AnyPadro;Seccio;GrupEdat;Dones;Homes;Total;IdSeccio
2005;117;75 i +;63;37;100;SEC_117
2005;609;00-02;12;9;21;SEC_609
2005;244;00-02;6;5;11;SEC_244
2005;246;18-24;56;43;99;SEC_246
2005;613;35-49;100;108;208;SEC_613
2005;439;18-24;58;64;122;SEC_439
2005;530;18-24;58;67;125;SEC_530
2005;316;00-02;16;14;30;SEC_316
2005;306;16-17;16;11;27;SEC_306
2005;426;50-64;75;65;140;SEC_426
2005;426;12-15;15;18;33;SEC_426
2005;220;75 i +;50;37;87;SEC_220
2005;525;16-17;11;7;18;SEC_525
2005;103;25-34;66;78;144;SEC_103
2005;512;65-74;58;57;115;SEC_512
2005;401;35-49;147;133;280;SEC_401
2005;305;00-02;23;16;39;SEC_305
2005;234;12-15;13;21;34;SEC_234
2005;435;12-15;21;19;40;SEC_435
2005;516;16-17;4;6;10;SEC_516
2005;121;16-17;4;8;12;SEC_121
2005;203;00-02;13;15;28;SEC_203
2005;309;18-24;34;38;72;SEC_309
2005;429;18-24;31;34;65;SEC_429
2005;432;75 i +;59;40;99;SEC_432
2005;103;18-24;34;30;64;SEC_103
2005;530;65-74;100;87;187;SEC_530
2005;127;25-34;66;76;142;SEC_127
2005;438;35-49;98;97;195;SEC_438
2005;526;25-34;69;97;166;SEC_526
2005;227;03-11;29;25;54;SEC_227
2005;208;16-17;13;15;28;SEC_208
2005;243;75 i +;86;58;144;SEC_243
2005;231;65-74;69;52;121;SEC_231
2005;211;65-74;70;40;110;SEC_211
2005;249;65-74;72;42;114;SEC_249
2005;315;50-64;140;145;285;SEC_315
2005;307;25-34;110;106;216;SEC_307
2005;138;25-34;67;57;124;SEC_138
2005;131;65-74;62;55;117;SEC_131
2005;518;12-15;16;23;39;SEC_518
2005;231;50-64;85;65;150;SEC_231
2005;222;50-64;81;70;151;SEC_222
2005;409;03-11;25;17;42;SEC_409
2005;218;03-11;24;22;46;SEC_218
2005;603;12-15;13;13;26;SEC_603
2005;406;75 i +;44;45;89;SEC_406
2005;507;00-02;16;13;29;SEC_507
2005;423;65-74;69;70;139;SEC_423
2005;315;25-34;163;191;354;SEC_315
2005;206;03-11;23;26;49;SEC_206
2005;209;35-49;120;122;242;SEC_209
2005;238;65-74;50;40;90;SEC_238
2005;428;03-11;23;22;45;SEC_428
2005;441;65-74;87;76;163;SEC_441
2005;413;75 i +;42;26;68;SEC_413
2005;531;03-11;32;46;78;SEC_531
2005;307;50-64;215;187;402;SEC_307
2005;206;00-02;7;17;24;SEC_206
2005;101;65-74;50;48;98;SEC_101
2005;402;00-02;12;12;24;SEC_402
2005;223;16-17;7;7;14;SEC_223
2005;302;03-11;36;49;85;SEC_302
2005;321;12-15;38;52;90;SEC_321
2005;320;75 i +;31;13;44;SEC_320
2005;302;50-64;195;177;372;SEC_302
2005;249;03-11;37;38;75;SEC_249
2005;112;16-17;12;12;24;SEC_112
2005;227;65-74;43;29;72;SEC_227
2005;235;00-02;29;21;50;SEC_235
2005;222;65-74;41;40;81;SEC_222
2005;532;35-49;154;149;303;SEC_532
2005;418;25-34;117;148;265;SEC_418
2005;130;25-34;98;97;195;SEC_130
2005;518;18-24;52;52;104;SEC_518
2005;424;50-64;60;50;110;SEC_424
2005;122;03-11;31;29;60;SEC_122
2005;304;03-11;49;49;98;SEC_304
2005;537;50-64;143;112;255;SEC_537
2005;508;65-74;37;31;68;SEC_508
2005;608;50-64;81;67;148;SEC_608
2005;249;75 i +;63;45;108;SEC_249
2005;130;16-17;7;11;18;SEC_130
2005;222;35-49;101;125;226;SEC_222
2005;244;18-24;23;20;43;SEC_244
2005;316;16-17;34;33;67;SEC_316
2005;402;65-74;54;58;112;SEC_402
2005;221;00-02;6;10;16;SEC_221
2005;104;35-49;93;112;205;SEC_104
2005;519;35-49;73;89;162;SEC_519
2005;508;25-34;69;65;134;SEC_508
2005;222;75 i +;37;19;56;SEC_222
2005;207;65-74;48;36;84;SEC_207
2005;535;35-49;101;101;202;SEC_535
2005;406;00-02;10;23;33;SEC_406
2005;505;25-34;111;125;236;SEC_505
2005;606;16-17;12;7;19;SEC_606
2005;525;75 i +;43;32;75;SEC_525
2005;602;65-74;43;60;103;SEC_602
2005;318;50-64;86;91;177;SEC_318
2005;209;50-64;66;66;132;SEC_209
2005;401;00-02;18;20;38;SEC_401
2005;609;16-17;2;8;10;SEC_609
2005;416;65-74;51;45;96;SEC_416
2005;106;75 i +;56;31;87;SEC_106
2005;112;25-34;150;144;294;SEC_112
2005;517;18-24;67;63;130;SEC_517
2005;509;75 i +;29;14;43;SEC_509
2005;524;35-49;145;145;290;SEC_524
2005;625;00-02;10;14;24;SEC_625
2005;113;12-15;22;30;52;SEC_113
2005;323;18-24;123;153;276;SEC_323
2005;531;50-64;86;68;154;SEC_531
2005;441;00-02;21;25;46;SEC_441
2005;433;12-15;20;26;46;SEC_433
2005;442;18-24;25;26;51;SEC_442
2005;234;18-24;32;46;78;SEC_234
2005;126;50-64;139;113;252;SEC_126
2005;509;12-15;9;16;25;SEC_509
2005;225;25-34;34;69;103;SEC_225
2005;608;35-49;93;83;176;SEC_608
2005;610;03-11;44;48;92;SEC_610
2005;513;35-49;77;94;171;SEC_513
2005;403;65-74;85;92;177;SEC_403
2005;521;03-11;24;30;54;SEC_521
2005;114;65-74;77;83;160;SEC_114
2005;628;12-15;23;15;38;SEC_628
2005;135;03-11;65;50;115;SEC_135
2005;223;35-49;138;169;307;SEC_223
2005;410;16-17;9;14;23;SEC_410
2005;218;12-15;14;15;29;SEC_218
2005;534;16-17;7;7;14;SEC_534
2005;117;18-24;101;103;204;SEC_117
2005;401;75 i +;74;46;120;SEC_401
2005;245;03-11;45;39;84;SEC_245
2005;230;18-24;43;31;74;SEC_230
2005;505;75 i +;49;42;91;SEC_505
2005;249;50-64;89;79;168;SEC_249
2005;606;18-24;39;37;76;SEC_606
2005;317;18-24;46;55;101;SEC_317
2005;421;00-02;16;13;29;SEC_421
2005;125;65-74;49;65;114;SEC_125
2005;320;25-34;101;112;213;SEC_320
2005;427;18-24;34;42;76;SEC_427
2005;414;25-34;88;86;174;SEC_414
2005;441;03-11;65;53;118;SEC_441
2005;433;16-17;15;7;22;SEC_433
2005;133;03-11;33;40;73;SEC_133
2005;222;18-24;52;54;106;SEC_222
2005;535;75 i +;45;25;70;SEC_535
2005;129;03-11;38;46;84;SEC_129
2005;515;16-17;8;14;22;SEC_515
2005;527;25-34;117;146;263;SEC_527
2005;307;75 i +;86;51;137;SEC_307
2005;524;00-02;19;19;38;SEC_524
2005;115;35-49;151;141;292;SEC_115
2005;433;35-49;132;143;275;SEC_433
2005;219;03-11;61;43;104;SEC_219
2005;319;35-49;190;210;400;SEC_319
2005;612;00-02;15;13;28;SEC_612
2005;122;18-24;35;24;59;SEC_122
2005;241;12-15;20;13;33;SEC_241
2005;127;50-64;56;60;116;SEC_127
2005;119;00-02;12;13;25;SEC_119
2005;623;12-15;11;21;32;SEC_623
2005;403;16-17;7;7;14;SEC_403
2005;602;03-11;18;21;39;SEC_602
2005;107;00-02;22;24;46;SEC_107
2005;512;16-17;3;9;12;SEC_512
2005;530;35-49;172;173;345;SEC_530
2005;408;18-24;42;48;90;SEC_408
2005;422;25-34;120;152;272;SEC_422
2005;504;65-74;85;93;178;SEC_504
2005;625;16-17;18;20;38;SEC_625
2005;106;50-64;227;234;461;SEC_106
2005;434;18-24;25;32;57;SEC_434
2005;249;25-34;109;117;226;SEC_249
2005;604;65-74;41;37;78;SEC_604
2005;524;75 i +;66;29;95;SEC_524
2005;232;03-11;34;35;69;SEC_232
2005;616;12-15;64;75;139;SEC_616
2005;124;12-15;15;21;36;SEC_124
2005;526;50-64;59;59;118;SEC_526
2005;506;16-17;18;19;37;SEC_506
2005;508;00-02;9;10;19;SEC_508
2005;312;18-24;62;60;122;SEC_312
2005;114;03-11;49;51;100;SEC_114
2005;623;75 i +;55;29;84;SEC_623
2005;424;00-02;9;8;17;SEC_424
2005;204;75 i +;42;21;63;SEC_204
2005;236;18-24;51;49;100;SEC_236
2005;229;18-24;30;42;72;SEC_229
2005;629;00-02;11;7;18;SEC_629
2005;106;00-02;32;17;49;SEC_106
2005;229;35-49;98;98;196;SEC_229
2005;234;16-17;6;10;16;SEC_234
2005;627;65-74;37;36;73;SEC_627
2005;211;75 i +;85;43;128;SEC_211
2005;138;03-11;31;19;50;SEC_138
2005;213;65-74;52;46;98;SEC_213
2005;422;75 i +;73;49;122;SEC_422
2005;509;18-24;48;40;88;SEC_509
2005;622;50-64;93;87;180;SEC_622
2005;223;75 i +;69;38;107;SEC_223
2005;508;03-11;20;20;40;SEC_508
2005;110;16-17;9;7;16;SEC_110
2005;632;12-15;12;19;31;SEC_632
2005;529;35-49;140;133;273;SEC_529
2005;508;18-24;32;30;62;SEC_508
2005;202;50-64;60;60;120;SEC_202
2005;506;12-15;34;45;79;SEC_506
2005;139;35-49;85;118;203;SEC_139
2005;534;03-11;34;37;71;SEC_534
2005;615;00-02;9;6;15;SEC_615
2005;532;50-64;126;99;225;SEC_532
2005;319;03-11;71;74;145;SEC_319
2005;219;18-24;55;67;122;SEC_219
2005;437;00-02;7;12;19;SEC_437
2005;530;50-64;105;90;195;SEC_530
2005;219;50-64;98;76;174;SEC_219
2005;322;03-11;55;48;103;SEC_322
2005;229;25-34;84;90;174;SEC_229
2005;622;75 i +;41;10;51;SEC_622
2005;132;50-64;212;216;428;SEC_132
2005;502;75 i +;79;49;128;SEC_502
2005;508;16-17;3;4;7;SEC_508
2005;235;65-74;79;68;147;SEC_235
2005;519;65-74;45;32;77;SEC_519
2005;243;00-02;17;24;41;SEC_243
2005;622;18-24;36;45;81;SEC_622
2005;316;18-24;179;175;354;SEC_316
2005;441;75 i +;78;67;145;SEC_441
2005;217;12-15;12;9;21;SEC_217
2005;518;65-74;87;79;166;SEC_518
2005;323;16-17;34;31;65;SEC_323
2005;324;50-64;71;72;143;SEC_324
2005;219;25-34;121;124;245;SEC_219
2005;420;12-15;23;27;50;SEC_420
2005;311;03-11;46;61;107;SEC_311
2005;202;12-15;12;16;28;SEC_202
2005;520;00-02;6;9;15;SEC_520
2005;131;16-17;18;12;30;SEC_131
2005;104;25-34;82;80;162;SEC_104
2005;246;16-17;5;13;18;SEC_246
2005;236;25-34;104;114;218;SEC_236
2005;240;18-24;32;33;65;SEC_240
2005;120;00-02;9;32;41;SEC_120
2005;124;65-74;39;40;79;SEC_124
2005;419;50-64;65;66;131;SEC_419
2005;514;00-02;11;11;22;SEC_514
2005;624;18-24;43;45;88;SEC_624
2005;227;75 i +;53;34;87;SEC_227
2005;415;00-02;11;12;23;SEC_415
2005;312;03-11;49;59;108;SEC_312
2005;126;25-34;108;109;217;SEC_126
2005;522;35-49;97;96;193;SEC_522
2005;416;75 i +;49;34;83;SEC_416
2005;622;25-34;77;87;164;SEC_622
2005;407;75 i +;62;44;106;SEC_407
2005;214;35-49;89;100;189;SEC_214
2005;631;65-74;54;54;108;SEC_631
2005;519;03-11;30;34;64;SEC_519
2005;106;25-34;161;198;359;SEC_106
2005;605;65-74;63;67;130;SEC_605
2005;131;12-15;18;19;37;SEC_131
2005;405;00-02;10;12;22;SEC_405
2005;207;12-15;7;8;15;SEC_207
2005;139;18-24;34;39;73;SEC_139
2005;613;65-74;76;83;159;SEC_613
2005;316;12-15;45;45;90;SEC_316
2005;301;65-74;119;115;234;SEC_301
2005;231;00-02;16;15;31;SEC_231
2005;514;16-17;9;6;15;SEC_514
2005;316;75 i +;79;24;103;SEC_316
2005;407;12-15;9;18;27;SEC_407
2005;130;18-24;28;18;46;SEC_130
2005;204;03-11;17;17;34;SEC_204
2005;108;75 i +;99;53;152;SEC_108
2005;522;18-24;45;43;88;SEC_522
2005;309;75 i +;27;16;43;SEC_309
2005;217;65-74;29;27;56;SEC_217
2005;139;50-64;92;87;179;SEC_139
2005;135;00-02;18;16;34;SEC_135
2005;110;00-02;11;10;21;SEC_110
2005;138;12-15;12;15;27;SEC_138
2005;127;65-74;40;38;78;SEC_127
2005;416;16-17;9;9;18;SEC_416
2005;603;03-11;23;25;48;SEC_603
2005;304;00-02;20;18;38;SEC_304
2005;632;25-34;87;95;182;SEC_632
2005;529;12-15;26;27;53;SEC_529
2005;216;35-49;135;126;261;SEC_216
2005;507;75 i +;37;18;55;SEC_507
2005;528;75 i +;54;42;96;SEC_528
2005;510;50-64;105;86;191;SEC_510
2005;628;18-24;44;43;87;SEC_628
2005;305;03-11;66;46;112;SEC_305
2005;310;18-24;58;42;100;SEC_310
2005;517;65-74;71;64;135;SEC_517
2005;521;00-02;6;14;20;SEC_521
2005;232;25-34;110;115;225;SEC_232
2005;218;50-64;81;67;148;SEC_218
2005;214;50-64;55;47;102;SEC_214
2005;303;12-15;17;16;33;SEC_303
2005;230;65-74;40;39;79;SEC_230
2005;325;03-11;68;66;134;SEC_325
2005;325;50-64;194;179;373;SEC_325
2005;430;00-02;15;9;24;SEC_430
2005;520;03-11;27;33;60;SEC_520
2005;527;18-24;55;49;104;SEC_527
2005;627;00-02;13;8;21;SEC_627
2005;619;03-11;32;42;74;SEC_619
2005;117;03-11;84;74;158;SEC_117
2005;316;50-64;289;334;623;SEC_316
2005;516;65-74;48;36;84;SEC_516
2005;231;16-17;9;8;17;SEC_231
2005;538;16-17;8;10;18;SEC_538
2005;408;03-11;34;50;84;SEC_408
2005;512;03-11;24;38;62;SEC_512
2005;524;18-24;58;50;108;SEC_524
2005;413;25-34;51;72;123;SEC_413
2005;128;65-74;50;54;104;SEC_128
2005;109;75 i +;65;35;100;SEC_109
2005;119;25-34;96;126;222;SEC_119
2005;432;18-24;55;66;121;SEC_432
2005;240;12-15;13;14;27;SEC_240
2005;434;25-34;54;59;113;SEC_434
2005;245;25-34;105;112;217;SEC_245
2005;524;16-17;12;14;26;SEC_524
2005;318;18-24;46;46;92;SEC_318
2005;102;16-17;13;12;25;SEC_102
2005;319;16-17;11;13;24;SEC_319
2005;620;03-11;16;28;44;SEC_620
2005;429;16-17;7;8;15;SEC_429
2005;441;12-15;35;50;85;SEC_441
2005;202;18-24;41;36;77;SEC_202
2005;418;00-02;19;13;32;SEC_418
2005;241;16-17;9;8;17;SEC_241
2005;428;18-24;36;26;62;SEC_428
2005;319;18-24;69;72;141;SEC_319
2005;112;35-49;199;176;375;SEC_112
2005;409;12-15;10;14;24;SEC_409
2005;538;35-49;126;122;248;SEC_538
2005;105;12-15;23;38;61;SEC_105
2005;242;18-24;40;49;89;SEC_242
2005;425;16-17;12;9;21;SEC_425
2005;103;12-15;15;5;20;SEC_103
2005;517;03-11;49;69;118;SEC_517
2005;213;75 i +;48;28;76;SEC_213
2005;133;18-24;39;32;71;SEC_133
2005;128;35-49;96;104;200;SEC_128
2005;246;65-74;65;49;114;SEC_246
2005;402;03-11;32;33;65;SEC_402
2005;119;65-74;59;51;110;SEC_119
2005;624;25-34;99;134;233;SEC_624
2005;511;50-64;45;45;90;SEC_511
2005;513;18-24;30;11;41;SEC_513
2005;421;65-74;93;67;160;SEC_421
2005;604;12-15;11;12;23;SEC_604
2005;307;18-24;58;62;120;SEC_307
2005;401;18-24;56;66;122;SEC_401
2005;609;75 i +;30;23;53;SEC_609
2005;237;12-15;17;17;34;SEC_237
2005;504;00-02;10;10;20;SEC_504
2005;317;50-64;65;80;145;SEC_317
2005;538;65-74;82;72;154;SEC_538
2005;419;12-15;11;11;22;SEC_419
2005;306;65-74;88;64;152;SEC_306
2005;617;35-49;91;98;189;SEC_617
2005;315;12-15;24;30;54;SEC_315
2005;219;00-02;15;19;34;SEC_219
2005;324;35-49;114;119;233;SEC_324
2005;229;16-17;10;6;16;SEC_229
2005;501;18-24;51;61;112;SEC_501
2005;515;18-24;27;30;57;SEC_515
2005;513;50-64;56;46;102;SEC_513
2005;602;18-24;20;27;47;SEC_602
2005;215;16-17;6;8;14;SEC_215
2005;404;03-11;59;56;115;SEC_404
2005;408;50-64;84;69;153;SEC_408
2005;202;75 i +;31;28;59;SEC_202
2005;136;16-17;10;10;20;SEC_136
2005;110;75 i +;58;29;87;SEC_110
2005;507;12-15;14;14;28;SEC_507
2005;429;50-64;56;56;112;SEC_429
2005;315;75 i +;66;33;99;SEC_315
2005;430;35-49;110;122;232;SEC_430
2005;129;16-17;10;14;24;SEC_129
2005;303;65-74;134;137;271;SEC_303
2005;322;12-15;18;22;40;SEC_322
2005;316;03-11;47;66;113;SEC_316
2005;202;03-11;24;30;54;SEC_202
2005;442;50-64;56;45;101;SEC_442
2005;521;12-15;13;12;25;SEC_521
2005;235;75 i +;85;49;134;SEC_235
2005;415;75 i +;38;22;60;SEC_415
2005;113;18-24;85;81;166;SEC_113
2005;614;18-24;25;36;61;SEC_614
2005;223;03-11;46;51;97;SEC_223
2005;441;35-49;231;226;457;SEC_441
2005;122;65-74;63;65;128;SEC_122
2005;237;00-02;21;19;40;SEC_237
2005;134;18-24;49;73;122;SEC_134
2005;510;25-34;81;100;181;SEC_510
2005;513;03-11;32;25;57;SEC_513
2005;104;18-24;24;22;46;SEC_104
2005;438;25-34;94;94;188;SEC_438
2005;509;03-11;33;38;71;SEC_509
2005;140;50-64;95;90;185;SEC_140
2005;242;65-74;91;58;149;SEC_242
2005;134;65-74;51;44;95;SEC_134
2005;123;16-17;5;7;12;SEC_123
2005;611;35-49;188;229;417;SEC_611
2005;436;16-17;8;15;23;SEC_436
2005;504;18-24;38;49;87;SEC_504
2005;526;65-74;32;37;69;SEC_526
2005;602;00-02;6;7;13;SEC_602
2005;116;75 i +;63;45;108;SEC_116
2005;507;65-74;38;35;73;SEC_507
2005;249;18-24;45;56;101;SEC_249
2005;533;75 i +;35;32;67;SEC_533
2005;306;35-49;183;200;383;SEC_306
2005;613;50-64;176;130;306;SEC_613
2005;606;03-11;37;47;84;SEC_606
2005;245;16-17;9;17;26;SEC_245
2005;109;65-74;52;36;88;SEC_109
2005;630;16-17;6;8;14;SEC_630
2005;244;12-15;10;7;17;SEC_244
2005;425;03-11;26;28;54;SEC_425
2005;247;50-64;101;101;202;SEC_247
2005;133;12-15;9;15;24;SEC_133
2005;624;50-64;163;142;305;SEC_624
2005;610;25-34;105;111;216;SEC_610
2005;248;50-64;84;74;158;SEC_248
2005;125;16-17;15;20;35;SEC_125
2005;217;75 i +;42;19;61;SEC_217
2005;416;50-64;54;57;111;SEC_416
2005;217;50-64;32;35;67;SEC_217
2005;244;65-74;38;21;59;SEC_244
2005;531;00-02;13;7;20;SEC_531
2005;310;35-49;112;91;203;SEC_310
2005;536;25-34;68;78;146;SEC_536
2005;138;18-24;38;55;93;SEC_138
2005;607;16-17;8;8;16;SEC_607
2005;412;35-49;185;190;375;SEC_412
2005;617;03-11;35;45;80;SEC_617
2005;104;75 i +;70;42;112;SEC_104
2005;630;03-11;21;29;50;SEC_630
2005;233;75 i +;55;23;78;SEC_233
2005;404;75 i +;63;32;95;SEC_404
2005;244;16-17;4;6;10;SEC_244
2005;222;12-15;21;21;42;SEC_222
2005;119;35-49;113;120;233;SEC_119
2005;120;16-17;24;17;41;SEC_120
2005;237;75 i +;68;34;102;SEC_237
2005;508;50-64;43;42;85;SEC_508
2005;231;12-15;13;13;26;SEC_231
2005;627;18-24;54;65;119;SEC_627
2005;619;16-17;12;16;28;SEC_619
2005;316;25-34;135;159;294;SEC_316
2005;402;50-64;69;67;136;SEC_402
2005;440;00-02;10;8;18;SEC_440
2005;525;03-11;32;31;63;SEC_525
2005;307;12-15;16;30;46;SEC_307
2005;234;65-74;69;39;108;SEC_234
2005;239;25-34;115;126;241;SEC_239
2005;404;65-74;85;68;153;SEC_404
2005;428;35-49;79;91;170;SEC_428
2005;620;75 i +;14;8;22;SEC_620
2005;123;00-02;16;15;31;SEC_123
2005;117;25-34;163;181;344;SEC_117
2005;603;25-34;57;68;125;SEC_603
2005;532;18-24;69;64;133;SEC_532
2005;308;25-34;198;171;369;SEC_308
2005;215;35-49;118;125;243;SEC_215
2005;608;12-15;14;17;31;SEC_608
2005;502;65-74;71;66;137;SEC_502
2005;129;12-15;22;15;37;SEC_129
2005;118;16-17;32;16;48;SEC_118
2005;440;16-17;2;6;8;SEC_440
2005;608;16-17;7;7;14;SEC_608
2005;124;50-64;80;71;151;SEC_124
2005;626;18-24;28;33;61;SEC_626
2005;122;75 i +;49;20;69;SEC_122
2005;115;65-74;62;47;109;SEC_115
2005;204;35-49;56;71;127;SEC_204
2005;301;50-64;217;203;420;SEC_301
2005;437;16-17;8;9;17;SEC_437
2005;119;75 i +;69;51;120;SEC_119
2005;425;18-24;36;34;70;SEC_425
2005;244;25-34;75;65;140;SEC_244
2005;436;12-15;10;20;30;SEC_436
2005;310;65-74;39;28;67;SEC_310
2005;441;18-24;108;114;222;SEC_441
2005;104;00-02;7;21;28;SEC_104
2005;320;18-24;36;32;68;SEC_320
2005;426;35-49;108;123;231;SEC_426
2005;607;03-11;35;35;70;SEC_607
2005;535;18-24;48;49;97;SEC_535
2005;628;25-34;74;98;172;SEC_628
2005;302;75 i +;51;33;84;SEC_302
2005;302;25-34;152;176;328;SEC_302
2005;105;35-49;152;124;276;SEC_105
2005;137;16-17;18;10;28;SEC_137
2005;123;12-15;28;32;60;SEC_123
2005;202;25-34;72;107;179;SEC_202
2005;313;75 i +;73;45;118;SEC_313
2005;409;75 i +;26;19;45;SEC_409
2005;528;50-64;103;88;191;SEC_528
2005;240;25-34;78;74;152;SEC_240
2005;306;75 i +;96;63;159;SEC_306
2005;425;35-49;96;117;213;SEC_425
2005;628;75 i +;39;27;66;SEC_628
2005;439;12-15;17;23;40;SEC_439
2005;214;18-24;36;32;68;SEC_214
2005;112;12-15;30;42;72;SEC_112
2005;526;00-02;14;9;23;SEC_526
2005;506;18-24;72;94;166;SEC_506
2005;538;03-11;41;52;93;SEC_538
2005;226;35-49;135;136;271;SEC_226
2005;224;00-02;7;6;13;SEC_224
2005;127;00-02;11;11;22;SEC_127
2005;404;16-17;9;12;21;SEC_404
2005;631;12-15;23;16;39;SEC_631
2005;609;35-49;69;79;148;SEC_609
2005;324;25-34;84;102;186;SEC_324
2005;624;00-02;14;17;31;SEC_624
2005;514;18-24;39;34;73;SEC_514
2005;401;50-64;91;88;179;SEC_401
2005;434;16-17;10;12;22;SEC_434
2005;111;75 i +;39;32;71;SEC_111
2005;105;18-24;49;58;107;SEC_105
2005;403;03-11;20;22;42;SEC_403
2005;123;03-11;42;54;96;SEC_123
2005;321;18-24;112;109;221;SEC_321
2005;409;35-49;79;89;168;SEC_409
2005;525;50-64;76;68;144;SEC_525
2005;219;16-17;8;10;18;SEC_219
2005;323;00-02;47;44;91;SEC_323
2005;413;35-49;58;83;141;SEC_413
2005;517;75 i +;48;21;69;SEC_517
2005;224;18-24;26;28;54;SEC_224
2005;612;75 i +;41;23;64;SEC_612
2005;209;03-11;32;30;62;SEC_209
2005;527;00-02;31;25;56;SEC_527
2005;531;65-74;51;53;104;SEC_531
2005;320;12-15;12;12;24;SEC_320
2005;101;00-02;44;49;93;SEC_101
2005;108;12-15;22;25;47;SEC_108
2005;625;12-15;24;26;50;SEC_625
2005;511;03-11;27;22;49;SEC_511
2005;235;50-64;107;92;199;SEC_235
2005;524;65-74;84;60;144;SEC_524
2005;533;35-49;99;137;236;SEC_533
2005;210;03-11;23;23;46;SEC_210
2005;605;50-64;81;47;128;SEC_605
2005;210;75 i +;93;49;142;SEC_210
2005;402;25-34;102;92;194;SEC_402
2005;615;03-11;29;22;51;SEC_615
2005;436;65-74;39;22;61;SEC_436
2005;611;25-34;193;200;393;SEC_611
2005;525;12-15;12;15;27;SEC_525
2005;629;12-15;8;9;17;SEC_629
2005;227;50-64;61;57;118;SEC_227
2005;124;03-11;20;22;42;SEC_124
2005;249;16-17;13;14;27;SEC_249
2005;206;75 i +;65;37;102;SEC_206
2005;228;18-24;32;34;66;SEC_228
2005;425;75 i +;54;40;94;SEC_425
2005;601;18-24;48;55;103;SEC_601
2005;506;65-74;84;96;180;SEC_506
2005;439;35-49;139;166;305;SEC_439
2005;534;65-74;61;55;116;SEC_534
2005;430;18-24;42;48;90;SEC_430
2005;505;50-64;201;151;352;SEC_505
2005;247;16-17;13;12;25;SEC_247
2005;433;18-24;60;52;112;SEC_433
2005;440;65-74;68;71;139;SEC_440
2005;115;03-11;49;50;99;SEC_115
2005;535;16-17;12;10;22;SEC_535
2005;440;03-11;32;33;65;SEC_440
2005;426;65-74;47;37;84;SEC_426
2005;226;25-34;122;122;244;SEC_226
2005;623;03-11;55;52;107;SEC_623
2005;406;50-64;132;114;246;SEC_406
2005;212;16-17;11;7;18;SEC_212
2005;618;00-02;12;10;22;SEC_618
2005;526;12-15;11;15;26;SEC_526
2005;205;03-11;31;28;59;SEC_205
2005;205;75 i +;62;34;96;SEC_205
2005;109;18-24;47;43;90;SEC_109
2005;618;12-15;8;12;20;SEC_618
2005;319;65-74;47;34;81;SEC_319
2005;627;50-64;156;165;321;SEC_627
2005;437;25-34;82;104;186;SEC_437
2005;417;25-34;75;81;156;SEC_417
2005;237;03-11;49;46;95;SEC_237
2005;521;50-64;169;143;312;SEC_521
2005;418;75 i +;58;35;93;SEC_418
2005;426;75 i +;49;36;85;SEC_426
2005;529;03-11;38;33;71;SEC_529
2005;527;16-17;14;10;24;SEC_527
2005;108;25-34;106;116;222;SEC_108
2005;519;50-64;40;41;81;SEC_519
2005;241;18-24;28;30;58;SEC_241
2005;101;12-15;19;32;51;SEC_101
2005;113;75 i +;48;25;73;SEC_113
2005;630;65-74;34;33;67;SEC_630
2005;209;65-74;58;51;109;SEC_209
2005;611;18-24;66;60;126;SEC_611
2005;236;03-11;47;31;78;SEC_236
2005;110;12-15;16;25;41;SEC_110
2005;129;75 i +;40;21;61;SEC_129
2005;243;03-11;52;58;110;SEC_243
2005;402;18-24;35;32;67;SEC_402
2005;115;25-34;122;129;251;SEC_115
2005;413;50-64;43;39;82;SEC_413
2005;622;12-15;14;21;35;SEC_622
2005;102;03-11;56;61;117;SEC_102
2005;612;35-49;88;106;194;SEC_612
2005;305;12-15;34;20;54;SEC_305
2005;630;75 i +;30;19;49;SEC_630
2005;629;03-11;23;19;42;SEC_629
2005;220;16-17;4;11;15;SEC_220
2005;434;35-49;75;81;156;SEC_434
2005;616;35-49;294;294;588;SEC_616
2005;411;75 i +;74;58;132;SEC_411
2005;512;50-64;70;65;135;SEC_512
2005;626;25-34;74;87;161;SEC_626
2005;521;35-49;70;83;153;SEC_521
2005;310;03-11;36;34;70;SEC_310
2005;507;50-64;83;82;165;SEC_507
2005;514;35-49;80;95;175;SEC_514
2005;208;03-11;38;49;87;SEC_208
2005;521;65-74;59;64;123;SEC_521
2005;419;25-34;87;128;215;SEC_419
2005;106;65-74;63;42;105;SEC_106
2005;510;65-74;64;56;120;SEC_510
2005;609;03-11;26;35;61;SEC_609
2005;232;50-64;87;86;173;SEC_232
2005;424;75 i +;19;15;34;SEC_424
2005;530;25-34;127;172;299;SEC_530
2005;627;25-34;93;71;164;SEC_627
2005;442;65-74;25;26;51;SEC_442
2005;117;00-02;23;25;48;SEC_117
2005;227;18-24;25;25;50;SEC_227
2005;528;18-24;55;46;101;SEC_528
2005;319;00-02;40;33;73;SEC_319
2005;612;03-11;33;43;76;SEC_612
2005;526;35-49;87;106;193;SEC_526
2005;102;50-64;195;174;369;SEC_102
2005;140;35-49;105;106;211;SEC_140
2005;435;65-74;72;36;108;SEC_435
2005;437;50-64;69;50;119;SEC_437
2005;402;75 i +;44;27;71;SEC_402
2005;301;75 i +;92;54;146;SEC_301
2005;504;25-34;105;126;231;SEC_504
2005;230;35-49;105;117;222;SEC_230
2005;321;50-64;286;276;562;SEC_321
2005;515;65-74;33;27;60;SEC_515
2005;218;75 i +;35;19;54;SEC_218
2005;226;75 i +;82;51;133;SEC_226
2005;120;35-49;231;222;453;SEC_120
2005;524;25-34;166;166;332;SEC_524
2005;107;12-15;14;26;40;SEC_107
2005;604;18-24;33;33;66;SEC_604
2005;401;12-15;30;22;52;SEC_401
2005;224;35-49;81;92;173;SEC_224
2005;242;00-02;14;11;25;SEC_242
2005;116;16-17;8;16;24;SEC_116
2005;535;50-64;144;123;267;SEC_535
2005;215;65-74;52;25;77;SEC_215
2005;621;65-74;49;52;101;SEC_621
2005;618;16-17;7;5;12;SEC_618
2005;528;12-15;14;21;35;SEC_528
2005;618;25-34;40;46;86;SEC_618
2005;232;12-15;11;12;23;SEC_232
2005;136;03-11;51;47;98;SEC_136
2005;104;16-17;3;4;7;SEC_104
2005;230;00-02;15;7;22;SEC_230
2005;433;50-64;69;75;144;SEC_433
2005;502;18-24;75;67;142;SEC_502
2005;120;65-74;48;47;95;SEC_120
2005;108;35-49;165;151;316;SEC_108
2005;416;00-02;13;13;26;SEC_416
2005;105;50-64;119;115;234;SEC_105
2005;620;65-74;42;43;85;SEC_620
2005;615;35-49;61;75;136;SEC_615
2005;433;75 i +;45;21;66;SEC_433
2005;212;50-64;116;104;220;SEC_212
2005;320;00-02;28;17;45;SEC_320
2005;140;03-11;39;36;75;SEC_140
2005;425;65-74;61;45;106;SEC_425
2005;129;35-49;114;126;240;SEC_129
2005;431;12-15;23;24;47;SEC_431
2005;432;35-49;107;126;233;SEC_432
2005;437;03-11;38;34;72;SEC_437
2005;325;16-17;11;15;26;SEC_325
2005;213;00-02;11;19;30;SEC_213
2005;514;50-64;51;47;98;SEC_514
2005;434;03-11;19;11;30;SEC_434
2005;525;00-02;12;13;25;SEC_525
2005;109;00-02;12;9;21;SEC_109
2005;413;12-15;13;12;25;SEC_413
2005;137;65-74;49;40;89;SEC_137
2005;313;25-34;190;188;378;SEC_313
2005;229;00-02;11;10;21;SEC_229
2005;123;50-64;118;107;225;SEC_123
2005;429;25-34;41;54;95;SEC_429
2005;628;16-17;6;11;17;SEC_628
2005;438;50-64;84;65;149;SEC_438
2005;303;18-24;51;50;101;SEC_303
2005;617;00-02;8;13;21;SEC_617
2005;134;25-34;107;108;215;SEC_134
2005;232;00-02;19;12;31;SEC_232
2005;408;12-15;10;10;20;SEC_408
2005;114;75 i +;71;38;109;SEC_114
2005;625;35-49;147;113;260;SEC_625
2005;431;16-17;13;12;25;SEC_431
2005;221;25-34;93;114;207;SEC_221
2005;137;25-34;139;127;266;SEC_137
2005;441;16-17;34;24;58;SEC_441
2005;107;16-17;17;9;26;SEC_107
2005;229;50-64;65;43;108;SEC_229
2005;630;50-64;131;111;242;SEC_630
2005;137;12-15;27;21;48;SEC_137
2005;315;03-11;47;55;102;SEC_315
2005;622;65-74;33;23;56;SEC_622
2005;323;65-74;88;65;153;SEC_323
2005;205;16-17;7;10;17;SEC_205
2005;410;65-74;131;106;237;SEC_410
2005;242;35-49;120;125;245;SEC_242
2005;208;65-74;146;124;270;SEC_208
2005;239;18-24;39;45;84;SEC_239
2005;205;65-74;65;57;122;SEC_205
2005;531;75 i +;43;25;68;SEC_531
2005;606;50-64;89;60;149;SEC_606
2005;140;65-74;76;57;133;SEC_140
2005;208;00-02;22;11;33;SEC_208
2005;506;00-02;14;22;36;SEC_506
2005;115;18-24;56;59;115;SEC_115
2005;125;25-34;147;148;295;SEC_125
2005;519;18-24;37;31;68;SEC_519
2005;514;12-15;12;8;20;SEC_514
2005;310;16-17;5;11;16;SEC_310
2005;139;25-34;93;99;192;SEC_139
2005;122;50-64;92;66;158;SEC_122
2005;243;35-49;203;198;401;SEC_243
2005;123;18-24;60;45;105;SEC_123
2005;201;03-11;22;30;52;SEC_201
2005;117;65-74;75;65;140;SEC_117
2005;205;35-49;90;99;189;SEC_205
2005;519;12-15;7;16;23;SEC_519
2005;124;00-02;13;10;23;SEC_124
2005;440;50-64;121;103;224;SEC_440
2005;417;50-64;54;47;101;SEC_417
2005;102;00-02;16;25;41;SEC_102
2005;225;12-15;8;10;18;SEC_225
2005;501;12-15;20;19;39;SEC_501
2005;433;00-02;23;18;41;SEC_433
2005;627;03-11;35;29;64;SEC_627
2005;425;25-34;93;85;178;SEC_425
2005;201;00-02;13;7;20;SEC_201
2005;246;00-02;18;20;38;SEC_246
2005;420;18-24;61;65;126;SEC_420
2005;612;50-64;132;100;232;SEC_612
2005;325;18-24;64;57;121;SEC_325
2005;103;50-64;59;65;124;SEC_103
2005;530;00-02;18;14;32;SEC_530
2005;238;75 i +;63;34;97;SEC_238
2005;404;18-24;71;64;135;SEC_404
2005;221;03-11;38;36;74;SEC_221
2005;116;12-15;22;24;46;SEC_116
2005;124;75 i +;34;21;55;SEC_124
2005;311;12-15;14;29;43;SEC_311
2005;625;65-74;54;55;109;SEC_625
2005;532;65-74;78;73;151;SEC_532
2005;414;18-24;25;41;66;SEC_414
2005;319;50-64;128;133;261;SEC_319
2005;502;35-49;142;151;293;SEC_502
2005;203;12-15;10;14;24;SEC_203
2005;124;18-24;43;38;81;SEC_124
2005;119;16-17;6;8;14;SEC_119
2005;411;03-11;22;21;43;SEC_411
2005;538;12-15;13;12;25;SEC_538
2005;214;03-11;30;29;59;SEC_214
2005;602;50-64;64;43;107;SEC_602
2005;613;03-11;41;36;77;SEC_613
2005;246;12-15;19;17;36;SEC_246
2005;248;35-49;138;180;318;SEC_248
2005;130;35-49;112;125;237;SEC_130
2005;442;12-15;13;11;24;SEC_442
2005;232;75 i +;66;32;98;SEC_232
2005;429;03-11;20;21;41;SEC_429
2005;421;03-11;36;45;81;SEC_421
2005;249;12-15;21;23;44;SEC_249
2005;313;03-11;72;77;149;SEC_313
2005;317;00-02;23;11;34;SEC_317
2005;614;16-17;10;14;24;SEC_614
2005;619;25-34;86;112;198;SEC_619
2005;413;03-11;23;18;41;SEC_413
2005;516;12-15;10;14;24;SEC_516
2005;422;00-02;10;17;27;SEC_422
2005;309;00-02;9;25;34;SEC_309
2005;436;03-11;45;41;86;SEC_436
2005;411;35-49;95;106;201;SEC_411
2005;621;03-11;47;61;108;SEC_621
2005;126;35-49;75;72;147;SEC_126
2005;614;00-02;11;12;23;SEC_614
2005;213;18-24;48;50;98;SEC_213
2005;608;25-34;62;83;145;SEC_608
2005;422;50-64;91;78;169;SEC_422
2005;437;12-15;18;26;44;SEC_437
2005;224;25-34;61;65;126;SEC_224
2005;246;35-49;108;144;252;SEC_246
2005;238;12-15;12;10;22;SEC_238
2005;411;18-24;49;45;94;SEC_411
2005;418;50-64;107;97;204;SEC_418
2005;512;35-49;93;113;206;SEC_512
2005;237;25-34;146;149;295;SEC_237
2005;405;65-74;94;80;174;SEC_405
2005;510;35-49;110;137;247;SEC_510
2005;628;03-11;38;36;74;SEC_628
2005;125;00-02;21;24;45;SEC_125
2005;101;75 i +;34;27;61;SEC_101
2005;112;75 i +;68;29;97;SEC_112
2005;247;65-74;70;66;136;SEC_247
2005;122;16-17;7;3;10;SEC_122
2005;304;35-49;153;177;330;SEC_304
2005;506;50-64;260;211;471;SEC_506
2005;214;25-34;94;112;206;SEC_214
2005;525;25-34;91;107;198;SEC_525
2005;228;75 i +;45;23;68;SEC_228
2005;533;18-24;46;48;94;SEC_533
2005;512;18-24;32;39;71;SEC_512
2005;248;16-17;6;13;19;SEC_248
2005;432;25-34;96;129;225;SEC_432
2005;221;16-17;11;10;21;SEC_221
2005;628;35-49;97;94;191;SEC_628
2005;601;16-17;7;11;18;SEC_601
2005;137;75 i +;54;28;82;SEC_137
2005;426;18-24;65;51;116;SEC_426
2005;101;50-64;121;123;244;SEC_101
2005;310;12-15;12;15;27;SEC_310
2005;216;18-24;54;63;117;SEC_216
2005;229;12-15;13;20;33;SEC_229
2005;315;65-74;58;49;107;SEC_315
2005;501;75 i +;22;9;31;SEC_501
2005;218;25-34;69;97;166;SEC_218
2005;407;50-64;75;70;145;SEC_407
2005;407;18-24;36;54;90;SEC_407
2005;431;00-02;27;31;58;SEC_431
2005;113;65-74;50;34;84;SEC_113
2005;138;65-74;38;35;73;SEC_138
2005;247;35-49;152;177;329;SEC_247
2005;140;18-24;38;39;77;SEC_140
2005;314;03-11;81;91;172;SEC_314
2005;313;50-64;202;187;389;SEC_313
2005;239;35-49;128;150;278;SEC_239
2005;523;65-74;92;77;169;SEC_523
2005;421;16-17;5;11;16;SEC_421
2005;630;00-02;14;10;24;SEC_630
2005;439;00-02;19;22;41;SEC_439
2005;140;75 i +;46;35;81;SEC_140
2005;625;75 i +;28;19;47;SEC_625
2005;520;50-64;79;74;153;SEC_520
2005;611;65-74;95;102;197;SEC_611
2005;304;25-34;137;140;277;SEC_304
2005;615;25-34;69;82;151;SEC_615
2005;223;18-24;44;64;108;SEC_223
2005;103;03-11;25;31;56;SEC_103
2005;511;75 i +;54;33;87;SEC_511
2005;632;35-49;88;91;179;SEC_632
2005;436;25-34;117;150;267;SEC_436
2005;432;50-64;156;153;309;SEC_432
2005;632;65-74;63;53;116;SEC_632
2005;313;00-02;31;31;62;SEC_313
2005;405;50-64;75;56;131;SEC_405
2005;134;50-64;119;115;234;SEC_134
2005;126;00-02;11;12;23;SEC_126
2005;616;18-24;141;136;277;SEC_616
2005;240;50-64;48;37;85;SEC_240
2005;619;18-24;55;64;119;SEC_619
2005;208;35-49;190;191;381;SEC_208
2005;131;18-24;61;48;109;SEC_131
2005;631;16-17;5;4;9;SEC_631
2005;535;00-02;10;8;18;SEC_535
2005;537;18-24;57;60;117;SEC_537
2005;434;65-74;45;22;67;SEC_434
2005;234;75 i +;73;44;117;SEC_234
2005;632;03-11;43;38;81;SEC_632
2005;136;12-15;20;22;42;SEC_136
2005;523;35-49;153;154;307;SEC_523
2005;530;75 i +;87;47;134;SEC_530
2005;536;18-24;36;31;67;SEC_536
2005;529;00-02;8;18;26;SEC_529
2005;607;50-64;107;69;176;SEC_607
2005;537;65-74;75;71;146;SEC_537
2005;112;18-24;70;68;138;SEC_112
2005;303;75 i +;86;62;148;SEC_303
2005;513;75 i +;40;20;60;SEC_513
2005;223;25-34;127;121;248;SEC_223
2005;228;03-11;20;20;40;SEC_228
2005;407;00-02;9;15;24;SEC_407
2005;614;50-64;117;103;220;SEC_614
2005;218;00-02;8;5;13;SEC_218
2005;204;25-34;48;66;114;SEC_204
2005;415;16-17;5;5;10;SEC_415
2005;415;25-34;85;118;203;SEC_415
2005;215;18-24;42;35;77;SEC_215
2005;324;75 i +;49;25;74;SEC_324
2005;108;65-74;70;60;130;SEC_108
2005;212;12-15;26;27;53;SEC_212
2005;520;75 i +;51;32;83;SEC_520
2005;603;65-74;30;28;58;SEC_603
2005;523;12-15;16;23;39;SEC_523
2005;428;65-74;35;21;56;SEC_428
2005;416;18-24;34;28;62;SEC_416
2005;303;03-11;32;48;80;SEC_303
2005;206;18-24;45;38;83;SEC_206
2005;509;35-49;103;108;211;SEC_509
2005;315;18-24;68;70;138;SEC_315
2005;324;00-02;17;16;33;SEC_324
2005;312;65-74;74;76;150;SEC_312
2005;221;65-74;78;64;142;SEC_221
2005;233;50-64;60;52;112;SEC_233
2005;207;18-24;29;27;56;SEC_207
2005;231;03-11;45;50;95;SEC_231
2005;410;50-64;185;169;354;SEC_410
2005;612;65-74;71;71;142;SEC_612
2005;629;50-64;55;46;101;SEC_629
2005;611;16-17;12;15;27;SEC_611
2005;236;12-15;23;19;42;SEC_236
2005;626;65-74;66;54;120;SEC_626
2005;501;50-64;159;159;318;SEC_501
2005;128;18-24;35;45;80;SEC_128
2005;441;50-64;221;212;433;SEC_441
2005;630;35-49;77;100;177;SEC_630
2005;437;65-74;50;40;90;SEC_437
2005;222;25-34;99;143;242;SEC_222
2005;236;75 i +;74;46;120;SEC_236
2005;109;12-15;18;16;34;SEC_109
2005;525;18-24;45;47;92;SEC_525
2005;418;03-11;43;39;82;SEC_418
2005;504;50-64;136;98;234;SEC_504
2005;615;16-17;4;4;8;SEC_615
2005;313;35-49;216;187;403;SEC_313
2005;318;16-17;18;10;28;SEC_318
2005;217;00-02;4;11;15;SEC_217
2005;626;03-11;36;40;76;SEC_626
2005;431;03-11;56;73;129;SEC_431
2005;436;00-02;16;23;39;SEC_436
2005;531;35-49;100;121;221;SEC_531
2005;423;18-24;42;39;81;SEC_423
2005;205;50-64;94;76;170;SEC_205
2005;615;75 i +;23;17;40;SEC_615
2005;418;12-15;19;17;36;SEC_418
2005;529;65-74;86;69;155;SEC_529
2005;210;00-02;9;6;15;SEC_210
2005;228;35-49;68;105;173;SEC_228
2005;511;00-02;9;15;24;SEC_511
2005;117;16-17;17;15;32;SEC_117
2005;239;16-17;4;8;12;SEC_239
2005;120;12-15;39;40;79;SEC_120
2005;607;00-02;16;16;32;SEC_607
2005;121;18-24;31;23;54;SEC_121
2005;606;25-34;81;98;179;SEC_606
2005;401;25-34;99;97;196;SEC_401
2005;308;00-02;35;42;77;SEC_308
2005;219;75 i +;93;53;146;SEC_219
2005;128;50-64;102;75;177;SEC_128
2005;404;00-02;20;13;33;SEC_404
2005;235;18-24;59;79;138;SEC_235
2005;529;25-34;122;127;249;SEC_529
2005;513;12-15;8;11;19;SEC_513
2005;227;00-02;22;12;34;SEC_227
2005;118;50-64;220;208;428;SEC_118
2005;241;65-74;52;42;94;SEC_241
2005;113;25-34;119;133;252;SEC_113
2005;522;25-34;97;102;199;SEC_522
2005;433;25-34;119;151;270;SEC_433
2005;438;00-02;12;10;22;SEC_438
2005;621;35-49;130;131;261;SEC_621
2005;116;50-64;189;154;343;SEC_116
2005;522;50-64;56;59;115;SEC_522
2005;317;16-17;8;9;17;SEC_317
2005;214;00-02;18;11;29;SEC_214
2005;529;18-24;44;45;89;SEC_529
2005;226;03-11;36;31;67;SEC_226
2005;115;16-17;10;12;22;SEC_115
2005;241;03-11;34;24;58;SEC_241
2005;505;12-15;16;11;27;SEC_505
2005;243;50-64;108;93;201;SEC_243
2005;632;00-02;18;18;36;SEC_632
2005;631;35-49;91;96;187;SEC_631
2005;504;12-15;12;11;23;SEC_504
2005;204;65-74;38;30;68;SEC_204
2005;627;16-17;8;18;26;SEC_627
2005;212;35-49;169;179;348;SEC_212
2005;210;65-74;70;57;127;SEC_210
2005;108;16-17;9;14;23;SEC_108
2005;532;03-11;57;36;93;SEC_532
2005;314;00-02;22;33;55;SEC_314
2005;130;00-02;12;14;26;SEC_130
2005;245;35-49;129;135;264;SEC_245
2005;623;25-34;146;161;307;SEC_623
2005;322;25-34;149;169;318;SEC_322
2005;415;35-49;87;110;197;SEC_415
2005;417;00-02;7;13;20;SEC_417
2005;102;35-49;151;176;327;SEC_102
2005;230;25-34;96;87;183;SEC_230
2005;229;75 i +;52;29;81;SEC_229
2005;112;03-11;58;58;116;SEC_112
2005;314;50-64;219;223;442;SEC_314
2005;530;16-17;10;16;26;SEC_530
2005;411;25-34;78;78;156;SEC_411
2005;414;16-17;5;9;14;SEC_414
2005;240;03-11;23;36;59;SEC_240
2005;210;50-64;92;81;173;SEC_210
2005;626;75 i +;38;30;68;SEC_626
2005;615;50-64;142;94;236;SEC_615
2005;103;65-74;52;35;87;SEC_103
2005;616;50-64;228;244;472;SEC_616
2005;403;12-15;16;22;38;SEC_403
2005;113;50-64;163;174;337;SEC_113
2005;502;00-02;17;23;40;SEC_502
2005;109;03-11;34;38;72;SEC_109
2005;514;75 i +;31;16;47;SEC_514
2005;231;18-24;39;37;76;SEC_231
2005;529;75 i +;76;49;125;SEC_529
2005;533;50-64;69;52;121;SEC_533
2005;427;75 i +;49;41;90;SEC_427
2005;503;03-11;21;31;52;SEC_503
2005;436;50-64;52;58;110;SEC_436
2005;231;35-49;137;115;252;SEC_231
2005;419;75 i +;42;27;69;SEC_419
2005;308;65-74;89;79;168;SEC_308
2005;610;75 i +;51;36;87;SEC_610
2005;101;25-34;192;198;390;SEC_101
2005;530;03-11;42;55;97;SEC_530
2005;118;75 i +;56;22;78;SEC_118
2005;435;25-34;97;125;222;SEC_435
2005;521;16-17;5;8;13;SEC_521
2005;109;16-17;12;9;21;SEC_109
2005;422;18-24;51;64;115;SEC_422
2005;230;03-11;37;47;84;SEC_230
2005;116;25-34;130;143;273;SEC_116
2005;114;25-34;166;147;313;SEC_114
2005;108;00-02;6;15;21;SEC_108
2005;435;50-64;74;69;143;SEC_435
2005;213;03-11;24;45;69;SEC_213
2005;630;12-15;16;14;30;SEC_630
2005;202;35-49;94;96;190;SEC_202
2005;308;03-11;87;100;187;SEC_308
2005;533;65-74;76;56;132;SEC_533
2005;208;75 i +;135;85;220;SEC_208
2005;528;03-11;64;39;103;SEC_528
2005;225;18-24;27;25;52;SEC_225
2005;405;03-11;29;26;55;SEC_405
2005;225;35-49;53;59;112;SEC_225
2005;107;35-49;177;172;349;SEC_107
2005;321;25-34;165;170;335;SEC_321
2005;422;16-17;13;11;24;SEC_422
2005;201;50-64;66;44;110;SEC_201
2005;231;25-34;109;129;238;SEC_231
2005;406;18-24;67;48;115;SEC_406
2005;606;00-02;17;11;28;SEC_606
2005;616;00-02;39;46;85;SEC_616
2005;418;65-74;80;61;141;SEC_418
2005;610;12-15;14;17;31;SEC_610
2005;437;18-24;43;43;86;SEC_437
2005;234;35-49;102;119;221;SEC_234
2005;208;50-64;177;143;320;SEC_208
2005;312;75 i +;64;26;90;SEC_312
2005;314;18-24;124;126;250;SEC_314
2005;121;03-11;31;38;69;SEC_121
2005;520;25-34;64;79;143;SEC_520
2005;412;00-02;18;14;32;SEC_412
2005;506;03-11;67;69;136;SEC_506
2005;425;00-02;9;16;25;SEC_425
2005;413;16-17;3;3;6;SEC_413
2005;517;35-49;168;179;347;SEC_517
2005;523;50-64;113;106;219;SEC_523
2005;241;00-02;6;13;19;SEC_241
2005;109;50-64;110;122;232;SEC_109
2005;604;35-49;84;97;181;SEC_604
2005;537;35-49;141;131;272;SEC_537
2005;212;25-34;145;159;304;SEC_212
2005;319;12-15;21;17;38;SEC_319
2005;210;16-17;2;10;12;SEC_210
2005;320;65-74;32;26;58;SEC_320
2005;242;25-34;93;101;194;SEC_242
2005;518;50-64;87;61;148;SEC_518
2005;442;00-02;13;5;18;SEC_442
2005;607;35-49;121;118;239;SEC_607
2005;606;65-74;77;73;150;SEC_606
2005;430;16-17;6;9;15;SEC_430
2005;201;16-17;3;5;8;SEC_201
2005;605;16-17;3;4;7;SEC_605
2005;503;18-24;39;45;84;SEC_503
2005;243;65-74;100;81;181;SEC_243
2005;609;65-74;45;40;85;SEC_609
2005;438;12-15;17;16;33;SEC_438
2005;409;16-17;7;7;14;SEC_409
2005;421;75 i +;67;44;111;SEC_421
2005;420;50-64;109;89;198;SEC_420
2005;410;12-15;25;17;42;SEC_410
2005;537;12-15;31;18;49;SEC_537
2005;109;35-49;126;121;247;SEC_109
2005;220;35-49;117;112;229;SEC_220
2005;522;00-02;22;16;38;SEC_522
2005;119;03-11;24;32;56;SEC_119
2005;629;65-74;41;41;82;SEC_629
2005;604;03-11;23;31;54;SEC_604
2005;228;00-02;7;11;18;SEC_228
2005;223;12-15;26;28;54;SEC_223
2005;413;18-24;20;31;51;SEC_413
2005;111;65-74;58;46;104;SEC_111
2005;210;35-49;85;85;170;SEC_210
2005;616;03-11;129;161;290;SEC_616
2005;423;12-15;12;17;29;SEC_423
2005;212;65-74;76;64;140;SEC_212
2005;321;03-11;88;89;177;SEC_321
2005;442;75 i +;34;23;57;SEC_442
2005;121;25-34;76;77;153;SEC_121
2005;306;12-15;27;21;48;SEC_306
2005;408;75 i +;43;24;67;SEC_408
2005;217;18-24;26;32;58;SEC_217
2005;503;65-74;33;25;58;SEC_503
2005;134;03-11;48;51;99;SEC_134
2005;523;75 i +;102;51;153;SEC_523
2005;201;18-24;20;27;47;SEC_201
2005;417;65-74;34;22;56;SEC_417
2005;618;35-49;67;60;127;SEC_618
2005;423;16-17;8;4;12;SEC_423
2005;131;00-02;11;22;33;SEC_131
2005;132;35-49;231;237;468;SEC_132
2005;602;35-49;52;62;114;SEC_602
2005;626;35-49;87;100;187;SEC_626
2005;206;65-74;62;42;104;SEC_206
2005;215;75 i +;70;38;108;SEC_215
2005;209;75 i +;88;50;138;SEC_209
2005;134;12-15;15;21;36;SEC_134
2005;627;35-49;103;81;184;SEC_627
2005;213;35-49;117;123;240;SEC_213
2005;126;18-24;30;34;64;SEC_126
2005;605;18-24;24;21;45;SEC_605
2005;322;00-02;21;15;36;SEC_322
2005;515;35-49;84;90;174;SEC_515
2005;217;35-49;83;99;182;SEC_217
2005;602;75 i +;21;12;33;SEC_602
2005;309;25-34;100;114;214;SEC_309
2005;129;18-24;57;49;106;SEC_129
2005;619;35-49;143;129;272;SEC_619
2005;610;65-74;68;77;145;SEC_610
2005;217;03-11;23;22;45;SEC_217
2005;631;25-34;103;118;221;SEC_631
2005;139;65-74;33;25;58;SEC_139
2005;415;50-64;50;55;105;SEC_415
2005;419;16-17;8;9;17;SEC_419
2005;404;25-34;127;147;274;SEC_404
2005;524;12-15;23;26;49;SEC_524
2005;509;50-64;64;56;120;SEC_509
2005;101;18-24;61;60;121;SEC_101
2005;120;03-11;74;72;146;SEC_120
2005;407;25-34;84;127;211;SEC_407
2005;140;12-15;7;9;16;SEC_140
2005;127;35-49;113;112;225;SEC_127
2005;206;16-17;7;6;13;SEC_206
2005;531;12-15;15;18;33;SEC_531
2005;517;50-64;91;78;169;SEC_517
2005;130;75 i +;66;48;114;SEC_130
2005;241;25-34;78;74;152;SEC_241
2005;405;35-49;82;93;175;SEC_405
2005;429;12-15;8;13;21;SEC_429
2005;528;25-34;124;134;258;SEC_528
2005;105;25-34;132;117;249;SEC_105
2005;512;75 i +;49;24;73;SEC_512
2005;419;65-74;52;36;88;SEC_419
2005;604;16-17;4;7;11;SEC_604
2005;403;25-34;79;99;178;SEC_403
2005;431;65-74;81;58;139;SEC_431
2005;240;35-49;88;87;175;SEC_240
2005;104;65-74;68;40;108;SEC_104
2005;424;65-74;40;33;73;SEC_424
2005;432;16-17;10;14;24;SEC_432
2005;303;25-34;153;170;323;SEC_303
2005;515;75 i +;26;14;40;SEC_515
2005;603;18-24;18;17;35;SEC_603
2005;227;16-17;1;1;2;SEC_227
2005;604;75 i +;27;15;42;SEC_604
2005;602;16-17;6;2;8;SEC_602
2005;128;25-34;113;96;209;SEC_128
2005;318;65-74;30;25;55;SEC_318
2005;617;75 i +;30;26;56;SEC_617
2005;625;50-64;174;183;357;SEC_625
2005;206;50-64;68;61;129;SEC_206
2005;405;18-24;37;29;66;SEC_405
2005;408;16-17;8;12;20;SEC_408
2005;119;18-24;67;53;120;SEC_119
2005;232;16-17;5;10;15;SEC_232
2005;216;75 i +;67;43;110;SEC_216
2005;242;75 i +;67;54;121;SEC_242
2005;406;65-74;76;72;148;SEC_406
2005;501;35-49;103;93;196;SEC_501
2005;439;03-11;44;63;107;SEC_439
2005;624;03-11;24;41;65;SEC_624
2005;239;03-11;39;34;73;SEC_239
2005;619;12-15;18;22;40;SEC_619
2005;248;03-11;50;41;91;SEC_248
2005;535;03-11;25;40;65;SEC_535
2005;504;03-11;21;31;52;SEC_504
2005;622;16-17;7;4;11;SEC_622
2005;419;35-49;83;131;214;SEC_419
2005;613;16-17;8;7;15;SEC_613
2005;216;12-15;16;16;32;SEC_216
2005;130;03-11;45;38;83;SEC_130
2005;314;35-49;312;286;598;SEC_314
2005;427;12-15;12;18;30;SEC_427
2005;238;18-24;29;41;70;SEC_238
2005;602;12-15;7;8;15;SEC_602
2005;536;50-64;81;63;144;SEC_536
2005;104;50-64;67;57;124;SEC_104
2005;536;16-17;8;7;15;SEC_536
2005;311;65-74;81;62;143;SEC_311
2005;134;00-02;21;15;36;SEC_134
2005;605;25-34;51;62;113;SEC_605
2005;235;25-34;179;176;355;SEC_235
2005;102;25-34;132;136;268;SEC_102
2005;625;25-34;111;102;213;SEC_625
2005;301;12-15;38;52;90;SEC_301
2005;311;18-24;50;50;100;SEC_311
2005;207;35-49;74;72;146;SEC_207
2005;513;16-17;8;5;13;SEC_513
2005;511;25-34;63;69;132;SEC_511
2005;534;35-49;118;103;221;SEC_534
2005;536;35-49;91;108;199;SEC_536
2005;307;03-11;42;36;78;SEC_307
2005;106;12-15;22;28;50;SEC_106
2005;538;75 i +;72;39;111;SEC_538
2005;210;18-24;21;32;53;SEC_210
2005;311;16-17;14;9;23;SEC_311
2005;135;12-15;22;16;38;SEC_135
2005;536;03-11;34;24;58;SEC_536
2005;226;50-64;90;82;172;SEC_226
2005;244;03-11;23;23;46;SEC_244
2005;504;75 i +;66;45;111;SEC_504
2005;515;12-15;16;15;31;SEC_515
2005;224;75 i +;30;18;48;SEC_224
2005;605;12-15;6;5;11;SEC_605
2005;509;16-17;6;11;17;SEC_509
2005;526;18-24;27;32;59;SEC_526
2005;430;50-64;62;56;118;SEC_430
2005;207;25-34;53;64;117;SEC_207
2005;531;25-34;99;105;204;SEC_531
2005;211;03-11;50;57;107;SEC_211
2005;324;03-11;47;46;93;SEC_324
2005;424;35-49;59;65;124;SEC_424
2005;131;25-34;135;147;282;SEC_131
2005;406;25-34;111;149;260;SEC_406
2005;534;12-15;18;16;34;SEC_534
2005;234;00-02;8;11;19;SEC_234
2005;601;75 i +;60;33;93;SEC_601
2005;321;75 i +;104;56;160;SEC_321
2005;525;65-74;72;53;125;SEC_525
2005;246;25-34;135;138;273;SEC_246
2005;436;35-49;103;120;223;SEC_436
2005;302;00-02;12;19;31;SEC_302
2005;435;18-24;46;58;104;SEC_435
2005;425;12-15;13;24;37;SEC_425
2005;305;25-34;120;129;249;SEC_305
2005;414;00-02;13;17;30;SEC_414
2005;535;65-74;50;64;114;SEC_535
2005;126;03-11;37;31;68;SEC_126
2005;603;00-02;8;9;17;SEC_603
2005;118;18-24;88;90;178;SEC_118
2005;624;12-15;16;16;32;SEC_624
2005;241;75 i +;61;30;91;SEC_241
2005;112;00-02;19;20;39;SEC_112
2005;534;00-02;5;18;23;SEC_534
2005;627;12-15;8;19;27;SEC_627
2005;614;75 i +;36;18;54;SEC_614
2005;244;35-49;78;86;164;SEC_244
2005;421;50-64;116;83;199;SEC_421
2005;203;16-17;7;10;17;SEC_203
2005;229;03-11;35;32;67;SEC_229
2005;412;65-74;96;108;204;SEC_412
2005;140;00-02;9;21;30;SEC_140
2005;232;35-49;107;107;214;SEC_232
2005;120;18-24;73;82;155;SEC_120
2005;622;03-11;23;38;61;SEC_622
2005;409;65-74;37;36;73;SEC_409
2005;624;16-17;12;7;19;SEC_624
2005;529;16-17;12;17;29;SEC_529
2005;224;16-17;4;2;6;SEC_224
2005;311;35-49;156;174;330;SEC_311
2005;522;12-15;6;10;16;SEC_522
2005;409;00-02;10;11;21;SEC_409
2005;437;35-49;98;110;208;SEC_437
2005;532;75 i +;74;45;119;SEC_532
2005;113;00-02;14;20;34;SEC_113
2005;205;00-02;7;8;15;SEC_205
2005;125;75 i +;54;29;83;SEC_125
2005;320;03-11;42;48;90;SEC_320
2005;521;25-34;79;109;188;SEC_521
2005;214;16-17;6;3;9;SEC_214
2005;620;35-49;63;66;129;SEC_620
2005;518;35-49;131;142;273;SEC_518
2005;131;75 i +;53;35;88;SEC_131
2005;130;12-15;10;18;28;SEC_130
2005;308;35-49;238;247;485;SEC_308
2005;238;25-34;80;84;164;SEC_238
2005;248;65-74;54;53;107;SEC_248
2005;623;18-24;50;67;117;SEC_623
2005;501;00-02;9;14;23;SEC_501
2005;116;00-02;21;21;42;SEC_116
2005;239;50-64;90;72;162;SEC_239
2005;235;16-17;9;8;17;SEC_235
2005;608;03-11;28;25;53;SEC_608
2005;106;03-11;61;54;115;SEC_106
2005;536;00-02;8;14;22;SEC_536
2005;606;35-49;113;124;237;SEC_606
2005;519;16-17;2;8;10;SEC_519
2005;511;16-17;7;3;10;SEC_511
2005;232;18-24;40;39;79;SEC_232
2005;434;12-15;16;11;27;SEC_434
2005;325;12-15;28;32;60;SEC_325
2005;222;03-11;43;27;70;SEC_222
2005;245;12-15;24;15;39;SEC_245
2005;132;18-24;95;104;199;SEC_132
2005;417;75 i +;31;20;51;SEC_417
2005;203;65-74;40;34;74;SEC_203
2005;233;16-17;7;5;12;SEC_233
2005;420;25-34;159;188;347;SEC_420
2005;117;35-49;234;230;464;SEC_117
2005;236;65-74;68;52;120;SEC_236
2005;111;35-49;103;98;201;SEC_111
2005;228;25-34;79;112;191;SEC_228
2005;211;16-17;13;11;24;SEC_211
2005;618;50-64;72;50;122;SEC_618
2005;233;35-49;102;113;215;SEC_233
2005;135;50-64;152;161;313;SEC_135
2005;611;03-11;55;61;116;SEC_611
2005;621;50-64;227;210;437;SEC_621
2005;133;16-17;11;7;18;SEC_133
2005;202;16-17;4;5;9;SEC_202
2005;442;16-17;9;9;18;SEC_442
2005;418;18-24;50;57;107;SEC_418
2005;410;35-49;154;161;315;SEC_410
2005;237;18-24;66;66;132;SEC_237
2005;418;16-17;9;14;23;SEC_418
2005;306;00-02;19;14;33;SEC_306
2005;632;18-24;37;52;89;SEC_632
2005;520;18-24;30;31;61;SEC_520
2005;411;65-74;74;57;131;SEC_411
2005;303;35-49;130;147;277;SEC_303
2005;409;50-64;63;63;126;SEC_409
2005;526;75 i +;34;16;50;SEC_526
2005;506;35-49;178;189;367;SEC_506
2005;203;75 i +;46;30;76;SEC_203
2005;512;25-34;85;118;203;SEC_512
2005;230;50-64;44;34;78;SEC_230
2005;403;50-64;120;96;216;SEC_403
2005;102;65-74;97;89;186;SEC_102
2005;110;18-24;54;51;105;SEC_110
2005;625;18-24;77;85;162;SEC_625
2005;126;12-15;13;7;20;SEC_126
2005;438;03-11;26;36;62;SEC_438
2005;247;03-11;49;46;95;SEC_247
2005;406;03-11;34;45;79;SEC_406
2005;222;16-17;10;6;16;SEC_222
2005;527;65-74;59;42;101;SEC_527
2005;533;12-15;9;8;17;SEC_533
2005;533;16-17;14;10;24;SEC_533
2005;613;12-15;14;19;33;SEC_613
2005;248;75 i +;73;39;112;SEC_248
2005;221;35-49;120;123;243;SEC_221
2005;409;25-34;75;94;169;SEC_409
2005;510;16-17;9;10;19;SEC_510
2005;123;75 i +;82;54;136;SEC_123
2005;609;25-34;83;86;169;SEC_609
2005;617;25-34;92;105;197;SEC_617
2005;518;75 i +;57;32;89;SEC_518
2005;515;00-02;11;9;20;SEC_515
2005;105;03-11;32;44;76;SEC_105
2005;436;75 i +;34;21;55;SEC_436
2005;237;65-74;79;69;148;SEC_237
2005;107;18-24;69;80;149;SEC_107
2005;201;35-49;69;78;147;SEC_201
2005;608;65-74;71;57;128;SEC_608
2005;307;16-17;8;17;25;SEC_307
2005;518;25-34;120;118;238;SEC_518
2005;116;35-49;151;153;304;SEC_116
2005;212;18-24;56;76;132;SEC_212
2005;135;35-49;195;173;368;SEC_135
2005;602;25-34;57;53;110;SEC_602
2005;531;16-17;5;11;16;SEC_531
2005;114;12-15;23;18;41;SEC_114
2005;621;75 i +;44;21;65;SEC_621
2005;127;12-15;18;15;33;SEC_127
2005;613;00-02;17;17;34;SEC_613
2005;620;18-24;31;21;52;SEC_620
2005;231;75 i +;96;42;138;SEC_231
2005;623;16-17;10;7;17;SEC_623
2005;428;12-15;11;7;18;SEC_428
2005;304;75 i +;104;46;150;SEC_304
2005;431;75 i +;81;40;121;SEC_431
2005;301;16-17;20;13;33;SEC_301
2005;437;75 i +;36;21;57;SEC_437
2005;308;18-24;66;82;148;SEC_308
2005;114;35-49;166;155;321;SEC_114
2005;314;25-34;211;229;440;SEC_314
2005;620;50-64;73;70;143;SEC_620
2005;235;12-15;22;19;41;SEC_235
2005;316;65-74;49;47;96;SEC_316
2005;406;16-17;9;8;17;SEC_406
2005;107;65-74;107;83;190;SEC_107
2005;504;16-17;4;9;13;SEC_504
2005;309;03-11;30;53;83;SEC_309
2005;323;12-15;55;52;107;SEC_323
2005;631;75 i +;43;23;66;SEC_631
2005;133;35-49;99;93;192;SEC_133
2005;423;75 i +;55;33;88;SEC_423
2005;410;00-02;15;24;39;SEC_410
2005;240;00-02;11;10;21;SEC_240
2005;105;75 i +;56;32;88;SEC_105
2005;619;75 i +;55;39;94;SEC_619
2005;203;18-24;36;33;69;SEC_203
2005;132;75 i +;65;45;110;SEC_132
2005;236;50-64;91;82;173;SEC_236
2005;117;50-64;214;213;427;SEC_117
2005;113;03-11;38;68;106;SEC_113
2005;612;18-24;37;35;72;SEC_612
2005;222;00-02;18;8;26;SEC_222
2005;139;00-02;11;18;29;SEC_139
2005;315;16-17;12;17;29;SEC_315
2005;503;12-15;14;18;32;SEC_503
2005;503;25-34;74;89;163;SEC_503
2005;249;00-02;17;17;34;SEC_249
2005;509;25-34;87;106;193;SEC_509
2005;427;50-64;69;58;127;SEC_427
2005;414;03-11;34;43;77;SEC_414
2005;434;00-02;10;7;17;SEC_434
2005;106;16-17;24;14;38;SEC_106
2005;414;12-15;20;13;33;SEC_414
2005;507;25-34;93;102;195;SEC_507
2005;435;00-02;11;17;28;SEC_435
2005;227;12-15;13;7;20;SEC_227
2005;139;03-11;35;46;81;SEC_139
2005;109;25-34;87;70;157;SEC_109
2005;303;00-02;15;15;30;SEC_303
2005;615;12-15;5;9;14;SEC_615
2005;629;75 i +;28;13;41;SEC_629
2005;616;16-17;36;36;72;SEC_616
2005;206;35-49;99;107;206;SEC_206
2005;415;18-24;47;52;99;SEC_415
2005;312;35-49;177;216;393;SEC_312
2005;305;35-49;210;201;411;SEC_305
2005;429;75 i +;32;24;56;SEC_429
2005;431;25-34;161;221;382;SEC_431
2005;240;65-74;60;44;104;SEC_240
2005;606;75 i +;52;23;75;SEC_606
2005;419;00-02;17;12;29;SEC_419
2005;537;25-34;105;118;223;SEC_537
2005;627;75 i +;33;18;51;SEC_627
2005;238;50-64;69;66;135;SEC_238
2005;202;65-74;42;33;75;SEC_202
2005;516;03-11;26;35;61;SEC_516
2005;116;18-24;67;51;118;SEC_116
2005;208;25-34;141;123;264;SEC_208
2005;240;75 i +;55;29;84;SEC_240
2005;319;25-34;183;197;380;SEC_319
2005;317;35-49;101;111;212;SEC_317
2005;101;16-17;14;9;23;SEC_101
2005;511;65-74;54;40;94;SEC_511
2005;242;03-11;30;27;57;SEC_242
2005;201;25-34;54;70;124;SEC_201
2005;318;75 i +;20;13;33;SEC_318
2005;121;75 i +;68;40;108;SEC_121
2005;526;03-11;26;32;58;SEC_526
2005;248;25-34;131;152;283;SEC_248
2005;504;35-49;89;110;199;SEC_504
2005;618;75 i +;26;14;40;SEC_618
2005;405;25-34;78;78;156;SEC_405
2005;218;65-74;38;27;65;SEC_218
2005;528;00-02;14;14;28;SEC_528
2005;424;03-11;18;23;41;SEC_424
2005;132;03-11;74;72;146;SEC_132
2005;305;75 i +;100;47;147;SEC_305
2005;421;12-15;13;12;25;SEC_421
2005;521;75 i +;50;29;79;SEC_521
2005;623;50-64;215;184;399;SEC_623
2005;245;18-24;39;53;92;SEC_245
2005;217;25-34;66;70;136;SEC_217
2005;440;25-34;91;100;191;SEC_440
2005;536;12-15;14;7;21;SEC_536
2005;407;16-17;7;11;18;SEC_407
2005;216;25-34;107;121;228;SEC_216
2005;519;75 i +;26;23;49;SEC_519
2005;538;00-02;21;18;39;SEC_538
2005;239;00-02;16;13;29;SEC_239
2005;211;00-02;16;17;33;SEC_211
2005;410;03-11;45;77;122;SEC_410
2005;534;25-34;105;132;237;SEC_534
2005;614;03-11;36;35;71;SEC_614
2005;311;25-34;122;144;266;SEC_311
2005;305;16-17;15;19;34;SEC_305
2005;201;75 i +;39;29;68;SEC_201
2005;323;75 i +;55;26;81;SEC_323
2005;532;12-15;21;27;48;SEC_532
2005;608;00-02;8;11;19;SEC_608
2005;534;18-24;40;44;84;SEC_534
2005;412;50-64;189;160;349;SEC_412
2005;221;75 i +;43;38;81;SEC_221
2005;111;25-34;87;107;194;SEC_111
2005;132;25-34;175;210;385;SEC_132
2005;517;00-02;20;27;47;SEC_517
2005;234;03-11;29;27;56;SEC_234
2005;224;12-15;14;12;26;SEC_224
2005;241;35-49;113;96;209;SEC_241
2005;423;00-02;15;13;28;SEC_423
2005;224;50-64;40;50;90;SEC_224
2005;215;03-11;35;39;74;SEC_215
2005;408;25-34;100;103;203;SEC_408
2005;110;65-74;61;47;108;SEC_110
2005;303;16-17;9;8;17;SEC_303
2005;438;18-24;35;38;73;SEC_438
2005;533;25-34;113;146;259;SEC_533
2005;103;16-17;5;4;9;SEC_103
2005;420;35-49;161;189;350;SEC_420
2005;247;12-15;28;23;51;SEC_247
2005;123;65-74;60;66;126;SEC_123
2005;138;75 i +;30;17;47;SEC_138
2005;532;16-17;12;12;24;SEC_532
2005;408;65-74;59;46;105;SEC_408
2005;139;16-17;5;9;14;SEC_139
2005;629;16-17;7;3;10;SEC_629
2005;621;12-15;30;26;56;SEC_621
2005;244;50-64;55;36;91;SEC_244
2005;246;75 i +;74;49;123;SEC_246
2005;126;16-17;4;7;11;SEC_126
2005;536;75 i +;55;46;101;SEC_536
2005;410;18-24;65;66;131;SEC_410
2005;420;16-17;9;14;23;SEC_420
2005;537;16-17;10;6;16;SEC_537
2005;434;50-64;42;42;84;SEC_434
2005;514;25-34;77;102;179;SEC_514
2005;620;16-17;4;11;15;SEC_620
2005;104;03-11;35;38;73;SEC_104
2005;423;35-49;104;120;224;SEC_423
2005;228;12-15;18;9;27;SEC_228
2005;414;75 i +;60;39;99;SEC_414
2005;321;35-49;283;264;547;SEC_321
2005;135;65-74;73;58;131;SEC_135
2005;612;16-17;5;9;14;SEC_612
2005;216;50-64;146;117;263;SEC_216
2005;121;12-15;14;18;32;SEC_121
2005;247;25-34;139;156;295;SEC_247
2005;610;18-24;43;51;94;SEC_610
2005;428;16-17;11;5;16;SEC_428
2005;304;50-64;110;94;204;SEC_304
2005;233;65-74;54;48;102;SEC_233
2005;433;03-11;51;54;105;SEC_433
2005;137;00-02;30;21;51;SEC_137
2005;207;00-02;10;8;18;SEC_207
2005;125;12-15;28;21;49;SEC_125
2005;207;16-17;6;7;13;SEC_207
2005;605;75 i +;33;24;57;SEC_605
2005;302;35-49;134;150;284;SEC_302
2005;402;16-17;6;6;12;SEC_402
2005;517;25-34;118;146;264;SEC_517
2005;128;16-17;5;8;13;SEC_128
2005;304;18-24;42;61;103;SEC_304
2005;228;65-74;41;45;86;SEC_228
2005;617;65-74;66;55;121;SEC_617
2005;202;00-02;9;6;15;SEC_202
2005;527;12-15;22;13;35;SEC_527
2005;432;00-02;12;6;18;SEC_432
2005;304;16-17;12;12;24;SEC_304
2005;115;00-02;13;14;27;SEC_115
2005;110;25-34;115;127;242;SEC_110
2005;538;50-64;113;76;189;SEC_538
2005;114;00-02;18;24;42;SEC_114
2005;411;16-17;9;3;12;SEC_411
2005;237;16-17;12;12;24;SEC_237
2005;223;00-02;11;19;30;SEC_223
2005;313;18-24;98;85;183;SEC_313
2005;324;65-74;40;29;69;SEC_324
2005;213;12-15;15;13;28;SEC_213
2005;125;50-64;185;161;346;SEC_125
2005;513;65-74;61;46;107;SEC_513
2005;115;50-64;120;132;252;SEC_115
2005;127;18-24;40;35;75;SEC_127
2005;411;50-64;106;86;192;SEC_411
2005;508;75 i +;39;24;63;SEC_508
2005;248;00-02;18;14;32;SEC_248
2005;621;18-24;56;78;134;SEC_621
2005;124;25-34;73;60;133;SEC_124
2005;227;35-49;75;71;146;SEC_227
2005;501;03-11;43;39;82;SEC_501
2005;225;03-11;9;14;23;SEC_225
2005;431;50-64;110;103;213;SEC_431
2005;607;75 i +;44;29;73;SEC_607
2005;112;65-74;64;57;121;SEC_112
2005;520;65-74;55;45;100;SEC_520
2005;204;18-24;23;31;54;SEC_204
2005;623;00-02;20;25;45;SEC_623
2005;427;03-11;37;38;75;SEC_427
2005;239;65-74;84;63;147;SEC_239
2005;215;50-64;71;57;128;SEC_215
2005;603;75 i +;19;14;33;SEC_603
2005;509;65-74;43;42;85;SEC_509
2005;523;03-11;43;42;85;SEC_523
2005;213;25-34;92;100;192;SEC_213
2005;625;03-11;38;45;83;SEC_625
2005;508;35-49;58;84;142;SEC_508
2005;128;12-15;15;22;37;SEC_128
2005;204;16-17;4;7;11;SEC_204
2005;503;00-02;7;6;13;SEC_503
2005;426;00-02;14;25;39;SEC_426
2005;611;12-15;39;25;64;SEC_611
2005;245;50-64;79;68;147;SEC_245
2005;515;50-64;44;38;82;SEC_515
2005;207;03-11;16;25;41;SEC_207
2005;429;65-74;46;24;70;SEC_429
2005;510;00-02;11;14;25;SEC_510
2005;522;65-74;40;38;78;SEC_522
2005;425;50-64;77;73;150;SEC_425
2005;423;03-11;37;26;63;SEC_423
2005;442;25-34;45;63;108;SEC_442
2005;421;25-34;96;107;203;SEC_421
2005;407;65-74;75;61;136;SEC_407
2005;404;35-49;145;158;303;SEC_404
2005;508;12-15;10;14;24;SEC_508
2005;607;25-34;76;110;186;SEC_607
2005;601;35-49;128;148;276;SEC_601
2005;409;18-24;27;44;71;SEC_409
2005;631;50-64;169;132;301;SEC_631
2005;301;03-11;84;99;183;SEC_301
2005;324;12-15;13;12;25;SEC_324
2005;601;12-15;24;23;47;SEC_601
2005;532;00-02;18;17;35;SEC_532
2005;137;18-24;52;54;106;SEC_137
2005;528;35-49;140;147;287;SEC_528
2005;412;75 i +;71;51;122;SEC_412
2005;611;00-02;39;28;67;SEC_611
2005;226;18-24;50;42;92;SEC_226
2005;242;50-64;89;94;183;SEC_242
2005;402;35-49;84;106;190;SEC_402
2005;426;03-11;37;40;77;SEC_426
2005;629;18-24;23;28;51;SEC_629
2005;238;03-11;26;28;54;SEC_238
2005;130;65-74;92;69;161;SEC_130
2005;410;25-34;139;146;285;SEC_410
2005;323;03-11;138;142;280;SEC_323
2005;209;00-02;10;18;28;SEC_209
2005;138;50-64;92;88;180;SEC_138
2005;127;03-11;25;29;54;SEC_127
2005;107;03-11;43;57;100;SEC_107
2005;227;25-34;91;70;161;SEC_227
2005;204;12-15;10;9;19;SEC_204
2005;302;16-17;13;5;18;SEC_302
2005;315;35-49;205;191;396;SEC_315
2005;428;25-34;58;82;140;SEC_428
2005;609;12-15;16;8;24;SEC_609
2005;417;35-49;70;87;157;SEC_417
2005;610;00-02;15;14;29;SEC_610
2005;125;18-24;51;67;118;SEC_125
2005;430;12-15;9;16;25;SEC_430
2005;118;03-11;64;69;133;SEC_118
2005;412;18-24;82;92;174;SEC_412
2005;428;75 i +;27;22;49;SEC_428
2005;116;03-11;61;48;109;SEC_116
2005;619;50-64;147;135;282;SEC_619
2005;533;00-02;19;16;35;SEC_533
2005;419;03-11;39;44;83;SEC_419
2005;214;75 i +;31;17;48;SEC_214
2005;603;16-17;3;9;12;SEC_603
2005;247;00-02;15;27;42;SEC_247
2005;316;35-49;263;176;439;SEC_316
2005;624;75 i +;31;19;50;SEC_624
2005;134;75 i +;66;32;98;SEC_134
2005;420;03-11;50;67;117;SEC_420
2005;241;50-64;45;56;101;SEC_241
2005;129;25-34;135;133;268;SEC_129
2005;511;18-24;21;30;51;SEC_511
2005;237;35-49;154;202;356;SEC_237
2005;604;00-02;9;9;18;SEC_604
2005;626;16-17;10;5;15;SEC_626
2005;225;65-74;34;23;57;SEC_225
2005;439;16-17;5;13;18;SEC_439
2005;107;50-64;178;160;338;SEC_107
2005;621;25-34;133;167;300;SEC_621
2005;302;12-15;17;18;35;SEC_302
2005;414;35-49;101;113;214;SEC_414
2005;507;03-11;23;36;59;SEC_507
2005;240;16-17;4;6;10;SEC_240
2005;205;25-34;85;80;165;SEC_205
2005;408;00-02;7;9;16;SEC_408
2005;314;75 i +;91;40;131;SEC_314
2005;413;00-02;6;9;15;SEC_413
2005;211;25-34;134;186;320;SEC_211
2005;115;12-15;17;26;43;SEC_115
2005;105;00-02;24;17;41;SEC_105
2005;416;03-11;34;37;71;SEC_416
2005;206;25-34;87;124;211;SEC_206
2005;213;16-17;13;5;18;SEC_213
2005;118;12-15;31;23;54;SEC_118
2005;301;00-02;45;52;97;SEC_301
2005;535;25-34;60;81;141;SEC_535
2005;309;12-15;16;15;31;SEC_309
2005;220;12-15;14;13;27;SEC_220
2005;136;25-34;126;132;258;SEC_136
2005;223;50-64;98;76;174;SEC_223
2005;401;65-74;91;65;156;SEC_401
2005;605;03-11;14;15;29;SEC_605
2005;427;35-49;93;118;211;SEC_427
2005;218;35-49;90;85;175;SEC_218
2005;208;12-15;21;19;40;SEC_208
2005;403;18-24;58;48;106;SEC_403
2005;505;65-74;76;91;167;SEC_505
2005;430;75 i +;55;38;93;SEC_430
2005;417;03-11;24;19;43;SEC_417
2005;430;03-11;38;41;79;SEC_430
2005;221;50-64;92;89;181;SEC_221
2005;414;65-74;53;52;105;SEC_414
2005;501;25-34;88;122;210;SEC_501
2005;125;35-49;145;173;318;SEC_125
2005;127;16-17;7;7;14;SEC_127
2005;307;35-49;151;115;266;SEC_307
2005;618;03-11;24;35;59;SEC_618
2005;139;75 i +;29;14;43;SEC_139
2005;303;50-64;160;123;283;SEC_303
2005;118;35-49;192;173;365;SEC_118
2005;422;12-15;19;21;40;SEC_422
2005;245;65-74;58;54;112;SEC_245
2005;216;03-11;50;32;82;SEC_216
2005;203;35-49;101;108;209;SEC_203
2005;248;18-24;47;49;96;SEC_248
2005;512;00-02;13;21;34;SEC_512
2005;322;18-24;58;43;101;SEC_322
2005;236;00-02;15;11;26;SEC_236
2005;601;25-34;123;134;257;SEC_601
2005;513;00-02;12;10;22;SEC_513
2005;628;00-02;8;13;21;SEC_628
2005;121;65-74;70;44;114;SEC_121
2005;410;75 i +;98;89;187;SEC_410
2005;404;12-15;34;32;66;SEC_404
2005;431;35-49;154;188;342;SEC_431
2005;108;50-64;132;109;241;SEC_108
2005;137;50-64;173;147;320;SEC_137
2005;601;00-02;12;21;33;SEC_601
2005;520;35-49;78;80;158;SEC_520
2005;536;65-74;62;51;113;SEC_536
2005;613;18-24;33;36;69;SEC_613
2005;138;16-17;8;6;14;SEC_138
2005;201;12-15;15;7;22;SEC_201
2005;601;03-11;47;45;92;SEC_601
2005;412;03-11;55;44;99;SEC_412
2005;442;35-49;77;70;147;SEC_442
2005;123;25-34;131;105;236;SEC_123
2005;249;35-49;142;145;287;SEC_249
2005;414;50-64;67;63;130;SEC_414
2005;118;00-02;25;23;48;SEC_118
2005;612;12-15;16;18;34;SEC_612
2005;440;35-49;73;83;156;SEC_440
2005;315;00-02;22;29;51;SEC_315
2005;126;65-74;60;69;129;SEC_126
2005;405;16-17;5;5;10;SEC_405
2005;317;25-34;125;145;270;SEC_317
2005;505;03-11;33;26;59;SEC_505
2005;514;03-11;37;35;72;SEC_514
2005;518;16-17;10;7;17;SEC_518
2005;244;75 i +;47;35;82;SEC_244
2005;519;25-34;76;88;164;SEC_519
2005;311;75 i +;96;51;147;SEC_311
2005;620;00-02;4;7;11;SEC_620
2005;422;03-11;42;37;79;SEC_422
2005;245;00-02;15;14;29;SEC_245
2005;601;65-74;81;92;173;SEC_601
2005;307;00-02;6;15;21;SEC_307
2005;321;16-17;18;21;39;SEC_321
2005;432;12-15;23;21;44;SEC_432
2005;322;65-74;58;47;105;SEC_322
2005;428;50-64;39;33;72;SEC_428
2005;506;25-34;131;138;269;SEC_506
2005;220;25-34;80;95;175;SEC_220
2005;305;18-24;77;78;155;SEC_305
2005;304;65-74;73;67;140;SEC_304
2005;321;00-02;25;24;49;SEC_321
2005;309;50-64;77;75;152;SEC_309
2005;632;50-64;96;81;177;SEC_632
2005;403;00-02;13;10;23;SEC_403
2005;417;12-15;11;4;15;SEC_417
2005;304;12-15;17;21;38;SEC_304
2005;426;25-34;116;155;271;SEC_426
2005;124;35-49;96;78;174;SEC_124
2005;131;50-64;179;178;357;SEC_131
2005;614;35-49;93;95;188;SEC_614
2005;219;65-74;63;57;120;SEC_219
2005;420;65-74;79;65;144;SEC_420
2005;120;50-64;153;150;303;SEC_120
2005;618;18-24;22;20;42;SEC_618
2005;325;00-02;20;29;49;SEC_325
2005;237;50-64;100;91;191;SEC_237
2005;312;16-17;17;13;30;SEC_312
2005;205;18-24;52;44;96;SEC_205
2005;439;75 i +;49;26;75;SEC_439
2005;214;65-74;37;28;65;SEC_214
2005;103;35-49;87;72;159;SEC_103
2005;228;16-17;5;8;13;SEC_228
2005;301;35-49;286;270;556;SEC_301
2005;317;75 i +;65;25;90;SEC_317
2005;229;65-74;44;42;86;SEC_229
2005;138;35-49;92;82;174;SEC_138
2005;225;16-17;7;6;13;SEC_225
2005;526;16-17;5;5;10;SEC_526
2005;603;50-64;69;54;123;SEC_603
2005;118;65-74;48;55;103;SEC_118
2005;104;12-15;14;11;25;SEC_104
2005;622;35-49;92;85;177;SEC_622
2005;522;75 i +;33;21;54;SEC_522
2005;628;65-74;45;57;102;SEC_628
2005;128;75 i +;43;33;76;SEC_128
2005;411;00-02;11;12;23;SEC_411
2005;621;00-02;17;21;38;SEC_621
2005;320;35-49;126;119;245;SEC_320
2005;101;03-11;79;58;137;SEC_101
2005;417;18-24;25;28;53;SEC_417
2005;203;50-64;69;59;128;SEC_203
2005;626;50-64;106;90;196;SEC_626
2005;121;35-49;91;109;200;SEC_121
2005;224;03-11;23;23;46;SEC_224
2005;230;75 i +;57;27;84;SEC_230
2005;212;03-11;43;67;110;SEC_212
2005;307;65-74;64;59;123;SEC_307
2005;122;35-49;81;93;174;SEC_122
2005;412;12-15;21;22;43;SEC_412
2005;207;50-64;64;54;118;SEC_207
2005;204;50-64;43;36;79;SEC_204
2005;406;35-49;137;147;284;SEC_406
2005;610;16-17;9;8;17;SEC_610
2005;248;12-15;25;14;39;SEC_248
2005;616;65-74;62;58;120;SEC_616
2005;309;65-74;34;22;56;SEC_309
2005;626;00-02;10;11;21;SEC_626
2005;121;00-02;14;13;27;SEC_121
2005;626;12-15;15;10;25;SEC_626
2005;404;50-64;113;110;223;SEC_404
2005;209;12-15;16;17;33;SEC_209
2005;621;16-17;9;13;22;SEC_621
2005;438;16-17;12;4;16;SEC_438
2005;135;18-24;87;79;166;SEC_135
2005;305;50-64;145;143;288;SEC_305
2005;436;18-24;42;46;88;SEC_436
2005;313;65-74;90;79;169;SEC_313
2005;518;03-11;51;46;97;SEC_518
2005;211;18-24;54;69;123;SEC_211
2005;616;25-34;225;245;470;SEC_616
2005;424;16-17;1;2;3;SEC_424
2005;629;25-34;38;51;89;SEC_629
2005;225;00-02;4;2;6;SEC_225
2005;524;50-64;96;87;183;SEC_524
2005;110;35-49;110;97;207;SEC_110
2005;608;18-24;33;35;68;SEC_608
2005;132;65-74;89;84;173;SEC_132
2005;318;35-49;119;109;228;SEC_318
2005;630;18-24;53;39;92;SEC_630
2005;233;25-34;81;108;189;SEC_233
2005;424;12-15;9;13;22;SEC_424
2005;138;00-02;7;9;16;SEC_138
2005;417;16-17;5;5;10;SEC_417
2005;521;18-24;44;32;76;SEC_521
2005;318;00-02;9;15;24;SEC_318
2005;212;00-02;22;21;43;SEC_212
2005;427;00-02;16;19;35;SEC_427
2005;523;18-24;62;73;135;SEC_523
2005;133;75 i +;54;32;86;SEC_133
2005;117;12-15;38;27;65;SEC_117
2005;310;50-64;82;94;176;SEC_310
2005;423;25-34;97;117;214;SEC_423
2005;619;00-02;21;17;38;SEC_619
2005;129;00-02;22;15;37;SEC_129
2005;617;50-64;98;74;172;SEC_617
2005;617;18-24;36;40;76;SEC_617
2005;203;03-11;27;37;64;SEC_203
2005;110;50-64;192;162;354;SEC_110
2005;537;03-11;47;42;89;SEC_537
2005;211;12-15;26;23;49;SEC_211
2005;402;12-15;10;9;19;SEC_402
2005;609;18-24;36;26;62;SEC_609
2005;216;65-74;76;69;145;SEC_216
2005;322;50-64;99;95;194;SEC_322
2005;226;00-02;9;15;24;SEC_226
2005;406;12-15;25;24;49;SEC_406
2005;607;12-15;15;17;32;SEC_607
2005;525;35-49;107;104;211;SEC_525
2005;118;25-34;170;186;356;SEC_118
2005;102;12-15;22;26;48;SEC_102
2005;211;35-49;177;200;377;SEC_211
2005;538;25-34;111;124;235;SEC_538
2005;206;12-15;14;19;33;SEC_206
2005;520;12-15;12;13;25;SEC_520
2005;211;50-64;84;74;158;SEC_211
2005;238;00-02;11;16;27;SEC_238
2005;209;16-17;6;15;21;SEC_209
2005;401;03-11;53;59;112;SEC_401
2005;439;25-34;136;166;302;SEC_439
2005;419;18-24;45;39;84;SEC_419
2005;527;35-49;147;153;300;SEC_527
2005;317;03-11;51;44;95;SEC_317
2005;408;35-49;102;123;225;SEC_408
2005;435;16-17;21;12;33;SEC_435
2005;611;75 i +;67;36;103;SEC_611
2005;115;75 i +;65;37;102;SEC_115
2005;439;50-64;70;54;124;SEC_439
2005;530;12-15;27;27;54;SEC_530
2005;230;16-17;8;12;20;SEC_230
2005;136;65-74;59;41;100;SEC_136
2005;232;65-74;64;51;115;SEC_232
2005;510;03-11;39;42;81;SEC_510
2005;223;65-74;64;61;125;SEC_223
2005;516;75 i +;24;15;39;SEC_516
2005;405;75 i +;51;38;89;SEC_405
2005;502;16-17;16;15;31;SEC_502
2005;203;25-34;90;107;197;SEC_203
2005;432;03-11;26;35;61;SEC_432
2005;246;03-11;37;36;73;SEC_246
2005;319;75 i +;38;22;60;SEC_319
2005;314;16-17;16;32;48;SEC_314
2005;516;35-49;86;109;195;SEC_516
2005;615;18-24;25;22;47;SEC_615
2005;135;25-34;133;152;285;SEC_135
2005;247;18-24;54;55;109;SEC_247
2005;243;12-15;30;35;65;SEC_243
2005;506;75 i +;72;42;114;SEC_506
2005;416;35-49;84;90;174;SEC_416
2005;113;35-49;168;158;326;SEC_113
2005;129;65-74;48;59;107;SEC_129
2005;523;25-34;130;142;272;SEC_523
2005;534;75 i +;59;30;89;SEC_534
2005;310;25-34;105;120;225;SEC_310
2005;312;12-15;26;25;51;SEC_312
2005;306;18-24;77;70;147;SEC_306
2005;604;25-34;42;83;125;SEC_604
2005;434;75 i +;54;23;77;SEC_434
2005;306;50-64;146;127;273;SEC_306
2005;628;50-64;142;117;259;SEC_628
2005;324;18-24;48;45;93;SEC_324
2005;516;00-02;9;9;18;SEC_516
2005;629;35-49;60;56;116;SEC_629
2005;225;50-64;53;37;90;SEC_225
2005;221;12-15;25;19;44;SEC_221
2005;631;18-24;40;32;72;SEC_631
2005;322;75 i +;45;42;87;SEC_322
2005;313;16-17;25;13;38;SEC_313
2005;233;18-24;39;38;77;SEC_233
2005;442;03-11;22;20;42;SEC_442
2005;209;25-34;95;83;178;SEC_209
2005;615;65-74;55;68;123;SEC_615
2005;405;12-15;9;6;15;SEC_405
2005;501;16-17;7;4;11;SEC_501
2005;606;12-15;14;19;33;SEC_606
2005;509;00-02;5;13;18;SEC_509
2005;528;65-74;65;64;129;SEC_528
2005;527;03-11;40;28;68;SEC_527
2005;140;25-34;105;108;213;SEC_140
2005;132;16-17;20;20;40;SEC_132
2005;523;16-17;5;13;18;SEC_523
2005;314;12-15;35;63;98;SEC_314
2005;119;50-64;198;166;364;SEC_119
2005;322;35-49;133;134;267;SEC_322
2005;502;25-34;146;178;324;SEC_502
2005;523;00-02;20;20;40;SEC_523
2005;424;18-24;32;36;68;SEC_424
2005;440;12-15;7;12;19;SEC_440
2005;242;16-17;4;8;12;SEC_242
2005;426;16-17;10;6;16;SEC_426
2005;230;12-15;18;16;34;SEC_230
2005;609;50-64;121;97;218;SEC_609
2005;510;18-24;46;51;97;SEC_510
2005;126;75 i +;53;27;80;SEC_126
2005;219;12-15;20;16;36;SEC_219
2005;302;65-74;63;48;111;SEC_302
2005;535;12-15;14;15;29;SEC_535
2005;243;16-17;16;17;33;SEC_243
2005;129;50-64;112;94;206;SEC_129
2005;527;75 i +;53;29;82;SEC_527
2005;108;03-11;58;43;101;SEC_108
2005;133;50-64;93;81;174;SEC_133
2005;107;25-34;160;199;359;SEC_107
2005;119;12-15;15;26;41;SEC_119
2005;105;16-17;13;14;27;SEC_105
2005;204;00-02;10;7;17;SEC_204
2005;209;18-24;28;46;74;SEC_209
2005;517;16-17;13;9;22;SEC_517
2005;631;03-11;33;39;72;SEC_631
2005;105;65-74;40;33;73;SEC_105
2005;323;50-64;316;337;653;SEC_323
2005;439;65-74;56;66;122;SEC_439
2005;215;12-15;11;19;30;SEC_215
2005;325;25-34;119;146;265;SEC_325
2005;422;35-49;125;160;285;SEC_422
2005;416;12-15;12;15;27;SEC_416
2005;137;03-11;46;57;103;SEC_137
2005;522;03-11;32;37;69;SEC_522
2005;325;75 i +;159;84;243;SEC_325
2005;136;00-02;24;18;42;SEC_136
2005;533;03-11;36;22;58;SEC_533
2005;122;12-15;14;8;22;SEC_122
2005;607;18-24;37;43;80;SEC_607
2005;234;25-34;96;109;205;SEC_234
2005;214;12-15;11;12;23;SEC_214
2005;318;03-11;32;35;67;SEC_318
2005;435;75 i +;95;47;142;SEC_435
2005;108;18-24;55;41;96;SEC_108
2005;235;03-11;50;60;110;SEC_235
2005;311;50-64;122;97;219;SEC_311
2005;133;65-74;46;40;86;SEC_133
2005;135;75 i +;54;38;92;SEC_135
2005;415;12-15;8;15;23;SEC_415
2005;110;03-11;29;29;58;SEC_110
2005;413;65-74;36;26;62;SEC_413
2005;514;65-74;53;40;93;SEC_514
2005;516;25-34;68;82;150;SEC_516
2005;502;12-15;28;13;41;SEC_502
2005;433;65-74;49;42;91;SEC_433
2005;320;50-64;98;98;196;SEC_320
2005;630;25-34;75;116;191;SEC_630
2005;318;12-15;14;24;38;SEC_318
2005;238;16-17;3;8;11;SEC_238
2005;228;50-64;59;53;112;SEC_228
2005;412;25-34;141;167;308;SEC_412
2005;515;03-11;25;28;53;SEC_515
2005;531;18-24;42;47;89;SEC_531
2005;224;65-74;38;19;57;SEC_224
2005;427;16-17;8;5;13;SEC_427
2005;420;75 i +;73;38;111;SEC_420
2005;213;50-64;89;81;170;SEC_213
2005;220;03-11;32;24;56;SEC_220
2005;220;65-74;52;38;90;SEC_220
2005;507;18-24;39;37;76;SEC_507
2005;122;25-34;88;98;186;SEC_122
2005;308;50-64;197;187;384;SEC_308
2005;438;65-74;59;62;121;SEC_438
2005;403;75 i +;60;37;97;SEC_403
2005;623;35-49;119;127;246;SEC_623
2005;233;03-11;19;31;50;SEC_233
2005;607;65-74;90;105;195;SEC_607
2005;212;75 i +;66;39;105;SEC_212
2005;511;35-49;74;69;143;SEC_511
2005;605;35-49;58;53;111;SEC_605
2005;305;65-74;56;70;126;SEC_305
2005;624;35-49;85;108;193;SEC_624
2005;120;75 i +;62;27;89;SEC_120
2005;430;25-34;93;129;222;SEC_430
2005;220;18-24;42;41;83;SEC_220
2005;318;25-34;67;70;137;SEC_318
2005;422;65-74;60;47;107;SEC_422
2005;309;35-49;107;109;216;SEC_309
2005;136;35-49;119;132;251;SEC_136
2005;427;65-74;54;29;83;SEC_427
2005;524;03-11;50;53;103;SEC_524
2005;114;16-17;14;5;19;SEC_114
2005;111;12-15;20;12;32;SEC_111
2005;235;35-49;157;189;346;SEC_235
2005;205;12-15;17;18;35;SEC_205
2005;617;16-17;7;8;15;SEC_617
2005;501;65-74;34;36;70;SEC_501
2005;242;12-15;16;14;30;SEC_242
2005;503;75 i +;34;14;48;SEC_503
2005;505;00-02;14;13;27;SEC_505
2005;632;16-17;10;8;18;SEC_632
2005;125;03-11;36;52;88;SEC_125
2005;106;18-24;127;98;225;SEC_106
2005;243;18-24;61;47;108;SEC_243
2005;136;50-64;120;114;234;SEC_136
2005;502;50-64;148;147;295;SEC_502
2005;431;18-24;79;87;166;SEC_431
2005;310;75 i +;40;26;66;SEC_310
2005;403;35-49;95;108;203;SEC_403
2005;412;16-17;9;12;21;SEC_412
2005;614;65-74;60;55;115;SEC_614
2005;538;18-24;42;52;94;SEC_538
2005;312;00-02;14;19;33;SEC_312
2005;613;25-34;128;143;271;SEC_613
2005;614;12-15;14;14;28;SEC_614
2005;111;18-24;42;31;73;SEC_111
2005;428;00-02;13;11;24;SEC_428
2005;123;35-49;139;152;291;SEC_123
2005;247;75 i +;72;35;107;SEC_247
2005;620;12-15;15;14;29;SEC_620
2005;401;16-17;15;19;34;SEC_401
2005;225;75 i +;46;30;76;SEC_225
2005;135;16-17;15;19;34;SEC_135
2005;522;16-17;13;11;24;SEC_522
2005;306;25-34;130;159;289;SEC_306
2005;215;25-34;89;78;167;SEC_215
2005;218;16-17;2;9;11;SEC_218
2005;620;25-34;48;41;89;SEC_620
2005;513;25-34;82;68;150;SEC_513
2005;507;35-49;84;96;180;SEC_507
2005;435;35-49;109;136;245;SEC_435
2005;101;35-49;203;201;404;SEC_101
2005;111;00-02;10;11;21;SEC_111
2005;631;00-02;11;11;22;SEC_631
2005;614;25-34;73;98;171;SEC_614
2005;432;65-74;69;61;130;SEC_432
2005;429;35-49;57;73;130;SEC_429
2005;611;50-64;167;134;301;SEC_611
2005;102;18-24;57;50;107;SEC_102
2005;423;50-64;81;73;154;SEC_423
2005;120;25-34;132;152;284;SEC_120
2005;325;35-49;215;177;392;SEC_325
2005;210;12-15;11;6;17;SEC_210
2005;134;35-49;152;147;299;SEC_134
2005;503;50-64;112;109;221;SEC_503
2005;238;35-49;107;111;218;SEC_238
2005;516;18-24;23;25;48;SEC_516
2005;136;75 i +;59;42;101;SEC_136
2005;220;00-02;14;8;22;SEC_220
2005;226;65-74;66;48;114;SEC_226
2005;503;16-17;11;9;20;SEC_503
2005;323;25-34;277;300;577;SEC_323
2005;207;75 i +;59;23;82;SEC_207
2005;505;35-49;104;101;205;SEC_505
2005;102;75 i +;81;43;124;SEC_102
2005;421;18-24;29;38;67;SEC_421
2005;310;00-02;13;21;34;SEC_310
2005;217;16-17;6;6;12;SEC_217
2005;622;00-02;8;9;17;SEC_622
2005;601;50-64;157;125;282;SEC_601
2005;111;50-64;100;81;181;SEC_111
2005;613;75 i +;46;23;69;SEC_613
2005;306;03-11;62;59;121;SEC_306
2005;610;35-49;104;114;218;SEC_610
2005;532;25-34;158;181;339;SEC_532
2005;133;25-34;91;101;192;SEC_133
2005;529;50-64;94;88;182;SEC_529
2005;527;50-64;60;59;119;SEC_527
2005;610;50-64;184;138;322;SEC_610
2005;515;25-34;59;78;137;SEC_515
2005;103;00-02;11;5;16;SEC_103
2005;317;65-74;35;26;61;SEC_317
2005;308;12-15;27;32;59;SEC_308
2005;107;75 i +;64;32;96;SEC_107
2005;438;75 i +;29;17;46;SEC_438
2005;308;16-17;15;12;27;SEC_308
2005;218;18-24;29;34;63;SEC_218
2005;136;18-24;64;48;112;SEC_136
2005;314;65-74;69;77;146;SEC_314
2005;127;75 i +;35;24;59;SEC_127
2005;321;65-74;80;74;154;SEC_321
2005;210;25-34;74;75;149;SEC_210
2005;612;25-34;98;104;202;SEC_612
2005;134;16-17;12;9;21;SEC_134
2005;418;35-49;132;154;286;SEC_418
2005;502;03-11;43;49;92;SEC_502
2005;122;00-02;12;16;28;SEC_122
2005;435;03-11;42;43;85;SEC_435
2005;407;35-49;115;128;243;SEC_407
2005;309;16-17;10;6;16;SEC_309
2005;510;75 i +;58;24;82;SEC_510
2005;604;50-64;69;55;124;SEC_604
2005;632;75 i +;30;18;48;SEC_632
2005;311;00-02;20;22;42;SEC_311
2005;128;03-11;23;25;48;SEC_128
2005;618;65-74;21;28;49;SEC_618
2005;440;75 i +;56;37;93;SEC_440
2005;324;16-17;9;12;21;SEC_324
2005;427;25-34;103;134;237;SEC_427
2005;322;16-17;8;13;21;SEC_322
2005;132;00-02;32;20;52;SEC_132
2005;220;50-64;64;47;111;SEC_220
2005;441;25-34;140;159;299;SEC_441
2005;312;25-34;181;159;340;SEC_312
2005;325;65-74;120;85;205;SEC_325
2005;421;35-49;114;134;248;SEC_421
2005;537;75 i +;72;40;112;SEC_537
2005;111;03-11;15;34;49;SEC_111
2005;520;16-17;8;12;20;SEC_520
2005;534;50-64;92;83;175;SEC_534
2005;106;35-49;203;177;380;SEC_106
2005;139;12-15;13;14;27;SEC_139
2005;619;65-74;102;92;194;SEC_619
2005;226;12-15;13;18;31;SEC_226
2005;317;12-15;16;21;37;SEC_317
2005;510;12-15;14;17;31;SEC_510
2005;239;75 i +;89;55;144;SEC_239
2005;624;65-74;54;57;111;SEC_624
2005;323;35-49;357;356;713;SEC_323
2005;201;65-74;53;47;100;SEC_201
2005;424;25-34;54;70;124;SEC_424
2005;308;75 i +;79;52;131;SEC_308
2005;528;16-17;26;6;32;SEC_528
2005;116;65-74;70;76;146;SEC_116
2005;233;00-02;10;10;20;SEC_233
2005;512;12-15;17;12;29;SEC_512
2005;236;16-17;10;8;18;SEC_236
2005;416;25-34;64;82;146;SEC_416
2005;608;75 i +;38;19;57;SEC_608
2005;519;00-02;11;8;19;SEC_519
2005;112;50-64;162;158;320;SEC_112
2005;114;18-24;57;70;127;SEC_114
2005;128;00-02;9;11;20;SEC_128
2005;301;18-24;85;105;190;SEC_301
2005;103;75 i +;40;24;64;SEC_103
2005;221;18-24;39;42;81;SEC_221
2005;518;00-02;13;17;30;SEC_518
2005;517;12-15;21;29;50;SEC_517
2005;216;16-17;2;8;10;SEC_216
2005;132;12-15;37;42;79;SEC_132
2005;130;50-64;61;52;113;SEC_130
2005;245;75 i +;67;30;97;SEC_245
2005;111;16-17;9;9;18;SEC_111
2005;114;50-64;189;167;356;SEC_114
2005;121;50-64;38;44;82;SEC_121
2005;511;12-15;12;11;23;SEC_511
2005;301;25-34;296;287;583;SEC_301
2005;131;35-49;145;152;297;SEC_131
2005;246;50-64;72;61;133;SEC_246
2005;411;12-15;15;11;26;SEC_411
2005;302;18-24;51;60;111;SEC_302
2005;505;16-17;6;4;10;SEC_505
2005;234;50-64;60;51;111;SEC_234
2005;216;00-02;28;18;46;SEC_216
2005;233;12-15;11;13;24;SEC_233
2005;415;03-11;29;30;59;SEC_415
2005;312;50-64;183;145;328;SEC_312
2005;140;16-17;6;6;12;SEC_140
2005;113;16-17;22;13;35;SEC_113
2005;429;00-02;4;8;12;SEC_429
2005;605;00-02;5;7;12;SEC_605
2005;420;00-02;28;25;53;SEC_420
2005;407;03-11;36;33;69;SEC_407
2005;623;65-74;60;71;131;SEC_623
2005;215;00-02;6;12;18;SEC_215
2005;243;25-34;138;126;264;SEC_243
2005;320;16-17;12;6;18;SEC_320
2005;226;16-17;7;15;22;SEC_226
2005;603;35-49;50;61;111;SEC_603
2005;124;16-17;9;8;17;SEC_124
2005;236;35-49;128;131;259;SEC_236
2005;505;18-24;51;35;86;SEC_505
2005;440;18-24;39;23;62;SEC_440
2005;415;65-74;33;25;58;SEC_415
2005;313;12-15;31;29;60;SEC_313
2005;137;35-49;163;156;319;SEC_137
2005;133;00-02;11;13;24;SEC_133
2005;239;12-15;13;16;29;SEC_239
2005;617;12-15;20;15;35;SEC_617
2005;208;18-24;65;69;134;SEC_208
2005;430;65-74;53;40;93;SEC_430
2005;516;50-64;47;41;88;SEC_516
2005;507;16-17;9;4;13;SEC_507
2005;219;35-49;148;161;309;SEC_219
2005;503;35-49;99;76;175;SEC_503
2005;537;00-02;15;8;23;SEC_537
2005;131;03-11;41;49;90;SEC_131
2005;616;75 i +;43;22;65;SEC_616
