AnyPadro;Seccio;GrupEdat;Dones;Homes;Total;IdSeccio
2013;310;00-02;17;11;28;SEC_310
2013;109;00-02;14;20;34;SEC_109
2013;106;12-15;21;21;42;SEC_106
2013;204;75 i +;114;56;170;SEC_204
2013;127;35-49;101;100;201;SEC_127
2013;119;65-74;101;97;198;SEC_119
2013;129;12-15;13;28;41;SEC_129
2013;231;35-49;157;185;342;SEC_231
2013;407;00-02;14;15;29;SEC_407
2013;316;00-02;21;19;40;SEC_316
2013;105;00-02;17;22;39;SEC_105
2013;618;00-02;15;7;22;SEC_618
2013;420;18-24;84;69;153;SEC_420
2013;421;50-64;80;73;153;SEC_421
2013;217;18-24;68;58;126;SEC_217
2013;626;75 i +;65;46;111;SEC_626
2013;108;03-11;60;56;116;SEC_108
2013;209;16-17;5;8;13;SEC_209
2013;201;03-11;53;62;115;SEC_201
2013;619;12-15;21;15;36;SEC_619
2013;615;00-02;12;12;24;SEC_615
2013;537;75 i +;82;55;137;SEC_537
2013;116;03-11;59;58;117;SEC_116
2013;113;65-74;73;80;153;SEC_113
2013;236;18-24;46;38;84;SEC_236
2013;609;03-11;38;31;69;SEC_609
2013;530;75 i +;95;67;162;SEC_530
2013;304;12-15;66;36;102;SEC_304
2013;216;18-24;52;43;95;SEC_216
2013;109;65-74;55;53;108;SEC_109
2013;320;35-49;213;221;434;SEC_320
2013;240;16-17;18;13;31;SEC_240
2013;213;00-02;11;12;23;SEC_213
2013;623;75 i +;60;45;105;SEC_623
2013;214;16-17;26;21;47;SEC_214
2013;315;65-74;62;62;124;SEC_315
2013;613;03-11;44;53;97;SEC_613
2013;521;00-02;15;10;25;SEC_521
2013;322;18-24;44;42;86;SEC_322
2013;132;35-49;226;260;486;SEC_132
2013;423;65-74;52;41;93;SEC_423
2013;116;65-74;112;99;211;SEC_116
2013;531;16-17;9;9;18;SEC_531
2013;323;03-11;86;89;175;SEC_323
2013;511;65-74;113;88;201;SEC_511
2013;122;50-64;55;44;99;SEC_122
2013;223;03-11;49;57;106;SEC_223
2013;120;75 i +;68;40;108;SEC_120
2013;533;65-74;105;63;168;SEC_533
2013;504;25-34;68;60;128;SEC_504
2013;205;65-74;50;36;86;SEC_205
2013;220;35-49;240;237;477;SEC_220
2013;240;75 i +;125;75;200;SEC_240
2013;130;65-74;60;33;93;SEC_130
2013;115;50-64;128;114;242;SEC_115
2013;626;16-17;11;12;23;SEC_626
2013;436;65-74;65;55;120;SEC_436
2013;627;00-02;5;18;23;SEC_627
2013;311;25-34;112;121;233;SEC_311
2013;514;12-15;33;35;68;SEC_514
2013;530;65-74;61;58;119;SEC_530
2013;507;35-49;97;117;214;SEC_507
2013;135;50-64;159;137;296;SEC_135
2013;520;50-64;85;55;140;SEC_520
2013;437;00-02;22;20;42;SEC_437
2013;112;25-34;108;86;194;SEC_112
2013;216;00-02;15;12;27;SEC_216
2013;430;50-64;65;79;144;SEC_430
2013;421;25-34;83;81;164;SEC_421
2013;126;12-15;21;18;39;SEC_126
2013;318;25-34;49;50;99;SEC_318
2013;406;03-11;52;61;113;SEC_406
2013;432;18-24;31;40;71;SEC_432
2013;228;65-74;119;71;190;SEC_228
2013;313;12-15;42;37;79;SEC_313
2013;237;03-11;69;64;133;SEC_237
2013;140;03-11;33;42;75;SEC_140
2013;202;18-24;51;65;116;SEC_202
2013;518;50-64;77;75;152;SEC_518
2013;624;18-24;28;33;61;SEC_624
2013;134;50-64;126;117;243;SEC_134
2013;403;50-64;109;94;203;SEC_403
2013;311;35-49;170;207;377;SEC_311
2013;234;12-15;11;10;21;SEC_234
2013;140;75 i +;60;42;102;SEC_140
2013;105;03-11;58;63;121;SEC_105
2013;507;18-24;23;35;58;SEC_507
2013;133;50-64;89;66;155;SEC_133
2013;217;00-02;24;14;38;SEC_217
2013;120;65-74;81;63;144;SEC_120
2013;612;35-49;117;146;263;SEC_612
2013;228;75 i +;134;88;222;SEC_228
2013;240;50-64;146;123;269;SEC_240
2013;625;75 i +;59;38;97;SEC_625
2013;528;65-74;66;54;120;SEC_528
2013;249;65-74;51;42;93;SEC_249
2013;602;00-02;19;17;36;SEC_602
2013;316;16-17;15;21;36;SEC_316
2013;234;50-64;83;71;154;SEC_234
2013;220;18-24;78;64;142;SEC_220
2013;231;18-24;41;44;85;SEC_231
2013;616;00-02;31;32;63;SEC_616
2013;112;16-17;11;18;29;SEC_112
2013;134;16-17;13;9;22;SEC_134
2013;525;03-11;46;56;102;SEC_525
2013;437;18-24;51;73;124;SEC_437
2013;420;35-49;222;268;490;SEC_420
2013;610;25-34;55;59;114;SEC_610
2013;113;25-34;129;127;256;SEC_113
2013;529;03-11;73;44;117;SEC_529
2013;207;65-74;77;56;133;SEC_207
2013;614;16-17;7;7;14;SEC_614
2013;111;75 i +;61;41;102;SEC_111
2013;416;16-17;9;17;26;SEC_416
2013;139;65-74;46;45;91;SEC_139
2013;119;35-49;134;136;270;SEC_119
2013;612;75 i +;63;46;109;SEC_612
2013;414;75 i +;87;65;152;SEC_414
2013;303;03-11;56;52;108;SEC_303
2013;310;25-34;77;67;144;SEC_310
2013;301;50-64;196;194;390;SEC_301
2013;248;75 i +;72;50;122;SEC_248
2013;309;75 i +;38;18;56;SEC_309
2013;326;50-64;28;35;63;SEC_326
2013;322;35-49;195;183;378;SEC_322
2013;303;50-64;107;105;212;SEC_303
2013;307;00-02;16;13;29;SEC_307
2013;626;25-34;54;47;101;SEC_626
2013;302;18-24;35;43;78;SEC_302
2013;213;12-15;5;25;30;SEC_213
2013;324;03-11;64;48;112;SEC_324
2013;326;16-17;5;2;7;SEC_326
2013;435;03-11;65;57;122;SEC_435
2013;503;25-34;42;51;93;SEC_503
2013;301;35-49;379;401;780;SEC_301
2013;534;50-64;81;72;153;SEC_534
2013;119;00-02;20;14;34;SEC_119
2013;205;03-11;35;39;74;SEC_205
2013;220;00-02;31;31;62;SEC_220
2013;524;75 i +;73;47;120;SEC_524
2013;245;65-74;47;24;71;SEC_245
2013;323;12-15;46;34;80;SEC_323
2013;503;75 i +;43;20;63;SEC_503
2013;617;35-49;115;132;247;SEC_617
2013;529;12-15;21;32;53;SEC_529
2013;301;75 i +;138;96;234;SEC_301
2013;505;35-49;135;130;265;SEC_505
2013;112;50-64;166;159;325;SEC_112
2013;606;12-15;18;30;48;SEC_606
2013;317;16-17;14;14;28;SEC_317
2013;106;65-74;80;103;183;SEC_106
2013;626;03-11;32;39;71;SEC_626
2013;421;35-49;161;161;322;SEC_421
2013;518;12-15;18;21;39;SEC_518
2013;425;12-15;12;16;28;SEC_425
2013;110;50-64;130;107;237;SEC_110
2013;609;16-17;7;6;13;SEC_609
2013;618;65-74;103;84;187;SEC_618
2013;236;12-15;15;12;27;SEC_236
2013;606;00-02;14;23;37;SEC_606
2013;325;75 i +;188;99;287;SEC_325
2013;503;18-24;24;30;54;SEC_503
2013;623;25-34;69;78;147;SEC_623
2013;133;03-11;33;32;65;SEC_133
2013;411;00-02;7;8;15;SEC_411
2013;421;16-17;13;14;27;SEC_421
2013;131;65-74;89;90;179;SEC_131
2013;306;75 i +;100;65;165;SEC_306
2013;427;16-17;16;14;30;SEC_427
2013;232;35-49;119;138;257;SEC_232
2013;245;16-17;9;11;20;SEC_245
2013;223;18-24;64;66;130;SEC_223
2013;115;65-74;68;67;135;SEC_115
2013;119;50-64;145;105;250;SEC_119
2013;309;00-02;25;21;46;SEC_309
2013;104;35-49;106;122;228;SEC_104
2013;133;00-02;13;13;26;SEC_133
2013;128;12-15;10;14;24;SEC_128
2013;514;50-64;103;89;192;SEC_514
2013;631;00-02;17;15;32;SEC_631
2013;406;65-74;78;65;143;SEC_406
2013;322;16-17;21;21;42;SEC_322
2013;412;12-15;18;18;36;SEC_412
2013;513;25-34;96;97;193;SEC_513
2013;411;12-15;15;11;26;SEC_411
2013;231;25-34;123;120;243;SEC_231
2013;111;03-11;33;32;65;SEC_111
2013;322;25-34;100;81;181;SEC_322
2013;122;75 i +;58;46;104;SEC_122
2013;537;03-11;52;43;95;SEC_537
2013;248;50-64;94;101;195;SEC_248
2013;249;25-34;91;88;179;SEC_249
2013;502;25-34;115;109;224;SEC_502
2013;412;50-64;162;152;314;SEC_412
2013;523;35-49;170;176;346;SEC_523
2013;410;25-34;111;102;213;SEC_410
2013;414;18-24;66;71;137;SEC_414
2013;202;03-11;75;80;155;SEC_202
2013;119;75 i +;93;51;144;SEC_119
2013;240;18-24;71;70;141;SEC_240
2013;623;00-02;9;16;25;SEC_623
2013;407;75 i +;94;51;145;SEC_407
2013;431;12-15;29;32;61;SEC_431
2013;136;18-24;40;36;76;SEC_136
2013;234;65-74;36;27;63;SEC_234
2013;130;00-02;17;15;32;SEC_130
2013;245;18-24;50;36;86;SEC_245
2013;403;35-49;121;144;265;SEC_403
2013;305;16-17;16;16;32;SEC_305
2013;406;50-64;118;116;234;SEC_406
2013;302;50-64;161;101;262;SEC_302
2013;312;03-11;55;66;121;SEC_312
2013;430;18-24;31;35;66;SEC_430
2013;318;00-02;7;7;14;SEC_318
2013;605;35-49;196;178;374;SEC_605
2013;502;75 i +;128;73;201;SEC_502
2013;530;18-24;58;61;119;SEC_530
2013;107;65-74;101;88;189;SEC_107
2013;229;12-15;36;31;67;SEC_229
2013;117;35-49;213;218;431;SEC_117
2013;627;35-49;96;94;190;SEC_627
2013;505;25-34;58;57;115;SEC_505
2013;622;03-11;29;39;68;SEC_622
2013;530;35-49;220;229;449;SEC_530
2013;304;18-24;81;75;156;SEC_304
2013;121;75 i +;84;45;129;SEC_121
2013;405;18-24;62;62;124;SEC_405
2013;511;16-17;16;16;32;SEC_511
2013;432;25-34;91;85;176;SEC_432
2013;305;12-15;32;26;58;SEC_305
2013;231;12-15;31;27;58;SEC_231
2013;514;03-11;60;61;121;SEC_514
2013;517;75 i +;103;71;174;SEC_517
2013;407;03-11;46;54;100;SEC_407
2013;431;16-17;10;12;22;SEC_431
2013;403;00-02;25;17;42;SEC_403
2013;605;50-64;135;98;233;SEC_605
2013;127;75 i +;42;33;75;SEC_127
2013;322;50-64;111;95;206;SEC_322
2013;301;65-74;147;118;265;SEC_301
2013;239;50-64;103;75;178;SEC_239
2013;510;03-11;46;37;83;SEC_510
2013;535;35-49;90;86;176;SEC_535
2013;306;03-11;73;46;119;SEC_306
2013;501;18-24;35;30;65;SEC_501
2013;422;65-74;48;27;75;SEC_422
2013;521;25-34;53;47;100;SEC_521
2013;321;18-24;75;88;163;SEC_321
2013;405;25-34;139;149;288;SEC_405
2013;529;16-17;12;12;24;SEC_529
2013;121;18-24;26;34;60;SEC_121
2013;530;50-64;114;110;224;SEC_530
2013;214;12-15;45;39;84;SEC_214
2013;242;03-11;46;53;99;SEC_242
2013;502;00-02;24;21;45;SEC_502
2013;306;00-02;18;22;40;SEC_306
2013;405;35-49;233;234;467;SEC_405
2013;326;03-11;38;36;74;SEC_326
2013;326;00-02;29;21;50;SEC_326
2013;107;25-34;100;141;241;SEC_107
2013;508;50-64;115;84;199;SEC_508
2013;534;16-17;4;8;12;SEC_534
2013;239;16-17;10;10;20;SEC_239
2013;111;65-74;73;53;126;SEC_111
2013;138;35-49;88;72;160;SEC_138
2013;411;35-49;90;96;186;SEC_411
2013;232;50-64;89;68;157;SEC_232
2013;420;03-11;100;82;182;SEC_420
2013;524;03-11;59;57;116;SEC_524
2013;416;25-34;103;99;202;SEC_416
2013;307;35-49;132;125;257;SEC_307
2013;622;00-02;6;10;16;SEC_622
2013;214;65-74;92;61;153;SEC_214
2013;127;25-34;66;54;120;SEC_127
2013;236;00-02;13;17;30;SEC_236
2013;621;25-34;85;107;192;SEC_621
2013;432;75 i +;71;50;121;SEC_432
2013;128;18-24;26;27;53;SEC_128
2013;611;35-49;238;283;521;SEC_611
2013;435;18-24;37;47;84;SEC_435
2013;304;50-64;146;124;270;SEC_304
2013;246;50-64;89;84;173;SEC_246
2013;301;16-17;15;22;37;SEC_301
2013;613;00-02;11;14;25;SEC_613
2013;405;75 i +;134;100;234;SEC_405
2013;131;00-02;17;16;33;SEC_131
2013;237;12-15;21;27;48;SEC_237
2013;229;00-02;38;35;73;SEC_229
2013;126;65-74;92;87;179;SEC_126
2013;320;18-24;51;48;99;SEC_320
2013;625;16-17;6;4;10;SEC_625
2013;411;50-64;86;73;159;SEC_411
2013;220;75 i +;101;69;170;SEC_220
2013;436;12-15;40;37;77;SEC_436
2013;524;50-64;92;88;180;SEC_524
2013;414;35-49;253;271;524;SEC_414
2013;309;35-49;145;148;293;SEC_309
2013;617;75 i +;59;38;97;SEC_617
2013;524;18-24;45;52;97;SEC_524
2013;304;25-34;282;232;514;SEC_304
2013;313;16-17;6;14;20;SEC_313
2013;511;18-24;85;83;168;SEC_511
2013;319;18-24;35;47;82;SEC_319
2013;202;65-74;64;63;127;SEC_202
2013;106;03-11;61;56;117;SEC_106
2013;314;25-34;175;160;335;SEC_314
2013;305;75 i +;88;52;140;SEC_305
2013;320;03-11;88;84;172;SEC_320
2013;220;03-11;70;71;141;SEC_220
2013;537;65-74;80;64;144;SEC_537
2013;524;25-34;99;115;214;SEC_524
2013;229;35-49;230;248;478;SEC_229
2013;213;16-17;4;13;17;SEC_213
2013;503;03-11;16;24;40;SEC_503
2013;212;50-64;107;101;208;SEC_212
2013;437;12-15;28;26;54;SEC_437
2013;627;16-17;6;8;14;SEC_627
2013;614;50-64;77;69;146;SEC_614
2013;440;50-64;81;79;160;SEC_440
2013;239;18-24;36;41;77;SEC_239
2013;610;18-24;34;46;80;SEC_610
2013;245;25-34;94;75;169;SEC_245
2013;308;65-74;109;92;201;SEC_308
2013;503;12-15;12;10;22;SEC_503
2013;502;03-11;58;60;118;SEC_502
2013;315;75 i +;54;39;93;SEC_315
2013;402;16-17;8;3;11;SEC_402
2013;221;50-64;155;138;293;SEC_221
2013;601;35-49;216;278;494;SEC_601
2013;117;75 i +;73;50;123;SEC_117
2013;204;16-17;14;9;23;SEC_204
2013;324;18-24;31;37;68;SEC_324
2013;137;18-24;53;50;103;SEC_137
2013;130;25-34;57;43;100;SEC_130
2013;117;00-02;18;34;52;SEC_117
2013;102;16-17;9;18;27;SEC_102
2013;231;03-11;62;64;126;SEC_231
2013;120;03-11;50;94;144;SEC_120
2013;127;50-64;80;73;153;SEC_127
2013;210;65-74;56;50;106;SEC_210
2013;521;75 i +;60;51;111;SEC_521
2013;609;50-64;59;40;99;SEC_609
2013;327;50-64;169;135;304;SEC_327
2013;621;12-15;17;31;48;SEC_621
2013;209;18-24;37;43;80;SEC_209
2013;111;25-34;41;43;84;SEC_111
2013;518;35-49;136;147;283;SEC_518
2013;117;50-64;236;214;450;SEC_117
2013;125;16-17;10;12;22;SEC_125
2013;103;65-74;35;26;61;SEC_103
2013;525;00-02;23;19;42;SEC_525
2013;403;03-11;50;43;93;SEC_403
2013;528;03-11;53;53;106;SEC_528
2013;327;00-02;10;13;23;SEC_327
2013;229;50-64;121;114;235;SEC_229
2013;135;03-11;43;60;103;SEC_135
2013;226;35-49;248;237;485;SEC_226
2013;321;50-64;302;260;562;SEC_321
2013;538;75 i +;96;64;160;SEC_538
2013;128;00-02;18;12;30;SEC_128
2013;402;75 i +;60;44;104;SEC_402
2013;617;18-24;34;34;68;SEC_617
2013;631;25-34;60;45;105;SEC_631
2013;609;18-24;19;22;41;SEC_609
2013;103;18-24;23;13;36;SEC_103
2013;605;75 i +;99;82;181;SEC_605
2013;207;25-34;170;145;315;SEC_207
2013;238;03-11;36;37;73;SEC_238
2013;305;00-02;20;18;38;SEC_305
2013;223;00-02;20;17;37;SEC_223
2013;520;75 i +;53;42;95;SEC_520
2013;605;18-24;39;35;74;SEC_605
2013;612;00-02;16;14;30;SEC_612
2013;132;00-02;30;31;61;SEC_132
2013;118;50-64;213;174;387;SEC_118
2013;622;18-24;26;33;59;SEC_622
2013;314;00-02;32;28;60;SEC_314
2013;524;00-02;17;21;38;SEC_524
2013;528;00-02;21;12;33;SEC_528
2013;119;18-24;30;37;67;SEC_119
2013;421;65-74;82;57;139;SEC_421
2013;208;25-34;141;102;243;SEC_208
2013;510;12-15;18;17;35;SEC_510
2013;610;00-02;12;16;28;SEC_610
2013;441;12-15;32;36;68;SEC_441
2013;602;12-15;20;29;49;SEC_602
2013;327;35-49;109;117;226;SEC_327
2013;421;00-02;12;21;33;SEC_421
2013;503;50-64;121;87;208;SEC_503
2013;506;03-11;45;68;113;SEC_506
2013;232;03-11;33;43;76;SEC_232
2013;618;50-64;112;97;209;SEC_618
2013;430;00-02;18;18;36;SEC_430
2013;503;35-49;89;70;159;SEC_503
2013;238;00-02;12;19;31;SEC_238
2013;321;03-11;74;80;154;SEC_321
2013;621;35-49;166;184;350;SEC_621
2013;224;18-24;35;44;79;SEC_224
2013;224;50-64;109;85;194;SEC_224
2013;211;50-64;115;108;223;SEC_211
2013;306;50-64;168;142;310;SEC_306
2013;632;65-74;54;45;99;SEC_632
2013;210;12-15;13;9;22;SEC_210
2013;124;25-34;54;47;101;SEC_124
2013;114;50-64;143;124;267;SEC_114
2013;305;25-34;110;128;238;SEC_305
2013;310;50-64;96;92;188;SEC_310
2013;624;00-02;14;9;23;SEC_624
2013;436;00-02;20;29;49;SEC_436
2013;132;25-34;151;149;300;SEC_132
2013;118;65-74;88;104;192;SEC_118
2013;418;65-74;63;54;117;SEC_418
2013;538;12-15;17;25;42;SEC_538
2013;412;65-74;112;87;199;SEC_412
2013;410;50-64;146;119;265;SEC_410
2013;311;75 i +;101;50;151;SEC_311
2013;505;03-11;39;35;74;SEC_505
2013;419;16-17;16;21;37;SEC_419
2013;403;75 i +;86;74;160;SEC_403
2013;618;18-24;45;41;86;SEC_618
2013;610;35-49;130;142;272;SEC_610
2013;217;75 i +;74;49;123;SEC_217
2013;306;16-17;20;19;39;SEC_306
2013;525;75 i +;67;34;101;SEC_525
2013;309;50-64;100;74;174;SEC_309
2013;132;18-24;72;75;147;SEC_132
2013;126;25-34;64;53;117;SEC_126
2013;223;50-64;90;92;182;SEC_223
2013;520;65-74;48;42;90;SEC_520
2013;621;18-24;44;36;80;SEC_621
2013;202;25-34;158;171;329;SEC_202
2013;138;75 i +;40;30;70;SEC_138
2013;216;50-64;113;102;215;SEC_216
2013;234;75 i +;74;42;116;SEC_234
2013;423;12-15;16;16;32;SEC_423
2013;632;16-17;8;12;20;SEC_632
2013;311;03-11;73;79;152;SEC_311
2013;139;00-02;12;9;21;SEC_139
2013;131;03-11;42;56;98;SEC_131
2013;247;18-24;47;67;114;SEC_247
2013;505;16-17;2;3;5;SEC_505
2013;321;65-74;129;127;256;SEC_321
2013;137;03-11;73;59;132;SEC_137
2013;616;75 i +;46;38;84;SEC_616
2013;211;75 i +;94;38;132;SEC_211
2013;520;35-49;100;103;203;SEC_520
2013;315;00-02;30;25;55;SEC_315
2013;133;12-15;17;10;27;SEC_133
2013;502;16-17;11;15;26;SEC_502
2013;508;03-11;62;72;134;SEC_508
2013;531;00-02;12;14;26;SEC_531
2013;314;35-49;266;285;551;SEC_314
2013;136;50-64;110;102;212;SEC_136
2013;535;65-74;99;86;185;SEC_535
2013;410;18-24;62;58;120;SEC_410
2013;419;25-34;141;185;326;SEC_419
2013;101;12-15;37;28;65;SEC_101
2013;612;18-24;22;33;55;SEC_612
2013;437;03-11;73;86;159;SEC_437
2013;619;18-24;33;33;66;SEC_619
2013;606;18-24;37;37;74;SEC_606
2013;231;16-17;8;15;23;SEC_231
2013;402;12-15;16;17;33;SEC_402
2013;425;25-34;77;117;194;SEC_425
2013;630;35-49;86;83;169;SEC_630
2013;120;50-64;200;196;396;SEC_120
2013;207;12-15;24;41;65;SEC_207
2013;326;12-15;8;8;16;SEC_326
2013;226;65-74;76;66;142;SEC_226
2013;514;00-02;23;24;47;SEC_514
2013;433;35-49;226;251;477;SEC_433
2013;405;50-64;124;134;258;SEC_405
2013;506;12-15;34;35;69;SEC_506
2013;212;00-02;25;15;40;SEC_212
2013;617;16-17;5;12;17;SEC_617
2013;534;25-34;65;77;142;SEC_534
2013;614;00-02;5;13;18;SEC_614
2013;140;65-74;50;49;99;SEC_140
2013;325;18-24;49;49;98;SEC_325
2013;533;00-02;32;37;69;SEC_533
2013;317;12-15;19;22;41;SEC_317
2013;136;16-17;10;11;21;SEC_136
2013;401;25-34;77;86;163;SEC_401
2013;308;16-17;18;25;43;SEC_308
2013;124;00-02;5;5;10;SEC_124
2013;626;35-49;96;104;200;SEC_626
2013;521;03-11;31;40;71;SEC_521
2013;118;25-34;108;97;205;SEC_118
2013;613;75 i +;80;50;130;SEC_613
2013;630;50-64;101;83;184;SEC_630
2013;531;65-74;47;33;80;SEC_531
2013;234;25-34;88;87;175;SEC_234
2013;534;75 i +;66;51;117;SEC_534
2013;117;25-34;125;136;261;SEC_117
2013;139;12-15;13;18;31;SEC_139
2013;431;00-02;34;28;62;SEC_431
2013;538;18-24;43;47;90;SEC_538
2013;422;16-17;14;12;26;SEC_422
2013;418;50-64;110;111;221;SEC_418
2013;226;25-34;139;148;287;SEC_226
2013;233;50-64;67;64;131;SEC_233
2013;113;16-17;15;14;29;SEC_113
2013;611;50-64;110;118;228;SEC_611
2013;247;03-11;71;73;144;SEC_247
2013;307;65-74;113;88;201;SEC_307
2013;111;00-02;9;5;14;SEC_111
2013;416;75 i +;87;54;141;SEC_416
2013;530;00-02;17;27;44;SEC_530
2013;110;35-49;117;112;229;SEC_110
2013;423;00-02;14;16;30;SEC_423
2013;504;35-49;112;126;238;SEC_504
2013;233;12-15;14;22;36;SEC_233
2013;632;35-49;102;116;218;SEC_632
2013;104;00-02;9;10;19;SEC_104
2013;117;18-24;62;68;130;SEC_117
2013;317;35-49;136;174;310;SEC_317
2013;433;65-74;62;43;105;SEC_433
2013;302;25-34;117;100;217;SEC_302
2013;140;12-15;15;16;31;SEC_140
2013;324;50-64;67;73;140;SEC_324
2013;318;75 i +;31;21;52;SEC_318
2013;504;18-24;25;26;51;SEC_504
2013;109;18-24;36;28;64;SEC_109
2013;435;25-34;99;101;200;SEC_435
2013;120;18-24;76;66;142;SEC_120
2013;621;03-11;45;56;101;SEC_621
2013;418;75 i +;79;63;142;SEC_418
2013;314;18-24;68;130;198;SEC_314
2013;234;35-49;133;152;285;SEC_234
2013;243;00-02;19;25;44;SEC_243
2013;132;65-74;104;120;224;SEC_132
2013;249;03-11;40;47;87;SEC_249
2013;325;03-11;67;77;144;SEC_325
2013;437;16-17;13;11;24;SEC_437
2013;535;12-15;6;19;25;SEC_535
2013;418;03-11;68;48;116;SEC_418
2013;311;12-15;24;27;51;SEC_311
2013;617;65-74;64;45;109;SEC_617
2013;525;16-17;7;11;18;SEC_525
2013;237;35-49;184;207;391;SEC_237
2013;226;75 i +;125;77;202;SEC_226
2013;312;25-34;168;148;316;SEC_312
2013;538;16-17;11;17;28;SEC_538
2013;246;65-74;38;38;76;SEC_246
2013;433;00-02;34;25;59;SEC_433
2013;202;00-02;24;30;54;SEC_202
2013;426;00-02;12;12;24;SEC_426
2013;411;16-17;7;7;14;SEC_411
2013;605;16-17;14;14;28;SEC_605
2013;612;50-64;59;62;121;SEC_612
2013;517;50-64;165;146;311;SEC_517
2013;624;65-74;101;114;215;SEC_624
2013;624;50-64;91;60;151;SEC_624
2013;125;50-64;153;140;293;SEC_125
2013;233;25-34;95;105;200;SEC_233
2013;627;18-24;13;32;45;SEC_627
2013;624;25-34;61;55;116;SEC_624
2013;117;65-74;111;91;202;SEC_117
2013;409;12-15;31;30;61;SEC_409
2013;228;50-64;147;157;304;SEC_228
2013;306;25-34;107;120;227;SEC_306
2013;201;50-64;78;66;144;SEC_201
2013;115;12-15;19;27;46;SEC_115
2013;625;18-24;43;41;84;SEC_625
2013;426;75 i +;50;30;80;SEC_426
2013;504;12-15;12;13;25;SEC_504
2013;507;03-11;29;42;71;SEC_507
2013;617;00-02;10;13;23;SEC_617
2013;611;65-74;132;99;231;SEC_611
2013;103;16-17;7;6;13;SEC_103
2013;136;25-34;77;67;144;SEC_136
2013;140;18-24;34;37;71;SEC_140
2013;226;18-24;56;57;113;SEC_226
2013;615;12-15;13;11;24;SEC_615
2013;506;35-49;171;186;357;SEC_506
2013;120;25-34;96;106;202;SEC_120
2013;404;35-49;156;176;332;SEC_404
2013;505;65-74;146;130;276;SEC_505
2013;207;03-11;70;69;139;SEC_207
2013;308;35-49;261;233;494;SEC_308
2013;432;35-49;125;154;279;SEC_432
2013;627;03-11;30;32;62;SEC_627
2013;131;12-15;21;17;38;SEC_131
2013;532;16-17;9;8;17;SEC_532
2013;621;16-17;14;16;30;SEC_621
2013;139;50-64;84;84;168;SEC_139
2013;416;00-02;22;24;46;SEC_416
2013;321;25-34;152;151;303;SEC_321
2013;518;65-74;68;33;101;SEC_518
2013;109;03-11;48;34;82;SEC_109
2013;127;03-11;34;39;73;SEC_127
2013;326;18-24;12;15;27;SEC_326
2013;412;35-49;183;186;369;SEC_412
2013;139;25-34;55;64;119;SEC_139
2013;316;25-34;185;211;396;SEC_316
2013;120;16-17;15;19;34;SEC_120
2013;403;16-17;6;10;16;SEC_403
2013;501;65-74;86;93;179;SEC_501
2013;228;03-11;105;113;218;SEC_228
2013;247;16-17;7;20;27;SEC_247
2013;308;00-02;29;19;48;SEC_308
2013;619;75 i +;103;74;177;SEC_619
2013;122;35-49;115;120;235;SEC_122
2013;204;18-24;64;55;119;SEC_204
2013;409;65-74;97;70;167;SEC_409
2013;427;50-64;129;114;243;SEC_427
2013;104;75 i +;84;41;125;SEC_104
2013;625;50-64;190;153;343;SEC_625
2013;407;50-64;73;75;148;SEC_407
2013;205;16-17;7;13;20;SEC_205
2013;242;65-74;58;48;106;SEC_242
2013;121;12-15;10;19;29;SEC_121
2013;535;18-24;34;36;70;SEC_535
2013;243;50-64;119;123;242;SEC_243
2013;211;12-15;19;34;53;SEC_211
2013;226;00-02;27;33;60;SEC_226
2013;316;75 i +;73;36;109;SEC_316
2013;530;16-17;10;22;32;SEC_530
2013;614;35-49;108;115;223;SEC_614
2013;326;65-74;7;5;12;SEC_326
2013;403;65-74;90;62;152;SEC_403
2013;224;25-34;100;96;196;SEC_224
2013;615;03-11;33;24;57;SEC_615
2013;105;25-34;83;86;169;SEC_105
2013;624;12-15;11;13;24;SEC_624
2013;140;35-49;117;126;243;SEC_140
2013;402;18-24;29;27;56;SEC_402
2013;122;25-34;54;46;100;SEC_122
2013;523;18-24;45;52;97;SEC_523
2013;208;35-49;170;159;329;SEC_208
2013;611;16-17;9;15;24;SEC_611
2013;122;12-15;14;19;33;SEC_122
2013;418;35-49;155;179;334;SEC_418
2013;402;03-11;39;52;91;SEC_402
2013;210;35-49;97;95;192;SEC_210
2013;135;00-02;20;23;43;SEC_135
2013;320;16-17;11;12;23;SEC_320
2013;441;25-34;180;186;366;SEC_441
2013;216;25-34;105;89;194;SEC_216
2013;209;25-34;83;87;170;SEC_209
2013;212;25-34;126;118;244;SEC_212
2013;426;25-34;85;84;169;SEC_426
2013;317;75 i +;57;20;77;SEC_317
2013;102;00-02;15;15;30;SEC_102
2013;305;35-49;176;181;357;SEC_305
2013;612;25-34;50;48;98;SEC_612
2013;208;12-15;21;25;46;SEC_208
2013;234;16-17;10;7;17;SEC_234
2013;431;75 i +;90;44;134;SEC_431
2013;201;35-49;172;173;345;SEC_201
2013;622;65-74;49;46;95;SEC_622
2013;302;03-11;42;37;79;SEC_302
2013;432;12-15;24;21;45;SEC_432
2013;232;00-02;15;23;38;SEC_232
2013;122;16-17;8;4;12;SEC_122
2013;304;35-49;335;364;699;SEC_304
2013;414;03-11;96;79;175;SEC_414
2013;115;03-11;50;54;104;SEC_115
2013;140;16-17;3;11;14;SEC_140
2013;102;12-15;29;24;53;SEC_102
2013;216;12-15;22;9;31;SEC_216
2013;601;18-24;74;77;151;SEC_601
2013;301;25-34;180;189;369;SEC_301
2013;502;12-15;30;23;53;SEC_502
2013;437;35-49;178;226;404;SEC_437
2013;610;03-11;43;36;79;SEC_610
2013;237;65-74;65;45;110;SEC_237
2013;631;75 i +;61;40;101;SEC_631
2013;617;12-15;16;14;30;SEC_617
2013;101;35-49;307;296;603;SEC_101
2013;422;18-24;41;38;79;SEC_422
2013;537;16-17;9;6;15;SEC_537
2013;422;35-49;137;157;294;SEC_422
2013;414;12-15;40;31;71;SEC_414
2013;204;65-74;66;56;122;SEC_204
2013;239;12-15;16;26;42;SEC_239
2013;532;75 i +;91;63;154;SEC_532
2013;140;25-34;64;82;146;SEC_140
2013;221;25-34;163;153;316;SEC_221
2013;608;65-74;80;54;134;SEC_608
2013;123;03-11;49;56;105;SEC_123
2013;104;65-74;42;34;76;SEC_104
2013;217;16-17;15;16;31;SEC_217
2013;538;35-49;162;151;313;SEC_538
2013;611;12-15;30;28;58;SEC_611
2013;202;75 i +;80;56;136;SEC_202
2013;116;25-34;79;74;153;SEC_116
2013;315;03-11;84;84;168;SEC_315
2013;323;00-02;17;24;41;SEC_323
2013;322;65-74;58;47;105;SEC_322
2013;129;35-49;139;151;290;SEC_129
2013;416;03-11;77;80;157;SEC_416
2013;611;75 i +;92;64;156;SEC_611
2013;102;50-64;141;124;265;SEC_102
2013;229;75 i +;99;55;154;SEC_229
2013;217;12-15;16;24;40;SEC_217
2013;324;16-17;12;7;19;SEC_324
2013;204;50-64;123;114;237;SEC_204
2013;601;16-17;13;14;27;SEC_601
2013;134;00-02;21;24;45;SEC_134
2013;427;00-02;21;28;49;SEC_427
2013;507;75 i +;47;22;69;SEC_507
2013;313;65-74;99;74;173;SEC_313
2013;208;18-24;48;56;104;SEC_208
2013;243;03-11;73;80;153;SEC_243
2013;207;50-64;168;143;311;SEC_207
2013;325;16-17;19;18;37;SEC_325
2013;314;03-11;82;102;184;SEC_314
2013;418;25-34;80;108;188;SEC_418
2013;201;65-74;51;31;82;SEC_201
2013;132;16-17;15;25;40;SEC_132
2013;310;16-17;9;5;14;SEC_310
2013;517;25-34;169;204;373;SEC_517
2013;110;75 i +;77;37;114;SEC_110
2013;526;35-49;221;251;472;SEC_526
2013;624;16-17;7;8;15;SEC_624
2013;601;12-15;30;31;61;SEC_601
2013;124;50-64;88;67;155;SEC_124
2013;246;75 i +;74;44;118;SEC_246
2013;116;12-15;26;22;48;SEC_116
2013;623;16-17;9;12;21;SEC_623
2013;224;75 i +;74;37;111;SEC_224
2013;210;16-17;5;8;13;SEC_210
2013;436;25-34;127;119;246;SEC_436
2013;615;65-74;100;79;179;SEC_615
2013;625;03-11;32;54;86;SEC_625
2013;123;65-74;59;56;115;SEC_123
2013;525;65-74;43;36;79;SEC_525
2013;528;50-64;100;77;177;SEC_528
2013;210;25-34;45;48;93;SEC_210
2013;441;35-49;213;249;462;SEC_441
2013;109;75 i +;70;41;111;SEC_109
2013;303;18-24;31;32;63;SEC_303
2013;226;03-11;81;63;144;SEC_226
2013;103;03-11;32;29;61;SEC_103
2013;401;75 i +;91;42;133;SEC_401
2013;414;50-64;128;116;244;SEC_414
2013;114;00-02;17;17;34;SEC_114
2013;324;00-02;16;27;43;SEC_324
2013;433;03-11;75;104;179;SEC_433
2013;401;65-74;54;52;106;SEC_401
2013;427;12-15;31;34;65;SEC_427
2013;532;18-24;54;41;95;SEC_532
2013;312;65-74;133;96;229;SEC_312
2013;237;16-17;12;11;23;SEC_237
2013;432;00-02;16;12;28;SEC_432
2013;420;50-64;175;156;331;SEC_420
2013;317;25-34;93;102;195;SEC_317
2013;622;25-34;46;43;89;SEC_622
2013;124;35-49;93;80;173;SEC_124
2013;523;00-02;23;18;41;SEC_523
2013;622;35-49;99;110;209;SEC_622
2013;247;65-74;57;42;99;SEC_247
2013;440;18-24;32;33;65;SEC_440
2013;101;00-02;25;39;64;SEC_101
2013;122;03-11;37;39;76;SEC_122
2013;239;03-11;34;45;79;SEC_239
2013;501;00-02;6;13;19;SEC_501
2013;631;50-64;97;58;155;SEC_631
2013;440;00-02;11;11;22;SEC_440
2013;204;00-02;18;19;37;SEC_204
2013;238;12-15;17;13;30;SEC_238
2013;631;16-17;9;7;16;SEC_631
2013;410;65-74;105;95;200;SEC_410
2013;508;35-49;183;219;402;SEC_508
2013;437;65-74;104;71;175;SEC_437
2013;214;50-64;158;146;304;SEC_214
2013;116;00-02;18;14;32;SEC_116
2013;622;16-17;1;6;7;SEC_622
2013;608;00-02;16;18;34;SEC_608
2013;321;75 i +;118;81;199;SEC_321
2013;611;03-11;81;91;172;SEC_611
2013;524;35-49;166;185;351;SEC_524
2013;407;65-74;45;31;76;SEC_407
2013;623;35-49;150;168;318;SEC_623
2013;247;35-49;187;198;385;SEC_247
2013;526;75 i +;89;45;134;SEC_526
2013;514;18-24;42;59;101;SEC_514
2013;101;03-11;131;143;274;SEC_101
2013;243;35-49;220;225;445;SEC_243
2013;323;18-24;63;60;123;SEC_323
2013;609;25-34;46;45;91;SEC_609
2013;311;50-64;113;96;209;SEC_311
2013;610;50-64;86;69;155;SEC_610
2013;402;00-02;6;11;17;SEC_402
2013;134;18-24;43;49;92;SEC_134
2013;208;00-02;15;21;36;SEC_208
2013;433;25-34;168;156;324;SEC_433
2013;229;16-17;26;26;52;SEC_229
2013;201;75 i +;63;45;108;SEC_201
2013;120;12-15;33;43;76;SEC_120
2013;108;16-17;15;9;24;SEC_108
2013;321;35-49;241;197;438;SEC_321
2013;508;25-34;118;126;244;SEC_508
2013;320;00-02;24;14;38;SEC_320
2013;414;00-02;21;27;48;SEC_414
2013;507;65-74;53;51;104;SEC_507
2013;517;03-11;110;103;213;SEC_517
2013;106;75 i +;76;32;108;SEC_106
2013;613;35-49;144;163;307;SEC_613
2013;327;65-74;44;51;95;SEC_327
2013;124;18-24;19;29;48;SEC_124
2013;127;18-24;31;31;62;SEC_127
2013;530;25-34;160;155;315;SEC_530
2013;112;75 i +;69;37;106;SEC_112
2013;242;75 i +;83;63;146;SEC_242
2013;312;00-02;32;24;56;SEC_312
2013;401;12-15;21;31;52;SEC_401
2013;507;00-02;9;12;21;SEC_507
2013;518;00-02;15;19;34;SEC_518
2013;209;50-64;102;85;187;SEC_209
2013;315;12-15;27;36;63;SEC_315
2013;631;18-24;34;31;65;SEC_631
2013;602;03-11;66;70;136;SEC_602
2013;517;12-15;37;51;88;SEC_517
2013;518;18-24;39;44;83;SEC_518
2013;517;18-24;76;85;161;SEC_517
2013;309;18-24;34;28;62;SEC_309
2013;435;75 i +;82;38;120;SEC_435
2013;211;00-02;11;22;33;SEC_211
2013;441;75 i +;110;67;177;SEC_441
2013;406;16-17;19;13;32;SEC_406
2013;104;25-34;56;51;107;SEC_104
2013;436;35-49;198;239;437;SEC_436
2013;305;03-11;59;65;124;SEC_305
2013;201;00-02;19;23;42;SEC_201
2013;304;03-11;137;135;272;SEC_304
2013;105;16-17;5;7;12;SEC_105
2013;422;50-64;89;97;186;SEC_422
2013;233;00-02;18;20;38;SEC_233
2013;207;35-49;248;240;488;SEC_207
2013;229;18-24;68;76;144;SEC_229
2013;537;50-64;112;102;214;SEC_537
2013;607;35-49;105;129;234;SEC_607
2013;136;00-02;20;20;40;SEC_136
2013;243;12-15;24;32;56;SEC_243
2013;602;75 i +;60;58;118;SEC_602
2013;505;12-15;13;13;26;SEC_505
2013;632;50-64;78;64;142;SEC_632
2013;201;12-15;15;20;35;SEC_201
2013;431;50-64;108;103;211;SEC_431
2013;405;00-02;32;27;59;SEC_405
2013;103;50-64;66;63;129;SEC_103
2013;247;25-34;115;92;207;SEC_247
2013;107;16-17;8;23;31;SEC_107
2013;401;00-02;9;24;33;SEC_401
2013;125;35-49;229;225;454;SEC_125
2013;129;18-24;40;45;85;SEC_129
2013;121;50-64;49;67;116;SEC_121
2013;311;18-24;42;55;97;SEC_311
2013;423;25-34;77;100;177;SEC_423
2013;605;25-34;100;118;218;SEC_605
2013;425;50-64;72;78;150;SEC_425
2013;315;16-17;15;14;29;SEC_315
2013;211;25-34;114;122;236;SEC_211
2013;432;16-17;11;17;28;SEC_432
2013;242;16-17;10;10;20;SEC_242
2013;323;75 i +;62;21;83;SEC_323
2013;510;75 i +;66;38;104;SEC_510
2013;523;50-64;98;110;208;SEC_523
2013;302;65-74;90;112;202;SEC_302
2013;246;00-02;14;15;29;SEC_246
2013;111;12-15;11;23;34;SEC_111
2013;405;03-11;80;83;163;SEC_405
2013;537;12-15;18;23;41;SEC_537
2013;511;50-64;162;131;293;SEC_511
2013;302;00-02;24;24;48;SEC_302
2013;607;25-34;63;67;130;SEC_607
2013;124;12-15;11;11;22;SEC_124
2013;325;25-34;100;105;205;SEC_325
2013;322;00-02;26;28;54;SEC_322
2013;425;03-11;43;54;97;SEC_425
2013;601;25-34;115;124;239;SEC_601
2013;128;25-34;77;74;151;SEC_128
2013;246;35-49;153;179;332;SEC_246
2013;324;12-15;16;25;41;SEC_324
2013;528;25-34;105;88;193;SEC_528
2013;211;35-49;187;191;378;SEC_211
2013;102;18-24;36;48;84;SEC_102
2013;405;12-15;29;34;63;SEC_405
2013;505;00-02;13;11;24;SEC_505
2013;214;75 i +;125;78;203;SEC_214
2013;325;00-02;20;23;43;SEC_325
2013;615;18-24;20;28;48;SEC_615
2013;240;35-49;203;204;407;SEC_240
2013;534;18-24;40;33;73;SEC_534
2013;114;16-17;11;9;20;SEC_114
2013;307;16-17;7;9;16;SEC_307
2013;426;03-11;42;58;100;SEC_426
2013;303;35-49;180;196;376;SEC_303
2013;231;00-02;19;29;48;SEC_231
2013;223;75 i +;64;41;105;SEC_223
2013;631;65-74;108;105;213;SEC_631
2013;113;75 i +;62;40;102;SEC_113
2013;435;65-74;39;24;63;SEC_435
2013;403;25-34;87;88;175;SEC_403
2013;513;50-64;102;113;215;SEC_513
2013;233;16-17;3;9;12;SEC_233
2013;318;50-64;105;102;207;SEC_318
2013;315;25-34;132;151;283;SEC_315
2013;212;35-49;195;184;379;SEC_212
2013;632;00-02;11;16;27;SEC_632
2013;112;65-74;76;68;144;SEC_112
2013;407;12-15;23;19;42;SEC_407
2013;105;75 i +;57;36;93;SEC_105
2013;121;03-11;31;41;72;SEC_121
2013;129;65-74;73;64;137;SEC_129
2013;425;75 i +;72;45;117;SEC_425
2013;307;12-15;14;18;32;SEC_307
2013;229;65-74;62;35;97;SEC_229
2013;247;75 i +;80;41;121;SEC_247
2013;609;35-49;106;101;207;SEC_609
2013;608;18-24;42;37;79;SEC_608
2013;324;75 i +;49;26;75;SEC_324
2013;107;35-49;214;208;422;SEC_107
2013;131;75 i +;69;56;125;SEC_131
2013;615;50-64;68;35;103;SEC_615
2013;135;18-24;50;42;92;SEC_135
2013;108;18-24;43;42;85;SEC_108
2013;226;16-17;11;21;32;SEC_226
2013;321;00-02;20;22;42;SEC_321
2013;419;75 i +;104;84;188;SEC_419
2013;248;00-02;13;24;37;SEC_248
2013;617;50-64;82;66;148;SEC_617
2013;139;75 i +;36;29;65;SEC_139
2013;249;18-24;54;45;99;SEC_249
2013;410;03-11;59;64;123;SEC_410
2013;327;12-15;18;21;39;SEC_327
2013;245;75 i +;68;47;115;SEC_245
2013;246;03-11;52;50;102;SEC_246
2013;128;35-49;137;141;278;SEC_128
2013;529;65-74;57;40;97;SEC_529
2013;426;16-17;5;8;13;SEC_426
2013;232;25-34;93;78;171;SEC_232
2013;116;75 i +;82;64;146;SEC_116
2013;326;75 i +;3;2;5;SEC_326
2013;513;75 i +;94;56;150;SEC_513
2013;426;35-49;131;148;279;SEC_426
2013;533;18-24;88;77;165;SEC_533
2013;111;16-17;6;8;14;SEC_111
2013;607;65-74;87;50;137;SEC_607
2013;416;18-24;65;54;119;SEC_416
2013;130;50-64;64;70;134;SEC_130
2013;317;00-02;21;18;39;SEC_317
2013;503;16-17;4;7;11;SEC_503
2013;402;65-74;38;28;66;SEC_402
2013;319;65-74;64;65;129;SEC_319
2013;423;75 i +;78;56;134;SEC_423
2013;616;25-34;135;156;291;SEC_616
2013;209;65-74;41;29;70;SEC_209
2013;104;16-17;8;8;16;SEC_104
2013;136;75 i +;62;33;95;SEC_136
2013;418;12-15;25;25;50;SEC_418
2013;301;18-24;76;86;162;SEC_301
2013;138;00-02;7;13;20;SEC_138
2013;211;03-11;59;63;122;SEC_211
2013;624;03-11;43;54;97;SEC_624
2013;507;25-34;54;61;115;SEC_507
2013;317;03-11;57;64;121;SEC_317
2013;128;03-11;39;52;91;SEC_128
2013;425;00-02;11;17;28;SEC_425
2013;412;75 i +;100;83;183;SEC_412
2013;208;50-64;180;151;331;SEC_208
2013;112;03-11;66;62;128;SEC_112
2013;228;25-34;159;199;358;SEC_228
2013;319;03-11;91;111;202;SEC_319
2013;528;35-49;166;148;314;SEC_528
2013;616;50-64;223;197;420;SEC_616
2013;314;50-64;283;258;541;SEC_314
2013;205;18-24;36;47;83;SEC_205
2013;125;03-11;85;81;166;SEC_125
2013;212;65-74;67;54;121;SEC_212
2013;315;35-49;249;257;506;SEC_315
2013;111;50-64;84;68;152;SEC_111
2013;623;50-64;140;111;251;SEC_623
2013;325;65-74;125;112;237;SEC_325
2013;106;50-64;258;204;462;SEC_106
2013;433;18-24;79;74;153;SEC_433
2013;316;35-49;147;134;281;SEC_316
2013;435;12-15;17;20;37;SEC_435
2013;433;50-64;133;148;281;SEC_433
2013;523;03-11;43;49;92;SEC_523
2013;139;16-17;5;14;19;SEC_139
2013;303;00-02;23;13;36;SEC_303
2013;613;16-17;8;7;15;SEC_613
2013;129;16-17;11;8;19;SEC_129
2013;420;25-34;150;153;303;SEC_420
2013;101;18-24;38;52;90;SEC_101
2013;532;50-64;103;74;177;SEC_532
2013;128;16-17;5;6;11;SEC_128
2013;506;18-24;62;74;136;SEC_506
2013;440;65-74;84;69;153;SEC_440
2013;423;16-17;5;6;11;SEC_423
2013;423;18-24;35;31;66;SEC_423
2013;532;35-49;167;176;343;SEC_532
2013;427;65-74;53;36;89;SEC_427
2013;126;75 i +;66;45;111;SEC_126
2013;402;25-34;76;52;128;SEC_402
2013;210;18-24;28;23;51;SEC_210
2013;107;12-15;30;18;48;SEC_107
2013;625;65-74;84;76;160;SEC_625
2013;237;00-02;24;16;40;SEC_237
2013;401;16-17;13;12;25;SEC_401
2013;630;75 i +;41;28;69;SEC_630
2013;238;35-49;130;136;266;SEC_238
2013;224;12-15;15;19;34;SEC_224
2013;240;65-74;65;46;111;SEC_240
2013;110;12-15;5;12;17;SEC_110
2013;432;65-74;81;72;153;SEC_432
2013;106;35-49;176;177;353;SEC_106
2013;507;50-64;81;58;139;SEC_507
2013;606;03-11;49;40;89;SEC_606
2013;126;50-64;78;57;135;SEC_126
2013;626;50-64;79;78;157;SEC_626
2013;320;75 i +;49;29;78;SEC_320
2013;101;50-64;146;150;296;SEC_101
2013;139;03-11;30;39;69;SEC_139
2013;614;03-11;35;43;78;SEC_614
2013;435;35-49;119;159;278;SEC_435
2013;115;25-34;80;74;154;SEC_115
2013;130;35-49;138;133;271;SEC_130
2013;606;25-34;68;82;150;SEC_606
2013;618;75 i +;63;55;118;SEC_618
2013;427;25-34;145;149;294;SEC_427
2013;124;16-17;7;4;11;SEC_124
2013;318;18-24;28;32;60;SEC_318
2013;228;00-02;39;31;70;SEC_228
2013;513;12-15;33;25;58;SEC_513
2013;524;65-74;55;33;88;SEC_524
2013;308;12-15;41;51;92;SEC_308
2013;426;12-15;25;18;43;SEC_426
2013;534;03-11;27;38;65;SEC_534
2013;138;16-17;7;5;12;SEC_138
2013;110;16-17;9;4;13;SEC_110
2013;518;16-17;7;10;17;SEC_518
2013;249;12-15;18;23;41;SEC_249
2013;138;12-15;17;11;28;SEC_138
2013;105;35-49;136;136;272;SEC_105
2013;243;25-34;124;79;203;SEC_243
2013;410;12-15;27;32;59;SEC_410
2013;102;03-11;60;55;115;SEC_102
2013;133;35-49;91;104;195;SEC_133
2013;128;75 i +;51;36;87;SEC_128
2013;606;75 i +;80;63;143;SEC_606
2013;410;16-17;13;22;35;SEC_410
2013;303;16-17;14;11;25;SEC_303
2013;116;50-64;148;119;267;SEC_116
2013;102;75 i +;107;71;178;SEC_102
2013;223;25-34;103;95;198;SEC_223
2013;406;12-15;18;22;40;SEC_406
2013;435;50-64;80;87;167;SEC_435
2013;534;12-15;15;12;27;SEC_534
2013;538;03-11;56;49;105;SEC_538
2013;309;16-17;5;13;18;SEC_309
2013;602;50-64;79;76;155;SEC_602
2013;323;35-49;219;238;457;SEC_323
2013;118;03-11;77;67;144;SEC_118
2013;205;25-34;69;69;138;SEC_205
2013;517;16-17;15;29;44;SEC_517
2013;622;75 i +;35;10;45;SEC_622
2013;416;50-64;111;109;220;SEC_416
2013;133;65-74;52;46;98;SEC_133
2013;306;18-24;57;71;128;SEC_306
2013;104;12-15;14;18;32;SEC_104
2013;234;18-24;39;41;80;SEC_234
2013;316;03-11;51;69;120;SEC_316
2013;431;25-34;122;133;255;SEC_431
2013;613;50-64;72;60;132;SEC_613
2013;613;25-34;71;63;134;SEC_613
2013;602;16-17;11;14;25;SEC_602
2013;212;18-24;57;52;109;SEC_212
2013;308;75 i +;103;72;175;SEC_308
2013;309;25-34;102;83;185;SEC_309
2013;530;03-11;63;74;137;SEC_530
2013;404;12-15;25;33;58;SEC_404
2013;524;16-17;8;13;21;SEC_524
2013;214;03-11;89;97;186;SEC_214
2013;420;65-74;91;71;162;SEC_420
2013;608;35-49;136;184;320;SEC_608
2013;133;25-34;51;64;115;SEC_133
2013;327;03-11;42;60;102;SEC_327
2013;138;25-34;54;68;122;SEC_138
2013;213;18-24;27;46;73;SEC_213
2013;502;35-49;179;216;395;SEC_502
2013;618;16-17;7;15;22;SEC_618
2013;619;00-02;11;11;22;SEC_619
2013;316;18-24;92;95;187;SEC_316
2013;508;18-24;53;64;117;SEC_508
2013;129;75 i +;87;66;153;SEC_129
2013;532;00-02;27;21;48;SEC_532
2013;419;65-74;94;56;150;SEC_419
2013;248;25-34;95;101;196;SEC_248
2013;217;03-11;50;60;110;SEC_217
2013;139;35-49;102;121;223;SEC_139
2013;531;35-49;122;134;256;SEC_531
2013;503;65-74;44;48;92;SEC_503
2013;212;16-17;11;17;28;SEC_212
2013;137;50-64;152;125;277;SEC_137
2013;623;03-11;55;73;128;SEC_623
2013;526;18-24;84;62;146;SEC_526
2013;435;16-17;12;15;27;SEC_435
2013;625;12-15;19;24;43;SEC_625
2013;630;16-17;5;9;14;SEC_630
2013;611;00-02;26;42;68;SEC_611
2013;419;03-11;87;129;216;SEC_419
2013;502;18-24;47;43;90;SEC_502
2013;627;25-34;52;67;119;SEC_627
2013;103;35-49;108;114;222;SEC_103
2013;430;03-11;49;60;109;SEC_430
2013;501;03-11;31;46;77;SEC_501
2013;410;00-02;13;21;34;SEC_410
2013;213;25-34;83;92;175;SEC_213
2013;511;12-15;36;37;73;SEC_511
2013;421;18-24;30;54;84;SEC_421
2013;112;00-02;22;18;40;SEC_112
2013;136;65-74;59;56;115;SEC_136
2013;513;65-74;64;48;112;SEC_513
2013;204;25-34;121;127;248;SEC_204
2013;135;35-49;178;177;355;SEC_135
2013;226;50-64;165;131;296;SEC_226
2013;140;50-64;88;66;154;SEC_140
2013;624;75 i +;55;34;89;SEC_624
2013;212;03-11;58;61;119;SEC_212
2013;316;65-74;100;113;213;SEC_316
2013;608;12-15;19;17;36;SEC_608
2013;114;75 i +;101;62;163;SEC_114
2013;108;12-15;30;27;57;SEC_108
2013;103;00-02;11;14;25;SEC_103
2013;202;50-64;130;102;232;SEC_202
2013;101;16-17;15;12;27;SEC_101
2013;532;25-34;113;110;223;SEC_532
2013;521;65-74;88;103;191;SEC_521
2013;101;25-34;89;68;157;SEC_101
2013;505;50-64;106;67;173;SEC_505
2013;630;25-34;50;60;110;SEC_630
2013;425;65-74;45;44;89;SEC_425
2013;113;00-02;26;27;53;SEC_113
2013;216;16-17;12;10;22;SEC_216
2013;407;16-17;10;3;13;SEC_407
2013;208;03-11;38;58;96;SEC_208
2013;632;18-24;26;35;61;SEC_632
2013;420;00-02;32;32;64;SEC_420
2013;535;50-64;108;92;200;SEC_535
2013;224;03-11;49;60;109;SEC_224
2013;116;18-24;51;40;91;SEC_116
2013;520;00-02;12;10;22;SEC_520
2013;107;50-64;154;133;287;SEC_107
2013;520;03-11;35;38;73;SEC_520
2013;109;16-17;6;13;19;SEC_109
2013;209;12-15;16;13;29;SEC_209
2013;416;12-15;21;26;47;SEC_416
2013;233;18-24;27;29;56;SEC_233
2013;243;75 i +;115;68;183;SEC_243
2013;538;50-64;96;85;181;SEC_538
2013;127;12-15;11;15;26;SEC_127
2013;213;35-49;110;117;227;SEC_213
2013;126;03-11;42;45;87;SEC_126
2013;613;12-15;17;24;41;SEC_613
2013;534;65-74;56;46;102;SEC_534
2013;209;00-02;15;9;24;SEC_209
2013;136;12-15;22;23;45;SEC_136
2013;411;18-24;33;25;58;SEC_411
2013;232;16-17;11;9;20;SEC_232
2013;513;03-11;76;70;146;SEC_513
2013;236;65-74;65;42;107;SEC_236
2013;130;12-15;17;14;31;SEC_130
2013;126;35-49;120;121;241;SEC_126
2013;242;25-34;89;95;184;SEC_242
2013;133;16-17;3;9;12;SEC_133
2013;216;35-49;155;149;304;SEC_216
2013;212;12-15;26;23;49;SEC_212
2013;310;12-15;9;15;24;SEC_310
2013;305;65-74;71;67;138;SEC_305
2013;113;35-49;179;177;356;SEC_113
2013;627;50-64;142;110;252;SEC_627
2013;106;18-24;43;58;101;SEC_106
2013;324;65-74;49;41;90;SEC_324
2013;137;65-74;76;74;150;SEC_137
2013;422;00-02;21;23;44;SEC_422
2013;239;25-34;96;103;199;SEC_239
2013;436;75 i +;57;41;98;SEC_436
2013;232;65-74;54;43;97;SEC_232
2013;316;50-64;378;312;690;SEC_316
2013;208;65-74;112;83;195;SEC_208
2013;216;03-11;48;62;110;SEC_216
2013;109;35-49;126;117;243;SEC_109
2013;249;16-17;8;10;18;SEC_249
2013;605;12-15;27;30;57;SEC_605
2013;406;00-02;24;15;39;SEC_406
2013;623;65-74;120;100;220;SEC_623
2013;518;75 i +;76;57;133;SEC_518
2013;632;75 i +;56;38;94;SEC_632
2013;102;65-74;131;123;254;SEC_102
2013;126;18-24;23;24;47;SEC_126
2013;301;03-11;160;154;314;SEC_301
2013;310;75 i +;47;22;69;SEC_310
2013;214;35-49;311;299;610;SEC_214
2013;425;35-49;127;124;251;SEC_425
2013;327;16-17;16;9;25;SEC_327
2013;510;18-24;32;38;70;SEC_510
2013;319;16-17;9;15;24;SEC_319
2013;229;03-11;74;71;145;SEC_229
2013;618;35-49;136;125;261;SEC_618
2013;616;03-11;111;99;210;SEC_616
2013;619;25-34;63;88;151;SEC_619
2013;221;00-02;32;34;66;SEC_221
2013;528;16-17;15;11;26;SEC_528
2013;619;35-49;115;128;243;SEC_619
2013;537;35-49;139;117;256;SEC_537
2013;320;12-15;29;35;64;SEC_320
2013;406;25-34;113;109;222;SEC_406
2013;245;12-15;25;15;40;SEC_245
2013;422;75 i +;75;52;127;SEC_422
2013;120;00-02;21;18;39;SEC_120
2013;306;65-74;64;59;123;SEC_306
2013;242;50-64;80;85;165;SEC_242
2013;307;03-11;36;38;74;SEC_307
2013;422;12-15;26;19;45;SEC_422
2013;610;16-17;7;13;20;SEC_610
2013;121;00-02;10;14;24;SEC_121
2013;407;25-34;78;79;157;SEC_407
2013;202;35-49;218;250;468;SEC_202
2013;407;18-24;30;35;65;SEC_407
2013;404;16-17;15;17;32;SEC_404
2013;406;75 i +;75;62;137;SEC_406
2013;616;18-24;85;93;178;SEC_616
2013;611;18-24;63;60;123;SEC_611
2013;420;12-15;30;39;69;SEC_420
2013;313;50-64;217;196;413;SEC_313
2013;304;65-74;77;63;140;SEC_304
2013;528;75 i +;63;48;111;SEC_528
2013;131;50-64;148;142;290;SEC_131
2013;430;35-49;133;172;305;SEC_430
2013;619;16-17;5;14;19;SEC_619
2013;317;18-24;42;41;83;SEC_317
2013;130;18-24;24;37;61;SEC_130
2013;231;75 i +;84;48;132;SEC_231
2013;521;18-24;24;19;43;SEC_521
2013;110;00-02;16;9;25;SEC_110
2013;510;16-17;9;7;16;SEC_510
2013;137;12-15;30;30;60;SEC_137
2013;427;75 i +;98;56;154;SEC_427
2013;301;00-02;38;47;85;SEC_301
2013;421;75 i +;91;71;162;SEC_421
2013;105;12-15;10;21;31;SEC_105
2013;112;12-15;24;24;48;SEC_112
2013;320;25-34;96;104;200;SEC_320
2013;327;75 i +;28;14;42;SEC_327
2013;242;35-49;112;134;246;SEC_242
2013;506;50-64;207;154;361;SEC_506
2013;319;12-15;30;36;66;SEC_319
2013;303;12-15;20;19;39;SEC_303
2013;126;16-17;11;9;20;SEC_126
2013;405;16-17;19;19;38;SEC_405
2013;411;25-34;70;57;127;SEC_411
2013;232;18-24;39;34;73;SEC_232
2013;511;03-11;88;93;181;SEC_511
2013;136;35-49;168;168;336;SEC_136
2013;404;18-24;48;61;109;SEC_404
2013;228;35-49;298;345;643;SEC_228
2013;319;75 i +;44;29;73;SEC_319
2013;302;35-49;130;167;297;SEC_302
2013;130;16-17;7;16;23;SEC_130
2013;205;12-15;17;15;32;SEC_205
2013;526;50-64;125;123;248;SEC_526
2013;249;75 i +;78;40;118;SEC_249
2013;510;65-74;57;49;106;SEC_510
2013;118;18-24;69;60;129;SEC_118
2013;214;25-34;207;192;399;SEC_214
2013;112;18-24;61;64;125;SEC_112
2013;109;25-34;85;79;164;SEC_109
2013;508;16-17;16;19;35;SEC_508
2013;123;35-49;157;153;310;SEC_123
2013;125;65-74;83;80;163;SEC_125
2013;432;03-11;54;44;98;SEC_432
2013;609;12-15;16;14;30;SEC_609
2013;232;12-15;17;19;36;SEC_232
2013;314;75 i +;91;53;144;SEC_314
2013;109;12-15;23;19;42;SEC_109
2013;601;50-64;179;167;346;SEC_601
2013;138;03-11;24;26;50;SEC_138
2013;609;00-02;13;10;23;SEC_609
2013;303;25-34;108;98;206;SEC_303
2013;232;75 i +;75;40;115;SEC_232
2013;521;16-17;6;7;13;SEC_521
2013;129;25-34;77;79;156;SEC_129
2013;607;18-24;31;32;63;SEC_607
2013;529;25-34;97;92;189;SEC_529
2013;601;65-74;158;118;276;SEC_601
2013;609;75 i +;42;28;70;SEC_609
2013;327;25-34;69;55;124;SEC_327
2013;440;12-15;15;12;27;SEC_440
2013;220;25-34;134;141;275;SEC_220
2013;236;50-64;86;69;155;SEC_236
2013;431;65-74;62;45;107;SEC_431
2013;134;12-15;30;28;58;SEC_134
2013;246;16-17;18;15;33;SEC_246
2013;201;18-24;28;28;56;SEC_201
2013;318;03-11;23;35;58;SEC_318
2013;526;00-02;30;36;66;SEC_526
2013;207;00-02;33;27;60;SEC_207
2013;412;18-24;49;63;112;SEC_412
2013;132;50-64;237;206;443;SEC_132
2013;108;75 i +;106;68;174;SEC_108
2013;440;16-17;4;11;15;SEC_440
2013;436;03-11;80;80;160;SEC_436
2013;533;75 i +;130;86;216;SEC_533
2013;214;00-02;33;30;63;SEC_214
2013;619;65-74;87;84;171;SEC_619
2013;116;35-49;158;169;327;SEC_116
2013;314;16-17;13;20;33;SEC_314
2013;526;16-17;17;14;31;SEC_526
2013;520;18-24;38;37;75;SEC_520
2013;310;65-74;42;43;85;SEC_310
2013;501;75 i +;36;29;65;SEC_501
2013;508;00-02;17;25;42;SEC_508
2013;510;00-02;13;9;22;SEC_510
2013;404;65-74;69;46;115;SEC_404
2013;324;25-34;85;83;168;SEC_324
2013;623;18-24;33;41;74;SEC_623
2013;607;75 i +;81;70;151;SEC_607
2013;237;75 i +;86;50;136;SEC_237
2013;606;16-17;4;6;10;SEC_606
2013;523;65-74;75;58;133;SEC_523
2013;419;00-02;30;35;65;SEC_419
2013;526;03-11;73;94;167;SEC_526
2013;306;35-49;189;191;380;SEC_306
2013;135;25-34;87;103;190;SEC_135
2013;514;75 i +;92;63;155;SEC_514
2013;243;65-74;60;49;109;SEC_243
2013;110;25-34;70;65;135;SEC_110
2013;220;50-64;132;121;253;SEC_220
2013;123;18-24;45;48;93;SEC_123
2013;432;50-64;143;127;270;SEC_432
2013;529;18-24;48;48;96;SEC_529
2013;618;25-34;49;57;106;SEC_618
2013;308;50-64;216;207;423;SEC_308
2013;138;18-24;27;24;51;SEC_138
2013;124;03-11;41;35;76;SEC_124
2013;441;03-11;75;78;153;SEC_441
2013;427;03-11;87;87;174;SEC_427
2013;511;25-34;173;167;340;SEC_511
2013;517;65-74;82;56;138;SEC_517
2013;137;00-02;13;19;32;SEC_137
2013;122;65-74;70;44;114;SEC_122
2013;313;00-02;18;23;41;SEC_313
2013;610;65-74;135;104;239;SEC_610
2013;526;65-74;77;60;137;SEC_526
2013;423;03-11;53;45;98;SEC_423
2013;625;00-02;11;20;31;SEC_625
2013;401;50-64;116;100;216;SEC_401
2013;614;25-34;36;67;103;SEC_614
2013;216;75 i +;77;56;133;SEC_216
2013;136;03-11;57;50;107;SEC_136
2013;322;12-15;25;24;49;SEC_322
2013;610;75 i +;71;60;131;SEC_610
2013;114;65-74;119;91;210;SEC_114
2013;308;25-34;129;120;249;SEC_308
2013;508;65-74;68;48;116;SEC_508
2013;602;35-49;160;166;326;SEC_602
2013;532;03-11;61;61;122;SEC_532
2013;129;50-64;92;81;173;SEC_129
2013;305;50-64;192;180;372;SEC_305
2013;513;16-17;18;13;31;SEC_513
2013;137;75 i +;59;37;96;SEC_137
2013;412;00-02;12;18;30;SEC_412
2013;533;03-11;83;96;179;SEC_533
2013;130;75 i +;99;64;163;SEC_130
2013;103;12-15;15;20;35;SEC_103
2013;211;18-24;46;46;92;SEC_211
2013;435;00-02;18;22;40;SEC_435
2013;502;65-74;83;83;166;SEC_502
2013;111;18-24;34;26;60;SEC_111
2013;409;00-02;34;28;62;SEC_409
2013;224;35-49;146;153;299;SEC_224
2013;238;18-24;31;38;69;SEC_238
2013;106;00-02;18;24;42;SEC_106
2013;533;25-34;163;153;316;SEC_533
2013;221;03-11;80;89;169;SEC_221
2013;307;18-24;28;42;70;SEC_307
2013;221;35-49;256;302;558;SEC_221
2013;504;16-17;4;8;12;SEC_504
2013;311;16-17;13;14;27;SEC_311
2013;517;00-02;41;36;77;SEC_517
2013;311;00-02;12;18;30;SEC_311
2013;327;18-24;40;35;75;SEC_327
2013;238;75 i +;65;45;110;SEC_238
2013;602;65-74;109;85;194;SEC_602
2013;228;18-24;93;85;178;SEC_228
2013;534;35-49;119;132;251;SEC_534
2013;238;16-17;9;13;22;SEC_238
2013;618;12-15;25;34;59;SEC_618
2013;118;16-17;16;12;28;SEC_118
2013;103;25-34;44;48;92;SEC_103
2013;404;00-02;18;26;44;SEC_404
2013;626;18-24;27;20;47;SEC_626
2013;119;03-11;36;39;75;SEC_119
2013;511;75 i +;143;94;237;SEC_511
2013;624;35-49;107;142;249;SEC_624
2013;616;16-17;29;34;63;SEC_616
2013;606;50-64;82;74;156;SEC_606
2013;110;18-24;27;38;65;SEC_110
2013;123;00-02;14;22;36;SEC_123
2013;202;16-17;13;11;24;SEC_202
2013;605;03-11;78;74;152;SEC_605
2013;537;25-34;119;87;206;SEC_537
2013;118;00-02;28;24;52;SEC_118
2013;403;12-15;17;16;33;SEC_403
2013;228;16-17;19;22;41;SEC_228
2013;513;00-02;24;28;52;SEC_513
2013;607;03-11;47;28;75;SEC_607
2013;224;00-02;23;15;38;SEC_224
2013;441;16-17;27;16;43;SEC_441
2013;436;50-64;112;106;218;SEC_436
2013;520;25-34;64;58;122;SEC_520
2013;615;25-34;49;29;78;SEC_615
2013;426;65-74;37;35;72;SEC_426
2013;605;65-74;159;128;287;SEC_605
2013;511;00-02;31;34;65;SEC_511
2013;315;50-64;183;151;334;SEC_315
2013;532;65-74;76;61;137;SEC_532
2013;213;03-11;34;54;88;SEC_213
2013;223;35-49;152;151;303;SEC_223
2013;239;35-49;128;139;267;SEC_239
2013;614;65-74;94;68;162;SEC_614
2013;137;16-17;18;9;27;SEC_137
2013;115;75 i +;68;40;108;SEC_115
2013;627;65-74;65;77;142;SEC_627
2013;517;35-49;259;318;577;SEC_517
2013;510;25-34;62;83;145;SEC_510
2013;409;50-64;154;143;297;SEC_409
2013;535;16-17;6;5;11;SEC_535
2013;304;16-17;37;14;51;SEC_304
2013;248;16-17;10;7;17;SEC_248
2013;422;25-34;104;98;202;SEC_422
2013;237;18-24;49;46;95;SEC_237
2013;531;25-34;74;81;155;SEC_531
2013;236;35-49;123;120;243;SEC_236
2013;401;18-24;50;53;103;SEC_401
2013;305;18-24;76;54;130;SEC_305
2013;313;35-49;235;213;448;SEC_313
2013;209;35-49;116;107;223;SEC_209
2013;201;16-17;3;10;13;SEC_201
2013;317;50-64;74;75;149;SEC_317
2013;318;16-17;6;7;13;SEC_318
2013;234;00-02;11;19;30;SEC_234
2013;619;50-64;143;123;266;SEC_619
2013;202;12-15;20;23;43;SEC_202
2013;132;03-11;97;68;165;SEC_132
2013;529;00-02;14;19;33;SEC_529
2013;404;50-64;111;106;217;SEC_404
2013;313;25-34;124;111;235;SEC_313
2013;314;65-74;100;92;192;SEC_314
2013;108;50-64;149;125;274;SEC_108
2013;504;00-02;12;13;25;SEC_504
2013;411;75 i +;93;77;170;SEC_411
2013;312;50-64;147;138;285;SEC_312
2013;209;75 i +;79;61;140;SEC_209
2013;123;75 i +;88;65;153;SEC_123
2013;426;50-64;80;77;157;SEC_426
2013;420;16-17;22;16;38;SEC_420
2013;115;16-17;8;9;17;SEC_115
2013;128;50-64;90;80;170;SEC_128
2013;440;25-34;57;61;118;SEC_440
2013;245;00-02;21;20;41;SEC_245
2013;416;35-49;186;190;376;SEC_416
2013;138;50-64;99;91;190;SEC_138
2013;246;25-34;101;89;190;SEC_246
2013;133;75 i +;62;33;95;SEC_133
2013;524;12-15;20;21;41;SEC_524
2013;437;50-64;139;111;250;SEC_437
2013;322;75 i +;71;49;120;SEC_322
2013;521;35-49;98;111;209;SEC_521
2013;528;18-24;41;44;85;SEC_528
2013;237;50-64;94;101;195;SEC_237
2013;526;25-34;150;172;322;SEC_526
2013;526;12-15;33;39;72;SEC_526
2013;302;16-17;6;9;15;SEC_302
2013;109;50-64;124;110;234;SEC_109
2013;528;12-15;18;19;37;SEC_528
2013;531;03-11;34;27;61;SEC_531
2013;421;03-11;44;51;95;SEC_421
2013;535;75 i +;50;48;98;SEC_535
2013;115;00-02;20;18;38;SEC_115
2013;125;25-34;93;111;204;SEC_125
2013;523;16-17;10;12;22;SEC_523
2013;204;35-49;182;214;396;SEC_204
2013;220;12-15;20;25;45;SEC_220
2013;239;00-02;8;12;20;SEC_239
2013;532;12-15;21;19;40;SEC_532
2013;531;18-24;41;43;84;SEC_531
2013;101;65-74;60;45;105;SEC_101
2013;602;18-24;32;43;75;SEC_602
2013;104;50-64;77;71;148;SEC_104
2013;404;75 i +;91;53;144;SEC_404
2013;525;25-34;95;88;183;SEC_525
2013;234;03-11;30;37;67;SEC_234
2013;503;00-02;10;12;22;SEC_503
2013;433;12-15;26;31;57;SEC_433
2013;627;75 i +;49;34;83;SEC_627
2013;306;12-15;30;36;66;SEC_306
2013;211;16-17;11;16;27;SEC_211
2013;228;12-15;41;47;88;SEC_228
2013;401;35-49;137;129;266;SEC_401
2013;623;12-15;26;20;46;SEC_623
2013;610;12-15;18;25;43;SEC_610
2013;314;12-15;39;27;66;SEC_314
2013;243;18-24;64;62;126;SEC_243
2013;420;75 i +;139;89;228;SEC_420
2013;315;18-24;60;59;119;SEC_315
2013;622;12-15;9;18;27;SEC_622
2013;507;12-15;13;16;29;SEC_507
2013;530;12-15;23;21;44;SEC_530
2013;607;00-02;13;6;19;SEC_607
2013;236;25-34;66;80;146;SEC_236
2013;106;16-17;8;11;19;SEC_106
2013;436;16-17;16;14;30;SEC_436
2013;138;65-74;54;45;99;SEC_138
2013;125;12-15;21;31;52;SEC_125
2013;426;18-24;40;39;79;SEC_426
2013;409;25-34;152;143;295;SEC_409
2013;303;75 i +;125;112;237;SEC_303
2013;410;75 i +;152;107;259;SEC_410
2013;525;50-64;68;68;136;SEC_525
2013;213;50-64;81;77;158;SEC_213
2013;523;12-15;15;20;35;SEC_523
2013;501;25-34;55;56;111;SEC_501
2013;535;03-11;32;37;69;SEC_535
2013;205;50-64;102;97;199;SEC_205
2013;617;25-34;37;50;87;SEC_617
2013;627;12-15;18;6;24;SEC_627
2013;619;03-11;45;42;87;SEC_619
2013;127;00-02;13;8;21;SEC_127
2013;630;18-24;22;20;42;SEC_630
2013;531;75 i +;48;36;84;SEC_531
2013;123;16-17;10;9;19;SEC_123
2013;626;12-15;16;19;35;SEC_626
2013;213;65-74;53;42;95;SEC_213
2013;117;03-11;63;83;146;SEC_117
2013;533;50-64;132;127;259;SEC_533
2013;247;50-64;107;103;210;SEC_247
2013;221;12-15;33;33;66;SEC_221
2013;531;50-64;81;79;160;SEC_531
2013;601;00-02;25;27;52;SEC_601
2013;430;12-15;13;24;37;SEC_430
2013;431;35-49;176;239;415;SEC_431
2013;520;16-17;3;9;12;SEC_520
2013;137;35-49;185;165;350;SEC_137
2013;233;35-49;131;151;282;SEC_233
2013;409;75 i +;108;81;189;SEC_409
2013;313;75 i +;90;61;151;SEC_313
2013;612;03-11;35;39;74;SEC_612
2013;135;75 i +;72;57;129;SEC_135
2013;621;65-74;96;121;217;SEC_621
2013;213;75 i +;50;33;83;SEC_213
2013;216;65-74;78;49;127;SEC_216
2013;525;18-24;43;40;83;SEC_525
2013;114;35-49;174;191;365;SEC_114
2013;318;65-74;35;30;65;SEC_318
2013;630;65-74;64;55;119;SEC_630
2013;409;16-17;14;21;35;SEC_409
2013;243;16-17;6;16;22;SEC_243
2013;521;50-64;116;79;195;SEC_521
2013;217;65-74;61;54;115;SEC_217
2013;320;50-64;108;120;228;SEC_320
2013;621;50-64;171;121;292;SEC_621
2013;117;16-17;15;12;27;SEC_117
2013;123;25-34;81;74;155;SEC_123
2013;316;12-15;25;27;52;SEC_316
2013;120;35-49;217;209;426;SEC_120
2013;412;25-34;101;117;218;SEC_412
2013;121;16-17;13;7;20;SEC_121
2013;513;18-24;47;60;107;SEC_513
2013;223;65-74;64;44;108;SEC_223
2013;107;00-02;16;26;42;SEC_107
2013;325;50-64;184;141;325;SEC_325
2013;501;12-15;23;18;41;SEC_501
2013;520;12-15;16;16;32;SEC_520
2013;240;25-34;129;133;262;SEC_240
2013;240;03-11;82;65;147;SEC_240
2013;508;75 i +;74;45;119;SEC_508
2013;626;00-02;9;12;21;SEC_626
2013;114;12-15;26;25;51;SEC_114
2013;205;75 i +;86;53;139;SEC_205
2013;533;35-49;245;273;518;SEC_533
2013;421;12-15;22;15;37;SEC_421
2013;106;25-34;130;137;267;SEC_106
2013;246;12-15;17;21;38;SEC_246
2013;617;03-11;34;46;80;SEC_617
2013;304;75 i +;108;59;167;SEC_304
2013;140;00-02;13;18;31;SEC_140
2013;207;75 i +;124;54;178;SEC_207
2013;508;12-15;26;23;49;SEC_508
2013;615;75 i +;47;44;91;SEC_615
2013;233;03-11;33;36;69;SEC_233
2013;609;65-74;80;76;156;SEC_609
2013;521;12-15;15;16;31;SEC_521
2013;621;75 i +;46;32;78;SEC_621
2013;625;35-49;122;126;248;SEC_625
2013;533;16-17;17;13;30;SEC_533
2013;309;03-11;58;61;119;SEC_309
2013;312;35-49;195;236;431;SEC_312
2013;210;50-64;73;81;154;SEC_210
2013;245;35-49;142;142;284;SEC_245
2013;105;65-74;44;57;101;SEC_105
2013;326;35-49;116;137;253;SEC_326
2013;523;75 i +;96;70;166;SEC_523
2013;208;75 i +;228;129;357;SEC_208
2013;404;25-34;110;96;206;SEC_404
2013;441;18-24;80;68;148;SEC_441
2013;618;03-11;53;57;110;SEC_618
2013;302;75 i +;67;40;107;SEC_302
2013;419;12-15;41;41;82;SEC_419
2013;440;35-49;107;110;217;SEC_440
2013;319;50-64;151;127;278;SEC_319
2013;119;25-34;84;68;152;SEC_119
2013;535;25-34;43;46;89;SEC_535
2013;221;75 i +;118;81;199;SEC_221
2013;538;65-74;74;38;112;SEC_538
2013;531;12-15;12;15;27;SEC_531
2013;310;03-11;40;42;82;SEC_310
2013;242;00-02;13;16;29;SEC_242
2013;404;03-11;82;61;143;SEC_404
2013;127;65-74;36;19;55;SEC_127
2013;237;25-34;118;112;230;SEC_237
2013;105;18-24;47;48;95;SEC_105
2013;127;16-17;8;5;13;SEC_127
2013;131;16-17;6;11;17;SEC_131
2013;430;25-34;93;99;192;SEC_430
2013;118;75 i +;54;40;94;SEC_118
2013;214;18-24;98;87;185;SEC_214
2013;236;75 i +;100;55;155;SEC_236
2013;612;12-15;11;20;31;SEC_612
2013;505;75 i +;78;65;143;SEC_505
2013;249;35-49;140;151;291;SEC_249
2013;238;50-64;57;63;120;SEC_238
2013;611;25-34;109;118;227;SEC_611
2013;414;16-17;13;19;32;SEC_414
2013;325;35-49;201;200;401;SEC_325
2013;107;75 i +;101;55;156;SEC_107
2013;212;75 i +;86;46;132;SEC_212
2013;614;18-24;20;30;50;SEC_614
2013;414;65-74;67;63;130;SEC_414
2013;523;25-34;111;116;227;SEC_523
2013;115;35-49;154;163;317;SEC_115
2013;312;16-17;11;14;25;SEC_312
2013;631;03-11;29;43;72;SEC_631
2013;423;50-64;77;68;145;SEC_423
2013;233;75 i +;57;39;96;SEC_233
2013;616;65-74;106;85;191;SEC_616
2013;630;03-11;20;31;51;SEC_630
2013;108;25-34;97;88;185;SEC_108
2013;108;35-49;195;158;353;SEC_108
2013;537;18-24;48;49;97;SEC_537
2013;441;50-64;227;201;428;SEC_441
2013;514;65-74;61;36;97;SEC_514
2013;135;65-74;86;74;160;SEC_135
2013;112;35-49;199;173;372;SEC_112
2013;529;35-49;176;158;334;SEC_529
2013;236;03-11;34;46;80;SEC_236
2013;323;16-17;15;14;29;SEC_323
2013;204;12-15;25;15;40;SEC_204
2013;308;03-11;97;98;195;SEC_308
2013;304;00-02;61;78;139;SEC_304
2013;630;00-02;8;5;13;SEC_630
2013;119;16-17;7;12;19;SEC_119
2013;538;25-34;84;94;178;SEC_538
2013;506;25-34;100;105;205;SEC_506
2013;131;18-24;47;46;93;SEC_131
2013;226;12-15;34;24;58;SEC_226
2013;104;18-24;28;20;48;SEC_104
2013;310;18-24;27;34;61;SEC_310
2013;133;18-24;19;23;42;SEC_133
2013;134;35-49;183;172;355;SEC_134
2013;238;25-34;65;78;143;SEC_238
2013;437;75 i +;96;75;171;SEC_437
2013;425;18-24;40;36;76;SEC_425
2013;205;35-49;101;111;212;SEC_205
2013;441;65-74;117;106;223;SEC_441
2013;440;75 i +;64;52;116;SEC_440
2013;249;00-02;15;17;32;SEC_249
2013;204;03-11;64;65;129;SEC_204
2013;622;50-64;95;71;166;SEC_622
2013;221;65-74;90;74;164;SEC_221
2013;409;03-11;75;86;161;SEC_409
2013;608;25-34;70;80;150;SEC_608
2013;247;00-02;32;31;63;SEC_247
2013;409;18-24;71;83;154;SEC_409
2013;248;35-49;165;178;343;SEC_248
2013;245;50-64;91;85;176;SEC_245
2013;313;18-24;60;49;109;SEC_313
2013;612;65-74;119;84;203;SEC_612
2013;313;03-11;93;90;183;SEC_313
2013;427;18-24;65;86;151;SEC_427
2013;132;12-15;35;37;72;SEC_132
2013;114;03-11;49;68;117;SEC_114
2013;114;18-24;40;33;73;SEC_114
2013;217;35-49;177;222;399;SEC_217
2013;409;35-49;215;256;471;SEC_409
2013;502;50-64;138;122;260;SEC_502
2013;309;65-74;34;42;76;SEC_309
2013;311;65-74;64;49;113;SEC_311
2013;504;75 i +;90;75;165;SEC_504
2013;321;12-15;39;48;87;SEC_321
2013;121;35-49;114;124;238;SEC_121
2013;324;35-49;167;171;338;SEC_324
2013;107;18-24;36;54;90;SEC_107
2013;240;12-15;32;15;47;SEC_240
2013;240;00-02;21;16;37;SEC_240
2013;601;75 i +;134;97;231;SEC_601
2013;514;16-17;12;18;30;SEC_514
2013;220;65-74;68;34;102;SEC_220
2013;319;25-34;132;132;264;SEC_319
2013;113;03-11;60;84;144;SEC_113
2013;529;75 i +;95;66;161;SEC_529
2013;431;03-11;81;88;169;SEC_431
2013;322;03-11;67;65;132;SEC_322
2013;318;12-15;16;15;31;SEC_318
2013;134;25-34;85;105;190;SEC_134
2013;437;25-34;128;115;243;SEC_437
2013;510;50-64;83;71;154;SEC_510
2013;115;18-24;31;56;87;SEC_115
2013;504;65-74;91;79;170;SEC_504
2013;134;75 i +;82;38;120;SEC_134
2013;107;03-11;73;76;149;SEC_107
2013;607;16-17;2;14;16;SEC_607
2013;626;65-74;72;55;127;SEC_626
2013;102;35-49;166;184;350;SEC_102
2013;108;00-02;14;20;34;SEC_108
2013;224;65-74;48;36;84;SEC_224
2013;414;25-34;157;144;301;SEC_414
2013;245;03-11;38;55;93;SEC_245
2013;207;16-17;10;18;28;SEC_207
2013;631;12-15;13;15;28;SEC_631
2013;110;03-11;48;43;91;SEC_110
2013;208;16-17;10;12;22;SEC_208
2013;139;18-24;32;22;54;SEC_139
2013;401;03-11;40;51;91;SEC_401
2013;614;12-15;16;10;26;SEC_614
2013;221;16-17;18;13;31;SEC_221
2013;129;00-02;10;20;30;SEC_129
2013;605;00-02;17;19;36;SEC_605
2013;221;18-24;88;77;165;SEC_221
2013;124;75 i +;46;38;84;SEC_124
2013;123;12-15;16;28;44;SEC_123
2013;506;75 i +;100;78;178;SEC_506
2013;321;16-17;18;12;30;SEC_321
2013;236;16-17;9;7;16;SEC_236
2013;323;25-34;125;115;240;SEC_323
2013;514;25-34;106;93;199;SEC_514
2013;132;75 i +;105;73;178;SEC_132
2013;405;65-74;104;57;161;SEC_405
2013;320;65-74;90;81;171;SEC_320
2013;418;18-24;50;57;107;SEC_418
2013;111;35-49;111;92;203;SEC_111
2013;124;65-74;38;32;70;SEC_124
2013;134;65-74;66;61;127;SEC_134
2013;614;75 i +;63;52;115;SEC_614
2013;407;35-49;126;131;257;SEC_407
2013;131;35-49;158;177;335;SEC_131
2013;608;03-11;49;42;91;SEC_608
2013;242;18-24;29;36;65;SEC_242
2013;430;16-17;6;12;18;SEC_430
2013;418;16-17;8;20;28;SEC_418
2013;505;18-24;26;24;50;SEC_505
2013;308;18-24;58;75;133;SEC_308
2013;613;65-74;134;108;242;SEC_613
2013;102;25-34;82;60;142;SEC_102
2013;319;00-02;33;32;65;SEC_319
2013;513;35-49;207;181;388;SEC_513
2013;207;18-24;64;58;122;SEC_207
2013;436;18-24;60;70;130;SEC_436
2013;114;25-34;81;82;163;SEC_114
2013;535;00-02;6;5;11;SEC_535
2013;129;03-11;45;61;106;SEC_129
2013;246;18-24;59;35;94;SEC_246
2013;217;50-64;124;130;254;SEC_217
2013;632;25-34;54;62;116;SEC_632
2013;121;25-34;64;38;102;SEC_121
2013;538;00-02;23;15;38;SEC_538
2013;223;16-17;12;10;22;SEC_223
2013;248;65-74;41;36;77;SEC_248
2013;504;50-64;88;69;157;SEC_504
2013;534;00-02;10;13;23;SEC_534
2013;307;75 i +;80;70;150;SEC_307
2013;606;65-74;62;37;99;SEC_606
2013;427;35-49;223;243;466;SEC_427
2013;224;16-17;8;11;19;SEC_224
2013;501;16-17;7;15;22;SEC_501
2013;529;50-64;81;87;168;SEC_529
2013;201;25-34;104;93;197;SEC_201
2013;303;65-74;130;91;221;SEC_303
2013;501;50-64;125;107;232;SEC_501
2013;411;65-74;74;54;128;SEC_411
2013;101;75 i +;57;39;96;SEC_101
2013;430;75 i +;55;39;94;SEC_430
2013;134;03-11;60;62;122;SEC_134
2013;323;50-64;219;197;416;SEC_323
2013;104;03-11;35;41;76;SEC_104
2013;239;75 i +;96;51;147;SEC_239
2013;511;35-49;281;314;595;SEC_511
2013;108;65-74;54;52;106;SEC_108
2013;537;00-02;16;12;28;SEC_537
2013;326;25-34;137;127;264;SEC_326
2013;103;75 i +;52;35;87;SEC_103
2013;632;03-11;50;52;102;SEC_632
2013;238;65-74;41;36;77;SEC_238
2013;317;65-74;30;31;61;SEC_317
2013;518;03-11;48;52;100;SEC_518
2013;607;12-15;13;15;28;SEC_607
2013;312;12-15;18;23;41;SEC_312
2013;418;00-02;24;18;42;SEC_418
2013;131;25-34;65;88;153;SEC_131
2013;525;12-15;17;18;35;SEC_525
2013;433;75 i +;92;50;142;SEC_433
2013;210;00-02;5;10;15;SEC_210
2013;510;35-49;128;149;277;SEC_510
2013;631;35-49;118;132;250;SEC_631
2013;210;75 i +;106;42;148;SEC_210
2013;122;00-02;12;15;27;SEC_122
2013;430;65-74;36;27;63;SEC_430
2013;128;65-74;62;48;110;SEC_128
2013;612;16-17;7;13;20;SEC_612
2013;506;65-74;147;144;291;SEC_506
2013;309;12-15;10;23;33;SEC_309
2013;406;18-24;56;49;105;SEC_406
2013;616;35-49;280;273;553;SEC_616
2013;319;35-49;261;271;532;SEC_319
2013;615;16-17;8;13;21;SEC_615
2013;607;50-64;85;86;171;SEC_607
2013;116;16-17;12;13;25;SEC_116
2013;504;03-11;25;39;64;SEC_504
2013;211;65-74;43;35;78;SEC_211
2013;123;50-64;129;114;243;SEC_123
2013;121;65-74;25;18;43;SEC_121
2013;525;35-49;125;126;251;SEC_525
2013;248;03-11;58;54;112;SEC_248
2013;301;12-15;37;40;77;SEC_301
2013;608;50-64;137;111;248;SEC_608
2013;307;50-64;182;143;325;SEC_307
2013;625;25-34;77;93;170;SEC_625
2013;126;00-02;12;12;24;SEC_126
2013;422;03-11;44;65;109;SEC_422
2013;419;35-49;253;312;565;SEC_419
2013;506;16-17;20;16;36;SEC_506
2013;601;03-11;77;89;166;SEC_601
2013;105;50-64;156;109;265;SEC_105
2013;602;25-34;81;72;153;SEC_602
2013;135;12-15;30;26;56;SEC_135
2013;433;16-17;18;23;41;SEC_433
2013;122;18-24;34;15;49;SEC_122
2013;117;12-15;35;39;74;SEC_117
2013;608;75 i +;89;62;151;SEC_608
2013;402;35-49;117;114;231;SEC_402
2013;248;18-24;46;54;100;SEC_248
2013;220;16-17;14;10;24;SEC_220
2013;231;65-74;46;29;75;SEC_231
2013;312;75 i +;74;51;125;SEC_312
2013;441;00-02;24;20;44;SEC_441
2013;402;50-64;62;68;130;SEC_402
2013;119;12-15;10;16;26;SEC_119
2013;248;12-15;12;23;35;SEC_248
2013;125;00-02;21;30;51;SEC_125
2013;118;12-15;33;23;56;SEC_118
2013;406;35-49;142;166;308;SEC_406
2013;223;12-15;24;11;35;SEC_223
2013;210;03-11;29;27;56;SEC_210
2013;307;25-34;101;92;193;SEC_307
2013;616;12-15;40;57;97;SEC_616
2013;318;35-49;91;85;176;SEC_318
2013;217;25-34;113;149;262;SEC_217
2013;533;12-15;31;29;60;SEC_533
2013;621;00-02;20;18;38;SEC_621
2013;205;00-02;13;7;20;SEC_205
2013;135;16-17;13;10;23;SEC_135
2013;239;65-74;52;40;92;SEC_239
2013;302;12-15;12;18;30;SEC_302
2013;113;18-24;49;59;108;SEC_113
2013;507;16-17;3;11;14;SEC_507
2013;130;03-11;48;35;83;SEC_130
2013;518;25-34;69;65;134;SEC_518
2013;323;65-74;75;85;160;SEC_323
2013;403;18-24;30;40;70;SEC_403
2013;247;12-15;26;22;48;SEC_247
2013;425;16-17;9;10;19;SEC_425
2013;613;18-24;27;38;65;SEC_613
2013;411;03-11;32;27;59;SEC_411
2013;416;65-74;74;46;120;SEC_416
2013;113;12-15;14;25;39;SEC_113
2013;110;65-74;101;92;193;SEC_110
2013;419;18-24;89;95;184;SEC_419
2013;231;50-64;81;67;148;SEC_231
2013;501;35-49;118;114;232;SEC_501
2013;209;03-11;25;40;65;SEC_209
2013;410;35-49;192;162;354;SEC_410
2013;125;18-24;49;50;99;SEC_125
2013;423;35-49;112;117;229;SEC_423
2013;632;12-15;28;16;44;SEC_632
2013;125;75 i +;54;52;106;SEC_125
2013;419;50-64;115;145;260;SEC_419
2013;431;18-24;68;64;132;SEC_431
2013;412;03-11;53;56;109;SEC_412
2013;229;25-34;161;147;308;SEC_229
2013;242;12-15;14;15;29;SEC_242
2013;506;00-02;24;20;44;SEC_506
2013;412;16-17;18;11;29;SEC_412
2013;137;25-34;105;101;206;SEC_137
2013;630;12-15;14;16;30;SEC_630
2013;325;12-15;27;32;59;SEC_325
2013;514;35-49;162;199;361;SEC_514
2013;615;35-49;95;110;205;SEC_615
2013;608;16-17;7;10;17;SEC_608
2013;310;35-49;112;115;227;SEC_310
2013;249;50-64;91;80;171;SEC_249
2013;606;35-49;132;136;268;SEC_606
2013;440;03-11;34;44;78;SEC_440
2013;312;18-24;59;49;108;SEC_312
2013;233;65-74;45;25;70;SEC_233
2013;113;50-64;215;174;389;SEC_113
2013;118;35-49;180;204;384;SEC_118
