AnyPadro;Seccio;GrupEdat;Dones;Homes;Total;IdSeccio
2008;626;18-24;34;25;59;SEC_626
2008;101;00-02;52;54;106;SEC_101
2008;517;50-64;89;79;168;SEC_517
2008;414;03-11;40;37;77;SEC_414
2008;319;75 i +;44;29;73;SEC_319
2008;229;18-24;34;40;74;SEC_229
2008;625;16-17;11;11;22;SEC_625
2008;308;25-34;151;151;302;SEC_308
2008;531;50-64;89;78;167;SEC_531
2008;608;25-34;55;67;122;SEC_608
2008;531;65-74;52;47;99;SEC_531
2008;622;12-15;11;17;28;SEC_622
2008;414;50-64;71;62;133;SEC_414
2008;316;16-17;19;25;44;SEC_316
2008;302;50-64;172;157;329;SEC_302
2008;610;03-11;49;48;97;SEC_610
2008;213;25-34;98;142;240;SEC_213
2008;401;75 i +;95;44;139;SEC_401
2008;246;12-15;22;15;37;SEC_246
2008;111;35-49;94;99;193;SEC_111
2008;231;16-17;2;9;11;SEC_231
2008;511;16-17;7;9;16;SEC_511
2008;412;50-64;178;157;335;SEC_412
2008;218;25-34;68;90;158;SEC_218
2008;604;50-64;69;50;119;SEC_604
2008;227;03-11;37;26;63;SEC_227
2008;230;65-74;35;34;69;SEC_230
2008;607;12-15;16;21;37;SEC_607
2008;127;16-17;7;6;13;SEC_127
2008;630;50-64;128;94;222;SEC_630
2008;307;25-34;123;114;237;SEC_307
2008;244;25-34;80;73;153;SEC_244
2008;510;50-64;83;80;163;SEC_510
2008;323;50-64;371;359;730;SEC_323
2008;610;12-15;14;24;38;SEC_610
2008;225;75 i +;51;22;73;SEC_225
2008;406;12-15;22;26;48;SEC_406
2008;240;35-49;93;105;198;SEC_240
2008;112;50-64;172;170;342;SEC_112
2008;429;18-24;23;38;61;SEC_429
2008;525;12-15;20;17;37;SEC_525
2008;139;25-34;93;113;206;SEC_139
2008;418;75 i +;63;42;105;SEC_418
2008;210;18-24;20;25;45;SEC_210
2008;425;16-17;8;10;18;SEC_425
2008;505;65-74;93;106;199;SEC_505
2008;201;18-24;29;40;69;SEC_201
2008;620;03-11;14;24;38;SEC_620
2008;101;50-64;132;122;254;SEC_101
2008;321;12-15;27;38;65;SEC_321
2008;502;00-02;31;21;52;SEC_502
2008;221;00-02;10;14;24;SEC_221
2008;103;25-34;70;94;164;SEC_103
2008;114;65-74;93;92;185;SEC_114
2008;220;65-74;46;26;72;SEC_220
2008;235;16-17;12;9;21;SEC_235
2008;437;75 i +;41;24;65;SEC_437
2008;139;12-15;14;19;33;SEC_139
2008;131;18-24;50;56;106;SEC_131
2008;115;65-74;59;42;101;SEC_115
2008;504;35-49;93;117;210;SEC_504
2008;223;50-64;106;87;193;SEC_223
2008;225;03-11;9;16;25;SEC_225
2008;428;16-17;4;8;12;SEC_428
2008;202;00-02;13;19;32;SEC_202
2008;136;65-74;64;43;107;SEC_136
2008;243;50-64;120;108;228;SEC_243
2008;418;65-74;76;65;141;SEC_418
2008;433;16-17;9;11;20;SEC_433
2008;612;18-24;29;37;66;SEC_612
2008;619;35-49;131;149;280;SEC_619
2008;210;35-49;96;91;187;SEC_210
2008;535;00-02;10;9;19;SEC_535
2008;211;50-64;84;80;164;SEC_211
2008;434;75 i +;57;28;85;SEC_434
2008;313;03-11;89;91;180;SEC_313
2008;403;35-49;111;130;241;SEC_403
2008;201;25-34;88;96;184;SEC_201
2008;406;65-74;82;57;139;SEC_406
2008;317;65-74;32;32;64;SEC_317
2008;205;50-64;96;82;178;SEC_205
2008;321;65-74;87;92;179;SEC_321
2008;442;75 i +;32;19;51;SEC_442
2008;130;75 i +;78;50;128;SEC_130
2008;306;35-49;191;207;398;SEC_306
2008;526;18-24;25;44;69;SEC_526
2008;107;75 i +;75;44;119;SEC_107
2008;111;25-34;79;62;141;SEC_111
2008;425;65-74;57;46;103;SEC_425
2008;630;12-15;8;11;19;SEC_630
2008;506;65-74;96;108;204;SEC_506
2008;503;12-15;14;19;33;SEC_503
2008;614;35-49;97;108;205;SEC_614
2008;423;12-15;18;17;35;SEC_423
2008;205;65-74;53;41;94;SEC_205
2008;438;16-17;6;9;15;SEC_438
2008;512;16-17;11;8;19;SEC_512
2008;102;25-34;110;109;219;SEC_102
2008;511;12-15;12;18;30;SEC_511
2008;213;75 i +;57;31;88;SEC_213
2008;324;18-24;44;53;97;SEC_324
2008;624;00-02;14;19;33;SEC_624
2008;433;65-74;41;37;78;SEC_433
2008;523;25-34;147;177;324;SEC_523
2008;538;50-64;98;78;176;SEC_538
2008;209;18-24;47;48;95;SEC_209
2008;623;00-02;22;24;46;SEC_623
2008;314;65-74;70;75;145;SEC_314
2008;117;50-64;239;226;465;SEC_117
2008;104;16-17;10;6;16;SEC_104
2008;317;03-11;55;52;107;SEC_317
2008;530;50-64;96;78;174;SEC_530
2008;119;50-64;185;148;333;SEC_119
2008;529;35-49;174;155;329;SEC_529
2008;234;65-74;49;33;82;SEC_234
2008;116;35-49;169;172;341;SEC_116
2008;429;50-64;61;58;119;SEC_429
2008;613;00-02;19;24;43;SEC_613
2008;211;18-24;66;65;131;SEC_211
2008;321;25-34;180;172;352;SEC_321
2008;305;65-74;53;57;110;SEC_305
2008;503;65-74;39;34;73;SEC_503
2008;118;65-74;61;68;129;SEC_118
2008;439;50-64;55;55;110;SEC_439
2008;233;25-34;103;107;210;SEC_233
2008;622;25-34;51;76;127;SEC_622
2008;304;03-11;83;82;165;SEC_304
2008;623;75 i +;53;30;83;SEC_623
2008;119;12-15;10;17;27;SEC_119
2008;107;25-34;162;185;347;SEC_107
2008;533;12-15;11;16;27;SEC_533
2008;538;18-24;51;51;102;SEC_538
2008;229;00-02;9;10;19;SEC_229
2008;412;16-17;12;16;28;SEC_412
2008;534;25-34;90;93;183;SEC_534
2008;605;18-24;22;12;34;SEC_605
2008;320;00-02;16;17;33;SEC_320
2008;233;35-49;104;138;242;SEC_233
2008;514;25-34;56;99;155;SEC_514
2008;202;50-64;64;56;120;SEC_202
2008;417;25-34;71;64;135;SEC_417
2008;211;12-15;22;26;48;SEC_211
2008;408;35-49;100;126;226;SEC_408
2008;309;12-15;13;18;31;SEC_309
2008;417;16-17;7;6;13;SEC_417
2008;212;35-49;179;185;364;SEC_212
2008;624;16-17;11;12;23;SEC_624
2008;128;25-34;98;108;206;SEC_128
2008;242;16-17;12;11;23;SEC_242
2008;438;35-49;88;101;189;SEC_438
2008;611;25-34;172;178;350;SEC_611
2008;603;12-15;11;8;19;SEC_603
2008;440;75 i +;56;48;104;SEC_440
2008;135;35-49;180;170;350;SEC_135
2008;312;18-24;77;62;139;SEC_312
2008;630;03-11;31;35;66;SEC_630
2008;605;35-49;67;71;138;SEC_605
2008;611;12-15;35;37;72;SEC_611
2008;241;12-15;16;12;28;SEC_241
2008;437;65-74;46;35;81;SEC_437
2008;406;50-64;122;114;236;SEC_406
2008;139;00-02;21;15;36;SEC_139
2008;410;25-34;102;121;223;SEC_410
2008;222;65-74;38;35;73;SEC_222
2008;222;50-64;68;71;139;SEC_222
2008;503;50-64;116;100;216;SEC_503
2008;534;35-49;129;121;250;SEC_534
2008;119;03-11;34;37;71;SEC_119
2008;202;75 i +;38;33;71;SEC_202
2008;537;16-17;20;9;29;SEC_537
2008;523;50-64;100;100;200;SEC_523
2008;113;75 i +;53;40;93;SEC_113
2008;442;18-24;31;33;64;SEC_442
2008;618;35-49;76;66;142;SEC_618
2008;421;18-24;43;44;87;SEC_421
2008;411;00-02;13;11;24;SEC_411
2008;249;35-49;135;156;291;SEC_249
2008;104;35-49;93;119;212;SEC_104
2008;604;65-74;42;40;82;SEC_604
2008;442;03-11;30;27;57;SEC_442
2008;601;12-15;30;25;55;SEC_601
2008;207;75 i +;65;24;89;SEC_207
2008;414;12-15;18;14;32;SEC_414
2008;201;12-15;11;17;28;SEC_201
2008;601;75 i +;58;50;108;SEC_601
2008;430;12-15;21;23;44;SEC_430
2008;123;50-64;111;110;221;SEC_123
2008;408;12-15;16;18;34;SEC_408
2008;402;35-49;110;104;214;SEC_402
2008;314;16-17;17;31;48;SEC_314
2008;416;25-34;72;92;164;SEC_416
2008;213;65-74;49;43;92;SEC_213
2008;617;25-34;76;88;164;SEC_617
2008;123;18-24;45;36;81;SEC_123
2008;206;65-74;56;31;87;SEC_206
2008;247;25-34;135;124;259;SEC_247
2008;538;16-17;7;8;15;SEC_538
2008;115;16-17;8;18;26;SEC_115
2008;126;18-24;34;23;57;SEC_126
2008;245;03-11;45;42;87;SEC_245
2008;232;16-17;7;5;12;SEC_232
2008;402;50-64;64;67;131;SEC_402
2008;401;16-17;16;11;27;SEC_401
2008;607;75 i +;46;34;80;SEC_607
2008;424;35-49;75;87;162;SEC_424
2008;203;12-15;13;18;31;SEC_203
2008;139;03-11;27;46;73;SEC_139
2008;519;18-24;38;33;71;SEC_519
2008;632;16-17;4;12;16;SEC_632
2008;416;16-17;9;4;13;SEC_416
2008;429;16-17;8;3;11;SEC_429
2008;408;16-17;13;7;20;SEC_408
2008;625;35-49;117;126;243;SEC_625
2008;236;00-02;13;21;34;SEC_236
2008;516;00-02;12;9;21;SEC_516
2008;419;50-64;60;56;116;SEC_419
2008;209;65-74;56;45;101;SEC_209
2008;246;35-49;118;171;289;SEC_246
2008;325;00-02;17;19;36;SEC_325
2008;303;16-17;10;6;16;SEC_303
2008;615;25-34;68;65;133;SEC_615
2008;507;18-24;40;32;72;SEC_507
2008;440;03-11;36;34;70;SEC_440
2008;132;03-11;88;67;155;SEC_132
2008;626;75 i +;50;42;92;SEC_626
2008;128;50-64;99;74;173;SEC_128
2008;518;16-17;8;17;25;SEC_518
2008;113;35-49;169;174;343;SEC_113
2008;244;75 i +;55;31;86;SEC_244
2008;224;75 i +;36;24;60;SEC_224
2008;431;18-24;58;61;119;SEC_431
2008;609;16-17;8;4;12;SEC_609
2008;314;12-15;36;51;87;SEC_314
2008;102;00-02;20;16;36;SEC_102
2008;507;50-64;83;70;153;SEC_507
2008;424;50-64;52;54;106;SEC_424
2008;435;25-34;142;137;279;SEC_435
2008;439;25-34;107;152;259;SEC_439
2008;409;65-74;44;37;81;SEC_409
2008;401;03-11;55;66;121;SEC_401
2008;224;25-34;66;63;129;SEC_224
2008;245;35-49;146;130;276;SEC_245
2008;502;18-24;68;68;136;SEC_502
2008;320;65-74;45;48;93;SEC_320
2008;605;25-34;49;65;114;SEC_605
2008;605;00-02;10;9;19;SEC_605
2008;431;65-74;70;55;125;SEC_431
2008;528;00-02;19;21;40;SEC_528
2008;107;03-11;62;64;126;SEC_107
2008;131;35-49;142;170;312;SEC_131
2008;441;35-49;196;209;405;SEC_441
2008;505;25-34;104;101;205;SEC_505
2008;632;35-49;97;105;202;SEC_632
2008;241;00-02;11;13;24;SEC_241
2008;134;03-11;52;57;109;SEC_134
2008;322;18-24;37;45;82;SEC_322
2008;430;16-17;7;11;18;SEC_430
2008;129;03-11;48;54;102;SEC_129
2008;530;00-02;28;26;54;SEC_530
2008;619;65-74;109;87;196;SEC_619
2008;138;03-11;30;27;57;SEC_138
2008;623;65-74;88;85;173;SEC_623
2008;508;18-24;30;24;54;SEC_508
2008;608;12-15;16;15;31;SEC_608
2008;621;50-64;210;184;394;SEC_621
2008;439;18-24;59;57;116;SEC_439
2008;501;50-64;155;154;309;SEC_501
2008;531;12-15;21;17;38;SEC_531
2008;109;03-11;46;31;77;SEC_109
2008;422;18-24;51;51;102;SEC_422
2008;407;75 i +;78;59;137;SEC_407
2008;534;65-74;55;56;111;SEC_534
2008;222;25-34;102;115;217;SEC_222
2008;427;25-34;106;116;222;SEC_427
2008;126;65-74;69;79;148;SEC_126
2008;603;00-02;10;11;21;SEC_603
2008;503;00-02;13;7;20;SEC_503
2008;247;50-64;107;94;201;SEC_247
2008;234;75 i +;79;44;123;SEC_234
2008;238;16-17;10;8;18;SEC_238
2008;427;00-02;24;22;46;SEC_427
2008;428;03-11;29;20;49;SEC_428
2008;527;35-49;136;159;295;SEC_527
2008;320;18-24;34;33;67;SEC_320
2008;602;16-17;5;7;12;SEC_602
2008;303;18-24;41;37;78;SEC_303
2008;127;75 i +;44;29;73;SEC_127
2008;534;16-17;7;9;16;SEC_534
2008;306;00-02;22;26;48;SEC_306
2008;614;00-02;17;13;30;SEC_614
2008;627;65-74;46;50;96;SEC_627
2008;625;00-02;10;11;21;SEC_625
2008;306;03-11;55;58;113;SEC_306
2008;233;00-02;21;18;39;SEC_233
2008;124;18-24;34;31;65;SEC_124
2008;524;75 i +;64;40;104;SEC_524
2008;115;03-11;36;40;76;SEC_115
2008;206;25-34;86;120;206;SEC_206
2008;113;12-15;18;27;45;SEC_113
2008;531;03-11;34;37;71;SEC_531
2008;112;12-15;38;22;60;SEC_112
2008;309;18-24;25;33;58;SEC_309
2008;441;65-74;82;79;161;SEC_441
2008;409;00-02;15;14;29;SEC_409
2008;306;16-17;20;14;34;SEC_306
2008;246;18-24;45;49;94;SEC_246
2008;609;75 i +;29;26;55;SEC_609
2008;513;75 i +;44;26;70;SEC_513
2008;402;18-24;35;29;64;SEC_402
2008;234;35-49;127;139;266;SEC_234
2008;424;75 i +;24;24;48;SEC_424
2008;302;12-15;23;28;51;SEC_302
2008;305;12-15;40;23;63;SEC_305
2008;428;50-64;43;39;82;SEC_428
2008;215;12-15;17;10;27;SEC_215
2008;301;00-02;50;54;104;SEC_301
2008;134;35-49;155;161;316;SEC_134
2008;601;65-74;98;95;193;SEC_601
2008;440;18-24;32;32;64;SEC_440
2008;424;00-02;9;13;22;SEC_424
2008;511;03-11;29;26;55;SEC_511
2008;527;03-11;67;51;118;SEC_527
2008;106;18-24;82;71;153;SEC_106
2008;312;50-64;167;141;308;SEC_312
2008;314;18-24;91;137;228;SEC_314
2008;432;35-49;131;115;246;SEC_432
2008;133;25-34;87;84;171;SEC_133
2008;313;18-24;76;68;144;SEC_313
2008;402;03-11;33;34;67;SEC_402
2008;533;16-17;6;6;12;SEC_533
2008;225;35-49;50;59;109;SEC_225
2008;503;16-17;5;10;15;SEC_503
2008;224;50-64;41;50;91;SEC_224
2008;228;12-15;15;14;29;SEC_228
2008;434;12-15;14;13;27;SEC_434
2008;234;16-17;5;11;16;SEC_234
2008;241;03-11;29;31;60;SEC_241
2008;502;03-11;49;65;114;SEC_502
2008;422;25-34;117;129;246;SEC_422
2008;620;25-34;36;45;81;SEC_620
2008;617;35-49;101;107;208;SEC_617
2008;606;00-02;13;12;25;SEC_606
2008;324;00-02;22;14;36;SEC_324
2008;216;50-64;130;101;231;SEC_216
2008;246;03-11;44;41;85;SEC_246
2008;507;65-74;45;41;86;SEC_507
2008;508;65-74;40;25;65;SEC_508
2008;521;25-34;61;84;145;SEC_521
2008;603;65-74;39;45;84;SEC_603
2008;122;50-64;72;50;122;SEC_122
2008;404;00-02;27;27;54;SEC_404
2008;212;18-24;58;71;129;SEC_212
2008;133;12-15;7;14;21;SEC_133
2008;314;03-11;67;89;156;SEC_314
2008;112;25-34;147;114;261;SEC_112
2008;419;35-49;118;144;262;SEC_419
2008;422;35-49;131;160;291;SEC_422
2008;535;18-24;44;45;89;SEC_535
2008;229;75 i +;55;38;93;SEC_229
2008;221;18-24;51;48;99;SEC_221
2008;133;35-49;89;104;193;SEC_133
2008;125;12-15;23;25;48;SEC_125
2008;237;16-17;11;12;23;SEC_237
2008;312;16-17;14;14;28;SEC_312
2008;425;35-49;118;130;248;SEC_425
2008;426;75 i +;56;32;88;SEC_426
2008;504;75 i +;65;52;117;SEC_504
2008;536;18-24;26;25;51;SEC_536
2008;223;03-11;48;54;102;SEC_223
2008;605;50-64;60;32;92;SEC_605
2008;415;50-64;52;40;92;SEC_415
2008;140;35-49;114;151;265;SEC_140
2008;125;25-34;127;168;295;SEC_125
2008;302;35-49;131;165;296;SEC_302
2008;129;12-15;19;16;35;SEC_129
2008;602;35-49;66;75;141;SEC_602
2008;507;25-34;68;96;164;SEC_507
2008;304;18-24;61;61;122;SEC_304
2008;202;65-74;34;32;66;SEC_202
2008;611;35-49;205;272;477;SEC_611
2008;616;00-02;35;35;70;SEC_616
2008;105;16-17;8;21;29;SEC_105
2008;131;25-34;129;140;269;SEC_131
2008;101;16-17;11;14;25;SEC_101
2008;134;50-64;126;108;234;SEC_134
2008;412;65-74;109;94;203;SEC_412
2008;510;00-02;15;11;26;SEC_510
2008;214;25-34;110;113;223;SEC_214
2008;608;18-24;23;32;55;SEC_608
2008;504;18-24;31;51;82;SEC_504
2008;441;16-17;14;24;38;SEC_441
2008;240;00-02;16;10;26;SEC_240
2008;632;18-24;36;43;79;SEC_632
2008;411;16-17;9;8;17;SEC_411
2008;627;12-15;6;12;18;SEC_627
2008;240;16-17;9;11;20;SEC_240
2008;421;65-74;82;60;142;SEC_421
2008;226;75 i +;85;51;136;SEC_226
2008;227;65-74;36;31;67;SEC_227
2008;318;75 i +;27;14;41;SEC_318
2008;427;18-24;51;35;86;SEC_427
2008;425;75 i +;66;45;111;SEC_425
2008;522;18-24;62;49;111;SEC_522
2008;212;25-34;144;179;323;SEC_212
2008;611;16-17;18;17;35;SEC_611
2008;604;25-34;47;71;118;SEC_604
2008;215;65-74;44;29;73;SEC_215
2008;522;16-17;7;6;13;SEC_522
2008;138;65-74;37;35;72;SEC_138
2008;415;12-15;14;18;32;SEC_415
2008;208;65-74;121;99;220;SEC_208
2008;209;16-17;8;14;22;SEC_209
2008;613;16-17;8;11;19;SEC_613
2008;212;16-17;12;14;26;SEC_212
2008;244;18-24;30;21;51;SEC_244
2008;236;75 i +;86;56;142;SEC_236
2008;627;50-64;167;153;320;SEC_627
2008;507;35-49;99;115;214;SEC_507
2008;520;35-49;100;100;200;SEC_520
2008;534;00-02;11;9;20;SEC_534
2008;308;35-49;263;260;523;SEC_308
2008;243;25-34;130;154;284;SEC_243
2008;523;75 i +;110;48;158;SEC_523
2008;220;25-34;79;104;183;SEC_220
2008;132;50-64;231;209;440;SEC_132
2008;217;65-74;21;16;37;SEC_217
2008;112;65-74;70;46;116;SEC_112
2008;515;16-17;11;12;23;SEC_515
2008;431;35-49;183;228;411;SEC_431
2008;117;12-15;34;26;60;SEC_117
2008;509;00-02;17;20;37;SEC_509
2008;628;25-34;59;83;142;SEC_628
2008;242;35-49;127;134;261;SEC_242
2008;505;18-24;41;24;65;SEC_505
2008;137;75 i +;54;28;82;SEC_137
2008;317;25-34;113;139;252;SEC_317
2008;606;12-15;17;19;36;SEC_606
2008;117;16-17;18;18;36;SEC_117
2008;632;65-74;62;47;109;SEC_632
2008;109;12-15;14;19;33;SEC_109
2008;118;35-49;187;169;356;SEC_118
2008;140;25-34;87;125;212;SEC_140
2008;408;00-02;18;11;29;SEC_408
2008;325;12-15;33;30;63;SEC_325
2008;205;35-49;98;93;191;SEC_205
2008;442;25-34;57;76;133;SEC_442
2008;302;25-34;139;156;295;SEC_302
2008;106;16-17;14;17;31;SEC_106
2008;323;35-49;336;345;681;SEC_323
2008;440;12-15;24;14;38;SEC_440
2008;118;00-02;28;28;56;SEC_118
2008;408;65-74;54;37;91;SEC_408
2008;316;65-74;64;60;124;SEC_316
2008;104;18-24;15;20;35;SEC_104
2008;248;18-24;55;43;98;SEC_248
2008;624;75 i +;41;28;69;SEC_624
2008;501;12-15;15;20;35;SEC_501
2008;215;00-02;12;15;27;SEC_215
2008;131;50-64;185;175;360;SEC_131
2008;319;00-02;42;54;96;SEC_319
2008;518;12-15;17;22;39;SEC_518
2008;525;18-24;51;39;90;SEC_525
2008;632;25-34;77;90;167;SEC_632
2008;528;25-34;122;150;272;SEC_528
2008;325;03-11;68;68;136;SEC_325
2008;101;65-74;58;45;103;SEC_101
2008;240;75 i +;62;35;97;SEC_240
2008;228;35-49;83;108;191;SEC_228
2008;223;75 i +;63;40;103;SEC_223
2008;317;12-15;21;25;46;SEC_317
2008;620;12-15;9;7;16;SEC_620
2008;212;03-11;58;56;114;SEC_212
2008;618;16-17;4;5;9;SEC_618
2008;240;25-34;68;74;142;SEC_240
2008;305;75 i +;100;50;150;SEC_305
2008;536;03-11;37;35;72;SEC_536
2008;603;75 i +;22;19;41;SEC_603
2008;115;35-49;141;144;285;SEC_115
2008;112;16-17;12;25;37;SEC_112
2008;219;16-17;10;8;18;SEC_219
2008;139;18-24;24;38;62;SEC_139
2008;107;18-24;61;67;128;SEC_107
2008;212;12-15;20;34;54;SEC_212
2008;529;00-02;35;25;60;SEC_529
2008;116;75 i +;70;44;114;SEC_116
2008;232;50-64;90;79;169;SEC_232
2008;427;65-74;46;22;68;SEC_427
2008;101;18-24;52;53;105;SEC_101
2008;441;75 i +;94;62;156;SEC_441
2008;522;75 i +;39;24;63;SEC_522
2008;237;65-74;67;55;122;SEC_237
2008;434;00-02;9;13;22;SEC_434
2008;617;50-64;86;80;166;SEC_617
2008;231;00-02;17;13;30;SEC_231
2008;208;03-11;49;53;102;SEC_208
2008;520;75 i +;49;43;92;SEC_520
2008;237;03-11;58;64;122;SEC_237
2008;201;16-17;5;6;11;SEC_201
2008;525;35-49;95;120;215;SEC_525
2008;518;00-02;18;18;36;SEC_518
2008;306;75 i +;101;75;176;SEC_306
2008;105;65-74;39;41;80;SEC_105
2008;207;03-11;23;26;49;SEC_207
2008;523;65-74;86;80;166;SEC_523
2008;202;16-17;8;7;15;SEC_202
2008;533;65-74;61;39;100;SEC_533
2008;120;16-17;23;22;45;SEC_120
2008;231;03-11;47;45;92;SEC_231
2008;102;16-17;11;19;30;SEC_102
2008;102;18-24;55;54;109;SEC_102
2008;514;65-74;47;33;80;SEC_514
2008;430;03-11;43;48;91;SEC_430
2008;203;00-02;11;23;34;SEC_203
2008;230;03-11;41;35;76;SEC_230
2008;109;25-34;86;82;168;SEC_109
2008;235;12-15;22;21;43;SEC_235
2008;242;25-34;99;127;226;SEC_242
2008;214;65-74;37;34;71;SEC_214
2008;236;18-24;51;52;103;SEC_236
2008;437;03-11;38;35;73;SEC_437
2008;604;35-49;82;108;190;SEC_604
2008;430;25-34;124;147;271;SEC_430
2008;107;50-64;168;138;306;SEC_107
2008;440;65-74;83;82;165;SEC_440
2008;611;50-64;141;94;235;SEC_611
2008;309;03-11;32;63;95;SEC_309
2008;536;35-49;98;114;212;SEC_536
2008;226;50-64;104;86;190;SEC_226
2008;509;25-34;82;98;180;SEC_509
2008;414;16-17;11;5;16;SEC_414
2008;214;16-17;7;6;13;SEC_214
2008;140;18-24;23;39;62;SEC_140
2008;501;75 i +;27;18;45;SEC_501
2008;226;35-49;136;170;306;SEC_226
2008;616;18-24;110;136;246;SEC_616
2008;303;00-02;21;16;37;SEC_303
2008;302;03-11;36;45;81;SEC_302
2008;411;03-11;28;27;55;SEC_411
2008;315;16-17;13;15;28;SEC_315
2008;616;75 i +;51;30;81;SEC_616
2008;409;35-49;91;91;182;SEC_409
2008;312;65-74;97;89;186;SEC_312
2008;408;75 i +;45;29;74;SEC_408
2008;602;03-11;20;23;43;SEC_602
2008;301;50-64;192;190;382;SEC_301
2008;438;50-64;60;65;125;SEC_438
2008;428;18-24;36;29;65;SEC_428
2008;402;00-02;10;13;23;SEC_402
2008;602;00-02;8;7;15;SEC_602
2008;233;03-11;32;42;74;SEC_233
2008;516;75 i +;37;16;53;SEC_516
2008;422;16-17;14;12;26;SEC_422
2008;208;16-17;13;7;20;SEC_208
2008;111;12-15;8;12;20;SEC_111
2008;120;75 i +;61;28;89;SEC_120
2008;317;00-02;16;20;36;SEC_317
2008;124;35-49;92;78;170;SEC_124
2008;310;03-11;27;35;62;SEC_310
2008;210;75 i +;101;54;155;SEC_210
2008;402;25-34;86;95;181;SEC_402
2008;412;18-24;63;73;136;SEC_412
2008;420;03-11;61;67;128;SEC_420
2008;434;35-49;79;92;171;SEC_434
2008;243;18-24;64;64;128;SEC_243
2008;529;25-34;118;132;250;SEC_529
2008;322;25-34;157;141;298;SEC_322
2008;301;25-34;243;239;482;SEC_301
2008;245;25-34;101;128;229;SEC_245
2008;139;65-74;37;33;70;SEC_139
2008;220;75 i +;55;37;92;SEC_220
2008;522;12-15;11;23;34;SEC_522
2008;236;25-34;97;102;199;SEC_236
2008;403;25-34;103;121;224;SEC_403
2008;203;16-17;3;10;13;SEC_203
2008;140;50-64;86;90;176;SEC_140
2008;501;35-49;100;103;203;SEC_501
2008;215;75 i +;74;34;108;SEC_215
2008;413;03-11;15;20;35;SEC_413
2008;538;25-34;108;122;230;SEC_538
2008;538;12-15;14;19;33;SEC_538
2008;623;18-24;48;43;91;SEC_623
2008;239;18-24;41;45;86;SEC_239
2008;403;18-24;47;48;95;SEC_403
2008;606;25-34;104;106;210;SEC_606
2008;603;16-17;2;8;10;SEC_603
2008;232;75 i +;70;39;109;SEC_232
2008;435;12-15;15;20;35;SEC_435
2008;511;75 i +;52;32;84;SEC_511
2008;414;00-02;19;14;33;SEC_414
2008;631;25-34;99;105;204;SEC_631
2008;511;00-02;13;8;21;SEC_511
2008;521;75 i +;47;31;78;SEC_521
2008;501;00-02;5;18;23;SEC_501
2008;116;00-02;15;22;37;SEC_116
2008;213;00-02;25;18;43;SEC_213
2008;325;50-64;204;174;378;SEC_325
2008;322;00-02;28;19;47;SEC_322
2008;320;35-49;135;147;282;SEC_320
2008;610;00-02;10;17;27;SEC_610
2008;305;50-64;172;164;336;SEC_305
2008;411;50-64;96;72;168;SEC_411
2008;137;12-15;26;20;46;SEC_137
2008;249;18-24;54;50;104;SEC_249
2008;316;00-02;13;8;21;SEC_316
2008;501;03-11;41;41;82;SEC_501
2008;224;18-24;27;25;52;SEC_224
2008;137;25-34;127;119;246;SEC_137
2008;622;03-11;23;34;57;SEC_622
2008;318;50-64;98;102;200;SEC_318
2008;307;16-17;4;13;17;SEC_307
2008;238;35-49;110;126;236;SEC_238
2008;523;03-11;57;50;107;SEC_523
2008;502;50-64;152;142;294;SEC_502
2008;402;16-17;6;6;12;SEC_402
2008;112;00-02;25;24;49;SEC_112
2008;513;03-11;41;25;66;SEC_513
2008;407;18-24;37;50;87;SEC_407
2008;249;75 i +;75;52;127;SEC_249
2008;626;50-64;96;82;178;SEC_626
2008;605;12-15;4;6;10;SEC_605
2008;239;25-34;112;117;229;SEC_239
2008;610;25-34;77;99;176;SEC_610
2008;628;35-49;100;90;190;SEC_628
2008;439;12-15;18;18;36;SEC_439
2008;608;75 i +;52;30;82;SEC_608
2008;622;18-24;27;31;58;SEC_622
2008;227;35-49;84;93;177;SEC_227
2008;121;00-02;10;7;17;SEC_121
2008;414;25-34;103;97;200;SEC_414
2008;610;50-64;155;93;248;SEC_610
2008;440;50-64;99;84;183;SEC_440
2008;130;25-34;73;77;150;SEC_130
2008;519;50-64;40;32;72;SEC_519
2008;224;16-17;5;4;9;SEC_224
2008;606;16-17;16;12;28;SEC_606
2008;427;75 i +;55;36;91;SEC_427
2008;408;50-64;82;73;155;SEC_408
2008;235;18-24;56;75;131;SEC_235
2008;116;12-15;30;20;50;SEC_116
2008;140;12-15;13;19;32;SEC_140
2008;528;75 i +;53;41;94;SEC_528
2008;516;65-74;40;26;66;SEC_516
2008;322;03-11;52;53;105;SEC_322
2008;234;50-64;56;55;111;SEC_234
2008;608;35-49;81;101;182;SEC_608
2008;211;75 i +;86;46;132;SEC_211
2008;214;00-02;13;9;22;SEC_214
2008;248;75 i +;66;40;106;SEC_248
2008;234;12-15;14;21;35;SEC_234
2008;523;35-49;171;188;359;SEC_523
2008;622;00-02;9;11;20;SEC_622
2008;401;35-49;135;118;253;SEC_401
2008;532;16-17;13;11;24;SEC_532
2008;209;75 i +;77;54;131;SEC_209
2008;623;50-64;186;162;348;SEC_623
2008;512;75 i +;46;24;70;SEC_512
2008;510;25-34;93;108;201;SEC_510
2008;616;12-15;63;64;127;SEC_616
2008;617;00-02;13;14;27;SEC_617
2008;426;00-02;15;20;35;SEC_426
2008;249;16-17;12;11;23;SEC_249
2008;243;16-17;16;23;39;SEC_243
2008;435;00-02;23;23;46;SEC_435
2008;133;16-17;5;4;9;SEC_133
2008;139;35-49;102;120;222;SEC_139
2008;401;65-74;59;51;110;SEC_401
2008;531;16-17;11;12;23;SEC_531
2008;132;25-34;182;210;392;SEC_132
2008;502;65-74;81;77;158;SEC_502
2008;535;50-64;137;114;251;SEC_535
2008;234;18-24;42;38;80;SEC_234
2008;137;50-64;162;143;305;SEC_137
2008;303;12-15;16;20;36;SEC_303
2008;238;12-15;13;19;32;SEC_238
2008;226;25-34;134;137;271;SEC_226
2008;432;25-34;105;128;233;SEC_432
2008;433;00-02;20;24;44;SEC_433
2008;624;35-49;90;128;218;SEC_624
2008;405;50-64;63;61;124;SEC_405
2008;627;18-24;41;52;93;SEC_627
2008;116;65-74;78;85;163;SEC_116
2008;421;12-15;24;23;47;SEC_421
2008;612;25-34;81;97;178;SEC_612
2008;242;65-74;67;65;132;SEC_242
2008;438;75 i +;36;26;62;SEC_438
2008;427;03-11;42;57;99;SEC_427
2008;131;12-15;17;23;40;SEC_131
2008;114;18-24;44;38;82;SEC_114
2008;307;18-24;49;58;107;SEC_307
2008;301;75 i +;112;74;186;SEC_301
2008;307;75 i +;83;61;144;SEC_307
2008;626;12-15;11;16;27;SEC_626
2008;625;12-15;13;20;33;SEC_625
2008;219;75 i +;82;49;131;SEC_219
2008;131;75 i +;61;42;103;SEC_131
2008;203;35-49;109;110;219;SEC_203
2008;608;16-17;9;11;20;SEC_608
2008;609;12-15;10;22;32;SEC_609
2008;628;00-02;14;10;24;SEC_628
2008;435;16-17;7;12;19;SEC_435
2008;439;65-74;68;58;126;SEC_439
2008;219;50-64;86;78;164;SEC_219
2008;135;50-64;149;153;302;SEC_135
2008;249;25-34;119;97;216;SEC_249
2008;610;18-24;39;50;89;SEC_610
2008;607;50-64;91;61;152;SEC_607
2008;205;12-15;12;11;23;SEC_205
2008;206;75 i +;75;45;120;SEC_206
2008;521;00-02;15;10;25;SEC_521
2008;424;16-17;5;11;16;SEC_424
2008;423;03-11;43;30;73;SEC_423
2008;324;75 i +;50;28;78;SEC_324
2008;442;16-17;8;9;17;SEC_442
2008;124;65-74;34;36;70;SEC_124
2008;505;50-64;168;120;288;SEC_505
2008;406;16-17;16;13;29;SEC_406
2008;433;75 i +;43;22;65;SEC_433
2008;417;12-15;9;14;23;SEC_417
2008;434;03-11;19;22;41;SEC_434
2008;422;75 i +;76;51;127;SEC_422
2008;212;65-74;65;59;124;SEC_212
2008;103;18-24;16;24;40;SEC_103
2008;515;18-24;33;48;81;SEC_515
2008;214;75 i +;33;21;54;SEC_214
2008;630;35-49;74;100;174;SEC_630
2008;503;03-11;24;28;52;SEC_503
2008;413;00-02;8;13;21;SEC_413
2008;228;65-74;43;36;79;SEC_228
2008;628;16-17;9;7;16;SEC_628
2008;249;12-15;16;22;38;SEC_249
2008;434;18-24;34;37;71;SEC_434
2008;119;00-02;14;17;31;SEC_119
2008;201;35-49;93;114;207;SEC_201
2008;206;16-17;5;7;12;SEC_206
2008;236;35-49;122;143;265;SEC_236
2008;140;03-11;30;40;70;SEC_140
2008;125;00-02;29;25;54;SEC_125
2008;235;00-02;33;23;56;SEC_235
2008;521;18-24;38;24;62;SEC_521
2008;311;25-34;113;139;252;SEC_311
2008;531;25-34;91;97;188;SEC_531
2008;432;75 i +;65;47;112;SEC_432
2008;509;12-15;16;25;41;SEC_509
2008;247;16-17;15;12;27;SEC_247
2008;107;35-49;179;211;390;SEC_107
2008;426;25-34;115;133;248;SEC_426
2008;230;00-02;17;23;40;SEC_230
2008;126;75 i +;60;30;90;SEC_126
2008;113;16-17;9;16;25;SEC_113
2008;525;03-11;34;34;68;SEC_525
2008;131;00-02;19;24;43;SEC_131
2008;135;16-17;12;8;20;SEC_135
2008;532;35-49;141;169;310;SEC_532
2008;134;00-02;18;23;41;SEC_134
2008;248;16-17;13;11;24;SEC_248
2008;308;03-11;102;119;221;SEC_308
2008;612;75 i +;51;33;84;SEC_612
2008;616;50-64;253;237;490;SEC_616
2008;532;50-64;116;81;197;SEC_532
2008;415;35-49;90;141;231;SEC_415
2008;218;50-64;79;58;137;SEC_218
2008;516;35-49;107;110;217;SEC_516
2008;534;50-64;85;77;162;SEC_534
2008;136;50-64;119;104;223;SEC_136
2008;247;12-15;18;26;44;SEC_247
2008;130;35-49;134;139;273;SEC_130
2008;219;25-34;108;135;243;SEC_219
2008;323;03-11;145;126;271;SEC_323
2008;225;18-24;23;27;50;SEC_225
2008;407;00-02;19;15;34;SEC_407
2008;324;03-11;52;53;105;SEC_324
2008;240;65-74;36;35;71;SEC_240
2008;323;18-24;128;108;236;SEC_323
2008;229;03-11;38;24;62;SEC_229
2008;423;75 i +;66;41;107;SEC_423
2008;311;35-49;160;189;349;SEC_311
2008;212;50-64;102;115;217;SEC_212
2008;118;12-15;27;35;62;SEC_118
2008;409;50-64;58;51;109;SEC_409
2008;217;75 i +;44;26;70;SEC_217
2008;607;18-24;37;33;70;SEC_607
2008;502;16-17;13;11;24;SEC_502
2008;521;35-49;85;98;183;SEC_521
2008;629;75 i +;36;17;53;SEC_629
2008;610;65-74;86;113;199;SEC_610
2008;606;65-74;79;57;136;SEC_606
2008;301;65-74;133;117;250;SEC_301
2008;318;12-15;12;21;33;SEC_318
2008;510;75 i +;64;32;96;SEC_510
2008;228;25-34;82;98;180;SEC_228
2008;129;65-74;59;61;120;SEC_129
2008;112;18-24;62;67;129;SEC_112
2008;216;16-17;8;13;21;SEC_216
2008;230;35-49;114;146;260;SEC_230
2008;518;75 i +;56;46;102;SEC_518
2008;528;12-15;29;23;52;SEC_528
2008;238;65-74;40;34;74;SEC_238
2008;437;16-17;10;9;19;SEC_437
2008;528;16-17;12;10;22;SEC_528
2008;504;50-64;115;78;193;SEC_504
2008;509;65-74;41;36;77;SEC_509
2008;430;18-24;49;45;94;SEC_430
2008;416;35-49;95;103;198;SEC_416
2008;601;25-34;110;124;234;SEC_601
2008;432;03-11;40;40;80;SEC_432
2008;603;03-11;30;30;60;SEC_603
2008;419;16-17;9;8;17;SEC_419
2008;228;03-11;16;22;38;SEC_228
2008;618;25-34;38;34;72;SEC_618
2008;529;65-74;71;67;138;SEC_529
2008;218;00-02;8;12;20;SEC_218
2008;519;03-11;28;41;69;SEC_519
2008;428;65-74;22;15;37;SEC_428
2008;233;50-64;62;60;122;SEC_233
2008;501;18-24;32;28;60;SEC_501
2008;614;03-11;29;27;56;SEC_614
2008;417;75 i +;31;18;49;SEC_417
2008;535;65-74;67;77;144;SEC_535
2008;308;75 i +;88;47;135;SEC_308
2008;118;75 i +;60;29;89;SEC_118
2008;313;25-34;193;186;379;SEC_313
2008;628;75 i +;46;31;77;SEC_628
2008;203;65-74;44;30;74;SEC_203
2008;407;35-49;131;148;279;SEC_407
2008;420;65-74;75;61;136;SEC_420
2008;126;35-49;83;105;188;SEC_126
2008;439;03-11;45;65;110;SEC_439
2008;414;18-24;34;35;69;SEC_414
2008;436;35-49;116;160;276;SEC_436
2008;202;12-15;10;15;25;SEC_202
2008;127;25-34;58;66;124;SEC_127
2008;604;12-15;13;12;25;SEC_604
2008;622;65-74;33;36;69;SEC_622
2008;124;00-02;14;12;26;SEC_124
2008;401;12-15;24;16;40;SEC_401
2008;124;12-15;7;10;17;SEC_124
2008;304;75 i +;96;51;147;SEC_304
2008;236;03-11;38;37;75;SEC_236
2008;608;00-02;10;6;16;SEC_608
2008;110;12-15;18;16;34;SEC_110
2008;320;03-11;59;52;111;SEC_320
2008;624;25-34;98;113;211;SEC_624
2008;115;25-34;119;119;238;SEC_115
2008;138;75 i +;37;27;64;SEC_138
2008;128;75 i +;47;33;80;SEC_128
2008;229;35-49;109;114;223;SEC_229
2008;123;16-17;15;11;26;SEC_123
2008;623;03-11;55;67;122;SEC_623
2008;325;35-49;211;175;386;SEC_325
2008;104;75 i +;78;42;120;SEC_104
2008;421;16-17;8;15;23;SEC_421
2008;105;12-15;16;20;36;SEC_105
2008;438;12-15;12;14;26;SEC_438
2008;320;25-34;76;83;159;SEC_320
2008;312;00-02;18;29;47;SEC_312
2008;238;25-34;81;98;179;SEC_238
2008;301;18-24;64;81;145;SEC_301
2008;617;12-15;9;20;29;SEC_617
2008;605;16-17;4;1;5;SEC_605
2008;218;12-15;19;9;28;SEC_218
2008;632;03-11;50;41;91;SEC_632
2008;433;25-34;153;191;344;SEC_433
2008;301;35-49;314;302;616;SEC_301
2008;405;18-24;29;31;60;SEC_405
2008;613;03-11;45;48;93;SEC_613
2008;241;65-74;38;41;79;SEC_241
2008;409;03-11;25;24;49;SEC_409
2008;403;16-17;8;9;17;SEC_403
2008;231;12-15;21;20;41;SEC_231
2008;307;35-49;132;116;248;SEC_307
2008;429;00-02;10;3;13;SEC_429
2008;221;12-15;34;17;51;SEC_221
2008;311;75 i +;100;52;152;SEC_311
2008;106;35-49;180;191;371;SEC_106
2008;130;50-64;63;66;129;SEC_130
2008;607;65-74;110;100;210;SEC_607
2008;522;65-74;27;26;53;SEC_522
2008;411;25-34;79;99;178;SEC_411
2008;529;16-17;12;14;26;SEC_529
2008;310;12-15;14;10;24;SEC_310
2008;601;03-11;39;43;82;SEC_601
2008;421;75 i +;84;61;145;SEC_421
2008;131;65-74;60;58;118;SEC_131
2008;406;03-11;36;58;94;SEC_406
2008;133;18-24;32;32;64;SEC_133
2008;302;75 i +;62;34;96;SEC_302
2008;234;25-34;103;98;201;SEC_234
2008;512;03-11;22;42;64;SEC_512
2008;314;50-64;247;256;503;SEC_314
2008;323;75 i +;80;33;113;SEC_323
2008;218;75 i +;41;20;61;SEC_218
2008;606;75 i +;71;46;117;SEC_606
2008;510;18-24;46;52;98;SEC_510
2008;215;16-17;15;12;27;SEC_215
2008;110;35-49;108;107;215;SEC_110
2008;525;65-74;60;43;103;SEC_525
2008;110;18-24;51;41;92;SEC_110
2008;514;35-49;93;124;217;SEC_514
2008;512;65-74;63;58;121;SEC_512
2008;630;18-24;34;36;70;SEC_630
2008;243;00-02;18;19;37;SEC_243
2008;138;00-02;10;9;19;SEC_138
2008;516;50-64;36;39;75;SEC_516
2008;304;12-15;46;32;78;SEC_304
2008;537;65-74;75;71;146;SEC_537
2008;525;50-64;69;68;137;SEC_525
2008;404;25-34;125;148;273;SEC_404
2008;602;50-64;49;34;83;SEC_602
2008;533;00-02;21;23;44;SEC_533
2008;527;12-15;21;15;36;SEC_527
2008;413;12-15;19;17;36;SEC_413
2008;520;18-24;39;47;86;SEC_520
2008;249;65-74;57;30;87;SEC_249
2008;115;50-64;137;143;280;SEC_115
2008;532;75 i +;77;58;135;SEC_532
2008;135;00-02;21;20;41;SEC_135
2008;130;12-15;12;10;22;SEC_130
2008;123;12-15;19;31;50;SEC_123
2008;224;03-11;19;25;44;SEC_224
2008;512;00-02;17;20;37;SEC_512
2008;602;25-34;49;35;84;SEC_602
2008;216;03-11;59;32;91;SEC_216
2008;110;25-34;108;118;226;SEC_110
2008;405;75 i +;72;45;117;SEC_405
2008;211;25-34;137;171;308;SEC_211
2008;529;03-11;47;58;105;SEC_529
2008;604;00-02;10;7;17;SEC_604
2008;110;16-17;8;13;21;SEC_110
2008;204;75 i +;41;20;61;SEC_204
2008;439;16-17;10;9;19;SEC_439
2008;411;35-49;102;125;227;SEC_411
2008;137;18-24;59;57;116;SEC_137
2008;310;18-24;45;52;97;SEC_310
2008;241;75 i +;70;27;97;SEC_241
2008;309;75 i +;35;20;55;SEC_309
2008;620;50-64;67;63;130;SEC_620
2008;618;50-64;62;46;108;SEC_618
2008;244;35-49;103;104;207;SEC_244
2008;130;16-17;7;12;19;SEC_130
2008;120;03-11;73;93;166;SEC_120
2008;201;75 i +;49;31;80;SEC_201
2008;503;35-49;83;64;147;SEC_503
2008;208;75 i +;147;97;244;SEC_208
2008;515;35-49;83;110;193;SEC_515
2008;629;18-24;24;17;41;SEC_629
2008;403;12-15;10;16;26;SEC_403
2008;631;65-74;64;67;131;SEC_631
2008;135;18-24;69;65;134;SEC_135
2008;223;16-17;16;18;34;SEC_223
2008;221;25-34;96;113;209;SEC_221
2008;130;03-11;50;37;87;SEC_130
2008;105;50-64;139;114;253;SEC_105
2008;405;03-11;26;31;57;SEC_405
2008;416;12-15;15;14;29;SEC_416
2008;222;35-49;118;133;251;SEC_222
2008;125;75 i +;48;35;83;SEC_125
2008;208;12-15;17;26;43;SEC_208
2008;513;65-74;57;43;100;SEC_513
2008;535;35-49;98;94;192;SEC_535
2008;527;18-24;64;48;112;SEC_527
2008;517;65-74;51;57;108;SEC_517
2008;114;03-11;60;58;118;SEC_114
2008;624;65-74;63;69;132;SEC_624
2008;243;12-15;30;27;57;SEC_243
2008;106;03-11;67;64;131;SEC_106
2008;509;50-64;62;56;118;SEC_509
2008;521;03-11;27;33;60;SEC_521
2008;228;18-24;34;44;78;SEC_228
2008;538;65-74;70;58;128;SEC_538
2008;117;65-74;80;75;155;SEC_117
2008;325;18-24;51;66;117;SEC_325
2008;505;00-02;12;16;28;SEC_505
2008;318;03-11;29;41;70;SEC_318
2008;207;35-49;79;74;153;SEC_207
2008;435;75 i +;98;45;143;SEC_435
2008;616;03-11;118;149;267;SEC_616
2008;224;00-02;12;18;30;SEC_224
2008;232;03-11;32;38;70;SEC_232
2008;303;35-49;148;177;325;SEC_303
2008;323;25-34;232;284;516;SEC_323
2008;613;50-64;135;77;212;SEC_613
2008;226;00-02;23;16;39;SEC_226
2008;527;25-34;137;127;264;SEC_527
2008;523;00-02;16;25;41;SEC_523
2008;410;16-17;16;15;31;SEC_410
2008;125;03-11;69;68;137;SEC_125
2008;316;75 i +;69;33;102;SEC_316
2008;617;18-24;38;37;75;SEC_617
2008;102;03-11;58;72;130;SEC_102
2008;441;18-24;106;98;204;SEC_441
2008;514;03-11;47;37;84;SEC_514
2008;611;75 i +;79;48;127;SEC_611
2008;429;25-34;53;65;118;SEC_429
2008;416;65-74;45;33;78;SEC_416
2008;517;00-02;25;19;44;SEC_517
2008;422;65-74;51;38;89;SEC_422
2008;310;75 i +;38;27;65;SEC_310
2008;430;00-02;17;25;42;SEC_430
2008;619;50-64;146;131;277;SEC_619
2008;420;50-64;103;88;191;SEC_420
2008;406;00-02;21;26;47;SEC_406
2008;631;16-17;9;8;17;SEC_631
2008;205;18-24;37;40;77;SEC_205
2008;116;25-34;112;123;235;SEC_116
2008;418;00-02;24;15;39;SEC_418
2008;214;18-24;33;47;80;SEC_214
2008;440;25-34;78;84;162;SEC_440
2008;527;16-17;11;15;26;SEC_527
2008;317;35-49;130;140;270;SEC_317
2008;424;12-15;9;13;22;SEC_424
2008;218;03-11;26;26;52;SEC_218
2008;104;12-15;11;14;25;SEC_104
2008;137;16-17;11;10;21;SEC_137
2008;321;35-49;268;246;514;SEC_321
2008;533;35-49;123;149;272;SEC_533
2008;247;75 i +;75;47;122;SEC_247
2008;208;18-24;61;59;120;SEC_208
2008;422;00-02;23;20;43;SEC_422
2008;315;50-64;151;160;311;SEC_315
2008;217;50-64;40;49;89;SEC_217
2008;308;12-15;35;36;71;SEC_308
2008;611;65-74;116;128;244;SEC_611
2008;515;75 i +;32;12;44;SEC_515
2008;309;25-34;107;109;216;SEC_309
2008;130;65-74;77;56;133;SEC_130
2008;206;03-11;31;44;75;SEC_206
2008;245;75 i +;76;35;111;SEC_245
2008;626;16-17;9;5;14;SEC_626
2008;417;35-49;85;89;174;SEC_417
2008;241;18-24;38;40;78;SEC_241
2008;324;65-74;35;33;68;SEC_324
2008;324;50-64;71;67;138;SEC_324
2008;423;16-17;3;6;9;SEC_423
2008;306;65-74;72;53;125;SEC_306
2008;204;12-15;10;9;19;SEC_204
2008;208;00-02;10;17;27;SEC_208
2008;533;75 i +;41;31;72;SEC_533
2008;122;65-74;79;65;144;SEC_122
2008;618;75 i +;22;12;34;SEC_618
2008;241;16-17;11;5;16;SEC_241
2008;442;12-15;14;13;27;SEC_442
2008;442;50-64;52;51;103;SEC_442
2008;135;65-74;77;67;144;SEC_135
2008;302;00-02;14;20;34;SEC_302
2008;623;12-15;22;23;45;SEC_623
2008;423;25-34;111;124;235;SEC_423
2008;217;18-24;31;37;68;SEC_217
2008;424;03-11;24;34;58;SEC_424
2008;213;03-11;34;57;91;SEC_213
2008;116;50-64;172;146;318;SEC_116
2008;412;03-11;63;42;105;SEC_412
2008;132;00-02;34;30;64;SEC_132
2008;237;18-24;61;56;117;SEC_237
2008;223;12-15;27;23;50;SEC_223
2008;420;25-34;161;178;339;SEC_420
2008;204;35-49;79;81;160;SEC_204
2008;617;75 i +;43;31;74;SEC_617
2008;505;35-49;122;111;233;SEC_505
2008;134;16-17;7;12;19;SEC_134
2008;211;00-02;29;19;48;SEC_211
2008;516;18-24;30;34;64;SEC_516
2008;419;75 i +;41;31;72;SEC_419
2008;526;16-17;8;6;14;SEC_526
2008;140;00-02;8;16;24;SEC_140
2008;121;25-34;73;76;149;SEC_121
2008;614;75 i +;52;33;85;SEC_614
2008;515;50-64;43;34;77;SEC_515
2008;406;25-34;119;132;251;SEC_406
2008;313;35-49;214;213;427;SEC_313
2008;601;18-24;44;52;96;SEC_601
2008;205;16-17;7;9;16;SEC_205
2008;505;16-17;5;8;13;SEC_505
2008;621;25-34;140;165;305;SEC_621
2008;317;75 i +;61;18;79;SEC_317
2008;524;18-24;43;60;103;SEC_524
2008;216;00-02;15;13;28;SEC_216
2008;319;12-15;22;26;48;SEC_319
2008;323;16-17;28;22;50;SEC_323
2008;123;75 i +;85;58;143;SEC_123
2008;519;25-34;84;83;167;SEC_519
2008;210;12-15;14;7;21;SEC_210
2008;219;35-49;176;161;337;SEC_219
2008;609;03-11;36;27;63;SEC_609
2008;216;75 i +;75;50;125;SEC_216
2008;248;50-64;92;92;184;SEC_248
2008;519;00-02;6;12;18;SEC_519
2008;609;18-24;31;30;61;SEC_609
2008;439;35-49;144;161;305;SEC_439
2008;227;00-02;7;8;15;SEC_227
2008;118;25-34;152;172;324;SEC_118
2008;219;12-15;34;19;53;SEC_219
2008;605;03-11;16;19;35;SEC_605
2008;312;75 i +;62;35;97;SEC_312
2008;204;18-24;33;29;62;SEC_204
2008;319;25-34;185;202;387;SEC_319
2008;313;65-74;86;80;166;SEC_313
2008;130;00-02;21;14;35;SEC_130
2008;237;25-34;135;155;290;SEC_237
2008;438;65-74;66;53;119;SEC_438
2008;209;00-02;9;18;27;SEC_209
2008;533;18-24;53;46;99;SEC_533
2008;418;25-34;127;136;263;SEC_418
2008;620;00-02;0;7;7;SEC_620
2008;410;35-49;162;168;330;SEC_410
2008;320;50-64;101;89;190;SEC_320
2008;611;18-24;66;51;117;SEC_611
2008;605;65-74;62;69;131;SEC_605
2008;606;50-64;81;54;135;SEC_606
2008;111;00-02;9;11;20;SEC_111
2008;235;35-49;195;200;395;SEC_235
2008;124;16-17;4;11;15;SEC_124
2008;422;03-11;49;38;87;SEC_422
2008;243;65-74;81;65;146;SEC_243
2008;421;03-11;47;35;82;SEC_421
2008;137;00-02;28;15;43;SEC_137
2008;315;25-34;155;179;334;SEC_315
2008;428;35-49;83;111;194;SEC_428
2008;425;18-24;44;43;87;SEC_425
2008;122;35-49;99;100;199;SEC_122
2008;509;75 i +;32;19;51;SEC_509
2008;435;03-11;45;54;99;SEC_435
2008;237;00-02;22;27;49;SEC_237
2008;225;12-15;2;4;6;SEC_225
2008;629;12-15;5;9;14;SEC_629
2008;620;16-17;9;4;13;SEC_620
2008;524;50-64;97;94;191;SEC_524
2008;525;00-02;19;18;37;SEC_525
2008;502;12-15;17;18;35;SEC_502
2008;436;75 i +;34;21;55;SEC_436
2008;420;12-15;33;30;63;SEC_420
2008;417;00-02;13;13;26;SEC_417
2008;303;50-64;136;103;239;SEC_303
2008;303;25-34;160;160;320;SEC_303
2008;232;65-74;49;51;100;SEC_232
2008;526;65-74;30;32;62;SEC_526
2008;411;65-74;62;61;123;SEC_411
2008;506;12-15;35;29;64;SEC_506
2008;321;75 i +;115;60;175;SEC_321
2008;135;75 i +;68;41;109;SEC_135
2008;410;75 i +;111;99;210;SEC_410
2008;428;25-34;61;83;144;SEC_428
2008;135;03-11;52;57;109;SEC_135
2008;122;03-11;41;42;83;SEC_122
2008;206;50-64;71;71;142;SEC_206
2008;627;03-11;35;24;59;SEC_627
2008;425;12-15;13;18;31;SEC_425
2008;307;50-64;215;177;392;SEC_307
2008;613;12-15;15;19;34;SEC_613
2008;305;00-02;30;18;48;SEC_305
2008;522;50-64;61;55;116;SEC_522
2008;414;35-49;100;116;216;SEC_414
2008;207;18-24;30;29;59;SEC_207
2008;409;18-24;25;33;58;SEC_409
2008;612;03-11;40;44;84;SEC_612
2008;603;18-24;15;20;35;SEC_603
2008;231;65-74;57;36;93;SEC_231
2008;622;75 i +;39;10;49;SEC_622
2008;421;35-49;143;166;309;SEC_421
2008;306;50-64;162;131;293;SEC_306
2008;532;00-02;21;22;43;SEC_532
2008;207;50-64;68;57;125;SEC_207
2008;316;18-24;140;141;281;SEC_316
2008;516;03-11;24;39;63;SEC_516
2008;317;18-24;43;43;86;SEC_317
2008;308;00-02;30;30;60;SEC_308
2008;121;75 i +;80;42;122;SEC_121
2008;216;12-15;33;22;55;SEC_216
2008;409;12-15;10;15;25;SEC_409
2008;501;16-17;9;10;19;SEC_501
2008;236;50-64;89;72;161;SEC_236
2008;406;18-24;78;54;132;SEC_406
2008;132;16-17;22;28;50;SEC_132
2008;532;18-24;64;56;120;SEC_532
2008;523;16-17;11;17;28;SEC_523
2008;121;18-24;18;25;43;SEC_121
2008;629;25-34;37;57;94;SEC_629
2008;223;35-49;145;168;313;SEC_223
2008;426;65-74;42;34;76;SEC_426
2008;207;00-02;16;6;22;SEC_207
2008;111;03-11;20;37;57;SEC_111
2008;325;65-74;95;78;173;SEC_325
2008;519;16-17;3;12;15;SEC_519
2008;230;12-15;14;26;40;SEC_230
2008;213;18-24;61;60;121;SEC_213
2008;511;18-24;25;26;51;SEC_511
2008;114;75 i +;72;44;116;SEC_114
2008;516;25-34;71;81;152;SEC_516
2008;618;12-15;9;12;21;SEC_618
2008;433;18-24;71;69;140;SEC_433
2008;521;50-64;150;123;273;SEC_521
2008;105;75 i +;63;34;97;SEC_105
2008;515;65-74;29;23;52;SEC_515
2008;517;16-17;15;19;34;SEC_517
2008;104;65-74;57;35;92;SEC_104
2008;242;03-11;40;37;77;SEC_242
2008;628;12-15;22;14;36;SEC_628
2008;309;35-49;113;115;228;SEC_309
2008;120;25-34;119;149;268;SEC_120
2008;530;75 i +;99;63;162;SEC_530
2008;309;50-64;82;74;156;SEC_309
2008;119;75 i +;80;53;133;SEC_119
2008;420;75 i +;79;43;122;SEC_420
2008;110;65-74;64;63;127;SEC_110
2008;108;16-17;11;14;25;SEC_108
2008;222;12-15;17;13;30;SEC_222
2008;245;50-64;74;72;146;SEC_245
2008;513;00-02;12;13;25;SEC_513
2008;526;35-49;80;96;176;SEC_526
2008;313;75 i +;83;51;134;SEC_313
2008;524;35-49;158;158;316;SEC_524
2008;136;35-49;130;150;280;SEC_136
2008;431;75 i +;87;44;131;SEC_431
2008;101;75 i +;43;34;77;SEC_101
2008;119;18-24;52;46;98;SEC_119
2008;304;25-34;160;183;343;SEC_304
2008;536;65-74;53;40;93;SEC_536
2008;426;35-49;136;148;284;SEC_426
2008;431;00-02;28;29;57;SEC_431
2008;513;12-15;8;9;17;SEC_513
2008;404;50-64;104;99;203;SEC_404
2008;323;65-74;75;77;152;SEC_323
2008;312;35-49;182;212;394;SEC_312
2008;226;65-74;50;37;87;SEC_226
2008;304;50-64;114;112;226;SEC_304
2008;619;75 i +;63;45;108;SEC_619
2008;615;35-49;79;91;170;SEC_615
2008;304;16-17;33;10;43;SEC_304
2008;415;03-11;34;35;69;SEC_415
2008;630;65-74;42;44;86;SEC_630
2008;428;12-15;9;13;22;SEC_428
2008;311;65-74;75;66;141;SEC_311
2008;534;03-11;33;43;76;SEC_534
2008;125;65-74;54;67;121;SEC_125
2008;631;18-24;32;25;57;SEC_631
2008;616;35-49;306;309;615;SEC_616
2008;321;16-17;19;20;39;SEC_321
2008;601;00-02;20;13;33;SEC_601
2008;514;50-64;53;55;108;SEC_514
2008;627;75 i +;39;23;62;SEC_627
2008;402;65-74;47;40;87;SEC_402
2008;103;00-02;10;8;18;SEC_103
2008;614;50-64;108;88;196;SEC_614
2008;106;25-34;181;176;357;SEC_106
2008;232;00-02;11;8;19;SEC_232
2008;419;25-34;94;124;218;SEC_419
2008;526;50-64;57;56;113;SEC_526
2008;432;65-74;73;61;134;SEC_432
2008;429;65-74;33;28;61;SEC_429
2008;509;35-49;93;112;205;SEC_509
2008;103;12-15;10;7;17;SEC_103
2008;319;50-64;147;138;285;SEC_319
2008;434;50-64;47;53;100;SEC_434
2008;625;65-74;65;59;124;SEC_625
2008;631;35-49;105;115;220;SEC_631
2008;117;35-49;218;212;430;SEC_117
2008;626;00-02;13;15;28;SEC_626
2008;621;12-15;29;24;53;SEC_621
2008;436;16-17;8;10;18;SEC_436
2008;507;75 i +;39;21;60;SEC_507
2008;213;12-15;18;18;36;SEC_213
2008;122;25-34;73;75;148;SEC_122
2008;227;50-64;63;57;120;SEC_227
2008;441;00-02;23;21;44;SEC_441
2008;136;25-34;115;113;228;SEC_136
2008;440;16-17;6;5;11;SEC_440
2008;102;12-15;26;24;50;SEC_102
2008;124;03-11;26;25;51;SEC_124
2008;536;00-02;11;14;25;SEC_536
2008;121;65-74;44;27;71;SEC_121
2008;104;03-11;40;37;77;SEC_104
2008;534;75 i +;59;34;93;SEC_534
2008;318;25-34;68;56;124;SEC_318
2008;219;00-02;19;16;35;SEC_219
2008;228;00-02;11;14;25;SEC_228
2008;134;12-15;22;22;44;SEC_134
2008;205;25-34;94;93;187;SEC_205
2008;627;16-17;4;10;14;SEC_627
2008;607;03-11;44;36;80;SEC_607
2008;504;12-15;8;12;20;SEC_504
2008;529;12-15;24;24;48;SEC_529
2008;242;00-02;17;16;33;SEC_242
2008;611;03-11;76;80;156;SEC_611
2008;432;50-64;150;147;297;SEC_432
2008;520;50-64;77;70;147;SEC_520
2008;617;65-74;66;46;112;SEC_617
2008;107;00-02;30;41;71;SEC_107
2008;606;03-11;54;43;97;SEC_606
2008;619;25-34;89;90;179;SEC_619
2008;402;12-15;14;8;22;SEC_402
2008;243;75 i +;98;62;160;SEC_243
2008;602;12-15;7;9;16;SEC_602
2008;216;65-74;70;56;126;SEC_216
2008;131;03-11;39;46;85;SEC_131
2008;238;00-02;14;15;29;SEC_238
2008;119;65-74;62;63;125;SEC_119
2008;535;16-17;13;7;20;SEC_535
2008;318;00-02;12;7;19;SEC_318
2008;433;12-15;26;22;48;SEC_433
2008;405;65-74;80;63;143;SEC_405
2008;214;35-49;117;127;244;SEC_214
2008;613;65-74;94;117;211;SEC_613
2008;441;03-11;71;69;140;SEC_441
2008;140;75 i +;51;40;91;SEC_140
2008;302;16-17;8;11;19;SEC_302
2008;248;35-49;176;191;367;SEC_248
2008;506;35-49;181;177;358;SEC_506
2008;429;75 i +;43;21;64;SEC_429
2008;625;18-24;59;79;138;SEC_625
2008;614;18-24;22;33;55;SEC_614
2008;607;25-34;79;105;184;SEC_607
2008;220;03-11;32;32;64;SEC_220
2008;245;18-24;41;42;83;SEC_245
2008;126;16-17;8;2;10;SEC_126
2008;216;35-49;147;141;288;SEC_216
2008;621;16-17;15;10;25;SEC_621
2008;221;50-64;89;86;175;SEC_221
2008;414;75 i +;62;46;108;SEC_414
2008;232;12-15;19;8;27;SEC_232
2008;218;18-24;27;50;77;SEC_218
2008;321;03-11;96;84;180;SEC_321
2008;627;35-49;90;86;176;SEC_627
2008;244;50-64;51;45;96;SEC_244
2008;111;16-17;9;10;19;SEC_111
2008;537;35-49;131;133;264;SEC_537
2008;442;35-49;79;74;153;SEC_442
2008;626;65-74;59;51;110;SEC_626
2008;111;75 i +;47;41;88;SEC_111
2008;122;18-24;35;16;51;SEC_122
2008;405;12-15;12;14;26;SEC_405
2008;441;12-15;36;28;64;SEC_441
2008;431;50-64;95;106;201;SEC_431
2008;319;18-24;57;69;126;SEC_319
2008;322;35-49;148;131;279;SEC_322
2008;430;65-74;52;44;96;SEC_430
2008;310;35-49;106;102;208;SEC_310
2008;430;35-49;119;154;273;SEC_430
2008;238;50-64;73;69;142;SEC_238
2008;440;00-02;7;17;24;SEC_440
2008;129;50-64;105;92;197;SEC_129
2008;527;00-02;20;33;53;SEC_527
2008;242;18-24;41;55;96;SEC_242
2008;231;18-24;33;37;70;SEC_231
2008;305;35-49;218;191;409;SEC_305
2008;624;18-24;33;27;60;SEC_624
2008;246;65-74;50;39;89;SEC_246
2008;324;25-34;126;112;238;SEC_324
2008;124;50-64;87;72;159;SEC_124
2008;210;65-74;60;42;102;SEC_210
2008;122;00-02;12;11;23;SEC_122
2008;315;12-15;22;25;47;SEC_315
2008;105;25-34;94;111;205;SEC_105
2008;538;35-49;145;143;288;SEC_538
2008;630;00-02;7;16;23;SEC_630
2008;119;25-34;97;107;204;SEC_119
2008;608;65-74;63;45;108;SEC_608
2008;428;75 i +;42;24;66;SEC_428
2008;126;50-64;116;86;202;SEC_126
2008;104;25-34;62;66;128;SEC_104
2008;310;00-02;17;16;33;SEC_310
2008;518;18-24;56;51;107;SEC_518
2008;127;00-02;11;14;25;SEC_127
2008;537;00-02;11;10;21;SEC_537
2008;403;00-02;15;14;29;SEC_403
2008;513;16-17;5;6;11;SEC_513
2008;410;18-24;49;64;113;SEC_410
2008;621;00-02;17;21;38;SEC_621
2008;138;18-24;26;49;75;SEC_138
2008;616;25-34;196;193;389;SEC_616
2008;603;35-49;69;69;138;SEC_603
2008;237;35-49;177;197;374;SEC_237
2008;513;50-64;53;48;101;SEC_513
2008;526;75 i +;39;24;63;SEC_526
2008;615;50-64;116;71;187;SEC_615
2008;125;18-24;65;61;126;SEC_125
2008;631;12-15;18;13;31;SEC_631
2008;413;25-34;56;59;115;SEC_413
2008;524;00-02;36;27;63;SEC_524
2008;525;25-34;94;123;217;SEC_525
2008;221;75 i +;60;46;106;SEC_221
2008;239;12-15;18;17;35;SEC_239
2008;619;03-11;47;44;91;SEC_619
2008;235;25-34;154;176;330;SEC_235
2008;516;12-15;11;23;34;SEC_516
2008;632;00-02;23;22;45;SEC_632
2008;112;35-49;191;169;360;SEC_112
2008;119;16-17;9;14;23;SEC_119
2008;425;25-34;88;81;169;SEC_425
2008;410;12-15;22;26;48;SEC_410
2008;512;18-24;43;49;92;SEC_512
2008;520;12-15;16;17;33;SEC_520
2008;510;12-15;15;21;36;SEC_510
2008;537;75 i +;72;46;118;SEC_537
2008;126;25-34;86;80;166;SEC_126
2008;610;16-17;7;8;15;SEC_610
2008;133;00-02;9;14;23;SEC_133
2008;212;00-02;31;30;61;SEC_212
2008;622;35-49;90;87;177;SEC_622
2008;235;50-64;110;86;196;SEC_235
2008;117;18-24;100;79;179;SEC_117
2008;409;25-34;62;94;156;SEC_409
2008;530;65-74;78;69;147;SEC_530
2008;136;12-15;24;14;38;SEC_136
2008;418;35-49;170;175;345;SEC_418
2008;242;75 i +;81;47;128;SEC_242
2008;528;65-74;66;56;122;SEC_528
2008;609;65-74;55;57;112;SEC_609
2008;536;12-15;11;17;28;SEC_536
2008;222;00-02;15;17;32;SEC_222
2008;625;50-64;196;177;373;SEC_625
2008;134;25-34;107;133;240;SEC_134
2008;419;03-11;42;51;93;SEC_419
2008;132;18-24;79;91;170;SEC_132
2008;230;16-17;8;11;19;SEC_230
2008;507;16-17;6;8;14;SEC_507
2008;441;25-34;157;157;314;SEC_441
2008;244;12-15;13;9;22;SEC_244
2008;613;35-49;133;145;278;SEC_613
2008;413;65-74;27;24;51;SEC_413
2008;132;75 i +;79;56;135;SEC_132
2008;229;50-64;58;49;107;SEC_229
2008;309;65-74;37;24;61;SEC_309
2008;117;75 i +;69;38;107;SEC_117
2008;131;16-17;9;12;21;SEC_131
2008;227;75 i +;56;34;90;SEC_227
2008;313;00-02;30;31;61;SEC_313
2008;519;75 i +;30;25;55;SEC_519
2008;315;03-11;76;69;145;SEC_315
2008;438;03-11;27;31;58;SEC_438
2008;632;12-15;21;23;44;SEC_632
2008;310;50-64;85;100;185;SEC_310
2008;225;00-02;6;7;13;SEC_225
2008;107;16-17;12;20;32;SEC_107
2008;615;00-02;10;8;18;SEC_615
2008;433;50-64;75;75;150;SEC_433
2008;217;35-49;85;123;208;SEC_217
2008;515;00-02;12;9;21;SEC_515
2008;313;50-64;224;187;411;SEC_313
2008;111;18-24;41;27;68;SEC_111
2008;209;03-11;29;36;65;SEC_209
2008;425;00-02;18;11;29;SEC_425
2008;219;03-11;57;53;110;SEC_219
2008;621;03-11;52;60;112;SEC_621
2008;102;65-74;102;96;198;SEC_102
2008;506;03-11;63;77;140;SEC_506
2008;108;18-24;45;40;85;SEC_108
2008;439;75 i +;48;37;85;SEC_439
2008;511;65-74;40;29;69;SEC_511
2008;126;00-02;9;12;21;SEC_126
2008;112;03-11;55;62;117;SEC_112
2008;508;16-17;6;11;17;SEC_508
2008;438;00-02;17;13;30;SEC_438
2008;137;65-74;59;57;116;SEC_137
2008;433;35-49;139;186;325;SEC_433
2008;101;03-11;102;85;187;SEC_101
2008;221;03-11;43;36;79;SEC_221
2008;111;50-64;94;69;163;SEC_111
2008;413;50-64;42;42;84;SEC_413
2008;239;50-64;87;74;161;SEC_239
2008;321;50-64;303;278;581;SEC_321
2008;538;03-11;54;51;105;SEC_538
2008;431;16-17;17;24;41;SEC_431
2008;137;03-11;72;56;128;SEC_137
2008;419;18-24;46;51;97;SEC_419
2008;220;16-17;10;11;21;SEC_220
2008;113;65-74;51;54;105;SEC_113
2008;220;12-15;22;14;36;SEC_220
2008;130;18-24;28;31;59;SEC_130
2008;612;50-64;106;76;182;SEC_612
2008;232;18-24;38;51;89;SEC_232
2008;631;75 i +;48;29;77;SEC_631
2008;227;16-17;7;3;10;SEC_227
2008;103;03-11;29;37;66;SEC_103
2008;421;00-02;13;10;23;SEC_421
2008;415;00-02;14;16;30;SEC_415
2008;620;65-74;50;48;98;SEC_620
2008;132;35-49;227;263;490;SEC_132
2008;438;18-24;38;41;79;SEC_438
2008;316;03-11;44;63;107;SEC_316
2008;420;00-02;38;33;71;SEC_420
2008;527;75 i +;55;33;88;SEC_527
2008;520;65-74;52;41;93;SEC_520
2008;119;35-49;124;128;252;SEC_119
2008;529;50-64;80;88;168;SEC_529
2008;537;18-24;51;47;98;SEC_537
2008;206;18-24;41;40;81;SEC_206
2008;324;12-15;20;24;44;SEC_324
2008;404;35-49;139;169;308;SEC_404
2008;116;03-11;67;60;127;SEC_116
2008;408;03-11;37;40;77;SEC_408
2008;248;65-74;51;46;97;SEC_248
2008;612;12-15;13;21;34;SEC_612
2008;245;16-17;12;15;27;SEC_245
2008;249;00-02;27;20;47;SEC_249
2008;125;50-64;172;154;326;SEC_125
2008;624;12-15;12;14;26;SEC_624
2008;404;12-15;22;22;44;SEC_404
2008;424;18-24;26;35;61;SEC_424
2008;437;18-24;41;49;90;SEC_437
2008;442;65-74;28;24;52;SEC_442
2008;529;18-24;54;51;105;SEC_529
2008;248;00-02;19;14;33;SEC_248
2008;401;50-64;101;99;200;SEC_401
2008;217;25-34;85;97;182;SEC_217
2008;501;65-74;46;42;88;SEC_501
2008;245;12-15;13;18;31;SEC_245
2008;317;50-64;60;72;132;SEC_317
2008;415;65-74;27;25;52;SEC_415
2008;310;65-74;42;29;71;SEC_310
2008;302;18-24;52;45;97;SEC_302
2008;632;50-64;85;75;160;SEC_632
2008;404;16-17;15;24;39;SEC_404
2008;128;00-02;12;19;31;SEC_128
2008;214;03-11;42;33;75;SEC_214
2008;431;25-34;179;196;375;SEC_431
2008;221;16-17;10;15;25;SEC_221
2008;620;35-49;60;57;117;SEC_620
2008;613;75 i +;62;36;98;SEC_613
2008;432;00-02;16;19;35;SEC_432
2008;213;16-17;6;11;17;SEC_213
2008;316;12-15;37;44;81;SEC_316
2008;122;12-15;12;9;21;SEC_122
2008;308;65-74;93;90;183;SEC_308
2008;627;25-34;86;80;166;SEC_627
2008;106;50-64;261;238;499;SEC_106
2008;437;25-34;84;122;206;SEC_437
2008;204;25-34;57;74;131;SEC_204
2008;531;35-49;105;129;234;SEC_531
2008;631;50-64;143;102;245;SEC_631
2008;513;35-49;95;93;188;SEC_513
2008;321;00-02;20;23;43;SEC_321
2008;436;18-24;42;44;86;SEC_436
2008;127;03-11;25;28;53;SEC_127
2008;602;65-74;55;68;123;SEC_602
2008;129;35-49;130;145;275;SEC_129
2008;434;65-74;31;13;44;SEC_434
2008;243;03-11;49;66;115;SEC_243
2008;222;03-11;46;32;78;SEC_222
2008;506;25-34;137;139;276;SEC_506
2008;209;25-34;83;88;171;SEC_209
2008;117;00-02;22;21;43;SEC_117
2008;502;35-49;160;183;343;SEC_502
2008;503;25-34;80;85;165;SEC_503
2008;512;12-15;20;12;32;SEC_512
2008;606;18-24;40;53;93;SEC_606
2008;224;65-74;25;15;40;SEC_224
2008;407;25-34;93;101;194;SEC_407
2008;436;25-34;116;135;251;SEC_436
2008;204;03-11;22;12;34;SEC_204
2008;508;35-49;62;88;150;SEC_508
2008;128;18-24;30;49;79;SEC_128
2008;120;18-24;81;79;160;SEC_120
2008;307;00-02;17;15;32;SEC_307
2008;127;50-64;66;70;136;SEC_127
2008;217;03-11;24;32;56;SEC_217
2008;437;35-49;103;130;233;SEC_437
2008;235;65-74;79;64;143;SEC_235
2008;113;03-11;46;66;112;SEC_113
2008;526;25-34;74;78;152;SEC_526
2008;110;03-11;27;28;55;SEC_110
2008;127;65-74;38;33;71;SEC_127
2008;202;18-24;31;35;66;SEC_202
2008;102;50-64;178;159;337;SEC_102
2008;521;65-74;69;80;149;SEC_521
2008;239;00-02;21;19;40;SEC_239
2008;121;03-11;26;42;68;SEC_121
2008;425;50-64;72;73;145;SEC_425
2008;614;16-17;6;8;14;SEC_614
2008;219;65-74;66;48;114;SEC_219
2008;418;16-17;14;14;28;SEC_418
2008;220;35-49;121;146;267;SEC_220
2008;514;00-02;12;22;34;SEC_514
2008;408;18-24;33;35;68;SEC_408
2008;215;50-64;83;72;155;SEC_215
2008;628;18-24;34;33;67;SEC_628
2008;109;00-02;15;16;31;SEC_109
2008;205;00-02;13;10;23;SEC_205
2008;532;12-15;30;15;45;SEC_532
2008;312;03-11;44;53;97;SEC_312
2008;235;03-11;64;81;145;SEC_235
2008;511;25-34;69;71;140;SEC_511
2008;422;12-15;13;25;38;SEC_422
2008;604;16-17;6;8;14;SEC_604
2008;134;18-24;63;51;114;SEC_134
2008;306;25-34;121;152;273;SEC_306
2008;310;16-17;6;7;13;SEC_310
2008;138;25-34;86;68;154;SEC_138
2008;506;50-64;249;203;452;SEC_506
2008;423;50-64;74;60;134;SEC_423
2008;520;25-34;65;81;146;SEC_520
2008;428;00-02;19;12;31;SEC_428
2008;123;65-74;62;58;120;SEC_123
2008;108;35-49;182;158;340;SEC_108
2008;203;75 i +;54;30;84;SEC_203
2008;319;03-11;90;88;178;SEC_319
2008;441;50-64;242;232;474;SEC_441
2008;109;16-17;7;11;18;SEC_109
2008;125;16-17;14;9;23;SEC_125
2008;223;00-02;12;20;32;SEC_223
2008;427;12-15;16;21;37;SEC_427
2008;118;50-64;214;201;415;SEC_118
2008;623;25-34;106;151;257;SEC_623
2008;129;25-34;109;116;225;SEC_129
2008;521;16-17;6;4;10;SEC_521
2008;140;65-74;67;53;120;SEC_140
2008;410;00-02;23;19;42;SEC_410
2008;115;12-15;22;26;48;SEC_115
2008;618;00-02;6;9;15;SEC_618
2008;116;18-24;53;53;106;SEC_116
2008;241;50-64;53;52;105;SEC_241
2008;247;18-24;69;77;146;SEC_247
2008;230;25-34;98;107;205;SEC_230
2008;629;35-49;60;66;126;SEC_629
2008;120;12-15;34;33;67;SEC_120
2008;506;75 i +;80;63;143;SEC_506
2008;418;50-64;101;83;184;SEC_418
2008;614;12-15;14;17;31;SEC_614
2008;613;18-24;34;34;68;SEC_613
2008;410;03-11;49;84;133;SEC_410
2008;232;35-49;126;125;251;SEC_232
2008;108;03-11;53;47;100;SEC_108
2008;114;00-02;13;21;34;SEC_114
2008;418;03-11;55;58;113;SEC_418
2008;526;12-15;16;21;37;SEC_526
2008;105;35-49;151;134;285;SEC_105
2008;120;50-64;177;181;358;SEC_120
2008;629;50-64;53;45;98;SEC_629
2008;612;00-02;20;16;36;SEC_612
2008;424;65-74;32;26;58;SEC_424
2008;127;35-49;104;100;204;SEC_127
2008;504;00-02;12;12;24;SEC_504
2008;313;16-17;22;19;41;SEC_313
2008;133;65-74;46;34;80;SEC_133
2008;416;00-02;17;11;28;SEC_416
2008;418;18-24;53;74;127;SEC_418
2008;307;12-15;16;17;33;SEC_307
2008;203;25-34;93;108;201;SEC_203
2008;223;18-24;54;46;100;SEC_223
2008;133;03-11;39;38;77;SEC_133
2008;233;12-15;10;13;23;SEC_233
2008;513;25-34;78;93;171;SEC_513
2008;416;03-11;41;43;84;SEC_416
2008;533;50-64;59;62;121;SEC_533
2008;218;35-49;81;91;172;SEC_218
2008;105;18-24;47;50;97;SEC_105
2008;502;75 i +;139;64;203;SEC_502
2008;102;35-49;166;183;349;SEC_102
2008;517;25-34;134;179;313;SEC_517
2008;132;65-74;95;89;184;SEC_132
2008;419;65-74;49;34;83;SEC_419
2008;410;65-74;131;98;229;SEC_410
2008;407;50-64;83;69;152;SEC_407
2008;236;16-17;16;10;26;SEC_236
2008;607;00-02;16;17;33;SEC_607
2008;121;12-15;15;19;34;SEC_121
2008;517;18-24;51;65;116;SEC_517
2008;322;75 i +;56;43;99;SEC_322
2008;509;03-11;34;38;72;SEC_509
2008;127;18-24;37;37;74;SEC_127
2008;114;16-17;11;9;20;SEC_114
2008;111;65-74;65;47;112;SEC_111
2008;221;35-49;135;135;270;SEC_221
2008;238;03-11;41;40;81;SEC_238
2008;244;00-02;9;11;20;SEC_244
2008;301;03-11;111;109;220;SEC_301
2008;517;75 i +;60;28;88;SEC_517
2008;231;50-64;79;61;140;SEC_231
2008;518;65-74;81;56;137;SEC_518
2008;120;35-49;241;228;469;SEC_120
2008;237;12-15;27;20;47;SEC_237
2008;207;16-17;5;4;9;SEC_207
2008;423;65-74;66;66;132;SEC_423
2008;504;25-34;97;99;196;SEC_504
2008;516;16-17;11;10;21;SEC_516
2008;629;65-74;33;34;67;SEC_629
2008;105;00-02;19;22;41;SEC_105
2008;426;03-11;52;45;97;SEC_426
2008;311;16-17;6;13;19;SEC_311
2008;311;50-64;115;94;209;SEC_311
2008;211;03-11;44;54;98;SEC_211
2008;522;25-34;84;114;198;SEC_522
2008;603;25-34;54;59;113;SEC_603
2008;118;03-11;64;56;120;SEC_118
2008;233;65-74;55;42;97;SEC_233
2008;215;25-34;98;103;201;SEC_215
2008;612;16-17;8;7;15;SEC_612
2008;537;12-15;21;23;44;SEC_537
2008;231;35-49;147;136;283;SEC_231
2008;204;50-64;44;38;82;SEC_204
2008;113;18-24;78;81;159;SEC_113
2008;248;12-15;28;26;54;SEC_248
2008;619;00-02;14;15;29;SEC_619
2008;435;65-74;48;31;79;SEC_435
2008;201;65-74;49;43;92;SEC_201
2008;418;12-15;29;22;51;SEC_418
2008;103;50-64;65;59;124;SEC_103
2008;304;65-74;73;55;128;SEC_304
2008;105;03-11;39;49;88;SEC_105
2008;523;12-15;24;22;46;SEC_523
2008;225;16-17;5;4;9;SEC_225
2008;520;00-02;15;11;26;SEC_520
2008;120;00-02;19;32;51;SEC_120
2008;405;35-49;79;107;186;SEC_405
2008;242;50-64;95;96;191;SEC_242
2008;244;03-11;22;24;46;SEC_244
2008;103;35-49;85;87;172;SEC_103
2008;510;16-17;7;14;21;SEC_510
2008;226;03-11;41;36;77;SEC_226
2008;214;50-64;55;48;103;SEC_214
2008;401;18-24;50;63;113;SEC_401
2008;538;00-02;18;25;43;SEC_538
2008;442;00-02;8;10;18;SEC_442
2008;609;25-34;69;68;137;SEC_609
2008;230;50-64;42;38;80;SEC_230
2008;246;75 i +;76;47;123;SEC_246
2008;115;75 i +;73;42;115;SEC_115
2008;429;12-15;11;14;25;SEC_429
2008;211;35-49;174;215;389;SEC_211
2008;315;65-74;62;64;126;SEC_315
2008;314;25-34;205;210;415;SEC_314
2008;205;03-11;29;28;57;SEC_205
2008;108;50-64;130;121;251;SEC_108
2008;217;00-02;16;16;32;SEC_217
2008;509;18-24;31;38;69;SEC_509
2008;423;00-02;14;15;29;SEC_423
2008;312;12-15;22;22;44;SEC_312
2008;318;18-24;41;34;75;SEC_318
2008;424;25-34;62;81;143;SEC_424
2008;118;18-24;84;70;154;SEC_118
2008;421;50-64;96;78;174;SEC_421
2008;416;50-64;54;55;109;SEC_416
2008;249;03-11;39;46;85;SEC_249
2008;426;12-15;15;27;42;SEC_426
2008;107;65-74;105;95;200;SEC_107
2008;305;16-17;22;17;39;SEC_305
2008;528;35-49;184;146;330;SEC_528
2008;106;12-15;25;25;50;SEC_106
2008;532;25-34;155;156;311;SEC_532
2008;301;12-15;38;37;75;SEC_301
2008;249;50-64;91;71;162;SEC_249
2008;416;75 i +;53;44;97;SEC_416
2008;412;12-15;28;27;55;SEC_412
2008;517;03-11;61;70;131;SEC_517
2008;436;12-15;25;23;48;SEC_436
2008;507;12-15;10;15;25;SEC_507
2008;229;65-74;48;30;78;SEC_229
2008;413;18-24;26;30;56;SEC_413
2008;202;03-11;27;27;54;SEC_202
2008;201;50-64;60;45;105;SEC_201
2008;227;25-34;73;77;150;SEC_227
2008;246;00-02;18;22;40;SEC_246
2008;121;50-64;45;42;87;SEC_121
2008;434;16-17;9;8;17;SEC_434
2008;124;75 i +;36;26;62;SEC_124
2008;318;35-49;105;102;207;SEC_318
2008;615;16-17;6;4;10;SEC_615
2008;612;35-49;109;128;237;SEC_612
2008;524;16-17;12;10;22;SEC_524
2008;412;00-02;17;24;41;SEC_412
2008;209;50-64;84;59;143;SEC_209
2008;526;00-02;10;14;24;SEC_526
2008;226;12-15;22;18;40;SEC_226
2008;436;00-02;18;22;40;SEC_436
2008;508;12-15;11;11;22;SEC_508
2008;537;50-64;130;95;225;SEC_537
2008;248;03-11;54;44;98;SEC_248
2008;403;75 i +;74;45;119;SEC_403
2008;440;35-49;92;103;195;SEC_440
2008;502;25-34;159;169;328;SEC_502
2008;128;65-74;51;51;102;SEC_128
2008;623;16-17;4;15;19;SEC_623
2008;505;75 i +;58;46;104;SEC_505
2008;207;65-74;39;32;71;SEC_207
2008;517;35-49;158;190;348;SEC_517
2008;507;03-11;31;43;74;SEC_507
2008;405;25-34;74;76;150;SEC_405
2008;210;00-02;5;4;9;SEC_210
2008;429;03-11;18;19;37;SEC_429
2008;224;12-15;13;11;24;SEC_224
2008;222;18-24;41;37;78;SEC_222
2008;301;16-17;21;27;48;SEC_301
2008;605;75 i +;41;28;69;SEC_605
2008;626;03-11;39;40;79;SEC_626
2008;535;12-15;12;19;31;SEC_535
2008;534;18-24;27;44;71;SEC_534
2008;114;50-64;181;133;314;SEC_114
2008;402;75 i +;53;46;99;SEC_402
2008;305;03-11;73;52;125;SEC_305
2008;429;35-49;56;70;126;SEC_429
2008;101;12-15;30;28;58;SEC_101
2008;412;25-34;139;181;320;SEC_412
2008;506;00-02;15;18;33;SEC_506
2008;627;00-02;9;8;17;SEC_627
2008;522;00-02;23;17;40;SEC_522
2008;508;00-02;13;17;30;SEC_508
2008;211;65-74;59;39;98;SEC_211
2008;227;18-24;19;13;32;SEC_227
2008;139;50-64;87;90;177;SEC_139
2008;403;50-64;122;95;217;SEC_403
2008;503;18-24;37;30;67;SEC_503
2008;409;75 i +;28;21;49;SEC_409
2008;432;12-15;16;23;39;SEC_432
2008;521;12-15;11;12;23;SEC_521
2008;106;00-02;20;19;39;SEC_106
2008;420;35-49;188;201;389;SEC_420
2008;538;75 i +;87;48;135;SEC_538
2008;602;18-24;18;23;41;SEC_602
2008;216;18-24;52;51;103;SEC_216
2008;602;75 i +;25;18;43;SEC_602
2008;233;75 i +;52;28;80;SEC_233
2008;204;65-74;31;22;53;SEC_204
2008;515;12-15;12;14;26;SEC_515
2008;219;18-24;47;49;96;SEC_219
2008;117;03-11;71;80;151;SEC_117
2008;307;65-74;80;69;149;SEC_307
2008;515;25-34;64;80;144;SEC_515
2008;435;50-64;80;70;150;SEC_435
2008;316;35-49;188;130;318;SEC_316
2008;225;65-74;26;22;48;SEC_225
2008;108;25-34;115;121;236;SEC_108
2008;610;35-49;138;137;275;SEC_610
2008;323;12-15;57;56;113;SEC_323
2008;109;75 i +;73;36;109;SEC_109
2008;215;18-24;43;33;76;SEC_215
2008;135;12-15;24;15;39;SEC_135
2008;528;03-11;57;56;113;SEC_528
2008;518;25-34;99;122;221;SEC_518
2008;138;50-64;104;92;196;SEC_138
2008;303;75 i +;94;76;170;SEC_303
2008;629;03-11;27;15;42;SEC_629
2008;401;25-34;96;91;187;SEC_401
2008;437;12-15;16;19;35;SEC_437
2008;227;12-15;12;7;19;SEC_227
2008;504;16-17;7;6;13;SEC_504
2008;129;18-24;38;41;79;SEC_129
2008;310;25-34;98;93;191;SEC_310
2008;203;18-24;37;35;72;SEC_203
2008;317;16-17;10;12;22;SEC_317
2008;207;12-15;7;12;19;SEC_207
2008;524;03-11;59;60;119;SEC_524
2008;210;50-64;90;86;176;SEC_210
2008;320;12-15;15;11;26;SEC_320
2008;617;16-17;11;8;19;SEC_617
2008;615;12-15;10;13;23;SEC_615
2008;108;00-02;21;19;40;SEC_108
2008;518;03-11;53;43;96;SEC_518
2008;530;35-49;163;167;330;SEC_530
2008;436;03-11;40;59;99;SEC_436
2008;608;50-64;84;57;141;SEC_608
2008;247;00-02;30;25;55;SEC_247
2008;530;16-17;7;9;16;SEC_530
2008;112;75 i +;64;35;99;SEC_112
2008;203;03-11;33;43;76;SEC_203
2008;114;12-15;20;27;47;SEC_114
2008;211;16-17;9;16;25;SEC_211
2008;417;50-64;61;54;115;SEC_417
2008;103;75 i +;42;22;64;SEC_103
2008;309;00-02;18;19;37;SEC_309
2008;233;16-17;8;6;14;SEC_233
2008;316;25-34;161;180;341;SEC_316
2008;404;18-24;68;71;139;SEC_404
2008;603;50-64;63;43;106;SEC_603
2008;324;16-17;5;7;12;SEC_324
2008;108;65-74;69;42;111;SEC_108
2008;518;35-49;146;141;287;SEC_518
2008;228;16-17;17;7;24;SEC_228
2008;409;16-17;5;4;9;SEC_409
2008;115;00-02;15;24;39;SEC_115
2008;533;03-11;50;40;90;SEC_533
2008;134;65-74;59;41;100;SEC_134
2008;304;35-49;193;193;386;SEC_304
2008;320;16-17;5;7;12;SEC_320
2008;209;12-15;12;12;24;SEC_209
2008;223;25-34;108;122;230;SEC_223
2008;432;18-24;44;52;96;SEC_432
2008;508;25-34;77;60;137;SEC_508
2008;101;25-34;164;149;313;SEC_101
2008;246;50-64;78;73;151;SEC_246
2008;528;50-64;81;80;161;SEC_528
2008;138;35-49;84;78;162;SEC_138
2008;218;65-74;34;29;63;SEC_218
2008;610;75 i +;50;34;84;SEC_610
2008;129;16-17;9;9;18;SEC_129
2008;235;75 i +;88;52;140;SEC_235
2008;108;75 i +;105;76;181;SEC_108
2008;248;25-34;118;126;244;SEC_248
2008;525;75 i +;59;38;97;SEC_525
2008;403;65-74;84;86;170;SEC_403
2008;419;12-15;20;22;42;SEC_419
2008;515;03-11;23;25;48;SEC_515
2008;229;25-34;93;79;172;SEC_229
2008;606;35-49;129;146;275;SEC_606
2008;619;12-15;12;22;34;SEC_619
2008;604;03-11;24;38;62;SEC_604
2008;231;25-34;110;129;239;SEC_231
2008;109;65-74;45;47;92;SEC_109
2008;614;65-74;65;69;134;SEC_614
2008;404;75 i +;79;39;118;SEC_404
2008;620;18-24;24;26;50;SEC_620
2008;315;75 i +;67;26;93;SEC_315
2008;103;65-74;44;41;85;SEC_103
2008;530;12-15;19;18;37;SEC_530
2008;508;50-64;36;41;77;SEC_508
2008;139;16-17;7;5;12;SEC_139
2008;531;00-02;16;23;39;SEC_531
2008;304;00-02;29;36;65;SEC_304
2008;311;03-11;61;66;127;SEC_311
2008;114;25-34;139;135;274;SEC_114
2008;325;75 i +;172;99;271;SEC_325
2008;209;35-49;126;128;254;SEC_209
2008;438;25-34;79;94;173;SEC_438
2008;615;65-74;72;80;152;SEC_615
2008;311;00-02;14;30;44;SEC_311
2008;628;50-64;124;93;217;SEC_628
2008;136;00-02;21;20;41;SEC_136
2008;226;18-24;60;43;103;SEC_226
2008;631;00-02;14;15;29;SEC_631
2008;213;35-49;125;131;256;SEC_213
2008;613;25-34;88;127;215;SEC_613
2008;621;18-24;48;53;101;SEC_621
2008;322;65-74;56;44;100;SEC_322
2008;218;16-17;5;5;10;SEC_218
2008;232;25-34;88;99;187;SEC_232
2008;522;03-11;37;52;89;SEC_522
2008;631;03-11;30;43;73;SEC_631
2008;237;50-64;96;105;201;SEC_237
2008;204;16-17;5;8;13;SEC_204
2008;619;18-24;43;50;93;SEC_619
2008;437;00-02;19;16;35;SEC_437
2008;236;12-15;20;11;31;SEC_236
2008;247;03-11;58;53;111;SEC_247
2008;524;25-34;164;160;324;SEC_524
2008;321;18-24;96;101;197;SEC_321
2008;510;65-74;61;57;118;SEC_510
2008;245;00-02;14;18;32;SEC_245
2008;413;16-17;7;5;12;SEC_413
2008;231;75 i +;82;52;134;SEC_231
2008;136;03-11;44;51;95;SEC_136
2008;523;18-24;56;72;128;SEC_523
2008;415;18-24;55;40;95;SEC_415
2008;511;50-64;50;48;98;SEC_511
2008;612;65-74;91;80;171;SEC_612
2008;626;35-49;103;109;212;SEC_626
2008;118;16-17;15;12;27;SEC_118
2008;126;12-15;9;10;19;SEC_126
2008;426;50-64;69;66;135;SEC_426
2008;222;75 i +;41;22;63;SEC_222
2008;129;00-02;17;19;36;SEC_129
2008;615;03-11;36;22;58;SEC_615
2008;319;65-74;47;42;89;SEC_319
2008;609;00-02;14;13;27;SEC_609
2008;322;50-64;102;99;201;SEC_322
2008;316;50-64;359;359;718;SEC_316
2008;421;25-34;96;112;208;SEC_421
2008;527;50-64;81;72;153;SEC_527
2008;426;16-17;11;11;22;SEC_426
2008;239;16-17;9;12;21;SEC_239
2008;530;25-34;132;158;290;SEC_530
2008;417;03-11;19;28;47;SEC_417
2008;306;12-15;35;26;61;SEC_306
2008;117;25-34;132;165;297;SEC_117
2008;531;75 i +;45;35;80;SEC_531
2008;615;75 i +;30;20;50;SEC_615
2008;114;35-49;171;173;344;SEC_114
2008;312;25-34;163;168;331;SEC_312
2008;244;65-74;27;18;45;SEC_244
2008;238;18-24;29;42;71;SEC_238
2008;217;16-17;10;8;18;SEC_217
2008;215;03-11;34;37;71;SEC_215
2008;514;16-17;8;4;12;SEC_514
2008;508;75 i +;38;26;64;SEC_508
2008;241;25-34;75;82;157;SEC_241
2008;110;75 i +;62;38;100;SEC_110
2008;514;12-15;14;12;26;SEC_514
2008;524;12-15;24;26;50;SEC_524
2008;133;75 i +;53;42;95;SEC_133
2008;139;75 i +;41;24;65;SEC_139
2008;420;16-17;18;15;33;SEC_420
2008;510;35-49;112;129;241;SEC_510
2008;210;25-34;70;58;128;SEC_210
2008;504;65-74;94;86;180;SEC_504
2008;412;35-49;161;181;342;SEC_412
2008;123;35-49;163;162;325;SEC_123
2008;534;12-15;14;15;29;SEC_534
2008;629;00-02;6;3;9;SEC_629
2008;615;18-24;20;24;44;SEC_615
2008;108;12-15;18;28;46;SEC_108
2008;136;18-24;41;32;73;SEC_136
2008;307;03-11;32;40;72;SEC_307
2008;315;00-02;32;31;63;SEC_315
2008;630;16-17;8;7;15;SEC_630
2008;324;35-49;130;142;272;SEC_324
2008;136;75 i +;66;40;106;SEC_136
2008;416;18-24;35;43;78;SEC_416
2008;616;65-74;71;72;143;SEC_616
2008;601;16-17;12;12;24;SEC_601
2008;238;75 i +;66;42;108;SEC_238
2008;520;03-11;35;37;72;SEC_520
2008;322;16-17;14;12;26;SEC_322
2008;621;75 i +;43;24;67;SEC_621
2008;519;35-49;92;110;202;SEC_519
2008;408;25-34;107;126;233;SEC_408
2008;113;00-02;23;30;53;SEC_113
2008;535;25-34;63;69;132;SEC_535
2008;616;16-17;36;37;73;SEC_616
2008;208;25-34;133;138;271;SEC_208
2008;126;03-11;40;40;80;SEC_126
2008;242;12-15;16;9;25;SEC_242
2008;113;50-64;210;197;407;SEC_113
2008;123;03-11;49;51;100;SEC_123
2008;202;25-34;96;110;206;SEC_202
2008;210;03-11;31;29;60;SEC_210
2008;624;03-11;36;43;79;SEC_624
2008;510;03-11;33;39;72;SEC_510
2008;625;03-11;35;44;79;SEC_625
2008;109;35-49;120;109;229;SEC_109
2008;622;16-17;7;8;15;SEC_622
2008;506;18-24;57;82;139;SEC_506
2008;110;50-64;173;131;304;SEC_110
2008;532;03-11;44;46;90;SEC_532
2008;514;75 i +;37;26;63;SEC_514
2008;136;16-17;8;11;19;SEC_136
2008;536;50-64;78;63;141;SEC_536
2008;237;75 i +;82;43;125;SEC_237
2008;527;65-74;48;33;81;SEC_527
2008;607;35-49;129;143;272;SEC_607
2008;228;50-64;46;40;86;SEC_228
2008;436;50-64;55;59;114;SEC_436
2008;406;75 i +;59;54;113;SEC_406
2008;537;25-34;105;120;225;SEC_537
2008;410;50-64;164;149;313;SEC_410
2008;530;18-24;59;49;108;SEC_530
2008;430;50-64;60;64;124;SEC_430
2008;206;12-15;14;21;35;SEC_206
2008;617;03-11;35;41;76;SEC_617
2008;614;25-34;61;90;151;SEC_614
2008;214;12-15;22;12;34;SEC_214
2008;220;18-24;29;39;68;SEC_220
2008;239;35-49;139;163;302;SEC_239
2008;405;00-02;14;16;30;SEC_405
2008;601;35-49;118;162;280;SEC_601
2008;210;16-17;3;0;3;SEC_210
2008;529;75 i +;80;51;131;SEC_529
2008;536;25-34;69;81;150;SEC_536
2008;609;50-64;106;66;172;SEC_609
2008;608;03-11;20;24;44;SEC_608
2008;404;65-74;73;66;139;SEC_404
2008;508;03-11;25;14;39;SEC_508
2008;121;35-49;111;118;229;SEC_121
2008;247;65-74;59;59;118;SEC_247
2008;318;16-17;7;12;19;SEC_318
2008;319;16-17;10;11;21;SEC_319
2008;609;35-49;82;89;171;SEC_609
2008;414;65-74;45;40;85;SEC_414
2008;403;03-11;37;29;66;SEC_403
2008;204;00-02;9;14;23;SEC_204
2008;230;18-24;51;44;95;SEC_230
2008;116;16-17;15;14;29;SEC_116
2008;632;75 i +;37;27;64;SEC_632
2008;138;16-17;7;9;16;SEC_138
2008;415;75 i +;40;22;62;SEC_415
2008;512;50-64;67;66;133;SEC_512
2008;233;18-24;40;45;85;SEC_233
2008;503;75 i +;35;13;48;SEC_503
2008;122;16-17;3;5;8;SEC_122
2008;620;75 i +;19;20;39;SEC_620
2008;234;03-11;29;35;64;SEC_234
2008;322;12-15;21;23;44;SEC_322
2008;122;75 i +;47;34;81;SEC_122
2008;229;12-15;18;22;40;SEC_229
2008;512;25-34;92;105;197;SEC_512
2008;621;35-49;148;147;295;SEC_621
2008;206;35-49;113;119;232;SEC_206
2008;240;03-11;28;28;56;SEC_240
2008;212;75 i +;66;43;109;SEC_212
2008;309;16-17;6;8;14;SEC_309
2008;434;25-34;49;68;117;SEC_434
2008;311;18-24;53;60;113;SEC_311
2008;435;35-49;104;140;244;SEC_435
2008;216;25-34;112;126;238;SEC_216
2008;208;35-49;163;174;337;SEC_208
2008;501;25-34;92;101;193;SEC_501
2008;102;75 i +;93;51;144;SEC_102
2008;407;65-74;55;39;94;SEC_407
2008;431;12-15;27;34;61;SEC_431
2008;201;00-02;13;18;31;SEC_201
2008;132;12-15;21;41;62;SEC_132
2008;207;25-34;78;84;162;SEC_207
2008;431;03-11;71;75;146;SEC_431
2008;415;25-34;92;127;219;SEC_415
2008;532;65-74;76;71;147;SEC_532
2008;319;35-49;228;257;485;SEC_319
2008;415;16-17;4;10;14;SEC_415
2008;537;03-11;53;30;83;SEC_537
2008;315;35-49;226;227;453;SEC_315
2008;127;12-15;8;12;20;SEC_127
2008;137;35-49;176;151;327;SEC_137
2008;611;00-02;20;44;64;SEC_611
2008;436;65-74;31;21;52;SEC_436
2008;430;75 i +;56;34;90;SEC_430
2008;225;25-34;44;62;106;SEC_225
2008;411;75 i +;90;62;152;SEC_411
2008;524;65-74;69;42;111;SEC_524
2008;110;00-02;14;10;24;SEC_110
2008;240;18-24;19;25;44;SEC_240
2008;536;75 i +;69;53;122;SEC_536
2008;201;03-11;30;36;66;SEC_201
2008;228;75 i +;45;30;75;SEC_228
2008;315;18-24;71;72;143;SEC_315
2008;229;16-17;8;12;20;SEC_229
2008;308;18-24;63;79;142;SEC_308
2008;236;65-74;63;48;111;SEC_236
2008;601;50-64;139;110;249;SEC_601
2008;513;18-24;27;22;49;SEC_513
2008;120;65-74;48;54;102;SEC_120
2008;407;16-17;9;5;14;SEC_407
2008;123;00-02;15;16;31;SEC_123
2008;325;25-34;109;125;234;SEC_325
2008;405;16-17;5;6;11;SEC_405
2008;426;18-24;44;42;86;SEC_426
2008;531;18-24;37;53;90;SEC_531
2008;618;65-74;35;39;74;SEC_618
2008;113;25-34;154;163;317;SEC_113
2008;419;00-02;17;28;45;SEC_419
2008;203;50-64;61;60;121;SEC_203
2008;323;00-02;41;45;86;SEC_323
2008;411;18-24;39;39;78;SEC_411
2008;220;50-64;63;54;117;SEC_220
2008;303;65-74;132;129;261;SEC_303
2008;124;25-34;67;74;141;SEC_124
2008;128;35-49;131;126;257;SEC_128
2008;423;18-24;35;37;72;SEC_423
2008;505;12-15;19;9;28;SEC_505
2008;412;75 i +;85;68;153;SEC_412
2008;522;35-49;93;115;208;SEC_522
2008;427;16-17;5;10;15;SEC_427
2008;225;50-64;49;34;83;SEC_225
2008;226;16-17;11;8;19;SEC_226
2008;305;18-24;88;77;165;SEC_305
2008;314;35-49;290;274;564;SEC_314
2008;622;50-64;101;86;187;SEC_622
2008;535;03-11;23;34;57;SEC_535
2008;246;16-17;13;10;23;SEC_246
2008;239;65-74;64;48;112;SEC_239
2008;125;35-49;196;229;425;SEC_125
2008;528;18-24;62;52;114;SEC_528
2008;243;35-49;204;200;404;SEC_243
2008;626;25-34;63;72;135;SEC_626
2008;318;65-74;32;20;52;SEC_318
2008;533;25-34;135;164;299;SEC_533
2008;134;75 i +;68;35;103;SEC_134
2008;208;50-64;184;137;321;SEC_208
2008;103;16-17;9;4;13;SEC_103
2008;205;75 i +;68;48;116;SEC_205
2008;407;12-15;11;11;22;SEC_407
2008;518;50-64;78;62;140;SEC_518
2008;511;35-49;85;89;174;SEC_511
2008;107;12-15;15;23;38;SEC_107
2008;417;18-24;38;34;72;SEC_417
2008;101;35-49;250;259;509;SEC_101
2008;406;35-49;151;169;320;SEC_406
2008;625;75 i +;42;20;62;SEC_625
2008;506;16-17;18;26;44;SEC_506
2008;411;12-15;16;15;31;SEC_411
2008;630;25-34;85;104;189;SEC_630
2008;427;35-49;119;115;234;SEC_427
2008;241;35-49;111;106;217;SEC_241
2008;604;18-24;21;39;60;SEC_604
2008;628;03-11;28;48;76;SEC_628
2008;223;65-74;65;53;118;SEC_223
2008;240;12-15;13;16;29;SEC_240
2008;422;50-64;77;73;150;SEC_422
2008;247;35-49;166;191;357;SEC_247
2008;306;18-24;57;68;125;SEC_306
2008;128;03-11;29;31;60;SEC_128
2008;535;75 i +;41;30;71;SEC_535
2008;407;03-11;42;40;82;SEC_407
2008;239;75 i +;97;60;157;SEC_239
2008;536;16-17;10;4;14;SEC_536
2008;604;75 i +;27;16;43;SEC_604
2008;509;16-17;5;6;11;SEC_509
2008;220;00-02;15;11;26;SEC_220
2008;420;18-24;65;75;140;SEC_420
2008;314;75 i +;94;48;142;SEC_314
2008;404;03-11;58;70;128;SEC_404
2008;435;18-24;59;63;122;SEC_435
2008;425;03-11;35;45;80;SEC_425
2008;512;35-49;112;119;231;SEC_512
2008;623;35-49;136;142;278;SEC_623
2008;624;50-64;143;111;254;SEC_624
2008;224;35-49;79;89;168;SEC_224
2008;221;65-74;64;56;120;SEC_221
2008;517;12-15;21;20;41;SEC_517
2008;413;75 i +;43;32;75;SEC_413
2008;239;03-11;44;49;93;SEC_239
2008;625;25-34;100;129;229;SEC_625
2008;401;00-02;14;17;31;SEC_401
2008;525;16-17;3;11;14;SEC_525
2008;311;12-15;17;26;43;SEC_311
2008;618;18-24;18;18;36;SEC_618
2008;308;16-17;18;17;35;SEC_308
2008;234;00-02;10;19;29;SEC_234
2008;215;35-49;123;131;254;SEC_215
2008;514;18-24;45;35;80;SEC_514
2008;230;75 i +;59;25;84;SEC_230
2008;417;65-74;35;23;58;SEC_417
2008;630;75 i +;36;21;57;SEC_630
2008;320;75 i +;37;14;51;SEC_320
2008;504;03-11;32;30;62;SEC_504
2008;313;12-15;27;23;50;SEC_313
2008;629;16-17;5;3;8;SEC_629
2008;104;50-64;75;55;130;SEC_104
2008;303;03-11;45;51;96;SEC_303
2008;314;00-02;28;30;58;SEC_314
2008;115;18-24;39;50;89;SEC_115
2008;121;16-17;10;6;16;SEC_121
2008;519;65-74;38;26;64;SEC_519
2008;140;16-17;4;9;13;SEC_140
2008;519;12-15;8;9;17;SEC_519
2008;308;50-64;212;197;409;SEC_308
2008;432;16-17;20;15;35;SEC_432
2008;123;25-34;101;93;194;SEC_123
2008;217;12-15;15;14;29;SEC_217
2008;437;50-64;72;51;123;SEC_437
2008;244;16-17;8;3;11;SEC_244
2008;621;65-74;52;66;118;SEC_621
2008;305;25-34;111;140;251;SEC_305
2008;433;03-11;53;54;107;SEC_433
2008;222;16-17;10;18;28;SEC_222
2008;619;16-17;6;9;15;SEC_619
2008;413;35-49;70;92;162;SEC_413
2008;245;65-74;55;42;97;SEC_245
2008;213;50-64;79;87;166;SEC_213
2008;530;03-11;45;50;95;SEC_530
2008;109;50-64;125;127;252;SEC_109
2008;240;50-64;61;39;100;SEC_240
2008;106;65-74;62;54;116;SEC_106
2008;325;16-17;17;13;30;SEC_325
2008;135;25-34;129;145;274;SEC_135
2008;128;16-17;8;13;21;SEC_128
2008;507;00-02;12;13;25;SEC_507
2008;246;25-34;128;140;268;SEC_246
2008;128;12-15;17;13;30;SEC_128
2008;526;03-11;25;27;52;SEC_526
2008;104;00-02;11;6;17;SEC_104
2008;106;75 i +;70;37;107;SEC_106
2008;109;18-24;45;35;80;SEC_109
2008;505;03-11;28;31;59;SEC_505
2008;423;35-49;109;113;222;SEC_423
2008;133;50-64;101;81;182;SEC_133
2008;302;65-74;66;62;128;SEC_302
2008;427;50-64;65;61;126;SEC_427
2008;607;16-17;9;8;17;SEC_607
2008;618;03-11;35;37;72;SEC_618
2008;520;16-17;3;9;12;SEC_520
2008;628;65-74;59;68;127;SEC_628
2008;138;12-15;12;9;21;SEC_138
2008;439;00-02;22;27;49;SEC_439
2008;202;35-49;93;101;194;SEC_202
2008;129;75 i +;51;33;84;SEC_129
2008;206;00-02;12;10;22;SEC_206
