AnyPadro;Seccio;GrupEdat;Dones;Homes;Total;IdSeccio
2002;135;35-49;185;172;357;SEC_135
2002;419;50-64;69;71;140;SEC_419
2002;601;12-15;14;23;37;SEC_601
2002;423;75 i +;51;27;78;SEC_423
2002;430;12-15;9;16;25;SEC_430
2002;110;50-64;171;166;337;SEC_110
2002;139;16-17;6;7;13;SEC_139
2002;520;75 i +;43;32;75;SEC_520
2002;410;35-49;141;162;303;SEC_410
2002;302;25-34;147;173;320;SEC_302
2002;139;35-49;80;99;179;SEC_139
2002;309;00-02;8;11;19;SEC_309
2002;246;65-74;71;58;129;SEC_246
2002;230;16-17;5;8;13;SEC_230
2002;204;16-17;4;6;10;SEC_204
2002;623;00-02;20;24;44;SEC_623
2002;533;65-74;71;66;137;SEC_533
2002;618;75 i +;19;15;34;SEC_618
2002;239;12-15;12;18;30;SEC_239
2002;307;35-49;177;139;316;SEC_307
2002;211;35-49;129;133;262;SEC_211
2002;415;00-02;12;9;21;SEC_415
2002;405;25-34;86;88;174;SEC_405
2002;244;16-17;4;5;9;SEC_244
2002;416;16-17;6;6;12;SEC_416
2002;441;18-24;119;117;236;SEC_441
2002;237;12-15;21;14;35;SEC_237
2002;510;16-17;8;7;15;SEC_510
2002;105;03-11;28;58;86;SEC_105
2002;534;16-17;5;5;10;SEC_534
2002;614;50-64;133;114;247;SEC_614
2002;532;50-64;149;131;280;SEC_532
2002;315;03-11;50;54;104;SEC_315
2002;303;50-64;196;147;343;SEC_303
2002;241;03-11;33;25;58;SEC_241
2002;110;16-17;15;11;26;SEC_110
2002;312;00-02;10;20;30;SEC_312
2002;319;16-17;11;10;21;SEC_319
2002;216;16-17;10;13;23;SEC_216
2002;110;18-24;63;67;130;SEC_110
2002;536;75 i +;42;38;80;SEC_536
2002;205;35-49;87;94;181;SEC_205
2002;409;16-17;4;3;7;SEC_409
2002;207;75 i +;68;30;98;SEC_207
2002;102;03-11;51;58;109;SEC_102
2002;211;50-64;73;64;137;SEC_211
2002;407;16-17;4;10;14;SEC_407
2002;223;03-11;45;42;87;SEC_223
2002;515;03-11;18;13;31;SEC_515
2002;428;16-17;7;5;12;SEC_428
2002;440;50-64;145;130;275;SEC_440
2002;518;03-11;28;28;56;SEC_518
2002;310;18-24;58;55;113;SEC_310
2002;429;16-17;4;9;13;SEC_429
2002;102;75 i +;68;38;106;SEC_102
2002;127;16-17;15;9;24;SEC_127
2002;418;16-17;9;12;21;SEC_418
2002;624;50-64;168;161;329;SEC_624
2002;117;16-17;34;27;61;SEC_117
2002;509;16-17;5;7;12;SEC_509
2002;102;65-74;99;79;178;SEC_102
2002;140;25-34;82;100;182;SEC_140
2002;118;16-17;18;24;42;SEC_118
2002;414;03-11;29;32;61;SEC_414
2002;322;25-34;130;145;275;SEC_322
2002;536;25-34;72;82;154;SEC_536
2002;537;18-24;66;68;134;SEC_537
2002;236;12-15;18;16;34;SEC_236
2002;246;16-17;11;7;18;SEC_246
2002;221;65-74;77;65;142;SEC_221
2002;217;03-11;21;19;40;SEC_217
2002;535;75 i +;41;28;69;SEC_535
2002;509;65-74;43;37;80;SEC_509
2002;217;35-49;66;77;143;SEC_217
2002;406;75 i +;49;38;87;SEC_406
2002;411;35-49;90;89;179;SEC_411
2002;515;16-17;5;5;10;SEC_515
2002;112;50-64;150;156;306;SEC_112
2002;529;25-34;115;124;239;SEC_529
2002;623;16-17;17;13;30;SEC_623
2002;309;12-15;12;16;28;SEC_309
2002;117;65-74;67;58;125;SEC_117
2002;408;16-17;6;4;10;SEC_408
2002;312;35-49;165;202;367;SEC_312
2002;207;25-34;45;48;93;SEC_207
2002;235;25-34;140;122;262;SEC_235
2002;304;35-49;120;148;268;SEC_304
2002;513;12-15;8;11;19;SEC_513
2002;627;00-02;13;9;22;SEC_627
2002;419;25-34;99;102;201;SEC_419
2002;132;50-64;182;207;389;SEC_132
2002;138;25-34;65;60;125;SEC_138
2002;407;03-11;28;26;54;SEC_407
2002;609;12-15;9;10;19;SEC_609
2002;407;18-24;42;45;87;SEC_407
2002;533;18-24;40;45;85;SEC_533
2002;210;00-02;6;7;13;SEC_210
2002;531;18-24;36;47;83;SEC_531
2002;531;12-15;15;7;22;SEC_531
2002;208;75 i +;126;77;203;SEC_208
2002;116;00-02;17;15;32;SEC_116
2002;613;35-49;72;79;151;SEC_613
2002;410;75 i +;78;56;134;SEC_410
2002;225;18-24;20;31;51;SEC_225
2002;420;75 i +;77;41;118;SEC_420
2002;127;12-15;18;22;40;SEC_127
2002;211;65-74;91;55;146;SEC_211
2002;404;18-24;60;57;117;SEC_404
2002;223;75 i +;77;28;105;SEC_223
2002;107;35-49;181;164;345;SEC_107
2002;317;18-24;46;60;106;SEC_317
2002;116;03-11;58;46;104;SEC_116
2002;416;25-34;54;88;142;SEC_416
2002;528;50-64;113;98;211;SEC_528
2002;622;12-15;19;15;34;SEC_622
2002;228;16-17;4;2;6;SEC_228
2002;131;16-17;11;16;27;SEC_131
2002;626;00-02;6;22;28;SEC_626
2002;519;16-17;6;7;13;SEC_519
2002;115;03-11;47;58;105;SEC_115
2002;136;75 i +;56;31;87;SEC_136
2002;509;75 i +;35;16;51;SEC_509
2002;311;00-02;7;20;27;SEC_311
2002;424;12-15;8;5;13;SEC_424
2002;212;25-34;134;137;271;SEC_212
2002;440;16-17;5;3;8;SEC_440
2002;229;35-49;66;78;144;SEC_229
2002;622;03-11;23;41;64;SEC_622
2002;126;00-02;17;14;31;SEC_126
2002;438;25-34;91;102;193;SEC_438
2002;623;75 i +;53;28;81;SEC_623
2002;432;35-49;109;116;225;SEC_432
2002;537;03-11;41;40;81;SEC_537
2002;404;75 i +;55;28;83;SEC_404
2002;628;50-64;144;136;280;SEC_628
2002;223;25-34;88;128;216;SEC_223
2002;215;16-17;10;4;14;SEC_215
2002;231;16-17;8;3;11;SEC_231
2002;532;65-74;87;71;158;SEC_532
2002;125;25-34;148;158;306;SEC_125
2002;219;00-02;16;14;30;SEC_219
2002;319;25-34;105;111;216;SEC_319
2002;534;35-49;89;89;178;SEC_534
2002;507;18-24;51;47;98;SEC_507
2002;109;03-11;39;39;78;SEC_109
2002;619;75 i +;52;33;85;SEC_619
2002;621;03-11;53;52;105;SEC_621
2002;627;18-24;83;80;163;SEC_627
2002;205;03-11;32;28;60;SEC_205
2002;211;12-15;23;17;40;SEC_211
2002;103;65-74;41;43;84;SEC_103
2002;518;16-17;6;10;16;SEC_518
2002;247;12-15;17;22;39;SEC_247
2002;429;12-15;8;17;25;SEC_429
2002;220;18-24;47;35;82;SEC_220
2002;415;50-64;49;55;104;SEC_415
2002;615;16-17;9;4;13;SEC_615
2002;118;00-02;21;19;40;SEC_118
2002;535;00-02;10;8;18;SEC_535
2002;609;50-64;127;110;237;SEC_609
2002;218;18-24;25;41;66;SEC_218
2002;134;65-74;49;36;85;SEC_134
2002;606;18-24;42;50;92;SEC_606
2002;511;75 i +;43;25;68;SEC_511
2002;316;50-64;231;250;481;SEC_316
2002;105;18-24;72;72;144;SEC_105
2002;210;25-34;64;77;141;SEC_210
2002;228;00-02;4;5;9;SEC_228
2002;115;25-34;107;129;236;SEC_115
2002;209;12-15;18;25;43;SEC_209
2002;439;50-64;78;57;135;SEC_439
2002;417;65-74;36;34;70;SEC_417
2002;103;50-64;63;55;118;SEC_103
2002;130;25-34;88;90;178;SEC_130
2002;215;18-24;33;46;79;SEC_215
2002;246;00-02;10;13;23;SEC_246
2002;512;35-49;77;80;157;SEC_512
2002;232;75 i +;71;35;106;SEC_232
2002;632;25-34;99;112;211;SEC_632
2002;201;12-15;9;13;22;SEC_201
2002;412;65-74;97;97;194;SEC_412
2002;632;03-11;45;46;91;SEC_632
2002;610;75 i +;45;30;75;SEC_610
2002;629;75 i +;28;9;37;SEC_629
2002;621;50-64;209;230;439;SEC_621
2002;229;65-74;54;46;100;SEC_229
2002;437;00-02;13;9;22;SEC_437
2002;532;75 i +;71;47;118;SEC_532
2002;232;65-74;63;51;114;SEC_232
2002;632;16-17;6;13;19;SEC_632
2002;518;25-34;94;97;191;SEC_518
2002;604;12-15;9;15;24;SEC_604
2002;130;16-17;8;5;13;SEC_130
2002;408;03-11;20;30;50;SEC_408
2002;629;12-15;16;7;23;SEC_629
2002;422;50-64;85;73;158;SEC_422
2002;106;16-17;21;18;39;SEC_106
2002;314;18-24;131;135;266;SEC_314
2002;209;35-49;95;111;206;SEC_209
2002;106;75 i +;51;26;77;SEC_106
2002;624;00-02;9;13;22;SEC_624
2002;101;18-24;85;81;166;SEC_101
2002;211;00-02;17;27;44;SEC_211
2002;407;65-74;85;66;151;SEC_407
2002;604;25-34;62;91;153;SEC_604
2002;108;50-64;108;102;210;SEC_108
2002;514;18-24;36;40;76;SEC_514
2002;623;35-49;120;115;235;SEC_623
2002;437;35-49;79;90;169;SEC_437
2002;217;25-34;43;45;88;SEC_217
2002;205;75 i +;41;24;65;SEC_205
2002;425;18-24;38;44;82;SEC_425
2002;608;18-24;43;48;91;SEC_608
2002;204;50-64;37;39;76;SEC_204
2002;432;18-24;73;74;147;SEC_432
2002;126;75 i +;46;26;72;SEC_126
2002;402;00-02;5;11;16;SEC_402
2002;313;75 i +;69;32;101;SEC_313
2002;220;12-15;8;12;20;SEC_220
2002;206;12-15;15;12;27;SEC_206
2002;325;65-74;129;102;231;SEC_325
2002;322;18-24;72;56;128;SEC_322
2002;426;16-17;11;10;21;SEC_426
2002;218;75 i +;39;16;55;SEC_218
2002;321;16-17;22;30;52;SEC_321
2002;228;75 i +;45;21;66;SEC_228
2002;120;75 i +;51;23;74;SEC_120
2002;232;18-24;44;59;103;SEC_232
2002;140;50-64;105;98;203;SEC_140
2002;122;16-17;6;2;8;SEC_122
2002;310;16-17;19;16;35;SEC_310
2002;324;18-24;46;45;91;SEC_324
2002;132;75 i +;68;33;101;SEC_132
2002;224;03-11;20;26;46;SEC_224
2002;608;50-64;89;69;158;SEC_608
2002;522;25-34;64;87;151;SEC_522
2002;249;18-24;43;49;92;SEC_249
2002;515;12-15;12;17;29;SEC_515
2002;625;50-64;151;159;310;SEC_625
2002;430;16-17;11;5;16;SEC_430
2002;227;75 i +;48;23;71;SEC_227
2002;515;75 i +;23;11;34;SEC_515
2002;439;00-02;21;17;38;SEC_439
2002;128;18-24;49;48;97;SEC_128
2002;519;25-34;60;61;121;SEC_519
2002;214;03-11;19;18;37;SEC_214
2002;216;75 i +;58;39;97;SEC_216
2002;605;03-11;8;18;26;SEC_605
2002;425;65-74;71;58;129;SEC_425
2002;102;35-49;155;155;310;SEC_102
2002;209;25-34;81;76;157;SEC_209
2002;406;35-49;134;135;269;SEC_406
2002;608;65-74;63;58;121;SEC_608
2002;512;00-02;4;14;18;SEC_512
2002;513;35-49;68;85;153;SEC_513
2002;122;75 i +;47;22;69;SEC_122
2002;418;18-24;55;60;115;SEC_418
2002;632;18-24;55;55;110;SEC_632
2002;402;75 i +;38;32;70;SEC_402
2002;128;16-17;7;8;15;SEC_128
2002;538;03-11;32;32;64;SEC_538
2002;239;16-17;6;8;14;SEC_239
2002;242;16-17;5;11;16;SEC_242
2002;314;25-34;178;198;376;SEC_314
2002;502;12-15;25;24;49;SEC_502
2002;528;03-11;42;31;73;SEC_528
2002;618;00-02;5;7;12;SEC_618
2002;206;16-17;6;6;12;SEC_206
2002;318;25-34;59;69;128;SEC_318
2002;631;65-74;53;55;108;SEC_631
2002;119;12-15;17;22;39;SEC_119
2002;533;12-15;25;20;45;SEC_533
2002;604;03-11;24;26;50;SEC_604
2002;204;18-24;18;23;41;SEC_204
2002;320;50-64;104;101;205;SEC_320
2002;421;00-02;13;15;28;SEC_421
2002;423;25-34;75;99;174;SEC_423
2002;441;65-74;88;84;172;SEC_441
2002;615;25-34;79;110;189;SEC_615
2002;112;03-11;61;69;130;SEC_112
2002;632;75 i +;27;14;41;SEC_632
2002;504;50-64;149;131;280;SEC_504
2002;620;00-02;4;9;13;SEC_620
2002;536;18-24;29;37;66;SEC_536
2002;320;16-17;4;8;12;SEC_320
2002;518;50-64;108;72;180;SEC_518
2002;114;00-02;12;18;30;SEC_114
2002;537;00-02;17;8;25;SEC_537
2002;131;35-49;158;148;306;SEC_131
2002;611;12-15;33;27;60;SEC_611
2002;134;35-49;146;120;266;SEC_134
2002;119;35-49;137;120;257;SEC_119
2002;325;00-02;19;22;41;SEC_325
2002;615;18-24;46;38;84;SEC_615
2002;248;16-17;15;11;26;SEC_248
2002;101;35-49;183;182;365;SEC_101
2002;412;12-15;16;32;48;SEC_412
2002;202;16-17;4;9;13;SEC_202
2002;244;03-11;23;23;46;SEC_244
2002;139;65-74;36;27;63;SEC_139
2002;132;65-74;86;86;172;SEC_132
2002;624;18-24;64;69;133;SEC_624
2002;230;12-15;11;17;28;SEC_230
2002;418;50-64;120;91;211;SEC_418
2002;432;50-64;159;154;313;SEC_432
2002;401;65-74;99;70;169;SEC_401
2002;305;50-64;112;121;233;SEC_305
2002;235;65-74;99;81;180;SEC_235
2002;632;65-74;59;51;110;SEC_632
2002;503;65-74;34;20;54;SEC_503
2002;428;00-02;4;5;9;SEC_428
2002;433;25-34;115;104;219;SEC_433
2002;108;35-49;158;130;288;SEC_108
2002;210;03-11;23;18;41;SEC_210
2002;314;12-15;47;60;107;SEC_314
2002;631;75 i +;32;18;50;SEC_631
2002;615;00-02;12;5;17;SEC_615
2002;415;12-15;10;6;16;SEC_415
2002;238;75 i +;64;29;93;SEC_238
2002;239;18-24;49;40;89;SEC_239
2002;434;03-11;23;21;44;SEC_434
2002;112;12-15;27;35;62;SEC_112
2002;110;35-49;131;108;239;SEC_110
2002;517;03-11;46;48;94;SEC_517
2002;536;35-49;85;91;176;SEC_536
2002;306;25-34;124;130;254;SEC_306
2002;324;00-02;11;15;26;SEC_324
2002;203;00-02;12;13;25;SEC_203
2002;612;18-24;47;57;104;SEC_612
2002;304;50-64;114;105;219;SEC_304
2002;601;25-34;126;148;274;SEC_601
2002;223;00-02;10;8;18;SEC_223
2002;616;00-02;41;46;87;SEC_616
2002;126;25-34;118;129;247;SEC_126
2002;531;35-49;71;86;157;SEC_531
2002;421;65-74;98;80;178;SEC_421
2002;321;65-74;84;79;163;SEC_321
2002;230;75 i +;50;25;75;SEC_230
2002;322;12-15;24;21;45;SEC_322
2002;409;00-02;9;4;13;SEC_409
2002;105;16-17;14;11;25;SEC_105
2002;136;18-24;61;60;121;SEC_136
2002;312;50-64;206;152;358;SEC_312
2002;132;16-17;22;26;48;SEC_132
2002;537;50-64;141;120;261;SEC_537
2002;207;65-74;51;36;87;SEC_207
2002;134;75 i +;65;31;96;SEC_134
2002;218;50-64;71;65;136;SEC_218
2002;208;25-34;125;146;271;SEC_208
2002;139;12-15;10;13;23;SEC_139
2002;538;18-24;39;50;89;SEC_538
2002;431;50-64;116;108;224;SEC_431
2002;504;16-17;5;14;19;SEC_504
2002;111;25-34;75;104;179;SEC_111
2002;213;12-15;21;14;35;SEC_213
2002;619;65-74;82;80;162;SEC_619
2002;434;35-49;62;55;117;SEC_434
2002;420;03-11;51;47;98;SEC_420
2002;310;25-34;94;105;199;SEC_310
2002;619;03-11;34;42;76;SEC_619
2002;226;35-49;114;113;227;SEC_226
2002;320;03-11;28;30;58;SEC_320
2002;630;00-02;12;7;19;SEC_630
2002;507;75 i +;37;19;56;SEC_507
2002;201;50-64;69;51;120;SEC_201
2002;508;50-64;54;46;100;SEC_508
2002;135;65-74;63;59;122;SEC_135
2002;309;03-11;24;39;63;SEC_309
2002;214;18-24;39;33;72;SEC_214
2002;605;16-17;7;2;9;SEC_605
2002;121;75 i +;51;37;88;SEC_121
2002;507;12-15;21;15;36;SEC_507
2002;524;75 i +;60;29;89;SEC_524
2002;501;18-24;81;79;160;SEC_501
2002;308;25-34;170;166;336;SEC_308
2002;414;16-17;8;7;15;SEC_414
2002;625;03-11;41;43;84;SEC_625
2002;525;16-17;10;8;18;SEC_525
2002;125;03-11;33;42;75;SEC_125
2002;504;00-02;9;6;15;SEC_504
2002;201;18-24;27;30;57;SEC_201
2002;218;16-17;4;6;10;SEC_218
2002;308;03-11;66;75;141;SEC_308
2002;413;35-49;50;69;119;SEC_413
2002;101;16-17;14;19;33;SEC_101
2002;225;65-74;39;30;69;SEC_225
2002;415;35-49;72;80;152;SEC_415
2002;220;16-17;5;6;11;SEC_220
2002;430;35-49;93;93;186;SEC_430
2002;222;16-17;6;8;14;SEC_222
2002;106;12-15;37;32;69;SEC_106
2002;117;00-02;26;32;58;SEC_117
2002;517;12-15;18;19;37;SEC_517
2002;238;12-15;11;12;23;SEC_238
2002;302;75 i +;51;27;78;SEC_302
2002;311;50-64;127;108;235;SEC_311
2002;614;75 i +;31;19;50;SEC_614
2002;325;18-24;87;77;164;SEC_325
2002;314;50-64;183;200;383;SEC_314
2002;225;75 i +;47;32;79;SEC_225
2002;242;25-34;75;84;159;SEC_242
2002;531;03-11;22;39;61;SEC_531
2002;528;18-24;46;70;116;SEC_528
2002;123;00-02;16;13;29;SEC_123
2002;138;03-11;29;36;65;SEC_138
2002;119;65-74;72;55;127;SEC_119
2002;423;35-49;92;94;186;SEC_423
2002;129;25-34;98;128;226;SEC_129
2002;536;50-64;94;75;169;SEC_536
2002;422;03-11;33;37;70;SEC_422
2002;604;00-02;4;9;13;SEC_604
2002;425;35-49;81;97;178;SEC_425
2002;140;75 i +;52;27;79;SEC_140
2002;325;75 i +;127;74;201;SEC_325
2002;521;35-49;83;73;156;SEC_521
2002;531;25-34;94;103;197;SEC_531
2002;209;65-74;67;53;120;SEC_209
2002;403;65-74;77;76;153;SEC_403
2002;632;50-64;89;79;168;SEC_632
2002;320;18-24;25;34;59;SEC_320
2002;206;25-34;77;87;164;SEC_206
2002;402;16-17;9;6;15;SEC_402
2002;320;65-74;28;19;47;SEC_320
2002;308;16-17;16;21;37;SEC_308
2002;239;25-34;85;109;194;SEC_239
2002;204;00-02;3;5;8;SEC_204
2002;116;12-15;20;24;44;SEC_116
2002;415;65-74;41;31;72;SEC_415
2002;401;25-34;78;85;163;SEC_401
2002;614;12-15;10;26;36;SEC_614
2002;203;65-74;49;37;86;SEC_203
2002;609;25-34;85;106;191;SEC_609
2002;137;75 i +;50;26;76;SEC_137
2002;321;50-64;242;253;495;SEC_321
2002;240;00-02;12;12;24;SEC_240
2002;515;35-49;61;62;123;SEC_515
2002;221;12-15;18;24;42;SEC_221
2002;306;00-02;24;26;50;SEC_306
2002;431;18-24;92;75;167;SEC_431
2002;111;75 i +;42;30;72;SEC_111
2002;122;35-49;69;94;163;SEC_122
2002;514;35-49;62;80;142;SEC_514
2002;532;00-02;19;13;32;SEC_532
2002;603;35-49;53;50;103;SEC_603
2002;108;16-17;16;8;24;SEC_108
2002;115;12-15;20;23;43;SEC_115
2002;519;65-74;47;38;85;SEC_519
2002;519;00-02;6;4;10;SEC_519
2002;106;18-24;143;144;287;SEC_106
2002;602;75 i +;20;11;31;SEC_602
2002;503;25-34;73;72;145;SEC_503
2002;321;35-49;301;277;578;SEC_321
2002;322;65-74;58;54;112;SEC_322
2002;116;18-24;81;70;151;SEC_116
2002;205;50-64;85;74;159;SEC_205
2002;620;03-11;21;26;47;SEC_620
2002;219;35-49;125;125;250;SEC_219
2002;624;03-11;34;26;60;SEC_624
2002;501;00-02;13;16;29;SEC_501
2002;127;65-74;48;41;89;SEC_127
2002;513;75 i +;48;16;64;SEC_513
2002;117;25-34;182;200;382;SEC_117
2002;401;03-11;43;37;80;SEC_401
2002;220;35-49;97;90;187;SEC_220
2002;238;00-02;9;11;20;SEC_238
2002;108;18-24;48;50;98;SEC_108
2002;118;35-49;206;158;364;SEC_118
2002;416;65-74;56;59;115;SEC_416
2002;108;00-02;14;8;22;SEC_108
2002;526;16-17;3;6;9;SEC_526
2002;103;16-17;8;6;14;SEC_103
2002;301;00-02;25;30;55;SEC_301
2002;249;75 i +;55;36;91;SEC_249
2002;425;75 i +;63;31;94;SEC_425
2002;417;12-15;17;5;22;SEC_417
2002;123;16-17;10;9;19;SEC_123
2002;505;00-02;15;14;29;SEC_505
2002;231;00-02;15;18;33;SEC_231
2002;527;75 i +;55;27;82;SEC_527
2002;508;65-74;38;33;71;SEC_508
2002;517;25-34;106;120;226;SEC_517
2002;210;12-15;10;12;22;SEC_210
2002;137;18-24;85;62;147;SEC_137
2002;216;03-11;38;37;75;SEC_216
2002;209;50-64;79;71;150;SEC_209
2002;249;00-02;14;8;22;SEC_249
2002;420;16-17;9;9;18;SEC_420
2002;523;12-15;14;19;33;SEC_523
2002;118;75 i +;51;23;74;SEC_118
2002;118;03-11;65;66;131;SEC_118
2002;212;75 i +;70;38;108;SEC_212
2002;222;18-24;45;49;94;SEC_222
2002;106;35-49;236;207;443;SEC_106
2002;527;12-15;21;18;39;SEC_527
2002;522;16-17;8;9;17;SEC_522
2002;434;12-15;11;14;25;SEC_434
2002;119;75 i +;56;50;106;SEC_119
2002;232;00-02;12;13;25;SEC_232
2002;622;25-34;84;105;189;SEC_622
2002;414;75 i +;50;37;87;SEC_414
2002;324;35-49;85;99;184;SEC_324
2002;602;12-15;11;5;16;SEC_602
2002;424;65-74;38;43;81;SEC_424
2002;317;16-17;8;9;17;SEC_317
2002;435;50-64;80;68;148;SEC_435
2002;320;00-02;12;17;29;SEC_320
2002;106;65-74;60;39;99;SEC_106
2002;537;75 i +;64;29;93;SEC_537
2002;204;12-15;6;5;11;SEC_204
2002;119;25-34;111;116;227;SEC_119
2002;227;65-74;49;42;91;SEC_227
2002;424;18-24;22;40;62;SEC_424
2002;518;00-02;15;18;33;SEC_518
2002;217;00-02;1;6;7;SEC_217
2002;427;16-17;2;8;10;SEC_427
2002;620;25-34;61;48;109;SEC_620
2002;526;25-34;70;81;151;SEC_526
2002;304;00-02;19;13;32;SEC_304
2002;209;00-02;11;10;21;SEC_209
2002;508;25-34;44;52;96;SEC_508
2002;433;65-74;50;44;94;SEC_433
2002;624;25-34;88;148;236;SEC_624
2002;225;35-49;46;63;109;SEC_225
2002;115;35-49;148;148;296;SEC_115
2002;117;18-24;122;122;244;SEC_117
2002;217;16-17;6;4;10;SEC_217
2002;436;50-64;61;52;113;SEC_436
2002;203;75 i +;48;30;78;SEC_203
2002;227;50-64;68;53;121;SEC_227
2002;501;35-49;114;88;202;SEC_501
2002;222;50-64;74;76;150;SEC_222
2002;604;16-17;12;8;20;SEC_604
2002;619;00-02;14;11;25;SEC_619
2002;607;18-24;37;45;82;SEC_607
2002;305;12-15;30;34;64;SEC_305
2002;319;18-24;53;60;113;SEC_319
2002;505;12-15;17;11;28;SEC_505
2002;213;00-02;5;15;20;SEC_213
2002;118;25-34;145;164;309;SEC_118
2002;202;25-34;70;72;142;SEC_202
2002;409;25-34;63;84;147;SEC_409
2002;137;65-74;48;33;81;SEC_137
2002;120;25-34;146;141;287;SEC_120
2002;130;35-49;100;114;214;SEC_130
2002;517;35-49;121;137;258;SEC_517
2002;113;18-24;104;98;202;SEC_113
2002;514;75 i +;39;15;54;SEC_514
2002;529;12-15;17;20;37;SEC_529
2002;512;65-74;42;51;93;SEC_512
2002;218;65-74;38;27;65;SEC_218
2002;531;50-64;80;72;152;SEC_531
2002;243;25-34;130;131;261;SEC_243
2002;532;25-34;132;131;263;SEC_532
2002;615;75 i +;21;13;34;SEC_615
2002;131;00-02;11;22;33;SEC_131
2002;246;35-49;99;121;220;SEC_246
2002;609;16-17;8;5;13;SEC_609
2002;204;03-11;10;14;24;SEC_204
2002;414;00-02;16;13;29;SEC_414
2002;235;16-17;5;6;11;SEC_235
2002;606;03-11;33;47;80;SEC_606
2002;426;75 i +;55;33;88;SEC_426
2002;417;00-02;5;10;15;SEC_417
2002;123;50-64;99;98;197;SEC_123
2002;248;12-15;20;17;37;SEC_248
2002;610;16-17;5;12;17;SEC_610
2002;529;75 i +;80;42;122;SEC_529
2002;416;12-15;10;14;24;SEC_416
2002;231;75 i +;95;47;142;SEC_231
2002;405;16-17;5;2;7;SEC_405
2002;609;75 i +;30;16;46;SEC_609
2002;114;12-15;20;12;32;SEC_114
2002;414;50-64;72;72;144;SEC_414
2002;621;12-15;25;25;50;SEC_621
2002;114;25-34;135;144;279;SEC_114
2002;442;00-02;7;2;9;SEC_442
2002;235;50-64;124;99;223;SEC_235
2002;621;25-34;145;182;327;SEC_621
2002;226;18-24;48;47;95;SEC_226
2002;208;50-64;197;143;340;SEC_208
2002;433;50-64;70;67;137;SEC_433
2002;506;16-17;15;20;35;SEC_506
2002;436;18-24;40;46;86;SEC_436
2002;203;16-17;6;6;12;SEC_203
2002;202;65-74;49;43;92;SEC_202
2002;410;00-02;15;30;45;SEC_410
2002;303;03-11;37;46;83;SEC_303
2002;627;65-74;34;28;62;SEC_627
2002;516;16-17;3;3;6;SEC_516
2002;521;50-64;176;179;355;SEC_521
2002;321;18-24;138;121;259;SEC_321
2002;401;18-24;57;66;123;SEC_401
2002;102;25-34;139;159;298;SEC_102
2002;109;65-74;56;50;106;SEC_109
2002;525;65-74;70;54;124;SEC_525
2002;113;00-02;8;15;23;SEC_113
2002;629;25-34;43;51;94;SEC_629
2002;432;16-17;12;10;22;SEC_432
2002;506;50-64;235;227;462;SEC_506
2002;315;35-49;172;172;344;SEC_315
2002;237;65-74;93;68;161;SEC_237
2002;530;18-24;54;82;136;SEC_530
2002;129;75 i +;39;17;56;SEC_129
2002;414;35-49;89;93;182;SEC_414
2002;603;12-15;7;16;23;SEC_603
2002;118;65-74;43;45;88;SEC_118
2002;601;50-64;171;158;329;SEC_601
2002;246;18-24;38;33;71;SEC_246
2002;620;65-74;28;39;67;SEC_620
2002;127;03-11;25;30;55;SEC_127
2002;406;16-17;10;14;24;SEC_406
2002;427;18-24;39;36;75;SEC_427
2002;607;35-49;104;92;196;SEC_607
2002;101;25-34;166;184;350;SEC_101
2002;114;18-24;96;100;196;SEC_114
2002;622;00-02;10;8;18;SEC_622
2002;303;65-74;123;142;265;SEC_303
2002;134;12-15;20;27;47;SEC_134
2002;436;25-34;103;116;219;SEC_436
2002;411;16-17;4;8;12;SEC_411
2002;532;03-11;48;46;94;SEC_532
2002;504;18-24;37;45;82;SEC_504
2002;438;00-02;11;16;27;SEC_438
2002;307;25-34;108;112;220;SEC_307
2002;206;03-11;25;31;56;SEC_206
2002;501;65-74;28;30;58;SEC_501
2002;313;65-74;87;82;169;SEC_313
2002;203;25-34;70;77;147;SEC_203
2002;529;03-11;39;34;73;SEC_529
2002;411;00-02;7;7;14;SEC_411
2002;509;35-49;86;72;158;SEC_509
2002;316;00-02;7;16;23;SEC_316
2002;222;12-15;16;15;31;SEC_222
2002;220;65-74;67;58;125;SEC_220
2002;631;50-64;175;149;324;SEC_631
2002;614;00-02;10;10;20;SEC_614
2002;126;03-11;27;21;48;SEC_126
2002;305;18-24;80;79;159;SEC_305
2002;604;65-74;39;37;76;SEC_604
2002;130;65-74;92;79;171;SEC_130
2002;244;35-49;82;85;167;SEC_244
2002;247;18-24;54;46;100;SEC_247
2002;603;75 i +;18;18;36;SEC_603
2002;305;03-11;68;46;114;SEC_305
2002;623;12-15;17;18;35;SEC_623
2002;305;35-49;207;200;407;SEC_305
2002;240;35-49;74;73;147;SEC_240
2002;213;50-64;81;89;170;SEC_213
2002;244;00-02;3;10;13;SEC_244
2002;241;18-24;30;28;58;SEC_241
2002;111;12-15;21;11;32;SEC_111
2002;125;50-64;158;157;315;SEC_125
2002;526;35-49;67;86;153;SEC_526
2002;628;12-15;15;22;37;SEC_628
2002;215;75 i +;65;40;105;SEC_215
2002;605;50-64;98;77;175;SEC_605
2002;222;75 i +;37;23;60;SEC_222
2002;613;03-11;34;29;63;SEC_613
2002;217;65-74;43;32;75;SEC_217
2002;403;75 i +;51;33;84;SEC_403
2002;313;25-34;169;164;333;SEC_313
2002;403;35-49;108;106;214;SEC_403
2002;605;12-15;7;7;14;SEC_605
2002;441;35-49;237;226;463;SEC_441
2002;608;03-11;30;34;64;SEC_608
2002;304;25-34;97;121;218;SEC_304
2002;436;12-15;19;20;39;SEC_436
2002;530;75 i +;81;33;114;SEC_530
2002;210;65-74;90;69;159;SEC_210
2002;138;75 i +;25;14;39;SEC_138
2002;229;18-24;30;23;53;SEC_229
2002;323;00-02;43;42;85;SEC_323
2002;410;25-34;137;161;298;SEC_410
2002;538;00-02;8;19;27;SEC_538
2002;240;18-24;37;42;79;SEC_240
2002;602;65-74;36;43;79;SEC_602
2002;238;16-17;5;8;13;SEC_238
2002;526;12-15;11;12;23;SEC_526
2002;505;03-11;23;20;43;SEC_505
2002;201;03-11;20;29;49;SEC_201
2002;208;16-17;20;9;29;SEC_208
2002;236;75 i +;73;39;112;SEC_236
2002;248;03-11;32;44;76;SEC_248
2002;316;25-34;125;122;247;SEC_316
2002;226;50-64;91;86;177;SEC_226
2002;530;50-64;105;92;197;SEC_530
2002;403;16-17;17;11;28;SEC_403
2002;401;12-15;21;27;48;SEC_401
2002;535;25-34;80;92;172;SEC_535
2002;533;00-02;7;8;15;SEC_533
2002;110;25-34;114;120;234;SEC_110
2002;317;25-34;110;104;214;SEC_317
2002;130;03-11;40;31;71;SEC_130
2002;611;16-17;14;7;21;SEC_611
2002;307;00-02;12;11;23;SEC_307
2002;217;12-15;9;11;20;SEC_217
2002;202;35-49;60;73;133;SEC_202
2002;137;16-17;15;13;28;SEC_137
2002;535;65-74;46;47;93;SEC_535
2002;628;65-74;51;51;102;SEC_628
2002;245;18-24;43;44;87;SEC_245
2002;512;50-64;90;83;173;SEC_512
2002;511;18-24;24;30;54;SEC_511
2002;535;12-15;19;21;40;SEC_535
2002;244;75 i +;44;34;78;SEC_244
2002;311;03-11;36;44;80;SEC_311
2002;230;25-34;81;86;167;SEC_230
2002;531;00-02;8;14;22;SEC_531
2002;407;25-34;79;92;171;SEC_407
2002;411;65-74;90;74;164;SEC_411
2002;109;50-64;101;98;199;SEC_109
2002;241;35-49;82;74;156;SEC_241
2002;627;35-49;124;110;234;SEC_627
2002;630;25-34;83;95;178;SEC_630
2002;623;25-34;159;160;319;SEC_623
2002;227;00-02;6;10;16;SEC_227
2002;205;65-74;69;57;126;SEC_205
2002;237;16-17;7;8;15;SEC_237
2002;420;65-74;75;69;144;SEC_420
2002;312;12-15;27;21;48;SEC_312
2002;621;00-02;12;20;32;SEC_621
2002;413;65-74;43;35;78;SEC_413
2002;432;00-02;10;10;20;SEC_432
2002;229;12-15;9;5;14;SEC_229
2002;205;18-24;49;46;95;SEC_205
2002;311;65-74;90;61;151;SEC_311
2002;219;75 i +;78;40;118;SEC_219
2002;115;65-74;81;42;123;SEC_115
2002;240;03-11;20;28;48;SEC_240
2002;208;35-49;179;183;362;SEC_208
2002;524;03-11;49;53;102;SEC_524
2002;536;65-74;72;66;138;SEC_536
2002;504;35-49;78;83;161;SEC_504
2002;236;35-49;110;104;214;SEC_236
2002;321;12-15;34;53;87;SEC_321
2002;218;35-49;82;79;161;SEC_218
2002;607;65-74;87;82;169;SEC_607
2002;122;18-24;38;34;72;SEC_122
2002;232;50-64;91;80;171;SEC_232
2002;309;16-17;6;3;9;SEC_309
2002;506;12-15;35;39;74;SEC_506
2002;307;12-15;23;34;57;SEC_307
2002;306;12-15;21;34;55;SEC_306
2002;502;50-64;150;146;296;SEC_502
2002;402;50-64;76;67;143;SEC_402
2002;220;03-11;26;24;50;SEC_220
2002;440;18-24;54;42;96;SEC_440
2002;437;25-34;81;92;173;SEC_437
2002;318;03-11;31;43;74;SEC_318
2002;129;50-64;122;111;233;SEC_129
2002;427;03-11;22;32;54;SEC_427
2002;323;18-24;180;210;390;SEC_323
2002;535;03-11;28;30;58;SEC_535
2002;124;18-24;46;41;87;SEC_124
2002;405;03-11;25;25;50;SEC_405
2002;242;00-02;4;7;11;SEC_242
2002;403;50-64;146;117;263;SEC_403
2002;419;35-49;67;92;159;SEC_419
2002;626;65-74;64;60;124;SEC_626
2002;516;03-11;29;28;57;SEC_516
2002;236;16-17;7;7;14;SEC_236
2002;249;03-11;30;34;64;SEC_249
2002;406;25-34;98;119;217;SEC_406
2002;401;35-49;138;136;274;SEC_401
2002;129;18-24;71;51;122;SEC_129
2002;508;03-11;13;25;38;SEC_508
2002;428;03-11;17;21;38;SEC_428
2002;524;50-64;103;79;182;SEC_524
2002;407;35-49;98;104;202;SEC_407
2002;236;00-02;16;14;30;SEC_236
2002;125;18-24;51;90;141;SEC_125
2002;208;03-11;40;45;85;SEC_208
2002;245;50-64;79;59;138;SEC_245
2002;136;65-74;57;48;105;SEC_136
2002;125;35-49;139;131;270;SEC_125
2002;320;12-15;15;14;29;SEC_320
2002;510;18-24;44;54;98;SEC_510
2002;434;50-64;41;46;87;SEC_434
2002;213;16-17;11;13;24;SEC_213
2002;515;50-64;48;45;93;SEC_515
2002;601;35-49;122;124;246;SEC_601
2002;303;75 i +;74;46;120;SEC_303
2002;126;16-17;7;6;13;SEC_126
2002;411;03-11;24;24;48;SEC_411
2002;505;25-34;138;162;300;SEC_505
2002;419;00-02;16;22;38;SEC_419
2002;429;65-74;49;29;78;SEC_429
2002;231;03-11;35;26;61;SEC_231
2002;105;75 i +;47;26;73;SEC_105
2002;606;25-34;103;84;187;SEC_606
2002;101;75 i +;27;20;47;SEC_101
2002;124;25-34;69;69;138;SEC_124
2002;313;00-02;27;29;56;SEC_313
2002;110;03-11;32;39;71;SEC_110
2002;121;03-11;40;47;87;SEC_121
2002;603;65-74;22;22;44;SEC_603
2002;101;12-15;25;20;45;SEC_101
2002;107;50-64;176;175;351;SEC_107
2002;215;12-15;7;12;19;SEC_215
2002;122;00-02;8;14;22;SEC_122
2002;140;00-02;14;12;26;SEC_140
2002;536;03-11;26;25;51;SEC_536
2002;248;18-24;46;56;102;SEC_248
2002;315;50-64;125;135;260;SEC_315
2002;324;25-34;85;96;181;SEC_324
2002;115;00-02;13;17;30;SEC_115
2002;137;03-11;49;55;104;SEC_137
2002;507;00-02;10;12;22;SEC_507
2002;401;16-17;11;22;33;SEC_401
2002;317;03-11;41;44;85;SEC_317
2002;631;12-15;15;12;27;SEC_631
2002;420;35-49;129;140;269;SEC_420
2002;202;50-64;69;63;132;SEC_202
2002;432;12-15;13;23;36;SEC_432
2002;130;00-02;14;23;37;SEC_130
2002;102;12-15;27;26;53;SEC_102
2002;310;50-64;72;88;160;SEC_310
2002;440;35-49;68;87;155;SEC_440
2002;618;03-11;18;28;46;SEC_618
2002;209;18-24;24;29;53;SEC_209
2002;247;75 i +;64;33;97;SEC_247
2002;421;75 i +;61;36;97;SEC_421
2002;406;12-15;20;15;35;SEC_406
2002;239;03-11;28;39;67;SEC_239
2002;611;75 i +;58;37;95;SEC_611
2002;430;00-02;15;10;25;SEC_430
2002;437;03-11;30;28;58;SEC_437
2002;629;16-17;6;6;12;SEC_629
2002;411;12-15;19;6;25;SEC_411
2002;239;35-49;108;110;218;SEC_239
2002;608;12-15;10;18;28;SEC_608
2002;124;00-02;5;8;13;SEC_124
2002;305;75 i +;87;45;132;SEC_305
2002;111;35-49;96;88;184;SEC_111
2002;440;03-11;30;28;58;SEC_440
2002;439;65-74;65;66;131;SEC_439
2002;307;50-64;185;175;360;SEC_307
2002;531;75 i +;49;23;72;SEC_531
2002;524;65-74;77;63;140;SEC_524
2002;202;00-02;7;4;11;SEC_202
2002;523;50-64;127;107;234;SEC_523
2002;104;00-02;8;8;16;SEC_104
2002;234;35-49;102;97;199;SEC_234
2002;229;03-11;30;27;57;SEC_229
2002;619;18-24;78;79;157;SEC_619
2002;133;65-74;58;37;95;SEC_133
2002;307;03-11;45;48;93;SEC_307
2002;101;03-11;64;62;126;SEC_101
2002;534;03-11;31;28;59;SEC_534
2002;514;50-64;54;40;94;SEC_514
2002;632;35-49;91;93;184;SEC_632
2002;245;00-02;20;11;31;SEC_245
2002;440;75 i +;54;37;91;SEC_440
2002;219;16-17;13;12;25;SEC_219
2002;312;75 i +;57;31;88;SEC_312
2002;248;25-34;89;103;192;SEC_248
2002;204;65-74;51;28;79;SEC_204
2002;516;65-74;51;36;87;SEC_516
2002;241;12-15;14;10;24;SEC_241
2002;605;25-34;67;70;137;SEC_605
2002;135;25-34;114;121;235;SEC_135
2002;248;35-49;129;144;273;SEC_248
2002;104;75 i +;67;45;112;SEC_104
2002;605;00-02;10;7;17;SEC_605
2002;229;00-02;5;9;14;SEC_229
2002;404;12-15;25;12;37;SEC_404
2002;115;75 i +;54;35;89;SEC_115
2002;113;35-49;194;156;350;SEC_113
2002;530;03-11;46;48;94;SEC_530
2002;311;18-24;45;57;102;SEC_311
2002;617;25-34;97;115;212;SEC_617
2002;516;25-34;73;61;134;SEC_516
2002;438;18-24;38;33;71;SEC_438
2002;245;25-34;101;107;208;SEC_245
2002;247;16-17;12;10;22;SEC_247
2002;404;16-17;9;12;21;SEC_404
2002;140;35-49;77;85;162;SEC_140
2002;313;12-15;34;26;60;SEC_313
2002;316;35-49;344;274;618;SEC_316
2002;234;16-17;8;7;15;SEC_234
2002;420;50-64;111;79;190;SEC_420
2002;317;00-02;18;12;30;SEC_317
2002;112;75 i +;62;23;85;SEC_112
2002;101;65-74;42;48;90;SEC_101
2002;320;25-34;106;117;223;SEC_320
2002;442;65-74;29;23;52;SEC_442
2002;631;25-34;108;133;241;SEC_631
2002;139;00-02;15;13;28;SEC_139
2002;441;50-64;208;193;401;SEC_441
2002;532;35-49;114;108;222;SEC_532
2002;502;18-24;96;80;176;SEC_502
2002;233;35-49;85;88;173;SEC_233
2002;110;12-15;18;24;42;SEC_110
2002;115;16-17;8;18;26;SEC_115
2002;424;03-11;18;17;35;SEC_424
2002;405;65-74;86;84;170;SEC_405
2002;318;18-24;58;38;96;SEC_318
2002;510;65-74;60;54;114;SEC_510
2002;130;75 i +;65;36;101;SEC_130
2002;306;35-49;171;178;349;SEC_306
2002;122;65-74;46;56;102;SEC_122
2002;524;35-49;117;126;243;SEC_524
2002;221;18-24;43;58;101;SEC_221
2002;439;75 i +;40;21;61;SEC_439
2002;626;16-17;8;12;20;SEC_626
2002;631;00-02;10;9;19;SEC_631
2002;523;18-24;61;80;141;SEC_523
2002;429;75 i +;34;23;57;SEC_429
2002;520;25-34;65;73;138;SEC_520
2002;423;16-17;6;9;15;SEC_423
2002;424;50-64;66;58;124;SEC_424
2002;226;75 i +;77;47;124;SEC_226
2002;318;00-02;8;12;20;SEC_318
2002;242;65-74;93;64;157;SEC_242
2002;622;65-74;41;23;64;SEC_622
2002;511;35-49;59;66;125;SEC_511
2002;137;12-15;33;22;55;SEC_137
2002;134;16-17;14;17;31;SEC_134
2002;439;18-24;30;53;83;SEC_439
2002;502;25-34;122;142;264;SEC_502
2002;405;00-02;9;8;17;SEC_405
2002;131;65-74;59;53;112;SEC_131
2002;124;35-49;99;83;182;SEC_124
2002;224;65-74;40;33;73;SEC_224
2002;230;65-74;52;47;99;SEC_230
2002;127;25-34;64;85;149;SEC_127
2002;412;25-34;121;145;266;SEC_412
2002;134;25-34;91;100;191;SEC_134
2002;527;03-11;37;33;70;SEC_527
2002;527;50-64;70;72;142;SEC_527
2002;240;16-17;3;7;10;SEC_240
2002;604;35-49;73;68;141;SEC_604
2002;304;65-74;84;63;147;SEC_304
2002;317;12-15;15;19;34;SEC_317
2002;402;65-74;57;58;115;SEC_402
2002;414;65-74;63;49;112;SEC_414
2002;509;00-02;6;10;16;SEC_509
2002;313;03-11;74;69;143;SEC_313
2002;232;12-15;17;19;36;SEC_232
2002;508;00-02;12;3;15;SEC_508
2002;104;18-24;22;27;49;SEC_104
2002;312;16-17;14;8;22;SEC_312
2002;524;25-34;157;128;285;SEC_524
2002;105;00-02;13;14;27;SEC_105
2002;239;00-02;9;8;17;SEC_239
2002;423;65-74;78;63;141;SEC_423
2002;625;65-74;42;45;87;SEC_625
2002;117;50-64;184;188;372;SEC_117
2002;103;25-34;68;64;132;SEC_103
2002;619;25-34;103;123;226;SEC_619
2002;434;16-17;6;2;8;SEC_434
2002;216;25-34;98;102;200;SEC_216
2002;602;35-49;50;44;94;SEC_602
2002;112;65-74;61;47;108;SEC_112
2002;530;00-02;14;20;34;SEC_530
2002;325;12-15;24;24;48;SEC_325
2002;221;50-64;96;82;178;SEC_221
2002;233;65-74;47;53;100;SEC_233
2002;302;16-17;11;7;18;SEC_302
2002;506;18-24;117;110;227;SEC_506
2002;515;25-34;40;64;104;SEC_515
2002;114;65-74;74;73;147;SEC_114
2002;530;25-34;136;157;293;SEC_530
2002;140;18-24;43;51;94;SEC_140
2002;429;35-49;62;65;127;SEC_429
2002;301;12-15;37;36;73;SEC_301
2002;304;12-15;17;25;42;SEC_304
2002;431;65-74;84;70;154;SEC_431
2002;415;16-17;4;9;13;SEC_415
2002;618;50-64;76;62;138;SEC_618
2002;606;75 i +;48;26;74;SEC_606
2002;311;16-17;7;6;13;SEC_311
2002;124;03-11;21;29;50;SEC_124
2002;422;18-24;53;41;94;SEC_422
2002;316;16-17;41;47;88;SEC_316
2002;244;65-74;44;26;70;SEC_244
2002;244;50-64;49;45;94;SEC_244
2002;246;25-34;112;116;228;SEC_246
2002;227;16-17;3;6;9;SEC_227
2002;411;25-34;71;71;142;SEC_411
2002;526;03-11;21;23;44;SEC_526
2002;103;00-02;8;10;18;SEC_103
2002;503;35-49;126;87;213;SEC_503
2002;303;16-17;8;9;17;SEC_303
2002;632;00-02;19;10;29;SEC_632
2002;224;75 i +;35;12;47;SEC_224
2002;432;25-34;96;117;213;SEC_432
2002;534;12-15;14;13;27;SEC_534
2002;227;12-15;5;1;6;SEC_227
2002;533;50-64;76;62;138;SEC_533
2002;430;65-74;53;53;106;SEC_430
2002;523;00-02;13;13;26;SEC_523
2002;214;16-17;6;4;10;SEC_214
2002;140;03-11;17;22;39;SEC_140
2002;248;65-74;63;59;122;SEC_248
2002;617;35-49;93;95;188;SEC_617
2002;409;12-15;9;14;23;SEC_409
2002;102;50-64;188;181;369;SEC_102
2002;137;35-49;171;158;329;SEC_137
2002;523;25-34;117;115;232;SEC_523
2002;210;18-24;42;28;70;SEC_210
2002;301;65-74;121;121;242;SEC_301
2002;626;75 i +;28;29;57;SEC_626
2002;525;50-64;82;77;159;SEC_525
2002;438;35-49;96;93;189;SEC_438
2002;429;25-34;34;45;79;SEC_429
2002;402;18-24;33;39;72;SEC_402
2002;206;35-49;89;85;174;SEC_206
2002;420;12-15;18;26;44;SEC_420
2002;131;75 i +;46;34;80;SEC_131
2002;319;00-02;15;12;27;SEC_319
2002;529;18-24;50;52;102;SEC_529
2002;126;12-15;14;14;28;SEC_126
2002;621;65-74;50;42;92;SEC_621
2002;533;16-17;12;6;18;SEC_533
2002;518;35-49;90;114;204;SEC_518
2002;436;00-02;13;18;31;SEC_436
2002;113;12-15;45;38;83;SEC_113
2002;440;25-34;87;108;195;SEC_440
2002;207;03-11;17;20;37;SEC_207
2002;435;00-02;12;11;23;SEC_435
2002;233;50-64;69;59;128;SEC_233
2002;121;35-49;80;100;180;SEC_121
2002;324;12-15;16;17;33;SEC_324
2002;306;18-24;91;80;171;SEC_306
2002;221;75 i +;40;33;73;SEC_221
2002;135;00-02;17;16;33;SEC_135
2002;136;03-11;42;46;88;SEC_136
2002;230;35-49;70;90;160;SEC_230
2002;408;65-74;58;50;108;SEC_408
2002;302;65-74;54;36;90;SEC_302
2002;606;50-64;93;69;162;SEC_606
2002;617;16-17;14;11;25;SEC_617
2002;226;12-15;18;19;37;SEC_226
2002;133;25-34;91;108;199;SEC_133
2002;214;35-49;57;63;120;SEC_214
2002;322;50-64;94;90;184;SEC_322
2002;227;18-24;35;25;60;SEC_227
2002;418;65-74;64;52;116;SEC_418
2002;136;35-49;128;121;249;SEC_136
2002;532;12-15;20;17;37;SEC_532
2002;609;65-74;44;43;87;SEC_609
2002;237;18-24;49;48;97;SEC_237
2002;435;03-11;31;35;66;SEC_435
2002;623;03-11;42;52;94;SEC_623
2002;225;03-11;6;13;19;SEC_225
2002;205;25-34;60;69;129;SEC_205
2002;108;75 i +;87;48;135;SEC_108
2002;236;03-11;35;24;59;SEC_236
2002;242;03-11;31;24;55;SEC_242
2002;403;03-11;21;23;44;SEC_403
2002;535;18-24;58;69;127;SEC_535
2002;409;18-24;43;42;85;SEC_409
2002;410;03-11;42;53;95;SEC_410
2002;617;03-11;33;43;76;SEC_617
2002;231;12-15;17;12;29;SEC_231
2002;324;16-17;10;15;25;SEC_324
2002;613;25-34;144;163;307;SEC_613
2002;441;12-15;55;53;108;SEC_441
2002;108;03-11;42;44;86;SEC_108
2002;116;35-49;163;151;314;SEC_116
2002;316;75 i +;63;35;98;SEC_316
2002;109;25-34;83;82;165;SEC_109
2002;114;75 i +;62;27;89;SEC_114
2002;211;25-34;128;163;291;SEC_211
2002;408;18-24;33;51;84;SEC_408
2002;618;35-49;50;58;108;SEC_618
2002;413;50-64;38;40;78;SEC_413
2002;237;03-11;39;28;67;SEC_237
2002;436;16-17;7;11;18;SEC_436
2002;435;75 i +;92;51;143;SEC_435
2002;239;50-64;103;69;172;SEC_239
2002;223;50-64;101;92;193;SEC_223
2002;120;50-64;133;148;281;SEC_120
2002;247;65-74;74;59;133;SEC_247
2002;242;12-15;12;14;26;SEC_242
2002;422;00-02;14;8;22;SEC_422
2002;304;75 i +;95;41;136;SEC_304
2002;137;00-02;19;20;39;SEC_137
2002;222;65-74;47;36;83;SEC_222
2002;510;25-34;81;96;177;SEC_510
2002;527;25-34;93;111;204;SEC_527
2002;214;75 i +;29;17;46;SEC_214
2002;231;18-24;44;52;96;SEC_231
2002;231;25-34;100;82;182;SEC_231
2002;203;35-49;81;100;181;SEC_203
2002;308;35-49;199;216;415;SEC_308
2002;611;50-64;203;154;357;SEC_611
2002;114;35-49;156;149;305;SEC_114
2002;523;75 i +;93;33;126;SEC_523
2002;206;65-74;63;55;118;SEC_206
2002;225;25-34;35;39;74;SEC_225
2002;319;03-11;35;47;82;SEC_319
2002;533;25-34;101;113;214;SEC_533
2002;521;00-02;10;7;17;SEC_521
2002;505;18-24;77;49;126;SEC_505
2002;529;65-74;80;88;168;SEC_529
2002;235;12-15;13;19;32;SEC_235
2002;524;00-02;17;15;32;SEC_524
2002;126;65-74;67;53;120;SEC_126
2002;111;16-17;5;11;16;SEC_111
2002;511;65-74;60;51;111;SEC_511
2002;510;35-49;92;109;201;SEC_510
2002;209;75 i +;87;49;136;SEC_209
2002;226;65-74;77;47;124;SEC_226
2002;408;00-02;11;14;25;SEC_408
2002;206;50-64;73;64;137;SEC_206
2002;208;12-15;24;23;47;SEC_208
2002;630;65-74;33;26;59;SEC_630
2002;121;12-15;5;13;18;SEC_121
2002;232;25-34;92;96;188;SEC_232
2002;303;12-15;18;22;40;SEC_303
2002;430;18-24;36;41;77;SEC_430
2002;419;75 i +;38;20;58;SEC_419
2002;518;12-15;17;11;28;SEC_518
2002;442;12-15;13;10;23;SEC_442
2002;315;65-74;49;43;92;SEC_315
2002;436;65-74;36;28;64;SEC_436
2002;104;25-34;76;88;164;SEC_104
2002;528;65-74;60;62;122;SEC_528
2002;221;16-17;9;10;19;SEC_221
2002;628;35-49;97;81;178;SEC_628
2002;607;75 i +;34;20;54;SEC_607
2002;249;50-64;94;75;169;SEC_249
2002;616;50-64;201;214;415;SEC_616
2002;624;65-74;50;43;93;SEC_624
2002;208;18-24;74;83;157;SEC_208
2002;407;50-64;81;80;161;SEC_407
2002;405;75 i +;39;28;67;SEC_405
2002;325;03-11;73;67;140;SEC_325
2002;233;25-34;77;80;157;SEC_233
2002;306;75 i +;81;56;137;SEC_306
2002;426;03-11;31;33;64;SEC_426
2002;103;12-15;11;4;15;SEC_103
2002;219;12-15;15;25;40;SEC_219
2002;322;00-02;14;27;41;SEC_322
2002;242;75 i +;57;53;110;SEC_242
2002;311;35-49;123;120;243;SEC_311
2002;113;25-34;106;119;225;SEC_113
2002;101;50-64;106;114;220;SEC_101
2002;415;25-34;77;99;176;SEC_415
2002;233;18-24;29;31;60;SEC_233
2002;622;75 i +;37;13;50;SEC_622
2002;613;65-74;74;64;138;SEC_613
2002;248;50-64;83;81;164;SEC_248
2002;211;03-11;36;50;86;SEC_211
2002;442;50-64;67;58;125;SEC_442
2002;243;18-24;68;49;117;SEC_243
2002;204;25-34;40;42;82;SEC_204
2002;430;75 i +;62;32;94;SEC_430
2002;207;50-64;63;51;114;SEC_207
2002;419;16-17;5;5;10;SEC_419
2002;234;03-11;30;24;54;SEC_234
2002;519;35-49;49;57;106;SEC_519
2002;203;12-15;9;10;19;SEC_203
2002;237;75 i +;66;33;99;SEC_237
2002;234;25-34;84;102;186;SEC_234
2002;632;12-15;20;17;37;SEC_632
2002;513;65-74;60;51;111;SEC_513
2002;221;25-34;105;92;197;SEC_221
2002;404;35-49;121;153;274;SEC_404
2002;409;03-11;18;16;34;SEC_409
2002;512;03-11;27;20;47;SEC_512
2002;628;16-17;14;6;20;SEC_628
2002;128;00-02;8;10;18;SEC_128
2002;533;35-49;83;112;195;SEC_533
2002;608;25-34;66;93;159;SEC_608
2002;236;50-64;98;84;182;SEC_236
2002;233;03-11;32;30;62;SEC_233
2002;225;16-17;6;5;11;SEC_225
2002;244;25-34;75;58;133;SEC_244
2002;120;00-02;19;23;42;SEC_120
2002;630;03-11;22;31;53;SEC_630
2002;516;12-15;13;11;24;SEC_516
2002;138;18-24;44;55;99;SEC_138
2002;422;25-34;89;89;178;SEC_422
2002;322;35-49;104;98;202;SEC_322
2002;106;50-64;199;232;431;SEC_106
2002;303;18-24;50;56;106;SEC_303
2002;625;18-24;110;115;225;SEC_625
2002;627;12-15;14;27;41;SEC_627
2002;524;12-15;14;22;36;SEC_524
2002;413;18-24;27;18;45;SEC_413
2002;510;00-02;9;13;22;SEC_510
2002;525;03-11;19;20;39;SEC_525
2002;203;18-24;35;34;69;SEC_203
2002;618;25-34;56;65;121;SEC_618
2002;134;00-02;12;11;23;SEC_134
2002;618;16-17;5;6;11;SEC_618
2002;133;50-64;85;78;163;SEC_133
2002;315;16-17;14;18;32;SEC_315
2002;237;25-34;112;145;257;SEC_237
2002;623;50-64;219;193;412;SEC_623
2002;527;35-49;122;128;250;SEC_527
2002;625;35-49;166;146;312;SEC_625
2002;315;00-02;15;22;37;SEC_315
2002;429;18-24;28;39;67;SEC_429
2002;620;75 i +;12;4;16;SEC_620
2002;631;03-11;33;37;70;SEC_631
2002;402;12-15;10;11;21;SEC_402
2002;408;75 i +;37;24;61;SEC_408
2002;308;75 i +;75;41;116;SEC_308
2002;105;65-74;50;36;86;SEC_105
2002;319;65-74;42;27;69;SEC_319
2002;527;65-74;65;43;108;SEC_527
2002;524;16-17;10;11;21;SEC_524
2002;501;50-64;164;179;343;SEC_501
2002;401;00-02;13;11;24;SEC_401
2002;412;03-11;43;44;87;SEC_412
2002;504;12-15;11;16;27;SEC_504
2002;244;18-24;23;27;50;SEC_244
2002;125;12-15;24;27;51;SEC_125
2002;612;75 i +;43;20;63;SEC_612
2002;318;50-64;72;69;141;SEC_318
2002;625;25-34;100;108;208;SEC_625
2002;505;50-64;221;191;412;SEC_505
2002;419;18-24;32;40;72;SEC_419
2002;521;65-74;48;51;99;SEC_521
2002;312;65-74;61;64;125;SEC_312
2002;616;25-34;243;272;515;SEC_616
2002;112;35-49;188;167;355;SEC_112
2002;207;18-24;28;27;55;SEC_207
2002;234;50-64;68;55;123;SEC_234
2002;221;00-02;8;11;19;SEC_221
2002;123;35-49;123;130;253;SEC_123
2002;509;18-24;41;34;75;SEC_509
2002;103;18-24;38;32;70;SEC_103
2002;522;35-49;90;70;160;SEC_522
2002;114;16-17;11;14;25;SEC_114
2002;232;35-49;112;97;209;SEC_232
2002;439;12-15;13;17;30;SEC_439
2002;428;65-74;47;32;79;SEC_428
2002;139;03-11;33;37;70;SEC_139
2002;620;50-64;81;78;159;SEC_620
2002;247;03-11;33;40;73;SEC_247
2002;111;50-64;102;89;191;SEC_111
2002;234;18-24;32;39;71;SEC_234
2002;435;12-15;26;14;40;SEC_435
2002;613;12-15;18;12;30;SEC_613
2002;241;75 i +;55;32;87;SEC_241
2002;310;03-11;27;32;59;SEC_310
2002;104;50-64;74;65;139;SEC_104
2002;133;03-11;23;33;56;SEC_133
2002;530;16-17;7;4;11;SEC_530
2002;214;25-34;67;79;146;SEC_214
2002;412;00-02;14;16;30;SEC_412
2002;117;75 i +;63;30;93;SEC_117
2002;219;50-64;98;85;183;SEC_219
2002;631;16-17;12;5;17;SEC_631
2002;515;65-74;37;29;66;SEC_515
2002;313;50-64;171;170;341;SEC_313
2002;605;65-74;53;49;102;SEC_605
2002;423;18-24;41;32;73;SEC_423
2002;123;18-24;60;61;121;SEC_123
2002;436;35-49;76;92;168;SEC_436
2002;442;03-11;24;26;50;SEC_442
2002;122;12-15;13;8;21;SEC_122
2002;426;18-24;49;57;106;SEC_426
2002;526;75 i +;37;15;52;SEC_526
2002;602;16-17;4;5;9;SEC_602
2002;229;50-64;68;49;117;SEC_229
2002;324;50-64;63;67;130;SEC_324
2002;114;03-11;54;43;97;SEC_114
2002;247;35-49;134;151;285;SEC_247
2002;608;16-17;10;15;25;SEC_608
2002;611;65-74;93;99;192;SEC_611
2002;442;75 i +;28;22;50;SEC_442
2002;129;03-11;38;30;68;SEC_129
2002;437;18-24;29;31;60;SEC_437
2002;513;50-64;66;55;121;SEC_513
2002;418;35-49;114;138;252;SEC_418
2002;202;75 i +;32;23;55;SEC_202
2002;519;75 i +;17;23;40;SEC_519
2002;628;03-11;37;35;72;SEC_628
2002;511;50-64;63;51;114;SEC_511
2002;313;35-49;213;195;408;SEC_313
2002;308;18-24;80;82;162;SEC_308
2002;215;50-64;76;57;133;SEC_215
2002;426;25-34;93;107;200;SEC_426
2002;517;00-02;8;24;32;SEC_517
2002;121;18-24;19;19;38;SEC_121
2002;236;18-24;47;49;96;SEC_236
2002;614;18-24;43;46;89;SEC_614
2002;424;00-02;9;7;16;SEC_424
2002;125;75 i +;40;30;70;SEC_125
2002;621;75 i +;31;17;48;SEC_621
2002;501;25-34;113;143;256;SEC_501
2002;505;65-74;63;60;123;SEC_505
2002;538;50-64;119;87;206;SEC_538
2002;526;65-74;35;32;67;SEC_526
2002;627;16-17;12;15;27;SEC_627
2002;306;65-74;101;75;176;SEC_306
2002;607;12-15;15;14;29;SEC_607
2002;241;16-17;9;4;13;SEC_241
2002;410;65-74;141;121;262;SEC_410
2002;228;12-15;9;9;18;SEC_228
2002;520;00-02;6;11;17;SEC_520
2002;227;03-11;27;21;48;SEC_227
2002;105;50-64;103;110;213;SEC_105
2002;212;12-15;21;23;44;SEC_212
2002;612;12-15;13;12;25;SEC_612
2002;524;18-24;60;73;133;SEC_524
2002;507;03-11;16;30;46;SEC_507
2002;138;35-49;95;90;185;SEC_138
2002;241;50-64;54;45;99;SEC_241
2002;247;00-02;23;14;37;SEC_247
2002;430;50-64;69;66;135;SEC_430
2002;537;16-17;9;11;20;SEC_537
2002;243;50-64;116;93;209;SEC_243
2002;112;16-17;17;16;33;SEC_112
2002;219;03-11;55;34;89;SEC_219
2002;415;18-24;42;34;76;SEC_415
2002;128;50-64;93;82;175;SEC_128
2002;412;50-64;181;170;351;SEC_412
2002;611;00-02;22;19;41;SEC_611
2002;610;35-49;97;91;188;SEC_610
2002;427;75 i +;40;34;74;SEC_427
2002;629;03-11;18;18;36;SEC_629
2002;517;65-74;68;63;131;SEC_517
2002;324;75 i +;54;26;80;SEC_324
2002;321;75 i +;90;50;140;SEC_321
2002;119;18-24;76;90;166;SEC_119
2002;211;16-17;11;9;20;SEC_211
2002;610;18-24;62;58;120;SEC_610
2002;308;65-74;81;78;159;SEC_308
2002;132;35-49;241;226;467;SEC_132
2002;109;00-02;11;14;25;SEC_109
2002;437;50-64;80;53;133;SEC_437
2002;518;65-74;72;85;157;SEC_518
2002;306;03-11;63;46;109;SEC_306
2002;526;18-24;23;36;59;SEC_526
2002;205;12-15;12;16;28;SEC_205
2002;138;65-74;35;35;70;SEC_138
2002;310;12-15;15;16;31;SEC_310
2002;131;03-11;41;40;81;SEC_131
2002;123;12-15;21;22;43;SEC_123
2002;322;03-11;39;38;77;SEC_322
2002;245;35-49;109;113;222;SEC_245
2002;312;03-11;49;58;107;SEC_312
2002;508;75 i +;36;22;58;SEC_508
2002;414;18-24;22;41;63;SEC_414
2002;243;35-49;169;170;339;SEC_243
2002;140;12-15;5;8;13;SEC_140
2002;614;35-49;88;77;165;SEC_614
2002;439;03-11;30;33;63;SEC_439
2002;528;12-15;28;11;39;SEC_528
2002;506;35-49;196;186;382;SEC_506
2002;609;18-24;39;40;79;SEC_609
2002;512;12-15;12;17;29;SEC_512
2002;536;16-17;2;6;8;SEC_536
2002;611;25-34;181;194;375;SEC_611
2002;138;00-02;7;6;13;SEC_138
2002;201;00-02;9;7;16;SEC_201
2002;615;65-74;49;51;100;SEC_615
2002;538;12-15;15;14;29;SEC_538
2002;410;18-24;85;93;178;SEC_410
2002;441;25-34;122;160;282;SEC_441
2002;229;16-17;7;7;14;SEC_229
2002;113;50-64;122;151;273;SEC_113
2002;110;00-02;10;5;15;SEC_110
2002;214;00-02;8;13;21;SEC_214
2002;412;75 i +;68;46;114;SEC_412
2002;224;00-02;9;5;14;SEC_224
2002;302;03-11;32;45;77;SEC_302
2002;135;03-11;57;39;96;SEC_135
2002;243;16-17;7;10;17;SEC_243
2002;135;18-24;84;109;193;SEC_135
2002;128;65-74;55;51;106;SEC_128
2002;612;03-11;28;38;66;SEC_612
2002;431;12-15;19;15;34;SEC_431
2002;428;75 i +;24;18;42;SEC_428
2002;131;18-24;92;73;165;SEC_131
2002;514;65-74;55;42;97;SEC_514
2002;602;18-24;28;19;47;SEC_602
2002;423;00-02;10;8;18;SEC_423
2002;214;65-74;39;35;74;SEC_214
2002;514;16-17;3;1;4;SEC_514
2002;511;12-15;8;11;19;SEC_511
2002;416;35-49;70;79;149;SEC_416
2002;602;50-64;70;59;129;SEC_602
2002;401;50-64;91;92;183;SEC_401
2002;417;03-11;23;16;39;SEC_417
2002;522;65-74;47;45;92;SEC_522
2002;107;12-15;26;26;52;SEC_107
2002;307;16-17;11;19;30;SEC_307
2002;249;12-15;11;22;33;SEC_249
2002;315;12-15;23;31;54;SEC_315
2002;133;75 i +;46;32;78;SEC_133
2002;220;25-34;78;80;158;SEC_220
2002;507;50-64;91;87;178;SEC_507
2002;243;65-74;108;93;201;SEC_243
2002;536;12-15;12;9;21;SEC_536
2002;222;35-49;83;72;155;SEC_222
2002;511;16-17;4;5;9;SEC_511
2002;438;75 i +;32;13;45;SEC_438
2002;307;65-74;70;55;125;SEC_307
2002;237;35-49;132;152;284;SEC_237
2002;628;25-34;96;111;207;SEC_628
2002;245;65-74;65;55;120;SEC_245
2002;108;65-74;81;71;152;SEC_108
2002;321;25-34;177;183;360;SEC_321
2002;116;25-34;146;139;285;SEC_116
2002;101;00-02;26;18;44;SEC_101
2002;238;03-11;20;18;38;SEC_238
2002;426;50-64;80;75;155;SEC_426
2002;605;18-24;24;25;49;SEC_605
2002;127;00-02;13;8;21;SEC_127
2002;528;16-17;3;6;9;SEC_528
2002;434;25-34;39;38;77;SEC_434
2002;222;03-11;43;24;67;SEC_222
2002;534;25-34;91;106;197;SEC_534
2002;120;18-24;75;84;159;SEC_120
2002;132;12-15;43;32;75;SEC_132
2002;522;50-64;57;53;110;SEC_522
2002;207;00-02;7;10;17;SEC_207
2002;512;18-24;22;39;61;SEC_512
2002;435;25-34;67;84;151;SEC_435
2002;440;00-02;6;11;17;SEC_440
2002;405;12-15;13;9;22;SEC_405
2002;224;12-15;4;9;13;SEC_224
2002;321;00-02;28;33;61;SEC_321
2002;431;03-11;40;45;85;SEC_431
2002;413;75 i +;40;18;58;SEC_413
2002;104;65-74;70;44;114;SEC_104
2002;513;18-24;40;23;63;SEC_513
2002;235;75 i +;74;47;121;SEC_235
2002;302;12-15;24;10;34;SEC_302
2002;323;35-49;412;374;786;SEC_323
2002;505;75 i +;45;33;78;SEC_505
2002;428;18-24;17;27;44;SEC_428
2002;610;65-74;59;70;129;SEC_610
2002;626;03-11;39;31;70;SEC_626
2002;126;35-49;59;64;123;SEC_126
2002;618;65-74;26;24;50;SEC_618
2002;111;03-11;21;29;50;SEC_111
2002;514;03-11;25;22;47;SEC_514
2002;428;50-64;34;32;66;SEC_428
2002;310;00-02;13;13;26;SEC_310
2002;217;75 i +;46;17;63;SEC_217
2002;406;50-64;127;120;247;SEC_406
2002;323;25-34;274;290;564;SEC_323
2002;115;18-24;78;63;141;SEC_115
2002;139;18-24;46;46;92;SEC_139
2002;625;16-17;11;21;32;SEC_625
2002;228;65-74;43;46;89;SEC_228
2002;230;03-11;29;37;66;SEC_230
2002;409;65-74;44;34;78;SEC_409
2002;537;12-15;20;12;32;SEC_537
2002;406;03-11;36;43;79;SEC_406
2002;222;00-02;9;9;18;SEC_222
2002;105;12-15;25;30;55;SEC_105
2002;424;35-49;41;54;95;SEC_424
2002;130;50-64;79;59;138;SEC_130
2002;609;35-49;65;55;120;SEC_609
2002;502;65-74;75;61;136;SEC_502
2002;107;75 i +;71;34;105;SEC_107
2002;409;50-64;63;61;124;SEC_409
2002;246;03-11;40;39;79;SEC_246
2002;232;16-17;9;9;18;SEC_232
2002;119;00-02;5;16;21;SEC_119
2002;538;75 i +;62;39;101;SEC_538
2002;430;25-34;80;90;170;SEC_430
2002;209;16-17;5;5;10;SEC_209
2002;532;16-17;13;7;20;SEC_532
2002;236;25-34;97;115;212;SEC_236
2002;110;65-74;69;48;117;SEC_110
2002;216;35-49;115;109;224;SEC_216
2002;318;35-49;124;124;248;SEC_318
2002;433;16-17;10;3;13;SEC_433
2002;104;12-15;10;8;18;SEC_104
2002;226;16-17;11;13;24;SEC_226
2002;435;18-24;45;50;95;SEC_435
2002;319;75 i +;28;25;53;SEC_319
2002;405;18-24;34;33;67;SEC_405
2002;227;35-49;75;69;144;SEC_227
2002;320;35-49;78;74;152;SEC_320
2002;608;75 i +;40;17;57;SEC_608
2002;243;75 i +;84;54;138;SEC_243
2002;518;75 i +;57;24;81;SEC_518
2002;240;50-64;47;46;93;SEC_240
2002;402;03-11;25;24;49;SEC_402
2002;246;12-15;6;16;22;SEC_246
2002;613;18-24;43;35;78;SEC_613
2002;216;50-64;152;125;277;SEC_216
2002;413;16-17;3;5;8;SEC_413
2002;442;16-17;7;8;15;SEC_442
2002;314;00-02;28;21;49;SEC_314
2002;323;03-11;150;121;271;SEC_323
2002;418;00-02;16;8;24;SEC_418
2002;617;18-24;45;61;106;SEC_617
2002;525;00-02;8;8;16;SEC_525
2002;133;00-02;8;17;25;SEC_133
2002;506;75 i +;61;39;100;SEC_506
2002;229;25-34;56;75;131;SEC_229
2002;134;50-64;110;105;215;SEC_134
2002;223;65-74;70;63;133;SEC_223
2002;245;16-17;5;8;13;SEC_245
2002;223;16-17;7;12;19;SEC_223
2002;519;18-24;26;34;60;SEC_519
2002;614;16-17;6;8;14;SEC_614
2002;402;35-49;69;88;157;SEC_402
2002;318;12-15;26;21;47;SEC_318
2002;201;65-74;50;53;103;SEC_201
2002;212;03-11;38;46;84;SEC_212
2002;129;12-15;16;17;33;SEC_129
2002;124;75 i +;35;18;53;SEC_124
2002;521;16-17;15;11;26;SEC_521
2002;422;75 i +;66;46;112;SEC_422
2002;238;65-74;57;44;101;SEC_238
2002;530;65-74;110;82;192;SEC_530
2002;437;75 i +;27;18;45;SEC_437
2002;505;16-17;8;5;13;SEC_505
2002;138;12-15;14;18;32;SEC_138
2002;520;12-15;15;17;32;SEC_520
2002;439;35-49;88;91;179;SEC_439
2002;528;35-49;119;106;225;SEC_528
2002;534;00-02;10;9;19;SEC_534
2002;509;03-11;22;38;60;SEC_509
2002;241;25-34;62;63;125;SEC_241
2002;204;75 i +;36;21;57;SEC_204
2002;411;18-24;65;48;113;SEC_411
2002;129;00-02;8;16;24;SEC_129
2002;530;12-15;25;28;53;SEC_530
2002;131;25-34;113;152;265;SEC_131
2002;431;25-34;147;168;315;SEC_431
2002;605;75 i +;25;18;43;SEC_605
2002;225;12-15;8;6;14;SEC_225
2002;213;03-11;20;37;57;SEC_213
2002;133;16-17;9;8;17;SEC_133
2002;216;65-74;77;63;140;SEC_216
2002;128;35-49;96;98;194;SEC_128
2002;406;18-24;72;71;143;SEC_406
2002;419;03-11;34;40;74;SEC_419
2002;525;18-24;46;43;89;SEC_525
2002;616;12-15;65;72;137;SEC_616
2002;519;50-64;48;37;85;SEC_519
2002;421;16-17;3;6;9;SEC_421
2002;506;03-11;70;79;149;SEC_506
2002;139;75 i +;21;10;31;SEC_139
2002;404;50-64;120;104;224;SEC_404
2002;421;50-64;124;97;221;SEC_421
2002;420;18-24;62;83;145;SEC_420
2002;439;16-17;5;11;16;SEC_439
2002;311;12-15;20;25;45;SEC_311
2002;603;25-34;53;84;137;SEC_603
2002;438;65-74;46;50;96;SEC_438
2002;621;16-17;5;20;25;SEC_621
2002;304;16-17;6;7;13;SEC_304
2002;323;75 i +;46;24;70;SEC_323
2002;109;12-15;19;16;35;SEC_109
2002;136;50-64;103;111;214;SEC_136
2002;414;12-15;7;15;22;SEC_414
2002;520;03-11;22;26;48;SEC_520
2002;320;75 i +;31;11;42;SEC_320
2002;622;50-64;84;80;164;SEC_622
2002;442;25-34;49;60;109;SEC_442
2002;248;75 i +;73;37;110;SEC_248
2002;410;50-64;193;171;364;SEC_410
2002;322;75 i +;45;29;74;SEC_322
2002;102;00-02;21;15;36;SEC_102
2002;121;16-17;5;3;8;SEC_121
2002;531;16-17;5;9;14;SEC_531
2002;501;03-11;38;37;75;SEC_501
2002;626;50-64;116;104;220;SEC_626
2002;433;00-02;16;23;39;SEC_433
2002;215;25-34;79;83;162;SEC_215
2002;123;25-34;120;107;227;SEC_123
2002;622;16-17;6;15;21;SEC_622
2002;427;12-15;9;17;26;SEC_427
2002;508;18-24;38;28;66;SEC_508
2002;523;65-74;91;94;185;SEC_523
2002;403;18-24;64;60;124;SEC_403
2002;309;25-34;70;85;155;SEC_309
2002;240;25-34;66;72;138;SEC_240
2002;120;35-49;232;225;457;SEC_120
2002;124;16-17;11;11;22;SEC_124
2002;227;25-34;70;69;139;SEC_227
2002;613;75 i +;43;20;63;SEC_613
2002;103;35-49;87;72;159;SEC_103
2002;612;25-34;114;136;250;SEC_612
2002;228;50-64;61;51;112;SEC_228
2002;233;75 i +;69;21;90;SEC_233
2002;208;00-02;15;15;30;SEC_208
2002;325;25-34;139;167;306;SEC_325
2002;414;25-34;73;88;161;SEC_414
2002;431;16-17;13;12;25;SEC_431
2002;419;12-15;18;11;29;SEC_419
2002;105;25-34;99;93;192;SEC_105
2002;108;25-34;92;91;183;SEC_108
2002;128;75 i +;37;26;63;SEC_128
2002;309;50-64;62;68;130;SEC_309
2002;202;18-24;33;39;72;SEC_202
2002;245;12-15;16;20;36;SEC_245
2002;319;12-15;13;14;27;SEC_319
2002;113;03-11;48;61;109;SEC_113
2002;617;50-64;110;86;196;SEC_617
2002;528;00-02;18;17;35;SEC_528
2002;244;12-15;6;7;13;SEC_244
2002;427;00-02;15;14;29;SEC_427
2002;314;16-17;39;44;83;SEC_314
2002;622;18-24;58;46;104;SEC_622
2002;114;50-64;192;184;376;SEC_114
2002;511;00-02;17;9;26;SEC_511
2002;102;18-24;68;67;135;SEC_102
2002;416;03-11;25;26;51;SEC_416
2002;522;18-24;55;52;107;SEC_522
2002;305;00-02;19;14;33;SEC_305
2002;418;03-11;42;42;84;SEC_418
2002;405;50-64;96;66;162;SEC_405
2002;117;12-15;46;31;77;SEC_117
2002;302;35-49;135;124;259;SEC_302
2002;618;18-24;29;22;51;SEC_618
2002;112;25-34;156;134;290;SEC_112
2002;246;50-64;72;60;132;SEC_246
2002;218;12-15;7;21;28;SEC_218
2002;216;00-02;10;15;25;SEC_216
2002;234;12-15;9;18;27;SEC_234
2002;434;18-24;26;26;52;SEC_434
2002;233;16-17;6;5;11;SEC_233
2002;626;35-49;89;90;179;SEC_626
2002;508;16-17;6;5;11;SEC_508
2002;136;00-02;16;17;33;SEC_136
2002;510;12-15;18;21;39;SEC_510
2002;138;16-17;7;17;24;SEC_138
2002;630;16-17;10;7;17;SEC_630
2002;312;18-24;67;70;137;SEC_312
2002;243;03-11;50;59;109;SEC_243
2002;628;00-02;10;12;22;SEC_628
2002;628;18-24;64;62;126;SEC_628
2002;127;75 i +;29;20;49;SEC_127
2002;103;75 i +;47;16;63;SEC_103
2002;418;75 i +;68;41;109;SEC_418
2002;232;03-11;38;23;61;SEC_232
2002;511;03-11;24;25;49;SEC_511
2002;503;16-17;13;9;22;SEC_503
2002;317;75 i +;49;29;78;SEC_317
2002;413;12-15;8;8;16;SEC_413
2002;246;75 i +;78;37;115;SEC_246
2002;535;16-17;18;19;37;SEC_535
2002;215;35-49;91;86;177;SEC_215
2002;222;25-34;79;99;178;SEC_222
2002;501;16-17;14;14;28;SEC_501
2002;504;03-11;16;25;41;SEC_504
2002;308;50-64;184;170;354;SEC_308
2002;527;00-02;15;7;22;SEC_527
2002;124;50-64;66;62;128;SEC_124
2002;422;16-17;3;11;14;SEC_422
2002;409;35-49;73;62;135;SEC_409
2002;419;65-74;45;41;86;SEC_419
2002;607;50-64;125;108;233;SEC_607
2002;301;03-11;84;94;178;SEC_301
2002;433;35-49;105;106;211;SEC_433
2002;516;50-64;58;51;109;SEC_516
2002;303;25-34;162;187;349;SEC_303
2002;403;12-15;15;15;30;SEC_403
2002;228;18-24;33;34;67;SEC_228
2002;104;16-17;4;4;8;SEC_104
2002;318;16-17;8;12;20;SEC_318
2002;315;75 i +;59;31;90;SEC_315
2002;134;03-11;44;49;93;SEC_134
2002;234;65-74;89;51;140;SEC_234
2002;507;25-34;82;94;176;SEC_507
2002;514;12-15;18;9;27;SEC_514
2002;202;03-11;11;27;38;SEC_202
2002;610;25-34;119;130;249;SEC_610
2002;204;35-49;44;59;103;SEC_204
2002;425;00-02;11;8;19;SEC_425
2002;118;50-64;182;205;387;SEC_118
2002;127;35-49;103;97;200;SEC_127
2002;417;35-49;73;67;140;SEC_417
2002;619;35-49;146;147;293;SEC_619
2002;522;75 i +;33;18;51;SEC_522
2002;612;16-17;8;11;19;SEC_612
2002;513;16-17;4;7;11;SEC_513
2002;221;35-49;103;127;230;SEC_221
2002;607;03-11;30;28;58;SEC_607
2002;235;35-49;109;134;243;SEC_235
2002;407;75 i +;45;38;83;SEC_407
2002;627;03-11;26;29;55;SEC_627
2002;519;12-15;7;8;15;SEC_519
2002;427;50-64;68;56;124;SEC_427
2002;624;16-17;8;8;16;SEC_624
2002;608;00-02;9;7;16;SEC_608
2002;405;35-49;77;75;152;SEC_405
2002;430;03-11;28;43;71;SEC_430
2002;323;16-17;30;24;54;SEC_323
2002;117;35-49;253;244;497;SEC_117
2002;628;75 i +;35;19;54;SEC_628
2002;630;75 i +;22;16;38;SEC_630
2002;601;75 i +;57;25;82;SEC_601
2002;417;50-64;58;47;105;SEC_417
2002;221;03-11;42;37;79;SEC_221
2002;309;65-74;32;21;53;SEC_309
2002;411;75 i +;55;41;96;SEC_411
2002;530;35-49;133;142;275;SEC_530
2002;423;03-11;35;26;61;SEC_423
2002;208;65-74;141;134;275;SEC_208
2002;307;75 i +;72;39;111;SEC_307
2002;629;35-49;66;59;125;SEC_629
2002;502;00-02;14;17;31;SEC_502
2002;506;65-74;87;83;170;SEC_506
2002;118;18-24;127;128;255;SEC_118
2002;415;03-11;23;34;57;SEC_415
2002;516;75 i +;24;12;36;SEC_516
2002;119;16-17;19;10;29;SEC_119
2002;630;18-24;69;68;137;SEC_630
2002;431;35-49;132;128;260;SEC_431
2002;124;65-74;46;47;93;SEC_124
2002;247;50-64;95;95;190;SEC_247
2002;235;03-11;36;32;68;SEC_235
2002;601;03-11;40;46;86;SEC_601
2002;441;00-02;14;16;30;SEC_441
2002;534;50-64;99;89;188;SEC_534
2002;303;35-49;117;125;242;SEC_303
2002;408;35-49;94;100;194;SEC_408
2002;216;18-24;60;51;111;SEC_216
2002;618;12-15;15;9;24;SEC_618
2002;202;12-15;4;9;13;SEC_202
2002;302;50-64;179;191;370;SEC_302
2002;521;18-24;60;68;128;SEC_521
2002;106;03-11;58;63;121;SEC_106
2002;440;12-15;3;13;16;SEC_440
2002;421;03-11;34;35;69;SEC_421
2002;112;18-24;82;68;150;SEC_112
2002;210;75 i +;77;36;113;SEC_210
2002;525;35-49;84;83;167;SEC_525
2002;431;75 i +;71;40;111;SEC_431
2002;224;25-34;64;50;114;SEC_224
2002;425;03-11;30;37;67;SEC_425
2002;521;25-34;94;113;207;SEC_521
2002;125;16-17;16;9;25;SEC_125
2002;436;75 i +;30;19;49;SEC_436
2002;417;25-34;59;67;126;SEC_417
2002;238;50-64;63;65;128;SEC_238
2002;416;18-24;34;36;70;SEC_416
2002;424;25-34;46;68;114;SEC_424
2002;619;12-15;24;24;48;SEC_619
2002;212;18-24;66;53;119;SEC_212
2002;434;75 i +;60;28;88;SEC_434
2002;212;50-64;131;117;248;SEC_212
2002;619;50-64;158;136;294;SEC_619
2002;612;65-74;52;58;110;SEC_612
2002;107;16-17;18;20;38;SEC_107
2002;224;35-49;75;72;147;SEC_224
2002;427;65-74;75;47;122;SEC_427
2002;612;50-64;154;130;284;SEC_612
2002;201;16-17;6;5;11;SEC_201
2002;403;00-02;10;6;16;SEC_403
2002;105;35-49;157;127;284;SEC_105
2002;625;12-15;32;41;73;SEC_625
2002;322;16-17;11;10;21;SEC_322
2002;305;16-17;28;19;47;SEC_305
2002;218;00-02;4;7;11;SEC_218
2002;220;50-64;63;43;106;SEC_220
2002;510;03-11;34;37;71;SEC_510
2002;531;65-74;52;56;108;SEC_531
2002;249;65-74;82;60;142;SEC_249
2002;139;50-64;87;85;172;SEC_139
2002;627;25-34;85;97;182;SEC_627
2002;502;35-49;148;143;291;SEC_502
2002;218;25-34;61;68;129;SEC_218
2002;415;75 i +;46;27;73;SEC_415
2002;425;50-64;84;78;162;SEC_425
2002;240;65-74;68;48;116;SEC_240
2002;304;18-24;49;46;95;SEC_304
2002;123;75 i +;69;43;112;SEC_123
2002;609;00-02;9;12;21;SEC_609
2002;439;25-34;110;126;236;SEC_439
2002;120;16-17;20;19;39;SEC_120
2002;319;35-49;125;114;239;SEC_319
2002;116;16-17;16;14;30;SEC_116
2002;437;12-15;8;19;27;SEC_437
2002;115;50-64;116;125;241;SEC_115
2002;607;00-02;9;9;18;SEC_607
2002;323;12-15;66;65;131;SEC_323
2002;407;00-02;11;16;27;SEC_407
2002;416;50-64;64;52;116;SEC_416
2002;613;16-17;6;8;14;SEC_613
2002;631;35-49;83;87;170;SEC_631
2002;517;50-64;90;86;176;SEC_517
2002;523;16-17;8;14;22;SEC_523
2002;311;75 i +;83;50;133;SEC_311
2002;629;50-64;57;45;102;SEC_629
2002;136;16-17;14;6;20;SEC_136
2002;437;65-74;51;52;103;SEC_437
2002;213;65-74;58;46;104;SEC_213
2002;113;65-74;59;29;88;SEC_113
2002;601;16-17;10;11;21;SEC_601
2002;140;65-74;71;62;133;SEC_140
2002;433;18-24;54;54;108;SEC_433
2002;610;50-64;195;163;358;SEC_610
2002;602;25-34;48;66;114;SEC_602
2002;241;00-02;2;4;6;SEC_241
2002;603;50-64;80;67;147;SEC_603
2002;432;65-74;67;64;131;SEC_432
2002;212;00-02;12;19;31;SEC_212
2002;217;18-24;28;21;49;SEC_217
2002;215;65-74;63;41;104;SEC_215
2002;242;50-64;94;91;185;SEC_242
2002;442;18-24;26;28;54;SEC_442
2002;135;75 i +;49;25;74;SEC_135
2002;248;00-02;14;10;24;SEC_248
2002;535;35-49;111;112;223;SEC_535
2002;616;03-11;132;160;292;SEC_616
2002;436;03-11;34;40;74;SEC_436
2002;132;00-02;29;22;51;SEC_132
2002;133;35-49;87;98;185;SEC_133
2002;236;65-74;86;68;154;SEC_236
2002;515;00-02;2;6;8;SEC_515
2002;507;35-49;80;85;165;SEC_507
2002;614;65-74;62;49;111;SEC_614
2002;417;18-24;28;30;58;SEC_417
2002;404;03-11;54;53;107;SEC_404
2002;612;00-02;12;11;23;SEC_612
2002;525;75 i +;36;28;64;SEC_525
2002;629;18-24;22;33;55;SEC_629
2002;316;18-24;192;208;400;SEC_316
2002;104;03-11;39;30;69;SEC_104
2002;211;75 i +;78;51;129;SEC_211
2002;412;18-24;95;101;196;SEC_412
2002;423;12-15;10;17;27;SEC_423
2002;111;65-74;55;43;98;SEC_111
2002;529;00-02;16;11;27;SEC_529
2002;537;65-74;78;67;145;SEC_537
2002;602;03-11;13;20;33;SEC_602
2002;527;18-24;51;54;105;SEC_527
2002;125;65-74;54;54;108;SEC_125
2002;517;75 i +;52;24;76;SEC_517
2002;316;03-11;67;80;147;SEC_316
2002;219;18-24;42;51;93;SEC_219
2002;615;35-49;56;64;120;SEC_615
2002;603;03-11;19;19;38;SEC_603
2002;108;12-15;24;18;42;SEC_108
2002;122;25-34;91;94;185;SEC_122
2002;315;18-24;83;91;174;SEC_315
2002;212;65-74;82;68;150;SEC_212
2002;409;75 i +;25;19;44;SEC_409
2002;437;16-17;8;9;17;SEC_437
2002;402;25-34;66;76;142;SEC_402
2002;408;50-64;74;56;130;SEC_408
2002;309;35-49;107;88;195;SEC_309
2002;107;03-11;42;49;91;SEC_107
2002;537;35-49;126;116;242;SEC_537
2002;410;16-17;10;13;23;SEC_410
2002;630;35-49;91;69;160;SEC_630
2002;624;12-15;17;15;32;SEC_624
2002;513;00-02;18;7;25;SEC_513
2002;624;75 i +;32;12;44;SEC_624
2002;309;75 i +;29;15;44;SEC_309
2002;606;12-15;18;18;36;SEC_606
2002;132;25-34;174;174;348;SEC_132
2002;302;18-24;84;72;156;SEC_302
2002;215;03-11;32;23;55;SEC_215
2002;231;65-74;81;63;144;SEC_231
2002;135;12-15;29;29;58;SEC_135
2002;505;35-49;85;74;159;SEC_505
2002;422;12-15;15;23;38;SEC_422
2002;538;65-74;95;87;182;SEC_538
2002;237;00-02;14;15;29;SEC_237
2002;214;12-15;10;6;16;SEC_214
2002;603;18-24;30;28;58;SEC_603
2002;406;00-02;15;11;26;SEC_406
2002;238;35-49;74;82;156;SEC_238
2002;603;16-17;4;6;10;SEC_603
2002;629;65-74;44;43;87;SEC_629
2002;532;18-24;73;67;140;SEC_532
2002;627;75 i +;26;16;42;SEC_627
2002;139;25-34;90;93;183;SEC_139
2002;129;65-74;46;50;96;SEC_129
2002;235;18-24;48;62;110;SEC_235
2002;412;35-49;179;177;356;SEC_412
2002;325;16-17;9;12;21;SEC_325
2002;610;03-11;29;36;65;SEC_610
2002;317;35-49;91;111;202;SEC_317
2002;508;35-49;51;79;130;SEC_508
2002;304;03-11;33;43;76;SEC_304
2002;238;18-24;29;35;64;SEC_238
2002;314;65-74;67;66;133;SEC_314
2002;228;35-49;53;62;115;SEC_228
2002;527;16-17;12;10;22;SEC_527
2002;211;18-24;56;55;111;SEC_211
2002;210;35-49;81;78;159;SEC_210
2002;212;35-49;132;132;264;SEC_212
2002;631;18-24;55;52;107;SEC_631
2002;302;00-02;12;21;33;SEC_302
2002;612;35-49;72;76;148;SEC_612
2002;210;50-64;86;73;159;SEC_210
2002;233;00-02;10;12;22;SEC_233
2002;234;75 i +;70;36;106;SEC_234
2002;511;25-34;64;74;138;SEC_511
2002;128;12-15;15;26;41;SEC_128
2002;624;35-49;84;92;176;SEC_624
2002;317;50-64;68;67;135;SEC_317
2002;231;50-64;90;71;161;SEC_231
2002;117;03-11;78;72;150;SEC_117
2002;127;18-24;34;34;68;SEC_127
2002;526;00-02;6;6;12;SEC_526
2002;140;16-17;6;8;14;SEC_140
2002;516;00-02;10;13;23;SEC_516
2002;206;00-02;5;6;11;SEC_206
2002;611;18-24;68;66;134;SEC_611
2002;121;50-64;42;38;80;SEC_121
2002;210;16-17;4;6;10;SEC_210
2002;604;18-24;38;47;85;SEC_604
2002;223;35-49;112;119;231;SEC_223
2002;616;65-74;56;55;111;SEC_616
2002;128;25-34;120;115;235;SEC_128
2002;521;03-11;18;25;43;SEC_521
2002;538;25-34;102;107;209;SEC_538
2002;240;12-15;9;9;18;SEC_240
2002;325;50-64;189;179;368;SEC_325
2002;102;16-17;13;13;26;SEC_102
2002;129;16-17;11;12;23;SEC_129
2002;533;75 i +;36;18;54;SEC_533
2002;223;18-24;48;62;110;SEC_223
2002;503;50-64;89;105;194;SEC_503
2002;239;65-74;99;66;165;SEC_239
2002;435;65-74;91;49;140;SEC_435
2002;416;75 i +;36;20;56;SEC_416
2002;315;25-34;161;149;310;SEC_315
2002;438;16-17;8;5;13;SEC_438
2002;116;50-64;188;171;359;SEC_116
2002;429;50-64;50;59;109;SEC_429
2002;502;16-17;14;15;29;SEC_502
2002;525;25-34;66;92;158;SEC_525
2002;318;75 i +;17;15;32;SEC_318
2002;621;35-49;157;120;277;SEC_621
2002;107;25-34;162;199;361;SEC_107
2002;128;03-11;20;35;55;SEC_128
2002;220;00-02;8;9;17;SEC_220
2002;110;75 i +;48;27;75;SEC_110
2002;502;75 i +;71;45;116;SEC_502
2002;234;00-02;11;6;17;SEC_234
2002;249;16-17;7;6;13;SEC_249
2002;418;25-34;108;140;248;SEC_418
2002;116;65-74;63;60;123;SEC_116
2002;435;35-49;75;112;187;SEC_435
2002;441;75 i +;77;58;135;SEC_441
2002;319;50-64;96;97;193;SEC_319
2002;129;35-49;102;109;211;SEC_129
2002;241;65-74;55;46;101;SEC_241
2002;510;75 i +;55;27;82;SEC_510
2002;231;35-49;113;123;236;SEC_231
2002;535;50-64;139;135;274;SEC_535
2002;425;12-15;17;15;32;SEC_425
2002;316;65-74;44;41;85;SEC_316
2002;109;75 i +;53;31;84;SEC_109
2002;534;65-74;61;61;122;SEC_534
2002;534;75 i +;53;20;73;SEC_534
2002;318;65-74;23;24;47;SEC_318
2002;407;12-15;9;24;33;SEC_407
2002;230;00-02;14;10;24;SEC_230
2002;240;75 i +;47;24;71;SEC_240
2002;223;12-15;15;14;29;SEC_223
2002;135;16-17;12;17;29;SEC_135
2002;433;03-11;37;47;84;SEC_433
2002;425;16-17;9;6;15;SEC_425
2002;627;50-64;127;139;266;SEC_627
2002;207;35-49;72;67;139;SEC_207
2002;507;65-74;36;37;73;SEC_507
2002;520;35-49;79;67;146;SEC_520
2002;515;18-24;24;20;44;SEC_515
2002;239;75 i +;74;60;134;SEC_239
2002;434;00-02;7;4;11;SEC_434
2002;404;25-34;123;146;269;SEC_404
2002;213;35-49;92;97;189;SEC_213
2002;620;35-49;57;59;116;SEC_620
2002;123;65-74;81;76;157;SEC_123
2002;526;50-64;54;61;115;SEC_526
2002;523;35-49;135;129;264;SEC_523
2002;601;18-24;76;91;167;SEC_601
2002;134;18-24;49;64;113;SEC_134
2002;421;12-15;13;16;29;SEC_421
2002;606;65-74;79;65;144;SEC_606
2002;441;16-17;34;25;59;SEC_441
2002;307;18-24;101;75;176;SEC_307
2002;237;50-64;117;109;226;SEC_237
2002;216;12-15;13;12;25;SEC_216
2002;301;75 i +;78;43;121;SEC_301
2002;503;00-02;7;10;17;SEC_503
2002;620;18-24;43;32;75;SEC_620
2002;313;18-24;126;92;218;SEC_313
2002;245;75 i +;71;34;105;SEC_245
2002;522;03-11;17;20;37;SEC_522
2002;217;50-64;37;41;78;SEC_217
2002;611;03-11;66;55;121;SEC_611
2002;310;75 i +;37;17;54;SEC_310
2002;433;12-15;23;17;40;SEC_433
2002;438;50-64;94;80;174;SEC_438
2002;111;00-02;5;9;14;SEC_111
2002;426;00-02;9;10;19;SEC_426
2002;233;12-15;11;11;22;SEC_233
2002;413;25-34;53;55;108;SEC_413
2002;133;12-15;16;16;32;SEC_133
2002;137;50-64;141;145;286;SEC_137
2002;432;75 i +;48;36;84;SEC_432
2002;617;00-02;13;11;24;SEC_617
2002;323;50-64;251;307;558;SEC_323
2002;614;25-34;80;107;187;SEC_614
2002;404;65-74;83;73;156;SEC_404
2002;606;16-17;8;10;18;SEC_606
2002;314;03-11;84;101;185;SEC_314
2002;119;50-64;177;175;352;SEC_119
2002;112;00-02;20;14;34;SEC_112
2002;107;00-02;20;26;46;SEC_107
2002;442;35-49;60;57;117;SEC_442
2002;305;65-74;77;60;137;SEC_305
2002;517;16-17;5;6;11;SEC_517
2002;519;03-11;20;36;56;SEC_519
2002;625;75 i +;20;11;31;SEC_625
2002;242;18-24;37;50;87;SEC_242
2002;226;25-34;108;114;222;SEC_226
2002;109;16-17;16;6;22;SEC_109
2002;230;50-64;62;48;110;SEC_230
2002;512;75 i +;55;23;78;SEC_512
2002;616;35-49;282;286;568;SEC_616
2002;613;00-02;15;19;34;SEC_613
2002;616;18-24;178;174;352;SEC_616
2002;615;12-15;6;10;16;SEC_615
2002;421;18-24;50;56;106;SEC_421
2002;301;25-34;245;260;505;SEC_301
2002;120;03-11;82;76;158;SEC_120
2002;213;25-34;79;87;166;SEC_213
2002;106;00-02;28;23;51;SEC_106
2002;247;25-34;103;127;230;SEC_247
2002;521;75 i +;40;27;67;SEC_521
2002;601;00-02;12;11;23;SEC_601
2002;420;00-02;16;24;40;SEC_420
2002;107;65-74;99;80;179;SEC_107
2002;104;35-49;75;88;163;SEC_104
2002;124;12-15;16;13;29;SEC_124
2002;623;18-24;89;105;194;SEC_623
2002;209;03-11;23;28;51;SEC_209
2002;615;03-11;14;21;35;SEC_615
2002;126;18-24;56;41;97;SEC_126
2002;617;12-15;18;16;34;SEC_617
2002;111;18-24;38;40;78;SEC_111
2002;621;18-24;105;115;220;SEC_621
2002;201;25-34;64;54;118;SEC_201
2002;506;25-34;161;175;336;SEC_506
2002;520;50-64;84;76;160;SEC_520
2002;529;50-64;105;81;186;SEC_529
2002;225;00-02;2;6;8;SEC_225
2002;528;25-34;101;128;229;SEC_528
2002;138;50-64;91;83;174;SEC_138
2002;611;35-49;132;180;312;SEC_611
2002;408;12-15;18;12;30;SEC_408
2002;131;12-15;31;21;52;SEC_131
2002;324;65-74;48;33;81;SEC_324
2002;509;50-64;67;73;140;SEC_509
2002;619;16-17;7;23;30;SEC_619
2002;502;03-11;47;37;84;SEC_502
2002;504;75 i +;51;40;91;SEC_504
2002;106;25-34;174;180;354;SEC_106
2002;219;25-34;96;96;192;SEC_219
2002;312;25-34;191;216;407;SEC_312
2002;309;18-24;40;44;84;SEC_309
2002;440;65-74;60;59;119;SEC_440
2002;413;00-02;5;5;10;SEC_413
2002;623;65-74;50;59;109;SEC_623
2002;528;75 i +;49;33;82;SEC_528
2002;408;25-34;61;61;122;SEC_408
2002;228;03-11;23;19;42;SEC_228
2002;107;18-24;89;112;201;SEC_107
2002;604;75 i +;25;12;37;SEC_604
2002;438;12-15;17;10;27;SEC_438
2002;235;00-02;16;17;33;SEC_235
2002;226;00-02;17;8;25;SEC_226
2002;135;50-64;144;144;288;SEC_135
2002;520;18-24;32;44;76;SEC_520
2002;113;75 i +;44;27;71;SEC_113
2002;620;16-17;4;5;9;SEC_620
2002;438;03-11;23;29;52;SEC_438
2002;630;12-15;15;15;30;SEC_630
2002;424;16-17;5;6;11;SEC_424
2002;616;75 i +;32;21;53;SEC_616
2002;245;03-11;38;41;79;SEC_245
2002;249;25-34;89;105;194;SEC_249
2002;614;03-11;27;35;62;SEC_614
2002;238;25-34;78;76;154;SEC_238
2002;422;65-74;78;68;146;SEC_422
2002;504;65-74;85;83;168;SEC_504
2002;321;03-11;91;90;181;SEC_321
2002;121;00-02;9;8;17;SEC_121
2002;629;00-02;10;6;16;SEC_629
2002;516;35-49;59;85;144;SEC_516
2002;403;25-34;63;86;149;SEC_403
2002;421;35-49;96;99;195;SEC_421
2002;230;18-24;25;33;58;SEC_230
2002;203;03-11;21;23;44;SEC_203
2002;137;25-34;134;150;284;SEC_137
2002;301;16-17;24;32;56;SEC_301
2002;413;03-11;24;17;41;SEC_413
2002;213;18-24;42;52;94;SEC_213
2002;605;35-49;46;40;86;SEC_605
2002;122;50-64;103;79;182;SEC_122
2002;242;35-49;110;119;229;SEC_242
2002;314;75 i +;77;34;111;SEC_314
2002;324;03-11;39;39;78;SEC_324
2002;427;25-34;95;97;192;SEC_427
2002;504;25-34;119;128;247;SEC_504
2002;426;35-49;98;107;205;SEC_426
2002;538;16-17;8;8;16;SEC_538
2002;608;35-49;92;84;176;SEC_608
2002;509;12-15;11;15;26;SEC_509
2002;306;50-64;148;133;281;SEC_306
2002;417;75 i +;31;18;49;SEC_417
2002;109;18-24;56;56;112;SEC_109
2002;423;50-64;87;90;177;SEC_423
2002;422;35-49;97;110;207;SEC_422
2002;603;00-02;5;13;18;SEC_603
2002;220;75 i +;42;28;70;SEC_220
2002;424;75 i +;18;8;26;SEC_424
2002;417;16-17;7;9;16;SEC_417
2002;420;25-34;125;139;264;SEC_420
2002;610;12-15;17;16;33;SEC_610
2002;428;12-15;10;3;13;SEC_428
2002;411;50-64;113;96;209;SEC_411
2002;224;16-17;7;6;13;SEC_224
2002;201;35-49;57;54;111;SEC_201
2002;626;12-15;18;11;29;SEC_626
2002;317;65-74;53;31;84;SEC_317
2002;520;16-17;10;8;18;SEC_520
2002;136;12-15;17;16;33;SEC_136
2002;306;16-17;18;20;38;SEC_306
2002;126;50-64;150;142;292;SEC_126
2002;206;75 i +;64;34;98;SEC_206
2002;513;25-34;74;63;137;SEC_513
2002;428;25-34;47;64;111;SEC_428
2002;610;00-02;19;18;37;SEC_610
2002;314;35-49;321;300;621;SEC_314
2002;529;16-17;10;9;19;SEC_529
2002;301;35-49;225;210;435;SEC_301
2002;308;00-02;24;37;61;SEC_308
2002;604;50-64;85;66;151;SEC_604
2002;203;50-64;58;60;118;SEC_203
2002;514;25-34;56;74;130;SEC_514
2002;622;35-49;87;80;167;SEC_622
2002;630;50-64;117;126;243;SEC_630
2002;225;50-64;54;38;92;SEC_225
2002;426;12-15;14;13;27;SEC_426
2002;130;12-15;13;16;29;SEC_130
2002;122;03-11;34;25;59;SEC_122
2002;522;12-15;13;13;26;SEC_522
2002;310;35-49;100;107;207;SEC_310
2002;536;00-02;10;12;22;SEC_536
2002;316;12-15;70;64;134;SEC_316
2002;410;12-15;16;22;38;SEC_410
2002;123;03-11;39;65;104;SEC_123
2002;243;00-02;15;24;39;SEC_243
2002;435;16-17;5;15;20;SEC_435
2002;516;18-24;28;35;63;SEC_516
2002;512;16-17;9;10;19;SEC_512
2002;418;12-15;18;21;39;SEC_418
2002;429;03-11;16;24;40;SEC_429
2002;506;00-02;20;21;41;SEC_506
2002;325;35-49;201;185;386;SEC_325
2002;120;65-74;55;45;100;SEC_120
2002;229;75 i +;48;21;69;SEC_229
2002;119;03-11;27;40;67;SEC_119
2002;249;35-49;116;119;235;SEC_249
2002;311;25-34;130;159;289;SEC_311
2002;121;65-74;93;60;153;SEC_121
2002;518;18-24;47;41;88;SEC_518
2002;529;35-49;117;118;235;SEC_529
2002;521;12-15;15;13;28;SEC_521
2002;512;25-34;64;94;158;SEC_512
2002;432;03-11;28;36;64;SEC_432
2002;507;16-17;8;12;20;SEC_507
2002;207;12-15;10;9;19;SEC_207
2002;428;35-49;59;58;117;SEC_428
2002;310;65-74;35;35;70;SEC_310
2002;228;25-34;84;98;182;SEC_228
2002;224;50-64;35;40;75;SEC_224
2002;606;00-02;17;15;32;SEC_606
2002;133;18-24;44;52;96;SEC_133
2002;615;50-64;155;123;278;SEC_615
2002;510;50-64;111;92;203;SEC_510
2002;212;16-17;8;14;22;SEC_212
2002;243;12-15;20;22;42;SEC_243
2002;625;00-02;10;10;20;SEC_625
2002;525;12-15;18;12;30;SEC_525
2002;416;00-02;12;12;24;SEC_416
2002;538;35-49;118;108;226;SEC_538
2002;219;65-74;81;60;141;SEC_219
2002;503;03-11;29;40;69;SEC_503
2002;606;35-49;98;111;209;SEC_606
2002;533;03-11;30;18;48;SEC_533
2002;523;03-11;28;45;73;SEC_523
2002;607;25-34;93;101;194;SEC_607
2002;514;00-02;10;10;20;SEC_514
2002;116;75 i +;64;38;102;SEC_116
2002;607;16-17;6;13;19;SEC_607
2002;109;35-49;128;121;249;SEC_109
2002;427;35-49;83;95;178;SEC_427
2002;425;25-34;89;83;172;SEC_425
2002;620;12-15;14;17;31;SEC_620
2002;517;18-24;56;57;113;SEC_517
2002;401;75 i +;53;29;82;SEC_401
2002;426;65-74;52;42;94;SEC_426
2002;609;03-11;27;29;56;SEC_609
2002;503;12-15;24;20;44;SEC_503
2002;404;00-02;20;21;41;SEC_404
2002;218;03-11;28;21;49;SEC_218
2002;206;18-24;35;34;69;SEC_206
2002;501;75 i +;17;10;27;SEC_501
2002;130;18-24;35;26;61;SEC_130
2002;534;18-24;39;53;92;SEC_534
2002;522;00-02;9;15;24;SEC_522
2002;118;12-15;45;31;76;SEC_118
2002;431;00-02;22;26;48;SEC_431
2002;617;75 i +;26;24;50;SEC_617
2002;509;25-34;63;84;147;SEC_509
2002;120;12-15;41;43;84;SEC_120
2002;301;18-24;95;111;206;SEC_301
2002;616;16-17;39;52;91;SEC_616
2002;132;18-24;110;131;241;SEC_132
2002;125;00-02;18;20;38;SEC_125
2002;303;00-02;21;18;39;SEC_303
2002;613;50-64;189;168;357;SEC_613
2002;132;03-11;68;84;152;SEC_132
2002;503;75 i +;30;13;43;SEC_503
2002;121;25-34;78;77;155;SEC_121
2002;626;25-34;83;108;191;SEC_626
2002;508;12-15;13;6;19;SEC_508
2002;214;50-64;60;46;106;SEC_214
2002;226;03-11;28;40;68;SEC_226
2002;501;12-15;19;13;32;SEC_501
2002;323;65-74;77;56;133;SEC_323
2002;441;03-11;61;48;109;SEC_441
2002;213;75 i +;39;19;58;SEC_213
2002;313;16-17;18;20;38;SEC_313
2002;103;03-11;29;28;57;SEC_103
2002;224;18-24;26;28;54;SEC_224
2002;520;65-74;54;55;109;SEC_520
2002;136;25-34;101;113;214;SEC_136
2002;537;25-34;111;106;217;SEC_537
2002;305;25-34;119;123;242;SEC_305
2002;617;65-74;61;51;112;SEC_617
2002;201;75 i +;42;17;59;SEC_201
2002;406;65-74;84;79;163;SEC_406
2002;421;25-34;113;114;227;SEC_421
2002;131;50-64;171;185;356;SEC_131
2002;205;16-17;6;8;14;SEC_205
2002;601;65-74;66;75;141;SEC_601
2002;513;03-11;21;23;44;SEC_513
2002;308;12-15;29;34;63;SEC_308
2002;429;00-02;6;3;9;SEC_429
2002;127;50-64;54;49;103;SEC_127
2002;433;75 i +;46;22;68;SEC_433
2002;205;00-02;9;4;13;SEC_205
2002;434;65-74;51;30;81;SEC_434
2002;503;18-24;55;62;117;SEC_503
2002;113;16-17;18;14;32;SEC_113
2002;412;16-17;20;19;39;SEC_412
2002;301;50-64;197;182;379;SEC_301
2002;215;00-02;6;13;19;SEC_215
2002;602;00-02;7;5;12;SEC_602
2002;626;18-24;39;39;78;SEC_626
2002;207;16-17;4;3;7;SEC_207
