AnyPadro;Seccio;GrupEdat;Dones;Homes;Total;IdSeccio
1996;322;03-11;45;48;93;SEC_322
1995;111;35-49;119;102;221;SEC_111
2003;212;50-64;125;115;240;SEC_212
1999;438;18-24;39;38;77;SEC_438
1998;423;00-02;6;10;16;SEC_423
2010;518;25-34;91;106;197;SEC_518
2014;406;75 i +;79;63;142;SEC_406
2006;632;03-11;52;42;94;SEC_632
2009;602;65-74;58;62;120;SEC_602
2016;611;12-15;42;29;71;SEC_611
2014;211;75 i +;82;35;117;SEC_211
2014;306;35-49;195;194;389;SEC_306
1999;130;65-74;82;73;155;SEC_130
2001;240;00-02;7;11;18;SEC_240
1998;315;65-74;51;33;84;SEC_315
2012;401;75 i +;93;44;137;SEC_401
2012;242;75 i +;94;64;158;SEC_242
2012;529;03-11;63;52;115;SEC_529
2009;516;00-02;19;12;31;SEC_516
1996;434;16-17;12;7;19;SEC_434
2000;520;25-34;76;69;145;SEC_520
2005;117;75 i +;63;37;100;SEC_117
1999;240;03-11;15;24;39;SEC_240
2004;424;00-02;4;10;14;SEC_424
2012;233;75 i +;56;38;94;SEC_233
1999;109;75 i +;46;23;69;SEC_109
2013;310;00-02;17;11;28;SEC_310
2005;609;00-02;12;9;21;SEC_609
2009;408;00-02;27;14;41;SEC_408
2006;519;18-24;41;26;67;SEC_519
2003;107;75 i +;73;29;102;SEC_107
2002;135;35-49;185;172;357;SEC_135
1998;522;00-02;5;5;10;SEC_522
2013;109;00-02;14;20;34;SEC_109
2015;113;25-34;100;102;202;SEC_113
1997;306;00-02;19;14;33;SEC_306
1995;105;18-24;76;78;154;SEC_105
2011;621;25-34;101;123;224;SEC_621
2009;605;12-15;4;7;11;SEC_605
2014;127;00-02;20;8;28;SEC_127
2006;416;75 i +;52;33;85;SEC_416
2015;217;12-15;16;28;44;SEC_217
2012;623;12-15;19;27;46;SEC_623
2001;314;03-11;80;109;189;SEC_314
2001;433;50-64;71;73;144;SEC_433
2012;435;65-74;35;25;60;SEC_435
2014;210;18-24;27;25;52;SEC_210
1995;629;18-24;49;61;110;SEC_629
2007;108;25-34;115;117;232;SEC_108
1996;442;25-34;56;49;105;SEC_442
2005;244;00-02;6;5;11;SEC_244
1999;207;50-64;59;48;107;SEC_207
1995;102;12-15;38;36;74;SEC_102
2008;626;18-24;34;25;59;SEC_626
2006;516;00-02;13;11;24;SEC_516
2002;419;50-64;69;71;140;SEC_419
2011;214;65-74;45;27;72;SEC_214
1997;418;25-34;83;104;187;SEC_418
2006;428;16-17;8;6;14;SEC_428
2013;106;12-15;21;21;42;SEC_106
2010;407;00-02;17;28;45;SEC_407
1994;303;18-24;150;155;305;SEC_303
2000;409;12-15;8;10;18;SEC_409
2012;102;75 i +;103;69;172;SEC_102
1994;120;75 i +;31;18;49;SEC_120
2001;244;16-17;2;3;5;SEC_244
2010;430;65-74;50;44;94;SEC_430
1996;115;18-24;70;119;189;SEC_115
2000;236;50-64;110;91;201;SEC_236
2004;120;18-24;72;81;153;SEC_120
1996;102;03-11;53;58;111;SEC_102
2010;508;00-02;10;8;18;SEC_508
2002;601;12-15;14;23;37;SEC_601
2011;621;16-17;16;13;29;SEC_621
1996;418;18-24;68;58;126;SEC_418
2009;125;35-49;207;237;444;SEC_125
2007;309;18-24;27;29;56;SEC_309
2013;204;75 i +;114;56;170;SEC_204
2014;238;50-64;66;63;129;SEC_238
2014;409;16-17;12;18;30;SEC_409
2000;427;18-24;54;43;97;SEC_427
1998;242;75 i +;48;46;94;SEC_242
2004;125;16-17;10;14;24;SEC_125
1999;430;03-11;25;39;64;SEC_430
2013;127;35-49;101;100;201;SEC_127
2011;111;65-74;66;49;115;SEC_111
2006;322;25-34;161;166;327;SEC_322
1996;529;00-02;4;9;13;SEC_529
2016;531;12-15;19;14;33;SEC_531
2015;216;50-64;110;100;210;SEC_216
1996;302;65-74;47;44;91;SEC_302
2001;429;75 i +;33;21;54;SEC_429
1998;243;35-49;137;125;262;SEC_243
1997;439;25-34;102;103;205;SEC_439
2011;139;18-24;27;29;56;SEC_139
2008;101;00-02;52;54;106;SEC_101
2013;119;65-74;101;97;198;SEC_119
2011;527;16-17;10;5;15;SEC_527
2005;246;18-24;56;43;99;SEC_246
2011;226;25-34;104;116;220;SEC_226
2006;140;35-49;107;115;222;SEC_140
2005;613;35-49;100;108;208;SEC_613
2005;439;18-24;58;64;122;SEC_439
2012;317;75 i +;58;19;77;SEC_317
2009;110;35-49;119;102;221;SEC_110
2001;506;25-34;152;182;334;SEC_506
2000;535;12-15;32;28;60;SEC_535
1995;244;18-24;31;24;55;SEC_244
1999;208;25-34;120;145;265;SEC_208
2010;203;35-49;113;115;228;SEC_203
1998;211;65-74;96;76;172;SEC_211
1995;426;16-17;17;18;35;SEC_426
2012;425;65-74;44;43;87;SEC_425
1998;528;00-02;10;11;21;SEC_528
1996;514;65-74;33;34;67;SEC_514
2012;509;12-15;20;20;40;SEC_509
1997;424;03-11;16;11;27;SEC_424
2001;213;25-34;73;84;157;SEC_213
1996;114;03-11;62;42;104;SEC_114
2015;528;16-17;13;8;21;SEC_528
1995;408;25-34;82;93;175;SEC_408
2007;409;12-15;10;11;21;SEC_409
1995;503;65-74;23;19;42;SEC_503
1995;314;03-11;123;164;287;SEC_314
2012;131;50-64;165;143;308;SEC_131
1995;136;18-24;52;70;122;SEC_136
1998;426;00-02;10;10;20;SEC_426
2014;507;03-11;38;39;77;SEC_507
2008;517;50-64;89;79;168;SEC_517
2013;129;12-15;13;28;41;SEC_129
1996;217;16-17;4;7;11;SEC_217
2003;509;12-15;8;12;20;SEC_509
2005;530;18-24;58;67;125;SEC_530
1995;315;18-24;93;78;171;SEC_315
1997;231;25-34;96;81;177;SEC_231
2009;311;50-64;115;95;210;SEC_311
2008;414;03-11;40;37;77;SEC_414
2000;313;25-34;151;143;294;SEC_313
1997;224;16-17;8;6;14;SEC_224
1994;608;25-34;78;89;167;SEC_608
2004;119;12-15;17;23;40;SEC_119
1997;206;03-11;30;28;58;SEC_206
2010;310;00-02;14;14;28;SEC_310
2013;231;35-49;157;185;342;SEC_231
2011;524;35-49;157;190;347;SEC_524
2000;437;25-34;65;87;152;SEC_437
1996;503;25-34;70;54;124;SEC_503
2012;209;12-15;16;13;29;SEC_209
1994;112;50-64;118;105;223;SEC_112
2011;107;03-11;71;81;152;SEC_107
1999;121;50-64;61;42;103;SEC_121
1994;435;03-11;42;56;98;SEC_435
2007;217;35-49;81;106;187;SEC_217
2010;140;50-64;81;76;157;SEC_140
1995;221;35-49;98;103;201;SEC_221
2010;307;12-15;14;15;29;SEC_307
2002;423;75 i +;51;27;78;SEC_423
2014;319;03-11;95;112;207;SEC_319
2014;533;25-34;142;148;290;SEC_533
2005;316;00-02;16;14;30;SEC_316
2004;101;16-17;20;10;30;SEC_101
2014;323;25-34;99;116;215;SEC_323
1995;246;50-64;110;102;212;SEC_246
2009;619;50-64;140;124;264;SEC_619
2002;430;12-15;9;16;25;SEC_430
2009;612;18-24;27;32;59;SEC_612
2012;526;16-17;3;5;8;SEC_526
2005;306;16-17;16;11;27;SEC_306
1999;515;75 i +;26;13;39;SEC_515
2016;410;35-49;171;161;332;SEC_410
2008;319;75 i +;44;29;73;SEC_319
1994;631;03-11;51;35;86;SEC_631
2000;511;75 i +;41;15;56;SEC_511
2008;229;18-24;34;40;74;SEC_229
1996;433;35-49;81;81;162;SEC_433
1998;302;16-17;17;20;37;SEC_302
2010;243;25-34;125;114;239;SEC_243
2009;534;16-17;13;9;22;SEC_534
2003;214;65-74;40;36;76;SEC_214
2008;625;16-17;11;11;22;SEC_625
1997;103;75 i +;43;24;67;SEC_103
2009;430;25-34;115;133;248;SEC_430
2009;428;03-11;35;23;58;SEC_428
2005;426;50-64;75;65;140;SEC_426
2000;511;35-49;49;56;105;SEC_511
2007;111;03-11;22;38;60;SEC_111
1995;304;65-74;100;72;172;SEC_304
2000;626;35-49;105;102;207;SEC_626
2000;417;25-34;56;57;113;SEC_417
1998;506;75 i +;56;30;86;SEC_506
2002;110;50-64;171;166;337;SEC_110
1997;324;00-02;12;10;22;SEC_324
2009;214;03-11;45;25;70;SEC_214
1996;305;00-02;15;14;29;SEC_305
2010;115;03-11;41;51;92;SEC_115
2016;313;03-11;78;81;159;SEC_313
2001;509;75 i +;39;17;56;SEC_509
2011;120;00-02;22;26;48;SEC_120
2009;632;16-17;4;9;13;SEC_632
1996;433;03-11;46;27;73;SEC_433
2004;304;50-64;116;97;213;SEC_304
2006;134;25-34;99;115;214;SEC_134
1996;610;03-11;36;42;78;SEC_610
1996;408;00-02;9;7;16;SEC_408
2008;308;25-34;151;151;302;SEC_308
1995;133;00-02;6;10;16;SEC_133
2010;307;25-34;107;102;209;SEC_307
2009;138;65-74;43;40;83;SEC_138
1997;106;18-24;129;171;300;SEC_106
2014;409;35-49;216;232;448;SEC_409
2011;238;50-64;68;68;136;SEC_238
2002;139;16-17;6;7;13;SEC_139
2015;112;18-24;57;60;117;SEC_112
2005;426;12-15;15;18;33;SEC_426
2002;520;75 i +;43;32;75;SEC_520
2003;222;25-34;87;112;199;SEC_222
2003;227;65-74;45;38;83;SEC_227
2008;531;50-64;89;78;167;SEC_531
2001;441;16-17;34;28;62;SEC_441
1997;527;03-11;39;28;67;SEC_527
2007;508;50-64;35;41;76;SEC_508
2006;221;75 i +;50;39;89;SEC_221
2011;408;18-24;33;37;70;SEC_408
2008;608;25-34;55;67;122;SEC_608
2006;307;03-11;31;31;62;SEC_307
2011;236;00-02;12;17;29;SEC_236
1998;630;50-64;93;104;197;SEC_630
1994;608;18-24;87;120;207;SEC_608
2001;536;35-49;82;88;170;SEC_536
2008;531;65-74;52;47;99;SEC_531
2013;407;00-02;14;15;29;SEC_407
1997;106;00-02;16;14;30;SEC_106
2004;131;18-24;72;61;133;SEC_131
2003;407;35-49;109;103;212;SEC_407
2013;316;00-02;21;19;40;SEC_316
2011;527;65-74;46;29;75;SEC_527
2004;110;18-24;57;53;110;SEC_110
2015;403;16-17;8;10;18;SEC_403
2004;629;12-15;9;8;17;SEC_629
2001;140;03-11;13;16;29;SEC_140
1994;123;18-24;74;61;135;SEC_123
1996;502;75 i +;50;24;74;SEC_502
2008;622;12-15;11;17;28;SEC_622
2004;303;18-24;47;47;94;SEC_303
2004;211;65-74;80;44;124;SEC_211
2007;534;12-15;14;15;29;SEC_534
2009;439;75 i +;52;42;94;SEC_439
2008;414;50-64;71;62;133;SEC_414
2005;220;75 i +;50;37;87;SEC_220
1996;538;50-64;163;129;292;SEC_538
2002;410;35-49;141;162;303;SEC_410
2004;409;00-02;7;7;14;SEC_409
2002;302;25-34;147;173;320;SEC_302
2003;623;12-15;15;22;37;SEC_623
2014;612;18-24;26;36;62;SEC_612
2014;312;75 i +;85;50;135;SEC_312
2003;528;18-24;52;65;117;SEC_528
1997;416;16-17;11;6;17;SEC_416
2001;526;50-64;55;57;112;SEC_526
2000;424;12-15;10;8;18;SEC_424
2015;501;50-64;117;81;198;SEC_501
2014;205;18-24;30;43;73;SEC_205
1999;612;03-11;35;36;71;SEC_612
1998;219;65-74;76;64;140;SEC_219
1997;105;00-02;10;18;28;SEC_105
2006;624;50-64;159;129;288;SEC_624
2011;508;18-24;30;23;53;SEC_508
2008;316;16-17;19;25;44;SEC_316
2007;307;12-15;13;17;30;SEC_307
2002;139;35-49;80;99;179;SEC_139
1996;302;25-34;131;135;266;SEC_302
2007;241;00-02;7;12;19;SEC_241
1996;514;75 i +;29;15;44;SEC_514
2005;525;16-17;11;7;18;SEC_525
2009;511;50-64;50;45;95;SEC_511
2011;406;18-24;61;48;109;SEC_406
2012;614;50-64;98;74;172;SEC_614
1995;421;18-24;83;74;157;SEC_421
2003;434;03-11;25;21;46;SEC_434
1997;246;35-49;91;85;176;SEC_246
2006;425;18-24;35;39;74;SEC_425
2006;216;25-34;110;123;233;SEC_216
2014;110;35-49;118;112;230;SEC_110
2013;105;00-02;17;22;39;SEC_105
2009;219;18-24;58;52;110;SEC_219
2000;248;16-17;13;11;24;SEC_248
2001;230;25-34;75;76;151;SEC_230
1997;415;12-15;14;13;27;SEC_415
2001;304;75 i +;91;38;129;SEC_304
1994;504;03-11;40;39;79;SEC_504
2013;618;00-02;15;7;22;SEC_618
2016;106;50-64;225;165;390;SEC_106
2012;505;35-49;133;137;270;SEC_505
2010;205;35-49;116;114;230;SEC_205
2012;137;18-24;51;52;103;SEC_137
1996;501;18-24;129;143;272;SEC_501
2006;312;25-34;157;156;313;SEC_312
2012;508;12-15;7;8;15;SEC_508
2000;403;16-17;13;9;22;SEC_403
2013;420;18-24;84;69;153;SEC_420
1998;404;75 i +;55;30;85;SEC_404
2007;607;16-17;8;4;12;SEC_607
2013;421;50-64;80;73;153;SEC_421
2007;506;35-49;178;179;357;SEC_506
2003;101;12-15;22;22;44;SEC_101
2012;619;35-49;125;133;258;SEC_619
2009;437;65-74;45;31;76;SEC_437
2007;419;18-24;55;48;103;SEC_419
2012;227;03-11;29;19;48;SEC_227
2007;105;65-74;36;38;74;SEC_105
2001;518;25-34;93;100;193;SEC_518
2006;126;16-17;3;4;7;SEC_126
1994;307;18-24;106;92;198;SEC_307
2001;228;12-15;11;9;20;SEC_228
2008;302;50-64;172;157;329;SEC_302
1998;320;65-74;24;11;35;SEC_320
2016;422;25-34;89;89;178;SEC_422
2005;103;25-34;66;78;144;SEC_103
2008;610;03-11;49;48;97;SEC_610
1999;126;16-17;10;7;17;SEC_126
2008;213;25-34;98;142;240;SEC_213
2012;239;12-15;23;28;51;SEC_239
2007;133;03-11;30;37;67;SEC_133
2011;140;18-24;25;37;62;SEC_140
2010;301;65-74;138;119;257;SEC_301
2003;122;75 i +;44;20;64;SEC_122
1996;110;75 i +;42;22;64;SEC_110
2001;628;75 i +;36;17;53;SEC_628
1999;527;18-24;40;48;88;SEC_527
2016;301;35-49;417;420;837;SEC_301
2006;432;12-15;23;24;47;SEC_432
2014;115;75 i +;71;38;109;SEC_115
2005;512;65-74;58;57;115;SEC_512
2002;309;00-02;8;11;19;SEC_309
2013;217;18-24;68;58;126;SEC_217
2011;624;75 i +;54;25;79;SEC_624
2004;136;16-17;9;8;17;SEC_136
2016;406;25-34;92;89;181;SEC_406
2009;247;18-24;56;65;121;SEC_247
2004;230;00-02;14;6;20;SEC_230
2008;401;75 i +;95;44;139;SEC_401
2006;602;03-11;14;22;36;SEC_602
2007;613;18-24;38;37;75;SEC_613
1998;530;03-11;47;39;86;SEC_530
2013;626;75 i +;65;46;111;SEC_626
2016;239;18-24;36;35;71;SEC_239
2016;212;18-24;54;52;106;SEC_212
2015;508;18-24;58;69;127;SEC_508
2011;325;00-02;19;27;46;SEC_325
1995;625;35-49;240;230;470;SEC_625
1999;525;18-24;43;55;98;SEC_525
1999;435;03-11;32;29;61;SEC_435
2000;427;25-34;69;74;143;SEC_427
2003;101;00-02;31;18;49;SEC_101
2002;246;65-74;71;58;129;SEC_246
2001;621;65-74;47;40;87;SEC_621
2013;108;03-11;60;56;116;SEC_108
2002;230;16-17;5;8;13;SEC_230
2008;246;12-15;22;15;37;SEC_246
2007;511;75 i +;55;34;89;SEC_511
2016;217;75 i +;64;41;105;SEC_217
2005;401;35-49;147;133;280;SEC_401
2015;402;35-49;139;121;260;SEC_402
2011;104;00-02;10;12;22;SEC_104
2003;244;12-15;10;10;20;SEC_244
2006;537;35-49;135;139;274;SEC_537
1998;508;16-17;11;7;18;SEC_508
1998;439;35-49;59;67;126;SEC_439
2016;303;25-34;105;93;198;SEC_303
1995;523;16-17;13;18;31;SEC_523
1997;409;18-24;42;45;87;SEC_409
2016;401;65-74;46;40;86;SEC_401
2010;319;12-15;23;26;49;SEC_319
2010;117;65-74;88;86;174;SEC_117
2004;442;00-02;9;6;15;SEC_442
2016;503;75 i +;41;20;61;SEC_503
2004;311;65-74;84;54;138;SEC_311
2010;211;25-34;137;142;279;SEC_211
2013;209;16-17;5;8;13;SEC_209
1998;322;35-49;121;118;239;SEC_322
2000;228;75 i +;39;21;60;SEC_228
2007;301;25-34;262;260;522;SEC_301
2005;305;00-02;23;16;39;SEC_305
2014;616;00-02;27;36;63;SEC_616
1997;133;25-34;75;76;151;SEC_133
2001;201;50-64;77;59;136;SEC_201
1999;103;75 i +;47;23;70;SEC_103
2004;128;50-64;101;79;180;SEC_128
2010;124;18-24;28;30;58;SEC_124
2002;204;16-17;4;6;10;SEC_204
2015;537;65-74;87;60;147;SEC_537
2010;117;12-15;34;35;69;SEC_117
2012;437;00-02;17;15;32;SEC_437
2001;123;65-74;84;78;162;SEC_123
1997;318;35-49;127;133;260;SEC_318
2004;622;25-34;78;93;171;SEC_622
2012;512;25-34;80;66;146;SEC_512
1995;218;25-34;57;55;112;SEC_218
1996;308;16-17;26;19;45;SEC_308
2006;423;12-15;15;13;28;SEC_423
2005;234;12-15;13;21;34;SEC_234
2015;207;03-11;79;76;155;SEC_207
2002;623;00-02;20;24;44;SEC_623
2011;622;50-64;104;85;189;SEC_622
2004;602;18-24;22;23;45;SEC_602
1997;113;00-02;7;13;20;SEC_113
1995;320;18-24;95;106;201;SEC_320
2004;620;35-49;58;62;120;SEC_620
2007;408;65-74;57;36;93;SEC_408
2006;614;50-64;118;100;218;SEC_614
1994;616;65-74;36;27;63;SEC_616
2002;533;65-74;71;66;137;SEC_533
1999;314;03-11;84;114;198;SEC_314
2005;435;12-15;21;19;40;SEC_435
2007;213;03-11;24;49;73;SEC_213
1996;512;12-15;11;9;20;SEC_512
2001;502;16-17;15;18;33;SEC_502
2001;218;35-49;77;78;155;SEC_218
1999;439;16-17;3;9;12;SEC_439
2007;129;50-64;111;94;205;SEC_129
1999;203;18-24;25;27;52;SEC_203
2011;505;03-11;34;38;72;SEC_505
1996;228;75 i +;27;17;44;SEC_228
2013;201;03-11;53;62;115;SEC_201
2003;435;00-02;14;16;30;SEC_435
2005;516;16-17;4;6;10;SEC_516
2006;618;18-24;22;18;40;SEC_618
2002;618;75 i +;19;15;34;SEC_618
1994;632;12-15;41;43;84;SEC_632
2002;239;12-15;12;18;30;SEC_239
2000;601;75 i +;64;27;91;SEC_601
2014;510;65-74;68;52;120;SEC_510
2007;230;75 i +;59;26;85;SEC_230
2002;307;35-49;177;139;316;SEC_307
2016;537;12-15;25;10;35;SEC_537
2010;104;18-24;23;25;48;SEC_104
1999;417;16-17;5;11;16;SEC_417
2002;211;35-49;129;133;262;SEC_211
2010;325;65-74;110;90;200;SEC_325
2002;415;00-02;12;9;21;SEC_415
2014;530;18-24;60;65;125;SEC_530
1994;306;18-24;87;74;161;SEC_306
1995;424;16-17;9;11;20;SEC_424
2016;441;75 i +;114;71;185;SEC_441
2003;314;75 i +;81;39;120;SEC_314
2010;402;50-64;63;67;130;SEC_402
1999;427;35-49;69;66;135;SEC_427
1995;325;25-34;143;134;277;SEC_325
2009;118;16-17;17;12;29;SEC_118
1998;624;00-02;11;10;21;SEC_624
2014;621;12-15;18;28;46;SEC_621
2005;121;16-17;4;8;12;SEC_121
2014;107;35-49;204;214;418;SEC_107
2010;613;25-34;85;93;178;SEC_613
1995;515;75 i +;23;13;36;SEC_515
2006;525;00-02;13;12;25;SEC_525
2001;516;50-64;59;55;114;SEC_516
1994;302;75 i +;37;19;56;SEC_302
1996;504;35-49;103;97;200;SEC_504
2005;203;00-02;13;15;28;SEC_203
2000;409;75 i +;22;13;35;SEC_409
2007;206;25-34;84;113;197;SEC_206
1997;407;50-64;109;97;206;SEC_407
2004;108;35-49;168;151;319;SEC_108
2012;532;65-74;82;64;146;SEC_532
1999;214;75 i +;40;14;54;SEC_214
2005;309;18-24;34;38;72;SEC_309
2000;414;00-02;11;9;20;SEC_414
2002;405;25-34;86;88;174;SEC_405
2001;245;18-24;39;45;84;SEC_245
2008;111;35-49;94;99;193;SEC_111
2014;411;18-24;32;28;60;SEC_411
1995;318;50-64;53;51;104;SEC_318
1999;240;18-24;22;27;49;SEC_240
2003;622;00-02;9;8;17;SEC_622
1999;304;50-64;107;102;209;SEC_304
1996;625;65-74;18;23;41;SEC_625
2016;108;50-64;145;132;277;SEC_108
2011;116;35-49;162;170;332;SEC_116
2008;231;16-17;2;9;11;SEC_231
1996;520;16-17;11;15;26;SEC_520
2007;307;16-17;11;16;27;SEC_307
2010;239;18-24;44;50;94;SEC_239
2000;114;35-49;162;160;322;SEC_114
2014;301;50-64;212;194;406;SEC_301
2006;601;75 i +;58;37;95;SEC_601
2007;304;18-24;57;63;120;SEC_304
2001;419;25-34;79;91;170;SEC_419
1998;405;00-02;9;9;18;SEC_405
2003;206;75 i +;66;32;98;SEC_206
2010;303;35-49;159;200;359;SEC_303
1998;402;03-11;20;20;40;SEC_402
2002;244;16-17;4;5;9;SEC_244
2002;416;16-17;6;6;12;SEC_416
2002;441;18-24;119;117;236;SEC_441
2000;244;65-74;47;29;76;SEC_244
1998;612;35-49;68;77;145;SEC_612
1994;501;18-24;115;121;236;SEC_501
1994;427;35-49;65;66;131;SEC_427
1997;206;75 i +;63;32;95;SEC_206
2012;114;25-34;95;98;193;SEC_114
1995;112;16-17;24;21;45;SEC_112
2010;312;12-15;25;34;59;SEC_312
2007;616;03-11;126;161;287;SEC_616
2001;140;16-17;7;7;14;SEC_140
1997;536;16-17;10;14;24;SEC_536
1994;503;00-02;11;15;26;SEC_503
2008;511;16-17;7;9;16;SEC_511
2005;429;18-24;31;34;65;SEC_429
2008;412;50-64;178;157;335;SEC_412
2013;619;12-15;21;15;36;SEC_619
2015;122;25-34;64;40;104;SEC_122
2003;139;35-49;77;99;176;SEC_139
2003;101;75 i +;29;22;51;SEC_101
2004;102;16-17;17;14;31;SEC_102
1997;238;16-17;5;12;17;SEC_238
2002;237;12-15;21;14;35;SEC_237
2009;402;65-74;48;41;89;SEC_402
2015;503;50-64;119;78;197;SEC_503
2003;603;18-24;20;24;44;SEC_603
2016;121;50-64;73;85;158;SEC_121
1999;320;25-34;68;84;152;SEC_320
2003;239;35-49;117;123;240;SEC_239
2005;432;75 i +;59;40;99;SEC_432
1996;408;65-74;48;42;90;SEC_408
1995;240;75 i +;41;16;57;SEC_240
2014;420;25-34;142;149;291;SEC_420
1999;123;16-17;11;12;23;SEC_123
2004;433;25-34;120;129;249;SEC_433
2009;418;00-02;25;14;39;SEC_418
1999;436;65-74;30;22;52;SEC_436
2006;631;65-74;58;51;109;SEC_631
2013;615;00-02;12;12;24;SEC_615
2005;103;18-24;34;30;64;SEC_103
1994;522;16-17;13;14;27;SEC_522
2015;304;25-34;311;275;586;SEC_304
2006;323;50-64;341;340;681;SEC_323
2016;208;00-02;8;23;31;SEC_208
2007;304;35-49;171;181;352;SEC_304
1995;246;35-49;86;83;169;SEC_246
2009;220;50-64;63;58;121;SEC_220
1995;225;18-24;28;26;54;SEC_225
1996;531;35-49;78;74;152;SEC_531
2002;510;16-17;8;7;15;SEC_510
2008;218;25-34;68;90;158;SEC_218
2000;408;35-49;94;91;185;SEC_408
2002;105;03-11;28;58;86;SEC_105
2008;604;50-64;69;50;119;SEC_604
2001;235;03-11;29;37;66;SEC_235
1997;530;35-49;106;107;213;SEC_530
2004;306;50-64;144;130;274;SEC_306
2013;537;75 i +;82;55;137;SEC_537
2007;244;25-34;82;70;152;SEC_244
2006;209;03-11;29;31;60;SEC_209
1997;114;03-11;52;40;92;SEC_114
1997;317;75 i +;48;19;67;SEC_317
1996;317;75 i +;44;16;60;SEC_317
2002;534;16-17;5;5;10;SEC_534
2012;246;16-17;19;13;32;SEC_246
2001;130;65-74;90;77;167;SEC_130
1997;249;12-15;13;22;35;SEC_249
2010;405;18-24;23;30;53;SEC_405
2015;323;35-49;223;228;451;SEC_323
2014;312;16-17;13;13;26;SEC_312
1998;114;18-24;110;117;227;SEC_114
2015;510;03-11;43;43;86;SEC_510
2000;433;25-34;101;106;207;SEC_433
1999;101;12-15;36;34;70;SEC_101
1999;111;00-02;4;17;21;SEC_111
2008;227;03-11;37;26;63;SEC_227
1996;602;16-17;6;1;7;SEC_602
2000;204;03-11;12;16;28;SEC_204
2012;519;16-17;5;3;8;SEC_519
2005;530;65-74;100;87;187;SEC_530
2006;504;18-24;31;48;79;SEC_504
2010;506;18-24;59;78;137;SEC_506
1996;414;12-15;14;22;36;SEC_414
2015;436;00-02;20;20;40;SEC_436
1995;207;65-74;74;48;122;SEC_207
2011;246;25-34;111;101;212;SEC_246
2010;124;00-02;12;8;20;SEC_124
1994;520;65-74;49;44;93;SEC_520
2001;312;50-64;196;164;360;SEC_312
2004;237;12-15;15;21;36;SEC_237
2000;416;16-17;7;3;10;SEC_416
2016;320;18-24;5;3;8;SEC_320
1996;422;16-17;8;13;21;SEC_422
2015;131;65-74;113;111;224;SEC_131
2000;234;75 i +;82;32;114;SEC_234
1998;428;00-02;4;4;8;SEC_428
2014;245;12-15;26;17;43;SEC_245
1994;630;16-17;26;33;59;SEC_630
2016;321;00-02;21;33;54;SEC_321
2002;614;50-64;133;114;247;SEC_614
2005;127;25-34;66;76;142;SEC_127
2004;241;50-64;51;51;102;SEC_241
1997;240;50-64;73;72;145;SEC_240
2011;608;12-15;13;7;20;SEC_608
2013;116;03-11;59;58;117;SEC_116
2005;438;35-49;98;97;195;SEC_438
2013;113;65-74;73;80;153;SEC_113
2006;243;00-02;18;28;46;SEC_243
2006;531;65-74;50;47;97;SEC_531
2007;614;18-24;23;34;57;SEC_614
2016;110;65-74;115;94;209;SEC_110
2008;230;65-74;35;34;69;SEC_230
1997;622;16-17;21;12;33;SEC_622
1995;120;65-74;63;54;117;SEC_120
1997;617;65-74;53;42;95;SEC_617
1998;620;00-02;3;4;7;SEC_620
2015;622;65-74;54;49;103;SEC_622
1996;135;65-74;58;51;109;SEC_135
1997;538;12-15;18;19;37;SEC_538
2008;607;12-15;16;21;37;SEC_607
2004;602;16-17;5;4;9;SEC_602
1997;438;03-11;25;28;53;SEC_438
2006;522;25-34;80;114;194;SEC_522
2013;236;18-24;46;38;84;SEC_236
2005;526;25-34;69;97;166;SEC_526
2014;506;65-74;161;156;317;SEC_506
2007;523;65-74;89;81;170;SEC_523
2010;426;50-64;82;65;147;SEC_426
2009;532;16-17;16;7;23;SEC_532
1997;213;12-15;12;24;36;SEC_213
2002;532;50-64;149;131;280;SEC_532
1997;613;12-15;18;18;36;SEC_613
2003;615;65-74;47;59;106;SEC_615
1997;613;65-74;57;46;103;SEC_613
2007;519;65-74;38;25;63;SEC_519
2001;128;16-17;11;8;19;SEC_128
2006;602;75 i +;21;13;34;SEC_602
2008;127;16-17;7;6;13;SEC_127
1995;627;03-11;46;71;117;SEC_627
2005;227;03-11;29;25;54;SEC_227
2009;104;25-34;54;66;120;SEC_104
1999;210;65-74;91;66;157;SEC_210
2011;530;18-24;64;62;126;SEC_530
1996;439;12-15;5;21;26;SEC_439
2016;404;00-02;16;15;31;SEC_404
2011;134;75 i +;77;39;116;SEC_134
2007;423;03-11;40;26;66;SEC_423
2015;234;12-15;18;14;32;SEC_234
2001;216;35-49;114;106;220;SEC_216
2005;208;16-17;13;15;28;SEC_208
2010;414;25-34;89;107;196;SEC_414
2001;305;75 i +;78;45;123;SEC_305
2012;628;16-17;15;6;21;SEC_628
2007;604;12-15;11;12;23;SEC_604
1994;426;25-34;84;84;168;SEC_426
2006;112;75 i +;69;35;104;SEC_112
1997;136;18-24;61;72;133;SEC_136
2008;630;50-64;128;94;222;SEC_630
1997;220;75 i +;38;18;56;SEC_220
2011;534;50-64;84;78;162;SEC_534
2014;103;18-24;20;16;36;SEC_103
2011;139;00-02;13;12;25;SEC_139
1995;133;18-24;67;73;140;SEC_133
2005;243;75 i +;86;58;144;SEC_243
2001;624;75 i +;27;11;38;SEC_624
1994;502;25-34;109;127;236;SEC_502
2002;315;03-11;50;54;104;SEC_315
2010;209;00-02;8;13;21;SEC_209
1995;612;12-15;26;24;50;SEC_612
1996;222;25-34;74;62;136;SEC_222
2008;307;25-34;123;114;237;SEC_307
2002;303;50-64;196;147;343;SEC_303
1997;303;65-74;91;102;193;SEC_303
2012;507;00-02;12;12;24;SEC_507
2006;221;35-49;127;125;252;SEC_221
2011;139;75 i +;35;27;62;SEC_139
1996;316;03-11;146;159;305;SEC_316
2010;114;18-24;39;37;76;SEC_114
2011;434;12-15;11;11;22;SEC_434
2009;209;50-64;81;74;155;SEC_209
2011;247;00-02;33;28;61;SEC_247
1999;434;00-02;7;5;12;SEC_434
2005;231;65-74;69;52;121;SEC_231
1994;102;00-02;15;11;26;SEC_102
1994;119;00-02;15;14;29;SEC_119
2007;509;03-11;39;35;74;SEC_509
1996;113;50-64;92;93;185;SEC_113
2008;244;25-34;80;73;153;SEC_244
2011;115;18-24;40;54;94;SEC_115
1994;606;35-49;79;74;153;SEC_606
2010;507;35-49;106;113;219;SEC_507
2002;241;03-11;33;25;58;SEC_241
2001;404;25-34;115;120;235;SEC_404
2010;223;75 i +;69;41;110;SEC_223
2009;623;50-64;177;146;323;SEC_623
1997;416;65-74;61;49;110;SEC_416
2002;110;16-17;15;11;26;SEC_110
2000;236;12-15;18;12;30;SEC_236
1994;303;65-74;83;78;161;SEC_303
2000;424;16-17;7;7;14;SEC_424
2002;312;00-02;10;20;30;SEC_312
2010;623;12-15;24;22;46;SEC_623
1996;501;12-15;37;39;76;SEC_501
2002;319;16-17;11;10;21;SEC_319
1998;234;16-17;8;10;18;SEC_234
2002;216;16-17;10;13;23;SEC_216
2011;419;65-74;49;28;77;SEC_419
2015;505;25-34;55;51;106;SEC_505
1995;405;18-24;54;56;110;SEC_405
2002;110;18-24;63;67;130;SEC_110
1998;242;35-49;84;90;174;SEC_242
1995;513;03-11;23;24;47;SEC_513
2013;609;03-11;38;31;69;SEC_609
1997;245;03-11;31;29;60;SEC_245
1995;440;50-64;148;170;318;SEC_440
2003;531;50-64;79;71;150;SEC_531
2006;530;75 i +;91;53;144;SEC_530
2016;133;12-15;11;13;24;SEC_133
2008;510;50-64;83;80;163;SEC_510
2015;406;50-64;121;118;239;SEC_406
1994;132;18-24;130;160;290;SEC_132
2003;107;00-02;17;29;46;SEC_107
1996;537;18-24;80;78;158;SEC_537
2009;137;18-24;62;50;112;SEC_137
2002;536;75 i +;42;38;80;SEC_536
2001;603;25-34;58;81;139;SEC_603
2010;212;25-34;147;146;293;SEC_212
1994;622;12-15;45;36;81;SEC_622
2011;538;35-49;153;144;297;SEC_538
2011;134;18-24;42;42;84;SEC_134
1999;228;75 i +;36;21;57;SEC_228
1999;628;75 i +;34;12;46;SEC_628
2002;205;35-49;87;94;181;SEC_205
2000;605;12-15;8;6;14;SEC_605
2003;424;50-64;63;51;114;SEC_424
2006;137;75 i +;52;25;77;SEC_137
1996;525;16-17;13;15;28;SEC_525
1994;436;35-49;62;84;146;SEC_436
2003;420;50-64;108;81;189;SEC_420
1997;221;65-74;62;64;126;SEC_221
2007;430;18-24;42;46;88;SEC_430
2009;417;12-15;13;15;28;SEC_417
2012;533;00-02;17;23;40;SEC_533
2003;631;12-15;20;9;29;SEC_631
2012;301;75 i +;136;95;231;SEC_301
2000;409;03-11;14;16;30;SEC_409
2003;242;65-74;91;59;150;SEC_242
2011;135;35-49;187;181;368;SEC_135
2005;211;65-74;70;40;110;SEC_211
2007;411;12-15;15;12;27;SEC_411
1994;507;25-34;77;81;158;SEC_507
2006;608;00-02;9;10;19;SEC_608
1999;224;35-49;60;60;120;SEC_224
2001;132;12-15;41;36;77;SEC_132
2011;417;75 i +;37;23;60;SEC_417
2014;616;65-74;107;97;204;SEC_616
2002;409;16-17;4;3;7;SEC_409
2005;249;65-74;72;42;114;SEC_249
2008;323;50-64;371;359;730;SEC_323
1997;427;16-17;8;5;13;SEC_427
2012;612;03-11;33;41;74;SEC_612
2004;202;16-17;7;3;10;SEC_202
2003;415;25-34;64;89;153;SEC_415
2009;303;16-17;12;9;21;SEC_303
1997;133;03-11;26;36;62;SEC_133
2014;121;18-24;35;35;70;SEC_121
2011;236;25-34;77;87;164;SEC_236
2005;315;50-64;140;145;285;SEC_315
2001;611;12-15;22;24;46;SEC_611
2009;310;75 i +;39;28;67;SEC_310
2011;507;35-49;103;109;212;SEC_507
1997;106;65-74;50;32;82;SEC_106
1995;139;18-24;65;71;136;SEC_139
1999;402;65-74;49;68;117;SEC_402
2003;122;03-11;30;31;61;SEC_122
2016;532;16-17;14;13;27;SEC_532
2002;207;75 i +;68;30;98;SEC_207
1995;136;16-17;18;17;35;SEC_136
2001;249;75 i +;55;36;91;SEC_249
2005;307;25-34;110;106;216;SEC_307
2000;604;16-17;7;7;14;SEC_604
2014;416;75 i +;89;54;143;SEC_416
2003;426;03-11;28;42;70;SEC_426
2003;621;50-64;213;235;448;SEC_621
2000;105;12-15;22;26;48;SEC_105
2014;111;03-11;33;33;66;SEC_111
2012;119;00-02;13;13;26;SEC_119
2001;243;00-02;15;25;40;SEC_243
2002;102;03-11;51;58;109;SEC_102
2002;211;50-64;73;64;137;SEC_211
2003;509;16-17;8;9;17;SEC_509
2004;132;00-02;34;19;53;SEC_132
1994;226;25-34;76;74;150;SEC_226
2000;520;65-74;54;60;114;SEC_520
2011;215;75 i +;66;32;98;SEC_215
2014;405;75 i +;131;99;230;SEC_405
2014;615;75 i +;50;43;93;SEC_615
1994;615;00-02;4;4;8;SEC_615
2008;610;12-15;14;24;38;SEC_610
2013;530;75 i +;95;67;162;SEC_530
2013;304;12-15;66;36;102;SEC_304
2011;245;16-17;2;9;11;SEC_245
2000;239;03-11;29;30;59;SEC_239
1996;421;50-64;153;134;287;SEC_421
1995;242;03-11;32;29;61;SEC_242
2007;521;35-49;83;96;179;SEC_521
2009;433;65-74;37;31;68;SEC_433
2006;532;18-24;72;64;136;SEC_532
2004;504;12-15;9;14;23;SEC_504
2007;521;16-17;6;5;11;SEC_521
1997;134;35-49;145;137;282;SEC_134
1999;311;00-02;16;13;29;SEC_311
2014;514;35-49;166;181;347;SEC_514
1997;414;75 i +;32;18;50;SEC_414
2000;530;65-74;113;84;197;SEC_530
2014;407;25-34;67;72;139;SEC_407
2005;138;25-34;67;57;124;SEC_138
2000;308;25-34;150;146;296;SEC_308
2003;235;65-74;93;73;166;SEC_235
2016;404;12-15;21;19;40;SEC_404
2005;131;65-74;62;55;117;SEC_131
2016;427;50-64;148;127;275;SEC_427
2000;508;50-64;55;47;102;SEC_508
2004;419;50-64;73;69;142;SEC_419
2005;518;12-15;16;23;39;SEC_518
1996;233;18-24;32;45;77;SEC_233
2004;408;25-34;72;86;158;SEC_408
2011;231;00-02;14;27;41;SEC_231
2000;216;12-15;12;17;29;SEC_216
2005;231;50-64;85;65;150;SEC_231
2013;216;18-24;52;43;95;SEC_216
2011;437;00-02;17;17;34;SEC_437
2003;527;18-24;56;59;115;SEC_527
2016;316;35-49;162;160;322;SEC_316
2012;430;65-74;43;31;74;SEC_430
2013;109;65-74;55;53;108;SEC_109
2008;225;75 i +;51;22;73;SEC_225
2001;110;00-02;6;7;13;SEC_110
2012;621;25-34;92;109;201;SEC_621
2002;407;16-17;4;10;14;SEC_407
1996;322;25-34;90;106;196;SEC_322
1998;219;00-02;13;12;25;SEC_219
1997;408;16-17;9;7;16;SEC_408
2007;240;65-74;45;42;87;SEC_240
2011;615;50-64;81;44;125;SEC_615
2006;322;16-17;9;8;17;SEC_322
2013;320;35-49;213;221;434;SEC_320
2000;525;12-15;21;16;37;SEC_525
2015;502;00-02;22;23;45;SEC_502
2000;102;03-11;46;62;108;SEC_102
2002;223;03-11;45;42;87;SEC_223
2001;231;25-34;95;90;185;SEC_231
2004;310;18-24;60;44;104;SEC_310
2012;405;75 i +;86;63;149;SEC_405
2015;201;75 i +;64;47;111;SEC_201
2016;510;00-02;20;12;32;SEC_510
2004;229;00-02;7;11;18;SEC_229
2009;601;03-11;41;43;84;SEC_601
2002;515;03-11;18;13;31;SEC_515
2010;609;65-74;67;74;141;SEC_609
2012;501;00-02;5;10;15;SEC_501
2002;428;16-17;7;5;12;SEC_428
2012;419;25-34;68;76;144;SEC_419
2008;406;12-15;22;26;48;SEC_406
2006;130;12-15;14;14;28;SEC_130
2016;323;03-11;71;93;164;SEC_323
2016;616;25-34;100;125;225;SEC_616
2006;203;00-02;15;14;29;SEC_203
1999;311;75 i +;82;39;121;SEC_311
1999;535;00-02;4;5;9;SEC_535
1995;217;00-02;4;6;10;SEC_217
1994;220;50-64;99;81;180;SEC_220
2002;440;50-64;145;130;275;SEC_440
2014;205;12-15;16;18;34;SEC_205
2002;518;03-11;28;28;56;SEC_518
1996;607;03-11;31;42;73;SEC_607
2000;325;03-11;64;55;119;SEC_325
2004;119;50-64;190;179;369;SEC_119
2002;310;18-24;58;55;113;SEC_310
2011;417;00-02;14;23;37;SEC_417
2007;318;25-34;67;60;127;SEC_318
1999;609;00-02;10;4;14;SEC_609
2014;317;50-64;80;75;155;SEC_317
1995;205;18-24;43;45;88;SEC_205
2016;312;25-34;164;155;319;SEC_312
2004;207;50-64;62;57;119;SEC_207
2008;240;35-49;93;105;198;SEC_240
2004;235;12-15;21;20;41;SEC_235
2004;618;35-49;67;65;132;SEC_618
2010;130;65-74;66;44;110;SEC_130
1999;437;35-49;83;72;155;SEC_437
2015;420;50-64;177;171;348;SEC_420
2000;128;16-17;12;10;22;SEC_128
2003;219;25-34;99;117;216;SEC_219
2012;136;00-02;23;23;46;SEC_136
2010;611;25-34;140;140;280;SEC_611
2007;433;50-64;73;70;143;SEC_433
2005;222;50-64;81;70;151;SEC_222
2002;429;16-17;4;9;13;SEC_429
2002;102;75 i +;68;38;106;SEC_102
2001;323;12-15;76;59;135;SEC_323
2002;127;16-17;15;9;24;SEC_127
1999;611;25-34;187;202;389;SEC_611
1996;618;35-49;74;53;127;SEC_618
1995;249;00-02;8;9;17;SEC_249
2001;508;25-34;46;53;99;SEC_508
1994;204;03-11;16;20;36;SEC_204
2010;126;00-02;9;13;22;SEC_126
2005;409;03-11;25;17;42;SEC_409
1994;410;50-64;220;199;419;SEC_410
1994;412;35-49;206;209;415;SEC_412
2014;140;18-24;27;33;60;SEC_140
2006;405;65-74;92;67;159;SEC_405
1997;423;35-49;78;76;154;SEC_423
2010;116;12-15;28;21;49;SEC_116
1999;218;03-11;23;21;44;SEC_218
2012;605;50-64;50;37;87;SEC_605
2009;233;25-34;100;128;228;SEC_233
2015;404;65-74;69;53;122;SEC_404
2006;419;18-24;53;46;99;SEC_419
1996;624;65-74;31;34;65;SEC_624
2007;207;12-15;4;10;14;SEC_207
2006;135;12-15;25;13;38;SEC_135
2008;112;50-64;172;170;342;SEC_112
1995;615;00-02;0;5;5;SEC_615
1999;402;75 i +;43;24;67;SEC_402
2015;401;18-24;52;45;97;SEC_401
2014;503;12-15;9;8;17;SEC_503
2004;417;50-64;56;46;102;SEC_417
2001;603;75 i +;15;17;32;SEC_603
2010;618;25-34;26;30;56;SEC_618
1996;321;25-34;171;166;337;SEC_321
2001;507;75 i +;37;22;59;SEC_507
2006;538;50-64;105;83;188;SEC_538
2008;429;18-24;23;38;61;SEC_429
2001;433;12-15;20;11;31;SEC_433
2001;210;12-15;7;16;23;SEC_210
2012;524;16-17;8;7;15;SEC_524
1995;316;25-34;87;64;151;SEC_316
2012;624;12-15;12;14;26;SEC_624
1996;234;16-17;5;7;12;SEC_234
2002;418;16-17;9;12;21;SEC_418
2008;525;12-15;20;17;37;SEC_525
1994;411;00-02;11;9;20;SEC_411
2014;121;75 i +;78;43;121;SEC_121
2001;140;50-64;106;103;209;SEC_140
2016;312;18-24;77;51;128;SEC_312
2008;139;25-34;93;113;206;SEC_139
2016;301;03-11;153;165;318;SEC_301
2007;103;75 i +;40;23;63;SEC_103
2006;628;50-64;134;110;244;SEC_628
2002;624;50-64;168;161;329;SEC_624
2003;442;75 i +;28;21;49;SEC_442
1994;510;65-74;64;39;103;SEC_510
2015;602;18-24;35;52;87;SEC_602
2008;418;75 i +;63;42;105;SEC_418
1994;423;03-11;33;34;67;SEC_423
2008;210;18-24;20;25;45;SEC_210
1997;125;03-11;36;37;73;SEC_125
1996;111;16-17;10;20;30;SEC_111
2000;221;75 i +;33;31;64;SEC_221
2016;138;35-49;83;66;149;SEC_138
2016;111;03-11;33;27;60;SEC_111
2016;435;25-34;93;87;180;SEC_435
2010;526;18-24;26;37;63;SEC_526
1995;415;12-15;21;16;37;SEC_415
2007;521;25-34;61;96;157;SEC_521
2006;243;18-24;65;51;116;SEC_243
2006;139;25-34;94;101;195;SEC_139
1995;628;12-15;34;45;79;SEC_628
2006;118;35-49;188;169;357;SEC_118
1997;115;12-15;35;30;65;SEC_115
2003;440;65-74;58;58;116;SEC_440
2006;232;18-24;39;42;81;SEC_232
1996;612;16-17;14;17;31;SEC_612
2002;117;16-17;34;27;61;SEC_117
1995;313;25-34;149;150;299;SEC_313
2004;522;75 i +;35;21;56;SEC_522
1995;431;65-74;82;76;158;SEC_431
2008;425;16-17;8;10;18;SEC_425
1997;138;35-49;117;120;237;SEC_138
2015;303;00-02;25;23;48;SEC_303
2001;441;12-15;62;50;112;SEC_441
1995;238;18-24;33;42;75;SEC_238
1996;504;16-17;9;25;34;SEC_504
1998;239;75 i +;60;36;96;SEC_239
2013;240;16-17;18;13;31;SEC_240
1994;127;65-74;34;30;64;SEC_127
2011;417;03-11;36;42;78;SEC_417
2001;320;25-34;96;109;205;SEC_320
2004;318;35-49;120;108;228;SEC_318
2008;505;65-74;93;106;199;SEC_505
2015;135;03-11;45;56;101;SEC_135
2011;415;35-49;97;146;243;SEC_415
1999;202;35-49;52;53;105;SEC_202
2007;119;35-49;122;122;244;SEC_119
2001;107;25-34;163;196;359;SEC_107
2015;106;50-64;236;169;405;SEC_106
1998;311;03-11;36;47;83;SEC_311
2016;525;00-02;15;24;39;SEC_525
2013;213;00-02;11;12;23;SEC_213
2015;104;35-49;110;115;225;SEC_104
2006;216;50-64;140;112;252;SEC_216
2003;115;16-17;7;13;20;SEC_115
1997;614;03-11;28;43;71;SEC_614
2004;535;00-02;12;10;22;SEC_535
1994;518;18-24;70;79;149;SEC_518
1999;222;35-49;71;68;139;SEC_222
2008;201;18-24;29;40;69;SEC_201
2001;441;35-49;241;240;481;SEC_441
1996;502;03-11;51;44;95;SEC_502
1995;420;18-24;78;72;150;SEC_420
2008;620;03-11;14;24;38;SEC_620
2005;218;03-11;24;22;46;SEC_218
2008;101;50-64;132;122;254;SEC_101
1998;118;50-64;135;160;295;SEC_118
2007;534;18-24;33;40;73;SEC_534
2013;623;75 i +;60;45;105;SEC_623
2011;524;03-11;57;62;119;SEC_524
2009;423;03-11;46;31;77;SEC_423
2003;236;03-11;44;25;69;SEC_236
2014;526;65-74;76;56;132;SEC_526
2003;515;00-02;7;5;12;SEC_515
1994;303;16-17;33;30;63;SEC_303
2002;509;16-17;5;7;12;SEC_509
2001;627;75 i +;24;15;39;SEC_627
1999;210;18-24;40;38;78;SEC_210
2002;102;65-74;99;79;178;SEC_102
1997;416;50-64;89;80;169;SEC_416
2010;529;18-24;51;61;112;SEC_529
1999;105;25-34;73;90;163;SEC_105
2010;305;03-11;69;54;123;SEC_305
2009;210;75 i +;109;52;161;SEC_210
1997;442;35-49;63;53;116;SEC_442
2007;527;75 i +;58;30;88;SEC_527
2002;140;25-34;82;100;182;SEC_140
2003;213;12-15;24;15;39;SEC_213
2014;404;03-11;80;62;142;SEC_404
2009;306;12-15;29;31;60;SEC_306
2006;230;25-34;105;110;215;SEC_230
2007;236;50-64;101;79;180;SEC_236
1998;306;35-49;180;171;351;SEC_306
1995;119;25-34;96;106;202;SEC_119
2014;115;12-15;16;29;45;SEC_115
2003;609;35-49;71;63;134;SEC_609
2004;626;00-02;11;14;25;SEC_626
2015;523;35-49;176;178;354;SEC_523
1998;245;16-17;16;8;24;SEC_245
2016;308;25-34;102;99;201;SEC_308
1998;131;03-11;60;53;113;SEC_131
2001;225;25-34;36;43;79;SEC_225
2016;528;50-64;105;80;185;SEC_528
1994;240;50-64;90;80;170;SEC_240
1994;106;00-02;14;27;41;SEC_106
2000;239;16-17;8;7;15;SEC_239
2004;313;00-02;34;25;59;SEC_313
2008;321;12-15;27;38;65;SEC_321
1999;537;35-49;111;110;221;SEC_537
2001;207;03-11;15;20;35;SEC_207
1998;103;12-15;18;15;33;SEC_103
2005;603;12-15;13;13;26;SEC_603
2011;603;35-49;80;79;159;SEC_603
1994;525;25-34;71;83;154;SEC_525
2002;118;16-17;18;24;42;SEC_118
2002;414;03-11;29;32;61;SEC_414
2013;214;16-17;26;21;47;SEC_214
2012;632;65-74;60;48;108;SEC_632
2005;406;75 i +;44;45;89;SEC_406
1995;605;65-74;30;29;59;SEC_605
2011;308;03-11;106;114;220;SEC_308
2009;127;00-02;5;11;16;SEC_127
2004;114;25-34;157;143;300;SEC_114
1999;209;18-24;25;29;54;SEC_209
2016;209;50-64;102;91;193;SEC_209
2004;406;16-17;15;9;24;SEC_406
2009;225;25-34;47;59;106;SEC_225
2012;505;25-34;68;61;129;SEC_505
2013;315;65-74;62;62;124;SEC_315
1996;119;18-24;137;135;272;SEC_119
2014;525;25-34;78;56;134;SEC_525
2007;244;16-17;7;3;10;SEC_244
2014;121;50-64;55;73;128;SEC_121
2008;502;00-02;31;21;52;SEC_502
2012;508;65-74;27;21;48;SEC_508
2014;403;12-15;19;15;34;SEC_403
2015;535;65-74;100;73;173;SEC_535
2001;520;25-34;64;75;139;SEC_520
2005;507;00-02;16;13;29;SEC_507
2009;620;12-15;5;9;14;SEC_620
2007;533;65-74;65;42;107;SEC_533
2003;130;50-64;74;60;134;SEC_130
2016;523;03-11;57;51;108;SEC_523
1996;423;25-34;82;80;162;SEC_423
2014;534;75 i +;68;49;117;SEC_534
2013;613;03-11;44;53;97;SEC_613
2004;421;16-17;6;5;11;SEC_421
2000;232;35-49;92;88;180;SEC_232
2015;623;18-24;36;46;82;SEC_623
1994;113;65-74;43;36;79;SEC_113
1994;621;65-74;33;21;54;SEC_621
2016;504;35-49;127;128;255;SEC_504
2005;423;65-74;69;70;139;SEC_423
2014;511;12-15;34;37;71;SEC_511
2012;111;00-02;10;5;15;SEC_111
2000;304;03-11;32;43;75;SEC_304
2013;521;00-02;15;10;25;SEC_521
1996;225;75 i +;25;25;50;SEC_225
1996;623;00-02;20;19;39;SEC_623
2010;249;65-74;56;34;90;SEC_249
2012;616;50-64;292;273;565;SEC_616
2009;512;00-02;13;16;29;SEC_512
2014;104;16-17;10;8;18;SEC_104
2000;611;65-74;81;76;157;SEC_611
1995;220;00-02;3;4;7;SEC_220
2015;320;35-49;198;190;388;SEC_320
1999;513;03-11;16;20;36;SEC_513
2015;624;16-17;4;6;10;SEC_624
2010;424;00-02;9;14;23;SEC_424
2000;313;50-64;156;161;317;SEC_313
2011;234;35-49;135;144;279;SEC_234
2012;531;12-15;12;21;33;SEC_531
1996;417;65-74;42;31;73;SEC_417
2012;223;03-11;46;57;103;SEC_223
2003;630;12-15;17;19;36;SEC_630
2010;228;65-74;47;29;76;SEC_228
1998;245;50-64;87;75;162;SEC_245
2005;315;25-34;163;191;354;SEC_315
2015;313;16-17;23;17;40;SEC_313
2008;221;00-02;10;14;24;SEC_221
2006;628;12-15;18;15;33;SEC_628
1998;441;35-49;257;252;509;SEC_441
2015;441;16-17;19;17;36;SEC_441
1999;322;00-02;20;11;31;SEC_322
2015;602;16-17;13;15;28;SEC_602
2000;248;25-34;92;109;201;SEC_248
1997;235;16-17;9;12;21;SEC_235
2011;114;65-74;120;100;220;SEC_114
2012;216;03-11;47;44;91;SEC_216
2012;528;16-17;12;11;23;SEC_528
2002;322;25-34;130;145;275;SEC_322
2005;206;03-11;23;26;49;SEC_206
1997;101;03-11;61;69;130;SEC_101
1995;535;12-15;29;42;71;SEC_535
2012;247;75 i +;83;43;126;SEC_247
2013;322;18-24;44;42;86;SEC_322
2007;413;35-49;68;94;162;SEC_413
1997;236;25-34;78;84;162;SEC_236
2005;209;35-49;120;122;242;SEC_209
2006;101;75 i +;40;32;72;SEC_101
2004;614;65-74;61;56;117;SEC_614
2013;132;35-49;226;260;486;SEC_132
2006;625;35-49;140;114;254;SEC_625
1995;136;00-02;15;8;23;SEC_136
2012;614;00-02;8;17;25;SEC_614
2016;409;12-15;25;28;53;SEC_409
2008;103;25-34;70;94;164;SEC_103
1998;306;25-34;112;107;219;SEC_306
2000;116;50-64;176;173;349;SEC_116
2012;609;65-74;74;76;150;SEC_609
2001;317;12-15;13;18;31;SEC_317
2002;536;25-34;72;82;154;SEC_536
2003;530;03-11;40;47;87;SEC_530
1999;233;50-64;73;68;141;SEC_233
2008;114;65-74;93;92;185;SEC_114
2007;124;75 i +;35;23;58;SEC_124
2003;307;65-74;67;56;123;SEC_307
2005;238;65-74;50;40;90;SEC_238
2013;423;65-74;52;41;93;SEC_423
2003;136;18-24;71;57;128;SEC_136
2005;428;03-11;23;22;45;SEC_428
2006;537;16-17;13;8;21;SEC_537
2009;512;75 i +;46;25;71;SEC_512
2013;116;65-74;112;99;211;SEC_116
2009;436;65-74;34;19;53;SEC_436
2012;205;00-02;13;9;22;SEC_205
2001;409;50-64;66;61;127;SEC_409
2003;302;18-24;59;65;124;SEC_302
2012;232;18-24;40;35;75;SEC_232
2012;514;50-64;52;56;108;SEC_514
2007;526;03-11;22;28;50;SEC_526
2001;408;75 i +;36;21;57;SEC_408
1995;132;75 i +;61;23;84;SEC_132
2001;430;16-17;9;11;20;SEC_430
2011;625;00-02;10;12;22;SEC_625
1994;602;75 i +;13;9;22;SEC_602
1994;426;35-49;78;90;168;SEC_426
2003;419;65-74;42;42;84;SEC_419
1995;604;12-15;15;22;37;SEC_604
2015;532;00-02;21;24;45;SEC_532
2005;441;65-74;87;76;163;SEC_441
2014;407;18-24;36;34;70;SEC_407
2007;601;25-34;118;127;245;SEC_601
1999;111;03-11;37;29;66;SEC_111
2015;422;25-34;93;104;197;SEC_422
1997;103;12-15;26;15;41;SEC_103
1998;319;00-02;5;9;14;SEC_319
2007;130;50-64;62;71;133;SEC_130
2004;320;50-64;102;97;199;SEC_320
2010;513;03-11;30;27;57;SEC_513
2010;619;65-74;107;92;199;SEC_619
2006;211;12-15;16;24;40;SEC_211
1996;111;03-11;50;37;87;SEC_111
2008;220;65-74;46;26;72;SEC_220
2007;245;18-24;31;44;75;SEC_245
2011;219;18-24;59;52;111;SEC_219
2012;614;65-74;80;72;152;SEC_614
2013;531;16-17;9;9;18;SEC_531
1997;407;12-15;12;21;33;SEC_407
2015;526;12-15;24;30;54;SEC_526
2010;224;35-49;83;97;180;SEC_224
2003;207;16-17;3;4;7;SEC_207
2012;411;65-74;72;59;131;SEC_411
2012;223;50-64;90;90;180;SEC_223
2015;128;25-34;70;78;148;SEC_128
2013;323;03-11;86;89;175;SEC_323
2003;319;35-49;157;152;309;SEC_319
2003;232;00-02;14;17;31;SEC_232
2006;619;65-74;104;95;199;SEC_619
2000;619;03-11;36;46;82;SEC_619
2014;619;65-74;91;74;165;SEC_619
2008;235;16-17;12;9;21;SEC_235
1996;130;03-11;25;27;52;SEC_130
2007;202;18-24;22;41;63;SEC_202
2000;405;00-02;16;12;28;SEC_405
2011;538;65-74;77;42;119;SEC_538
2016;533;03-11;91;89;180;SEC_533
1994;320;16-17;16;19;35;SEC_320
2003;406;03-11;40;43;83;SEC_406
2004;507;35-49;89;90;179;SEC_507
2000;424;50-64;66;56;122;SEC_424
1997;304;12-15;15;14;29;SEC_304
2009;533;25-34;122;145;267;SEC_533
2007;425;16-17;8;13;21;SEC_425
1997;520;35-49;93;76;169;SEC_520
2016;321;25-34;129;128;257;SEC_321
1995;419;25-34;75;79;154;SEC_419
2012;324;35-49;155;168;323;SEC_324
2012;508;18-24;26;20;46;SEC_508
2016;613;00-02;12;12;24;SEC_613
2002;537;18-24;66;68;134;SEC_537
2010;120;16-17;27;19;46;SEC_120
1999;508;25-34;41;60;101;SEC_508
2015;409;35-49;219;241;460;SEC_409
1994;416;35-49;48;48;96;SEC_416
2012;410;50-64;152;128;280;SEC_410
1994;138;35-49;119;116;235;SEC_138
1994;516;03-11;21;12;33;SEC_516
2002;236;12-15;18;16;34;SEC_236
2004;503;16-17;14;8;22;SEC_503
2010;526;12-15;8;18;26;SEC_526
2016;307;75 i +;91;65;156;SEC_307
2000;319;12-15;15;15;30;SEC_319
2010;133;03-11;44;34;78;SEC_133
1995;535;16-17;20;26;46;SEC_535
2005;413;75 i +;42;26;68;SEC_413
2007;238;50-64;70;69;139;SEC_238
1994;610;35-49;170;100;270;SEC_610
1995;439;50-64;117;118;235;SEC_439
2011;527;00-02;18;21;39;SEC_527
1995;129;00-02;17;5;22;SEC_129
2013;511;65-74;113;88;201;SEC_511
2006;425;16-17;8;7;15;SEC_425
2015;610;75 i +;74;69;143;SEC_610
2015;309;65-74;43;46;89;SEC_309
1998;302;03-11;50;48;98;SEC_302
2008;437;75 i +;41;24;65;SEC_437
1997;519;03-11;18;28;46;SEC_519
2009;217;25-34;72;97;169;SEC_217
2016;319;50-64;145;136;281;SEC_319
1994;621;00-02;19;23;42;SEC_621
2008;139;12-15;14;19;33;SEC_139
2006;521;03-11;25;34;59;SEC_521
1999;242;35-49;88;90;178;SEC_242
2008;131;18-24;50;56;106;SEC_131
2006;514;75 i +;30;18;48;SEC_514
2004;519;16-17;3;3;6;SEC_519
1999;324;16-17;10;9;19;SEC_324
2011;208;16-17;8;15;23;SEC_208
2009;435;50-64;79;78;157;SEC_435
2011;609;75 i +;33;29;62;SEC_609
2002;246;16-17;11;7;18;SEC_246
1998;520;00-02;7;11;18;SEC_520
2011;108;50-64;149;125;274;SEC_108
1999;435;12-15;16;27;43;SEC_435
2001;109;03-11;37;39;76;SEC_109
2012;123;50-64;128;119;247;SEC_123
2010;412;50-64;177;149;326;SEC_412
2010;236;65-74;67;48;115;SEC_236
2009;609;16-17;4;7;11;SEC_609
1996;407;25-34;95;112;207;SEC_407
2011;130;50-64;62;63;125;SEC_130
2011;307;18-24;30;48;78;SEC_307
2004;217;35-49;78;89;167;SEC_217
2008;115;65-74;59;42;101;SEC_115
2013;122;50-64;55;44;99;SEC_122
2016;321;65-74;167;150;317;SEC_321
1996;205;03-11;33;37;70;SEC_205
2007;412;35-49;171;174;345;SEC_412
2008;504;35-49;93;117;210;SEC_504
1994;235;18-24;90;66;156;SEC_235
1997;419;35-49;49;71;120;SEC_419
2002;221;65-74;77;65;142;SEC_221
2000;611;18-24;78;75;153;SEC_611
2006;233;12-15;12;13;25;SEC_233
1999;517;18-24;41;61;102;SEC_517
1994;307;12-15;58;54;112;SEC_307
2008;223;50-64;106;87;193;SEC_223
2003;226;12-15;15;20;35;SEC_226
2003;501;12-15;15;14;29;SEC_501
1994;520;00-02;7;7;14;SEC_520
1997;409;12-15;20;15;35;SEC_409
2009;305;18-24;86;78;164;SEC_305
2006;246;25-34;129;138;267;SEC_246
2013;223;03-11;49;57;106;SEC_223
1996;110;16-17;24;31;55;SEC_110
2002;217;03-11;21;19;40;SEC_217
2013;120;75 i +;68;40;108;SEC_120
1995;118;16-17;51;46;97;SEC_118
2004;209;75 i +;86;53;139;SEC_209
2002;535;75 i +;41;28;69;SEC_535
1998;243;65-74;102;87;189;SEC_243
2002;509;65-74;43;37;80;SEC_509
2002;217;35-49;66;77;143;SEC_217
1996;440;16-17;20;18;38;SEC_440
1999;130;75 i +;61;37;98;SEC_130
2005;531;03-11;32;46;78;SEC_531
1995;501;03-11;32;42;74;SEC_501
2010;538;12-15;19;25;44;SEC_538
2003;222;12-15;20;15;35;SEC_222
2010;203;03-11;26;47;73;SEC_203
1998;218;03-11;17;24;41;SEC_218
2011;205;00-02;10;8;18;SEC_205
2007;632;25-34;80;93;173;SEC_632
2009;112;03-11;61;56;117;SEC_112
2009;606;65-74;73;59;132;SEC_606
2008;225;03-11;9;16;25;SEC_225
2016;309;25-34;88;82;170;SEC_309
2003;517;75 i +;47;26;73;SEC_517
1999;505;16-17;15;15;30;SEC_505
1998;315;25-34;125;123;248;SEC_315
2003;407;00-02;14;15;29;SEC_407
1996;427;12-15;13;12;25;SEC_427
2007;439;50-64;60;58;118;SEC_439
2007;523;16-17;14;13;27;SEC_523
2012;437;18-24;32;44;76;SEC_437
2005;307;50-64;215;187;402;SEC_307
2014;123;16-17;9;16;25;SEC_123
1997;619;65-74;69;56;125;SEC_619
2008;428;16-17;4;8;12;SEC_428
2016;627;50-64;115;78;193;SEC_627
2002;406;75 i +;49;38;87;SEC_406
2003;514;12-15;15;8;23;SEC_514
2007;626;75 i +;44;39;83;SEC_626
2001;304;18-24;48;48;96;SEC_304
1997;105;16-17;31;25;56;SEC_105
2000;120;25-34;151;129;280;SEC_120
2012;308;35-49;266;238;504;SEC_308
2016;318;16-17;8;6;14;SEC_318
2016;204;25-34;133;117;250;SEC_204
2016;313;75 i +;96;69;165;SEC_313
2012;537;12-15;13;23;36;SEC_537
2012;223;75 i +;63;46;109;SEC_223
2005;206;00-02;7;17;24;SEC_206
2004;243;65-74;104;83;187;SEC_243
2012;125;12-15;27;30;57;SEC_125
2005;101;65-74;50;48;98;SEC_101
1996;301;75 i +;78;27;105;SEC_301
2006;211;75 i +;89;44;133;SEC_211
2011;322;12-15;28;29;57;SEC_322
2008;202;00-02;13;19;32;SEC_202
2000;506;35-49;222;187;409;SEC_506
2012;506;35-49;166;183;349;SEC_506
1994;324;03-11;48;34;82;SEC_324
1997;316;16-17;49;58;107;SEC_316
1994;243;03-11;51;42;93;SEC_243
2009;323;35-49;328;344;672;SEC_323
2004;537;18-24;58;66;124;SEC_537
1996;238;75 i +;52;25;77;SEC_238
1998;234;65-74;86;55;141;SEC_234
2001;114;16-17;20;17;37;SEC_114
2013;533;65-74;105;63;168;SEC_533
2004;619;00-02;11;17;28;SEC_619
2014;501;12-15;28;23;51;SEC_501
1996;132;65-74;64;59;123;SEC_132
2009;325;75 i +;174;94;268;SEC_325
2015;124;50-64;88;71;159;SEC_124
1995;129;50-64;108;120;228;SEC_129
2015;324;18-24;31;34;65;SEC_324
2004;509;35-49;92;99;191;SEC_509
2007;323;16-17;31;24;55;SEC_323
2012;619;50-64;144;129;273;SEC_619
2015;320;03-11;11;7;18;SEC_320
2010;524;00-02;25;28;53;SEC_524
1994;317;25-34;65;71;136;SEC_317
2006;317;00-02;18;17;35;SEC_317
1998;521;12-15;24;20;44;SEC_521
1996;130;16-17;7;6;13;SEC_130
2012;503;25-34;47;58;105;SEC_503
1997;205;75 i +;29;16;45;SEC_205
2002;411;35-49;90;89;179;SEC_411
2015;231;18-24;39;49;88;SEC_231
2006;426;35-49;126;120;246;SEC_426
2007;405;18-24;33;28;61;SEC_405
2015;220;35-49;226;206;432;SEC_220
2007;114;75 i +;74;45;119;SEC_114
1995;204;50-64;58;55;113;SEC_204
1998;314;25-34;174;175;349;SEC_314
1999;101;03-11;58;62;120;SEC_101
2005;402;00-02;12;12;24;SEC_402
2016;505;35-49;135;128;263;SEC_505
2005;223;16-17;7;7;14;SEC_223
1997;420;00-02;17;6;23;SEC_420
1996;323;00-02;37;39;76;SEC_323
1994;521;18-24;134;125;259;SEC_521
2015;239;12-15;17;17;34;SEC_239
2002;515;16-17;5;5;10;SEC_515
2006;117;16-17;22;12;34;SEC_117
1999;232;16-17;9;11;20;SEC_232
2002;112;50-64;150;156;306;SEC_112
2014;301;25-34;162;166;328;SEC_301
1998;532;16-17;10;15;25;SEC_532
2014;307;18-24;29;39;68;SEC_307
2007;249;50-64;90;82;172;SEC_249
2000;629;75 i +;24;7;31;SEC_629
1998;110;16-17;16;14;30;SEC_110
2008;136;65-74;64;43;107;SEC_136
2002;529;25-34;115;124;239;SEC_529
2010;533;50-64;57;59;116;SEC_533
1994;602;25-34;63;60;123;SEC_602
2007;247;50-64;103;100;203;SEC_247
2004;206;50-64;65;61;126;SEC_206
2014;126;65-74;87;82;169;SEC_126
1996;312;00-02;11;14;25;SEC_312
2012;506;03-11;58;79;137;SEC_506
2010;122;65-74;76;60;136;SEC_122
1997;301;00-02;21;26;47;SEC_301
1996;202;50-64;78;77;155;SEC_202
2010;104;00-02;10;12;22;SEC_104
2009;233;75 i +;50;26;76;SEC_233
2007;309;75 i +;33;18;51;SEC_309
2011;132;65-74;97;102;199;SEC_132
2014;514;65-74;58;34;92;SEC_514
2005;302;03-11;36;49;85;SEC_302
2010;438;03-11;30;34;64;SEC_438
2014;441;00-02;22;21;43;SEC_441
2004;130;65-74;93;69;162;SEC_130
1999;232;03-11;31;26;57;SEC_232
2008;243;50-64;120;108;228;SEC_243
2011;318;03-11;24;37;61;SEC_318
1997;129;12-15;30;24;54;SEC_129
1999;246;65-74;75;58;133;SEC_246
2004;412;35-49;172;179;351;SEC_412
2013;504;25-34;68;60;128;SEC_504
2009;308;75 i +;93;46;139;SEC_308
2003;301;00-02;36;36;72;SEC_301
2003;607;12-15;17;12;29;SEC_607
2008;418;65-74;76;65;141;SEC_418
2010;107;75 i +;94;47;141;SEC_107
1997;419;18-24;44;54;98;SEC_419
2005;321;12-15;38;52;90;SEC_321
1999;208;75 i +;123;67;190;SEC_208
2006;601;00-02;14;21;35;SEC_601
2014;523;00-02;22;16;38;SEC_523
1995;220;35-49;70;61;131;SEC_220
2005;320;75 i +;31;13;44;SEC_320
1996;515;12-15;13;5;18;SEC_515
2000;409;50-64;71;65;136;SEC_409
1998;323;75 i +;43;13;56;SEC_323
2000;623;16-17;15;19;34;SEC_623
2016;403;12-15;21;9;30;SEC_403
2015;114;00-02;11;14;25;SEC_114
2006;305;03-11;63;47;110;SEC_305
2004;122;00-02;13;13;26;SEC_122
2016;107;50-64;161;125;286;SEC_107
2009;315;12-15;25;24;49;SEC_315
2004;421;03-11;33;41;74;SEC_421
2015;237;35-49;178;188;366;SEC_237
2016;617;12-15;14;20;34;SEC_617
2011;403;18-24;36;39;75;SEC_403
2015;521;16-17;4;9;13;SEC_521
2012;313;35-49;235;216;451;SEC_313
2015;537;16-17;10;17;27;SEC_537
2010;510;00-02;18;12;30;SEC_510
2011;433;03-11;60;63;123;SEC_433
2011;629;03-11;27;12;39;SEC_629
1999;622;18-24;72;60;132;SEC_622
2006;409;50-64;55;64;119;SEC_409
2005;302;50-64;195;177;372;SEC_302
1994;509;03-11;29;27;56;SEC_509
2010;318;25-34;60;50;110;SEC_318
2003;104;18-24;21;28;49;SEC_104
2005;249;03-11;37;38;75;SEC_249
2001;439;75 i +;40;25;65;SEC_439
2015;106;00-02;20;30;50;SEC_106
1999;107;03-11;50;52;102;SEC_107
2002;623;16-17;17;13;30;SEC_623
2004;611;35-49;166;198;364;SEC_611
2006;519;03-11;30;34;64;SEC_519
1999;135;50-64;135;157;292;SEC_135
2009;435;18-24;64;55;119;SEC_435
2006;432;18-24;48;64;112;SEC_432
1995;525;00-02;12;2;14;SEC_525
2015;508;25-34;105;115;220;SEC_508
1999;311;50-64;141;117;258;SEC_311
2004;416;65-74;54;53;107;SEC_416
1994;520;03-11;32;35;67;SEC_520
2011;216;35-49;142;135;277;SEC_216
2009;508;03-11;27;22;49;SEC_508
2003;211;12-15;21;16;37;SEC_211
1996;414;35-49;84;70;154;SEC_414
2002;309;12-15;12;16;28;SEC_309
2011;615;16-17;5;6;11;SEC_615
2012;309;03-11;51;66;117;SEC_309
2011;602;75 i +;30;29;59;SEC_602
2008;433;16-17;9;11;20;SEC_433
2007;321;75 i +;110;57;167;SEC_321
1995;414;25-34;74;72;146;SEC_414
2007;249;00-02;25;18;43;SEC_249
2014;216;50-64;120;100;220;SEC_216
1996;124;16-17;13;9;22;SEC_124
1998;504;18-24;81;106;187;SEC_504
2014;321;25-34;145;135;280;SEC_321
2012;521;03-11;31;39;70;SEC_521
2009;136;25-34;115;109;224;SEC_136
2006;502;18-24;74;68;142;SEC_502
1996;412;65-74;68;75;143;SEC_412
2015;617;03-11;31;51;82;SEC_617
2004;210;35-49;72;84;156;SEC_210
2002;117;65-74;67;58;125;SEC_117
2005;112;16-17;12;12;24;SEC_112
2010;511;16-17;6;13;19;SEC_511
1997;323;12-15;83;84;167;SEC_323
2013;205;65-74;50;36;86;SEC_205
1999;118;65-74;41;37;78;SEC_118
1999;311;03-11;34;41;75;SEC_311
2014;208;16-17;9;12;21;SEC_208
1996;538;03-11;24;35;59;SEC_538
1994;422;18-24;59;48;107;SEC_422
2007;238;12-15;16;14;30;SEC_238
2004;232;00-02;10;16;26;SEC_232
2008;612;18-24;29;37;66;SEC_612
2005;227;65-74;43;29;72;SEC_227
2008;619;35-49;131;149;280;SEC_619
1999;306;65-74;105;79;184;SEC_306
2007;426;00-02;17;23;40;SEC_426
2016;511;03-11;84;104;188;SEC_511
2007;108;35-49;161;149;310;SEC_108
2002;408;16-17;6;4;10;SEC_408
2011;207;00-02;12;13;25;SEC_207
2005;235;00-02;29;21;50;SEC_235
2011;229;65-74;34;26;60;SEC_229
2013;220;35-49;240;237;477;SEC_220
1998;214;35-49;49;52;101;SEC_214
1994;104;18-24;54;54;108;SEC_104
2005;222;65-74;41;40;81;SEC_222
2012;124;00-02;9;8;17;SEC_124
1995;534;35-49;83;84;167;SEC_534
2006;609;35-49;81;76;157;SEC_609
2005;532;35-49;154;149;303;SEC_532
2009;207;65-74;34;29;63;SEC_207
2005;418;25-34;117;148;265;SEC_418
2000;130;03-11;39;39;78;SEC_130
2016;310;18-24;25;29;54;SEC_310
1999;209;75 i +;88;46;134;SEC_209
2014;422;12-15;19;20;39;SEC_422
2001;114;12-15;19;15;34;SEC_114
2003;216;25-34;106;113;219;SEC_216
1997;418;00-02;12;14;26;SEC_418
2008;210;35-49;96;91;187;SEC_210
2002;312;35-49;165;202;367;SEC_312
2007;324;16-17;5;6;11;SEC_324
2016;106;18-24;41;45;86;SEC_106
2010;125;25-34;117;155;272;SEC_125
2000;121;65-74;97;78;175;SEC_121
2008;535;00-02;10;9;19;SEC_535
2008;211;50-64;84;80;164;SEC_211
1996;631;03-11;44;28;72;SEC_631
1998;607;03-11;32;32;64;SEC_607
1995;119;65-74;63;54;117;SEC_119
2016;242;18-24;50;30;80;SEC_242
2013;240;75 i +;125;75;200;SEC_240
2007;131;16-17;10;6;16;SEC_131
2004;310;16-17;6;11;17;SEC_310
2002;207;25-34;45;48;93;SEC_207
2005;130;25-34;98;97;195;SEC_130
2008;434;75 i +;57;28;85;SEC_434
2001;209;35-49;90;104;194;SEC_209
2016;116;03-11;60;46;106;SEC_116
2014;506;03-11;48;70;118;SEC_506
2006;624;16-17;8;7;15;SEC_624
2012;401;25-34;70;89;159;SEC_401
1994;316;25-34;108;65;173;SEC_316
2001;517;18-24;49;63;112;SEC_517
1994;511;00-02;5;8;13;SEC_511
2009;512;03-11;29;50;79;SEC_512
1998;432;50-64;139;149;288;SEC_432
2007;537;16-17;21;9;30;SEC_537
2015;103;35-49;105;122;227;SEC_103
2003;226;65-74;74;52;126;SEC_226
2009;308;50-64;202;189;391;SEC_308
1997;440;00-02;8;8;16;SEC_440
2000;319;03-11;18;28;46;SEC_319
2008;313;03-11;89;91;180;SEC_313
2004;632;03-11;42;38;80;SEC_632
2007;623;16-17;3;16;19;SEC_623
2015;248;16-17;6;10;16;SEC_248
2016;106;75 i +;69;40;109;SEC_106
2012;213;65-74;44;39;83;SEC_213
2004;613;03-11;39;35;74;SEC_613
2012;515;03-11;26;26;52;SEC_515
2001;237;75 i +;70;38;108;SEC_237
1997;312;00-02;9;15;24;SEC_312
2005;518;18-24;52;52;104;SEC_518
2001;319;00-02;11;13;24;SEC_319
1999;224;03-11;17;19;36;SEC_224
2016;426;18-24;48;39;87;SEC_426
2005;424;50-64;60;50;110;SEC_424
2016;621;18-24;52;41;93;SEC_621
2015;322;50-64;114;94;208;SEC_322
2012;538;00-02;17;16;33;SEC_538
2015;136;16-17;10;13;23;SEC_136
2003;202;75 i +;32;23;55;SEC_202
2007;132;00-02;33;21;54;SEC_132
2001;515;25-34;44;68;112;SEC_515
2012;129;18-24;40;45;85;SEC_129
1996;625;16-17;32;42;74;SEC_625
1999;323;00-02;51;37;88;SEC_323
1994;429;25-34;33;40;73;SEC_429
2009;249;50-64;89;76;165;SEC_249
2009;229;12-15;18;19;37;SEC_229
2006;219;25-34;121;143;264;SEC_219
2000;223;03-11;43;43;86;SEC_223
2015;135;16-17;15;12;27;SEC_135
2008;403;35-49;111;130;241;SEC_403
2012;107;75 i +;104;51;155;SEC_107
1995;230;03-11;22;26;48;SEC_230
1995;317;12-15;12;20;32;SEC_317
1995;612;75 i +;28;10;38;SEC_612
2004;238;12-15;12;11;23;SEC_238
2008;201;25-34;88;96;184;SEC_201
2004;126;16-17;8;8;16;SEC_126
2000;513;12-15;7;12;19;SEC_513
2013;130;65-74;60;33;93;SEC_130
2007;406;35-49;155;169;324;SEC_406
2004;618;12-15;9;13;22;SEC_618
2012;403;50-64;108;95;203;SEC_403
2000;430;35-49;73;87;160;SEC_430
2010;530;12-15;22;27;49;SEC_530
2008;406;65-74;82;57;139;SEC_406
2007;223;75 i +;62;40;102;SEC_223
2000;531;25-34;89;87;176;SEC_531
1994;207;18-24;37;33;70;SEC_207
1994;420;25-34;111;131;242;SEC_420
2008;317;65-74;32;32;64;SEC_317
2012;101;25-34;104;80;184;SEC_101
2014;508;75 i +;71;41;112;SEC_508
2015;245;65-74;50;27;77;SEC_245
2009;617;65-74;69;41;110;SEC_617
2001;217;35-49;69;70;139;SEC_217
2006;220;35-49;108;112;220;SEC_220
2008;205;50-64;96;82;178;SEC_205
2010;504;65-74;94;83;177;SEC_504
2011;402;00-02;13;13;26;SEC_402
2012;418;35-49;162;173;335;SEC_418
2006;427;03-11;35;46;81;SEC_427
1999;414;35-49;79;82;161;SEC_414
2015;231;16-17;11;10;21;SEC_231
2010;628;18-24;35;33;68;SEC_628
2012;134;03-11;53;63;116;SEC_134
1997;402;35-49;75;66;141;SEC_402
1995;414;12-15;15;24;39;SEC_414
2005;122;03-11;31;29;60;SEC_122
2006;507;16-17;10;9;19;SEC_507
1997;123;03-11;39;46;85;SEC_123
2008;321;65-74;87;92;179;SEC_321
1995;418;12-15;21;26;47;SEC_418
2010;442;12-15;17;18;35;SEC_442
1994;226;12-15;31;25;56;SEC_226
2009;104;75 i +;84;43;127;SEC_104
2010;129;18-24;38;36;74;SEC_129
2015;137;50-64;150;133;283;SEC_137
2013;115;50-64;128;114;242;SEC_115
2016;136;12-15;21;23;44;SEC_136
2009;522;18-24;61;45;106;SEC_522
2008;442;75 i +;32;19;51;SEC_442
1996;433;50-64;84;89;173;SEC_433
1994;521;00-02;4;6;10;SEC_521
1995;428;18-24;29;26;55;SEC_428
1999;236;35-49;86;85;171;SEC_236
2008;130;75 i +;78;50;128;SEC_130
2010;137;00-02;28;25;53;SEC_137
2000;220;65-74;69;56;125;SEC_220
2011;201;65-74;50;36;86;SEC_201
2007;605;35-49;68;66;134;SEC_605
2006;437;12-15;16;21;37;SEC_437
1998;615;18-24;75;86;161;SEC_615
1996;424;16-17;6;12;18;SEC_424
1998;530;75 i +;64;28;92;SEC_530
1996;138;18-24;54;53;107;SEC_138
2015;104;75 i +;85;41;126;SEC_104
1995;306;25-34;120;130;250;SEC_306
1995;421;35-49;95;81;176;SEC_421
2011;132;03-11;98;71;169;SEC_132
1996;135;50-64;129;139;268;SEC_135
2000;110;12-15;27;20;47;SEC_110
1997;304;50-64;114;108;222;SEC_304
2001;422;16-17;4;11;15;SEC_422
2000;115;65-74;80;52;132;SEC_115
1996;232;18-24;50;53;103;SEC_232
2012;631;00-02;20;15;35;SEC_631
2000;319;18-24;44;51;95;SEC_319
1995;623;75 i +;45;23;68;SEC_623
2012;227;18-24;13;18;31;SEC_227
2005;304;03-11;49;49;98;SEC_304
2001;405;50-64;104;79;183;SEC_405
2016;112;03-11;65;66;131;SEC_112
2012;423;65-74;47;47;94;SEC_423
1994;321;75 i +;56;37;93;SEC_321
2002;235;25-34;140;122;262;SEC_235
2014;116;65-74;128;100;228;SEC_116
2002;304;35-49;120;148;268;SEC_304
2016;505;16-17;5;4;9;SEC_505
2001;406;18-24;74;77;151;SEC_406
2001;414;00-02;13;6;19;SEC_414
1999;610;18-24;85;83;168;SEC_610
2006;429;18-24;24;32;56;SEC_429
2008;306;35-49;191;207;398;SEC_306
2004;411;25-34;74;73;147;SEC_411
2013;626;16-17;11;12;23;SEC_626
1994;130;12-15;17;13;30;SEC_130
2013;436;65-74;65;55;120;SEC_436
1996;311;18-24;87;87;174;SEC_311
2008;526;18-24;25;44;69;SEC_526
2016;315;18-24;54;63;117;SEC_315
2016;321;03-11;65;71;136;SEC_321
2013;627;00-02;5;18;23;SEC_627
1999;604;16-17;8;4;12;SEC_604
2003;402;75 i +;39;27;66;SEC_402
1998;103;25-34;58;60;118;SEC_103
2007;537;12-15;28;24;52;SEC_537
1997;102;50-64;195;210;405;SEC_102
1994;213;00-02;4;8;12;SEC_213
2014;119;16-17;12;9;21;SEC_119
2006;608;50-64;84;67;151;SEC_608
1995;301;50-64;219;214;433;SEC_301
1995;223;00-02;16;10;26;SEC_223
2016;118;65-74;131;133;264;SEC_118
1997;512;25-34;71;79;150;SEC_512
2010;234;25-34;114;88;202;SEC_234
2013;311;25-34;112;121;233;SEC_311
2005;537;50-64;143;112;255;SEC_537
2008;107;75 i +;75;44;119;SEC_107
2009;227;16-17;7;3;10;SEC_227
2005;508;65-74;37;31;68;SEC_508
1996;610;18-24;118;137;255;SEC_610
1994;504;18-24;106;123;229;SEC_504
2009;134;03-11;53;58;111;SEC_134
2005;608;50-64;81;67;148;SEC_608
2012;514;25-34;60;57;117;SEC_514
1998;433;25-34;105;110;215;SEC_433
2012;434;03-11;31;38;69;SEC_434
2000;411;12-15;12;8;20;SEC_411
2002;513;12-15;8;11;19;SEC_513
2013;514;12-15;33;35;68;SEC_514
1995;613;35-49;130;79;209;SEC_613
1998;130;50-64;114;92;206;SEC_130
2012;120;00-02;23;20;43;SEC_120
2011;228;35-49;102;108;210;SEC_228
2003;608;65-74;66;53;119;SEC_608
1999;107;16-17;22;21;43;SEC_107
2007;435;50-64;84;65;149;SEC_435
2003;313;65-74;85;77;162;SEC_313
2010;503;00-02;8;10;18;SEC_503
1994;632;35-49;115;110;225;SEC_632
2003;203;35-49;92;112;204;SEC_203
2015;440;50-64;71;84;155;SEC_440
2015;440;03-11;38;51;89;SEC_440
2004;536;12-15;15;10;25;SEC_536
1998;232;35-49;80;68;148;SEC_232
1994;243;18-24;80;74;154;SEC_243
1995;429;65-74;45;36;81;SEC_429
2001;318;65-74;22;23;45;SEC_318
1996;205;35-49;104;102;206;SEC_205
1998;620;03-11;20;26;46;SEC_620
1996;441;16-17;39;30;69;SEC_441
2005;249;75 i +;63;45;108;SEC_249
2010;230;25-34;105;105;210;SEC_230
2010;436;50-64;44;62;106;SEC_436
2004;419;12-15;13;13;26;SEC_419
1994;418;18-24;78;76;154;SEC_418
2008;111;25-34;79;62;141;SEC_111
2002;627;00-02;13;9;22;SEC_627
2009;439;65-74;61;47;108;SEC_439
2002;419;25-34;99;102;201;SEC_419
2010;248;25-34;102;111;213;SEC_248
2001;109;00-02;14;15;29;SEC_109
2000;607;12-15;12;19;31;SEC_607
2008;425;65-74;57;46;103;SEC_425
2006;123;50-64;117;109;226;SEC_123
2010;607;12-15;17;16;33;SEC_607
2015;626;16-17;11;5;16;SEC_626
1999;226;00-02;7;6;13;SEC_226
1999;505;25-34;136;149;285;SEC_505
2010;308;35-49;277;245;522;SEC_308
1998;428;50-64;42;38;80;SEC_428
2006;216;12-15;22;17;39;SEC_216
1996;401;75 i +;27;13;40;SEC_401
2016;137;18-24;49;49;98;SEC_137
2001;411;75 i +;52;35;87;SEC_411
2007;431;00-02;16;25;41;SEC_431
2013;530;65-74;61;58;119;SEC_530
2007;133;75 i +;52;39;91;SEC_133
2010;128;25-34;97;102;199;SEC_128
2000;319;25-34;61;55;116;SEC_319
2010;530;00-02;22;33;55;SEC_530
2007;314;25-34;197;230;427;SEC_314
1998;123;00-02;10;15;25;SEC_123
1999;626;16-17;5;5;10;SEC_626
2014;422;18-24;50;40;90;SEC_422
2012;207;00-02;10;9;19;SEC_207
2009;129;75 i +;58;36;94;SEC_129
2013;507;35-49;97;117;214;SEC_507
2000;215;25-34;58;68;126;SEC_215
1994;118;03-11;107;101;208;SEC_118
1997;530;16-17;8;19;27;SEC_530
2010;316;12-15;27;36;63;SEC_316
2013;135;50-64;159;137;296;SEC_135
2003;303;50-64;182;130;312;SEC_303
2008;630;12-15;8;11;19;SEC_630
2013;520;50-64;85;55;140;SEC_520
2002;132;50-64;182;207;389;SEC_132
1994;235;25-34;128;123;251;SEC_235
2003;307;12-15;18;36;54;SEC_307
1999;603;16-17;6;5;11;SEC_603
2003;434;75 i +;60;25;85;SEC_434
2009;616;35-49;330;338;668;SEC_616
2004;530;03-11;43;53;96;SEC_530
2010;236;16-17;13;6;19;SEC_236
2006;402;03-11;33;30;63;SEC_402
2003;205;25-34;59;79;138;SEC_205
1997;204;25-34;45;39;84;SEC_204
1994;233;35-49;60;61;121;SEC_233
2014;614;16-17;3;9;12;SEC_614
1996;209;35-49;79;88;167;SEC_209
2006;321;35-49;266;256;522;SEC_321
2003;232;75 i +;64;36;100;SEC_232
2010;429;50-64;63;64;127;SEC_429
1995;511;65-74;52;46;98;SEC_511
1999;324;50-64;71;75;146;SEC_324
2002;138;25-34;65;60;125;SEC_138
2011;521;50-64;130;96;226;SEC_521
1995;424;18-24;36;55;91;SEC_424
2005;130;16-17;7;11;18;SEC_130
1997;309;65-74;27;27;54;SEC_309
2008;506;65-74;96;108;204;SEC_506
2015;211;65-74;46;40;86;SEC_211
2002;407;03-11;28;26;54;SEC_407
1995;601;12-15;49;57;106;SEC_601
2003;533;65-74;71;63;134;SEC_533
2005;222;35-49;101;125;226;SEC_222
2009;102;16-17;14;17;31;SEC_102
2002;609;12-15;9;10;19;SEC_609
2012;228;75 i +;45;33;78;SEC_228
2006;105;00-02;24;17;41;SEC_105
1997;309;03-11;27;27;54;SEC_309
1994;406;18-24;83;84;167;SEC_406
1999;406;75 i +;53;31;84;SEC_406
1994;137;25-34;103;101;204;SEC_137
2009;137;00-02;30;19;49;SEC_137
2007;102;16-17;7;12;19;SEC_102
2013;437;00-02;22;20;42;SEC_437
2013;112;25-34;108;86;194;SEC_112
1994;511;50-64;89;85;174;SEC_511
2011;133;00-02;17;11;28;SEC_133
1995;135;75 i +;36;18;54;SEC_135
2001;601;16-17;13;8;21;SEC_601
2013;216;00-02;15;12;27;SEC_216
1999;437;00-02;16;3;19;SEC_437
2005;244;18-24;23;20;43;SEC_244
2002;407;18-24;42;45;87;SEC_407
2016;625;03-11;32;36;68;SEC_625
2003;309;35-49;104;85;189;SEC_309
2004;631;35-49;89;91;180;SEC_631
2016;103;16-17;6;11;17;SEC_103
2011;110;18-24;38;36;74;SEC_110
2014;210;75 i +;96;41;137;SEC_210
2009;538;00-02;18;22;40;SEC_538
1995;308;50-64;142;134;276;SEC_308
1998;212;65-74;76;68;144;SEC_212
2008;503;12-15;14;19;33;SEC_503
2003;538;16-17;10;8;18;SEC_538
2005;316;16-17;34;33;67;SEC_316
1999;414;65-74;66;66;132;SEC_414
2008;614;35-49;97;108;205;SEC_614
2001;207;65-74;47;35;82;SEC_207
2014;110;03-11;45;37;82;SEC_110
2003;320;18-24;28;31;59;SEC_320
1995;139;03-11;23;47;70;SEC_139
1996;604;16-17;13;19;32;SEC_604
2000;130;65-74;90;80;170;SEC_130
2013;430;50-64;65;79;144;SEC_430
2013;421;25-34;83;81;164;SEC_421
2011;508;50-64;46;38;84;SEC_508
2015;414;65-74;60;49;109;SEC_414
2010;505;03-11;34;34;68;SEC_505
2010;235;16-17;13;7;20;SEC_235
2004;236;03-11;40;27;67;SEC_236
1994;315;18-24;88;79;167;SEC_315
1997;438;00-02;9;5;14;SEC_438
2011;304;00-02;44;55;99;SEC_304
2007;614;75 i +;46;31;77;SEC_614
2012;416;00-02;9;18;27;SEC_416
2007;516;12-15;11;19;30;SEC_516
2016;110;25-34;55;60;115;SEC_110
2001;139;35-49;88;101;189;SEC_139
1995;313;03-11;91;90;181;SEC_313
2012;617;12-15;15;17;32;SEC_617
1996;439;16-17;9;6;15;SEC_439
1996;511;03-11;10;20;30;SEC_511
2012;117;25-34;145;148;293;SEC_117
2006;506;03-11;67;63;130;SEC_506
2016;416;25-34;119;101;220;SEC_416
2005;402;65-74;54;58;112;SEC_402
2011;128;25-34;82;95;177;SEC_128
2011;602;00-02;5;7;12;SEC_602
1998;521;25-34;81;92;173;SEC_521
1997;217;75 i +;46;16;62;SEC_217
2000;115;18-24;71;80;151;SEC_115
1998;430;00-02;9;10;19;SEC_430
2011;630;35-49;76;97;173;SEC_630
2011;237;00-02;24;32;56;SEC_237
2015;501;25-34;45;43;88;SEC_501
2002;533;18-24;40;45;85;SEC_533
1995;439;75 i +;40;21;61;SEC_439
1995;518;18-24;67;82;149;SEC_518
1998;437;12-15;18;18;36;SEC_437
2009;532;03-11;52;49;101;SEC_532
2004;627;75 i +;35;16;51;SEC_627
1999;119;16-17;17;12;29;SEC_119
2010;314;75 i +;85;46;131;SEC_314
2013;126;12-15;21;18;39;SEC_126
2016;525;65-74;41;34;75;SEC_525
2007;104;50-64;75;54;129;SEC_104
2002;210;00-02;6;7;13;SEC_210
2011;538;50-64;99;84;183;SEC_538
1995;615;03-11;25;22;47;SEC_615
2007;237;75 i +;79;39;118;SEC_237
2015;224;35-49;149;154;303;SEC_224
2006;234;35-49;105;110;215;SEC_234
2015;247;50-64;127;110;237;SEC_247
2014;433;00-02;40;25;65;SEC_433
2003;516;25-34;74;64;138;SEC_516
1994;527;25-34;79;95;174;SEC_527
2015;319;03-11;92;121;213;SEC_319
2010;407;75 i +;87;55;142;SEC_407
2015;618;50-64;110;96;206;SEC_618
2002;531;18-24;36;47;83;SEC_531
2011;631;16-17;8;7;15;SEC_631
2000;504;75 i +;56;37;93;SEC_504
2000;512;65-74;44;37;81;SEC_512
2006;434;75 i +;58;26;84;SEC_434
2002;531;12-15;15;7;22;SEC_531
2003;303;25-34;161;182;343;SEC_303
2012;224;35-49;82;86;168;SEC_224
1999;406;65-74;68;78;146;SEC_406
2015;504;75 i +;95;79;174;SEC_504
1998;241;16-17;4;5;9;SEC_241
2001;214;35-49;53;60;113;SEC_214
1999;222;65-74;47;41;88;SEC_222
2006;111;18-24;32;30;62;SEC_111
2003;533;18-24;38;49;87;SEC_533
2002;208;75 i +;126;77;203;SEC_208
2007;431;65-74;75;56;131;SEC_431
2013;318;25-34;49;50;99;SEC_318
1996;230;00-02;6;10;16;SEC_230
2014;323;75 i +;62;22;84;SEC_323
1997;630;65-74;31;18;49;SEC_630
2001;414;65-74;70;57;127;SEC_414
2015;502;18-24;52;41;93;SEC_502
2014;609;18-24;22;28;50;SEC_609
2011;247;16-17;10;11;21;SEC_247
2009;304;03-11;101;104;205;SEC_304
1997;239;18-24;47;55;102;SEC_239
1999;239;18-24;47;52;99;SEC_239
2004;201;25-34;51;58;109;SEC_201
2016;119;25-34;70;62;132;SEC_119
2005;221;00-02;6;10;16;SEC_221
2010;306;00-02;32;20;52;SEC_306
2005;104;35-49;93;112;205;SEC_104
2013;406;03-11;52;61;113;SEC_406
2013;432;18-24;31;40;71;SEC_432
2007;139;25-34;97;123;220;SEC_139
2004;409;12-15;8;11;19;SEC_409
2005;519;35-49;73;89;162;SEC_519
1996;606;50-64;133;119;252;SEC_606
2011;323;16-17;30;30;60;SEC_323
2011;203;18-24;36;31;67;SEC_203
2003;417;25-34;55;71;126;SEC_417
2010;517;18-24;63;68;131;SEC_517
2005;508;25-34;69;65;134;SEC_508
2011;114;16-17;11;13;24;SEC_114
2001;243;25-34;134;136;270;SEC_243
2010;240;03-11;30;23;53;SEC_240
2000;432;25-34;90;86;176;SEC_432
2003;126;00-02;15;12;27;SEC_126
2004;525;50-64;81;70;151;SEC_525
1996;132;18-24;142;154;296;SEC_132
2007;538;16-17;7;7;14;SEC_538
2004;231;03-11;39;35;74;SEC_231
1998;422;65-74;89;70;159;SEC_422
2006;526;50-64;63;54;117;SEC_526
2014;421;00-02;16;20;36;SEC_421
2013;228;65-74;119;71;190;SEC_228
2000;309;25-34;64;71;135;SEC_309
2016;126;65-74;93;74;167;SEC_126
2010;538;50-64;105;86;191;SEC_538
2005;222;75 i +;37;19;56;SEC_222
2015;402;00-02;7;21;28;SEC_402
2011;528;50-64;96;78;174;SEC_528
1994;515;35-49;50;44;94;SEC_515
1997;501;65-74;17;22;39;SEC_501
2002;116;00-02;17;15;32;SEC_116
2003;216;50-64;152;129;281;SEC_216
2001;311;03-11;32;47;79;SEC_311
1997;221;35-49;105;91;196;SEC_221
2003;632;50-64;88;81;169;SEC_632
1994;624;18-24;137;157;294;SEC_624
2004;239;00-02;13;10;23;SEC_239
1996;319;65-74;31;27;58;SEC_319
1996;422;12-15;27;17;44;SEC_422
2009;217;16-17;6;4;10;SEC_217
2005;207;65-74;48;36;84;SEC_207
2002;613;35-49;72;79;151;SEC_613
2014;310;65-74;48;48;96;SEC_310
2002;410;75 i +;78;56;134;SEC_410
2011;320;18-24;30;32;62;SEC_320
1998;632;12-15;19;30;49;SEC_632
2005;535;35-49;101;101;202;SEC_535
2014;320;18-24;6;2;8;SEC_320
2010;534;35-49;125;120;245;SEC_534
1996;437;18-24;54;54;108;SEC_437
2000;604;03-11;27;32;59;SEC_604
2016;436;50-64;144;136;280;SEC_436
2009;631;65-74;74;75;149;SEC_631
2013;313;12-15;42;37;79;SEC_313
2004;133;65-74;44;35;79;SEC_133
2006;210;03-11;25;23;48;SEC_210
1994;505;75 i +;37;23;60;SEC_505
2002;225;18-24;20;31;51;SEC_225
2008;423;12-15;18;17;35;SEC_423
2009;207;35-49;77;69;146;SEC_207
2003;235;12-15;19;18;37;SEC_235
2014;324;65-74;52;44;96;SEC_324
2010;402;12-15;15;9;24;SEC_402
2012;221;35-49;122;137;259;SEC_221
1994;103;75 i +;40;24;64;SEC_103
1999;318;35-49;131;130;261;SEC_318
2015;121;12-15;12;18;30;SEC_121
2010;404;75 i +;83;48;131;SEC_404
2008;205;65-74;53;41;94;SEC_205
2000;107;65-74;92;70;162;SEC_107
2002;420;75 i +;77;41;118;SEC_420
1997;610;50-64;208;224;432;SEC_610
2010;517;25-34;126;149;275;SEC_517
1996;123;18-24;69;64;133;SEC_123
2000;418;65-74;59;44;103;SEC_418
1999;622;12-15;21;23;44;SEC_622
2015;616;35-49;296;280;576;SEC_616
2004;414;50-64;68;65;133;SEC_414
2012;536;18-24;25;30;55;SEC_536
2016;204;50-64;141;136;277;SEC_204
1998;414;03-11;25;32;57;SEC_414
1994;110;50-64;117;142;259;SEC_110
2011;508;12-15;5;12;17;SEC_508
2016;240;35-49;215;203;418;SEC_240
2016;510;65-74;63;46;109;SEC_510
2015;301;50-64;221;204;425;SEC_301
2008;438;16-17;6;9;15;SEC_438
2008;512;16-17;11;8;19;SEC_512
1994;527;75 i +;45;26;71;SEC_527
2007;516;03-11;26;37;63;SEC_516
2015;311;25-34;113;116;229;SEC_311
2001;125;12-15;19;20;39;SEC_125
2010;510;35-49;117;152;269;SEC_510
2000;124;75 i +;34;24;58;SEC_124
2007;103;12-15;9;7;16;SEC_103
2009;424;03-11;19;29;48;SEC_424
2010;312;65-74;114;103;217;SEC_312
2016;523;18-24;46;54;100;SEC_523
1998;630;12-15;22;21;43;SEC_630
2012;513;50-64;64;53;117;SEC_513
2008;102;25-34;110;109;219;SEC_102
2004;130;75 i +;63;44;107;SEC_130
1998;437;75 i +;21;17;38;SEC_437
2012;421;35-49;160;162;322;SEC_421
2011;631;75 i +;54;29;83;SEC_631
1999;414;75 i +;42;25;67;SEC_414
1996;615;65-74;27;21;48;SEC_615
2013;237;03-11;69;64;133;SEC_237
2008;511;12-15;12;18;30;SEC_511
2015;503;35-49;89;64;153;SEC_503
1999;103;50-64;63;63;126;SEC_103
2013;140;03-11;33;42;75;SEC_140
2014;419;65-74;93;61;154;SEC_419
2015;435;35-49;117;168;285;SEC_435
2014;632;75 i +;57;39;96;SEC_632
2003;514;00-02;10;14;24;SEC_514
2014;533;16-17;15;8;23;SEC_533
2006;105;18-24;47;52;99;SEC_105
2009;628;00-02;14;11;25;SEC_628
2000;123;50-64;107;104;211;SEC_123
2012;537;18-24;59;53;112;SEC_537
2015;232;25-34;79;75;154;SEC_232
1996;622;03-11;47;49;96;SEC_622
2011;422;50-64;79;89;168;SEC_422
2005;406;00-02;10;23;33;SEC_406
2008;213;75 i +;57;31;88;SEC_213
2002;127;12-15;18;22;40;SEC_127
2000;106;75 i +;47;26;73;SEC_106
2011;611;35-49;231;285;516;SEC_611
2005;505;25-34;111;125;236;SEC_505
2010;247;12-15;18;26;44;SEC_247
2012;535;65-74;90;87;177;SEC_535
2002;211;65-74;91;55;146;SEC_211
2007;208;50-64;189;145;334;SEC_208
1998;418;50-64;126;118;244;SEC_418
1996;523;75 i +;81;33;114;SEC_523
2015;246;03-11;63;48;111;SEC_246
1995;215;65-74;66;55;121;SEC_215
2011;314;18-24;67;114;181;SEC_314
2000;115;25-34;94;128;222;SEC_115
2013;202;18-24;51;65;116;SEC_202
2002;404;18-24;60;57;117;SEC_404
1995;535;00-02;7;12;19;SEC_535
1998;120;12-15;34;44;78;SEC_120
1994;136;00-02;16;18;34;SEC_136
2001;522;18-24;41;43;84;SEC_522
2001;511;18-24;26;29;55;SEC_511
2003;528;50-64;110;94;204;SEC_528
2013;518;50-64;77;75;152;SEC_518
1994;523;12-15;32;36;68;SEC_523
2003;321;00-02;27;30;57;SEC_321
2007;135;35-49;190;173;363;SEC_135
2010;424;75 i +;26;30;56;SEC_424
2006;215;16-17;5;3;8;SEC_215
1995;230;50-64;87;86;173;SEC_230
2011;120;03-11;55;91;146;SEC_120
1999;129;03-11;41;31;72;SEC_129
2016;102;35-49;165;172;337;SEC_102
2010;114;35-49;180;204;384;SEC_114
2015;318;50-64;113;102;215;SEC_318
2016;615;50-64;47;46;93;SEC_615
2013;624;18-24;28;33;61;SEC_624
2005;606;16-17;12;7;19;SEC_606
1994;213;16-17;15;25;40;SEC_213
1996;530;12-15;20;33;53;SEC_530
2012;130;35-49;133;139;272;SEC_130
2009;412;65-74;108;88;196;SEC_412
2004;202;12-15;7;12;19;SEC_202
2012;535;75 i +;49;47;96;SEC_535
2014;223;65-74;58;38;96;SEC_223
1994;433;03-11;41;42;83;SEC_433
1994;507;75 i +;32;19;51;SEC_507
2000;313;75 i +;68;32;100;SEC_313
2005;525;75 i +;43;32;75;SEC_525
1995;415;03-11;22;21;43;SEC_415
2009;528;75 i +;60;40;100;SEC_528
1997;503;18-24;68;73;141;SEC_503
2010;324;00-02;22;16;38;SEC_324
2004;312;65-74;73;65;138;SEC_312
2008;324;18-24;44;53;97;SEC_324
2007;242;03-11;36;31;67;SEC_242
2014;410;16-17;14;18;32;SEC_410
2010;424;35-49;71;83;154;SEC_424
2016;609;65-74;85;65;150;SEC_609
2007;215;65-74;50;25;75;SEC_215
2016;514;12-15;25;26;51;SEC_514
2006;531;18-24;34;51;85;SEC_531
2007;412;65-74;103;98;201;SEC_412
2015;326;50-64;38;52;90;SEC_326
2013;134;50-64;126;117;243;SEC_134
2004;139;35-49;80;114;194;SEC_139
2014;436;25-34;103;108;211;SEC_436
2007;433;03-11;49;67;116;SEC_433
1996;420;12-15;20;24;44;SEC_420
2011;219;50-64;95;81;176;SEC_219
2003;135;00-02;15;18;33;SEC_135
2002;223;75 i +;77;28;105;SEC_223
2005;602;65-74;43;60;103;SEC_602
2005;318;50-64;86;91;177;SEC_318
2005;209;50-64;66;66;132;SEC_209
1995;436;00-02;6;8;14;SEC_436
2008;624;00-02;14;19;33;SEC_624
2011;133;12-15;17;14;31;SEC_133
2012;608;18-24;26;25;51;SEC_608
2007;626;50-64;102;85;187;SEC_626
2016;136;16-17;11;10;21;SEC_136
2007;310;03-11;29;38;67;SEC_310
1997;621;50-64;140;184;324;SEC_621
2010;415;18-24;46;45;91;SEC_415
2004;419;75 i +;39;27;66;SEC_419
2011;417;50-64;52;45;97;SEC_417
2002;107;35-49;181;164;345;SEC_107
2016;617;25-34;51;52;103;SEC_617
1994;518;35-49;84;89;173;SEC_518
2003;418;25-34;113;142;255;SEC_418
1995;119;16-17;35;41;76;SEC_119
2015;518;16-17;11;14;25;SEC_518
1999;405;50-64;118;86;204;SEC_405
2014;316;25-34;179;218;397;SEC_316
1999;433;50-64;77;74;151;SEC_433
2012;437;16-17;6;5;11;SEC_437
2008;433;65-74;41;37;78;SEC_433
2005;401;00-02;18;20;38;SEC_401
2013;403;50-64;109;94;203;SEC_403
1998;307;16-17;30;26;56;SEC_307
2001;318;50-64;65;65;130;SEC_318
2015;609;16-17;10;8;18;SEC_609
2008;523;25-34;147;177;324;SEC_523
2007;425;18-24;40;44;84;SEC_425
2011;430;00-02;21;19;40;SEC_430
2016;440;65-74;74;58;132;SEC_440
2007;115;50-64;126;136;262;SEC_115
2016;425;03-11;42;45;87;SEC_425
2015;419;16-17;19;29;48;SEC_419
2004;618;75 i +;25;14;39;SEC_618
1996;406;35-49;145;144;289;SEC_406
2009;415;65-74;22;25;47;SEC_415
2013;311;35-49;170;207;377;SEC_311
2013;234;12-15;11;10;21;SEC_234
2014;102;35-49;164;171;335;SEC_102
2013;140;75 i +;60;42;102;SEC_140
2014;127;75 i +;45;29;74;SEC_127
2014;535;12-15;4;22;26;SEC_535
2007;117;75 i +;69;41;110;SEC_117
2009;224;65-74;22;13;35;SEC_224
2005;609;16-17;2;8;10;SEC_609
2000;403;65-74;79;65;144;SEC_403
2004;114;12-15;21;13;34;SEC_114
2006;511;18-24;21;22;43;SEC_511
2001;302;65-74;59;42;101;SEC_302
2000;319;75 i +;24;19;43;SEC_319
2011;322;25-34;127;109;236;SEC_322
1995;515;18-24;37;41;78;SEC_515
2013;105;03-11;58;63;121;SEC_105
2007;438;18-24;46;32;78;SEC_438
1999;431;50-64;116;112;228;SEC_431
1999;416;35-49;51;65;116;SEC_416
2006;311;75 i +;96;51;147;SEC_311
1995;404;12-15;27;26;53;SEC_404
2013;507;18-24;23;35;58;SEC_507
2007;226;18-24;65;46;111;SEC_226
1995;124;35-49;123;105;228;SEC_124
2008;538;50-64;98;78;176;SEC_538
2011;248;50-64;106;97;203;SEC_248
2013;133;50-64;89;66;155;SEC_133
2009;510;00-02;12;12;24;SEC_510
1997;112;25-34;118;110;228;SEC_112
2007;624;12-15;12;19;31;SEC_624
2013;217;00-02;24;14;38;SEC_217
2004;504;35-49;85;94;179;SEC_504
2003;227;50-64;68;55;123;SEC_227
2009;132;75 i +;81;65;146;SEC_132
1996;134;25-34;105;99;204;SEC_134
2008;209;18-24;47;48;95;SEC_209
1995;407;35-49;73;70;143;SEC_407
2001;513;35-49;63;77;140;SEC_513
2000;223;25-34;83;92;175;SEC_223
1998;427;25-34;73;71;144;SEC_427
2008;623;00-02;22;24;46;SEC_623
2008;314;65-74;70;75;145;SEC_314
2004;611;65-74;87;103;190;SEC_611
2004;219;75 i +;86;49;135;SEC_219
2001;534;16-17;5;4;9;SEC_534
1998;535;75 i +;36;20;56;SEC_535
2000;619;16-17;16;18;34;SEC_619
1995;325;75 i +;88;48;136;SEC_325
1999;247;65-74;79;65;144;SEC_247
2010;417;00-02;11;22;33;SEC_417
2006;525;12-15;11;15;26;SEC_525
2013;120;65-74;81;63;144;SEC_120
2015;506;16-17;13;17;30;SEC_506
1995;404;65-74;56;48;104;SEC_404
2014;315;03-11;82;89;171;SEC_315
1996;316;25-34;91;72;163;SEC_316
2010;301;18-24;70;86;156;SEC_301
2011;526;16-17;9;13;22;SEC_526
2007;409;25-34;66;88;154;SEC_409
2006;233;35-49;101;117;218;SEC_233
1999;614;25-34;102;108;210;SEC_614
2004;309;50-64;71;70;141;SEC_309
2015;624;75 i +;59;48;107;SEC_624
1995;417;25-34;54;53;107;SEC_417
1997;211;75 i +;72;37;109;SEC_211
1995;522;25-34;59;63;122;SEC_522
2009;322;65-74;54;44;98;SEC_322
2012;405;03-11;28;35;63;SEC_405
1995;407;25-34;88;111;199;SEC_407
1996;415;75 i +;36;20;56;SEC_415
2001;414;16-17;4;12;16;SEC_414
2012;302;12-15;8;18;26;SEC_302
2013;612;35-49;117;146;263;SEC_612
2015;419;65-74;78;57;135;SEC_419
2005;416;65-74;51;45;96;SEC_416
1998;419;18-24;34;55;89;SEC_419
2014;425;12-15;15;25;40;SEC_425
2003;218;00-02;5;6;11;SEC_218
1994;530;25-34;115;135;250;SEC_530
2011;236;03-11;51;43;94;SEC_236
2012;431;16-17;15;21;36;SEC_431
1999;605;50-64;113;94;207;SEC_605
2015;302;00-02;13;17;30;SEC_302
2001;513;50-64;74;56;130;SEC_513
2002;317;18-24;46;60;106;SEC_317
2005;106;75 i +;56;31;87;SEC_106
2000;509;18-24;48;33;81;SEC_509
2011;221;75 i +;75;47;122;SEC_221
2016;501;35-49;105;123;228;SEC_501
2009;249;25-34;111;115;226;SEC_249
1998;434;18-24;33;20;53;SEC_434
1996;623;16-17;35;34;69;SEC_623
2005;112;25-34;150;144;294;SEC_112
2003;606;35-49;105;114;219;SEC_606
2007;517;12-15;23;20;43;SEC_517
2008;117;50-64;239;226;465;SEC_117
2009;419;03-11;45;58;103;SEC_419
2000;316;16-17;61;66;127;SEC_316
2009;243;00-02;18;26;44;SEC_243
1999;323;50-64;199;250;449;SEC_323
1996;522;12-15;25;18;43;SEC_522
1995;210;18-24;50;59;109;SEC_210
1997;234;25-34;73;81;154;SEC_234
1995;532;03-11;41;41;82;SEC_532
1995;129;12-15;27;25;52;SEC_129
2006;244;16-17;3;5;8;SEC_244
2003;503;03-11;27;32;59;SEC_503
2005;517;18-24;67;63;130;SEC_517
2013;228;75 i +;134;88;222;SEC_228
2012;317;12-15;30;22;52;SEC_317
2003;520;35-49;76;65;141;SEC_520
1999;522;12-15;18;13;31;SEC_522
2003;226;75 i +;77;47;124;SEC_226
1998;534;75 i +;45;22;67;SEC_534
2011;136;16-17;11;3;14;SEC_136
2015;433;35-49;238;229;467;SEC_433
2001;426;50-64;78;77;155;SEC_426
1999;505;35-49;93;80;173;SEC_505
2003;116;03-11;55;48;103;SEC_116
2008;104;16-17;10;6;16;SEC_104
2003;140;25-34;86;97;183;SEC_140
2010;231;35-49;155;176;331;SEC_231
1997;239;12-15;15;18;33;SEC_239
2009;248;12-15;29;24;53;SEC_248
2003;119;12-15;12;23;35;SEC_119
2000;623;12-15;30;22;52;SEC_623
2008;317;03-11;55;52;107;SEC_317
1995;514;00-02;7;6;13;SEC_514
2011;629;35-49;54;74;128;SEC_629
2013;240;50-64;146;123;269;SEC_240
2009;101;12-15;30;27;57;SEC_101
2011;511;35-49;96;98;194;SEC_511
2014;607;35-49;100;124;224;SEC_607
1996;227;35-49;56;48;104;SEC_227
2009;534;03-11;35;39;74;SEC_534
2004;426;75 i +;51;34;85;SEC_426
2014;534;00-02;5;11;16;SEC_534
2013;625;75 i +;59;38;97;SEC_625
1996;311;25-34;126;122;248;SEC_311
1999;525;25-34;83;83;166;SEC_525
1999;112;03-11;56;61;117;SEC_112
2006;324;18-24;40;39;79;SEC_324
2010;512;16-17;9;4;13;SEC_512
2016;632;50-64;74;66;140;SEC_632
2011;202;35-49;104;137;241;SEC_202
1999;310;03-11;28;35;63;SEC_310
2005;509;75 i +;29;14;43;SEC_509
2016;314;18-24;60;88;148;SEC_314
2011;501;65-74;65;80;145;SEC_501
2006;605;50-64;74;43;117;SEC_605
1994;224;65-74;46;28;74;SEC_224
2001;305;16-17;18;21;39;SEC_305
1994;515;50-64;56;64;120;SEC_515
2014;221;03-11;86;80;166;SEC_221
2011;424;75 i +;30;32;62;SEC_424
2010;114;25-34;122;119;241;SEC_114
2000;108;65-74;84;77;161;SEC_108
2013;528;65-74;66;54;120;SEC_528
2014;224;35-49;154;151;305;SEC_224
2010;249;50-64;88;76;164;SEC_249
1996;518;65-74;56;53;109;SEC_518
2001;619;16-17;12;19;31;SEC_619
2000;311;16-17;7;11;18;SEC_311
2016;501;25-34;39;42;81;SEC_501
2003;436;75 i +;30;19;49;SEC_436
2008;530;50-64;96;78;174;SEC_530
2016;630;03-11;21;32;53;SEC_630
2007;515;50-64;46;34;80;SEC_515
2012;217;12-15;13;13;26;SEC_217
2007;518;03-11;50;45;95;SEC_518
2012;325;25-34;104;127;231;SEC_325
2015;621;00-02;12;17;29;SEC_621
2006;102;35-49;161;183;344;SEC_102
2010;137;35-49;175;168;343;SEC_137
2004;618;50-64;68;55;123;SEC_618
1998;221;12-15;16;25;41;SEC_221
2008;119;50-64;185;148;333;SEC_119
2005;524;35-49;145;145;290;SEC_524
2002;116;03-11;58;46;104;SEC_116
2002;416;25-34;54;88;142;SEC_416
2004;503;00-02;8;7;15;SEC_503
2006;436;35-49;99;132;231;SEC_436
2009;303;50-64;134;108;242;SEC_303
2002;528;50-64;113;98;211;SEC_528
2011;210;18-24;18;18;36;SEC_210
1994;505;12-15;46;31;77;SEC_505
2013;249;65-74;51;42;93;SEC_249
1995;419;50-64;77;74;151;SEC_419
2002;622;12-15;19;15;34;SEC_622
2013;602;00-02;19;17;36;SEC_602
2001;519;00-02;7;12;19;SEC_519
1998;107;03-11;54;53;107;SEC_107
2006;320;16-17;12;7;19;SEC_320
2013;316;16-17;15;21;36;SEC_316
2014;134;50-64;131;113;244;SEC_134
2014;511;50-64;192;143;335;SEC_511
2011;440;00-02;9;12;21;SEC_440
1998;625;16-17;35;35;70;SEC_625
2003;110;12-15;15;23;38;SEC_110
2012;237;25-34;130;112;242;SEC_237
2014;238;16-17;9;11;20;SEC_238
2007;306;00-02;20;22;42;SEC_306
1996;502;25-34;107;127;234;SEC_502
2004;129;25-34;130;123;253;SEC_129
2003;439;18-24;26;50;76;SEC_439
1996;424;35-49;54;53;107;SEC_424
1996;134;50-64;112;106;218;SEC_134
2007;422;12-15;15;25;40;SEC_422
2004;622;75 i +;42;15;57;SEC_622
2011;413;18-24;24;26;50;SEC_413
2004;216;50-64;150;126;276;SEC_216
2013;234;50-64;83;71;154;SEC_234
1994;215;50-64;83;70;153;SEC_215
1998;113;35-49;209;184;393;SEC_113
2012;420;25-34;117;120;237;SEC_420
1999;608;00-02;6;8;14;SEC_608
1998;507;65-74;37;36;73;SEC_507
1995;423;12-15;27;16;43;SEC_423
2001;618;03-11;17;24;41;SEC_618
1998;529;65-74;87;68;155;SEC_529
2013;220;18-24;78;64;142;SEC_220
2000;124;18-24;52;47;99;SEC_124
1995;201;35-49;56;46;102;SEC_201
2003;519;16-17;5;5;10;SEC_519
1996;520;12-15;11;22;33;SEC_520
2012;508;35-49;85;93;178;SEC_508
2010;601;03-11;44;48;92;SEC_601
2005;625;00-02;10;14;24;SEC_625
1995;440;18-24;118;102;220;SEC_440
2003;220;65-74;69;53;122;SEC_220
1998;629;35-49;66;55;121;SEC_629
2011;422;03-11;48;50;98;SEC_422
2002;228;16-17;4;2;6;SEC_228
2007;532;00-02;19;21;40;SEC_532
2005;113;12-15;22;30;52;SEC_113
2012;102;25-34;83;79;162;SEC_102
2015;420;25-34;149;149;298;SEC_420
1996;628;12-15;29;35;64;SEC_628
1998;417;75 i +;21;13;34;SEC_417
2016;326;18-24;19;21;40;SEC_326
1997;511;12-15;6;8;14;SEC_511
1994;441;65-74;99;84;183;SEC_441
2011;626;35-49;104;103;207;SEC_626
2005;323;18-24;123;153;276;SEC_323
2007;317;03-11;61;39;100;SEC_317
2011;324;18-24;36;47;83;SEC_324
2012;624;25-34;61;75;136;SEC_624
2009;242;03-11;37;29;66;SEC_242
2012;416;50-64;61;61;122;SEC_416
2016;407;03-11;49;41;90;SEC_407
2003;504;25-34;117;132;249;SEC_504
2005;531;50-64;86;68;154;SEC_531
2015;129;25-34;53;66;119;SEC_129
1996;204;16-17;3;8;11;SEC_204
2001;211;50-64;82;64;146;SEC_211
2012;607;03-11;41;30;71;SEC_607
2003;242;50-64;92;95;187;SEC_242
2013;231;18-24;41;44;85;SEC_231
1998;428;75 i +;28;18;46;SEC_428
2011;302;50-64;163;130;293;SEC_302
2000;244;12-15;7;3;10;SEC_244
2002;131;16-17;11;16;27;SEC_131
2010;505;25-34;81;90;171;SEC_505
2008;529;35-49;174;155;329;SEC_529
2003;209;03-11;28;32;60;SEC_209
2012;227;16-17;8;7;15;SEC_227
2005;441;00-02;21;25;46;SEC_441
2001;118;18-24;143;142;285;SEC_118
1995;628;16-17;22;34;56;SEC_628
2009;308;00-02;34;21;55;SEC_308
2007;113;25-34;159;168;327;SEC_113
2009;133;18-24;28;31;59;SEC_133
2012;231;65-74;47;36;83;SEC_231
2000;113;25-34;95;106;201;SEC_113
2000;113;00-02;9;13;22;SEC_113
2009;115;65-74;50;46;96;SEC_115
1997;302;65-74;48;43;91;SEC_302
1998;223;35-49;75;85;160;SEC_223
2011;113;16-17;8;19;27;SEC_113
2010;306;25-34;141;158;299;SEC_306
2010;217;35-49;91;125;216;SEC_217
2008;234;65-74;49;33;82;SEC_234
2013;616;00-02;31;32;63;SEC_616
1999;229;50-64;61;59;120;SEC_229
2002;626;00-02;6;22;28;SEC_626
2013;112;16-17;11;18;29;SEC_112
2003;229;00-02;7;8;15;SEC_229
2007;414;50-64;68;60;128;SEC_414
2011;301;25-34;170;168;338;SEC_301
2013;134;16-17;13;9;22;SEC_134
1999;505;00-02;9;5;14;SEC_505
2000;432;75 i +;36;32;68;SEC_432
1996;121;16-17;6;5;11;SEC_121
2012;137;25-34;111;100;211;SEC_137
2002;519;16-17;6;7;13;SEC_519
2015;518;65-74;62;33;95;SEC_518
1994;601;16-17;37;43;80;SEC_601
2008;116;35-49;169;172;341;SEC_116
2009;325;03-11;68;67;135;SEC_325
2014;124;00-02;10;11;21;SEC_124
1996;529;25-34;99;105;204;SEC_529
2004;631;00-02;10;8;18;SEC_631
2010;219;50-64;92;79;171;SEC_219
2009;603;18-24;15;26;41;SEC_603
2012;504;25-34;67;66;133;SEC_504
1998;316;03-11;117;121;238;SEC_316
2009;620;35-49;61;63;124;SEC_620
2009;243;75 i +;100;65;165;SEC_243
2011;117;75 i +;79;45;124;SEC_117
2009;107;00-02;38;36;74;SEC_107
2005;433;12-15;20;26;46;SEC_433
2008;429;50-64;61;58;119;SEC_429
1994;110;12-15;41;46;87;SEC_110
2000;438;12-15;18;11;29;SEC_438
2002;115;03-11;47;58;105;SEC_115
1999;631;65-74;45;46;91;SEC_631
2010;132;75 i +;90;70;160;SEC_132
2005;442;18-24;25;26;51;SEC_442
1997;618;35-49;63;49;112;SEC_618
2010;616;12-15;63;73;136;SEC_616
2006;413;12-15;19;11;30;SEC_413
2007;313;65-74;84;73;157;SEC_313
2014;104;75 i +;85;37;122;SEC_104
2009;619;65-74;113;90;203;SEC_619
2016;248;18-24;37;49;86;SEC_248
2009;209;00-02;7;14;21;SEC_209
1996;249;65-74;69;64;133;SEC_249
2012;424;65-74;34;23;57;SEC_424
2000;249;75 i +;57;33;90;SEC_249
2002;136;75 i +;56;31;87;SEC_136
2013;525;03-11;46;56;102;SEC_525
2007;417;18-24;38;32;70;SEC_417
2015;212;18-24;47;45;92;SEC_212
2002;509;75 i +;35;16;51;SEC_509
2005;234;18-24;32;46;78;SEC_234
2007;403;00-02;14;17;31;SEC_403
2000;533;00-02;6;8;14;SEC_533
2001;134;00-02;22;13;35;SEC_134
2010;423;65-74;55;55;110;SEC_423
1995;109;18-24;51;59;110;SEC_109
2003;128;18-24;44;43;87;SEC_128
2011;202;25-34;92;106;198;SEC_202
2015;410;50-64;143;134;277;SEC_410
1997;206;65-74;58;52;110;SEC_206
2015;326;25-34;159;119;278;SEC_326
2014;213;65-74;58;42;100;SEC_213
2002;311;00-02;7;20;27;SEC_311
1998;111;12-15;18;16;34;SEC_111
1994;208;03-11;52;62;114;SEC_208
2013;437;18-24;51;73;124;SEC_437
2001;610;00-02;10;17;27;SEC_610
2010;235;18-24;63;55;118;SEC_235
2011;232;00-02;16;16;32;SEC_232
2003;122;00-02;9;12;21;SEC_122
1996;533;35-49;63;66;129;SEC_533
2008;613;00-02;19;24;43;SEC_613
2012;308;12-15;46;54;100;SEC_308
1995;311;35-49;130;109;239;SEC_311
1996;407;12-15;12;16;28;SEC_407
2002;424;12-15;8;5;13;SEC_424
2007;422;03-11;42;46;88;SEC_422
1995;606;50-64;140;130;270;SEC_606
1997;243;65-74;96;86;182;SEC_243
2009;525;12-15;18;18;36;SEC_525
2004;524;18-24;66;57;123;SEC_524
2012;437;65-74;47;27;74;SEC_437
2002;212;25-34;134;137;271;SEC_212
2000;223;75 i +;71;28;99;SEC_223
2012;415;25-34;88;99;187;SEC_415
2003;422;50-64;85;71;156;SEC_422
2001;123;25-34;109;103;212;SEC_123
2016;508;65-74;55;40;95;SEC_508
2010;413;00-02;9;8;17;SEC_413
1998;501;65-74;17;24;41;SEC_501
2014;624;16-17;5;4;9;SEC_624
2007;531;18-24;32;49;81;SEC_531
2014;502;75 i +;130;74;204;SEC_502
1997;433;50-64;86;86;172;SEC_433
2002;440;16-17;5;3;8;SEC_440
2004;211;50-64;73;77;150;SEC_211
2008;211;18-24;66;65;131;SEC_211
2002;229;35-49;66;78;144;SEC_229
2010;512;50-64;59;67;126;SEC_512
1995;408;50-64;102;91;193;SEC_408
2012;129;12-15;17;27;44;SEC_129
2001;131;12-15;26;28;54;SEC_131
2003;422;16-17;8;11;19;SEC_422
2003;309;75 i +;26;17;43;SEC_309
1995;321;00-02;21;19;40;SEC_321
1994;515;18-24;37;37;74;SEC_515
1995;506;65-74;62;58;120;SEC_506
1997;413;00-02;7;4;11;SEC_413
2004;524;50-64;101;87;188;SEC_524
2009;305;25-34;123;136;259;SEC_305
2005;126;50-64;139;113;252;SEC_126
1994;230;75 i +;30;14;44;SEC_230
2001;513;00-02;11;12;23;SEC_513
2016;535;12-15;10;20;30;SEC_535
2000;104;16-17;4;2;6;SEC_104
2010;249;35-49;128;145;273;SEC_249
2006;631;35-49;93;103;196;SEC_631
1996;503;18-24;64;66;130;SEC_503
1998;319;65-74;30;25;55;SEC_319
1998;612;65-74;49;46;95;SEC_612
2003;612;75 i +;44;20;64;SEC_612
1997;420;50-64;128;121;249;SEC_420
1998;129;25-34;108;109;217;SEC_129
2004;322;25-34;158;171;329;SEC_322
2011;404;12-15;27;36;63;SEC_404
2015;419;25-34;139;170;309;SEC_419
2006;615;16-17;4;6;10;SEC_615
1999;438;35-49;71;64;135;SEC_438
1994;439;03-11;37;35;72;SEC_439
2008;321;25-34;180;172;352;SEC_321
2004;322;12-15;16;16;32;SEC_322
2016;529;75 i +;96;56;152;SEC_529
2002;622;03-11;23;41;64;SEC_622
2003;319;18-24;61;70;131;SEC_319
2012;628;35-49;108;101;209;SEC_628
1994;603;03-11;21;31;52;SEC_603
2002;126;00-02;17;14;31;SEC_126
2001;532;18-24;61;68;129;SEC_532
2006;513;03-11;32;22;54;SEC_513
2003;230;75 i +;50;23;73;SEC_230
1999;304;00-02;6;12;18;SEC_304
2014;414;25-34;148;134;282;SEC_414
2013;420;35-49;222;268;490;SEC_420
1996;505;12-15;35;26;61;SEC_505
2007;404;12-15;21;30;51;SEC_404
2000;506;03-11;68;85;153;SEC_506
2013;610;25-34;55;59;114;SEC_610
1995;240;65-74;56;46;102;SEC_240
2016;621;65-74;136;135;271;SEC_621
1996;632;03-11;40;48;88;SEC_632
2011;139;12-15;13;29;42;SEC_139
2007;624;03-11;34;39;73;SEC_624
1997;242;75 i +;49;38;87;SEC_242
1995;415;18-24;32;32;64;SEC_415
2007;138;75 i +;33;21;54;SEC_138
2006;434;65-74;40;14;54;SEC_434
1999;113;00-02;12;14;26;SEC_113
2001;630;18-24;73;87;160;SEC_630
2010;311;65-74;68;62;130;SEC_311
1999;535;35-49;121;110;231;SEC_535
1994;422;65-74;92;74;166;SEC_422
2012;502;16-17;10;10;20;SEC_502
2012;102;00-02;21;16;37;SEC_102
1994;525;03-11;32;37;69;SEC_525
2002;438;25-34;91;102;193;SEC_438
2006;416;35-49;82;100;182;SEC_416
2013;113;25-34;129;127;256;SEC_113
1997;319;75 i +;31;15;46;SEC_319
2009;324;00-02;23;14;37;SEC_324
1995;117;75 i +;47;18;65;SEC_117
2001;531;25-34;78;79;157;SEC_531
2000;416;75 i +;31;18;49;SEC_416
2009;519;50-64;40;27;67;SEC_519
2014;626;16-17;14;9;23;SEC_626
2015;247;65-74;63;40;103;SEC_247
2009;618;16-17;5;4;9;SEC_618
2003;212;65-74;83;66;149;SEC_212
1996;111;50-64;111;111;222;SEC_111
2016;223;50-64;112;105;217;SEC_223
2013;529;03-11;73;44;117;SEC_529
2012;430;03-11;51;59;110;SEC_430
2006;247;35-49;143;168;311;SEC_247
2016;433;00-02;27;37;64;SEC_433
2013;207;65-74;77;56;133;SEC_207
2012;513;65-74;38;32;70;SEC_513
2013;614;16-17;7;7;14;SEC_614
2007;528;12-15;18;22;40;SEC_528
2009;202;00-02;16;23;39;SEC_202
1997;439;12-15;6;17;23;SEC_439
2014;526;16-17;18;16;34;SEC_526
2004;438;00-02;7;14;21;SEC_438
1999;314;25-34;175;181;356;SEC_314
2013;111;75 i +;61;41;102;SEC_111
2002;623;75 i +;53;28;81;SEC_623
1998;534;35-49;79;80;159;SEC_534
2007;314;03-11;69;88;157;SEC_314
2004;613;00-02;14;15;29;SEC_613
1998;423;65-74;65;45;110;SEC_423
2009;428;65-74;21;12;33;SEC_428
2010;529;75 i +;89;62;151;SEC_529
1996;619;03-11;54;66;120;SEC_619
2009;512;25-34;87;98;185;SEC_512
2012;224;65-74;15;13;28;SEC_224
2000;111;75 i +;39;27;66;SEC_111
2005;509;12-15;9;16;25;SEC_509
2013;416;16-17;9;17;26;SEC_416
1996;533;03-11;29;26;55;SEC_533
2006;122;18-24;39;24;63;SEC_122
2005;225;25-34;34;69;103;SEC_225
2011;411;16-17;10;7;17;SEC_411
2002;432;35-49;109;116;225;SEC_432
2000;512;25-34;74;83;157;SEC_512
2016;248;03-11;54;64;118;SEC_248
2008;305;65-74;53;57;110;SEC_305
2015;326;65-74;12;12;24;SEC_326
2004;438;25-34;82;88;170;SEC_438
1998;405;25-34;81;89;170;SEC_405
2004;516;12-15;13;14;27;SEC_516
2014;419;50-64;125;141;266;SEC_419
2012;139;75 i +;36;27;63;SEC_139
2010;128;12-15;12;16;28;SEC_128
2008;503;65-74;39;34;73;SEC_503
1995;311;75 i +;62;35;97;SEC_311
1998;105;50-64;76;99;175;SEC_105
2003;440;35-49;81;97;178;SEC_440
2010;610;35-49;144;142;286;SEC_610
2001;217;00-02;4;6;10;SEC_217
1998;437;65-74;47;38;85;SEC_437
2000;214;12-15;7;7;14;SEC_214
2013;139;65-74;46;45;91;SEC_139
2002;537;03-11;41;40;81;SEC_537
1998;509;03-11;23;27;50;SEC_509
2008;118;65-74;61;68;129;SEC_118
2012;109;03-11;46;33;79;SEC_109
2004;111;35-49;95;86;181;SEC_111
1997;529;75 i +;60;35;95;SEC_529
2011;130;00-02;13;20;33;SEC_130
2001;619;12-15;22;32;54;SEC_619
1996;243;25-34;140;141;281;SEC_243
2001;510;00-02;18;19;37;SEC_510
2015;521;00-02;9;9;18;SEC_521
2008;439;50-64;55;55;110;SEC_439
2005;608;35-49;93;83;176;SEC_608
1998;302;18-24;125;126;251;SEC_302
2011;222;35-49;133;156;289;SEC_222
2016;619;18-24;33;42;75;SEC_619
2002;404;75 i +;55;28;83;SEC_404
2003;231;12-15;17;13;30;SEC_231
1997;323;50-64;159;184;343;SEC_323
1996;318;25-34;77;65;142;SEC_318
2010;632;75 i +;42;31;73;SEC_632
1999;620;12-15;15;12;27;SEC_620
2003;219;50-64;99;82;181;SEC_219
1997;216;75 i +;47;30;77;SEC_216
2007;433;16-17;13;11;24;SEC_433
2011;523;03-11;55;55;110;SEC_523
1996;522;75 i +;27;21;48;SEC_522
2008;233;25-34;103;107;210;SEC_233
2004;322;03-11;49;38;87;SEC_322
2003;441;18-24;113;118;231;SEC_441
2003;419;35-49;72;101;173;SEC_419
1994;401;75 i +;31;12;43;SEC_401
2002;628;50-64;144;136;280;SEC_628
2001;107;16-17;14;20;34;SEC_107
1995;428;03-11;20;12;32;SEC_428
2014;623;25-34;58;69;127;SEC_623
2010;426;12-15;16;17;33;SEC_426
2000;536;18-24;38;49;87;SEC_536
2014;622;50-64;97;78;175;SEC_622
2006;106;00-02;26;25;51;SEC_106
2000;610;03-11;30;34;64;SEC_610
1994;316;75 i +;22;12;34;SEC_316
2013;119;35-49;134;136;270;SEC_119
2000;435;25-34;72;67;139;SEC_435
2010;242;25-34;88;113;201;SEC_242
2015;311;12-15;27;29;56;SEC_311
2011;622;65-74;43;40;83;SEC_622
2003;304;65-74;86;65;151;SEC_304
2011;246;50-64;87;80;167;SEC_246
1998;526;12-15;9;14;23;SEC_526
2001;231;75 i +;88;46;134;SEC_231
2005;610;03-11;44;48;92;SEC_610
2012;629;35-49;53;80;133;SEC_629
2014;426;25-34;90;90;180;SEC_426
1997;625;00-02;8;7;15;SEC_625
2007;613;16-17;7;7;14;SEC_613
1994;203;75 i +;42;24;66;SEC_203
2009;612;16-17;7;13;20;SEC_612
2006;229;75 i +;57;32;89;SEC_229
1996;106;25-34;130;133;263;SEC_106
2001;247;18-24;51;45;96;SEC_247
2005;513;35-49;77;94;171;SEC_513
2008;622;25-34;51;76;127;SEC_622
1998;134;25-34;109;99;208;SEC_134
2001;506;75 i +;65;39;104;SEC_506
2009;622;50-64;101;86;187;SEC_622
2012;324;12-15;18;26;44;SEC_324
2005;403;65-74;85;92;177;SEC_403
2014;303;50-64;101;107;208;SEC_303
2006;116;12-15;31;20;51;SEC_116
2009;404;35-49;162;184;346;SEC_404
1998;114;12-15;32;36;68;SEC_114
2009;605;75 i +;42;31;73;SEC_605
2003;602;65-74;39;48;87;SEC_602
2004;238;35-49;90;103;193;SEC_238
2006;225;50-64;54;35;89;SEC_225
2005;521;03-11;24;30;54;SEC_521
1997;201;12-15;14;8;22;SEC_201
2005;114;65-74;77;83;160;SEC_114
1996;222;50-64;80;81;161;SEC_222
2009;530;35-49;173;165;338;SEC_530
2007;439;16-17;11;11;22;SEC_439
2014;427;75 i +;92;54;146;SEC_427
2005;628;12-15;23;15;38;SEC_628
1996;304;35-49;98;91;189;SEC_304
2006;248;65-74;51;49;100;SEC_248
1994;217;25-34;55;52;107;SEC_217
1998;219;16-17;4;19;23;SEC_219
2015;243;03-11;66;86;152;SEC_243
1996;504;65-74;58;60;118;SEC_504
2014;201;25-34;169;145;314;SEC_201
2014;504;65-74;89;74;163;SEC_504
2004;137;25-34;141;152;293;SEC_137
1995;401;12-15;33;28;61;SEC_401
2005;135;03-11;65;50;115;SEC_135
1997;401;18-24;56;67;123;SEC_401
2013;612;75 i +;63;46;109;SEC_612
2008;304;03-11;83;82;165;SEC_304
2006;101;16-17;6;13;19;SEC_101
1995;616;50-64;120;126;246;SEC_616
2009;534;12-15;10;17;27;SEC_534
2007;609;16-17;12;2;14;SEC_609
2003;101;25-34;187;202;389;SEC_101
2004;432;65-74;62;63;125;SEC_432
2011;502;12-15;26;33;59;SEC_502
2000;232;03-11;29;22;51;SEC_232
2009;220;75 i +;53;36;89;SEC_220
2007;122;12-15;12;8;20;SEC_122
2004;125;65-74;51;58;109;SEC_125
2016;601;18-24;59;55;114;SEC_601
2006;519;50-64;38;36;74;SEC_519
2006;428;75 i +;33;22;55;SEC_428
1997;417;18-24;38;44;82;SEC_417
2004;107;16-17;14;13;27;SEC_107
2012;208;65-74;110;80;190;SEC_208
2004;424;18-24;31;39;70;SEC_424
2009;527;65-74;46;32;78;SEC_527
2013;414;75 i +;87;65;152;SEC_414
2006;323;16-17;31;30;61;SEC_323
2004;237;03-11;43;37;80;SEC_237
2015;514;18-24;44;60;104;SEC_514
1995;121;03-11;27;22;49;SEC_121
2008;623;75 i +;53;30;83;SEC_623
2003;415;12-15;7;13;20;SEC_415
2000;133;12-15;16;16;32;SEC_133
1994;107;50-64;188;207;395;SEC_107
2003;302;75 i +;50;31;81;SEC_302
2001;510;65-74;60;55;115;SEC_510
2004;221;03-11;47;36;83;SEC_221
2016;440;25-34;66;70;136;SEC_440
1998;316;25-34;100;84;184;SEC_316
2001;629;00-02;6;5;11;SEC_629
2000;626;03-11;37;31;68;SEC_626
2006;101;50-64;128;118;246;SEC_101
1995;619;25-34;118;134;252;SEC_619
2012;441;00-02;25;22;47;SEC_441
2002;223;25-34;88;128;216;SEC_223
2016;514;03-11;57;72;129;SEC_514
2008;119;12-15;10;17;27;SEC_119
2015;217;16-17;11;15;26;SEC_217
2007;421;50-64;101;85;186;SEC_421
1996;438;00-02;4;6;10;SEC_438
1999;423;12-15;9;18;27;SEC_423
2007;601;75 i +;61;44;105;SEC_601
2000;302;65-74;63;46;109;SEC_302
2011;312;16-17;10;11;21;SEC_312
2012;321;65-74;111;122;233;SEC_321
2004;630;16-17;9;7;16;SEC_630
1994;604;50-64;86;80;166;SEC_604
2012;118;12-15;32;23;55;SEC_118
2010;432;00-02;18;29;47;SEC_432
2001;324;75 i +;53;26;79;SEC_324
1995;321;12-15;77;64;141;SEC_321
2002;215;16-17;10;4;14;SEC_215
2002;231;16-17;8;3;11;SEC_231
1996;423;18-24;55;61;116;SEC_423
2014;426;75 i +;49;28;77;SEC_426
2013;303;03-11;56;52;108;SEC_303
1997;105;25-34;77;82;159;SEC_105
2012;604;50-64;63;57;120;SEC_604
2006;112;00-02;24;22;46;SEC_112
2003;629;50-64;59;46;105;SEC_629
2013;310;25-34;77;67;144;SEC_310
2003;226;00-02;8;9;17;SEC_226
2014;523;03-11;43;48;91;SEC_523
1998;522;16-17;10;10;20;SEC_522
1994;129;18-24;105;100;205;SEC_129
1996;203;03-11;12;22;34;SEC_203
2002;532;65-74;87;71;158;SEC_532
2015;117;18-24;65;58;123;SEC_117
2012;526;00-02;7;17;24;SEC_526
1998;626;03-11;39;33;72;SEC_626
2000;620;75 i +;13;2;15;SEC_620
2008;107;25-34;162;185;347;SEC_107
2016;231;12-15;21;31;52;SEC_231
2000;118;65-74;41;36;77;SEC_118
2001;618;65-74;27;22;49;SEC_618
1994;228;16-17;10;9;19;SEC_228
2016;431;75 i +;94;38;132;SEC_431
2007;233;65-74;59;48;107;SEC_233
1994;605;35-49;68;36;104;SEC_605
2002;125;25-34;148;158;306;SEC_125
2008;533;12-15;11;16;27;SEC_533
1999;140;35-49;76;70;146;SEC_140
1997;126;00-02;5;6;11;SEC_126
2016;107;00-02;25;12;37;SEC_107
2016;202;16-17;19;19;38;SEC_202
1999;138;03-11;25;35;60;SEC_138
2002;219;00-02;16;14;30;SEC_219
2010;437;65-74;48;27;75;SEC_437
1995;307;25-34;97;73;170;SEC_307
2009;603;16-17;6;6;12;SEC_603
2016;514;50-64;129;109;238;SEC_514
2014;111;25-34;46;35;81;SEC_111
2011;538;75 i +;95;59;154;SEC_538
1997;608;25-34;89;116;205;SEC_608
2009;233;16-17;8;6;14;SEC_233
2007;201;35-49;75;110;185;SEC_201
1999;239;16-17;10;7;17;SEC_239
2008;538;18-24;51;51;102;SEC_538
1997;125;18-24;102;112;214;SEC_125
2011;430;75 i +;51;30;81;SEC_430
1994;233;25-34;71;76;147;SEC_233
2010;137;25-34;136;123;259;SEC_137
2005;223;35-49;138;169;307;SEC_223
1995;111;65-74;38;35;73;SEC_111
2012;219;16-17;13;13;26;SEC_219
2010;201;65-74;50;38;88;SEC_201
2008;229;00-02;9;10;19;SEC_229
1996;316;16-17;33;54;87;SEC_316
2007;133;12-15;9;9;18;SEC_133
2000;137;18-24;92;72;164;SEC_137
1996;603;25-34;59;68;127;SEC_603
1995;536;03-11;26;26;52;SEC_536
1997;515;12-15;14;5;19;SEC_515
2010;426;03-11;48;41;89;SEC_426
2013;301;50-64;196;194;390;SEC_301
2002;319;25-34;105;111;216;SEC_319
2012;108;03-11;59;51;110;SEC_108
2011;420;16-17;13;14;27;SEC_420
2006;310;75 i +;40;26;66;SEC_310
1996;218;12-15;11;14;25;SEC_218
2003;307;50-64;192;182;374;SEC_307
2007;430;50-64;62;61;123;SEC_430
2001;135;25-34;116;122;238;SEC_135
2007;209;18-24;35;47;82;SEC_209
2003;228;65-74;46;42;88;SEC_228
2010;249;12-15;19;22;41;SEC_249
2011;438;00-02;16;9;25;SEC_438
1999;407;00-02;10;11;21;SEC_407
2008;412;16-17;12;16;28;SEC_412
2015;212;25-34;99;102;201;SEC_212
2011;224;12-15;11;13;24;SEC_224
2007;621;12-15;33;17;50;SEC_621
2002;534;35-49;89;89;178;SEC_534
1994;534;75 i +;43;20;63;SEC_534
2005;410;16-17;9;14;23;SEC_410
2014;315;65-74;65;69;134;SEC_315
2008;534;25-34;90;93;183;SEC_534
2015;308;03-11;100;94;194;SEC_308
1998;305;25-34;90;102;192;SEC_305
2006;407;75 i +;71;49;120;SEC_407
2001;308;18-24;75;71;146;SEC_308
2010;103;75 i +;44;32;76;SEC_103
1998;324;75 i +;49;19;68;SEC_324
2010;506;00-02;13;16;29;SEC_506
2012;313;75 i +;95;62;157;SEC_313
2002;507;18-24;51;47;98;SEC_507
2015;229;75 i +;93;53;146;SEC_229
2006;105;75 i +;60;33;93;SEC_105
2012;501;75 i +;34;27;61;SEC_501
2003;524;35-49;124;131;255;SEC_524
2012;514;16-17;8;7;15;SEC_514
1994;413;00-02;9;8;17;SEC_413
2011;102;00-02;20;14;34;SEC_102
2016;116;00-02;17;13;30;SEC_116
2013;248;75 i +;72;50;122;SEC_248
2002;109;03-11;39;39;78;SEC_109
2000;132;16-17;33;30;63;SEC_132
2012;428;18-24;33;27;60;SEC_428
2012;320;65-74;64;65;129;SEC_320
2000;106;65-74;57;44;101;SEC_106
2003;232;12-15;14;15;29;SEC_232
2006;231;03-11;45;36;81;SEC_231
2004;415;03-11;23;27;50;SEC_415
2008;605;18-24;22;12;34;SEC_605
2008;320;00-02;16;17;33;SEC_320
1998;228;12-15;5;9;14;SEC_228
1998;140;18-24;63;61;124;SEC_140
2010;536;18-24;34;28;62;SEC_536
1998;614;50-64;137;125;262;SEC_614
2015;605;16-17;14;9;23;SEC_605
2000;132;35-49;252;238;490;SEC_132
1996;428;35-49;37;40;77;SEC_428
2014;310;00-02;18;11;29;SEC_310
2007;617;18-24;39;32;71;SEC_617
2013;309;75 i +;38;18;56;SEC_309
2003;410;03-11;44;68;112;SEC_410
2010;201;16-17;5;8;13;SEC_201
2011;313;00-02;28;24;52;SEC_313
2012;123;03-11;55;56;111;SEC_123
2009;509;65-74;38;33;71;SEC_509
2000;133;65-74;57;42;99;SEC_133
2001;210;75 i +;69;38;107;SEC_210
2000;114;03-11;49;39;88;SEC_114
2005;218;12-15;14;15;29;SEC_218
2011;101;00-02;37;43;80;SEC_101
2007;215;25-34;97;110;207;SEC_215
2016;236;18-24;48;40;88;SEC_236
2006;109;00-02;15;13;28;SEC_109
2013;326;50-64;28;35;63;SEC_326
2013;322;35-49;195;183;378;SEC_322
1997;412;35-49;192;193;385;SEC_412
2005;534;16-17;7;7;14;SEC_534
2001;624;50-64;160;173;333;SEC_624
1998;623;35-49;165;137;302;SEC_623
2000;245;18-24;45;44;89;SEC_245
2007;139;00-02;17;16;33;SEC_139
1998;129;12-15;27;21;48;SEC_129
2011;436;75 i +;28;24;52;SEC_436
1999;140;03-11;10;14;24;SEC_140
1997;224;03-11;16;21;37;SEC_224
2005;117;18-24;101;103;204;SEC_117
2015;621;25-34;72;90;162;SEC_621
2012;127;16-17;5;5;10;SEC_127
2014;531;00-02;11;14;25;SEC_531
2011;607;18-24;42;38;80;SEC_607
2006;130;25-34;84;79;163;SEC_130
2002;619;75 i +;52;33;85;SEC_619
2002;621;03-11;53;52;105;SEC_621
2009;119;00-02;10;15;25;SEC_119
1996;303;18-24;120;134;254;SEC_303
1996;504;75 i +;47;31;78;SEC_504
2014;526;12-15;27;34;61;SEC_526
2009;314;16-17;14;32;46;SEC_314
2009;133;50-64;99;85;184;SEC_133
2011;201;03-11;51;54;105;SEC_201
2008;233;35-49;104;138;242;SEC_233
2006;138;16-17;6;7;13;SEC_138
2015;136;75 i +;68;40;108;SEC_136
2003;241;03-11;29;21;50;SEC_241
2012;423;18-24;38;42;80;SEC_423
1997;534;16-17;12;11;23;SEC_534
2003;117;35-49;242;245;487;SEC_117
1995;124;00-02;4;10;14;SEC_124
1999;128;03-11;23;36;59;SEC_128
2005;401;75 i +;74;46;120;SEC_401
2011;431;03-11;82;79;161;SEC_431
1998;503;12-15;28;24;52;SEC_503
2014;440;65-74;88;64;152;SEC_440
2015;116;25-34;68;68;136;SEC_116
1999;316;12-15;94;100;194;SEC_316
2000;441;50-64;184;180;364;SEC_441
2016;126;12-15;22;19;41;SEC_126
1994;229;65-74;59;51;110;SEC_229
1998;247;25-34;91;107;198;SEC_247
2000;202;12-15;10;14;24;SEC_202
2008;514;25-34;56;99;155;SEC_514
1999;419;35-49;57;72;129;SEC_419
2014;131;50-64;134;127;261;SEC_131
2007;629;25-34;38;50;88;SEC_629
1994;226;18-24;65;59;124;SEC_226
2001;422;18-24;52;50;102;SEC_422
2002;627;18-24;83;80;163;SEC_627
2001;419;75 i +;39;18;57;SEC_419
2003;221;16-17;8;11;19;SEC_221
2013;303;50-64;107;105;212;SEC_303
2002;205;03-11;32;28;60;SEC_205
2001;248;25-34;101;116;217;SEC_248
2008;202;50-64;64;56;120;SEC_202
2001;534;75 i +;49;19;68;SEC_534
2015;320;50-64;111;113;224;SEC_320
1998;418;25-34;87;105;192;SEC_418
2004;607;25-34;80;109;189;SEC_607
2002;211;12-15;23;17;40;SEC_211
1994;107;25-34;132;148;280;SEC_107
2013;307;00-02;16;13;29;SEC_307
1996;622;16-17;24;13;37;SEC_622
2004;217;18-24;22;28;50;SEC_217
1997;212;50-64;141;116;257;SEC_212
1996;441;00-02;15;10;25;SEC_441
2014;301;65-74;143;113;256;SEC_301
2011;232;18-24;40;35;75;SEC_232
1994;306;50-64;141;119;260;SEC_306
2011;604;16-17;8;7;15;SEC_604
2001;319;65-74;36;25;61;SEC_319
2014;426;35-49;127;137;264;SEC_426
1998;237;18-24;62;62;124;SEC_237
2002;103;65-74;41;43;84;SEC_103
2005;245;03-11;45;39;84;SEC_245
2015;313;03-11;82;74;156;SEC_313
1997;228;35-49;40;54;94;SEC_228
2015;220;18-24;78;66;144;SEC_220
2004;236;75 i +;76;45;121;SEC_236
1999;421;12-15;4;15;19;SEC_421
2006;513;35-49;72;85;157;SEC_513
2008;417;25-34;71;64;135;SEC_417
2014;231;35-49;165;180;345;SEC_231
2010;410;35-49;169;166;335;SEC_410
2005;230;18-24;43;31;74;SEC_230
1996;406;18-24;84;99;183;SEC_406
2005;505;75 i +;49;42;91;SEC_505
2002;518;16-17;6;10;16;SEC_518
1996;304;16-17;10;12;22;SEC_304
1998;422;18-24;37;43;80;SEC_422
2004;241;12-15;22;14;36;SEC_241
2002;247;12-15;17;22;39;SEC_247
2008;211;12-15;22;26;48;SEC_211
2001;208;65-74;140;124;264;SEC_208
1999;318;75 i +;8;8;16;SEC_318
2016;504;65-74;91;64;155;SEC_504
2014;441;25-34;175;170;345;SEC_441
1999;310;00-02;9;13;22;SEC_310
1994;242;25-34;70;77;147;SEC_242
1994;617;18-24;96;139;235;SEC_617
2005;249;50-64;89;79;168;SEC_249
2016;316;75 i +;79;49;128;SEC_316
2016;411;03-11;31;32;63;SEC_411
2008;408;35-49;100;126;226;SEC_408
2003;602;35-49;51;51;102;SEC_602
2001;427;35-49;76;81;157;SEC_427
1997;504;75 i +;50;34;84;SEC_504
2007;318;16-17;8;8;16;SEC_318
2001;238;65-74;58;37;95;SEC_238
2006;620;03-11;13;29;42;SEC_620
1999;137;18-24;86;85;171;SEC_137
1994;420;50-64;146;132;278;SEC_420
2010;502;12-15;30;25;55;SEC_502
2005;606;18-24;39;37;76;SEC_606
2015;124;25-34;57;50;107;SEC_124
2015;315;12-15;26;33;59;SEC_315
2004;611;50-64;188;145;333;SEC_611
2002;429;12-15;8;17;25;SEC_429
1998;307;75 i +;41;22;63;SEC_307
2000;414;03-11;23;33;56;SEC_414
2007;612;50-64;113;88;201;SEC_612
2016;405;25-34;134;100;234;SEC_405
2011;225;12-15;5;7;12;SEC_225
2013;626;25-34;54;47;101;SEC_626
2001;525;16-17;6;4;10;SEC_525
1998;420;16-17;8;14;22;SEC_420
2011;616;16-17;27;38;65;SEC_616
2003;324;00-02;12;15;27;SEC_324
1997;206;00-02;3;9;12;SEC_206
1998;105;35-49;184;145;329;SEC_105
2016;506;00-02;11;15;26;SEC_506
1998;530;65-74;114;78;192;SEC_530
1998;418;12-15;21;28;49;SEC_418
2010;438;16-17;6;9;15;SEC_438
2001;429;50-64;49;54;103;SEC_429
2007;307;35-49;137;120;257;SEC_307
2011;235;00-02;28;25;53;SEC_235
2016;105;18-24;30;29;59;SEC_105
2002;220;18-24;47;35;82;SEC_220
1997;306;75 i +;56;35;91;SEC_306
1998;417;12-15;9;14;23;SEC_417
2004;301;00-02;49;44;93;SEC_301
2006;110;50-64;181;149;330;SEC_110
2000;604;35-49;60;72;132;SEC_604
2004;121;75 i +;63;37;100;SEC_121
2003;439;65-74;61;63;124;SEC_439
1996;623;03-11;53;55;108;SEC_623
2015;524;75 i +;82;42;124;SEC_524
2009;317;35-49;135;149;284;SEC_317
2007;503;18-24;41;35;76;SEC_503
2009;604;18-24;26;48;74;SEC_604
2001;324;00-02;12;16;28;SEC_324
1998;530;00-02;10;16;26;SEC_530
2016;422;65-74;53;31;84;SEC_422
2013;302;18-24;35;43;78;SEC_302
2007;124;18-24;36;35;71;SEC_124
1996;601;25-34;93;132;225;SEC_601
2000;612;12-15;12;17;29;SEC_612
1998;228;16-17;6;1;7;SEC_228
2001;407;12-15;6;19;25;SEC_407
2004;522;16-17;9;15;24;SEC_522
1996;130;25-34;68;93;161;SEC_130
2006;515;18-24;39;42;81;SEC_515
1997;426;03-11;26;31;57;SEC_426
2011;513;12-15;14;14;28;SEC_513
2008;309;12-15;13;18;31;SEC_309
2003;621;25-34;139;165;304;SEC_621
2009;123;50-64;109;111;220;SEC_123
1995;241;50-64;77;66;143;SEC_241
1995;223;25-34;101;96;197;SEC_223
2006;203;35-49;101;104;205;SEC_203
2002;415;50-64;49;55;104;SEC_415
2002;615;16-17;9;4;13;SEC_615
1996;425;18-24;62;55;117;SEC_425
2009;630;75 i +;38;22;60;SEC_630
2014;247;16-17;10;10;20;SEC_247
2002;118;00-02;21;19;40;SEC_118
2011;235;65-74;78;59;137;SEC_235
1994;206;65-74;59;42;101;SEC_206
1997;442;25-34;57;52;109;SEC_442
1998;247;65-74;85;71;156;SEC_247
2009;241;25-34;80;79;159;SEC_241
2003;204;25-34;45;55;100;SEC_204
2007;228;25-34;83;96;179;SEC_228
2013;213;12-15;5;25;30;SEC_213
1997;112;50-64;128;119;247;SEC_112
1998;431;25-34;100;101;201;SEC_431
1999;116;12-15;34;21;55;SEC_116
2010;613;75 i +;73;44;117;SEC_613
2008;417;16-17;7;6;13;SEC_417
1996;512;25-34;77;81;158;SEC_512
2016;622;18-24;17;34;51;SEC_622
1996;620;75 i +;14;2;16;SEC_620
1999;435;75 i +;102;46;148;SEC_435
2004;624;50-64;171;158;329;SEC_624
2016;112;16-17;17;12;29;SEC_112
2013;324;03-11;64;48;112;SEC_324
1998;407;03-11;20;29;49;SEC_407
2003;525;12-15;13;19;32;SEC_525
2012;243;12-15;21;29;50;SEC_243
2011;123;03-11;47;52;99;SEC_123
1999;416;00-02;6;6;12;SEC_416
2008;212;35-49;179;185;364;SEC_212
2006;411;25-34;70;84;154;SEC_411
1999;243;00-02;9;14;23;SEC_243
1996;242;75 i +;56;39;95;SEC_242
2005;317;18-24;46;55;101;SEC_317
2011;528;65-74;65;52;117;SEC_528
2003;107;25-34;160;211;371;SEC_107
2001;201;35-49;53;52;105;SEC_201
2008;624;16-17;11;12;23;SEC_624
2015;524;18-24;41;45;86;SEC_524
2008;128;25-34;98;108;206;SEC_128
1996;304;75 i +;68;42;110;SEC_304
1999;625;12-15;39;46;85;SEC_625
2002;535;00-02;10;8;18;SEC_535
2013;326;16-17;5;2;7;SEC_326
2010;439;00-02;25;30;55;SEC_439
2005;421;00-02;16;13;29;SEC_421
2003;530;50-64;107;91;198;SEC_530
2003;235;25-34;145;144;289;SEC_235
2004;502;03-11;41;45;86;SEC_502
1996;528;03-11;43;33;76;SEC_528
2007;536;03-11;39;30;69;SEC_536
1995;403;50-64;163;165;328;SEC_403
2005;125;65-74;49;65;114;SEC_125
1998;618;00-02;2;5;7;SEC_618
2003;515;65-74;32;29;61;SEC_515
1996;233;00-02;9;4;13;SEC_233
2016;529;65-74;45;36;81;SEC_529
2000;111;50-64;109;94;203;SEC_111
1998;523;35-49;104;114;218;SEC_523
2012;305;65-74;63;63;126;SEC_305
2004;437;75 i +;34;19;53;SEC_437
1995;246;03-11;29;27;56;SEC_246
2011;510;25-34;74;74;148;SEC_510
2013;435;03-11;65;57;122;SEC_435
2001;524;03-11;41;56;97;SEC_524
2014;216;25-34;100;88;188;SEC_216
2002;609;50-64;127;110;237;SEC_609
2010;408;00-02;22;13;35;SEC_408
2009;429;65-74;31;25;56;SEC_429
2010;410;00-02;21;14;35;SEC_410
2009;129;50-64;102;89;191;SEC_129
2008;242;16-17;12;11;23;SEC_242
2010;213;75 i +;60;33;93;SEC_213
2004;632;16-17;18;9;27;SEC_632
2009;623;35-49;143;158;301;SEC_623
2012;531;25-34;91;84;175;SEC_531
2005;320;25-34;101;112;213;SEC_320
2013;503;25-34;42;51;93;SEC_503
2002;218;18-24;25;41;66;SEC_218
2010;503;18-24;29;34;63;SEC_503
1996;112;25-34;113;115;228;SEC_112
2010;110;03-11;38;34;72;SEC_110
1997;414;25-34;81;83;164;SEC_414
2001;627;00-02;15;5;20;SEC_627
2012;613;50-64;81;61;142;SEC_613
1999;234;12-15;11;12;23;SEC_234
2006;532;35-49;147;155;302;SEC_532
1996;405;65-74;62;60;122;SEC_405
2013;301;35-49;379;401;780;SEC_301
2004;533;03-11;36;23;59;SEC_533
2002;134;65-74;49;36;85;SEC_134
2005;427;18-24;34;42;76;SEC_427
2015;420;16-17;20;16;36;SEC_420
1998;402;25-34;50;74;124;SEC_402
2009;227;35-49;85;95;180;SEC_227
2011;537;75 i +;74;55;129;SEC_537
2003;412;00-02;19;12;31;SEC_412
1994;612;65-74;47;30;77;SEC_612
1996;617;50-64;134;113;247;SEC_617
2003;219;75 i +;82;48;130;SEC_219
2005;414;25-34;88;86;174;SEC_414
2012;428;75 i +;33;24;57;SEC_428
2007;207;50-64;70;60;130;SEC_207
2002;606;18-24;42;50;92;SEC_606
2005;441;03-11;65;53;118;SEC_441
1994;526;18-24;51;49;100;SEC_526
2005;433;16-17;15;7;22;SEC_433
2015;612;00-02;19;9;28;SEC_612
2012;516;00-02;11;15;26;SEC_516
2007;126;75 i +;58;28;86;SEC_126
1999;419;25-34;80;91;171;SEC_419
1995;519;00-02;6;4;10;SEC_519
2001;622;00-02;13;10;23;SEC_622
2012;210;35-49;103;97;200;SEC_210
2008;438;35-49;88;101;189;SEC_438
2008;611;25-34;172;178;350;SEC_611
2002;511;75 i +;43;25;68;SEC_511
2016;121;25-34;39;52;91;SEC_121
1999;238;25-34;57;53;110;SEC_238
2000;613;65-74;69;55;124;SEC_613
2012;102;12-15;28;27;55;SEC_102
2002;316;50-64;231;250;481;SEC_316
2016;220;16-17;7;10;17;SEC_220
2002;105;18-24;72;72;144;SEC_105
2014;627;12-15;16;12;28;SEC_627
2015;433;25-34;131;114;245;SEC_433
2012;629;50-64;53;46;99;SEC_629
2006;625;25-34;106;109;215;SEC_625
2009;232;12-15;23;10;33;SEC_232
2008;603;12-15;11;8;19;SEC_603
2014;605;35-49;201;197;398;SEC_605
1998;516;12-15;10;3;13;SEC_516
2016;221;65-74;83;70;153;SEC_221
2007;320;12-15;14;10;24;SEC_320
2002;210;25-34;64;77;141;SEC_210
2009;123;35-49;160;170;330;SEC_123
2004;311;75 i +;88;49;137;SEC_311
2006;508;18-24;31;24;55;SEC_508
2010;307;03-11;33;33;66;SEC_307
2007;306;65-74;77;59;136;SEC_306
2007;401;12-15;24;16;40;SEC_401
2003;605;65-74;54;50;104;SEC_605
2005;133;03-11;33;40;73;SEC_133
2012;603;35-49;83;79;162;SEC_603
2011;213;03-11;32;51;83;SEC_213
2014;242;00-02;15;15;30;SEC_242
2003;512;50-64;81;74;155;SEC_512
2001;415;16-17;7;6;13;SEC_415
2014;101;65-74;67;54;121;SEC_101
2015;621;12-15;18;29;47;SEC_621
2008;440;75 i +;56;48;104;SEC_440
2012;509;16-17;7;10;17;SEC_509
2005;222;18-24;52;54;106;SEC_222
2005;535;75 i +;45;25;70;SEC_535
1995;107;18-24;125;154;279;SEC_107
2002;228;00-02;4;5;9;SEC_228
2016;223;75 i +;59;39;98;SEC_223
2003;225;03-11;6;16;22;SEC_225
2004;533;25-34;96;128;224;SEC_533
2013;534;50-64;81;72;153;SEC_534
1996;419;16-17;6;13;19;SEC_419
2006;629;35-49;62;59;121;SEC_629
2014;437;50-64;143;111;254;SEC_437
1997;502;00-02;11;8;19;SEC_502
2000;224;35-49;64;62;126;SEC_224
2008;135;35-49;180;170;350;SEC_135
1998;617;25-34;104;129;233;SEC_617
2000;229;50-64;61;61;122;SEC_229
2013;119;00-02;20;14;34;SEC_119
1998;535;18-24;86;104;190;SEC_535
2000;310;75 i +;29;15;44;SEC_310
2004;108;75 i +;90;54;144;SEC_108
2002;115;25-34;107;129;236;SEC_115
2000;626;50-64;130;107;237;SEC_626
1996;518;16-17;12;11;23;SEC_518
2004;133;16-17;12;7;19;SEC_133
2016;534;75 i +;67;51;118;SEC_534
1997;429;03-11;15;29;44;SEC_429
1997;409;75 i +;16;9;25;SEC_409
1999;605;00-02;3;5;8;SEC_605
2003;215;12-15;9;13;22;SEC_215
1994;133;12-15;25;29;54;SEC_133
1998;232;50-64;95;87;182;SEC_232
2007;622;03-11;19;32;51;SEC_622
2000;118;12-15;43;44;87;SEC_118
1998;235;25-34;120;114;234;SEC_235
2013;205;03-11;35;39;74;SEC_205
2008;312;18-24;77;62;139;SEC_312
1994;109;03-11;49;56;105;SEC_109
2006;432;25-34;116;132;248;SEC_432
2000;118;18-24;150;160;310;SEC_118
1999;617;25-34;106;132;238;SEC_617
2013;220;00-02;31;31;62;SEC_220
2014;521;35-49;98;105;203;SEC_521
2006;405;18-24;32;18;50;SEC_405
2012;214;35-49;133;154;287;SEC_214
2009;532;75 i +;78;59;137;SEC_532
2011;113;50-64;227;189;416;SEC_113
2003;219;00-02;12;12;24;SEC_219
1997;502;50-64;152;165;317;SEC_502
2005;129;03-11;38;46;84;SEC_129
2004;620;03-11;18;27;45;SEC_620
1998;102;75 i +;81;37;118;SEC_102
2013;524;75 i +;73;47;120;SEC_524
2000;429;03-11;11;25;36;SEC_429
2013;245;65-74;47;24;71;SEC_245
2001;309;75 i +;30;10;40;SEC_309
2009;627;65-74;51;49;100;SEC_627
2012;416;18-24;32;34;66;SEC_416
2013;323;12-15;46;34;80;SEC_323
2016;605;16-17;8;9;17;SEC_605
1995;138;65-74;19;20;39;SEC_138
1997;318;18-24;42;55;97;SEC_318
2002;209;12-15;18;25;43;SEC_209
1995;628;50-64;129;145;274;SEC_628
2003;201;25-34;54;57;111;SEC_201
1997;408;18-24;44;53;97;SEC_408
1996;522;50-64;68;69;137;SEC_522
2012;139;12-15;14;20;34;SEC_139
2002;439;50-64;78;57;135;SEC_439
2002;417;65-74;36;34;70;SEC_417
1999;523;50-64;138;130;268;SEC_523
2013;503;75 i +;43;20;63;SEC_503
2006;205;16-17;8;10;18;SEC_205
2013;617;35-49;115;132;247;SEC_617
2009;317;25-34;111;130;241;SEC_317
1996;422;00-02;6;8;14;SEC_422
2016;432;16-17;13;11;24;SEC_432
2006;119;00-02;15;13;28;SEC_119
2013;529;12-15;21;32;53;SEC_529
2005;515;16-17;8;14;22;SEC_515
2009;303;75 i +;99;88;187;SEC_303
2003;438;18-24;42;36;78;SEC_438
2006;609;25-34;73;82;155;SEC_609
1997;605;35-49;55;46;101;SEC_605
2005;527;25-34;117;146;263;SEC_527
1996;312;12-15;14;30;44;SEC_312
1996;603;75 i +;10;13;23;SEC_603
1996;401;03-11;58;43;101;SEC_401
2000;528;00-02;9;10;19;SEC_528
1995;631;18-24;134;144;278;SEC_631
2007;602;65-74;52;71;123;SEC_602
2007;439;35-49;145;154;299;SEC_439
2014;214;00-02;31;31;62;SEC_214
1999;211;18-24;39;51;90;SEC_211
2015;132;35-49;239;255;494;SEC_132
2012;510;00-02;15;17;32;SEC_510
2000;131;75 i +;37;25;62;SEC_131
2010;247;16-17;9;10;19;SEC_247
2009;428;18-24;32;28;60;SEC_428
1996;131;75 i +;30;14;44;SEC_131
1998;106;75 i +;42;25;67;SEC_106
2008;630;03-11;31;35;66;SEC_630
2016;111;65-74;67;52;119;SEC_111
2012;217;18-24;35;19;54;SEC_217
1999;601;16-17;15;23;38;SEC_601
1997;505;18-24;140;133;273;SEC_505
2009;624;18-24;38;26;64;SEC_624
2009;407;65-74;58;36;94;SEC_407
2007;530;35-49;169;161;330;SEC_530
2000;122;50-64;111;98;209;SEC_122
2012;514;03-11;33;38;71;SEC_514
2015;416;00-02;17;19;36;SEC_416
2003;439;12-15;16;18;34;SEC_439
2004;518;18-24;39;55;94;SEC_518
2015;233;65-74;38;19;57;SEC_233
2014;238;75 i +;57;41;98;SEC_238
1997;123;75 i +;55;36;91;SEC_123
1997;416;12-15;12;13;25;SEC_416
1997;432;75 i +;28;21;49;SEC_432
2011;430;50-64;63;62;125;SEC_430
2008;605;35-49;67;71;138;SEC_605
2001;220;18-24;44;25;69;SEC_220
2000;307;18-24;116;98;214;SEC_307
2016;133;25-34;67;54;121;SEC_133
2008;611;12-15;35;37;72;SEC_611
2004;523;35-49;152;145;297;SEC_523
1994;603;12-15;17;23;40;SEC_603
2013;301;75 i +;138;96;234;SEC_301
1996;246;35-49;88;86;174;SEC_246
2002;103;50-64;63;55;118;SEC_103
2010;320;50-64;90;80;170;SEC_320
1995;608;18-24;86;114;200;SEC_608
2000;139;75 i +;25;12;37;SEC_139
2012;230;25-34;95;90;185;SEC_230
2012;619;75 i +;92;69;161;SEC_619
1998;533;16-17;6;6;12;SEC_533
2013;505;35-49;135;130;265;SEC_505
2005;307;75 i +;86;51;137;SEC_307
2011;303;12-15;18;27;45;SEC_303
2005;524;00-02;19;19;38;SEC_524
2001;501;50-64;154;182;336;SEC_501
2011;225;75 i +;48;21;69;SEC_225
2015;321;18-24;63;77;140;SEC_321
2010;136;75 i +;62;31;93;SEC_136
2016;618;50-64;105;93;198;SEC_618
2015;513;25-34;98;86;184;SEC_513
2006;226;03-11;41;35;76;SEC_226
2011;135;18-24;50;49;99;SEC_135
2005;115;35-49;151;141;292;SEC_115
2013;112;50-64;166;159;325;SEC_112
1999;512;65-74;44;29;73;SEC_512
2010;515;75 i +;36;11;47;SEC_515
2006;420;35-49;167;184;351;SEC_420
1998;417;35-49;54;60;114;SEC_417
2012;619;16-17;5;10;15;SEC_619
2008;241;12-15;16;12;28;SEC_241
2008;437;65-74;46;35;81;SEC_437
2016;401;35-49;112;111;223;SEC_401
2011;420;12-15;24;26;50;SEC_420
2002;130;25-34;88;90;178;SEC_130
2003;115;18-24;68;65;133;SEC_115
2003;530;25-34;131;160;291;SEC_530
2004;603;35-49;55;56;111;SEC_603
1994;410;12-15;45;36;81;SEC_410
2008;406;50-64;122;114;236;SEC_406
2013;606;12-15;18;30;48;SEC_606
1995;435;75 i +;79;32;111;SEC_435
2008;139;00-02;21;15;36;SEC_139
2007;538;12-15;13;18;31;SEC_538
2016;327;18-24;48;44;92;SEC_327
2000;617;65-74;56;50;106;SEC_617
1998;133;00-02;3;11;14;SEC_133
1996;231;50-64;110;101;211;SEC_231
2004;438;16-17;12;7;19;SEC_438
2006;242;50-64;92;91;183;SEC_242
2015;608;50-64;142;116;258;SEC_608
2001;628;35-49;104;78;182;SEC_628
2000;134;18-24;47;81;128;SEC_134
2012;611;16-17;8;18;26;SEC_611
2009;536;35-49;99;111;210;SEC_536
2006;236;16-17;8;11;19;SEC_236
2008;410;25-34;102;121;223;SEC_410
2016;435;50-64;86;90;176;SEC_435
1997;609;16-17;12;9;21;SEC_609
2006;421;00-02;17;11;28;SEC_421
2004;506;03-11;65;72;137;SEC_506
2006;421;65-74;90;61;151;SEC_421
2005;433;35-49;132;143;275;SEC_433
2002;215;18-24;33;46;79;SEC_215
2011;112;16-17;21;11;32;SEC_112
2016;137;12-15;37;23;60;SEC_137
2007;515;03-11;19;28;47;SEC_515
2008;222;65-74;38;35;73;SEC_222
2006;512;65-74;61;59;120;SEC_512
2008;222;50-64;68;71;139;SEC_222
2005;219;03-11;61;43;104;SEC_219
2009;209;18-24;42;53;95;SEC_209
1995;237;16-17;13;15;28;SEC_237
2011;429;16-17;7;4;11;SEC_429
2011;116;25-34;89;100;189;SEC_116
2001;421;35-49;79;90;169;SEC_421
2016;216;03-11;51;71;122;SEC_216
2007;115;00-02;10;15;25;SEC_115
2001;206;25-34;67;82;149;SEC_206
2011;117;50-64;238;219;457;SEC_117
2006;317;25-34;124;137;261;SEC_317
1998;516;16-17;8;4;12;SEC_516
2003;431;50-64;111;105;216;SEC_431
2013;317;16-17;14;14;28;SEC_317
2016;305;18-24;69;62;131;SEC_305
1999;604;18-24;39;51;90;SEC_604
2016;120;25-34;100;109;209;SEC_120
2007;211;00-02;20;23;43;SEC_211
2015;217;18-24;65;49;114;SEC_217
2001;236;25-34;72;87;159;SEC_236
2013;106;65-74;80;103;183;SEC_106
2004;302;12-15;16;13;29;SEC_302
2012;249;25-34;99;92;191;SEC_249
2014;224;00-02;19;17;36;SEC_224
2011;246;35-49;149;180;329;SEC_246
2013;626;03-11;32;39;71;SEC_626
2007;249;03-11;34;41;75;SEC_249
2000;420;03-11;46;39;85;SEC_420
2015;324;65-74;52;34;86;SEC_324
2016;236;16-17;5;8;13;SEC_236
1995;309;18-24;40;50;90;SEC_309
1997;107;00-02;20;15;35;SEC_107
2015;135;35-49;163;179;342;SEC_135
2004;535;25-34;69;84;153;SEC_535
2004;417;12-15;9;6;15;SEC_417
2015;221;03-11;93;87;180;SEC_221
2005;319;35-49;190;210;400;SEC_319
2015;138;16-17;13;7;20;SEC_138
1995;323;35-49;417;418;835;SEC_323
1996;220;35-49;65;60;125;SEC_220
2016;534;50-64;89;80;169;SEC_534
1995;101;00-02;17;21;38;SEC_101
2011;602;18-24;13;16;29;SEC_602
2002;246;00-02;10;13;23;SEC_246
2004;617;12-15;24;17;41;SEC_617
1996;216;18-24;78;100;178;SEC_216
2016;304;50-64;195;181;376;SEC_304
2001;604;65-74;36;35;71;SEC_604
2012;237;16-17;18;9;27;SEC_237
2008;503;50-64;116;100;216;SEC_503
2012;122;12-15;18;20;38;SEC_122
2004;320;25-34;106;117;223;SEC_320
2009;607;18-24;42;36;78;SEC_607
2015;426;03-11;49;44;93;SEC_426
2001;412;50-64;180;173;353;SEC_412
1995;532;00-02;12;10;22;SEC_532
1996;109;35-49;138;138;276;SEC_109
1999;529;00-02;13;13;26;SEC_529
2002;512;35-49;77;80;157;SEC_512
2006;321;12-15;34;44;78;SEC_321
2016;609;50-64;53;55;108;SEC_609
1997;526;35-49;55;60;115;SEC_526
2007;120;00-02;15;39;54;SEC_120
2003;131;12-15;26;17;43;SEC_131
2008;534;35-49;129;121;250;SEC_534
2015;213;00-02;17;10;27;SEC_213
2016;622;35-49;95;108;203;SEC_622
1998;628;65-74;47;39;86;SEC_628
1994;113;18-24;71;75;146;SEC_113
1994;630;25-34;53;61;114;SEC_630
2014;432;50-64;136;115;251;SEC_432
1999;438;25-34;86;95;181;SEC_438
2014;211;35-49;186;192;378;SEC_211
2004;608;65-74;69;55;124;SEC_608
1998;238;16-17;9;8;17;SEC_238
2003;507;18-24;45;43;88;SEC_507
2004;619;65-74;98;85;183;SEC_619
2012;221;03-11;31;38;69;SEC_221
2016;427;18-24;78;80;158;SEC_427
2007;410;00-02;23;24;47;SEC_410
1998;433;18-24;41;60;101;SEC_433
2015;306;50-64;144;144;288;SEC_306
2001;133;75 i +;43;33;76;SEC_133
2003;518;75 i +;51;29;80;SEC_518
2010;216;35-49;142;141;283;SEC_216
2014;309;18-24;35;33;68;SEC_309
2012;518;12-15;16;19;35;SEC_518
2006;206;65-74;59;37;96;SEC_206
1996;510;75 i +;35;23;58;SEC_510
2006;230;18-24;49;40;89;SEC_230
2009;242;25-34;87;116;203;SEC_242
2003;216;35-49;140;111;251;SEC_216
1994;625;18-24;101;95;196;SEC_625
1998;325;35-49;190;169;359;SEC_325
1998;202;65-74;42;42;84;SEC_202
2009;129;16-17;11;5;16;SEC_129
2013;421;35-49;161;161;322;SEC_421
1999;513;16-17;5;2;7;SEC_513
2008;119;03-11;34;37;71;SEC_119
2007;509;50-64;64;52;116;SEC_509
2010;137;12-15;25;23;48;SEC_137
1996;535;12-15;26;34;60;SEC_535
2014;301;16-17;19;19;38;SEC_301
2010;440;16-17;8;8;16;SEC_440
2010;310;50-64;86;99;185;SEC_310
2000;414;18-24;31;40;71;SEC_414
2015;209;12-15;14;15;29;SEC_209
1998;406;65-74;66;75;141;SEC_406
2016;103;35-49;106;117;223;SEC_103
2015;425;03-11;42;49;91;SEC_425
2014;401;00-02;12;19;31;SEC_401
1997;413;65-74;41;39;80;SEC_413
2010;113;75 i +;57;42;99;SEC_113
1998;226;35-49;105;91;196;SEC_226
2015;514;12-15;23;29;52;SEC_514
2011;230;65-74;32;19;51;SEC_230
2011;619;65-74;102;85;187;SEC_619
2009;136;00-02;18;17;35;SEC_136
1999;123;35-49;126;131;257;SEC_123
1999;504;35-49;98;84;182;SEC_504
2006;208;03-11;39;45;84;SEC_208
1997;421;18-24;66;71;137;SEC_421
2015;130;16-17;7;3;10;SEC_130
1999;608;35-49;85;88;173;SEC_608
2005;612;00-02;15;13;28;SEC_612
2014;410;50-64;138;124;262;SEC_410
2009;115;16-17;13;11;24;SEC_115
2013;518;12-15;18;21;39;SEC_518
1997;207;00-02;8;6;14;SEC_207
1997;537;65-74;76;59;135;SEC_537
2015;416;50-64;108;107;215;SEC_416
2005;122;18-24;35;24;59;SEC_122
2013;425;12-15;12;16;28;SEC_425
1996;317;12-15;12;17;29;SEC_317
2014;211;12-15;27;29;56;SEC_211
1995;537;50-64;149;135;284;SEC_537
2000;603;35-49;51;57;108;SEC_603
2004;116;18-24;70;58;128;SEC_116
1997;535;65-74;34;28;62;SEC_535
2007;440;35-49;84;99;183;SEC_440
2002;232;75 i +;71;35;106;SEC_232
1997;401;00-02;8;11;19;SEC_401
2000;518;18-24;51;47;98;SEC_518
2015;623;25-34;56;65;121;SEC_623
1998;407;18-24;41;49;90;SEC_407
2002;632;25-34;99;112;211;SEC_632
2014;529;18-24;47;49;96;SEC_529
1995;137;00-02;15;11;26;SEC_137
2004;615;12-15;7;9;16;SEC_615
2015;324;00-02;21;24;45;SEC_324
1995;529;50-64;143;150;293;SEC_529
2009;135;75 i +;71;43;114;SEC_135
2004;618;65-74;22;25;47;SEC_618
2010;112;65-74;65;49;114;SEC_112
1999;630;35-49;111;89;200;SEC_630
1996;436;35-49;56;73;129;SEC_436
2000;423;03-11;33;26;59;SEC_423
2013;110;50-64;130;107;237;SEC_110
2010;501;75 i +;33;22;55;SEC_501
2006;137;16-17;20;11;31;SEC_137
2002;201;12-15;9;13;22;SEC_201
2014;135;12-15;27;21;48;SEC_135
1996;127;03-11;52;42;94;SEC_127
2005;241;12-15;20;13;33;SEC_241
2000;621;18-24;125;158;283;SEC_621
1996;320;03-11;20;22;42;SEC_320
2000;623;75 i +;45;30;75;SEC_623
2013;609;16-17;7;6;13;SEC_609
2012;218;65-74;39;41;80;SEC_218
2005;127;50-64;56;60;116;SEC_127
1996;537;16-17;23;18;41;SEC_537
1998;517;75 i +;54;28;82;SEC_517
2003;105;00-02;13;14;27;SEC_105
2013;618;65-74;103;84;187;SEC_618
2008;202;75 i +;38;33;71;SEC_202
1997;304;75 i +;72;40;112;SEC_304
2001;506;16-17;17;23;40;SEC_506
1998;426;35-49;80;82;162;SEC_426
2009;128;18-24;36;36;72;SEC_128
2005;119;00-02;12;13;25;SEC_119
2007;618;50-64;64;46;110;SEC_618
2000;317;35-49;77;98;175;SEC_317
2016;418;16-17;17;14;31;SEC_418
2004;530;50-64;107;90;197;SEC_530
2009;102;35-49;164;182;346;SEC_102
1998;121;16-17;5;5;10;SEC_121
2006;514;00-02;11;12;23;SEC_514
1999;629;75 i +;25;7;32;SEC_629
2004;130;25-34;101;99;200;SEC_130
2008;537;16-17;20;9;29;SEC_537
2000;438;16-17;11;0;11;SEC_438
2000;532;18-24;61;69;130;SEC_532
2004;106;35-49;216;195;411;SEC_106
1998;622;00-02;5;14;19;SEC_622
2002;412;65-74;97;97;194;SEC_412
2002;632;03-11;45;46;91;SEC_632
2006;604;03-11;22;28;50;SEC_604
2004;138;03-11;25;19;44;SEC_138
2000;625;35-49;198;169;367;SEC_625
2010;414;35-49;122;125;247;SEC_414
1999;133;16-17;11;12;23;SEC_133
2002;610;75 i +;45;30;75;SEC_610
2005;623;12-15;11;21;32;SEC_623
2010;234;18-24;37;39;76;SEC_234
2011;220;65-74;36;23;59;SEC_220
2010;124;03-11;34;32;66;SEC_124
1998;311;00-02;11;10;21;SEC_311
2015;508;75 i +;74;49;123;SEC_508
1999;504;75 i +;54;36;90;SEC_504
2004;509;18-24;39;31;70;SEC_509
1996;202;65-74;43;37;80;SEC_202
2003;427;16-17;4;7;11;SEC_427
2003;435;03-11;37;37;74;SEC_435
1996;217;65-74;46;32;78;SEC_217
1998;237;12-15;19;12;31;SEC_237
2012;432;03-11;45;42;87;SEC_432
2002;629;75 i +;28;9;37;SEC_629
1998;212;25-34;127;107;234;SEC_212
2002;621;50-64;209;230;439;SEC_621
1999;427;50-64;76;53;129;SEC_427
1997;519;18-24;23;35;58;SEC_519
2007;101;35-49;239;241;480;SEC_101
1994;320;18-24;96;113;209;SEC_320
2013;236;12-15;15;12;27;SEC_236
2014;402;50-64;66;70;136;SEC_402
2009;618;03-11;36;40;76;SEC_618
2001;622;35-49;94;78;172;SEC_622
2010;427;03-11;66;52;118;SEC_427
2008;523;50-64;100;100;200;SEC_523
2004;119;35-49;125;115;240;SEC_119
1999;211;16-17;9;9;18;SEC_211
2007;311;65-74;79;71;150;SEC_311
2008;113;75 i +;53;40;93;SEC_113
2014;135;00-02;19;16;35;SEC_135
2001;226;50-64;92;84;176;SEC_226
2008;442;18-24;31;33;64;SEC_442
2008;618;35-49;76;66;142;SEC_618
2003;435;16-17;11;15;26;SEC_435
2002;229;65-74;54;46;100;SEC_229
2010;506;12-15;28;25;53;SEC_506
2016;532;00-02;15;22;37;SEC_532
2002;437;00-02;13;9;22;SEC_437
2000;627;50-64;110;132;242;SEC_627
2016;102;12-15;32;31;63;SEC_102
2002;532;75 i +;71;47;118;SEC_532
2013;606;00-02;14;23;37;SEC_606
2016;211;35-49;193;198;391;SEC_211
2002;232;65-74;63;51;114;SEC_232
2001;101;25-34;113;123;236;SEC_101
2002;632;16-17;6;13;19;SEC_632
2011;425;50-64;81;75;156;SEC_425
1997;135;16-17;19;32;51;SEC_135
1998;249;18-24;43;56;99;SEC_249
2010;614;50-64;105;78;183;SEC_614
2004;103;35-49;90;78;168;SEC_103
2010;502;00-02;28;20;48;SEC_502
2016;505;65-74;155;107;262;SEC_505
2011;302;16-17;8;11;19;SEC_302
2002;518;25-34;94;97;191;SEC_518
2000;210;18-24;36;34;70;SEC_210
2016;627;12-15;13;11;24;SEC_627
2001;501;18-24;94;104;198;SEC_501
2010;118;16-17;16;18;34;SEC_118
2012;426;75 i +;52;32;84;SEC_426
1997;201;00-02;4;8;12;SEC_201
2011;317;03-11;58;53;111;SEC_317
2013;325;75 i +;188;99;287;SEC_325
2005;403;16-17;7;7;14;SEC_403
1994;304;16-17;16;13;29;SEC_304
2011;625;35-49;114;103;217;SEC_625
2016;326;16-17;6;5;11;SEC_326
2013;503;18-24;24;30;54;SEC_503
2016;317;18-24;40;49;89;SEC_317
2002;604;12-15;9;15;24;SEC_604
2007;503;12-15;12;17;29;SEC_503
2005;602;03-11;18;21;39;SEC_602
2012;401;12-15;21;32;53;SEC_401
1994;523;16-17;14;18;32;SEC_523
1997;106;03-11;78;70;148;SEC_106
2012;421;50-64;79;81;160;SEC_421
2005;107;00-02;22;24;46;SEC_107
2006;440;03-11;36;38;74;SEC_440
2004;239;12-15;19;21;40;SEC_239
2012;519;12-15;13;19;32;SEC_519
1996;530;18-24;74;85;159;SEC_530
2008;421;18-24;43;44;87;SEC_421
1997;245;35-49;85;91;176;SEC_245
2010;116;75 i +;77;50;127;SEC_116
2000;325;50-64;201;187;388;SEC_325
2009;512;18-24;39;44;83;SEC_512
1996;402;25-34;48;73;121;SEC_402
2003;409;50-64;59;58;117;SEC_409
1996;303;75 i +;60;34;94;SEC_303
2016;511;16-17;10;25;35;SEC_511
2003;623;03-11;48;43;91;SEC_623
1994;402;65-74;45;37;82;SEC_402
1999;534;00-02;9;12;21;SEC_534
2003;629;18-24;22;32;54;SEC_629
2006;423;50-64;86;72;158;SEC_423
2001;110;16-17;13;13;26;SEC_110
2010;536;12-15;15;16;31;SEC_536
2012;216;18-24;50;49;99;SEC_216
2014;601;18-24;72;66;138;SEC_601
2007;317;35-49;110;133;243;SEC_317
2010;241;03-11;33;30;63;SEC_241
2003;105;65-74;50;33;83;SEC_105
1996;109;75 i +;51;24;75;SEC_109
2001;530;25-34;129;139;268;SEC_530
1998;442;25-34;57;48;105;SEC_442
1994;507;18-24;66;70;136;SEC_507
2013;623;25-34;69;78;147;SEC_623
1997;538;25-34;102;94;196;SEC_538
2004;124;16-17;8;5;13;SEC_124
2015;521;18-24;23;23;46;SEC_521
2010;132;16-17;15;15;30;SEC_132
2015;233;03-11;45;45;90;SEC_233
2004;324;12-15;13;18;31;SEC_324
1995;412;75 i +;47;20;67;SEC_412
1994;503;50-64;63;66;129;SEC_503
2012;511;75 i +;53;32;85;SEC_511
1999;407;12-15;8;17;25;SEC_407
1999;319;18-24;43;49;92;SEC_319
2016;401;03-11;38;59;97;SEC_401
2004;436;65-74;38;22;60;SEC_436
2000;207;50-64;60;54;114;SEC_207
2014;610;65-74;146;107;253;SEC_610
2009;632;03-11;55;43;98;SEC_632
2007;115;35-49;149;146;295;SEC_115
1999;214;65-74;44;43;87;SEC_214
2001;202;25-34;69;80;149;SEC_202
2013;133;03-11;33;32;65;SEC_133
2014;510;25-34;66;76;142;SEC_510
1995;225;50-64;58;50;108;SEC_225
1995;440;75 i +;46;32;78;SEC_440
1994;406;03-11;57;52;109;SEC_406
2014;113;25-34;115;115;230;SEC_113
2014;224;16-17;9;10;19;SEC_224
2001;402;18-24;40;33;73;SEC_402
1995;440;16-17;24;18;42;SEC_440
2007;508;18-24;28;25;53;SEC_508
2008;411;00-02;13;11;24;SEC_411
2004;226;75 i +;77;51;128;SEC_226
2001;104;18-24;28;24;52;SEC_104
2013;411;00-02;7;8;15;SEC_411
2015;305;03-11;62;71;133;SEC_305
2014;403;18-24;30;37;67;SEC_403
1999;123;65-74;80;73;153;SEC_123
1997;417;03-11;25;23;48;SEC_417
2007;216;65-74;75;52;127;SEC_216
2014;209;03-11;35;36;71;SEC_209
1997;127;50-64;54;48;102;SEC_127
1999;242;75 i +;50;47;97;SEC_242
2016;309;16-17;4;14;18;SEC_309
1997;434;18-24;30;20;50;SEC_434
2006;316;00-02;21;15;36;SEC_316
2009;314;12-15;34;46;80;SEC_314
2007;212;03-11;60;62;122;SEC_212
2013;421;16-17;13;14;27;SEC_421
2012;308;65-74;98;90;188;SEC_308
1999;524;65-74;81;58;139;SEC_524
2015;624;12-15;19;18;37;SEC_624
2012;410;65-74;103;94;197;SEC_410
1996;102;25-34;134;163;297;SEC_102
2005;512;16-17;3;9;12;SEC_512
1998;409;75 i +;20;10;30;SEC_409
2006;111;12-15;14;13;27;SEC_111
2009;108;00-02;24;21;45;SEC_108
1999;234;35-49;79;75;154;SEC_234
2001;134;18-24;44;71;115;SEC_134
2006;113;65-74;47;41;88;SEC_113
2015;135;25-34;85;94;179;SEC_135
1995;610;18-24;149;150;299;SEC_610
1999;432;16-17;11;19;30;SEC_432
1998;426;25-34;78;82;160;SEC_426
2015;138;00-02;10;10;20;SEC_138
2009;138;25-34;74;70;144;SEC_138
2012;240;00-02;10;14;24;SEC_240
1998;614;18-24;64;76;140;SEC_614
1997;430;00-02;9;12;21;SEC_430
2003;432;65-74;64;60;124;SEC_432
1994;209;50-64;113;98;211;SEC_209
2001;204;03-11;11;14;25;SEC_204
1998;233;35-49;57;61;118;SEC_233
1999;248;75 i +;61;38;99;SEC_248
1997;204;18-24;22;23;45;SEC_204
1998;138;25-34;58;65;123;SEC_138
2013;131;65-74;89;90;179;SEC_131
2001;106;18-24;142;159;301;SEC_106
1997;629;25-34;49;57;106;SEC_629
2015;116;12-15;22;25;47;SEC_116
2009;129;18-24;32;38;70;SEC_129
1995;242;35-49;92;90;182;SEC_242
2011;312;35-49;224;258;482;SEC_312
2009;505;00-02;14;15;29;SEC_505
1996;222;65-74;54;49;103;SEC_222
2001;532;03-11;43;36;79;SEC_532
1998;230;16-17;3;5;8;SEC_230
1995;533;03-11;35;29;64;SEC_533
1999;208;65-74;135;119;254;SEC_208
2006;306;75 i +;98;64;162;SEC_306
2009;105;75 i +;61;36;97;SEC_105
2010;603;35-49;80;82;162;SEC_603
2008;249;35-49;135;156;291;SEC_249
1995;518;35-49;80;89;169;SEC_518
2015;307;65-74;120;104;224;SEC_307
1996;409;35-49;67;68;135;SEC_409
2001;317;25-34;91;93;184;SEC_317
1994;512;12-15;11;16;27;SEC_512
2000;439;75 i +;41;25;66;SEC_439
2015;435;00-02;19;22;41;SEC_435
2003;234;16-17;6;7;13;SEC_234
2014;231;12-15;32;34;66;SEC_231
2000;629;03-11;16;16;32;SEC_629
2006;306;16-17;15;16;31;SEC_306
2010;119;12-15;19;13;32;SEC_119
1997;306;03-11;55;68;123;SEC_306
2005;530;35-49;172;173;345;SEC_530
2000;244;00-02;5;2;7;SEC_244
2007;524;25-34;163;168;331;SEC_524
2004;203;03-11;24;36;60;SEC_203
1996;116;35-49;187;158;345;SEC_116
2007;135;50-64;145;149;294;SEC_135
2003;138;03-11;29;25;54;SEC_138
2005;408;18-24;42;48;90;SEC_408
2006;128;03-11;24;30;54;SEC_128
1998;507;75 i +;34;23;57;SEC_507
2007;415;00-02;14;12;26;SEC_415
1994;517;03-11;38;43;81;SEC_517
2000;231;00-02;9;7;16;SEC_231
1994;317;00-02;9;7;16;SEC_317
2000;601;18-24;99;110;209;SEC_601
2002;130;16-17;8;5;13;SEC_130
2010;105;25-34;97;99;196;SEC_105
2010;627;18-24;35;51;86;SEC_627
2006;605;12-15;6;2;8;SEC_605
2006;421;35-49;123;144;267;SEC_421
1999;606;00-02;6;9;15;SEC_606
2001;416;03-11;27;26;53;SEC_416
2012;604;18-24;27;34;61;SEC_604
2005;422;25-34;120;152;272;SEC_422
2004;222;35-49;97;105;202;SEC_222
2011;128;12-15;11;14;25;SEC_128
2001;527;00-02;16;13;29;SEC_527
2000;230;75 i +;45;24;69;SEC_230
2004;244;75 i +;47;32;79;SEC_244
2004;431;65-74;73;65;138;SEC_431
2008;104;35-49;93;119;212;SEC_104
2005;504;65-74;85;93;178;SEC_504
1997;202;50-64;77;77;154;SEC_202
2016;107;25-34;100;114;214;SEC_107
2002;408;03-11;20;30;50;SEC_408
2012;106;03-11;67;52;119;SEC_106
1996;317;65-74;54;45;99;SEC_317
2001;124;25-34;63;66;129;SEC_124
2003;529;75 i +;80;43;123;SEC_529
2003;314;12-15;38;66;104;SEC_314
2005;625;16-17;18;20;38;SEC_625
2002;629;12-15;16;7;23;SEC_629
2006;121;50-64;33;37;70;SEC_121
1996;315;25-34;133;132;265;SEC_315
1999;611;65-74;80;76;156;SEC_611
2001;408;25-34;61;66;127;SEC_408
2006;304;16-17;10;12;22;SEC_304
1994;119;50-64;123;140;263;SEC_119
2014;535;03-11;30;35;65;SEC_535
1995;225;25-34;30;27;57;SEC_225
1995;101;65-74;33;31;64;SEC_101
2005;106;50-64;227;234;461;SEC_106
2005;434;18-24;25;32;57;SEC_434
2006;518;16-17;13;10;23;SEC_518
2013;306;75 i +;100;65;165;SEC_306
1995;512;00-02;11;6;17;SEC_512
2011;219;12-15;30;29;59;SEC_219
2004;235;03-11;53;44;97;SEC_235
2004;221;12-15;24;22;46;SEC_221
1999;140;12-15;13;11;24;SEC_140
2015;533;25-34;138;135;273;SEC_533
1997;129;25-34;102;96;198;SEC_129
2014;534;25-34;66;60;126;SEC_534
2005;249;25-34;109;117;226;SEC_249
2013;427;16-17;16;14;30;SEC_427
2005;604;65-74;41;37;78;SEC_604
1999;433;03-11;44;33;77;SEC_433
2008;604;65-74;42;40;82;SEC_604
1999;628;03-11;39;32;71;SEC_628
2013;232;35-49;119;138;257;SEC_232
1998;115;75 i +;42;24;66;SEC_115
2007;203;65-74;36;30;66;SEC_203
2006;136;25-34;133;123;256;SEC_136
2008;442;03-11;30;27;57;SEC_442
2012;439;16-17;15;10;25;SEC_439
1994;115;65-74;74;52;126;SEC_115
1997;527;18-24;50;41;91;SEC_527
1994;622;03-11;51;49;100;SEC_622
2007;507;03-11;29;42;71;SEC_507
1998;623;75 i +;43;29;72;SEC_623
2008;601;12-15;30;25;55;SEC_601
1994;138;18-24;57;54;111;SEC_138
2016;631;50-64;70;70;140;SEC_631
2009;409;65-74;38;33;71;SEC_409
1995;125;65-74;58;40;98;SEC_125
2010;424;16-17;7;5;12;SEC_424
2001;412;12-15;22;30;52;SEC_412
1999;325;65-74;122;98;220;SEC_325
2016;436;12-15;30;36;66;SEC_436
2009;204;35-49;68;80;148;SEC_204
2007;205;75 i +;64;41;105;SEC_205
2004;314;75 i +;92;44;136;SEC_314
2000;615;00-02;13;6;19;SEC_615
1994;216;18-24;84;96;180;SEC_216
2000;246;75 i +;74;37;111;SEC_246
2015;528;12-15;23;23;46;SEC_528
2005;524;75 i +;66;29;95;SEC_524
2015;514;35-49;171;180;351;SEC_514
2007;513;35-49;90;80;170;SEC_513
2010;108;65-74;59;48;107;SEC_108
2014;613;16-17;7;10;17;SEC_613
2000;615;50-64;171;145;316;SEC_615
2013;245;16-17;9;11;20;SEC_245
2012;101;50-64;147;144;291;SEC_101
2000;216;25-34;87;100;187;SEC_216
2009;226;65-74;54;38;92;SEC_226
2012;140;75 i +;61;42;103;SEC_140
2007;417;35-49;75;83;158;SEC_417
2003;109;03-11;40;41;81;SEC_109
2008;207;75 i +;65;24;89;SEC_207
2007;419;00-02;16;21;37;SEC_419
1994;104;16-17;5;7;12;SEC_104
2004;118;18-24;100;99;199;SEC_118
2008;414;12-15;18;14;32;SEC_414
2006;419;35-49;101;134;235;SEC_419
2003;409;03-11;25;16;41;SEC_409
1996;514;25-34;60;56;116;SEC_514
2003;241;50-64;53;47;100;SEC_241
1996;605;35-49;62;46;108;SEC_605
2002;422;50-64;85;73;158;SEC_422
2009;520;12-15;17;11;28;SEC_520
2010;418;75 i +;71;48;119;SEC_418
1998;234;03-11;19;30;49;SEC_234
1997;209;03-11;17;32;49;SEC_209
2000;110;18-24;84;90;174;SEC_110
1995;621;65-74;36;25;61;SEC_621
2010;231;75 i +;82;52;134;SEC_231
2010;209;35-49;125;116;241;SEC_209
1998;605;00-02;1;5;6;SEC_605
2003;319;16-17;11;9;20;SEC_319
2002;106;16-17;21;18;39;SEC_106
1998;416;18-24;28;35;63;SEC_416
2004;506;25-34;147;150;297;SEC_506
1994;613;00-02;13;12;25;SEC_613
1998;441;00-02;10;13;23;SEC_441
2002;314;18-24;131;135;266;SEC_314
2015;621;16-17;7;16;23;SEC_621
2000;225;00-02;0;4;4;SEC_225
2013;223;18-24;64;66;130;SEC_223
2006;533;16-17;10;9;19;SEC_533
2005;232;03-11;34;35;69;SEC_232
2008;201;12-15;11;17;28;SEC_201
1997;224;25-34;39;50;89;SEC_224
2008;601;75 i +;58;50;108;SEC_601
1999;409;50-64;76;69;145;SEC_409
2013;115;65-74;68;67;135;SEC_115
2016;238;16-17;8;14;22;SEC_238
2014;104;03-11;31;40;71;SEC_104
1995;121;16-17;6;6;12;SEC_121
2010;212;65-74;72;46;118;SEC_212
1999;138;18-24;47;53;100;SEC_138
2007;323;12-15;54;56;110;SEC_323
2008;430;12-15;21;23;44;SEC_430
2005;616;12-15;64;75;139;SEC_616
2000;311;35-49;125;112;237;SEC_311
2005;124;12-15;15;21;36;SEC_124
1998;413;18-24;26;33;59;SEC_413
2002;209;35-49;95;111;206;SEC_209
2004;438;65-74;55;57;112;SEC_438
2004;243;16-17;13;12;25;SEC_243
2001;630;35-49;95;72;167;SEC_630
1999;402;50-64;94;77;171;SEC_402
2010;321;03-11;89;92;181;SEC_321
2008;123;50-64;111;110;221;SEC_123
2002;106;75 i +;51;26;77;SEC_106
2006;415;50-64;55;49;104;SEC_415
2010;416;50-64;55;54;109;SEC_416
1997;608;16-17;18;14;32;SEC_608
2016;238;25-34;81;86;167;SEC_238
1999;514;35-49;61;65;126;SEC_514
2014;324;16-17;10;10;20;SEC_324
2008;408;12-15;16;18;34;SEC_408
2001;301;75 i +;78;40;118;SEC_301
2005;526;50-64;59;59;118;SEC_526
2003;526;65-74;31;32;63;SEC_526
2006;532;25-34;166;158;324;SEC_532
2010;123;50-64;117;118;235;SEC_123
1997;242;50-64;118;102;220;SEC_242
2016;607;35-49;109;132;241;SEC_607
2004;240;35-49;87;80;167;SEC_240
1995;515;65-74;39;21;60;SEC_515
2005;506;16-17;18;19;37;SEC_506
2012;220;03-11;50;43;93;SEC_220
2015;115;75 i +;69;39;108;SEC_115
2000;530;12-15;13;12;25;SEC_530
1999;417;50-64;68;54;122;SEC_417
1994;533;50-64;121;112;233;SEC_533
2004;617;18-24;44;43;87;SEC_617
2011;321;25-34;183;151;334;SEC_321
1997;317;03-11;34;34;68;SEC_317
2014;631;65-74;122;108;230;SEC_631
2014;420;50-64;181;166;347;SEC_420
1995;516;50-64;76;73;149;SEC_516
2015;608;03-11;49;48;97;SEC_608
2015;242;65-74;62;47;109;SEC_242
2008;402;35-49;110;104;214;SEC_402
2006;435;00-02;15;21;36;SEC_435
2000;602;12-15;9;7;16;SEC_602
2004;519;03-11;31;33;64;SEC_519
2015;122;03-11;43;52;95;SEC_122
2013;119;50-64;145;105;250;SEC_119
2001;513;12-15;7;11;18;SEC_513
2007;404;25-34;118;149;267;SEC_404
2009;211;65-74;65;38;103;SEC_211
2008;314;16-17;17;31;48;SEC_314
2006;406;35-49;150;159;309;SEC_406
2013;309;00-02;25;21;46;SEC_309
1996;305;75 i +;63;36;99;SEC_305
2010;237;25-34;134;138;272;SEC_237
2002;624;00-02;9;13;22;SEC_624
2010;418;18-24;44;55;99;SEC_418
2014;318;35-49;90;83;173;SEC_318
2015;306;35-49;200;192;392;SEC_306
2012;209;50-64;96;86;182;SEC_209
1998;428;12-15;9;8;17;SEC_428
2015;125;12-15;22;28;50;SEC_125
2006;231;35-49;129;123;252;SEC_231
2000;436;65-74;33;26;59;SEC_436
2003;129;35-49;107;115;222;SEC_129
2006;235;18-24;63;73;136;SEC_235
2006;631;12-15;18;14;32;SEC_631
2009;509;35-49;96;113;209;SEC_509
2006;107;00-02;17;31;48;SEC_107
2014;308;50-64;214;192;406;SEC_308
2009;431;35-49;188;230;418;SEC_431
2001;429;65-74;51;34;85;SEC_429
1998;315;03-11;53;61;114;SEC_315
2003;103;16-17;6;4;10;SEC_103
2000;120;50-64;132;142;274;SEC_120
2009;219;25-34;125;146;271;SEC_219
2010;417;75 i +;32;23;55;SEC_417
2014;314;18-24;61;113;174;SEC_314
2009;249;00-02;23;17;40;SEC_249
2002;101;18-24;85;81;166;SEC_101
2008;416;25-34;72;92;164;SEC_416
1995;139;16-17;16;17;33;SEC_139
2000;511;00-02;11;7;18;SEC_511
2009;421;75 i +;83;61;144;SEC_421
2004;112;12-15;29;44;73;SEC_112
2011;323;12-15;64;50;114;SEC_323
2013;104;35-49;106;122;228;SEC_104
1995;325;50-64;203;169;372;SEC_325
2006;130;16-17;4;16;20;SEC_130
2012;442;75 i +;31;20;51;SEC_442
2007;245;75 i +;67;34;101;SEC_245
2003;229;16-17;6;8;14;SEC_229
2014;208;12-15;20;24;44;SEC_208
2002;211;00-02;17;27;44;SEC_211
1998;133;16-17;12;8;20;SEC_133
2012;534;03-11;25;39;64;SEC_534
2003;239;65-74;97;67;164;SEC_239
2005;508;00-02;9;10;19;SEC_508
1999;325;03-11;59;55;114;SEC_325
1997;111;35-49;111;98;209;SEC_111
1998;110;75 i +;48;24;72;SEC_110
2014;320;35-49;195;188;383;SEC_320
2003;527;16-17;6;10;16;SEC_527
1999;106;35-49;266;236;502;SEC_106
2014;224;03-11;53;67;120;SEC_224
2005;312;18-24;62;60;122;SEC_312
2009;618;75 i +;24;16;40;SEC_618
2010;124;25-34;64;63;127;SEC_124
1994;630;35-49;146;135;281;SEC_630
1999;410;16-17;24;23;47;SEC_410
2002;407;65-74;85;66;151;SEC_407
2012;603;25-34;44;42;86;SEC_603
2016;608;75 i +;102;70;172;SEC_608
1999;437;12-15;14;18;32;SEC_437
2004;515;18-24;19;21;40;SEC_515
2001;224;75 i +;35;13;48;SEC_224
2016;409;16-17;16;15;31;SEC_409
2005;114;03-11;49;51;100;SEC_114
2009;124;25-34;62;80;142;SEC_124
2016;421;03-11;40;54;94;SEC_421
2006;228;25-34;81;97;178;SEC_228
1996;412;16-17;22;33;55;SEC_412
2007;238;03-11;36;36;72;SEC_238
1996;122;35-49;50;45;95;SEC_122
2006;127;75 i +;35;26;61;SEC_127
2011;133;50-64;96;75;171;SEC_133
2009;532;25-34;137;139;276;SEC_532
1998;217;75 i +;47;16;63;SEC_217
2006;439;16-17;9;12;21;SEC_439
2006;618;75 i +;27;15;42;SEC_618
1994;230;65-74;66;39;105;SEC_230
1996;615;25-34;78;90;168;SEC_615
1994;226;75 i +;72;33;105;SEC_226
2002;604;25-34;62;91;153;SEC_604
2005;623;75 i +;55;29;84;SEC_623
2013;133;00-02;13;13;26;SEC_133
2009;514;18-24;45;24;69;SEC_514
2015;419;00-02;36;32;68;SEC_419
2001;223;50-64;100;87;187;SEC_223
2014;531;35-49;116;127;243;SEC_531
1999;304;65-74;92;72;164;SEC_304
1997;223;50-64;128;113;241;SEC_223
1997;619;18-24;100;102;202;SEC_619
2006;306;03-11;55;55;110;SEC_306
1995;226;12-15;27;24;51;SEC_226
1994;525;75 i +;32;16;48;SEC_525
2007;413;03-11;16;19;35;SEC_413
2010;510;03-11;39;36;75;SEC_510
1995;401;00-02;12;9;21;SEC_401
2010;538;35-49;157;152;309;SEC_538
2007;630;50-64;130;95;225;SEC_630
2002;108;50-64;108;102;210;SEC_108
2014;625;18-24;30;34;64;SEC_625
2008;213;65-74;49;43;92;SEC_213
2003;224;03-11;21;27;48;SEC_224
1997;246;03-11;32;23;55;SEC_246
2007;221;65-74;67;58;125;SEC_221
2009;101;00-02;41;52;93;SEC_101
2006;106;75 i +;59;31;90;SEC_106
2003;308;12-15;26;28;54;SEC_308
2001;321;16-17;25;26;51;SEC_321
2000;532;16-17;12;13;25;SEC_532
1996;425;12-15;20;13;33;SEC_425
2010;517;65-74;54;48;102;SEC_517
2009;116;35-49;167;181;348;SEC_116
1995;121;18-24;38;34;72;SEC_121
2011;210;03-11;30;25;55;SEC_210
1995;511;18-24;50;48;98;SEC_511
2016;231;00-02;23;21;44;SEC_231
2004;315;00-02;18;20;38;SEC_315
2016;605;75 i +;115;119;234;SEC_605
1997;130;00-02;7;12;19;SEC_130
2002;514;18-24;36;40;76;SEC_514
2013;128;12-15;10;14;24;SEC_128
2006;248;16-17;13;10;23;SEC_248
2000;401;25-34;80;83;163;SEC_401
2005;424;00-02;9;8;17;SEC_424
2015;530;50-64;138;128;266;SEC_530
2001;136;00-02;11;13;24;SEC_136
1999;423;16-17;12;7;19;SEC_423
2010;323;50-64;392;351;743;SEC_323
2013;514;50-64;103;89;192;SEC_514
2013;631;00-02;17;15;32;SEC_631
2000;514;18-24;29;36;65;SEC_514
2004;130;18-24;30;31;61;SEC_130
2008;617;25-34;76;88;164;SEC_617
1996;621;50-64;130;166;296;SEC_621
2009;508;35-49;68;93;161;SEC_508
2010;132;12-15;30;39;69;SEC_132
1997;424;25-34;36;56;92;SEC_424
2007;218;16-17;6;10;16;SEC_218
2000;249;65-74;79;67;146;SEC_249
2001;211;35-49;114;110;224;SEC_211
2013;406;65-74;78;65;143;SEC_406
1998;204;12-15;7;10;17;SEC_204
2006;110;65-74;63;49;112;SEC_110
1996;207;35-49;71;62;133;SEC_207
1997;131;18-24;111;135;246;SEC_131
1995;537;03-11;41;49;90;SEC_537
2001;103;03-11;29;20;49;SEC_103
2006;624;25-34;89;118;207;SEC_624
1999;129;00-02;8;17;25;SEC_129
2001;246;03-11;31;36;67;SEC_246
2008;123;18-24;45;36;81;SEC_123
2002;623;35-49;120;115;235;SEC_623
1997;307;00-02;6;15;21;SEC_307
2013;322;16-17;21;21;42;SEC_322
2015;125;75 i +;64;63;127;SEC_125
1997;116;65-74;62;59;121;SEC_116
2013;412;12-15;18;18;36;SEC_412
2000;130;25-34;90;100;190;SEC_130
2007;504;50-64;130;93;223;SEC_504
2009;124;50-64;98;82;180;SEC_124
2011;323;35-49;326;347;673;SEC_323
2005;204;75 i +;42;21;63;SEC_204
2013;513;25-34;96;97;193;SEC_513
2008;206;65-74;56;31;87;SEC_206
2010;510;16-17;7;9;16;SEC_510
1995;325;18-24;128;140;268;SEC_325
2004;315;35-49;191;174;365;SEC_315
2010;414;03-11;44;42;86;SEC_414
2002;437;35-49;79;90;169;SEC_437
2015;437;12-15;29;28;57;SEC_437
2000;428;65-74;46;32;78;SEC_428
1994;116;65-74;63;51;114;SEC_116
2014;504;25-34;71;67;138;SEC_504
2014;322;50-64;108;96;204;SEC_322
2013;411;12-15;15;11;26;SEC_411
2014;325;12-15;29;38;67;SEC_325
1995;529;35-49;82;70;152;SEC_529
2010;118;25-34;120;147;267;SEC_118
1996;136;65-74;58;49;107;SEC_136
2002;217;25-34;43;45;88;SEC_217
2009;433;50-64;80;76;156;SEC_433
2015;528;75 i +;69;56;125;SEC_528
2014;202;18-24;65;64;129;SEC_202
2000;537;25-34;115;108;223;SEC_537
2012;519;25-34;52;45;97;SEC_519
2007;114;16-17;10;14;24;SEC_114
1997;209;25-34;81;88;169;SEC_209
2013;231;25-34;123;120;243;SEC_231
2003;225;12-15;5;6;11;SEC_225
2008;247;25-34;135;124;259;SEC_247
2015;625;75 i +;62;43;105;SEC_625
2015;618;25-34;47;51;98;SEC_618
2009;623;12-15;19;30;49;SEC_623
1995;506;12-15;65;65;130;SEC_506
2003;530;75 i +;78;41;119;SEC_530
2011;611;18-24;64;62;126;SEC_611
2008;538;16-17;7;8;15;SEC_538
1994;313;12-15;83;62;145;SEC_313
1996;407;65-74;85;70;155;SEC_407
2012;109;75 i +;72;44;116;SEC_109
2008;115;16-17;8;18;26;SEC_115
2001;211;03-11;41;41;82;SEC_211
2014;532;75 i +;95;58;153;SEC_532
2000;219;50-64;105;87;192;SEC_219
2005;236;18-24;51;49;100;SEC_236
2000;233;35-49;69;72;141;SEC_233
2016;517;12-15;39;42;81;SEC_517
2006;525;03-11;31;31;62;SEC_525
2001;523;50-64;130;116;246;SEC_523
2001;412;16-17;22;14;36;SEC_412
2002;205;75 i +;41;24;65;SEC_205
1996;533;12-15;12;15;27;SEC_533
2005;229;18-24;30;42;72;SEC_229
1997;245;18-24;30;63;93;SEC_245
2006;615;50-64;135;84;219;SEC_615
2005;629;00-02;11;7;18;SEC_629
2000;434;25-34;34;37;71;SEC_434
1997;221;03-11;34;46;80;SEC_221
2003;601;03-11;40;46;86;SEC_601
2007;227;18-24;18;13;31;SEC_227
2007;510;50-64;83;91;174;SEC_510
2000;628;35-49;111;79;190;SEC_628
2011;228;00-02;11;17;28;SEC_228
2005;106;00-02;32;17;49;SEC_106
2011;620;12-15;6;15;21;SEC_620
2015;201;25-34;169;151;320;SEC_201
2006;433;25-34;139;167;306;SEC_433
2013;111;03-11;33;32;65;SEC_111
2004;413;75 i +;38;21;59;SEC_413
2008;126;18-24;34;23;57;SEC_126
2007;422;16-17;11;9;20;SEC_422
2013;322;25-34;100;81;181;SEC_322
1995;419;12-15;13;21;34;SEC_419
1997;625;12-15;55;50;105;SEC_625
2004;131;00-02;13;22;35;SEC_131
2013;122;75 i +;58;46;104;SEC_122
1994;245;12-15;24;20;44;SEC_245
2003;131;25-34;119;154;273;SEC_131
1994;437;18-24;56;61;117;SEC_437
2003;427;35-49;93;106;199;SEC_427
2007;244;35-49;90;99;189;SEC_244
2002;425;18-24;38;44;82;SEC_425
1994;213;50-64;103;94;197;SEC_213
2013;537;03-11;52;43;95;SEC_537
2014;411;16-17;6;5;11;SEC_411
2002;608;18-24;43;48;91;SEC_608
2005;229;35-49;98;98;196;SEC_229
1994;420;35-49;94;93;187;SEC_420
2015;102;03-11;59;59;118;SEC_102
2000;527;50-64;76;74;150;SEC_527
2008;245;03-11;45;42;87;SEC_245
1995;520;25-34;70;68;138;SEC_520
1997;517;25-34;112;117;229;SEC_517
2012;619;25-34;61;87;148;SEC_619
2009;522;35-49;101;118;219;SEC_522
2011;111;03-11;29;39;68;SEC_111
2009;212;65-74;71;51;122;SEC_212
2002;204;50-64;37;39;76;SEC_204
2012;104;65-74;46;33;79;SEC_104
2015;129;12-15;11;28;39;SEC_129
2004;324;50-64;68;77;145;SEC_324
2007;123;50-64;111;106;217;SEC_123
2015;110;65-74;115;91;206;SEC_110
1996;310;18-24;42;55;97;SEC_310
2010;510;25-34;83;95;178;SEC_510
2001;437;16-17;8;9;17;SEC_437
1996;534;12-15;12;18;30;SEC_534
2009;109;50-64;124;121;245;SEC_109
2001;412;65-74;96;100;196;SEC_412
2000;413;35-49;47;59;106;SEC_413
2008;232;16-17;7;5;12;SEC_232
1999;204;00-02;4;4;8;SEC_204
2016;131;25-34;76;73;149;SEC_131
2001;507;12-15;18;18;36;SEC_507
2016;136;75 i +;71;40;111;SEC_136
2007;442;50-64;47;42;89;SEC_442
2003;426;65-74;45;36;81;SEC_426
2003;436;35-49;86;110;196;SEC_436
1998;121;03-11;34;24;58;SEC_121
2008;402;50-64;64;67;131;SEC_402
2004;205;50-64;92;78;170;SEC_205
2010;309;12-15;13;22;35;SEC_309
2015;418;25-34;79;95;174;SEC_418
2012;429;35-49;54;64;118;SEC_429
1998;237;50-64;137;125;262;SEC_237
2006;423;35-49;106;124;230;SEC_423
2010;121;03-11;28;35;63;SEC_121
2009;518;00-02;15;17;32;SEC_518
2006;534;75 i +;56;35;91;SEC_534
2015;504;00-02;15;14;29;SEC_504
1997;225;65-74;56;34;90;SEC_225
2006;230;03-11;38;34;72;SEC_230
1995;222;18-24;39;71;110;SEC_222
1996;527;75 i +;45;22;67;SEC_527
1994;309;12-15;26;22;48;SEC_309
2008;401;16-17;16;11;27;SEC_401
2010;525;12-15;16;20;36;SEC_525
2000;437;18-24;44;41;85;SEC_437
2007;410;75 i +;113;99;212;SEC_410
2014;421;16-17;9;9;18;SEC_421
2011;629;65-74;38;26;64;SEC_629
2002;432;18-24;73;74;147;SEC_432
2013;248;50-64;94;101;195;SEC_248
2001;208;18-24;62;68;130;SEC_208
2002;126;75 i +;46;26;72;SEC_126
2011;245;35-49;153;157;310;SEC_245
2012;211;00-02;14;25;39;SEC_211
1998;616;16-17;37;38;75;SEC_616
1994;223;18-24;74;72;146;SEC_223
1997;236;12-15;15;16;31;SEC_236
2003;104;16-17;8;5;13;SEC_104
2004;438;50-64;83;70;153;SEC_438
2009;521;18-24;34;26;60;SEC_521
1996;227;16-17;8;4;12;SEC_227
1996;417;50-64;68;59;127;SEC_417
2016;134;00-02;17;18;35;SEC_134
1994;431;25-34;138;135;273;SEC_431
1996;307;65-74;69;61;130;SEC_307
2002;402;00-02;5;11;16;SEC_402
2004;209;25-34;84;80;164;SEC_209
1995;607;18-24;77;80;157;SEC_607
2001;418;03-11;33;41;74;SEC_418
2000;515;03-11;17;22;39;SEC_515
2014;228;16-17;20;23;43;SEC_228
2009;206;16-17;9;13;22;SEC_206
2005;234;16-17;6;10;16;SEC_234
2006;140;16-17;7;3;10;SEC_140
2007;412;03-11;65;41;106;SEC_412
1995;205;12-15;26;24;50;SEC_205
2009;231;65-74;60;37;97;SEC_231
2009;605;03-11;26;22;48;SEC_605
2003;524;00-02;19;13;32;SEC_524
1997;611;65-74;76;64;140;SEC_611
2001;503;65-74;30;21;51;SEC_503
2002;313;75 i +;69;32;101;SEC_313
2009;410;35-49;176;167;343;SEC_410
2010;528;12-15;25;22;47;SEC_528
2008;607;75 i +;46;34;80;SEC_607
1995;244;25-34;56;58;114;SEC_244
2007;601;16-17;16;14;30;SEC_601
2005;627;65-74;37;36;73;SEC_627
1999;438;65-74;40;37;77;SEC_438
1998;322;50-64;96;100;196;SEC_322
2016;324;03-11;57;60;117;SEC_324
2006;315;16-17;13;21;34;SEC_315
2015;623;00-02;13;17;30;SEC_623
2016;533;16-17;23;13;36;SEC_533
1997;321;12-15;58;57;115;SEC_321
1998;608;12-15;22;27;49;SEC_608
2015;226;50-64;161;137;298;SEC_226
2000;619;12-15;24;34;58;SEC_619
2005;211;75 i +;85;43;128;SEC_211
1999;407;50-64;98;83;181;SEC_407
2013;249;25-34;91;88;179;SEC_249
2012;611;12-15;23;30;53;SEC_611
2005;138;03-11;31;19;50;SEC_138
2006;205;75 i +;63;34;97;SEC_205
1999;441;25-34;120;134;254;SEC_441
2008;424;35-49;75;87;162;SEC_424
1999;405;75 i +;29;21;50;SEC_405
1999;432;00-02;5;12;17;SEC_432
2016;433;12-15;36;38;74;SEC_433
2003;124;65-74;47;46;93;SEC_124
2011;614;65-74;80;75;155;SEC_614
2004;203;65-74;44;39;83;SEC_203
1999;519;75 i +;15;14;29;SEC_519
2003;215;35-49;90;99;189;SEC_215
1999;103;18-24;42;41;83;SEC_103
2003;609;65-74;47;41;88;SEC_609
2004;617;00-02;8;16;24;SEC_617
1997;139;16-17;19;9;28;SEC_139
2002;220;12-15;8;12;20;SEC_220
2001;513;65-74;55;51;106;SEC_513
1997;105;75 i +;38;29;67;SEC_105
2004;140;35-49;91;97;188;SEC_140
2012;532;18-24;53;39;92;SEC_532
1994;401;16-17;14;25;39;SEC_401
2010;133;16-17;3;9;12;SEC_133
2012;406;00-02;18;10;28;SEC_406
2001;615;18-24;48;45;93;SEC_615
2009;631;50-64;134;98;232;SEC_631
2007;248;12-15;32;21;53;SEC_248
1997;119;00-02;7;14;21;SEC_119
2001;627;18-24;97;79;176;SEC_627
1998;538;12-15;18;17;35;SEC_538
1997;628;65-74;46;37;83;SEC_628
2001;528;18-24;43;60;103;SEC_528
2002;206;12-15;15;12;27;SEC_206
2000;138;65-74;35;34;69;SEC_138
2009;521;35-49;88;103;191;SEC_521
2006;527;03-11;60;35;95;SEC_527
2008;203;12-15;13;18;31;SEC_203
2015;308;25-34;103;99;202;SEC_308
2009;406;65-74;82;55;137;SEC_406
2004;135;16-17;22;14;36;SEC_135
2008;139;03-11;27;46;73;SEC_139
2001;504;50-64;153;140;293;SEC_504
1998;228;25-34;67;59;126;SEC_228
1998;608;18-24;62;81;143;SEC_608
2003;615;25-34;87;107;194;SEC_615
2004;426;00-02;18;20;38;SEC_426
1997;538;03-11;28;36;64;SEC_538
1999;410;65-74;117;110;227;SEC_410
2012;533;35-49;127;137;264;SEC_533
1995;428;35-49;36;43;79;SEC_428
2011;218;16-17;10;3;13;SEC_218
1996;610;35-49;136;80;216;SEC_610
2006;520;25-34;66;78;144;SEC_520
1996;501;16-17;23;26;49;SEC_501
1996;611;18-24;123;129;252;SEC_611
2009;119;25-34;95;99;194;SEC_119
1997;312;16-17;15;11;26;SEC_312
1998;108;18-24;50;67;117;SEC_108
2012;128;50-64;88;70;158;SEC_128
1995;406;50-64;140;135;275;SEC_406
2009;210;25-34;67;67;134;SEC_210
1995;431;75 i +;59;35;94;SEC_431
2004;218;35-49;89;92;181;SEC_218
2012;124;12-15;11;12;23;SEC_124
2015;202;65-74;70;61;131;SEC_202
1994;222;25-34;68;72;140;SEC_222
1995;103;65-74;42;36;78;SEC_103
2011;419;75 i +;44;33;77;SEC_419
2000;140;35-49;78;79;157;SEC_140
1995;532;18-24;110;109;219;SEC_532
1996;249;03-11;29;27;56;SEC_249
1997;137;50-64;109;115;224;SEC_137
2010;416;16-17;7;8;15;SEC_416
2015;214;35-49;316;297;613;SEC_214
1999;426;12-15;11;14;25;SEC_426
2002;325;65-74;129;102;231;SEC_325
2006;108;18-24;44;46;90;SEC_108
2014;501;03-11;23;42;65;SEC_501
2013;502;25-34;115;109;224;SEC_502
2013;412;50-64;162;152;314;SEC_412
2005;213;65-74;52;46;98;SEC_213
1996;229;18-24;32;37;69;SEC_229
2001;325;75 i +;135;69;204;SEC_325
2011;124;12-15;10;12;22;SEC_124
1996;426;12-15;10;18;28;SEC_426
2002;322;18-24;72;56;128;SEC_322
2003;632;75 i +;30;14;44;SEC_632
2007;512;65-74;64;57;121;SEC_512
2009;221;03-11;41;39;80;SEC_221
1995;522;65-74;40;35;75;SEC_522
2012;603;16-17;8;8;16;SEC_603
2010;415;00-02;21;26;47;SEC_415
1997;418;75 i +;55;38;93;SEC_418
2006;513;00-02;10;12;22;SEC_513
2014;624;50-64;88;56;144;SEC_624
1997;138;12-15;20;35;55;SEC_138
1994;422;03-11;36;41;77;SEC_422
1994;439;75 i +;45;22;67;SEC_439
1998;114;00-02;21;21;42;SEC_114
2007;303;75 i +;94;75;169;SEC_303
2001;138;18-24;48;57;105;SEC_138
2016;128;25-34;69;78;147;SEC_128
1994;501;75 i +;21;8;29;SEC_501
2003;530;65-74;111;79;190;SEC_530
1998;525;25-34;82;79;161;SEC_525
2015;316;03-11;61;63;124;SEC_316
1994;122;65-74;42;35;77;SEC_122
2010;424;65-74;34;23;57;SEC_424
2007;532;18-24;69;57;126;SEC_532
2013;523;35-49;170;176;346;SEC_523
2001;132;50-64;177;211;388;SEC_132
1998;124;25-34;54;63;117;SEC_124
2005;422;75 i +;73;49;122;SEC_422
2008;519;18-24;38;33;71;SEC_519
1999;231;18-24;45;54;99;SEC_231
2016;322;03-11;74;65;139;SEC_322
1995;626;50-64;133;123;256;SEC_626
2006;538;16-17;10;12;22;SEC_538
1997;316;65-74;37;31;68;SEC_316
2002;426;16-17;11;10;21;SEC_426
2001;308;00-02;22;33;55;SEC_308
2003;219;16-17;19;11;30;SEC_219
2009;428;12-15;9;10;19;SEC_428
1995;517;00-02;12;13;25;SEC_517
2004;127;03-11;25;26;51;SEC_127
2005;509;18-24;48;40;88;SEC_509
1997;624;03-11;34;43;77;SEC_624
2004;421;25-34;104;119;223;SEC_421
2007;631;00-02;14;11;25;SEC_631
2011;615;03-11;40;25;65;SEC_615
2012;247;65-74;53;44;97;SEC_247
2011;404;65-74;74;45;119;SEC_404
2007;437;00-02;19;11;30;SEC_437
2011;502;25-34;133;149;282;SEC_502
1996;225;35-49;53;38;91;SEC_225
1998;315;00-02;13;19;32;SEC_315
2009;436;75 i +;33;22;55;SEC_436
2009;324;18-24;42;55;97;SEC_324
2013;410;25-34;111;102;213;SEC_410
2006;227;25-34;69;64;133;SEC_227
2003;233;35-49;95;95;190;SEC_233
1999;628;35-49;113;79;192;SEC_628
1994;607;00-02;11;12;23;SEC_607
2002;218;75 i +;39;16;55;SEC_218
2009;620;25-34;42;45;87;SEC_620
1996;101;25-34;98;106;204;SEC_101
1998;403;65-74;65;55;120;SEC_403
2001;102;65-74;97;75;172;SEC_102
2010;606;00-02;19;19;38;SEC_606
2011;312;25-34;182;174;356;SEC_312
2012;240;50-64;58;51;109;SEC_240
2016;134;03-11;60;53;113;SEC_134
2007;418;65-74;75;61;136;SEC_418
2010;605;03-11;23;24;47;SEC_605
2013;414;18-24;66;71;137;SEC_414
2011;525;03-11;41;44;85;SEC_525
2013;202;03-11;75;80;155;SEC_202
2016;420;35-49;225;284;509;SEC_420
2015;431;03-11;88;85;173;SEC_431
1998;511;65-74;61;52;113;SEC_511
1995;312;12-15;17;26;43;SEC_312
2016;318;00-02;8;13;21;SEC_318
1996;132;25-34;154;178;332;SEC_132
1999;234;25-34;73;78;151;SEC_234
1996;220;75 i +;35;18;53;SEC_220
1998;522;75 i +;31;24;55;SEC_522
1994;625;25-34;84;81;165;SEC_625
2009;242;18-24;36;53;89;SEC_242
1994;103;16-17;14;11;25;SEC_103
1999;124;75 i +;32;22;54;SEC_124
1997;528;18-24;70;84;154;SEC_528
2010;406;18-24;72;55;127;SEC_406
2012;401;50-64;117;94;211;SEC_401
2002;321;16-17;22;30;52;SEC_321
2003;233;25-34;77;100;177;SEC_233
2010;533;35-49;121;154;275;SEC_533
2005;622;50-64;93;87;180;SEC_622
2001;611;16-17;16;11;27;SEC_611
1996;518;50-64;138;125;263;SEC_518
2011;527;75 i +;57;28;85;SEC_527
1998;123;65-74;82;70;152;SEC_123
2000;441;25-34;128;152;280;SEC_441
2014;410;18-24;54;68;122;SEC_410
1996;623;25-34;111;109;220;SEC_623
2000;228;50-64;64;58;122;SEC_228
2005;223;75 i +;69;38;107;SEC_223
2008;632;16-17;4;12;16;SEC_632
1994;314;16-17;42;47;89;SEC_314
2005;508;03-11;20;20;40;SEC_508
2006;319;35-49;198;208;406;SEC_319
2008;416;16-17;9;4;13;SEC_416
2000;309;16-17;5;6;11;SEC_309
2008;429;16-17;8;3;11;SEC_429
2000;624;65-74;45;37;82;SEC_624
1996;630;18-24;82;79;161;SEC_630
1994;307;75 i +;35;22;57;SEC_307
2012;105;18-24;45;57;102;SEC_105
2007;509;25-34;85;102;187;SEC_509
2008;408;16-17;13;7;20;SEC_408
2012;230;35-49;131;133;264;SEC_230
2003;434;00-02;8;8;16;SEC_434
2005;110;16-17;9;7;16;SEC_110
1999;114;16-17;22;17;39;SEC_114
2011;321;65-74;108;109;217;SEC_321
2002;228;75 i +;45;21;66;SEC_228
2003;531;12-15;15;14;29;SEC_531
1998;603;18-24;41;60;101;SEC_603
2005;632;12-15;12;19;31;SEC_632
1996;139;12-15;26;24;50;SEC_139
2009;226;18-24;56;59;115;SEC_226
2008;625;35-49;117;126;243;SEC_625
2013;119;75 i +;93;51;144;SEC_119
2004;502;25-34;151;159;310;SEC_502
2000;537;35-49;116;122;238;SEC_537
2016;229;50-64;158;150;308;SEC_229
2006;537;25-34;113;125;238;SEC_537
2007;319;03-11;83;81;164;SEC_319
1995;245;18-24;46;67;113;SEC_245
2013;240;18-24;71;70;141;SEC_240
2011;440;50-64;91;79;170;SEC_440
1995;615;75 i +;25;10;35;SEC_615
2011;601;00-02;20;24;44;SEC_601
2001;609;12-15;11;14;25;SEC_609
2009;111;00-02;10;9;19;SEC_111
2016;249;03-11;38;52;90;SEC_249
2003;535;50-64;142;133;275;SEC_535
2001;504;25-34;118;123;241;SEC_504
2009;117;25-34;147;182;329;SEC_117
2006;614;35-49;94;100;194;SEC_614
2006;204;50-64;43;32;75;SEC_204
1996;436;18-24;54;47;101;SEC_436
2006;115;00-02;13;18;31;SEC_115
2010;204;65-74;25;17;42;SEC_204
2011;440;35-49;114;116;230;SEC_440
1995;521;65-74;46;44;90;SEC_521
2002;120;75 i +;51;23;74;SEC_120
2003;440;12-15;5;11;16;SEC_440
2012;618;35-49;73;71;144;SEC_618
1999;520;12-15;16;19;35;SEC_520
2015;106;03-11;56;60;116;SEC_106
1994;622;18-24;82;78;160;SEC_622
2012;113;35-49;181;184;365;SEC_113
2004;435;25-34;85;103;188;SEC_435
2007;119;12-15;12;14;26;SEC_119
2008;236;00-02;13;21;34;SEC_236
2006;246;16-17;9;14;23;SEC_246
2000;204;16-17;2;6;8;SEC_204
1995;411;25-34;79;79;158;SEC_411
2002;232;18-24;44;59;103;SEC_232
2007;534;50-64;83;75;158;SEC_534
2016;419;65-74;78;55;133;SEC_419
2014;622;75 i +;36;14;50;SEC_622
1994;130;25-34;81;101;182;SEC_130
1999;236;50-64;110;92;202;SEC_236
2010;316;18-24;110;109;219;SEC_316
2012;524;65-74;54;38;92;SEC_524
1995;224;25-34;53;61;114;SEC_224
2016;615;65-74;102;56;158;SEC_615
1995;105;12-15;39;40;79;SEC_105
2002;140;50-64;105;98;203;SEC_140
2014;136;35-49;167;173;340;SEC_136
1995;312;35-49;132;109;241;SEC_312
2009;422;50-64;77;81;158;SEC_422
2006;117;25-34;147;177;324;SEC_117
1996;525;50-64;98;87;185;SEC_525
1997;138;65-74;30;31;61;SEC_138
2005;529;35-49;140;133;273;SEC_529
1996;521;00-02;7;8;15;SEC_521
2004;125;12-15;30;21;51;SEC_125
1996;241;75 i +;43;24;67;SEC_241
2007;131;75 i +;63;41;104;SEC_131
1994;230;50-64;93;95;188;SEC_230
1995;224;12-15;8;9;17;SEC_224
1997;214;16-17;8;3;11;SEC_214
2010;509;50-64;59;58;117;SEC_509
2005;508;18-24;32;30;62;SEC_508
2002;122;16-17;6;2;8;SEC_122
2006;322;65-74;53;47;100;SEC_322
2006;119;35-49;117;115;232;SEC_119
2008;516;00-02;12;9;21;SEC_516
2012;313;25-34;124;123;247;SEC_313
1995;222;12-15;24;21;45;SEC_222
2007;119;00-02;14;13;27;SEC_119
2000;126;35-49;63;55;118;SEC_126
2016;211;65-74;43;37;80;SEC_211
2000;412;75 i +;62;41;103;SEC_412
2013;623;00-02;9;16;25;SEC_623
2004;522;00-02;22;14;36;SEC_522
2005;202;50-64;60;60;120;SEC_202
2000;621;75 i +;28;17;45;SEC_621
1999;503;12-15;28;19;47;SEC_503
2003;201;65-74;47;54;101;SEC_201
1996;404;65-74;60;58;118;SEC_404
2006;111;25-34;78;86;164;SEC_111
2004;513;75 i +;43;21;64;SEC_513
2011;517;35-49;160;210;370;SEC_517
2013;407;75 i +;94;51;145;SEC_407
2003;609;12-15;15;10;25;SEC_609
1994;506;03-11;88;103;191;SEC_506
1997;131;35-49;193;172;365;SEC_131
2016;115;65-74;84;75;159;SEC_115
2007;317;50-64;61;74;135;SEC_317
2002;310;16-17;19;16;35;SEC_310
1998;117;75 i +;52;23;75;SEC_117
2007;627;16-17;4;8;12;SEC_627
2015;301;00-02;40;45;85;SEC_301
2006;220;00-02;14;12;26;SEC_220
1996;513;03-11;18;22;40;SEC_513
1994;113;35-49;184;182;366;SEC_113
1997;523;16-17;15;18;33;SEC_523
2011;218;50-64;74;68;142;SEC_218
2012;523;03-11;50;49;99;SEC_523
1998;101;00-02;13;20;33;SEC_101
2000;246;35-49;90;103;193;SEC_246
2008;419;50-64;60;56;116;SEC_419
2008;209;65-74;56;45;101;SEC_209
1996;611;35-49;112;110;222;SEC_611
2009;323;75 i +;82;29;111;SEC_323
2001;519;65-74;45;42;87;SEC_519
1997;313;12-15;58;50;108;SEC_313
1996;212;75 i +;56;31;87;SEC_212
1994;440;50-64;142;162;304;SEC_440
2004;302;00-02;7;20;27;SEC_302
1994;438;25-34;78;83;161;SEC_438
2005;506;12-15;34;45;79;SEC_506
1999;429;50-64;49;60;109;SEC_429
2001;321;25-34;174;187;361;SEC_321
1999;318;18-24;47;51;98;SEC_318
2010;526;25-34;74;77;151;SEC_526
2013;431;12-15;29;32;61;SEC_431
2016;623;25-34;51;62;113;SEC_623
2007;225;03-11;12;14;26;SEC_225
1999;418;35-49;91;102;193;SEC_418
2000;514;00-02;6;7;13;SEC_514
1998;136;25-34;98;89;187;SEC_136
2004;110;16-17;13;10;23;SEC_110
2004;216;18-24;68;60;128;SEC_216
2005;139;35-49;85;118;203;SEC_139
2004;420;25-34;131;186;317;SEC_420
2010;416;03-11;42;48;90;SEC_416
2000;617;12-15;21;17;38;SEC_617
1997;526;75 i +;29;17;46;SEC_526
2012;241;65-74;31;24;55;SEC_241
2002;324;18-24;46;45;91;SEC_324
1995;414;35-49;84;77;161;SEC_414
2008;246;35-49;118;171;289;SEC_246
1999;527;00-02;12;19;31;SEC_527
2014;125;65-74;92;89;181;SEC_125
2014;435;35-49;111;163;274;SEC_435
1996;402;12-15;11;19;30;SEC_402
1997;516;03-11;18;13;31;SEC_516
2000;213;65-74;60;41;101;SEC_213
1999;242;03-11;30;30;60;SEC_242
2004;504;65-74;86;87;173;SEC_504
1995;436;65-74;32;32;64;SEC_436
2011;311;25-34;114;128;242;SEC_311
1999;611;16-17;13;13;26;SEC_611
2014;132;12-15;33;30;63;SEC_132
2012;421;03-11;53;49;102;SEC_421
2011;619;75 i +;82;66;148;SEC_619
1997;204;50-64;53;49;102;SEC_204
1998;314;75 i +;66;32;98;SEC_314
2011;138;50-64;101;95;196;SEC_138
2015;619;18-24;29;37;66;SEC_619
2006;125;35-49;145;188;333;SEC_125
1996;202;75 i +;27;17;44;SEC_202
2005;534;03-11;34;37;71;SEC_534
1996;626;16-17;15;13;28;SEC_626
2004;525;00-02;11;6;17;SEC_525
2002;132;75 i +;68;33;101;SEC_132
2016;304;75 i +;117;59;176;SEC_304
2005;615;00-02;9;6;15;SEC_615
2012;207;18-24;26;25;51;SEC_207
2009;519;16-17;5;11;16;SEC_519
2005;532;50-64;126;99;225;SEC_532
2001;609;25-34;82;106;188;SEC_609
2004;603;50-64;78;61;139;SEC_603
2001;321;03-11;84;95;179;SEC_321
1994;537;00-02;13;8;21;SEC_537
2016;209;75 i +;78;51;129;SEC_209
2015;238;18-24;39;37;76;SEC_238
2001;310;75 i +;29;17;46;SEC_310
2013;136;18-24;40;36;76;SEC_136
1997;107;65-74;78;60;138;SEC_107
2011;209;50-64;93;77;170;SEC_209
2006;421;16-17;6;10;16;SEC_421
2016;530;12-15;24;28;52;SEC_530
1999;623;12-15;33;30;63;SEC_623
1998;240;03-11;15;24;39;SEC_240
2012;224;12-15;11;8;19;SEC_224
2012;217;00-02;9;15;24;SEC_217
1997;117;75 i +;47;19;66;SEC_117
2006;126;25-34;100;94;194;SEC_126
2004;129;75 i +;41;20;61;SEC_129
2016;233;00-02;17;11;28;SEC_233
2004;418;65-74;72;54;126;SEC_418
2010;322;65-74;59;42;101;SEC_322
2013;234;65-74;36;27;63;SEC_234
2009;139;65-74;38;37;75;SEC_139
1994;611;00-02;16;15;31;SEC_611
1997;441;50-64;168;177;345;SEC_441
2010;119;65-74;80;78;158;SEC_119
2010;516;16-17;3;9;12;SEC_516
2011;220;35-49;125;118;243;SEC_220
1995;527;50-64;111;100;211;SEC_527
1995;134;50-64;98;103;201;SEC_134
2015;233;12-15;13;23;36;SEC_233
2008;325;00-02;17;19;36;SEC_325
2014;631;25-34;55;31;86;SEC_631
1994;127;16-17;9;8;17;SEC_127
2011;208;25-34;132;127;259;SEC_208
1997;528;00-02;13;18;31;SEC_528
2013;130;00-02;17;15;32;SEC_130
1998;212;16-17;10;10;20;SEC_212
2001;114;18-24;101;93;194;SEC_114
2015;314;65-74;112;99;211;SEC_314
2012;205;03-11;31;37;68;SEC_205
2006;632;65-74;62;54;116;SEC_632
2002;224;03-11;20;26;46;SEC_224
2008;303;16-17;10;6;16;SEC_303
2001;139;12-15;10;16;26;SEC_139
2008;615;25-34;68;65;133;SEC_615
1998;531;16-17;6;11;17;SEC_531
2006;108;50-64;127;117;244;SEC_108
2013;245;18-24;50;36;86;SEC_245
2012;435;12-15;19;24;43;SEC_435
2000;528;12-15;24;10;34;SEC_528
1996;424;18-24;35;46;81;SEC_424
2015;214;75 i +;122;72;194;SEC_214
2000;440;03-11;23;27;50;SEC_440
2010;307;35-49;139;119;258;SEC_307
1999;248;50-64;86;83;169;SEC_248
2004;202;50-64;63;64;127;SEC_202
2007;309;16-17;10;10;20;SEC_309
2013;403;35-49;121;144;265;SEC_403
2009;211;03-11;49;59;108;SEC_211
2007;110;00-02;12;6;18;SEC_110
2002;608;50-64;89;69;158;SEC_608
1994;534;16-17;16;16;32;SEC_534
2016;632;00-02;11;12;23;SEC_632
2009;207;00-02;14;8;22;SEC_207
2016;120;75 i +;68;45;113;SEC_120
2014;616;18-24;86;90;176;SEC_616
2007;407;75 i +;76;56;132;SEC_407
1999;507;18-24;49;58;107;SEC_507
2010;243;16-17;14;10;24;SEC_243
1998;316;18-24;142;170;312;SEC_316
2005;319;03-11;71;74;145;SEC_319
2011;109;00-02;19;18;37;SEC_109
2006;120;03-11;60;72;132;SEC_120
1996;308;35-49;161;143;304;SEC_308
2010;401;03-11;43;60;103;SEC_401
2000;529;50-64;117;105;222;SEC_529
2003;313;00-02;34;21;55;SEC_313
2009;531;16-17;10;7;17;SEC_531
1995;409;16-17;9;13;22;SEC_409
2014;108;16-17;15;11;26;SEC_108
1994;109;75 i +;50;23;73;SEC_109
1996;521;75 i +;27;14;41;SEC_521
2004;123;00-02;16;14;30;SEC_123
2011;110;35-49;127;118;245;SEC_110
1999;442;65-74;29;25;54;SEC_442
2002;522;25-34;64;87;151;SEC_522
2006;424;35-49;55;73;128;SEC_424
2006;407;35-49;111;145;256;SEC_407
1998;524;03-11;37;42;79;SEC_524
2014;407;16-17;9;6;15;SEC_407
1994;423;18-24;64;77;141;SEC_423
2003;531;75 i +;47;28;75;SEC_531
1997;228;16-17;7;2;9;SEC_228
2011;515;12-15;9;10;19;SEC_515
2006;614;25-34;58;94;152;SEC_614
2000;515;12-15;13;14;27;SEC_515
2013;305;16-17;16;16;32;SEC_305
2003;222;75 i +;38;20;58;SEC_222
2001;235;16-17;6;9;15;SEC_235
2003;629;25-34;47;50;97;SEC_629
2001;204;00-02;3;6;9;SEC_204
2008;507;18-24;40;32;72;SEC_507
2015;202;25-34;145;155;300;SEC_202
1995;502;18-24;99;129;228;SEC_502
2013;406;50-64;118;116;234;SEC_406
2001;301;35-49;212;210;422;SEC_301
1995;420;25-34;108;115;223;SEC_420
2013;302;50-64;161;101;262;SEC_302
2013;312;03-11;55;66;121;SEC_312
2015;120;50-64;199;200;399;SEC_120
2002;249;18-24;43;49;92;SEC_249
2011;313;35-49;236;217;453;SEC_313
1998;116;35-49;182;153;335;SEC_116
1995;608;50-64;116;94;210;SEC_608
2000;314;25-34;181;196;377;SEC_314
2014;507;65-74;57;50;107;SEC_507
2007;408;12-15;15;11;26;SEC_408
2008;440;03-11;36;34;70;SEC_440
1994;537;18-24;96;100;196;SEC_537
2009;605;65-74;65;69;134;SEC_605
2012;422;18-24;43;49;92;SEC_422
2011;110;50-64;151;130;281;SEC_110
2011;322;65-74;57;45;102;SEC_322
2010;104;16-17;4;10;14;SEC_104
2002;515;12-15;12;17;29;SEC_515
2004;124;18-24;46;43;89;SEC_124
2002;625;50-64;151;159;310;SEC_625
1995;624;12-15;32;33;65;SEC_624
2016;126;16-17;12;9;21;SEC_126
2009;204;50-64;41;36;77;SEC_204
2000;624;00-02;7;7;14;SEC_624
2010;527;65-74;47;28;75;SEC_527
1999;203;12-15;6;9;15;SEC_203
1997;612;18-24;93;111;204;SEC_612
2000;114;18-24;100;107;207;SEC_114
2010;426;35-49;140;150;290;SEC_426
2000;602;00-02;5;5;10;SEC_602
2004;405;65-74;90;87;177;SEC_405
1997;110;50-64;143;139;282;SEC_110
1994;528;35-49;109;89;198;SEC_528
2008;132;03-11;88;67;155;SEC_132
2002;430;16-17;11;5;16;SEC_430
2004;609;12-15;19;7;26;SEC_609
2012;222;03-11;38;41;79;SEC_222
2015;601;75 i +;132;110;242;SEC_601
1997;609;35-49;83;52;135;SEC_609
1999;509;12-15;13;11;24;SEC_509
1994;121;65-74;84;69;153;SEC_121
2009;417;16-17;7;6;13;SEC_417
1994;407;25-34;84;112;196;SEC_407
1999;241;50-64;54;55;109;SEC_241
2008;626;75 i +;50;42;92;SEC_626
2000;212;12-15;16;26;42;SEC_212
2002;227;75 i +;48;23;71;SEC_227
2007;610;50-64;165;105;270;SEC_610
1994;242;65-74;78;85;163;SEC_242
1999;429;12-15;8;12;20;SEC_429
1999;404;00-02;20;18;38;SEC_404
1996;621;75 i +;25;12;37;SEC_621
2013;430;18-24;31;35;66;SEC_430
2016;514;18-24;59;58;117;SEC_514
2011;604;00-02;7;11;18;SEC_604
2014;107;50-64;148;130;278;SEC_107
1996;532;16-17;10;13;23;SEC_532
1994;120;18-24;95;86;181;SEC_120
2011;221;03-11;28;36;64;SEC_221
1998;622;12-15;22;19;41;SEC_622
1995;534;25-34;79;80;159;SEC_534
1995;413;25-34;45;60;105;SEC_413
1996;413;16-17;3;8;11;SEC_413
2009;134;25-34;113;135;248;SEC_134
2000;248;18-24;45;59;104;SEC_248
1996;226;50-64;99;87;186;SEC_226
1999;218;35-49;72;75;147;SEC_218
2004;431;16-17;12;15;27;SEC_431
2004;231;16-17;6;7;13;SEC_231
2009;125;16-17;19;9;28;SEC_125
2002;515;75 i +;23;11;34;SEC_515
2011;605;65-74;71;66;137;SEC_605
2003;139;50-64;91;81;172;SEC_139
1997;323;03-11;120;112;232;SEC_323
2001;429;12-15;9;18;27;SEC_429
2012;114;18-24;39;28;67;SEC_114
2006;607;18-24;30;41;71;SEC_607
1999;516;16-17;10;0;10;SEC_516
2007;629;18-24;25;19;44;SEC_629
1994;233;00-02;10;4;14;SEC_233
1997;303;16-17;17;13;30;SEC_303
2000;230;25-34;72;66;138;SEC_230
1995;503;12-15;29;36;65;SEC_503
2005;219;18-24;55;67;122;SEC_219
2002;439;00-02;21;17;38;SEC_439
1995;315;65-74;54;51;105;SEC_315
1997;136;12-15;27;30;57;SEC_136
2003;617;50-64;108;86;194;SEC_617
2000;439;50-64;89;71;160;SEC_439
2004;238;25-34;87;85;172;SEC_238
2005;437;00-02;7;12;19;SEC_437
2000;304;75 i +;85;38;123;SEC_304
2000;435;75 i +;93;47;140;SEC_435
2005;530;50-64;105;90;195;SEC_530
2003;126;65-74;60;59;119;SEC_126
2011;532;03-11;63;59;122;SEC_532
1997;617;50-64;128;109;237;SEC_617
2010;421;16-17;8;17;25;SEC_421
2010;138;18-24;28;43;71;SEC_138
2004;233;16-17;8;8;16;SEC_233
2008;128;50-64;99;74;173;SEC_128
2001;325;00-02;20;20;40;SEC_325
2013;318;00-02;7;7;14;SEC_318
2013;605;35-49;196;178;374;SEC_605
2008;518;16-17;8;17;25;SEC_518
2015;302;35-49;155;175;330;SEC_302
2004;126;50-64;141;127;268;SEC_126
2008;113;35-49;169;174;343;SEC_113
2002;128;18-24;49;48;97;SEC_128
2005;219;50-64;98;76;174;SEC_219
1994;427;16-17;8;25;33;SEC_427
2003;105;16-17;14;13;27;SEC_105
2001;427;16-17;6;6;12;SEC_427
2004;538;16-17;9;7;16;SEC_538
1997;504;16-17;9;16;25;SEC_504
2011;219;00-02;16;21;37;SEC_219
2006;307;16-17;8;16;24;SEC_307
1997;204;75 i +;24;18;42;SEC_204
2001;613;25-34;147;164;311;SEC_613
2016;134;18-24;45;46;91;SEC_134
1996;232;75 i +;65;29;94;SEC_232
1997;609;25-34;84;98;182;SEC_609
2005;322;03-11;55;48;103;SEC_322
1994;432;12-15;41;38;79;SEC_432
1996;223;12-15;15;20;35;SEC_223
2002;519;25-34;60;61;121;SEC_519
1999;606;75 i +;35;17;52;SEC_606
2002;214;03-11;19;18;37;SEC_214
2011;216;03-11;48;41;89;SEC_216
2005;229;25-34;84;90;174;SEC_229
2008;244;75 i +;55;31;86;SEC_244
1998;101;25-34;110;115;225;SEC_101
2009;241;65-74;35;40;75;SEC_241
1995;111;03-11;50;34;84;SEC_111
2012;203;35-49;105;131;236;SEC_203
2016;436;25-34;95;106;201;SEC_436
2002;216;75 i +;58;39;97;SEC_216
2006;305;65-74;57;59;116;SEC_305
2004;530;12-15;25;27;52;SEC_530
2012;201;75 i +;64;41;105;SEC_201
1995;516;12-15;18;11;29;SEC_516
2014;207;75 i +;115;51;166;SEC_207
2002;605;03-11;8;18;26;SEC_605
2007;603;18-24;15;22;37;SEC_603
2014;535;18-24;33;31;64;SEC_535
2008;224;75 i +;36;24;60;SEC_224
2016;138;50-64;90;76;166;SEC_138
2004;134;75 i +;66;31;97;SEC_134
2000;324;12-15;15;20;35;SEC_324
2001;224;16-17;4;4;8;SEC_224
1999;439;12-15;7;18;25;SEC_439
2006;315;50-64;148;145;293;SEC_315
1997;534;18-24;59;70;129;SEC_534
2010;107;65-74;99;96;195;SEC_107
2000;439;03-11;30;25;55;SEC_439
1999;249;65-74;73;71;144;SEC_249
2016;322;18-24;44;50;94;SEC_322
2011;232;16-17;11;8;19;SEC_232
2002;425;65-74;71;58;129;SEC_425
1997;111;50-64;115;107;222;SEC_111
2000;242;00-02;6;5;11;SEC_242
2012;324;03-11;62;46;108;SEC_324
1998;439;03-11;36;28;64;SEC_439
1998;125;50-64;111;140;251;SEC_125
1997;319;50-64;67;67;134;SEC_319
2014;513;00-02;17;22;39;SEC_513
2015;229;35-49;244;215;459;SEC_229
1994;205;65-74;48;39;87;SEC_205
2007;132;25-34;174;220;394;SEC_132
1994;410;75 i +;53;31;84;SEC_410
2006;513;18-24;25;19;44;SEC_513
2005;622;75 i +;41;10;51;SEC_622
2007;414;75 i +;64;44;108;SEC_414
2005;132;50-64;212;216;428;SEC_132
1997;409;00-02;1;11;12;SEC_409
2015;326;35-49;177;228;405;SEC_326
2004;405;03-11;21;25;46;SEC_405
2005;502;75 i +;79;49;128;SEC_502
2005;508;16-17;3;4;7;SEC_508
2011;613;12-15;13;24;37;SEC_613
2012;315;16-17;11;14;25;SEC_315
2002;102;35-49;155;155;310;SEC_102
2010;303;03-11;53;54;107;SEC_303
2004;306;00-02;20;17;37;SEC_306
1995;312;00-02;13;12;25;SEC_312
1996;401;35-49;120;113;233;SEC_401
1994;412;50-64;179;180;359;SEC_412
2009;441;35-49;182;203;385;SEC_441
2014;518;00-02;15;22;37;SEC_518
2012;533;12-15;15;7;22;SEC_533
2012;230;65-74;30;16;46;SEC_230
2006;427;16-17;9;7;16;SEC_427
2005;235;65-74;79;68;147;SEC_235
1995;536;18-24;57;58;115;SEC_536
1995;408;16-17;11;20;31;SEC_408
2006;513;12-15;7;12;19;SEC_513
1999;504;12-15;15;16;31;SEC_504
2008;431;18-24;58;61;119;SEC_431
2001;138;75 i +;22;15;37;SEC_138
2002;209;25-34;81;76;157;SEC_209
2002;406;35-49;134;135;269;SEC_406
2001;227;12-15;8;6;14;SEC_227
2012;111;18-24;31;26;57;SEC_111
2005;519;65-74;45;32;77;SEC_519
2011;304;65-74;80;53;133;SEC_304
2011;619;03-11;41;45;86;SEC_619
2008;609;16-17;8;4;12;SEC_609
2010;431;12-15;29;40;69;SEC_431
1998;417;00-02;9;6;15;SEC_417
2008;314;12-15;36;51;87;SEC_314
1995;121;50-64;101;78;179;SEC_121
1994;513;25-34;64;70;134;SEC_513
2006;111;16-17;14;3;17;SEC_111
2010;612;16-17;7;12;19;SEC_612
2002;608;65-74;63;58;121;SEC_608
1998;112;16-17;25;14;39;SEC_112
2004;407;65-74;76;58;134;SEC_407
2016;523;65-74;71;54;125;SEC_523
2006;309;00-02;6;15;21;SEC_309
2007;514;50-64;56;54;110;SEC_514
2014;319;35-49;258;275;533;SEC_319
1995;109;00-02;11;14;25;SEC_109
2013;502;75 i +;128;73;201;SEC_502
2006;112;12-15;33;32;65;SEC_112
2016;113;03-11;75;88;163;SEC_113
1999;305;16-17;16;23;39;SEC_305
1997;535;50-64;135;161;296;SEC_535
2005;243;00-02;17;24;41;SEC_243
2002;512;00-02;4;14;18;SEC_512
2000;538;12-15;14;16;30;SEC_538
1996;139;00-02;12;16;28;SEC_139
2004;617;03-11;30;39;69;SEC_617
1998;311;12-15;15;14;29;SEC_311
2001;415;03-11;22;27;49;SEC_415
2008;102;00-02;20;16;36;SEC_102
2011;502;03-11;47;73;120;SEC_502
2016;622;12-15;9;12;21;SEC_622
2002;513;35-49;68;85;153;SEC_513
2000;137;35-49;159;148;307;SEC_137
2009;405;03-11;25;29;54;SEC_405
2010;610;50-64;117;68;185;SEC_610
2005;622;18-24;36;45;81;SEC_622
1994;603;35-49;68;56;124;SEC_603
2004;225;75 i +;50;30;80;SEC_225
2012;303;16-17;9;12;21;SEC_303
2001;438;16-17;11;4;15;SEC_438
2009;105;35-49;141;139;280;SEC_105
1999;408;18-24;35;49;84;SEC_408
2001;422;75 i +;65;41;106;SEC_422
1999;509;65-74;35;34;69;SEC_509
1999;220;03-11;17;20;37;SEC_220
1998;240;25-34;55;60;115;SEC_240
1994;403;35-49;125;106;231;SEC_403
2012;433;65-74;33;29;62;SEC_433
2005;316;18-24;179;175;354;SEC_316
2002;122;75 i +;47;22;69;SEC_122
1999;518;50-64;125;100;225;SEC_518
2009;503;03-11;28;27;55;SEC_503
1994;303;35-49;142;128;270;SEC_303
2012;107;12-15;27;21;48;SEC_107
2015;410;12-15;23;37;60;SEC_410
1997;607;00-02;8;12;20;SEC_607
1997;239;75 i +;63;37;100;SEC_239
2010;607;25-34;75;94;169;SEC_607
2005;441;75 i +;78;67;145;SEC_441
2015;615;12-15;19;15;34;SEC_615
2010;441;03-11;77;70;147;SEC_441
2006;129;18-24;46;37;83;SEC_129
2012;233;12-15;11;26;37;SEC_233
2002;418;18-24;55;60;115;SEC_418
2012;615;16-17;8;8;16;SEC_615
2013;530;18-24;58;61;119;SEC_530
1997;106;50-64;126;155;281;SEC_106
2005;217;12-15;12;9;21;SEC_217
2012;313;18-24;64;52;116;SEC_313
2003;323;35-49;384;354;738;SEC_323
2001;127;18-24;34;37;71;SEC_127
2016;537;25-34;108;89;197;SEC_537
2009;409;25-34;52;76;128;SEC_409
1999;424;75 i +;18;11;29;SEC_424
2009;420;00-02;28;28;56;SEC_420
2010;245;00-02;18;22;40;SEC_245
1996;222;16-17;13;14;27;SEC_222
2011;514;25-34;59;66;125;SEC_514
2011;414;18-24;42;37;79;SEC_414
2004;427;16-17;6;8;14;SEC_427
2016;234;65-74;41;26;67;SEC_234
1994;302;00-02;17;21;38;SEC_302
2002;632;18-24;55;55;110;SEC_632
1997;411;12-15;26;12;38;SEC_411
2005;518;65-74;87;79;166;SEC_518
2003;619;16-17;10;18;28;SEC_619
2009;110;18-24;42;46;88;SEC_110
2009;314;18-24;80;133;213;SEC_314
1999;321;18-24;168;146;314;SEC_321
1994;432;35-49;160;151;311;SEC_432
2003;526;35-49;78;94;172;SEC_526
1996;537;65-74;77;60;137;SEC_537
1996;106;35-49;306;265;571;SEC_106
2014;123;50-64;130;121;251;SEC_123
1996;313;12-15;68;49;117;SEC_313
2011;316;35-49;142;122;264;SEC_316
2015;306;75 i +;97;65;162;SEC_306
1996;621;16-17;46;38;84;SEC_621
2000;537;12-15;15;24;39;SEC_537
2014;204;03-11;58;57;115;SEC_204
1995;206;16-17;6;10;16;SEC_206
2009;206;00-02;15;14;29;SEC_206
2015;211;00-02;14;29;43;SEC_211
2013;107;65-74;101;88;189;SEC_107
2013;229;12-15;36;31;67;SEC_229
1996;135;12-15;40;43;83;SEC_135
2009;203;18-24;29;36;65;SEC_203
2003;601;65-74;74;80;154;SEC_601
2015;211;50-64;119;88;207;SEC_211
2001;220;50-64;71;52;123;SEC_220
2012;607;12-15;18;20;38;SEC_607
1994;502;50-64;146;168;314;SEC_502
2016;212;03-11;68;68;136;SEC_212
2001;231;35-49;102;121;223;SEC_231
2003;126;16-17;7;6;13;SEC_126
1994;418;50-64;121;112;233;SEC_418
2004;429;03-11;10;22;32;SEC_429
2006;441;50-64;224;223;447;SEC_441
2001;228;16-17;3;5;8;SEC_228
2016;611;25-34;105;107;212;SEC_611
1995;421;50-64;158;146;304;SEC_421
2013;117;35-49;213;218;431;SEC_117
2001;115;12-15;16;27;43;SEC_115
2004;535;35-49;103;105;208;SEC_535
1997;615;35-49;75;48;123;SEC_615
2014;213;00-02;18;15;33;SEC_213
2005;323;16-17;34;31;65;SEC_323
2004;212;50-64;122;109;231;SEC_212
2008;507;50-64;83;70;153;SEC_507
1994;612;12-15;32;32;64;SEC_612
1999;236;75 i +;58;38;96;SEC_236
2011;519;00-02;8;12;20;SEC_519
2008;424;50-64;52;54;106;SEC_424
1998;115;25-34;99;112;211;SEC_115
2012;311;18-24;47;48;95;SEC_311
1999;122;16-17;8;7;15;SEC_122
1999;533;25-34;82;84;166;SEC_533
2009;625;18-24;58;72;130;SEC_625
2003;137;75 i +;51;26;77;SEC_137
2006;235;25-34;171;195;366;SEC_235
1995;226;16-17;14;7;21;SEC_226
2003;617;12-15;19;14;33;SEC_617
2000;201;50-64;77;65;142;SEC_201
2005;324;50-64;71;72;143;SEC_324
2011;628;03-11;42;46;88;SEC_628
1999;109;18-24;56;51;107;SEC_109
2010;214;18-24;38;44;82;SEC_214
2004;217;00-02;9;9;18;SEC_217
2013;627;35-49;96;94;190;SEC_627
1996;603;00-02;9;7;16;SEC_603
2002;402;75 i +;38;32;70;SEC_402
2006;631;25-34;86;116;202;SEC_631
2007;224;75 i +;34;22;56;SEC_224
2002;128;16-17;7;8;15;SEC_128
2014;518;18-24;27;48;75;SEC_518
2002;538;03-11;32;32;64;SEC_538
2004;311;50-64;128;100;228;SEC_311
1998;313;65-74;77;71;148;SEC_313
2013;505;25-34;58;57;115;SEC_505
2001;419;00-02;16;16;32;SEC_419
1996;224;12-15;10;13;23;SEC_224
1996;427;16-17;11;5;16;SEC_427
2003;501;65-74;29;34;63;SEC_501
1998;201;18-24;35;37;72;SEC_201
1996;319;03-11;30;34;64;SEC_319
2011;211;12-15;20;28;48;SEC_211
1998;522;03-11;20;18;38;SEC_522
1995;522;16-17;7;9;16;SEC_522
1999;621;18-24;149;172;321;SEC_621
1999;612;16-17;14;10;24;SEC_612
2011;126;65-74;87;87;174;SEC_126
2007;206;03-11;25;39;64;SEC_206
1996;601;12-15;47;38;85;SEC_601
1994;436;50-64;81;63;144;SEC_436
2015;605;50-64;140;105;245;SEC_605
2015;245;75 i +;67;47;114;SEC_245
2009;211;12-15;19;26;45;SEC_211
1996;624;16-17;19;22;41;SEC_624
1995;126;16-17;25;23;48;SEC_126
2006;228;50-64;50;47;97;SEC_228
2000;612;16-17;8;11;19;SEC_612
2008;435;25-34;142;137;279;SEC_435
2010;522;16-17;8;6;14;SEC_522
2009;429;03-11;21;21;42;SEC_429
2009;118;03-11;79;59;138;SEC_118
1997;124;12-15;29;25;54;SEC_124
2002;239;16-17;6;8;14;SEC_239
2015;130;00-02;26;15;41;SEC_130
2008;439;25-34;107;152;259;SEC_439
2009;241;00-02;12;12;24;SEC_241
2002;242;16-17;5;11;16;SEC_242
2007;622;35-49;77;87;164;SEC_622
1998;124;65-74;44;35;79;SEC_124
2004;132;03-11;70;83;153;SEC_132
2008;409;65-74;44;37;81;SEC_409
2002;314;25-34;178;198;376;SEC_314
2015;322;12-15;28;31;59;SEC_322
2010;406;12-15;26;28;54;SEC_406
1996;306;50-64;130;107;237;SEC_306
2004;207;12-15;9;7;16;SEC_207
2012;411;16-17;5;7;12;SEC_411
2001;210;35-49;77;76;153;SEC_210
2013;622;03-11;29;39;68;SEC_622
2010;420;12-15;24;29;53;SEC_420
2001;411;25-34;68;83;151;SEC_411
2000;324;16-17;13;4;17;SEC_324
2012;530;25-34;148;149;297;SEC_530
1995;511;12-15;7;8;15;SEC_511
1994;618;12-15;17;13;30;SEC_618
1995;109;50-64;101;99;200;SEC_109
1997;221;25-34;90;90;180;SEC_221
1994;307;03-11;71;77;148;SEC_307
1999;215;16-17;8;8;16;SEC_215
2006;406;18-24;77;60;137;SEC_406
1997;440;75 i +;53;34;87;SEC_440
2010;205;00-02;10;9;19;SEC_205
1997;505;35-49;120;94;214;SEC_505
2001;104;03-11;35;23;58;SEC_104
2009;305;00-02;26;26;52;SEC_305
2011;301;65-74;140;112;252;SEC_301
2011;124;35-49;80;79;159;SEC_124
2005;219;25-34;121;124;245;SEC_219
2002;502;12-15;25;24;49;SEC_502
2007;506;65-74;99;102;201;SEC_506
1999;506;00-02;18;18;36;SEC_506
2006;615;00-02;6;10;16;SEC_615
1999;611;00-02;11;15;26;SEC_611
1995;133;65-74;50;44;94;SEC_133
2015;422;50-64;93;100;193;SEC_422
2010;131;16-17;7;10;17;SEC_131
2013;530;35-49;220;229;449;SEC_530
2013;304;18-24;81;75;156;SEC_304
2011;423;12-15;16;15;31;SEC_423
2011;302;12-15;15;18;33;SEC_302
2008;401;03-11;55;66;121;SEC_401
2000;529;03-11;25;31;56;SEC_529
2016;521;50-64;91;70;161;SEC_521
2006;104;03-11;42;38;80;SEC_104
2003;508;16-17;9;5;14;SEC_508
2015;624;50-64;76;54;130;SEC_624
2001;413;65-74;48;32;80;SEC_413
2000;239;25-34;97;108;205;SEC_239
2000;317;16-17;8;9;17;SEC_317
2000;114;00-02;23;17;40;SEC_114
2004;244;35-49;77;88;165;SEC_244
2013;121;75 i +;84;45;129;SEC_121
2001;608;35-49;85;92;177;SEC_608
1996;427;75 i +;41;30;71;SEC_427
2000;519;18-24;15;26;41;SEC_519
2013;405;18-24;62;62;124;SEC_405
1997;524;35-49;95;105;200;SEC_524
2002;528;03-11;42;31;73;SEC_528
1997;404;18-24;68;66;134;SEC_404
2008;224;25-34;66;63;129;SEC_224
2004;138;65-74;34;36;70;SEC_138
1995;134;18-24;91;82;173;SEC_134
2005;420;12-15;23;27;50;SEC_420
1998;244;25-34;57;61;118;SEC_244
2004;119;03-11;25;32;57;SEC_119
2007;232;35-49;116;115;231;SEC_232
2013;511;16-17;16;16;32;SEC_511
1998;601;18-24;101;127;228;SEC_601
1996;318;35-49;126;137;263;SEC_318
2003;310;50-64;76;87;163;SEC_310
1996;536;50-64;109;96;205;SEC_536
1997;308;18-24;102;93;195;SEC_308
2011;130;75 i +;94;61;155;SEC_130
2004;504;25-34;109;142;251;SEC_504
2002;618;00-02;5;7;12;SEC_618
2005;311;03-11;46;61;107;SEC_311
2016;504;00-02;12;16;28;SEC_504
2006;118;25-34;163;184;347;SEC_118
2000;530;25-34;122;138;260;SEC_530
1996;102;00-02;11;15;26;SEC_102
1994;242;12-15;16;13;29;SEC_242
1999;313;50-64;153;153;306;SEC_313
1996;419;03-11;25;26;51;SEC_419
1995;418;25-34;84;96;180;SEC_418
2012;534;50-64;85;74;159;SEC_534
2006;321;25-34;180;158;338;SEC_321
2007;241;12-15;13;10;23;SEC_241
2009;309;16-17;5;4;9;SEC_309
2000;307;75 i +;48;34;82;SEC_307
2000;403;35-49;107;100;207;SEC_403
2010;303;18-24;44;40;84;SEC_303
1994;217;12-15;10;9;19;SEC_217
2016;320;03-11;65;70;135;SEC_320
2008;245;35-49;146;130;276;SEC_245
1997;107;25-34;150;171;321;SEC_107
1996;604;65-74;30;26;56;SEC_604
2005;202;12-15;12;16;28;SEC_202
2012;528;35-49;181;156;337;SEC_528
1998;244;65-74;55;38;93;SEC_244
1995;537;65-74;78;65;143;SEC_537
1999;117;16-17;31;41;72;SEC_117
1994;103;35-49;80;79;159;SEC_103
2000;622;65-74;41;28;69;SEC_622
2003;205;75 i +;46;26;72;SEC_205
2007;217;12-15;9;11;20;SEC_217
2006;133;25-34;84;93;177;SEC_133
2010;125;03-11;75;74;149;SEC_125
2015;601;35-49;215;276;491;SEC_601
2008;502;18-24;68;68;136;SEC_502
1995;628;25-34;76;81;157;SEC_628
2005;520;00-02;6;9;15;SEC_520
1999;115;00-02;19;17;36;SEC_115
2006;408;03-11;32;39;71;SEC_408
1996;246;65-74;82;69;151;SEC_246
2001;236;16-17;9;6;15;SEC_236
2006;318;12-15;9;24;33;SEC_318
2006;325;50-64;200;183;383;SEC_325
2004;429;00-02;5;8;13;SEC_429
2012;249;00-02;19;19;38;SEC_249
2004;233;03-11;19;39;58;SEC_233
1995;221;65-74;51;60;111;SEC_221
1997;519;35-49;38;41;79;SEC_519
2013;432;25-34;91;85;176;SEC_432
2011;627;75 i +;45;32;77;SEC_627
2005;131;16-17;18;12;30;SEC_131
2013;305;12-15;32;26;58;SEC_305
2013;231;12-15;31;27;58;SEC_231
1995;249;75 i +;50;25;75;SEC_249
2015;606;12-15;20;21;41;SEC_606
2011;216;16-17;19;9;28;SEC_216
2008;320;65-74;45;48;93;SEC_320
1999;105;65-74;49;38;87;SEC_105
2009;619;16-17;10;11;21;SEC_619
1995;420;50-64;141;129;270;SEC_420
1995;629;75 i +;25;9;34;SEC_629
2015;217;00-02;23;13;36;SEC_217
1995;502;16-17;23;28;51;SEC_502
2004;507;00-02;11;12;23;SEC_507
2002;206;16-17;6;6;12;SEC_206
2007;229;03-11;41;27;68;SEC_229
1997;410;16-17;20;18;38;SEC_410
1997;224;50-64;55;40;95;SEC_224
2004;307;00-02;10;14;24;SEC_307
1998;138;00-02;4;7;11;SEC_138
1995;610;50-64;179;222;401;SEC_610
2005;104;25-34;82;80;162;SEC_104
2011;427;25-34;102;109;211;SEC_427
2001;111;50-64;108;94;202;SEC_111
2014;617;12-15;17;11;28;SEC_617
2015;109;00-02;12;13;25;SEC_109
2013;514;03-11;60;61;121;SEC_514
2011;245;50-64;78;73;151;SEC_245
1997;325;16-17;29;21;50;SEC_325
2014;101;00-02;22;33;55;SEC_101
2006;407;03-11;38;34;72;SEC_407
1999;519;25-34;55;46;101;SEC_519
2011;117;16-17;19;19;38;SEC_117
2000;513;75 i +;41;16;57;SEC_513
2007;411;50-64;98;76;174;SEC_411
2015;237;75 i +;84;47;131;SEC_237
2012;529;75 i +;95;67;162;SEC_529
2008;605;25-34;49;65;114;SEC_605
2003;421;75 i +;60;36;96;SEC_421
2006;213;35-49;123;123;246;SEC_213
2010;247;18-24;54;71;125;SEC_247
2004;411;75 i +;75;55;130;SEC_411
1999;515;50-64;52;54;106;SEC_515
2016;406;50-64;131;125;256;SEC_406
2000;627;18-24;94;91;185;SEC_627
2006;306;00-02;24;18;42;SEC_306
2013;517;75 i +;103;71;174;SEC_517
2006;416;03-11;37;34;71;SEC_416
2011;236;35-49;138;121;259;SEC_236
2016;202;00-02;25;31;56;SEC_202
1994;202;35-49;67;64;131;SEC_202
2004;110;12-15;15;25;40;SEC_110
2008;605;00-02;10;9;19;SEC_605
2004;226;18-24;41;48;89;SEC_226
1995;534;16-17;9;18;27;SEC_534
2014;606;12-15;16;24;40;SEC_606
2003;321;35-49;285;285;570;SEC_321
1997;122;35-49;56;50;106;SEC_122
1994;526;12-15;14;21;35;SEC_526
2001;103;16-17;10;5;15;SEC_103
1996;533;25-34;84;100;184;SEC_533
1995;403;16-17;16;15;31;SEC_403
2012;501;03-11;37;47;84;SEC_501
2006;409;18-24;31;43;74;SEC_409
2007;625;00-02;8;10;18;SEC_625
2003;307;35-49;172;142;314;SEC_307
2010;518;50-64;82;61;143;SEC_518
2013;407;03-11;46;54;100;SEC_407
1994;530;12-15;18;26;44;SEC_530
2007;405;12-15;6;9;15;SEC_405
2006;436;75 i +;31;20;51;SEC_436
2016;224;16-17;7;13;20;SEC_224
2000;248;35-49;107;114;221;SEC_248
2005;246;16-17;5;13;18;SEC_246
2015;319;00-02;27;27;54;SEC_319
2001;314;65-74;64;55;119;SEC_314
2016;411;16-17;8;7;15;SEC_411
2007;607;03-11;43;36;79;SEC_607
1994;219;35-49;100;94;194;SEC_219
1999;109;00-02;14;9;23;SEC_109
2013;431;16-17;10;12;22;SEC_431
1997;220;50-64;82;70;152;SEC_220
2007;119;50-64;189;160;349;SEC_119
1994;525;65-74;39;40;79;SEC_525
1994;620;50-64;82;92;174;SEC_620
2007;101;65-74;52;52;104;SEC_101
2003;217;18-24;28;31;59;SEC_217
2003;323;18-24;149;196;345;SEC_323
2003;312;75 i +;61;30;91;SEC_312
2010;608;75 i +;55;35;90;SEC_608
2012;507;12-15;12;16;28;SEC_507
2014;501;75 i +;37;30;67;SEC_501
1999;519;18-24;14;28;42;SEC_519
2015;210;16-17;9;5;14;SEC_210
2002;318;25-34;59;69;128;SEC_318
2000;304;65-74;86;73;159;SEC_304
2007;523;12-15;18;27;45;SEC_523
2001;529;16-17;12;10;22;SEC_529
2001;122;65-74;45;50;95;SEC_122
2013;403;00-02;25;17;42;SEC_403
2004;110;25-34;112;134;246;SEC_110
2001;225;35-49;43;46;89;SEC_225
1998;213;35-49;94;91;185;SEC_213
1998;405;65-74;82;64;146;SEC_405
2012;325;18-24;53;50;103;SEC_325
1994;115;00-02;10;22;32;SEC_115
2003;627;75 i +;29;15;44;SEC_627
2015;614;00-02;11;10;21;SEC_614
2014;113;03-11;71;95;166;SEC_113
2014;306;50-64;162;140;302;SEC_306
2011;120;50-64;196;198;394;SEC_120
2002;631;65-74;53;55;108;SEC_631
1996;440;50-64;151;174;325;SEC_440
1998;224;75 i +;41;14;55;SEC_224
2009;239;75 i +;95;61;156;SEC_239
2014;243;25-34;120;80;200;SEC_243
2009;227;50-64;68;55;123;SEC_227
2014;318;00-02;6;7;13;SEC_318
2000;136;25-34;99;110;209;SEC_136
1997;414;65-74;68;63;131;SEC_414
2002;119;12-15;17;22;39;SEC_119
2009;427;00-02;19;18;37;SEC_427
2005;236;25-34;104;114;218;SEC_236
2004;439;35-49;119;137;256;SEC_439
2008;431;65-74;70;55;125;SEC_431
2003;511;03-11;27;27;54;SEC_511
2001;609;50-64;138;121;259;SEC_609
1995;509;65-74;26;26;52;SEC_509
2011;114;00-02;11;26;37;SEC_114
1998;628;50-64;132;152;284;SEC_628
2010;605;18-24;15;9;24;SEC_605
1997;530;00-02;14;12;26;SEC_530
2015;315;25-34;130;130;260;SEC_315
2007;440;65-74;74;80;154;SEC_440
2002;533;12-15;25;20;45;SEC_533
2003;315;03-11;49;55;104;SEC_315
1998;625;75 i +;17;7;24;SEC_625
2002;604;03-11;24;26;50;SEC_604
2016;311;65-74;64;45;109;SEC_311
1997;605;16-17;9;11;20;SEC_605
1994;510;35-49;99;95;194;SEC_510
1994;425;35-49;87;83;170;SEC_425
2012;320;50-64;83;82;165;SEC_320
1998;428;03-11;19;15;34;SEC_428
2015;513;18-24;45;54;99;SEC_513
1995;115;03-11;48;73;121;SEC_115
2007;418;12-15;27;17;44;SEC_418
2011;122;16-17;10;5;15;SEC_122
1998;526;75 i +;30;15;45;SEC_526
2007;602;18-24;21;23;44;SEC_602
1999;423;00-02;7;11;18;SEC_423
2014;626;00-02;9;12;21;SEC_626
1997;122;50-64;129;118;247;SEC_122
2006;502;75 i +;121;64;185;SEC_502
2009;248;03-11;52;44;96;SEC_248
2014;131;65-74;104;107;211;SEC_131
2008;528;00-02;19;21;40;SEC_528
2003;413;65-74;42;36;78;SEC_413
2014;423;65-74;49;47;96;SEC_423
1995;303;25-34;153;168;321;SEC_303
1998;314;16-17;37;39;76;SEC_314
1999;429;35-49;70;66;136;SEC_429
2003;428;03-11;20;23;43;SEC_428
1996;502;16-17;26;14;40;SEC_502
2012;229;03-11;33;35;68;SEC_229
1996;536;03-11;32;24;56;SEC_536
2004;525;65-74;75;55;130;SEC_525
2006;229;35-49;104;106;210;SEC_229
2000;606;25-34;113;100;213;SEC_606
2006;139;00-02;12;13;25;SEC_139
2007;223;35-49;143;169;312;SEC_223
2007;319;12-15;21;23;44;SEC_319
2010;245;03-11;51;38;89;SEC_245
2008;107;03-11;62;64;126;SEC_107
1998;404;03-11;54;37;91;SEC_404
2006;127;18-24;42;37;79;SEC_127
2000;219;03-11;41;38;79;SEC_219
1996;109;03-11;51;46;97;SEC_109
2009;213;03-11;34;55;89;SEC_213
2003;204;75 i +;37;21;58;SEC_204
2013;605;50-64;135;98;233;SEC_605
2011;213;16-17;9;10;19;SEC_213
2000;221;50-64;105;89;194;SEC_221
2007;605;00-02;9;7;16;SEC_605
2004;532;12-15;18;26;44;SEC_532
1995;423;75 i +;38;22;60;SEC_423
1996;409;12-15;23;15;38;SEC_409
2010;212;16-17;10;15;25;SEC_212
2002;204;18-24;18;23;41;SEC_204
2010;101;75 i +;45;42;87;SEC_101
2010;124;65-74;30;32;62;SEC_124
2014;532;65-74;76;61;137;SEC_532
2003;115;50-64;117;127;244;SEC_115
2004;617;16-17;6;8;14;SEC_617
1998;511;16-17;3;6;9;SEC_511
2016;513;12-15;19;29;48;SEC_513
1997;140;00-02;5;6;11;SEC_140
2005;240;18-24;32;33;65;SEC_240
1996;423;16-17;12;13;25;SEC_423
2014;210;50-64;79;78;157;SEC_210
2009;316;18-24;125;119;244;SEC_316
2009;422;18-24;53;59;112;SEC_422
1996;112;03-11;64;68;132;SEC_112
2006;239;16-17;12;7;19;SEC_239
1995;537;12-15;32;30;62;SEC_537
2008;131;35-49;142;170;312;SEC_131
2003;121;00-02;14;4;18;SEC_121
2007;608;18-24;26;32;58;SEC_608
2014;513;35-49;194;205;399;SEC_513
2013;127;75 i +;42;33;75;SEC_127
2006;109;50-64;119;130;249;SEC_109
2012;234;35-49;130;145;275;SEC_234
2000;529;16-17;10;7;17;SEC_529
2007;108;03-11;56;46;102;SEC_108
2009;420;12-15;25;29;54;SEC_420
2010;510;75 i +;63;36;99;SEC_510
2010;605;12-15;4;10;14;SEC_605
1996;309;03-11;27;28;55;SEC_309
1998;304;03-11;33;50;83;SEC_304
2010;317;25-34;116;140;256;SEC_317
2005;120;00-02;9;32;41;SEC_120
2009;428;25-34;61;71;132;SEC_428
2002;320;50-64;104;101;205;SEC_320
1995;411;16-17;22;17;39;SEC_411
2011;202;50-64;71;53;124;SEC_202
2013;322;50-64;111;95;206;SEC_322
2005;124;65-74;39;40;79;SEC_124
1996;431;50-64;133;119;252;SEC_431
2013;301;65-74;147;118;265;SEC_301
2004;534;03-11;32;31;63;SEC_534
2006;626;35-49;83;99;182;SEC_626
2006;505;50-64;191;140;331;SEC_505
1995;317;25-34;68;76;144;SEC_317
1999;234;75 i +;80;32;112;SEC_234
2007;139;18-24;28;42;70;SEC_139
2013;239;50-64;103;75;178;SEC_239
2007;318;03-11;29;39;68;SEC_318
2011;537;65-74;87;73;160;SEC_537
2006;629;12-15;7;5;12;SEC_629
2015;201;35-49;227;227;454;SEC_201
2010;433;65-74;30;29;59;SEC_433
2016;309;18-24;29;30;59;SEC_309
1999;409;16-17;9;9;18;SEC_409
1995;429;00-02;2;6;8;SEC_429
1999;534;65-74;56;50;106;SEC_534
2014;502;00-02;22;22;44;SEC_502
1999;425;00-02;9;8;17;SEC_425
2013;510;03-11;46;37;83;SEC_510
2012;603;65-74;59;47;106;SEC_603
1994;514;03-11;36;26;62;SEC_514
2002;421;00-02;13;15;28;SEC_421
2006;436;65-74;35;19;54;SEC_436
2016;237;50-64;122;110;232;SEC_237
2010;516;75 i +;41;19;60;SEC_516
2001;516;35-49;55;67;122;SEC_516
2010;432;50-64;159;135;294;SEC_432
2016;127;03-11;33;29;62;SEC_127
2002;423;25-34;75;99;174;SEC_423
2007;432;16-17;13;15;28;SEC_432
2015;231;12-15;26;30;56;SEC_231
2015;508;50-64;130;115;245;SEC_508
2006;129;16-17;7;12;19;SEC_129
2012;117;75 i +;75;47;122;SEC_117
2010;430;12-15;15;27;42;SEC_430
2005;419;50-64;65;66;131;SEC_419
1997;232;16-17;11;10;21;SEC_232
2016;409;18-24;82;73;155;SEC_409
2003;225;50-64;59;39;98;SEC_225
2012;108;35-49;194;166;360;SEC_108
2003;511;00-02;13;10;23;SEC_511
1999;320;16-17;6;6;12;SEC_320
2005;514;00-02;11;11;22;SEC_514
2000;609;03-11;22;30;52;SEC_609
2000;425;16-17;5;9;14;SEC_425
2005;624;18-24;43;45;88;SEC_624
1995;234;25-34;84;89;173;SEC_234
2005;227;75 i +;53;34;87;SEC_227
2004;526;12-15;11;19;30;SEC_526
1994;231;50-64;123;123;246;SEC_231
2005;415;00-02;11;12;23;SEC_415
1995;244;35-49;53;59;112;SEC_244
2016;319;16-17;13;15;28;SEC_319
1998;136;50-64;99;93;192;SEC_136
2002;441;65-74;88;84;172;SEC_441
2015;311;03-11;56;74;130;SEC_311
2014;623;75 i +;61;47;108;SEC_623
2007;427;75 i +;54;41;95;SEC_427
2014;525;18-24;47;39;86;SEC_525
2000;605;75 i +;24;17;41;SEC_605
1995;512;25-34;80;85;165;SEC_512
2000;229;12-15;6;9;15;SEC_229
2015;117;16-17;17;15;32;SEC_117
2005;312;03-11;49;59;108;SEC_312
2001;310;35-49;101;108;209;SEC_310
2011;242;16-17;9;4;13;SEC_242
1994;620;03-11;23;24;47;SEC_620
2009;614;18-24;26;34;60;SEC_614
1997;213;00-02;10;7;17;SEC_213
2000;127;12-15;23;21;44;SEC_127
1997;316;75 i +;27;16;43;SEC_316
2001;107;03-11;37;56;93;SEC_107
2010;214;75 i +;30;25;55;SEC_214
2001;420;18-24;58;64;122;SEC_420
1994;138;12-15;24;37;61;SEC_138
2002;615;25-34;79;110;189;SEC_615
2001;527;12-15;21;18;39;SEC_527
2003;510;00-02;16;6;22;SEC_510
1999;622;16-17;12;17;29;SEC_622
2006;316;18-24;174;171;345;SEC_316
2001;517;12-15;22;16;38;SEC_517
2006;303;25-34;144;167;311;SEC_303
2003;432;00-02;9;8;17;SEC_432
2005;126;25-34;108;109;217;SEC_126
2008;441;35-49;196;209;405;SEC_441
2006;229;25-34;73;80;153;SEC_229
1998;520;65-74;50;56;106;SEC_520
1999;438;50-64;101;99;200;SEC_438
2010;507;12-15;12;20;32;SEC_507
1994;537;65-74;71;61;132;SEC_537
2008;505;25-34;104;101;205;SEC_505
2015;507;75 i +;45;21;66;SEC_507
2013;535;35-49;90;86;176;SEC_535
2008;632;35-49;97;105;202;SEC_632
2011;621;12-15;23;34;57;SEC_621
2016;208;12-15;15;29;44;SEC_208
2011;207;12-15;9;12;21;SEC_207
2009;139;35-49;103;130;233;SEC_139
2002;112;03-11;61;69;130;SEC_112
2001;247;25-34;102;110;212;SEC_247
1997;436;25-34;73;89;162;SEC_436
2008;241;00-02;11;13;24;SEC_241
2000;402;25-34;68;76;144;SEC_402
1997;418;18-24;65;63;128;SEC_418
1999;132;03-11;74;82;156;SEC_132
1996;416;65-74;54;42;96;SEC_416
2016;609;75 i +;44;38;82;SEC_609
2010;215;35-49;138;136;274;SEC_215
2012;214;50-64;52;48;100;SEC_214
2004;301;65-74;115;125;240;SEC_301
1996;319;18-24;39;52;91;SEC_319
2013;306;03-11;73;46;119;SEC_306
2009;109;75 i +;71;41;112;SEC_109
2000;227;16-17;8;8;16;SEC_227
2009;507;03-11;35;43;78;SEC_507
2009;416;25-34;54;81;135;SEC_416
1999;312;12-15;23;22;45;SEC_312
1996;602;25-34;75;85;160;SEC_602
2010;105;65-74;41;49;90;SEC_105
1999;208;16-17;9;18;27;SEC_208
2016;402;16-17;7;9;16;SEC_402
1994;619;65-74;48;52;100;SEC_619
2004;503;18-24;42;53;95;SEC_503
2001;131;50-64;170;183;353;SEC_131
2005;522;35-49;97;96;193;SEC_522
2013;501;18-24;35;30;65;SEC_501
1999;111;16-17;9;6;15;SEC_111
2012;112;50-64;171;164;335;SEC_112
2008;134;03-11;52;57;109;SEC_134
2010;112;12-15;23;30;53;SEC_112
2005;416;75 i +;49;34;83;SEC_416
2002;632;75 i +;27;14;41;SEC_632
2002;504;50-64;149;131;280;SEC_504
2012;140;25-34;69;87;156;SEC_140
2008;322;18-24;37;45;82;SEC_322
2003;124;25-34;80;70;150;SEC_124
1997;503;75 i +;15;10;25;SEC_503
2006;248;50-64;89;83;172;SEC_248
2010;115;18-24;42;51;93;SEC_115
1998;533;00-02;11;3;14;SEC_533
2007;246;03-11;51;44;95;SEC_246
2005;622;25-34;77;87;164;SEC_622
2013;422;65-74;48;27;75;SEC_422
1996;631;25-34;91;93;184;SEC_631
2008;430;16-17;7;11;18;SEC_430
2003;321;18-24;132;119;251;SEC_321
1998;218;65-74;46;33;79;SEC_218
1994;425;16-17;8;15;23;SEC_425
1999;323;12-15;73;65;138;SEC_323
2001;304;35-49;110;130;240;SEC_304
1998;311;65-74;91;72;163;SEC_311
1999;121;75 i +;47;27;74;SEC_121
1996;401;00-02;9;10;19;SEC_401
2003;128;65-74;50;52;102;SEC_128
2016;248;25-34;97;102;199;SEC_248
1998;414;00-02;4;11;15;SEC_414
2014;123;12-15;17;22;39;SEC_123
2012;118;00-02;26;28;54;SEC_118
2014;210;00-02;6;6;12;SEC_210
2013;521;25-34;53;47;100;SEC_521
1994;615;03-11;29;26;55;SEC_615
2006;127;35-49;101;100;201;SEC_127
1996;228;35-49;38;52;90;SEC_228
2004;442;75 i +;32;22;54;SEC_442
2005;407;75 i +;62;44;106;SEC_407
2009;237;18-24;59;50;109;SEC_237
1996;601;65-74;49;41;90;SEC_601
2005;214;35-49;89;100;189;SEC_214
2015;220;65-74;64;35;99;SEC_220
1997;109;75 i +;49;23;72;SEC_109
2013;321;18-24;75;88;163;SEC_321
1999;237;12-15;14;13;27;SEC_237
2010;402;65-74;45;36;81;SEC_402
2006;438;25-34;91;90;181;SEC_438
2004;222;50-64;81;71;152;SEC_222
2004;431;25-34;162;219;381;SEC_431
1999;249;03-11;20;27;47;SEC_249
2003;407;50-64;81;73;154;SEC_407
2006;602;50-64;56;37;93;SEC_602
2008;129;03-11;48;54;102;SEC_129
1999;233;00-02;5;11;16;SEC_233
2012;302;50-64;157;118;275;SEC_302
2013;405;25-34;139;149;288;SEC_405
1997;139;12-15;16;24;40;SEC_139
2002;620;00-02;4;9;13;SEC_620
2007;430;35-49;109;148;257;SEC_430
1994;239;75 i +;69;29;98;SEC_239
2013;529;16-17;12;12;24;SEC_529
2014;315;18-24;55;59;114;SEC_315
2014;531;03-11;38;34;72;SEC_531
2004;128;35-49;89;104;193;SEC_128
2005;631;65-74;54;54;108;SEC_631
2011;246;65-74;35;37;72;SEC_246
2004;610;35-49;99;98;197;SEC_610
2002;536;18-24;29;37;66;SEC_536
2014;118;03-11;81;70;151;SEC_118
2012;238;18-24;31;36;67;SEC_238
2003;221;75 i +;42;31;73;SEC_221
1996;133;16-17;14;20;34;SEC_133
2014;309;03-11;59;70;129;SEC_309
2007;106;12-15;26;28;54;SEC_106
1995;118;50-64;106;125;231;SEC_118
2002;320;16-17;4;8;12;SEC_320
2005;519;03-11;30;34;64;SEC_519
1999;313;16-17;33;22;55;SEC_313
1999;110;18-24;89;96;185;SEC_110
2011;223;75 i +;69;47;116;SEC_223
2015;623;16-17;12;8;20;SEC_623
2001;425;03-11;23;32;55;SEC_425
1995;309;50-64;55;58;113;SEC_309
2001;103;12-15;12;8;20;SEC_103
1996;429;16-17;16;9;25;SEC_429
1999;226;16-17;13;14;27;SEC_226
2009;304;16-17;21;10;31;SEC_304
2014;613;25-34;54;60;114;SEC_613
2009;509;25-34;85;110;195;SEC_509
2003;231;00-02;13;15;28;SEC_231
1994;611;12-15;30;40;70;SEC_611
2014;427;50-64;140;123;263;SEC_427
2000;116;25-34;146;140;286;SEC_116
1997;207;25-34;55;45;100;SEC_207
2012;202;03-11;31;33;64;SEC_202
2005;106;25-34;161;198;359;SEC_106
1997;223;35-49;81;88;169;SEC_223
2004;220;65-74;63;44;107;SEC_220
2012;211;16-17;13;16;29;SEC_211
2003;111;12-15;16;17;33;SEC_111
2015;114;50-64;150;121;271;SEC_114
2001;109;16-17;14;9;23;SEC_109
2010;420;16-17;13;9;22;SEC_420
2003;137;25-34;139;152;291;SEC_137
2010;435;18-24;63;48;111;SEC_435
1998;630;18-24;83;91;174;SEC_630
2010;403;50-64;113;82;195;SEC_403
2008;530;00-02;28;26;54;SEC_530
1998;129;18-24;83;72;155;SEC_129
1994;419;16-17;9;15;24;SEC_419
2012;226;35-49;174;167;341;SEC_226
2005;605;65-74;63;67;130;SEC_605
2013;121;18-24;26;34;60;SEC_121
2002;518;50-64;108;72;180;SEC_518
2003;438;50-64;91;76;167;SEC_438
2005;131;12-15;18;19;37;SEC_131
2001;436;18-24;39;46;85;SEC_436
2001;620;16-17;7;8;15;SEC_620
2004;619;75 i +;49;42;91;SEC_619
2002;114;00-02;12;18;30;SEC_114
2006;325;03-11;74;68;142;SEC_325
1999;118;00-02;16;25;41;SEC_118
2016;240;50-64;149;141;290;SEC_240
2007;420;50-64;105;87;192;SEC_420
1995;103;00-02;4;8;12;SEC_103
1997;249;00-02;10;13;23;SEC_249
2002;537;00-02;17;8;25;SEC_537
2016;204;35-49;195;193;388;SEC_204
2011;625;65-74;82;64;146;SEC_625
2004;406;75 i +;46;39;85;SEC_406
2015;430;18-24;46;49;95;SEC_430
1995;442;18-24;46;46;92;SEC_442
2010;430;00-02;21;25;46;SEC_430
2014;139;12-15;10;19;29;SEC_139
2012;221;50-64;94;83;177;SEC_221
1995;505;16-17;34;15;49;SEC_505
1999;203;35-49;56;60;116;SEC_203
1994;429;18-24;39;45;84;SEC_429
1998;533;25-34;84;96;180;SEC_533
2005;405;00-02;10;12;22;SEC_405
2003;623;35-49;118;111;229;SEC_623
2007;626;16-17;14;3;17;SEC_626
2005;207;12-15;7;8;15;SEC_207
2001;133;18-24;47;49;96;SEC_133
2003;224;16-17;2;7;9;SEC_224
2014;537;18-24;50;44;94;SEC_537
2007;626;35-49;89;108;197;SEC_626
2016;301;18-24;91;86;177;SEC_301
2000;626;65-74;58;61;119;SEC_626
2014;324;75 i +;48;25;73;SEC_324
2016;228;75 i +;139;92;231;SEC_228
1994;223;25-34;97;104;201;SEC_223
2005;139;18-24;34;39;73;SEC_139
2004;521;65-74;59;58;117;SEC_521
2006;611;25-34;175;184;359;SEC_611
1997;619;03-11;52;59;111;SEC_619
2004;229;18-24;29;32;61;SEC_229
2000;110;16-17;11;9;20;SEC_110
2009;239;12-15;20;13;33;SEC_239
1995;517;50-64;134;118;252;SEC_517
2013;530;50-64;114;110;224;SEC_530
2004;521;18-24;45;45;90;SEC_521
2014;231;03-11;55;68;123;SEC_231
2010;626;25-34;56;58;114;SEC_626
2013;214;12-15;45;39;84;SEC_214
1994;503;03-11;62;51;113;SEC_503
1998;242;50-64;114;103;217;SEC_242
2000;222;50-64;78;74;152;SEC_222
2016;118;16-17;19;13;32;SEC_118
1997;426;35-49;79;85;164;SEC_426
2001;325;16-17;11;18;29;SEC_325
1994;506;65-74;65;56;121;SEC_506
1995;247;65-74;80;66;146;SEC_247
2008;619;65-74;109;87;196;SEC_619
2002;131;35-49;158;148;306;SEC_131
1999;406;50-64;142;123;265;SEC_406
2012;438;16-17;9;6;15;SEC_438
1998;537;16-17;9;16;25;SEC_537
2013;242;03-11;46;53;99;SEC_242
2005;613;65-74;76;83;159;SEC_613
2016;238;00-02;13;13;26;SEC_238
2009;506;12-15;34;27;61;SEC_506
1996;116;03-11;56;52;108;SEC_116
1999;309;18-24;39;47;86;SEC_309
1994;313;35-49;253;234;487;SEC_313
1995;433;35-49;80;83;163;SEC_433
2013;502;00-02;24;21;45;SEC_502
1994;437;65-74;38;37;75;SEC_437
1997;501;75 i +;25;10;35;SEC_501
2013;306;00-02;18;22;40;SEC_306
2002;611;12-15;33;27;60;SEC_611
1995;630;75 i +;25;7;32;SEC_630
2004;514;16-17;17;10;27;SEC_514
2008;138;03-11;30;27;57;SEC_138
2011;623;50-64;164;121;285;SEC_623
1999;517;65-74;70;58;128;SEC_517
2015;538;65-74;69;39;108;SEC_538
2015;117;03-11;69;83;152;SEC_117
2014;301;03-11;156;158;314;SEC_301
2000;608;03-11;29;42;71;SEC_608
1999;418;16-17;11;7;18;SEC_418
2004;314;16-17;20;24;44;SEC_314
1997;225;25-34;33;33;66;SEC_225
2011;135;16-17;20;8;28;SEC_135
2012;623;50-64;160;116;276;SEC_623
2000;123;03-11;39;59;98;SEC_123
1999;209;00-02;10;7;17;SEC_209
1995;223;65-74;66;52;118;SEC_223
2005;316;12-15;45;45;90;SEC_316
2016;243;12-15;21;36;57;SEC_243
1998;432;16-17;16;22;38;SEC_432
2005;301;65-74;119;115;234;SEC_301
1995;428;00-02;5;4;9;SEC_428
2001;315;12-15;20;27;47;SEC_315
2009;524;65-74;64;42;106;SEC_524
2012;307;16-17;5;3;8;SEC_307
2003;109;00-02;11;13;24;SEC_109
2011;536;18-24;32;28;60;SEC_536
2001;226;00-02;10;6;16;SEC_226
2014;431;18-24;57;64;121;SEC_431
2013;405;35-49;233;234;467;SEC_405
2005;231;00-02;16;15;31;SEC_231
1994;325;16-17;29;21;50;SEC_325
2000;247;50-64;103;100;203;SEC_247
2006;529;03-11;31;44;75;SEC_529
2004;117;16-17;20;21;41;SEC_117
1995;106;18-24;127;131;258;SEC_106
1995;127;18-24;26;32;58;SEC_127
2004;132;50-64;207;223;430;SEC_132
2000;433;18-24;45;57;102;SEC_433
2007;220;00-02;12;10;22;SEC_220
2013;326;03-11;38;36;74;SEC_326
2011;105;75 i +;57;35;92;SEC_105
2015;418;75 i +;83;63;146;SEC_418
1995;222;50-64;81;90;171;SEC_222
2008;623;65-74;88;85;173;SEC_623
2013;326;00-02;29;21;50;SEC_326
1999;325;25-34;161;161;322;SEC_325
2008;508;18-24;30;24;54;SEC_508
2015;123;25-34;73;62;135;SEC_123
2007;632;75 i +;39;26;65;SEC_632
2006;121;12-15;18;16;34;SEC_121
2005;514;16-17;9;6;15;SEC_514
2002;134;35-49;146;120;266;SEC_134
1996;317;25-34;74;82;156;SEC_317
2004;613;18-24;40;41;81;SEC_613
2012;615;25-34;59;34;93;SEC_615
1998;243;12-15;22;12;34;SEC_243
1995;402;12-15;10;14;24;SEC_402
2013;107;25-34;100;141;241;SEC_107
2015;110;35-49;123;112;235;SEC_110
1994;209;00-02;3;13;16;SEC_209
2007;420;16-17;16;14;30;SEC_420
2001;401;12-15;26;25;51;SEC_401
2001;316;03-11;78;85;163;SEC_316
2005;316;75 i +;79;24;103;SEC_316
2011;524;12-15;22;22;44;SEC_524
2016;528;00-02;16;14;30;SEC_528
2013;508;50-64;115;84;199;SEC_508
1998;248;03-11;31;34;65;SEC_248
2000;223;35-49;91;97;188;SEC_223
2004;440;25-34;85;96;181;SEC_440
2015;302;03-11;51;43;94;SEC_302
2008;608;12-15;16;15;31;SEC_608
2005;407;12-15;9;18;27;SEC_407
1997;232;18-24;48;50;98;SEC_232
1997;309;18-24;41;50;91;SEC_309
2013;534;16-17;4;8;12;SEC_534
1994;246;25-34;89;96;185;SEC_246
2005;130;18-24;28;18;46;SEC_130
2015;421;03-11;51;52;103;SEC_421
2002;119;35-49;137;120;257;SEC_119
1996;423;35-49;70;75;145;SEC_423
2015;619;00-02;14;14;28;SEC_619
1997;115;35-49;167;153;320;SEC_115
2015;109;35-49;127;123;250;SEC_109
1999;630;03-11;26;30;56;SEC_630
1994;530;03-11;50;56;106;SEC_530
2008;621;50-64;210;184;394;SEC_621
1998;236;18-24;52;38;90;SEC_236
2010;135;35-49;181;170;351;SEC_135
2008;439;18-24;59;57;116;SEC_439
2014;404;00-02;20;25;45;SEC_404
2012;311;16-17;13;16;29;SEC_311
2016;105;00-02;15;14;29;SEC_105
2015;523;12-15;21;18;39;SEC_523
2007;414;03-11;35;39;74;SEC_414
1998;631;75 i +;28;18;46;SEC_631
1997;123;16-17;20;17;37;SEC_123
2000;538;65-74;94;90;184;SEC_538
2001;226;12-15;25;17;42;SEC_226
2005;204;03-11;17;17;34;SEC_204
2009;416;00-02;16;10;26;SEC_416
2003;124;03-11;20;33;53;SEC_124
2006;626;75 i +;38;37;75;SEC_626
1998;516;25-34;66;57;123;SEC_516
2011;420;25-34;135;130;265;SEC_420
2015;407;75 i +;98;54;152;SEC_407
2003;136;65-74;61;41;102;SEC_136
2004;241;75 i +;61;31;92;SEC_241
2003;521;12-15;13;14;27;SEC_521
2002;325;00-02;19;22;41;SEC_325
1994;125;75 i +;22;14;36;SEC_125
2010;134;03-11;54;61;115;SEC_134
2015;631;25-34;55;40;95;SEC_631
1999;225;03-11;9;12;21;SEC_225
2009;501;50-64;147;144;291;SEC_501
2014;116;16-17;13;9;22;SEC_116
2001;209;25-34;77;82;159;SEC_209
2008;501;50-64;155;154;309;SEC_501
1999;107;65-74;90;71;161;SEC_107
2014;614;03-11;38;51;89;SEC_614
2012;246;12-15;19;28;47;SEC_246
2009;408;18-24;41;34;75;SEC_408
2003;410;65-74;136;124;260;SEC_410
2009;511;00-02;14;7;21;SEC_511
2001;440;25-34;89;107;196;SEC_440
1998;120;18-24;93;93;186;SEC_120
2013;239;16-17;10;10;20;SEC_239
2007;518;16-17;13;14;27;SEC_518
2013;111;65-74;73;53;126;SEC_111
2006;620;25-34;46;41;87;SEC_620
1997;105;12-15;19;32;51;SEC_105
1997;111;00-02;2;10;12;SEC_111
2007;121;65-74;48;31;79;SEC_121
2016;245;65-74;50;30;80;SEC_245
2003;433;50-64;65;73;138;SEC_433
2016;407;65-74;49;28;77;SEC_407
2006;421;12-15;12;21;33;SEC_421
2007;529;00-02;32;24;56;SEC_529
2010;134;25-34;113;119;232;SEC_134
2012;320;75 i +;38;20;58;SEC_320
2005;108;75 i +;99;53;152;SEC_108
1998;109;75 i +;46;25;71;SEC_109
2006;217;50-64;38;42;80;SEC_217
1998;225;75 i +;39;38;77;SEC_225
2012;403;18-24;40;40;80;SEC_403
2012;129;25-34;87;82;169;SEC_129
1997;535;75 i +;34;22;56;SEC_535
2004;119;65-74;67;51;118;SEC_119
1995;519;65-74;29;36;65;SEC_519
2004;429;25-34;39;56;95;SEC_429
2011;244;16-17;7;4;11;SEC_244
2002;615;18-24;46;38;84;SEC_615
2004;404;65-74;88;70;158;SEC_404
2010;129;75 i +;61;38;99;SEC_129
2008;531;12-15;21;17;38;SEC_531
2001;101;18-24;68;67;135;SEC_101
2004;424;50-64;61;50;111;SEC_424
1995;515;50-64;56;61;117;SEC_515
2016;432;25-34;71;80;151;SEC_432
2014;311;12-15;28;26;54;SEC_311
2001;118;25-34;136;151;287;SEC_118
2006;111;75 i +;43;36;79;SEC_111
2007;507;35-49;91;109;200;SEC_507
2000;206;75 i +;67;35;102;SEC_206
1998;421;00-02;7;14;21;SEC_421
1997;215;00-02;13;7;20;SEC_215
2005;522;18-24;45;43;88;SEC_522
2002;248;16-17;15;11;26;SEC_248
2015;533;50-64;143;142;285;SEC_533
1997;601;03-11;45;52;97;SEC_601
1995;430;03-11;24;37;61;SEC_430
1994;430;75 i +;40;17;57;SEC_430
2010;609;00-02;10;9;19;SEC_609
2016;308;03-11;96;80;176;SEC_308
1994;504;25-34;84;102;186;SEC_504
2014;523;16-17;4;14;18;SEC_523
2003;210;00-02;2;7;9;SEC_210
1996;629;12-15;11;19;30;SEC_629
2011;407;75 i +;97;55;152;SEC_407
2001;202;16-17;5;7;12;SEC_202
1998;437;18-24;43;38;81;SEC_437
2005;309;75 i +;27;16;43;SEC_309
2012;532;25-34;125;115;240;SEC_532
1994;426;50-64;89;81;170;SEC_426
2000;435;03-11;23;32;55;SEC_435
1996;617;25-34;106;126;232;SEC_617
2003;246;16-17;5;9;14;SEC_246
2011;205;03-11;32;31;63;SEC_205
2003;514;65-74;56;46;102;SEC_514
1995;408;12-15;19;25;44;SEC_408
2015;506;00-02;22;13;35;SEC_506
1995;310;12-15;28;28;56;SEC_310
2000;233;50-64;69;63;132;SEC_233
1999;601;50-64;179;165;344;SEC_601
2010;617;75 i +;47;33;80;SEC_617
2016;214;16-17;32;20;52;SEC_214
2000;320;12-15;6;7;13;SEC_320
2010;128;18-24;37;36;73;SEC_128
1999;241;16-17;3;4;7;SEC_241
2011;213;25-34;73;105;178;SEC_213
2004;511;16-17;3;5;8;SEC_511
2012;503;65-74;42;46;88;SEC_503
2003;232;35-49;107;113;220;SEC_232
2000;415;25-34;69;66;135;SEC_415
2004;613;12-15;11;16;27;SEC_613
1999;623;65-74;49;39;88;SEC_623
2012;105;50-64;152;107;259;SEC_105
2012;408;50-64;70;80;150;SEC_408
2010;127;16-17;6;9;15;SEC_127
1996;230;16-17;7;6;13;SEC_230
2006;244;65-74;36;21;57;SEC_244
2001;102;00-02;20;18;38;SEC_102
1999;603;75 i +;10;12;22;SEC_603
2008;109;03-11;46;31;77;SEC_109
1999;123;75 i +;60;41;101;SEC_123
2015;208;00-02;9;19;28;SEC_208
2001;125;50-64;143;149;292;SEC_125
1998;517;03-11;38;38;76;SEC_517
2001;110;50-64;168;165;333;SEC_110
2012;247;03-11;64;69;133;SEC_247
2012;228;12-15;9;10;19;SEC_228
2013;138;35-49;88;72;160;SEC_138
2010;415;25-34;106;104;210;SEC_415
2002;101;35-49;183;182;365;SEC_101
1998;123;12-15;23;21;44;SEC_123
2016;310;50-64;93;77;170;SEC_310
2010;612;00-02;9;17;26;SEC_612
1998;607;18-24;50;56;106;SEC_607
2011;439;35-49;153;164;317;SEC_439
1995;437;12-15;14;14;28;SEC_437
2002;412;12-15;16;32;48;SEC_412
1994;516;16-17;6;7;13;SEC_516
1995;226;75 i +;73;32;105;SEC_226
2001;522;50-64;61;53;114;SEC_522
1994;435;00-02;8;12;20;SEC_435
2007;621;00-02;15;20;35;SEC_621
2014;216;03-11;54;69;123;SEC_216
2007;430;75 i +;53;37;90;SEC_430
1997;510;00-02;8;5;13;SEC_510
2009;631;00-02;15;15;30;SEC_631
2015;110;50-64;115;99;214;SEC_110
1998;440;00-02;9;8;17;SEC_440
2007;423;50-64;77;64;141;SEC_423
2005;217;65-74;29;27;56;SEC_217
2011;630;50-64;114;89;203;SEC_630
2016;405;03-11;77;72;149;SEC_405
2003;317;75 i +;53;30;83;SEC_317
2006;231;25-34;108;129;237;SEC_231
2014;601;65-74;156;113;269;SEC_601
1994;417;35-49;68;65;133;SEC_417
2005;139;50-64;92;87;179;SEC_139
1998;515;16-17;5;0;5;SEC_515
2000;426;75 i +;52;35;87;SEC_426
2014;118;75 i +;54;44;98;SEC_118
2011;124;25-34;69;60;129;SEC_124
1994;630;65-74;23;21;44;SEC_630
2009;306;50-64;160;140;300;SEC_306
2015;613;65-74;141;93;234;SEC_613
2010;421;75 i +;89;63;152;SEC_421
1998;124;50-64;82;78;160;SEC_124
2016;607;03-11;38;39;77;SEC_607
2012;519;50-64;43;33;76;SEC_519
2008;422;18-24;51;51;102;SEC_422
2004;249;03-11;31;34;65;SEC_249
2001;515;16-17;9;3;12;SEC_515
2005;135;00-02;18;16;34;SEC_135
2008;407;75 i +;78;59;137;SEC_407
2009;531;25-34;92;117;209;SEC_531
2012;523;18-24;34;47;81;SEC_523
2003;127;18-24;44;39;83;SEC_127
2008;534;65-74;55;56;111;SEC_534
1994;245;00-02;8;4;12;SEC_245
2000;404;00-02;24;16;40;SEC_404
2004;510;75 i +;56;30;86;SEC_510
2001;215;75 i +;56;42;98;SEC_215
2002;202;16-17;4;9;13;SEC_202
1994;221;25-34;98;96;194;SEC_221
2001;226;18-24;47;50;97;SEC_226
2000;211;35-49;107;108;215;SEC_211
2006;535;16-17;8;15;23;SEC_535
2004;510;25-34;86;106;192;SEC_510
2015;530;65-74;64;42;106;SEC_530
1996;124;75 i +;30;14;44;SEC_124
1994;501;50-64;85;104;189;SEC_501
2009;510;25-34;81;92;173;SEC_510
1996;103;18-24;44;38;82;SEC_103
1999;113;12-15;46;39;85;SEC_113
2014;214;18-24;96;74;170;SEC_214
2009;215;00-02;9;10;19;SEC_215
2012;529;25-34;97;99;196;SEC_529
2005;110;00-02;11;10;21;SEC_110
2002;244;03-11;23;23;46;SEC_244
2006;308;18-24;74;80;154;SEC_308
2010;440;25-34;81;70;151;SEC_440
2008;222;25-34;102;115;217;SEC_222
2003;521;50-64;169;171;340;SEC_521
2016;426;35-49;117;164;281;SEC_426
2002;139;65-74;36;27;63;SEC_139
2006;203;65-74;38;29;67;SEC_203
2011;220;75 i +;56;38;94;SEC_220
1995;124;16-17;17;11;28;SEC_124
2010;416;75 i +;48;41;89;SEC_416
2000;613;35-49;75;73;148;SEC_613
2013;411;35-49;90;96;186;SEC_411
2000;429;65-74;52;35;87;SEC_429
2003;239;75 i +;84;60;144;SEC_239
2000;407;00-02;12;10;22;SEC_407
1999;215;18-24;29;38;67;SEC_215
2006;307;65-74;68;58;126;SEC_307
2006;319;00-02;37;39;76;SEC_319
2003;120;65-74;53;51;104;SEC_120
1999;608;18-24;55;74;129;SEC_608
2011;233;03-11;36;36;72;SEC_233
2009;401;12-15;24;24;48;SEC_401
2008;427;25-34;106;116;222;SEC_427
2002;132;65-74;86;86;172;SEC_132
2003;324;65-74;44;33;77;SEC_324
1995;433;18-24;56;67;123;SEC_433
1998;203;25-34;61;59;120;SEC_203
2012;130;50-64;65;67;132;SEC_130
2010;320;16-17;10;8;18;SEC_320
1999;505;50-64;235;222;457;SEC_505
2001;103;50-64;62;58;120;SEC_103
2006;213;75 i +;49;25;74;SEC_213
2007;434;12-15;14;13;27;SEC_434
2009;304;12-15;50;30;80;SEC_304
2001;439;35-49;76;77;153;SEC_439
2015;233;18-24;29;41;70;SEC_233
1997;616;03-11;79;85;164;SEC_616
2008;126;65-74;69;79;148;SEC_126
2010;526;03-11;28;27;55;SEC_526
2010;225;75 i +;52;20;72;SEC_225
2016;316;18-24;70;71;141;SEC_316
2009;515;00-02;7;8;15;SEC_515
2009;209;75 i +;79;61;140;SEC_209
2009;521;12-15;12;11;23;SEC_521
2015;115;12-15;18;22;40;SEC_115
2010;425;65-74;50;43;93;SEC_425
1996;310;35-49;107;117;224;SEC_310
1997;315;16-17;14;25;39;SEC_315
1994;531;65-74;50;37;87;SEC_531
1997;248;50-64;92;94;186;SEC_248
1998;622;18-24;68;73;141;SEC_622
2011;241;12-15;26;17;43;SEC_241
2008;603;00-02;10;11;21;SEC_603
2000;618;00-02;3;5;8;SEC_618
2015;122;35-49;117;117;234;SEC_122
2016;310;16-17;6;9;15;SEC_310
2007;513;18-24;33;19;52;SEC_513
2014;412;25-34;101;105;206;SEC_412
2003;138;12-15;14;15;29;SEC_138
2008;503;00-02;13;7;20;SEC_503
1998;501;12-15;24;21;45;SEC_501
2002;624;18-24;64;69;133;SEC_624
2011;438;16-17;4;9;13;SEC_438
2005;138;12-15;12;15;27;SEC_138
1994;618;25-34;44;46;90;SEC_618
1996;629;65-74;34;28;62;SEC_629
2006;430;12-15;16;12;28;SEC_430
2002;230;12-15;11;17;28;SEC_230
2013;232;50-64;89;68;157;SEC_232
1994;317;75 i +;41;16;57;SEC_317
2002;418;50-64;120;91;211;SEC_418
2005;127;65-74;40;38;78;SEC_127
1996;422;18-24;44;42;86;SEC_422
2002;432;50-64;159;154;313;SEC_432
2006;415;65-74;26;27;53;SEC_415
2002;401;65-74;99;70;169;SEC_401
1995;617;03-11;55;53;108;SEC_617
2009;318;03-11;28;38;66;SEC_318
2005;416;16-17;9;9;18;SEC_416
2010;219;18-24;58;53;111;SEC_219
1999;531;03-11;24;27;51;SEC_531
1994;210;25-34;54;74;128;SEC_210
1996;526;18-24;41;51;92;SEC_526
2007;614;03-11;33;28;61;SEC_614
2007;322;50-64;104;101;205;SEC_322
2006;430;75 i +;56;36;92;SEC_430
2002;305;50-64;112;121;233;SEC_305
2001;421;50-64;133;96;229;SEC_421
2002;235;65-74;99;81;180;SEC_235
2004;238;75 i +;74;32;106;SEC_238
2007;617;16-17;11;8;19;SEC_617
2016;602;12-15;23;27;50;SEC_602
1994;403;03-11;46;43;89;SEC_403
1996;119;00-02;5;10;15;SEC_119
2010;325;50-64;186;161;347;SEC_325
2015;327;65-74;59;51;110;SEC_327
2000;415;16-17;6;4;10;SEC_415
2003;203;12-15;8;16;24;SEC_203
1994;507;16-17;12;17;29;SEC_507
2008;247;50-64;107;94;201;SEC_247
1997;213;65-74;61;49;110;SEC_213
2011;306;00-02;26;16;42;SEC_306
1995;611;03-11;61;45;106;SEC_611
2007;249;25-34;115;105;220;SEC_249
2003;126;35-49;62;71;133;SEC_126
2012;441;35-49;206;219;425;SEC_441
1998;213;50-64;87;97;184;SEC_213
2001;417;03-11;24;16;40;SEC_417
2016;204;12-15;28;19;47;SEC_204
2015;136;12-15;24;24;48;SEC_136
2004;117;25-34;185;192;377;SEC_117
2004;127;35-49;110;110;220;SEC_127
2013;420;03-11;100;82;182;SEC_420
2010;502;25-34;152;148;300;SEC_502
2004;105;35-49;157;125;282;SEC_105
1995;125;16-17;20;39;59;SEC_125
2012;623;35-49;157;181;338;SEC_623
2003;510;35-49;92;112;204;SEC_510
1996;504;18-24;105;111;216;SEC_504
2000;501;75 i +;19;11;30;SEC_501
1994;536;75 i +;26;26;52;SEC_536
2003;628;35-49;94;88;182;SEC_628
2010;406;25-34;137;126;263;SEC_406
2000;215;75 i +;62;41;103;SEC_215
2013;524;03-11;59;57;116;SEC_524
2008;234;75 i +;79;44;123;SEC_234
2006;103;16-17;4;3;7;SEC_103
2001;138;25-34;62;58;120;SEC_138
2000;317;50-64;58;55;113;SEC_317
1995;614;03-11;23;39;62;SEC_614
2010;204;75 i +;44;20;64;SEC_204
2005;603;03-11;23;25;48;SEC_603
2013;416;25-34;103;99;202;SEC_416
2005;304;00-02;20;18;38;SEC_304
1995;225;03-11;18;28;46;SEC_225
1998;209;00-02;7;7;14;SEC_209
2013;307;35-49;132;125;257;SEC_307
1994;110;16-17;29;35;64;SEC_110
1996;528;12-15;16;21;37;SEC_528
2008;238;16-17;10;8;18;SEC_238
2014;521;25-34;49;46;95;SEC_521
2005;632;25-34;87;95;182;SEC_632
2016;518;12-15;21;20;41;SEC_518
1999;106;50-64;148;175;323;SEC_106
1995;413;50-64;62;56;118;SEC_413
2010;216;12-15;25;18;43;SEC_216
2008;427;00-02;24;22;46;SEC_427
2005;529;12-15;26;27;53;SEC_529
2007;130;35-49;123;131;254;SEC_130
2008;428;03-11;29;20;49;SEC_428
2004;115;50-64;119;128;247;SEC_115
2001;246;16-17;9;5;14;SEC_246
1999;426;25-34;69;72;141;SEC_426
2001;221;03-11;35;41;76;SEC_221
2004;532;16-17;16;14;30;SEC_532
2014;137;75 i +;57;41;98;SEC_137
1999;224;25-34;46;51;97;SEC_224
2004;138;75 i +;30;16;46;SEC_138
2000;231;75 i +;93;47;140;SEC_231
2012;430;16-17;8;11;19;SEC_430
2011;429;65-74;24;22;46;SEC_429
2008;527;35-49;136;159;295;SEC_527
2005;216;35-49;135;126;261;SEC_216
1994;531;00-02;14;11;25;SEC_531
1995;521;35-49;163;123;286;SEC_521
2009;527;18-24;64;46;110;SEC_527
1995;530;12-15;19;28;47;SEC_530
1999;624;35-49;105;73;178;SEC_624
2016;118;00-02;13;17;30;SEC_118
1995;222;35-49;75;70;145;SEC_222
2008;320;18-24;34;33;67;SEC_320
2011;226;18-24;49;53;102;SEC_226
2006;401;18-24;59;71;130;SEC_401
2011;441;16-17;21;7;28;SEC_441
2007;219;25-34;110;128;238;SEC_219
2000;520;75 i +;43;25;68;SEC_520
2009;422;25-34;104;128;232;SEC_422
1994;249;25-34;94;98;192;SEC_249
2000;127;35-49;100;97;197;SEC_127
2004;528;03-11;46;43;89;SEC_528
2003;245;16-17;7;9;16;SEC_245
2011;234;12-15;17;14;31;SEC_234
2002;632;65-74;59;51;110;SEC_632
2013;622;00-02;6;10;16;SEC_622
2014;217;50-64;116;122;238;SEC_217
2001;223;75 i +;74;29;103;SEC_223
2009;503;50-64;116;103;219;SEC_503
1995;109;35-49;148;143;291;SEC_109
2005;507;75 i +;37;18;55;SEC_507
1994;243;00-02;17;22;39;SEC_243
1996;536;65-74;72;65;137;SEC_536
2016;124;16-17;5;4;9;SEC_124
2006;222;50-64;74;69;143;SEC_222
1995;241;75 i +;41;22;63;SEC_241
2007;535;16-17;9;12;21;SEC_535
2008;602;16-17;5;7;12;SEC_602
2014;113;50-64;212;165;377;SEC_113
1996;503;65-74;27;19;46;SEC_503
2003;401;65-74;97;67;164;SEC_401
2004;308;16-17;19;22;41;SEC_308
1994;403;16-17;19;19;38;SEC_403
2000;632;18-24;65;72;137;SEC_632
2011;121;12-15;20;16;36;SEC_121
1997;522;00-02;5;6;11;SEC_522
2000;406;18-24;73;77;150;SEC_406
1995;230;25-34;81;88;169;SEC_230
2015;208;18-24;50;51;101;SEC_208
2012;232;50-64;86;74;160;SEC_232
1996;535;16-17;17;27;44;SEC_535
2002;503;65-74;34;20;54;SEC_503
1998;115;16-17;23;19;42;SEC_115
2002;428;00-02;4;5;9;SEC_428
2016;608;03-11;48;45;93;SEC_608
1999;135;35-49;174;161;335;SEC_135
2004;117;00-02;22;29;51;SEC_117
2001;235;25-34;127;110;237;SEC_235
2014;112;03-11;66;66;132;SEC_112
2001;234;12-15;14;13;27;SEC_234
2016;518;75 i +;86;58;144;SEC_518
2011;610;65-74;123;118;241;SEC_610
2015;121;65-74;23;22;45;SEC_121
2007;139;12-15;15;14;29;SEC_139
2014;418;16-17;9;19;28;SEC_418
2009;407;03-11;45;39;84;SEC_407
1994;611;18-24;170;182;352;SEC_611
2016;214;35-49;306;304;610;SEC_214
2004;321;35-49;288;278;566;SEC_321
2002;433;25-34;115;104;219;SEC_433
2005;528;75 i +;54;42;96;SEC_528
2013;214;65-74;92;61;153;SEC_214
2006;433;16-17;16;9;25;SEC_433
1996;207;00-02;9;7;16;SEC_207
1994;407;16-17;12;17;29;SEC_407
1997;426;12-15;9;18;27;SEC_426
2014;416;18-24;64;62;126;SEC_416
1994;520;35-49;86;88;174;SEC_520
2006;239;12-15;13;19;32;SEC_239
2014;102;12-15;35;29;64;SEC_102
1997;118;18-24;154;166;320;SEC_118
2001;320;65-74;27;12;39;SEC_320
2004;137;75 i +;55;30;85;SEC_137
2005;510;50-64;105;86;191;SEC_510
2003;229;12-15;16;10;26;SEC_229
2015;535;03-11;31;31;62;SEC_535
1996;620;18-24;71;48;119;SEC_620
2004;113;12-15;31;32;63;SEC_113
2004;247;65-74;71;62;133;SEC_247
1994;305;16-17;21;22;43;SEC_305
2002;108;35-49;158;130;288;SEC_108
2009;229;50-64;60;54;114;SEC_229
1997;440;65-74;50;47;97;SEC_440
2007;127;75 i +;40;31;71;SEC_127
2008;303;18-24;41;37;78;SEC_303
2011;504;75 i +;86;69;155;SEC_504
2008;127;75 i +;44;29;73;SEC_127
2011;407;50-64;78;76;154;SEC_407
2014;402;75 i +;58;42;100;SEC_402
1995;625;75 i +;12;6;18;SEC_625
2012;535;35-49;85;99;184;SEC_535
2014;606;25-34;66;64;130;SEC_606
2005;628;18-24;44;43;87;SEC_628
2003;410;12-15;16;19;35;SEC_410
1997;243;12-15;28;16;44;SEC_243
2008;534;16-17;7;9;16;SEC_534
2005;305;03-11;66;46;112;SEC_305
2000;418;50-64;126;108;234;SEC_418
1994;104;65-74;71;52;123;SEC_104
2008;306;00-02;22;26;48;SEC_306
2003;505;18-24;73;41;114;SEC_505
1995;106;03-11;98;96;194;SEC_106
2001;109;25-34;88;81;169;SEC_109
2014;107;00-02;22;13;35;SEC_107
1999;513;25-34;61;62;123;SEC_513
2010;527;18-24;47;44;91;SEC_527
2000;234;00-02;11;5;16;SEC_234
1999;609;12-15;14;12;26;SEC_609
2010;112;18-24;46;64;110;SEC_112
2008;614;00-02;17;13;30;SEC_614
2011;209;75 i +;78;68;146;SEC_209
2001;217;25-34;39;59;98;SEC_217
2013;127;25-34;66;54;120;SEC_127
2003;223;75 i +;75;31;106;SEC_223
2001;424;65-74;36;43;79;SEC_424
2000;525;50-64;91;81;172;SEC_525
2003;533;00-02;9;15;24;SEC_533
2008;627;65-74;46;50;96;SEC_627
2013;236;00-02;13;17;30;SEC_236
2010;409;50-64;55;52;107;SEC_409
2000;631;50-64;174;168;342;SEC_631
2005;310;18-24;58;42;100;SEC_310
2006;219;35-49;153;173;326;SEC_219
1995;529;16-17;9;8;17;SEC_529
2001;534;03-11;30;29;59;SEC_534
2004;503;12-15;10;18;28;SEC_503
2004;534;25-34;100;142;242;SEC_534
2003;123;50-64;105;100;205;SEC_123
2003;418;50-64;116;98;214;SEC_418
2016;128;16-17;10;8;18;SEC_128
2006;113;00-02;20;28;48;SEC_113
2002;210;03-11;23;18;41;SEC_210
2005;517;65-74;71;64;135;SEC_517
1999;401;16-17;15;17;32;SEC_401
2010;522;12-15;7;21;28;SEC_522
1998;238;12-15;12;14;26;SEC_238
2001;211;75 i +;77;52;129;SEC_211
2012;136;35-49;167;167;334;SEC_136
2008;625;00-02;10;11;21;SEC_625
2003;102;25-34;143;162;305;SEC_102
2010;208;12-15;22;28;50;SEC_208
2013;621;25-34;85;107;192;SEC_621
1995;209;16-17;8;10;18;SEC_209
1999;303;65-74;95;108;203;SEC_303
2011;432;75 i +;71;51;122;SEC_432
2008;306;03-11;55;58;113;SEC_306
2000;216;75 i +;50;37;87;SEC_216
2004;239;25-34;95;134;229;SEC_239
2010;505;18-24;35;22;57;SEC_505
2008;233;00-02;21;18;39;SEC_233
1998;305;00-02;9;16;25;SEC_305
2010;517;50-64;80;76;156;SEC_517
2014;129;00-02;14;21;35;SEC_129
2000;522;00-02;10;8;18;SEC_522
2000;439;16-17;5;10;15;SEC_439
1997;440;25-34;71;96;167;SEC_440
2000;531;35-49;80;83;163;SEC_531
1995;623;03-11;57;60;117;SEC_623
2002;314;12-15;47;60;107;SEC_314
1994;420;65-74;81;54;135;SEC_420
2014;217;16-17;13;12;25;SEC_217
2000;111;00-02;7;17;24;SEC_111
1999;321;75 i +;84;42;126;SEC_321
1996;610;00-02;6;12;18;SEC_610
2012;212;25-34;122;132;254;SEC_212
1994;527;35-49;85;90;175;SEC_527
2010;134;35-49;165;155;320;SEC_134
2013;432;75 i +;71;50;121;SEC_432
2006;123;16-17;12;14;26;SEC_123
1997;403;12-15;31;20;51;SEC_403
2013;128;18-24;26;27;53;SEC_128
2015;402;18-24;32;20;52;SEC_402
1998;140;16-17;8;5;13;SEC_140
1997;306;12-15;39;30;69;SEC_306
2011;208;03-11;43;55;98;SEC_208
1999;509;50-64;79;86;165;SEC_509
2004;214;18-24;35;37;72;SEC_214
1994;421;75 i +;38;32;70;SEC_421
2000;615;18-24;55;54;109;SEC_615
2016;307;35-49;140;135;275;SEC_307
2011;537;03-11;59;35;94;SEC_537
2014;403;65-74;91;58;149;SEC_403
2012;137;50-64;151;134;285;SEC_137
2006;228;00-02;9;19;28;SEC_228
1994;508;25-34;45;60;105;SEC_508
2016;327;50-64;171;127;298;SEC_327
2004;627;12-15;12;25;37;SEC_627
1999;108;00-02;19;14;33;SEC_108
2015;401;16-17;8;21;29;SEC_401
2015;601;03-11;79;96;175;SEC_601
2002;631;75 i +;32;18;50;SEC_631
1999;119;50-64;161;169;330;SEC_119
2014;611;50-64;117;122;239;SEC_611
2010;406;50-64;122;118;240;SEC_406
2007;241;65-74;39;40;79;SEC_241
2004;524;65-74;77;58;135;SEC_524
2009;614;16-17;7;11;18;SEC_614
1996;136;18-24;55;72;127;SEC_136
2014;538;50-64;106;87;193;SEC_538
1998;436;16-17;6;7;13;SEC_436
2000;213;16-17;9;13;22;SEC_213
2005;521;00-02;6;14;20;SEC_521
1997;437;65-74;40;38;78;SEC_437
1998;422;03-11;31;41;72;SEC_422
2007;425;75 i +;59;47;106;SEC_425
2014;317;00-02;17;15;32;SEC_317
2008;124;18-24;34;31;65;SEC_124
2005;232;25-34;110;115;225;SEC_232
2007;242;00-02;16;15;31;SEC_242
2004;126;00-02;16;14;30;SEC_126
2010;535;03-11;27;37;64;SEC_535
2007;513;03-11;37;30;67;SEC_513
2014;624;35-49;102;129;231;SEC_624
2006;206;00-02;8;17;25;SEC_206
1994;415;35-49;60;62;122;SEC_415
2008;524;75 i +;64;40;104;SEC_524
2011;514;16-17;11;5;16;SEC_514
2001;133;00-02;4;10;14;SEC_133
1997;422;25-34;75;78;153;SEC_422
1996;434;65-74;73;45;118;SEC_434
2001;237;03-11;36;30;66;SEC_237
1994;325;12-15;53;38;91;SEC_325
2010;427;35-49;121;161;282;SEC_427
1995;518;75 i +;49;21;70;SEC_518
1996;605;03-11;16;15;31;SEC_605
2004;508;18-24;34;37;71;SEC_508
2014;630;03-11;26;35;61;SEC_630
2009;119;16-17;10;13;23;SEC_119
2010;532;50-64;109;71;180;SEC_532
2009;318;00-02;10;11;21;SEC_318
2012;246;75 i +;76;45;121;SEC_246
2001;510;12-15;16;18;34;SEC_510
2011;535;25-34;55;55;110;SEC_535
1996;303;50-64;222;220;442;SEC_303
2010;431;03-11;81;76;157;SEC_431
1995;630;03-11;40;39;79;SEC_630
1994;612;16-17;23;27;50;SEC_612
1997;419;65-74;41;35;76;SEC_419
2006;622;65-74;35;29;64;SEC_622
1999;230;35-49;46;67;113;SEC_230
2000;116;75 i +;56;25;81;SEC_116
2014;405;18-24;71;63;134;SEC_405
2009;625;75 i +;44;24;68;SEC_625
2014;435;50-64;84;84;168;SEC_435
1997;428;18-24;18;22;40;SEC_428
2010;401;65-74;56;54;110;SEC_401
2002;615;00-02;12;5;17;SEC_615
2011;106;75 i +;77;33;110;SEC_106
1998;304;16-17;9;7;16;SEC_304
2012;621;50-64;173;131;304;SEC_621
1994;302;16-17;37;35;72;SEC_302
2002;415;12-15;10;6;16;SEC_415
2004;113;25-34;126;140;266;SEC_113
2016;407;12-15;17;23;40;SEC_407
1996;502;12-15;42;25;67;SEC_502
2011;123;65-74;54;50;104;SEC_123
2012;249;35-49;141;149;290;SEC_249
2009;202;25-34;100;117;217;SEC_202
2000;435;50-64;77;66;143;SEC_435
2006;403;18-24;64;52;116;SEC_403
2005;218;50-64;81;67;148;SEC_218
2007;243;25-34;136;138;274;SEC_243
2014;229;65-74;63;30;93;SEC_229
1994;316;50-64;95;111;206;SEC_316
2003;515;18-24;21;17;38;SEC_515
2007;220;50-64;62;51;113;SEC_220
1996;303;65-74;81;95;176;SEC_303
2011;601;12-15;13;17;30;SEC_601
2016;411;18-24;33;24;57;SEC_411
2003;247;65-74;79;62;141;SEC_247
2003;527;12-15;26;18;44;SEC_527
2009;401;16-17;21;4;25;SEC_401
2009;525;16-17;8;11;19;SEC_525
1997;503;03-11;49;46;95;SEC_503
1997;123;12-15;27;25;52;SEC_123
2002;238;75 i +;64;29;93;SEC_238
2001;309;03-11;23;34;57;SEC_309
1999;441;00-02;10;14;24;SEC_441
2001;609;16-17;4;5;9;SEC_609
2013;611;35-49;238;283;521;SEC_611
2012;240;12-15;10;10;20;SEC_240
1999;403;16-17;20;14;34;SEC_403
1994;510;25-34;80;103;183;SEC_510
2016;127;00-02;14;6;20;SEC_127
1999;139;35-49;94;92;186;SEC_139
2001;514;50-64;58;45;103;SEC_514
2005;214;50-64;55;47;102;SEC_214
1995;624;75 i +;23;14;37;SEC_624
1998;215;50-64;85;61;146;SEC_215
2010;237;65-74;62;47;109;SEC_237
1997;504;12-15;22;14;36;SEC_504
2014;528;35-49;171;160;331;SEC_528
1998;618;25-34;45;66;111;SEC_618
2003;613;65-74;71;72;143;SEC_613
2003;213;75 i +;37;23;60;SEC_213
2002;239;18-24;49;40;89;SEC_239
2014;237;50-64;108;107;215;SEC_237
2015;120;35-49;195;191;386;SEC_120
2003;219;18-24;45;58;103;SEC_219
2010;603;12-15;17;13;30;SEC_603
2011;111;00-02;11;6;17;SEC_111
2013;435;18-24;37;47;84;SEC_435
2003;232;03-11;41;22;63;SEC_232
2007;412;12-15;32;34;66;SEC_412
2011;226;65-74;48;38;86;SEC_226
2004;440;00-02;11;9;20;SEC_440
2005;303;12-15;17;16;33;SEC_303
2012;631;35-49;117;137;254;SEC_631
1999;506;16-17;22;27;49;SEC_506
1998;523;16-17;18;19;37;SEC_523
2006;512;12-15;21;10;31;SEC_512
2007;315;18-24;66;67;133;SEC_315
2008;115;03-11;36;40;76;SEC_115
2002;434;03-11;23;21;44;SEC_434
1997;605;18-24;51;66;117;SEC_605
2001;238;18-24;28;29;57;SEC_238
2003;303;65-74;126;140;266;SEC_303
1994;532;03-11;45;44;89;SEC_532
2012;305;35-49;183;177;360;SEC_305
2006;219;12-15;24;13;37;SEC_219
1994;316;65-74;35;26;61;SEC_316
2007;124;12-15;6;13;19;SEC_124
2011;514;75 i +;47;32;79;SEC_514
2002;112;12-15;27;35;62;SEC_112
2009;418;35-49;172;171;343;SEC_418
2000;627;03-11;25;45;70;SEC_627
1996;120;65-74;65;45;110;SEC_120
1998;123;35-49;130;126;256;SEC_123
2007;509;16-17;8;3;11;SEC_509
1994;224;35-49;57;48;105;SEC_224
2009;620;16-17;11;5;16;SEC_620
2005;230;65-74;40;39;79;SEC_230
1998;431;12-15;26;28;54;SEC_431
1997;613;16-17;11;12;23;SEC_613
1996;208;00-02;11;11;22;SEC_208
2003;202;12-15;7;9;16;SEC_202
1995;438;65-74;29;26;55;SEC_438
1994;223;12-15;18;24;42;SEC_223
2008;206;25-34;86;120;206;SEC_206
2016;625;12-15;25;25;50;SEC_625
2007;241;35-49;113;96;209;SEC_241
1995;423;00-02;9;5;14;SEC_423
1996;113;12-15;48;44;92;SEC_113
1994;436;25-34;75;86;161;SEC_436
2002;110;35-49;131;108;239;SEC_110
1999;133;35-49;95;81;176;SEC_133
2012;520;50-64;82;58;140;SEC_520
1999;135;12-15;33;31;64;SEC_135
2013;304;50-64;146;124;270;SEC_304
2005;325;03-11;68;66;134;SEC_325
2003;138;35-49;91;84;175;SEC_138
2014;627;35-49;93;97;190;SEC_627
2008;113;12-15;18;27;45;SEC_113
2009;226;03-11;42;39;81;SEC_226
2011;236;12-15;19;17;36;SEC_236
2014;108;65-74;61;53;114;SEC_108
2006;510;00-02;9;14;23;SEC_510
2016;308;12-15;42;46;88;SEC_308
1998;106;65-74;55;38;93;SEC_106
1996;238;50-64;72;68;140;SEC_238
2002;517;03-11;46;48;94;SEC_517
2005;325;50-64;194;179;373;SEC_325
1995;308;65-74;72;60;132;SEC_308
2009;427;12-15;21;22;43;SEC_427
2015;207;50-64;170;150;320;SEC_207
2002;536;35-49;85;91;176;SEC_536
2000;625;16-17;38;20;58;SEC_625
2016;205;65-74;52;37;89;SEC_205
2000;629;16-17;5;9;14;SEC_629
2012;620;16-17;3;5;8;SEC_620
2007;419;16-17;9;7;16;SEC_419
2008;531;03-11;34;37;71;SEC_531
2011;209;65-74;52;32;84;SEC_209
2004;509;00-02;8;12;20;SEC_509
1994;241;25-34;50;51;101;SEC_241
1998;320;50-64;86;80;166;SEC_320
1994;136;25-34;96;102;198;SEC_136
2002;306;25-34;124;130;254;SEC_306
1995;111;25-34;85;92;177;SEC_111
2008;112;12-15;38;22;60;SEC_112
2003;248;35-49;135;148;283;SEC_248
2006;536;16-17;9;4;13;SEC_536
2008;309;18-24;25;33;58;SEC_309
2009;411;16-17;9;7;16;SEC_411
1995;440;12-15;22;19;41;SEC_440
1996;440;00-02;10;7;17;SEC_440
2016;209;03-11;32;37;69;SEC_209
2002;324;00-02;11;15;26;SEC_324
1997;210;35-49;81;88;169;SEC_210
2006;244;75 i +;51;35;86;SEC_244
2014;631;18-24;33;26;59;SEC_631
1994;416;75 i +;21;10;31;SEC_416
1996;208;50-64;215;183;398;SEC_208
2012;425;16-17;9;7;16;SEC_425
2000;132;03-11;69;86;155;SEC_132
2005;430;00-02;15;9;24;SEC_430
2000;301;12-15;36;48;84;SEC_301
2008;441;65-74;82;79;161;SEC_441
2011;203;16-17;4;6;10;SEC_203
2005;520;03-11;27;33;60;SEC_520
2005;527;18-24;55;49;104;SEC_527
2004;405;35-49;70;82;152;SEC_405
2011;614;16-17;6;10;16;SEC_614
1997;324;75 i +;46;17;63;SEC_324
2013;246;50-64;89;84;173;SEC_246
2013;301;16-17;15;22;37;SEC_301
1999;323;65-74;65;39;104;SEC_323
2015;418;50-64;114;117;231;SEC_418
2004;245;03-11;39;33;72;SEC_245
1999;517;12-15;11;15;26;SEC_517
1999;130;12-15;7;7;14;SEC_130
1999;140;75 i +;46;26;72;SEC_140
1996;103;75 i +;39;23;62;SEC_103
2008;409;00-02;15;14;29;SEC_409
1999;509;35-49;68;62;130;SEC_509
2009;418;12-15;27;35;62;SEC_418
1995;403;75 i +;40;19;59;SEC_403
2011;402;65-74;45;33;78;SEC_402
2011;421;16-17;8;14;22;SEC_421
2006;233;03-11;23;36;59;SEC_233
2009;303;03-11;42;50;92;SEC_303
1997;533;16-17;9;6;15;SEC_533
1998;520;25-34;71;66;137;SEC_520
2014;517;18-24;72;85;157;SEC_517
1999;325;00-02;18;15;33;SEC_325
2008;306;16-17;20;14;34;SEC_306
1996;115;25-34;106;113;219;SEC_115
2011;305;12-15;31;22;53;SEC_305
1996;140;25-34;75;83;158;SEC_140
2012;626;12-15;20;17;37;SEC_626
2011;623;65-74;99;105;204;SEC_623
1998;308;50-64;149;152;301;SEC_308
1999;124;00-02;7;10;17;SEC_124
2016;120;65-74;93;86;179;SEC_120
1999;430;00-02;8;6;14;SEC_430
1999;618;16-17;8;5;13;SEC_618
2012;246;18-24;50;37;87;SEC_246
2015;505;12-15;16;12;28;SEC_505
2010;617;12-15;14;21;35;SEC_617
2010;248;03-11;58;48;106;SEC_248
2016;618;35-49;134;122;256;SEC_618
2007;530;18-24;59;54;113;SEC_530
2007;502;25-34;147;160;307;SEC_502
1999;248;16-17;9;12;21;SEC_248
2004;108;03-11;54;48;102;SEC_108
2005;627;00-02;13;8;21;SEC_627
2008;246;18-24;45;49;94;SEC_246
2013;613;00-02;11;14;25;SEC_613
2000;137;50-64;137;141;278;SEC_137
1999;433;00-02;6;18;24;SEC_433
2003;219;03-11;62;44;106;SEC_219
2014;407;00-02;15;11;26;SEC_407
2012;606;03-11;51;46;97;SEC_606
2000;109;18-24;60;55;115;SEC_109
2016;608;35-49;132;178;310;SEC_608
1998;220;35-49;58;65;123;SEC_220
2003;123;03-11;35;58;93;SEC_123
2001;409;35-49;73;62;135;SEC_409
2009;233;18-24;41;40;81;SEC_233
2014;112;35-49;189;183;372;SEC_112
2002;203;00-02;12;13;25;SEC_203
2002;612;18-24;47;57;104;SEC_612
2003;217;03-11;17;17;34;SEC_217
2009;303;00-02;31;27;58;SEC_303
2011;414;35-49;136;128;264;SEC_414
2004;441;16-17;32;27;59;SEC_441
1994;121;18-24;40;35;75;SEC_121
2002;304;50-64;114;105;219;SEC_304
2015;127;50-64;87;79;166;SEC_127
2009;218;00-02;8;7;15;SEC_218
2016;427;35-49;234;232;466;SEC_427
2007;432;00-02;20;11;31;SEC_432
2001;128;75 i +;40;25;65;SEC_128
1996;303;25-34;169;179;348;SEC_303
2015;128;12-15;15;19;34;SEC_128
1997;423;16-17;14;13;27;SEC_423
2005;619;03-11;32;42;74;SEC_619
2015;308;65-74;117;109;226;SEC_308
1997;623;65-74;49;38;87;SEC_623
2002;601;25-34;126;148;274;SEC_601
2013;405;75 i +;134;100;234;SEC_405
1995;138;35-49;117;120;237;SEC_138
1997;404;12-15;26;20;46;SEC_404
2009;123;00-02;25;19;44;SEC_123
2001;134;16-17;18;11;29;SEC_134
2012;512;12-15;10;18;28;SEC_512
1996;312;25-34;123;135;258;SEC_312
2004;631;25-34;107;128;235;SEC_631
1997;235;03-11;30;29;59;SEC_235
2002;223;00-02;10;8;18;SEC_223
2005;117;03-11;84;74;158;SEC_117
2014;115;03-11;51;49;100;SEC_115
1997;537;12-15;26;23;49;SEC_537
2016;631;18-24;30;28;58;SEC_631
2001;523;18-24;64;73;137;SEC_523
2015;112;16-17;9;13;22;SEC_112
1997;217;03-11;18;17;35;SEC_217
2002;616;00-02;41;46;87;SEC_616
2011;203;65-74;34;36;70;SEC_203
2011;108;75 i +;118;72;190;SEC_108
2004;615;25-34;83;92;175;SEC_615
2004;317;18-24;48;54;102;SEC_317
1998;430;35-49;63;75;138;SEC_430
1995;526;50-64;58;77;135;SEC_526
2013;131;00-02;17;16;33;SEC_131
1995;515;35-49;51;46;97;SEC_515
2010;232;50-64;79;71;150;SEC_232
1998;403;35-49;101;88;189;SEC_403
2000;137;16-17;13;11;24;SEC_137
2002;126;25-34;118;129;247;SEC_126
2002;531;35-49;71;86;157;SEC_531
1994;109;18-24;57;61;118;SEC_109
2000;236;18-24;45;41;86;SEC_236
2000;531;18-24;31;49;80;SEC_531
2000;219;35-49;102;117;219;SEC_219
1999;242;00-02;10;6;16;SEC_242
2001;402;35-49;70;80;150;SEC_402
2000;216;50-64;152;123;275;SEC_216
2011;437;18-24;43;55;98;SEC_437
2012;513;35-49;103;83;186;SEC_513
2007;438;25-34;91;93;184;SEC_438
2015;316;75 i +;79;42;121;SEC_316
2002;421;65-74;98;80;178;SEC_421
2009;109;16-17;9;11;20;SEC_109
2011;517;65-74;59;40;99;SEC_517
2010;519;16-17;4;9;13;SEC_519
2007;607;35-49;126;131;257;SEC_607
2010;201;03-11;40;44;84;SEC_201
2015;508;00-02;21;21;42;SEC_508
2009;222;50-64;77;62;139;SEC_222
2004;310;35-49;102;105;207;SEC_310
1999;621;75 i +;29;15;44;SEC_621
2014;420;18-24;76;75;151;SEC_420
2004;121;25-34;84;84;168;SEC_121
2016;307;12-15;10;16;26;SEC_307
2006;238;18-24;28;41;69;SEC_238
2009;412;12-15;30;27;57;SEC_412
1994;137;50-64;96;108;204;SEC_137
1994;418;75 i +;50;32;82;SEC_418
2007;207;00-02;19;7;26;SEC_207
2014;524;50-64;84;83;167;SEC_524
2008;609;75 i +;29;26;55;SEC_609
2008;513;75 i +;44;26;70;SEC_513
2004;240;16-17;4;4;8;SEC_240
2013;237;12-15;21;27;48;SEC_237
2004;608;16-17;7;8;15;SEC_608
2012;112;03-11;74;59;133;SEC_112
2014;530;65-74;62;50;112;SEC_530
1994;212;18-24;81;91;172;SEC_212
2013;229;00-02;38;35;73;SEC_229
1995;601;25-34;97;125;222;SEC_601
2000;247;75 i +;66;34;100;SEC_247
2010;414;00-02;22;14;36;SEC_414
1994;404;35-49;113;111;224;SEC_404
1999;222;18-24;39;51;90;SEC_222
2000;207;03-11;14;18;32;SEC_207
2002;321;65-74;84;79;163;SEC_321
2002;230;75 i +;50;25;75;SEC_230
2006;613;00-02;13;18;31;SEC_613
2010;209;25-34;89;91;180;SEC_209
2010;627;12-15;13;12;25;SEC_627
2001;411;18-24;70;50;120;SEC_411
1995;249;18-24;55;59;114;SEC_249
2000;126;25-34;119;139;258;SEC_126
1999;320;18-24;29;41;70;SEC_320
2013;126;65-74;92;87;179;SEC_126
2010;433;35-49;141;183;324;SEC_433
2003;129;03-11;38;26;64;SEC_129
2011;127;25-34;69;61;130;SEC_127
1999;121;65-74;97;77;174;SEC_121
2012;520;12-15;14;16;30;SEC_520
2008;402;18-24;35;29;64;SEC_402
2010;306;03-11;70;66;136;SEC_306
2013;320;18-24;51;48;99;SEC_320
2005;316;50-64;289;334;623;SEC_316
2001;140;65-74;70;63;133;SEC_140
2013;625;16-17;6;4;10;SEC_625
1996;212;03-11;38;55;93;SEC_212
1996;513;50-64;98;92;190;SEC_513
2004;424;25-34;65;77;142;SEC_424
1995;135;03-11;75;72;147;SEC_135
1996;430;50-64;100;105;205;SEC_430
2001;241;00-02;4;6;10;SEC_241
2006;617;12-15;15;16;31;SEC_617
1997;411;03-11;34;22;56;SEC_411
2001;323;18-24;203;218;421;SEC_323
2006;509;18-24;45;47;92;SEC_509
2016;323;18-24;63;60;123;SEC_323
2010;222;50-64;71;64;135;SEC_222
2003;207;25-34;49;52;101;SEC_207
2001;405;12-15;12;7;19;SEC_405
1996;206;18-24;37;50;87;SEC_206
2010;442;16-17;3;4;7;SEC_442
2006;614;65-74;66;63;129;SEC_614
2001;303;18-24;66;64;130;SEC_303
1996;124;00-02;6;11;17;SEC_124
2007;248;65-74;51;48;99;SEC_248
2003;441;25-34;123;159;282;SEC_441
2009;114;00-02;14;23;37;SEC_114
2002;322;12-15;24;21;45;SEC_322
2002;409;00-02;9;4;13;SEC_409
1999;442;12-15;9;9;18;SEC_442
1997;113;18-24;77;79;156;SEC_113
2006;230;12-15;17;20;37;SEC_230
2010;102;00-02;20;12;32;SEC_102
2009;106;65-74;59;58;117;SEC_106
1996;525;03-11;31;32;63;SEC_525
2016;412;35-49;159;182;341;SEC_412
2009;504;25-34;99;91;190;SEC_504
2010;417;18-24;35;20;55;SEC_417
2010;520;65-74;45;43;88;SEC_520
2015;113;18-24;49;57;106;SEC_113
2002;105;16-17;14;11;25;SEC_105
2011;226;35-49;176;163;339;SEC_226
2007;611;75 i +;72;47;119;SEC_611
2016;140;12-15;10;21;31;SEC_140
2008;234;35-49;127;139;266;SEC_234
2003;317;25-34;135;141;276;SEC_317
2002;136;18-24;61;60;121;SEC_136
2000;125;00-02;11;14;25;SEC_125
1997;102;25-34;140;157;297;SEC_102
2003;612;12-15;16;11;27;SEC_612
2006;416;50-64;55;52;107;SEC_416
2007;437;25-34;80;108;188;SEC_437
2013;411;50-64;86;73;159;SEC_411
2014;303;12-15;18;17;35;SEC_303
2002;312;50-64;206;152;358;SEC_312
2013;220;75 i +;101;69;170;SEC_220
2000;425;25-34;91;83;174;SEC_425
2014;525;00-02;19;24;43;SEC_525
2011;434;16-17;9;5;14;SEC_434
1997;314;25-34;169;164;333;SEC_314
2014;517;00-02;29;29;58;SEC_517
2016;221;75 i +;115;78;193;SEC_221
2001;410;18-24;91;104;195;SEC_410
2009;124;18-24;27;28;55;SEC_124
1994;502;18-24;97;129;226;SEC_502
2009;205;25-34;87;81;168;SEC_205
2012;601;35-49;140;176;316;SEC_601
2010;121;35-49;116;119;235;SEC_121
1999;433;16-17;10;12;22;SEC_433
2002;132;16-17;22;26;48;SEC_132
1997;522;75 i +;31;23;54;SEC_522
2008;424;75 i +;24;24;48;SEC_424
2010;616;25-34;232;253;485;SEC_616
2009;320;25-34;64;69;133;SEC_320
1999;513;50-64;91;79;170;SEC_513
2005;516;65-74;48;36;84;SEC_516
2009;315;50-64;161;158;319;SEC_315
1997;315;65-74;53;41;94;SEC_315
2015;128;18-24;26;23;49;SEC_128
2005;231;16-17;9;8;17;SEC_231
2012;116;35-49;163;170;333;SEC_116
2003;428;65-74;46;31;77;SEC_428
2001;241;12-15;15;9;24;SEC_241
2002;537;50-64;141;120;261;SEC_537
1997;108;65-74;91;88;179;SEC_108
2007;529;75 i +;76;42;118;SEC_529
2004;138;00-02;7;6;13;SEC_138
2005;538;16-17;8;10;18;SEC_538
2000;127;65-74;45;40;85;SEC_127
2008;302;12-15;23;28;51;SEC_302
2005;408;03-11;34;50;84;SEC_408
1995;520;00-02;10;5;15;SEC_520
1994;134;25-34;110;97;207;SEC_134
1998;520;12-15;17;18;35;SEC_520
2003;604;50-64;80;63;143;SEC_604
2015;612;03-11;42;40;82;SEC_612
2016;601;35-49;196;271;467;SEC_601
2012;427;65-74;34;23;57;SEC_427
1999;135;16-17;20;19;39;SEC_135
2009;201;16-17;5;7;12;SEC_201
2009;512;12-15;17;13;30;SEC_512
2003;122;25-34;90;98;188;SEC_122
2004;232;25-34;95;109;204;SEC_232
2012;501;25-34;60;54;114;SEC_501
1996;134;65-74;54;38;92;SEC_134
2013;436;12-15;40;37;77;SEC_436
2007;410;50-64;164;155;319;SEC_410
2012;513;03-11;39;33;72;SEC_513
2012;516;03-11;32;34;66;SEC_516
2013;524;50-64;92;88;180;SEC_524
2007;619;18-24;46;58;104;SEC_619
2008;305;12-15;40;23;63;SEC_305
2012;310;03-11;37;42;79;SEC_310
2004;513;50-64;67;52;119;SEC_513
1995;427;65-74;57;55;112;SEC_427
2016;524;00-02;21;25;46;SEC_524
2004;212;35-49;148;160;308;SEC_212
2011;211;50-64;100;88;188;SEC_211
2010;414;18-24;33;38;71;SEC_414
2012;302;25-34;109;116;225;SEC_302
1999;620;25-34;59;61;120;SEC_620
2008;428;50-64;43;39;82;SEC_428
2016;226;12-15;43;34;77;SEC_226
1999;107;00-02;15;14;29;SEC_107
1995;619;75 i +;39;18;57;SEC_619
2004;121;50-64;42;43;85;SEC_121
2011;227;50-64;67;55;122;SEC_227
2001;234;35-49;83;81;164;SEC_234
1997;535;03-11;41;42;83;SEC_535
1995;609;25-34;65;81;146;SEC_609
2009;224;12-15;12;13;25;SEC_224
1999;304;35-49;99;107;206;SEC_304
2002;207;65-74;51;36;87;SEC_207
1994;136;16-17;19;27;46;SEC_136
2012;126;00-02;10;12;22;SEC_126
1996;528;65-74;65;52;117;SEC_528
2013;414;35-49;253;271;524;SEC_414
2006;236;18-24;57;47;104;SEC_236
2006;307;25-34;118;112;230;SEC_307
2006;621;12-15;32;22;54;SEC_621
2007;631;18-24;30;22;52;SEC_631
2006;513;75 i +;41;20;61;SEC_513
2012;210;65-74;57;47;104;SEC_210
2004;620;00-02;1;7;8;SEC_620
2006;106;25-34;178;188;366;SEC_106
2002;134;75 i +;65;31;96;SEC_134
2005;512;03-11;24;38;62;SEC_512
2006;226;35-49;134;147;281;SEC_226
2009;306;18-24;59;71;130;SEC_306
1995;304;75 i +;67;37;104;SEC_304
2001;530;16-17;9;10;19;SEC_530
2001;130;18-24;36;29;65;SEC_130
1999;504;25-34;106;116;222;SEC_504
2006;231;00-02;18;25;43;SEC_231
1997;521;25-34;74;78;152;SEC_521
2006;139;35-49;98;120;218;SEC_139
2003;235;18-24;58;72;130;SEC_235
2012;205;12-15;21;19;40;SEC_205
2012;312;35-49;224;257;481;SEC_312
2015;110;18-24;23;32;55;SEC_110
2000;303;75 i +;76;41;117;SEC_303
1998;439;00-02;11;12;23;SEC_439
2012;229;35-49;114;119;233;SEC_229
1999;501;18-24;113;137;250;SEC_501
2011;227;75 i +;52;34;86;SEC_227
2013;309;35-49;145;148;293;SEC_309
2002;218;50-64;71;65;136;SEC_218
2013;617;75 i +;59;38;97;SEC_617
1998;211;16-17;6;13;19;SEC_211
2009;631;03-11;32;40;72;SEC_631
2013;524;18-24;45;52;97;SEC_524
2012;510;25-34;65;80;145;SEC_510
2003;407;12-15;11;21;32;SEC_407
2010;413;75 i +;45;26;71;SEC_413
2008;215;12-15;17;10;27;SEC_215
2006;105;35-49;155;130;285;SEC_105
2010;507;16-17;4;7;11;SEC_507
1994;533;35-49;63;67;130;SEC_533
2010;245;18-24;52;49;101;SEC_245
2009;127;18-24;31;39;70;SEC_127
2001;216;65-74;82;70;152;SEC_216
2012;624;00-02;12;10;22;SEC_624
1998;532;00-02;16;9;25;SEC_532
1998;617;16-17;13;21;34;SEC_617
1998;632;16-17;15;23;38;SEC_632
1996;211;65-74;109;78;187;SEC_211
2006;414;35-49;102;112;214;SEC_414
2016;425;00-02;10;14;24;SEC_425
2004;307;18-24;68;67;135;SEC_307
2002;208;25-34;125;146;271;SEC_208
2007;219;16-17;10;10;20;SEC_219
2013;304;25-34;282;232;514;SEC_304
1995;316;03-11;174;179;353;SEC_316
2002;139;12-15;10;13;23;SEC_139
1996;219;18-24;51;56;107;SEC_219
1997;106;35-49;289;255;544;SEC_106
2002;538;18-24;39;50;89;SEC_538
2001;106;00-02;21;18;39;SEC_106
2004;227;16-17;1;2;3;SEC_227
1998;425;75 i +;47;25;72;SEC_425
2000;108;12-15;24;16;40;SEC_108
2006;238;35-49;109;120;229;SEC_238
2008;301;00-02;50;54;104;SEC_301
2010;620;65-74;57;54;111;SEC_620
2016;525;12-15;18;16;34;SEC_525
2012;534;16-17;4;6;10;SEC_534
2003;302;03-11;39;47;86;SEC_302
2015;214;18-24;106;75;181;SEC_214
2004;137;00-02;22;19;41;SEC_137
2015;630;25-34;45;43;88;SEC_630
1994;515;25-34;61;58;119;SEC_515
2003;528;03-11;36;35;71;SEC_528
1997;229;50-64;63;67;130;SEC_229
2003;132;50-64;205;215;420;SEC_132
1999;136;18-24;64;78;142;SEC_136
2011;313;65-74;88;72;160;SEC_313
1999;620;18-24;65;45;110;SEC_620
2016;625;75 i +;67;52;119;SEC_625
2012;104;25-34;57;53;110;SEC_104
2011;605;25-34;42;48;90;SEC_605
2009;231;16-17;5;9;14;SEC_231
2001;612;65-74;49;56;105;SEC_612
2011;102;03-11;66;73;139;SEC_102
2014;625;16-17;8;11;19;SEC_625
2012;608;25-34;41;52;93;SEC_608
2009;620;50-64;66;60;126;SEC_620
2012;442;00-02;9;8;17;SEC_442
2015;630;75 i +;41;27;68;SEC_630
2000;205;03-11;32;28;60;SEC_205
2009;411;18-24;42;36;78;SEC_411
2001;611;65-74;86;86;172;SEC_611
2004;246;03-11;31;40;71;SEC_246
2014;602;25-34;67;67;134;SEC_602
1994;246;35-49;85;75;160;SEC_246
2013;313;16-17;6;14;20;SEC_313
2012;517;25-34;99;159;258;SEC_517
1995;416;25-34;63;70;133;SEC_416
2012;433;16-17;11;8;19;SEC_433
1995;210;12-15;15;15;30;SEC_210
2010;422;12-15;16;15;31;SEC_422
2007;630;75 i +;35;19;54;SEC_630
2012;130;18-24;29;34;63;SEC_130
1998;208;25-34;110;141;251;SEC_208
2008;134;35-49;155;161;316;SEC_134
2002;431;50-64;116;108;224;SEC_431
1997;515;00-02;7;5;12;SEC_515
2009;202;50-64;63;59;122;SEC_202
2010;505;00-02;15;14;29;SEC_505
1998;504;12-15;20;15;35;SEC_504
2013;511;18-24;85;83;168;SEC_511
2000;428;00-02;5;4;9;SEC_428
2005;524;18-24;58;50;108;SEC_524
1999;422;75 i +;63;41;104;SEC_422
2005;413;25-34;51;72;123;SEC_413
2010;630;65-74;51;45;96;SEC_630
1998;233;16-17;6;3;9;SEC_233
2005;128;65-74;50;54;104;SEC_128
2003;411;12-15;16;11;27;SEC_411
2008;601;65-74;98;95;193;SEC_601
1994;534;03-11;26;32;58;SEC_534
2015;239;65-74;57;37;94;SEC_239
1995;133;50-64;86;86;172;SEC_133
1999;111;75 i +;42;25;67;SEC_111
1999;308;03-11;41;43;84;SEC_308
1994;128;00-02;7;11;18;SEC_128
2014;410;03-11;53;58;111;SEC_410
2003;420;18-24;57;82;139;SEC_420
2008;440;18-24;32;32;64;SEC_440
2002;504;16-17;5;14;19;SEC_504
2002;111;25-34;75;104;179;SEC_111
2016;238;35-49;132;106;238;SEC_238
1994;116;12-15;51;56;107;SEC_116
2006;225;18-24;32;28;60;SEC_225
1998;610;25-34;123;144;267;SEC_610
2014;317;75 i +;51;21;72;SEC_317
1994;113;03-11;86;78;164;SEC_113
2000;105;03-11;39;63;102;SEC_105
2003;505;50-64;216;176;392;SEC_505
1999;507;65-74;39;37;76;SEC_507
1995;115;35-49;174;171;345;SEC_115
2010;209;03-11;29;37;66;SEC_209
2005;109;75 i +;65;35;100;SEC_109
2011;426;35-49;127;146;273;SEC_426
2001;437;75 i +;25;15;40;SEC_437
2014;518;35-49;140;143;283;SEC_518
2000;626;00-02;12;14;26;SEC_626
1996;610;12-15;30;27;57;SEC_610
1998;139;25-34;84;71;155;SEC_139
2006;421;18-24;24;32;56;SEC_421
2010;241;00-02;13;13;26;SEC_241
1996;319;12-15;27;31;58;SEC_319
2007;228;00-02;7;15;22;SEC_228
1996;113;00-02;13;15;28;SEC_113
2011;309;25-34;112;104;216;SEC_309
2013;319;18-24;35;47;82;SEC_319
2001;616;75 i +;33;21;54;SEC_616
2010;632;16-17;6;10;16;SEC_632
1996;246;75 i +;64;33;97;SEC_246
2001;225;00-02;2;5;7;SEC_225
2000;245;75 i +;73;36;109;SEC_245
2010;515;65-74;29;29;58;SEC_515
2010;123;16-17;11;19;30;SEC_123
2009;435;12-15;15;22;37;SEC_435
2016;307;50-64;160;116;276;SEC_307
2007;434;65-74;33;14;47;SEC_434
1998;115;12-15;26;32;58;SEC_115
2000;236;75 i +;67;39;106;SEC_236
1997;515;18-24;32;33;65;SEC_515
2012;106;16-17;6;8;14;SEC_106
1997;110;16-17;14;17;31;SEC_110
1995;214;75 i +;35;17;52;SEC_214
2004;111;75 i +;47;33;80;SEC_111
2008;424;00-02;9;13;22;SEC_424
1997;534;25-34;73;78;151;SEC_534
2016;419;00-02;32;33;65;SEC_419
2014;132;03-11;94;76;170;SEC_132
2016;624;35-49;106;152;258;SEC_624
2014;105;12-15;14;24;38;SEC_105
2002;213;12-15;21;14;35;SEC_213
2007;130;00-02;14;11;25;SEC_130
2012;306;16-17;22;19;41;SEC_306
2013;202;65-74;64;63;127;SEC_202
2012;217;50-64;48;62;110;SEC_217
2005;119;25-34;96;126;222;SEC_119
2002;619;65-74;82;80;162;SEC_619
1995;421;25-34;101;115;216;SEC_421
2007;308;75 i +;82;50;132;SEC_308
1998;519;65-74;40;42;82;SEC_519
1996;501;00-02;10;11;21;SEC_501
1998;234;12-15;12;10;22;SEC_234
2006;119;16-17;10;12;22;SEC_119
2004;313;18-24;109;81;190;SEC_313
2003;226;50-64;95;88;183;SEC_226
2010;420;18-24;55;62;117;SEC_420
1999;221;65-74;67;70;137;SEC_221
2010;628;12-15;20;16;36;SEC_628
2004;129;35-49;117;116;233;SEC_129
2010;114;00-02;12;25;37;SEC_114
2008;511;03-11;29;26;55;SEC_511
2009;118;65-74;65;70;135;SEC_118
2008;527;03-11;67;51;118;SEC_527
2007;606;35-49;123;139;262;SEC_606
2013;106;03-11;61;56;117;SEC_106
2009;404;65-74;71;59;130;SEC_404
1994;301;18-24;136;137;273;SEC_301
1997;524;65-74;71;52;123;SEC_524
2002;434;35-49;62;55;117;SEC_434
1996;501;03-11;33;39;72;SEC_501
2011;440;16-17;9;3;12;SEC_440
1998;235;12-15;16;10;26;SEC_235
2011;632;50-64;84;71;155;SEC_632
2008;106;18-24;82;71;153;SEC_106
2002;420;03-11;51;47;98;SEC_420
2016;304;18-24;79;73;152;SEC_304
2000;514;65-74;49;38;87;SEC_514
2004;246;35-49;100;143;243;SEC_246
2007;531;16-17;10;10;20;SEC_531
1995;404;75 i +;62;27;89;SEC_404
2007;610;00-02;11;14;25;SEC_610
2000;119;50-64;167;175;342;SEC_119
1996;614;25-34;84;85;169;SEC_614
2000;316;12-15;84;84;168;SEC_316
2012;110;25-34;81;79;160;SEC_110
2008;312;50-64;167;141;308;SEC_312
1997;502;03-11;49;39;88;SEC_502
2002;310;25-34;94;105;199;SEC_310
2012;227;35-49;92;91;183;SEC_227
2006;525;18-24;44;39;83;SEC_525
2000;123;75 i +;63;43;106;SEC_123
2007;118;12-15;29;35;64;SEC_118
1995;516;75 i +;31;12;43;SEC_516
1995;304;50-64;114;112;226;SEC_304
2013;314;25-34;175;160;335;SEC_314
2013;305;75 i +;88;52;140;SEC_305
1996;415;65-74;51;30;81;SEC_415
2004;524;16-17;10;13;23;SEC_524
2010;520;50-64;81;56;137;SEC_520
2016;114;75 i +;106;73;179;SEC_114
1994;206;03-11;30;25;55;SEC_206
1999;127;12-15;22;21;43;SEC_127
1998;218;00-02;8;4;12;SEC_218
1996;139;25-34;79;70;149;SEC_139
2007;324;12-15;18;22;40;SEC_324
2008;314;18-24;91;137;228;SEC_314
1994;602;65-74;23;21;44;SEC_602
2002;619;03-11;34;42;76;SEC_619
2008;432;35-49;131;115;246;SEC_432
2009;612;03-11;41;41;82;SEC_612
1998;135;75 i +;46;20;66;SEC_135
2009;237;00-02;27;21;48;SEC_237
1997;415;35-49;62;70;132;SEC_415
1998;207;50-64;70;50;120;SEC_207
1996;514;16-17;7;11;18;SEC_514
1997;424;00-02;6;4;10;SEC_424
2007;627;18-24;46;59;105;SEC_627
1998;129;75 i +;38;20;58;SEC_129
2007;415;12-15;14;14;28;SEC_415
2008;133;25-34;87;84;171;SEC_133
2000;247;03-11;24;40;64;SEC_247
1999;513;65-74;46;46;92;SEC_513
2004;518;35-49;112;127;239;SEC_518
1994;322;16-17;15;17;32;SEC_322
2015;325;65-74;128;107;235;SEC_325
2003;140;18-24;41;50;91;SEC_140
2015;204;65-74;63;47;110;SEC_204
2001;204;18-24;20;19;39;SEC_204
2009;616;75 i +;52;36;88;SEC_616
2007;501;00-02;4;13;17;SEC_501
2016;501;00-02;11;8;19;SEC_501
2008;313;18-24;76;68;144;SEC_313
2006;435;16-17;17;12;29;SEC_435
2010;206;16-17;8;9;17;SEC_206
2009;225;50-64;49;36;85;SEC_225
1998;426;65-74;59;50;109;SEC_426
1995;507;50-64;77;99;176;SEC_507
2005;432;18-24;55;66;121;SEC_432
2014;405;25-34;123;118;241;SEC_405
2015;402;16-17;10;5;15;SEC_402
2001;123;16-17;12;13;25;SEC_123
1998;204;00-02;4;4;8;SEC_204
1995;215;18-24;47;47;94;SEC_215
2016;524;12-15;23;18;41;SEC_524
2001;537;35-49;121;120;241;SEC_537
2009;207;18-24;20;22;42;SEC_207
2004;205;35-49;89;98;187;SEC_205
2000;514;35-49;65;77;142;SEC_514
2000;246;12-15;14;15;29;SEC_246
2015;609;75 i +;45;34;79;SEC_609
1999;537;16-17;15;15;30;SEC_537
2015;214;65-74;93;56;149;SEC_214
2011;618;03-11;38;37;75;SEC_618
2006;247;18-24;62;59;121;SEC_247
2011;316;03-11;43;54;97;SEC_316
2004;426;35-49;105;116;221;SEC_426
2004;319;00-02;33;26;59;SEC_319
2000;110;65-74;62;46;108;SEC_110
2005;240;12-15;13;14;27;SEC_240
1998;418;35-49;97;98;195;SEC_418
2006;211;03-11;48;57;105;SEC_211
2012;625;75 i +;55;36;91;SEC_625
2009;132;16-17;20;22;42;SEC_132
1996;432;50-64;131;144;275;SEC_432
2013;320;03-11;88;84;172;SEC_320
2002;226;35-49;114;113;227;SEC_226
2003;522;12-15;13;12;25;SEC_522
2007;401;50-64;93;94;187;SEC_401
2010;112;35-49;197;156;353;SEC_112
2006;214;50-64;52;39;91;SEC_214
2013;220;03-11;70;71;141;SEC_220
1999;247;12-15;16;19;35;SEC_247
2008;402;03-11;33;34;67;SEC_402
2003;438;75 i +;29;15;44;SEC_438
2014;123;35-49;158;154;312;SEC_123
1998;416;16-17;9;8;17;SEC_416
2011;240;00-02;9;15;24;SEC_240
1997;401;50-64;121;109;230;SEC_401
2007;112;50-64;169;169;338;SEC_112
2007;301;03-11;102;99;201;SEC_301
2011;535;18-24;34;33;67;SEC_535
2005;434;25-34;54;59;113;SEC_434
2011;521;75 i +;58;48;106;SEC_521
2005;245;25-34;105;112;217;SEC_245
2013;537;65-74;80;64;144;SEC_537
2014;327;16-17;16;12;28;SEC_327
2000;231;50-64;92;73;165;SEC_231
1994;302;50-64;121;122;243;SEC_302
1996;244;65-74;49;47;96;SEC_244
1999;620;35-49;63;57;120;SEC_620
1994;249;18-24;54;60;114;SEC_249
2001;601;50-64;167;170;337;SEC_601
2016;316;00-02;22;25;47;SEC_316
2004;321;12-15;47;56;103;SEC_321
2002;320;03-11;28;30;58;SEC_320
2008;533;16-17;6;6;12;SEC_533
2014;632;12-15;30;13;43;SEC_632
1995;235;12-15;17;20;37;SEC_235
2010;628;03-11;40;51;91;SEC_628
1999;201;75 i +;39;15;54;SEC_201
2000;105;35-49;165;138;303;SEC_105
2014;122;75 i +;65;48;113;SEC_122
1994;418;65-74;74;50;124;SEC_418
2010;525;75 i +;66;42;108;SEC_525
1996;531;75 i +;41;24;65;SEC_531
2016;521;35-49;86;102;188;SEC_521
1997;432;12-15;25;30;55;SEC_432
1994;210;35-49;90;91;181;SEC_210
2014;325;75 i +;187;93;280;SEC_325
2000;320;25-34;80;92;172;SEC_320
1997;319;12-15;22;31;53;SEC_319
2015;420;00-02;33;39;72;SEC_420
2014;207;25-34;153;133;286;SEC_207
2008;225;35-49;50;59;109;SEC_225
2013;524;25-34;99;115;214;SEC_524
2005;524;16-17;12;14;26;SEC_524
2008;503;16-17;5;10;15;SEC_503
2008;224;50-64;41;50;91;SEC_224
2000;624;12-15;18;17;35;SEC_624
1999;114;75 i +;60;22;82;SEC_114
1994;304;50-64;123;114;237;SEC_304
2006;409;00-02;13;6;19;SEC_409
2012;439;65-74;57;31;88;SEC_439
2005;318;18-24;46;46;92;SEC_318
2010;507;18-24;32;41;73;SEC_507
2007;230;25-34;104;107;211;SEC_230
2000;105;16-17;10;17;27;SEC_105
2005;102;16-17;13;12;25;SEC_102
2000;119;12-15;26;21;47;SEC_119
1998;509;25-34;67;75;142;SEC_509
2016;418;75 i +;84;70;154;SEC_418
2006;319;50-64;138;132;270;SEC_319
2010;225;35-49;59;59;118;SEC_225
2007;323;65-74;82;70;152;SEC_323
2015;528;00-02;14;14;28;SEC_528
2000;101;75 i +;28;12;40;SEC_101
2008;228;12-15;15;14;29;SEC_228
1996;626;75 i +;22;18;40;SEC_626
2002;630;00-02;12;7;19;SEC_630
2001;437;12-15;10;20;30;SEC_437
1995;604;50-64;87;81;168;SEC_604
1994;319;50-64;63;62;125;SEC_319
2001;115;65-74;79;49;128;SEC_115
2013;229;35-49;230;248;478;SEC_229
2015;240;18-24;76;77;153;SEC_240
1997;233;65-74;55;33;88;SEC_233
2004;429;75 i +;31;21;52;SEC_429
2006;435;35-49;110;148;258;SEC_435
2002;507;75 i +;37;19;56;SEC_507
2014;412;75 i +;101;81;182;SEC_412
2000;110;35-49;145;132;277;SEC_110
1994;627;00-02;9;17;26;SEC_627
2006;309;03-11;31;54;85;SEC_309
1995;538;12-15;18;23;41;SEC_538
2001;305;12-15;43;34;77;SEC_305
1998;616;75 i +;28;17;45;SEC_616
1999;226;03-11;24;29;53;SEC_226
2014;307;65-74;120;101;221;SEC_307
1995;316;75 i +;28;13;41;SEC_316
1997;623;00-02;16;18;34;SEC_623
2012;436;18-24;41;37;78;SEC_436
2010;124;35-49;85;73;158;SEC_124
1997;603;12-15;10;14;24;SEC_603
2004;621;16-17;14;14;28;SEC_621
2015;507;16-17;6;9;15;SEC_507
2001;608;75 i +;34;13;47;SEC_608
2012;320;00-02;21;12;33;SEC_320
2014;320;25-34;29;30;59;SEC_320
2011;533;25-34;107;108;215;SEC_533
1999;134;75 i +;70;30;100;SEC_134
2002;201;50-64;69;51;120;SEC_201
2012;416;12-15;8;18;26;SEC_416
2009;225;18-24;18;23;41;SEC_225
2007;616;75 i +;49;33;82;SEC_616
2003;201;50-64;69;46;115;SEC_201
2011;313;25-34;125;133;258;SEC_313
1998;441;50-64;181;183;364;SEC_441
2008;434;12-15;14;13;27;SEC_434
2008;234;16-17;5;11;16;SEC_234
2004;423;00-02;13;9;22;SEC_423
2007;402;25-34;82;81;163;SEC_402
2016;307;03-11;49;36;85;SEC_307
1994;241;75 i +;39;22;61;SEC_241
2006;305;00-02;26;17;43;SEC_305
1998;305;18-24;69;68;137;SEC_305
2009;517;00-02;28;18;46;SEC_517
2010;511;03-11;28;32;60;SEC_511
2004;215;25-34;83;87;170;SEC_215
2004;405;00-02;9;12;21;SEC_405
1995;632;50-64;115;105;220;SEC_632
1997;423;65-74;61;44;105;SEC_423
2010;437;35-49;109;136;245;SEC_437
1998;614;75 i +;35;14;49;SEC_614
2009;620;75 i +;21;18;39;SEC_620
2003;404;03-11;55;56;111;SEC_404
2013;213;16-17;4;13;17;SEC_213
1996;512;65-74;50;33;83;SEC_512
2015;422;00-02;22;15;37;SEC_422
2009;628;50-64;113;88;201;SEC_628
2014;217;12-15;13;28;41;SEC_217
2016;323;16-17;24;20;44;SEC_323
2014;412;35-49;157;179;336;SEC_412
2011;501;25-34;65;64;129;SEC_501
2005;319;16-17;11;13;24;SEC_319
2009;122;12-15;18;8;26;SEC_122
2010;112;75 i +;68;34;102;SEC_112
2009;114;50-64;178;127;305;SEC_114
1999;209;50-64;90;72;162;SEC_209
2005;620;03-11;16;28;44;SEC_620
1998;210;00-02;6;3;9;SEC_210
1995;239;16-17;14;13;27;SEC_239
1999;322;12-15;22;15;37;SEC_322
1996;112;65-74;55;41;96;SEC_112
1999;432;35-49;137;121;258;SEC_432
2001;115;50-64;121;125;246;SEC_115
2015;201;65-74;58;33;91;SEC_201
2010;107;16-17;8;12;20;SEC_107
1996;325;16-17;35;24;59;SEC_325
2002;508;50-64;54;46;100;SEC_508
2014;605;25-34;83;97;180;SEC_605
1995;624;16-17;30;34;64;SEC_624
1996;302;16-17;30;30;60;SEC_302
2009;216;03-11;50;34;84;SEC_216
2005;429;16-17;7;8;15;SEC_429
2013;503;03-11;16;24;40;SEC_503
2009;241;50-64;55;52;107;SEC_241
2006;411;65-74;70;57;127;SEC_411
2002;135;65-74;63;59;122;SEC_135
1999;317;03-11;27;31;58;SEC_317
2016;114;12-15;27;28;55;SEC_114
2003;227;35-49;67;59;126;SEC_227
2004;608;75 i +;39;19;58;SEC_608
2006;415;12-15;9;18;27;SEC_415
1999;439;35-49;68;67;135;SEC_439
2011;407;03-11;47;51;98;SEC_407
2004;216;75 i +;63;43;106;SEC_216
2016;614;50-64;69;80;149;SEC_614
2016;211;75 i +;77;34;111;SEC_211
2000;201;75 i +;39;18;57;SEC_201
2005;441;12-15;35;50;85;SEC_441
2001;622;03-11;24;47;71;SEC_622
2007;112;16-17;13;20;33;SEC_112
2003;118;00-02;21;15;36;SEC_118
1995;133;16-17;13;18;31;SEC_133
2001;414;18-24;28;46;74;SEC_414
2014;202;03-11;65;83;148;SEC_202
1997;426;25-34;83;82;165;SEC_426
2014;119;50-64;140;105;245;SEC_119
1996;248;16-17;12;15;27;SEC_248
2012;417;50-64;50;40;90;SEC_417
2003;204;00-02;1;5;6;SEC_204
2002;309;03-11;24;39;63;SEC_309
1996;434;35-49;58;58;116;SEC_434
2005;202;18-24;41;36;77;SEC_202
1996;409;03-11;26;25;51;SEC_409
2009;604;65-74;50;38;88;SEC_604
2015;137;16-17;15;14;29;SEC_137
2003;535;25-34;72;90;162;SEC_535
2013;212;50-64;107;101;208;SEC_212
2006;235;00-02;35;23;58;SEC_235
2006;417;50-64;54;56;110;SEC_417
1995;108;00-02;11;13;24;SEC_108
2008;241;03-11;29;31;60;SEC_241
1997;118;03-11;88;73;161;SEC_118
2000;504;12-15;11;20;31;SEC_504
2015;138;25-34;38;58;96;SEC_138
2005;418;00-02;19;13;32;SEC_418
2005;241;16-17;9;8;17;SEC_241
2006;506;18-24;69;76;145;SEC_506
1994;123;25-34;95;103;198;SEC_123
2013;437;12-15;28;26;54;SEC_437
1994;211;25-34;121;123;244;SEC_211
2004;210;50-64;95;80;175;SEC_210
1998;407;65-74;89;77;166;SEC_407
2004;130;16-17;6;3;9;SEC_130
2004;608;25-34;73;89;162;SEC_608
2007;603;25-34;50;60;110;SEC_603
2007;228;16-17;12;8;20;SEC_228
2011;130;35-49;137;145;282;SEC_130
1995;234;35-49;70;68;138;SEC_234
2010;107;50-64;155;135;290;SEC_107
2013;627;16-17;6;8;14;SEC_627
2006;313;65-74;89;79;168;SEC_313
1995;106;12-15;74;66;140;SEC_106
2006;619;18-24;46;57;103;SEC_619
1996;305;35-49;202;183;385;SEC_305
2004;249;00-02;18;16;34;SEC_249
1994;604;75 i +;21;10;31;SEC_604
2009;224;16-17;7;3;10;SEC_224
2009;431;18-24;57;67;124;SEC_431
2000;209;00-02;13;9;22;SEC_209
2004;442;25-34;50;65;115;SEC_442
1996;509;50-64;87;89;176;SEC_509
2011;516;03-11;32;30;62;SEC_516
1997;202;35-49;62;47;109;SEC_202
1999;426;65-74;61;47;108;SEC_426
2000;440;75 i +;52;34;86;SEC_440
2003;418;18-24;52;64;116;SEC_418
2015;228;25-34;168;167;335;SEC_228
2004;416;25-34;67;89;156;SEC_416
1999;515;35-49;61;45;106;SEC_515
2007;441;12-15;32;32;64;SEC_441
2004;234;65-74;65;37;102;SEC_234
2016;610;35-49;128;108;236;SEC_610
1999;104;25-34;67;86;153;SEC_104
1995;208;50-64;230;204;434;SEC_208
2011;139;16-17;5;5;10;SEC_139
2008;502;03-11;49;65;114;SEC_502
2007;322;18-24;38;52;90;SEC_322
2006;233;25-34;89;101;190;SEC_233
2000;309;35-49;99;77;176;SEC_309
1996;306;00-02;18;14;32;SEC_306
2001;415;75 i +;45;28;73;SEC_415
2005;428;18-24;36;26;62;SEC_428
1997;521;18-24;115;135;250;SEC_521
2005;319;18-24;69;72;141;SEC_319
2014;437;25-34;115;111;226;SEC_437
2001;526;25-34;60;74;134;SEC_526
1998;411;00-02;8;7;15;SEC_411
2006;249;18-24;47;52;99;SEC_249
1995;112;03-11;58;66;124;SEC_112
2016;410;18-24;60;71;131;SEC_410
2006;216;35-49;138;143;281;SEC_216
2003;128;25-34;116;103;219;SEC_128
1995;132;18-24;129;151;280;SEC_132
2008;422;25-34;117;129;246;SEC_422
2013;614;50-64;77;69;146;SEC_614
2014;205;50-64;104;103;207;SEC_205
2016;318;12-15;6;21;27;SEC_318
1997;230;03-11;22;31;53;SEC_230
2014;432;12-15;23;11;34;SEC_432
1998;232;65-74;80;54;134;SEC_232
1995;221;12-15;21;21;42;SEC_221
2007;609;03-11;34;28;62;SEC_609
1999;140;65-74;62;58;120;SEC_140
2008;620;25-34;36;45;81;SEC_620
2004;604;75 i +;26;14;40;SEC_604
1997;442;03-11;21;21;42;SEC_442
1995;104;25-34;58;86;144;SEC_104
2011;243;35-49;214;201;415;SEC_243
1999;617;50-64;126;95;221;SEC_617
2016;506;25-34;97;107;204;SEC_506
2008;617;35-49;101;107;208;SEC_617
2009;429;16-17;7;4;11;SEC_429
2001;220;75 i +;40;27;67;SEC_220
2011;415;12-15;11;20;31;SEC_415
2016;615;25-34;40;41;81;SEC_615
1996;314;18-24;127;147;274;SEC_314
2006;611;12-15;43;28;71;SEC_611
2006;619;03-11;32;45;77;SEC_619
2002;214;18-24;39;33;72;SEC_214
2004;410;12-15;16;20;36;SEC_410
1997;212;35-49;103;115;218;SEC_212
2003;316;18-24;175;198;373;SEC_316
2008;606;00-02;13;12;25;SEC_606
2003;516;50-64;53;51;104;SEC_516
1999;105;75 i +;45;24;69;SEC_105
2010;527;50-64;88;92;180;SEC_527
2012;323;12-15;61;58;119;SEC_323
1998;631;50-64;155;175;330;SEC_631
2010;105;50-64;150;111;261;SEC_105
2007;510;00-02;10;18;28;SEC_510
2016;122;12-15;20;13;33;SEC_122
2015;248;00-02;16;18;34;SEC_248
1999;533;35-49;67;71;138;SEC_533
2015;105;75 i +;62;40;102;SEC_105
1998;318;65-74;22;17;39;SEC_318
1999;303;00-02;16;21;37;SEC_303
2010;604;12-15;11;12;23;SEC_604
2012;131;00-02;17;15;32;SEC_131
2002;605;16-17;7;2;9;SEC_605
1997;127;16-17;8;18;26;SEC_127
2001;433;65-74;49;43;92;SEC_433
2014;601;50-64;177;169;346;SEC_601
2009;243;35-49;204;195;399;SEC_243
1996;235;00-02;14;10;24;SEC_235
2012;441;12-15;37;40;77;SEC_441
2009;126;18-24;36;22;58;SEC_126
1994;210;00-02;9;5;14;SEC_210
2011;530;16-17;7;9;16;SEC_530
1999;105;18-24;89;71;160;SEC_105
2014;121;12-15;8;18;26;SEC_121
2000;225;12-15;9;8;17;SEC_225
2016;414;12-15;23;23;46;SEC_414
2009;106;00-02;20;23;43;SEC_106
2015;422;03-11;60;60;120;SEC_422
2014;221;00-02;26;34;60;SEC_221
2005;112;35-49;199;176;375;SEC_112
2007;441;65-74;76;80;156;SEC_441
2009;205;12-15;13;17;30;SEC_205
2000;502;16-17;17;18;35;SEC_502
1998;241;75 i +;44;30;74;SEC_241
1995;131;03-11;64;66;130;SEC_131
2007;324;35-49;119;129;248;SEC_324
2000;401;00-02;11;13;24;SEC_401
1994;217;75 i +;45;12;57;SEC_217
2013;440;50-64;81;79;160;SEC_440
1997;402;75 i +;38;25;63;SEC_402
2015;619;03-11;52;46;98;SEC_619
2009;632;75 i +;40;28;68;SEC_632
2009;528;35-49;171;140;311;SEC_528
2007;104;65-74;54;36;90;SEC_104
2002;121;75 i +;51;37;88;SEC_121
2007;302;00-02;14;18;32;SEC_302
1997;611;75 i +;45;28;73;SEC_611
2015;626;18-24;28;29;57;SEC_626
2015;625;18-24;31;32;63;SEC_625
2000;425;03-11;24;32;56;SEC_425
1995;101;18-24;59;62;121;SEC_101
2007;130;75 i +;74;49;123;SEC_130
1996;315;03-11;63;72;135;SEC_315
2000;438;25-34;85;101;186;SEC_438
2004;314;25-34;205;219;424;SEC_314
2002;507;12-15;21;15;36;SEC_507
2005;409;12-15;10;14;24;SEC_409
2008;324;00-02;22;14;36;SEC_324
2012;439;00-02;24;16;40;SEC_439
2004;521;25-34;85;110;195;SEC_521
2013;239;18-24;36;41;77;SEC_239
2002;524;75 i +;60;29;89;SEC_524
2011;137;65-74;71;67;138;SEC_137
2001;504;00-02;8;8;16;SEC_504
2015;317;12-15;17;25;42;SEC_317
1994;201;12-15;16;14;30;SEC_201
1996;247;16-17;19;9;28;SEC_247
2014;138;25-34;48;60;108;SEC_138
2016;212;50-64;112;108;220;SEC_212
2008;216;50-64;130;101;231;SEC_216
2011;603;00-02;18;18;36;SEC_603
2013;610;18-24;34;46;80;SEC_610
2002;501;18-24;81;79;160;SEC_501
2013;245;25-34;94;75;169;SEC_245
2010;520;12-15;11;13;24;SEC_520
2002;308;25-34;170;166;336;SEC_308
2005;538;35-49;126;122;248;SEC_538
2005;105;12-15;23;38;61;SEC_105
1997;629;65-74;35;31;66;SEC_629
2012;312;12-15;18;31;49;SEC_312
2013;308;65-74;109;92;201;SEC_308
2007;524;75 i +;64;34;98;SEC_524
1999;428;16-17;4;4;8;SEC_428
1999;225;18-24;15;30;45;SEC_225
1995;241;65-74;62;48;110;SEC_241
2002;414;16-17;8;7;15;SEC_414
2015;615;35-49;98;107;205;SEC_615
2009;401;00-02;16;21;37;SEC_401
2007;221;75 i +;55;41;96;SEC_221
1998;135;16-17;20;26;46;SEC_135
2016;510;18-24;41;29;70;SEC_510
1996;207;12-15;15;16;31;SEC_207
2012;312;00-02;26;26;52;SEC_312
2008;246;03-11;44;41;85;SEC_246
2005;242;18-24;40;49;89;SEC_242
1994;607;18-24;94;96;190;SEC_607
2005;425;16-17;12;9;21;SEC_425
2009;426;03-11;54;47;101;SEC_426
2016;308;65-74;121;104;225;SEC_308
2004;619;16-17;15;9;24;SEC_619
2006;115;18-24;40;47;87;SEC_115
2002;625;03-11;41;43;84;SEC_625
1994;423;35-49;77;66;143;SEC_423
1996;401;12-15;23;31;54;SEC_401
2004;609;00-02;12;7;19;SEC_609
2016;607;00-02;14;11;25;SEC_607
1999;319;50-64;65;75;140;SEC_319
2012;532;16-17;12;17;29;SEC_532
2002;525;16-17;10;8;18;SEC_525
1994;227;03-11;15;15;30;SEC_227
2005;103;12-15;15;5;20;SEC_103
2010;610;03-11;42;54;96;SEC_610
2011;217;25-34;59;71;130;SEC_217
2004;409;65-74;41;33;74;SEC_409
2011;409;00-02;13;13;26;SEC_409
2011;410;00-02;15;17;32;SEC_410
1997;108;25-34;98;96;194;SEC_108
2016;319;03-11;90;114;204;SEC_319
2007;128;12-15;18;14;32;SEC_128
2005;517;03-11;49;69;118;SEC_517
2002;125;03-11;33;42;75;SEC_125
1998;324;00-02;11;10;21;SEC_324
2001;501;03-11;30;40;70;SEC_501
1998;125;75 i +;27;23;50;SEC_125
2004;624;35-49;80;104;184;SEC_624
1999;126;50-64;150;166;316;SEC_126
2010;117;75 i +;74;45;119;SEC_117
2011;607;25-34;63;89;152;SEC_607
2011;240;75 i +;60;38;98;SEC_240
2007;116;50-64;177;147;324;SEC_116
1998;604;18-24;48;61;109;SEC_604
2014;301;18-24;77;91;168;SEC_301
2002;504;00-02;9;6;15;SEC_504
1999;631;50-64;166;175;341;SEC_631
2000;436;03-11;24;23;47;SEC_436
2012;105;25-34;88;87;175;SEC_105
2007;422;00-02;20;17;37;SEC_422
2005;213;75 i +;48;28;76;SEC_213
2013;503;12-15;12;10;22;SEC_503
2004;431;00-02;28;25;53;SEC_431
2006;526;18-24;18;33;51;SEC_526
2006;442;12-15;8;10;18;SEC_442
2008;507;65-74;45;41;86;SEC_507
2009;415;03-11;31;50;81;SEC_415
2012;421;12-15;19;19;38;SEC_421
2008;508;65-74;40;25;65;SEC_508
2015;130;25-34;55;64;119;SEC_130
2012;625;03-11;38;54;92;SEC_625
2012;324;25-34;92;98;190;SEC_324
2016;214;00-02;43;40;83;SEC_214
2001;431;16-17;14;14;28;SEC_431
1995;311;03-11;42;45;87;SEC_311
1998;419;75 i +;40;20;60;SEC_419
2010;246;50-64;82;74;156;SEC_246
2011;508;25-34;52;53;105;SEC_508
1999;214;35-49;46;51;97;SEC_214
2004;138;35-49;90;79;169;SEC_138
2015;614;16-17;4;11;15;SEC_614
2011;122;12-15;13;12;25;SEC_122
2004;138;18-24;40;54;94;SEC_138
2002;201;18-24;27;30;57;SEC_201
2007;420;75 i +;69;35;104;SEC_420
2008;521;25-34;61;84;145;SEC_521
1994;428;25-34;59;58;117;SEC_428
1996;114;18-24;125;122;247;SEC_114
1995;309;16-17;11;11;22;SEC_309
2001;130;25-34;92;102;194;SEC_130
2013;502;03-11;58;60;118;SEC_502
2002;218;16-17;4;6;10;SEC_218
2002;308;03-11;66;75;141;SEC_308
2004;218;65-74;36;25;61;SEC_218
1995;131;12-15;57;43;100;SEC_131
2011;309;16-17;9;12;21;SEC_309
2007;509;65-74;42;36;78;SEC_509
2015;321;25-34;140;145;285;SEC_321
1998;627;50-64;100;117;217;SEC_627
1994;125;18-24;96;101;197;SEC_125
2011;504;25-34;74;72;146;SEC_504
1997;120;00-02;10;17;27;SEC_120
2006;526;12-15;14;17;31;SEC_526
2015;627;12-15;15;9;24;SEC_627
1999;412;65-74;91;91;182;SEC_412
1996;226;18-24;68;57;125;SEC_226
1996;510;00-02;7;10;17;SEC_510
2008;603;65-74;39;45;84;SEC_603
2011;132;75 i +;101;69;170;SEC_132
2011;215;00-02;13;17;30;SEC_215
2004;506;65-74;84;84;168;SEC_506
2004;213;25-34;94;101;195;SEC_213
2007;118;03-11;71;55;126;SEC_118
2010;321;65-74;95;105;200;SEC_321
2015;232;50-64;92;90;182;SEC_232
1998;325;18-24;116;123;239;SEC_325
2016;618;18-24;41;47;88;SEC_618
2011;126;75 i +;70;37;107;SEC_126
1997;223;18-24;49;47;96;SEC_223
2008;122;50-64;72;50;122;SEC_122
2000;525;03-11;30;25;55;SEC_525
2015;503;12-15;7;9;16;SEC_503
2007;114;25-34;148;142;290;SEC_114
2011;522;25-34;77;86;163;SEC_522
2016;538;75 i +;101;59;160;SEC_538
2006;203;25-34;88;112;200;SEC_203
2006;527;12-15;20;20;40;SEC_527
2005;133;18-24;39;32;71;SEC_133
2000;105;75 i +;48;23;71;SEC_105
2006;239;18-24;37;51;88;SEC_239
1997;201;35-49;62;43;105;SEC_201
2006;524;03-11;51;47;98;SEC_524
1999;416;18-24;29;34;63;SEC_416
1999;529;12-15;13;12;25;SEC_529
1998;507;12-15;17;17;34;SEC_507
2010;123;03-11;55;51;106;SEC_123
2008;404;00-02;27;27;54;SEC_404
2001;623;65-74;50;48;98;SEC_623
2012;201;35-49;156;162;318;SEC_201
2004;512;16-17;4;8;12;SEC_512
2008;212;18-24;58;71;129;SEC_212
2001;112;16-17;15;18;33;SEC_112
2004;115;65-74;70;44;114;SEC_115
1996;617;16-17;17;18;35;SEC_617
2005;128;35-49;96;104;200;SEC_128
2007;510;75 i +;67;36;103;SEC_510
2005;246;65-74;65;49;114;SEC_246
2010;135;75 i +;72;47;119;SEC_135
2013;315;75 i +;54;39;93;SEC_315
1995;520;03-11;32;37;69;SEC_520
1998;246;03-11;30;28;58;SEC_246
2009;440;25-34;80;79;159;SEC_440
2000;316;35-49;401;330;731;SEC_316
1995;613;25-34;109;123;232;SEC_613
2014;505;35-49;138;128;266;SEC_505
1997;624;12-15;32;30;62;SEC_624
2011;608;16-17;9;6;15;SEC_608
2000;137;75 i +;45;23;68;SEC_137
2005;402;03-11;32;33;65;SEC_402
2000;224;16-17;3;8;11;SEC_224
2011;401;35-49;140;136;276;SEC_401
2014;113;12-15;13;27;40;SEC_113
2003;202;35-49;72;78;150;SEC_202
2014;533;00-02;29;34;63;SEC_533
2000;503;03-11;26;40;66;SEC_503
2008;133;12-15;7;14;21;SEC_133
2008;314;03-11;67;89;156;SEC_314
1994;624;50-64;125;131;256;SEC_624
1999;515;18-24;30;22;52;SEC_515
2011;403;16-17;7;5;12;SEC_403
2002;413;35-49;50;69;119;SEC_413
2000;204;50-64;48;39;87;SEC_204
2008;112;25-34;147;114;261;SEC_112
2006;628;75 i +;40;27;67;SEC_628
1994;237;00-02;12;8;20;SEC_237
2014;221;65-74;90;74;164;SEC_221
2004;605;75 i +;31;21;52;SEC_605
2012;401;65-74;51;52;103;SEC_401
2006;137;03-11;47;56;103;SEC_137
2012;430;25-34;98;109;207;SEC_430
1994;248;00-02;13;4;17;SEC_248
2008;419;35-49;118;144;262;SEC_419
2012;108;18-24;42;44;86;SEC_108
2001;436;35-49;74;93;167;SEC_436
2013;402;16-17;8;3;11;SEC_402
2004;533;75 i +;33;28;61;SEC_533
2015;229;00-02;26;32;58;SEC_229
2012;404;18-24;47;66;113;SEC_404
2008;422;35-49;131;160;291;SEC_422
2002;101;16-17;14;19;33;SEC_101
1995;318;25-34;80;59;139;SEC_318
1996;627;18-24;98;103;201;SEC_627
2000;437;50-64;78;64;142;SEC_437
1996;118;35-49;276;260;536;SEC_118
1999;425;50-64;91;86;177;SEC_425
1998;511;25-34;59;75;134;SEC_511
1999;538;00-02;12;7;19;SEC_538
2013;221;50-64;155;138;293;SEC_221
2002;225;65-74;39;30;69;SEC_225
2001;432;75 i +;38;32;70;SEC_432
2005;119;65-74;59;51;110;SEC_119
1995;525;12-15;14;31;45;SEC_525
1997;128;75 i +;30;20;50;SEC_128
2014;213;12-15;4;31;35;SEC_213
1998;527;35-49;74;102;176;SEC_527
1996;215;25-34;79;70;149;SEC_215
1998;227;65-74;59;46;105;SEC_227
2007;615;00-02;8;12;20;SEC_615
2000;411;25-34;65;77;142;SEC_411
2013;601;35-49;216;278;494;SEC_601
2010;204;00-02;12;8;20;SEC_204
1998;522;18-24;31;44;75;SEC_522
2015;409;65-74;92;72;164;SEC_409
1996;441;75 i +;44;33;77;SEC_441
1997;325;75 i +;128;65;193;SEC_325
2003;109;65-74;54;43;97;SEC_109
2002;415;35-49;72;80;152;SEC_415
2014;528;12-15;25;21;46;SEC_528
2016;232;16-17;9;9;18;SEC_232
1998;207;03-11;19;16;35;SEC_207
2002;220;16-17;5;6;11;SEC_220
1998;132;18-24;147;164;311;SEC_132
2015;121;35-49;122;122;244;SEC_121
2003;403;03-11;22;20;42;SEC_403
2011;507;00-02;15;10;25;SEC_507
2009;437;75 i +;41;29;70;SEC_437
2008;535;18-24;44;45;89;SEC_535
1995;434;16-17;9;10;19;SEC_434
1999;220;50-64;76;59;135;SEC_220
2015;130;35-49;142;133;275;SEC_130
2001;109;35-49;126;128;254;SEC_109
1994;232;65-74;76;65;141;SEC_232
1998;106;03-11;69;70;139;SEC_106
2010;135;00-02;19;17;36;SEC_135
2008;229;75 i +;55;38;93;SEC_229
2009;308;03-11;98;120;218;SEC_308
2013;117;75 i +;73;50;123;SEC_117
2014;608;12-15;25;17;42;SEC_608
2009;117;50-64;236;226;462;SEC_117
1996;526;00-02;13;3;16;SEC_526
2007;124;00-02;13;14;27;SEC_124
2009;113;03-11;48;74;122;SEC_113
1999;428;65-74;46;34;80;SEC_428
2007;622;00-02;9;13;22;SEC_622
2002;430;35-49;93;93;186;SEC_430
2005;624;25-34;99;134;233;SEC_624
2016;104;18-24;33;29;62;SEC_104
2009;516;65-74;38;23;61;SEC_516
1995;433;65-74;55;36;91;SEC_433
2015;234;16-17;8;10;18;SEC_234
1998;124;18-24;54;49;103;SEC_124
1999;422;00-02;11;10;21;SEC_422
2001;626;18-24;40;46;86;SEC_626
2000;427;16-17;8;8;16;SEC_427
1998;312;75 i +;42;32;74;SEC_312
2004;238;00-02;10;11;21;SEC_238
2000;102;00-02;20;21;41;SEC_102
2009;430;18-24;40;49;89;SEC_430
2010;504;00-02;11;17;28;SEC_504
1999;526;12-15;8;10;18;SEC_526
2001;422;25-34;78;76;154;SEC_422
2008;221;18-24;51;48;99;SEC_221
2016;139;75 i +;41;25;66;SEC_139
2003;440;50-64;141;122;263;SEC_440
2015;327;50-64;173;140;313;SEC_327
2016;209;12-15;14;19;33;SEC_209
2002;222;16-17;6;8;14;SEC_222
1994;315;35-49;175;183;358;SEC_315
2006;434;00-02;8;8;16;SEC_434
2008;133;35-49;89;104;193;SEC_133
2007;617;00-02;11;10;21;SEC_617
2013;204;16-17;14;9;23;SEC_204
2012;319;03-11;96;118;214;SEC_319
2000;126;18-24;66;49;115;SEC_126
2000;131;35-49;157;149;306;SEC_131
2012;307;25-34;106;92;198;SEC_307
2009;201;25-34;102;98;200;SEC_201
2009;535;12-15;13;15;28;SEC_535
2000;310;03-11;29;33;62;SEC_310
2010;122;16-17;7;3;10;SEC_122
2006;626;16-17;12;5;17;SEC_626
1997;201;25-34;49;65;114;SEC_201
2010;321;16-17;16;24;40;SEC_321
2000;211;12-15;14;18;32;SEC_211
1997;517;18-24;57;72;129;SEC_517
2003;628;03-11;33;37;70;SEC_628
1995;611;00-02;16;13;29;SEC_611
2001;101;03-11;53;61;114;SEC_101
2013;324;18-24;31;37;68;SEC_324
2012;234;50-64;76;75;151;SEC_234
2009;501;75 i +;30;18;48;SEC_501
1996;126;18-24;115;109;224;SEC_126
1999;207;18-24;29;28;57;SEC_207
2003;632;12-15;16;18;34;SEC_632
2014;432;03-11;50;45;95;SEC_432
2010;208;16-17;5;18;23;SEC_208
2010;115;35-49;149;149;298;SEC_115
1996;138;50-64;80;73;153;SEC_138
2001;604;18-24;35;45;80;SEC_604
2006;520;12-15;15;12;27;SEC_520
1995;426;25-34;88;91;179;SEC_426
2009;527;75 i +;57;31;88;SEC_527
1999;413;18-24;24;24;48;SEC_413
1998;407;16-17;6;9;15;SEC_407
2015;533;03-11;80;96;176;SEC_533
2006;128;00-02;9;11;20;SEC_128
2003;114;25-34;151;144;295;SEC_114
2013;137;18-24;53;50;103;SEC_137
2015;311;50-64;114;96;210;SEC_311
2008;125;12-15;23;25;48;SEC_125
1995;501;12-15;47;48;95;SEC_501
2014;104;12-15;12;20;32;SEC_104
1994;110;18-24;121;111;232;SEC_110
2015;538;50-64;111;93;204;SEC_538
1997;622;65-74;43;26;69;SEC_622
1997;137;75 i +;35;12;47;SEC_137
2007;216;35-49;146;147;293;SEC_216
2000;418;18-24;57;51;108;SEC_418
1996;239;00-02;9;13;22;SEC_239
2000;221;65-74;75;72;147;SEC_221
2013;130;25-34;57;43;100;SEC_130
1997;215;50-64;90;70;160;SEC_215
2001;320;16-17;3;5;8;SEC_320
1998;501;75 i +;21;11;32;SEC_501
2000;229;18-24;28;26;54;SEC_229
1999;113;65-74;50;33;83;SEC_113
2003;501;75 i +;17;6;23;SEC_501
1999;523;35-49;104;115;219;SEC_523
2009;112;16-17;16;20;36;SEC_112
2014;236;18-24;55;36;91;SEC_236
2011;212;16-17;4;14;18;SEC_212
1998;430;18-24;49;39;88;SEC_430
2014;619;18-24;33;36;69;SEC_619
2000;622;75 i +;36;10;46;SEC_622
2002;106;12-15;37;32;69;SEC_106
2015;240;50-64;144;148;292;SEC_240
2007;125;50-64;178;158;336;SEC_125
2015;616;00-02;25;25;50;SEC_616
2008;237;16-17;11;12;23;SEC_237
2012;212;00-02;27;22;49;SEC_212
2001;502;25-34;107;137;244;SEC_502
2004;431;18-24;77;83;160;SEC_431
2009;518;18-24;53;57;110;SEC_518
2015;630;65-74;75;65;140;SEC_630
2001;619;75 i +;50;34;84;SEC_619
1997;308;12-15;29;33;62;SEC_308
1997;630;16-17;21;26;47;SEC_630
1997;435;35-49;69;100;169;SEC_435
2015;128;65-74;62;41;103;SEC_128
2010;430;16-17;12;8;20;SEC_430
2010;212;03-11;60;58;118;SEC_212
1997;431;25-34;103;109;212;SEC_431
2005;511;50-64;45;45;90;SEC_511
2012;513;16-17;5;8;13;SEC_513
1996;530;03-11;45;41;86;SEC_530
2011;605;50-64;53;35;88;SEC_605
2010;301;75 i +;131;78;209;SEC_301
1998;437;35-49;75;75;150;SEC_437
2007;608;03-11;24;28;52;SEC_608
2016;537;00-02;22;14;36;SEC_537
1998;132;03-11;83;76;159;SEC_132
2000;441;75 i +;74;51;125;SEC_441
1999;206;12-15;12;16;28;SEC_206
2013;117;00-02;18;34;52;SEC_117
2005;513;18-24;30;11;41;SEC_513
2012;624;75 i +;57;31;88;SEC_624
1998;611;75 i +;51;32;83;SEC_611
1996;227;12-15;9;9;18;SEC_227
1998;405;35-49;47;66;113;SEC_405
2008;312;16-17;14;14;28;SEC_312
2004;132;25-34;176;214;390;SEC_132
2008;425;35-49;118;130;248;SEC_425
2013;102;16-17;9;18;27;SEC_102
2005;421;65-74;93;67;160;SEC_421
2008;426;75 i +;56;32;88;SEC_426
2004;116;03-11;53;43;96;SEC_116
2010;136;12-15;18;20;38;SEC_136
2013;231;03-11;62;64;126;SEC_231
2009;532;35-49;155;164;319;SEC_532
1995;116;03-11;63;52;115;SEC_116
2010;120;75 i +;62;29;91;SEC_120
2011;219;25-34;99;112;211;SEC_219
1999;221;03-11;43;50;93;SEC_221
2014;315;16-17;16;24;40;SEC_315
1995;130;25-34;78;96;174;SEC_130
1998;419;35-49;55;70;125;SEC_419
2007;623;75 i +;56;31;87;SEC_623
1994;213;75 i +;21;11;32;SEC_213
2004;420;16-17;8;16;24;SEC_420
2011;606;65-74;70;50;120;SEC_606
1999;202;16-17;3;7;10;SEC_202
2005;604;12-15;11;12;23;SEC_604
2008;504;75 i +;65;52;117;SEC_504
2010;207;65-74;30;31;61;SEC_207
1997;507;65-74;37;34;71;SEC_507
1996;433;65-74;59;38;97;SEC_433
1995;227;25-34;50;43;93;SEC_227
2016;134;16-17;20;10;30;SEC_134
2013;120;03-11;50;94;144;SEC_120
2012;107;00-02;16;23;39;SEC_107
1999;613;18-24;78;81;159;SEC_613
2013;127;50-64;80;73;153;SEC_127
2010;125;16-17;12;11;23;SEC_125
2011;432;25-34;81;108;189;SEC_432
2013;210;65-74;56;50;106;SEC_210
1999;111;35-49;99;89;188;SEC_111
1995;521;16-17;28;34;62;SEC_521
2005;307;18-24;58;62;120;SEC_307
2002;117;00-02;26;32;58;SEC_117
2010;505;12-15;9;8;17;SEC_505
2001;210;25-34;58;66;124;SEC_210
2002;517;12-15;18;19;37;SEC_517
1999;509;75 i +;40;14;54;SEC_509
2013;521;75 i +;60;51;111;SEC_521
2003;324;12-15;16;18;34;SEC_324
2012;508;25-34;56;70;126;SEC_508
2005;401;18-24;56;66;122;SEC_401
2008;536;18-24;26;25;51;SEC_536
1995;619;16-17;25;30;55;SEC_619
2000;220;12-15;6;8;14;SEC_220
2013;609;50-64;59;40;99;SEC_609
2006;105;65-74;35;33;68;SEC_105
2001;314;16-17;36;37;73;SEC_314
2012;247;18-24;52;58;110;SEC_247
1997;212;03-11;37;50;87;SEC_212
2004;111;03-11;16;27;43;SEC_111
2009;508;16-17;6;8;14;SEC_508
1995;202;35-49;61;61;122;SEC_202
2006;518;65-74;84;72;156;SEC_518
2004;318;12-15;23;22;45;SEC_318
2007;214;75 i +;29;18;47;SEC_214
2013;327;50-64;169;135;304;SEC_327
2011;421;18-24;45;47;92;SEC_421
2010;523;00-02;19;27;46;SEC_523
2013;621;12-15;17;31;48;SEC_621
1997;621;75 i +;24;13;37;SEC_621
2001;311;18-24;50;68;118;SEC_311
2008;223;03-11;48;54;102;SEC_223
1994;124;12-15;24;30;54;SEC_124
2005;609;75 i +;30;23;53;SEC_609
2013;209;18-24;37;43;80;SEC_209
2014;221;12-15;34;35;69;SEC_221
2004;208;50-64;199;155;354;SEC_208
2009;321;65-74;88;99;187;SEC_321
1997;105;03-11;50;68;118;SEC_105
1994;607;35-49;86;87;173;SEC_607
1999;629;03-11;20;18;38;SEC_629
2005;237;12-15;17;17;34;SEC_237
2001;220;16-17;7;5;12;SEC_220
2010;104;50-64;77;57;134;SEC_104
2008;605;50-64;60;32;92;SEC_605
2014;518;65-74;62;32;94;SEC_518
2013;111;25-34;41;43;84;SEC_111
2015;123;50-64;127;120;247;SEC_123
1996;236;50-64;119;116;235;SEC_236
2002;238;12-15;11;12;23;SEC_238
2005;504;00-02;10;10;20;SEC_504
2006;616;50-64;235;242;477;SEC_616
1998;241;18-24;33;21;54;SEC_241
2004;420;18-24;71;74;145;SEC_420
2002;302;75 i +;51;27;78;SEC_302
2008;415;50-64;52;40;92;SEC_415
1999;201;35-49;51;51;102;SEC_201
2012;131;18-24;49;46;95;SEC_131
1995;305;50-64;98;119;217;SEC_305
2008;140;35-49;114;151;265;SEC_140
1994;613;03-11;43;42;85;SEC_613
1996;421;16-17;16;18;34;SEC_421
2009;432;35-49;118;127;245;SEC_432
2016;315;00-02;26;18;44;SEC_315
2004;216;35-49;138;116;254;SEC_216
2003;121;75 i +;56;40;96;SEC_121
2015;609;35-49;108;105;213;SEC_609
1994;116;00-02;15;16;31;SEC_116
1997;507;03-11;34;34;68;SEC_507
2001;442;75 i +;29;23;52;SEC_442
1997;226;25-34;65;73;138;SEC_226
2004;405;18-24;31;29;60;SEC_405
1994;417;65-74;42;31;73;SEC_417
2003;208;25-34;127;127;254;SEC_208
2011;610;16-17;12;13;25;SEC_610
1996;315;35-49;164;165;329;SEC_315
2007;236;12-15;21;15;36;SEC_236
2000;115;50-64;115;125;240;SEC_115
2002;311;50-64;127;108;235;SEC_311
1994;204;35-49;49;42;91;SEC_204
2006;611;18-24;64;57;121;SEC_611
2001;504;75 i +;51;39;90;SEC_504
2011;603;50-64;50;42;92;SEC_603
2004;205;03-11;31;23;54;SEC_205
1997;627;18-24;105;106;211;SEC_627
2003;113;16-17;27;24;51;SEC_113
2003;520;16-17;6;8;14;SEC_520
2005;317;50-64;65;80;145;SEC_317
2003;531;25-34;88;105;193;SEC_531
2005;538;65-74;82;72;154;SEC_538
1994;321;03-11;105;108;213;SEC_321
2009;520;00-02;19;9;28;SEC_520
2008;125;25-34;127;168;295;SEC_125
2013;518;35-49;136;147;283;SEC_518
1997;513;00-02;6;6;12;SEC_513
2008;302;35-49;131;165;296;SEC_302
2006;237;18-24;65;60;125;SEC_237
2009;136;75 i +;63;36;99;SEC_136
2012;416;25-34;56;56;112;SEC_416
1996;509;18-24;51;57;108;SEC_509
2010;103;25-34;66;74;140;SEC_103
2012;605;00-02;10;14;24;SEC_605
2014;129;50-64;85;81;166;SEC_129
2004;117;18-24;109;111;220;SEC_117
1997;101;18-24;68;62;130;SEC_101
2005;419;12-15;11;11;22;SEC_419
1996;325;18-24;113;136;249;SEC_325
1999;321;00-02;37;24;61;SEC_321
2004;301;12-15;35;41;76;SEC_301
2001;527;65-74;69;45;114;SEC_527
2007;325;35-49;196;172;368;SEC_325
2007;305;75 i +;101;56;157;SEC_305
1999;322;35-49;107;112;219;SEC_322
1998;131;12-15;31;32;63;SEC_131
2011;506;75 i +;102;67;169;SEC_506
2011;208;75 i +;233;122;355;SEC_208
2002;614;75 i +;31;19;50;SEC_614
2010;108;12-15;21;26;47;SEC_108
2005;306;65-74;88;64;152;SEC_306
2014;440;25-34;59;58;117;SEC_440
2000;628;25-34;103;102;205;SEC_628
2014;109;12-15;26;22;48;SEC_109
2016;216;65-74;69;52;121;SEC_216
2000;226;35-49;110;94;204;SEC_226
1996;620;65-74;13;16;29;SEC_620
2001;207;18-24;29;31;60;SEC_207
2003;119;03-11;30;38;68;SEC_119
2015;625;35-49;113;110;223;SEC_625
2006;614;18-24;26;39;65;SEC_614
2016;619;03-11;51;52;103;SEC_619
2011;244;03-11;28;30;58;SEC_244
2001;231;50-64;93;77;170;SEC_231
2015;632;03-11;41;55;96;SEC_632
2000;310;00-02;9;11;20;SEC_310
1994;513;35-49;60;65;125;SEC_513
2001;319;03-11;21;32;53;SEC_319
2004;215;03-11;30;34;64;SEC_215
1994;118;18-24;119;131;250;SEC_118
1997;231;00-02;8;10;18;SEC_231
2008;129;12-15;19;16;35;SEC_129
2009;630;25-34;80;100;180;SEC_630
2014;107;03-11;74;83;157;SEC_107
1997;214;25-34;61;69;130;SEC_214
2016;435;18-24;33;50;83;SEC_435
2002;325;18-24;87;77;164;SEC_325
2003;313;25-34;177;161;338;SEC_313
2010;439;12-15;19;24;43;SEC_439
2007;501;16-17;9;11;20;SEC_501
2015;514;50-64;118;105;223;SEC_514
2007;245;03-11;46;39;85;SEC_245
2007;508;35-49;55;78;133;SEC_508
2006;226;50-64;89;82;171;SEC_226
2008;602;35-49;66;75;141;SEC_602
2015;506;12-15;32;34;66;SEC_506
2005;617;35-49;91;98;189;SEC_617
2002;314;50-64;183;200;383;SEC_314
2003;137;03-11;56;64;120;SEC_137
2001;412;25-34;110;144;254;SEC_412
1995;119;35-49;203;171;374;SEC_119
2008;507;25-34;68;96;164;SEC_507
2006;107;12-15;16;27;43;SEC_107
2003;226;16-17;12;8;20;SEC_226
2007;441;35-49;212;199;411;SEC_441
1996;240;16-17;4;5;9;SEC_240
2011;319;00-02;29;39;68;SEC_319
1994;505;50-64;165;201;366;SEC_505
2009;505;75 i +;60;48;108;SEC_505
2003;311;00-02;15;25;40;SEC_311
2011;431;50-64;109;107;216;SEC_431
1999;242;18-24;38;36;74;SEC_242
1995;606;35-49;74;79;153;SEC_606
2009;128;35-49;133;137;270;SEC_128
1999;529;35-49;82;85;167;SEC_529
2011;411;75 i +;96;71;167;SEC_411
2004;511;03-11;27;24;51;SEC_511
2010;501;12-15;12;20;32;SEC_501
2000;510;75 i +;47;28;75;SEC_510
2002;225;75 i +;47;32;79;SEC_225
2008;304;18-24;61;61;122;SEC_304
1996;523;16-17;10;20;30;SEC_523
2004;318;00-02;4;12;16;SEC_318
2012;521;65-74;84;97;181;SEC_521
1997;432;50-64;137;141;278;SEC_432
2016;135;12-15;18;27;45;SEC_135
2013;117;50-64;236;214;450;SEC_117
2004;314;00-02;23;32;55;SEC_314
1999;507;35-49;82;79;161;SEC_507
2004;609;18-24;34;26;60;SEC_609
2004;413;35-49;57;75;132;SEC_413
2006;414;25-34;95;84;179;SEC_414
1994;208;18-24;94;112;206;SEC_208
1996;101;65-74;34;37;71;SEC_101
2016;139;50-64;91;83;174;SEC_139
1996;214;12-15;9;16;25;SEC_214
1999;424;35-49;46;46;92;SEC_424
2015;220;16-17;9;13;22;SEC_220
2010;410;75 i +;129;103;232;SEC_410
2007;409;35-49;88;82;170;SEC_409
2006;107;65-74;100;87;187;SEC_107
2008;202;65-74;34;32;66;SEC_202
2003;133;65-74;50;34;84;SEC_133
2009;442;12-15;16;15;31;SEC_442
1995;302;35-49;209;192;401;SEC_302
2011;627;00-02;9;17;26;SEC_627
2015;111;50-64;99;71;170;SEC_111
2009;224;75 i +;40;22;62;SEC_224
1995;140;16-17;16;20;36;SEC_140
2015;112;35-49;193;178;371;SEC_112
2007;428;75 i +;36;24;60;SEC_428
2003;515;12-15;12;14;26;SEC_515
2007;624;75 i +;36;23;59;SEC_624
2008;611;35-49;205;272;477;SEC_611
2011;431;12-15;25;29;54;SEC_431
2012;133;00-02;17;12;29;SEC_133
2000;103;16-17;7;9;16;SEC_103
2012;205;25-34;73;63;136;SEC_205
1994;225;65-74;56;38;94;SEC_225
2011;632;18-24;26;34;60;SEC_632
2016;508;35-49;175;191;366;SEC_508
2002;242;25-34;75;84;159;SEC_242
2002;531;03-11;22;39;61;SEC_531
1996;224;18-24;32;27;59;SEC_224
2009;520;35-49;95;92;187;SEC_520
2007;113;65-74;49;45;94;SEC_113
2004;536;18-24;37;40;77;SEC_536
2015;533;16-17;19;13;32;SEC_533
1996;628;18-24;114;124;238;SEC_628
1996;323;65-74;48;35;83;SEC_323
2003;527;03-11;38;22;60;SEC_527
2013;125;16-17;10;12;22;SEC_125
2012;226;16-17;9;9;18;SEC_226
2010;306;18-24;61;71;132;SEC_306
2014;138;75 i +;43;32;75;SEC_138
2003;605;35-49;48;45;93;SEC_605
2013;103;65-74;35;26;61;SEC_103
2007;133;65-74;47;34;81;SEC_133
2005;315;12-15;24;30;54;SEC_315
2002;528;18-24;46;70;116;SEC_528
2010;228;00-02;20;15;35;SEC_228
2012;204;12-15;12;4;16;SEC_204
1996;139;16-17;15;11;26;SEC_139
2008;616;00-02;35;35;70;SEC_616
2004;601;65-74;75;86;161;SEC_601
2004;223;16-17;5;7;12;SEC_223
2010;604;18-24;28;42;70;SEC_604
1996;429;00-02;2;9;11;SEC_429
2014;617;50-64;80;63;143;SEC_617
2004;506;35-49;183;186;369;SEC_506
2004;101;65-74;45;43;88;SEC_101
1994;631;16-17;22;35;57;SEC_631
2010;501;35-49;106;107;213;SEC_501
2010;521;12-15;14;14;28;SEC_521
1996;622;75 i +;35;12;47;SEC_622
1998;221;75 i +;42;29;71;SEC_221
2013;525;00-02;23;19;42;SEC_525
2016;523;16-17;12;10;22;SEC_523
2016;302;25-34;94;92;186;SEC_302
1996;428;65-74;35;35;70;SEC_428
1997;220;03-11;20;27;47;SEC_220
1997;120;16-17;17;22;39;SEC_120
1996;305;12-15;29;36;65;SEC_305
2016;237;16-17;8;19;27;SEC_237
2005;219;00-02;15;19;34;SEC_219
1995;127;03-11;55;40;95;SEC_127
2008;105;16-17;8;21;29;SEC_105
2007;109;25-34;82;78;160;SEC_109
1994;219;50-64;127;110;237;SEC_219
2001;115;25-34;100;128;228;SEC_115
2006;136;18-24;45;38;83;SEC_136
2012;120;12-15;33;45;78;SEC_120
1996;109;00-02;10;13;23;SEC_109
2014;209;16-17;5;7;12;SEC_209
2009;537;18-24;60;42;102;SEC_537
2011;519;75 i +;40;31;71;SEC_519
2015;610;65-74;142;100;242;SEC_610
1994;524;03-11;36;56;92;SEC_524
2009;628;03-11;35;49;84;SEC_628
2004;226;65-74;74;49;123;SEC_226
2007;107;16-17;11;21;32;SEC_107
1997;417;50-64;72;56;128;SEC_417
2002;123;00-02;16;13;29;SEC_123
2006;601;35-49;131;153;284;SEC_601
1999;102;00-02;17;19;36;SEC_102
2008;131;25-34;129;140;269;SEC_131
2013;403;03-11;50;43;93;SEC_403
2007;407;25-34;103;118;221;SEC_407
2002;138;03-11;29;36;65;SEC_138
2005;324;35-49;114;119;233;SEC_324
2001;505;00-02;9;3;12;SEC_505
2010;423;50-64;75;58;133;SEC_423
2003;413;16-17;3;6;9;SEC_413
2001;104;16-17;3;3;6;SEC_104
1997;434;50-64;48;45;93;SEC_434
2004;517;75 i +;50;23;73;SEC_517
2011;207;03-11;34;28;62;SEC_207
2006;320;75 i +;33;15;48;SEC_320
2008;101;16-17;11;14;25;SEC_101
2007;522;00-02;20;26;46;SEC_522
2013;528;03-11;53;53;106;SEC_528
1998;245;35-49;97;90;187;SEC_245
2005;229;16-17;10;6;16;SEC_229
2007;319;25-34;188;209;397;SEC_319
2000;236;25-34;72;77;149;SEC_236
2005;501;18-24;51;61;112;SEC_501
2005;515;18-24;27;30;57;SEC_515
2007;322;65-74;58;47;105;SEC_322
1994;117;00-02;20;24;44;SEC_117
2005;513;50-64;56;46;102;SEC_513
2000;425;50-64;89;80;169;SEC_425
2013;327;00-02;10;13;23;SEC_327
1994;426;00-02;14;12;26;SEC_426
1994;622;00-02;16;9;25;SEC_622
2016;534;18-24;35;28;63;SEC_534
2008;134;50-64;126;108;234;SEC_134
1999;521;35-49;115;77;192;SEC_521
2003;204;03-11;17;11;28;SEC_204
2012;303;50-64;116;106;222;SEC_303
1996;609;25-34;72;86;158;SEC_609
2011;627;25-34;76;82;158;SEC_627
2002;119;65-74;72;55;127;SEC_119
2015;624;25-34;54;52;106;SEC_624
1994;412;65-74;74;70;144;SEC_412
2016;323;00-02;24;26;50;SEC_323
2010;421;65-74;81;59;140;SEC_421
2009;101;18-24;48;45;93;SEC_101
2005;602;18-24;20;27;47;SEC_602
2016;127;75 i +;41;35;76;SEC_127
2015;210;00-02;8;9;17;SEC_210
1999;230;25-34;81;75;156;SEC_230
2005;215;16-17;6;8;14;SEC_215
2010;204;50-64;44;35;79;SEC_204
2011;303;18-24;48;37;85;SEC_303
1997;246;65-74;79;61;140;SEC_246
1999;239;75 i +;58;46;104;SEC_239
2003;426;18-24;53;59;112;SEC_426
1995;236;03-11;34;28;62;SEC_236
1994;132;75 i +;57;25;82;SEC_132
2014;320;65-74;94;83;177;SEC_320
1999;202;03-11;13;21;34;SEC_202
2005;404;03-11;59;56;115;SEC_404
2003;514;50-64;53;41;94;SEC_514
2004;507;65-74;36;34;70;SEC_507
2012;132;00-02;23;32;55;SEC_132
1998;408;25-34;69;88;157;SEC_408
2005;408;50-64;84;69;153;SEC_408
2015;441;65-74;122;101;223;SEC_441
2015;631;65-74;120;98;218;SEC_631
2010;130;35-49;138;145;283;SEC_130
2001;223;12-15;15;11;26;SEC_223
1994;506;75 i +;43;22;65;SEC_506
2006;520;03-11;25;40;65;SEC_520
2007;433;25-34;143;187;330;SEC_433
2014;518;25-34;74;56;130;SEC_518
2011;406;16-17;7;16;23;SEC_406
1997;512;35-49;70;65;135;SEC_512
2001;622;50-64;80;79;159;SEC_622
2013;229;50-64;121;114;235;SEC_229
1999;116;35-49;162;139;301;SEC_116
2006;204;16-17;8;6;14;SEC_204
1996;627;12-15;47;44;91;SEC_627
2010;319;18-24;46;63;109;SEC_319
2009;524;25-34;143;147;290;SEC_524
2009;228;18-24;41;55;96;SEC_228
2001;229;65-74;55;47;102;SEC_229
2006;312;00-02;17;21;38;SEC_312
1995;404;18-24;79;72;151;SEC_404
1995;318;65-74;21;17;38;SEC_318
2002;423;35-49;92;94;186;SEC_423
2002;129;25-34;98;128;226;SEC_129
2016;131;50-64;130;111;241;SEC_131
2016;609;18-24;28;29;57;SEC_609
2009;438;12-15;10;15;25;SEC_438
2008;412;65-74;109;94;203;SEC_412
1997;631;75 i +;25;17;42;SEC_631
2008;510;00-02;15;11;26;SEC_510
2001;411;03-11;30;25;55;SEC_411
1999;247;50-64;101;95;196;SEC_247
1996;126;50-64;146;167;313;SEC_126
2015;525;18-24;35;41;76;SEC_525
2016;523;35-49;186;180;366;SEC_523
2002;536;50-64;94;75;169;SEC_536
2006;537;65-74;71;69;140;SEC_537
2004;204;00-02;9;4;13;SEC_204
1995;214;65-74;42;35;77;SEC_214
2015;237;16-17;9;21;30;SEC_237
2010;442;25-34;47;57;104;SEC_442
2006;236;35-49;123;132;255;SEC_236
1998;102;50-64;206;215;421;SEC_102
2005;202;75 i +;31;28;59;SEC_202
2013;135;03-11;43;60;103;SEC_135
2005;136;16-17;10;10;20;SEC_136
2012;320;25-34;53;73;126;SEC_320
2004;244;03-11;17;21;38;SEC_244
1996;441;50-64;164;168;332;SEC_441
2011;416;75 i +;51;45;96;SEC_416
2007;524;12-15;22;23;45;SEC_524
1998;103;03-11;24;24;48;SEC_103
1996;206;03-11;26;20;46;SEC_206
1998;325;00-02;19;14;33;SEC_325
2014;105;03-11;55;57;112;SEC_105
2014;538;18-24;44;49;93;SEC_538
2006;404;65-74;82;65;147;SEC_404
2014;514;75 i +;89;61;150;SEC_514
2012;206;65-74;47;34;81;SEC_206
1995;521;50-64;121;170;291;SEC_521
2014;214;50-64;156;144;300;SEC_214
2016;416;03-11;62;72;134;SEC_416
1994;131;12-15;57;57;114;SEC_131
2012;126;65-74;89;90;179;SEC_126
2000;630;00-02;6;8;14;SEC_630
1995;526;00-02;12;8;20;SEC_526
2003;102;03-11;59;68;127;SEC_102
2006;308;65-74;95;83;178;SEC_308
2011;222;03-11;37;38;75;SEC_222
2000;415;18-24;35;35;70;SEC_415
2004;441;00-02;24;20;44;SEC_441
2001;523;03-11;33;44;77;SEC_523
1997;320;00-02;3;5;8;SEC_320
2010;602;00-02;9;6;15;SEC_602
2007;510;25-34;82;103;185;SEC_510
2015;506;50-64;203;147;350;SEC_506
2009;301;00-02;57;57;114;SEC_301
2010;217;16-17;7;6;13;SEC_217
2016;518;03-11;54;51;105;SEC_518
1999;217;25-34;42;60;102;SEC_217
1995;322;65-74;54;57;111;SEC_322
2016;212;65-74;63;46;109;SEC_212
2009;602;35-49;70;71;141;SEC_602
2016;534;16-17;4;9;13;SEC_534
2012;630;16-17;4;6;10;SEC_630
2003;413;35-49;49;67;116;SEC_413
2016;208;50-64;167;146;313;SEC_208
2006;626;18-24;28;27;55;SEC_626
2005;110;75 i +;58;29;87;SEC_110
1994;209;16-17;10;10;20;SEC_209
2000;104;25-34;77;84;161;SEC_104
2005;507;12-15;14;14;28;SEC_507
2008;214;25-34;110;113;223;SEC_214
2001;408;16-17;9;7;16;SEC_408
2016;426;16-17;15;8;23;SEC_426
2014;436;03-11;81;73;154;SEC_436
2005;429;50-64;56;56;112;SEC_429
2005;315;75 i +;66;33;99;SEC_315
2002;422;03-11;33;37;70;SEC_422
1998;248;65-74;79;56;135;SEC_248
2011;536;35-49;108;120;228;SEC_536
2014;421;65-74;80;54;134;SEC_421
2004;508;16-17;6;4;10;SEC_508
2009;614;50-64;101;87;188;SEC_614
2008;608;18-24;23;32;55;SEC_608
2007;121;50-64;41;42;83;SEC_121
2010;512;25-34;88;91;179;SEC_512
2013;226;35-49;248;237;485;SEC_226
2014;318;16-17;10;7;17;SEC_318
2000;121;12-15;8;8;16;SEC_121
2010;402;16-17;11;6;17;SEC_402
2012;309;75 i +;41;15;56;SEC_309
2012;528;12-15;21;22;43;SEC_528
2013;321;50-64;302;260;562;SEC_321
2007;305;50-64;163;160;323;SEC_305
1996;508;50-64;64;59;123;SEC_508
2003;113;25-34;117;138;255;SEC_113
2006;122;16-17;10;1;11;SEC_122
2007;115;75 i +;75;37;112;SEC_115
1997;411;16-17;13;11;24;SEC_411
2015;131;00-02;21;13;34;SEC_131
2008;504;18-24;31;51;82;SEC_504
2004;307;12-15;12;32;44;SEC_307
2002;604;00-02;4;9;13;SEC_604
1999;504;65-74;70;67;137;SEC_504
2008;441;16-17;14;24;38;SEC_441
1995;303;35-49;128;119;247;SEC_303
1995;624;03-11;38;46;84;SEC_624
2015;220;75 i +;94;60;154;SEC_220
1999;213;12-15;17;18;35;SEC_213
2012;629;75 i +;30;25;55;SEC_629
1996;104;00-02;7;8;15;SEC_104
2016;611;00-02;24;17;41;SEC_611
1998;408;75 i +;33;17;50;SEC_408
2011;216;50-64;117;101;218;SEC_216
2013;538;75 i +;96;64;160;SEC_538
2012;103;12-15;17;19;36;SEC_103
2006;403;35-49;100;115;215;SEC_403
2015;204;12-15;29;17;46;SEC_204
1995;238;00-02;3;10;13;SEC_238
2009;618;00-02;3;7;10;SEC_618
2004;621;65-74;51;47;98;SEC_621
2007;609;18-24;31;31;62;SEC_609
2008;240;00-02;16;10;26;SEC_240
2003;301;35-49;245;221;466;SEC_301
1997;618;18-24;57;54;111;SEC_618
2013;128;00-02;18;12;30;SEC_128
2010;221;65-74;56;49;105;SEC_221
1997;216;18-24;82;94;176;SEC_216
2011;617;50-64;88;82;170;SEC_617
2000;318;25-34;54;62;116;SEC_318
2009;429;75 i +;51;24;75;SEC_429
2007;247;00-02;22;29;51;SEC_247
2001;211;16-17;10;4;14;SEC_211
2008;632;18-24;36;43;79;SEC_632
1998;402;35-49;71;66;137;SEC_402
2013;402;75 i +;60;44;104;SEC_402
2001;113;35-49;188;162;350;SEC_113
2008;411;16-17;9;8;17;SEC_411
2012;434;16-17;9;6;15;SEC_434
2005;430;35-49;110;122;232;SEC_430
1998;238;35-49;56;70;126;SEC_238
2016;537;03-11;44;49;93;SEC_537
2008;627;12-15;6;12;18;SEC_627
1994;125;35-49;173;151;324;SEC_125
2007;231;03-11;51;45;96;SEC_231
2015;606;25-34;62;68;130;SEC_606
2016;409;00-02;33;30;63;SEC_409
2015;528;65-74;59;46;105;SEC_528
2002;425;35-49;81;97;178;SEC_425
2013;617;18-24;34;34;68;SEC_617
2014;115;35-49;151;147;298;SEC_115
2012;221;18-24;47;34;81;SEC_221
2009;511;75 i +;52;31;83;SEC_511
2012;434;50-64;59;68;127;SEC_434
2009;608;50-64;82;57;139;SEC_608
2011;439;12-15;22;24;46;SEC_439
2015;437;18-24;59;60;119;SEC_437
2010;617;18-24;37;31;68;SEC_617
2002;140;75 i +;52;27;79;SEC_140
2001;509;18-24;41;30;71;SEC_509
2001;225;18-24;15;28;43;SEC_225
1995;624;25-34;62;100;162;SEC_624
2001;312;12-15;30;21;51;SEC_312
2008;240;16-17;9;11;20;SEC_240
2011;204;00-02;12;5;17;SEC_204
2000;226;65-74;84;57;141;SEC_226
2004;611;18-24;77;56;133;SEC_611
2014;243;03-11;68;83;151;SEC_243
2001;232;03-11;31;25;56;SEC_232
2010;106;35-49;182;176;358;SEC_106
2001;525;03-11;21;22;43;SEC_525
2016;437;65-74;81;60;141;SEC_437
1995;109;75 i +;53;22;75;SEC_109
1998;506;18-24;172;175;347;SEC_506
2005;129;16-17;10;14;24;SEC_129
1999;139;75 i +;23;10;33;SEC_139
1994;527;50-64;114;106;220;SEC_527
2012;208;16-17;11;13;24;SEC_208
2009;211;50-64;78;75;153;SEC_211
2001;133;16-17;8;9;17;SEC_133
2003;615;00-02;11;3;14;SEC_615
1995;130;75 i +;60;26;86;SEC_130
2012;322;50-64;112;93;205;SEC_322
1998;118;25-34;124;128;252;SEC_118
2013;631;25-34;60;45;105;SEC_631
1994;217;18-24;23;26;49;SEC_217
2011;318;65-74;35;25;60;SEC_318
2003;511;25-34;54;70;124;SEC_511
2007;420;00-02;28;34;62;SEC_420
2015;426;12-15;12;21;33;SEC_426
2009;129;12-15;21;14;35;SEC_129
2014;537;50-64;117;103;220;SEC_537
2003;245;03-11;37;34;71;SEC_245
2002;325;75 i +;127;74;201;SEC_325
1995;531;18-24;55;57;112;SEC_531
2015;124;16-17;5;5;10;SEC_124
2001;203;12-15;8;9;17;SEC_203
2012;519;75 i +;42;30;72;SEC_519
2009;415;12-15;14;19;33;SEC_415
2000;108;00-02;14;16;30;SEC_108
1996;606;75 i +;29;14;43;SEC_606
1999;113;16-17;25;28;53;SEC_113
1994;244;65-74;45;52;97;SEC_244
2009;621;00-02;21;15;36;SEC_621
2003;509;35-49;84;80;164;SEC_509
1996;105;65-74;54;41;95;SEC_105
2010;408;25-34;89;106;195;SEC_408
2010;528;00-02;19;24;43;SEC_528
2005;303;65-74;134;137;271;SEC_303
2006;209;75 i +;81;53;134;SEC_209
2005;322;12-15;18;22;40;SEC_322
1994;629;00-02;5;9;14;SEC_629
1997;311;35-49;127;102;229;SEC_311
2010;324;18-24;41;49;90;SEC_324
2014;137;18-24;46;51;97;SEC_137
1999;302;35-49;161;125;286;SEC_302
2007;629;12-15;8;9;17;SEC_629
2014;211;25-34;97;111;208;SEC_211
2012;514;65-74;36;27;63;SEC_514
2008;421;65-74;82;60;142;SEC_421
2008;226;75 i +;85;51;136;SEC_226
2014;524;00-02;14;15;29;SEC_524
2003;133;25-34;84;104;188;SEC_133
2002;521;35-49;83;73;156;SEC_521
2010;401;12-15;27;33;60;SEC_401
2002;531;25-34;94;103;197;SEC_531
1996;408;25-34;82;96;178;SEC_408
2000;605;18-24;34;39;73;SEC_605
1996;103;03-11;29;24;53;SEC_103
1997;321;25-34;168;162;330;SEC_321
2008;227;65-74;36;31;67;SEC_227
2002;209;65-74;67;53;120;SEC_209
1994;217;35-49;49;52;101;SEC_217
2009;442;35-49;74;76;150;SEC_442
2007;622;18-24;28;30;58;SEC_622
1998;321;25-34;177;179;356;SEC_321
1994;231;12-15;14;19;33;SEC_231
1998;620;25-34;60;54;114;SEC_620
2014;131;25-34;65;80;145;SEC_131
2010;109;00-02;16;12;28;SEC_109
2003;324;03-11;44;39;83;SEC_324
2000;216;18-24;63;59;122;SEC_216
1994;223;50-64;129;129;258;SEC_223
1997;612;03-11;35;30;65;SEC_612
2000;614;12-15;10;25;35;SEC_614
1996;306;35-49;183;175;358;SEC_306
2005;316;03-11;47;66;113;SEC_316
1994;302;65-74;45;41;86;SEC_302
2000;533;16-17;6;10;16;SEC_533
1998;510;50-64;113;115;228;SEC_510
2000;306;65-74;100;83;183;SEC_306
2000;615;75 i +;24;12;36;SEC_615
2000;310;50-64;73;76;149;SEC_310
1997;606;75 i +;31;13;44;SEC_606
2014;402;16-17;11;7;18;SEC_402
2004;621;35-49;132;118;250;SEC_621
2008;318;75 i +;27;14;41;SEC_318
1994;630;75 i +;24;7;31;SEC_630
2013;609;18-24;19;22;41;SEC_609
1994;220;75 i +;37;21;58;SEC_220
2003;203;16-17;6;3;9;SEC_203
2012;525;16-17;9;13;22;SEC_525
2001;629;35-49;63;54;117;SEC_629
2012;422;75 i +;79;54;133;SEC_422
1995;606;18-24;69;65;134;SEC_606
2009;505;18-24;39;18;57;SEC_505
2016;403;35-49;122;138;260;SEC_403
1999;221;35-49;100;101;201;SEC_221
2000;249;12-15;12;16;28;SEC_249
2014;125;18-24;44;50;94;SEC_125
2006;314;35-49;317;282;599;SEC_314
1994;426;75 i +;49;25;74;SEC_426
2000;235;75 i +;74;45;119;SEC_235
1996;430;25-34;75;74;149;SEC_430
2006;606;12-15;20;16;36;SEC_606
2016;520;25-34;51;63;114;SEC_520
2014;306;75 i +;101;63;164;SEC_306
2008;427;18-24;51;35;86;SEC_427
2014;532;03-11;64;61;125;SEC_532
1996;306;12-15;40;30;70;SEC_306
2007;620;65-74;43;46;89;SEC_620
2001;514;18-24;24;36;60;SEC_514
2006;410;50-64;173;159;332;SEC_410
1996;535;25-34;47;61;108;SEC_535
2004;506;12-15;32;44;76;SEC_506
1994;501;25-34;69;61;130;SEC_501
1994;432;25-34;87;90;177;SEC_432
1994;102;50-64;179;183;362;SEC_102
1994;526;00-02;11;7;18;SEC_526
2014;136;75 i +;65;34;99;SEC_136
1996;312;18-24;71;84;155;SEC_312
2004;415;00-02;10;12;22;SEC_415
2002;403;65-74;77;76;153;SEC_403
2005;202;03-11;24;30;54;SEC_202
2007;105;35-49;151;135;286;SEC_105
2006;508;50-64;37;36;73;SEC_508
2012;234;25-34;99;94;193;SEC_234
2003;604;12-15;13;18;31;SEC_604
2007;136;35-49;131;148;279;SEC_136
1996;138;12-15;21;30;51;SEC_138
1996;236;18-24;59;52;111;SEC_236
2011;504;03-11;32;36;68;SEC_504
2011;218;03-11;19;27;46;SEC_218
2003;212;00-02;13;20;33;SEC_212
2001;521;18-24;77;78;155;SEC_521
1997;217;16-17;3;7;10;SEC_217
2007;417;16-17;7;3;10;SEC_417
2008;425;75 i +;66;45;111;SEC_425
2014;109;16-17;9;8;17;SEC_109
2003;621;75 i +;38;18;56;SEC_621
1999;625;35-49;206;174;380;SEC_625
2011;533;75 i +;57;39;96;SEC_533
2012;230;18-24;30;47;77;SEC_230
1995;201;25-34;50;55;105;SEC_201
2008;522;18-24;62;49;111;SEC_522
2015;407;12-15;19;23;42;SEC_407
2009;204;25-34;60;70;130;SEC_204
2001;441;25-34;131;153;284;SEC_441
2014;316;03-11;51;65;116;SEC_316
1995;520;75 i +;38;20;58;SEC_520
1999;614;03-11;27;42;69;SEC_614
2005;442;50-64;56;45;101;SEC_442
2004;440;35-49;74;94;168;SEC_440
1998;435;16-17;7;10;17;SEC_435
2000;302;16-17;14;14;28;SEC_302
1996;412;75 i +;45;23;68;SEC_412
2008;212;25-34;144;179;323;SEC_212
1997;404;16-17;12;13;25;SEC_404
2007;404;35-49;143;164;307;SEC_404
2014;609;03-11;41;40;81;SEC_609
2009;525;03-11;37;34;71;SEC_525
2000;620;00-02;3;6;9;SEC_620
2000;607;25-34;101;105;206;SEC_607
2002;632;50-64;89;79;168;SEC_632
2006;304;18-24;47;64;111;SEC_304
2010;313;35-49;230;223;453;SEC_313
2016;402;65-74;38;31;69;SEC_402
2002;320;18-24;25;34;59;SEC_320
1994;219;75 i +;56;30;86;SEC_219
2012;512;35-49;110;112;222;SEC_512
2002;206;25-34;77;87;164;SEC_206
2003;306;25-34;128;134;262;SEC_306
1994;112;65-74;53;35;88;SEC_112
2016;311;35-49;183;210;393;SEC_311
2012;602;35-49;78;86;164;SEC_602
1995;211;00-02;7;14;21;SEC_211
2007;420;12-15;25;30;55;SEC_420
2004;120;65-74;46;48;94;SEC_120
2000;130;75 i +;60;40;100;SEC_130
1994;442;00-02;7;6;13;SEC_442
2000;109;65-74;56;51;107;SEC_109
2013;103;18-24;23;13;36;SEC_103
1996;415;35-49;61;67;128;SEC_415
2008;611;16-17;18;17;35;SEC_611
2011;607;50-64;80;73;153;SEC_607
2000;434;50-64;45;44;89;SEC_434
1994;210;16-17;9;18;27;SEC_210
2009;515;03-11;23;28;51;SEC_515
2015;107;75 i +;115;61;176;SEC_107
1995;133;75 i +;42;27;69;SEC_133
2001;417;00-02;7;5;12;SEC_417
2015;118;65-74;116;122;238;SEC_118
2001;246;25-34;109;106;215;SEC_246
2005;521;12-15;13;12;25;SEC_521
2010;323;75 i +;89;32;121;SEC_323
1994;605;16-17;12;14;26;SEC_605
2004;617;65-74;65;53;118;SEC_617
2016;231;65-74;40;31;71;SEC_231
2001;514;65-74;54;39;93;SEC_514
1996;604;03-11;29;38;67;SEC_604
2001;238;00-02;11;9;20;SEC_238
2006;310;03-11;29;37;66;SEC_310
1999;313;75 i +;60;27;87;SEC_313
2009;602;25-34;35;41;76;SEC_602
1999;422;50-64;78;82;160;SEC_422
1996;215;65-74;68;49;117;SEC_215
2011;105;00-02;17;20;37;SEC_105
1995;431;50-64;145;129;274;SEC_431
1996;138;25-34;64;63;127;SEC_138
1995;217;75 i +;46;14;60;SEC_217
2012;114;75 i +;95;61;156;SEC_114
2013;605;75 i +;99;82;181;SEC_605
2007;116;16-17;12;12;24;SEC_116
2010;231;50-64;82;67;149;SEC_231
2010;305;25-34;122;130;252;SEC_305
2007;102;18-24;51;50;101;SEC_102
2009;411;35-49;116;126;242;SEC_411
2009;123;12-15;17;24;41;SEC_123
2011;434;50-64;54;58;112;SEC_434
2006;516;65-74;44;30;74;SEC_516
2004;523;18-24;62;68;130;SEC_523
1996;528;75 i +;33;19;52;SEC_528
2007;213;75 i +;56;28;84;SEC_213
2004;324;35-49;99;113;212;SEC_324
2008;604;25-34;47;71;118;SEC_604
1994;231;00-02;8;9;17;SEC_231
2006;116;65-74;71;73;144;SEC_116
2004;628;18-24;48;41;89;SEC_628
2001;430;18-24;38;36;74;SEC_430
2015;107;03-11;65;77;142;SEC_107
2004;226;03-11;38;36;74;SEC_226
1996;430;16-17;12;9;21;SEC_430
1995;204;75 i +;27;16;43;SEC_204
2000;315;35-49;172;170;342;SEC_315
2015;132;18-24;65;82;147;SEC_132
2007;320;65-74;37;35;72;SEC_320
2009;123;03-11;50;54;104;SEC_123
2002;402;16-17;9;6;15;SEC_402
2009;416;16-17;6;8;14;SEC_416
2015;130;65-74;44;27;71;SEC_130
2012;128;65-74;58;52;110;SEC_128
2005;235;75 i +;85;49;134;SEC_235
2008;215;65-74;44;29;73;SEC_215
2002;320;65-74;28;19;47;SEC_320
1996;137;35-49;188;160;348;SEC_137
2005;415;75 i +;38;22;60;SEC_415
2010;301;03-11;113;127;240;SEC_301
2010;109;35-49;117;119;236;SEC_109
2014;303;00-02;28;23;51;SEC_303
2014;538;25-34;99;92;191;SEC_538
2010;536;75 i +;75;43;118;SEC_536
2009;437;25-34;72;113;185;SEC_437
2011;123;35-49;150;163;313;SEC_123
2013;207;25-34;170;145;315;SEC_207
2006;418;35-49;146;161;307;SEC_418
2014;112;00-02;23;18;41;SEC_112
2006;442;00-02;14;6;20;SEC_442
2014;510;75 i +;68;43;111;SEC_510
2010;433;50-64;78;76;154;SEC_433
2010;630;03-11;32;28;60;SEC_630
2016;616;50-64;232;210;442;SEC_616
2006;506;00-02;14;23;37;SEC_506
2003;423;16-17;6;14;20;SEC_423
2001;217;65-74;44;34;78;SEC_217
1999;501;03-11;32;40;72;SEC_501
1997;615;16-17;7;12;19;SEC_615
1999;249;50-64;107;84;191;SEC_249
1995;245;03-11;28;29;57;SEC_245
2004;515;25-34;56;76;132;SEC_515
2007;618;00-02;9;10;19;SEC_618
2006;439;03-11;46;53;99;SEC_439
2006;536;03-11;36;26;62;SEC_536
2009;318;25-34;65;63;128;SEC_318
1995;309;75 i +;23;10;33;SEC_309
2008;522;16-17;7;6;13;SEC_522
2008;138;65-74;37;35;72;SEC_138
2007;435;00-02;17;29;46;SEC_435
2005;113;18-24;85;81;166;SEC_113
2012;202;18-24;26;34;60;SEC_202
2011;437;25-34;70;98;168;SEC_437
1998;202;18-24;42;42;84;SEC_202
2013;238;03-11;36;37;73;SEC_238
2008;415;12-15;14;18;32;SEC_415
2010;324;75 i +;49;29;78;SEC_324
2007;234;16-17;6;13;19;SEC_234
2007;529;16-17;10;18;28;SEC_529
2012;215;00-02;18;21;39;SEC_215
2011;433;65-74;31;28;59;SEC_433
1994;131;65-74;57;48;105;SEC_131
2006;429;12-15;9;13;22;SEC_429
2015;212;35-49;198;183;381;SEC_212
2005;614;18-24;25;36;61;SEC_614
1995;442;35-49;74;56;130;SEC_442
2000;132;00-02;18;21;39;SEC_132
2012;510;50-64;82;74;156;SEC_510
2005;223;03-11;46;51;97;SEC_223
2001;419;35-49;61;83;144;SEC_419
1995;239;25-34;91;90;181;SEC_239
2010;509;75 i +;32;19;51;SEC_509
1995;537;25-34;102;103;205;SEC_537
2011;203;35-49;105;133;238;SEC_203
2015;130;50-64;80;81;161;SEC_130
2014;624;75 i +;52;37;89;SEC_624
1998;309;35-49;89;69;158;SEC_309
2011;514;18-24;42;20;62;SEC_514
1999;124;65-74;49;36;85;SEC_124
2015;107;50-64;155;127;282;SEC_107
2005;441;35-49;231;226;457;SEC_441
2011;101;50-64;147;136;283;SEC_101
2000;212;18-24;58;55;113;SEC_212
1996;225;50-64;58;46;104;SEC_225
2004;410;03-11;46;72;118;SEC_410
2012;236;12-15;18;10;28;SEC_236
2013;305;00-02;20;18;38;SEC_305
2002;308;16-17;16;21;37;SEC_308
2010;624;50-64;127;89;216;SEC_624
2013;223;00-02;20;17;37;SEC_223
2015;116;65-74;120;90;210;SEC_116
2001;424;35-49;44;50;94;SEC_424
1998;322;75 i +;38;20;58;SEC_322
2014;403;03-11;52;44;96;SEC_403
2000;307;25-34;113;104;217;SEC_307
2008;208;65-74;121;99;220;SEC_208
2008;209;16-17;8;14;22;SEC_209
2001;442;18-24;23;27;50;SEC_442
1998;404;25-34;103;126;229;SEC_404
2004;528;50-64;112;93;205;SEC_528
2010;134;18-24;47;56;103;SEC_134
2008;613;16-17;8;11;19;SEC_613
1999;427;16-17;11;9;20;SEC_427
2009;320;50-64;96;79;175;SEC_320
2006;208;16-17;11;13;24;SEC_208
2000;505;75 i +;44;31;75;SEC_505
2005;122;65-74;63;65;128;SEC_122
2016;532;25-34;112;100;212;SEC_532
2007;109;00-02;14;14;28;SEC_109
2001;212;50-64;134;117;251;SEC_212
1997;135;03-11;71;51;122;SEC_135
2003;413;03-11;20;18;38;SEC_413
2014;615;16-17;6;8;14;SEC_615
2012;538;16-17;10;17;27;SEC_538
2000;236;00-02;8;9;17;SEC_236
1999;120;25-34;123;116;239;SEC_120
2014;111;35-49;103;93;196;SEC_111
1999;421;03-11;30;30;60;SEC_421
2000;231;12-15;17;15;32;SEC_231
1995;431;35-49;124;140;264;SEC_431
2003;226;18-24;47;50;97;SEC_226
1997;516;18-24;39;31;70;SEC_516
2004;630;03-11;21;32;53;SEC_630
2008;212;16-17;12;14;26;SEC_212
2013;520;75 i +;53;42;95;SEC_520
2003;213;18-24;37;48;85;SEC_213
1995;524;18-24;92;74;166;SEC_524
1998;537;18-24;76;80;156;SEC_537
2001;619;35-49;152;151;303;SEC_619
2001;243;16-17;14;8;22;SEC_243
2010;306;75 i +;100;66;166;SEC_306
1997;427;18-24;40;46;86;SEC_427
2009;425;25-34;87;91;178;SEC_425
2010;528;16-17;16;14;30;SEC_528
2011;222;18-24;36;47;83;SEC_222
2007;324;18-24;41;48;89;SEC_324
2001;440;00-02;7;5;12;SEC_440
2014;201;18-24;42;36;78;SEC_201
2014;625;35-49;114;116;230;SEC_625
1994;518;16-17;16;15;31;SEC_518
2004;226;25-34;119;120;239;SEC_226
2007;223;00-02;17;21;38;SEC_223
2000;227;75 i +;46;25;71;SEC_227
2005;237;00-02;21;19;40;SEC_237
2006;237;25-34;150;156;306;SEC_237
1998;211;25-34;106;106;212;SEC_211
1999;139;16-17;10;14;24;SEC_139
1995;433;16-17;10;14;24;SEC_433
2003;442;25-34;48;63;111;SEC_442
2014;111;12-15;13;19;32;SEC_111
2000;242;16-17;7;12;19;SEC_242
1995;202;16-17;12;10;22;SEC_202
1995;246;16-17;8;14;22;SEC_246
2008;244;18-24;30;21;51;SEC_244
2011;509;35-49;100;113;213;SEC_509
2003;403;12-15;9;16;25;SEC_403
2014;605;12-15;26;27;53;SEC_605
2006;221;03-11;40;35;75;SEC_221
1999;437;18-24;42;37;79;SEC_437
2002;239;25-34;85;109;194;SEC_239
2003;608;12-15;14;16;30;SEC_608
2001;209;00-02;10;6;16;SEC_209
2000;411;00-02;7;8;15;SEC_411
2009;507;00-02;13;17;30;SEC_507
2012;511;65-74;31;20;51;SEC_511
2008;236;75 i +;86;56;142;SEC_236
2007;437;65-74;50;36;86;SEC_437
2001;302;18-24;88;85;173;SEC_302
1994;612;35-49;124;89;213;SEC_612
1996;201;12-15;13;9;22;SEC_201
2016;132;35-49;222;258;480;SEC_132
2007;204;75 i +;45;19;64;SEC_204
2012;224;00-02;9;12;21;SEC_224
1996;323;50-64;154;165;319;SEC_323
2003;430;50-64;74;56;130;SEC_430
1996;247;18-24;74;58;132;SEC_247
2008;627;50-64;167;153;320;SEC_627
2014;229;12-15;39;30;69;SEC_229
2005;134;18-24;49;73;122;SEC_134
2008;507;35-49;99;115;214;SEC_507
2010;122;12-15;18;12;30;SEC_122
2001;502;00-02;10;17;27;SEC_502
1996;427;50-64;97;62;159;SEC_427
2003;118;25-34;152;180;332;SEC_118
2005;510;25-34;81;100;181;SEC_510
2010;426;00-02;14;22;36;SEC_426
2008;520;35-49;100;100;200;SEC_520
2011;510;65-74;54;52;106;SEC_510
1999;227;65-74;54;42;96;SEC_227
2011;207;65-74;32;28;60;SEC_207
2013;605;18-24;39;35;74;SEC_605
2007;216;12-15;32;16;48;SEC_216
1996;113;75 i +;33;15;48;SEC_113
1995;103;75 i +;39;23;62;SEC_103
2005;513;03-11;32;25;57;SEC_513
2001;441;75 i +;78;54;132;SEC_441
2014;412;50-64;166;150;316;SEC_412
1997;136;65-74;59;58;117;SEC_136
2012;234;12-15;13;13;26;SEC_234
1994;122;35-49;73;45;118;SEC_122
1997;121;65-74;97;79;176;SEC_121
2002;204;00-02;3;5;8;SEC_204
2003;506;35-49;185;176;361;SEC_506
1997;410;25-34;119;122;241;SEC_410
2002;116;12-15;20;24;44;SEC_116
1999;244;12-15;7;4;11;SEC_244
2010;139;75 i +;35;27;62;SEC_139
2004;225;25-34;39;53;92;SEC_225
1997;426;75 i +;53;27;80;SEC_426
1995;414;18-24;54;59;113;SEC_414
2001;323;65-74;79;59;138;SEC_323
1998;531;18-24;38;50;88;SEC_531
2006;101;12-15;29;31;60;SEC_101
2013;612;00-02;16;14;30;SEC_612
2000;418;16-17;9;17;26;SEC_418
1998;204;75 i +;28;17;45;SEC_204
2010;133;50-64;102;82;184;SEC_133
2004;530;00-02;17;15;32;SEC_530
1999;433;12-15;18;14;32;SEC_433
1999;618;65-74;29;17;46;SEC_618
2011;239;50-64;91;80;171;SEC_239
1999;518;00-02;11;7;18;SEC_518
2012;320;16-17;7;5;12;SEC_320
2007;131;18-24;52;63;115;SEC_131
2015;523;65-74;74;55;129;SEC_523
2003;322;35-49;110;110;220;SEC_322
2006;410;12-15;29;23;52;SEC_410
2005;104;18-24;24;22;46;SEC_104
2007;309;35-49;103;107;210;SEC_309
1998;232;03-11;24;22;46;SEC_232
1996;202;00-02;5;6;11;SEC_202
2005;438;25-34;94;94;188;SEC_438
2013;132;00-02;30;31;61;SEC_132
1995;321;50-64;152;177;329;SEC_321
2015;508;35-49;180;214;394;SEC_508
1994;130;18-24;55;66;121;SEC_130
2003;137;00-02;15;20;35;SEC_137
2007;526;75 i +;35;21;56;SEC_526
2011;512;50-64;63;61;124;SEC_512
1996;606;16-17;14;15;29;SEC_606
2010;315;25-34;158;157;315;SEC_315
1998;520;35-49;84;67;151;SEC_520
2012;513;00-02;18;12;30;SEC_513
1997;533;12-15;12;15;27;SEC_533
2014;422;25-34;90;88;178;SEC_422
2011;124;16-17;2;4;6;SEC_124
2013;118;50-64;213;174;387;SEC_118
1994;627;50-64;72;91;163;SEC_627
2001;203;65-74;47;37;84;SEC_203
2015;237;03-11;69;69;138;SEC_237
2003;311;65-74;91;55;146;SEC_311
1997;517;35-49;94;95;189;SEC_517
1996;440;03-11;20;23;43;SEC_440
2008;534;00-02;11;9;20;SEC_534
2006;414;50-64;70;61;131;SEC_414
1994;402;50-64;107;108;215;SEC_402
1998;529;16-17;9;14;23;SEC_529
2015;440;75 i +;72;61;133;SEC_440
2015;511;03-11;89;112;201;SEC_511
2012;624;16-17;7;7;14;SEC_624
2000;303;18-24;85;71;156;SEC_303
2016;623;18-24;41;43;84;SEC_623
2012;607;35-49;114;130;244;SEC_607
2004;513;65-74;58;46;104;SEC_513
2012;219;03-11;49;56;105;SEC_219
1997;434;75 i +;49;33;82;SEC_434
2007;206;50-64;69;67;136;SEC_206
2014;135;75 i +;74;47;121;SEC_135
2005;509;03-11;33;38;71;SEC_509
2003;109;50-64;104;105;209;SEC_109
2008;308;35-49;263;260;523;SEC_308
2011;116;03-11;58;61;119;SEC_116
2011;413;00-02;9;11;20;SEC_413
2003;114;16-17;4;9;13;SEC_114
2013;622;18-24;26;33;59;SEC_622
2010;237;18-24;69;53;122;SEC_237
2008;243;25-34;130;154;284;SEC_243
1998;427;16-17;9;5;14;SEC_427
2000;603;12-15;7;18;25;SEC_603
2003;527;65-74;66;45;111;SEC_527
2000;136;03-11;39;44;83;SEC_136
2010;422;65-74;53;39;92;SEC_422
2000;322;25-34;102;106;208;SEC_322
2009;131;18-24;50;59;109;SEC_131
2011;321;12-15;47;34;81;SEC_321
2008;523;75 i +;110;48;158;SEC_523
2004;419;03-11;44;44;88;SEC_419
2005;140;50-64;95;90;185;SEC_140
2016;507;35-49;103;109;212;SEC_507
2013;314;00-02;32;28;60;SEC_314
2000;527;18-24;46;42;88;SEC_527
2000;211;03-11;43;40;83;SEC_211
2001;618;00-02;4;6;10;SEC_618
1998;124;00-02;6;9;15;SEC_124
2007;435;65-74;51;34;85;SEC_435
2014;126;75 i +;70;52;122;SEC_126
2016;422;18-24;50;45;95;SEC_422
2011;526;25-34;67;83;150;SEC_526
2008;220;25-34;79;104;183;SEC_220
2012;626;16-17;5;10;15;SEC_626
2012;104;00-02;10;11;21;SEC_104
2013;524;00-02;17;21;38;SEC_524
2005;242;65-74;91;58;149;SEC_242
1999;235;12-15;15;10;25;SEC_235
2001;217;16-17;6;6;12;SEC_217
2003;105;50-64;108;116;224;SEC_105
2007;303;35-49;145;163;308;SEC_303
1999;532;35-49;105;95;200;SEC_532
1997;313;35-49;247;226;473;SEC_313
2004;502;18-24;81;69;150;SEC_502
2013;528;00-02;21;12;33;SEC_528
2001;248;16-17;15;9;24;SEC_248
2001;238;03-11;19;15;34;SEC_238
2002;415;65-74;41;31;72;SEC_415
1999;202;00-02;1;6;7;SEC_202
1994;130;50-64;142;116;258;SEC_130
2005;134;65-74;51;44;95;SEC_134
1999;529;75 i +;64;38;102;SEC_529
2014;308;12-15;42;50;92;SEC_308
2005;123;16-17;5;7;12;SEC_123
1995;320;12-15;17;12;29;SEC_320
2004;132;75 i +;63;40;103;SEC_132
2000;225;35-49;43;41;84;SEC_225
2010;534;75 i +;58;45;103;SEC_534
2010;245;25-34;118;119;237;SEC_245
1994;233;03-11;14;22;36;SEC_233
2007;127;35-49;103;110;213;SEC_127
2013;119;18-24;30;37;67;SEC_119
2009;422;75 i +;81;47;128;SEC_422
2002;401;25-34;78;85;163;SEC_401
1998;128;65-74;47;42;89;SEC_128
1996;515;16-17;5;5;10;SEC_515
2014;425;65-74;50;35;85;SEC_425
1996;247;65-74;83;64;147;SEC_247
1995;516;65-74;31;21;52;SEC_516
2010;411;50-64;88;72;160;SEC_411
2000;137;25-34;118;109;227;SEC_137
2008;132;50-64;231;209;440;SEC_132
2001;113;00-02;6;16;22;SEC_113
1998;248;75 i +;60;42;102;SEC_248
2011;405;75 i +;85;54;139;SEC_405
2009;138;03-11;34;22;56;SEC_138
2011;243;75 i +;105;73;178;SEC_243
2009;244;12-15;12;11;23;SEC_244
2012;307;18-24;30;48;78;SEC_307
2011;525;65-74;53;32;85;SEC_525
2004;435;00-02;14;16;30;SEC_435
1998;234;75 i +;83;33;116;SEC_234
1996;225;03-11;14;18;32;SEC_225
2000;404;35-49;114;127;241;SEC_404
2006;413;25-34;44;57;101;SEC_413
2003;603;65-74;24;22;46;SEC_603
2008;217;65-74;21;16;37;SEC_217
2007;246;35-49;114;165;279;SEC_246
2014;505;00-02;15;10;25;SEC_505
2007;106;18-24;105;81;186;SEC_106
2014;602;65-74;105;78;183;SEC_602
2014;611;00-02;31;24;55;SEC_611
1995;506;35-49;269;239;508;SEC_506
1997;629;75 i +;23;11;34;SEC_629
2000;223;18-24;42;44;86;SEC_223
2011;239;35-49;135;150;285;SEC_239
2016;205;03-11;32;28;60;SEC_205
2012;535;18-24;38;32;70;SEC_535
2001;621;35-49;175;134;309;SEC_621
2011;228;50-64;39;48;87;SEC_228
2005;611;35-49;188;229;417;SEC_611
2003;508;00-02;11;7;18;SEC_508
1994;130;03-11;30;31;61;SEC_130
2005;436;16-17;8;15;23;SEC_436
2013;421;65-74;82;57;139;SEC_421
2015;441;75 i +;112;67;179;SEC_441
2014;430;16-17;5;12;17;SEC_430
2000;514;75 i +;35;15;50;SEC_514
2003;112;03-11;63;66;129;SEC_112
2005;504;18-24;38;49;87;SEC_504
2005;526;65-74;32;37;69;SEC_526
1998;201;25-34;58;65;123;SEC_201
2003;305;65-74;69;59;128;SEC_305
2011;126;50-64;84;65;149;SEC_126
2001;625;12-15;32;44;76;SEC_625
2007;319;65-74;47;41;88;SEC_319
2002;614;12-15;10;26;36;SEC_614
2014;249;03-11;41;47;88;SEC_249
2011;525;12-15;17;16;33;SEC_525
2007;301;18-24;72;76;148;SEC_301
2000;323;18-24;222;219;441;SEC_323
2014;307;03-11;45;37;82;SEC_307
2009;402;18-24;41;28;69;SEC_402
2012;104;50-64;72;64;136;SEC_104
2004;625;50-64;164;179;343;SEC_625
2012;114;35-49;175;200;375;SEC_114
2002;203;65-74;49;37;86;SEC_203
2010;125;75 i +;50;41;91;SEC_125
2002;609;25-34;85;106;191;SEC_609
2003;238;65-74;53;43;96;SEC_238
2008;112;65-74;70;46;116;SEC_112
2005;602;00-02;6;7;13;SEC_602
2013;208;25-34;141;102;243;SEC_208
1999;510;18-24;55;49;104;SEC_510
2014;531;16-17;9;14;23;SEC_531
2006;420;18-24;64;73;137;SEC_420
2006;625;16-17;18;15;33;SEC_625
2010;536;50-64;79;56;135;SEC_536
1999;420;16-17;9;11;20;SEC_420
2015;510;65-74;60;48;108;SEC_510
2004;108;25-34;105;105;210;SEC_108
2016;420;12-15;39;33;72;SEC_420
2002;137;75 i +;50;26;76;SEC_137
2013;510;12-15;18;17;35;SEC_510
2000;246;00-02;6;16;22;SEC_246
2009;248;16-17;13;13;26;SEC_248
2005;116;75 i +;63;45;108;SEC_116
2010;612;75 i +;53;40;93;SEC_612
2005;507;65-74;38;35;73;SEC_507
1994;323;25-34;199;193;392;SEC_323
2012;401;16-17;12;11;23;SEC_401
1995;605;18-24;62;87;149;SEC_605
1997;215;18-24;40;45;85;SEC_215
2015;242;16-17;12;9;21;SEC_242
2006;412;12-15;26;25;51;SEC_412
2004;604;18-24;35;36;71;SEC_604
2015;238;35-49;127;111;238;SEC_238
2013;610;00-02;12;16;28;SEC_610
2001;502;35-49;150;131;281;SEC_502
2001;411;12-15;17;6;23;SEC_411
1994;114;16-17;29;35;64;SEC_114
1994;215;35-49;76;67;143;SEC_215
2003;140;75 i +;53;28;81;SEC_140
2010;129;25-34;100;92;192;SEC_129
1999;514;18-24;33;34;67;SEC_514
1994;109;65-74;40;41;81;SEC_109
1995;613;50-64;190;233;423;SEC_613
2013;441;12-15;32;36;68;SEC_441
2008;515;16-17;11;12;23;SEC_515
2014;609;50-64;54;38;92;SEC_609
2008;431;35-49;183;228;411;SEC_431
1994;512;18-24;65;62;127;SEC_512
2009;231;18-24;33;29;62;SEC_231
2002;321;50-64;242;253;495;SEC_321
2010;227;03-11;29;21;50;SEC_227
2003;513;35-49;71;87;158;SEC_513
2003;133;50-64;91;77;168;SEC_133
1996;624;25-34;72;111;183;SEC_624
2013;602;12-15;20;29;49;SEC_602
2004;126;35-49;71;75;146;SEC_126
1998;520;50-64;90;98;188;SEC_520
2003;604;03-11;25;23;48;SEC_604
1998;140;00-02;5;7;12;SEC_140
2004;308;25-34;184;178;362;SEC_308
2001;307;50-64;176;173;349;SEC_307
2003;536;18-24;30;32;62;SEC_536
2009;111;50-64;95;68;163;SEC_111
2005;249;18-24;45;56;101;SEC_249
1998;225;00-02;4;4;8;SEC_225
2000;514;12-15;15;9;24;SEC_514
2012;101;16-17;14;15;29;SEC_101
2002;240;00-02;12;12;24;SEC_240
2012;415;03-11;34;41;75;SEC_415
2002;515;35-49;61;62;123;SEC_515
2015;307;25-34;65;91;156;SEC_307
2006;318;18-24;47;42;89;SEC_318
1996;230;03-11;19;28;47;SEC_230
1995;117;18-24;114;144;258;SEC_117
2001;434;12-15;16;16;32;SEC_434
1994;624;00-02;10;13;23;SEC_624
1998;205;75 i +;32;19;51;SEC_205
1996;523;35-49;111;108;219;SEC_523
2008;117;12-15;34;26;60;SEC_117
2013;327;35-49;109;117;226;SEC_327
1996;238;18-24;26;37;63;SEC_238
2013;421;00-02;12;21;33;SEC_421
2014;501;00-02;8;11;19;SEC_501
2012;236;25-34;70;81;151;SEC_236
2001;610;12-15;16;21;37;SEC_610
2007;429;16-17;4;8;12;SEC_429
1995;209;18-24;47;46;93;SEC_209
2016;312;50-64;154;161;315;SEC_312
2000;419;50-64;72;75;147;SEC_419
1994;515;03-11;28;25;53;SEC_515
1999;322;16-17;20;8;28;SEC_322
1998;514;18-24;36;39;75;SEC_514
2014;128;16-17;4;4;8;SEC_128
2015;309;12-15;17;30;47;SEC_309
2001;427;65-74;78;48;126;SEC_427
2010;302;16-17;13;11;24;SEC_302
2015;632;25-34;52;49;101;SEC_632
2013;503;50-64;121;87;208;SEC_503
2006;111;50-64;98;78;176;SEC_111
2005;533;75 i +;35;32;67;SEC_533
2006;120;16-17;22;16;38;SEC_120
2015;325;35-49;186;185;371;SEC_325
2005;306;35-49;183;200;383;SEC_306
1997;502;35-49;153;135;288;SEC_502
2001;522;12-15;11;12;23;SEC_522
2000;116;16-17;21;11;32;SEC_116
2011;518;03-11;47;49;96;SEC_518
1995;308;75 i +;55;33;88;SEC_308
2003;406;35-49;125;132;257;SEC_406
2010;430;25-34;120;120;240;SEC_430
2000;512;12-15;20;19;39;SEC_512
2005;613;50-64;176;130;306;SEC_613
1999;537;12-15;18;26;44;SEC_537
2008;509;00-02;17;20;37;SEC_509
2006;130;03-11;39;40;79;SEC_130
2012;122;00-02;16;22;38;SEC_122
2015;101;00-02;37;34;71;SEC_101
2006;624;00-02;5;15;20;SEC_624
2012;435;03-11;56;50;106;SEC_435
1997;108;16-17;11;13;24;SEC_108
2013;506;03-11;45;68;113;SEC_506
2006;305;50-64;144;151;295;SEC_305
2012;402;18-24;32;31;63;SEC_402
2011;435;65-74;38;29;67;SEC_435
2006;109;25-34;78;71;149;SEC_109
2007;248;25-34;112;134;246;SEC_248
2013;232;03-11;33;43;76;SEC_232
1997;405;16-17;6;7;13;SEC_405
2011;535;00-02;12;10;22;SEC_535
2008;628;25-34;59;83;142;SEC_628
2012;310;65-74;37;37;74;SEC_310
1996;413;18-24;35;37;72;SEC_413
1996;301;50-64;217;209;426;SEC_301
2002;221;12-15;18;24;42;SEC_221
1999;418;12-15;19;26;45;SEC_418
1997;130;03-11;36;29;65;SEC_130
2011;405;35-49;95;109;204;SEC_405
2012;404;25-34;116;90;206;SEC_404
2011;529;50-64;86;86;172;SEC_529
2008;242;35-49;127;134;261;SEC_242
2010;524;75 i +;73;43;116;SEC_524
2016;309;35-49;162;159;321;SEC_309
1995;135;18-24;68;90;158;SEC_135
1998;119;25-34;102;110;212;SEC_119
2016;202;50-64;134;128;262;SEC_202
1997;424;35-49;54;51;105;SEC_424
1997;415;50-64;54;61;115;SEC_415
2004;401;03-11;49;45;94;SEC_401
2012;501;18-24;34;29;63;SEC_501
1999;305;35-49;207;186;393;SEC_305
2000;403;03-11;19;31;50;SEC_403
2006;412;00-02;23;14;37;SEC_412
1999;320;75 i +;19;9;28;SEC_320
2015;431;12-15;31;48;79;SEC_431
2016;324;75 i +;36;24;60;SEC_324
2001;125;18-24;62;91;153;SEC_125
2009;621;18-24;45;50;95;SEC_621
2014;233;50-64;66;60;126;SEC_233
2000;405;50-64;111;77;188;SEC_405
1998;114;75 i +;56;19;75;SEC_114
1997;626;12-15;17;15;32;SEC_626
1996;228;00-02;8;5;13;SEC_228
2002;306;00-02;24;26;50;SEC_306
2007;427;18-24;39;37;76;SEC_427
2003;302;12-15;21;12;33;SEC_302
1996;131;65-74;55;51;106;SEC_131
1995;127;65-74;39;29;68;SEC_127
2002;431;18-24;92;75;167;SEC_431
2003;413;75 i +;37;17;54;SEC_413
2015;627;25-34;49;60;109;SEC_627
1998;302;50-64;143;175;318;SEC_302
2016;616;35-49;301;277;578;SEC_616
2016;234;12-15;15;7;22;SEC_234
2008;505;18-24;41;24;65;SEC_505
2001;234;00-02;9;5;14;SEC_234
2004;524;03-11;54;55;109;SEC_524
2008;137;75 i +;54;28;82;SEC_137
2013;618;50-64;112;97;209;SEC_618
2013;430;00-02;18;18;36;SEC_430
1998;220;16-17;11;5;16;SEC_220
2008;317;25-34;113;139;252;SEC_317
1995;241;16-17;5;5;10;SEC_241
1995;619;12-15;53;44;97;SEC_619
2010;213;50-64;83;76;159;SEC_213
2015;214;16-17;23;19;42;SEC_214
2011;216;65-74;75;54;129;SEC_216
2010;243;50-64;124;113;237;SEC_243
1996;203;50-64;73;66;139;SEC_203
2014;247;75 i +;83;42;125;SEC_247
2013;503;35-49;89;70;159;SEC_503
2007;531;00-02;14;17;31;SEC_531
2001;243;75 i +;84;50;134;SEC_243
1997;216;16-17;22;10;32;SEC_216
2002;111;75 i +;42;30;72;SEC_111
2003;311;50-64;124;104;228;SEC_311
2010;623;35-49;145;160;305;SEC_623
2014;425;00-02;14;14;28;SEC_425
2009;308;25-34;141;136;277;SEC_308
2016;127;12-15;14;12;26;SEC_127
1995;204;25-34;40;44;84;SEC_204
1999;612;65-74;56;57;113;SEC_612
2011;242;03-11;31;39;70;SEC_242
2014;530;75 i +;95;71;166;SEC_530
2004;103;12-15;15;7;22;SEC_103
2014;316;35-49;158;134;292;SEC_316
2016;312;65-74;139;80;219;SEC_312
2011;229;03-11;31;31;62;SEC_229
2001;423;50-64;94;103;197;SEC_423
2007;314;16-17;15;36;51;SEC_314
2012;301;12-15;40;43;83;SEC_301
2003;315;65-74;54;45;99;SEC_315
2008;606;12-15;17;19;36;SEC_606
2009;246;35-49;130;190;320;SEC_246
2003;616;03-11;141;157;298;SEC_616
2007;206;65-74;58;36;94;SEC_206
2013;238;00-02;12;19;31;SEC_238
2010;437;25-34;83;91;174;SEC_437
2001;511;65-74;51;40;91;SEC_511
2003;601;35-49;122;130;252;SEC_601
1995;433;00-02;16;10;26;SEC_433
2006;136;75 i +;64;44;108;SEC_136
2004;408;65-74;58;49;107;SEC_408
2013;321;03-11;74;80;154;SEC_321
2008;117;16-17;18;18;36;SEC_117
2011;202;18-24;30;30;60;SEC_202
2016;621;00-02;17;20;37;SEC_621
2001;619;03-11;36;45;81;SEC_619
1995;232;03-11;27;34;61;SEC_232
2002;122;35-49;69;94;163;SEC_122
2014;420;65-74;84;69;153;SEC_420
2014;535;65-74;102;87;189;SEC_535
2011;420;35-49;174;178;352;SEC_420
2011;110;03-11;42;36;78;SEC_110
2008;632;65-74;62;47;109;SEC_632
2000;407;18-24;37;48;85;SEC_407
1997;515;75 i +;26;11;37;SEC_515
2006;422;00-02;16;23;39;SEC_422
1996;625;03-11;70;81;151;SEC_625
2000;624;75 i +;27;12;39;SEC_624
1998;241;35-49;62;63;125;SEC_241
1997;433;75 i +;41;20;61;SEC_433
2013;621;35-49;166;184;350;SEC_621
1997;247;12-15;9;20;29;SEC_247
2004;523;12-15;19;21;40;SEC_523
2002;514;35-49;62;80;142;SEC_514
2007;232;12-15;16;12;28;SEC_232
2008;109;12-15;14;19;33;SEC_109
2003;624;12-15;19;13;32;SEC_624
2016;314;03-11;84;96;180;SEC_314
2002;532;00-02;19;13;32;SEC_532
1997;130;35-49;63;71;134;SEC_130
2008;118;35-49;187;169;356;SEC_118
2014;505;12-15;17;8;25;SEC_505
2014;233;18-24;34;29;63;SEC_233
2013;224;18-24;35;44;79;SEC_224
2005;606;03-11;37;47;84;SEC_606
2000;426;12-15;15;19;34;SEC_426
2012;427;35-49;124;154;278;SEC_427
2003;632;03-11;37;38;75;SEC_632
2003;425;18-24;42;37;79;SEC_425
2010;622;18-24;27;28;55;SEC_622
1996;629;03-11;30;18;48;SEC_629
2002;603;35-49;53;50;103;SEC_603
2001;119;00-02;8;12;20;SEC_119
2013;224;50-64;109;85;194;SEC_224
2005;245;16-17;9;17;26;SEC_245
2014;407;03-11;47;48;95;SEC_407
1997;308;16-17;19;19;38;SEC_308
2016;534;12-15;14;18;32;SEC_534
2006;526;65-74;30;36;66;SEC_526
1997;201;65-74;38;44;82;SEC_201
2002;108;16-17;16;8;24;SEC_108
2016;507;03-11;40;32;72;SEC_507
2003;415;75 i +;43;27;70;SEC_415
2015;310;00-02;19;15;34;SEC_310
2005;109;65-74;52;36;88;SEC_109
1996;315;75 i +;45;20;65;SEC_315
2014;431;00-02;26;29;55;SEC_431
1999;420;50-64;122;108;230;SEC_420
2006;205;25-34;89;74;163;SEC_205
2002;115;12-15;20;23;43;SEC_115
2010;503;50-64;118;93;211;SEC_503
2003;615;18-24;35;25;60;SEC_615
2015;314;12-15;34;34;68;SEC_314
2012;248;25-34;97;107;204;SEC_248
2011;405;65-74;77;46;123;SEC_405
2001;244;12-15;6;7;13;SEC_244
2005;630;16-17;6;8;14;SEC_630
1994;206;00-02;10;6;16;SEC_206
1995;107;50-64;185;196;381;SEC_107
2001;519;25-34;58;60;118;SEC_519
2011;408;16-17;8;7;15;SEC_408
2010;631;16-17;8;8;16;SEC_631
1994;402;00-02;7;3;10;SEC_402
2006;126;03-11;36;35;71;SEC_126
2001;203;50-64;54;63;117;SEC_203
1996;323;18-24;181;180;361;SEC_323
1994;320;25-34;54;61;115;SEC_320
2013;211;50-64;115;108;223;SEC_211
2003;119;75 i +;58;51;109;SEC_119
1999;611;03-11;65;59;124;SEC_611
1994;437;12-15;19;15;34;SEC_437
1995;522;50-64;78;81;159;SEC_522
2002;519;65-74;47;38;85;SEC_519
1996;532;03-11;39;36;75;SEC_532
2003;415;50-64;51;59;110;SEC_415
1998;626;65-74;55;63;118;SEC_626
1996;409;16-17;8;13;21;SEC_409
2001;413;16-17;2;3;5;SEC_413
1998;529;25-34;105;95;200;SEC_529
2011;109;03-11;41;39;80;SEC_109
2016;131;00-02;17;14;31;SEC_131
2011;442;16-17;5;5;10;SEC_442
2003;245;18-24;40;46;86;SEC_245
1997;422;50-64;90;88;178;SEC_422
2004;537;75 i +;64;38;102;SEC_537
2009;438;75 i +;40;29;69;SEC_438
2014;503;16-17;4;6;10;SEC_503
2014;106;16-17;14;13;27;SEC_106
2011;237;75 i +;87;52;139;SEC_237
2012;325;50-64;194;150;344;SEC_325
2011;101;75 i +;50;42;92;SEC_101
2010;138;16-17;6;4;10;SEC_138
2007;441;18-24;117;98;215;SEC_441
1996;221;00-02;15;10;25;SEC_221
2007;212;50-64;103;106;209;SEC_212
2008;140;25-34;87;125;212;SEC_140
2001;249;00-02;11;4;15;SEC_249
2007;424;65-74;38;24;62;SEC_424
2000;507;03-11;22;28;50;SEC_507
2014;421;18-24;33;46;79;SEC_421
2004;406;65-74;77;78;155;SEC_406
2016;217;03-11;60;52;112;SEC_217
2002;519;00-02;6;4;10;SEC_519
2002;106;18-24;143;144;287;SEC_106
2006;226;75 i +;87;53;140;SEC_226
2009;409;35-49;88;93;181;SEC_409
2009;236;75 i +;88;57;145;SEC_236
1995;513;65-74;37;32;69;SEC_513
2011;114;25-34;105;107;212;SEC_114
2000;430;18-24;36;28;64;SEC_430
2004;534;16-17;8;11;19;SEC_534
2002;602;75 i +;20;11;31;SEC_602
2003;631;25-34;109;133;242;SEC_631
1999;325;12-15;24;26;50;SEC_325
1995;622;16-17;28;19;47;SEC_622
2010;627;03-11;31;26;57;SEC_627
2011;440;03-11;38;49;87;SEC_440
1997;401;25-34;78;96;174;SEC_401
2000;526;12-15;6;13;19;SEC_526
1999;136;65-74;54;55;109;SEC_136
2016;247;12-15;24;20;44;SEC_247
1998;134;18-24;58;77;135;SEC_134
1996;320;12-15;9;14;23;SEC_320
2004;225;00-02;0;2;2;SEC_225
2009;219;35-49;170;147;317;SEC_219
1999;409;65-74;37;40;77;SEC_409
1999;618;35-49;61;50;111;SEC_618
1996;308;18-24;98;89;187;SEC_308
2009;241;12-15;18;13;31;SEC_241
1994;130;00-02;9;3;12;SEC_130
2011;301;12-15;36;37;73;SEC_301
2003;404;35-49;124;154;278;SEC_404
2012;307;35-49;126;124;250;SEC_307
2001;101;16-17;19;18;37;SEC_101
2016;134;75 i +;88;41;129;SEC_134
2008;408;00-02;18;11;29;SEC_408
2008;325;12-15;33;30;63;SEC_325
2016;216;75 i +;87;53;140;SEC_216
2013;306;50-64;168;142;310;SEC_306
2002;503;25-34;73;72;145;SEC_503
2014;529;00-02;23;15;38;SEC_529
2008;205;35-49;98;93;191;SEC_205
1994;421;50-64;144;156;300;SEC_421
2006;247;25-34;124;126;250;SEC_247
2012;134;35-49;177;170;347;SEC_134
2009;324;25-34;119;104;223;SEC_324
2006;535;65-74;55;68;123;SEC_535
1996;632;12-15;28;40;68;SEC_632
2011;129;65-74;69;71;140;SEC_129
1998;242;16-17;8;5;13;SEC_242
2011;318;50-64;105;107;212;SEC_318
2000;107;75 i +;67;36;103;SEC_107
1995;301;75 i +;60;25;85;SEC_301
2002;321;35-49;301;277;578;SEC_321
2010;125;65-74;67;67;134;SEC_125
2011;422;16-17;7;10;17;SEC_422
2001;516;18-24;29;26;55;SEC_516
1995;631;35-49;150;108;258;SEC_631
2007;522;50-64;62;56;118;SEC_522
2002;322;65-74;58;54;112;SEC_322
2005;244;12-15;10;7;17;SEC_244
2014;630;18-24;24;20;44;SEC_630
1995;322;00-02;15;10;25;SEC_322
1995;319;25-34;67;65;132;SEC_319
2012;527;65-74;44;23;67;SEC_527
2007;205;50-64;96;76;172;SEC_205
2005;425;03-11;26;28;54;SEC_425
2007;325;16-17;10;15;25;SEC_325
2015;118;25-34;90;75;165;SEC_118
2006;502;35-49;148;160;308;SEC_502
1995;135;65-74;61;49;110;SEC_135
1999;131;75 i +;39;22;61;SEC_131
2015;124;00-02;8;9;17;SEC_124
1999;138;35-49;111;101;212;SEC_138
1994;319;12-15;32;34;66;SEC_319
2010;412;35-49;164;204;368;SEC_412
2012;114;12-15;31;19;50;SEC_114
2002;116;18-24;81;70;151;SEC_116
2008;442;25-34;57;76;133;SEC_442
2016;510;75 i +;77;43;120;SEC_510
2009;322;00-02;23;22;45;SEC_322
2005;247;50-64;101;101;202;SEC_247
2002;205;50-64;85;74;159;SEC_205
2009;402;00-02;13;17;30;SEC_402
2006;107;03-11;52;58;110;SEC_107
1999;225;25-34;29;31;60;SEC_225
1996;217;12-15;13;12;25;SEC_217
2007;437;75 i +;36;23;59;SEC_437
2011;533;18-24;41;36;77;SEC_533
2013;632;65-74;54;45;99;SEC_632
1995;308;03-11;55;51;106;SEC_308
2016;631;16-17;6;10;16;SEC_631
2000;517;25-34;92;111;203;SEC_517
2011;139;03-11;36;42;78;SEC_139
2015;421;65-74;75;50;125;SEC_421
1998;522;12-15;22;12;34;SEC_522
2005;133;12-15;9;15;24;SEC_133
2005;624;50-64;163;142;305;SEC_624
2015;626;65-74;72;58;130;SEC_626
2008;302;25-34;139;156;295;SEC_302
2010;631;03-11;35;42;77;SEC_631
2000;532;35-49;114;90;204;SEC_532
2013;210;12-15;13;9;22;SEC_210
2006;301;12-15;38;46;84;SEC_301
1998;116;75 i +;55;16;71;SEC_116
2005;610;25-34;105;111;216;SEC_610
1999;133;12-15;15;20;35;SEC_133
2010;503;12-15;9;16;25;SEC_503
2002;620;03-11;21;26;47;SEC_620
1997;519;25-34;64;57;121;SEC_519
2004;516;65-74;46;32;78;SEC_516
1998;237;16-17;10;16;26;SEC_237
2012;616;00-02;51;51;102;SEC_616
2011;135;03-11;47;59;106;SEC_135
2013;124;25-34;54;47;101;SEC_124
2008;106;16-17;14;17;31;SEC_106
2006;421;03-11;34;32;66;SEC_421
2014;409;25-34;135;164;299;SEC_409
1997;209;50-64;97;87;184;SEC_209
2002;219;35-49;125;125;250;SEC_219
2016;431;00-02;27;28;55;SEC_431
2015;626;00-02;7;7;14;SEC_626
2007;129;35-49;129;144;273;SEC_129
2014;216;65-74;75;49;124;SEC_216
1994;233;50-64;94;85;179;SEC_233
2012;211;75 i +;98;41;139;SEC_211
1995;602;00-02;5;4;9;SEC_602
1995;102;18-24;140;162;302;SEC_102
2014;538;00-02;16;20;36;SEC_538
2005;248;50-64;84;74;158;SEC_248
1996;312;75 i +;23;11;34;SEC_312
2001;114;35-49;162;158;320;SEC_114
2009;605;16-17;4;2;6;SEC_605
2016;414;75 i +;87;57;144;SEC_414
2004;432;00-02;10;9;19;SEC_432
2011;120;12-15;34;45;79;SEC_120
2008;323;35-49;336;345;681;SEC_323
2015;319;65-74;79;66;145;SEC_319
2012;531;75 i +;48;35;83;SEC_531
2002;624;03-11;34;26;60;SEC_624
2007;512;12-15;19;12;31;SEC_512
2002;501;00-02;13;16;29;SEC_501
1996;439;65-74;56;51;107;SEC_439
2000;134;75 i +;64;33;97;SEC_134
2013;114;50-64;143;124;267;SEC_114
2008;440;12-15;24;14;38;SEC_440
2010;303;12-15;17;25;42;SEC_303
1999;116;03-11;52;52;104;SEC_116
1998;606;18-24;46;52;98;SEC_606
1999;105;00-02;5;16;21;SEC_105
2010;234;35-49;141;163;304;SEC_234
2013;305;25-34;110;128;238;SEC_305
2007;618;65-74;27;34;61;SEC_618
1994;629;65-74;28;26;54;SEC_629
2009;249;03-11;41;42;83;SEC_249
1994;241;03-11;19;9;28;SEC_241
1998;241;00-02;9;6;15;SEC_241
2014;410;35-49;182;156;338;SEC_410
1998;618;16-17;7;5;12;SEC_618
1998;609;03-11;25;30;55;SEC_609
2016;115;00-02;16;14;30;SEC_115
2016;627;18-24;20;24;44;SEC_627
2002;127;65-74;48;41;89;SEC_127
2004;201;16-17;7;5;12;SEC_201
2005;125;16-17;15;20;35;SEC_125
1996;325;50-64;191;168;359;SEC_325
1999;407;25-34;76;99;175;SEC_407
1999;503;75 i +;23;10;33;SEC_503
2014;632;25-34;52;56;108;SEC_632
1995;308;35-49;165;155;320;SEC_308
2005;217;75 i +;42;19;61;SEC_217
2014;129;12-15;11;28;39;SEC_129
2006;407;00-02;6;12;18;SEC_407
2001;101;12-15;32;22;54;SEC_101
2007;305;35-49;209;183;392;SEC_305
2015;411;18-24;34;26;60;SEC_411
1996;237;75 i +;67;32;99;SEC_237
1998;226;03-11;33;31;64;SEC_226
2016;612;00-02;17;13;30;SEC_612
2006;311;35-49;151;176;327;SEC_311
1995;506;18-24;189;185;374;SEC_506
2008;118;00-02;28;28;56;SEC_118
1997;624;50-64;152;181;333;SEC_624
2009;136;03-11;56;49;105;SEC_136
2008;408;65-74;54;37;91;SEC_408
2012;324;16-17;11;10;21;SEC_324
2006;227;00-02;11;6;17;SEC_227
1997;433;16-17;11;12;23;SEC_433
2014;420;75 i +;137;88;225;SEC_420
2016;324;25-34;88;59;147;SEC_324
2004;221;18-24;42;59;101;SEC_221
2010;424;50-64;49;50;99;SEC_424
2002;513;75 i +;48;16;64;SEC_513
2013;310;50-64;96;92;188;SEC_310
1994;110;75 i +;40;22;62;SEC_110
2001;435;00-02;11;12;23;SEC_435
2014;533;35-49;252;268;520;SEC_533
2002;117;25-34;182;200;382;SEC_117
2009;111;16-17;9;5;14;SEC_111
2006;107;25-34;160;180;340;SEC_107
2015;421;50-64;99;76;175;SEC_421
2001;601;03-11;38;44;82;SEC_601
2004;536;75 i +;45;39;84;SEC_536
2010;311;75 i +;102;61;163;SEC_311
2006;412;65-74;104;104;208;SEC_412
2001;528;25-34;109;114;223;SEC_528
2006;622;18-24;30;41;71;SEC_622
2009;617;16-17;9;8;17;SEC_617
1995;319;03-11;31;37;68;SEC_319
2016;404;50-64;110;105;215;SEC_404
2009;231;75 i +;82;53;135;SEC_231
2016;613;12-15;18;15;33;SEC_613
1996;242;25-34;77;84;161;SEC_242
2008;316;65-74;64;60;124;SEC_316
2004;616;12-15;68;75;143;SEC_616
2006;422;03-11;46;46;92;SEC_422
2010;303;25-34;150;141;291;SEC_303
1994;246;18-24;62;54;116;SEC_246
2008;104;18-24;15;20;35;SEC_104
2010;439;25-34;109;126;235;SEC_439
2001;114;00-02;14;13;27;SEC_114
2014;229;35-49;237;228;465;SEC_229
1995;230;35-49;44;52;96;SEC_230
2012;624;65-74;92;111;203;SEC_624
1994;222;75 i +;33;21;54;SEC_222
2010;121;16-17;10;8;18;SEC_121
2005;416;50-64;54;57;111;SEC_416
1998;621;25-34;127;125;252;SEC_621
2011;519;03-11;26;32;58;SEC_519
2011;607;16-17;13;7;20;SEC_607
2002;401;03-11;43;37;80;SEC_401
2000;423;25-34;81;90;171;SEC_423
2012;236;75 i +;101;59;160;SEC_236
2009;524;03-11;58;49;107;SEC_524
2001;441;00-02;14;17;31;SEC_441
2013;624;00-02;14;9;23;SEC_624
2010;234;75 i +;77;43;120;SEC_234
2016;315;75 i +;61;45;106;SEC_315
2002;220;35-49;97;90;187;SEC_220
1995;220;75 i +;39;19;58;SEC_220
2010;206;03-11;39;29;68;SEC_206
2002;238;00-02;9;11;20;SEC_238
2014;503;00-02;7;7;14;SEC_503
1996;517;00-02;7;10;17;SEC_517
2014;312;35-49;202;229;431;SEC_312
2005;217;50-64;32;35;67;SEC_217
2006;125;00-02;28;27;55;SEC_125
2014;127;16-17;6;6;12;SEC_127
1995;506;16-17;44;42;86;SEC_506
2001;425;35-49;69;82;151;SEC_425
2005;244;65-74;38;21;59;SEC_244
2004;412;65-74;95;100;195;SEC_412
2002;108;18-24;48;50;98;SEC_108
2007;434;25-34;52;65;117;SEC_434
1995;403;65-74;49;45;94;SEC_403
1997;522;25-34;47;55;102;SEC_522
2004;428;25-34;57;68;125;SEC_428
2014;228;03-11;96;105;201;SEC_228
2004;232;16-17;9;9;18;SEC_232
2006;244;03-11;22;20;42;SEC_244
2003;532;16-17;15;15;30;SEC_532
2006;212;35-49;176;174;350;SEC_212
2010;438;25-34;68;62;130;SEC_438
2015;618;00-02;10;12;22;SEC_618
1999;507;00-02;8;9;17;SEC_507
1999;306;03-11;58;48;106;SEC_306
2002;118;35-49;206;158;364;SEC_118
2013;436;00-02;20;29;49;SEC_436
2001;321;12-15;38;54;92;SEC_321
2008;248;18-24;55;43;98;SEC_248
2009;631;25-34;95;93;188;SEC_631
2015;133;65-74;59;43;102;SEC_133
2016;606;16-17;10;16;26;SEC_606
2000;309;50-64;66;69;135;SEC_309
2004;101;12-15;17;29;46;SEC_101
2007;439;00-02;16;28;44;SEC_439
2006;321;00-02;20;30;50;SEC_321
2000;518;65-74;68;72;140;SEC_518
2004;139;16-17;5;7;12;SEC_139
2013;132;25-34;151;149;300;SEC_132
2003;525;50-64;83;73;156;SEC_525
2006;517;18-24;64;58;122;SEC_517
2006;509;00-02;12;20;32;SEC_509
2015;525;03-11;46;49;95;SEC_525
1998;434;50-64;46;44;90;SEC_434
2016;326;03-11;68;65;133;SEC_326
2000;313;18-24;142;110;252;SEC_313
2014;139;16-17;8;10;18;SEC_139
1994;602;35-49;44;31;75;SEC_602
2010;310;12-15;9;10;19;SEC_310
2008;624;75 i +;41;28;69;SEC_624
2003;317;16-17;8;13;21;SEC_317
2009;128;50-64;93;70;163;SEC_128
2016;226;25-34;127;147;274;SEC_226
2004;530;25-34;131;178;309;SEC_530
2001;538;65-74;92;94;186;SEC_538
2007;501;25-34;89;119;208;SEC_501
2003;110;16-17;16;10;26;SEC_110
2000;138;12-15;16;28;44;SEC_138
2001;121;35-49;77;104;181;SEC_121
2009;128;25-34;98;99;197;SEC_128
2004;132;35-49;245;243;488;SEC_132
2006;530;18-24;51;55;106;SEC_530
1997;504;18-24;92;107;199;SEC_504
1999;206;18-24;35;39;74;SEC_206
2009;509;12-15;20;26;46;SEC_509
2013;118;65-74;88;104;192;SEC_118
2013;418;65-74;63;54;117;SEC_418
2008;501;12-15;15;20;35;SEC_501
2016;117;75 i +;94;56;150;SEC_117
1995;504;50-64;159;155;314;SEC_504
1995;414;75 i +;33;18;51;SEC_414
2014;326;35-49;149;190;339;SEC_326
2014;211;03-11;48;55;103;SEC_211
1998;442;18-24;31;38;69;SEC_442
2005;531;00-02;13;7;20;SEC_531
2008;215;00-02;12;15;27;SEC_215
1994;508;50-64;70;67;137;SEC_508
1994;138;16-17;16;16;32;SEC_138
2000;629;35-49;60;59;119;SEC_629
1997;606;00-02;10;15;25;SEC_606
2010;317;03-11;61;53;114;SEC_317
2016;130;03-11;55;41;96;SEC_130
2001;442;65-74;30;23;53;SEC_442
2011;321;18-24;86;90;176;SEC_321
1998;510;35-49;88;86;174;SEC_510
2007;422;75 i +;74;46;120;SEC_422
2003;537;12-15;25;16;41;SEC_537
2013;538;12-15;17;25;42;SEC_538
2013;412;65-74;112;87;199;SEC_412
2012;240;75 i +;60;37;97;SEC_240
2008;131;50-64;185;175;360;SEC_131
2001;215;16-17;6;5;11;SEC_215
1994;513;16-17;5;12;17;SEC_513
1999;437;03-11;25;32;57;SEC_437
2014;114;25-34;62;67;129;SEC_114
2009;511;16-17;8;9;17;SEC_511
2015;625;00-02;6;14;20;SEC_625
1998;325;12-15;25;25;50;SEC_325
2009;534;35-49;123;108;231;SEC_534
2011;313;18-24;66;60;126;SEC_313
2003;529;18-24;51;56;107;SEC_529
1994;520;16-17;18;18;36;SEC_520
2002;416;65-74;56;59;115;SEC_416
1994;228;75 i +;27;20;47;SEC_228
1994;117;16-17;41;57;98;SEC_117
2008;319;00-02;42;54;96;SEC_319
2008;518;12-15;17;22;39;SEC_518
2009;122;65-74;79;68;147;SEC_122
2007;116;12-15;30;21;51;SEC_116
1999;305;03-11;67;44;111;SEC_305
1995;232;16-17;11;15;26;SEC_232
1997;625;50-64;115;132;247;SEC_625
2004;134;65-74;44;39;83;SEC_134
2004;416;12-15;8;17;25;SEC_416
1995;301;35-49;143;150;293;SEC_301
1996;126;03-11;28;30;58;SEC_126
2001;216;25-34;100;100;200;SEC_216
2010;604;35-49;82;102;184;SEC_604
2012;411;75 i +;96;78;174;SEC_411
1994;408;25-34;70;87;157;SEC_408
1994;110;03-11;61;47;108;SEC_110
1994;304;18-24;57;75;132;SEC_304
1999;622;25-34;84;98;182;SEC_622
2014;435;18-24;36;43;79;SEC_435
1996;410;00-02;13;12;25;SEC_410
2011;210;50-64;75;79;154;SEC_210
2010;202;12-15;6;12;18;SEC_202
1997;425;03-11;26;26;52;SEC_425
2014;205;65-74;53;33;86;SEC_205
2006;115;75 i +;70;41;111;SEC_115
2003;520;18-24;36;42;78;SEC_520
2001;426;12-15;17;17;34;SEC_426
1998;223;75 i +;56;27;83;SEC_223
2003;205;12-15;12;17;29;SEC_205
2013;410;50-64;146;119;265;SEC_410
2003;222;50-64;79;73;152;SEC_222
1997;607;35-49;85;89;174;SEC_607
2000;524;18-24;64;61;125;SEC_524
2003;212;18-24;59;50;109;SEC_212
2002;108;00-02;14;8;22;SEC_108
2011;137;12-15;32;24;56;SEC_137
2014;325;03-11;57;67;124;SEC_325
1999;120;12-15;42;43;85;SEC_120
2011;415;00-02;16;19;35;SEC_415
2000;134;12-15;27;35;62;SEC_134
2005;310;35-49;112;91;203;SEC_310
2006;621;25-34;130;165;295;SEC_621
1999;607;25-34;101;113;214;SEC_607
2008;525;18-24;51;39;90;SEC_525
2012;509;00-02;8;19;27;SEC_509
2007;422;25-34;124;145;269;SEC_422
2007;611;12-15;33;29;62;SEC_611
2010;612;50-64;79;65;144;SEC_612
2008;632;25-34;77;90;167;SEC_632
2004;422;16-17;11;13;24;SEC_422
2000;503;50-64;81;98;179;SEC_503
2014;622;65-74;54;47;101;SEC_622
2011;410;50-64;163;132;295;SEC_410
2008;528;25-34;122;150;272;SEC_528
2002;526;16-17;3;6;9;SEC_526
2006;126;00-02;12;11;23;SEC_126
2012;522;65-74;30;18;48;SEC_522
2003;610;75 i +;48;36;84;SEC_610
2014;313;18-24;55;48;103;SEC_313
2015;435;50-64;84;87;171;SEC_435
1997;514;03-11;36;19;55;SEC_514
2000;208;35-49;191;168;359;SEC_208
2006;610;18-24;34;46;80;SEC_610
2006;632;25-34;87;93;180;SEC_632
2003;201;03-11;20;33;53;SEC_201
2013;311;75 i +;101;50;151;SEC_311
2008;325;03-11;68;68;136;SEC_325
1994;517;18-24;76;89;165;SEC_517
1999;222;25-34;62;67;129;SEC_222
2001;240;18-24;28;34;62;SEC_240
2015;624;35-49;112;147;259;SEC_624
1997;508;03-11;21;19;40;SEC_508
2011;509;65-74;39;32;71;SEC_509
2004;242;25-34;87;115;202;SEC_242
2009;537;35-49;126;121;247;SEC_537
2007;203;75 i +;54;31;85;SEC_203
2016;521;18-24;21;25;46;SEC_521
1999;229;18-24;31;25;56;SEC_229
2002;103;16-17;8;6;14;SEC_103
1994;605;75 i +;21;11;32;SEC_605
2000;213;12-15;22;20;42;SEC_213
2012;621;35-49;161;180;341;SEC_621
2011;210;65-74;56;50;106;SEC_210
2013;505;03-11;39;35;74;SEC_505
2005;536;25-34;68;78;146;SEC_536
2006;115;35-49;142;135;277;SEC_115
2001;205;25-34;66;72;138;SEC_205
1997;306;18-24;78;80;158;SEC_306
2002;301;00-02;25;30;55;SEC_301
2007;119;16-17;8;16;24;SEC_119
1994;246;75 i +;59;29;88;SEC_246
2004;207;75 i +;65;28;93;SEC_207
2016;242;00-02;17;15;32;SEC_242
2016;113;50-64;206;145;351;SEC_113
2005;138;18-24;38;55;93;SEC_138
2009;535;75 i +;41;33;74;SEC_535
2003;308;50-64;190;178;368;SEC_308
1995;102;65-74;79;56;135;SEC_102
1997;403;35-49;107;88;195;SEC_403
1995;611;65-74;78;53;131;SEC_611
1995;608;75 i +;24;10;34;SEC_608
2002;249;75 i +;55;36;91;SEC_249
1999;440;03-11;22;33;55;SEC_440
2000;438;00-02;7;16;23;SEC_438
2012;621;16-17;15;10;25;SEC_621
2014;220;25-34;130;128;258;SEC_220
2005;607;16-17;8;8;16;SEC_607
2002;425;75 i +;63;31;94;SEC_425
1995;209;03-11;26;37;63;SEC_209
2010;425;00-02;20;16;36;SEC_425
2006;220;25-34;81;83;164;SEC_220
1995;606;12-15;37;22;59;SEC_606
2001;613;12-15;17;18;35;SEC_613
2006;317;03-11;53;37;90;SEC_317
2009;237;50-64;99;103;202;SEC_237
2012;238;25-34;66;81;147;SEC_238
2013;419;16-17;16;21;37;SEC_419
2011;517;75 i +;62;39;101;SEC_517
2001;411;00-02;10;8;18;SEC_411
1998;435;18-24;41;52;93;SEC_435
2013;403;75 i +;86;74;160;SEC_403
1997;608;03-11;41;51;92;SEC_608
2009;429;25-34;52;61;113;SEC_429
2012;125;18-24;56;47;103;SEC_125
1998;536;03-11;31;22;53;SEC_536
2007;534;65-74;57;54;111;SEC_534
2002;417;12-15;17;5;22;SEC_417
2013;618;18-24;45;41;86;SEC_618
1996;307;35-49;230;203;433;SEC_307
2011;132;50-64;233;217;450;SEC_132
2005;412;35-49;185;190;375;SEC_412
1994;437;03-11;28;33;61;SEC_437
2005;617;03-11;35;45;80;SEC_617
2007;219;75 i +;88;55;143;SEC_219
1994;229;25-34;51;51;102;SEC_229
1996;629;75 i +;20;11;31;SEC_629
1994;604;35-49;72;69;141;SEC_604
2013;610;35-49;130;142;272;SEC_610
2004;428;75 i +;24;24;48;SEC_428
2001;219;00-02;14;11;25;SEC_219
2007;214;25-34;93;112;205;SEC_214
1999;505;03-11;37;26;63;SEC_505
2003;632;18-24;42;60;102;SEC_632
2006;124;50-64;86;71;157;SEC_124
1996;312;35-49;125;110;235;SEC_312
1999;223;65-74;76;71;147;SEC_223
1997;505;12-15;29;27;56;SEC_505
1999;216;00-02;11;3;14;SEC_216
2011;515;50-64;36;32;68;SEC_515
2006;431;25-34;158;191;349;SEC_431
1996;207;25-34;55;44;99;SEC_207
2007;248;03-11;53;51;104;SEC_248
1996;619;65-74;61;54;115;SEC_619
2010;604;25-34;47;76;123;SEC_604
2008;101;65-74;58;45;103;SEC_101
2005;104;75 i +;70;42;112;SEC_104
1996;618;18-24;59;68;127;SEC_618
2009;125;75 i +;46;37;83;SEC_125
1996;414;16-17;10;16;26;SEC_414
2002;123;16-17;10;9;19;SEC_123
1997;104;75 i +;56;26;82;SEC_104
2010;101;12-15;29;30;59;SEC_101
2010;615;65-74;81;93;174;SEC_615
2016;249;18-24;34;42;76;SEC_249
1996;324;35-49;86;74;160;SEC_324
2009;505;12-15;11;8;19;SEC_505
1996;505;50-64;200;232;432;SEC_505
2015;319;35-49;262;272;534;SEC_319
2012;434;75 i +;54;26;80;SEC_434
1994;140;03-11;27;27;54;SEC_140
1996;203;12-15;10;15;25;SEC_203
2011;108;35-49;205;172;377;SEC_108
2011;220;50-64;68;57;125;SEC_220
2006;433;18-24;75;48;123;SEC_433
2003;104;00-02;7;6;13;SEC_104
2009;238;75 i +;65;37;102;SEC_238
2005;630;03-11;21;29;50;SEC_630
2001;225;12-15;9;6;15;SEC_225
1995;630;16-17;20;32;52;SEC_630
2005;233;75 i +;55;23;78;SEC_233
1994;413;18-24;31;37;68;SEC_413
2008;240;75 i +;62;35;97;SEC_240
2013;217;75 i +;74;49;123;SEC_217
2001;135;03-11;55;40;95;SEC_135
2007;313;12-15;35;22;57;SEC_313
2007;209;35-49;125;124;249;SEC_209
2004;411;18-24;47;50;97;SEC_411
2008;228;35-49;83;108;191;SEC_228
2015;248;75 i +;68;50;118;SEC_248
2001;414;03-11;25;34;59;SEC_414
2012;414;65-74;45;41;86;SEC_414
2005;404;75 i +;63;32;95;SEC_404
2015;435;75 i +;75;37;112;SEC_435
1997;413;03-11;23;24;47;SEC_413
1994;510;00-02;7;12;19;SEC_510
2005;244;16-17;4;6;10;SEC_244
2012;510;16-17;10;10;20;SEC_510
2000;533;18-24;35;44;79;SEC_533
2016;513;75 i +;101;57;158;SEC_513
2008;223;75 i +;63;40;103;SEC_223
2014;437;00-02;22;15;37;SEC_437
2009;232;00-02;13;15;28;SEC_232
2010;537;35-49;136;126;262;SEC_537
2012;535;00-02;8;10;18;SEC_535
2009;519;12-15;8;12;20;SEC_519
2013;306;16-17;20;19;39;SEC_306
2007;124;25-34;65;70;135;SEC_124
2015;627;65-74;87;87;174;SEC_627
2016;414;25-34;152;149;301;SEC_414
2015;618;12-15;25;31;56;SEC_618
2008;317;12-15;21;25;46;SEC_317
1998;613;35-49;81;73;154;SEC_613
2013;525;75 i +;67;34;101;SEC_525
1994;107;35-49;201;212;413;SEC_107
2003;107;65-74;97;76;173;SEC_107
2011;602;25-34;38;39;77;SEC_602
2008;620;12-15;9;7;16;SEC_620
2014;524;75 i +;75;43;118;SEC_524
2014;213;75 i +;46;35;81;SEC_213
2011;629;16-17;4;5;9;SEC_629
1994;313;50-64;159;158;317;SEC_313
1996;617;35-49;105;108;213;SEC_617
2002;505;00-02;15;14;29;SEC_505
2002;231;00-02;15;18;33;SEC_231
2001;139;18-24;54;49;103;SEC_139
1994;620;00-02;7;5;12;SEC_620
2003;630;18-24;58;63;121;SEC_630
2007;131;50-64;179;175;354;SEC_131
2005;222;12-15;21;21;42;SEC_222
2006;120;75 i +;62;26;88;SEC_120
2016;106;12-15;31;27;58;SEC_106
2009;322;25-34;150;133;283;SEC_322
2001;521;16-17;9;10;19;SEC_521
2011;627;50-64;157;127;284;SEC_627
2006;609;65-74;42;45;87;SEC_609
1997;523;03-11;28;37;65;SEC_523
1999;246;50-64;86;69;155;SEC_246
2015;308;18-24;74;81;155;SEC_308
2013;309;50-64;100;74;174;SEC_309
2015;441;12-15;32;39;71;SEC_441
2009;220;12-15;18;15;33;SEC_220
2000;405;18-24;40;40;80;SEC_405
2005;119;35-49;113;120;233;SEC_119
2006;436;00-02;16;20;36;SEC_436
2012;416;35-49;91;107;198;SEC_416
2007;209;65-74;57;49;106;SEC_209
2000;623;65-74;55;44;99;SEC_623
1996;431;25-34;108;110;218;SEC_431
2001;401;75 i +;48;25;73;SEC_401
2006;518;12-15;19;24;43;SEC_518
1997;403;65-74;59;53;112;SEC_403
2002;527;75 i +;55;27;82;SEC_527
2004;513;16-17;6;4;10;SEC_513
2008;212;03-11;58;56;114;SEC_212
2016;202;03-11;68;72;140;SEC_202
2004;316;50-64;269;301;570;SEC_316
2010;405;03-11;28;32;60;SEC_405
2000;531;12-15;10;14;24;SEC_531
2016;317;12-15;16;28;44;SEC_317
2014;534;03-11;30;38;68;SEC_534
2001;249;35-49;102;112;214;SEC_249
2002;508;65-74;38;33;71;SEC_508
2014;617;18-24;30;31;61;SEC_617
2013;132;18-24;72;75;147;SEC_132
2008;618;16-17;4;5;9;SEC_618
2011;218;00-02;11;12;23;SEC_218
2001;519;50-64;50;42;92;SEC_519
2001;302;00-02;11;21;32;SEC_302
1995;324;25-34;69;71;140;SEC_324
2014;123;25-34;78;60;138;SEC_123
2011;522;65-74;29;13;42;SEC_522
2003;511;16-17;1;8;9;SEC_511
2007;426;50-64;71;62;133;SEC_426
1998;429;35-49;70;66;136;SEC_429
2005;120;16-17;24;17;41;SEC_120
1998;138;50-64;86;70;156;SEC_138
1997;621;25-34;115;121;236;SEC_621
1994;247;12-15;28;17;45;SEC_247
2008;240;25-34;68;74;142;SEC_240
2007;111;50-64;104;73;177;SEC_111
2010;515;16-17;8;5;13;SEC_515
2004;235;35-49;146;157;303;SEC_235
2008;305;75 i +;100;50;150;SEC_305
2002;517;25-34;106;120;226;SEC_517
2002;210;12-15;10;12;22;SEC_210
2015;622;50-64;94;75;169;SEC_622
1998;617;03-11;42;45;87;SEC_617
2004;522;18-24;53;48;101;SEC_522
1996;511;50-64;77;71;148;SEC_511
2010;417;65-74;32;22;54;SEC_417
1997;617;16-17;13;16;29;SEC_617
2000;316;18-24;177;184;361;SEC_316
2001;419;16-17;7;4;11;SEC_419
2004;438;03-11;27;32;59;SEC_438
2013;126;25-34;64;53;117;SEC_126
2006;105;50-64;126;114;240;SEC_105
2005;237;75 i +;68;34;102;SEC_237
2013;223;50-64;90;92;182;SEC_223
2000;241;25-34;69;56;125;SEC_241
2005;508;50-64;43;42;85;SEC_508
2010;202;00-02;18;15;33;SEC_202
1997;537;25-34;113;111;224;SEC_537
1998;310;50-64;73;71;144;SEC_310
1997;225;00-02;3;5;8;SEC_225
2012;130;25-34;63;48;111;SEC_130
2002;137;18-24;85;62;147;SEC_137
2002;216;03-11;38;37;75;SEC_216
2002;209;50-64;79;71;150;SEC_209
2016;317;00-02;15;13;28;SEC_317
2003;126;12-15;13;11;24;SEC_126
2016;612;16-17;6;10;16;SEC_612
2009;311;35-49;165;198;363;SEC_311
2003;614;18-24;27;39;66;SEC_614
2009;213;65-74;50;44;94;SEC_213
2006;123;00-02;13;13;26;SEC_123
2000;102;18-24;83;98;181;SEC_102
2000;501;03-11;32;42;74;SEC_501
1995;601;00-02;14;12;26;SEC_601
2012;610;75 i +;68;56;124;SEC_610
2013;520;65-74;48;42;90;SEC_520
2007;323;18-24;135;132;267;SEC_323
2004;431;12-15;25;20;45;SEC_431
2004;407;35-49;115;102;217;SEC_407
2000;133;25-34;81;89;170;SEC_133
2011;522;00-02;23;20;43;SEC_522
2012;610;16-17;14;18;32;SEC_610
2016;112;75 i +;78;39;117;SEC_112
2016;322;65-74;57;55;112;SEC_322
2009;323;16-17;23;24;47;SEC_323
1997;609;12-15;11;18;29;SEC_609
2010;623;65-74;92;101;193;SEC_623
2010;134;50-64;127;114;241;SEC_134
2011;534;03-11;29;33;62;SEC_534
1995;223;35-49;91;96;187;SEC_223
2009;224;35-49;87;93;180;SEC_224
2007;319;00-02;34;51;85;SEC_319
2015;243;18-24;52;72;124;SEC_243
2003;104;75 i +;65;42;107;SEC_104
1998;216;35-49;118;111;229;SEC_216
2009;516;03-11;27;39;66;SEC_516
1994;240;00-02;3;7;10;SEC_240
1995;202;25-34;53;82;135;SEC_202
2016;120;16-17;19;19;38;SEC_120
2015;308;16-17;19;26;45;SEC_308
2003;620;75 i +;15;8;23;SEC_620
2001;226;03-11;28;31;59;SEC_226
2016;232;50-64;98;88;186;SEC_232
2003;135;65-74;66;60;126;SEC_135
2000;324;25-34;73;97;170;SEC_324
2004;110;00-02;12;9;21;SEC_110
1996;424;00-02;5;4;9;SEC_424
2004;236;00-02;22;11;33;SEC_236
1994;113;50-64;89;86;175;SEC_113
1997;216;65-74;79;67;146;SEC_216
2001;526;75 i +;34;16;50;SEC_526
1997;119;65-74;67;57;124;SEC_119
2009;423;16-17;4;9;13;SEC_423
2011;235;25-34;137;141;278;SEC_235
2016;411;12-15;17;16;33;SEC_411
2012;247;12-15;27;25;52;SEC_247
2004;218;25-34;63;81;144;SEC_218
2010;140;25-34;82;101;183;SEC_140
1994;243;35-49;109;109;218;SEC_243
1995;214;00-02;5;8;13;SEC_214
1996;506;00-02;19;22;41;SEC_506
2015;404;35-49;165;186;351;SEC_404
2001;623;50-64;213;194;407;SEC_623
1998;525;35-49;68;71;139;SEC_525
2007;418;35-49;158;179;337;SEC_418
2000;410;35-49;154;150;304;SEC_410
2002;249;00-02;14;8;22;SEC_249
2003;303;00-02;14;16;30;SEC_303
1995;626;12-15;19;25;44;SEC_626
2002;420;16-17;9;9;18;SEC_420
2015;414;16-17;14;18;32;SEC_414
2005;231;12-15;13;13;26;SEC_231
2008;536;03-11;37;35;72;SEC_536
2009;613;12-15;17;18;35;SEC_613
2007;239;18-24;39;54;93;SEC_239
1997;126;25-34;91;109;200;SEC_126
2005;627;18-24;54;65;119;SEC_627
2011;212;18-24;74;56;130;SEC_212
1999;530;12-15;16;19;35;SEC_530
2010;624;03-11;35;43;78;SEC_624
2007;521;03-11;29;37;66;SEC_521
2016;609;35-49;109;96;205;SEC_609
2007;618;35-49;73;71;144;SEC_618
2007;518;18-24;59;50;109;SEC_518
1998;523;25-34;111;108;219;SEC_523
1998;439;75 i +;45;21;66;SEC_439
2000;218;50-64;77;62;139;SEC_218
1997;416;18-24;33;40;73;SEC_416
2010;120;65-74;57;65;122;SEC_120
2014;136;18-24;43;31;74;SEC_136
2007;201;00-02;8;9;17;SEC_201
2016;113;12-15;20;36;56;SEC_113
1994;212;00-02;11;18;29;SEC_212
1996;221;75 i +;43;25;68;SEC_221
2015;511;12-15;32;31;63;SEC_511
1995;307;75 i +;37;19;56;SEC_307
2000;315;03-11;51;58;109;SEC_315
2011;304;12-15;63;32;95;SEC_304
2002;523;12-15;14;19;33;SEC_523
2015;632;75 i +;60;40;100;SEC_632
1994;511;65-74;47;42;89;SEC_511
2011;247;25-34;127;133;260;SEC_247
1996;119;35-49;190;163;353;SEC_119
2005;619;16-17;12;16;28;SEC_619
2008;603;75 i +;22;19;41;SEC_603
2007;503;35-49;83;69;152;SEC_503
2006;403;16-17;7;10;17;SEC_403
2002;118;75 i +;51;23;74;SEC_118
2014;517;16-17;21;21;42;SEC_517
1999;120;16-17;18;20;38;SEC_120
2005;316;25-34;135;159;294;SEC_316
2006;223;18-24;46;55;101;SEC_223
2001;311;35-49;124;118;242;SEC_311
1997;519;00-02;4;9;13;SEC_519
1996;232;65-74;70;67;137;SEC_232
2011;213;75 i +;59;36;95;SEC_213
2009;528;50-64;86;72;158;SEC_528
2002;118;03-11;65;66;131;SEC_118
1999;402;12-15;10;15;25;SEC_402
2006;313;75 i +;69;44;113;SEC_313
2016;435;35-49;122;170;292;SEC_435
1999;621;03-11;62;60;122;SEC_621
1995;121;00-02;9;5;14;SEC_121
2015;301;03-11;159;158;317;SEC_301
2005;402;50-64;69;67;136;SEC_402
1999;318;00-02;9;10;19;SEC_318
2003;248;25-34;100;100;200;SEC_248
2008;115;35-49;141;144;285;SEC_115
1997;511;65-74;61;48;109;SEC_511
2003;305;12-15;29;29;58;SEC_305
2008;112;16-17;12;25;37;SEC_112
2006;501;16-17;10;8;18;SEC_501
2011;206;75 i +;81;45;126;SEC_206
2005;440;00-02;10;8;18;SEC_440
2005;525;03-11;32;31;63;SEC_525
2005;307;12-15;16;30;46;SEC_307
2011;126;12-15;15;17;32;SEC_126
2007;225;18-24;29;33;62;SEC_225
2000;303;00-02;19;13;32;SEC_303
2006;606;18-24;42;51;93;SEC_606
1997;616;18-24;176;193;369;SEC_616
1997;628;00-02;6;7;13;SEC_628
2002;212;75 i +;70;38;108;SEC_212
2014;606;00-02;10;21;31;SEC_606
1994;512;03-11;30;32;62;SEC_512
2014;324;25-34;83;72;155;SEC_324
2014;120;18-24;64;67;131;SEC_120
2003;237;35-49;135;168;303;SEC_237
2013;621;18-24;44;36;80;SEC_621
2005;234;65-74;69;39;108;SEC_234
2002;222;18-24;45;49;94;SEC_222
2002;106;35-49;236;207;443;SEC_106
2015;234;03-11;36;36;72;SEC_234
1995;139;00-02;9;13;22;SEC_139
2001;439;03-11;31;30;61;SEC_439
2016;617;03-11;36;46;82;SEC_617
2013;202;25-34;158;171;329;SEC_202
1996;119;12-15;42;38;80;SEC_119
2005;239;25-34;115;126;241;SEC_239
2014;106;50-64;250;196;446;SEC_106
1995;120;03-11;91;94;185;SEC_120
2004;130;35-49;106;124;230;SEC_130
2008;219;16-17;10;8;18;SEC_219
1997;122;16-17;9;8;17;SEC_122
2004;311;16-17;12;13;25;SEC_311
1994;134;75 i +;53;24;77;SEC_134
2003;423;75 i +;51;28;79;SEC_423
2016;120;00-02;27;14;41;SEC_120
1996;611;00-02;12;10;22;SEC_611
2007;520;00-02;12;10;22;SEC_520
2000;413;75 i +;32;13;45;SEC_413
2012;523;12-15;14;23;37;SEC_523
2016;535;03-11;33;30;63;SEC_535
1998;313;03-11;78;64;142;SEC_313
2005;404;65-74;85;68;153;SEC_404
1997;603;16-17;8;13;21;SEC_603
2013;138;75 i +;40;30;70;SEC_138
2013;216;50-64;113;102;215;SEC_216
2015;538;00-02;14;17;31;SEC_538
2015;510;50-64;99;88;187;SEC_510
2005;428;35-49;79;91;170;SEC_428
2011;131;35-49;149;179;328;SEC_131
1995;302;16-17;34;32;66;SEC_302
2009;426;12-15;14;23;37;SEC_426
2005;620;75 i +;14;8;22;SEC_620
2012;129;35-49;138;153;291;SEC_129
2004;417;25-34;59;79;138;SEC_417
2002;527;12-15;21;18;39;SEC_527
2003;626;50-64;114;96;210;SEC_626
2005;123;00-02;16;15;31;SEC_123
2003;231;25-34;95;99;194;SEC_231
2016;605;03-11;76;72;148;SEC_605
1995;437;16-17;12;12;24;SEC_437
1995;323;18-24;168;184;352;SEC_323
1997;249;16-17;8;7;15;SEC_249
2002;522;16-17;8;9;17;SEC_522
2009;511;35-49;87;100;187;SEC_511
2013;234;75 i +;74;42;116;SEC_234
2007;621;18-24;51;59;110;SEC_621
2010;627;35-49;87;95;182;SEC_627
2001;436;25-34;88;115;203;SEC_436
1996;403;03-11;37;36;73;SEC_403
2004;605;35-49;50;50;100;SEC_605
1994;117;03-11;99;91;190;SEC_117
2002;434;12-15;11;14;25;SEC_434
2016;538;35-49;164;176;340;SEC_538
1997;623;12-15;30;39;69;SEC_623
2013;423;12-15;16;16;32;SEC_423
1999;415;50-64;54;55;109;SEC_415
2008;139;18-24;24;38;62;SEC_139
1994;618;35-49;78;67;145;SEC_618
1997;424;75 i +;19;11;30;SEC_424
2003;407;03-11;28;28;56;SEC_407
1994;430;03-11;30;33;63;SEC_430
2003;619;00-02;11;13;24;SEC_619
2012;102;65-74;118;125;243;SEC_102
2010;529;25-34;112;104;216;SEC_529
2007;241;25-34;75;73;148;SEC_241
1997;124;65-74;40;33;73;SEC_124
1996;617;03-11;50;44;94;SEC_617
2006;525;75 i +;45;33;78;SEC_525
2012;419;50-64;55;59;114;SEC_419
2010;533;25-34;110;120;230;SEC_533
2013;632;16-17;8;12;20;SEC_632
1996;105;75 i +;37;22;59;SEC_105
2016;625;35-49;109;116;225;SEC_625
2005;117;25-34;163;181;344;SEC_117
2010;513;16-17;5;7;12;SEC_513
1999;221;25-34;103;85;188;SEC_221
2000;431;12-15;20;22;42;SEC_431
2000;422;65-74;81;61;142;SEC_422
2010;416;25-34;60;77;137;SEC_416
2008;107;18-24;61;67;128;SEC_107
2016;308;16-17;25;30;55;SEC_308
2001;437;00-02;15;6;21;SEC_437
2004;127;65-74;45;39;84;SEC_127
1995;527;16-17;11;11;22;SEC_527
1998;511;35-49;40;46;86;SEC_511
2010;417;35-49;88;93;181;SEC_417
2006;603;35-49;49;66;115;SEC_603
1995;118;00-02;17;25;42;SEC_118
2010;134;16-17;13;14;27;SEC_134
2007;434;18-24;31;40;71;SEC_434
1996;428;25-34;52;46;98;SEC_428
2006;101;35-49;220;225;445;SEC_101
2000;319;00-02;8;14;22;SEC_319
2005;603;25-34;57;68;125;SEC_603
2011;503;50-64;123;94;217;SEC_503
2011;314;50-64;272;260;532;SEC_314
2004;131;35-49;153;150;303;SEC_131
1994;411;12-15;31;25;56;SEC_411
1998;526;35-49;58;58;116;SEC_526
2005;532;18-24;69;64;133;SEC_532
2014;127;03-11;34;33;67;SEC_127
2010;325;03-11;62;70;132;SEC_325
1998;248;50-64;95;90;185;SEC_248
1998;116;25-34;145;146;291;SEC_116
2003;130;25-34;101;98;199;SEC_130
1995;426;12-15;14;19;33;SEC_426
2001;235;65-74;109;78;187;SEC_235
2002;119;75 i +;56;50;106;SEC_119
2008;212;12-15;20;34;54;SEC_212
2013;311;03-11;73;79;152;SEC_311
2009;114;16-17;12;8;20;SEC_114
2012;425;50-64;73;70;143;SEC_425
2002;232;00-02;12;13;25;SEC_232
2006;612;25-34;90;95;185;SEC_612
2014;118;65-74;104;113;217;SEC_118
2004;120;25-34;150;152;302;SEC_120
2003;505;16-17;7;6;13;SEC_505
2011;242;65-74;69;57;126;SEC_242
2000;409;35-49;67;58;125;SEC_409
2000;431;18-24;82;80;162;SEC_431
1998;236;00-02;11;8;19;SEC_236
2010;629;25-34;38;52;90;SEC_629
2014;430;35-49;132;144;276;SEC_430
1998;402;50-64;93;79;172;SEC_402
2013;139;00-02;12;9;21;SEC_139
2005;308;25-34;198;171;369;SEC_308
2008;529;00-02;35;25;60;SEC_529
2000;209;75 i +;89;49;138;SEC_209
1995;307;12-15;59;46;105;SEC_307
2013;131;03-11;42;56;98;SEC_131
2004;433;65-74;53;44;97;SEC_433
2007;531;35-49;107;132;239;SEC_531
2002;622;25-34;84;105;189;SEC_622
1999;133;00-02;5;10;15;SEC_133
2001;425;75 i +;57;30;87;SEC_425
1994;533;75 i +;41;25;66;SEC_533
2008;116;75 i +;70;44;114;SEC_116
1996;111;65-74;43;36;79;SEC_111
2013;247;18-24;47;67;114;SEC_247
2005;215;35-49;118;125;243;SEC_215
2014;245;75 i +;64;48;112;SEC_245
1997;522;12-15;23;14;37;SEC_522
1999;219;16-17;3;18;21;SEC_219
1998;137;65-74;44;38;82;SEC_137
2001;536;65-74;71;64;135;SEC_536
2002;414;75 i +;50;37;87;SEC_414
2007;121;12-15;15;15;30;SEC_121
1994;418;25-34;93;100;193;SEC_418
2015;437;00-02;20;20;40;SEC_437
2009;130;25-34;63;65;128;SEC_130
2008;232;50-64;90;79;169;SEC_232
2010;416;65-74;52;30;82;SEC_416
2016;224;12-15;21;17;38;SEC_224
1998;626;50-64;125;103;228;SEC_626
2009;222;16-17;7;12;19;SEC_222
2007;204;12-15;10;9;19;SEC_204
2015;523;50-64;112;122;234;SEC_523
2003;129;25-34;116;117;233;SEC_129
2002;324;35-49;85;99;184;SEC_324
2002;602;12-15;11;5;16;SEC_602
2008;427;65-74;46;22;68;SEC_427
1996;308;65-74;67;59;126;SEC_308
1998;320;35-49;51;42;93;SEC_320
2009;420;65-74;76;60;136;SEC_420
2002;424;65-74;38;43;81;SEC_424
2009;133;35-49;98;95;193;SEC_133
2015;615;25-34;36;33;69;SEC_615
2000;505;12-15;16;13;29;SEC_505
2016;248;00-02;16;19;35;SEC_248
2000;431;35-49;117;128;245;SEC_431
2006;320;50-64;98;102;200;SEC_320
2013;505;16-17;2;3;5;SEC_505
2009;502;00-02;26;21;47;SEC_502
2007;511;16-17;10;7;17;SEC_511
1995;516;25-34;62;68;130;SEC_516
2002;317;16-17;8;9;17;SEC_317
1995;223;12-15;16;20;36;SEC_223
1999;219;00-02;14;8;22;SEC_219
2008;101;18-24;52;53;105;SEC_101
1998;136;75 i +;48;25;73;SEC_136
1999;133;75 i +;47;29;76;SEC_133
2013;321;65-74;129;127;256;SEC_321
2006;413;65-74;36;28;64;SEC_413
1995;626;65-74;40;47;87;SEC_626
2005;608;12-15;14;17;31;SEC_608
1997;137;00-02;14;13;27;SEC_137
1999;314;50-64;152;166;318;SEC_314
2012;120;35-49;229;207;436;SEC_120
2013;137;03-11;73;59;132;SEC_137
2012;136;16-17;14;8;22;SEC_136
2007;509;00-02;15;19;34;SEC_509
2005;502;65-74;71;66;137;SEC_502
2010;227;75 i +;55;34;89;SEC_227
2012;118;18-24;75;62;137;SEC_118
2012;124;65-74;33;27;60;SEC_124
2004;224;18-24;26;30;56;SEC_224
2007;239;16-17;10;7;17;SEC_239
2001;136;35-49;123;110;233;SEC_136
1995;245;00-02;4;3;7;SEC_245
2000;622;16-17;15;5;20;SEC_622
2013;616;75 i +;46;38;84;SEC_616
1996;216;16-17;27;10;37;SEC_216
2003;221;35-49;114;129;243;SEC_221
2016;433;65-74;63;55;118;SEC_433
2012;436;35-49;125;158;283;SEC_436
2002;435;50-64;80;68;148;SEC_435
2002;320;00-02;12;17;29;SEC_320
2000;203;65-74;55;41;96;SEC_203
2009;110;50-64;166;127;293;SEC_110
2005;129;12-15;22;15;37;SEC_129
2007;629;35-49;61;70;131;SEC_629
2015;534;16-17;5;6;11;SEC_534
2010;112;00-02;12;16;28;SEC_112
2000;534;12-15;11;13;24;SEC_534
2004;233;75 i +;64;25;89;SEC_233
1999;609;35-49;65;45;110;SEC_609
2008;441;75 i +;94;62;156;SEC_441
2002;106;65-74;60;39;99;SEC_106
2006;517;12-15;18;25;43;SEC_517
2014;115;50-64;122;122;244;SEC_115
2003;414;03-11;38;38;76;SEC_414
2001;227;35-49;70;60;130;SEC_227
2007;604;65-74;41;40;81;SEC_604
2013;211;75 i +;94;38;132;SEC_211
2000;442;35-49;56;56;112;SEC_442
1997;627;50-64;90;111;201;SEC_627
1995;304;03-11;25;43;68;SEC_304
2013;520;35-49;100;103;203;SEC_520
2009;424;50-64;54;46;100;SEC_424
2006;415;18-24;34;50;84;SEC_415
2001;112;65-74;55;46;101;SEC_112
2007;104;03-11;41;36;77;SEC_104
2012;534;25-34;77;85;162;SEC_534
2000;525;25-34;86;88;174;SEC_525
1996;403;75 i +;44;19;63;SEC_403
1999;427;00-02;6;9;15;SEC_427
2000;423;35-49;77;81;158;SEC_423
2012;235;12-15;31;36;67;SEC_235
1996;127;12-15;21;14;35;SEC_127
1996;612;75 i +;33;12;45;SEC_612
2010;108;25-34;108;103;211;SEC_108
2010;436;00-02;27;19;46;SEC_436
2004;511;25-34;61;72;133;SEC_511
2005;118;16-17;32;16;48;SEC_118
2016;131;16-17;8;8;16;SEC_131
2001;405;25-34;92;81;173;SEC_405
1998;632;03-11;48;48;96;SEC_632
2007;309;50-64;80;71;151;SEC_309
2013;315;00-02;30;25;55;SEC_315
1999;528;50-64;129;115;244;SEC_528
2002;537;75 i +;64;29;93;SEC_537
1998;411;75 i +;45;24;69;SEC_411
2006;112;03-11;54;57;111;SEC_112
2002;204;12-15;6;5;11;SEC_204
2005;440;16-17;2;6;8;SEC_440
2003;218;75 i +;37;17;54;SEC_218
1999;216;65-74;82;63;145;SEC_216
1999;120;75 i +;43;21;64;SEC_120
2009;224;00-02;18;11;29;SEC_224
2012;224;25-34;56;58;114;SEC_224
1998;620;18-24;58;43;101;SEC_620
1999;614;00-02;9;12;21;SEC_614
2013;133;12-15;17;10;27;SEC_133
2013;502;16-17;11;15;26;SEC_502
1998;513;50-64;98;86;184;SEC_513
2010;615;03-11;39;22;61;SEC_615
2004;227;03-11;27;24;51;SEC_227
2009;514;25-34;73;90;163;SEC_514
2006;304;65-74;75;62;137;SEC_304
1997;631;25-34;92;98;190;SEC_631
1995;502;65-74;82;70;152;SEC_502
2015;117;65-74;115;95;210;SEC_117
2000;121;75 i +;47;27;74;SEC_121
1999;424;03-11;9;11;20;SEC_424
2015;129;18-24;44;33;77;SEC_129
2002;119;25-34;111;116;227;SEC_119
2010;320;25-34;58;60;118;SEC_320
1998;241;50-64;63;59;122;SEC_241
2003;305;50-64;122;131;253;SEC_305
1998;206;25-34;67;72;139;SEC_206
1996;523;18-24;82;78;160;SEC_523
2010;426;75 i +;51;31;82;SEC_426
2000;122;03-11;37;18;55;SEC_122
2005;608;16-17;7;7;14;SEC_608
2004;420;03-11;48;53;101;SEC_420
2006;607;12-15;17;17;34;SEC_607
2008;522;75 i +;39;24;63;SEC_522
2009;322;50-64;106;98;204;SEC_322
2005;124;50-64;80;71;151;SEC_124
2007;319;18-24;61;73;134;SEC_319
1996;321;75 i +;66;36;102;SEC_321
2010;312;00-02;27;38;65;SEC_312
2008;237;65-74;67;55;122;SEC_237
1994;309;35-49;83;75;158;SEC_309
2010;325;75 i +;185;93;278;SEC_325
2011;533;16-17;9;5;14;SEC_533
2009;131;12-15;16;18;34;SEC_131
1995;615;25-34;74;82;156;SEC_615
2009;440;12-15;21;11;32;SEC_440
2006;131;16-17;12;5;17;SEC_131
2010;308;65-74;91;91;182;SEC_308
1996;237;65-74;82;60;142;SEC_237
1998;219;75 i +;81;36;117;SEC_219
2015;247;03-11;82;83;165;SEC_247
1995;129;16-17;22;15;37;SEC_129
2007;129;75 i +;45;28;73;SEC_129
2003;422;35-49;105;119;224;SEC_422
2002;227;65-74;49;42;91;SEC_227
2010;525;25-34;82;97;179;SEC_525
2004;527;12-15;23;14;37;SEC_527
2011;529;35-49;168;165;333;SEC_529
2004;106;65-74;65;39;104;SEC_106
2013;508;03-11;62;72;134;SEC_508
1997;206;16-17;10;7;17;SEC_206
2010;116;25-34;93;109;202;SEC_116
2013;531;00-02;12;14;26;SEC_531
2012;527;00-02;16;18;34;SEC_527
2008;434;00-02;9;13;22;SEC_434
2014;410;75 i +;155;101;256;SEC_410
2016;420;25-34;139;134;273;SEC_420
2006;428;00-02;19;13;32;SEC_428
2014;131;12-15;12;24;36;SEC_131
2007;621;25-34;129;161;290;SEC_621
2013;314;35-49;266;285;551;SEC_314
2012;108;50-64;155;125;280;SEC_108
1999;111;65-74;40;43;83;SEC_111
2009;139;18-24;25;28;53;SEC_139
1998;133;50-64;91;80;171;SEC_133
2014;502;16-17;20;16;36;SEC_502
2007;321;25-34;193;167;360;SEC_321
2008;617;50-64;86;80;166;SEC_617
2000;234;25-34;71;82;153;SEC_234
2015;236;25-34;66;94;160;SEC_236
2003;322;00-02;17;25;42;SEC_322
1994;402;75 i +;41;22;63;SEC_402
2000;419;35-49;60;75;135;SEC_419
2010;615;50-64;98;52;150;SEC_615
2016;402;35-49;127;120;247;SEC_402
2006;510;03-11;36;35;71;SEC_510
2004;248;03-11;42;33;75;SEC_248
2016;247;35-49;170;179;349;SEC_247
2015;320;25-34;38;35;73;SEC_320
2008;231;00-02;17;13;30;SEC_231
2004;632;18-24;34;55;89;SEC_632
1994;610;75 i +;31;20;51;SEC_610
2010;139;00-02;11;15;26;SEC_139
1995;430;12-15;17;16;33;SEC_430
2010;301;00-02;53;52;105;SEC_301
2000;402;65-74;52;64;116;SEC_402
2005;626;18-24;28;33;61;SEC_626
2007;312;03-11;47;60;107;SEC_312
2001;229;12-15;10;8;18;SEC_229
2014;533;50-64;131;129;260;SEC_533
2007;105;03-11;35;49;84;SEC_105
2011;307;03-11;34;34;68;SEC_307
2004;527;03-11;41;26;67;SEC_527
2012;618;00-02;7;3;10;SEC_618
1995;239;18-24;54;59;113;SEC_239
1997;514;16-17;11;11;22;SEC_514
2006;134;00-02;18;17;35;SEC_134
1995;417;50-64;66;62;128;SEC_417
2005;122;75 i +;49;20;69;SEC_122
1997;116;00-02;17;17;34;SEC_116
1999;623;00-02;15;17;32;SEC_623
2004;248;65-74;61;56;117;SEC_248
2004;126;03-11;34;30;64;SEC_126
2001;125;03-11;33;42;75;SEC_125
2005;115;65-74;62;47;109;SEC_115
2006;205;65-74;59;53;112;SEC_205
1999;228;35-49;39;48;87;SEC_228
2010;219;16-17;20;9;29;SEC_219
1998;245;12-15;9;15;24;SEC_245
2005;204;35-49;56;71;127;SEC_204
2003;112;25-34;144;136;280;SEC_112
2007;510;12-15;14;18;32;SEC_510
2001;429;16-17;2;5;7;SEC_429
1995;129;18-24;101;98;199;SEC_129
2016;425;75 i +;73;49;122;SEC_425
1994;524;50-64;142;125;267;SEC_524
2013;136;50-64;110;102;212;SEC_136
2016;321;16-17;24;27;51;SEC_321
2005;301;50-64;217;203;420;SEC_301
2009;319;35-49;256;262;518;SEC_319
2000;238;18-24;27;31;58;SEC_238
1997;528;50-64;136;135;271;SEC_528
2003;403;75 i +;54;32;86;SEC_403
1996;526;50-64;60;77;137;SEC_526
1996;609;00-02;9;10;19;SEC_609
2008;208;03-11;49;53;102;SEC_208
2005;437;16-17;8;9;17;SEC_437
2012;614;75 i +;64;49;113;SEC_614
1999;422;35-49;86;96;182;SEC_422
2012;127;18-24;33;30;63;SEC_127
2008;520;75 i +;49;43;92;SEC_520
2011;115;00-02;24;25;49;SEC_115
2005;119;75 i +;69;51;120;SEC_119
2010;435;35-49;116;158;274;SEC_435
1994;611;03-11;67;46;113;SEC_611
2003;248;00-02;14;14;28;SEC_248
2009;609;03-11;33;30;63;SEC_609
2005;425;18-24;36;34;70;SEC_425
2012;114;50-64;153;124;277;SEC_114
2015;441;00-02;25;25;50;SEC_441
2001;527;03-11;33;28;61;SEC_527
1996;412;18-24;93;97;190;SEC_412
1998;228;03-11;23;19;42;SEC_228
2008;237;03-11;58;64;122;SEC_237
1999;103;00-02;11;8;19;SEC_103
2003;138;65-74;36;36;72;SEC_138
2009;418;50-64;108;92;200;SEC_418
2013;535;65-74;99;86;185;SEC_535
2009;107;50-64;159;144;303;SEC_107
1998;318;12-15;21;23;44;SEC_318
2004;223;35-49;129;165;294;SEC_223
2010;311;25-34;100;127;227;SEC_311
2008;201;16-17;5;6;11;SEC_201
2005;244;25-34;75;65;140;SEC_244
1998;531;25-34;79;80;159;SEC_531
2002;424;18-24;22;40;62;SEC_424
2015;131;18-24;36;40;76;SEC_131
2013;410;18-24;62;58;120;SEC_410
2003;240;03-11;21;25;46;SEC_240
2010;407;12-15;10;11;21;SEC_407
1994;619;35-49;169;158;327;SEC_619
2015;217;75 i +;67;44;111;SEC_217
1999;108;03-11;43;49;92;SEC_108
2001;513;18-24;37;26;63;SEC_513
1996;614;18-24;90;87;177;SEC_614
2009;533;12-15;10;16;26;SEC_533
2011;137;25-34;121;122;243;SEC_137
2010;410;18-24;48;55;103;SEC_410
1995;628;03-11;39;34;73;SEC_628
2007;417;00-02;11;11;22;SEC_417
1999;128;35-49;94;94;188;SEC_128
2016;423;25-34;74;70;144;SEC_423
1999;123;18-24;66;66;132;SEC_123
2009;321;35-49;258;247;505;SEC_321
1998;109;18-24;55;51;106;SEC_109
1995;609;18-24;107;103;210;SEC_609
2016;606;03-11;44;51;95;SEC_606
2007;135;18-24;72;70;142;SEC_135
2000;123;00-02;6;17;23;SEC_123
2007;227;65-74;39;25;64;SEC_227
2012;439;75 i +;57;51;108;SEC_439
2004;122;03-11;33;32;65;SEC_122
2003;609;18-24;37;35;72;SEC_609
1994;325;03-11;56;53;109;SEC_325
2006;217;25-34;68;85;153;SEC_217
1996;611;75 i +;37;23;60;SEC_611
2003;512;12-15;9;13;22;SEC_512
2002;518;00-02;15;18;33;SEC_518
2000;305;50-64;106;118;224;SEC_305
2015;202;75 i +;83;59;142;SEC_202
2007;220;16-17;7;9;16;SEC_220
2004;401;12-15;26;29;55;SEC_401
2014;607;65-74;84;40;124;SEC_607
1995;536;12-15;16;20;36;SEC_536
2004;317;12-15;15;19;34;SEC_317
2006;113;35-49;168;173;341;SEC_113
2002;217;00-02;1;6;7;SEC_217
1999;516;00-02;12;8;20;SEC_516
2011;623;35-49;147;163;310;SEC_623
1995;607;25-34;106;121;227;SEC_607
1999;511;03-11;14;23;37;SEC_511
2009;533;18-24;49;48;97;SEC_533
1995;237;25-34;106;123;229;SEC_237
1995;310;35-49;106;121;227;SEC_310
2012;606;16-17;7;14;21;SEC_606
2002;427;16-17;2;8;10;SEC_427
2001;214;75 i +;36;19;55;SEC_214
2011;622;75 i +;32;16;48;SEC_622
2001;537;12-15;16;17;33;SEC_537
2003;324;18-24;52;39;91;SEC_324
2016;116;35-49;150;158;308;SEC_116
2005;436;12-15;10;20;30;SEC_436
2005;310;65-74;39;28;67;SEC_310
2016;421;16-17;9;11;20;SEC_421
1995;504;00-02;5;6;11;SEC_504
2005;441;18-24;108;114;222;SEC_441
2016;140;03-11;45;57;102;SEC_140
2010;607;65-74;103;78;181;SEC_607
2005;104;00-02;7;21;28;SEC_104
1999;217;12-15;11;11;22;SEC_217
2001;114;03-11;50;43;93;SEC_114
2005;320;18-24;36;32;68;SEC_320
2002;620;25-34;61;48;109;SEC_620
2014;232;12-15;17;8;25;SEC_232
2016;111;35-49;94;89;183;SEC_111
2011;310;00-02;13;18;31;SEC_310
2010;218;00-02;8;11;19;SEC_218
2003;533;75 i +;32;19;51;SEC_533
2012;203;75 i +;45;31;76;SEC_203
2001;611;18-24;81;68;149;SEC_611
2001;423;16-17;1;5;6;SEC_423
1995;426;00-02;7;12;19;SEC_426
2001;126;03-11;25;19;44;SEC_126
2003;612;03-11;30;40;70;SEC_612
2005;426;35-49;108;123;231;SEC_426
2002;526;25-34;70;81;151;SEC_526
2015;524;35-49;166;180;346;SEC_524
1997;401;35-49;119;114;233;SEC_401
1998;508;50-64;60;48;108;SEC_508
2000;314;16-17;39;33;72;SEC_314
2005;607;03-11;35;35;70;SEC_607
2006;139;75 i +;34;18;52;SEC_139
2004;615;35-49;58;71;129;SEC_615
1996;614;03-11;23;43;66;SEC_614
2009;240;03-11;30;23;53;SEC_240
2000;239;65-74;98;72;170;SEC_239
2010;226;00-02;25;24;49;SEC_226
2003;236;50-64;95;83;178;SEC_236
1994;615;18-24;117;133;250;SEC_615
2016;319;25-34;98;99;197;SEC_319
2001;514;03-11;26;19;45;SEC_514
2005;535;18-24;48;49;97;SEC_535
2003;308;00-02;23;36;59;SEC_308
2002;304;00-02;19;13;32;SEC_304
1994;533;65-74;40;37;77;SEC_533
2014;122;00-02;10;15;25;SEC_122
2006;616;35-49;302;290;592;SEC_616
1996;320;00-02;6;4;10;SEC_320
2010;431;00-02;24;33;57;SEC_431
2011;309;12-15;9;28;37;SEC_309
1994;127;35-49;89;100;189;SEC_127
1996;608;12-15;28;19;47;SEC_608
2006;221;50-64;84;85;169;SEC_221
2003;310;35-49;102;106;208;SEC_310
1997;135;50-64;139;144;283;SEC_135
2007;437;35-49;102;117;219;SEC_437
2005;628;25-34;74;98;172;SEC_628
2005;302;75 i +;51;33;84;SEC_302
2014;403;25-34;77;82;159;SEC_403
1995;218;50-64;74;69;143;SEC_218
2009;438;03-11;28;31;59;SEC_438
2005;302;25-34;152;176;328;SEC_302
1996;407;50-64;118;106;224;SEC_407
2011;135;00-02;17;20;37;SEC_135
2002;209;00-02;11;10;21;SEC_209
2015;127;35-49;102;99;201;SEC_127
1994;617;03-11;57;54;111;SEC_617
2009;401;75 i +;92;41;133;SEC_401
2004;239;50-64;91;80;171;SEC_239
1994;509;35-49;68;65;133;SEC_509
2002;508;25-34;44;52;96;SEC_508
2000;106;18-24;140;174;314;SEC_106
2002;433;65-74;50;44;94;SEC_433
2004;325;75 i +;156;83;239;SEC_325
2012;613;03-11;47;57;104;SEC_613
2003;111;75 i +;42;29;71;SEC_111
2002;624;25-34;88;148;236;SEC_624
2003;218;65-74;37;24;61;SEC_218
1994;632;03-11;48;66;114;SEC_632
1994;242;03-11;30;31;61;SEC_242
2003;511;50-64;54;45;99;SEC_511
2002;225;35-49;46;63;109;SEC_225
1997;309;12-15;14;13;27;SEC_309
2014;242;03-11;46;44;90;SEC_242
2003;507;75 i +;36;18;54;SEC_507
2009;315;75 i +;65;28;93;SEC_315
2006;521;65-74;58;69;127;SEC_521
2012;237;12-15;15;26;41;SEC_237
1997;622;12-15;26;31;57;SEC_622
2015;223;35-49;148;156;304;SEC_223
1997;125;12-15;24;27;51;SEC_125
2010;626;18-24;28;23;51;SEC_626
1998;117;16-17;33;35;68;SEC_117
2016;401;12-15;20;20;40;SEC_401
2004;413;12-15;9;9;18;SEC_413
1996;618;00-02;5;7;12;SEC_618
2000;135;03-11;60;45;105;SEC_135
2015;405;35-49;223;213;436;SEC_405
2006;611;00-02;27;30;57;SEC_611
1997;405;18-24;41;51;92;SEC_405
2001;210;65-74;97;66;163;SEC_210
2004;612;18-24;39;38;77;SEC_612
2001;619;00-02;18;12;30;SEC_619
2012;323;50-64;385;343;728;SEC_323
2011;438;18-24;28;31;59;SEC_438
2001;420;50-64;109;92;201;SEC_420
2004;606;35-49;118;122;240;SEC_606
2011;535;12-15;11;11;22;SEC_535
1996;625;12-15;74;55;129;SEC_625
2005;105;35-49;152;124;276;SEC_105
2008;525;35-49;95;120;215;SEC_525
2007;508;75 i +;36;22;58;SEC_508
1997;220;18-24;40;34;74;SEC_220
1999;431;25-34;101;101;202;SEC_431
2004;528;16-17;19;8;27;SEC_528
2015;529;03-11;58;60;118;SEC_529
2009;109;35-49;119;116;235;SEC_109
2009;413;12-15;19;10;29;SEC_413
2000;440;12-15;9;12;21;SEC_440
2011;516;50-64;44;47;91;SEC_516
2009;219;50-64;96;87;183;SEC_219
2001;430;50-64;81;74;155;SEC_430
1998;208;65-74;137;116;253;SEC_208
2011;322;16-17;9;14;23;SEC_322
2000;528;18-24;55;61;116;SEC_528
2009;626;12-15;17;18;35;SEC_626
2002;115;35-49;148;148;296;SEC_115
1994;631;35-49;170;126;296;SEC_631
2014;626;18-24;26;23;49;SEC_626
2016;630;16-17;8;5;13;SEC_630
1999;536;50-64;109;94;203;SEC_536
2013;419;25-34;141;185;326;SEC_419
1994;412;18-24;99;97;196;SEC_412
1998;505;65-74;54;47;101;SEC_505
2004;102;75 i +;75;41;116;SEC_102
2008;518;00-02;18;18;36;SEC_518
2010;429;12-15;12;10;22;SEC_429
2008;306;75 i +;101;75;176;SEC_306
2008;105;65-74;39;41;80;SEC_105
1996;311;16-17;17;17;34;SEC_311
2016;526;12-15;36;32;68;SEC_526
2007;404;00-02;23;25;48;SEC_404
2005;137;16-17;18;10;28;SEC_137
2003;532;00-02;16;14;30;SEC_532
1994;213;35-49;93;109;202;SEC_213
2009;236;18-24;47;56;103;SEC_236
1994;506;35-49;267;246;513;SEC_506
2016;216;18-24;42;43;85;SEC_216
2008;207;03-11;23;26;49;SEC_207
1994;430;00-02;8;11;19;SEC_430
1998;427;35-49;64;58;122;SEC_427
2015;104;65-74;41;37;78;SEC_104
2005;123;12-15;28;32;60;SEC_123
2011;628;75 i +;53;37;90;SEC_628
2007;629;00-02;11;5;16;SEC_629
2006;140;12-15;2;16;18;SEC_140
1996;122;03-11;28;10;38;SEC_122
1996;429;35-49;76;80;156;SEC_429
1998;617;12-15;31;20;51;SEC_617
2008;523;65-74;86;80;166;SEC_523
1994;114;65-74;56;42;98;SEC_114
2004;128;75 i +;45;28;73;SEC_128
2003;230;50-64;53;47;100;SEC_230
1997;134;25-34;110;104;214;SEC_134
1999;115;50-64;118;126;244;SEC_115
2005;202;25-34;72;107;179;SEC_202
2008;202;16-17;8;7;15;SEC_202
2004;222;12-15;20;19;39;SEC_222
2008;533;65-74;61;39;100;SEC_533
2013;101;12-15;37;28;65;SEC_101
2016;610;50-64;90;86;176;SEC_610
1996;527;18-24;57;40;97;SEC_527
2002;117;18-24;122;122;244;SEC_117
2009;233;35-49;115;133;248;SEC_233
2006;116;75 i +;66;45;111;SEC_116
2007;132;03-11;78;78;156;SEC_132
2013;612;18-24;22;33;55;SEC_612
2001;428;50-64;36;32;68;SEC_428
2007;111;16-17;11;10;21;SEC_111
2005;313;75 i +;73;45;118;SEC_313
2007;134;00-02;20;14;34;SEC_134
2001;307;16-17;12;17;29;SEC_307
2010;604;16-17;7;9;16;SEC_604
2005;409;75 i +;26;19;45;SEC_409
2004;418;16-17;5;15;20;SEC_418
2010;512;03-11;28;42;70;SEC_512
2014;236;00-02;13;13;26;SEC_236
2000;624;35-49;93;73;166;SEC_624
1997;501;03-11;35;37;72;SEC_501
1998;222;25-34;67;76;143;SEC_222
1999;231;16-17;7;11;18;SEC_231
2007;324;75 i +;47;21;68;SEC_324
2009;601;35-49;119;168;287;SEC_601
2007;507;18-24;35;33;68;SEC_507
1998;228;18-24;31;37;68;SEC_228
1997;324;50-64;73;77;150;SEC_324
2008;120;16-17;23;22;45;SEC_120
2011;529;16-17;14;10;24;SEC_529
2010;102;75 i +;99;56;155;SEC_102
2000;126;65-74;66;49;115;SEC_126
2004;514;03-11;31;31;62;SEC_514
2010;318;12-15;16;14;30;SEC_318
1998;606;75 i +;32;14;46;SEC_606
2016;242;35-49;148;152;300;SEC_242
1995;526;18-24;44;46;90;SEC_526
2008;231;03-11;47;45;92;SEC_231
2003;424;00-02;5;7;12;SEC_424
2014;514;25-34;112;102;214;SEC_514
1997;102;18-24;134;147;281;SEC_102
1997;405;00-02;7;10;17;SEC_405
1995;413;18-24;29;34;63;SEC_413
2015;133;50-64;84;71;155;SEC_133
2002;217;16-17;6;4;10;SEC_217
2016;212;00-02;19;21;40;SEC_212
2006;310;16-17;6;9;15;SEC_310
2007;536;65-74;55;47;102;SEC_536
1999;527;50-64;82;83;165;SEC_527
2012;312;25-34;166;170;336;SEC_312
1995;241;00-02;2;2;4;SEC_241
1994;314;35-49;311;334;645;SEC_314
2008;102;16-17;11;19;30;SEC_102
2013;437;03-11;73;86;159;SEC_437
2011;245;75 i +;74;44;118;SEC_245
1995;122;75 i +;33;18;51;SEC_122
2011;523;25-34;129;122;251;SEC_523
2007;519;16-17;5;9;14;SEC_519
2000;323;65-74;69;44;113;SEC_323
2002;436;50-64;61;52;113;SEC_436
2010;602;50-64;38;29;67;SEC_602
1995;410;18-24;134;118;252;SEC_410
1996;304;03-11;27;49;76;SEC_304
2006;107;50-64;176;152;328;SEC_107
1995;536;16-17;11;8;19;SEC_536
2012;622;35-49;91;105;196;SEC_622
1995;528;03-11;40;29;69;SEC_528
1997;436;50-64;70;65;135;SEC_436
2009;504;18-24;27;44;71;SEC_504
1997;325;50-64;194;183;377;SEC_325
2012;139;35-49;103;123;226;SEC_139
2004;631;12-15;21;15;36;SEC_631
1999;121;25-34;85;82;167;SEC_121
1997;232;25-34;72;69;141;SEC_232
1996;534;25-34;79;80;159;SEC_534
2009;312;25-34;160;179;339;SEC_312
2003;420;25-34;133;168;301;SEC_420
2014;501;25-34;50;48;98;SEC_501
1999;228;12-15;7;6;13;SEC_228
1996;248;03-11;38;35;73;SEC_248
2009;506;18-24;63;77;140;SEC_506
2004;426;16-17;11;9;20;SEC_426
2003;223;35-49;122;139;261;SEC_223
2003;249;12-15;14;23;37;SEC_249
1995;409;00-02;5;5;10;SEC_409
2012;103;03-11;31;32;63;SEC_103
2012;131;25-34;81;105;186;SEC_131
2008;102;18-24;55;54;109;SEC_102
2004;224;03-11;17;22;39;SEC_224
1997;230;50-64;80;70;150;SEC_230
2002;203;75 i +;48;30;78;SEC_203
1995;224;75 i +;33;16;49;SEC_224
2004;222;16-17;10;12;22;SEC_222
2014;240;12-15;28;18;46;SEC_240
2000;230;00-02;10;11;21;SEC_230
2015;214;50-64;151;160;311;SEC_214
1997;422;12-15;26;15;41;SEC_422
2012;425;00-02;18;21;39;SEC_425
2006;441;25-34;137;161;298;SEC_441
1994;416;12-15;18;17;35;SEC_416
2003;620;65-74;32;40;72;SEC_620
2002;227;50-64;68;53;121;SEC_227
1999;238;18-24;24;35;59;SEC_238
1998;107;35-49;174;173;347;SEC_107
1995;224;03-11;18;21;39;SEC_224
1996;101;18-24;66;59;125;SEC_101
2012;535;12-15;11;13;24;SEC_535
2008;514;65-74;47;33;80;SEC_514
2003;433;65-74;53;46;99;SEC_433
2013;619;18-24;33;33;66;SEC_619
2013;606;18-24;37;37;74;SEC_606
2013;231;16-17;8;15;23;SEC_231
2008;430;03-11;43;48;91;SEC_430
2008;203;00-02;11;23;34;SEC_203
2000;408;00-02;5;12;17;SEC_408
1996;223;03-11;33;40;73;SEC_223
1994;104;00-02;11;8;19;SEC_104
1999;232;25-34;77;73;150;SEC_232
2004;531;65-74;50;48;98;SEC_531
1998;441;18-24;125;130;255;SEC_441
2009;230;75 i +;55;28;83;SEC_230
2012;226;50-64;99;81;180;SEC_226
2008;230;03-11;41;35;76;SEC_230
2000;404;65-74;84;69;153;SEC_404
2001;307;00-02;13;11;24;SEC_307
2004;532;03-11;55;26;81;SEC_532
2010;313;00-02;31;33;64;SEC_313
2004;616;16-17;38;39;77;SEC_616
2010;522;03-11;46;48;94;SEC_522
2008;109;25-34;86;82;168;SEC_109
1996;102;65-74;86;63;149;SEC_102
2009;121;65-74;37;21;58;SEC_121
1997;538;00-02;12;10;22;SEC_538
1994;613;35-49;158;103;261;SEC_613
2009;501;18-24;34;32;66;SEC_501
2010;111;16-17;3;6;9;SEC_111
2014;403;16-17;8;9;17;SEC_403
2005;528;50-64;103;88;191;SEC_528
2011;316;00-02;15;16;31;SEC_316
1994;617;35-49;109;113;222;SEC_617
2002;501;35-49;114;88;202;SEC_501
1997;419;25-34;72;84;156;SEC_419
2006;601;18-24;44;51;95;SEC_601
1999;410;00-02;16;17;33;SEC_410
2015;313;50-64;214;171;385;SEC_313
2015;535;00-02;7;6;13;SEC_535
2012;440;65-74;79;78;157;SEC_440
2012;531;03-11;35;31;66;SEC_531
2015;326;18-24;20;16;36;SEC_326
2001;438;50-64;94;82;176;SEC_438
1994;420;18-24;79;68;147;SEC_420
2010;530;16-17;9;12;21;SEC_530
2012;503;50-64;119;92;211;SEC_503
2001;322;75 i +;49;25;74;SEC_322
2012;632;03-11;53;54;107;SEC_632
2008;235;12-15;22;21;43;SEC_235
2006;218;16-17;3;9;12;SEC_218
1995;319;50-64;62;66;128;SEC_319
1994;308;03-11;56;54;110;SEC_308
2015;409;12-15;26;24;50;SEC_409
2004;101;00-02;38;34;72;SEC_101
2014;324;03-11;62;54;116;SEC_324
2002;222;50-64;74;76;150;SEC_222
2006;305;12-15;43;21;64;SEC_305
2014;534;35-49;112;119;231;SEC_534
2005;240;25-34;78;74;152;SEC_240
2008;242;25-34;99;127;226;SEC_242
1994;210;75 i +;45;27;72;SEC_210
1995;625;00-02;9;16;25;SEC_625
2004;136;03-11;40;46;86;SEC_136
1994;425;18-24;67;51;118;SEC_425
2016;532;35-49;173;187;360;SEC_532
2000;106;50-64;166;204;370;SEC_106
2010;103;65-74;42;31;73;SEC_103
2006;535;50-64;135;119;254;SEC_535
2003;321;75 i +;90;54;144;SEC_321
2004;531;35-49;90;113;203;SEC_531
2016;104;35-49;117;109;226;SEC_104
2012;432;12-15;18;24;42;SEC_432
2003;621;18-24;93;109;202;SEC_621
2007;225;25-34;38;69;107;SEC_225
1998;308;16-17;11;14;25;SEC_308
2013;402;12-15;16;17;33;SEC_402
2002;604;16-17;12;8;20;SEC_604
2014;307;50-64;182;131;313;SEC_307
2012;420;75 i +;81;62;143;SEC_420
2009;622;65-74;35;38;73;SEC_622
2011;236;75 i +;96;63;159;SEC_236
2010;244;75 i +;53;30;83;SEC_244
2010;323;03-11;141;131;272;SEC_323
2007;221;50-64;84;88;172;SEC_221
1995;313;75 i +;51;28;79;SEC_313
2009;442;16-17;6;8;14;SEC_442
1995;120;25-34;120;102;222;SEC_120
1997;131;12-15;36;26;62;SEC_131
2010;118;12-15;26;29;55;SEC_118
2004;603;03-11;24;25;49;SEC_603
2012;216;50-64;111;102;213;SEC_216
1994;316;12-15;98;119;217;SEC_316
1996;618;12-15;8;16;24;SEC_618
2004;236;16-17;15;5;20;SEC_236
2015;126;16-17;8;7;15;SEC_126
2016;511;00-02;37;43;80;SEC_511
1996;108;75 i +;73;33;106;SEC_108
1998;525;03-11;23;31;54;SEC_525
2004;317;50-64;69;79;148;SEC_317
1998;249;03-11;22;24;46;SEC_249
1995;432;65-74;71;57;128;SEC_432
1995;533;16-17;5;13;18;SEC_533
2003;424;75 i +;20;14;34;SEC_424
2016;615;18-24;21;21;42;SEC_615
2015;236;75 i +;103;47;150;SEC_236
2008;214;65-74;37;34;71;SEC_214
2010;425;16-17;5;10;15;SEC_425
2011;512;16-17;7;4;11;SEC_512
2013;425;25-34;77;117;194;SEC_425
2014;249;35-49;126;136;262;SEC_249
2003;625;35-49;155;126;281;SEC_625
2016;528;65-74;56;47;103;SEC_528
2000;414;12-15;10;16;26;SEC_414
1999;519;00-02;11;15;26;SEC_519
2007;105;00-02;21;18;39;SEC_105
2001;623;03-11;47;58;105;SEC_623
2006;605;18-24;23;21;44;SEC_605
2005;306;75 i +;96;63;159;SEC_306
1995;131;75 i +;30;11;41;SEC_131
1995;505;00-02;16;7;23;SEC_505
2000;528;50-64;123;111;234;SEC_528
2000;103;65-74;42;39;81;SEC_103
1997;102;03-11;56;63;119;SEC_102
2010;209;16-17;3;8;11;SEC_209
2016;109;75 i +;67;40;107;SEC_109
2013;630;35-49;86;83;169;SEC_630
2000;506;00-02;18;21;39;SEC_506
2009;632;65-74;62;46;108;SEC_632
2007;603;03-11;26;25;51;SEC_603
2001;423;12-15;11;14;25;SEC_423
2005;425;35-49;96;117;213;SEC_425
2004;603;12-15;8;12;20;SEC_603
2003;124;12-15;18;20;38;SEC_124
1997;136;16-17;19;22;41;SEC_136
2011;428;12-15;16;10;26;SEC_428
2003;247;12-15;21;24;45;SEC_247
2001;217;12-15;9;9;18;SEC_217
2011;306;65-74;65;47;112;SEC_306
2012;418;03-11;63;45;108;SEC_418
2010;441;16-17;18;16;34;SEC_441
2012;310;50-64;99;95;194;SEC_310
2012;504;75 i +;87;75;162;SEC_504
2006;622;25-34;70;83;153;SEC_622
2000;239;35-49;95;97;192;SEC_239
2013;120;50-64;200;196;396;SEC_120
2009;406;00-02;22;22;44;SEC_406
2006;503;25-34;76;83;159;SEC_503
2006;319;16-17;7;10;17;SEC_319
2011;241;25-34;79;65;144;SEC_241
2008;236;18-24;51;52;103;SEC_236
2005;628;75 i +;39;27;66;SEC_628
2005;439;12-15;17;23;40;SEC_439
2013;207;12-15;24;41;65;SEC_207
2015;529;18-24;49;42;91;SEC_529
2001;623;18-24;98;116;214;SEC_623
2013;326;12-15;8;8;16;SEC_326
2005;214;18-24;36;32;68;SEC_214
2011;422;00-02;14;19;33;SEC_422
2002;619;00-02;14;11;25;SEC_619
2001;204;16-17;3;7;10;SEC_204
2011;404;75 i +;87;54;141;SEC_404
2003;406;16-17;13;12;25;SEC_406
2015;507;35-49;99;112;211;SEC_507
2015;318;18-24;18;36;54;SEC_318
2011;140;12-15;14;20;34;SEC_140
2015;303;12-15;16;16;32;SEC_303
2008;437;03-11;38;35;73;SEC_437
2015;318;25-34;51;47;98;SEC_318
2012;322;75 i +;69;48;117;SEC_322
2014;537;16-17;6;11;17;SEC_537
2001;609;65-74;42;39;81;SEC_609
1997;227;03-11;13;16;29;SEC_227
2011;606;00-02;23;21;44;SEC_606
1997;308;75 i +;57;34;91;SEC_308
2015;318;12-15;8;18;26;SEC_318
2011;526;50-64;49;56;105;SEC_526
2008;604;35-49;82;108;190;SEC_604
2001;431;35-49;122;133;255;SEC_431
2009;622;16-17;4;9;13;SEC_622
2007;438;16-17;8;8;16;SEC_438
2003;234;65-74;79;44;123;SEC_234
2002;607;18-24;37;45;82;SEC_607
2006;218;25-34;78;105;183;SEC_218
2009;248;50-64;98;88;186;SEC_248
1995;308;12-15;36;34;70;SEC_308
2012;520;35-49;93;102;195;SEC_520
1999;245;25-34;77;89;166;SEC_245
2005;112;12-15;30;42;72;SEC_112
2001;308;16-17;17;23;40;SEC_308
1994;201;35-49;59;48;107;SEC_201
2009;621;75 i +;43;25;68;SEC_621
1994;606;03-11;51;49;100;SEC_606
2016;506;50-64;194;148;342;SEC_506
2001;104;25-34;80;89;169;SEC_104
2014;319;16-17;13;21;34;SEC_319
1995;436;50-64;79;63;142;SEC_436
2007;110;65-74;62;52;114;SEC_110
2006;217;12-15;11;10;21;SEC_217
1998;231;03-11;29;34;63;SEC_231
2005;526;00-02;14;9;23;SEC_526
2010;406;03-11;47;61;108;SEC_406
1995;632;03-11;51;61;112;SEC_632
2003;528;12-15;25;13;38;SEC_528
2005;506;18-24;72;94;166;SEC_506
1996;210;16-17;14;6;20;SEC_210
2011;240;50-64;61;44;105;SEC_240
2000;318;35-49;133;129;262;SEC_318
2011;616;12-15;61;85;146;SEC_616
2001;528;50-64;124;103;227;SEC_528
2008;430;25-34;124;147;271;SEC_430
2004;433;35-49;126;127;253;SEC_433
2014;427;03-11;85;95;180;SEC_427
2013;226;65-74;76;66;142;SEC_226
2015;205;03-11;29;30;59;SEC_205
2009;404;25-34;127;130;257;SEC_404
2016;124;75 i +;44;39;83;SEC_124
1999;435;50-64;81;63;144;SEC_435
1997;130;50-64;120;102;222;SEC_130
1998;249;50-64;105;91;196;SEC_249
2014;323;16-17;17;18;35;SEC_323
2014;120;65-74;84;76;160;SEC_120
2008;107;50-64;168;138;306;SEC_107
2002;305;12-15;30;34;64;SEC_305
2003;608;03-11;33;30;63;SEC_608
1995;426;35-49;81;87;168;SEC_426
2008;440;65-74;83;82;165;SEC_440
2003;516;16-17;6;5;11;SEC_516
2006;134;03-11;38;51;89;SEC_134
2013;514;00-02;23;24;47;SEC_514
1999;121;00-02;10;13;23;SEC_121
2007;234;00-02;11;15;26;SEC_234
1997;513;25-34;64;70;134;SEC_513
2011;311;03-11;62;76;138;SEC_311
2001;108;25-34;99;87;186;SEC_108
2003;131;50-64;171;188;359;SEC_131
2013;433;35-49;226;251;477;SEC_433
2010;210;35-49;95;93;188;SEC_210
1999;411;50-64;116;109;225;SEC_411
2003;523;12-15;14;24;38;SEC_523
2016;123;03-11;47;55;102;SEC_123
2001;420;00-02;7;16;23;SEC_420
1998;225;50-64;54;41;95;SEC_225
1999;237;50-64;133;117;250;SEC_237
2007;532;16-17;9;13;22;SEC_532
2006;435;03-11;41;42;83;SEC_435
2007;129;12-15;25;12;37;SEC_129
2015;317;18-24;36;51;87;SEC_317
2007;204;35-49;71;82;153;SEC_204
2011;232;35-49;128;133;261;SEC_232
2004;123;16-17;9;7;16;SEC_123
1995;320;16-17;7;21;28;SEC_320
2013;405;50-64;124;134;258;SEC_405
2011;522;75 i +;42;35;77;SEC_522
1999;232;65-74;81;60;141;SEC_232
2016;431;25-34;123;132;255;SEC_431
2012;230;16-17;13;12;25;SEC_230
2001;433;03-11;39;44;83;SEC_433
1999;515;00-02;4;5;9;SEC_515
2013;506;12-15;34;35;69;SEC_506
2015;214;00-02;36;34;70;SEC_214
2014;139;35-49;97;117;214;SEC_139
2011;441;75 i +;96;69;165;SEC_441
2002;319;18-24;53;60;113;SEC_319
2003;402;65-74;60;60;120;SEC_402
1994;126;03-11;32;36;68;SEC_126
2010;229;03-11;28;26;54;SEC_229
1999;216;03-11;28;38;66;SEC_216
1999;532;00-02;16;15;31;SEC_532
2014;508;18-24;55;74;129;SEC_508
1998;240;16-17;9;6;15;SEC_240
2010;532;00-02;17;23;40;SEC_532
1999;516;18-24;21;32;53;SEC_516
1998;425;35-49;75;79;154;SEC_425
2000;312;35-49;151;168;319;SEC_312
2002;505;12-15;17;11;28;SEC_505
1998;536;18-24;44;50;94;SEC_536
2003;408;25-34;66;74;140;SEC_408
2004;623;65-74;56;64;120;SEC_623
2001;218;12-15;6;18;24;SEC_218
2010;517;35-49;151;198;349;SEC_517
2006;435;12-15;15;18;33;SEC_435
2007;312;12-15;23;23;46;SEC_312
2014;528;25-34;88;75;163;SEC_528
2013;212;00-02;25;15;40;SEC_212
2004;501;35-49;108;87;195;SEC_501
1995;612;03-11;35;43;78;SEC_612
2000;629;12-15;17;10;27;SEC_629
2008;611;50-64;141;94;235;SEC_611
2015;114;35-49;173;198;371;SEC_114
2012;602;16-17;4;4;8;SEC_602
2002;213;00-02;5;15;20;SEC_213
2016;630;50-64;81;73;154;SEC_630
2003;206;65-74;68;56;124;SEC_206
2006;607;75 i +;48;27;75;SEC_607
2015;525;35-49;119;133;252;SEC_525
2011;439;00-02;27;27;54;SEC_439
1994;206;50-64;109;97;206;SEC_206
2008;309;03-11;32;63;95;SEC_309
2010;227;16-17;5;5;10;SEC_227
2008;536;35-49;98;114;212;SEC_536
2009;302;00-02;19;25;44;SEC_302
2000;512;18-24;32;44;76;SEC_512
2006;506;16-17;16;20;36;SEC_506
1994;230;16-17;8;9;17;SEC_230
2014;406;50-64;117;120;237;SEC_406
2004;140;50-64;107;97;204;SEC_140
2002;118;25-34;145;164;309;SEC_118
2001;308;75 i +;73;44;117;SEC_308
2003;307;00-02;11;13;24;SEC_307
2007;503;03-11;26;30;56;SEC_503
1994;528;16-17;17;19;36;SEC_528
2004;224;65-74;37;22;59;SEC_224
1999;110;35-49;147;128;275;SEC_110
2001;121;75 i +;49;32;81;SEC_121
2007;608;00-02;6;7;13;SEC_608
1995;510;00-02;4;12;16;SEC_510
2005;538;03-11;41;52;93;SEC_538
2003;604;35-49;77;78;155;SEC_604
2006;611;03-11;57;63;120;SEC_611
1997;213;16-17;15;16;31;SEC_213
2008;226;50-64;104;86;190;SEC_226
2009;221;50-64;93;86;179;SEC_221
2001;307;75 i +;61;36;97;SEC_307
2008;509;25-34;82;98;180;SEC_509
2014;430;25-34;79;83;162;SEC_430
1999;214;00-02;4;3;7;SEC_214
2013;617;16-17;5;12;17;SEC_617
2009;632;00-02;19;26;45;SEC_632
2016;118;12-15;27;18;45;SEC_118
2006;429;00-02;7;7;14;SEC_429
2005;226;35-49;135;136;271;SEC_226
2002;202;25-34;70;72;142;SEC_202
1999;602;16-17;9;6;15;SEC_602
1996;117;75 i +;44;20;64;SEC_117
2015;435;03-11;52;62;114;SEC_435
2012;404;35-49;163;177;340;SEC_404
2007;101;75 i +;42;38;80;SEC_101
1997;305;18-24;62;65;127;SEC_305
2010;431;65-74;66;47;113;SEC_431
1996;301;25-34;154;149;303;SEC_301
2007;108;75 i +;105;69;174;SEC_108
2005;224;00-02;7;6;13;SEC_224
2012;618;50-64;54;40;94;SEC_618
2004;213;50-64;95;91;186;SEC_213
2013;534;25-34;65;77;142;SEC_534
2013;614;00-02;5;13;18;SEC_614
2006;238;16-17;6;8;14;SEC_238
2012;509;75 i +;41;21;62;SEC_509
2016;505;75 i +;88;84;172;SEC_505
1998;626;35-49;110;110;220;SEC_626
2009;238;35-49;113;133;246;SEC_238
2001;415;00-02;3;8;11;SEC_415
2002;409;25-34;63;84;147;SEC_409
1995;401;18-24;69;69;138;SEC_401
1995;601;75 i +;60;22;82;SEC_601
2003;242;16-17;7;12;19;SEC_242
2005;127;00-02;11;11;22;SEC_127
2004;238;03-11;24;25;49;SEC_238
2006;135;75 i +;57;39;96;SEC_135
2013;140;65-74;50;49;99;SEC_140
1997;210;03-11;27;29;56;SEC_210
1998;204;25-34;43;42;85;SEC_204
2014;140;00-02;10;20;30;SEC_140
2012;616;03-11;161;148;309;SEC_616
2008;414;16-17;11;5;16;SEC_414
2015;323;18-24;60;62;122;SEC_323
2011;442;35-49;70;83;153;SEC_442
2005;404;16-17;9;12;21;SEC_404
2006;603;65-74;31;33;64;SEC_603
1996;511;35-49;46;52;98;SEC_511
2008;214;16-17;7;6;13;SEC_214
2016;315;50-64;182;160;342;SEC_315
1996;325;35-49;180;170;350;SEC_325
2012;434;18-24;30;30;60;SEC_434
2003;630;75 i +;29;18;47;SEC_630
1998;423;16-17;7;7;14;SEC_423
2001;108;12-15;23;17;40;SEC_108
2012;308;25-34;132;126;258;SEC_308
2007;222;25-34;108;122;230;SEC_222
1996;246;12-15;20;12;32;SEC_246
1998;304;25-34;101;105;206;SEC_304
2000;501;12-15;20;18;38;SEC_501
2013;325;18-24;49;49;98;SEC_325
2000;610;35-49;91;84;175;SEC_610
2014;510;00-02;19;8;27;SEC_510
2001;517;35-49;121;130;251;SEC_517
2010;225;00-02;9;10;19;SEC_225
2001;614;35-49;82;81;163;SEC_614
1995;533;25-34;81;106;187;SEC_533
2012;431;35-49;186;235;421;SEC_431
2012;614;16-17;5;8;13;SEC_614
2007;101;50-64;133;117;250;SEC_101
2001;227;25-34;63;63;126;SEC_227
2000;606;03-11;36;39;75;SEC_606
2007;243;75 i +;95;62;157;SEC_243
2007;513;16-17;4;5;9;SEC_513
2006;138;03-11;31;19;50;SEC_138
1999;211;35-49;104;107;211;SEC_211
2000;108;75 i +;83;42;125;SEC_108
2007;314;65-74;68;66;134;SEC_314
2012;534;75 i +;65;49;114;SEC_534
2000;620;25-34;58;60;118;SEC_620
2002;137;65-74;48;33;81;SEC_137
2004;410;75 i +;92;78;170;SEC_410
2010;235;03-11;73;81;154;SEC_235
1994;127;50-64;62;60;122;SEC_127
2005;631;12-15;23;16;39;SEC_631
2004;526;75 i +;39;18;57;SEC_526
2007;438;00-02;15;12;27;SEC_438
1997;630;18-24;79;90;169;SEC_630
2004;411;65-74;81;57;138;SEC_411
2006;617;03-11;35;45;80;SEC_617
2004;512;50-64;74;75;149;SEC_512
2015;130;18-24;29;36;65;SEC_130
2009;403;50-64;117;91;208;SEC_403
2002;120;25-34;146;141;287;SEC_120
1998;309;00-02;6;13;19;SEC_309
1994;305;65-74;78;56;134;SEC_305
1995;514;50-64;94;73;167;SEC_514
2013;533;00-02;32;37;69;SEC_533
2009;206;65-74;51;32;83;SEC_206
1995;517;12-15;23;24;47;SEC_517
2014;320;75 i +;1;2;3;SEC_320
1997;209;75 i +;76;37;113;SEC_209
1997;523;18-24;77;65;142;SEC_523
2004;625;16-17;17;26;43;SEC_625
1997;201;16-17;6;9;15;SEC_201
1996;228;03-11;15;12;27;SEC_228
2007;425;50-64;66;67;133;SEC_425
1994;318;16-17;14;13;27;SEC_318
2007;315;50-64;144;160;304;SEC_315
2016;525;75 i +;75;36;111;SEC_525
2000;106;25-34;170;152;322;SEC_106
1996;502;00-02;15;11;26;SEC_502
2003;508;50-64;51;48;99;SEC_508
1995;243;12-15;23;17;40;SEC_243
1999;436;03-11;25;31;56;SEC_436
2001;118;12-15;42;38;80;SEC_118
2011;324;35-49;144;160;304;SEC_324
2015;409;16-17;13;20;33;SEC_409
2016;521;25-34;44;41;85;SEC_521
1999;208;50-64;199;164;363;SEC_208
1994;527;16-17;14;12;26;SEC_527
1996;441;25-34;124;116;240;SEC_441
2013;317;12-15;19;22;41;SEC_317
1998;139;18-24;57;58;115;SEC_139
2015;204;16-17;16;12;28;SEC_204
2011;420;03-11;64;79;143;SEC_420
2011;511;75 i +;51;29;80;SEC_511
1997;601;35-49;142;133;275;SEC_601
2011;132;00-02;28;25;53;SEC_132
1995;429;25-34;36;42;78;SEC_429
1994;213;12-15;30;29;59;SEC_213
1995;422;65-74;92;71;163;SEC_422
1994;615;35-49;120;84;204;SEC_615
2002;130;35-49;100;114;214;SEC_130
2003;116;50-64;185;167;352;SEC_116
1998;439;16-17;3;12;15;SEC_439
2001;610;75 i +;40;27;67;SEC_610
2008;140;18-24;23;39;62;SEC_140
1998;514;65-74;39;39;78;SEC_514
2001;510;35-49;85;103;188;SEC_510
2009;123;18-24;44;38;82;SEC_123
2009;127;16-17;7;9;16;SEC_127
2009;225;65-74;29;20;49;SEC_225
2000;140;16-17;6;9;15;SEC_140
2009;417;18-24;35;33;68;SEC_417
2010;122;25-34;76;75;151;SEC_122
1994;202;03-11;23;27;50;SEC_202
2006;245;75 i +;66;35;101;SEC_245
2000;431;00-02;19;21;40;SEC_431
2014;242;35-49;119;144;263;SEC_242
1999;104;12-15;6;8;14;SEC_104
2000;507;16-17;9;3;12;SEC_507
1996;116;25-34;127;138;265;SEC_116
2005;609;35-49;69;79;148;SEC_609
1994;211;00-02;10;17;27;SEC_211
1997;212;25-34;112;105;217;SEC_212
2013;136;16-17;10;11;21;SEC_136
2014;623;12-15;23;22;45;SEC_623
2016;533;65-74;85;64;149;SEC_533
1998;528;03-11;45;28;73;SEC_528
1999;438;03-11;23;26;49;SEC_438
2013;401;25-34;77;86;163;SEC_401
2000;134;00-02;17;17;34;SEC_134
2008;501;75 i +;27;18;45;SEC_501
1997;426;16-17;10;11;21;SEC_426
2016;421;25-34;74;68;142;SEC_421
1999;428;50-64;41;34;75;SEC_428
2011;245;03-11;51;42;93;SEC_245
1996;309;65-74;26;24;50;SEC_309
2002;517;35-49;121;137;258;SEC_517
2010;248;65-74;43;39;82;SEC_248
2004;528;75 i +;52;41;93;SEC_528
2015;242;25-34;81;85;166;SEC_242
2011;119;50-64;161;127;288;SEC_119
2012;528;03-11;56;61;117;SEC_528
2006;104;50-64;72;57;129;SEC_104
1995;621;03-11;57;74;131;SEC_621
2008;226;35-49;136;170;306;SEC_226
1995;324;18-24;34;58;92;SEC_324
2007;436;25-34;118;139;257;SEC_436
2009;413;00-02;7;7;14;SEC_413
2000;435;00-02;12;13;25;SEC_435
1995;225;12-15;10;14;24;SEC_225
2003;624;18-24;53;53;106;SEC_624
2011;531;75 i +;50;35;85;SEC_531
1997;616;12-15;61;59;120;SEC_616
2016;531;35-49;123;134;257;SEC_531
2015;107;25-34;90;111;201;SEC_107
2004;128;65-74;46;52;98;SEC_128
2007;238;18-24;29;41;70;SEC_238
2010;119;18-24;41;47;88;SEC_119
1994;517;65-74;46;47;93;SEC_517
1999;513;35-49;50;61;111;SEC_513
1999;429;03-11;10;29;39;SEC_429
1999;219;12-15;22;16;38;SEC_219
2005;324;25-34;84;102;186;SEC_324
2016;409;65-74;89;73;162;SEC_409
1999;413;50-64;51;51;102;SEC_413
2004;129;16-17;9;9;18;SEC_129
2016;411;00-02;10;10;20;SEC_411
1994;116;18-24;149;133;282;SEC_116
2003;209;00-02;10;10;20;SEC_209
2002;113;18-24;104;98;202;SEC_113
2006;608;65-74;69;50;119;SEC_608
2007;621;50-64;213;185;398;SEC_621
2011;231;50-64;78;63;141;SEC_231
1996;305;50-64;97;105;202;SEC_305
2009;235;18-24;71;66;137;SEC_235
2009;608;16-17;7;7;14;SEC_608
2001;213;18-24;40;52;92;SEC_213
2004;139;12-15;16;13;29;SEC_139
2014;504;50-64;89;70;159;SEC_504
2007;408;00-02;16;15;31;SEC_408
2002;514;75 i +;39;15;54;SEC_514
2006;325;16-17;12;15;27;SEC_325
2003;527;50-64;65;65;130;SEC_527
2015;236;18-24;52;41;93;SEC_236
1994;134;65-74;64;41;105;SEC_134
2012;422;50-64;77;90;167;SEC_422
1998;503;35-49;140;109;249;SEC_503
2013;308;16-17;18;25;43;SEC_308
2013;124;00-02;5;5;10;SEC_124
2012;434;65-74;22;12;34;SEC_434
2009;321;16-17;16;19;35;SEC_321
2011;110;75 i +;76;36;112;SEC_110
2009;436;12-15;18;22;40;SEC_436
2011;239;25-34;117;119;236;SEC_239
2002;529;12-15;17;20;37;SEC_529
2010;432;12-15;12;18;30;SEC_432
1998;621;50-64;152;207;359;SEC_621
2007;320;35-49;125;144;269;SEC_320
2009;440;75 i +;57;42;99;SEC_440
2008;616;18-24;110;136;246;SEC_616
2013;626;35-49;96;104;200;SEC_626
2016;125;12-15;20;25;45;SEC_125
2003;632;35-49;91;87;178;SEC_632
2007;421;12-15;13;19;32;SEC_421
2014;526;50-64;118;127;245;SEC_526
2004;440;75 i +;60;39;99;SEC_440
2012;528;50-64;97;83;180;SEC_528
2010;532;65-74;81;73;154;SEC_532
2015;531;25-34;72;67;139;SEC_531
2010;627;75 i +;44;28;72;SEC_627
2001;535;35-49;120;114;234;SEC_535
1994;520;75 i +;36;19;55;SEC_520
2006;536;65-74;55;49;104;SEC_536
2010;302;03-11;37;41;78;SEC_302
2006;111;00-02;7;14;21;SEC_111
2012;240;18-24;33;40;73;SEC_240
2011;439;16-17;14;9;23;SEC_439
2005;624;00-02;14;17;31;SEC_624
2015;101;18-24;57;61;118;SEC_101
2006;124;18-24;41;37;78;SEC_124
2005;514;18-24;39;34;73;SEC_514
2011;249;18-24;47;45;92;SEC_249
2007;610;75 i +;51;33;84;SEC_610
2001;630;75 i +;24;13;37;SEC_630
2010;222;18-24;39;54;93;SEC_222
2002;512;65-74;42;51;93;SEC_512
2007;604;35-49;91;102;193;SEC_604
1999;215;50-64;85;61;146;SEC_215
2007;140;35-49;108;137;245;SEC_140
2009;213;00-02;20;24;44;SEC_213
2001;325;65-74;123;106;229;SEC_325
2001;512;75 i +;57;26;83;SEC_512
1996;235;25-34;118;123;241;SEC_235
2001;208;75 i +;116;73;189;SEC_208
2008;303;00-02;21;16;37;SEC_303
1995;128;35-49;117;106;223;SEC_128
2000;431;16-17;18;17;35;SEC_431
2006;521;25-34;72;108;180;SEC_521
2004;311;18-24;49;46;95;SEC_311
2000;621;35-49;186;139;325;SEC_621
2004;104;12-15;14;9;23;SEC_104
1997;227;18-24;38;39;77;SEC_227
1999;419;16-17;9;6;15;SEC_419
2008;302;03-11;36;45;81;SEC_302
2003;631;75 i +;38;19;57;SEC_631
2004;320;65-74;31;23;54;SEC_320
2003;323;25-34;293;301;594;SEC_323
2013;521;03-11;31;40;71;SEC_521
2002;218;65-74;38;27;65;SEC_218
2008;411;03-11;28;27;55;SEC_411
1996;516;03-11;19;14;33;SEC_516
2010;435;00-02;25;23;48;SEC_435
2010;531;65-74;43;39;82;SEC_531
2012;512;50-64;61;58;119;SEC_512
2000;108;16-17;12;12;24;SEC_108
2001;520;12-15;17;17;34;SEC_520
1999;609;18-24;71;62;133;SEC_609
2009;135;50-64;152;150;302;SEC_135
2007;207;16-17;8;3;11;SEC_207
2009;214;25-34;110;128;238;SEC_214
2000;424;25-34;33;66;99;SEC_424
2013;118;25-34;108;97;205;SEC_118
2005;401;50-64;91;88;179;SEC_401
2012;120;18-24;81;69;150;SEC_120
2002;531;50-64;80;72;152;SEC_531
2014;236;25-34;57;78;135;SEC_236
1997;239;65-74;95;71;166;SEC_239
2004;213;12-15;18;14;32;SEC_213
2001;121;03-11;41;40;81;SEC_121
1998;128;00-02;4;10;14;SEC_128
2012;610;25-34;58;65;123;SEC_610
2003;532;65-74;84;74;158;SEC_532
1996;506;50-64;186;211;397;SEC_506
1995;314;16-17;42;45;87;SEC_314
2015;115;65-74;82;74;156;SEC_115
2007;442;18-24;28;26;54;SEC_442
2006;133;03-11;25;39;64;SEC_133
2010;624;75 i +;50;26;76;SEC_624
2013;613;75 i +;80;50;130;SEC_613
2011;313;16-17;16;9;25;SEC_313
2012;433;18-24;49;52;101;SEC_433
2002;243;25-34;130;131;261;SEC_243
2006;621;18-24;51;76;127;SEC_621
2001;632;25-34;98;117;215;SEC_632
2001;533;12-15;24;15;39;SEC_533
1998;314;65-74;63;54;117;SEC_314
1998;202;12-15;11;16;27;SEC_202
2002;532;25-34;132;131;263;SEC_532
2004;133;25-34;88;110;198;SEC_133
2016;135;50-64;168;136;304;SEC_135
1998;239;25-34;91;96;187;SEC_239
2001;139;25-34;90;90;180;SEC_139
2007;427;65-74;50;24;74;SEC_427
1997;203;25-34;59;57;116;SEC_203
1997;412;03-11;55;62;117;SEC_412
1996;536;00-02;9;9;18;SEC_536
1998;211;50-64;89;75;164;SEC_211
1997;435;00-02;4;13;17;SEC_435
2014;117;16-17;11;20;31;SEC_117
2016;529;00-02;18;17;35;SEC_529
1994;206;18-24;44;57;101;SEC_206
2014;321;35-49;241;194;435;SEC_321
2009;238;12-15;8;16;24;SEC_238
2011;238;00-02;12;12;24;SEC_238
2008;315;16-17;13;15;28;SEC_315
2010;201;00-02;18;17;35;SEC_201
1995;622;12-15;36;33;69;SEC_622
2012;102;16-17;8;14;22;SEC_102
1994;632;50-64;113;109;222;SEC_632
2004;302;35-49;130;136;266;SEC_302
2001;213;00-02;3;12;15;SEC_213
2002;615;75 i +;21;13;34;SEC_615
1999;424;18-24;31;48;79;SEC_424
1999;533;16-17;6;7;13;SEC_533
2009;120;00-02;24;26;50;SEC_120
2003;240;50-64;49;37;86;SEC_240
2014;207;18-24;60;66;126;SEC_207
2004;112;00-02;23;15;38;SEC_112
2000;422;00-02;9;6;15;SEC_422
1994;118;65-74;50;31;81;SEC_118
1994;440;12-15;32;31;63;SEC_440
1998;609;16-17;9;9;18;SEC_609
2015;630;35-49;93;93;186;SEC_630
2012;525;25-34;85;93;178;SEC_525
2007;631;50-64;145;111;256;SEC_631
1998;513;00-02;7;5;12;SEC_513
2016;626;03-11;32;37;69;SEC_626
2003;129;65-74;44;52;96;SEC_129
2016;124;25-34;52;48;100;SEC_124
2009;526;16-17;5;7;12;SEC_526
2004;114;18-24;74;76;150;SEC_114
2015;402;65-74;39;26;65;SEC_402
1996;613;03-11;43;42;85;SEC_613
2009;130;75 i +;80;57;137;SEC_130
2007;320;25-34;87;93;180;SEC_320
2006;437;18-24;42;40;82;SEC_437
2006;530;50-64;103;80;183;SEC_530
1998;609;35-49;75;49;124;SEC_609
2003;416;03-11;24;32;56;SEC_416
2000;129;03-11;42;31;73;SEC_129
2007;211;16-17;14;12;26;SEC_211
1994;602;12-15;14;7;21;SEC_602
1996;434;03-11;25;21;46;SEC_434
2012;304;12-15;73;42;115;SEC_304
1997;128;25-34;92;95;187;SEC_128
2011;616;03-11;139;144;283;SEC_616
1999;508;50-64;55;45;100;SEC_508
1994;324;75 i +;46;15;61;SEC_324
2016;436;03-11;66;66;132;SEC_436
2007;411;16-17;10;8;18;SEC_411
2012;140;18-24;34;42;76;SEC_140
2008;616;75 i +;51;30;81;SEC_616
1998;505;12-15;22;18;40;SEC_505
2012;619;00-02;15;11;26;SEC_619
2003;605;00-02;10;6;16;SEC_605
2012;437;75 i +;47;30;77;SEC_437
2011;133;03-11;39;38;77;SEC_133
1997;311;00-02;8;13;21;SEC_311
2007;236;25-34;90;107;197;SEC_236
1998;615;50-64;164;166;330;SEC_615
2003;607;35-49;118;107;225;SEC_607
2002;131;00-02;11;22;33;SEC_131
2001;434;18-24;26;27;53;SEC_434
1999;520;65-74;50;59;109;SEC_520
1995;608;35-49;98;98;196;SEC_608
2012;630;12-15;10;19;29;SEC_630
2001;615;35-49;52;53;105;SEC_615
2011;118;00-02;22;28;50;SEC_118
2007;528;00-02;16;15;31;SEC_528
1996;112;75 i +;53;23;76;SEC_112
2001;425;00-02;12;5;17;SEC_425
2013;630;50-64;101;83;184;SEC_630
2016;612;75 i +;82;58;140;SEC_612
1999;133;18-24;54;51;105;SEC_133
1999;124;35-49;107;88;195;SEC_124
2009;510;50-64;88;78;166;SEC_510
2011;247;65-74;52;51;103;SEC_247
2006;504;03-11;25;35;60;SEC_504
1999;121;12-15;10;7;17;SEC_121
2007;307;25-34;117;121;238;SEC_307
2012;609;03-11;39;29;68;SEC_609
2012;602;12-15;8;9;17;SEC_602
2007;409;65-74;45;36;81;SEC_409
2016;239;03-11;28;31;59;SEC_239
2001;626;03-11;36;29;65;SEC_626
2012;130;75 i +;97;67;164;SEC_130
2012;306;75 i +;98;67;165;SEC_306
2008;409;35-49;91;91;182;SEC_409
2003;112;75 i +;67;29;96;SEC_112
2002;246;35-49;99;121;220;SEC_246
2001;135;16-17;16;19;35;SEC_135
2011;435;03-11;58;52;110;SEC_435
1998;112;00-02;19;14;33;SEC_112
2004;506;00-02;12;20;32;SEC_506
2004;313;75 i +;72;37;109;SEC_313
2011;302;35-49;149;173;322;SEC_302
2005;434;16-17;10;12;22;SEC_434
1996;227;50-64;65;64;129;SEC_227
1997;407;25-34;95;109;204;SEC_407
2002;609;16-17;8;5;13;SEC_609
2001;219;16-17;6;11;17;SEC_219
2007;115;25-34;120;127;247;SEC_115
2010;101;50-64;134;127;261;SEC_101
2001;322;35-49;105;105;210;SEC_322
2002;204;03-11;10;14;24;SEC_204
2000;127;75 i +;32;11;43;SEC_127
2016;435;16-17;8;14;22;SEC_435
1997;507;25-34;73;89;162;SEC_507
2001;119;03-11;29;41;70;SEC_119
2001;407;03-11;25;28;53;SEC_407
1994;206;25-34;73;68;141;SEC_206
2015;103;25-34;46;31;77;SEC_103
2001;603;65-74;25;21;46;SEC_603
2002;414;00-02;16;13;29;SEC_414
2002;235;16-17;5;6;11;SEC_235
2002;606;03-11;33;47;80;SEC_606
2011;229;75 i +;51;38;89;SEC_229
2000;509;12-15;10;14;24;SEC_509
2006;301;25-34;272;264;536;SEC_301
2007;242;12-15;12;9;21;SEC_242
2016;502;65-74;93;84;177;SEC_502
1996;235;12-15;13;22;35;SEC_235
2010;513;35-49;96;93;189;SEC_513
2010;419;16-17;8;11;19;SEC_419
2014;507;18-24;25;30;55;SEC_507
2010;433;03-11;57;64;121;SEC_433
2009;440;50-64;97;78;175;SEC_440
2014;208;35-49;172;156;328;SEC_208
2011;442;75 i +;31;18;49;SEC_442
2012;125;75 i +;54;48;102;SEC_125
2002;426;75 i +;55;33;88;SEC_426
2006;405;25-34;84;78;162;SEC_405
2009;518;16-17;9;12;21;SEC_518
2004;535;65-74;41;52;93;SEC_535
2011;434;00-02;10;12;22;SEC_434
1999;205;25-34;64;66;130;SEC_205
2013;531;65-74;47;33;80;SEC_531
2003;611;65-74;90;99;189;SEC_611
1999;122;25-34;80;81;161;SEC_122
2015;406;03-11;48;60;108;SEC_406
1998;105;12-15;23;26;49;SEC_105
2013;234;25-34;88;87;175;SEC_234
2002;417;00-02;5;10;15;SEC_417
2007;516;50-64;38;37;75;SEC_516
1997;245;50-64;98;75;173;SEC_245
2007;523;18-24;60;72;132;SEC_523
2014;324;00-02;16;28;44;SEC_324
2001;248;65-74;70;61;131;SEC_248
2008;312;65-74;97;89;186;SEC_312
2004;306;16-17;27;18;45;SEC_306
2003;509;65-74;42;40;82;SEC_509
1998;533;03-11;29;21;50;SEC_533
2006;124;03-11;27;24;51;SEC_124
1994;214;00-02;5;6;11;SEC_214
2014;245;03-11;43;54;97;SEC_245
2004;430;50-64;74;58;132;SEC_430
1995;114;03-11;61;51;112;SEC_114
1996;439;00-02;6;9;15;SEC_439
1998;116;16-17;32;20;52;SEC_116
1996;432;03-11;43;53;96;SEC_432
2015;119;12-15;8;17;25;SEC_119
2012;101;18-24;50;45;95;SEC_101
2001;243;12-15;18;20;38;SEC_243
2012;202;12-15;8;12;20;SEC_202
2004;228;35-49;62;90;152;SEC_228
2003;214;50-64;57;40;97;SEC_214
2015;436;65-74;60;52;112;SEC_436
2008;408;75 i +;45;29;74;SEC_408
2013;534;75 i +;66;51;117;SEC_534
1998;507;25-34;82;97;179;SEC_507
2011;128;16-17;9;4;13;SEC_128
1999;630;25-34;62;72;134;SEC_630
2004;435;18-24;46;54;100;SEC_435
2007;538;50-64;107;78;185;SEC_538
2004;509;65-74;42;37;79;SEC_509
2012;315;65-74;71;64;135;SEC_315
2009;603;03-11;33;48;81;SEC_603
2013;117;25-34;125;136;261;SEC_117
1995;512;50-64;114;119;233;SEC_512
1997;610;35-49;118;79;197;SEC_610
2013;139;12-15;13;18;31;SEC_139
2009;427;03-11;57;56;113;SEC_427
2008;602;03-11;20;23;43;SEC_602
2009;324;75 i +;50;27;77;SEC_324
2003;103;00-02;6;8;14;SEC_103
1995;402;50-64;99;104;203;SEC_402
1999;245;18-24;40;50;90;SEC_245
1994;602;18-24;53;79;132;SEC_602
2002;123;50-64;99;98;197;SEC_123
2008;301;50-64;192;190;382;SEC_301
2011;314;12-15;35;37;72;SEC_314
1996;607;25-34;95;110;205;SEC_607
2013;431;00-02;34;28;62;SEC_431
2000;440;50-64;165;143;308;SEC_440
2003;623;18-24;78;90;168;SEC_623
2002;248;12-15;20;17;37;SEC_248
2014;326;50-64;33;47;80;SEC_326
1997;123;35-49;124;125;249;SEC_123
1998;433;35-49;84;75;159;SEC_433
2000;440;16-17;10;6;16;SEC_440
2001;122;50-64;105;88;193;SEC_122
2001;534;35-49;83;87;170;SEC_534
1996;529;16-17;13;8;21;SEC_529
2009;238;50-64;70;65;135;SEC_238
2003;433;00-02;18;29;47;SEC_433
2007;421;25-34;79;108;187;SEC_421
2010;401;35-49;124;134;258;SEC_401
2001;428;18-24;22;20;42;SEC_428
1999;503;03-11;35;44;79;SEC_503
2007;115;65-74;62;47;109;SEC_115
2004;316;25-34;130;148;278;SEC_316
2006;532;50-64;121;90;211;SEC_532
2014;432;65-74;87;71;158;SEC_432
2012;322;65-74;57;48;105;SEC_322
2005;111;75 i +;39;32;71;SEC_111
2002;610;16-17;5;12;17;SEC_610
2009;316;00-02;16;10;26;SEC_316
2015;239;16-17;11;13;24;SEC_239
1996;220;65-74;69;47;116;SEC_220
2005;105;18-24;49;58;107;SEC_105
2009;427;18-24;42;36;78;SEC_427
2008;438;50-64;60;65;125;SEC_438
1994;122;25-34;95;104;199;SEC_122
1996;103;00-02;6;8;14;SEC_103
2011;239;65-74;62;41;103;SEC_239
2009;136;16-17;11;13;24;SEC_136
2005;403;03-11;20;22;42;SEC_403
2013;538;18-24;43;47;90;SEC_538
2016;437;35-49;195;214;409;SEC_437
1994;618;75 i +;23;10;33;SEC_618
2006;233;50-64;61;53;114;SEC_233
2010;501;16-17;10;7;17;SEC_501
2005;123;03-11;42;54;96;SEC_123
2008;428;18-24;36;29;65;SEC_428
1997;533;25-34;85;96;181;SEC_533
2010;438;75 i +;42;34;76;SEC_438
1995;536;25-34;79;91;170;SEC_536
2014;327;25-34;77;67;144;SEC_327
1997;227;35-49;63;46;109;SEC_227
2010;210;50-64;77;77;154;SEC_210
1999;221;18-24;53;58;111;SEC_221
2012;139;50-64;85;89;174;SEC_139
2008;402;00-02;10;13;23;SEC_402
1998;109;65-74;55;45;100;SEC_109
1998;622;65-74;46;29;75;SEC_622
2005;321;18-24;112;109;221;SEC_321
2011;113;12-15;28;27;55;SEC_113
1996;428;12-15;7;6;13;SEC_428
1999;617;03-11;37;47;84;SEC_617
2012;536;12-15;16;15;31;SEC_536
2011;515;18-24;31;31;62;SEC_515
1997;236;03-11;32;29;61;SEC_236
2011;138;35-49;82;65;147;SEC_138
2008;602;00-02;8;7;15;SEC_602
2008;233;03-11;32;42;74;SEC_233
2006;618;25-34;37;43;80;SEC_618
2009;426;75 i +;51;28;79;SEC_426
1999;614;18-24;57;66;123;SEC_614
1997;401;12-15;20;38;58;SEC_401
2016;137;25-34;105;80;185;SEC_137
2013;422;16-17;14;12;26;SEC_422
1998;319;75 i +;27;18;45;SEC_319
2012;429;00-02;6;8;14;SEC_429
2015;420;65-74;86;65;151;SEC_420
1998;234;00-02;8;7;15;SEC_234
1999;404;18-24;60;57;117;SEC_404
2012;128;03-11;35;49;84;SEC_128
2012;435;16-17;12;16;28;SEC_435
1994;139;00-02;7;9;16;SEC_139
1999;135;03-11;60;46;106;SEC_135
2013;418;50-64;110;111;221;SEC_418
2003;211;50-64;73;69;142;SEC_211
2011;625;75 i +;47;28;75;SEC_625
2006;116;50-64;180;147;327;SEC_116
2008;516;75 i +;37;16;53;SEC_516
1999;319;75 i +;25;14;39;SEC_319
1998;120;16-17;23;20;43;SEC_120
2004;625;12-15;33;24;57;SEC_625
2002;529;75 i +;80;42;122;SEC_529
2011;309;00-02;22;29;51;SEC_309
1995;222;65-74;57;38;95;SEC_222
2008;422;16-17;14;12;26;SEC_422
2007;205;03-11;32;25;57;SEC_205
2005;409;35-49;79;89;168;SEC_409
1996;423;50-64;133;126;259;SEC_423
1998;124;12-15;28;23;51;SEC_124
2002;416;12-15;10;14;24;SEC_416
1999;616;12-15;74;79;153;SEC_616
2011;217;18-24;43;39;82;SEC_217
1994;134;16-17;15;27;42;SEC_134
1994;501;16-17;37;46;83;SEC_501
2001;437;03-11;25;32;57;SEC_437
2007;402;35-49;93;112;205;SEC_402
2005;525;50-64;76;68;144;SEC_525
2001;535;16-17;18;14;32;SEC_535
2002;231;75 i +;95;47;142;SEC_231
1997;315;50-64;103;125;228;SEC_315
2004;629;25-34;49;50;99;SEC_629
2016;426;00-02;14;10;24;SEC_426
2006;201;35-49;67;90;157;SEC_201
2014;521;18-24;19;27;46;SEC_521
2015;622;25-34;43;44;87;SEC_622
1996;442;03-11;25;24;49;SEC_442
1994;139;16-17;15;20;35;SEC_139
2001;315;65-74;53;43;96;SEC_315
2006;103;00-02;12;8;20;SEC_103
2013;226;25-34;139;148;287;SEC_226
2002;405;16-17;5;2;7;SEC_405
2003;316;16-17;40;39;79;SEC_316
2010;408;50-64;78;72;150;SEC_408
2012;206;03-11;40;36;76;SEC_206
1999;136;35-49;127;119;246;SEC_136
2011;502;18-24;51;51;102;SEC_502
1997;609;18-24;87;75;162;SEC_609
2001;113;18-24;102;90;192;SEC_113
1999;110;03-11;35;45;80;SEC_110
2015;325;16-17;15;14;29;SEC_325
2008;208;16-17;13;7;20;SEC_208
2016;504;18-24;25;23;48;SEC_504
2002;609;75 i +;30;16;46;SEC_609
2015;312;00-02;22;28;50;SEC_312
1994;625;75 i +;11;5;16;SEC_625
1999;218;75 i +;43;17;60;SEC_218
2000;411;03-11;34;24;58;SEC_411
2008;111;12-15;8;12;20;SEC_111
2011;524;25-34;142;113;255;SEC_524
2000;504;50-64;155;149;304;SEC_504
2004;115;18-24;64;65;129;SEC_115
2014;134;18-24;43;51;94;SEC_134
1999;240;65-74;62;43;105;SEC_240
2003;604;18-24;35;47;82;SEC_604
2000;244;25-34;65;53;118;SEC_244
2015;102;75 i +;120;85;205;SEC_102
2005;219;16-17;8;10;18;SEC_219
1995;632;65-74;37;35;72;SEC_632
2007;105;18-24;42;49;91;SEC_105
2003;524;65-74;73;62;135;SEC_524
2016;508;03-11;63;80;143;SEC_508
2006;423;25-34;112;145;257;SEC_423
2008;120;75 i +;61;28;89;SEC_120
1998;606;16-17;15;11;26;SEC_606
1997;409;35-49;63;66;129;SEC_409
1999;140;25-34;73;96;169;SEC_140
2011;127;18-24;33;37;70;SEC_127
2010;314;12-15;35;44;79;SEC_314
2010;217;18-24;29;30;59;SEC_217
2003;223;00-02;10;10;20;SEC_223
1995;602;35-49;33;33;66;SEC_602
2016;521;12-15;11;22;33;SEC_521
2009;424;16-17;6;7;13;SEC_424
2006;233;00-02;7;15;22;SEC_233
2008;317;00-02;16;20;36;SEC_317
2011;305;25-34;117;127;244;SEC_305
2003;312;35-49;171;204;375;SEC_312
2008;124;35-49;92;78;170;SEC_124
2014;223;25-34;92;81;173;SEC_223
2000;317;65-74;55;40;95;SEC_317
2009;203;50-64;63;55;118;SEC_203
1994;102;18-24;155;164;319;SEC_102
2007;247;25-34;126;125;251;SEC_247
2009;121;25-34;65;73;138;SEC_121
2003;306;50-64;146;126;272;SEC_306
1994;136;65-74;57;46;103;SEC_136
2011;429;25-34;44;51;95;SEC_429
2015;523;03-11;49;48;97;SEC_523
2013;233;50-64;67;64;131;SEC_233
2008;310;03-11;27;35;62;SEC_310
2012;532;35-49;161;162;323;SEC_532
1998;427;65-74;70;58;128;SEC_427
2000;432;16-17;10;17;27;SEC_432
2007;136;65-74;61;39;100;SEC_136
1998;607;65-74;57;52;109;SEC_607
1996;121;35-49;53;56;109;SEC_121
2016;103;00-02;12;8;20;SEC_103
2014;310;35-49;116;119;235;SEC_310
1998;601;50-64;187;176;363;SEC_601
1999;417;35-49;59;57;116;SEC_417
1998;618;75 i +;19;12;31;SEC_618
1998;325;03-11;61;57;118;SEC_325
1995;232;35-49;95;71;166;SEC_232
1998;401;16-17;10;14;24;SEC_401
2005;323;00-02;47;44;91;SEC_323
2009;230;12-15;15;25;40;SEC_230
2003;408;00-02;12;14;26;SEC_408
2000;508;12-15;10;10;20;SEC_508
1999;519;65-74;43;41;84;SEC_519
2013;113;16-17;15;14;29;SEC_113
2016;209;00-02;13;19;32;SEC_209
1994;128;18-24;84;77;161;SEC_128
2009;523;25-34;139;179;318;SEC_523
2016;514;00-02;12;24;36;SEC_514
1998;246;12-15;20;11;31;SEC_246
2014;137;12-15;27;28;55;SEC_137
1999;405;35-49;53;64;117;SEC_405
2014;317;16-17;11;13;24;SEC_317
2003;434;16-17;11;4;15;SEC_434
1998;221;16-17;12;10;22;SEC_221
2013;611;50-64;110;118;228;SEC_611
2006;109;03-11;37;33;70;SEC_109
1999;216;35-49;123;116;239;SEC_216
2015;505;18-24;25;17;42;SEC_505
2005;413;35-49;58;83;141;SEC_413
2011;440;75 i +;65;48;113;SEC_440
2005;517;75 i +;48;21;69;SEC_517
2006;428;65-74;32;21;53;SEC_428
2007;315;00-02;26;30;56;SEC_315
2014;226;16-17;16;17;33;SEC_226
2002;114;12-15;20;12;32;SEC_114
1995;603;25-34;60;69;129;SEC_603
2000;402;18-24;36;40;76;SEC_402
2013;247;03-11;71;73;144;SEC_247
2002;414;50-64;72;72;144;SEC_414
2005;224;18-24;26;28;54;SEC_224
1998;247;18-24;77;53;130;SEC_247
1994;120;12-15;37;47;84;SEC_120
2005;612;75 i +;41;23;64;SEC_612
2014;607;12-15;13;10;23;SEC_607
2012;432;00-02;15;12;27;SEC_432
2013;307;65-74;113;88;201;SEC_307
1995;528;65-74;61;54;115;SEC_528
2002;621;12-15;25;25;50;SEC_621
2009;222;03-11;45;40;85;SEC_222
1995;215;12-15;15;19;34;SEC_215
1997;115;18-24;71;111;182;SEC_115
2011;533;35-49;122;144;266;SEC_533
1999;532;03-11;41;28;69;SEC_532
1997;502;25-34;113;114;227;SEC_502
2011;602;12-15;9;12;21;SEC_602
2016;315;65-74;81;80;161;SEC_315
1998;428;25-34;52;48;100;SEC_428
2008;210;75 i +;101;54;155;SEC_210
1999;217;00-02;3;10;13;SEC_217
1994;438;03-11;38;27;65;SEC_438
2016;214;50-64;180;166;346;SEC_214
2015;119;35-49;125;145;270;SEC_119
2011;119;35-49;130;132;262;SEC_119
2015;207;16-17;18;19;37;SEC_207
2014;107;75 i +;111;60;171;SEC_107
2006;315;18-24;59;71;130;SEC_315
2015;134;03-11;60;54;114;SEC_134
2006;115;65-74;60;45;105;SEC_115
2012;103;65-74;40;28;68;SEC_103
2008;402;25-34;86;95;181;SEC_402
2007;113;03-11;47;73;120;SEC_113
2006;236;50-64;93;85;178;SEC_236
2011;129;00-02;19;21;40;SEC_129
2013;111;00-02;9;5;14;SEC_111
2015;611;65-74;118;87;205;SEC_611
2003;101;35-49;183;168;351;SEC_101
2010;606;65-74;74;56;130;SEC_606
2008;412;18-24;63;73;136;SEC_412
1997;305;50-64;102;104;206;SEC_305
1997;603;35-49;53;47;100;SEC_603
2016;140;25-34;70;49;119;SEC_140
2004;607;50-64;117;83;200;SEC_607
1995;421;65-74;55;52;107;SEC_421
1999;506;03-11;79;89;168;SEC_506
2014;243;18-24;57;70;127;SEC_243
2007;227;03-11;35;22;57;SEC_227
1999;223;16-17;5;9;14;SEC_223
1997;407;18-24;41;53;94;SEC_407
2008;420;03-11;61;67;128;SEC_420
1995;621;16-17;43;39;82;SEC_621
2001;249;65-74;78;62;140;SEC_249
2007;527;12-15;22;15;37;SEC_527
2002;114;25-34;135;144;279;SEC_114
1994;122;18-24;61;79;140;SEC_122
2005;209;03-11;32;30;62;SEC_209
2004;134;18-24;55;59;114;SEC_134
1995;109;65-74;40;45;85;SEC_109
1995;614;65-74;45;32;77;SEC_614
2012;402;25-34;91;48;139;SEC_402
2015;501;35-49;103;123;226;SEC_501
2006;528;50-64;89;81;170;SEC_528
2011;122;18-24;34;18;52;SEC_122
2015;406;00-02;25;18;43;SEC_406
2003;202;25-34;70;86;156;SEC_202
2011;412;75 i +;92;82;174;SEC_412
2000;214;03-11;19;19;38;SEC_214
1998;202;75 i +;32;20;52;SEC_202
2006;245;12-15;18;20;38;SEC_245
1994;324;35-49;89;81;170;SEC_324
2001;140;35-49;84;87;171;SEC_140
2006;418;25-34;114;149;263;SEC_418
2013;416;75 i +;87;54;141;SEC_416
2010;303;75 i +;113;96;209;SEC_303
1995;623;12-15;47;65;112;SEC_623
2010;629;18-24;26;15;41;SEC_629
1996;526;16-17;4;12;16;SEC_526
1997;508;75 i +;20;17;37;SEC_508
2001;238;75 i +;64;31;95;SEC_238
2012;608;50-64;79;60;139;SEC_608
2009;609;18-24;31;25;56;SEC_609
1999;422;18-24;36;46;82;SEC_422
2000;246;65-74;74;57;131;SEC_246
1994;610;00-02;8;14;22;SEC_610
2013;530;00-02;17;27;44;SEC_530
2016;122;00-02;19;19;38;SEC_122
2013;110;35-49;117;112;229;SEC_110
2009;611;65-74;132;132;264;SEC_611
2011;612;18-24;24;29;53;SEC_612
1994;439;00-02;15;9;24;SEC_439
1994;426;16-17;15;18;33;SEC_426
2002;442;00-02;7;2;9;SEC_442
2001;509;16-17;7;5;12;SEC_509
2012;429;12-15;10;12;22;SEC_429
2013;423;00-02;14;16;30;SEC_423
2003;107;12-15;26;23;49;SEC_107
2008;434;35-49;79;92;171;SEC_434
2012;314;16-17;15;29;44;SEC_314
2001;127;16-17;7;10;17;SEC_127
1998;406;25-34;99;102;201;SEC_406
2007;604;16-17;8;8;16;SEC_604
2011;218;12-15;10;16;26;SEC_218
1995;528;50-64;138;140;278;SEC_528
1994;325;75 i +;92;44;136;SEC_325
1998;506;00-02;23;21;44;SEC_506
1997;433;03-11;50;30;80;SEC_433
2015;437;16-17;16;21;37;SEC_437
1996;512;50-64;107;117;224;SEC_512
2015;624;18-24;32;29;61;SEC_624
1998;242;25-34;86;82;168;SEC_242
1998;324;16-17;4;9;13;SEC_324
1995;423;65-74;55;40;95;SEC_423
2014;124;16-17;7;6;13;SEC_124
1999;501;65-74;18;24;42;SEC_501
1996;135;00-02;16;16;32;SEC_135
2012;137;16-17;10;11;21;SEC_137
2012;248;75 i +;72;53;125;SEC_248
2009;628;16-17;9;8;17;SEC_628
1995;204;18-24;27;23;50;SEC_204
2011;214;12-15;16;12;28;SEC_214
1999;301;35-49;164;181;345;SEC_301
2014;611;25-34;100;99;199;SEC_611
2013;504;35-49;112;126;238;SEC_504
2001;323;03-11;146;128;274;SEC_323
2012;139;16-17;4;13;17;SEC_139
2006;138;00-02;10;7;17;SEC_138
1998;302;65-74;55;46;101;SEC_302
2010;224;16-17;4;4;8;SEC_224
2000;241;65-74;63;44;107;SEC_241
1997;237;18-24;62;72;134;SEC_237
2015;316;18-24;78;84;162;SEC_316
1999;223;35-49;87;92;179;SEC_223
2005;527;00-02;31;25;56;SEC_527
1996;627;35-49;188;154;342;SEC_627
2009;231;12-15;20;25;45;SEC_231
2007;237;25-34;146;160;306;SEC_237
2012;530;75 i +;99;70;169;SEC_530
2010;108;16-17;10;18;28;SEC_108
2012;132;16-17;9;20;29;SEC_132
1996;219;25-34;92;91;183;SEC_219
2006;408;50-64;85;71;156;SEC_408
2000;623;50-64;197;199;396;SEC_623
1998;607;12-15;11;22;33;SEC_607
2014;302;50-64;150;99;249;SEC_302
1994;229;00-02;4;7;11;SEC_229
2005;531;65-74;51;53;104;SEC_531
2003;238;16-17;8;7;15;SEC_238
2003;139;75 i +;24;12;36;SEC_139
2002;235;50-64;124;99;223;SEC_235
2003;439;50-64;79;58;137;SEC_439
2004;402;35-49;79;97;176;SEC_402
1998;111;25-34;75;85;160;SEC_111
1996;420;00-02;17;13;30;SEC_420
1996;610;75 i +;32;21;53;SEC_610
2006;622;03-11;23;41;64;SEC_622
1995;136;12-15;38;39;77;SEC_136
2002;621;25-34;145;182;327;SEC_621
2003;515;03-11;20;14;34;SEC_515
2015;412;00-02;6;21;27;SEC_412
2003;441;12-15;47;51;98;SEC_441
2007;434;03-11;21;24;45;SEC_434
2008;243;18-24;64;64;128;SEC_243
2008;529;25-34;118;132;250;SEC_529
2015;202;12-15;32;27;59;SEC_202
2013;233;12-15;14;22;36;SEC_233
2009;307;50-64;217;169;386;SEC_307
1997;412;75 i +;45;29;74;SEC_412
2003;246;50-64;71;58;129;SEC_246
2010;138;12-15;17;11;28;SEC_138
2003;536;03-11;26;31;57;SEC_536
1997;222;75 i +;31;17;48;SEC_222
2001;604;35-49;67;75;142;SEC_604
2014;533;18-24;74;65;139;SEC_533
2014;113;16-17;14;15;29;SEC_113
2004;410;65-74;129;114;243;SEC_410
2001;518;65-74;73;83;156;SEC_518
2012;123;16-17;6;12;18;SEC_123
2004;423;12-15;16;15;31;SEC_423
2005;320;12-15;12;12;24;SEC_320
2001;249;25-34;91;100;191;SEC_249
2004;630;18-24;63;48;111;SEC_630
1999;246;12-15;14;13;27;SEC_246
2002;226;18-24;48;47;95;SEC_226
2004;434;16-17;11;5;16;SEC_434
2004;137;03-11;54;60;114;SEC_137
2012;128;18-24;31;31;62;SEC_128
1995;206;00-02;6;9;15;SEC_206
1995;431;00-02;10;11;21;SEC_431
2011;208;18-24;48;49;97;SEC_208
2008;322;25-34;157;141;298;SEC_322
2008;301;25-34;243;239;482;SEC_301
2015;246;00-02;23;16;39;SEC_246
1998;312;35-49;132;146;278;SEC_312
2007;401;35-49;143;116;259;SEC_401
2014;236;03-11;31;51;82;SEC_236
2000;112;03-11;62;72;134;SEC_112
1995;321;16-17;40;48;88;SEC_321
2015;246;50-64;94;100;194;SEC_246
1994;437;75 i +;24;10;34;SEC_437
2012;214;03-11;30;30;60;SEC_214
2002;208;50-64;197;143;340;SEC_208
1997;509;12-15;18;10;28;SEC_509
2012;314;25-34;191;173;364;SEC_314
2008;245;25-34;101;128;229;SEC_245
2015;245;03-11;47;56;103;SEC_245
1999;530;50-64;122;98;220;SEC_530
2010;505;16-17;12;6;18;SEC_505
2004;409;03-11;26;18;44;SEC_409
2003;114;75 i +;67;30;97;SEC_114
2007;211;50-64;87;85;172;SEC_211
2013;632;35-49;102;116;218;SEC_632
2000;302;50-64;156;195;351;SEC_302
2004;433;16-17;14;8;22;SEC_433
1997;405;12-15;10;11;21;SEC_405
1997;625;03-11;58;73;131;SEC_625
2000;107;00-02;17;11;28;SEC_107
2006;214;18-24;31;41;72;SEC_214
1996;247;12-15;8;20;28;SEC_247
2002;433;50-64;70;67;137;SEC_433
1998;208;18-24;80;79;159;SEC_208
1994;112;16-17;22;24;46;SEC_112
1995;411;75 i +;32;19;51;SEC_411
2001;213;50-64;82;92;174;SEC_213
2008;139;65-74;37;33;70;SEC_139
2003;317;65-74;52;29;81;SEC_317
1996;411;18-24;71;72;143;SEC_411
1997;533;18-24;54;53;107;SEC_533
2015;207;00-02;33;21;54;SEC_207
2016;433;25-34;120;136;256;SEC_433
2000;247;00-02;8;9;17;SEC_247
2006;517;03-11;53;62;115;SEC_517
1994;510;16-17;18;19;37;SEC_510
2005;101;00-02;44;49;93;SEC_101
2010;409;16-17;8;10;18;SEC_409
2012;322;03-11;66;61;127;SEC_322
2000;222;12-15;13;16;29;SEC_222
2015;104;03-11;33;33;66;SEC_104
2010;613;16-17;13;12;25;SEC_613
2015;425;35-49;131;146;277;SEC_425
1997;139;35-49;96;102;198;SEC_139
2011;121;65-74;32;17;49;SEC_121
2012;203;12-15;12;14;26;SEC_203
2001;415;35-49;64;72;136;SEC_415
2010;630;25-34;70;95;165;SEC_630
2000;437;03-11;23;30;53;SEC_437
2001;536;50-64;97;85;182;SEC_536
2007;518;25-34;99;112;211;SEC_518
2000;627;25-34;78;104;182;SEC_627
2004;508;25-34;65;59;124;SEC_508
2003;314;16-17;30;35;65;SEC_314
2007;120;16-17;20;23;43;SEC_120
2004;510;50-64;109;92;201;SEC_510
1997;628;75 i +;27;12;39;SEC_628
2011;249;12-15;20;19;39;SEC_249
2006;131;18-24;62;53;115;SEC_131
2011;130;12-15;14;17;31;SEC_130
2001;228;65-74;44;40;84;SEC_228
1999;126;35-49;76;64;140;SEC_126
2003;529;03-11;43;37;80;SEC_529
2013;104;00-02;9;10;19;SEC_104
2016;242;03-11;45;55;100;SEC_242
2002;506;16-17;15;20;35;SEC_506
1999;205;12-15;17;17;34;SEC_205
1994;419;50-64;76;75;151;SEC_419
1995;310;50-64;70;67;137;SEC_310
1996;129;03-11;48;44;92;SEC_129
2005;108;12-15;22;25;47;SEC_108
2015;625;65-74;96;87;183;SEC_625
2007;314;75 i +;97;49;146;SEC_314
1994;202;12-15;18;16;34;SEC_202
1995;217;18-24;20;24;44;SEC_217
1994;213;25-34;57;72;129;SEC_213
2009;624;16-17;11;11;22;SEC_624
2004;324;18-24;46;43;89;SEC_324
2002;436;18-24;40;46;86;SEC_436
2001;305;25-34;101;113;214;SEC_305
2001;225;03-11;9;15;24;SEC_225
2011;324;16-17;9;12;21;SEC_324
2014;106;12-15;26;27;53;SEC_106
1998;320;25-34;54;69;123;SEC_320
2009;525;75 i +;60;42;102;SEC_525
1994;511;35-49;51;52;103;SEC_511
1995;501;16-17;31;31;62;SEC_501
2010;509;18-24;30;44;74;SEC_509
1995;249;35-49;83;84;167;SEC_249
2015;632;00-02;12;14;26;SEC_632
2007;411;65-74;63;57;120;SEC_411
1999;632;03-11;43;46;89;SEC_632
2001;306;35-49;167;178;345;SEC_306
2008;220;75 i +;55;37;92;SEC_220
1996;411;75 i +;37;19;56;SEC_411
1996;226;65-74;90;67;157;SEC_226
2003;135;03-11;61;36;97;SEC_135
2004;601;00-02;18;15;33;SEC_601
2001;602;35-49;45;45;90;SEC_602
1997;241;00-02;9;6;15;SEC_241
2005;625;12-15;24;26;50;SEC_625
1997;429;18-24;42;43;85;SEC_429
1999;432;12-15;22;22;44;SEC_432
2003;608;75 i +;41;18;59;SEC_608
2006;320;18-24;33;30;63;SEC_320
2004;602;25-34;57;64;121;SEC_602
2012;215;03-11;39;41;80;SEC_215
1999;626;25-34;88;134;222;SEC_626
2001;224;65-74;44;33;77;SEC_224
1997;607;16-17;10;14;24;SEC_607
1995;234;16-17;9;7;16;SEC_234
2005;511;03-11;27;22;49;SEC_511
2011;605;75 i +;46;34;80;SEC_605
2012;621;18-24;41;40;81;SEC_621
2013;117;18-24;62;68;130;SEC_117
1996;110;50-64;131;142;273;SEC_110
1994;605;25-34;58;68;126;SEC_605
2010;533;18-24;40;38;78;SEC_533
2015;506;35-49;167;163;330;SEC_506
1995;501;25-34;66;68;134;SEC_501
1999;420;18-24;52;66;118;SEC_420
1994;129;35-49;114;108;222;SEC_129
2012;303;35-49;183;193;376;SEC_303
1999;534;16-17;6;9;15;SEC_534
2009;439;00-02;28;34;62;SEC_439
2011;140;16-17;3;14;17;SEC_140
1995;532;12-15;24;28;52;SEC_532
2000;632;35-49;100;92;192;SEC_632
1996;529;12-15;20;21;41;SEC_529
1994;626;50-64;130;125;255;SEC_626
2009;442;18-24;29;32;61;SEC_442
1998;504;65-74;60;66;126;SEC_504
2012;516;18-24;26;36;62;SEC_516
1998;206;12-15;14;16;30;SEC_206
1996;502;35-49;153;144;297;SEC_502
2013;317;35-49;136;174;310;SEC_317
1999;243;75 i +;87;47;134;SEC_243
2007;136;18-24;39;32;71;SEC_136
2007;139;65-74;37;30;67;SEC_139
2006;206;12-15;12;15;27;SEC_206
1994;431;75 i +;55;30;85;SEC_431
2001;517;75 i +;48;25;73;SEC_517
1994;218;75 i +;40;16;56;SEC_218
2015;631;75 i +;62;43;105;SEC_631
1996;114;12-15;48;43;91;SEC_114
2011;114;50-64;157;121;278;SEC_114
2003;503;65-74;34;21;55;SEC_503
2013;433;65-74;62;43;105;SEC_433
2016;615;16-17;8;7;15;SEC_615
1996;133;12-15;22;19;41;SEC_133
2011;409;35-49;95;104;199;SEC_409
1995;407;03-11;23;31;54;SEC_407
2009;433;75 i +;40;24;64;SEC_433
1996;401;25-34;73;89;162;SEC_401
1998;623;65-74;50;38;88;SEC_623
2000;401;16-17;15;17;32;SEC_401
2014;420;00-02;39;34;73;SEC_420
2014;247;00-02;28;29;57;SEC_247
2011;107;35-49;199;210;409;SEC_107
1994;408;03-11;42;36;78;SEC_408
1997;118;75 i +;26;17;43;SEC_118
1998;215;18-24;33;47;80;SEC_215
2016;613;75 i +;83;67;150;SEC_613
1996;236;75 i +;42;37;79;SEC_236
2011;614;00-02;7;16;23;SEC_614
1999;418;50-64;124;108;232;SEC_418
2003;204;18-24;25;23;48;SEC_204
1994;418;00-02;7;10;17;SEC_418
1999;431;12-15;20;25;45;SEC_431
2015;632;18-24;26;39;65;SEC_632
2007;110;25-34;117;125;242;SEC_110
2011;437;50-64;66;63;129;SEC_437
1997;433;00-02;14;20;34;SEC_433
1996;134;03-11;52;63;115;SEC_134
1996;531;12-15;9;21;30;SEC_531
2000;242;35-49;97;92;189;SEC_242
2005;235;50-64;107;92;199;SEC_235
1994;408;50-64;94;91;185;SEC_408
2010;302;00-02;21;26;47;SEC_302
1999;630;12-15;20;15;35;SEC_630
2007;104;25-34;74;70;144;SEC_104
2007;220;03-11;38;29;67;SEC_220
2000;410;16-17;22;22;44;SEC_410
1999;130;03-11;32;32;64;SEC_130
2007;407;03-11;46;38;84;SEC_407
1997;301;16-17;17;25;42;SEC_301
1994;201;75 i +;31;10;41;SEC_201
2005;524;65-74;84;60;144;SEC_524
2006;210;75 i +;96;47;143;SEC_210
2004;528;00-02;16;16;32;SEC_528
1994;524;00-02;16;18;34;SEC_524
2013;302;25-34;117;100;217;SEC_302
1995;315;12-15;37;50;87;SEC_315
2003;314;18-24;139;127;266;SEC_314
2014;316;00-02;17;26;43;SEC_316
2003;429;65-74;50;24;74;SEC_429
2001;511;16-17;4;3;7;SEC_511
2004;604;16-17;2;5;7;SEC_604
2008;522;12-15;11;23;34;SEC_522
2005;533;35-49;99;137;236;SEC_533
1999;616;03-11;129;140;269;SEC_616
2000;217;12-15;9;8;17;SEC_217
2003;632;16-17;14;11;25;SEC_632
2000;221;35-49;98;106;204;SEC_221
2007;102;12-15;30;29;59;SEC_102
2005;210;03-11;23;23;46;SEC_210
1996;427;35-49;64;70;134;SEC_427
2001;512;16-17;7;9;16;SEC_512
2016;229;18-24;89;79;168;SEC_229
2006;416;18-24;28;27;55;SEC_416
1998;514;35-49;65;67;132;SEC_514
1995;128;18-24;87;79;166;SEC_128
2004;611;25-34;179;216;395;SEC_611
2003;310;75 i +;37;23;60;SEC_310
2006;105;03-11;30;47;77;SEC_105
1999;507;16-17;3;5;8;SEC_507
1995;621;35-49;248;231;479;SEC_621
2005;605;50-64;81;47;128;SEC_605
2001;302;25-34;138;165;303;SEC_302
2006;117;50-64;223;221;444;SEC_117
2010;245;16-17;3;12;15;SEC_245
2010;223;03-11;57;53;110;SEC_223
2007;608;35-49;93;98;191;SEC_608
2001;435;16-17;8;10;18;SEC_435
2016;127;50-64;93;77;170;SEC_127
2002;203;16-17;6;6;12;SEC_203
2014;243;65-74;61;48;109;SEC_243
2008;236;25-34;97;102;199;SEC_236
2009;538;03-11;57;55;112;SEC_538
2001;524;75 i +;54;31;85;SEC_524
2014;103;65-74;34;30;64;SEC_103
2000;234;03-11;24;30;54;SEC_234
2014;617;75 i +;64;36;100;SEC_617
2014;610;16-17;8;7;15;SEC_610
1994;211;12-15;19;21;40;SEC_211
2013;140;12-15;15;16;31;SEC_140
2003;125;50-64;171;161;332;SEC_125
2007;303;50-64;145;118;263;SEC_303
1994;429;35-49;81;80;161;SEC_429
2002;202;65-74;49;43;92;SEC_202
2010;536;03-11;38;41;79;SEC_536
2012;512;16-17;8;6;14;SEC_512
1994;201;03-11;18;19;37;SEC_201
2010;302;12-15;14;23;37;SEC_302
2009;524;16-17;12;14;26;SEC_524
2005;210;75 i +;93;49;142;SEC_210
2002;410;00-02;15;30;45;SEC_410
2001;106;50-64;181;214;395;SEC_106
1996;521;50-64;126;175;301;SEC_521
2003;504;35-49;76;88;164;SEC_504
2005;402;25-34;102;92;194;SEC_402
2004;324;75 i +;49;25;74;SEC_324
1996;114;35-49;184;176;360;SEC_114
2005;615;03-11;29;22;51;SEC_615
2006;223;65-74;62;53;115;SEC_223
2013;324;50-64;67;73;140;SEC_324
2006;214;65-74;37;30;67;SEC_214
2016;602;16-17;11;16;27;SEC_602
2014;521;00-02;11;12;23;SEC_521
2003;206;16-17;6;8;14;SEC_206
2013;318;75 i +;31;21;52;SEC_318
2008;403;25-34;103;121;224;SEC_403
1994;505;25-34;88;99;187;SEC_505
2014;324;35-49;159;175;334;SEC_324
1997;322;12-15;36;18;54;SEC_322
2000;434;03-11;21;23;44;SEC_434
2005;436;65-74;39;22;61;SEC_436
2008;203;16-17;3;10;13;SEC_203
1998;508;75 i +;24;21;45;SEC_508
1995;623;50-64;163;187;350;SEC_623
2009;535;18-24;43;42;85;SEC_535
1995;622;18-24;73;80;153;SEC_622
2015;216;16-17;13;8;21;SEC_216
2005;611;25-34;193;200;393;SEC_611
2016;402;18-24;35;22;57;SEC_402
2010;631;18-24;31;27;58;SEC_631
1998;415;35-49;59;66;125;SEC_415
2002;303;03-11;37;46;83;SEC_303
2014;526;35-49;236;280;516;SEC_526
1995;229;12-15;5;11;16;SEC_229
2000;242;50-64;106;100;206;SEC_242
2002;627;65-74;34;28;62;SEC_627
1999;430;18-24;42;36;78;SEC_430
2005;525;12-15;12;15;27;SEC_525
2007;245;35-49;142;134;276;SEC_245
2003;426;35-49;107;113;220;SEC_426
2010;248;16-17;14;17;31;SEC_248
1997;509;35-49;67;60;127;SEC_509
2011;317;25-34;112;124;236;SEC_317
2015;305;75 i +;83;54;137;SEC_305
2014;216;16-17;10;10;20;SEC_216
2001;522;65-74;38;44;82;SEC_522
2009;135;18-24;60;56;116;SEC_135
2000;203;16-17;3;8;11;SEC_203
2008;140;50-64;86;90;176;SEC_140
2005;629;12-15;8;9;17;SEC_629
2000;608;75 i +;29;13;42;SEC_608
2011;217;35-49;95;118;213;SEC_217
2015;606;16-17;8;15;23;SEC_606
2010;106;00-02;23;23;46;SEC_106
2012;413;75 i +;43;27;70;SEC_413
2004;616;18-24;151;150;301;SEC_616
1997;217;25-34;51;55;106;SEC_217
2008;501;35-49;100;103;203;SEC_501
2014;228;65-74;115;74;189;SEC_228
2003;324;16-17;10;14;24;SEC_324
2004;624;18-24;48;46;94;SEC_624
2009;238;25-34;77;93;170;SEC_238
2004;313;25-34;199;186;385;SEC_313
2000;317;03-11;32;39;71;SEC_317
2002;516;16-17;3;3;6;SEC_516
2014;316;65-74;116;126;242;SEC_316
2008;215;75 i +;74;34;108;SEC_215
2007;247;12-15;22;18;40;SEC_247
2002;521;50-64;176;179;355;SEC_521
2015;423;16-17;7;8;15;SEC_423
2011;122;75 i +;55;40;95;SEC_122
2012;103;18-24;22;12;34;SEC_103
2010;244;25-34;66;60;126;SEC_244
2007;611;35-49;199;257;456;SEC_611
2003;603;75 i +;20;17;37;SEC_603
2013;504;18-24;25;26;51;SEC_504
2012;245;75 i +;69;47;116;SEC_245
2011;417;12-15;9;15;24;SEC_417
1996;509;16-17;9;5;14;SEC_509
2006;137;18-24;60;60;120;SEC_137
2015;209;03-11;33;34;67;SEC_209
1996;503;35-49;137;122;259;SEC_503
1997;244;65-74;54;36;90;SEC_244
2001;128;65-74;51;53;104;SEC_128
2005;227;50-64;61;57;118;SEC_227
2010;620;12-15;4;14;18;SEC_620
2012;306;35-49;200;205;405;SEC_306
2001;202;75 i +;30;23;53;SEC_202
2001;508;03-11;18;24;42;SEC_508
2003;518;35-49;103;113;216;SEC_518
2003;249;00-02;10;14;24;SEC_249
2009;525;50-64;62;71;133;SEC_525
2002;321;18-24;138;121;259;SEC_321
1998;439;18-24;57;39;96;SEC_439
2016;311;12-15;28;29;57;SEC_311
1995;604;25-34;74;79;153;SEC_604
2013;109;18-24;36;28;64;SEC_109
2011;430;65-74;49;38;87;SEC_430
2014;311;65-74;69;54;123;SEC_311
2006;232;12-15;13;11;24;SEC_232
2010;321;12-15;37;28;65;SEC_321
2007;610;18-24;43;45;88;SEC_610
1994;103;50-64;78;78;156;SEC_103
1996;410;12-15;41;37;78;SEC_410
1994;425;25-34;76;98;174;SEC_425
1994;232;35-49;93;76;169;SEC_232
2013;435;25-34;99;101;200;SEC_435
2005;124;03-11;20;22;42;SEC_124
2007;506;16-17;19;21;40;SEC_506
1997;237;35-49;104;109;213;SEC_237
2000;433;03-11;39;41;80;SEC_433
1999;117;03-11;65;60;125;SEC_117
1996;632;75 i +;28;8;36;SEC_632
2003;311;18-24;49;52;101;SEC_311
2011;630;65-74;54;47;101;SEC_630
1997;305;03-11;80;54;134;SEC_305
2004;613;25-34;128;143;271;SEC_613
2008;413;03-11;15;20;35;SEC_413
1998;113;18-24;90;92;182;SEC_113
2012;201;00-02;15;23;38;SEC_201
2008;538;25-34;108;122;230;SEC_538
2016;112;50-64;177;152;329;SEC_112
2011;535;75 i +;42;39;81;SEC_535
1998;240;00-02;2;6;8;SEC_240
2016;411;35-49;89;100;189;SEC_411
1995;204;65-74;53;36;89;SEC_204
2012;119;25-34;83;80;163;SEC_119
2014;432;35-49;124;147;271;SEC_432
2005;249;16-17;13;14;27;SEC_249
2005;206;75 i +;65;37;102;SEC_206
2010;534;25-34;77;87;164;SEC_534
2002;401;18-24;57;66;123;SEC_401
2016;613;16-17;5;11;16;SEC_613
2014;602;50-64;83;82;165;SEC_602
2009;423;18-24;31;49;80;SEC_423
1995;312;65-74;40;30;70;SEC_312
1998;126;12-15;15;16;31;SEC_126
2001;402;03-11;23;21;44;SEC_402
2011;205;16-17;8;9;17;SEC_205
1995;123;50-64;108;113;221;SEC_123
2006;430;16-17;5;8;13;SEC_430
2011;112;18-24;48;66;114;SEC_112
2013;120;18-24;76;66;142;SEC_120
2016;436;00-02;29;18;47;SEC_436
2006;129;65-74;53;59;112;SEC_129
1995;534;00-02;7;11;18;SEC_534
2000;209;25-34;78;84;162;SEC_209
2001;106;35-49;239;223;462;SEC_106
2003;420;12-15;22;25;47;SEC_420
2009;419;65-74;48;35;83;SEC_419
2015;108;16-17;16;18;34;SEC_108
2016;535;50-64;97;80;177;SEC_535
2007;442;75 i +;33;20;53;SEC_442
2000;440;00-02;9;8;17;SEC_440
1999;241;18-24;38;22;60;SEC_241
1997;511;03-11;9;17;26;SEC_511
1996;125;50-64;103;131;234;SEC_125
1996;609;18-24;102;92;194;SEC_609
2003;118;12-15;44;23;67;SEC_118
2009;248;18-24;55;48;103;SEC_248
2003;419;12-15;15;11;26;SEC_419
2005;228;18-24;32;34;66;SEC_228
2000;420;35-49;107;123;230;SEC_420
2002;102;25-34;139;159;298;SEC_102
2004;212;75 i +;63;40;103;SEC_212
2001;424;16-17;6;6;12;SEC_424
1996;616;75 i +;21;15;36;SEC_616
2013;621;03-11;45;56;101;SEC_621
2003;501;03-11;43;37;80;SEC_501
2014;229;00-02;28;28;56;SEC_229
1998;519;03-11;12;26;38;SEC_519
2006;526;75 i +;35;20;55;SEC_526
2011;129;50-64;93;85;178;SEC_129
1999;521;18-24;98;103;201;SEC_521
1996;440;35-49;100;84;184;SEC_440
1999;503;65-74;27;19;46;SEC_503
2004;112;35-49;208;175;383;SEC_112
1995;215;50-64;85;72;157;SEC_215
2012;113;50-64;221;187;408;SEC_113
2011;312;12-15;22;28;50;SEC_312
2007;612;35-49;97;122;219;SEC_612
2011;534;12-15;15;18;33;SEC_534
2007;612;18-24;30;33;63;SEC_612
2007;241;50-64;47;52;99;SEC_241
2012;208;75 i +;230;132;362;SEC_208
2011;623;00-02;16;15;31;SEC_623
1999;316;35-49;424;348;772;SEC_316
2002;109;65-74;56;50;106;SEC_109
1997;503;25-34;75;52;127;SEC_503
1998;216;25-34;86;94;180;SEC_216
1995;410;25-34;104;125;229;SEC_410
2016;441;25-34;169;150;319;SEC_441
2002;525;65-74;70;54;124;SEC_525
2015;124;65-74;44;29;73;SEC_124
2008;538;12-15;14;19;33;SEC_538
2014;129;18-24;43;33;76;SEC_129
2007;435;03-11;47;48;95;SEC_435
1994;305;50-64;99;108;207;SEC_305
2004;440;50-64;138;117;255;SEC_440
2007;518;35-49;134;137;271;SEC_518
2009;509;16-17;7;12;19;SEC_509
1999;607;65-74;69;58;127;SEC_607
2005;425;75 i +;54;40;94;SEC_425
1998;126;18-24;89;84;173;SEC_126
2001;136;12-15;20;14;34;SEC_136
1994;419;25-34;67;75;142;SEC_419
2009;214;16-17;13;8;21;SEC_214
2011;530;12-15;20;29;49;SEC_530
2009;436;35-49;123;161;284;SEC_436
2004;204;16-17;4;3;7;SEC_204
2000;611;50-64;231;193;424;SEC_611
2001;207;75 i +;70;29;99;SEC_207
1995;314;00-02;26;27;53;SEC_314
2008;623;18-24;48;43;91;SEC_623
2009;121;12-15;19;16;35;SEC_121
2015;247;25-34;107;94;201;SEC_247
2014;135;35-49;166;180;346;SEC_135
2013;418;75 i +;79;63;142;SEC_418
2007;247;18-24;59;62;121;SEC_247
2002;113;00-02;8;15;23;SEC_113
1997;602;16-17;8;4;12;SEC_602
2008;239;18-24;41;45;86;SEC_239
2003;212;25-34;144;143;287;SEC_212
2016;601;65-74;150;105;255;SEC_601
2001;603;12-15;7;14;21;SEC_603
2008;403;18-24;47;48;95;SEC_403
1997;225;12-15;10;13;23;SEC_225
2006;318;16-17;15;8;23;SEC_318
2012;111;25-34;43;51;94;SEC_111
2009;527;25-34;154;127;281;SEC_527
2007;238;35-49;113;126;239;SEC_238
2007;409;50-64;54;61;115;SEC_409
1997;618;50-64;75;84;159;SEC_618
2007;209;03-11;31;33;64;SEC_209
2016;210;50-64;80;76;156;SEC_210
2010;609;25-34;63;63;126;SEC_609
2013;314;18-24;68;130;198;SEC_314
2003;116;00-02;15;19;34;SEC_116
2007;416;25-34;69;86;155;SEC_416
2003;627;65-74;38;32;70;SEC_627
2007;537;35-49;123;140;263;SEC_537
2009;227;00-02;12;10;22;SEC_227
1997;631;00-02;13;9;22;SEC_631
2013;234;35-49;133;152;285;SEC_234
1996;123;03-11;42;42;84;SEC_123
2009;617;35-49;104;113;217;SEC_617
2003;617;25-34;98;114;212;SEC_617
1997;207;35-49;69;61;130;SEC_207
2008;606;25-34;104;106;210;SEC_606
2000;237;75 i +;67;42;109;SEC_237
1996;420;35-49;90;104;194;SEC_420
1996;245;65-74;70;53;123;SEC_245
2002;629;25-34;43;51;94;SEC_629
2014;501;16-17;6;8;14;SEC_501
1999;137;50-64;134;133;267;SEC_137
2011;424;25-34;51;57;108;SEC_424
1998;423;75 i +;45;22;67;SEC_423
2006;207;35-49;81;74;155;SEC_207
2003;320;50-64;102;102;204;SEC_320
1998;102;25-34;148;173;321;SEC_102
2012;212;03-11;48;59;107;SEC_212
2002;432;16-17;12;10;22;SEC_432
2002;506;50-64;235;227;462;SEC_506
2012;244;00-02;11;10;21;SEC_244
2005;601;18-24;48;55;103;SEC_601
2009;603;75 i +;21;22;43;SEC_603
2004;526;50-64;58;54;112;SEC_526
2010;242;18-24;36;49;85;SEC_242
2003;223;65-74;71;59;130;SEC_223
2016;303;18-24;38;48;86;SEC_303
2013;243;00-02;19;25;44;SEC_243
2010;402;00-02;20;18;38;SEC_402
1998;220;18-24;35;27;62;SEC_220
2005;506;65-74;84;96;180;SEC_506
1995;120;00-02;19;10;29;SEC_120
2010;218;50-64;73;66;139;SEC_218
1998;316;65-74;40;35;75;SEC_316
1998;204;03-11;11;18;29;SEC_204
2014;133;65-74;58;44;102;SEC_133
1996;440;75 i +;47;31;78;SEC_440
2005;439;35-49;139;166;305;SEC_439
2014;210;12-15;12;12;24;SEC_210
2002;315;35-49;172;172;344;SEC_315
2000;235;12-15;16;13;29;SEC_235
2004;319;65-74;50;32;82;SEC_319
1998;602;16-17;9;7;16;SEC_602
2004;442;03-11;25;23;48;SEC_442
2010;512;75 i +;49;27;76;SEC_512
2007;309;00-02;8;19;27;SEC_309
2006;313;16-17;20;14;34;SEC_313
1995;426;18-24;48;58;106;SEC_426
1997;503;50-64;65;77;142;SEC_503
2009;228;65-74;45;35;80;SEC_228
1995;307;50-64;143;137;280;SEC_307
2007;302;65-74;65;51;116;SEC_302
2000;202;35-49;52;63;115;SEC_202
2002;237;65-74;93;68;161;SEC_237
2016;326;50-64;40;62;102;SEC_326
2009;202;18-24;36;36;72;SEC_202
2014;312;50-64;152;142;294;SEC_312
1998;411;65-74;91;81;172;SEC_411
2014;605;00-02;20;16;36;SEC_605
2001;427;50-64;64;49;113;SEC_427
2001;604;16-17;9;12;21;SEC_604
1998;120;50-64;122;125;247;SEC_120
1996;310;75 i +;22;12;34;SEC_310
2007;506;50-64;243;210;453;SEC_506
2006;234;03-11;28;29;57;SEC_234
2001;508;75 i +;32;23;55;SEC_508
2013;132;65-74;104;120;224;SEC_132
2015;133;18-24;14;24;38;SEC_133
2001;220;03-11;25;19;44;SEC_220
2012;506;12-15;28;29;57;SEC_506
1998;308;00-02;9;18;27;SEC_308
2009;624;25-34;87;108;195;SEC_624
2015;436;35-49;196;209;405;SEC_436
2001;209;18-24;19;29;48;SEC_209
1994;105;50-64;78;84;162;SEC_105
2010;309;50-64;88;71;159;SEC_309
2002;530;18-24;54;82;136;SEC_530
2006;105;12-15;16;32;48;SEC_105
2013;249;03-11;40;47;87;SEC_249
2013;325;03-11;67;77;144;SEC_325
2015;316;25-34;164;186;350;SEC_316
2004;504;50-64;142;108;250;SEC_504
2000;210;50-64;94;76;170;SEC_210
2001;111;12-15;18;16;34;SEC_111
2009;325;25-34;113;131;244;SEC_325
1999;244;18-24;25;16;41;SEC_244
2003;135;16-17;16;13;29;SEC_135
2000;238;75 i +;61;30;91;SEC_238
1994;214;75 i +;32;16;48;SEC_214
2010;220;65-74;36;23;59;SEC_220
2012;502;00-02;28;21;49;SEC_502
2001;621;18-24;111;131;242;SEC_621
1994;217;00-02;5;5;10;SEC_217
1994;307;25-34;96;78;174;SEC_307
1995;129;65-74;44;33;77;SEC_129
2006;139;18-24;31;42;73;SEC_139
2007;249;18-24;54;46;100;SEC_249
1997;607;65-74;56;46;102;SEC_607
2008;603;16-17;2;8;10;SEC_603
1995;115;16-17;19;22;41;SEC_115
1996;245;00-02;3;5;8;SEC_245
2007;411;18-24;38;34;72;SEC_411
1998;531;65-74;56;47;103;SEC_531
2011;315;50-64;162;157;319;SEC_315
2003;531;00-02;9;11;20;SEC_531
2005;534;65-74;61;55;116;SEC_534
2004;321;16-17;14;23;37;SEC_321
1996;605;75 i +;17;11;28;SEC_605
1998;214;65-74;43;41;84;SEC_214
2004;622;03-11;24;42;66;SEC_622
2009;418;25-34;110;136;246;SEC_418
2009;407;25-34;84;100;184;SEC_407
1997;624;75 i +;26;12;38;SEC_624
2012;219;50-64;98;96;194;SEC_219
2010;625;00-02;7;16;23;SEC_625
2006;248;25-34;118;154;272;SEC_248
1997;509;50-64;85;91;176;SEC_509
2014;423;18-24;37;31;68;SEC_423
2005;430;18-24;42;48;90;SEC_430
2005;505;50-64;201;151;352;SEC_505
1997;411;65-74;83;79;162;SEC_411
2000;230;12-15;7;15;22;SEC_230
2010;226;65-74;51;40;91;SEC_226
2012;536;16-17;11;9;20;SEC_536
2011;515;75 i +;35;16;51;SEC_515
2003;611;18-24;81;66;147;SEC_611
2016;517;65-74;74;55;129;SEC_517
2006;519;65-74;43;32;75;SEC_519
2011;432;50-64;168;131;299;SEC_432
2007;322;16-17;7;14;21;SEC_322
2015;137;65-74;83;73;156;SEC_137
1994;204;50-64;62;58;120;SEC_204
2007;421;00-02;15;8;23;SEC_421
2008;232;75 i +;70;39;109;SEC_232
2014;435;65-74;39;31;70;SEC_435
1996;115;16-17;16;17;33;SEC_115
2006;411;03-11;27;24;51;SEC_411
1995;203;00-02;7;5;12;SEC_203
2007;422;50-64;85;71;156;SEC_422
2011;127;65-74;37;22;59;SEC_127
2004;412;12-15;21;25;46;SEC_412
1999;114;00-02;23;18;41;SEC_114
2006;133;00-02;15;11;26;SEC_133
2007;526;65-74;30;33;63;SEC_526
1996;129;18-24;103;80;183;SEC_129
2006;522;50-64;58;55;113;SEC_522
2004;609;50-64;122;106;228;SEC_609
1996;129;65-74;42;36;78;SEC_129
2012;429;16-17;6;4;10;SEC_429
2011;421;03-11;54;39;93;SEC_421
2000;410;65-74;124;123;247;SEC_410
2002;129;75 i +;39;17;56;SEC_129
1994;308;18-24;102;100;202;SEC_308
2012;311;03-11;68;79;147;SEC_311
2009;434;16-17;9;8;17;SEC_434
2002;414;35-49;89;93;182;SEC_414
2005;247;16-17;13;12;25;SEC_247
2005;433;18-24;60;52;112;SEC_433
1999;116;16-17;28;15;43;SEC_116
2001;608;16-17;10;11;21;SEC_608
2008;435;12-15;15;20;35;SEC_435
1999;432;18-24;78;94;172;SEC_432
2003;623;65-74;54;63;117;SEC_623
2001;616;50-64;185;205;390;SEC_616
2001;107;50-64;183;181;364;SEC_107
1997;120;18-24;90;99;189;SEC_120
2007;304;00-02;33;28;61;SEC_304
2008;511;75 i +;52;32;84;SEC_511
2006;131;50-64;183;172;355;SEC_131
2003;431;25-34;158;195;353;SEC_431
1996;429;03-11;18;25;43;SEC_429
2004;625;00-02;12;16;28;SEC_625
2015;209;16-17;10;7;17;SEC_209
2001;215;35-49;90;84;174;SEC_215
1995;133;25-34;70;70;140;SEC_133
1998;502;35-49;151;137;288;SEC_502
2012;305;03-11;65;61;126;SEC_305
2005;440;65-74;68;71;139;SEC_440
1998;621;35-49;220;170;390;SEC_621
2013;437;16-17;13;11;24;SEC_437
1999;225;00-02;1;3;4;SEC_225
1996;314;50-64;130;146;276;SEC_314
2005;115;03-11;49;50;99;SEC_115
1999;630;75 i +;25;13;38;SEC_630
2004;221;75 i +;39;34;73;SEC_221
2009;424;65-74;33;25;58;SEC_424
2004;404;50-64;117;111;228;SEC_404
2015;507;00-02;8;10;18;SEC_507
2004;131;65-74;55;49;104;SEC_131
2008;414;00-02;19;14;33;SEC_414
2009;630;12-15;5;16;21;SEC_630
2015;115;18-24;24;48;72;SEC_115
2016;110;75 i +;77;51;128;SEC_110
2006;312;50-64;172;148;320;SEC_312
2011;322;00-02;21;22;43;SEC_322
2006;503;65-74;33;26;59;SEC_503
1998;324;65-74;58;38;96;SEC_324
2001;313;00-02;27;24;51;SEC_313
1994;232;18-24;60;51;111;SEC_232
2000;536;12-15;9;11;20;SEC_536
2000;407;35-49;93;87;180;SEC_407
2004;616;25-34;229;267;496;SEC_616
1996;405;03-11;22;22;44;SEC_405
1999;244;35-49;58;71;129;SEC_244
2011;437;16-17;7;6;13;SEC_437
1998;222;12-15;14;16;30;SEC_222
1994;526;03-11;22;29;51;SEC_526
2005;535;16-17;12;10;22;SEC_535
2003;243;50-64;110;94;204;SEC_243
2005;440;03-11;32;33;65;SEC_440
2002;603;12-15;7;16;23;SEC_603
2005;426;65-74;47;37;84;SEC_426
2006;128;35-49;109;94;203;SEC_128
2011;108;03-11;58;45;103;SEC_108
2001;107;75 i +;67;37;104;SEC_107
2005;226;25-34;122;122;244;SEC_226
2000;431;25-34;110;106;216;SEC_431
2008;631;25-34;99;105;204;SEC_631
1996;209;18-24;35;37;72;SEC_209
1999;601;00-02;10;12;22;SEC_601
2008;511;00-02;13;8;21;SEC_511
1999;303;18-24;91;85;176;SEC_303
2007;136;50-64;116;111;227;SEC_136
2010;604;50-64;60;58;118;SEC_604
2004;247;35-49;154;166;320;SEC_247
2001;421;16-17;2;9;11;SEC_421
2003;611;03-11;61;60;121;SEC_611
2005;623;03-11;55;52;107;SEC_623
2007;423;25-34;124;133;257;SEC_423
2016;131;12-15;9;23;32;SEC_131
1995;224;35-49;47;47;94;SEC_224
1994;408;18-24;52;51;103;SEC_408
2004;323;16-17;34;32;66;SEC_323
2000;508;65-74;39;32;71;SEC_508
2000;623;00-02;21;11;32;SEC_623
2009;503;18-24;33;33;66;SEC_503
2000;617;03-11;38;46;84;SEC_617
1999;501;25-34;98;107;205;SEC_501
2008;521;75 i +;47;31;78;SEC_521
2011;321;35-49;258;216;474;SEC_321
2007;501;35-49;101;102;203;SEC_501
2005;406;50-64;132;114;246;SEC_406
2015;123;35-49;161;144;305;SEC_123
2002;118;65-74;43;45;88;SEC_118
2009;216;75 i +;72;46;118;SEC_216
2003;505;12-15;13;8;21;SEC_505
2014;427;65-74;55;36;91;SEC_427
2007;515;12-15;19;11;30;SEC_515
2010;536;00-02;8;11;19;SEC_536
2001;105;35-49;157;125;282;SEC_105
1997;440;12-15;18;8;26;SEC_440
2012;307;12-15;16;18;34;SEC_307
2004;225;50-64;56;41;97;SEC_225
1994;603;16-17;12;17;29;SEC_603
2005;212;16-17;11;7;18;SEC_212
2014;505;25-34;51;54;105;SEC_505
1997;312;12-15;20;28;48;SEC_312
2011;119;00-02;8;9;17;SEC_119
1994;119;03-11;60;65;125;SEC_119
2009;412;50-64;174;156;330;SEC_412
1994;515;12-15;9;6;15;SEC_515
2000;244;03-11;17;21;38;SEC_244
1996;615;75 i +;25;11;36;SEC_615
2016;624;65-74;112;96;208;SEC_624
2002;601;50-64;171;158;329;SEC_601
1999;404;25-34;108;124;232;SEC_404
2011;242;00-02;11;15;26;SEC_242
2012;424;35-49;62;83;145;SEC_424
2014;205;25-34;69;78;147;SEC_205
2004;231;75 i +;93;42;135;SEC_231
2004;313;16-17;18;12;30;SEC_313
2008;501;00-02;5;18;23;SEC_501
2013;535;12-15;6;19;25;SEC_535
2011;609;03-11;33;27;60;SEC_609
2011;537;16-17;11;11;22;SEC_537
1997;131;75 i +;32;19;51;SEC_131
2004;510;65-74;57;54;111;SEC_510
2009;244;75 i +;53;31;84;SEC_244
2007;442;35-49;80;71;151;SEC_442
2011;625;16-17;9;9;18;SEC_625
1997;537;16-17;15;16;31;SEC_537
2000;135;75 i +;54;25;79;SEC_135
2006;509;12-15;12;19;31;SEC_509
2012;248;18-24;56;51;107;SEC_248
2013;418;03-11;68;48;116;SEC_418
2007;120;35-49;232;225;457;SEC_120
1997;110;25-34;84;102;186;SEC_110
2001;111;75 i +;39;26;65;SEC_111
2010;619;25-34;72;71;143;SEC_619
2005;618;00-02;12;10;22;SEC_618
2001;516;25-34;72;66;138;SEC_516
1995;630;00-02;9;4;13;SEC_630
2001;631;00-02;10;9;19;SEC_631
1999;621;25-34;141;145;286;SEC_621
1997;605;12-15;7;10;17;SEC_605
2016;313;65-74;107;92;199;SEC_313
2015;537;25-34;102;86;188;SEC_537
2003;624;35-49;82;109;191;SEC_624
2015;614;03-11;39;52;91;SEC_614
1999;439;65-74;59;59;118;SEC_439
2000;134;25-34;113;98;211;SEC_134
2010;244;12-15;9;8;17;SEC_244
1995;513;75 i +;41;13;54;SEC_513
2002;246;18-24;38;33;71;SEC_246
2004;138;12-15;14;16;30;SEC_138
2002;620;65-74;28;39;67;SEC_620
1996;429;12-15;13;21;34;SEC_429
2002;127;03-11;25;30;55;SEC_127
2005;526;12-15;11;15;26;SEC_526
2011;441;12-15;39;32;71;SEC_441
1995;233;03-11;15;17;32;SEC_233
2013;311;12-15;24;27;51;SEC_311
2013;617;65-74;64;45;109;SEC_617
2015;518;35-49;145;147;292;SEC_518
2015;517;25-34;173;180;353;SEC_517
2010;233;16-17;6;12;18;SEC_233
2005;205;03-11;31;28;59;SEC_205
1999;313;25-34;142;138;280;SEC_313
1995;524;75 i +;43;26;69;SEC_524
2004;135;18-24;76;97;173;SEC_135
2010;207;75 i +;67;22;89;SEC_207
2005;205;75 i +;62;34;96;SEC_205
1998;537;65-74;74;62;136;SEC_537
2009;119;35-49;125;145;270;SEC_119
1995;303;03-11;43;40;83;SEC_303
2012;132;12-15;36;43;79;SEC_132
1994;623;75 i +;42;24;66;SEC_623
2001;248;18-24;42;65;107;SEC_248
1998;507;35-49;83;76;159;SEC_507
2011;313;75 i +;97;63;160;SEC_313
2009;125;12-15;23;32;55;SEC_125
2005;109;18-24;47;43;90;SEC_109
2006;527;65-74;56;41;97;SEC_527
2004;306;65-74;94;73;167;SEC_306
2008;116;00-02;15;22;37;SEC_116
1997;435;12-15;7;24;31;SEC_435
1996;109;50-64;103;99;202;SEC_109
2005;618;12-15;8;12;20;SEC_618
1996;124;12-15;30;30;60;SEC_124
1996;126;00-02;10;5;15;SEC_126
2002;406;16-17;10;14;24;SEC_406
2014;240;65-74;64;47;111;SEC_240
2009;312;75 i +;66;35;101;SEC_312
2003;136;00-02;15;21;36;SEC_136
2006;623;12-15;12;31;43;SEC_623
1999;201;12-15;10;18;28;SEC_201
2010;522;35-49;106;104;210;SEC_522
2006;437;75 i +;36;20;56;SEC_437
2007;101;03-11;97;70;167;SEC_101
1995;613;03-11;38;40;78;SEC_613
2003;622;18-24;45;45;90;SEC_622
1999;620;00-02;2;6;8;SEC_620
2012;629;12-15;7;7;14;SEC_629
2005;319;65-74;47;34;81;SEC_319
1994;402;03-11;23;23;46;SEC_402
1997;501;16-17;23;26;49;SEC_501
2004;223;65-74;72;60;132;SEC_223
2012;616;65-74;104;95;199;SEC_616
2000;220;03-11;20;22;42;SEC_220
2005;627;50-64;156;165;321;SEC_627
2016;111;25-34;46;40;86;SEC_111
2008;213;00-02;25;18;43;SEC_213
2003;221;25-34;105;104;209;SEC_221
2001;105;75 i +;47;22;69;SEC_105
2010;118;75 i +;52;35;87;SEC_118
2008;325;50-64;204;174;378;SEC_325
1994;312;00-02;14;14;28;SEC_312
2011;516;35-49;100;101;201;SEC_516
1999;107;35-49;161;156;317;SEC_107
2010;207;35-49;82;81;163;SEC_207
1998;508;25-34;43;60;103;SEC_508
2001;118;03-11;63;64;127;SEC_118
1995;626;75 i +;21;18;39;SEC_626
1997;312;75 i +;39;29;68;SEC_312
2011;206;18-24;34;33;67;SEC_206
2006;442;16-17;6;7;13;SEC_442
1994;630;12-15;44;54;98;SEC_630
1996;608;25-34;82;102;184;SEC_608
1995;535;18-24;100;116;216;SEC_535
1997;601;00-02;11;13;24;SEC_601
2007;137;50-64;172;152;324;SEC_137
2001;129;16-17;12;11;23;SEC_129
2010;231;65-74;60;38;98;SEC_231
2006;116;25-34;125;131;256;SEC_116
2007;229;50-64;64;46;110;SEC_229
2006;123;18-24;46;37;83;SEC_123
2004;411;35-49;97;104;201;SEC_411
2008;322;00-02;28;19;47;SEC_322
2010;621;00-02;17;18;35;SEC_621
2013;525;16-17;7;11;18;SEC_525
2007;625;25-34;107;125;232;SEC_625
1995;417;16-17;8;15;23;SEC_417
2011;513;35-49;99;80;179;SEC_513
2000;527;35-49;103;113;216;SEC_527
2003;515;25-34;52;67;119;SEC_515
2006;507;75 i +;36;18;54;SEC_507
1998;610;75 i +;36;22;58;SEC_610
2005;437;25-34;82;104;186;SEC_437
2015;525;16-17;8;7;15;SEC_525
2015;104;25-34;46;58;104;SEC_104
2003;514;25-34;60;72;132;SEC_514
2004;612;65-74;61;60;121;SEC_612
2009;125;03-11;73;76;149;SEC_125
2010;302;75 i +;68;36;104;SEC_302
2013;237;35-49;184;207;391;SEC_237
1997;211;35-49;91;98;189;SEC_211
1995;129;03-11;47;46;93;SEC_129
1997;412;16-17;21;34;55;SEC_412
2011;237;35-49;176;210;386;SEC_237
2004;421;00-02;13;14;27;SEC_421
2005;417;25-34;75;81;156;SEC_417
2006;405;16-17;9;8;17;SEC_405
2007;606;12-15;20;18;38;SEC_606
2002;427;18-24;39;36;75;SEC_427
2013;226;75 i +;125;77;202;SEC_226
1994;502;65-74;82;66;148;SEC_502
1997;424;18-24;35;49;84;SEC_424
1997;226;75 i +;72;35;107;SEC_226
1994;234;50-64;106;77;183;SEC_234
2012;322;16-17;13;20;33;SEC_322
1999;321;65-74;79;78;157;SEC_321
1995;402;35-49;79;71;150;SEC_402
2016;226;35-49;254;231;485;SEC_226
2003;324;35-49;90;95;185;SEC_324
1997;403;00-02;0;5;5;SEC_403
2010;109;12-15;15;16;31;SEC_109
2014;431;16-17;12;13;25;SEC_431
2000;603;18-24;33;50;83;SEC_603
2013;312;25-34;168;148;316;SEC_312
2001;229;16-17;5;4;9;SEC_229
2005;237;03-11;49;46;95;SEC_237
2008;320;35-49;135;147;282;SEC_320
2003;519;75 i +;16;24;40;SEC_519
2013;538;16-17;11;17;28;SEC_538
1994;138;65-74;17;17;34;SEC_138
2010;627;16-17;3;6;9;SEC_627
2008;610;00-02;10;17;27;SEC_610
1994;136;18-24;49;65;114;SEC_136
2001;438;75 i +;31;13;44;SEC_438
1997;125;35-49;151;124;275;SEC_125
2002;607;35-49;104;92;196;SEC_607
2012;207;50-64;78;65;143;SEC_207
2015;319;18-24;36;52;88;SEC_319
1996;624;50-64;137;165;302;SEC_624
2012;423;25-34;87;96;183;SEC_423
2006;609;03-11;32;32;64;SEC_609
2003;631;16-17;7;9;16;SEC_631
2004;415;35-49;80;94;174;SEC_415
2000;113;12-15;38;37;75;SEC_113
2013;246;65-74;38;38;76;SEC_246
1998;413;16-17;4;6;10;SEC_413
2014;625;25-34;67;83;150;SEC_625
2000;508;35-49;51;61;112;SEC_508
2016;420;16-17;14;21;35;SEC_420
2009;241;16-17;7;5;12;SEC_241
2012;605;25-34;49;46;95;SEC_605
2016;407;75 i +;94;48;142;SEC_407
2009;215;50-64;87;81;168;SEC_215
2004;245;00-02;12;17;29;SEC_245
1998;309;75 i +;25;12;37;SEC_309
2001;209;12-15;10;19;29;SEC_209
1998;603;00-02;6;4;10;SEC_603
2012;219;75 i +;90;48;138;SEC_219
2001;402;12-15;12;16;28;SEC_402
1994;311;03-11;39;51;90;SEC_311
2006;106;65-74;63;41;104;SEC_106
1996;423;65-74;55;43;98;SEC_423
1999;243;50-64;132;107;239;SEC_243
2011;209;25-34;92;83;175;SEC_209
1997;107;12-15;40;44;84;SEC_107
2015;224;18-24;37;44;81;SEC_224
2005;521;50-64;169;143;312;SEC_521
2016;110;50-64;117;89;206;SEC_110
1996;626;25-34;92;117;209;SEC_626
2009;629;16-17;4;4;8;SEC_629
1998;130;65-74;80;64;144;SEC_130
2015;125;00-02;19;33;52;SEC_125
2008;305;50-64;172;164;336;SEC_305
2009;139;16-17;6;5;11;SEC_139
1998;138;16-17;12;17;29;SEC_138
2002;101;25-34;166;184;350;SEC_101
2001;416;75 i +;33;20;53;SEC_416
1996;302;03-11;57;47;104;SEC_302
1994;212;50-64;140;131;271;SEC_212
1995;536;00-02;5;10;15;SEC_536
2005;418;75 i +;58;35;93;SEC_418
2011;512;12-15;16;15;31;SEC_512
2014;326;65-74;11;10;21;SEC_326
2014;531;50-64;81;83;164;SEC_531
2007;231;18-24;33;42;75;SEC_231
2014;321;18-24;71;83;154;SEC_321
2007;510;03-11;29;31;60;SEC_510
2010;107;03-11;67;72;139;SEC_107
2004;602;50-64;63;53;116;SEC_602
2010;319;16-17;16;18;34;SEC_319
2013;433;00-02;34;25;59;SEC_433
2004;215;00-02;13;11;24;SEC_215
2000;526;65-74;34;31;65;SEC_526
2016;425;65-74;44;30;74;SEC_425
2011;104;25-34;61;55;116;SEC_104
2005;426;75 i +;49;36;85;SEC_426
2006;437;16-17;8;10;18;SEC_437
2001;432;03-11;27;34;61;SEC_432
2008;411;50-64;96;72;168;SEC_411
1998;632;18-24;97;97;194;SEC_632
1999;238;35-49;63;80;143;SEC_238
2005;529;03-11;38;33;71;SEC_529
2002;114;18-24;96;100;196;SEC_114
2008;137;12-15;26;20;46;SEC_137
2011;424;65-74;32;21;53;SEC_424
2011;420;18-24;52;48;100;SEC_420
2002;622;00-02;10;8;18;SEC_622
2000;616;35-49;294;291;585;SEC_616
2014;109;00-02;13;16;29;SEC_109
2011;107;50-64;159;129;288;SEC_107
2014;237;18-24;36;46;82;SEC_237
1999;522;16-17;9;5;14;SEC_522
2000;217;65-74;41;34;75;SEC_217
2005;527;16-17;14;10;24;SEC_527
1996;603;35-49;57;50;107;SEC_603
2007;615;65-74;56;77;133;SEC_615
2013;202;00-02;24;30;54;SEC_202
2010;235;25-34;148;157;305;SEC_235
1995;242;18-24;55;53;108;SEC_242
1998;404;65-74;78;63;141;SEC_404
1998;432;35-49;145;124;269;SEC_432
1995;527;03-11;39;39;78;SEC_527
1997;412;50-64;183;178;361;SEC_412
2015;105;65-74;67;70;137;SEC_105
2002;303;65-74;123;142;265;SEC_303
2002;134;12-15;20;27;47;SEC_134
2004;417;35-49;74;84;158;SEC_417
2016;245;00-02;14;19;33;SEC_245
1998;440;65-74;46;51;97;SEC_440
1995;403;12-15;38;29;67;SEC_403
2007;533;75 i +;39;38;77;SEC_533
2012;624;03-11;37;47;84;SEC_624
2015;226;25-34;117;133;250;SEC_226
2012;111;12-15;13;11;24;SEC_111
2003;119;65-74;65;53;118;SEC_119
2013;426;00-02;12;12;24;SEC_426
1995;248;25-34;81;102;183;SEC_248
2003;115;35-49;148;152;300;SEC_115
2016;617;16-17;8;7;15;SEC_617
2011;115;75 i +;80;39;119;SEC_115
1994;435;16-17;20;12;32;SEC_435
2001;612;25-34;110;135;245;SEC_612
2014;418;03-11;62;48;110;SEC_418
2005;108;25-34;106;116;222;SEC_108
2007;415;18-24;39;44;83;SEC_415
2016;606;12-15;19;16;35;SEC_606
1996;246;25-34;81;90;171;SEC_246
2003;601;25-34;115;141;256;SEC_601
2002;436;25-34;103;116;219;SEC_436
2013;411;16-17;7;7;14;SEC_411
2009;604;35-49;83;118;201;SEC_604
1999;217;16-17;8;6;14;SEC_217
2002;411;16-17;4;8;12;SEC_411
1995;127;16-17;8;7;15;SEC_127
2005;519;50-64;40;41;81;SEC_519
2007;137;12-15;24;21;45;SEC_137
2016;433;18-24;90;69;159;SEC_433
2008;249;18-24;54;50;104;SEC_249
2016;525;25-34;79;61;140;SEC_525
2011;131;65-74;81;77;158;SEC_131
2000;209;18-24;24;27;51;SEC_209
1994;309;50-64;56;54;110;SEC_309
1997;431;65-74;83;73;156;SEC_431
2002;532;03-11;48;46;94;SEC_532
1995;211;50-64;117;92;209;SEC_211
2013;605;16-17;14;14;28;SEC_605
2007;424;16-17;6;7;13;SEC_424
2012;424;50-64;49;41;90;SEC_424
2012;421;18-24;43;51;94;SEC_421
2009;318;50-64;98;99;197;SEC_318
2014;213;16-17;4;11;15;SEC_213
2003;526;16-17;2;5;7;SEC_526
1999;104;50-64;70;65;135;SEC_104
2015;104;50-64;76;72;148;SEC_104
1998;427;50-64;82;53;135;SEC_427
2003;521;03-11;21;24;45;SEC_521
1995;131;35-49;210;193;403;SEC_131
2002;504;18-24;37;45;82;SEC_504
2006;437;35-49;102;107;209;SEC_437
1999;139;65-74;34;22;56;SEC_139
2006;609;00-02;14;11;25;SEC_609
1998;135;25-34;122;122;244;SEC_135
2001;438;18-24;34;34;68;SEC_438
2006;441;16-17;25;30;55;SEC_441
2015;502;50-64;134;128;262;SEC_502
2008;316;00-02;13;8;21;SEC_316
2003;507;00-02;15;8;23;SEC_507
2006;627;75 i +;36;20;56;SEC_627
1998;630;00-02;4;14;18;SEC_630
2008;501;03-11;41;41;82;SEC_501
2001;503;50-64;84;104;188;SEC_503
1995;610;12-15;37;25;62;SEC_610
2002;438;00-02;11;16;27;SEC_438
2000;531;00-02;13;15;28;SEC_531
2012;228;25-34;68;71;139;SEC_228
2010;602;18-24;15;20;35;SEC_602
1998;318;16-17;14;13;27;SEC_318
2007;246;50-64;82;69;151;SEC_246
2011;512;03-11;35;39;74;SEC_512
2005;241;18-24;28;30;58;SEC_241
2002;307;25-34;108;112;220;SEC_307
1999;612;12-15;16;21;37;SEC_612
2005;101;12-15;19;32;51;SEC_101
1997;302;03-11;56;47;103;SEC_302
2004;115;12-15;19;32;51;SEC_115
2000;316;65-74;36;28;64;SEC_316
2007;512;00-02;21;21;42;SEC_512
2016;109;16-17;11;12;23;SEC_109
2001;308;25-34;158;158;316;SEC_308
2003;404;50-64;125;107;232;SEC_404
1998;427;18-24;45;51;96;SEC_427
2007;131;65-74;57;57;114;SEC_131
2005;113;75 i +;48;25;73;SEC_113
1999;521;16-17;15;11;26;SEC_521
2003;240;25-34;65;81;146;SEC_240
2012;240;35-49;100;96;196;SEC_240
1999;101;25-34;103;108;211;SEC_101
2012;614;12-15;10;13;23;SEC_614
2005;630;65-74;34;33;67;SEC_630
2010;131;12-15;21;19;40;SEC_131
2009;532;65-74;81;66;147;SEC_532
2005;209;65-74;58;51;109;SEC_209
1996;628;75 i +;28;14;42;SEC_628
1994;126;50-64;130;149;279;SEC_126
1994;403;00-02;6;10;16;SEC_403
2001;223;03-11;44;40;84;SEC_223
2001;241;50-64;51;45;96;SEC_241
2013;612;50-64;59;62;121;SEC_612
2005;611;18-24;66;60;126;SEC_611
2009;602;12-15;10;12;22;SEC_602
2001;605;35-49;52;43;95;SEC_605
2009;626;35-49;103;108;211;SEC_626
2007;224;65-74;33;16;49;SEC_224
1995;216;03-11;33;40;73;SEC_216
2009;221;00-02;14;14;28;SEC_221
2012;201;03-11;48;60;108;SEC_201
2011;310;65-74;37;39;76;SEC_310
2003;608;18-24;44;36;80;SEC_608
2014;245;18-24;46;34;80;SEC_245
2010;121;25-34;72;62;134;SEC_121
2005;236;03-11;47;31;78;SEC_236
2004;135;50-64;154;163;317;SEC_135
1994;625;50-64;94;106;200;SEC_625
2003;215;75 i +;72;37;109;SEC_215
1995;222;75 i +;34;23;57;SEC_222
1994;236;00-02;6;7;13;SEC_236
2016;506;16-17;17;20;37;SEC_506
1999;301;65-74;107;96;203;SEC_301
2007;102;65-74;95;97;192;SEC_102
2006;303;75 i +;86;65;151;SEC_303
1996;104;25-34;51;81;132;SEC_104
2012;311;65-74;66;53;119;SEC_311
2000;504;18-24;47;75;122;SEC_504
2013;517;50-64;165;146;311;SEC_517
1998;233;25-34;65;69;134;SEC_233
2012;235;03-11;76;86;162;SEC_235
2016;430;00-02;17;17;34;SEC_430
2011;616;65-74;106;90;196;SEC_616
2004;222;18-24;49;54;103;SEC_222
2015;608;00-02;16;12;28;SEC_608
2012;140;12-15;13;18;31;SEC_140
2002;206;03-11;25;31;56;SEC_206
2011;115;16-17;7;19;26;SEC_115
2011;204;03-11;24;26;50;SEC_204
2009;523;18-24;56;61;117;SEC_523
2014;323;35-49;230;231;461;SEC_323
2007;322;12-15;23;15;38;SEC_322
2012;217;35-49;87;109;196;SEC_217
2011;503;12-15;14;14;28;SEC_503
2004;509;25-34;82;98;180;SEC_509
2004;140;00-02;12;15;27;SEC_140
2013;624;65-74;101;114;215;SEC_624
2003;417;12-15;13;7;20;SEC_417
2006;231;16-17;6;6;12;SEC_231
2007;201;12-15;11;16;27;SEC_201
2005;110;12-15;16;25;41;SEC_110
2005;129;75 i +;40;21;61;SEC_129
1999;310;18-24;53;61;114;SEC_310
2007;440;25-34;82;93;175;SEC_440
2001;514;00-02;9;7;16;SEC_514
2008;224;18-24;27;25;52;SEC_224
2011;103;25-34;55;65;120;SEC_103
2000;312;18-24;63;79;142;SEC_312
2007;319;16-17;12;5;17;SEC_319
1996;423;12-15;17;15;32;SEC_423
1996;613;65-74;48;39;87;SEC_613
1997;606;50-64;129;108;237;SEC_606
2002;501;65-74;28;30;58;SEC_501
2003;413;50-64;41;35;76;SEC_413
1994;248;25-34;74;105;179;SEC_248
1997;304;03-11;35;51;86;SEC_304
2012;121;00-02;15;13;28;SEC_121
2011;605;35-49;74;70;144;SEC_605
2004;530;18-24;56;59;115;SEC_530
1994;403;75 i +;40;17;57;SEC_403
2012;212;65-74;65;48;113;SEC_212
2005;243;03-11;52;58;110;SEC_243
2007;211;75 i +;89;40;129;SEC_211
2014;211;16-17;9;19;28;SEC_211
1994;241;35-49;32;44;76;SEC_241
1998;115;03-11;40;61;101;SEC_115
2001;135;75 i +;51;22;73;SEC_135
2007;134;16-17;9;14;23;SEC_134
1997;510;25-34;99;109;208;SEC_510
2007;428;25-34;65;98;163;SEC_428
1997;619;25-34;116;130;246;SEC_619
1996;206;25-34;56;63;119;SEC_206
2000;607;65-74;69;66;135;SEC_607
2011;603;03-11;36;43;79;SEC_603
2016;508;75 i +;85;49;134;SEC_508
2010;603;50-64;55;44;99;SEC_603
1997;538;18-24;70;68;138;SEC_538
1996;611;03-11;65;50;115;SEC_611
1998;223;65-74;74;63;137;SEC_223
1998;304;18-24;52;66;118;SEC_304
2014;518;50-64;83;81;164;SEC_518
1997;319;25-34;60;64;124;SEC_319
2016;325;50-64;198;151;349;SEC_325
2014;137;50-64;152;129;281;SEC_137
2014;123;18-24;38;46;84;SEC_123
2008;137;25-34;127;119;246;SEC_137
2016;610;00-02;11;9;20;SEC_610
1999;533;03-11;33;26;59;SEC_533
1994;132;50-64;163;172;335;SEC_132
2003;139;18-24;39;41;80;SEC_139
2012;307;65-74;112;91;203;SEC_307
1995;538;18-24;79;80;159;SEC_538
2007;530;00-02;23;18;41;SEC_530
2006;130;35-49;117;133;250;SEC_130
2006;140;65-74;68;52;120;SEC_140
1995;520;12-15;15;22;37;SEC_520
2007;117;50-64;227;233;460;SEC_117
2016;406;16-17;14;15;29;SEC_406
2007;629;16-17;5;4;9;SEC_629
1998;526;65-74;41;34;75;SEC_526
2014;205;03-11;30;31;61;SEC_205
2014;614;65-74;90;68;158;SEC_614
2004;125;03-11;37;49;86;SEC_125
2015;131;03-11;42;54;96;SEC_131
2006;136;50-64;118;111;229;SEC_136
2003;213;65-74;54;47;101;SEC_213
1996;235;75 i +;57;40;97;SEC_235
2014;223;03-11;53;49;102;SEC_223
1995;436;75 i +;31;13;44;SEC_436
2013;624;50-64;91;60;151;SEC_624
2009;216;65-74;72;57;129;SEC_216
2012;222;16-17;12;6;18;SEC_222
2007;305;65-74;54;54;108;SEC_305
2002;313;65-74;87;82;169;SEC_313
2016;321;50-64;276;244;520;SEC_321
1995;414;65-74;69;53;122;SEC_414
2014;220;35-49;222;229;451;SEC_220
2008;622;03-11;23;34;57;SEC_622
2012;625;16-17;7;3;10;SEC_625
1996;240;03-11;19;26;45;SEC_240
2010;402;35-49;112;105;217;SEC_402
2015;401;25-34;77;82;159;SEC_401
1997;521;00-02;7;11;18;SEC_521
2011;501;18-24;31;27;58;SEC_501
2000;620;50-64;90;90;180;SEC_620
2015;507;03-11;42;36;78;SEC_507
1994;237;25-34;106;123;229;SEC_237
2006;108;12-15;19;27;46;SEC_108
2016;245;03-11;56;58;114;SEC_245
2001;323;16-17;33;40;73;SEC_323
2014;418;65-74;62;58;120;SEC_418
2013;125;50-64;153;140;293;SEC_125
2000;306;18-24;91;85;176;SEC_306
1996;437;65-74;41;40;81;SEC_437
1999;220;18-24;37;24;61;SEC_220
2005;402;18-24;35;32;67;SEC_402
1998;110;00-02;8;7;15;SEC_110
1996;515;00-02;6;10;16;SEC_515
2005;115;25-34;122;129;251;SEC_115
1994;614;03-11;26;42;68;SEC_614
2001;202;65-74;53;40;93;SEC_202
2012;124;16-17;4;4;8;SEC_124
2009;414;25-34;97;117;214;SEC_414
2005;413;50-64;43;39;82;SEC_413
2015;614;50-64;74;72;146;SEC_614
1996;233;03-11;21;17;38;SEC_233
2007;316;25-34;157;170;327;SEC_316
2008;318;50-64;98;102;200;SEC_318
2006;420;03-11;54;67;121;SEC_420
1995;228;35-49;39;44;83;SEC_228
2010;432;18-24;48;57;105;SEC_432
2012;311;50-64;112;96;208;SEC_311
2011;516;65-74;32;19;51;SEC_516
2004;137;65-74;51;32;83;SEC_137
2009;317;16-17;11;11;22;SEC_317
2007;233;35-49;106;119;225;SEC_233
2002;203;25-34;70;77;147;SEC_203
1995;616;65-74;37;29;66;SEC_616
2012;504;18-24;26;30;56;SEC_504
2005;622;12-15;14;21;35;SEC_622
2003;402;18-24;38;31;69;SEC_402
2009;104;35-49;104;125;229;SEC_104
2000;138;25-34;63;63;126;SEC_138
2011;219;35-49;186;158;344;SEC_219
2004;308;18-24;87;83;170;SEC_308
2003;114;50-64;189;188;377;SEC_114
1994;129;03-11;48;47;95;SEC_129
2014;315;00-02;26;12;38;SEC_315
2005;102;03-11;56;61;117;SEC_102
1995;209;65-74;83;67;150;SEC_209
2009;118;25-34;138;163;301;SEC_118
2000;428;25-34;49;57;106;SEC_428
2013;233;25-34;95;105;200;SEC_233
1996;524;16-17;20;11;31;SEC_524
2005;612;35-49;88;106;194;SEC_612
1997;434;65-74;70;42;112;SEC_434
2010;319;03-11;97;107;204;SEC_319
1998;229;75 i +;46;17;63;SEC_229
2013;627;18-24;13;32;45;SEC_627
2010;119;03-11;31;40;71;SEC_119
2010;516;25-34;60;61;121;SEC_516
2015;526;75 i +;93;62;155;SEC_526
2014;318;25-34;46;44;90;SEC_318
2003;508;75 i +;40;26;66;SEC_508
2010;425;50-64;79;71;150;SEC_425
2013;624;25-34;61;55;116;SEC_624
2002;529;03-11;39;34;73;SEC_529
2011;622;12-15;7;15;22;SEC_622
1994;528;00-02;9;12;21;SEC_528
2003;103;12-15;12;5;17;SEC_103
2008;307;16-17;4;13;17;SEC_307
1998;435;65-74;110;66;176;SEC_435
2013;117;65-74;111;91;202;SEC_117
2006;517;65-74;69;59;128;SEC_517
2008;238;35-49;110;126;236;SEC_238
2005;305;12-15;34;20;54;SEC_305
1996;533;18-24;54;53;107;SEC_533
2011;233;12-15;12;25;37;SEC_233
2015;311;00-02;16;27;43;SEC_311
2009;608;12-15;16;13;29;SEC_608
1998;432;03-11;31;47;78;SEC_432
2014;129;65-74;81;59;140;SEC_129
2000;535;18-24;78;87;165;SEC_535
2016;437;12-15;31;31;62;SEC_437
1999;535;03-11;32;35;67;SEC_535
2000;307;03-11;39;59;98;SEC_307
2002;411;00-02;7;7;14;SEC_411
2004;437;50-64;73;51;124;SEC_437
2008;523;03-11;57;50;107;SEC_523
2014;323;00-02;16;36;52;SEC_323
2005;630;75 i +;30;19;49;SEC_630
2011;244;12-15;7;7;14;SEC_244
2014;414;35-49;254;252;506;SEC_414
2001;439;65-74;64;59;123;SEC_439
2008;502;50-64;152;142;294;SEC_502
1994;530;35-49;107;98;205;SEC_530
2011;523;50-64;104;107;211;SEC_523
2003;421;35-49;104;110;214;SEC_421
1994;304;35-49;90;90;180;SEC_304
1994;528;75 i +;30;16;46;SEC_528
1998;608;00-02;6;9;15;SEC_608
2009;522;16-17;6;5;11;SEC_522
2005;629;03-11;23;19;42;SEC_629
2014;524;18-24;43;44;87;SEC_524
2009;626;03-11;37;41;78;SEC_626
1995;317;50-64;69;70;139;SEC_317
2004;408;18-24;41;40;81;SEC_408
2005;220;16-17;4;11;15;SEC_220
1999;102;65-74;95;67;162;SEC_102
1995;606;03-11;46;46;92;SEC_606
2003;139;16-17;6;8;14;SEC_139
2013;409;12-15;31;30;61;SEC_409
2004;610;00-02;19;16;35;SEC_610
2004;432;75 i +;56;40;96;SEC_432
2002;509;35-49;86;72;158;SEC_509
2009;409;00-02;11;17;28;SEC_409
2015;137;18-24;49;45;94;SEC_137
1999;241;12-15;15;9;24;SEC_241
2012;307;75 i +;77;64;141;SEC_307
2009;609;35-49;90;95;185;SEC_609
2006;522;18-24;45;46;91;SEC_522
2013;228;50-64;147;157;304;SEC_228
2008;402;16-17;6;6;12;SEC_402
1997;136;35-49;143;137;280;SEC_136
2012;315;00-02;25;32;57;SEC_315
2005;434;35-49;75;81;156;SEC_434
2004;124;00-02;11;11;22;SEC_124
1997;137;18-24;100;92;192;SEC_137
2006;624;12-15;12;19;31;SEC_624
2003;109;18-24;51;48;99;SEC_109
2004;421;18-24;38;39;77;SEC_421
2014;108;75 i +;103;58;161;SEC_108
2008;112;00-02;25;24;49;SEC_112
1996;308;12-15;23;34;57;SEC_308
2003;309;50-64;70;68;138;SEC_309
1997;408;35-49;88;90;178;SEC_408
2010;503;75 i +;39;17;56;SEC_503
2007;304;16-17;23;13;36;SEC_304
1999;217;35-49;60;70;130;SEC_217
2011;117;00-02;24;28;52;SEC_117
2010;406;35-49;139;164;303;SEC_406
1995;527;25-34;79;92;171;SEC_527
1999;227;35-49;59;51;110;SEC_227
1997;225;18-24;22;26;48;SEC_225
2004;246;75 i +;73;40;113;SEC_246
2000;235;16-17;9;4;13;SEC_235
2009;408;12-15;17;21;38;SEC_408
2003;222;65-74;39;37;76;SEC_222
2015;104;18-24;35;24;59;SEC_104
2001;214;16-17;4;3;7;SEC_214
2001;217;75 i +;48;14;62;SEC_217
1994;135;25-34;119;120;239;SEC_135
2003;231;16-17;9;4;13;SEC_231
2008;513;03-11;41;25;66;SEC_513
2014;407;12-15;22;18;40;SEC_407
1999;501;35-49;138;103;241;SEC_501
2007;432;75 i +;60;43;103;SEC_432
2000;513;03-11;16;17;33;SEC_513
2014;529;35-49;179;155;334;SEC_529
1997;228;00-02;3;8;11;SEC_228
2003;403;35-49;106;102;208;SEC_403
1994;609;16-17;28;13;41;SEC_609
1994;313;00-02;28;16;44;SEC_313
1994;206;12-15;17;13;30;SEC_206
2001;219;35-49;117;114;231;SEC_219
1997;310;50-64;68;72;140;SEC_310
2015;306;12-15;27;28;55;SEC_306
2008;407;18-24;37;50;87;SEC_407
1997;516;35-49;46;60;106;SEC_516
2011;614;75 i +;56;42;98;SEC_614
2016;132;12-15;33;32;65;SEC_132
2003;424;35-49;46;58;104;SEC_424
1996;119;65-74;66;56;122;SEC_119
2003;316;03-11;58;78;136;SEC_316
2010;620;75 i +;27;22;49;SEC_620
2004;127;25-34;77;83;160;SEC_127
2001;205;75 i +;38;23;61;SEC_205
2003;112;00-02;21;15;36;SEC_112
2000;623;35-49;149;127;276;SEC_623
2014;128;00-02;10;19;29;SEC_128
1999;423;03-11;30;22;52;SEC_423
2006;211;00-02;22;17;39;SEC_211
1994;231;35-49;84;64;148;SEC_231
2000;438;65-74;43;38;81;SEC_438
2011;426;12-15;22;13;35;SEC_426
2003;239;00-02;10;7;17;SEC_239
2009;128;16-17;5;11;16;SEC_128
2009;435;25-34;125;123;248;SEC_435
1995;123;35-49;128;124;252;SEC_123
2002;316;00-02;7;16;23;SEC_316
2003;132;16-17;29;17;46;SEC_132
2005;616;35-49;294;294;588;SEC_616
2016;112;65-74;98;82;180;SEC_112
2000;529;35-49;87;97;184;SEC_529
1996;320;16-17;10;13;23;SEC_320
1997;105;18-24;82;71;153;SEC_105
2012;606;25-34;89;94;183;SEC_606
1997;311;75 i +;74;36;110;SEC_311
1998;512;25-34;76;93;169;SEC_512
1998;215;00-02;8;12;20;SEC_215
2013;306;25-34;107;120;227;SEC_306
2011;441;65-74;105;94;199;SEC_441
2005;411;75 i +;74;58;132;SEC_411
2000;612;35-49;65;73;138;SEC_612
1998;212;03-11;33;44;77;SEC_212
2008;249;75 i +;75;52;127;SEC_249
2002;222;12-15;16;15;31;SEC_222
2009;624;12-15;14;18;32;SEC_624
2008;626;50-64;96;82;178;SEC_626
1996;431;12-15;28;32;60;SEC_431
2009;111;03-11;20;40;60;SEC_111
2000;235;65-74;104;84;188;SEC_235
2000;512;00-02;6;11;17;SEC_512
2008;605;12-15;4;6;10;SEC_605
2002;220;65-74;67;58;125;SEC_220
2013;201;50-64;78;66;144;SEC_201
1994;113;75 i +;34;11;45;SEC_113
2000;315;65-74;55;39;94;SEC_315
2012;613;25-34;83;81;164;SEC_613
1996;527;12-15;15;20;35;SEC_527
1996;115;03-11;43;64;107;SEC_115
2005;512;50-64;70;65;135;SEC_512
2002;631;50-64;175;149;324;SEC_631
1998;110;12-15;26;21;47;SEC_110
2010;238;16-17;6;6;12;SEC_238
2001;322;12-15;22;18;40;SEC_322
2000;625;25-34;93;108;201;SEC_625
2013;115;12-15;19;27;46;SEC_115
1997;529;03-11;24;33;57;SEC_529
2008;239;25-34;112;117;229;SEC_239
1999;435;25-34;63;72;135;SEC_435
2006;308;50-64;197;189;386;SEC_308
2010;126;25-34;79;57;136;SEC_126
1999;316;18-24;162;181;343;SEC_316
2009;108;50-64;132;120;252;SEC_108
2013;625;18-24;43;41;84;SEC_625
1996;413;50-64;59;60;119;SEC_413
2011;631;25-34;76;70;146;SEC_631
2014;312;00-02;26;34;60;SEC_312
2009;506;25-34;122;130;252;SEC_506
1997;613;35-49;95;75;170;SEC_613
1999;140;00-02;9;7;16;SEC_140
2014;319;18-24;36;44;80;SEC_319
2015;108;35-49;187;173;360;SEC_108
1999;115;03-11;41;57;98;SEC_115
2008;610;25-34;77;99;176;SEC_610
2001;132;00-02;23;16;39;SEC_132
2006;433;65-74;46;38;84;SEC_433
1994;139;65-74;29;21;50;SEC_139
2010;629;12-15;5;12;17;SEC_629
1996;602;75 i +;19;11;30;SEC_602
1995;432;50-64;124;142;266;SEC_432
2015;412;50-64;169;148;317;SEC_412
2014;129;35-49;139;148;287;SEC_129
2011;442;18-24;27;26;53;SEC_442
1996;136;12-15;33;40;73;SEC_136
2000;304;35-49;105;113;218;SEC_304
2013;426;75 i +;50;30;80;SEC_426
2001;506;35-49;212;182;394;SEC_506
2015;613;35-49;134;154;288;SEC_613
2013;504;12-15;12;13;25;SEC_504
2009;606;25-34;90;101;191;SEC_606
2009;224;18-24;24;23;47;SEC_224
2006;126;35-49;77;81;158;SEC_126
2002;614;00-02;10;10;20;SEC_614
2006;102;00-02;14;25;39;SEC_102
2002;126;03-11;27;21;48;SEC_126
2000;208;16-17;12;25;37;SEC_208
2007;442;25-34;39;61;100;SEC_442
2002;305;18-24;80;79;159;SEC_305
2000;435;35-49;76;104;180;SEC_435
2007;615;25-34;71;74;145;SEC_615
2004;429;50-64;53;61;114;SEC_429
1995;416;18-24;35;54;89;SEC_416
2006;244;12-15;11;8;19;SEC_244
2005;626;25-34;74;87;161;SEC_626
1998;527;00-02;11;12;23;SEC_527
2013;507;03-11;29;42;71;SEC_507
2000;216;00-02;12;3;15;SEC_216
2015;524;03-11;62;64;126;SEC_524
1994;502;00-02;13;11;24;SEC_502
2006;606;16-17;8;8;16;SEC_606
2016;422;50-64;93;99;192;SEC_422
2005;521;35-49;70;83;153;SEC_521
1994;623;35-49;232;202;434;SEC_623
2008;628;35-49;100;90;190;SEC_628
1996;135;18-24;73;96;169;SEC_135
2011;102;50-64;155;138;293;SEC_102
2002;604;65-74;39;37;76;SEC_604
2000;428;50-64;41;31;72;SEC_428
1996;426;65-74;55;45;100;SEC_426
2011;517;12-15;28;29;57;SEC_517
2003;315;35-49;190;182;372;SEC_315
2009;439;25-34;119;148;267;SEC_439
1994;629;03-11;29;20;49;SEC_629
1997;320;65-74;29;12;41;SEC_320
2015;525;65-74;43;32;75;SEC_525
2004;520;18-24;34;34;68;SEC_520
2011;501;75 i +;36;23;59;SEC_501
2006;309;50-64;74;75;149;SEC_309
1996;508;12-15;18;10;28;SEC_508
2008;439;12-15;18;18;36;SEC_439
2004;527;65-74;61;44;105;SEC_527
1997;415;18-24;27;35;62;SEC_415
2015;433;18-24;71;72;143;SEC_433
2003;513;75 i +;40;18;58;SEC_513
2003;506;65-74;87;87;174;SEC_506
1999;231;00-02;9;4;13;SEC_231
2005;310;03-11;36;34;70;SEC_310
2002;130;65-74;92;79;171;SEC_130
2006;221;16-17;14;11;25;SEC_221
1994;234;35-49;64;62;126;SEC_234
2009;217;03-11;25;37;62;SEC_217
2008;608;75 i +;52;30;82;SEC_608
2003;305;35-49;209;199;408;SEC_305
2005;507;50-64;83;82;165;SEC_507
2002;244;35-49;82;85;167;SEC_244
2002;247;18-24;54;46;100;SEC_247
2014;140;03-11;30;49;79;SEC_140
2000;531;50-64;77;82;159;SEC_531
1994;616;16-17;63;59;122;SEC_616
1994;221;18-24;87;65;152;SEC_221
2001;130;00-02;14;21;35;SEC_130
2006;242;35-49;123;119;242;SEC_242
2012;212;18-24;65;56;121;SEC_212
1995;628;18-24;125;130;255;SEC_628
2013;617;00-02;10;13;23;SEC_617
2001;506;03-11;66;75;141;SEC_506
2000;603;03-11;23;18;41;SEC_603
1998;315;16-17;19;27;46;SEC_315
1995;125;50-64;98;119;217;SEC_125
2007;538;03-11;50;57;107;SEC_538
2008;622;18-24;27;31;58;SEC_622
2010;625;03-11;36;36;72;SEC_625
2015;201;18-24;39;35;74;SEC_201
2006;222;18-24;48;51;99;SEC_222
2009;413;50-64;44;39;83;SEC_413
2002;603;75 i +;18;18;36;SEC_603
2010;227;65-74;36;35;71;SEC_227
1998;246;65-74;83;61;144;SEC_246
2016;518;65-74;60;37;97;SEC_518
1998;110;18-24;105;113;218;SEC_110
2001;321;65-74;78;75;153;SEC_321
1996;614;12-15;21;19;40;SEC_614
2009;241;03-11;33;27;60;SEC_241
2005;514;35-49;80;95;175;SEC_514
2005;208;03-11;38;49;87;SEC_208
2009;117;75 i +;73;35;108;SEC_117
2008;227;35-49;84;93;177;SEC_227
1999;618;00-02;3;6;9;SEC_618
2008;121;00-02;10;7;17;SEC_121
2010;441;12-15;41;35;76;SEC_441
1999;136;00-02;14;16;30;SEC_136
2010;208;35-49;168;166;334;SEC_208
1997;211;12-15;14;17;31;SEC_211
1997;249;50-64;110;92;202;SEC_249
2004;247;25-34;118;157;275;SEC_247
1996;241;12-15;10;9;19;SEC_241
2005;521;65-74;59;64;123;SEC_521
2008;414;25-34;103;97;200;SEC_414
1998;202;00-02;2;6;8;SEC_202
2012;301;03-11;142;142;284;SEC_301
2002;305;03-11;68;46;114;SEC_305
1999;403;65-74;71;57;128;SEC_403
2009;517;75 i +;59;32;91;SEC_517
2010;628;16-17;13;9;22;SEC_628
2002;623;12-15;17;18;35;SEC_623
2002;305;35-49;207;200;407;SEC_305
1997;627;03-11;32;62;94;SEC_627
2009;105;03-11;37;55;92;SEC_105
2006;424;50-64;61;52;113;SEC_424
2005;419;25-34;87;128;215;SEC_419
1996;235;35-49;92;92;184;SEC_235
2008;610;50-64;155;93;248;SEC_610
1998;527;03-11;39;25;64;SEC_527
1997;127;75 i +;28;12;40;SEC_127
1996;419;65-74;44;34;78;SEC_419
2000;312;00-02;13;26;39;SEC_312
2005;106;65-74;63;42;105;SEC_106
1996;514;03-11;34;22;56;SEC_514
1999;431;65-74;85;75;160;SEC_431
2000;403;25-34;72;94;166;SEC_403
2014;431;75 i +;87;43;130;SEC_431
1995;305;35-49;198;178;376;SEC_305
2010;501;03-11;39;42;81;SEC_501
1998;401;18-24;61;59;120;SEC_401
2007;237;18-24;71;53;124;SEC_237
2007;317;12-15;14;24;38;SEC_317
1994;614;18-24;101;106;207;SEC_614
2004;304;16-17;10;11;21;SEC_304
2004;519;00-02;12;6;18;SEC_519
2003;248;16-17;9;12;21;SEC_248
1996;530;75 i +;57;30;87;SEC_530
2016;116;16-17;16;13;29;SEC_116
1995;625;16-17;34;43;77;SEC_625
1998;438;75 i +;35;10;45;SEC_438
1999;202;75 i +;34;16;50;SEC_202
1994;401;65-74;75;70;145;SEC_401
2007;421;18-24;33;38;71;SEC_421
2004;623;25-34;153;160;313;SEC_623
1996;527;00-02;8;6;14;SEC_527
2000;311;03-11;36;47;83;SEC_311
2012;106;65-74;73;98;171;SEC_106
2001;410;65-74;129;127;256;SEC_410
1995;412;18-24;100;96;196;SEC_412
2002;240;35-49;74;73;147;SEC_240
2016;217;65-74;64;55;119;SEC_217
2010;520;16-17;12;6;18;SEC_520
2013;611;65-74;132;99;231;SEC_611
1999;120;65-74;56;46;102;SEC_120
2005;510;65-74;64;56;120;SEC_510
1997;306;25-34;113;119;232;SEC_306
2008;440;50-64;99;84;183;SEC_440
2002;213;50-64;81;89;170;SEC_213
2014;110;12-15;15;17;32;SEC_110
2009;438;16-17;5;12;17;SEC_438
2004;301;50-64;211;196;407;SEC_301
2009;433;25-34;127;168;295;SEC_433
1996;608;50-64;118;85;203;SEC_608
2012;127;03-11;37;41;78;SEC_127
2004;305;18-24;85;79;164;SEC_305
2006;314;50-64;222;231;453;SEC_314
2004;615;03-11;26;25;51;SEC_615
1998;209;16-17;4;6;10;SEC_209
2007;214;03-11;33;26;59;SEC_214
1997;621;12-15;36;62;98;SEC_621
1994;236;12-15;25;18;43;SEC_236
2008;130;25-34;73;77;150;SEC_130
2002;244;00-02;3;10;13;SEC_244
2007;319;75 i +;42;26;68;SEC_319
2003;127;12-15;18;16;34;SEC_127
2000;325;12-15;21;26;47;SEC_325
2000;303;35-49;108;113;221;SEC_303
2003;509;00-02;10;9;19;SEC_509
2007;410;12-15;23;29;52;SEC_410
2015;103;12-15;15;17;32;SEC_103
2009;312;65-74;109;102;211;SEC_312
2014;126;18-24;25;28;53;SEC_126
2002;241;18-24;30;28;58;SEC_241
2015;416;12-15;30;31;61;SEC_416
1999;301;00-02;26;17;43;SEC_301
2005;609;03-11;26;35;61;SEC_609
2009;122;50-64;74;46;120;SEC_122
2014;618;00-02;15;8;23;SEC_618
2012;525;03-11;48;45;93;SEC_525
2001;407;18-24;44;44;88;SEC_407
1996;504;50-64;163;156;319;SEC_504
1994;532;00-02;10;12;22;SEC_532
2013;103;16-17;7;6;13;SEC_103
2002;111;12-15;21;11;32;SEC_111
2001;248;00-02;16;13;29;SEC_248
1996;130;35-49;58;58;116;SEC_130
2010;102;25-34;86;104;190;SEC_102
2010;628;25-34;61;71;132;SEC_628
2008;519;50-64;40;32;72;SEC_519
2007;514;25-34;61;96;157;SEC_514
1998;219;03-11;36;33;69;SEC_219
2000;524;35-49;100;108;208;SEC_524
1994;325;25-34;126;130;256;SEC_325
2005;232;50-64;87;86;173;SEC_232
2013;136;25-34;77;67;144;SEC_136
1998;306;75 i +;60;40;100;SEC_306
1997;305;00-02;15;18;33;SEC_305
1999;225;75 i +;43;38;81;SEC_225
2016;306;18-24;66;49;115;SEC_306
2000;426;35-49;89;79;168;SEC_426
2001;318;25-34;56;71;127;SEC_318
2015;609;25-34;42;37;79;SEC_609
2003;236;75 i +;68;38;106;SEC_236
2012;626;03-11;34;40;74;SEC_626
1998;606;50-64;126;100;226;SEC_606
2009;525;65-74;61;36;97;SEC_525
2013;140;18-24;34;37;71;SEC_140
1997;310;25-34;64;61;125;SEC_310
2010;614;00-02;15;18;33;SEC_614
1995;248;12-15;17;29;46;SEC_248
2016;126;00-02;12;15;27;SEC_126
1994;405;50-64;144;133;277;SEC_405
1995;442;25-34;54;47;101;SEC_442
2011;611;75 i +;90;62;152;SEC_611
2002;125;50-64;158;157;315;SEC_125
2010;315;35-49;216;236;452;SEC_315
1996;529;35-49;79;69;148;SEC_529
2009;140;03-11;35;42;77;SEC_140
2014;406;12-15;24;26;50;SEC_406
2012;519;65-74;28;17;45;SEC_519
2006;215;12-15;16;16;32;SEC_215
1994;522;50-64;77;81;158;SEC_522
2009;402;03-11;31;38;69;SEC_402
1994;516;65-74;30;19;49;SEC_516
2003;527;75 i +;55;28;83;SEC_527
2011;436;00-02;20;24;44;SEC_436
2010;321;35-49;260;232;492;SEC_321
2001;324;25-34;83;98;181;SEC_324
1996;621;18-24;150;199;349;SEC_621
2008;224;16-17;5;4;9;SEC_224
1994;628;65-74;37;22;59;SEC_628
1994;531;35-49;76;75;151;SEC_531
2011;325;16-17;19;11;30;SEC_325
2012;134;65-74;59;58;117;SEC_134
2006;629;25-34;31;48;79;SEC_629
2007;108;50-64;134;117;251;SEC_108
1995;209;12-15;10;16;26;SEC_209
2003;123;16-17;10;7;17;SEC_123
1998;426;75 i +;54;28;82;SEC_426
2014;134;25-34;92;99;191;SEC_134
2006;118;16-17;25;16;41;SEC_118
2002;526;35-49;67;86;153;SEC_526
2003;135;75 i +;44;31;75;SEC_135
2001;533;75 i +;38;22;60;SEC_533
1998;529;18-24;53;46;99;SEC_529
1999;514;75 i +;34;16;50;SEC_514
1994;609;35-49;130;78;208;SEC_609
1999;227;12-15;7;7;14;SEC_227
2002;628;12-15;15;22;37;SEC_628
2005;424;75 i +;19;15;34;SEC_424
1996;314;35-49;341;335;676;SEC_314
2006;507;50-64;82;79;161;SEC_507
2015;135;00-02;16;14;30;SEC_135
2000;426;18-24;49;68;117;SEC_426
1995;215;16-17;8;10;18;SEC_215
2014;116;25-34;65;65;130;SEC_116
2003;502;16-17;13;14;27;SEC_502
1997;526;12-15;11;13;24;SEC_526
2001;518;12-15;18;14;32;SEC_518
2014;618;50-64;113;95;208;SEC_618
2003;223;16-17;10;12;22;SEC_223
2013;226;18-24;56;57;113;SEC_226
2009;126;35-49;89;117;206;SEC_126
2001;401;65-74;103;78;181;SEC_401
1994;102;03-11;59;56;115;SEC_102
2015;304;00-02;89;98;187;SEC_304
2004;246;50-64;68;59;127;SEC_246
2007;324;00-02;21;14;35;SEC_324
2010;121;00-02;14;22;36;SEC_121
2012;531;50-64;84;77;161;SEC_531
2009;230;16-17;7;10;17;SEC_230
2006;119;75 i +;69;48;117;SEC_119
2007;525;16-17;4;9;13;SEC_525
1995;504;12-15;20;21;41;SEC_504
2015;221;25-34;135;157;292;SEC_221
2006;518;03-11;50;44;94;SEC_518
1994;240;65-74;49;41;90;SEC_240
2007;222;35-49;97;125;222;SEC_222
2012;526;50-64;40;47;87;SEC_526
2009;209;65-74;56;39;95;SEC_209
2008;606;16-17;16;12;28;SEC_606
1995;224;50-64;63;51;114;SEC_224
2014;223;35-49;141;157;298;SEC_223
2002;215;75 i +;65;40;105;SEC_215
1998;605;75 i +;20;16;36;SEC_605
2005;530;25-34;127;172;299;SEC_530
2007;513;50-64;50;52;102;SEC_513
2010;133;75 i +;63;35;98;SEC_133
1998;101;35-49;148;154;302;SEC_101
1997;212;18-24;72;76;148;SEC_212
2013;615;12-15;13;11;24;SEC_615
1996;121;12-15;9;10;19;SEC_121
2011;204;75 i +;44;21;65;SEC_204
1998;536;25-34;83;83;166;SEC_536
1998;537;03-11;44;34;78;SEC_537
1996;306;75 i +;56;32;88;SEC_306
1999;249;18-24;41;50;91;SEC_249
2007;248;75 i +;71;38;109;SEC_248
2003;112;18-24;82;75;157;SEC_112
2015;414;12-15;30;22;52;SEC_414
1996;238;25-34;60;55;115;SEC_238
2004;529;35-49;136;129;265;SEC_529
2004;247;50-64;95;96;191;SEC_247
2015;412;35-49;156;168;324;SEC_412
2010;211;16-17;10;17;27;SEC_211
1996;402;50-64;96;99;195;SEC_402
2016;117;65-74;121;103;224;SEC_117
2012;314;75 i +;92;55;147;SEC_314
1997;439;00-02;10;13;23;SEC_439
1996;318;16-17;16;10;26;SEC_318
2014;601;00-02;21;29;50;SEC_601
2007;419;25-34;79;108;187;SEC_419
1998;217;16-17;10;5;15;SEC_217
2015;304;75 i +;117;65;182;SEC_304
1998;208;16-17;16;19;35;SEC_208
1994;216;50-64;155;123;278;SEC_216
2009;108;35-49;192;160;352;SEC_108
2009;222;65-74;38;37;75;SEC_222
1996;619;50-64;155;166;321;SEC_619
2012;221;25-34;78;82;160;SEC_221
2010;630;18-24;31;29;60;SEC_630
2013;506;35-49;171;186;357;SEC_506
2009;602;03-11;17;17;34;SEC_602
1994;532;25-34;122;111;233;SEC_532
2004;513;03-11;28;26;54;SEC_513
1996;104;03-11;23;21;44;SEC_104
2007;134;25-34;109;122;231;SEC_134
1995;232;12-15;17;18;35;SEC_232
2000;238;65-74;59;41;100;SEC_238
1998;128;16-17;15;12;27;SEC_128
2010;535;18-24;36;35;71;SEC_535
2013;120;25-34;96;106;202;SEC_120
2002;605;50-64;98;77;175;SEC_605
1999;532;16-17;7;13;20;SEC_532
2010;612;03-11;37;39;76;SEC_612
2002;222;75 i +;37;23;60;SEC_222
1995;440;35-49;109;90;199;SEC_440
2015;403;25-34;71;71;142;SEC_403
2003;606;16-17;7;12;19;SEC_606
2003;206;03-11;27;35;62;SEC_206
2008;427;75 i +;55;36;91;SEC_427
2007;516;16-17;6;9;15;SEC_516
2008;408;50-64;82;73;155;SEC_408
2006;432;65-74;75;60;135;SEC_432
2010;517;12-15;20;23;43;SEC_517
2010;302;50-64;169;139;308;SEC_302
1998;239;00-02;5;5;10;SEC_239
2005;627;25-34;93;71;164;SEC_627
1999;319;25-34;52;54;106;SEC_319
2004;518;00-02;20;20;40;SEC_518
2008;235;18-24;56;75;131;SEC_235
2010;421;03-11;52;39;91;SEC_421
2011;246;00-02;13;21;34;SEC_246
2001;430;75 i +;62;33;95;SEC_430
1995;111;12-15;19;19;38;SEC_111
1999;324;65-74;62;40;102;SEC_324
2006;132;35-49;214;255;469;SEC_132
1994;114;75 i +;49;16;65;SEC_114
2016;209;65-74;38;37;75;SEC_209
2005;442;65-74;25;26;51;SEC_442
2016;242;12-15;15;14;29;SEC_242
2011;305;35-49;184;178;362;SEC_305
2013;404;35-49;156;176;332;SEC_404
1997;236;18-24;52;46;98;SEC_236
2016;520;03-11;41;25;66;SEC_520
2000;117;50-64;159;168;327;SEC_117
2001;214;25-34;65;66;131;SEC_214
2006;206;50-64;66;66;132;SEC_206
2005;117;00-02;23;25;48;SEC_117
2014;202;16-17;8;18;26;SEC_202
2008;116;12-15;30;20;50;SEC_116
2005;227;18-24;25;25;50;SEC_227
2009;231;35-49;158;166;324;SEC_231
1996;118;50-64;112;135;247;SEC_118
2007;419;03-11;36;50;86;SEC_419
2010;203;65-74;39;34;73;SEC_203
2000;107;35-49;165;163;328;SEC_107
2013;505;65-74;146;130;276;SEC_505
1995;409;03-11;30;23;53;SEC_409
2004;132;18-24;109;111;220;SEC_132
2011;138;75 i +;39;29;68;SEC_138
2010;316;50-64;388;354;742;SEC_316
1999;426;18-24;41;58;99;SEC_426
2005;528;18-24;55;46;101;SEC_528
2009;111;18-24;37;33;70;SEC_111
2004;107;18-24;89;90;179;SEC_107
2000;303;03-11;46;48;94;SEC_303
2008;140;12-15;13;19;32;SEC_140
2008;528;75 i +;53;41;94;SEC_528
1999;417;65-74;39;37;76;SEC_417
2012;610;12-15;18;26;44;SEC_610
1998;314;18-24;139;147;286;SEC_314
2016;129;18-24;43;28;71;SEC_129
2003;523;18-24;62;67;129;SEC_523
2011;320;16-17;7;4;11;SEC_320
2000;228;16-17;2;7;9;SEC_228
2012;104;18-24;25;21;46;SEC_104
2004;133;75 i +;56;35;91;SEC_133
2014;538;65-74;73;41;114;SEC_538
2005;319;00-02;40;33;73;SEC_319
1996;408;03-11;36;25;61;SEC_408
2014;320;00-02;24;19;43;SEC_320
2004;242;65-74;92;57;149;SEC_242
2003;417;35-49;71;73;144;SEC_417
1998;217;50-64;39;39;78;SEC_217
2015;440;00-02;11;13;24;SEC_440
2010;102;18-24;47;53;100;SEC_102
2002;613;03-11;34;29;63;SEC_613
2009;108;18-24;46;45;91;SEC_108
2001;122;25-34;87;97;184;SEC_122
1995;249;65-74;68;54;122;SEC_249
2005;612;03-11;33;43;76;SEC_612
2007;505;65-74;81;105;186;SEC_505
2008;516;65-74;40;26;66;SEC_516
2007;201;03-11;32;33;65;SEC_201
1998;106;50-64;137;167;304;SEC_106
2010;407;50-64;76;71;147;SEC_407
2005;526;35-49;87;106;193;SEC_526
2007;217;00-02;10;13;23;SEC_217
2001;404;16-17;11;9;20;SEC_404
1999;214;12-15;8;9;17;SEC_214
1994;517;35-49;91;81;172;SEC_517
2000;205;16-17;13;8;21;SEC_205
2006;101;03-11;84;60;144;SEC_101
1998;224;50-64;48;35;83;SEC_224
2014;132;00-02;28;32;60;SEC_132
1994;315;75 i +;44;22;66;SEC_315
1994;521;35-49;171;144;315;SEC_521
1998;625;65-74;27;31;58;SEC_625
1995;439;18-24;60;50;110;SEC_439
2003;630;25-34;81;96;177;SEC_630
1994;611;16-17;26;20;46;SEC_611
1995;615;35-49;111;66;177;SEC_615
1998;528;16-17;9;14;23;SEC_528
1997;533;65-74;47;56;103;SEC_533
2001;410;00-02;14;17;31;SEC_410
2004;404;12-15;24;30;54;SEC_404
2008;322;03-11;52;53;105;SEC_322
2012;531;18-24;43;36;79;SEC_531
2007;408;75 i +;44;29;73;SEC_408
1998;429;18-24;42;43;85;SEC_429
2008;234;50-64;56;55;111;SEC_234
2013;207;03-11;70;69;139;SEC_207
2004;624;25-34;108;157;265;SEC_624
1998;103;00-02;12;9;21;SEC_103
2005;102;50-64;195;174;369;SEC_102
2009;618;12-15;8;14;22;SEC_618
1998;620;12-15;15;13;28;SEC_620
2001;525;18-24;52;53;105;SEC_525
2015;127;16-17;6;8;14;SEC_127
2010;239;65-74;70;43;113;SEC_239
2001;128;00-02;13;13;26;SEC_128
2003;610;50-64;191;157;348;SEC_610
2014;208;50-64;178;148;326;SEC_208
2009;236;12-15;25;16;41;SEC_236
1999;632;65-74;42;40;82;SEC_632
2004;505;25-34;127;137;264;SEC_505
2008;608;35-49;81;101;182;SEC_608
2011;516;25-34;53;62;115;SEC_516
2009;632;12-15;17;25;42;SEC_632
1996;105;00-02;7;15;22;SEC_105
2011;301;75 i +;135;91;226;SEC_301
2001;218;00-02;2;10;12;SEC_218
1995;432;16-17;24;21;45;SEC_432
1996;137;50-64;101;111;212;SEC_137
1994;509;00-02;9;11;20;SEC_509
2005;140;35-49;105;106;211;SEC_140
2008;211;75 i +;86;46;132;SEC_211
2011;515;65-74;28;30;58;SEC_515
2007;509;75 i +;32;17;49;SEC_509
2005;435;65-74;72;36;108;SEC_435
2005;437;50-64;69;50;119;SEC_437
2003;205;00-02;10;8;18;SEC_205
1994;324;12-15;19;26;45;SEC_324
2004;538;35-49;126;116;242;SEC_538
1995;404;00-02;13;15;28;SEC_404
1996;631;35-49;139;92;231;SEC_631
2007;241;03-11;34;28;62;SEC_241
1999;617;75 i +;22;21;43;SEC_617
1999;134;03-11;34;45;79;SEC_134
1997;211;50-64;99;81;180;SEC_211
2007;615;16-17;4;6;10;SEC_615
2009;420;50-64;91;90;181;SEC_420
2004;129;18-24;57;51;108;SEC_129
2000;603;25-34;62;75;137;SEC_603
1998;630;65-74;30;24;54;SEC_630
2016;414;65-74;58;53;111;SEC_414
1998;619;75 i +;44;26;70;SEC_619
1995;247;50-64;118;119;237;SEC_247
2008;214;00-02;13;9;22;SEC_214
1999;608;65-74;55;46;101;SEC_608
1998;318;18-24;47;56;103;SEC_318
2007;405;75 i +;64;44;108;SEC_405
2012;209;00-02;10;13;23;SEC_209
2012;220;25-34;85;88;173;SEC_220
2014;607;03-11;48;29;77;SEC_607
2001;238;12-15;10;9;19;SEC_238
2016;131;35-49;150;170;320;SEC_131
2015;520;16-17;6;8;14;SEC_520
1997;435;25-34;67;81;148;SEC_435
2009;204;18-24;37;25;62;SEC_204
2016;430;12-15;21;16;37;SEC_430
2008;248;75 i +;66;40;106;SEC_248
2002;217;65-74;43;32;75;SEC_217
2009;430;65-74;52;50;102;SEC_430
1994;124;18-24;66;44;110;SEC_124
2003;625;75 i +;22;14;36;SEC_625
2008;234;12-15;14;21;35;SEC_234
2007;430;03-11;43;51;94;SEC_430
2010;603;16-17;3;4;7;SEC_603
2006;222;25-34;100;125;225;SEC_222
2006;207;25-34;63;72;135;SEC_207
2007;436;75 i +;34;21;55;SEC_436
2008;523;35-49;171;188;359;SEC_523
2012;324;18-24;34;41;75;SEC_324
2000;416;00-02;7;7;14;SEC_416
2001;302;50-64;170;193;363;SEC_302
2013;308;35-49;261;233;494;SEC_308
2016;613;18-24;27;42;69;SEC_613
2012;214;16-17;5;6;11;SEC_214
1998;632;00-02;15;15;30;SEC_632
2008;622;00-02;9;11;20;SEC_622
2000;135;16-17;17;18;35;SEC_135
2010;528;18-24;55;45;100;SEC_528
2006;232;35-49;114;97;211;SEC_232
1998;602;12-15;11;12;23;SEC_602
2013;432;35-49;125;154;279;SEC_432
2010;520;00-02;16;5;21;SEC_520
2006;126;75 i +;56;28;84;SEC_126
2015;402;75 i +;63;46;109;SEC_402
2007;236;00-02;12;15;27;SEC_236
2013;627;03-11;30;32;62;SEC_627
2004;406;12-15;28;18;46;SEC_406
2015;314;18-24;59;99;158;SEC_314
2012;237;00-02;22;19;41;SEC_237
2006;527;75 i +;52;26;78;SEC_527
1994;521;50-64;119;152;271;SEC_521
2002;403;75 i +;51;33;84;SEC_403
2007;538;35-49;147;139;286;SEC_538
2008;401;35-49;135;118;253;SEC_401
2012;136;03-11;54;49;103;SEC_136
2000;208;75 i +;119;74;193;SEC_208
2008;532;16-17;13;11;24;SEC_532
1999;212;16-17;11;8;19;SEC_212
2008;209;75 i +;77;54;131;SEC_209
2011;429;00-02;5;7;12;SEC_429
2005;402;75 i +;44;27;71;SEC_402
2016;325;35-49;187;187;374;SEC_325
1994;215;65-74;73;59;132;SEC_215
2005;301;75 i +;92;54;146;SEC_301
2010;619;75 i +;73;48;121;SEC_619
2002;313;25-34;169;164;333;SEC_313
2013;131;12-15;21;17;38;SEC_131
1996;534;18-24;65;72;137;SEC_534
2005;504;25-34;105;126;231;SEC_504
2003;201;12-15;9;7;16;SEC_201
2016;124;65-74;44;29;73;SEC_124
1994;109;25-34;93;90;183;SEC_109
2008;623;50-64;186;162;348;SEC_623
2015;239;35-49;148;159;307;SEC_239
2002;403;35-49;108;106;214;SEC_403
2008;512;75 i +;46;24;70;SEC_512
2002;605;12-15;7;7;14;SEC_605
2012;213;03-11;28;49;77;SEC_213
2004;419;16-17;10;6;16;SEC_419
2003;320;00-02;25;18;43;SEC_320
1999;130;16-17;5;7;12;SEC_130
2003;423;00-02;15;10;25;SEC_423
2014;130;50-64;74;79;153;SEC_130
2006;604;16-17;7;11;18;SEC_604
2004;517;35-49;156;160;316;SEC_517
2013;532;16-17;9;8;17;SEC_532
2005;230;35-49;105;117;222;SEC_230
1994;314;03-11;140;165;305;SEC_314
1999;132;50-64;190;220;410;SEC_132
1994;123;03-11;45;44;89;SEC_123
2007;403;03-11;27;22;49;SEC_403
2015;621;35-49;168;183;351;SEC_621
2000;203;12-15;5;11;16;SEC_203
2015;537;03-11;52;40;92;SEC_537
2005;321;50-64;286;276;562;SEC_321
2016;421;00-02;19;14;33;SEC_421
2001;239;75 i +;73;59;132;SEC_239
1999;630;18-24;81;94;175;SEC_630
2008;510;25-34;93;108;201;SEC_510
2011;230;16-17;11;12;23;SEC_230
2014;431;03-11;93;101;194;SEC_431
2004;233;35-49;93;110;203;SEC_233
2005;515;65-74;33;27;60;SEC_515
2016;323;65-74;113;127;240;SEC_323
1996;119;03-11;46;60;106;SEC_119
2001;407;25-34;68;92;160;SEC_407
1998;314;00-02;20;24;44;SEC_314
1998;322;65-74;67;53;120;SEC_322
1999;241;35-49;63;65;128;SEC_241
2011;211;03-11;60;62;122;SEC_211
2010;508;03-11;28;28;56;SEC_508
2002;441;35-49;237;226;463;SEC_441
2013;621;16-17;14;16;30;SEC_621
2008;616;12-15;63;64;127;SEC_616
2005;218;75 i +;35;19;54;SEC_218
1995;122;00-02;12;6;18;SEC_122
1994;105;16-17;31;20;51;SEC_105
2004;621;50-64;222;227;449;SEC_621
1996;621;65-74;36;24;60;SEC_621
2003;318;65-74;26;23;49;SEC_318
2016;232;65-74;49;35;84;SEC_232
2005;226;75 i +;82;51;133;SEC_226
2016;211;03-11;52;63;115;SEC_211
2002;608;03-11;30;34;64;SEC_608
1995;309;12-15;18;21;39;SEC_309
2015;530;16-17;10;15;25;SEC_530
1995;505;50-64;178;221;399;SEC_505
1996;432;00-02;9;11;20;SEC_432
2006;625;12-15;18;26;44;SEC_625
2015;524;00-02;12;22;34;SEC_524
2001;304;03-11;33;44;77;SEC_304
2011;411;03-11;39;35;74;SEC_411
1994;312;50-64;119;139;258;SEC_312
2003;522;35-49;83;87;170;SEC_522
2007;128;00-02;8;15;23;SEC_128
1994;111;16-17;17;18;35;SEC_111
2005;120;35-49;231;222;453;SEC_120
2015;320;65-74;1;3;4;SEC_320
1994;628;12-15;34;55;89;SEC_628
1997;124;18-24;64;47;111;SEC_124
2009;606;16-17;13;8;21;SEC_606
2012;620;12-15;6;16;22;SEC_620
1995;432;12-15;34;42;76;SEC_432
1995;520;65-74;47;46;93;SEC_520
2006;608;35-49;87;89;176;SEC_608
1994;414;00-02;8;12;20;SEC_414
2016;403;50-64;109;102;211;SEC_403
2005;524;25-34;166;166;332;SEC_524
2007;214;16-17;5;6;11;SEC_214
2001;516;75 i +;22;11;33;SEC_516
2000;103;18-24;45;34;79;SEC_103
2005;107;12-15;14;26;40;SEC_107
1997;419;75 i +;37;19;56;SEC_419
2011;243;25-34;116;109;225;SEC_243
1998;439;25-34;101;94;195;SEC_439
1995;503;18-24;60;59;119;SEC_503
1997;533;35-49;64;73;137;SEC_533
2010;318;18-24;41;38;79;SEC_318
2003;316;25-34;132;134;266;SEC_316
2009;127;75 i +;47;26;73;SEC_127
2010;309;75 i +;35;19;54;SEC_309
2014;140;50-64;84;66;150;SEC_140
2015;139;00-02;7;15;22;SEC_139
2014;535;16-17;9;4;13;SEC_535
2012;138;16-17;6;6;12;SEC_138
2004;229;16-17;10;6;16;SEC_229
2012;219;25-34;106;113;219;SEC_219
1998;423;35-49;74;82;156;SEC_423
2004;432;25-34;96;112;208;SEC_432
2012;237;18-24;52;56;108;SEC_237
1997;207;12-15;11;14;25;SEC_207
2002;304;25-34;97;121;218;SEC_304
2009;522;00-02;23;14;37;SEC_522
1999;416;03-11;20;24;44;SEC_416
1994;208;16-17;20;18;38;SEC_208
2008;617;00-02;13;14;27;SEC_617
1996;613;25-34;137;147;284;SEC_613
2012;223;12-15;26;21;47;SEC_223
1995;321;65-74;85;64;149;SEC_321
2005;604;18-24;33;33;66;SEC_604
2013;139;50-64;84;84;168;SEC_139
1995;129;25-34;89;88;177;SEC_129
2000;120;18-24;75;95;170;SEC_120
2013;416;00-02;22;24;46;SEC_416
2010;408;12-15;12;18;30;SEC_408
2006;242;12-15;18;15;33;SEC_242
1995;522;35-49;73;61;134;SEC_522
2004;608;35-49;93;78;171;SEC_608
2001;231;03-11;36;22;58;SEC_231
1999;628;65-74;45;43;88;SEC_628
2003;127;75 i +;31;21;52;SEC_127
2013;321;25-34;152;151;303;SEC_321
2004;322;75 i +;46;36;82;SEC_322
2002;436;12-15;19;20;39;SEC_436
2001;525;75 i +;40;31;71;SEC_525
2006;319;12-15;22;26;48;SEC_319
1994;441;75 i +;43;21;64;SEC_441
2005;401;12-15;30;22;52;SEC_401
2013;518;65-74;68;33;101;SEC_518
1994;515;00-02;9;8;17;SEC_515
2007;534;00-02;14;13;27;SEC_534
2004;246;12-15;18;20;38;SEC_246
2001;606;18-24;48;50;98;SEC_606
2010;610;16-17;6;13;19;SEC_610
2009;211;25-34;137;147;284;SEC_211
1994;409;12-15;28;23;51;SEC_409
2001;601;65-74;60;66;126;SEC_601
2011;606;50-64;79;68;147;SEC_606
2002;530;75 i +;81;33;114;SEC_530
1994;605;12-15;16;22;38;SEC_605
2009;401;25-34;101;98;199;SEC_401
2002;210;65-74;90;69;159;SEC_210
2002;138;75 i +;25;14;39;SEC_138
2001;131;75 i +;44;30;74;SEC_131
2010;430;18-24;32;43;75;SEC_430
2010;137;50-64;167;126;293;SEC_137
2009;324;50-64;76;70;146;SEC_324
1998;515;03-11;24;24;48;SEC_515
2005;224;35-49;81;92;173;SEC_224
2009;409;18-24;33;33;66;SEC_409
1995;245;65-74;74;54;128;SEC_245
2012;311;75 i +;103;56;159;SEC_311
1998;612;16-17;16;11;27;SEC_612
2007;136;00-02;23;17;40;SEC_136
2013;109;03-11;48;34;82;SEC_109
1995;134;65-74;63;41;104;SEC_134
2015;418;65-74;54;51;105;SEC_418
2009;247;00-02;24;23;47;SEC_247
1996;104;18-24;42;46;88;SEC_104
1995;134;75 i +;55;25;80;SEC_134
2004;501;65-74;33;33;66;SEC_501
2013;127;03-11;34;39;73;SEC_127
2013;326;18-24;12;15;27;SEC_326
2012;418;18-24;45;62;107;SEC_418
2006;244;00-02;8;10;18;SEC_244
1995;134;16-17;11;24;35;SEC_134
2003;215;50-64;73;57;130;SEC_215
2003;249;16-17;7;11;18;SEC_249
2014;105;65-74;58;63;121;SEC_105
2015;134;12-15;21;29;50;SEC_134
2001;528;65-74;62;62;124;SEC_528
2015;505;03-11;41;46;87;SEC_505
1997;511;18-24;51;43;94;SEC_511
2015;405;00-02;15;28;43;SEC_405
2009;235;12-15;25;29;54;SEC_235
2010;225;18-24;16;20;36;SEC_225
2006;245;00-02;12;13;25;SEC_245
2016;322;12-15;18;30;48;SEC_322
1998;109;03-11;41;44;85;SEC_109
2007;530;03-11;43;54;97;SEC_530
1999;609;65-74;32;38;70;SEC_609
2002;229;18-24;30;23;53;SEC_229
2013;412;35-49;183;186;369;SEC_412
2003;315;12-15;21;38;59;SEC_315
2007;433;75 i +;42;23;65;SEC_433
2008;426;00-02;15;20;35;SEC_426
2012;209;25-34;96;89;185;SEC_209
2013;139;25-34;55;64;119;SEC_139
2000;413;12-15;7;9;16;SEC_413
2004;106;12-15;28;32;60;SEC_106
2005;242;00-02;14;11;25;SEC_242
2008;249;16-17;12;11;23;SEC_249
2010;610;00-02;11;11;22;SEC_610
2009;502;65-74;78;82;160;SEC_502
2000;510;35-49;87;91;178;SEC_510
2011;621;03-11;46;65;111;SEC_621
2012;417;25-34;61;58;119;SEC_417
2007;201;65-74;53;42;95;SEC_201
2009;512;35-49;122;124;246;SEC_512
1997;427;50-64;90;56;146;SEC_427
2014;321;12-15;37;48;85;SEC_321
1997;127;18-24;27;36;63;SEC_127
2014;248;75 i +;70;47;117;SEC_248
2014;303;03-11;69;52;121;SEC_303
1998;312;00-02;17;13;30;SEC_312
2016;221;50-64;174;165;339;SEC_221
2001;229;18-24;27;26;53;SEC_229
2002;323;00-02;43;42;85;SEC_323
2005;116;16-17;8;16;24;SEC_116
2008;243;16-17;16;23;39;SEC_243
2016;322;75 i +;78;41;119;SEC_322
1995;105;25-34;86;73;159;SEC_105
2011;508;00-02;5;12;17;SEC_508
2005;535;50-64;144;123;267;SEC_535
1999;248;35-49;107;113;220;SEC_248
1995;313;65-74;63;64;127;SEC_313
2016;243;75 i +;105;71;176;SEC_243
2015;532;65-74;77;59;136;SEC_532
2016;123;65-74;69;60;129;SEC_123
2014;520;25-34;66;62;128;SEC_520
2000;139;16-17;8;9;17;SEC_139
2014;302;65-74;102;118;220;SEC_302
2016;521;00-02;7;7;14;SEC_521
2012;323;16-17;30;29;59;SEC_323
2004;247;03-11;43;41;84;SEC_247
1995;514;03-11;40;25;65;SEC_514
2006;323;35-49;344;352;696;SEC_323
2008;435;00-02;23;23;46;SEC_435
2016;123;18-24;36;50;86;SEC_123
2001;211;18-24;52;51;103;SEC_211
2002;410;25-34;137;161;298;SEC_410
2016;124;50-64;89;68;157;SEC_124
2002;538;00-02;8;19;27;SEC_538
1998;201;65-74;42;47;89;SEC_201
2008;133;16-17;5;4;9;SEC_133
2007;512;18-24;46;51;97;SEC_512
2003;603;12-15;7;17;24;SEC_603
2000;129;16-17;13;9;22;SEC_129
2014;245;25-34;99;72;171;SEC_245
2005;215;65-74;52;25;77;SEC_215
2009;246;25-34;134;121;255;SEC_246
2010;514;35-49;97;111;208;SEC_514
2015;245;16-17;14;7;21;SEC_245
2003;236;00-02;20;17;37;SEC_236
2006;432;00-02;14;11;25;SEC_432
2014;521;65-74;105;102;207;SEC_521
2011;215;25-34;93;74;167;SEC_215
2000;204;75 i +;33;16;49;SEC_204
2002;240;18-24;37;42;79;SEC_240
2007;306;16-17;18;20;38;SEC_306
2012;515;18-24;32;23;55;SEC_515
2005;621;65-74;49;52;101;SEC_621
2001;138;03-11;24;34;58;SEC_138
2015;612;75 i +;78;62;140;SEC_612
2010;435;75 i +;93;41;134;SEC_435
1997;139;75 i +;28;7;35;SEC_139
2013;316;25-34;185;211;396;SEC_316
2011;125;18-24;58;50;108;SEC_125
2001;301;65-74;122;113;235;SEC_301
2010;113;50-64;226;192;418;SEC_113
1995;420;16-17;15;20;35;SEC_420
2015;612;65-74;107;66;173;SEC_612
1996;203;18-24;36;32;68;SEC_203
2009;535;25-34;55;60;115;SEC_535
2005;618;16-17;7;5;12;SEC_618
2005;528;12-15;14;21;35;SEC_528
2012;605;16-17;3;4;7;SEC_605
2002;602;65-74;36;43;79;SEC_602
2000;506;65-74;76;72;148;SEC_506
2012;233;03-11;27;39;66;SEC_233
1996;107;35-49;190;179;369;SEC_107
1995;513;50-64;99;94;193;SEC_513
1996;103;25-34;63;65;128;SEC_103
1996;613;75 i +;36;24;60;SEC_613
1996;137;16-17;30;20;50;SEC_137
2015;209;35-49;127;117;244;SEC_209
2002;238;16-17;5;8;13;SEC_238
2007;220;75 i +;60;35;95;SEC_220
1998;226;75 i +;73;36;109;SEC_226
2003;419;00-02;13;24;37;SEC_419
2011;229;50-64;74;61;135;SEC_229
2006;140;00-02;9;14;23;SEC_140
2016;440;12-15;16;22;38;SEC_440
2009;538;65-74;71;50;121;SEC_538
2007;301;50-64;188;191;379;SEC_301
2002;526;12-15;11;12;23;SEC_526
1999;114;50-64;212;189;401;SEC_114
2008;139;35-49;102;120;222;SEC_139
1999;632;16-17;14;19;33;SEC_632
1997;232;35-49;80;69;149;SEC_232
2001;245;65-74;68;57;125;SEC_245
1999;622;35-49;106;98;204;SEC_622
2016;623;00-02;11;16;27;SEC_623
2004;426;50-64;84;66;150;SEC_426
2000;306;00-02;19;20;39;SEC_306
2002;505;03-11;23;20;43;SEC_505
1995;103;18-24;50;35;85;SEC_103
2009;219;16-17;14;9;23;SEC_219
2012;532;00-02;28;23;51;SEC_532
1995;520;35-49;93;87;180;SEC_520
2010;313;65-74;85;76;161;SEC_313
2005;618;25-34;40;46;86;SEC_618
1996;131;16-17;26;38;64;SEC_131
2011;427;65-74;37;24;61;SEC_427
2010;305;50-64;189;166;355;SEC_305
1998;117;18-24;119;154;273;SEC_117
1997;241;16-17;11;7;18;SEC_241
2015;632;65-74;51;44;95;SEC_632
2002;201;03-11;20;29;49;SEC_201
2006;309;65-74;35;25;60;SEC_309
1998;103;75 i +;47;23;70;SEC_103
2008;401;65-74;59;51;110;SEC_401
1999;623;03-11;49;47;96;SEC_623
1996;438;12-15;18;11;29;SEC_438
2008;531;16-17;11;12;23;SEC_531
1995;233;75 i +;78;30;108;SEC_233
2002;208;16-17;20;9;29;SEC_208
2002;236;75 i +;73;39;112;SEC_236
1994;436;65-74;33;33;66;SEC_436
2004;234;25-34;93;104;197;SEC_234
2003;631;18-24;50;36;86;SEC_631
1996;422;25-34;70;78;148;SEC_422
2000;122;75 i +;41;26;67;SEC_122
2003;416;75 i +;38;24;62;SEC_416
1995;121;12-15;8;10;18;SEC_121
1995;208;65-74;138;105;243;SEC_208
1999;220;75 i +;39;23;62;SEC_220
2013;120;16-17;15;19;34;SEC_120
2012;303;03-11;45;56;101;SEC_303
1998;226;65-74;86;64;150;SEC_226
2005;232;12-15;11;12;23;SEC_232
2009;414;00-02;23;16;39;SEC_414
1995;602;75 i +;13;11;24;SEC_602
2005;136;03-11;51;47;98;SEC_136
2004;114;35-49;159;155;314;SEC_114
1998;102;03-11;54;56;110;SEC_102
1996;231;35-49;78;68;146;SEC_231
2002;248;03-11;32;44;76;SEC_248
2002;316;25-34;125;122;247;SEC_316
2002;226;50-64;91;86;177;SEC_226
2004;113;00-02;18;21;39;SEC_113
2012;112;25-34;126;95;221;SEC_112
2004;234;75 i +;81;42;123;SEC_234
1996;104;12-15;8;9;17;SEC_104
2010;311;50-64;112;94;206;SEC_311
2002;530;50-64;105;92;197;SEC_530
2001;323;75 i +;46;16;62;SEC_323
2012;434;00-02;22;14;36;SEC_434
2012;537;16-17;12;7;19;SEC_537
2000;227;35-49;69;60;129;SEC_227
2012;433;00-02;19;26;45;SEC_433
2004;135;25-34;136;145;281;SEC_135
2002;403;16-17;17;11;28;SEC_403
2005;104;16-17;3;4;7;SEC_104
2006;224;16-17;3;5;8;SEC_224
2001;219;03-11;42;36;78;SEC_219
1999;233;25-34;59;56;115;SEC_233
2004;502;65-74;71;66;137;SEC_502
2002;401;12-15;21;27;48;SEC_401
2007;433;18-24;82;61;143;SEC_433
2012;428;25-34;67;72;139;SEC_428
2013;403;16-17;6;10;16;SEC_403
2005;230;00-02;15;7;22;SEC_230
2001;244;65-74;47;26;73;SEC_244
2005;433;50-64;69;75;144;SEC_433
1997;614;12-15;15;22;37;SEC_614
1998;320;12-15;6;7;13;SEC_320
1999;239;25-34;90;98;188;SEC_239
1996;110;12-15;24;26;50;SEC_110
1998;310;65-74;38;32;70;SEC_310
2014;117;00-02;17;20;37;SEC_117
2003;425;50-64;81;80;161;SEC_425
2011;608;03-11;22;30;52;SEC_608
2015;403;03-11;49;45;94;SEC_403
2013;501;65-74;86;93;179;SEC_501
2014;421;75 i +;87;65;152;SEC_421
1995;108;18-24;69;66;135;SEC_108
2003;423;12-15;16;12;28;SEC_423
2001;317;03-11;32;39;71;SEC_317
2008;132;25-34;182;210;392;SEC_132
2002;535;25-34;80;92;172;SEC_535
2006;235;16-17;11;13;24;SEC_235
2004;520;03-11;25;36;61;SEC_520
2012;322;12-15;24;27;51;SEC_322
2016;616;18-24;80;96;176;SEC_616
2001;625;50-64;142;149;291;SEC_625
2016;122;03-11;40;52;92;SEC_122
2013;228;03-11;105;113;218;SEC_228
2008;502;65-74;81;77;158;SEC_502
2012;428;00-02;19;16;35;SEC_428
2009;213;25-34;96;145;241;SEC_213
1997;140;18-24;67;68;135;SEC_140
2006;529;35-49;150;147;297;SEC_529
2013;247;16-17;7;20;27;SEC_247
2000;406;16-17;15;19;34;SEC_406
2003;507;25-34;86;87;173;SEC_507
1999;122;12-15;10;10;20;SEC_122
2012;417;03-11;32;36;68;SEC_417
2006;442;35-49;78;72;150;SEC_442
2005;502;18-24;75;67;142;SEC_502
2005;120;65-74;48;47;95;SEC_120
2000;243;35-49;145;141;286;SEC_243
1994;212;75 i +;61;30;91;SEC_212
1995;412;35-49;204;195;399;SEC_412
2003;116;65-74;63;62;125;SEC_116
2009;442;65-74;29;31;60;SEC_442
2008;535;50-64;137;114;251;SEC_535
1996;626;50-64;133;115;248;SEC_626
2011;203;75 i +;47;30;77;SEC_203
2016;627;75 i +;49;36;85;SEC_627
2006;306;25-34;124;141;265;SEC_306
1996;529;75 i +;55;31;86;SEC_529
2008;234;18-24;42;38;80;SEC_234
2010;238;12-15;9;17;26;SEC_238
2002;533;00-02;7;8;15;SEC_533
2003;420;35-49;150;161;311;SEC_420
2014;530;25-34;136;141;277;SEC_530
2004;518;25-34;118;104;222;SEC_518
2010;510;50-64;82;73;155;SEC_510
1996;248;00-02;10;8;18;SEC_248
2001;247;03-11;28;36;64;SEC_247
1994;107;00-02;16;19;35;SEC_107
2001;312;65-74;62;59;121;SEC_312
2008;137;50-64;162;143;305;SEC_137
1998;401;35-49;113;109;222;SEC_401
2006;301;75 i +;93;63;156;SEC_301
2005;108;35-49;165;151;316;SEC_108
2004;604;35-49;83;87;170;SEC_604
1994;131;00-02;19;23;42;SEC_131
2012;313;00-02;30;26;56;SEC_313
1998;112;25-34;121;99;220;SEC_112
2009;307;16-17;6;10;16;SEC_307
2003;114;18-24;92;89;181;SEC_114
2009;609;65-74;55;64;119;SEC_609
1999;411;03-11;35;21;56;SEC_411
1998;417;03-11;23;17;40;SEC_417
2015;312;16-17;12;10;22;SEC_312
1999;615;12-15;12;10;22;SEC_615
2004;140;65-74;66;52;118;SEC_140
2010;504;03-11;31;33;64;SEC_504
1994;319;03-11;35;41;76;SEC_319
2006;522;65-74;33;36;69;SEC_522
1998;222;75 i +;34;20;54;SEC_222
1999;109;16-17;14;21;35;SEC_109
2009;536;18-24;35;24;59;SEC_536
2005;416;00-02;13;13;26;SEC_416
2007;132;65-74;94;84;178;SEC_132
2000;320;35-49;50;48;98;SEC_320
2014;307;12-15;14;19;33;SEC_307
2010;245;12-15;21;23;44;SEC_245
2005;105;50-64;119;115;234;SEC_105
2013;308;00-02;29;19;48;SEC_308
1995;127;12-15;22;24;46;SEC_127
2011;407;35-49;120;142;262;SEC_407
2006;248;00-02;14;13;27;SEC_248
2016;524;25-34;106;100;206;SEC_524
2010;530;75 i +;93;65;158;SEC_530
2012;517;18-24;44;58;102;SEC_517
2001;211;65-74;91;62;153;SEC_211
1994;405;18-24;57;62;119;SEC_405
2005;620;65-74;42;43;85;SEC_620
2005;615;35-49;61;75;136;SEC_615
2011;314;25-34;205;213;418;SEC_314
2000;410;25-34;115;123;238;SEC_410
1994;314;12-15;75;76;151;SEC_314
1996;217;03-11;21;14;35;SEC_217
2007;320;75 i +;38;14;52;SEC_320
2001;223;25-34;89;97;186;SEC_223
1998;233;12-15;5;11;16;SEC_233
2010;135;50-64;163;142;305;SEC_135
2009;212;03-11;64;63;127;SEC_212
2010;242;00-02;12;20;32;SEC_242
2012;323;75 i +;88;39;127;SEC_323
2000;619;65-74;75;69;144;SEC_619
1996;237;50-64;141;132;273;SEC_237
1997;618;03-11;15;21;36;SEC_618
2010;246;12-15;28;26;54;SEC_246
2004;627;03-11;31;25;56;SEC_627
2014;535;35-49;93;86;179;SEC_535
2005;433;75 i +;45;21;66;SEC_433
1997;128;16-17;18;12;30;SEC_128
2011;531;18-24;44;32;76;SEC_531
2014;616;75 i +;49;35;84;SEC_616
2014;314;03-11;91;98;189;SEC_314
2015;534;65-74;57;47;104;SEC_534
2012;632;12-15;20;15;35;SEC_632
2003;205;16-17;7;6;13;SEC_205
2012;426;18-24;39;47;86;SEC_426
2011;410;75 i +;139;106;245;SEC_410
1995;315;25-34;135;128;263;SEC_315
2015;404;00-02;18;22;40;SEC_404
2003;616;50-64;209;221;430;SEC_616
2000;520;35-49;84;67;151;SEC_520
2007;305;18-24;81;78;159;SEC_305
2015;432;75 i +;83;54;137;SEC_432
2000;109;25-34;86;83;169;SEC_109
2007;231;50-64;79;61;140;SEC_231
1994;137;75 i +;28;12;40;SEC_137
1998;317;03-11;26;37;63;SEC_317
2008;303;12-15;16;20;36;SEC_303
2001;418;25-34;102;123;225;SEC_418
2014;140;25-34;61;53;114;SEC_140
1996;520;03-11;30;34;64;SEC_520
1994;615;75 i +;21;10;31;SEC_615
2004;422;75 i +;69;44;113;SEC_422
2005;212;50-64;116;104;220;SEC_212
1996;310;00-02;8;10;18;SEC_310
2012;136;75 i +;62;33;95;SEC_136
1994;236;65-74;84;66;150;SEC_236
2013;619;75 i +;103;74;177;SEC_619
2003;624;03-11;30;36;66;SEC_624
1998;617;75 i +;19;21;40;SEC_617
2011;306;18-24;59;64;123;SEC_306
1994;304;00-02;9;8;17;SEC_304
2009;214;18-24;38;45;83;SEC_214
2004;124;50-64;74;67;141;SEC_124
2000;226;50-64;89;88;177;SEC_226
2007;211;65-74;61;41;102;SEC_211
2009;112;75 i +;64;34;98;SEC_112
1996;313;00-02;17;18;35;SEC_313
2007;128;75 i +;54;34;88;SEC_128
2012;617;16-17;7;10;17;SEC_617
2016;103;18-24;25;23;48;SEC_103
2003;227;03-11;21;25;46;SEC_227
2005;320;00-02;28;17;45;SEC_320
2014;607;00-02;15;11;26;SEC_607
1999;314;35-49;319;321;640;SEC_314
2014;528;16-17;9;12;21;SEC_528
2001;118;65-74;47;38;85;SEC_118
2013;122;35-49;115;120;235;SEC_122
1997;620;12-15;18;9;27;SEC_620
2011;217;16-17;3;6;9;SEC_217
1997;246;00-02;13;12;25;SEC_246
2015;205;18-24;30;50;80;SEC_205
2012;231;00-02;18;25;43;SEC_231
2001;615;16-17;6;2;8;SEC_615
2001;306;16-17;16;16;32;SEC_306
2004;405;25-34;80;85;165;SEC_405
2012;619;03-11;42;45;87;SEC_619
2005;140;03-11;39;36;75;SEC_140
2006;606;65-74;74;68;142;SEC_606
2008;238;12-15;13;19;32;SEC_238
2015;216;00-02;19;19;38;SEC_216
2001;241;16-17;7;5;12;SEC_241
1996;134;12-15;30;27;57;SEC_134
2006;408;65-74;51;42;93;SEC_408
2012;203;00-02;16;14;30;SEC_203
1997;121;75 i +;40;22;62;SEC_121
2012;517;35-49;155;207;362;SEC_517
2003;109;16-17;11;8;19;SEC_109
2013;204;18-24;64;55;119;SEC_204
2000;249;35-49;107;88;195;SEC_249
2001;237;35-49;118;137;255;SEC_237
2008;226;25-34;134;137;271;SEC_226
2010;240;35-49;97;101;198;SEC_240
2007;114;65-74;85;88;173;SEC_114
1995;133;35-49;109;94;203;SEC_133
1994;135;35-49;188;187;375;SEC_135
1995;535;25-34;50;58;108;SEC_535
2006;436;25-34;125;145;270;SEC_436
1997;234;35-49;75;64;139;SEC_234
1997;318;00-02;13;16;29;SEC_318
1997;238;25-34;58;56;114;SEC_238
2014;103;03-11;28;26;54;SEC_103
2001;314;12-15;52;59;111;SEC_314
1995;406;12-15;40;34;74;SEC_406
2012;204;75 i +;43;21;64;SEC_204
1996;436;16-17;9;12;21;SEC_436
2005;425;65-74;61;45;106;SEC_425
2015;513;03-11;79;76;155;SEC_513
1995;321;18-24;150;136;286;SEC_321
2004;245;35-49;125;139;264;SEC_245
2011;413;50-64;47;50;97;SEC_413
2014;619;75 i +;103;83;186;SEC_619
2003;535;00-02;12;11;23;SEC_535
2016;430;35-49;144;184;328;SEC_430
2016;419;16-17;22;20;42;SEC_419
2000;109;35-49;136;138;274;SEC_109
2009;411;65-74;60;61;121;SEC_411
2000;538;35-49;114;93;207;SEC_538
2006;316;16-17;28;29;57;SEC_316
2014;120;75 i +;65;41;106;SEC_120
2006;232;75 i +;64;32;96;SEC_232
2000;442;12-15;10;10;20;SEC_442
1996;628;65-74;41;33;74;SEC_628
2007;132;16-17;16;19;35;SEC_132
2011;521;00-02;15;8;23;SEC_521
2013;409;65-74;97;70;167;SEC_409
2003;605;03-11;13;20;33;SEC_605
2005;129;35-49;114;126;240;SEC_129
1999;302;75 i +;48;17;65;SEC_302
2007;502;18-24;71;76;147;SEC_502
2000;606;16-17;8;10;18;SEC_606
2001;613;75 i +;43;22;65;SEC_613
2005;431;12-15;23;24;47;SEC_431
1996;425;00-02;3;11;14;SEC_425
1998;406;75 i +;54;32;86;SEC_406
2000;610;12-15;11;23;34;SEC_610
2011;530;75 i +;97;70;167;SEC_530
1997;133;65-74;56;45;101;SEC_133
2006;519;75 i +;25;25;50;SEC_519
1999;435;65-74;95;60;155;SEC_435
2009;410;18-24;57;54;111;SEC_410
2010;416;00-02;13;16;29;SEC_416
2016;630;75 i +;40;30;70;SEC_630
2003;111;25-34;79;112;191;SEC_111
2004;502;35-49;148;142;290;SEC_502
2015;240;16-17;21;13;34;SEC_240
2010;425;35-49;118;125;243;SEC_425
2006;516;25-34;69;91;160;SEC_516
1999;244;00-02;4;4;8;SEC_244
1995;106;35-49;314;280;594;SEC_106
2009;606;03-11;49;49;98;SEC_606
2011;529;65-74;65;45;110;SEC_529
2015;412;75 i +;107;90;197;SEC_412
2001;427;00-02;14;11;25;SEC_427
2000;111;03-11;32;24;56;SEC_111
2009;232;18-24;43;44;87;SEC_232
2001;605;75 i +;24;18;42;SEC_605
1998;513;65-74;47;43;90;SEC_513
2002;110;25-34;114;120;234;SEC_110
1994;127;00-02;19;11;30;SEC_127
2013;427;50-64;129;114;243;SEC_427
2002;317;25-34;110;104;214;SEC_317
2016;117;18-24;64;58;122;SEC_117
2013;104;75 i +;84;41;125;SEC_104
1998;425;03-11;25;30;55;SEC_425
2003;613;50-64;185;153;338;SEC_613
2007;136;12-15;20;19;39;SEC_136
1998;222;00-02;6;8;14;SEC_222
2016;310;35-49;105;126;231;SEC_310
2002;130;03-11;40;31;71;SEC_130
2010;221;16-17;17;7;24;SEC_221
2000;218;00-02;6;14;20;SEC_218
1996;632;25-34;91;107;198;SEC_632
1998;409;50-64;86;81;167;SEC_409
2007;109;03-11;41;34;75;SEC_109
1994;601;50-64;160;172;332;SEC_601
1996;116;65-74;64;58;122;SEC_116
1996;511;25-34;56;77;133;SEC_511
2014;204;16-17;18;10;28;SEC_204
2011;534;35-49;127;129;256;SEC_534
2010;419;03-11;44;43;87;SEC_419
2000;425;12-15;15;15;30;SEC_425
2015;435;16-17;8;11;19;SEC_435
2000;609;00-02;8;6;14;SEC_609
1998;431;50-64;114;116;230;SEC_431
2000;124;25-34;59;68;127;SEC_124
1997;608;50-64;116;81;197;SEC_608
1994;439;35-49;61;66;127;SEC_439
2002;611;16-17;14;7;21;SEC_611
2000;201;00-02;3;7;10;SEC_201
1994;209;18-24;49;54;103;SEC_209
2011;513;65-74;46;33;79;SEC_513
1996;621;12-15;48;63;111;SEC_621
2001;601;18-24;85;98;183;SEC_601
2006;523;75 i +;100;49;149;SEC_523
2008;432;25-34;105;128;233;SEC_432
2002;307;00-02;12;11;23;SEC_307
1995;510;35-49;94;89;183;SEC_510
2002;217;12-15;9;11;20;SEC_217
2009;113;50-64;216;186;402;SEC_113
2006;138;25-34;67;53;120;SEC_138
2011;305;75 i +;101;58;159;SEC_305
2009;313;35-49;226;213;439;SEC_313
1996;321;65-74;84;72;156;SEC_321
2006;407;65-74;68;53;121;SEC_407
2015;508;65-74;66;41;107;SEC_508
1994;441;50-64;147;169;316;SEC_441
2007;228;18-24;37;38;75;SEC_228
1994;124;75 i +;31;10;41;SEC_124
2008;433;00-02;20;24;44;SEC_433
2002;202;35-49;60;73;133;SEC_202
2010;523;25-34;128;147;275;SEC_523
2016;320;16-17;13;15;28;SEC_320
1999;610;35-49;88;79;167;SEC_610
1995;608;65-74;36;32;68;SEC_608
2012;441;03-11;80;69;149;SEC_441
2009;102;00-02;14;11;25;SEC_102
2007;129;18-24;41;47;88;SEC_129
1996;525;35-49;74;75;149;SEC_525
2010;436;18-24;35;41;76;SEC_436
2014;535;00-02;7;6;13;SEC_535
2004;309;18-24;35;31;66;SEC_309
2005;432;35-49;107;126;233;SEC_432
2011;510;03-11;44;28;72;SEC_510
2009;602;00-02;7;6;13;SEC_602
1995;418;65-74;71;51;122;SEC_418
2011;137;35-49;184;171;355;SEC_137
2007;324;03-11;52;54;106;SEC_324
2001;408;12-15;19;10;29;SEC_408
1998;139;50-64;76;76;152;SEC_139
2012;630;75 i +;43;30;73;SEC_630
1997;136;75 i +;43;25;68;SEC_136
1998;121;50-64;75;46;121;SEC_121
1996;136;16-17;17;17;34;SEC_136
2012;630;18-24;31;27;58;SEC_630
2004;102;25-34;145;153;298;SEC_102
2001;123;18-24;65;61;126;SEC_123
1996;428;18-24;23;26;49;SEC_428
2003;304;12-15;15;19;34;SEC_304
2005;437;03-11;38;34;72;SEC_437
1999;526;18-24;28;38;66;SEC_526
2003;128;03-11;22;25;47;SEC_128
2007;429;50-64;54;57;111;SEC_429
1997;606;16-17;16;10;26;SEC_606
2006;114;35-49;163;160;323;SEC_114
1997;324;25-34;74;76;150;SEC_324
2007;240;50-64;52;35;87;SEC_240
2009;410;12-15;20;31;51;SEC_410
1995;219;50-64;124;114;238;SEC_219
2015;432;25-34;80;81;161;SEC_432
2015;105;00-02;12;12;24;SEC_105
2002;137;16-17;15;13;28;SEC_137
1995;140;18-24;74;73;147;SEC_140
2006;522;35-49;104;92;196;SEC_522
1995;231;25-34;78;90;168;SEC_231
1994;202;18-24;48;56;104;SEC_202
2012;249;75 i +;75;43;118;SEC_249
2001;232;65-74;73;51;124;SEC_232
2012;305;18-24;77;67;144;SEC_305
2015;139;50-64;97;82;179;SEC_139
2000;632;03-11;40;45;85;SEC_632
2003;229;50-64;65;47;112;SEC_229
2016;530;03-11;70;86;156;SEC_530
2015;320;16-17;16;11;27;SEC_320
2002;535;65-74;46;47;93;SEC_535
2005;325;16-17;11;15;26;SEC_325
2008;624;35-49;90;128;218;SEC_624
2010;249;25-34;107;127;234;SEC_249
2008;405;50-64;63;61;124;SEC_405
2002;628;65-74;51;51;102;SEC_628
2011;135;25-34;104;116;220;SEC_135
2000;421;65-74;93;79;172;SEC_421
2011;428;03-11;33;25;58;SEC_428
2016;207;35-49;258;240;498;SEC_207
1995;625;50-64;104;113;217;SEC_625
2013;625;50-64;190;153;343;SEC_625
2007;237;16-17;6;13;19;SEC_237
2013;407;50-64;73;75;148;SEC_407
2013;205;16-17;7;13;20;SEC_205
2008;627;18-24;41;52;93;SEC_627
2010;130;03-11;47;38;85;SEC_130
2016;108;12-15;25;17;42;SEC_108
2014;521;12-15;14;17;31;SEC_521
1998;512;65-74;47;29;76;SEC_512
2014;238;03-11;36;42;78;SEC_238
1998;245;18-24;35;60;95;SEC_245
2007;415;50-64;54;47;101;SEC_415
2011;119;03-11;33;39;72;SEC_119
1996;607;18-24;72;77;149;SEC_607
2001;632;35-49;93;89;182;SEC_632
1995;417;75 i +;17;11;28;SEC_417
2008;116;65-74;78;85;163;SEC_116
2014;125;75 i +;59;53;112;SEC_125
1994;103;18-24;44;43;87;SEC_103
2016;220;65-74;67;36;103;SEC_220
1997;602;03-11;20;13;33;SEC_602
2004;608;50-64;79;72;151;SEC_608
1998;625;50-64;116;138;254;SEC_625
1998;239;12-15;12;16;28;SEC_239
2006;107;75 i +;68;36;104;SEC_107
2004;442;65-74;27;28;55;SEC_442
2010;315;03-11;75;69;144;SEC_315
2003;134;65-74;48;37;85;SEC_134
2005;213;00-02;11;19;30;SEC_213
2009;607;50-64;85;78;163;SEC_607
2014;205;35-49;96;96;192;SEC_205
2005;514;50-64;51;47;98;SEC_514
2013;242;65-74;58;48;106;SEC_242
1996;609;35-49;96;56;152;SEC_609
2016;407;18-24;38;28;66;SEC_407
2013;121;12-15;10;19;29;SEC_121
2011;519;18-24;18;31;49;SEC_519
2007;217;75 i +;45;27;72;SEC_217
2015;242;35-49;138;137;275;SEC_242
2008;421;12-15;24;23;47;SEC_421
2003;239;12-15;17;14;31;SEC_239
1997;418;35-49;102;102;204;SEC_418
2006;521;16-17;5;4;9;SEC_521
1998;134;75 i +;71;30;101;SEC_134
2002;245;18-24;43;44;87;SEC_245
2000;314;50-64;165;188;353;SEC_314
2003;527;25-34;106;120;226;SEC_527
2006;127;50-64;71;64;135;SEC_127
2002;512;50-64;90;83;173;SEC_512
2009;245;18-24;47;44;91;SEC_245
2008;612;25-34;81;97;178;SEC_612
2008;242;65-74;67;65;132;SEC_242
2003;226;35-49;112;116;228;SEC_226
2007;124;50-64;82;71;153;SEC_124
2008;438;75 i +;36;26;62;SEC_438
2005;434;03-11;19;11;30;SEC_434
2007;630;65-74;36;43;79;SEC_630
2003;618;00-02;10;9;19;SEC_618
2002;511;18-24;24;30;54;SEC_511
2013;535;18-24;34;36;70;SEC_535
2011;409;12-15;9;11;20;SEC_409
2014;224;50-64;102;83;185;SEC_224
2005;525;00-02;12;13;25;SEC_525
2014;404;12-15;22;28;50;SEC_404
2002;535;12-15;19;21;40;SEC_535
2014;537;75 i +;80;53;133;SEC_537
2001;111;03-11;27;26;53;SEC_111
2003;601;12-15;15;25;40;SEC_601
2006;628;65-74;46;62;108;SEC_628
1996;614;65-74;44;34;78;SEC_614
1999;105;12-15;20;26;46;SEC_105
1997;325;03-11;47;54;101;SEC_325
2013;243;50-64;119;123;242;SEC_243
1999;524;00-02;19;21;40;SEC_524
1998;421;75 i +;49;31;80;SEC_421
2001;102;03-11;50;64;114;SEC_102
2013;211;12-15;19;34;53;SEC_211
1994;111;25-34;87;91;178;SEC_111
1996;226;16-17;17;10;27;SEC_226
2004;614;18-24;31;34;65;SEC_614
2010;204;18-24;31;24;55;SEC_204
2010;314;00-02;26;45;71;SEC_314
1995;118;03-11;91;95;186;SEC_118
2005;109;00-02;12;9;21;SEC_109
2012;604;65-74;51;31;82;SEC_604
2005;413;12-15;13;12;25;SEC_413
1999;531;12-15;10;17;27;SEC_531
2013;226;00-02;27;33;60;SEC_226
2011;214;35-49;128;138;266;SEC_214
1999;525;75 i +;33;27;60;SEC_525
2013;316;75 i +;73;36;109;SEC_316
2008;427;03-11;42;57;99;SEC_427
2012;613;35-49;151;163;314;SEC_613
1999;616;16-17;43;21;64;SEC_616
1997;435;16-17;10;8;18;SEC_435
2005;137;65-74;49;40;89;SEC_137
2002;244;75 i +;44;34;78;SEC_244
2003;628;50-64;145;133;278;SEC_628
2014;534;12-15;11;13;24;SEC_534
1999;606;12-15;16;18;34;SEC_606
2015;423;18-24;47;28;75;SEC_423
2004;323;50-64;301;340;641;SEC_323
2014;115;65-74;79;71;150;SEC_115
1995;408;03-11;41;32;73;SEC_408
2001;302;03-11;37;46;83;SEC_302
2002;311;03-11;36;44;80;SEC_311
1994;311;75 i +;52;34;86;SEC_311
2007;318;12-15;14;22;36;SEC_318
2011;617;03-11;36;40;76;SEC_617
2005;313;25-34;190;188;378;SEC_313
2005;229;00-02;11;10;21;SEC_229
1997;245;00-02;6;9;15;SEC_245
2009;432;16-17;13;15;28;SEC_432
2015;632;50-64;80;66;146;SEC_632
2000;134;03-11;40;47;87;SEC_134
2000;136;12-15;23;14;37;SEC_136
1998;438;25-34;75;88;163;SEC_438
2001;529;00-02;15;14;29;SEC_529
1998;412;18-24;82;106;188;SEC_412
2003;406;50-64;132;117;249;SEC_406
2000;602;16-17;6;6;12;SEC_602
2004;623;18-24;65;82;147;SEC_623
2014;614;35-49;110;111;221;SEC_614
2008;131;12-15;17;23;40;SEC_131
2008;114;18-24;44;38;82;SEC_114
2012;627;35-49;92;107;199;SEC_627
2015;133;75 i +;64;35;99;SEC_133
2005;123;50-64;118;107;225;SEC_123
1998;437;25-34;64;77;141;SEC_437
2005;429;25-34;41;54;95;SEC_429
2006;133;35-49;87;97;184;SEC_133
2003;401;16-17;18;12;30;SEC_401
2003;110;00-02;13;12;25;SEC_110
2004;402;50-64;73;68;141;SEC_402
2005;628;16-17;6;11;17;SEC_628
1997;405;25-34;82;87;169;SEC_405
2014;325;50-64;194;148;342;SEC_325
2009;415;50-64;56;47;103;SEC_415
1998;248;18-24;44;60;104;SEC_248
1995;113;00-02;12;14;26;SEC_113
2011;315;65-74;68;61;129;SEC_315
1999;247;00-02;12;9;21;SEC_247
2002;230;25-34;81;86;167;SEC_230
2009;306;03-11;63;55;118;SEC_306
2010;429;65-74;26;21;47;SEC_429
2011;205;12-15;16;16;32;SEC_205
2003;421;00-02;13;11;24;SEC_421
2010;238;00-02;16;12;28;SEC_238
2016;404;25-34;98;91;189;SEC_404
2013;530;16-17;10;22;32;SEC_530
2000;632;25-34;93;123;216;SEC_632
1998;419;03-11;28;33;61;SEC_419
1997;109;35-49;135;144;279;SEC_109
2002;531;00-02;8;14;22;SEC_531
2007;245;00-02;9;17;26;SEC_245
1996;533;75 i +;43;24;67;SEC_533
2008;307;18-24;49;58;107;SEC_307
1995;232;65-74;71;65;136;SEC_232
1998;114;65-74;61;63;124;SEC_114
1996;522;18-24;36;49;85;SEC_522
2007;226;16-17;9;8;17;SEC_226
1998;236;16-17;10;14;24;SEC_236
1994;602;50-64;89;97;186;SEC_602
2013;614;35-49;108;115;223;SEC_614
1995;227;12-15;11;13;24;SEC_227
2000;520;00-02;6;14;20;SEC_520
1999;613;03-11;34;38;72;SEC_613
2010;433;16-17;11;11;22;SEC_433
2003;417;16-17;7;8;15;SEC_417
2010;623;25-34;83;102;185;SEC_623
2005;438;50-64;84;65;149;SEC_438
2002;407;25-34;79;92;171;SEC_407
2011;612;75 i +;60;42;102;SEC_612
2011;130;16-17;10;6;16;SEC_130
2006;527;35-49;134;143;277;SEC_527
2014;117;35-49;207;206;413;SEC_117
2001;242;12-15;13;24;37;SEC_242
1994;115;75 i +;26;20;46;SEC_115
1994;433;50-64;99;96;195;SEC_433
2014;217;65-74;64;51;115;SEC_217
2002;411;65-74;90;74;164;SEC_411
2006;310;35-49;118;99;217;SEC_310
1995;517;03-11;38;36;74;SEC_517
1998;210;75 i +;54;39;93;SEC_210
2007;305;16-17;17;12;29;SEC_305
2014;220;18-24;73;63;136;SEC_220
1999;131;00-02;15;10;25;SEC_131
1999;607;50-64;149;136;285;SEC_607
2003;440;00-02;7;15;22;SEC_440
1996;609;50-64;119;154;273;SEC_609
2001;627;35-49;136;112;248;SEC_627
2011;506;12-15;33;31;64;SEC_506
1994;237;50-64;144;134;278;SEC_237
1998;302;25-34;124;138;262;SEC_302
1998;623;03-11;44;49;93;SEC_623
1999;120;18-24;83;93;176;SEC_120
2002;109;50-64;101;98;199;SEC_109
2010;606;12-15;17;25;42;SEC_606
2003;503;35-49;109;81;190;SEC_503
2012;412;18-24;44;68;112;SEC_412
1995;115;65-74;77;50;127;SEC_115
1997;529;00-02;7;10;17;SEC_529
2011;534;65-74;55;48;103;SEC_534
2011;112;25-34;125;101;226;SEC_112
1996;237;18-24;64;75;139;SEC_237
2004;134;25-34;114;101;215;SEC_134
1994;112;00-02;21;21;42;SEC_112
1996;102;18-24;143;151;294;SEC_102
2004;629;50-64;55;46;101;SEC_629
2002;241;35-49;82;74;156;SEC_241
2015;221;35-49;262;270;532;SEC_221
2002;627;35-49;124;110;234;SEC_627
2012;125;16-17;8;13;21;SEC_125
2006;203;75 i +;49;29;78;SEC_203
2010;221;18-24;51;47;98;SEC_221
1995;317;65-74;57;49;106;SEC_317
2000;517;50-64;88;87;175;SEC_517
2015;523;18-24;38;58;96;SEC_523
1996;532;12-15;20;25;45;SEC_532
2000;528;75 i +;46;26;72;SEC_528
1997;527;65-74;67;46;113;SEC_527
2004;201;65-74;50;48;98;SEC_201
1999;104;16-17;5;3;8;SEC_104
2007;320;03-11;54;49;103;SEC_320
2001;115;16-17;12;14;26;SEC_115
1997;239;00-02;4;8;12;SEC_239
2008;301;75 i +;112;74;186;SEC_301
2014;508;03-11;61;61;122;SEC_508
2005;303;18-24;51;50;101;SEC_303
2003;133;12-15;14;18;32;SEC_133
2004;434;12-15;13;17;30;SEC_434
2016;135;00-02;7;18;25;SEC_135
1997;413;25-34;41;46;87;SEC_413
2016;104;16-17;10;9;19;SEC_104
2001;618;35-49;57;51;108;SEC_618
1994;631;50-64;118;139;257;SEC_631
2012;632;16-17;13;14;27;SEC_632
2002;630;25-34;83;95;178;SEC_630
1997;128;18-24;67;77;144;SEC_128
2006;526;25-34;72;83;155;SEC_526
2002;623;25-34;159;160;319;SEC_623
2001;524;65-74;82;55;137;SEC_524
2008;307;75 i +;83;61;144;SEC_307
2009;526;35-49;77;100;177;SEC_526
2013;326;65-74;7;5;12;SEC_326
1997;113;25-34;89;77;166;SEC_113
1998;139;75 i +;27;10;37;SEC_139
2012;239;50-64;101;82;183;SEC_239
2010;428;16-17;4;7;11;SEC_428
2000;301;03-11;77;92;169;SEC_301
2009;413;18-24;26;33;59;SEC_413
2011;227;00-02;9;10;19;SEC_227
2008;626;12-15;11;16;27;SEC_626
2009;232;75 i +;74;40;114;SEC_232
2009;236;35-49;137;135;272;SEC_236
1997;322;75 i +;37;17;54;SEC_322
2012;234;00-02;16;18;34;SEC_234
2011;244;65-74;31;22;53;SEC_244
2010;324;12-15;21;30;51;SEC_324
2003;419;16-17;8;7;15;SEC_419
2005;617;00-02;8;13;21;SEC_617
1994;315;00-02;14;18;32;SEC_315
2008;625;12-15;13;20;33;SEC_625
2012;209;03-11;22;41;63;SEC_209
2006;406;65-74;76;69;145;SEC_406
2008;219;75 i +;82;49;131;SEC_219
2012;611;25-34;121;111;232;SEC_611
2010;324;50-64;72;66;138;SEC_324
2007;128;65-74;45;49;94;SEC_128
2007;526;35-49;79;100;179;SEC_526
2009;223;12-15;24;21;45;SEC_223
2002;227;00-02;6;10;16;SEC_227
1997;218;25-34;53;53;106;SEC_218
2009;104;12-15;16;13;29;SEC_104
1999;118;75 i +;35;20;55;SEC_118
2010;246;35-49;148;184;332;SEC_246
1999;209;35-49;79;92;171;SEC_209
2003;419;50-64;66;67;133;SEC_419
2003;225;35-49;43;55;98;SEC_225
1994;231;75 i +;72;30;102;SEC_231
2006;625;00-02;13;19;32;SEC_625
2013;403;65-74;90;62;152;SEC_403
2014;437;03-11;70;77;147;SEC_437
1994;107;75 i +;42;21;63;SEC_107
2013;224;25-34;100;96;196;SEC_224
1994;411;75 i +;31;20;51;SEC_411
2016;627;03-11;24;39;63;SEC_627
2001;531;35-49;80;83;163;SEC_531
1999;230;16-17;1;3;4;SEC_230
1998;109;25-34;102;89;191;SEC_109
2001;631;50-64;177;163;340;SEC_631
2000;139;35-49;95;92;187;SEC_139
2002;205;65-74;69;57;126;SEC_205
2007;517;16-17;11;18;29;SEC_517
2011;231;35-49;164;169;333;SEC_231
2012;121;18-24;28;30;58;SEC_121
1997;516;65-74;35;25;60;SEC_516
2014;105;18-24;36;45;81;SEC_105
1999;121;18-24;25;28;53;SEC_121
1999;536;03-11;27;24;51;SEC_536
2005;134;25-34;107;108;215;SEC_134
2001;413;25-34;45;54;99;SEC_413
2006;217;03-11;21;32;53;SEC_217
2000;213;35-49;97;94;191;SEC_213
2005;232;00-02;19;12;31;SEC_232
1999;403;35-49;108;95;203;SEC_403
2007;202;00-02;11;19;30;SEC_202
2016;526;35-49;262;291;553;SEC_526
2006;241;50-64;48;57;105;SEC_241
2011;519;12-15;13;19;32;SEC_519
1996;409;75 i +;17;10;27;SEC_409
2000;241;50-64;49;45;94;SEC_241
2006;230;50-64;42;36;78;SEC_230
2016;602;35-49;159;145;304;SEC_602
1996;231;03-11;27;23;50;SEC_231
2000;519;75 i +;15;18;33;SEC_519
2005;408;12-15;10;10;20;SEC_408
2003;118;18-24;106;114;220;SEC_118
2006;534;65-74;64;54;118;SEC_534
2005;114;75 i +;71;38;109;SEC_114
2003;407;75 i +;50;38;88;SEC_407
1997;243;50-64;148;124;272;SEC_243
1995;220;18-24;49;48;97;SEC_220
2003;507;16-17;14;11;25;SEC_507
2015;242;00-02;21;17;38;SEC_242
2006;524;65-74;79;56;135;SEC_524
2009;130;50-64;64;61;125;SEC_130
1997;214;50-64;71;68;139;SEC_214
1994;501;03-11;36;45;81;SEC_501
2008;131;75 i +;61;42;103;SEC_131
2009;302;18-24;45;34;79;SEC_302
1998;533;50-64;87;83;170;SEC_533
2004;211;75 i +;82;45;127;SEC_211
1994;207;25-34;58;52;110;SEC_207
2015;314;16-17;23;17;40;SEC_314
2007;106;50-64;257;244;501;SEC_106
2008;203;35-49;109;110;219;SEC_203
2013;615;03-11;33;24;57;SEC_615
2009;135;35-49;178;171;349;SEC_135
2013;105;25-34;83;86;169;SEC_105
2008;608;16-17;9;11;20;SEC_608
2004;437;03-11;31;38;69;SEC_437
2015;124;12-15;15;11;26;SEC_124
1995;239;65-74;94;69;163;SEC_239
2013;624;12-15;11;13;24;SEC_624
1996;424;50-64;69;66;135;SEC_424
2006;413;50-64;40;36;76;SEC_413
2008;609;12-15;10;22;32;SEC_609
1999;504;03-11;18;27;45;SEC_504
2012;531;65-74;44;35;79;SEC_531
2002;237;16-17;7;8;15;SEC_237
2007;441;75 i +;89;65;154;SEC_441
1998;315;12-15;36;32;68;SEC_315
2011;236;16-17;19;3;22;SEC_236
2005;625;35-49;147;113;260;SEC_625
2002;420;65-74;75;69;144;SEC_420
2000;138;16-17;7;14;21;SEC_138
2016;137;65-74;89;77;166;SEC_137
1998;103;65-74;41;31;72;SEC_103
2011;111;75 i +;61;47;108;SEC_111
2003;424;18-24;26;36;62;SEC_424
1998;119;03-11;31;49;80;SEC_119
1998;123;50-64;103;110;213;SEC_123
2014;535;75 i +;56;50;106;SEC_535
2016;233;75 i +;61;36;97;SEC_233
2007;221;16-17;12;13;25;SEC_221
1998;424;65-74;30;34;64;SEC_424
2003;430;35-49;98;103;201;SEC_430
2003;503;12-15;15;17;32;SEC_503
2003;117;16-17;23;23;46;SEC_117
2016;624;50-64;78;57;135;SEC_624
1996;316;75 i +;25;15;40;SEC_316
2012;414;16-17;9;7;16;SEC_414
2008;628;00-02;14;10;24;SEC_628
2013;140;35-49;117;126;243;SEC_140
2007;618;12-15;9;11;20;SEC_618
1999;537;50-64;146;131;277;SEC_537
2014;124;35-49;90;86;176;SEC_124
1998;313;75 i +;56;28;84;SEC_313
2000;438;75 i +;31;16;47;SEC_438
2014;110;00-02;14;10;24;SEC_110
2016;116;25-34;59;68;127;SEC_116
1997;534;03-11;22;29;51;SEC_534
2003;312;16-17;12;9;21;SEC_312
2005;431;16-17;13;12;25;SEC_431
2004;414;16-17;4;9;13;SEC_414
1999;530;03-11;47;43;90;SEC_530
2014;216;12-15;27;13;40;SEC_216
1999;210;50-64;93;80;173;SEC_210
2007;137;03-11;67;58;125;SEC_137
2004;322;50-64;103;93;196;SEC_322
2013;402;18-24;29;27;56;SEC_402
1997;310;18-24;41;59;100;SEC_310
2002;312;12-15;27;21;48;SEC_312
2007;228;35-49;76;108;184;SEC_228
2007;138;16-17;7;10;17;SEC_138
2007;624;18-24;36;30;66;SEC_624
1994;507;03-11;40;35;75;SEC_507
2011;105;18-24;46;56;102;SEC_105
2000;628;03-11;38;33;71;SEC_628
2014;507;12-15;11;22;33;SEC_507
1999;136;16-17;15;16;31;SEC_136
1994;412;16-17;31;35;66;SEC_412
2002;621;00-02;12;20;32;SEC_621
2005;221;25-34;93;114;207;SEC_221
2005;137;25-34;139;127;266;SEC_137
2000;436;25-34;78;97;175;SEC_436
2003;140;03-11;21;26;47;SEC_140
2007;113;35-49;176;167;343;SEC_113
1994;624;65-74;31;28;59;SEC_624
2008;435;16-17;7;12;19;SEC_435
2012;508;50-64;47;40;87;SEC_508
2002;413;65-74;43;35;78;SEC_413
2010;303;00-02;23;21;44;SEC_303
2005;441;16-17;34;24;58;SEC_441
2016;319;75 i +;43;33;76;SEC_319
1997;309;00-02;4;12;16;SEC_309
1996;237;16-17;19;9;28;SEC_237
2006;225;25-34;39;62;101;SEC_225
1994;536;03-11;27;27;54;SEC_536
2016;308;00-02;17;22;39;SEC_308
2013;122;25-34;54;46;100;SEC_122
2003;211;65-74;80;50;130;SEC_211
1998;217;00-02;7;8;15;SEC_217
2002;432;00-02;10;10;20;SEC_432
1996;513;18-24;40;48;88;SEC_513
2002;229;12-15;9;5;14;SEC_229
2013;523;18-24;45;52;97;SEC_523
2002;205;18-24;49;46;95;SEC_205
2010;244;50-64;52;50;102;SEC_244
2009;322;18-24;38;48;86;SEC_322
2011;123;50-64;125;111;236;SEC_123
1995;205;75 i +;29;17;46;SEC_205
2010;111;25-34;64;59;123;SEC_111
1994;526;50-64;60;75;135;SEC_526
2003;136;35-49;119;125;244;SEC_136
1996;204;35-49;41;42;83;SEC_204
1999;518;18-24;57;47;104;SEC_518
2006;125;65-74;46;62;108;SEC_125
2007;205;00-02;6;10;16;SEC_205
2001;201;65-74;48;52;100;SEC_201
2002;311;65-74;90;61;151;SEC_311
2004;223;18-24;45;60;105;SEC_223
2001;505;75 i +;41;35;76;SEC_505
2002;219;75 i +;78;40;118;SEC_219
2000;304;12-15;18;19;37;SEC_304
2010;437;50-64;69;58;127;SEC_437
2015;317;65-74;28;32;60;SEC_317
2016;245;75 i +;67;44;111;SEC_245
2003;308;65-74;86;77;163;SEC_308
2014;508;35-49;164;208;372;SEC_508
2014;518;12-15;16;23;39;SEC_518
2004;434;03-11;25;22;47;SEC_434
2009;227;18-24;15;12;27;SEC_227
2011;431;16-17;21;23;44;SEC_431
1995;616;18-24;168;175;343;SEC_616
2009;406;16-17;15;15;30;SEC_406
1997;223;03-11;36;41;77;SEC_223
2005;107;16-17;17;9;26;SEC_107
2016;104;12-15;7;19;26;SEC_104
2009;318;12-15;13;17;30;SEC_318
2011;510;35-49;114;141;255;SEC_510
2007;247;65-74;60;59;119;SEC_247
2014;137;16-17;20;11;31;SEC_137
2008;439;65-74;68;58;126;SEC_439
2008;219;50-64;86;78;164;SEC_219
2005;229;50-64;65;43;108;SEC_229
1999;428;03-11;16;14;30;SEC_428
2006;132;18-24;90;102;192;SEC_132
1996;221;18-24;75;66;141;SEC_221
2000;417;16-17;4;7;11;SEC_417
1996;321;18-24;160;146;306;SEC_321
2013;208;35-49;170;159;329;SEC_208
1996;619;12-15;44;38;82;SEC_619
2015;416;25-34;97;107;204;SEC_416
1998;517;18-24;52;72;124;SEC_517
2001;503;25-34;69;69;138;SEC_503
1996;136;25-34;90;95;185;SEC_136
2000;509;50-64;78;83;161;SEC_509
2012;619;18-24;38;38;76;SEC_619
2016;518;25-34;68;61;129;SEC_518
1999;303;03-11;32;41;73;SEC_303
2014;232;75 i +;76;43;119;SEC_232
2013;611;16-17;9;15;24;SEC_611
2003;536;65-74;69;65;134;SEC_536
1999;233;18-24;33;32;65;SEC_233
1998;433;12-15;19;19;38;SEC_433
1996;506;25-34;142;159;301;SEC_506
2000;616;03-11;148;146;294;SEC_616
2014;202;35-49;225;270;495;SEC_202
1998;425;00-02;6;6;12;SEC_425
2006;211;50-64;76;72;148;SEC_211
2005;630;50-64;131;111;242;SEC_630
1995;119;12-15;42;45;87;SEC_119
2013;122;12-15;14;19;33;SEC_122
2013;418;35-49;155;179;334;SEC_418
1997;413;35-49;48;46;94;SEC_413
2014;608;50-64;136;111;247;SEC_608
2001;601;12-15;12;23;35;SEC_601
2004;422;65-74;66;56;122;SEC_422
2016;606;75 i +;82;66;148;SEC_606
2001;202;12-15;7;13;20;SEC_202
2011;321;16-17;17;23;40;SEC_321
1994;514;00-02;10;9;19;SEC_514
2003;245;00-02;17;13;30;SEC_245
2007;630;16-17;8;7;15;SEC_630
2005;137;12-15;27;21;48;SEC_137
1996;103;35-49;80;69;149;SEC_103
2004;136;12-15;17;20;37;SEC_136
2015;517;75 i +;105;66;171;SEC_517
2007;225;65-74;31;19;50;SEC_225
2001;629;18-24;30;31;61;SEC_629
2014;210;65-74;61;51;112;SEC_210
1997;119;03-11;44;52;96;SEC_119
2000;630;65-74;29;30;59;SEC_630
1995;610;03-11;44;49;93;SEC_610
2000;305;35-49;223;195;418;SEC_305
1994;203;12-15;9;14;23;SEC_203
2007;525;35-49;98;126;224;SEC_525
2012;216;00-02;17;16;33;SEC_216
2013;402;03-11;39;52;91;SEC_402
2000;522;12-15;13;14;27;SEC_522
1996;211;12-15;11;23;34;SEC_211
2015;104;16-17;9;5;14;SEC_104
1994;322;65-74;49;48;97;SEC_322
2003;203;03-11;21;30;51;SEC_203
1994;626;18-24;101;156;257;SEC_626
2004;205;00-02;11;9;20;SEC_205
1998;629;16-17;6;12;18;SEC_629
1997;410;18-24;115;119;234;SEC_410
2000;309;12-15;14;12;26;SEC_309
2003;528;00-02;16;16;32;SEC_528
2009;442;03-11;29;27;56;SEC_442
2004;133;12-15;12;15;27;SEC_133
2010;307;75 i +;79;58;137;SEC_307
2003;508;35-49;54;74;128;SEC_508
2015;119;75 i +;97;60;157;SEC_119
2016;318;75 i +;47;27;74;SEC_318
2000;508;18-24;34;25;59;SEC_508
1997;424;12-15;9;14;23;SEC_424
2008;135;50-64;149;153;302;SEC_135
2000;522;25-34;56;67;123;SEC_522
2012;110;00-02;18;8;26;SEC_110
2009;140;00-02;11;19;30;SEC_140
2002;115;65-74;81;42;123;SEC_115
2005;315;03-11;47;55;102;SEC_315
2003;425;65-74;68;55;123;SEC_425
1998;517;00-02;11;5;16;SEC_517
1994;107;18-24;131;149;280;SEC_107
2008;249;25-34;119;97;216;SEC_249
2010;117;50-64;239;222;461;SEC_117
2006;414;12-15;23;11;34;SEC_414
2004;632;00-02;18;13;31;SEC_632
2007;321;03-11;92;86;178;SEC_321
2009;101;50-64;135;129;264;SEC_101
2009;137;03-11;79;58;137;SEC_137
2001;247;00-02;14;11;25;SEC_247
1997;202;18-24;41;36;77;SEC_202
2011;423;65-74;50;53;103;SEC_423
2007;610;35-49;132;131;263;SEC_610
2008;610;18-24;39;50;89;SEC_610
2016;231;03-11;61;75;136;SEC_231
2009;307;35-49;134;113;247;SEC_307
2003;218;16-17;4;11;15;SEC_218
2005;622;65-74;33;23;56;SEC_622
2008;607;50-64;91;61;152;SEC_607
2009;312;16-17;21;12;33;SEC_312
2012;232;25-34;102;86;188;SEC_232
2010;309;65-74;39;35;74;SEC_309
2016;124;00-02;11;11;22;SEC_124
2000;325;00-02;18;17;35;SEC_325
1994;442;03-11;27;25;52;SEC_442
2000;437;12-15;13;19;32;SEC_437
2013;210;35-49;97;95;192;SEC_210
2010;410;12-15;22;34;56;SEC_410
2011;439;18-24;50;58;108;SEC_439
1994;140;65-74;53;48;101;SEC_140
2006;531;35-49;102;121;223;SEC_531
2003;619;75 i +;51;39;90;SEC_619
2010;301;50-64;186;183;369;SEC_301
1994;127;75 i +;28;13;41;SEC_127
2001;409;65-74;40;41;81;SEC_409
2008;205;12-15;12;11;23;SEC_205
2007;209;75 i +;86;54;140;SEC_209
2009;631;12-15;16;14;30;SEC_631
2014;129;25-34;69;81;150;SEC_129
1998;228;35-49;34;55;89;SEC_228
2006;204;75 i +;42;18;60;SEC_204
2005;323;65-74;88;65;153;SEC_323
2006;213;65-74;47;46;93;SEC_213
2013;135;00-02;20;23;43;SEC_135
2008;206;75 i +;75;45;120;SEC_206
2002;240;03-11;20;28;48;SEC_240
1997;408;65-74;50;44;94;SEC_408
2002;208;35-49;179;183;362;SEC_208
2005;205;16-17;7;10;17;SEC_205
2006;225;12-15;7;9;16;SEC_225
2003;106;75 i +;49;24;73;SEC_106
1997;520;50-64;83;95;178;SEC_520
2010;501;50-64;151;133;284;SEC_501
1999;433;65-74;50;42;92;SEC_433
2012;318;16-17;7;6;13;SEC_318
1996;314;00-02;24;25;49;SEC_314
1998;516;35-49;42;61;103;SEC_516
2012;104;35-49;100;127;227;SEC_104
1997;207;65-74;64;35;99;SEC_207
1995;525;35-49;77;78;155;SEC_525
2015;248;25-34;94;105;199;SEC_248
2016;608;00-02;13;11;24;SEC_608
2009;312;00-02;25;33;58;SEC_312
1997;523;12-15;30;27;57;SEC_523
2009;440;65-74;87;86;173;SEC_440
1994;627;03-11;55;72;127;SEC_627
2006;236;65-74;66;48;114;SEC_236
2013;320;16-17;11;12;23;SEC_320
2012;404;50-64;112;109;221;SEC_404
2007;403;75 i +;69;39;108;SEC_403
1999;312;00-02;16;14;30;SEC_312
1994;514;75 i +;35;17;52;SEC_514
2007;325;75 i +;176;89;265;SEC_325
2000;301;75 i +;77;37;114;SEC_301
2011;124;00-02;12;10;22;SEC_124
2005;410;65-74;131;106;237;SEC_410
2011;534;18-24;40;39;79;SEC_534
1998;138;12-15;15;34;49;SEC_138
2001;519;03-11;14;34;48;SEC_519
2011;508;16-17;4;4;8;SEC_508
2007;529;50-64;83;84;167;SEC_529
2005;242;35-49;120;125;245;SEC_242
2010;205;18-24;38;40;78;SEC_205
1995;508;35-49;44;52;96;SEC_508
1995;434;25-34;41;36;77;SEC_434
2016;530;16-17;14;19;33;SEC_530
2015;236;03-11;33;56;89;SEC_236
2001;514;16-17;6;5;11;SEC_514
2016;127;18-24;23;26;49;SEC_127
2002;524;03-11;49;53;102;SEC_524
2002;536;65-74;72;66;138;SEC_536
2005;208;65-74;146;124;270;SEC_208
1998;532;12-15;20;17;37;SEC_532
2003;224;12-15;9;9;18;SEC_224
1995;134;00-02;15;10;25;SEC_134
2005;239;18-24;39;45;84;SEC_239
2008;521;00-02;15;10;25;SEC_521
2013;441;25-34;180;186;366;SEC_441
2002;504;35-49;78;83;161;SEC_504
1999;236;18-24;41;37;78;SEC_236
2008;424;16-17;5;11;16;SEC_424
2011;624;18-24;35;28;63;SEC_624
1997;404;03-11;49;42;91;SEC_404
2007;516;75 i +;32;17;49;SEC_516
2015;504;35-49;125;127;252;SEC_504
2006;614;00-02;14;9;23;SEC_614
2002;236;35-49;110;104;214;SEC_236
1998;119;75 i +;41;32;73;SEC_119
2000;218;03-11;27;18;45;SEC_218
2001;230;00-02;11;13;24;SEC_230
2006;426;50-64;68;66;134;SEC_426
2016;233;16-17;6;12;18;SEC_233
2004;234;16-17;6;7;13;SEC_234
2012;307;00-02;20;15;35;SEC_307
2008;423;03-11;43;30;73;SEC_423
1994;303;12-15;32;27;59;SEC_303
1998;627;03-11;24;54;78;SEC_627
2003;129;12-15;15;21;36;SEC_129
1997;221;50-64;115;122;237;SEC_221
2010;406;00-02;20;20;40;SEC_406
2001;513;75 i +;44;17;61;SEC_513
1999;222;00-02;4;5;9;SEC_222
2010;102;65-74;113;114;227;SEC_102
2010;402;18-24;39;32;71;SEC_402
1995;242;50-64;133;109;242;SEC_242
1998;107;12-15;31;41;72;SEC_107
1999;431;35-49;109;116;225;SEC_431
2009;522;75 i +;38;24;62;SEC_522
2008;324;75 i +;50;28;78;SEC_324
2010;628;65-74;79;68;147;SEC_628
2011;516;75 i +;45;23;68;SEC_516
1996;313;18-24;113;119;232;SEC_313
1997;118;65-74;47;30;77;SEC_118
2016;245;25-34;89;78;167;SEC_245
2008;442;16-17;8;9;17;SEC_442
2012;520;00-02;10;7;17;SEC_520
1998;413;00-02;3;5;8;SEC_413
1996;519;16-17;1;7;8;SEC_519
2009;138;50-64;101;89;190;SEC_138
1999;536;65-74;78;63;141;SEC_536
2006;317;75 i +;64;24;88;SEC_317
1997;138;50-64;82;67;149;SEC_138
2005;205;65-74;65;57;122;SEC_205
2007;614;50-64;110;97;207;SEC_614
1996;420;50-64;139;125;264;SEC_420
2005;531;75 i +;43;25;68;SEC_531
2002;321;12-15;34;53;87;SEC_321
2007;315;12-15;21;18;39;SEC_315
1999;228;00-02;3;5;8;SEC_228
1999;206;75 i +;72;35;107;SEC_206
2008;124;65-74;34;36;70;SEC_124
2011;619;16-17;4;7;11;SEC_619
2013;216;25-34;105;89;194;SEC_216
2014;110;25-34;70;67;137;SEC_110
1997;301;75 i +;80;32;112;SEC_301
1999;236;25-34;70;73;143;SEC_236
1997;522;18-24;35;45;80;SEC_522
2010;244;00-02;10;15;25;SEC_244
2015;310;03-11;43;46;89;SEC_310
1997;121;35-49;49;70;119;SEC_121
2003;247;03-11;38;40;78;SEC_247
2001;115;00-02;18;14;32;SEC_115
1998;525;75 i +;32;26;58;SEC_525
1997;514;35-49;60;69;129;SEC_514
2011;130;65-74;62;44;106;SEC_130
1998;421;18-24;67;64;131;SEC_421
2014;412;00-02;8;18;26;SEC_412
2014;316;16-17;10;14;24;SEC_316
1996;243;16-17;14;9;23;SEC_243
2003;416;12-15;10;11;21;SEC_416
1997;244;18-24;36;21;57;SEC_244
2003;318;00-02;4;12;16;SEC_318
2015;138;65-74;59;47;106;SEC_138
1994;209;65-74;84;67;151;SEC_209
2012;432;65-74;74;66;140;SEC_432
1996;405;25-34;78;88;166;SEC_405
1999;116;18-24;114;118;232;SEC_116
2013;209;25-34;83;87;170;SEC_209
2000;213;25-34;69;83;152;SEC_213
2007;125;00-02;31;30;61;SEC_125
2003;205;18-24;44;43;87;SEC_205
2005;606;50-64;89;60;149;SEC_606
2002;218;35-49;82;79;161;SEC_218
2001;210;00-02;4;7;11;SEC_210
2015;618;75 i +;81;70;151;SEC_618
1995;601;65-74;42;36;78;SEC_601
2006;218;65-74;35;28;63;SEC_218
2016;506;65-74;168;138;306;SEC_506
2010;409;03-11;29;24;53;SEC_409
1996;118;03-11;85;83;168;SEC_118
2014;426;18-24;32;43;75;SEC_426
1998;623;12-15;32;34;66;SEC_623
2008;505;50-64;168;120;288;SEC_505
2015;409;18-24;75;73;148;SEC_409
2009;223;18-24;50;50;100;SEC_223
2004;208;65-74;140;128;268;SEC_208
2003;103;75 i +;43;21;64;SEC_103
2016;232;18-24;47;47;94;SEC_232
2009;110;65-74;64;73;137;SEC_110
2005;140;65-74;76;57;133;SEC_140
1998;625;00-02;10;8;18;SEC_625
2006;614;12-15;15;14;29;SEC_614
2002;607;65-74;87;82;169;SEC_607
2003;408;65-74;60;54;114;SEC_408
2003;407;25-34;75;107;182;SEC_407
2007;313;75 i +;74;53;127;SEC_313
2013;212;25-34;126;118;244;SEC_212
2005;208;00-02;22;11;33;SEC_208
2014;508;65-74;69;47;116;SEC_508
1995;433;12-15;22;22;44;SEC_433
2003;626;12-15;22;8;30;SEC_626
1997;430;65-74;58;47;105;SEC_430
2003;535;75 i +;44;29;73;SEC_535
2008;406;16-17;16;13;29;SEC_406
1994;318;50-64;50;48;98;SEC_318
2012;422;25-34;89;100;189;SEC_422
2005;506;00-02;14;22;36;SEC_506
2003;538;12-15;13;18;31;SEC_538
2007;524;00-02;26;21;47;SEC_524
2008;433;75 i +;43;22;65;SEC_433
2012;226;00-02;19;22;41;SEC_226
2009;607;00-02;15;15;30;SEC_607
2008;417;12-15;9;14;23;SEC_417
2003;432;75 i +;55;38;93;SEC_432
2014;508;50-64;118;96;214;SEC_508
1997;316;50-64;128;160;288;SEC_316
1998;407;12-15;12;22;34;SEC_407
1995;218;18-24;38;44;82;SEC_218
2008;434;03-11;19;22;41;SEC_434
2009;607;25-34;68;98;166;SEC_607
2008;422;75 i +;76;51;127;SEC_422
1996;140;16-17;10;20;30;SEC_140
2006;501;65-74;34;31;65;SEC_501
2000;216;65-74;78;71;149;SEC_216
1998;134;12-15;32;30;62;SEC_134
2009;516;16-17;9;8;17;SEC_516
2003;429;00-02;6;10;16;SEC_429
2008;212;65-74;65;59;124;SEC_212
2007;232;18-24;41;41;82;SEC_232
1999;310;16-17;10;9;19;SEC_310
2009;238;00-02;18;12;30;SEC_238
2011;432;16-17;5;9;14;SEC_432
2006;609;75 i +;29;24;53;SEC_609
2016;214;65-74;85;58;143;SEC_214
2004;201;35-49;61;63;124;SEC_201
1999;415;25-34;65;61;126;SEC_415
2003;533;12-15;27;14;41;SEC_533
2000;125;25-34;93;103;196;SEC_125
1997;632;35-49;102;104;206;SEC_632
1999;510;16-17;6;10;16;SEC_510
1997;203;35-49;55;60;115;SEC_203
1995;429;18-24;36;49;85;SEC_429
1996;622;18-24;80;81;161;SEC_622
1998;501;00-02;7;14;21;SEC_501
2003;537;75 i +;67;38;105;SEC_537
2008;103;18-24;16;24;40;SEC_103
2008;515;18-24;33;48;81;SEC_515
2008;214;75 i +;33;21;54;SEC_214
2012;227;50-64;67;52;119;SEC_227
1996;430;65-74;58;44;102;SEC_430
2015;114;12-15;22;31;53;SEC_114
1996;442;50-64;64;62;126;SEC_442
2012;517;00-02;22;24;46;SEC_517
2001;129;25-34;102;123;225;SEC_129
2010;506;16-17;15;18;33;SEC_506
2010;136;35-49;136;171;307;SEC_136
2011;601;03-11;51;59;110;SEC_601
2004;110;65-74;66;41;107;SEC_110
2007;309;65-74;36;25;61;SEC_309
2003;317;03-11;53;47;100;SEC_317
2007;138;03-11;34;18;52;SEC_138
2014;242;25-34;80;81;161;SEC_242
1995;429;50-64;66;45;111;SEC_429
1999;425;65-74;76;66;142;SEC_425
2011;314;03-11;83;98;181;SEC_314
2014;325;18-24;55;53;108;SEC_325
1999;211;50-64;93;77;170;SEC_211
1997;235;25-34;120;113;233;SEC_235
2006;529;18-24;52;50;102;SEC_529
2001;113;65-74;57;31;88;SEC_113
1994;404;65-74;68;46;114;SEC_404
2001;137;50-64;134;141;275;SEC_137
2016;317;16-17;12;10;22;SEC_317
2004;403;12-15;11;18;29;SEC_403
2003;112;65-74;67;53;120;SEC_112
2002;122;18-24;38;34;72;SEC_122
2011;239;75 i +;100;62;162;SEC_239
1996;404;03-11;45;39;84;SEC_404
2008;630;35-49;74;100;174;SEC_630
2013;426;25-34;85;84;169;SEC_426
2016;226;75 i +;124;74;198;SEC_226
1995;232;18-24;55;44;99;SEC_232
1994;247;75 i +;67;28;95;SEC_247
1997;512;75 i +;40;18;58;SEC_512
2009;127;65-74;38;34;72;SEC_127
2003;440;25-34;80;102;182;SEC_440
1996;530;65-74;97;72;169;SEC_530
2004;610;25-34;106;116;222;SEC_610
2001;106;12-15;47;32;79;SEC_106
2005;115;18-24;56;59;115;SEC_115
2003;428;00-02;10;6;16;SEC_428
2008;503;03-11;24;28;52;SEC_503
1999;519;35-49;37;47;84;SEC_519
2015;205;50-64;100;100;200;SEC_205
2005;125;25-34;147;148;295;SEC_125
1997;228;12-15;6;10;16;SEC_228
2012;125;35-49;229;231;460;SEC_125
1994;115;16-17;13;32;45;SEC_115
1997;208;18-24;85;89;174;SEC_208
2006;104;18-24;21;22;43;SEC_104
2010;214;16-17;15;6;21;SEC_214
2004;629;75 i +;29;15;44;SEC_629
2007;128;18-24;35;41;76;SEC_128
2009;402;50-64;61;62;123;SEC_402
2001;240;35-49;64;60;124;SEC_240
2003;240;12-15;9;17;26;SEC_240
1998;621;65-74;44;34;78;SEC_621
1996;515;03-11;27;23;50;SEC_515
2005;519;18-24;37;31;68;SEC_519
2016;506;03-11;61;66;127;SEC_506
2012;516;75 i +;48;23;71;SEC_516
2005;514;12-15;12;8;20;SEC_514
1996;536;16-17;9;10;19;SEC_536
1996;139;65-74;31;26;57;SEC_139
2014;125;03-11;81;78;159;SEC_125
2008;413;00-02;8;13;21;SEC_413
2005;310;16-17;5;11;16;SEC_310
2004;601;12-15;17;24;41;SEC_601
1999;110;50-64;159;153;312;SEC_110
2000;502;12-15;25;31;56;SEC_502
1997;119;35-49;176;153;329;SEC_119
1998;205;35-49;96;91;187;SEC_205
2013;317;75 i +;57;20;77;SEC_317
2012;431;75 i +;85;44;129;SEC_431
2004;305;25-34;115;125;240;SEC_305
2010;409;25-34;56;67;123;SEC_409
2011;438;65-74;61;48;109;SEC_438
2009;535;50-64;137;108;245;SEC_535
1998;519;75 i +;16;12;28;SEC_519
1998;101;50-64;90;82;172;SEC_101
1998;538;03-11;29;39;68;SEC_538
2010;215;75 i +;70;33;103;SEC_215
2012;221;12-15;13;17;30;SEC_221
2007;219;00-02;20;18;38;SEC_219
2013;102;00-02;15;15;30;SEC_102
2007;121;00-02;11;10;21;SEC_121
2001;127;03-11;28;30;58;SEC_127
1997;205;16-17;10;15;25;SEC_205
2004;533;16-17;15;10;25;SEC_533
1996;216;00-02;12;13;25;SEC_216
1997;205;00-02;10;9;19;SEC_205
2009;529;16-17;18;18;36;SEC_529
2006;529;16-17;7;17;24;SEC_529
2008;228;65-74;43;36;79;SEC_228
2009;436;50-64;48;66;114;SEC_436
2004;315;18-24;66;79;145;SEC_315
2010;424;18-24;24;27;51;SEC_424
2008;628;16-17;9;7;16;SEC_628
2002;232;50-64;91;80;171;SEC_232
2008;249;12-15;16;22;38;SEC_249
2003;218;25-34;58;68;126;SEC_218
2009;403;35-49;114;127;241;SEC_403
2011;305;00-02;20;23;43;SEC_305
2011;308;18-24;59;68;127;SEC_308
1999;303;50-64;223;190;413;SEC_303
1998;239;65-74;100;80;180;SEC_239
2000;323;35-49;446;410;856;SEC_323
2002;309;16-17;6;3;9;SEC_309
2005;139;25-34;93;99;192;SEC_139
2010;203;50-64;60;53;113;SEC_203
2005;122;50-64;92;66;158;SEC_122
1998;242;12-15;14;19;33;SEC_242
2002;506;12-15;35;39;74;SEC_506
2011;430;25-34;111;108;219;SEC_430
2001;522;03-11;23;14;37;SEC_522
2007;107;65-74;99;85;184;SEC_107
2010;316;75 i +;74;27;101;SEC_316
2012;614;18-24;24;30;54;SEC_614
2010;412;75 i +;92;82;174;SEC_412
2009;620;03-11;17;25;42;SEC_620
2013;305;35-49;176;181;357;SEC_305
1996;223;18-24;57;54;111;SEC_223
1995;504;65-74;60;54;114;SEC_504
1995;101;25-34;100;98;198;SEC_101
2002;307;12-15;23;34;57;SEC_307
2012;136;25-34;91;86;177;SEC_136
2005;243;35-49;203;198;401;SEC_243
1997;524;50-64;130;114;244;SEC_524
1997;249;65-74;75;63;138;SEC_249
2002;306;12-15;21;34;55;SEC_306
2014;441;16-17;25;21;46;SEC_441
1995;113;16-17;22;27;49;SEC_113
2001;632;16-17;6;16;22;SEC_632
1997;523;00-02;8;12;20;SEC_523
1998;318;75 i +;9;6;15;SEC_318
2014;220;50-64;155;126;281;SEC_220
1994;510;03-11;46;37;83;SEC_510
1995;621;75 i +;20;11;31;SEC_621
2008;434;18-24;34;37;71;SEC_434
2010;601;50-64;119;103;222;SEC_601
2015;223;12-15;24;24;48;SEC_223
2011;131;16-17;8;7;15;SEC_131
2009;202;35-49;87;111;198;SEC_202
1997;625;16-17;42;42;84;SEC_625
1994;402;18-24;64;59;123;SEC_402
2001;121;50-64;48;34;82;SEC_121
1994;228;18-24;51;46;97;SEC_228
2001;308;35-49;154;174;328;SEC_308
1996;520;75 i +;34;23;57;SEC_520
2001;140;25-34;80;91;171;SEC_140
1998;440;75 i +;56;33;89;SEC_440
2010;436;65-74;34;25;59;SEC_436
2015;533;00-02;32;34;66;SEC_533
2012;324;50-64;74;64;138;SEC_324
1996;410;50-64;208;187;395;SEC_410
1995;508;50-64;69;64;133;SEC_508
1994;415;75 i +;36;20;56;SEC_415
1997;322;18-24;83;79;162;SEC_322
2010;524;50-64;96;87;183;SEC_524
2005;123;18-24;60;45;105;SEC_123
2000;232;75 i +;68;35;103;SEC_232
1997;221;18-24;70;66;136;SEC_221
2009;128;00-02;14;14;28;SEC_128
1995;229;35-49;44;43;87;SEC_229
2016;201;75 i +;64;46;110;SEC_201
1997;421;03-11;28;36;64;SEC_421
2007;614;25-34;61;95;156;SEC_614
2011;620;75 i +;36;25;61;SEC_620
2006;420;65-74;77;65;142;SEC_420
2015;610;18-24;29;45;74;SEC_610
2004;234;18-24;26;40;66;SEC_234
2004;626;16-17;8;5;13;SEC_626
2007;437;50-64;67;53;120;SEC_437
2004;136;65-74;58;43;101;SEC_136
1995;537;18-24;89;90;179;SEC_537
1996;307;75 i +;38;22;60;SEC_307
2011;324;03-11;56;53;109;SEC_324
1997;406;16-17;17;15;32;SEC_406
2006;115;50-64;122;135;257;SEC_115
2015;310;25-34;72;64;136;SEC_310
2014;406;35-49;147;162;309;SEC_406
1996;515;18-24;36;35;71;SEC_515
2006;441;03-11;70;57;127;SEC_441
2015;426;75 i +;52;27;79;SEC_426
2003;516;18-24;29;28;57;SEC_516
2002;502;50-64;150;146;296;SEC_502
2001;619;50-64;160;139;299;SEC_619
2000;243;12-15;14;17;31;SEC_243
2016;426;50-64;69;83;152;SEC_426
2002;402;50-64;76;67;143;SEC_402
2013;612;25-34;50;48;98;SEC_612
2014;308;25-34;115;103;218;SEC_308
2003;627;50-64;135;154;289;SEC_627
2005;201;03-11;22;30;52;SEC_201
2003;237;00-02;18;18;36;SEC_237
1999;129;25-34;113;119;232;SEC_129
2003;304;35-49;124;162;286;SEC_304
1998;306;16-17;23;15;38;SEC_306
2016;503;00-02;5;10;15;SEC_503
2002;220;03-11;26;24;50;SEC_220
2016;106;65-74;124;138;262;SEC_106
2004;137;16-17;12;14;26;SEC_137
2008;119;00-02;14;17;31;SEC_119
2012;219;65-74;55;39;94;SEC_219
1999;318;50-64;63;70;133;SEC_318
2003;516;75 i +;22;11;33;SEC_516
2015;132;75 i +;112;72;184;SEC_132
2002;440;18-24;54;42;96;SEC_440
1999;531;25-34;80;82;162;SEC_531
2010;119;00-02;11;13;24;SEC_119
1998;218;16-17;9;7;16;SEC_218
2011;319;03-11;100;110;210;SEC_319
2008;201;35-49;93;114;207;SEC_201
2006;528;25-34;130;132;262;SEC_528
2010;404;35-49;152;181;333;SEC_404
1995;417;35-49;65;63;128;SEC_417
2011;434;03-11;31;36;67;SEC_434
1999;138;65-74;32;34;66;SEC_138
2009;609;50-64;101;60;161;SEC_609
2013;208;12-15;21;25;46;SEC_208
2001;614;50-64;140;119;259;SEC_614
2010;109;18-24;38;28;66;SEC_109
2003;126;18-24;45;32;77;SEC_126
2006;242;18-24;41;59;100;SEC_242
2007;314;00-02;28;30;58;SEC_314
2006;310;65-74;40;31;71;SEC_310
2010;403;35-49;113;137;250;SEC_403
2015;202;16-17;10;17;27;SEC_202
2015;405;75 i +;138;99;237;SEC_405
2010;312;35-49;227;224;451;SEC_312
2009;422;35-49;132;150;282;SEC_422
2014;302;16-17;5;4;9;SEC_302
2007;205;65-74;57;50;107;SEC_205
2004;303;00-02;10;14;24;SEC_303
2009;206;25-34;80;121;201;SEC_206
2003;416;65-74;53;57;110;SEC_416
2002;437;25-34;81;92;173;SEC_437
2013;234;16-17;10;7;17;SEC_234
2012;249;12-15;17;22;39;SEC_249
2002;318;03-11;31;43;74;SEC_318
2003;628;75 i +;40;18;58;SEC_628
1995;523;00-02;7;12;19;SEC_523
1994;226;50-64;112;86;198;SEC_226
2000;515;25-34;40;48;88;SEC_515
2014;134;12-15;28;25;53;SEC_134
2013;431;75 i +;90;44;134;SEC_431
1994;513;50-64;100;91;191;SEC_513
2014;124;25-34;58;45;103;SEC_124
2004;244;16-17;5;4;9;SEC_244
2016;423;18-24;44;28;72;SEC_423
2006;428;18-24;40;30;70;SEC_428
2007;211;18-24;69;79;148;SEC_211
2002;129;50-64;122;111;233;SEC_129
2014;538;16-17;8;15;23;SEC_538
1999;501;12-15;21;21;42;SEC_501
1997;306;65-74;103;76;179;SEC_306
2008;206;16-17;5;7;12;SEC_206
1999;101;50-64;97;88;185;SEC_101
2005;117;65-74;75;65;140;SEC_117
2013;201;35-49;172;173;345;SEC_201
2003;616;18-24;167;157;324;SEC_616
1999;420;12-15;15;23;38;SEC_420
2015;231;65-74;41;28;69;SEC_231
1994;428;35-49;36;42;78;SEC_428
2013;622;65-74;49;46;95;SEC_622
1998;209;03-11;15;39;54;SEC_209
2010;405;65-74;75;50;125;SEC_405
1994;229;12-15;8;11;19;SEC_229
2013;302;03-11;42;37;79;SEC_302
2009;629;65-74;36;34;70;SEC_629
2009;528;65-74;60;58;118;SEC_528
2000;324;35-49;81;78;159;SEC_324
1996;105;50-64;73;85;158;SEC_105
1995;211;25-34;118;118;236;SEC_211
2005;205;35-49;90;99;189;SEC_205
2013;432;12-15;24;21;45;SEC_432
2004;115;16-17;7;7;14;SEC_115
2001;520;18-24;37;48;85;SEC_520
2004;522;03-11;28;37;65;SEC_522
2011;214;50-64;52;42;94;SEC_214
2012;402;00-02;9;19;28;SEC_402
2009;416;12-15;14;11;25;SEC_416
2014;606;50-64;86;75;161;SEC_606
2012;409;75 i +;35;21;56;SEC_409
2002;427;03-11;22;32;54;SEC_427
2014;602;35-49;154;161;315;SEC_602
2001;607;16-17;8;10;18;SEC_607
1996;221;65-74;59;59;118;SEC_221
2015;625;12-15;21;23;44;SEC_625
2012;526;75 i +;34;16;50;SEC_526
2012;305;12-15;31;25;56;SEC_305
2002;323;18-24;180;210;390;SEC_323
2012;423;12-15;14;14;28;SEC_423
1995;226;18-24;67;56;123;SEC_226
2009;534;50-64;86;77;163;SEC_534
2002;535;03-11;28;30;58;SEC_535
1995;207;50-64;73;60;133;SEC_207
2013;232;00-02;15;23;38;SEC_232
2003;526;12-15;10;18;28;SEC_526
1995;605;00-02;3;10;13;SEC_605
1995;236;16-17;9;3;12;SEC_236
2015;430;25-34;84;94;178;SEC_430
2014;307;35-49;139;126;265;SEC_307
1995;320;03-11;20;18;38;SEC_320
2013;122;16-17;8;4;12;SEC_122
2010;609;03-11;31;29;60;SEC_609
1998;442;65-74;31;25;56;SEC_442
1995;128;16-17;20;16;36;SEC_128
2011;231;03-11;61;60;121;SEC_231
1996;620;35-49;77;65;142;SEC_620
2011;531;12-15;14;20;34;SEC_531
2007;121;03-11;28;38;66;SEC_121
2006;538;75 i +;70;38;108;SEC_538
2013;304;35-49;335;364;699;SEC_304
2011;522;12-15;11;22;33;SEC_522
1995;103;35-49;75;68;143;SEC_103
2011;222;12-15;21;14;35;SEC_222
2007;217;03-11;26;30;56;SEC_217
1998;203;18-24;24;32;56;SEC_203
2003;234;25-34;81;105;186;SEC_234
2002;124;18-24;46;41;87;SEC_124
2006;630;65-74;34;37;71;SEC_630
2009;127;50-64;70;71;141;SEC_127
1999;601;25-34;84;134;218;SEC_601
1997;414;12-15;13;24;37;SEC_414
2014;530;35-49;231;232;463;SEC_530
2015;320;03-11;77;74;151;SEC_320
2009;105;12-15;12;16;28;SEC_105
2002;405;03-11;25;25;50;SEC_405
1996;122;00-02;11;5;16;SEC_122
2004;236;25-34;107;133;240;SEC_236
2015;433;75 i +;87;40;127;SEC_433
2006;404;00-02;22;21;43;SEC_404
2000;524;16-17;9;13;22;SEC_524
2008;236;35-49;122;143;265;SEC_236
2007;525;18-24;44;47;91;SEC_525
1998;434;75 i +;49;34;83;SEC_434
2002;242;00-02;4;7;11;SEC_242
2010;209;18-24;39;56;95;SEC_209
2003;623;50-64;222;192;414;SEC_623
2006;322;03-11;46;57;103;SEC_322
1994;414;35-49;82;79;161;SEC_414
2011;230;03-11;50;39;89;SEC_230
2009;201;03-11;35;43;78;SEC_201
1997;408;75 i +;28;19;47;SEC_408
2013;414;03-11;96;79;175;SEC_414
2013;115;03-11;50;54;104;SEC_115
2008;140;03-11;30;40;70;SEC_140
2001;529;50-64;104;92;196;SEC_529
1999;514;12-15;18;9;27;SEC_514
2003;203;00-02;11;16;27;SEC_203
2001;119;25-34;111;127;238;SEC_119
1998;226;12-15;19;16;35;SEC_226
2007;404;16-17;21;20;41;SEC_404
2010;629;50-64;48;49;97;SEC_629
1999;305;00-02;14;17;31;SEC_305
1998;241;65-74;72;46;118;SEC_241
1999;619;50-64;172;161;333;SEC_619
1997;410;00-02;16;16;32;SEC_410
1996;521;35-49;157;112;269;SEC_521
1998;229;18-24;32;35;67;SEC_229
1999;112;50-64;146;143;289;SEC_112
2002;403;50-64;146;117;263;SEC_403
2014;140;16-17;4;15;19;SEC_140
2011;417;16-17;6;11;17;SEC_417
2009;305;65-74;50;51;101;SEC_305
2012;207;75 i +;61;26;87;SEC_207
2001;514;75 i +;35;17;52;SEC_514
2004;243;25-34;155;121;276;SEC_243
1996;406;50-64;143;137;280;SEC_406
2009;214;12-15;21;12;33;SEC_214
2009;211;18-24;55;59;114;SEC_211
2014;411;25-34;62;48;110;SEC_411
2008;125;00-02;29;25;54;SEC_125
2014;313;50-64;223;187;410;SEC_313
1998;501;18-24;123;133;256;SEC_501
1994;122;75 i +;35;14;49;SEC_122
1996;243;12-15;27;18;45;SEC_243
2007;616;65-74;70;66;136;SEC_616
2010;120;25-34;104;125;229;SEC_120
1997;521;12-15;21;21;42;SEC_521
2015;303;16-17;10;11;21;SEC_303
2009;530;16-17;13;12;25;SEC_530
1997;514;00-02;8;10;18;SEC_514
1998;606;03-11;44;48;92;SEC_606
2004;605;25-34;62;67;129;SEC_605
2014;617;16-17;8;11;19;SEC_617
1997;622;18-24;76;76;152;SEC_622
1996;315;16-17;21;28;49;SEC_315
1994;214;16-17;11;10;21;SEC_214
2011;211;00-02;19;23;42;SEC_211
2003;303;16-17;7;10;17;SEC_303
2013;140;16-17;3;11;14;SEC_140
2000;439;00-02;11;16;27;SEC_439
1998;424;00-02;7;4;11;SEC_424
2006;611;35-49;194;237;431;SEC_611
2015;617;16-17;8;10;18;SEC_617
2006;602;12-15;4;9;13;SEC_602
2007;626;18-24;34;29;63;SEC_626
2012;126;12-15;21;20;41;SEC_126
1995;322;12-15;36;29;65;SEC_322
2012;137;75 i +;59;36;95;SEC_137
2012;120;03-11;55;98;153;SEC_120
1996;236;35-49;90;79;169;SEC_236
2011;609;65-74;72;81;153;SEC_609
2013;102;12-15;29;24;53;SEC_102
2010;130;16-17;10;3;13;SEC_130
2004;303;16-17;7;9;16;SEC_303
2005;519;12-15;7;16;23;SEC_519
2006;418;12-15;20;20;40;SEC_418
2001;423;03-11;30;31;61;SEC_423
1995;303;12-15;28;29;57;SEC_303
2007;207;03-11;23;28;51;SEC_207
2010;245;75 i +;79;40;119;SEC_245
1995;245;16-17;8;18;26;SEC_245
1995;234;00-02;8;9;17;SEC_234
2015;427;35-49;237;227;464;SEC_427
2016;102;25-34;62;55;117;SEC_102
2010;207;50-64;79;60;139;SEC_207
2007;222;75 i +;40;20;60;SEC_222
2008;235;00-02;33;23;56;SEC_235
2003;302;16-17;10;8;18;SEC_302
2011;627;35-49;88;105;193;SEC_627
2011;249;75 i +;74;43;117;SEC_249
1996;419;50-64;79;72;151;SEC_419
2007;605;50-64;62;40;102;SEC_605
2001;632;50-64;94;83;177;SEC_632
1997;125;50-64;112;136;248;SEC_125
2004;628;50-64;145;125;270;SEC_628
1998;312;03-11;50;36;86;SEC_312
1996;117;12-15;59;67;126;SEC_117
2013;216;12-15;22;9;31;SEC_216
2007;138;25-34;76;59;135;SEC_138
2012;211;25-34;114;134;248;SEC_211
1994;521;03-11;42;40;82;SEC_521
2011;419;25-34;77;76;153;SEC_419
1995;421;12-15;32;24;56;SEC_421
2008;521;18-24;38;24;62;SEC_521
2004;232;03-11;34;25;59;SEC_232
2012;242;50-64;87;86;173;SEC_242
2011;617;16-17;8;9;17;SEC_617
1994;421;18-24;91;77;168;SEC_421
2003;309;03-11;22;35;57;SEC_309
2008;311;25-34;113;139;252;SEC_311
2015;632;35-49;112;123;235;SEC_632
2000;523;25-34;101;110;211;SEC_523
1996;201;16-17;11;9;20;SEC_201
1995;205;03-11;28;39;67;SEC_205
2009;104;03-11;37;40;77;SEC_104
2003;420;65-74;79;68;147;SEC_420
2006;224;50-64;40;50;90;SEC_224
2010;629;35-49;56;68;124;SEC_629
2009;417;25-34;78;63;141;SEC_417
2004;412;25-34;137;174;311;SEC_412
1996;121;50-64;94;61;155;SEC_121
2000;409;18-24;41;41;82;SEC_409
1995;103;12-15;22;22;44;SEC_103
1998;303;18-24;108;105;213;SEC_303
2000;107;12-15;28;31;59;SEC_107
2009;427;75 i +;55;33;88;SEC_427
2005;124;00-02;13;10;23;SEC_124
2008;531;25-34;91;97;188;SEC_531
2001;502;65-74;74;61;135;SEC_502
2000;248;03-11;36;38;74;SEC_248
2012;423;16-17;8;5;13;SEC_423
2016;106;25-34;96;107;203;SEC_106
2001;408;03-11;18;29;47;SEC_408
2016;437;16-17;18;20;38;SEC_437
2015;414;25-34;145;141;286;SEC_414
2012;420;18-24;56;52;108;SEC_420
2000;614;18-24;55;53;108;SEC_614
1997;207;03-11;21;21;42;SEC_207
2007;517;18-24;57;59;116;SEC_517
2015;132;00-02;24;28;52;SEC_132
2014;114;03-11;46;64;110;SEC_114
1995;502;25-34;112;125;237;SEC_502
1999;436;50-64;68;60;128;SEC_436
1994;219;16-17;4;13;17;SEC_219
1995;308;00-02;7;13;20;SEC_308
2001;435;65-74;98;52;150;SEC_435
2006;524;18-24;53;54;107;SEC_524
2005;440;50-64;121;103;224;SEC_440
2000;224;03-11;21;19;40;SEC_224
1998;415;12-15;9;12;21;SEC_415
2005;417;50-64;54;47;101;SEC_417
2003;436;16-17;10;6;16;SEC_436
2006;210;00-02;14;5;19;SEC_210
1994;113;12-15;43;50;93;SEC_113
1996;617;18-24;86;117;203;SEC_617
2004;402;03-11;33;30;63;SEC_402
2002;419;35-49;67;92;159;SEC_419
2005;102;00-02;16;25;41;SEC_102
2012;308;03-11;101;97;198;SEC_308
2009;208;03-11;50;54;104;SEC_208
1998;130;00-02;6;12;18;SEC_130
2011;604;03-11;24;31;55;SEC_604
1997;322;16-17;14;22;36;SEC_322
2004;623;75 i +;53;32;85;SEC_623
2011;101;12-15;32;29;61;SEC_101
2011;212;50-64;108;110;218;SEC_212
2004;622;35-49;95;85;180;SEC_622
2015;214;25-34;188;181;369;SEC_214
1999;427;25-34;63;74;137;SEC_427
1994;137;03-11;64;60;124;SEC_137
2003;613;75 i +;43;19;62;SEC_613
2012;427;50-64;71;62;133;SEC_427
2009;222;35-49;130;148;278;SEC_222
2006;432;50-64;156;158;314;SEC_432
2009;615;00-02;12;13;25;SEC_615
2000;236;35-49;90;90;180;SEC_236
2014;233;25-34;86;86;172;SEC_233
2004;412;75 i +;71;45;116;SEC_412
2016;237;12-15;22;37;59;SEC_237
2010;117;25-34;151;167;318;SEC_117
2011;617;75 i +;57;33;90;SEC_617
2000;503;25-34;60;61;121;SEC_503
2005;225;12-15;8;10;18;SEC_225
1996;533;16-17;8;7;15;SEC_533
2003;608;50-64;84;71;155;SEC_608
2005;501;12-15;20;19;39;SEC_501
2013;601;18-24;74;77;151;SEC_601
2012;123;00-02;15;18;33;SEC_123
2015;410;00-02;14;13;27;SEC_410
1995;140;65-74;53;51;104;SEC_140
1995;221;18-24;80;65;145;SEC_221
1996;110;00-02;10;15;25;SEC_110
2004;130;12-15;13;22;35;SEC_130
2007;311;12-15;14;25;39;SEC_311
2016;612;50-64;65;70;135;SEC_612
1997;211;18-24;33;51;84;SEC_211
1996;527;16-17;6;13;19;SEC_527
1995;323;12-15;109;115;224;SEC_323
1998;419;50-64;72;69;141;SEC_419
2016;621;12-15;17;28;45;SEC_621
2007;140;03-11;33;38;71;SEC_140
2014;425;03-11;40;50;90;SEC_425
2003;222;00-02;8;9;17;SEC_222
2013;301;25-34;180;189;369;SEC_301
2011;133;65-74;44;39;83;SEC_133
2013;502;12-15;30;23;53;SEC_502
2012;229;75 i +;51;37;88;SEC_229
2009;514;00-02;14;16;30;SEC_514
2015;228;75 i +;132;96;228;SEC_228
1999;435;18-24;43;48;91;SEC_435
2001;511;00-02;11;8;19;SEC_511
2007;430;25-34;116;144;260;SEC_430
2008;432;75 i +;65;47;112;SEC_432
1999;625;65-74;31;37;68;SEC_625
2001;235;35-49;107;114;221;SEC_235
1997;409;50-64;88;81;169;SEC_409
2012;523;00-02;20;19;39;SEC_523
2006;228;03-11;15;19;34;SEC_228
2010;237;03-11;65;68;133;SEC_237
2005;433;00-02;23;18;41;SEC_433
2016;312;35-49;222;247;469;SEC_312
2015;537;00-02;20;16;36;SEC_537
1997;122;65-74;47;33;80;SEC_122
2003;430;25-34;85;105;190;SEC_430
2002;626;65-74;64;60;124;SEC_626
2000;533;03-11;32;23;55;SEC_533
1996;127;18-24;27;30;57;SEC_127
1999;411;75 i +;48;29;77;SEC_411
2009;528;16-17;9;12;21;SEC_528
2001;537;18-24;71;63;134;SEC_537
2000;209;12-15;8;14;22;SEC_209
2016;409;50-64;175;151;326;SEC_409
2007;201;16-17;4;4;8;SEC_201
2005;627;03-11;35;29;64;SEC_627
2007;230;18-24;48;43;91;SEC_230
2002;516;03-11;29;28;57;SEC_516
2006;614;75 i +;40;27;67;SEC_614
2002;236;16-17;7;7;14;SEC_236
2016;207;16-17;15;18;33;SEC_207
2009;604;12-15;15;15;30;SEC_604
1994;126;35-49;144;111;255;SEC_126
2009;615;12-15;10;19;29;SEC_615
2005;425;25-34;93;85;178;SEC_425
2007;131;25-34;135;142;277;SEC_131
1999;404;12-15;22;19;41;SEC_404
2006;136;12-15;15;19;34;SEC_136
2000;523;65-74;93;84;177;SEC_523
2007;228;75 i +;41;27;68;SEC_228
1995;616;12-15;71;58;129;SEC_616
2016;537;18-24;55;49;104;SEC_537
2006;304;50-64;110;106;216;SEC_304
2004;527;16-17;9;10;19;SEC_527
2009;632;25-34;66;74;140;SEC_632
1998;435;75 i +;91;45;136;SEC_435
2014;109;65-74;63;60;123;SEC_109
2012;110;18-24;32;39;71;SEC_110
2001;521;03-11;21;31;52;SEC_521
2002;249;03-11;30;34;64;SEC_249
2008;509;12-15;16;25;41;SEC_509
2015;431;18-24;60;64;124;SEC_431
2000;241;35-49;67;64;131;SEC_241
2010;523;65-74;88;71;159;SEC_523
2009;103;75 i +;40;27;67;SEC_103
1999;247;35-49;106;113;219;SEC_247
1994;412;00-02;14;16;30;SEC_412
2002;406;25-34;98;119;217;SEC_406
2006;315;75 i +;65;33;98;SEC_315
1997;434;16-17;6;5;11;SEC_434
1994;425;65-74;67;58;125;SEC_425
2008;247;16-17;15;12;27;SEC_247
2013;437;35-49;178;226;404;SEC_437
2004;408;16-17;11;7;18;SEC_408
2007;222;03-11;44;31;75;SEC_222
1999;617;16-17;13;15;28;SEC_617
2005;201;00-02;13;7;20;SEC_201
2014;525;65-74;41;33;74;SEC_525
1995;127;75 i +;28;14;42;SEC_127
2009;622;75 i +;38;10;48;SEC_622
2003;139;00-02;14;17;31;SEC_139
2000;242;12-15;12;19;31;SEC_242
2010;309;16-17;6;7;13;SEC_309
2007;247;75 i +;77;42;119;SEC_247
1995;423;18-24;59;69;128;SEC_423
2002;401;35-49;138;136;274;SEC_401
2001;621;50-64;200;226;426;SEC_621
2010;213;12-15;11;19;30;SEC_213
1998;616;00-02;26;31;57;SEC_616
2006;602;00-02;5;5;10;SEC_602
2009;221;18-24;47;49;96;SEC_221
1996;426;50-64;81;76;157;SEC_426
2014;423;25-34;72;82;154;SEC_423
1995;622;75 i +;32;14;46;SEC_622
1996;435;25-34;62;80;142;SEC_435
1996;211;16-17;8;10;18;SEC_211
2016;139;00-02;8;16;24;SEC_139
2007;204;03-11;17;15;32;SEC_204
2007;507;65-74;44;38;82;SEC_507
1995;237;18-24;61;86;147;SEC_237
2004;439;00-02;14;28;42;SEC_439
2004;319;50-64;120;129;249;SEC_319
2002;129;18-24;71;51;122;SEC_129
2010;533;75 i +;50;37;87;SEC_533
2007;318;75 i +;29;14;43;SEC_318
2003;241;25-34;74;74;148;SEC_241
2008;107;35-49;179;211;390;SEC_107
1997;305;75 i +;70;39;109;SEC_305
2010;431;35-49;185;223;408;SEC_431
2005;246;00-02;18;20;38;SEC_246
1994;119;35-49;218;184;402;SEC_119
2004;405;75 i +;46;33;79;SEC_405
2014;242;75 i +;77;57;134;SEC_242
2013;610;03-11;43;36;79;SEC_610
2015;419;03-11;77;120;197;SEC_419
2015;229;25-34;147;138;285;SEC_229
2009;431;75 i +;83;39;122;SEC_431
2013;237;65-74;65;45;110;SEC_237
2000;423;18-24;44;48;92;SEC_423
2005;420;18-24;61;65;126;SEC_420
2006;522;03-11;40;41;81;SEC_522
1998;113;12-15;41;38;79;SEC_113
2006;408;12-15;13;14;27;SEC_408
2007;202;35-49;93;101;194;SEC_202
1994;314;50-64;119;125;244;SEC_314
2011;418;65-74;79;59;138;SEC_418
1994;234;12-15;15;14;29;SEC_234
2014;406;25-34;99;85;184;SEC_406
1996;108;50-64;107;98;205;SEC_108
2005;612;50-64;132;100;232;SEC_612
2000;240;00-02;6;8;14;SEC_240
1997;411;25-34;67;67;134;SEC_411
2001;136;16-17;11;9;20;SEC_136
2001;235;00-02;19;14;33;SEC_235
2006;206;25-34;92;119;211;SEC_206
2003;401;75 i +;55;33;88;SEC_401
2011;237;25-34;147;119;266;SEC_237
2012;601;12-15;14;15;29;SEC_601
2013;631;75 i +;61;40;101;SEC_631
2002;508;03-11;13;25;38;SEC_508
2015;437;03-11;61;76;137;SEC_437
2005;325;18-24;64;57;121;SEC_325
1999;434;25-34;33;34;67;SEC_434
2016;414;35-49;247;229;476;SEC_414
2007;307;50-64;217;186;403;SEC_307
2003;308;25-34;204;179;383;SEC_308
2000;504;00-02;7;8;15;SEC_504
2011;225;25-34;44;53;97;SEC_225
2011;605;12-15;5;7;12;SEC_605
2004;530;35-49;148;175;323;SEC_530
2000;534;00-02;10;6;16;SEC_534
1995;118;25-34;131;131;262;SEC_118
2006;536;75 i +;65;49;114;SEC_536
2005;103;50-64;59;65;124;SEC_103
2008;426;25-34;115;133;248;SEC_426
1999;319;35-49;108;89;197;SEC_319
2002;428;03-11;17;21;38;SEC_428
2004;506;18-24;80;100;180;SEC_506
2011;520;12-15;10;12;22;SEC_520
2010;419;50-64;53;52;105;SEC_419
2009;410;00-02;20;17;37;SEC_410
2001;501;25-34;93;128;221;SEC_501
2012;318;03-11;20;37;57;SEC_318
2004;225;65-74;34;24;58;SEC_225
2005;530;00-02;18;14;32;SEC_530
2008;230;00-02;17;23;40;SEC_230
2001;507;50-64;90;93;183;SEC_507
2015;234;50-64;89;88;177;SEC_234
2008;126;75 i +;60;30;90;SEC_126
2011;222;75 i +;44;28;72;SEC_222
2012;211;50-64;106;96;202;SEC_211
2011;318;75 i +;28;19;47;SEC_318
2000;313;35-49;232;212;444;SEC_313
2005;238;75 i +;63;34;97;SEC_238
2009;411;03-11;30;30;60;SEC_411
2009;302;25-34;128;143;271;SEC_302
2005;404;18-24;71;64;135;SEC_404
1997;536;03-11;30;25;55;SEC_536
2011;422;18-24;41;53;94;SEC_422
2013;617;12-15;16;14;30;SEC_617
1997;238;00-02;3;4;7;SEC_238
2000;137;00-02;13;18;31;SEC_137
2001;530;50-64;112;88;200;SEC_530
1994;108;18-24;68;64;132;SEC_108
2012;118;35-49;196;193;389;SEC_118
2008;113;16-17;9;16;25;SEC_113
2006;126;12-15;12;6;18;SEC_126
2009;522;12-15;10;22;32;SEC_522
2008;525;03-11;34;34;68;SEC_525
2012;521;12-15;16;11;27;SEC_521
1996;519;12-15;9;14;23;SEC_519
1998;532;35-49;113;97;210;SEC_532
2014;534;65-74;57;48;105;SEC_534
2001;625;35-49;181;166;347;SEC_625
2003;306;16-17;20;23;43;SEC_306
2003;611;75 i +;66;34;100;SEC_611
1999;418;75 i +;61;41;102;SEC_418
2000;104;75 i +;63;37;100;SEC_104
2008;131;00-02;19;24;43;SEC_131
1996;204;00-02;6;6;12;SEC_204
2007;533;50-64;57;54;111;SEC_533
2006;301;00-02;38;47;85;SEC_301
2015;103;18-24;24;21;45;SEC_103
2000;104;18-24;34;36;70;SEC_104
2015;205;25-34;71;86;157;SEC_205
2007;233;25-34;91;101;192;SEC_233
2001;420;12-15;14;23;37;SEC_420
2006;431;75 i +;86;42;128;SEC_431
2015;108;65-74;62;58;120;SEC_108
2009;245;12-15;12;26;38;SEC_245
1994;102;75 i +;64;25;89;SEC_102
1994;432;16-17;20;26;46;SEC_432
2010;438;18-24;29;27;56;SEC_438
2003;137;35-49;165;153;318;SEC_137
2006;325;35-49;205;184;389;SEC_325
2014;532;50-64;117;85;202;SEC_532
1995;518;65-74;48;52;100;SEC_518
2000;502;03-11;48;27;75;SEC_502
1996;303;03-11;36;48;84;SEC_303
2006;618;35-49;70;66;136;SEC_618
2005;221;03-11;38;36;74;SEC_221
2005;116;12-15;22;24;46;SEC_116
2011;303;00-02;20;19;39;SEC_303
2001;428;00-02;3;5;8;SEC_428
2013;101;35-49;307;296;603;SEC_101
2003;436;03-11;44;42;86;SEC_436
1997;425;50-64;101;89;190;SEC_425
2006;413;03-11;22;20;42;SEC_413
2008;135;16-17;12;8;20;SEC_135
2010;136;50-64;118;102;220;SEC_136
2001;324;65-74;51;35;86;SEC_324
1994;224;50-64;58;57;115;SEC_224
2004;511;50-64;50;44;94;SEC_511
1994;405;12-15;14;13;27;SEC_405
2014;106;03-11;58;64;122;SEC_106
1997;319;35-49;109;93;202;SEC_319
2012;219;12-15;30;23;53;SEC_219
1999;629;16-17;8;10;18;SEC_629
2009;241;75 i +;76;26;102;SEC_241
1996;102;75 i +;67;31;98;SEC_102
2011;504;50-64;88;69;157;SEC_504
1999;129;12-15;23;21;44;SEC_129
2013;422;18-24;41;38;79;SEC_422
2014;505;75 i +;82;66;148;SEC_505
2004;429;65-74;54;23;77;SEC_429
1997;103;50-64;71;65;136;SEC_103
2004;414;75 i +;55;38;93;SEC_414
2005;124;75 i +;34;21;55;SEC_124
2007;442;03-11;35;22;57;SEC_442
1996;226;25-34;65;75;140;SEC_226
2007;424;03-11;21;31;52;SEC_424
1995;311;00-02;6;17;23;SEC_311
2000;133;16-17;12;11;23;SEC_133
2010;205;25-34;90;84;174;SEC_205
2011;306;03-11;62;58;120;SEC_306
2011;409;03-11;26;29;55;SEC_409
1997;229;65-74;56;40;96;SEC_229
2005;311;12-15;14;29;43;SEC_311
2005;625;65-74;54;55;109;SEC_625
2005;532;65-74;78;73;151;SEC_532
1996;226;00-02;6;5;11;SEC_226
2001;624;03-11;34;32;66;SEC_624
2012;601;16-17;11;11;22;SEC_601
2002;524;50-64;103;79;182;SEC_524
2012;117;00-02;24;29;53;SEC_117
1999;102;03-11;47;61;108;SEC_102
2004;401;50-64;88;92;180;SEC_401
1996;224;35-49;57;59;116;SEC_224
1999;203;25-34;59;56;115;SEC_203
2016;529;16-17;10;20;30;SEC_529
2014;627;16-17;12;7;19;SEC_627
2014;321;16-17;22;13;35;SEC_321
1995;533;12-15;15;17;32;SEC_533
2003;431;65-74;87;69;156;SEC_431
2012;520;65-74;41;36;77;SEC_520
2004;624;00-02;16;12;28;SEC_624
2000;410;75 i +;71;47;118;SEC_410
2011;615;75 i +;38;33;71;SEC_615
2015;118;75 i +;59;50;109;SEC_118
2004;114;50-64;190;182;372;SEC_114
2016;502;03-11;75;75;150;SEC_502
1998;304;50-64;113;109;222;SEC_304
1994;603;65-74;25;23;48;SEC_603
2007;232;00-02;14;10;24;SEC_232
1996;527;35-49;82;87;169;SEC_527
2000;608;16-17;10;8;18;SEC_608
2004;607;03-11;34;43;77;SEC_607
2014;302;18-24;33;43;76;SEC_302
2006;537;50-64;138;105;243;SEC_537
2014;420;03-11;96;72;168;SEC_420
2010;411;35-49;110;111;221;SEC_411
1997;422;75 i +;58;38;96;SEC_422
2001;509;25-34;56;88;144;SEC_509
2003;507;03-11;19;30;49;SEC_507
2000;230;50-64;70;58;128;SEC_230
2006;232;50-64;86;88;174;SEC_232
2012;615;12-15;12;17;29;SEC_615
2012;311;00-02;20;16;36;SEC_311
2001;632;75 i +;27;12;39;SEC_632
1996;414;18-24;51;57;108;SEC_414
2016;318;18-24;21;30;51;SEC_318
1994;211;16-17;9;13;22;SEC_211
1994;228;50-64;70;79;149;SEC_228
1997;218;75 i +;38;17;55;SEC_218
2013;537;16-17;9;6;15;SEC_537
2016;618;65-74;106;74;180;SEC_618
1994;249;12-15;18;23;41;SEC_249
2012;134;50-64;130;117;247;SEC_134
2001;533;18-24;33;44;77;SEC_533
2005;414;18-24;25;41;66;SEC_414
1995;625;12-15;76;72;148;SEC_625
2016;226;50-64;165;136;301;SEC_226
2006;133;65-74;44;38;82;SEC_133
1998;311;35-49;129;109;238;SEC_311
2001;629;75 i +;26;8;34;SEC_629
1995;624;65-74;28;29;57;SEC_624
2003;405;12-15;11;11;22;SEC_405
2015;108;12-15;30;17;47;SEC_108
2004;626;25-34;71;94;165;SEC_626
2000;201;35-49;54;52;106;SEC_201
2003;440;03-11;32;30;62;SEC_440
2006;528;65-74;61;61;122;SEC_528
2002;407;35-49;98;104;202;SEC_407
2008;532;35-49;141;169;310;SEC_532
2002;236;00-02;16;14;30;SEC_236
2015;530;25-34;136;117;253;SEC_530
2011;432;00-02;12;18;30;SEC_432
2005;319;50-64;128;133;261;SEC_319
1998;438;50-64;111;107;218;SEC_438
2004;232;35-49;107;109;216;SEC_232
2009;216;00-02;16;15;31;SEC_216
1997;307;50-64;157;145;302;SEC_307
2009;422;16-17;10;17;27;SEC_422
2012;418;75 i +;75;59;134;SEC_418
2016;101;00-02;39;29;68;SEC_101
2016;421;35-49;161;163;324;SEC_421
1994;532;18-24;101;111;212;SEC_532
1998;112;12-15;36;31;67;SEC_112
1997;311;18-24;79;86;165;SEC_311
2002;125;18-24;51;90;141;SEC_125
2006;432;35-49;117;122;239;SEC_432
2007;414;65-74;48;48;96;SEC_414
2015;307;75 i +;83;71;154;SEC_307
2000;129;35-49;99;110;209;SEC_129
1995;314;12-15;84;74;158;SEC_314
2005;502;35-49;142;151;293;SEC_502
1998;503;16-17;17;19;36;SEC_503
2007;208;75 i +;141;88;229;SEC_208
2000;605;16-17;1;3;4;SEC_605
2001;305;35-49;215;199;414;SEC_305
2015;323;00-02;19;22;41;SEC_323
1994;133;75 i +;41;25;66;SEC_133
2010;624;12-15;15;12;27;SEC_624
2006;204;25-34;50;68;118;SEC_204
1999;134;18-24;51;77;128;SEC_134
1995;411;35-49;99;97;196;SEC_411
1995;618;25-34;44;43;87;SEC_618
2002;208;03-11;40;45;85;SEC_208
2002;245;50-64;79;59;138;SEC_245
2004;431;03-11;54;69;123;SEC_431
2011;103;03-11;30;39;69;SEC_103
2007;516;00-02;13;10;23;SEC_516
2001;122;12-15;9;8;17;SEC_122
1996;524;35-49;93;97;190;SEC_524
1997;304;35-49;97;99;196;SEC_304
2004;242;00-02;14;8;22;SEC_242
2002;136;65-74;57;48;105;SEC_136
1999;119;65-74;69;58;127;SEC_119
2014;201;75 i +;63;42;105;SEC_201
2012;234;03-11;30;36;66;SEC_234
2015;214;12-15;36;44;80;SEC_214
2001;429;03-11;11;27;38;SEC_429
1996;628;00-02;9;6;15;SEC_628
1996;129;50-64;106;123;229;SEC_129
1996;605;00-02;2;8;10;SEC_605
2008;134;00-02;18;23;41;SEC_134
1995;219;03-11;43;36;79;SEC_219
2005;203;12-15;10;14;24;SEC_203
2009;240;75 i +;61;33;94;SEC_240
2015;514;65-74;53;31;84;SEC_514
2005;124;18-24;43;38;81;SEC_124
2016;517;00-02;31;35;66;SEC_517
2012;411;50-64;82;69;151;SEC_411
1998;125;03-11;38;38;76;SEC_125
1997;318;03-11;48;57;105;SEC_318
2012;532;03-11;56;45;101;SEC_532
2016;314;50-64;272;249;521;SEC_314
2015;208;12-15;17;27;44;SEC_208
1997;510;03-11;31;37;68;SEC_510
2014;238;00-02;19;21;40;SEC_238
1997;502;12-15;36;32;68;SEC_502
2004;128;25-34;107;112;219;SEC_128
2001;305;03-11;56;41;97;SEC_305
2013;422;35-49;137;157;294;SEC_422
2016;420;65-74;87;64;151;SEC_420
1997;249;35-49;92;91;183;SEC_249
2000;537;16-17;14;13;27;SEC_537
1994;529;18-24;63;76;139;SEC_529
2014;530;00-02;13;39;52;SEC_530
1994;311;18-24;84;105;189;SEC_311
1999;321;50-64;216;233;449;SEC_321
2003;133;03-11;23;29;52;SEC_133
2000;631;65-74;47;51;98;SEC_631
2015;525;50-64;63;62;125;SEC_525
2003;442;65-74;26;24;50;SEC_442
2007;212;18-24;60;76;136;SEC_212
2010;115;12-15;24;19;43;SEC_115
2007;426;75 i +;55;33;88;SEC_426
2012;239;16-17;11;8;19;SEC_239
1997;433;65-74;53;42;95;SEC_433
2015;246;18-24;60;38;98;SEC_246
2011;520;03-11;39;36;75;SEC_520
2011;249;50-64;91;77;168;SEC_249
2006;111;65-74;55;48;103;SEC_111
2000;104;35-49;70;67;137;SEC_104
2006;116;18-24;60;54;114;SEC_116
1994;124;00-02;2;11;13;SEC_124
2006;248;03-11;52;49;101;SEC_248
2007;526;18-24;22;31;53;SEC_526
2012;506;18-24;59;78;137;SEC_506
2013;414;12-15;40;31;71;SEC_414
1994;128;12-15;32;29;61;SEC_128
2001;532;00-02;14;12;26;SEC_532
2011;531;35-49;123;141;264;SEC_531
1995;240;00-02;4;10;14;SEC_240
1998;119;16-17;21;21;42;SEC_119
2010;129;65-74;65;69;134;SEC_129
2005;119;16-17;6;8;14;SEC_119
2004;325;65-74;119;86;205;SEC_325
1996;406;03-11;55;50;105;SEC_406
2010;613;50-64;106;64;170;SEC_613
1999;424;12-15;14;9;23;SEC_424
1999;115;25-34;95;119;214;SEC_115
2013;204;65-74;66;56;122;SEC_204
1994;433;75 i +;32;18;50;SEC_433
1999;234;65-74;91;52;143;SEC_234
1999;107;25-34;156;198;354;SEC_107
2000;125;18-24;72;97;169;SEC_125
2014;226;03-11;74;65;139;SEC_226
2005;411;03-11;22;21;43;SEC_411
2004;601;50-64;164;140;304;SEC_601
2013;239;12-15;16;26;42;SEC_239
2009;629;12-15;5;8;13;SEC_629
2008;248;16-17;13;11;24;SEC_248
2008;308;03-11;102;119;221;SEC_308
2009;502;50-64;146;136;282;SEC_502
1995;234;65-74;86;56;142;SEC_234
1995;415;00-02;7;6;13;SEC_415
1995;437;00-02;12;11;23;SEC_437
2006;303;12-15;16;18;34;SEC_303
1999;513;12-15;8;12;20;SEC_513
2000;233;18-24;33;30;63;SEC_233
2001;105;03-11;35;61;96;SEC_105
1999;523;16-17;21;19;40;SEC_523
1998;309;65-74;29;29;58;SEC_309
2005;538;12-15;13;12;25;SEC_538
2001;121;00-02;11;18;29;SEC_121
2011;532;00-02;24;22;46;SEC_532
1996;223;75 i +;50;23;73;SEC_223
1994;609;00-02;7;9;16;SEC_609
2011;204;65-74;23;17;40;SEC_204
1998;234;18-24;30;36;66;SEC_234
2004;532;18-24;61;60;121;SEC_532
1994;102;16-17;25;37;62;SEC_102
1999;120;50-64;121;135;256;SEC_120
2002;125;35-49;139;131;270;SEC_125
2015;602;25-34;61;55;116;SEC_602
2008;612;75 i +;51;33;84;SEC_612
2004;612;50-64;146;118;264;SEC_612
2008;616;50-64;253;237;490;SEC_616
2002;320;12-15;15;14;29;SEC_320
2000;124;65-74;47;41;88;SEC_124
1999;113;35-49;206;169;375;SEC_113
2009;501;03-11;41;47;88;SEC_501
2012;138;00-02;9;10;19;SEC_138
1997;604;00-02;13;11;24;SEC_604
2013;532;75 i +;91;63;154;SEC_532
2001;136;03-11;37;48;85;SEC_136
1997;135;18-24;82;102;184;SEC_135
1998;529;35-49;82;82;164;SEC_529
2000;403;18-24;59;65;124;SEC_403
1999;615;75 i +;23;14;37;SEC_615
2001;409;75 i +;25;14;39;SEC_409
1999;315;16-17;20;19;39;SEC_315
2011;219;03-11;49;46;95;SEC_219
2010;612;25-34;61;82;143;SEC_612
2010;614;16-17;9;10;19;SEC_614
2012;508;03-11;32;30;62;SEC_508
1994;606;16-17;14;17;31;SEC_606
2002;510;18-24;44;54;98;SEC_510
2006;605;00-02;10;5;15;SEC_605
2008;532;50-64;116;81;197;SEC_532
1999;313;35-49;233;216;449;SEC_313
2006;134;35-49;153;146;299;SEC_134
2007;602;00-02;7;6;13;SEC_602
1996;415;18-24;30;36;66;SEC_415
1995;625;25-34;85;87;172;SEC_625
1994;136;03-11;59;56;115;SEC_136
1997;622;00-02;8;23;31;SEC_622
2007;612;75 i +;46;25;71;SEC_612
2012;418;12-15;22;30;52;SEC_418
2005;214;03-11;30;29;59;SEC_214
2001;510;50-64;110;95;205;SEC_510
2005;602;50-64;64;43;107;SEC_602
2005;613;03-11;41;36;77;SEC_613
1997;126;75 i +;40;17;57;SEC_126
2004;212;25-34;136;170;306;SEC_212
2006;414;00-02;14;15;29;SEC_414
1999;301;03-11;72;83;155;SEC_301
1998;504;35-49;97;89;186;SEC_504
2010;115;65-74;42;53;95;SEC_115
2005;246;12-15;19;17;36;SEC_246
2000;247;65-74;79;58;137;SEC_247
2011;215;65-74;44;26;70;SEC_215
2005;248;35-49;138;180;318;SEC_248
2004;606;50-64;101;61;162;SEC_606
2006;428;35-49;78;96;174;SEC_428
2007;104;00-02;11;13;24;SEC_104
2006;412;18-24;88;80;168;SEC_412
2015;411;00-02;8;9;17;SEC_411
1995;410;03-11;40;51;91;SEC_410
2000;536;00-02;4;11;15;SEC_536
2011;228;12-15;8;12;20;SEC_228
2003;406;18-24;66;55;121;SEC_406
2006;403;50-64;122;91;213;SEC_403
2008;415;35-49;90;141;231;SEC_415
2013;140;25-34;64;82;146;SEC_140
2013;221;25-34;163;153;316;SEC_221
1995;249;03-11;22;30;52;SEC_249
1998;405;50-64;121;90;211;SEC_405
2015;612;12-15;13;22;35;SEC_612
2002;434;50-64;41;46;87;SEC_434
2009;429;50-64;63;58;121;SEC_429
1999;433;25-34;96;92;188;SEC_433
1999;309;75 i +;22;10;32;SEC_309
1998;210;12-15;8;14;22;SEC_210
1997;211;65-74;101;79;180;SEC_211
1996;322;75 i +;34;14;48;SEC_322
2011;537;00-02;13;17;30;SEC_537
2007;230;35-49;112;153;265;SEC_230
2016;505;25-34;58;52;110;SEC_505
2001;620;25-34;64;59;123;SEC_620
1996;413;00-02;5;4;9;SEC_413
2015;213;12-15;7;25;32;SEC_213
2008;218;50-64;79;58;137;SEC_218
2016;422;35-49;136;173;309;SEC_422
2009;203;75 i +;50;27;77;SEC_203
2004;534;50-64;91;84;175;SEC_534
2011;532;75 i +;86;57;143;SEC_532
2004;239;35-49;113;124;237;SEC_239
2016;313;12-15;39;43;82;SEC_313
1998;107;65-74;75;65;140;SEC_107
1997;406;35-49;133;135;268;SEC_406
1997;317;25-34;67;87;154;SEC_317
1997;118;12-15;63;67;130;SEC_118
2012;112;75 i +;75;30;105;SEC_112
2005;130;35-49;112;125;237;SEC_130
1998;417;65-74;40;32;72;SEC_417
2000;317;18-24;44;53;97;SEC_317
2000;208;65-74;132;118;250;SEC_208
2013;608;65-74;80;54;134;SEC_608
1996;523;50-64;161;144;305;SEC_523
2011;416;00-02;9;13;22;SEC_416
2009;139;00-02;13;13;26;SEC_139
2015;112;00-02;19;19;38;SEC_112
2009;135;12-15;29;18;47;SEC_135
2010;222;75 i +;45;28;73;SEC_222
2007;231;12-15;15;16;31;SEC_231
1994;246;50-64;116;119;235;SEC_246
2009;525;18-24;39;38;77;SEC_525
2016;133;75 i +;67;32;99;SEC_133
2008;516;35-49;107;110;217;SEC_516
2001;210;03-11;25;17;42;SEC_210
2007;107;75 i +;77;41;118;SEC_107
1999;538;35-49;98;83;181;SEC_538
2012;304;18-24;76;77;153;SEC_304
2000;105;00-02;8;12;20;SEC_105
2000;324;18-24;26;43;69;SEC_324
2014;312;03-11;55;69;124;SEC_312
1995;124;50-64;79;79;158;SEC_124
2007;240;03-11;28;34;62;SEC_240
2006;221;25-34;90;119;209;SEC_221
1997;309;50-64;59;60;119;SEC_309
2016;528;18-24;51;45;96;SEC_528
2013;123;03-11;49;56;105;SEC_123
2009;622;00-02;6;13;19;SEC_622
2003;122;18-24;40;36;76;SEC_122
1996;438;25-34;71;86;157;SEC_438
2004;244;12-15;11;8;19;SEC_244
2004;240;12-15;7;15;22;SEC_240
2015;404;16-17;16;14;30;SEC_404
2008;534;50-64;85;77;162;SEC_534
2007;235;35-49;179;188;367;SEC_235
2001;117;50-64;174;182;356;SEC_117
2008;136;50-64;119;104;223;SEC_136
2014;317;65-74;33;32;65;SEC_317
2011;312;00-02;28;34;62;SEC_312
1995;125;03-11;51;41;92;SEC_125
2011;238;75 i +;66;40;106;SEC_238
1998;137;12-15;28;27;55;SEC_137
2005;442;12-15;13;11;24;SEC_442
2000;226;18-24;54;57;111;SEC_226
1995;209;35-49;84;87;171;SEC_209
2010;509;03-11;40;37;77;SEC_509
2015;232;16-17;9;15;24;SEC_232
2011;504;65-74;90;82;172;SEC_504
2011;613;35-49;147;171;318;SEC_613
2006;239;00-02;18;16;34;SEC_239
1998;233;75 i +;70;35;105;SEC_233
1996;428;00-02;5;7;12;SEC_428
2000;243;03-11;43;55;98;SEC_243
2005;232;75 i +;66;32;98;SEC_232
1999;535;75 i +;37;25;62;SEC_535
2004;209;35-49;114;124;238;SEC_209
2009;505;03-11;29;35;64;SEC_505
2015;316;12-15;21;31;52;SEC_316
1995;103;16-17;8;11;19;SEC_103
2006;502;50-64;155;149;304;SEC_502
2010;603;18-24;15;25;40;SEC_603
2008;247;12-15;18;26;44;SEC_247
2006;231;12-15;13;18;31;SEC_231
2006;310;50-64;85;94;179;SEC_310
1998;631;65-74;46;44;90;SEC_631
1995;213;00-02;7;6;13;SEC_213
2005;429;03-11;20;21;41;SEC_429
1994;404;50-64;161;146;307;SEC_404
2001;116;35-49;160;145;305;SEC_116
2007;533;00-02;20;18;38;SEC_533
1999;122;75 i +;39;27;66;SEC_122
2015;607;65-74;76;32;108;SEC_607
1996;230;12-15;10;8;18;SEC_230
2003;230;25-34;81;72;153;SEC_230
2000;434;35-49;56;52;108;SEC_434
2014;602;75 i +;65;59;124;SEC_602
2015;205;65-74;50;34;84;SEC_205
1997;428;00-02;3;4;7;SEC_428
1998;322;25-34;103;104;207;SEC_322
1995;214;35-49;48;54;102;SEC_214
2009;106;18-24;72;73;145;SEC_106
1996;512;75 i +;34;16;50;SEC_512
2013;104;65-74;42;34;76;SEC_104
1994;628;50-64;119;140;259;SEC_628
2010;606;03-11;47;47;94;SEC_606
2015;131;16-17;9;4;13;SEC_131
2009;213;35-49;126;131;257;SEC_213
2007;525;12-15;17;12;29;SEC_525
2001;112;35-49;188;166;354;SEC_112
1997;108;35-49;147;137;284;SEC_108
2005;421;03-11;36;45;81;SEC_421
1996;232;12-15;10;15;25;SEC_232
1995;107;00-02;16;13;29;SEC_107
1996;538;12-15;19;22;41;SEC_538
2010;608;18-24;24;34;58;SEC_608
2007;618;03-11;29;37;66;SEC_618
1995;438;12-15;13;19;32;SEC_438
2007;606;00-02;17;17;34;SEC_606
1997;321;65-74;88;74;162;SEC_321
2001;613;16-17;6;8;14;SEC_613
2006;533;75 i +;38;32;70;SEC_533
1998;608;50-64;105;79;184;SEC_608
2010;628;50-64;110;82;192;SEC_628
2007;611;65-74;112;115;227;SEC_611
2002;213;16-17;11;13;24;SEC_213
1996;422;35-49;89;104;193;SEC_422
1999;240;35-49;53;58;111;SEC_240
2000;220;35-49;77;76;153;SEC_220
2010;526;35-49;84;82;166;SEC_526
2012;309;18-24;39;29;68;SEC_309
2007;428;12-15;7;15;22;SEC_428
1999;409;03-11;14;21;35;SEC_409
1998;536;65-74;77;68;145;SEC_536
1994;604;25-34;72;76;148;SEC_604
2000;608;18-24;57;61;118;SEC_608
2012;431;03-11;84;78;162;SEC_431
2002;515;50-64;48;45;93;SEC_515
2001;612;00-02;10;9;19;SEC_612
2006;524;50-64;99;85;184;SEC_524
2010;525;00-02;19;24;43;SEC_525
2014;437;18-24;52;55;107;SEC_437
2008;130;35-49;134;139;273;SEC_130
2007;533;03-11;37;41;78;SEC_533
1998;311;16-17;11;14;25;SEC_311
2002;601;35-49;122;124;246;SEC_601
1996;313;03-11;90;81;171;SEC_313
1997;616;00-02;19;19;38;SEC_616
2006;137;00-02;31;19;50;SEC_137
2011;433;00-02;21;34;55;SEC_433
2004;611;03-11;62;62;124;SEC_611
2011;316;18-24;102;97;199;SEC_316
2002;303;75 i +;74;46;120;SEC_303
1995;122;16-17;8;12;20;SEC_122
2004;404;00-02;18;19;37;SEC_404
1997;514;75 i +;32;13;45;SEC_514
2003;227;75 i +;45;25;70;SEC_227
2005;249;12-15;21;23;44;SEC_249
2006;308;00-02;35;35;70;SEC_308
2011;626;65-74;70;52;122;SEC_626
2006;227;65-74;39;26;65;SEC_227
2014;207;03-11;75;75;150;SEC_207
2001;313;65-74;80;77;157;SEC_313
2009;108;25-34;120;114;234;SEC_108
1996;219;16-17;10;9;19;SEC_219
1995;229;25-34;57;48;105;SEC_229
2007;226;50-64;98;81;179;SEC_226
2012;401;03-11;44;57;101;SEC_401
2005;313;03-11;72;77;149;SEC_313
2004;304;00-02;20;16;36;SEC_304
2007;412;25-34;139;193;332;SEC_412
2012;435;50-64;83;80;163;SEC_435
2005;317;00-02;23;11;34;SEC_317
2007;249;16-17;11;11;22;SEC_249
2007;301;16-17;16;29;45;SEC_301
2012;530;50-64;102;99;201;SEC_530
2003;404;25-34;126;148;274;SEC_404
2012;605;35-49;73;79;152;SEC_605
2010;617;35-49;103;114;217;SEC_617
2014;320;16-17;10;11;21;SEC_320
1995;620;35-49;73;62;135;SEC_620
1999;403;50-64;156;140;296;SEC_403
2005;614;16-17;10;14;24;SEC_614
2012;407;75 i +;91;51;142;SEC_407
2011;503;03-11;24;22;46;SEC_503
2011;201;18-24;22;31;53;SEC_201
2001;118;75 i +;42;22;64;SEC_118
2011;302;00-02;20;29;49;SEC_302
2010;513;25-34;63;73;136;SEC_513
2006;442;18-24;23;26;49;SEC_442
1994;524;75 i +;50;28;78;SEC_524
1994;620;25-34;41;57;98;SEC_620
2002;126;16-17;7;6;13;SEC_126
2006;234;16-17;7;7;14;SEC_234
2016;301;16-17;20;18;38;SEC_301
2010;409;35-49;87;98;185;SEC_409
2014;101;16-17;21;19;40;SEC_101
2011;529;00-02;18;21;39;SEC_529
1997;227;75 i +;43;19;62;SEC_227
2015;401;03-11;38;57;95;SEC_401
1997;421;50-64;152;122;274;SEC_421
2000;206;25-34;62;72;134;SEC_206
2011;307;16-17;8;5;13;SEC_307
2001;519;18-24;20;26;46;SEC_519
2014;212;25-34;104;106;210;SEC_212
2000;525;35-49;69;71;140;SEC_525
2004;632;50-64;90;85;175;SEC_632
2005;619;25-34;86;112;198;SEC_619
1995;538;25-34;100;91;191;SEC_538
2002;411;03-11;24;24;48;SEC_411
1994;521;75 i +;33;12;45;SEC_521
2000;114;50-64;209;189;398;SEC_114
1998;224;25-34;44;53;97;SEC_224
2011;406;35-49;142;169;311;SEC_406
1999;514;65-74;48;39;87;SEC_514
2002;505;25-34;138;162;300;SEC_505
1994;322;03-11;49;49;98;SEC_322
2002;419;00-02;16;22;38;SEC_419
2005;413;03-11;23;18;41;SEC_413
2016;530;75 i +;89;74;163;SEC_530
2008;219;25-34;108;135;243;SEC_219
2006;236;00-02;7;15;22;SEC_236
1995;607;75 i +;26;9;35;SEC_607
1994;612;75 i +;28;12;40;SEC_612
2007;431;03-11;75;72;147;SEC_431
1994;517;00-02;12;13;25;SEC_517
1995;212;65-74;76;62;138;SEC_212
2001;229;03-11;26;28;54;SEC_229
1994;535;18-24;94;112;206;SEC_535
2008;323;03-11;145;126;271;SEC_323
2011;419;18-24;37;38;75;SEC_419
2012;219;35-49;182;168;350;SEC_219
2001;248;12-15;20;20;40;SEC_248
1999;410;03-11;38;55;93;SEC_410
1996;241;16-17;12;5;17;SEC_241
2012;615;03-11;36;22;58;SEC_615
1997;410;65-74;110;108;218;SEC_410
2002;429;65-74;49;29;78;SEC_429
2000;215;03-11;22;24;46;SEC_215
1998;241;12-15;13;9;22;SEC_241
2013;217;16-17;15;16;31;SEC_217
1999;317;00-02;13;13;26;SEC_317
2002;231;03-11;35;26;61;SEC_231
1995;244;03-11;18;13;31;SEC_244
2001;248;35-49;115;130;245;SEC_248
2012;222;75 i +;39;27;66;SEC_222
2006;103;35-49;80;82;162;SEC_103
2015;202;03-11;79;78;157;SEC_202
2010;130;12-15;12;19;31;SEC_130
2005;516;12-15;10;14;24;SEC_516
1998;116;00-02;19;16;35;SEC_116
1999;315;12-15;30;29;59;SEC_315
2001;438;65-74;45;46;91;SEC_438
2007;140;00-02;7;17;24;SEC_140
1999;427;18-24;50;44;94;SEC_427
1996;234;75 i +;69;30;99;SEC_234
2014;506;50-64;206;144;350;SEC_506
2011;506;65-74;113;133;246;SEC_506
2003;626;03-11;29;38;67;SEC_626
1995;514;25-34;66;69;135;SEC_514
2016;237;00-02;12;23;35;SEC_237
1997;607;50-64;162;150;312;SEC_607
1999;127;16-17;11;5;16;SEC_127
2005;422;00-02;10;17;27;SEC_422
2009;424;12-15;6;14;20;SEC_424
2014;531;75 i +;46;35;81;SEC_531
2015;229;50-64;147;139;286;SEC_229
2002;105;75 i +;47;26;73;SEC_105
2011;407;25-34;83;90;173;SEC_407
2008;225;18-24;23;27;50;SEC_225
2000;136;00-02;9;16;25;SEC_136
1998;418;16-17;12;5;17;SEC_418
2014;508;12-15;23;21;44;SEC_508
2014;134;65-74;70;58;128;SEC_134
2007;511;50-64;42;49;91;SEC_511
2005;309;00-02;9;25;34;SEC_309
2008;407;00-02;19;15;34;SEC_407
2001;133;50-64;86;78;164;SEC_133
1997;410;03-11;41;39;80;SEC_410
2015;223;16-17;15;8;23;SEC_223
1997;530;50-64;146;131;277;SEC_530
2009;245;75 i +;79;38;117;SEC_245
2016;420;18-24;97;86;183;SEC_420
2013;538;35-49;162;151;313;SEC_538
2016;120;35-49;193;187;380;SEC_120
2012;601;75 i +;64;59;123;SEC_601
2001;603;35-49;52;50;102;SEC_603
2004;606;65-74;70;73;143;SEC_606
2001;311;50-64;130;107;237;SEC_311
1994;513;03-11;26;22;48;SEC_513
2003;515;35-49;67;65;132;SEC_515
2012;622;65-74;41;44;85;SEC_622
2009;628;25-34;65;78;143;SEC_628
2014;136;16-17;7;15;22;SEC_136
1998;206;65-74;58;56;114;SEC_206
2003;128;16-17;7;7;14;SEC_128
1997;613;25-34;151;162;313;SEC_613
2011;206;25-34;59;94;153;SEC_206
1996;431;35-49;125;128;253;SEC_431
1996;630;75 i +;23;7;30;SEC_630
1998;208;35-49;180;169;349;SEC_208
2014;440;16-17;4;5;9;SEC_440
1997;128;00-02;8;13;21;SEC_128
1995;323;03-11;129;137;266;SEC_323
2001;618;50-64;72;69;141;SEC_618
2000;617;25-34;99;122;221;SEC_617
2008;324;03-11;52;53;105;SEC_324
1997;223;75 i +;53;26;79;SEC_223
2016;416;16-17;11;18;29;SEC_416
2000;517;00-02;9;15;24;SEC_517
2001;242;18-24;36;45;81;SEC_242
2010;516;18-24;32;36;68;SEC_516
1998;503;65-74;31;16;47;SEC_503
2013;611;12-15;30;28;58;SEC_611
1999;307;35-49;206;171;377;SEC_307
2013;202;75 i +;80;56;136;SEC_202
2000;210;25-34;62;65;127;SEC_210
2012;615;65-74;99;85;184;SEC_615
2000;514;03-11;22;21;43;SEC_514
2005;436;03-11;45;41;86;SEC_436
2006;201;75 i +;37;29;66;SEC_201
2014;507;50-64;79;63;142;SEC_507
1997;601;18-24;107;130;237;SEC_601
2006;406;25-34;112;146;258;SEC_406
1998;505;50-64;228;228;456;SEC_505
2006;412;16-17;9;16;25;SEC_412
1998;508;65-74;42;35;77;SEC_508
2010;417;03-11;29;33;62;SEC_417
1996;119;50-64;132;153;285;SEC_119
2001;203;35-49;73;88;161;SEC_203
2000;612;25-34;112;132;244;SEC_612
2004;245;18-24;42;51;93;SEC_245
2008;240;65-74;36;35;71;SEC_240
2007;511;35-49;84;81;165;SEC_511
2010;225;25-34;46;53;99;SEC_225
2006;506;75 i +;71;47;118;SEC_506
2005;411;35-49;95;106;201;SEC_411
2009;408;03-11;33;39;72;SEC_408
2001;618;75 i +;21;15;36;SEC_618
2007;133;25-34;84;94;178;SEC_133
2012;214;00-02;16;17;33;SEC_214
1996;436;75 i +;28;17;45;SEC_436
1998;102;18-24;111;134;245;SEC_102
2015;441;50-64;244;212;456;SEC_441
2011;519;16-17;7;5;12;SEC_519
2014;204;18-24;67;62;129;SEC_204
1996;614;00-02;10;12;22;SEC_614
2008;323;18-24;128;108;236;SEC_323
2003;322;75 i +;46;32;78;SEC_322
2015;422;18-24;61;39;100;SEC_422
1995;235;16-17;13;19;32;SEC_235
1999;440;16-17;7;6;13;SEC_440
2013;116;25-34;79;74;153;SEC_116
2005;621;03-11;47;61;108;SEC_621
2006;503;16-17;3;9;12;SEC_503
2003;230;16-17;6;6;12;SEC_230
2005;126;35-49;75;72;147;SEC_126
2002;606;25-34;103;84;187;SEC_606
1997;204;03-11;10;23;33;SEC_204
2014;304;75 i +;109;59;168;SEC_304
2014;605;65-74;164;115;279;SEC_605
1994;220;65-74;63;47;110;SEC_220
2004;134;12-15;24;17;41;SEC_134
1994;432;00-02;10;10;20;SEC_432
2004;504;03-11;24;28;52;SEC_504
2003;228;03-11;28;22;50;SEC_228
1997;103;16-17;8;14;22;SEC_103
2010;419;65-74;51;34;85;SEC_419
2005;614;00-02;11;12;23;SEC_614
2001;410;25-34;120;135;255;SEC_410
2000;317;75 i +;49;28;77;SEC_317
1997;315;75 i +;50;20;70;SEC_315
2006;239;35-49;141;150;291;SEC_239
2004;416;03-11;36;34;70;SEC_416
2003;533;03-11;36;25;61;SEC_533
2011;307;65-74;97;86;183;SEC_307
2016;441;50-64;243;205;448;SEC_441
2008;229;03-11;38;24;62;SEC_229
1996;625;75 i +;16;10;26;SEC_625
2002;101;75 i +;27;20;47;SEC_101
2003;126;03-11;32;27;59;SEC_126
1999;521;50-64;154;195;349;SEC_521
2011;102;75 i +;103;60;163;SEC_102
2004;119;25-34;92;117;209;SEC_119
2002;124;25-34;69;69;138;SEC_124
2003;102;35-49;157;155;312;SEC_102
2009;206;18-24;38;33;71;SEC_206
2002;313;00-02;27;29;56;SEC_313
2013;315;03-11;84;84;168;SEC_315
2005;213;18-24;48;50;98;SEC_213
1996;628;03-11;38;37;75;SEC_628
2004;241;16-17;5;7;12;SEC_241
1995;412;03-11;67;63;130;SEC_412
2005;608;25-34;62;83;145;SEC_608
1995;135;25-34;121;124;245;SEC_135
2007;425;03-11;30;43;73;SEC_425
2002;110;03-11;32;39;71;SEC_110
2003;206;25-34;79;101;180;SEC_206
1996;134;35-49;147;142;289;SEC_134
1994;608;16-17;28;29;57;SEC_608
1999;210;75 i +;60;38;98;SEC_210
1999;102;18-24;96;115;211;SEC_102
2006;436;18-24;54;47;101;SEC_436
1998;205;50-64;84;71;155;SEC_205
1998;615;75 i +;20;12;32;SEC_615
1994;319;18-24;35;42;77;SEC_319
2007;620;35-49;61;55;116;SEC_620
2002;121;03-11;40;47;87;SEC_121
2007;616;25-34;212;201;413;SEC_616
1995;503;35-49;131;136;267;SEC_503
2014;305;35-49;175;177;352;SEC_305
1998;525;16-17;7;10;17;SEC_525
1998;418;00-02;7;16;23;SEC_418
1999;134;00-02;15;19;34;SEC_134
2008;423;75 i +;66;41;107;SEC_423
1995;132;00-02;20;20;40;SEC_132
2000;115;35-49;148;147;295;SEC_115
2015;243;50-64;139;145;284;SEC_243
2009;406;03-11;41;59;100;SEC_406
2009;404;00-02;31;30;61;SEC_404
2007;133;16-17;4;9;13;SEC_133
2002;603;65-74;22;22;44;SEC_603
1998;134;35-49;144;134;278;SEC_134
2012;302;18-24;46;37;83;SEC_302
2008;311;35-49;160;189;349;SEC_311
2007;123;75 i +;92;62;154;SEC_123
2009;222;00-02;21;16;37;SEC_222
2007;613;12-15;14;18;32;SEC_613
1998;221;18-24;65;64;129;SEC_221
2013;323;00-02;17;24;41;SEC_323
1997;216;25-34;87;95;182;SEC_216
1999;225;35-49;43;39;82;SEC_225
1994;531;18-24;61;63;124;SEC_531
1995;526;25-34;65;74;139;SEC_526
1995;239;75 i +;64;27;91;SEC_239
2015;302;12-15;12;19;31;SEC_302
2004;441;18-24;106;113;219;SEC_441
2015;416;35-49;178;185;363;SEC_416
2011;529;75 i +;91;65;156;SEC_529
2008;212;50-64;102;115;217;SEC_212
1999;536;35-49;65;68;133;SEC_536
1999;419;50-64;74;74;148;SEC_419
2001;203;75 i +;53;28;81;SEC_203
1998;205;25-34;71;71;142;SEC_205
2003;128;00-02;5;8;13;SEC_128
2014;232;35-49;122;131;253;SEC_232
1997;313;18-24;122;123;245;SEC_313
1999;602;65-74;21;30;51;SEC_602
1999;611;50-64;234;205;439;SEC_611
1994;602;03-11;22;19;41;SEC_602
2009;308;18-24;66;72;138;SEC_308
2013;322;65-74;58;47;105;SEC_322
1997;432;25-34;84;86;170;SEC_432
2014;632;18-24;30;42;72;SEC_632
2010;406;65-74;72;63;135;SEC_406
2007;623;00-02;19;28;47;SEC_623
2000;505;18-24;91;83;174;SEC_505
2002;101;12-15;25;20;45;SEC_101
2016;325;25-34;86;76;162;SEC_325
1998;407;75 i +;33;28;61;SEC_407
2008;118;12-15;27;35;62;SEC_118
2000;126;03-11;23;19;42;SEC_126
1999;404;75 i +;54;33;87;SEC_404
2006;412;75 i +;70;55;125;SEC_412
2006;314;12-15;36;55;91;SEC_314
2005;422;50-64;91;78;169;SEC_422
2004;310;25-34;95;111;206;SEC_310
1997;218;50-64;74;72;146;SEC_218
1994;619;75 i +;38;18;56;SEC_619
2001;440;65-74;55;54;109;SEC_440
2016;127;65-74;32;21;53;SEC_127
1995;632;25-34;93;117;210;SEC_632
1994;439;18-24;65;55;120;SEC_439
2012;602;50-64;39;32;71;SEC_602
2004;128;16-17;7;7;14;SEC_128
2001;217;50-64;36;39;75;SEC_217
2013;129;35-49;139;151;290;SEC_129
2007;240;16-17;9;7;16;SEC_240
1998;408;03-11;30;18;48;SEC_408
2000;120;16-17;19;19;38;SEC_120
2000;535;75 i +;38;26;64;SEC_535
2010;625;50-64;201;178;379;SEC_625
2003;409;16-17;2;6;8;SEC_409
1996;202;16-17;12;11;23;SEC_202
2009;438;25-34;74;89;163;SEC_438
2012;625;00-02;11;16;27;SEC_625
2013;416;03-11;77;80;157;SEC_416
2009;249;18-24;48;54;102;SEC_249
2008;409;50-64;58;51;109;SEC_409
2000;233;25-34;60;53;113;SEC_233
2010;137;75 i +;51;34;85;SEC_137
2014;320;03-11;7;5;12;SEC_320
2009;523;00-02;19;31;50;SEC_523
1995;306;03-11;52;75;127;SEC_306
2015;423;75 i +;75;58;133;SEC_423
2015;221;00-02;26;29;55;SEC_221
2015;308;50-64;204;187;391;SEC_308
2009;235;65-74;84;58;142;SEC_235
1999;419;75 i +;42;19;61;SEC_419
2013;611;75 i +;92;64;156;SEC_611
2000;310;12-15;25;21;46;SEC_310
2010;318;00-02;6;9;15;SEC_318
2011;519;50-64;41;26;67;SEC_519
1995;419;18-24;48;56;104;SEC_419
2000;411;50-64;115;113;228;SEC_411
1998;123;03-11;46;51;97;SEC_123
2003;140;50-64;103;88;191;SEC_140
1996;501;25-34;65;71;136;SEC_501
1995;305;75 i +;64;38;102;SEC_305
1997;513;50-64;102;91;193;SEC_513
2000;222;25-34;76;75;151;SEC_222
2005;437;12-15;18;26;44;SEC_437
2000;407;12-15;8;17;25;SEC_407
2009;537;25-34;96;116;212;SEC_537
2005;224;25-34;61;65;126;SEC_224
2010;523;12-15;23;28;51;SEC_523
1997;306;35-49;184;172;356;SEC_306
2012;246;35-49;155;187;342;SEC_246
2007;208;65-74;125;108;233;SEC_208
2001;202;03-11;14;27;41;SEC_202
2006;117;75 i +;67;38;105;SEC_117
2007;536;00-02;11;11;22;SEC_536
2008;217;75 i +;44;26;70;SEC_217
1997;442;00-02;9;6;15;SEC_442
1996;133;03-11;26;36;62;SEC_133
1997;226;50-64;94;88;182;SEC_226
2016;308;35-49;254;233;487;SEC_308
1995;217;65-74;48;34;82;SEC_217
2004;519;75 i +;20;23;43;SEC_519
1996;311;65-74;92;71;163;SEC_311
2000;217;75 i +;49;13;62;SEC_217
2001;421;65-74;95;80;175;SEC_421
2012;432;75 i +;69;50;119;SEC_432
1998;441;12-15;72;58;130;SEC_441
2013;102;50-64;141;124;265;SEC_102
2011;204;35-49;80;87;167;SEC_204
2000;232;16-17;5;8;13;SEC_232
2001;110;12-15;23;19;42;SEC_110
1997;527;25-34;78;88;166;SEC_527
2014;248;65-74;44;36;80;SEC_248
2006;505;00-02;9;16;25;SEC_505
2011;234;65-74;39;31;70;SEC_234
1998;206;35-49;71;74;145;SEC_206
1997;620;35-49;72;66;138;SEC_620
2013;229;75 i +;99;55;154;SEC_229
1997;604;35-49;65;68;133;SEC_604
2007;412;16-17;11;12;23;SEC_412
2007;135;03-11;57;53;110;SEC_135
1994;510;18-24;91;81;172;SEC_510
2008;607;18-24;37;33;70;SEC_607
2006;318;75 i +;24;13;37;SEC_318
1996;220;12-15;14;12;26;SEC_220
1995;605;25-34;71;68;139;SEC_605
2013;217;12-15;16;24;40;SEC_217
1995;619;18-24;102;100;202;SEC_619
2005;246;35-49;108;144;252;SEC_246
2008;502;16-17;13;11;24;SEC_502
2006;612;12-15;16;15;31;SEC_612
2016;233;12-15;12;18;30;SEC_233
2016;430;65-74;37;27;64;SEC_430
1995;133;03-11;29;31;60;SEC_133
1996;322;16-17;15;23;38;SEC_322
2004;518;03-11;41;34;75;SEC_518
1999;509;16-17;8;6;14;SEC_509
2007;632;16-17;9;10;19;SEC_632
2010;203;12-15;12;11;23;SEC_203
2013;324;16-17;12;7;19;SEC_324
2013;204;50-64;123;114;237;SEC_204
2003;401;03-11;54;45;99;SEC_401
2014;117;12-15;35;34;69;SEC_117
2004;102;50-64;200;179;379;SEC_102
2010;115;16-17;4;13;17;SEC_115
2003;624;25-34;101;149;250;SEC_624
2008;521;35-49;85;98;183;SEC_521
1994;218;65-74;39;30;69;SEC_218
2008;629;75 i +;36;17;53;SEC_629
2007;420;25-34;155;170;325;SEC_420
2007;439;18-24;52;61;113;SEC_439
2000;321;16-17;27;22;49;SEC_321
1999;325;18-24;102;113;215;SEC_325
2006;248;18-24;53;50;103;SEC_248
2007;209;16-17;9;14;23;SEC_209
2011;624;65-74;82;104;186;SEC_624
1997;308;35-49;156;141;297;SEC_308
2002;107;50-64;176;175;351;SEC_107
2010;521;75 i +;56;41;97;SEC_521
1994;406;35-49;150;156;306;SEC_406
2004;113;18-24;88;81;169;SEC_113
2016;632;18-24;30;32;62;SEC_632
2001;134;35-49;144;120;264;SEC_134
1997;441;18-24;122;129;251;SEC_441
2006;528;75 i +;60;42;102;SEC_528
2003;505;35-49;98;97;195;SEC_505
2016;323;25-34;92;110;202;SEC_323
2008;610;65-74;86;113;199;SEC_610
2010;409;65-74;38;27;65;SEC_409
1999;624;25-34;106;127;233;SEC_624
2008;606;65-74;79;57;136;SEC_606
1996;219;00-02;7;8;15;SEC_219
2016;610;75 i +;82;77;159;SEC_610
2016;220;03-11;84;75;159;SEC_220
2009;114;25-34;124;120;244;SEC_114
2002;215;12-15;7;12;19;SEC_215
2002;122;00-02;8;14;22;SEC_122
2005;238;12-15;12;10;22;SEC_238
2003;536;50-64;88;71;159;SEC_536
2000;122;00-02;11;17;28;SEC_122
2014;618;25-34;46;55;101;SEC_618
1999;236;03-11;32;23;55;SEC_236
2015;606;65-74;54;32;86;SEC_606
2003;513;65-74;61;50;111;SEC_513
1994;213;18-24;51;61;112;SEC_213
2003;136;75 i +;57;36;93;SEC_136
2007;309;25-34;108;121;229;SEC_309
2015;510;16-17;6;8;14;SEC_510
2012;515;35-49;84;85;169;SEC_515
2007;128;16-17;10;14;24;SEC_128
1996;220;00-02;4;5;9;SEC_220
2003;408;18-24;39;42;81;SEC_408
2007;215;18-24;43;28;71;SEC_215
2012;527;16-17;14;9;23;SEC_527
2005;411;18-24;49;45;94;SEC_411
2003;617;35-49;86;95;181;SEC_617
2012;537;25-34;102;104;206;SEC_537
2011;136;75 i +;63;35;98;SEC_136
2010;617;50-64;86;78;164;SEC_617
2012;510;12-15;20;21;41;SEC_510
2000;239;75 i +;67;57;124;SEC_239
1997;109;00-02;7;16;23;SEC_109
2012;522;00-02;26;17;43;SEC_522
2002;140;00-02;14;12;26;SEC_140
2009;304;75 i +;100;53;153;SEC_304
1999;121;35-49;63;77;140;SEC_121
2006;412;03-11;57;37;94;SEC_412
1998;313;16-17;37;32;69;SEC_313
1998;611;50-64;228;209;437;SEC_611
2003;325;75 i +;154;73;227;SEC_325
2016;125;75 i +;59;64;123;SEC_125
1994;529;25-34;99;107;206;SEC_529
2014;435;12-15;16;16;32;SEC_435
2016;107;16-17;16;7;23;SEC_107
2016;122;35-49;128;120;248;SEC_122
1994;322;12-15;33;42;75;SEC_322
1997;507;18-24;63;64;127;SEC_507
1999;524;35-49;90;101;191;SEC_524
2007;221;35-49;123;133;256;SEC_221
1994;208;65-74;135;110;245;SEC_208
2013;601;16-17;13;14;27;SEC_601
2003;408;12-15;19;11;30;SEC_408
1995;503;16-17;24;23;47;SEC_503
2007;419;12-15;19;20;39;SEC_419
2003;421;50-64;119;92;211;SEC_421
2000;619;35-49;151;145;296;SEC_619
1994;435;50-64;106;85;191;SEC_435
2016;245;35-49;137;164;301;SEC_245
2008;301;65-74;133;117;250;SEC_301
2016;224;50-64;115;94;209;SEC_224
2014;610;18-24;29;43;72;SEC_610
1996;439;25-34;117;111;228;SEC_439
2003;622;75 i +;40;12;52;SEC_622
1999;519;16-17;7;5;12;SEC_519
2013;134;00-02;21;24;45;SEC_134
1997;128;03-11;29;40;69;SEC_128
1994;118;12-15;74;77;151;SEC_118
2016;234;03-11;41;39;80;SEC_234
1997;436;35-49;66;76;142;SEC_436
1994;246;12-15;24;14;38;SEC_246
2006;212;50-64;101;99;200;SEC_212
1997;201;75 i +;38;10;48;SEC_201
1994;316;03-11;199;219;418;SEC_316
2004;413;50-64;43;37;80;SEC_413
2002;536;03-11;26;25;51;SEC_536
1997;427;65-74;62;57;119;SEC_427
1994;533;03-11;35;42;77;SEC_533
1995;236;50-64;123;123;246;SEC_236
2004;243;03-11;52;54;106;SEC_243
2008;318;12-15;12;21;33;SEC_318
2007;432;65-74;80;62;142;SEC_432
2012;139;18-24;27;29;56;SEC_139
1996;219;75 i +;70;30;100;SEC_219
2012;524;12-15;21;23;44;SEC_524
2009;407;12-15;12;14;26;SEC_407
2008;510;75 i +;64;32;96;SEC_510
2002;248;18-24;46;56;102;SEC_248
2000;622;12-15;19;23;42;SEC_622
2016;412;16-17;9;14;23;SEC_412
2011;223;03-11;49;61;110;SEC_223
2000;611;75 i +;48;35;83;SEC_611
2012;618;12-15;13;16;29;SEC_618
1995;132;03-11;100;100;200;SEC_132
2015;308;35-49;266;245;511;SEC_308
2004;317;25-34;133;140;273;SEC_317
2007;122;75 i +;47;33;80;SEC_122
2009;321;50-64;309;284;593;SEC_321
2010;306;65-74;60;48;108;SEC_306
2009;611;25-34;144;165;309;SEC_611
2011;427;50-64;71;56;127;SEC_427
2016;625;25-34;62;70;132;SEC_625
2002;315;50-64;125;135;260;SEC_315
2014;113;18-24;44;61;105;SEC_113
2009;442;00-02;11;8;19;SEC_442
2015;236;16-17;6;7;13;SEC_236
2001;401;18-24;57;57;114;SEC_401
2001;320;75 i +;27;11;38;SEC_320
2002;324;25-34;85;96;181;SEC_324
2003;102;12-15;24;24;48;SEC_102
2009;103;50-64;69;60;129;SEC_103
1994;429;12-15;22;24;46;SEC_429
2015;503;75 i +;45;20;65;SEC_503
1999;134;65-74;47;36;83;SEC_134
2001;120;00-02;21;25;46;SEC_120
2001;128;18-24;55;52;107;SEC_128
1995;439;25-34;113;109;222;SEC_439
2015;113;75 i +;61;42;103;SEC_113
2000;619;18-24;96;94;190;SEC_619
2006;433;00-02;24;20;44;SEC_433
2008;228;25-34;82;98;180;SEC_228
2014;128;50-64;79;81;160;SEC_128
2003;405;50-64;88;65;153;SEC_405
2010;432;35-49;118;137;255;SEC_432
2011;629;50-64;50;47;97;SEC_629
2009;618;25-34;33;37;70;SEC_618
1999;129;75 i +;41;21;62;SEC_129
2006;408;16-17;4;10;14;SEC_408
2002;115;00-02;13;17;30;SEC_115
1999;212;18-24;68;69;137;SEC_212
2006;408;75 i +;47;25;72;SEC_408
1999;116;50-64;179;186;365;SEC_116
1997;420;25-34;99;101;200;SEC_420
2008;129;65-74;59;61;120;SEC_129
2007;505;00-02;9;17;26;SEC_505
2004;409;16-17;6;9;15;SEC_409
2011;431;75 i +;87;44;131;SEC_431
2003;628;12-15;18;17;35;SEC_628
2002;137;03-11;49;55;104;SEC_137
1997;302;16-17;25;21;46;SEC_302
2014;309;50-64;99;78;177;SEC_309
1999;606;25-34;104;98;202;SEC_606
2012;522;50-64;69;64;133;SEC_522
2014;440;35-49;111;114;225;SEC_440
2006;427;50-64;71;55;126;SEC_427
2012;426;12-15;27;19;46;SEC_426
1995;527;35-49;84;93;177;SEC_527
2002;507;00-02;10;12;22;SEC_507
2011;217;03-11;25;30;55;SEC_217
2012;111;50-64;95;69;164;SEC_111
1994;526;25-34;61;75;136;SEC_526
2013;427;00-02;21;28;49;SEC_427
2012;503;00-02;7;11;18;SEC_503
2006;102;18-24;59;44;103;SEC_102
2007;613;35-49;120;134;254;SEC_613
1998;126;03-11;25;23;48;SEC_126
2000;519;00-02;11;15;26;SEC_519
2002;401;16-17;11;22;33;SEC_401
2004;308;75 i +;82;46;128;SEC_308
2012;426;00-02;12;22;34;SEC_426
1995;441;18-24;108;138;246;SEC_441
1995;128;12-15;31;26;57;SEC_128
2004;110;03-11;28;32;60;SEC_110
2012;137;65-74;71;67;138;SEC_137
1999;416;50-64;81;63;144;SEC_416
2009;418;16-17;11;12;23;SEC_418
2011;136;12-15;13;23;36;SEC_136
2008;112;18-24;62;67;129;SEC_112
2010;405;75 i +;79;53;132;SEC_405
2009;403;03-11;39;30;69;SEC_403
2009;249;12-15;18;22;40;SEC_249
2009;533;00-02;25;16;41;SEC_533
1998;227;18-24;43;35;78;SEC_227
2002;317;03-11;41;44;85;SEC_317
2003;525;18-24;41;50;91;SEC_525
2000;225;50-64;55;39;94;SEC_225
1999;602;35-49;41;35;76;SEC_602
1996;629;16-17;13;10;23;SEC_629
1994;311;65-74;88;79;167;SEC_311
1999;522;65-74;38;38;76;SEC_522
2011;110;25-34;88;87;175;SEC_110
2005;418;50-64;107;97;204;SEC_418
2014;505;03-11;32;34;66;SEC_505
2016;119;18-24;32;33;65;SEC_119
1995;324;16-17;12;20;32;SEC_324
2001;505;25-34;135;164;299;SEC_505
2014;619;00-02;10;15;25;SEC_619
2012;506;50-64;221;176;397;SEC_506
2014;229;75 i +;90;52;142;SEC_229
2002;631;12-15;15;12;27;SEC_631
2003;501;16-17;14;10;24;SEC_501
2010;534;18-24;36;39;75;SEC_534
2009;319;03-11;107;97;204;SEC_319
2007;416;00-02;9;13;22;SEC_416
2016;201;00-02;40;48;88;SEC_201
1994;617;25-34;102;110;212;SEC_617
2016;106;00-02;20;23;43;SEC_106
1999;602;00-02;4;8;12;SEC_602
2003;421;16-17;5;7;12;SEC_421
2003;622;03-11;25;39;64;SEC_622
2008;216;16-17;8;13;21;SEC_216
1995;212;16-17;11;26;37;SEC_212
1994;529;16-17;13;14;27;SEC_529
2000;609;18-24;62;53;115;SEC_609
2008;230;35-49;114;146;260;SEC_230
2016;416;35-49;192;188;380;SEC_416
2012;242;03-11;41;48;89;SEC_242
1997;517;75 i +;54;29;83;SEC_517
2010;115;25-34;106;101;207;SEC_115
2009;228;12-15;10;13;23;SEC_228
1998;315;18-24;93;81;174;SEC_315
2010;242;75 i +;85;55;140;SEC_242
2011;412;18-24;45;62;107;SEC_412
2006;122;50-64;89;54;143;SEC_122
2012;244;35-49;114;108;222;SEC_244
1999;312;03-11;49;34;83;SEC_312
1994;214;25-34;65;65;130;SEC_214
2010;312;03-11;51;61;112;SEC_312
1995;313;35-49;243;226;469;SEC_313
1997;604;65-74;30;26;56;SEC_604
2000;102;75 i +;75;38;113;SEC_102
2001;133;35-49;85;91;176;SEC_133
1998;209;12-15;8;10;18;SEC_209
2012;127;50-64;78;68;146;SEC_127
2004;538;75 i +;72;37;109;SEC_538
2007;428;00-02;19;8;27;SEC_428
1999;106;25-34;149;145;294;SEC_106
2008;518;75 i +;56;46;102;SEC_518
2010;411;65-74;67;64;131;SEC_411
2002;420;35-49;129;140;269;SEC_420
1995;507;65-74;42;29;71;SEC_507
1996;131;03-11;62;66;128;SEC_131
1997;225;16-17;4;10;14;SEC_225
2007;421;03-11;40;32;72;SEC_421
2003;504;18-24;42;48;90;SEC_504
1999;611;18-24;86;84;170;SEC_611
2010;208;50-64;189;147;336;SEC_208
2007;438;35-49;98;111;209;SEC_438
2001;625;65-74;41;40;81;SEC_625
2012;537;03-11;51;34;85;SEC_537
1996;320;65-74;45;23;68;SEC_320
1994;123;12-15;37;30;67;SEC_123
1994;101;25-34;89;89;178;SEC_101
1996;601;03-11;49;59;108;SEC_601
2004;411;50-64;110;89;199;SEC_411
2000;516;12-15;9;6;15;SEC_516
2016;411;75 i +;97;76;173;SEC_411
2011;427;18-24;28;36;64;SEC_427
2007;628;00-02;14;10;24;SEC_628
2000;617;18-24;53;83;136;SEC_617
2011;247;35-49;162;201;363;SEC_247
2006;521;12-15;11;10;21;SEC_521
1995;108;50-64;115;109;224;SEC_108
2004;403;65-74;78;84;162;SEC_403
2010;524;25-34;135;131;266;SEC_524
2014;530;03-11;66;82;148;SEC_530
1999;436;35-49;64;87;151;SEC_436
2002;202;50-64;69;63;132;SEC_202
1995;138;75 i +;16;11;27;SEC_138
1999;125;16-17;8;17;25;SEC_125
2010;318;16-17;4;15;19;SEC_318
2012;319;12-15;33;36;69;SEC_319
2001;617;35-49;99;99;198;SEC_617
1998;434;03-11;23;24;47;SEC_434
2005;512;35-49;93;113;206;SEC_512
2001;622;18-24;60;54;114;SEC_622
2005;237;25-34;146;149;295;SEC_237
2003;510;18-24;42;52;94;SEC_510
2009;520;50-64;79;62;141;SEC_520
1994;221;35-49;102;105;207;SEC_221
2001;607;25-34;93;98;191;SEC_607
2015;228;12-15;42;49;91;SEC_228
2016;103;75 i +;52;32;84;SEC_103
2003;441;65-74;89;78;167;SEC_441
2000;531;75 i +;48;27;75;SEC_531
1995;622;65-74;38;27;65;SEC_622
1994;310;65-74;34;30;64;SEC_310
2013;507;75 i +;47;22;69;SEC_507
2012;217;16-17;9;10;19;SEC_217
1998;126;25-34;99;115;214;SEC_126
2007;625;75 i +;38;18;56;SEC_625
2005;405;65-74;94;80;174;SEC_405
1996;239;16-17;13;10;23;SEC_239
1998;627;65-74;26;23;49;SEC_627
2009;240;12-15;13;14;27;SEC_240
2006;240;18-24;33;28;61;SEC_240
2015;321;50-64;279;251;530;SEC_321
1995;602;12-15;17;10;27;SEC_602
2011;613;18-24;35;38;73;SEC_613
2014;613;50-64;57;68;125;SEC_613
1996;616;18-24;177;176;353;SEC_616
2002;432;12-15;13;23;36;SEC_432
2015;440;25-34;70;69;139;SEC_440
1998;201;35-49;55;49;104;SEC_201
1997;537;00-02;14;9;23;SEC_537
2002;130;00-02;14;23;37;SEC_130
2011;238;18-24;34;39;73;SEC_238
1995;203;35-49;50;52;102;SEC_203
2009;203;25-34;90;113;203;SEC_203
2012;615;00-02;12;8;20;SEC_615
2014;323;12-15;45;34;79;SEC_323
1997;506;12-15;43;51;94;SEC_506
1996;426;16-17;12;17;29;SEC_426
2011;401;50-64;114;92;206;SEC_401
2000;508;03-11;21;21;42;SEC_508
2006;243;75 i +;87;64;151;SEC_243
2014;216;18-24;49;40;89;SEC_216
2016;503;50-64;118;78;196;SEC_503
2008;528;12-15;29;23;52;SEC_528
2012;225;18-24;15;18;33;SEC_225
1998;128;25-34;87;87;174;SEC_128
2006;601;65-74;85;96;181;SEC_601
2012;134;16-17;11;13;24;SEC_134
2009;112;50-64;177;175;352;SEC_112
2014;140;35-49;120;125;245;SEC_140
2004;208;25-34;140;118;258;SEC_208
2015;303;50-64;112;118;230;SEC_303
2009;130;65-74;74;51;125;SEC_130
2009;246;03-11;42;53;95;SEC_246
2000;248;50-64;86;79;165;SEC_248
2006;438;16-17;10;3;13;SEC_438
1995;227;35-49;60;53;113;SEC_227
2012;532;12-15;25;18;43;SEC_532
1997;511;75 i +;29;11;40;SEC_511
2004;426;25-34;112;146;258;SEC_426
2011;221;65-74;52;51;103;SEC_221
1996;535;65-74;34;27;61;SEC_535
1999;503;16-17;15;19;34;SEC_503
2004;111;16-17;9;7;16;SEC_111
2016;611;35-49;237;257;494;SEC_611
1997;624;25-34;78;114;192;SEC_624
2012;404;65-74;66;48;114;SEC_404
2003;139;65-74;38;27;65;SEC_139
2015;325;50-64;194;146;340;SEC_325
2016;217;18-24;63;52;115;SEC_217
2012;416;75 i +;51;41;92;SEC_416
2014;631;16-17;7;7;14;SEC_631
2000;436;75 i +;30;20;50;SEC_436
2011;406;12-15;34;25;59;SEC_406
2005;510;35-49;110;137;247;SEC_510
2004;239;16-17;0;9;9;SEC_239
2000;223;50-64;107;99;206;SEC_223
1996;521;18-24;122;141;263;SEC_521
2000;122;18-24;40;27;67;SEC_122
1998;315;35-49;176;174;350;SEC_315
1995;518;25-34;96;103;199;SEC_518
2000;424;75 i +;21;11;32;SEC_424
1997;319;16-17;15;13;28;SEC_319
2002;102;12-15;27;26;53;SEC_102
2001;510;25-34;99;99;198;SEC_510
2002;310;50-64;72;88;160;SEC_310
2015;319;12-15;29;34;63;SEC_319
1994;114;25-34;133;163;296;SEC_114
2001;217;03-11;15;19;34;SEC_217
2003;107;35-49;187;161;348;SEC_107
2000;120;00-02;23;25;48;SEC_120
2013;313;65-74;99;74;173;SEC_313
2014;106;25-34;121;115;236;SEC_106
1999;626;12-15;20;22;42;SEC_626
2005;628;03-11;38;36;74;SEC_628
2010;411;03-11;39;29;68;SEC_411
1995;247;18-24;68;60;128;SEC_247
2014;526;03-11;69;94;163;SEC_526
2008;238;65-74;40;34;74;SEC_238
2005;125;00-02;21;24;45;SEC_125
1997;208;35-49;178;165;343;SEC_208
1994;215;75 i +;67;34;101;SEC_215
2001;405;35-49;66;72;138;SEC_405
2013;208;18-24;48;56;104;SEC_208
2001;130;12-15;13;11;24;SEC_130
2013;243;03-11;73;80;153;SEC_243
2001;618;25-34;55;79;134;SEC_618
2002;440;35-49;68;87;155;SEC_440
2013;207;50-64;168;143;311;SEC_207
2008;437;16-17;10;9;19;SEC_437
2015;502;25-34;87;103;190;SEC_502
2007;219;65-74;62;48;110;SEC_219
2007;229;00-02;9;7;16;SEC_229
1999;528;65-74;61;55;116;SEC_528
2003;316;65-74;41;39;80;SEC_316
2015;617;12-15;20;15;35;SEC_617
2007;213;12-15;13;18;31;SEC_213
1995;534;65-74;56;41;97;SEC_534
2006;303;65-74;136;130;266;SEC_303
1998;624;75 i +;27;12;39;SEC_624
2011;240;65-74;35;33;68;SEC_240
2008;528;16-17;12;10;22;SEC_528
2013;325;16-17;19;18;37;SEC_325
2009;240;16-17;7;8;15;SEC_240
2002;618;03-11;18;28;46;SEC_618
2003;302;35-49;135;126;261;SEC_302
2015;213;50-64;86;69;155;SEC_213
1994;629;12-15;18;20;38;SEC_629
2014;130;12-15;22;18;40;SEC_130
1994;107;16-17;43;38;81;SEC_107
1996;432;35-49;162;136;298;SEC_432
2011;210;16-17;7;3;10;SEC_210
2014;319;65-74;66;70;136;SEC_319
2009;437;16-17;12;20;32;SEC_437
1997;120;50-64;102;113;215;SEC_120
2015;534;35-49;119;116;235;SEC_534
1997;212;00-02;7;11;18;SEC_212
1994;303;50-64;218;225;443;SEC_303
2011;245;00-02;15;17;32;SEC_245
2014;312;65-74;132;95;227;SEC_312
2005;101;75 i +;34;27;61;SEC_101
2007;123;18-24;42;40;82;SEC_123
2000;115;00-02;16;10;26;SEC_115
2012;408;25-34;74;103;177;SEC_408
2002;209;18-24;24;29;53;SEC_209
1997;620;75 i +;11;1;12;SEC_620
1997;316;12-15;116;128;244;SEC_316
2002;247;75 i +;64;33;97;SEC_247
2016;314;65-74;129;112;241;SEC_314
1998;528;35-49;75;83;158;SEC_528
2008;504;50-64;115;78;193;SEC_504
2003;507;35-49;84;86;170;SEC_507
1998;534;18-24;56;70;126;SEC_534
2006;430;25-34;99;150;249;SEC_430
2009;229;00-02;14;12;26;SEC_229
2003;504;16-17;5;10;15;SEC_504
2005;112;75 i +;68;29;97;SEC_112
2013;314;03-11;82;102;184;SEC_314
1994;521;25-34;69;74;143;SEC_521
2012;435;00-02;24;27;51;SEC_435
1998;501;50-64;124;152;276;SEC_501
2003;239;50-64;92;76;168;SEC_239
2009;129;25-34;105;97;202;SEC_129
1999;401;35-49;116;113;229;SEC_401
1998;601;35-49;136;128;264;SEC_601
2006;212;65-74;65;63;128;SEC_212
2005;247;65-74;70;66;136;SEC_247
2000;534;35-49;83;76;159;SEC_534
1999;631;03-11;41;23;64;SEC_631
2002;421;75 i +;61;36;97;SEC_421
2007;126;25-34;89;86;175;SEC_126
2010;415;12-15;13;18;31;SEC_415
2001;433;18-24;54;52;106;SEC_433
2007;138;50-64;99;92;191;SEC_138
2005;122;16-17;7;3;10;SEC_122
2002;406;12-15;20;15;35;SEC_406
2016;532;03-11;72;60;132;SEC_532
1996;510;35-49;84;91;175;SEC_510
2004;519;25-34;63;70;133;SEC_519
1996;215;35-49;70;68;138;SEC_215
2007;121;75 i +;79;45;124;SEC_121
1999;510;65-74;65;53;118;SEC_510
2003;416;25-34;65;81;146;SEC_416
2011;608;75 i +;61;43;104;SEC_608
2014;118;18-24;70;53;123;SEC_118
2003;205;35-49;89;89;178;SEC_205
1997;515;65-74;32;25;57;SEC_515
2004;523;50-64;117;112;229;SEC_523
2012;423;50-64;76;68;144;SEC_423
2013;418;25-34;80;108;188;SEC_418
2005;304;35-49;153;177;330;SEC_304
2012;439;18-24;47;53;100;SEC_439
1994;421;00-02;12;9;21;SEC_421
2016;508;12-15;22;13;35;SEC_508
1999;530;25-34;115;124;239;SEC_530
2009;134;00-02;16;22;38;SEC_134
2001;230;35-49;66;78;144;SEC_230
2002;239;03-11;28;39;67;SEC_239
2010;111;65-74;66;50;116;SEC_111
2014;116;03-11;56;55;111;SEC_116
2016;622;50-64;90;74;164;SEC_622
2009;204;03-11;19;16;35;SEC_204
2015;532;50-64;111;82;193;SEC_532
1994;105;65-74;52;42;94;SEC_105
1998;532;50-64;153;153;306;SEC_532
1996;435;16-17;9;15;24;SEC_435
2003;620;35-49;58;64;122;SEC_620
2006;418;18-24;52;56;108;SEC_418
2013;201;65-74;51;31;82;SEC_201
2002;611;75 i +;58;37;95;SEC_611
1998;623;18-24;124;141;265;SEC_623
2007;535;50-64;135;122;257;SEC_535
2015;128;35-49;163;151;314;SEC_128
2014;240;00-02;19;18;37;SEC_240
2011;316;25-34;151;193;344;SEC_316
2004;535;12-15;16;22;38;SEC_535
2002;430;00-02;15;10;25;SEC_430
2002;437;03-11;30;28;58;SEC_437
1997;628;12-15;30;32;62;SEC_628
2000;435;18-24;33;43;76;SEC_435
1998;422;50-64;84;80;164;SEC_422
1994;419;75 i +;36;18;54;SEC_419
1994;533;25-34;95;106;201;SEC_533
1997;612;50-64;190;177;367;SEC_612
2004;612;12-15;14;12;26;SEC_612
2005;506;50-64;260;211;471;SEC_506
1996;511;75 i +;29;9;38;SEC_511
2011;213;00-02;10;14;24;SEC_213
2016;507;12-15;13;22;35;SEC_507
1994;630;18-24;69;70;139;SEC_630
1998;425;65-74;75;67;142;SEC_425
1999;533;50-64;85;75;160;SEC_533
1997;508;00-02;6;8;14;SEC_508
2007;609;50-64;115;86;201;SEC_609
2012;608;16-17;6;8;14;SEC_608
1994;631;65-74;28;35;63;SEC_631
1999;609;03-11;20;35;55;SEC_609
2015;626;03-11;35;36;71;SEC_626
1995;231;18-24;65;58;123;SEC_231
2002;629;16-17;6;6;12;SEC_629
2016;138;12-15;11;7;18;SEC_138
2010;515;35-49;78;101;179;SEC_515
1994;538;16-17;23;13;36;SEC_538
2002;411;12-15;19;6;25;SEC_411
1996;529;18-24;59;61;120;SEC_529
1995;317;75 i +;43;16;59;SEC_317
2009;201;50-64;63;40;103;SEC_201
2013;132;16-17;15;25;40;SEC_132
2003;626;16-17;7;10;17;SEC_626
1997;417;00-02;5;4;9;SEC_417
2005;214;25-34;94;112;206;SEC_214
2000;119;65-74;70;59;129;SEC_119
2010;405;35-49;98;105;203;SEC_405
2013;310;16-17;9;5;14;SEC_310
2005;525;25-34;91;107;198;SEC_525
1997;240;16-17;5;5;10;SEC_240
2014;529;50-64;81;90;171;SEC_529
1997;531;00-02;7;5;12;SEC_531
1997;612;25-34;97;124;221;SEC_612
2016;304;16-17;42;21;63;SEC_304
2005;228;75 i +;45;23;68;SEC_228
2007;414;16-17;7;2;9;SEC_414
1999;602;75 i +;25;14;39;SEC_602
2003;240;65-74;68;50;118;SEC_240
2010;110;12-15;13;13;26;SEC_110
1998;407;50-64;102;87;189;SEC_407
1997;248;16-17;8;18;26;SEC_248
2013;517;25-34;169;204;373;SEC_517
2004;325;18-24;75;69;144;SEC_325
1997;213;75 i +;22;14;36;SEC_213
2005;533;18-24;46;48;94;SEC_533
2002;239;35-49;108;110;218;SEC_239
1997;313;03-11;83;69;152;SEC_313
2005;512;18-24;32;39;71;SEC_512
2014;314;12-15;34;30;64;SEC_314
2007;507;50-64;85;74;159;SEC_507
2001;422;12-15;12;20;32;SEC_422
2016;601;00-02;20;29;49;SEC_601
2003;611;00-02;28;24;52;SEC_611
2005;248;16-17;6;13;19;SEC_248
2013;110;75 i +;77;37;114;SEC_110
2008;509;65-74;41;36;77;SEC_509
2011;308;12-15;38;50;88;SEC_308
2003;115;12-15;17;26;43;SEC_115
1994;234;18-24;35;51;86;SEC_234
2004;502;16-17;15;19;34;SEC_502
2008;430;18-24;49;45;94;SEC_430
1994;113;25-34;98;89;187;SEC_113
1996;507;16-17;17;16;33;SEC_507
2010;514;65-74;42;27;69;SEC_514
2015;625;03-11;29;42;71;SEC_625
1999;304;12-15;11;18;29;SEC_304
2015;309;75 i +;46;25;71;SEC_309
1997;311;65-74;90;71;161;SEC_311
1998;437;16-17;7;9;16;SEC_437
2001;520;35-49;83;67;150;SEC_520
1996;319;00-02;7;13;20;SEC_319
1997;516;50-64;72;63;135;SEC_516
2000;625;03-11;48;42;90;SEC_625
2010;116;50-64;161;131;292;SEC_116
2002;608;12-15;10;18;28;SEC_608
2000;240;03-11;17;25;42;SEC_240
2015;216;65-74;74;51;125;SEC_216
2009;434;75 i +;57;29;86;SEC_434
2002;124;00-02;5;8;13;SEC_124
2007;407;50-64;81;67;148;SEC_407
2011;224;35-49;83;90;173;SEC_224
2001;420;16-17;13;13;26;SEC_420
2014;630;65-74;73;60;133;SEC_630
2015;234;75 i +;65;39;104;SEC_234
2004;630;75 i +;29;20;49;SEC_630
2014;327;50-64;171;138;309;SEC_327
1997;243;16-17;11;10;21;SEC_243
2001;233;65-74;52;48;100;SEC_233
1997;133;18-24;55;65;120;SEC_133
1997;436;03-11;24;27;51;SEC_436
1994;527;18-24;61;49;110;SEC_527
1998;318;00-02;10;14;24;SEC_318
1995;302;00-02;17;20;37;SEC_302
2006;412;50-64;182;163;345;SEC_412
2012;612;00-02;10;14;24;SEC_612
2001;612;16-17;8;12;20;SEC_612
2013;526;35-49;221;251;472;SEC_526
2006;511;12-15;8;12;20;SEC_511
1997;223;12-15;9;19;28;SEC_223
2009;323;18-24;115;101;216;SEC_323
2005;432;25-34;96;129;225;SEC_432
2000;401;18-24;53;52;105;SEC_401
2009;216;35-49;136;147;283;SEC_216
1999;302;00-02;12;13;25;SEC_302
2005;221;16-17;11;10;21;SEC_221
1997;512;65-74;47;35;82;SEC_512
2013;624;16-17;7;8;15;SEC_624
2010;139;25-34;73;102;175;SEC_139
2006;425;65-74;64;50;114;SEC_425
2004;118;12-15;37;26;63;SEC_118
2000;111;65-74;47;45;92;SEC_111
2013;601;12-15;30;31;61;SEC_601
2014;311;00-02;8;22;30;SEC_311
1998;410;75 i +;61;44;105;SEC_410
2005;628;35-49;97;94;191;SEC_628
2012;609;75 i +;39;31;70;SEC_609
2010;212;00-02;25;21;46;SEC_212
2005;601;16-17;7;11;18;SEC_601
1994;305;75 i +;56;36;92;SEC_305
2011;409;18-24;23;34;57;SEC_409
2010;240;12-15;10;15;25;SEC_240
2002;305;75 i +;87;45;132;SEC_305
2006;307;18-24;52;64;116;SEC_307
1994;236;25-34;84;97;181;SEC_236
1999;238;12-15;13;13;26;SEC_238
2000;502;18-24;101;85;186;SEC_502
1995;209;25-34;77;93;170;SEC_209
1995;123;65-74;78;61;139;SEC_123
1995;247;12-15;21;17;38;SEC_247
2001;115;75 i +;51;33;84;SEC_115
1998;429;12-15;9;12;21;SEC_429
1997;435;75 i +;91;43;134;SEC_435
2001;203;18-24;26;33;59;SEC_203
1994;237;35-49;115;115;230;SEC_237
2008;416;35-49;95;103;198;SEC_416
2004;620;12-15;14;17;31;SEC_620
2009;403;65-74;83;82;165;SEC_403
2015;111;18-24;22;21;43;SEC_111
2010;609;50-64;87;51;138;SEC_609
2007;116;65-74;76;80;156;SEC_116
1998;416;25-34;60;68;128;SEC_416
2008;601;25-34;110;124;234;SEC_601
1994;138;00-02;6;15;21;SEC_138
2012;610;18-24;28;39;67;SEC_610
2007;513;12-15;8;8;16;SEC_513
1996;408;18-24;46;51;97;SEC_408
2010;617;25-34;61;77;138;SEC_617
2012;536;25-34;75;69;144;SEC_536
2011;317;50-64;65;75;140;SEC_317
2001;622;12-15;18;16;34;SEC_622
1995;202;03-11;23;26;49;SEC_202
1994;320;75 i +;22;17;39;SEC_320
1998;218;35-49;72;68;140;SEC_218
2015;440;35-49;114;109;223;SEC_440
2008;432;03-11;40;40;80;SEC_432
2002;111;35-49;96;88;184;SEC_111
2001;503;35-49;138;97;235;SEC_503
2015;612;25-34;45;37;82;SEC_612
1995;205;65-74;53;37;90;SEC_205
2006;530;00-02;25;14;39;SEC_530
2002;440;03-11;30;28;58;SEC_440
2015;323;50-64;206;179;385;SEC_323
2007;505;25-34;109;108;217;SEC_505
1996;513;12-15;12;4;16;SEC_513
1994;140;00-02;5;2;7;SEC_140
2016;624;00-02;20;11;31;SEC_624
2004;320;18-24;29;29;58;SEC_320
2013;124;50-64;88;67;155;SEC_124
2005;137;75 i +;54;28;82;SEC_137
2005;426;18-24;65;51;116;SEC_426
1994;621;12-15;72;74;146;SEC_621
2002;439;65-74;65;66;131;SEC_439
1999;437;25-34;59;88;147;SEC_437
2004;537;65-74;83;61;144;SEC_537
2010;214;25-34;98;121;219;SEC_214
2010;235;12-15;28;35;63;SEC_235
2000;225;75 i +;41;39;80;SEC_225
2012;537;75 i +;76;59;135;SEC_537
2016;102;16-17;15;17;32;SEC_102
2014;247;25-34;94;93;187;SEC_247
1997;615;25-34;89;99;188;SEC_615
2002;307;50-64;185;175;360;SEC_307
2004;519;50-64;46;38;84;SEC_519
2006;237;65-74;72;62;134;SEC_237
2012;224;03-11;28;28;56;SEC_224
2010;430;50-64;63;62;125;SEC_430
1997;320;12-15;8;8;16;SEC_320
2003;611;50-64;195;156;351;SEC_611
1995;618;35-49;78;59;137;SEC_618
2007;229;35-49;97;113;210;SEC_229
1994;621;35-49;263;246;509;SEC_621
2006;247;00-02;15;27;42;SEC_247
1995;418;75 i +;53;38;91;SEC_418
2003;537;65-74;86;60;146;SEC_537
2015;504;50-64;76;70;146;SEC_504
2004;103;50-64;62;62;124;SEC_103
2015;102;65-74;132;121;253;SEC_102
2009;613;50-64;122;72;194;SEC_613
2010;408;75 i +;47;36;83;SEC_408
2007;137;35-49;176;148;324;SEC_137
2010;310;03-11;37;40;77;SEC_310
1997;239;03-11;22;34;56;SEC_239
1998;605;35-49;53;44;97;SEC_605
2006;416;00-02;8;15;23;SEC_416
2009;406;12-15;24;28;52;SEC_406
1998;427;12-15;11;12;23;SEC_427
2005;101;50-64;121;123;244;SEC_101
2002;531;75 i +;49;23;72;SEC_531
2008;603;03-11;30;30;60;SEC_603
2004;425;16-17;8;10;18;SEC_425
2000;621;25-34;150;158;308;SEC_621
2006;505;16-17;11;6;17;SEC_505
1998;617;50-64;128;105;233;SEC_617
2003;526;03-11;31;25;56;SEC_526
2011;229;25-34;74;75;149;SEC_229
1995;135;12-15;37;53;90;SEC_135
2000;520;03-11;32;28;60;SEC_520
2007;622;75 i +;45;9;54;SEC_622
2001;218;65-74;40;28;68;SEC_218
2002;524;65-74;77;63;140;SEC_524
2000;310;35-49;98;110;208;SEC_310
2005;310;12-15;12;15;27;SEC_310
1994;213;03-11;37;46;83;SEC_213
2016;616;03-11;115;114;229;SEC_616
2016;105;75 i +;63;42;105;SEC_105
2001;315;00-02;14;23;37;SEC_315
2002;202;00-02;7;4;11;SEC_202
1999;207;00-02;7;4;11;SEC_207
1995;128;75 i +;33;16;49;SEC_128
1999;231;12-15;15;7;22;SEC_231
2001;315;35-49;172;168;340;SEC_315
2011;304;50-64;133;126;259;SEC_304
2010;415;75 i +;34;22;56;SEC_415
2005;216;18-24;54;63;117;SEC_216
2004;508;35-49;58;87;145;SEC_508
2001;434;65-74;60;36;96;SEC_434
2016;133;50-64;85;74;159;SEC_133
2012;521;75 i +;55;48;103;SEC_521
2007;439;25-34;120;146;266;SEC_439
2009;235;16-17;12;8;20;SEC_235
2016;108;25-34;106;87;193;SEC_108
2000;608;25-34;77;112;189;SEC_608
2000;516;16-17;8;3;11;SEC_516
2013;246;75 i +;74;44;118;SEC_246
1996;431;00-02;9;14;23;SEC_431
1999;238;50-64;69;62;131;SEC_238
2005;229;12-15;13;20;33;SEC_229
2000;315;00-02;17;26;43;SEC_315
2012;217;65-74;12;16;28;SEC_217
2016;431;35-49;197;234;431;SEC_431
2003;514;35-49;69;91;160;SEC_514
2012;409;00-02;12;11;23;SEC_409
1999;105;50-64;77;99;176;SEC_105
1997;601;12-15;32;33;65;SEC_601
2014;611;75 i +;89;73;162;SEC_611
2008;419;16-17;9;8;17;SEC_419
2003;220;00-02;8;10;18;SEC_220
1999;214;03-11;18;16;34;SEC_214
1994;215;00-02;7;8;15;SEC_215
2004;127;12-15;18;16;34;SEC_127
2006;602;16-17;5;3;8;SEC_602
1994;112;12-15;54;45;99;SEC_112
2005;315;65-74;58;49;107;SEC_315
2009;618;18-24;19;20;39;SEC_618
2006;235;35-49;166;182;348;SEC_235
2010;408;65-74;50;28;78;SEC_408
2015;248;50-64;107;108;215;SEC_248
2016;307;00-02;17;12;29;SEC_307
2009;434;65-74;28;11;39;SEC_434
2015;137;35-49;182;160;342;SEC_137
2010;204;25-34;49;61;110;SEC_204
1995;603;35-49;64;54;118;SEC_603
2014;123;65-74;58;58;116;SEC_123
1999;229;00-02;12;9;21;SEC_229
2012;248;16-17;9;11;20;SEC_248
2012;321;35-49;244;202;446;SEC_321
2012;240;65-74;35;29;64;SEC_240
2001;121;16-17;6;4;10;SEC_121
2002;523;50-64;127;107;234;SEC_523
2006;610;12-15;11;17;28;SEC_610
2003;132;35-49;245;236;481;SEC_132
2015;216;25-34;94;87;181;SEC_216
2009;111;25-34;65;54;119;SEC_111
2016;211;12-15;23;37;60;SEC_211
1999;408;75 i +;35;16;51;SEC_408
2002;104;00-02;8;8;16;SEC_104
2003;309;25-34;70;99;169;SEC_309
2003;511;12-15;13;9;22;SEC_511
1998;325;65-74;125;100;225;SEC_325
2012;602;00-02;4;7;11;SEC_602
1998;523;18-24;58;66;124;SEC_523
1995;401;50-64;136;125;261;SEC_401
2004;612;75 i +;41;22;63;SEC_612
2013;116;12-15;26;22;48;SEC_116
1999;249;16-17;6;10;16;SEC_249
1996;244;03-11;15;15;30;SEC_244
2015;313;18-24;51;57;108;SEC_313
2006;506;65-74;92;97;189;SEC_506
2003;140;12-15;4;12;16;SEC_140
2003;312;12-15;29;25;54;SEC_312
2015;627;00-02;5;12;17;SEC_627
2008;228;03-11;16;22;38;SEC_228
2010;504;25-34;81;81;162;SEC_504
2013;623;16-17;9;12;21;SEC_623
1995;243;25-34;143;143;286;SEC_243
2001;412;00-02;11;11;22;SEC_412
2014;430;03-11;58;58;116;SEC_430
2008;618;25-34;38;34;72;SEC_618
1998;315;50-64;109;131;240;SEC_315
2010;620;16-17;6;4;10;SEC_620
2006;104;16-17;5;5;10;SEC_104
2008;529;65-74;71;67;138;SEC_529
2007;205;12-15;14;14;28;SEC_205
1998;213;12-15;22;22;44;SEC_213
2015;618;35-49;131;115;246;SEC_618
2006;411;50-64;98;78;176;SEC_411
2009;613;03-11;43;47;90;SEC_613
2012;623;00-02;13;11;24;SEC_623
1998;624;18-24;108;136;244;SEC_624
2006;502;16-17;15;7;22;SEC_502
1994;601;75 i +;61;18;79;SEC_601
1995;411;12-15;33;17;50;SEC_411
2013;224;75 i +;74;37;111;SEC_224
2007;137;00-02;27;18;45;SEC_137
2002;234;35-49;102;97;199;SEC_234
2015;616;16-17;16;36;52;SEC_616
2002;229;03-11;30;27;57;SEC_229
2007;210;03-11;27;28;55;SEC_210
1998;130;75 i +;62;36;98;SEC_130
2015;208;16-17;14;11;25;SEC_208
2011;107;75 i +;100;52;152;SEC_107
2011;247;03-11;70;67;137;SEC_247
2007;514;16-17;9;4;13;SEC_514
2006;315;25-34;167;187;354;SEC_315
2002;619;18-24;78;79;157;SEC_619
1994;237;12-15;27;25;52;SEC_237
2012;233;50-64;68;67;135;SEC_233
2016;517;03-11;109;95;204;SEC_517
2010;603;03-11;33;42;75;SEC_603
2002;133;65-74;58;37;95;SEC_133
2002;307;03-11;45;48;93;SEC_307
2007;619;50-64;153;130;283;SEC_619
2015;423;03-11;42;38;80;SEC_423
2005;501;75 i +;22;9;31;SEC_501
2013;210;16-17;5;8;13;SEC_210
1997;412;65-74;75;76;151;SEC_412
2000;107;18-24;116;128;244;SEC_107
1995;127;25-34;76;71;147;SEC_127
2004;435;16-17;18;14;32;SEC_435
2010;215;50-64;88;77;165;SEC_215
2005;218;25-34;69;97;166;SEC_218
2009;244;16-17;8;7;15;SEC_244
2003;220;25-34;86;82;168;SEC_220
2012;434;25-34;53;38;91;SEC_434
2008;218;00-02;8;12;20;SEC_218
1997;409;65-74;33;31;64;SEC_409
2014;233;00-02;14;17;31;SEC_233
2001;624;12-15;15;17;32;SEC_624
2004;223;03-11;45;46;91;SEC_223
2004;111;25-34;85;110;195;SEC_111
2012;408;18-24;37;31;68;SEC_408
1999;632;50-64;105;96;201;SEC_632
1997;629;35-49;64;57;121;SEC_629
2012;228;00-02;16;15;31;SEC_228
2002;101;03-11;64;62;126;SEC_101
2006;314;18-24;117;117;234;SEC_314
2016;224;00-02;22;23;45;SEC_224
2003;616;35-49;292;297;589;SEC_616
2005;407;50-64;75;70;145;SEC_407
2002;534;03-11;31;28;59;SEC_534
2000;413;03-11;27;19;46;SEC_413
2004;535;16-17;13;8;21;SEC_535
2004;615;18-24;31;23;54;SEC_615
2015;321;03-11;59;77;136;SEC_321
2005;407;18-24;36;54;90;SEC_407
2001;111;00-02;5;15;20;SEC_111
2003;315;75 i +;57;32;89;SEC_315
2006;103;75 i +;41;27;68;SEC_103
2015;523;00-02;22;18;40;SEC_523
1998;425;16-17;12;6;18;SEC_425
2005;431;00-02;27;31;58;SEC_431
2003;620;18-24;38;29;67;SEC_620
1998;135;18-24;82;108;190;SEC_135
1998;510;16-17;10;14;24;SEC_510
2011;438;25-34;70;60;130;SEC_438
2000;604;75 i +;25;15;40;SEC_604
2002;514;50-64;54;40;94;SEC_514
2012;125;65-74;77;79;156;SEC_125
2009;240;25-34;73;73;146;SEC_240
2006;501;18-24;41;49;90;SEC_501
2001;433;16-17;10;6;16;SEC_433
2000;426;00-02;11;9;20;SEC_426
1998;220;75 i +;40;19;59;SEC_220
2006;424;75 i +;20;20;40;SEC_424
1996;530;25-34;120;125;245;SEC_530
2004;107;50-64;176;164;340;SEC_107
1996;205;18-24;45;53;98;SEC_205
2011;525;50-64;64;71;135;SEC_525
2011;435;00-02;32;23;55;SEC_435
1999;321;03-11;86;103;189;SEC_321
2011;212;12-15;25;29;54;SEC_212
2011;120;65-74;58;65;123;SEC_120
1997;429;12-15;11;17;28;SEC_429
1994;246;00-02;16;7;23;SEC_246
1999;618;50-64;71;78;149;SEC_618
1998;516;00-02;7;10;17;SEC_516
2010;419;18-24;35;41;76;SEC_419
2008;519;03-11;28;41;69;SEC_519
1997;630;25-34;63;75;138;SEC_630
2002;632;35-49;91;93;184;SEC_632
2000;530;35-49;120;115;235;SEC_530
2016;614;12-15;20;13;33;SEC_614
2005;113;65-74;50;34;84;SEC_113
2016;127;16-17;4;3;7;SEC_127
2003;413;00-02;6;5;11;SEC_413
2001;422;35-49;83;98;181;SEC_422
2008;428;65-74;22;15;37;SEC_428
1999;617;18-24;55;86;141;SEC_617
1995;113;75 i +;34;14;48;SEC_113
2008;233;50-64;62;60;122;SEC_233
2002;245;00-02;20;11;31;SEC_245
1997;126;16-17;16;13;29;SEC_126
2007;108;12-15;17;25;42;SEC_108
2008;501;18-24;32;28;60;SEC_501
1997;314;18-24;139;148;287;SEC_314
2005;138;65-74;38;35;73;SEC_138
1998;611;65-74;82;68;150;SEC_611
1998;303;65-74;91;105;196;SEC_303
2006;505;18-24;38;33;71;SEC_505
2001;304;12-15;18;20;38;SEC_304
1999;105;16-17;11;19;30;SEC_105
2007;217;65-74;23;18;41;SEC_217
2016;238;12-15;13;12;25;SEC_238
2005;247;35-49;152;177;329;SEC_247
1996;322;65-74;63;58;121;SEC_322
2011;441;50-64;238;222;460;SEC_441
1997;530;25-34;116;122;238;SEC_530
2006;422;35-49;119;148;267;SEC_422
2007;521;12-15;9;9;18;SEC_521
2009;604;03-11;29;41;70;SEC_604
2003;130;16-17;10;3;13;SEC_130
2005;140;18-24;38;39;77;SEC_140
2005;314;03-11;81;91;172;SEC_314
2001;409;25-34;59;69;128;SEC_409
2000;429;35-49;69;72;141;SEC_429
2016;140;75 i +;63;49;112;SEC_140
2009;120;75 i +;63;26;89;SEC_120
2011;103;12-15;16;15;31;SEC_103
2011;435;16-17;7;11;18;SEC_435
2011;324;00-02;29;21;50;SEC_324
2005;313;50-64;202;187;389;SEC_313
2007;526;12-15;18;18;36;SEC_526
1997;517;16-17;12;14;26;SEC_517
2014;502;25-34;97;108;205;SEC_502
1995;501;35-49;179;149;328;SEC_501
2003;127;03-11;22;27;49;SEC_127
2005;239;35-49;128;150;278;SEC_239
2002;440;75 i +;54;37;91;SEC_440
2010;218;35-49;94;101;195;SEC_218
2006;217;75 i +;46;26;72;SEC_217
2011;212;35-49;189;187;376;SEC_212
2007;248;18-24;52;44;96;SEC_248
2003;517;65-74;69;60;129;SEC_517
1996;604;25-34;73;92;165;SEC_604
2003;110;50-64;187;170;357;SEC_110
2006;319;65-74;47;37;84;SEC_319
2004;227;35-49;76;74;150;SEC_227
2016;238;75 i +;57;38;95;SEC_238
2016;320;18-24;35;39;74;SEC_320
2009;104;50-64;80;56;136;SEC_104
2013;436;25-34;127;119;246;SEC_436
1998;412;65-74;81;87;168;SEC_412
1997;623;35-49;184;150;334;SEC_623
2009;136;12-15;20;19;39;SEC_136
2010;132;03-11;85;79;164;SEC_132
2010;532;35-49;166;169;335;SEC_532
2004;514;65-74;55;43;98;SEC_514
2000;136;50-64;104;106;210;SEC_136
2000;627;12-15;19;29;48;SEC_627
1994;249;00-02;9;6;15;SEC_249
2003;129;75 i +;37;17;54;SEC_129
2008;614;03-11;29;27;56;SEC_614
2008;417;75 i +;31;18;49;SEC_417
2006;608;12-15;19;18;37;SEC_608
2013;615;65-74;100;79;179;SEC_615
2014;414;00-02;27;27;54;SEC_414
2009;237;12-15;32;21;53;SEC_237
2011;217;65-74;14;16;30;SEC_217
2015;410;65-74;105;94;199;SEC_410
1996;122;18-24;50;64;114;SEC_122
2015;419;18-24;68;82;150;SEC_419
2001;538;50-64;110;87;197;SEC_538
1996;222;18-24;40;70;110;SEC_222
2011;617;00-02;12;20;32;SEC_617
2013;625;03-11;32;54;86;SEC_625
2009;405;00-02;15;12;27;SEC_405
1995;410;12-15;45;39;84;SEC_410
2000;627;00-02;16;4;20;SEC_627
2013;123;65-74;59;56;115;SEC_123
1997;631;12-15;24;19;43;SEC_631
2002;219;16-17;13;12;25;SEC_219
2012;512;03-11;36;28;64;SEC_512
2015;616;12-15;47;48;95;SEC_616
1995;112;50-64;123;107;230;SEC_112
1994;420;16-17;21;19;40;SEC_420
1994;429;50-64;70;48;118;SEC_429
2007;413;00-02;6;9;15;SEC_413
1995;130;12-15;17;15;32;SEC_130
2000;214;65-74;42;39;81;SEC_214
2000;609;35-49;54;49;103;SEC_609
2015;619;16-17;8;13;21;SEC_619
1998;135;03-11;70;54;124;SEC_135
1999;302;65-74;55;48;103;SEC_302
2011;313;12-15;26;38;64;SEC_313
2001;616;03-11;138;154;292;SEC_616
2000;224;25-34;51;52;103;SEC_224
1997;304;65-74;96;64;160;SEC_304
2003;621;35-49;145;116;261;SEC_621
1999;606;16-17;16;12;28;SEC_606
2011;630;18-24;31;28;59;SEC_630
2006;303;50-64;149;119;268;SEC_303
2012;515;25-34;47;63;110;SEC_515
2001;607;18-24;38;48;86;SEC_607
2009;522;25-34;82;111;193;SEC_522
2003;128;75 i +;40;26;66;SEC_128
1999;514;16-17;2;11;13;SEC_514
2007;411;35-49;103;119;222;SEC_411
1997;230;16-17;6;7;13;SEC_230
2007;431;35-49;166;206;372;SEC_431
2013;525;65-74;43;36;79;SEC_525
1994;516;50-64;80;73;153;SEC_516
2001;129;35-49;100;108;208;SEC_129
2002;312;75 i +;57;31;88;SEC_312
2010;323;25-34;223;245;468;SEC_323
2011;121;00-02;15;16;31;SEC_121
2010;306;50-64;173;142;315;SEC_306
2011;131;25-34;91;126;217;SEC_131
1997;429;75 i +;31;20;51;SEC_429
2002;248;25-34;89;103;192;SEC_248
2015;526;03-11;84;105;189;SEC_526
2000;307;12-15;27;34;61;SEC_307
2008;535;65-74;67;77;144;SEC_535
2012;506;25-34;101;103;204;SEC_506
2004;136;00-02;19;18;37;SEC_136
2000;616;00-02;38;54;92;SEC_616
2008;308;75 i +;88;47;135;SEC_308
2014;133;16-17;5;6;11;SEC_133
2012;422;12-15;27;17;44;SEC_422
2015;139;75 i +;37;25;62;SEC_139
2016;221;00-02;29;33;62;SEC_221
2010;140;00-02;13;18;31;SEC_140
2010;216;65-74;73;55;128;SEC_216
2014;124;50-64;87;70;157;SEC_124
2012;434;12-15;7;10;17;SEC_434
2016;630;12-15;15;11;26;SEC_630
2002;204;65-74;51;28;79;SEC_204
2012;132;50-64;233;218;451;SEC_132
2011;621;50-64;182;146;328;SEC_621
2012;612;18-24;27;32;59;SEC_612
2001;622;75 i +;40;11;51;SEC_622
2001;407;16-17;4;5;9;SEC_407
2000;523;18-24;61;71;132;SEC_523
2005;523;65-74;92;77;169;SEC_523
2004;209;65-74;68;47;115;SEC_209
2011;601;18-24;38;51;89;SEC_601
1996;120;50-64;91;109;200;SEC_120
2010;608;16-17;9;5;14;SEC_608
2001;120;25-34;143;123;266;SEC_120
2011;412;50-64;177;153;330;SEC_412
1994;119;12-15;44;58;102;SEC_119
1995;503;25-34;78;60;138;SEC_503
2000;510;03-11;26;36;62;SEC_510
2002;516;65-74;51;36;87;SEC_516
1994;211;50-64;129;100;229;SEC_211
2003;314;35-49;315;296;611;SEC_314
1999;104;03-11;24;18;42;SEC_104
2003;207;12-15;10;11;21;SEC_207
2015;320;00-02;5;5;10;SEC_320
2005;421;16-17;5;11;16;SEC_421
2009;601;65-74;100;93;193;SEC_601
2006;612;75 i +;44;25;69;SEC_612
2001;219;65-74;80;57;137;SEC_219
2001;621;03-11;63;61;124;SEC_621
2008;118;75 i +;60;29;89;SEC_118
2005;630;00-02;14;10;24;SEC_630
2014;612;12-15;13;19;32;SEC_612
1994;112;75 i +;58;17;75;SEC_112
2011;427;16-17;11;13;24;SEC_427
2003;530;12-15;25;27;52;SEC_530
1996;518;35-49;71;85;156;SEC_518
2004;534;75 i +;55;27;82;SEC_534
1994;205;75 i +;35;16;51;SEC_205
2012;441;50-64;234;223;457;SEC_441
2003;521;35-49;79;80;159;SEC_521
2010;134;12-15;18;23;41;SEC_134
1999;610;25-34;126;140;266;SEC_610
1996;311;00-02;10;17;27;SEC_311
1999;424;65-74;31;39;70;SEC_424
2007;414;25-34;94;90;184;SEC_414
2006;112;50-64;161;160;321;SEC_112
1997;135;12-15;35;39;74;SEC_135
2002;241;12-15;14;10;24;SEC_241
2000;112;35-49;191;168;359;SEC_112
2000;607;00-02;11;8;19;SEC_607
2003;518;65-74;80;83;163;SEC_518
1998;206;50-64;98;77;175;SEC_206
1999;308;65-74;70;58;128;SEC_308
2008;313;25-34;193;186;379;SEC_313
1998;613;75 i +;38;24;62;SEC_613
1996;322;18-24;92;76;168;SEC_322
2001;129;12-15;24;18;42;SEC_129
1995;525;65-74;39;38;77;SEC_525
2007;229;25-34;78;77;155;SEC_229
1995;438;75 i +;29;15;44;SEC_438
2000;536;25-34;83;90;173;SEC_536
1997;310;12-15;29;21;50;SEC_310
2007;109;16-17;9;7;16;SEC_109
2010;302;25-34;122;130;252;SEC_302
2005;439;00-02;19;22;41;SEC_439
2005;140;75 i +;46;35;81;SEC_140
2012;131;75 i +;69;53;122;SEC_131
2014;316;18-24;84;88;172;SEC_316
2003;134;35-49;153;127;280;SEC_134
1998;601;03-11;40;46;86;SEC_601
2006;103;50-64;61;57;118;SEC_103
2007;435;75 i +;104;45;149;SEC_435
2012;433;25-34;126;122;248;SEC_433
2013;528;50-64;100;77;177;SEC_528
2004;605;18-24;24;22;46;SEC_605
2009;615;65-74;82;81;163;SEC_615
2003;409;35-49;75;73;148;SEC_409
2003;224;65-74;36;26;62;SEC_224
2011;603;18-24;17;28;45;SEC_603
1999;441;18-24;122;124;246;SEC_441
1994;628;03-11;46;40;86;SEC_628
2008;628;75 i +;46;31;77;SEC_628
2012;325;35-49;200;187;387;SEC_325
1997;140;12-15;11;13;24;SEC_140
2012;226;75 i +;83;41;124;SEC_226
2005;625;75 i +;28;19;47;SEC_625
2006;509;35-49;87;98;185;SEC_509
2016;305;35-49;176;199;375;SEC_305
2000;123;65-74;83;77;160;SEC_123
1999;607;18-24;46;52;98;SEC_607
1995;416;03-11;18;19;37;SEC_416
2009;119;65-74;74;71;145;SEC_119
2002;605;25-34;67;70;137;SEC_605
2016;409;75 i +;116;83;199;SEC_409
2005;520;50-64;79;74;153;SEC_520
1996;218;18-24;37;41;78;SEC_218
2010;247;00-02;26;24;50;SEC_247
2008;203;65-74;44;30;74;SEC_203
2001;609;00-02;8;10;18;SEC_609
2002;135;25-34;114;121;235;SEC_135
2007;535;25-34;73;65;138;SEC_535
1998;502;03-11;48;39;87;SEC_502
2002;248;35-49;129;144;273;SEC_248
2007;235;25-34;157;195;352;SEC_235
2000;415;00-02;1;6;7;SEC_415
1996;530;35-49;103;99;202;SEC_530
1998;121;12-15;10;5;15;SEC_121
1997;208;75 i +;115;65;180;SEC_208
2008;407;35-49;131;148;279;SEC_407
2007;610;25-34;82;94;176;SEC_610
2010;207;03-11;34;27;61;SEC_207
2012;314;18-24;62;124;186;SEC_314
2016;526;18-24;85;73;158;SEC_526
2014;403;75 i +;89;74;163;SEC_403
2014;231;00-02;24;19;43;SEC_231
2016;101;12-15;60;53;113;SEC_101
2004;412;18-24;79;92;171;SEC_412
2009;201;00-02;16;24;40;SEC_201
1995;611;75 i +;35;21;56;SEC_611
1998;125;18-24;94;111;205;SEC_125
1996;418;75 i +;53;36;89;SEC_418
2002;104;75 i +;67;45;112;SEC_104
1994;609;03-11;34;42;76;SEC_609
2008;420;65-74;75;61;136;SEC_420
2000;528;03-11;37;32;69;SEC_528
2002;605;00-02;10;7;17;SEC_605
1996;321;03-11;94;114;208;SEC_321
2005;611;65-74;95;102;197;SEC_611
2007;208;25-34;143;131;274;SEC_208
2011;312;03-11;62;71;133;SEC_312
2007;514;12-15;18;12;30;SEC_514
1997;313;75 i +;56;31;87;SEC_313
2013;210;25-34;45;48;93;SEC_210
2012;135;18-24;49;41;90;SEC_135
2006;625;65-74;54;62;116;SEC_625
2012;525;50-64;69;63;132;SEC_525
1997;126;65-74;63;44;107;SEC_126
1994;431;00-02;17;16;33;SEC_431
2008;126;35-49;83;105;188;SEC_126
2016;321;35-49;248;211;459;SEC_321
2015;313;12-15;41;43;84;SEC_313
2006;308;75 i +;81;53;134;SEC_308
2002;229;00-02;5;9;14;SEC_229
2004;102;35-49;151;163;314;SEC_102
2003;304;75 i +;100;44;144;SEC_304
2004;433;75 i +;42;22;64;SEC_433
2010;310;25-34;94;86;180;SEC_310
2009;625;16-17;5;10;15;SEC_625
2005;304;25-34;137;140;277;SEC_304
2006;136;00-02;27;15;42;SEC_136
2005;615;25-34;69;82;151;SEC_615
2001;325;25-34;153;173;326;SEC_325
2000;416;12-15;11;10;21;SEC_416
2016;427;65-74;51;30;81;SEC_427
2009;531;65-74;50;43;93;SEC_531
2007;107;12-15;12;21;33;SEC_107
2001;415;18-24;33;37;70;SEC_415
1999;123;12-15;25;20;45;SEC_123
2001;117;16-17;39;30;69;SEC_117
2003;101;18-24;73;73;146;SEC_101
2015;314;35-49;269;278;547;SEC_314
2015;205;00-02;10;11;21;SEC_205
2011;625;18-24;48;55;103;SEC_625
2016;240;25-34;141;134;275;SEC_240
2005;223;18-24;44;64;108;SEC_223
2010;431;75 i +;90;41;131;SEC_431
1999;406;12-15;22;26;48;SEC_406
2002;404;12-15;25;12;37;SEC_404
1997;103;35-49;82;65;147;SEC_103
2002;115;75 i +;54;35;89;SEC_115
2006;210;25-34;75;68;143;SEC_210
2015;504;65-74;91;69;160;SEC_504
2015;502;03-11;74;70;144;SEC_502
2009;438;50-64;62;67;129;SEC_438
1995;520;18-24;67;64;131;SEC_520
2002;113;35-49;194;156;350;SEC_113
1995;533;00-02;6;6;12;SEC_533
2014;307;16-17;10;11;21;SEC_307
2014;626;65-74;77;53;130;SEC_626
1999;423;65-74;66;46;112;SEC_423
2005;103;03-11;25;31;56;SEC_103
2000;320;50-64;99;87;186;SEC_320
2008;439;03-11;45;65;110;SEC_439
1997;423;50-64;126;124;250;SEC_423
2012;325;65-74;112;114;226;SEC_325
1995;231;65-74;86;66;152;SEC_231
1997;628;35-49;125;89;214;SEC_628
2004;626;35-49;96;99;195;SEC_626
1994;414;75 i +;33;17;50;SEC_414
2013;441;35-49;213;249;462;SEC_441
2009;133;00-02;13;11;24;SEC_133
1999;522;35-49;72;64;136;SEC_522
1999;418;03-11;29;31;60;SEC_418
2012;225;75 i +;50;20;70;SEC_225
2005;511;75 i +;54;33;87;SEC_511
2000;508;00-02;3;5;8;SEC_508
2000;421;00-02;10;13;23;SEC_421
2012;518;03-11;47;44;91;SEC_518
2009;223;25-34;110;118;228;SEC_223
1999;247;16-17;6;7;13;SEC_247
2007;413;75 i +;46;30;76;SEC_413
2008;414;18-24;34;35;69;SEC_414
2001;304;25-34;105;118;223;SEC_304
2008;436;35-49;116;160;276;SEC_436
1995;114;50-64;191;205;396;SEC_114
2016;316;12-15;22;30;52;SEC_316
1994;209;35-49;79;94;173;SEC_209
2012;105;35-49;137;137;274;SEC_105
2015;322;18-24;42;49;91;SEC_322
2000;216;35-49;114;101;215;SEC_216
1996;607;65-74;55;41;96;SEC_607
2006;233;75 i +;54;26;80;SEC_233
2015;138;75 i +;46;35;81;SEC_138
1997;323;35-49;405;384;789;SEC_323
2012;123;25-34;87;79;166;SEC_123
1996;317;35-49;60;82;142;SEC_317
2000;140;75 i +;47;27;74;SEC_140
2013;109;75 i +;70;41;111;SEC_109
1999;242;50-64;106;109;215;SEC_242
1998;611;25-34;172;205;377;SEC_611
2010;415;50-64;56;47;103;SEC_415
2003;512;16-17;9;7;16;SEC_512
1996;101;12-15;38;35;73;SEC_101
2010;622;65-74;42;35;77;SEC_622
1995;248;16-17;13;14;27;SEC_248
2005;632;35-49;88;91;179;SEC_632
1998;323;25-34;192;201;393;SEC_323
2009;320;00-02;20;18;38;SEC_320
2011;322;75 i +;71;46;117;SEC_322
2007;610;65-74;80;103;183;SEC_610
1994;115;25-34;122;111;233;SEC_115
1996;601;00-02;12;11;23;SEC_601
1998;233;50-64;75;68;143;SEC_233
2006;512;75 i +;52;22;74;SEC_512
2008;202;12-15;10;15;25;SEC_202
2002;530;03-11;46;48;94;SEC_530
2009;203;12-15;12;8;20;SEC_203
2012;405;25-34;60;68;128;SEC_405
2015;611;00-02;26;20;46;SEC_611
2002;311;18-24;45;57;102;SEC_311
2015;616;75 i +;57;35;92;SEC_616
2005;436;25-34;117;150;267;SEC_436
2007;416;35-49;91;97;188;SEC_416
2004;632;35-49;95;90;185;SEC_632
2015;217;25-34;114;119;233;SEC_217
2005;432;50-64;156;153;309;SEC_432
2010;434;16-17;6;7;13;SEC_434
1995;210;35-49;86;92;178;SEC_210
2015;614;25-34;34;58;92;SEC_614
2001;424;75 i +;19;8;27;SEC_424
1996;509;75 i +;41;18;59;SEC_509
2010;235;00-02;27;28;55;SEC_235
1998;305;03-11;73;52;125;SEC_305
2000;206;50-64;75;66;141;SEC_206
1996;133;00-02;4;10;14;SEC_133
2009;625;12-15;14;12;26;SEC_625
1994;103;12-15;26;23;49;SEC_103
2013;303;18-24;31;32;63;SEC_303
2014;503;25-34;35;49;84;SEC_503
2002;617;25-34;97;115;212;SEC_617
2004;127;00-02;13;12;25;SEC_127
2006;604;65-74;39;36;75;SEC_604
2009;130;00-02;16;15;31;SEC_130
2003;534;03-11;28;28;56;SEC_534
1999;525;03-11;29;31;60;SEC_525
2013;226;03-11;81;63;144;SEC_226
2002;516;25-34;73;61;134;SEC_516
1995;228;75 i +;29;17;46;SEC_228
2000;614;16-17;4;8;12;SEC_614
2009;138;16-17;6;8;14;SEC_138
2002;438;18-24;38;33;71;SEC_438
2014;406;18-24;64;50;114;SEC_406
1999;404;50-64;126;112;238;SEC_404
2009;239;16-17;9;10;19;SEC_239
2010;314;50-64;264;252;516;SEC_314
2004;517;00-02;20;17;37;SEC_517
2013;103;03-11;32;29;61;SEC_103
2005;632;65-74;63;53;116;SEC_632
2011;231;25-34;120;126;246;SEC_231
1999;237;75 i +;65;37;102;SEC_237
2011;319;75 i +;52;30;82;SEC_319
1998;518;16-17;9;10;19;SEC_518
2006;215;75 i +;65;36;101;SEC_215
2001;413;12-15;9;10;19;SEC_413
2004;238;18-24;27;35;62;SEC_238
2013;401;75 i +;91;42;133;SEC_401
2003;442;50-64;67;57;124;SEC_442
2004;524;00-02;19;17;36;SEC_524
2014;529;03-11;66;52;118;SEC_529
2003;433;16-17;11;2;13;SEC_433
2005;313;00-02;31;31;62;SEC_313
1996;323;16-17;59;60;119;SEC_323
2007;624;50-64;158;122;280;SEC_624
2000;314;18-24;131;150;281;SEC_314
2011;624;35-49;101;138;239;SEC_624
2009;513;18-24;27;21;48;SEC_513
2016;231;75 i +;89;38;127;SEC_231
1994;124;50-64;81;80;161;SEC_124
2003;536;25-34;75;81;156;SEC_536
1999;224;50-64;41;39;80;SEC_224
2009;531;50-64;86;77;163;SEC_531
1994;128;25-34;87;95;182;SEC_128
1996;131;18-24;112;136;248;SEC_131
2013;414;50-64;128;116;244;SEC_414
1994;109;12-15;28;44;72;SEC_109
2012;610;50-64;90;77;167;SEC_610
2008;127;25-34;58;66;124;SEC_127
2016;412;03-11;44;54;98;SEC_412
2008;604;12-15;13;12;25;SEC_604
2014;304;25-34;308;257;565;SEC_304
2003;310;18-24;56;50;106;SEC_310
2004;420;65-74;85;65;150;SEC_420
2012;214;65-74;43;28;71;SEC_214
2011;106;65-74;61;87;148;SEC_106
2007;315;75 i +;67;27;94;SEC_315
2007;627;50-64;169;162;331;SEC_627
2015;401;35-49;116;110;226;SEC_401
2007;401;65-74;68;50;118;SEC_401
2001;312;18-24;60;73;133;SEC_312
1997;241;65-74;74;46;120;SEC_241
1998;240;65-74;67;46;113;SEC_240
1998;513;25-34;61;67;128;SEC_513
2009;441;00-02;22;19;41;SEC_441
2011;137;18-24;59;50;109;SEC_137
2003;622;65-74;36;23;59;SEC_622
2008;622;65-74;33;36;69;SEC_622
1995;427;35-49;65;69;134;SEC_427
2009;518;75 i +;67;49;116;SEC_518
1999;613;50-64;210;198;408;SEC_613
2012;224;18-24;21;22;43;SEC_224
2000;118;03-11;66;64;130;SEC_118
2007;224;50-64;39;47;86;SEC_224
1999;524;16-17;9;11;20;SEC_524
2001;508;35-49;55;71;126;SEC_508
2009;605;35-49;70;81;151;SEC_605
2003;513;00-02;12;12;24;SEC_513
2009;304;25-34;201;204;405;SEC_304
2011;509;75 i +;41;19;60;SEC_509
2015;609;18-24;18;25;43;SEC_609
2007;216;16-17;5;10;15;SEC_216
2005;405;50-64;75;56;131;SEC_405
2012;407;03-11;45;51;96;SEC_407
2005;134;50-64;119;115;234;SEC_134
2007;508;16-17;4;5;9;SEC_508
2008;124;00-02;14;12;26;SEC_124
2016;319;65-74;83;69;152;SEC_319
2012;431;65-74;65;44;109;SEC_431
2010;417;12-15;16;16;32;SEC_417
2002;245;25-34;101;107;208;SEC_245
1996;117;00-02;24;21;45;SEC_117
2005;126;00-02;11;12;23;SEC_126
2005;616;18-24;141;136;277;SEC_616
2012;316;35-49;149;140;289;SEC_316
2003;522;65-74;41;40;81;SEC_522
2015;249;03-11;41;47;88;SEC_249
2012;430;75 i +;53;34;87;SEC_430
2007;605;75 i +;37;29;66;SEC_605
2014;120;50-64;205;193;398;SEC_120
2010;523;03-11;52;51;103;SEC_523
2016;115;18-24;32;44;76;SEC_115
2006;421;25-34;85;103;188;SEC_421
2008;401;12-15;24;16;40;SEC_401
2006;620;65-74;42;42;84;SEC_620
1997;627;25-34;68;81;149;SEC_627
2000;612;03-11;33;32;65;SEC_612
2009;426;25-34;100;143;243;SEC_426
2000;612;18-24;58;71;129;SEC_612
2014;304;03-11;163;158;321;SEC_304
2001;204;25-34;45;49;94;SEC_204
2014;411;75 i +;96;75;171;SEC_411
2014;138;03-11;24;22;46;SEC_138
2003;616;12-15;63;79;142;SEC_616
2007;615;75 i +;34;19;53;SEC_615
2013;114;00-02;17;17;34;SEC_114
2009;521;65-74;72;89;161;SEC_521
2008;124;12-15;7;10;17;SEC_124
1995;609;16-17;22;16;38;SEC_609
2010;605;65-74;70;67;137;SEC_605
2000;249;18-24;47;49;96;SEC_249
1997;501;35-49;157;131;288;SEC_501
1998;605;65-74;41;33;74;SEC_605
2004;308;03-11;81;98;179;SEC_308
2000;423;00-02;7;10;17;SEC_423
2006;528;18-24;56;51;107;SEC_528
2003;211;25-34;136;161;297;SEC_211
2005;240;50-64;48;37;85;SEC_240
2011;318;35-49;99;86;185;SEC_318
2015;113;35-49;216;211;427;SEC_113
2011;515;03-11;26;26;52;SEC_515
2004;213;00-02;9;17;26;SEC_213
2001;115;03-11;45;58;103;SEC_115
1996;430;35-49;61;71;132;SEC_430
2000;412;03-11;46;50;96;SEC_412
2004;404;35-49;137;153;290;SEC_404
2006;316;12-15;41;45;86;SEC_316
1994;236;35-49;100;86;186;SEC_236
2008;304;75 i +;96;51;147;SEC_304
2009;628;18-24;33;34;67;SEC_628
2012;216;25-34;121;98;219;SEC_216
2004;315;25-34;176;181;357;SEC_315
2007;304;12-15;35;22;57;SEC_304
2005;619;18-24;55;64;119;SEC_619
2010;535;16-17;11;11;22;SEC_535
2003;613;18-24;43;36;79;SEC_613
2010;538;65-74;74;46;120;SEC_538
2014;116;50-64;139;111;250;SEC_116
2004;509;03-11;36;45;81;SEC_509
1997;217;12-15;12;12;24;SEC_217
1997;428;35-49;45;40;85;SEC_428
1994;308;75 i +;53;32;85;SEC_308
2014;133;18-24;19;21;40;SEC_133
1997;425;00-02;5;10;15;SEC_425
2001;122;00-02;10;15;25;SEC_122
2006;613;16-17;5;7;12;SEC_613
2000;401;65-74;103;86;189;SEC_401
1996;208;65-74;137;107;244;SEC_208
2013;324;00-02;16;27;43;SEC_324
2007;310;65-74;45;27;72;SEC_310
2011;130;25-34;65;42;107;SEC_130
2014;131;00-02;20;12;32;SEC_131
2000;623;18-24;102;128;230;SEC_623
2001;436;00-02;14;14;28;SEC_436
2002;247;16-17;12;10;22;SEC_247
2006;133;50-64;97;84;181;SEC_133
2011;501;12-15;18;21;39;SEC_501
2008;236;03-11;38;37;75;SEC_236
2013;433;03-11;75;104;179;SEC_433
2009;212;75 i +;67;49;116;SEC_212
2014;139;65-74;51;49;100;SEC_139
2014;537;65-74;85;66;151;SEC_537
2007;408;18-24;39;46;85;SEC_408
2005;208;35-49;190;191;381;SEC_208
2011;610;18-24;29;38;67;SEC_610
2010;420;35-49;182;192;374;SEC_420
2003;404;18-24;57;59;116;SEC_404
2011;527;03-11;45;59;104;SEC_527
2007;108;00-02;11;19;30;SEC_108
1994;228;25-34;52;61;113;SEC_228
2003;214;03-11;30;27;57;SEC_214
2001;426;35-49;90;91;181;SEC_426
2009;208;35-49;154;171;325;SEC_208
1998;310;35-49;105;114;219;SEC_310
2002;404;16-17;9;12;21;SEC_404
1995;523;25-34;109;100;209;SEC_523
2001;518;16-17;4;9;13;SEC_518
1999;535;12-15;30;30;60;SEC_535
2003;311;75 i +;84;49;133;SEC_311
2007;437;18-24;47;44;91;SEC_437
1996;501;75 i +;22;10;32;SEC_501
2008;608;00-02;10;6;16;SEC_608
1998;105;03-11;48;65;113;SEC_105
1995;123;16-17;14;21;35;SEC_123
2000;118;75 i +;38;21;59;SEC_118
1996;325;25-34;146;132;278;SEC_325
2012;102;50-64;152;130;282;SEC_102
1997;533;50-64;95;86;181;SEC_533
2005;131;18-24;61;48;109;SEC_131
1994;607;50-64;167;161;328;SEC_607
2014;138;16-17;11;5;16;SEC_138
1996;435;03-11;41;45;86;SEC_435
1994;106;12-15;83;77;160;SEC_106
2011;131;03-11;42;63;105;SEC_131
1999;403;25-34;69;97;166;SEC_403
2010;213;03-11;27;55;82;SEC_213
1995;203;16-17;6;5;11;SEC_203
2003;532;35-49;127;121;248;SEC_532
2005;631;16-17;5;4;9;SEC_631
2006;410;75 i +;110;97;207;SEC_410
1997;615;00-02;3;4;7;SEC_615
2002;140;35-49;77;85;162;SEC_140
2003;422;03-11;32;41;73;SEC_422
2016;204;00-02;23;19;42;SEC_204
2002;313;12-15;34;26;60;SEC_313
2011;305;16-17;17;12;29;SEC_305
2000;210;16-17;4;9;13;SEC_210
2008;110;12-15;18;16;34;SEC_110
2010;315;18-24;59;66;125;SEC_315
2009;201;18-24;25;36;61;SEC_201
2007;206;16-17;9;5;14;SEC_206
2015;207;12-15;22;33;55;SEC_207
1994;305;00-02;22;9;31;SEC_305
2000;412;12-15;27;30;57;SEC_412
2009;419;12-15;17;20;37;SEC_419
2008;320;03-11;59;52;111;SEC_320
2006;507;25-34;95;103;198;SEC_507
1998;136;03-11;52;41;93;SEC_136
2016;607;50-64;95;84;179;SEC_607
2000;517;65-74;70;57;127;SEC_517
2003;534;18-24;49;43;92;SEC_534
2010;233;25-34;110;125;235;SEC_233
2007;138;65-74;36;38;74;SEC_138
1997;132;16-17;30;44;74;SEC_132
2009;532;18-24;63;55;118;SEC_532
1994;234;16-17;14;10;24;SEC_234
2006;520;18-24;30;27;57;SEC_520
2002;316;35-49;344;274;618;SEC_316
1999;623;35-49;157;137;294;SEC_623
2007;126;03-11;40;36;76;SEC_126
2004;134;00-02;12;18;30;SEC_134
2005;535;00-02;10;8;18;SEC_535
2004;629;65-74;41;37;78;SEC_629
2002;234;16-17;8;7;15;SEC_234
2002;420;50-64;111;79;190;SEC_420
2016;216;50-64;113;105;218;SEC_216
2007;419;35-49;112;142;254;SEC_419
2014;503;65-74;47;54;101;SEC_503
1998;219;50-64;108;99;207;SEC_219
1998;538;75 i +;56;26;82;SEC_538
2003;538;75 i +;68;34;102;SEC_538
1996;518;03-11;29;38;67;SEC_518
2016;125;25-34;85;91;176;SEC_125
2012;521;25-34;56;49;105;SEC_521
1994;204;16-17;8;4;12;SEC_204
2006;611;65-74;101;110;211;SEC_611
1998;127;03-11;49;44;93;SEC_127
1995;309;03-11;23;33;56;SEC_309
1997;233;03-11;23;19;42;SEC_233
2012;321;50-64;306;263;569;SEC_321
2004;537;03-11;45;47;92;SEC_537
2015;619;65-74;96;67;163;SEC_619
1997;220;12-15;11;15;26;SEC_220
2013;401;65-74;54;52;106;SEC_401
1999;125;75 i +;30;23;53;SEC_125
2011;211;35-49;169;195;364;SEC_211
2002;317;00-02;18;12;30;SEC_317
2001;237;65-74;87;64;151;SEC_237
1995;519;35-49;33;30;63;SEC_519
2014;433;75 i +;90;46;136;SEC_433
2005;537;18-24;57;60;117;SEC_537
2015;246;12-15;13;20;33;SEC_246
2008;624;25-34;98;113;211;SEC_624
1997;421;35-49;83;76;159;SEC_421
1998;201;16-17;4;3;7;SEC_201
2015;420;75 i +;136;92;228;SEC_420
2010;615;75 i +;32;27;59;SEC_615
1996;108;65-74;96;83;179;SEC_108
2010;111;18-24;35;31;66;SEC_111
2010;122;75 i +;56;36;92;SEC_122
1996;505;16-17;29;16;45;SEC_505
2011;518;18-24;44;41;85;SEC_518
2006;419;12-15;14;11;25;SEC_419
1997;229;03-11;15;21;36;SEC_229
2002;112;75 i +;62;23;85;SEC_112
2004;310;75 i +;36;23;59;SEC_310
1994;132;25-34;174;180;354;SEC_132
2003;414;75 i +;54;37;91;SEC_414
2001;515;50-64;50;46;96;SEC_515
2012;420;65-74;65;38;103;SEC_420
2000;118;25-34;135;140;275;SEC_118
2011;434;25-34;52;38;90;SEC_434
2009;230;65-74;37;29;66;SEC_230
2001;318;12-15;27;28;55;SEC_318
1998;102;65-74;88;62;150;SEC_102
2002;101;65-74;42;48;90;SEC_101
2003;624;50-64;172;158;330;SEC_624
1997;627;00-02;8;15;23;SEC_627
1995;222;16-17;10;11;21;SEC_222
2011;623;18-24;26;35;61;SEC_623
2010;626;50-64;86;81;167;SEC_626
1995;514;12-15;14;20;34;SEC_514
2010;132;65-74;101;90;191;SEC_132
2007;610;03-11;44;49;93;SEC_610
2011;506;25-34;97;120;217;SEC_506
2009;305;12-15;34;30;64;SEC_305
2012;442;65-74;35;34;69;SEC_442
2007;405;50-64;64;58;122;SEC_405
1996;204;25-34;44;46;90;SEC_204
2001;222;03-11;37;24;61;SEC_222
1994;309;65-74;28;23;51;SEC_309
2014;601;12-15;28;29;57;SEC_601
2004;537;12-15;26;16;42;SEC_537
1994;101;18-24;54;65;119;SEC_101
2008;115;25-34;119;119;238;SEC_115
2005;434;65-74;45;22;67;SEC_434
1997;233;50-64;81;76;157;SEC_233
2010;519;50-64;37;24;61;SEC_519
2013;427;12-15;31;34;65;SEC_427
2014;246;50-64;93;88;181;SEC_246
2000;517;03-11;34;42;76;SEC_517
2000;248;12-15;23;17;40;SEC_248
2010;618;16-17;2;4;6;SEC_618
2000;322;65-74;58;49;107;SEC_322
1995;608;25-34;87;95;182;SEC_608
2003;125;16-17;12;8;20;SEC_125
2010;307;18-24;42;55;97;SEC_307
1996;617;65-74;46;44;90;SEC_617
2010;110;75 i +;70;35;105;SEC_110
2004;125;35-49;146;153;299;SEC_125
1995;413;03-11;19;21;40;SEC_413
2013;532;18-24;54;41;95;SEC_532
1999;533;00-02;9;3;12;SEC_533
1996;125;65-74;56;32;88;SEC_125
1994;216;25-34;87;79;166;SEC_216
2001;442;35-49;58;58;116;SEC_442
2015;619;12-15;18;21;39;SEC_619
1996;439;50-64;111;108;219;SEC_439
2009;247;16-17;15;10;25;SEC_247
2005;234;75 i +;73;44;117;SEC_234
2001;538;12-15;15;17;32;SEC_538
2000;101;35-49;147;156;303;SEC_101
1998;120;25-34;110;109;219;SEC_120
2006;137;35-49;171;158;329;SEC_137
2003;305;03-11;74;48;122;SEC_305
1996;201;25-34;46;56;102;SEC_201
2014;520;18-24;29;32;61;SEC_520
2009;121;00-02;12;16;28;SEC_121
2006;108;65-74;69;50;119;SEC_108
1996;218;50-64;70;70;140;SEC_218
1998;131;35-49;182;178;360;SEC_131
2012;506;00-02;13;17;30;SEC_506
1998;514;16-17;7;9;16;SEC_514
1994;240;16-17;10;9;19;SEC_240
2004;122;16-17;7;8;15;SEC_122
1995;538;65-74;74;65;139;SEC_538
2010;220;12-15;19;11;30;SEC_220
2013;312;65-74;133;96;229;SEC_312
2014;246;03-11;58;46;104;SEC_246
1999;223;03-11;44;41;85;SEC_223
2010;230;18-24;37;42;79;SEC_230
1995;439;35-49;57;64;121;SEC_439
2008;138;75 i +;37;27;64;SEC_138
2003;307;18-24;78;71;149;SEC_307
2012;611;00-02;29;34;63;SEC_611
2006;504;75 i +;65;49;114;SEC_504
2006;617;35-49;91;101;192;SEC_617
2010;223;65-74;61;51;112;SEC_223
2005;632;03-11;43;38;81;SEC_632
2016;302;50-64;137;92;229;SEC_302
2012;113;16-17;10;13;23;SEC_113
2012;429;50-64;67;65;132;SEC_429
2008;128;75 i +;47;33;80;SEC_128
2002;320;25-34;106;117;223;SEC_320
1998;405;18-24;48;48;96;SEC_405
2006;612;16-17;5;11;16;SEC_612
2016;538;18-24;48;51;99;SEC_538
1998;116;12-15;40;29;69;SEC_116
1995;131;65-74;52;49;101;SEC_131
2003;528;65-74;60;56;116;SEC_528
1997;427;00-02;5;9;14;SEC_427
2007;525;00-02;22;14;36;SEC_525
2002;442;65-74;29;23;52;SEC_442
2011;439;03-11;58;67;125;SEC_439
2013;237;16-17;12;11;23;SEC_237
2008;229;35-49;109;114;223;SEC_229
2005;136;12-15;20;22;42;SEC_136
2008;123;16-17;15;11;26;SEC_123
2013;432;00-02;16;12;28;SEC_432
2009;114;35-49;170;179;349;SEC_114
2003;614;50-64;136;109;245;SEC_614
1998;124;03-11;29;29;58;SEC_124
2004;124;03-11;18;27;45;SEC_124
1998;518;12-15;14;23;37;SEC_518
2006;322;35-49;137;145;282;SEC_322
2000;205;75 i +;37;21;58;SEC_205
2013;420;50-64;175;156;331;SEC_420
1998;525;50-64;98;84;182;SEC_525
2014;511;65-74;103;84;187;SEC_511
2005;523;35-49;153;154;307;SEC_523
2012;122;25-34;61;61;122;SEC_122
2013;317;25-34;93;102;195;SEC_317
2011;215;12-15;18;15;33;SEC_215
2016;412;18-24;63;53;116;SEC_412
2014;432;00-02;19;18;37;SEC_432
2007;135;00-02;21;23;44;SEC_135
2003;116;35-49;159;147;306;SEC_116
2010;240;16-17;9;7;16;SEC_240
1996;112;18-24;100;100;200;SEC_112
2009;441;50-64;252;219;471;SEC_441
2011;607;35-49;122;142;264;SEC_607
2015;610;50-64;89;73;162;SEC_610
1998;103;35-49;88;71;159;SEC_103
2015;208;75 i +;234;127;361;SEC_208
2012;225;65-74;33;19;52;SEC_225
2015;435;25-34;95;89;184;SEC_435
2010;216;75 i +;72;53;125;SEC_216
1994;238;75 i +;44;19;63;SEC_238
2006;237;03-11;48;52;100;SEC_237
2010;136;16-17;8;7;15;SEC_136
2005;530;75 i +;87;47;134;SEC_530
2004;526;00-02;17;8;25;SEC_526
2005;536;18-24;36;31;67;SEC_536
1998;301;16-17;21;26;47;SEC_301
2001;417;25-34;53;51;104;SEC_417
2006;525;16-17;10;5;15;SEC_525
1998;205;03-11;29;30;59;SEC_205
2011;245;18-24;50;48;98;SEC_245
2012;505;12-15;12;13;25;SEC_505
2001;442;50-64;62;56;118;SEC_442
2014;608;00-02;17;15;32;SEC_608
2016;621;50-64;157;98;255;SEC_621
2009;408;65-74;51;31;82;SEC_408
2011;249;35-49;140;145;285;SEC_249
2009;432;03-11;46;37;83;SEC_432
2005;529;00-02;8;18;26;SEC_529
2004;403;35-49;93;104;197;SEC_403
2012;510;35-49;131;154;285;SEC_510
1995;223;50-64;129;128;257;SEC_223
1997;135;35-49;174;163;337;SEC_135
1997;404;50-64;145;124;269;SEC_404
2005;607;50-64;107;69;176;SEC_607
1996;311;50-64;136;139;275;SEC_311
2003;508;18-24;34;37;71;SEC_508
2010;233;75 i +;55;34;89;SEC_233
2010;421;50-64;78;71;149;SEC_421
2000;507;35-49;78;75;153;SEC_507
2000;203;25-34;59;53;112;SEC_203
2006;431;65-74;78;59;137;SEC_431
2004;426;18-24;59;51;110;SEC_426
2009;232;16-17;10;6;16;SEC_232
2011;213;35-49;122;111;233;SEC_213
2009;628;12-15;18;14;32;SEC_628
1999;615;50-64;170;149;319;SEC_615
1995;102;75 i +;62;24;86;SEC_102
2005;537;65-74;75;71;146;SEC_537
1999;518;03-11;35;29;64;SEC_518
2012;503;12-15;11;11;22;SEC_503
2015;114;65-74;127;88;215;SEC_114
2014;233;03-11;35;37;72;SEC_233
2005;112;18-24;70;68;138;SEC_112
2006;118;65-74;49;59;108;SEC_118
1996;424;25-34;38;60;98;SEC_424
2002;631;25-34;108;133;241;SEC_631
2012;424;16-17;3;6;9;SEC_424
2000;219;75 i +;83;40;123;SEC_219
2012;209;65-74;49;30;79;SEC_209
2003;530;00-02;13;21;34;SEC_530
2010;206;00-02;10;17;27;SEC_206
2003;536;35-49;87;100;187;SEC_536
2002;139;00-02;15;13;28;SEC_139
2016;246;35-49;168;181;349;SEC_246
2001;140;00-02;15;6;21;SEC_140
2011;425;18-24;34;53;87;SEC_425
2010;244;03-11;26;28;54;SEC_244
2005;303;75 i +;86;62;148;SEC_303
2008;623;03-11;55;67;122;SEC_623
2014;433;50-64;138;154;292;SEC_433
1997;312;18-24;87;105;192;SEC_312
1997;415;25-34;69;56;125;SEC_415
2009;529;03-11;52;62;114;SEC_529
1999;214;50-64;65;55;120;SEC_214
2007;617;03-11;31;49;80;SEC_617
1996;127;00-02;11;7;18;SEC_127
2016;440;18-24;40;34;74;SEC_440
2009;411;75 i +;95;60;155;SEC_411
2010;427;18-24;34;36;70;SEC_427
2012;304;75 i +;102;58;160;SEC_304
1995;531;35-49;77;76;153;SEC_531
1995;538;35-49;95;102;197;SEC_538
1996;416;35-49;48;44;92;SEC_416
2008;325;35-49;211;175;386;SEC_325
1996;433;75 i +;34;21;55;SEC_433
2015;501;75 i +;40;35;75;SEC_501
1994;247;65-74;79;66;145;SEC_247
2010;241;35-49;116;110;226;SEC_241
2009;524;35-49;167;183;350;SEC_524
2005;513;75 i +;40;20;60;SEC_513
2006;523;18-24;61;78;139;SEC_523
2009;521;16-17;5;4;9;SEC_521
1996;613;50-64;202;228;430;SEC_613
2005;223;25-34;127;121;248;SEC_223
2013;622;25-34;46;43;89;SEC_622
2001;413;75 i +;34;19;53;SEC_413
2001;317;35-49;86;108;194;SEC_317
2001;209;65-74;66;54;120;SEC_209
1995;213;12-15;19;28;47;SEC_213
2001;317;18-24;44;54;98;SEC_317
2015;245;50-64;94;87;181;SEC_245
2012;621;75 i +;48;28;76;SEC_621
2006;611;50-64;158;119;277;SEC_611
1994;130;65-74;65;60;125;SEC_130
2013;124;35-49;93;80;173;SEC_124
2005;228;03-11;20;20;40;SEC_228
1996;249;18-24;54;58;112;SEC_249
2009;416;03-11;35;42;77;SEC_416
2006;314;65-74;71;73;144;SEC_314
2004;420;50-64;109;85;194;SEC_420
2002;441;50-64;208;193;401;SEC_441
2002;532;35-49;114;108;222;SEC_532
2000;441;03-11;69;69;138;SEC_441
2012;421;16-17;11;12;23;SEC_421
1999;243;18-24;48;50;98;SEC_243
2013;523;00-02;23;18;41;SEC_523
2009;506;00-02;10;25;35;SEC_506
1996;129;12-15;27;19;46;SEC_129
1994;527;65-74;61;45;106;SEC_527
2002;502;18-24;96;80;176;SEC_502
2012;110;16-17;8;6;14;SEC_110
1994;440;65-74;60;50;110;SEC_440
2004;512;25-34;80;100;180;SEC_512
2002;233;35-49;85;88;173;SEC_233
2008;104;75 i +;78;42;120;SEC_104
1998;227;75 i +;44;22;66;SEC_227
2003;513;50-64;70;53;123;SEC_513
2004;235;25-34;158;175;333;SEC_235
2008;421;16-17;8;15;23;SEC_421
2003;209;75 i +;87;51;138;SEC_209
2006;619;25-34;85;101;186;SEC_619
2002;110;12-15;18;24;42;SEC_110
2014;418;12-15;31;27;58;SEC_418
1994;247;25-34;110;100;210;SEC_247
2014;228;18-24;88;89;177;SEC_228
2016;533;35-49;238;255;493;SEC_533
1998;111;50-64;119;107;226;SEC_111
1999;511;18-24;30;30;60;SEC_511
1997;318;25-34;77;62;139;SEC_318
2006;523;35-49;154;169;323;SEC_523
1995;425;50-64;103;97;200;SEC_425
2005;407;00-02;9;15;24;SEC_407
2014;118;25-34;96;87;183;SEC_118
2010;622;03-11;27;38;65;SEC_622
2016;313;50-64;213;178;391;SEC_313
2006;619;35-49;133;128;261;SEC_619
1996;623;12-15;38;54;92;SEC_623
2015;425;50-64;84;94;178;SEC_425
2001;212;25-34;121;128;249;SEC_212
2002;115;16-17;8;18;26;SEC_115
1999;615;03-11;7;17;24;SEC_615
2014;309;16-17;9;7;16;SEC_309
1997;221;75 i +;40;29;69;SEC_221
2004;407;00-02;11;15;26;SEC_407
2000;325;65-74;123;104;227;SEC_325
2016;435;12-15;20;12;32;SEC_435
2008;105;12-15;16;20;36;SEC_105
2009;116;00-02;18;24;42;SEC_116
2000;518;75 i +;59;25;84;SEC_518
1998;429;03-11;14;23;37;SEC_429
2003;227;16-17;2;4;6;SEC_227
1999;607;35-49;83;94;177;SEC_607
2008;438;12-15;12;14;26;SEC_438
1994;631;75 i +;26;15;41;SEC_631
2010;423;25-34;105;110;215;SEC_423
2013;622;35-49;99;110;209;SEC_622
2015;405;12-15;34;29;63;SEC_405
1995;136;35-49;153;149;302;SEC_136
2016;136;35-49;156;159;315;SEC_136
2003;402;35-49;89;97;186;SEC_402
2011;607;12-15;13;17;30;SEC_607
1998;104;03-11;23;20;43;SEC_104
2007;607;50-64;96;58;154;SEC_607
2014;139;03-11;32;35;67;SEC_139
2003;211;03-11;42;54;96;SEC_211
2002;424;03-11;18;17;35;SEC_424
2016;405;12-15;35;27;62;SEC_405
2005;614;50-64;117;103;220;SEC_614
2015;426;18-24;37;50;87;SEC_426
1994;238;65-74;68;50;118;SEC_238
1995;233;18-24;36;44;80;SEC_233
2001;125;65-74;49;50;99;SEC_125
2003;406;25-34;102;123;225;SEC_406
2011;220;12-15;13;13;26;SEC_220
2011;538;25-34;80;111;191;SEC_538
1995;110;25-34;89;89;178;SEC_110
2005;218;00-02;8;5;13;SEC_218
1994;406;12-15;40;38;78;SEC_406
2004;440;03-11;32;35;67;SEC_440
2012;306;50-64;165;141;306;SEC_306
2013;247;65-74;57;42;99;SEC_247
2012;519;00-02;10;9;19;SEC_519
2003;423;35-49;98;103;201;SEC_423
1994;623;03-11;61;70;131;SEC_623
2011;104;35-49;102;136;238;SEC_104
2001;129;18-24;62;52;114;SEC_129
2012;527;35-49;137;160;297;SEC_527
2013;440;18-24;32;33;65;SEC_440
2002;405;65-74;86;84;170;SEC_405
2001;504;65-74;85;76;161;SEC_504
2006;312;12-15;24;19;43;SEC_312
2002;318;18-24;58;38;96;SEC_318
2009;134;12-15;24;27;51;SEC_134
2010;213;65-74;48;47;95;SEC_213
2012;420;50-64;108;96;204;SEC_420
2012;210;18-24;16;21;37;SEC_210
2000;212;00-02;16;14;30;SEC_212
2002;510;65-74;60;54;114;SEC_510
2016;440;00-02;11;12;23;SEC_440
2001;215;00-02;4;8;12;SEC_215
2006;248;12-15;25;19;44;SEC_248
2005;204;25-34;48;66;114;SEC_204
1997;509;75 i +;38;16;54;SEC_509
2000;321;35-49;315;299;614;SEC_321
1995;420;65-74;74;55;129;SEC_420
1997;439;50-64;107;103;210;SEC_439
2006;602;18-24;19;24;43;SEC_602
1994;507;00-02;9;10;19;SEC_507
2014;537;03-11;43;37;80;SEC_537
2015;117;25-34;113;122;235;SEC_117
1994;529;12-15;23;24;47;SEC_529
1994;428;75 i +;32;16;48;SEC_428
2005;415;16-17;5;5;10;SEC_415
2010;619;16-17;9;10;19;SEC_619
1998;631;03-11;37;27;64;SEC_631
2004;230;16-17;5;9;14;SEC_230
1996;314;03-11;116;153;269;SEC_314
2015;531;35-49;114;126;240;SEC_531
2012;520;18-24;38;30;68;SEC_520
2009;314;35-49;282;283;565;SEC_314
2009;422;03-11;43;47;90;SEC_422
1998;603;03-11;20;28;48;SEC_603
2007;413;25-34;52;60;112;SEC_413
2004;518;65-74;82;80;162;SEC_518
1995;631;65-74;34;37;71;SEC_631
2005;415;25-34;85;118;203;SEC_415
1994;224;12-15;11;11;22;SEC_224
2010;516;50-64;40;48;88;SEC_516
2007;223;18-24;46;43;89;SEC_223
2004;236;18-24;47;44;91;SEC_236
2007;435;18-24;61;76;137;SEC_435
2005;215;18-24;42;35;77;SEC_215
2000;516;03-11;16;26;42;SEC_516
2016;425;16-17;7;8;15;SEC_425
2005;324;75 i +;49;25;74;SEC_324
1995;508;16-17;13;11;24;SEC_508
2011;243;16-17;13;11;24;SEC_243
1998;125;12-15;27;22;49;SEC_125
2002;130;75 i +;65;36;101;SEC_130
1998;234;50-64;81;71;152;SEC_234
2015;436;16-17;18;20;38;SEC_436
2005;108;65-74;70;60;130;SEC_108
2009;514;16-17;7;6;13;SEC_514
2004;512;00-02;10;11;21;SEC_512
1997;517;50-64;114;106;220;SEC_517
2006;502;03-11;41;48;89;SEC_502
2008;320;25-34;76;83;159;SEC_320
2001;206;75 i +;66;31;97;SEC_206
1996;132;75 i +;54;24;78;SEC_132
2013;101;00-02;25;39;64;SEC_101
2013;122;03-11;37;39;76;SEC_122
1997;622;75 i +;35;11;46;SEC_622
1999;103;35-49;88;71;159;SEC_103
2012;502;75 i +;127;69;196;SEC_502
2005;212;12-15;26;27;53;SEC_212
2010;308;25-34;146;143;289;SEC_308
2009;115;03-11;39;44;83;SEC_115
2006;235;03-11;53;68;121;SEC_235
2001;436;16-17;7;12;19;SEC_436
2010;307;50-64;207;153;360;SEC_307
1997;430;18-24;48;42;90;SEC_430
2014;301;35-49;387;404;791;SEC_301
2004;103;16-17;7;3;10;SEC_103
2015;127;00-02;13;4;17;SEC_127
1994;425;03-11;29;25;54;SEC_425
2000;308;00-02;18;25;43;SEC_308
2007;613;03-11;45;37;82;SEC_613
2007;523;25-34;126;164;290;SEC_523
1997;140;25-34;82;92;174;SEC_140
1996;508;18-24;47;30;77;SEC_508
2003;404;00-02;14;24;38;SEC_404
2006;407;25-34;105;119;224;SEC_407
1994;417;25-34;54;59;113;SEC_417
2016;523;50-64;112;118;230;SEC_523
2015;521;12-15;15;16;31;SEC_521
2015;626;75 i +;66;46;112;SEC_626
1997;532;50-64;157;156;313;SEC_532
1996;245;35-49;79;84;163;SEC_245
1999;110;25-34;95;100;195;SEC_110
1997;238;65-74;63;47;110;SEC_238
1996;315;65-74;53;46;99;SEC_315
2010;106;16-17;15;15;30;SEC_106
2007;405;00-02;10;14;24;SEC_405
2004;310;00-02;14;20;34;SEC_310
2005;520;75 i +;51;32;83;SEC_520
1995;201;65-74;41;36;77;SEC_201
2006;225;75 i +;48;28;76;SEC_225
2010;217;75 i +;42;26;68;SEC_217
2009;528;00-02;25;23;48;SEC_528
1997;236;65-74;91;69;160;SEC_236
2004;305;65-74;63;59;122;SEC_305
2001;441;03-11;62;63;125;SEC_441
2006;230;00-02;14;7;21;SEC_230
1999;502;50-64;154;161;315;SEC_502
2006;238;75 i +;66;39;105;SEC_238
2009;624;65-74;72;73;145;SEC_624
2016;109;35-49;130;129;259;SEC_109
2003;211;16-17;11;10;21;SEC_211
2001;403;25-34;78;101;179;SEC_403
2016;315;16-17;18;15;33;SEC_315
2016;221;18-24;83;81;164;SEC_221
2004;404;75 i +;65;31;96;SEC_404
2002;306;35-49;171;178;349;SEC_306
2006;103;12-15;15;6;21;SEC_103
2007;202;12-15;12;16;28;SEC_202
1997;205;50-64;86;77;163;SEC_205
2003;438;65-74;51;51;102;SEC_438
1998;237;00-02;8;9;17;SEC_237
2013;239;03-11;34;45;79;SEC_239
1995;204;00-02;6;5;11;SEC_204
1998;524;00-02;19;19;38;SEC_524
1999;222;50-64;75;73;148;SEC_222
2004;109;18-24;51;40;91;SEC_109
2003;110;75 i +;48;28;76;SEC_110
1996;111;00-02;6;9;15;SEC_111
2008;312;00-02;18;29;47;SEC_312
2003;306;12-15;21;27;48;SEC_306
2007;129;03-11;46;55;101;SEC_129
1996;411;65-74;80;75;155;SEC_411
2000;621;03-11;58;55;113;SEC_621
1996;135;75 i +;37;16;53;SEC_135
1997;218;00-02;10;1;11;SEC_218
2009;249;75 i +;74;49;123;SEC_249
2007;406;16-17;18;13;31;SEC_406
2002;122;65-74;46;56;102;SEC_122
2002;524;35-49;117;126;243;SEC_524
2006;414;16-17;5;4;9;SEC_414
1998;430;12-15;14;13;27;SEC_430
2001;613;35-49;76;76;152;SEC_613
2007;231;65-74;59;45;104;SEC_231
2008;238;25-34;81;98;179;SEC_238
2013;501;00-02;6;13;19;SEC_501
1997;613;18-24;125;109;234;SEC_613
2008;301;18-24;64;81;145;SEC_301
1997;102;00-02;12;19;31;SEC_102
2011;536;00-02;8;9;17;SEC_536
2006;522;12-15;10;12;22;SEC_522
2004;629;35-49;64;65;129;SEC_629
2002;221;18-24;43;58;101;SEC_221
2001;204;50-64;43;37;80;SEC_204
1999;204;75 i +;29;16;45;SEC_204
2013;631;50-64;97;58;155;SEC_631
1998;131;00-02;14;10;24;SEC_131
1999;601;75 i +;60;25;85;SEC_601
1995;315;75 i +;50;22;72;SEC_315
1995;203;65-74;66;51;117;SEC_203
2010;229;25-34;79;65;144;SEC_229
2008;617;12-15;9;20;29;SEC_617
2004;614;35-49;92;89;181;SEC_614
2000;308;16-17;16;20;36;SEC_308
2010;522;25-34;79;89;168;SEC_522
2007;203;03-11;30;41;71;SEC_203
1999;603;35-49;50;51;101;SEC_603
2014;209;00-02;9;11;20;SEC_209
2004;423;25-34;80;111;191;SEC_423
1999;440;35-49;68;84;152;SEC_440
2007;235;65-74;76;63;139;SEC_235
2007;502;00-02;16;18;34;SEC_502
2016;101;65-74;69;66;135;SEC_101
2015;247;00-02;24;23;47;SEC_247
1996;441;12-15;63;66;129;SEC_441
2001;602;00-02;5;6;11;SEC_602
2006;249;03-11;31;39;70;SEC_249
1999;217;65-74;45;36;81;SEC_217
2005;603;65-74;30;28;58;SEC_603
2003;104;50-64;71;62;133;SEC_104
2004;402;12-15;14;8;22;SEC_402
2011;604;25-34;38;72;110;SEC_604
1995;139;65-74;29;23;52;SEC_139
1999;229;65-74;52;48;100;SEC_229
2001;206;16-17;6;8;14;SEC_206
2006;211;65-74;65;42;107;SEC_211
2012;240;25-34;65;78;143;SEC_240
1995;429;16-17;14;8;22;SEC_429
1995;632;75 i +;23;9;32;SEC_632
1995;627;16-17;36;26;62;SEC_627
2012;113;12-15;21;25;46;SEC_113
2001;314;18-24;126;144;270;SEC_314
2013;440;00-02;11;11;22;SEC_440
2011;301;00-02;40;41;81;SEC_301
2011;227;16-17;4;7;11;SEC_227
2000;104;50-64;68;71;139;SEC_104
2013;204;00-02;18;19;37;SEC_204
1997;301;18-24;134;134;268;SEC_301
2002;439;75 i +;40;21;61;SEC_439
2006;601;50-64;147;117;264;SEC_601
1994;413;35-49;55;47;102;SEC_413
2010;631;75 i +;52;27;79;SEC_631
2010;244;18-24;28;29;57;SEC_244
2012;222;25-34;95;86;181;SEC_222
1996;140;18-24;72;70;142;SEC_140
2007;322;75 i +;50;38;88;SEC_322
2013;238;12-15;17;13;30;SEC_238
2008;605;16-17;4;1;5;SEC_605
2004;418;18-24;61;65;126;SEC_418
2009;433;00-02;30;24;54;SEC_433
1995;607;03-11;31;37;68;SEC_607
2005;523;12-15;16;23;39;SEC_523
2000;603;50-64;83;65;148;SEC_603
2001;619;25-34;100;118;218;SEC_619
1995;607;00-02;12;9;21;SEC_607
1997;408;50-64;91;78;169;SEC_408
2009;114;03-11;56;59;115;SEC_114
2008;218;12-15;19;9;28;SEC_218
1998;402;65-74;48;62;110;SEC_402
2006;304;00-02;25;23;48;SEC_304
2000;429;50-64;48;57;105;SEC_429
2010;128;16-17;10;4;14;SEC_128
1997;531;75 i +;39;24;63;SEC_531
2014;523;12-15;18;14;32;SEC_523
1996;632;65-74;36;35;71;SEC_632
2006;110;75 i +;56;34;90;SEC_110
2002;626;16-17;8;12;20;SEC_626
2007;243;12-15;25;25;50;SEC_243
2011;406;03-11;40;65;105;SEC_406
2005;428;65-74;35;21;56;SEC_428
1994;512;00-02;8;9;17;SEC_512
2005;416;18-24;34;28;62;SEC_416
2004;212;00-02;18;21;39;SEC_212
2005;303;03-11;32;48;80;SEC_303
2012;242;18-24;33;39;72;SEC_242
1997;233;35-49;52;53;105;SEC_233
2008;632;03-11;50;41;91;SEC_632
2008;433;25-34;153;191;344;SEC_433
1997;430;25-34;71;73;144;SEC_430
2005;206;18-24;45;38;83;SEC_206
2005;509;35-49;103;108;211;SEC_509
1994;611;25-34;140;160;300;SEC_611
2006;204;12-15;6;9;15;SEC_204
2004;505;75 i +;47;39;86;SEC_505
2010;519;18-24;23;31;54;SEC_519
2014;523;25-34;96;104;200;SEC_523
1994;312;35-49;141;110;251;SEC_312
2002;631;00-02;10;9;19;SEC_631
2006;324;16-17;9;9;18;SEC_324
2000;425;18-24;45;33;78;SEC_425
2010;604;03-11;26;35;61;SEC_604
1996;319;25-34;69;65;134;SEC_319
2002;523;18-24;61;80;141;SEC_523
2011;403;50-64;111;88;199;SEC_403
2004;313;35-49;207;190;397;SEC_313
2008;301;35-49;314;302;616;SEC_301
2012;623;18-24;27;41;68;SEC_623
1997;324;35-49;79;76;155;SEC_324
2009;223;50-64;101;91;192;SEC_223
2006;532;16-17;7;7;14;SEC_532
2014;425;75 i +;74;43;117;SEC_425
2014;616;12-15;41;59;100;SEC_616
2007;135;25-34;126;143;269;SEC_135
2015;301;65-74;144;113;257;SEC_301
2001;314;75 i +;75;37;112;SEC_314
2011;234;50-64;78;62;140;SEC_234
2008;405;18-24;29;31;60;SEC_405
2009;118;50-64;208;197;405;SEC_118
2007;243;65-74;87;69;156;SEC_243
2008;613;03-11;45;48;93;SEC_613
2014;109;50-64;129;116;245;SEC_109
1998;522;50-64;63;59;122;SEC_522
2008;241;65-74;38;41;79;SEC_241
2010;221;25-34;81;99;180;SEC_221
2015;127;65-74;32;23;55;SEC_127
2013;631;16-17;9;7;16;SEC_631
1997;240;18-24;37;31;68;SEC_240
2004;439;75 i +;45;23;68;SEC_439
2011;532;65-74;76;72;148;SEC_532
2015;421;12-15;27;18;45;SEC_421
2008;409;03-11;25;24;49;SEC_409
1994;430;50-64;99;109;208;SEC_430
2004;114;65-74;77;72;149;SEC_114
2005;315;18-24;68;70;138;SEC_315
1995;204;16-17;5;5;10;SEC_204
2001;138;00-02;7;6;13;SEC_138
2011;105;25-34;98;95;193;SEC_105
2002;429;75 i +;34;23;57;SEC_429
1995;222;03-11;29;37;66;SEC_222
2014;612;75 i +;67;48;115;SEC_612
2016;109;03-11;43;50;93;SEC_109
2006;216;16-17;5;8;13;SEC_216
2011;107;65-74;98;97;195;SEC_107
1999;132;00-02;23;23;46;SEC_132
1996;608;75 i +;25;8;33;SEC_608
1994;118;50-64;98;108;206;SEC_118
2001;609;75 i +;27;13;40;SEC_609
2007;111;75 i +;45;40;85;SEC_111
1996;206;75 i +;57;30;87;SEC_206
2010;315;50-64;160;166;326;SEC_315
2009;240;50-64;61;35;96;SEC_240
2000;613;75 i +;42;25;67;SEC_613
2008;403;16-17;8;9;17;SEC_403
2004;124;75 i +;31;22;53;SEC_124
2009;215;65-74;45;26;71;SEC_215
2010;313;75 i +;96;57;153;SEC_313
2000;519;16-17;6;3;9;SEC_519
2005;324;00-02;17;16;33;SEC_324
2016;606;18-24;31;32;63;SEC_606
1999;432;03-11;27;42;69;SEC_432
2007;139;50-64;86;87;173;SEC_139
2008;231;12-15;21;20;41;SEC_231
2013;410;65-74;105;95;200;SEC_410
1996;216;12-15;24;25;49;SEC_216
2011;526;00-02;6;9;15;SEC_526
2009;321;18-24;88;92;180;SEC_321
2016;614;75 i +;72;53;125;SEC_614
2008;307;35-49;132;116;248;SEC_307
2008;429;00-02;10;3;13;SEC_429
1998;603;16-17;9;10;19;SEC_603
2000;430;16-17;7;10;17;SEC_430
2010;139;35-49;101;128;229;SEC_139
1999;615;65-74;33;36;69;SEC_615
1994;241;16-17;4;4;8;SEC_241
1995;432;25-34;91;93;184;SEC_432
2002;520;25-34;65;73;138;SEC_520
2012;403;16-17;2;12;14;SEC_403
2006;512;18-24;25;36;61;SEC_512
2016;115;25-34;61;73;134;SEC_115
2008;221;12-15;34;17;51;SEC_221
2003;615;75 i +;19;14;33;SEC_615
2009;309;00-02;25;19;44;SEC_309
2010;608;03-11;25;25;50;SEC_608
2014;308;18-24;63;82;145;SEC_308
2010;311;03-11;63;71;134;SEC_311
2010;139;65-74;44;33;77;SEC_139
1998;611;16-17;15;19;34;SEC_611
2015;115;35-49;159;148;307;SEC_115
1997;305;65-74;85;66;151;SEC_305
1999;310;12-15;31;21;52;SEC_310
2016;323;12-15;36;40;76;SEC_323
2005;312;65-74;74;76;150;SEC_312
2009;238;18-24;32;40;72;SEC_238
2007;516;25-34;65;94;159;SEC_516
2008;311;75 i +;100;52;152;SEC_311
1999;516;65-74;43;28;71;SEC_516
2013;508;35-49;183;219;402;SEC_508
1995;303;16-17;22;25;47;SEC_303
1996;232;16-17;11;12;23;SEC_232
2002;423;16-17;6;9;15;SEC_423
2012;302;03-11;38;40;78;SEC_302
1997;233;18-24;28;38;66;SEC_233
1998;510;00-02;9;4;13;SEC_510
1999;418;65-74;68;45;113;SEC_418
2000;238;00-02;6;8;14;SEC_238
2010;103;16-17;5;3;8;SEC_103
2002;424;50-64;66;58;124;SEC_424
2012;533;50-64;59;65;124;SEC_533
2002;226;75 i +;77;47;124;SEC_226
2003;420;16-17;10;13;23;SEC_420
2005;221;65-74;78;64;142;SEC_221
2006;117;00-02;23;28;51;SEC_117
2007;617;75 i +;40;27;67;SEC_617
2000;424;00-02;12;6;18;SEC_424
2001;212;16-17;10;10;20;SEC_212
1995;208;12-15;28;42;70;SEC_208
1995;120;75 i +;29;21;50;SEC_120
1995;246;12-15;24;10;34;SEC_246
2011;630;16-17;2;5;7;SEC_630
2015;117;12-15;31;36;67;SEC_117
2002;318;00-02;8;12;20;SEC_318
2015;237;65-74;69;46;115;SEC_237
2002;242;65-74;93;64;157;SEC_242
2000;428;18-24;24;20;44;SEC_428
2002;622;65-74;41;23;64;SEC_622
2007;236;03-11;35;30;65;SEC_236
1995;217;03-11;22;22;44;SEC_217
2002;511;35-49;59;66;125;SEC_511
2001;412;75 i +;63;40;103;SEC_412
2002;137;12-15;33;22;55;SEC_137
2013;437;65-74;104;71;175;SEC_437
2013;214;50-64;158;146;304;SEC_214
2015;441;18-24;90;59;149;SEC_441
2006;213;50-64;81;82;163;SEC_213
2002;134;16-17;14;17;31;SEC_134
2010;124;16-17;3;6;9;SEC_124
2002;439;18-24;30;53;83;SEC_439
2004;420;35-49;157;170;327;SEC_420
2011;522;16-17;6;9;15;SEC_522
1996;405;18-24;42;56;98;SEC_405
1997;506;50-64;196;218;414;SEC_506
2016;631;35-49;140;121;261;SEC_631
2010;521;50-64;139;103;242;SEC_521
1996;507;18-24;62;67;129;SEC_507
1994;222;50-64;77;88;165;SEC_222
2013;116;00-02;18;14;32;SEC_116
2014;317;25-34;82;96;178;SEC_317
2008;106;35-49;180;191;371;SEC_106
2009;603;12-15;13;11;24;SEC_603
2014;133;35-49;90;102;192;SEC_133
2004;233;25-34;83;116;199;SEC_233
2015;431;75 i +;95;41;136;SEC_431
2010;132;18-24;82;86;168;SEC_132
2004;607;35-49;131;110;241;SEC_607
2002;502;25-34;122;142;264;SEC_502
2005;233;50-64;60;52;112;SEC_233
2012;202;00-02;15;10;25;SEC_202
2015;302;50-64;149;102;251;SEC_302
1996;627;75 i +;18;10;28;SEC_627
2005;207;18-24;29;27;56;SEC_207
2010;505;35-49;130;123;253;SEC_505
2010;514;16-17;10;4;14;SEC_514
1996;239;03-11;18;33;51;SEC_239
2010;505;50-64;149;88;237;SEC_505
2008;130;50-64;63;66;129;SEC_130
1995;224;65-74;42;30;72;SEC_224
2015;139;16-17;6;9;15;SEC_139
1995;126;50-64;144;161;305;SEC_126
1996;611;12-15;26;29;55;SEC_611
2012;310;18-24;29;36;65;SEC_310
2012;438;25-34;57;56;113;SEC_438
2005;231;03-11;45;50;95;SEC_231
2009;529;12-15;22;20;42;SEC_529
1994;221;00-02;13;9;22;SEC_221
1995;614;18-24;93;100;193;SEC_614
2009;140;16-17;3;7;10;SEC_140
2012;315;50-64;167;163;330;SEC_315
2005;410;50-64;185;169;354;SEC_410
1996;234;18-24;32;41;73;SEC_234
2008;607;65-74;110;100;210;SEC_607
2006;630;16-17;5;8;13;SEC_630
2013;622;16-17;1;6;7;SEC_622
1994;227;18-24;50;44;94;SEC_227
1995;611;16-17;16;19;35;SEC_611
1999;623;75 i +;46;31;77;SEC_623
1998;515;18-24;29;29;58;SEC_515
1997;203;03-11;14;18;32;SEC_203
1999;417;75 i +;24;13;37;SEC_417
2007;628;35-49;109;95;204;SEC_628
2013;608;00-02;16;18;34;SEC_608
2016;507;50-64;83;72;155;SEC_507
2001;430;35-49;81;89;170;SEC_430
2012;128;12-15;12;11;23;SEC_128
2009;515;25-34;61;77;138;SEC_515
2013;321;75 i +;118;81;199;SEC_321
2008;522;65-74;27;26;53;SEC_522
2008;411;25-34;79;99;178;SEC_411
2000;314;35-49;326;307;633;SEC_314
1994;527;03-11;37;39;76;SEC_527
2001;113;50-64;117;135;252;SEC_113
1998;101;65-74;34;42;76;SEC_101
1997;411;18-24;71;76;147;SEC_411
2003;434;12-15;14;19;33;SEC_434
1998;440;50-64;164;152;316;SEC_440
2000;241;75 i +;49;33;82;SEC_241
2016;534;03-11;38;47;85;SEC_534
2003;422;18-24;54;48;102;SEC_422
2011;433;16-17;16;7;23;SEC_433
2008;529;16-17;12;14;26;SEC_529
1999;427;65-74;70;58;128;SEC_427
2013;611;03-11;81;91;172;SEC_611
1995;307;16-17;33;34;67;SEC_307
2002;405;00-02;9;8;17;SEC_405
2007;426;12-15;20;24;44;SEC_426
2008;310;12-15;14;10;24;SEC_310
2016;135;35-49;163;188;351;SEC_135
1998;418;75 i +;61;36;97;SEC_418
2003;213;25-34;92;92;184;SEC_213
2006;440;25-34;81;93;174;SEC_440
2003;325;12-15;21;26;47;SEC_325
2014;247;65-74;60;43;103;SEC_247
2016;213;16-17;7;14;21;SEC_213
1999;112;35-49;175;160;335;SEC_112
1997;439;16-17;7;8;15;SEC_439
1994;312;12-15;19;25;44;SEC_312
2000;614;65-74;55;45;100;SEC_614
1999;102;25-34;155;167;322;SEC_102
2005;612;65-74;71;71;142;SEC_612
1998;231;35-49;90;83;173;SEC_231
2009;405;65-74;76;57;133;SEC_405
2009;102;50-64;171;148;319;SEC_102
2006;316;35-49;240;153;393;SEC_316
1995;537;16-17;20;25;45;SEC_537
2016;323;50-64;206;177;383;SEC_323
2016;237;75 i +;85;46;131;SEC_237
2004;314;50-64;210;218;428;SEC_314
2007;212;35-49;182;184;366;SEC_212
1995;120;35-49;220;235;455;SEC_120
2016;232;00-02;18;18;36;SEC_232
1998;222;65-74;47;45;92;SEC_222
2000;509;03-11;23;27;50;SEC_509
1995;513;35-49;56;59;115;SEC_513
2011;316;65-74;80;92;172;SEC_316
1995;523;75 i +;76;28;104;SEC_523
2006;218;75 i +;39;20;59;SEC_218
1997;206;12-15;13;11;24;SEC_206
2005;629;50-64;55;46;101;SEC_629
2003;606;00-02;11;15;26;SEC_606
1998;512;00-02;8;6;14;SEC_512
2014;211;50-64;116;99;215;SEC_211
2000;205;35-49;90;90;180;SEC_205
2003;426;12-15;17;15;32;SEC_426
1996;122;75 i +;36;19;55;SEC_122
2009;232;03-11;28;39;67;SEC_232
1995;105;65-74;50;42;92;SEC_105
1998;316;35-49;446;379;825;SEC_316
2012;321;03-11;74;79;153;SEC_321
1998;319;50-64;69;69;138;SEC_319
2002;131;65-74;59;53;112;SEC_131
2014;602;12-15;22;30;52;SEC_602
1996;524;00-02;12;13;25;SEC_524
2001;625;25-34;100;110;210;SEC_625
2004;212;65-74;81;61;142;SEC_212
1996;505;18-24;154;146;300;SEC_505
2006;610;50-64;169;128;297;SEC_610
2016;414;00-02;34;32;66;SEC_414
2014;538;75 i +;98;62;160;SEC_538
1994;215;25-34;71;78;149;SEC_215
2005;611;16-17;12;15;27;SEC_611
1998;227;03-11;15;14;29;SEC_227
2014;602;00-02;20;19;39;SEC_602
2011;425;35-49;117;118;235;SEC_425
1996;521;25-34;68;79;147;SEC_521
2004;518;12-15;18;21;39;SEC_518
2007;101;12-15;29;34;63;SEC_101
2010;208;65-74;125;92;217;SEC_208
2004;123;12-15;33;27;60;SEC_123
2006;309;12-15;14;13;27;SEC_309
2008;601;03-11;39;43;82;SEC_601
2007;529;65-74;74;69;143;SEC_529
1998;510;25-34;96;120;216;SEC_510
2003;305;00-02;20;17;37;SEC_305
2008;421;75 i +;84;61;145;SEC_421
2014;615;65-74;108;78;186;SEC_615
2004;103;75 i +;42;21;63;SEC_103
2011;604;50-64;63;57;120;SEC_604
2008;131;65-74;60;58;118;SEC_131
2001;510;03-11;27;38;65;SEC_510
2013;524;35-49;166;185;351;SEC_524
1994;249;35-49;82;83;165;SEC_249
2011;622;03-11;25;36;61;SEC_622
2011;221;50-64;87;85;172;SEC_221
1998;502;25-34;116;115;231;SEC_502
2001;222;65-74;48;38;86;SEC_222
2009;530;65-74;78;67;145;SEC_530
1997;504;65-74;58;62;120;SEC_504
2002;124;35-49;99;83;182;SEC_124
1994;426;18-24;55;58;113;SEC_426
2003;308;18-24;91;93;184;SEC_308
2005;236;12-15;23;19;42;SEC_236
2003;246;12-15;10;15;25;SEC_246
2010;511;75 i +;56;28;84;SEC_511
2001;414;75 i +;46;32;78;SEC_414
1998;534;12-15;11;17;28;SEC_534
1997;415;16-17;12;6;18;SEC_415
2015;325;03-11;67;60;127;SEC_325
2000;242;03-11;35;22;57;SEC_242
2010;233;18-24;39;44;83;SEC_233
1994;132;16-17;41;46;87;SEC_132
1998;239;35-49;85;72;157;SEC_239
1997;623;75 i +;45;27;72;SEC_623
2005;626;65-74;66;54;120;SEC_626
2016;433;03-11;96;102;198;SEC_433
2015;116;16-17;13;8;21;SEC_116
1996;114;65-74;60;49;109;SEC_114
2002;224;65-74;40;33;73;SEC_224
1996;439;75 i +;41;18;59;SEC_439
2001;508;12-15;10;10;20;SEC_508
2001;309;50-64;63;68;131;SEC_309
2006;534;16-17;5;10;15;SEC_534
2002;230;65-74;52;47;99;SEC_230
2000;538;03-11;30;40;70;SEC_538
2013;407;65-74;45;31;76;SEC_407
2001;509;00-02;4;15;19;SEC_509
2011;619;18-24;34;38;72;SEC_619
1995;116;75 i +;47;15;62;SEC_116
2014;224;18-24;38;49;87;SEC_224
2003;220;16-17;6;9;15;SEC_220
2002;127;25-34;64;85;149;SEC_127
2000;140;00-02;10;7;17;SEC_140
2000;414;65-74;68;60;128;SEC_414
2006;606;35-49;122;129;251;SEC_606
1994;225;35-49;56;51;107;SEC_225
2016;228;16-17;29;27;56;SEC_228
2006;243;12-15;27;35;62;SEC_243
2014;626;75 i +;60;47;107;SEC_626
1997;102;65-74;86;62;148;SEC_102
2002;412;25-34;121;145;266;SEC_412
2007;114;18-24;47;42;89;SEC_114
2007;507;75 i +;36;18;54;SEC_507
2007;109;75 i +;69;34;103;SEC_109
2002;134;25-34;91;100;191;SEC_134
2010;425;12-15;8;18;26;SEC_425
2009;106;03-11;71;73;144;SEC_106
2016;520;18-24;28;29;57;SEC_520
2014;601;25-34;104;120;224;SEC_601
2006;630;25-34;79;120;199;SEC_630
2011;114;03-11;45;64;109;SEC_114
2005;501;50-64;159;159;318;SEC_501
2002;527;03-11;37;33;70;SEC_527
1997;125;75 i +;27;23;50;SEC_125
1997;245;12-15;14;15;29;SEC_245
2010;612;18-24;27;29;56;SEC_612
2008;406;03-11;36;58;94;SEC_406
2007;604;25-34;38;72;110;SEC_604
1997;407;65-74;85;71;156;SEC_407
2010;241;12-15;23;15;38;SEC_241
2008;133;18-24;32;32;64;SEC_133
2005;128;18-24;35;45;80;SEC_128
2008;302;75 i +;62;34;96;SEC_302
2001;318;16-17;7;8;15;SEC_318
2011;316;50-64;392;343;735;SEC_316
2016;211;00-02;10;33;43;SEC_211
2007;103;03-11;24;32;56;SEC_103
2002;527;50-64;70;72;142;SEC_527
1996;517;35-49;92;96;188;SEC_517
1999;135;25-34;111;118;229;SEC_135
2012;117;03-11;70;84;154;SEC_117
2014;123;00-02;13;20;33;SEC_123
1995;535;50-64;117;147;264;SEC_535
2004;242;35-49;118;116;234;SEC_242
2002;240;16-17;3;7;10;SEC_240
2003;505;00-02;15;18;33;SEC_505
2000;105;65-74;47;36;83;SEC_105
2016;440;35-49;119;116;235;SEC_440
1994;311;35-49;136;107;243;SEC_311
2013;623;35-49;150;168;318;SEC_623
1997;506;00-02;22;23;45;SEC_506
2003;411;18-24;49;47;96;SEC_411
1995;611;35-49;131;100;231;SEC_611
1999;428;12-15;11;5;16;SEC_428
1997;430;03-11;21;32;53;SEC_430
2000;317;25-34;90;88;178;SEC_317
1996;408;50-64;93;85;178;SEC_408
1994;526;35-49;61;64;125;SEC_526
2004;126;12-15;10;6;16;SEC_126
1999;626;50-64;133;101;234;SEC_626
2005;441;50-64;221;212;433;SEC_441
2012;114;00-02;15;26;41;SEC_114
1998;112;35-49;177;170;347;SEC_112
1995;309;00-02;11;5;16;SEC_309
1998;136;35-49;137;132;269;SEC_136
2000;407;75 i +;38;34;72;SEC_407
2012;525;00-02;17;20;37;SEC_525
1997;432;18-24;80;89;169;SEC_432
2005;630;35-49;77;100;177;SEC_630
2007;235;18-24;52;70;122;SEC_235
2000;428;75 i +;28;23;51;SEC_428
2003;616;16-17;37;37;74;SEC_616
1998;132;00-02;23;27;50;SEC_132
2000;231;25-34;87;92;179;SEC_231
2001;533;65-74;66;62;128;SEC_533
1997;315;18-24;105;79;184;SEC_315
1994;422;12-15;20;26;46;SEC_422
2001;423;25-34;86;92;178;SEC_423
2007;427;03-11;36;53;89;SEC_427
2015;311;75 i +;97;56;153;SEC_311
2004;537;50-64;142;121;263;SEC_537
2005;437;65-74;50;40;90;SEC_437
2011;435;35-49;111;160;271;SEC_435
2001;524;16-17;11;14;25;SEC_524
2002;604;35-49;73;68;141;SEC_604
1995;439;03-11;34;42;76;SEC_439
2009;436;25-34;110;139;249;SEC_436
2015;423;00-02;15;17;32;SEC_423
2008;234;25-34;103;98;201;SEC_234
2012;128;16-17;6;6;12;SEC_128
2016;316;03-11;57;67;124;SEC_316
2002;304;65-74;84;63;147;SEC_304
2006;102;65-74;96;84;180;SEC_102
2003;134;03-11;55;50;105;SEC_134
2015;419;50-64;142;144;286;SEC_419
2008;512;03-11;22;42;64;SEC_512
2002;317;12-15;15;19;34;SEC_317
2000;522;50-64;68;58;126;SEC_522
1994;519;65-74;25;34;59;SEC_519
2001;526;16-17;5;7;12;SEC_526
2013;247;35-49;187;198;385;SEC_247
2011;138;18-24;25;31;56;SEC_138
2003;234;35-49;101;99;200;SEC_234
2011;323;65-74;98;110;208;SEC_323
2009;223;35-49;141;160;301;SEC_223
2007;440;75 i +;56;43;99;SEC_440
1994;411;50-64;124;124;248;SEC_411
1998;109;35-49;134;139;273;SEC_109
2006;225;00-02;8;5;13;SEC_225
1997;620;50-64;91;89;180;SEC_620
2010;509;65-74;44;33;77;SEC_509
1999;201;00-02;4;7;11;SEC_201
1999;126;75 i +;43;19;62;SEC_126
1999;138;25-34;58;67;125;SEC_138
2011;212;75 i +;78;50;128;SEC_212
2010;407;35-49;121;146;267;SEC_407
2007;442;65-74;28;22;50;SEC_442
1996;415;03-11;20;24;44;SEC_415
2015;427;16-17;18;20;38;SEC_427
2000;434;12-15;15;5;20;SEC_434
2008;314;50-64;247;256;503;SEC_314
2011;521;65-74;81;94;175;SEC_521
1995;609;75 i +;31;13;44;SEC_609
1995;302;75 i +;39;20;59;SEC_302
2009;504;35-49;103;117;220;SEC_504
1995;122;03-11;28;12;40;SEC_122
1999;502;18-24;104;101;205;SEC_502
2007;437;03-11;36;29;65;SEC_437
1994;625;03-11;95;90;185;SEC_625
1995;230;75 i +;33;14;47;SEC_230
2014;325;65-74;125;110;235;SEC_325
1995;511;75 i +;32;8;40;SEC_511
2016;102;00-02;14;17;31;SEC_102
2012;625;35-49;118;125;243;SEC_625
2003;203;25-34;76;81;157;SEC_203
2000;127;16-17;8;7;15;SEC_127
2016;246;12-15;18;19;37;SEC_246
2005;222;25-34;99;143;242;SEC_222
2000;630;35-49;101;73;174;SEC_630
1996;222;12-15;20;20;40;SEC_222
2010;530;65-74;83;62;145;SEC_530
2014;245;65-74;49;25;74;SEC_245
1995;230;00-02;7;7;14;SEC_230
2014;238;25-34;68;71;139;SEC_238
2008;323;75 i +;80;33;113;SEC_323
1995;113;18-24;81;80;161;SEC_113
2008;218;75 i +;41;20;61;SEC_218
2003;105;18-24;59;69;128;SEC_105
2012;302;35-49;142;168;310;SEC_302
2015;110;16-17;4;8;12;SEC_110
2009;430;50-64;63;53;116;SEC_430
2012;506;65-74;127;128;255;SEC_506
2002;402;65-74;57;58;115;SEC_402
1997;301;65-74;94;79;173;SEC_301
2015;411;16-17;9;3;12;SEC_411
2011;408;25-34;86;108;194;SEC_408
1994;408;12-15;23;26;49;SEC_408
2015;242;12-15;15;13;28;SEC_242
2005;236;75 i +;74;46;120;SEC_236
1997;110;12-15;28;27;55;SEC_110
1994;119;25-34;96;107;203;SEC_119
2008;606;75 i +;71;46;117;SEC_606
1997;434;25-34;34;38;72;SEC_434
2008;510;18-24;46;52;98;SEC_510
2002;414;65-74;63;49;112;SEC_414
2004;601;16-17;8;6;14;SEC_601
2008;215;16-17;15;12;27;SEC_215
2014;111;18-24;30;23;53;SEC_111
2010;135;25-34;120;132;252;SEC_135
2009;220;65-74;41;23;64;SEC_220
2008;110;35-49;108;107;215;SEC_110
2001;630;50-64;109;120;229;SEC_630
2012;434;35-49;86;85;171;SEC_434
1999;245;75 i +;70;33;103;SEC_245
2014;631;50-64;83;59;142;SEC_631
2013;526;75 i +;89;45;134;SEC_526
2016;614;25-34;36;58;94;SEC_614
2000;533;75 i +;41;20;61;SEC_533
2007;532;65-74;73;70;143;SEC_532
2005;109;12-15;18;16;34;SEC_109
2007;402;65-74;50;46;96;SEC_402
1994;413;25-34;45;58;103;SEC_413
2007;416;75 i +;54;36;90;SEC_416
2002;509;00-02;6;10;16;SEC_509
2005;525;18-24;45;47;92;SEC_525
2007;434;00-02;11;10;21;SEC_434
1994;317;03-11;35;40;75;SEC_317
2002;313;03-11;74;69;143;SEC_313
2015;238;12-15;10;15;25;SEC_238
2007;521;18-24;41;25;66;SEC_521
2010;129;50-64;101;88;189;SEC_129
2005;418;03-11;43;39;82;SEC_418
2013;514;18-24;42;59;101;SEC_514
2014;327;75 i +;27;13;40;SEC_327
1999;534;18-24;52;58;110;SEC_534
2000;524;03-11;37;49;86;SEC_524
2012;631;75 i +;59;33;92;SEC_631
1999;538;16-17;11;12;23;SEC_538
2000;208;18-24;67;75;142;SEC_208
2009;617;18-24;37;33;70;SEC_617
2000;522;75 i +;30;22;52;SEC_522
2014;510;03-11;43;43;86;SEC_510
2005;504;50-64;136;98;234;SEC_504
2016;531;18-24;50;45;95;SEC_531
1999;122;18-24;43;36;79;SEC_122
2002;232;12-15;17;19;36;SEC_232
2010;431;50-64;108;105;213;SEC_431
2000;601;00-02;13;9;22;SEC_601
2011;103;00-02;4;12;16;SEC_103
2009;229;03-11;31;23;54;SEC_229
2007;129;25-34;119;109;228;SEC_129
2005;615;16-17;4;4;8;SEC_615
1994;315;65-74;57;44;101;SEC_315
1995;231;35-49;82;65;147;SEC_231
2002;508;00-02;12;3;15;SEC_508
1996;241;03-11;31;25;56;SEC_241
2008;525;65-74;60;43;103;SEC_525
2013;101;03-11;131;143;274;SEC_101
2002;104;18-24;22;27;49;SEC_104
2001;126;50-64;152;150;302;SEC_126
2016;505;18-24;27;19;46;SEC_505
2001;244;18-24;21;15;36;SEC_244
2010;507;50-64;90;73;163;SEC_507
2016;427;00-02;28;32;60;SEC_427
2010;627;65-74;45;61;106;SEC_627
2004;628;12-15;20;10;30;SEC_628
1997;433;12-15;17;23;40;SEC_433
2006;230;65-74;40;36;76;SEC_230
2011;441;25-34;207;178;385;SEC_441
2011;238;12-15;14;18;32;SEC_238
2012;113;18-24;51;65;116;SEC_113
2004;101;50-64;116;138;254;SEC_101
2007;107;18-24;76;71;147;SEC_107
1995;246;65-74;79;75;154;SEC_246
2015;106;16-17;10;13;23;SEC_106
1996;315;18-24;104;75;179;SEC_315
2010;623;18-24;35;38;73;SEC_623
2003;534;35-49;94;86;180;SEC_534
1997;247;65-74;88;67;155;SEC_247
2001;209;50-64;89;72;161;SEC_209
2005;313;35-49;216;187;403;SEC_313
2016;427;03-11;81;102;183;SEC_427
1995;216;75 i +;36;26;62;SEC_216
1996;238;35-49;65;73;138;SEC_238
2000;245;00-02;13;10;23;SEC_245
2002;312;16-17;14;8;22;SEC_312
2008;110;18-24;51;41;92;SEC_110
1999;202;12-15;11;13;24;SEC_202
2006;403;75 i +;67;38;105;SEC_403
2007;624;16-17;7;5;12;SEC_624
2006;501;75 i +;24;13;37;SEC_501
2001;321;75 i +;88;49;137;SEC_321
2013;243;35-49;220;225;445;SEC_243
2002;524;25-34;157;128;285;SEC_524
2007;114;03-11;58;59;117;SEC_114
2010;238;75 i +;68;38;106;SEC_238
2003;226;03-11;37;41;78;SEC_226
2002;105;00-02;13;14;27;SEC_105
2006;134;12-15;17;23;40;SEC_134
2010;618;12-15;8;17;25;SEC_618
2004;501;18-24;51;70;121;SEC_501
2003;236;35-49;116;116;232;SEC_236
2004;319;75 i +;35;22;57;SEC_319
2008;514;35-49;93;124;217;SEC_514
2010;212;75 i +;72;50;122;SEC_212
2016;624;75 i +;54;56;110;SEC_624
2002;239;00-02;9;8;17;SEC_239
2016;302;18-24;37;43;80;SEC_302
1995;312;03-11;63;36;99;SEC_312
2008;512;65-74;63;58;121;SEC_512
1999;525;00-02;13;8;21;SEC_525
1996;611;25-34;172;190;362;SEC_611
2001;117;18-24;113;136;249;SEC_117
2010;241;50-64;61;55;116;SEC_241
2016;224;18-24;39;43;82;SEC_224
2015;511;00-02;32;36;68;SEC_511
2010;625;16-17;7;12;19;SEC_625
1997;140;16-17;11;11;22;SEC_140
2009;239;03-11;46;53;99;SEC_239
1996;510;16-17;5;6;11;SEC_510
2002;423;65-74;78;63;141;SEC_423
1996;309;50-64;60;59;119;SEC_309
2005;318;16-17;18;10;28;SEC_318
1997;431;50-64;121;110;231;SEC_431
2015;232;00-02;17;18;35;SEC_232
2013;323;18-24;63;60;123;SEC_323
2011;531;50-64;89;75;164;SEC_531
1997;508;12-15;17;11;28;SEC_508
2008;630;18-24;34;36;70;SEC_630
2000;113;03-11;53;65;118;SEC_113
2013;609;25-34;46;45;91;SEC_609
1997;215;12-15;14;13;27;SEC_215
2004;317;35-49;100;115;215;SEC_317
2014;431;65-74;66;47;113;SEC_431
1995;530;35-49;102;102;204;SEC_530
1998;518;75 i +;52;25;77;SEC_518
2001;213;35-49;97;89;186;SEC_213
2015;506;65-74;167;146;313;SEC_506
2001;102;12-15;33;30;63;SEC_102
2016;630;25-34;47;49;96;SEC_630
2015;121;18-24;34;35;69;SEC_121
2012;512;75 i +;52;41;93;SEC_512
2014;223;16-17;11;8;19;SEC_223
2007;246;12-15;22;9;31;SEC_246
2007;632;03-11;49;43;92;SEC_632
2004;121;16-17;3;6;9;SEC_121
1999;205;65-74;61;49;110;SEC_205
2013;311;50-64;113;96;209;SEC_311
1998;227;35-49;57;47;104;SEC_227
2008;243;00-02;18;19;37;SEC_243
1996;530;00-02;11;10;21;SEC_530
2009;509;75 i +;32;20;52;SEC_509
2014;121;03-11;39;45;84;SEC_121
1995;403;00-02;3;7;10;SEC_403
2015;605;18-24;47;41;88;SEC_605
1994;621;75 i +;18;11;29;SEC_621
2010;628;75 i +;46;36;82;SEC_628
1999;111;18-24;47;72;119;SEC_111
2003;220;75 i +;41;30;71;SEC_220
2008;138;00-02;10;9;19;SEC_138
2016;136;18-24;40;41;81;SEC_136
2002;625;65-74;42;45;87;SEC_625
2012;526;25-34;66;83;149;SEC_526
2016;611;03-11;78;106;184;SEC_611
2004;301;18-24;86;107;193;SEC_301
2000;421;16-17;4;9;13;SEC_421
1998;208;75 i +;120;70;190;SEC_208
2000;225;65-74;46;28;74;SEC_225
2007;131;03-11;38;46;84;SEC_131
2009;226;00-02;19;16;35;SEC_226
2005;217;00-02;4;11;15;SEC_217
1998;631;16-17;10;15;25;SEC_631
2006;616;75 i +;50;31;81;SEC_616
2011;502;65-74;87;87;174;SEC_502
2006;621;16-17;13;14;27;SEC_621
2010;433;18-24;62;54;116;SEC_433
1997;514;65-74;31;33;64;SEC_514
2016;324;35-49;170;184;354;SEC_324
2006;323;25-34;279;297;576;SEC_323
2016;314;75 i +;91;60;151;SEC_314
1995;421;03-11;23;41;64;SEC_421
2001;119;35-49;148;118;266;SEC_119
2011;233;18-24;32;40;72;SEC_233
2014;116;00-02;17;15;32;SEC_116
2009;442;50-64;51;51;102;SEC_442
2004;232;12-15;13;14;27;SEC_232
2007;527;25-34;131;130;261;SEC_527
2014;402;03-11;45;45;90;SEC_402
2011;418;50-64;100;93;193;SEC_418
2010;409;75 i +;31;24;55;SEC_409
2006;411;00-02;11;10;21;SEC_411
2006;625;03-11;37;43;80;SEC_625
1994;441;00-02;23;13;36;SEC_441
2003;103;03-11;30;31;61;SEC_103
1999;131;50-64;147;165;312;SEC_131
2011;127;16-17;8;6;14;SEC_127
1994;507;35-49;88;91;179;SEC_507
2014;531;25-34;74;65;139;SEC_531
2011;608;00-02;8;9;17;SEC_608
2007;205;18-24;52;49;101;SEC_205
1997;605;25-34;65;70;135;SEC_605
2011;527;50-64;86;89;175;SEC_527
2002;117;50-64;184;188;372;SEC_117
1999;219;25-34;87;90;177;SEC_219
1998;410;12-15;24;26;50;SEC_410
2008;516;50-64;36;39;75;SEC_516
2004;427;75 i +;41;40;81;SEC_427
2006;631;50-64;158;122;280;SEC_631
2006;234;25-34;104;100;204;SEC_234
1998;431;00-02;12;17;29;SEC_431
2014;421;12-15;23;20;43;SEC_421
2011;209;03-11;28;39;67;SEC_209
2000;216;16-17;16;16;32;SEC_216
2004;422;35-49;110;134;244;SEC_422
2011;618;25-34;27;28;55;SEC_618
2001;527;16-17;11;13;24;SEC_527
2009;403;18-24;43;48;91;SEC_403
2002;103;25-34;68;64;132;SEC_103
2012;440;12-15;13;13;26;SEC_440
2007;221;00-02;13;9;22;SEC_221
2012;625;65-74;82;68;150;SEC_625
1995;619;35-49;168;150;318;SEC_619
2011;135;50-64;161;135;296;SEC_135
1994;531;16-17;10;16;26;SEC_531
1998;424;35-49;49;49;98;SEC_424
2006;219;16-17;9;12;21;SEC_219
1997;204;16-17;4;5;9;SEC_204
1995;136;50-64;102;91;193;SEC_136
1997;111;18-24;56;93;149;SEC_111
1994;246;65-74;82;62;144;SEC_246
1998;628;25-34;90;88;178;SEC_628
2001;621;12-15;22;26;48;SEC_621
2007;233;16-17;8;7;15;SEC_233
2003;140;65-74;69;61;130;SEC_140
2012;139;65-74;45;38;83;SEC_139
2009;441;12-15;36;28;64;SEC_441
2007;133;35-49;92;103;195;SEC_133
2001;232;50-64;89;83;172;SEC_232
2016;125;00-02;25;24;49;SEC_125
2012;629;16-17;1;9;10;SEC_629
1996;616;16-17;40;44;84;SEC_616
2009;316;16-17;22;26;48;SEC_316
2005;626;03-11;36;40;76;SEC_626
1995;208;25-34;117;145;262;SEC_208
2009;129;03-11;47;64;111;SEC_129
2001;110;65-74;62;47;109;SEC_110
2015;248;18-24;46;47;93;SEC_248
2009;504;12-15;10;18;28;SEC_504
2010;106;75 i +;71;32;103;SEC_106
2014;139;25-34;56;61;117;SEC_139
1999;408;16-17;7;16;23;SEC_408
2009;505;35-49;124;115;239;SEC_505
2008;304;12-15;46;32;78;SEC_304
1998;524;18-24;76;58;134;SEC_524
2014;140;65-74;50;47;97;SEC_140
2008;537;65-74;75;71;146;SEC_537
2002;619;25-34;103;123;226;SEC_619
2003;242;03-11;25;21;46;SEC_242
2001;503;12-15;32;23;55;SEC_503
2004;609;75 i +;29;21;50;SEC_609
2005;431;03-11;56;73;129;SEC_431
1996;224;16-17;7;8;15;SEC_224
2005;436;00-02;16;23;39;SEC_436
1996;521;12-15;28;26;54;SEC_521
2014;609;35-49;107;105;212;SEC_609
2008;525;50-64;69;68;137;SEC_525
2000;210;12-15;6;13;19;SEC_210
2011;627;12-15;16;9;25;SEC_627
1996;210;50-64;108;88;196;SEC_210
2011;131;75 i +;62;52;114;SEC_131
2008;404;25-34;125;148;273;SEC_404
2015;506;75 i +;99;87;186;SEC_506
1999;230;03-11;18;29;47;SEC_230
2014;118;00-02;18;27;45;SEC_118
1995;118;18-24;134;150;284;SEC_118
1994;305;35-49;194;172;366;SEC_305
1998;430;16-17;4;8;12;SEC_430
2003;613;12-15;15;11;26;SEC_613
2011;507;25-34;66;68;134;SEC_507
2014;423;00-02;13;13;26;SEC_423
1998;128;50-64;104;102;206;SEC_128
1996;216;50-64;144;123;267;SEC_216
2003;419;03-11;42;42;84;SEC_419
2006;247;03-11;53;42;95;SEC_247
2006;223;25-34;121;113;234;SEC_223
1995;415;75 i +;36;18;54;SEC_415
2015;440;18-24;35;33;68;SEC_440
1997;509;03-11;23;29;52;SEC_509
2012;515;75 i +;40;18;58;SEC_515
1997;210;25-34;59;67;126;SEC_210
1998;303;03-11;36;35;71;SEC_303
2013;610;50-64;86;69;155;SEC_610
2005;531;35-49;100;121;221;SEC_531
1996;134;16-17;16;19;35;SEC_134
2015;404;18-24;55;54;109;SEC_404
1995;413;65-74;41;37;78;SEC_413
2013;402;00-02;6;11;17;SEC_402
1998;249;35-49;93;87;180;SEC_249
2012;410;25-34;114;118;232;SEC_410
2005;423;18-24;42;39;81;SEC_423
2014;310;12-15;14;16;30;SEC_310
2007;322;35-49;136;146;282;SEC_322
1999;604;00-02;9;6;15;SEC_604
2004;305;00-02;15;17;32;SEC_305
1996;211;35-49;78;97;175;SEC_211
2003;305;75 i +;92;45;137;SEC_305
1996;435;65-74;118;82;200;SEC_435
2011;314;75 i +;86;51;137;SEC_314
1997;205;03-11;31;31;62;SEC_205
2014;132;35-49;232;252;484;SEC_132
2016;110;03-11;42;34;76;SEC_110
2008;602;50-64;49;34;83;SEC_602
2007;401;25-34;95;75;170;SEC_401
1994;315;50-64;106;112;218;SEC_315
1999;536;18-24;38;46;84;SEC_536
1998;523;65-74;93;75;168;SEC_523
2005;205;50-64;94;76;170;SEC_205
2012;204;00-02;9;9;18;SEC_204
1994;410;00-02;14;16;30;SEC_410
1999;109;12-15;24;18;42;SEC_109
1999;405;12-15;12;10;22;SEC_405
1998;218;25-34;53;59;112;SEC_218
1996;321;35-49;332;316;648;SEC_321
2015;126;65-74;94;81;175;SEC_126
2002;434;16-17;6;2;8;SEC_434
1994;239;16-17;14;19;33;SEC_239
2003;520;25-34;65;78;143;SEC_520
2004;136;75 i +;63;34;97;SEC_136
2003;235;75 i +;82;45;127;SEC_235
2008;533;00-02;21;23;44;SEC_533
2002;216;25-34;98;102;200;SEC_216
2015;616;65-74;103;105;208;SEC_616
2014;537;35-49;143;117;260;SEC_537
2014;242;50-64;84;83;167;SEC_242
2007;440;18-24;33;26;59;SEC_440
2016;612;35-49;108;143;251;SEC_612
1997;626;65-74;46;63;109;SEC_626
1994;424;18-24;26;52;78;SEC_424
2001;324;50-64;68;67;135;SEC_324
2007;111;12-15;12;11;23;SEC_111
2012;133;65-74;46;42;88;SEC_133
2008;527;12-15;21;15;36;SEC_527
1999;232;18-24;49;43;92;SEC_232
2010;126;75 i +;65;35;100;SEC_126
2006;404;18-24;76;61;137;SEC_404
1997;103;25-34;58;64;122;SEC_103
1999;109;03-11;39;42;81;SEC_109
2006;441;00-02;17;28;45;SEC_441
2003;123;18-24;52;49;101;SEC_123
2007;229;65-74;43;32;75;SEC_229
2005;615;75 i +;23;17;40;SEC_615
2003;403;65-74;84;81;165;SEC_403
2007;223;65-74;62;48;110;SEC_223
2009;239;50-64;82;77;159;SEC_239
1995;135;50-64;122;132;254;SEC_135
1997;535;18-24;98;104;202;SEC_535
2004;113;75 i +;45;24;69;SEC_113
1995;615;65-74;31;22;53;SEC_615
2009;611;00-02;29;37;66;SEC_611
2008;413;12-15;19;17;36;SEC_413
2003;516;65-74;45;35;80;SEC_516
2010;120;50-64;195;194;389;SEC_120
1995;102;25-34;126;157;283;SEC_102
2005;418;12-15;19;17;36;SEC_418
2009;627;75 i +;41;27;68;SEC_627
1995;522;12-15;20;22;42;SEC_522
1995;530;18-24;78;83;161;SEC_530
2006;132;03-11;71;75;146;SEC_132
2001;534;25-34;94;101;195;SEC_534
2009;408;50-64;81;78;159;SEC_408
2004;117;12-15;40;25;65;SEC_117
1995;132;65-74;65;56;121;SEC_132
1997;222;65-74;47;44;91;SEC_222
2005;529;65-74;86;69;155;SEC_529
2016;113;35-49;211;227;438;SEC_113
2000;138;18-24;45;60;105;SEC_138
1998;243;18-24;59;51;110;SEC_243
2012;105;00-02;15;23;38;SEC_105
1996;319;35-49;107;99;206;SEC_319
2002;602;35-49;50;44;94;SEC_602
2001;402;65-74;55;63;118;SEC_402
2016;132;50-64;232;220;452;SEC_132
1995;523;12-15;35;35;70;SEC_523
2010;310;75 i +;45;25;70;SEC_310
2013;134;18-24;43;49;92;SEC_134
2009;538;12-15;17;25;42;SEC_538
2011;115;03-11;45;58;103;SEC_115
2005;210;00-02;9;6;15;SEC_210
2001;414;12-15;10;17;27;SEC_414
2014;205;00-02;10;6;16;SEC_205
2016;441;03-11;78;77;155;SEC_441
2008;520;18-24;39;47;86;SEC_520
2011;408;03-11;43;37;80;SEC_408
2013;208;00-02;15;21;36;SEC_208
2006;204;18-24;21;30;51;SEC_204
2001;114;65-74;69;71;140;SEC_114
1997;218;35-49;78;65;143;SEC_218
2002;112;65-74;61;47;108;SEC_112
2009;432;18-24;46;57;103;SEC_432
2001;418;50-64;123;97;220;SEC_418
1998;413;03-11;25;20;45;SEC_413
2003;223;03-11;47;43;90;SEC_223
2001;309;00-02;6;8;14;SEC_309
2002;530;00-02;14;20;34;SEC_530
2012;509;25-34;71;66;137;SEC_509
2015;623;12-15;24;31;55;SEC_623
2000;412;16-17;18;17;35;SEC_412
2011;314;16-17;22;23;45;SEC_314
2003;301;65-74;124;121;245;SEC_301
2007;412;00-02;20;12;32;SEC_412
2009;311;25-34;106;146;252;SEC_311
1999;422;16-17;18;6;24;SEC_422
2013;433;25-34;168;156;324;SEC_433
1999;604;35-49;56;71;127;SEC_604
2008;249;65-74;57;30;87;SEC_249
2016;208;65-74;113;86;199;SEC_208
2003;421;18-24;34;46;80;SEC_421
1995;527;75 i +;44;25;69;SEC_527
2005;228;35-49;68;105;173;SEC_228
1999;116;65-74;62;55;117;SEC_116
2004;106;18-24;117;102;219;SEC_106
2001;321;18-24;147;136;283;SEC_321
2005;511;00-02;9;15;24;SEC_511
2008;115;50-64;137;143;280;SEC_115
1998;506;16-17;38;30;68;SEC_506
2015;619;50-64;136;134;270;SEC_619
2009;230;03-11;41;34;75;SEC_230
2012;425;12-15;12;17;29;SEC_425
1997;232;12-15;11;13;24;SEC_232
1996;437;75 i +;17;8;25;SEC_437
2005;117;16-17;17;15;32;SEC_117
2006;223;75 i +;65;37;102;SEC_223
2002;325;12-15;24;24;48;SEC_325
1996;531;00-02;8;5;13;SEC_531
2005;239;16-17;4;8;12;SEC_239
1999;237;18-24;60;56;116;SEC_237
1999;632;12-15;18;26;44;SEC_632
2006;524;16-17;11;13;24;SEC_524
2015;111;75 i +;62;44;106;SEC_111
2007;440;50-64;109;91;200;SEC_440
2012;514;75 i +;51;34;85;SEC_514
2005;120;12-15;39;40;79;SEC_120
2009;122;75 i +;47;29;76;SEC_122
1995;137;16-17;30;18;48;SEC_137
2004;536;50-64;87;70;157;SEC_536
1999;243;12-15;21;16;37;SEC_243
2016;326;35-49;208;241;449;SEC_326
2007;517;00-02;22;19;41;SEC_517
2000;320;18-24;22;38;60;SEC_320
2010;503;16-17;7;9;16;SEC_503
2000;311;75 i +;88;43;131;SEC_311
1994;424;25-34;41;49;90;SEC_424
2008;532;75 i +;77;58;135;SEC_532
2006;533;65-74;74;51;125;SEC_533
2011;601;25-34;86;102;188;SEC_601
2008;135;00-02;21;20;41;SEC_135
2004;230;75 i +;54;25;79;SEC_230
1997;527;12-15;19;14;33;SEC_527
2012;503;16-17;6;12;18;SEC_503
1997;436;12-15;9;13;22;SEC_436
2008;130;12-15;12;10;22;SEC_130
1998;304;00-02;10;13;23;SEC_304
2014;237;00-02;31;20;51;SEC_237
2014;129;75 i +;88;60;148;SEC_129
2010;531;16-17;10;11;21;SEC_531
2004;242;75 i +;65;56;121;SEC_242
2015;529;25-34;88;81;169;SEC_529
2004;318;03-11;33;44;77;SEC_318
2001;221;12-15;19;20;39;SEC_221
2011;230;75 i +;55;22;77;SEC_230
1999;623;25-34;149;169;318;SEC_623
1997;240;65-74;64;46;110;SEC_240
2001;625;00-02;12;15;27;SEC_625
2011;615;25-34;58;41;99;SEC_615
1997;108;75 i +;78;34;112;SEC_108
1994;508;35-49;50;53;103;SEC_508
2009;310;50-64;87;100;187;SEC_310
2012;319;35-49;277;270;547;SEC_319
1998;317;75 i +;46;18;64;SEC_317
2003;122;50-64;100;79;179;SEC_122
1999;442;03-11;21;18;39;SEC_442
2011;622;25-34;53;56;109;SEC_622
1999;512;25-34;65;80;145;SEC_512
1998;116;03-11;55;48;103;SEC_116
2011;423;16-17;10;12;22;SEC_423
2009;429;00-02;8;5;13;SEC_429
1994;535;12-15;34;39;73;SEC_535
2008;123;12-15;19;31;50;SEC_123
2009;435;16-17;6;10;16;SEC_435
1998;415;75 i +;44;26;70;SEC_415
2012;245;50-64;78;80;158;SEC_245
2006;436;50-64;57;60;117;SEC_436
1997;125;16-17;14;21;35;SEC_125
1997;137;03-11;56;56;112;SEC_137
1994;245;03-11;28;32;60;SEC_245
1996;524;18-24;86;73;159;SEC_524
2010;206;65-74;51;33;84;SEC_206
1995;318;75 i +;10;9;19;SEC_318
2005;607;00-02;16;16;32;SEC_607
1994;248;03-11;36;42;78;SEC_248
2006;405;03-11;31;30;61;SEC_405
2012;622;18-24;28;29;57;SEC_622
2004;104;25-34;77;80;157;SEC_104
2008;224;03-11;19;25;44;SEC_224
2003;438;16-17;5;5;10;SEC_438
2007;311;50-64;123;91;214;SEC_311
1997;414;50-64;97;99;196;SEC_414
2011;133;35-49;107;108;215;SEC_133
1997;423;00-02;4;7;11;SEC_423
2005;121;18-24;31;23;54;SEC_121
2003;103;65-74;45;41;86;SEC_103
2013;229;16-17;26;26;52;SEC_229
2001;137;18-24;82;73;155;SEC_137
2010;249;16-17;10;12;22;SEC_249
2011;416;16-17;10;10;20;SEC_416
2006;220;16-17;6;8;14;SEC_220
1999;617;00-02;10;10;20;SEC_617
1994;538;12-15;18;24;42;SEC_538
2008;512;00-02;17;20;37;SEC_512
2005;606;25-34;81;98;179;SEC_606
2001;508;65-74;39;34;73;SEC_508
2014;613;03-11;47;58;105;SEC_613
2004;207;18-24;27;22;49;SEC_207
2004;134;03-11;55;50;105;SEC_134
1997;520;12-15;15;21;36;SEC_520
2001;618;16-17;3;7;10;SEC_618
2003;210;12-15;8;11;19;SEC_210
2000;325;18-24;99;97;196;SEC_325
1995;247;35-49;94;112;206;SEC_247
2002;221;50-64;96;82;178;SEC_221
2004;411;00-02;5;6;11;SEC_411
2000;439;25-34;96;109;205;SEC_439
1999;136;12-15;23;18;41;SEC_136
1995;518;03-11;33;42;75;SEC_518
2002;233;65-74;47;53;100;SEC_233
2011;628;18-24;31;33;64;SEC_628
1996;117;25-34;146;128;274;SEC_117
2015;409;75 i +;112;89;201;SEC_409
1995;623;00-02;17;21;38;SEC_623
2014;106;00-02;22;19;41;SEC_106
1997;118;16-17;31;41;72;SEC_118
1995;511;25-34;51;77;128;SEC_511
2002;302;16-17;11;7;18;SEC_302
1998;619;25-34;120;140;260;SEC_619
2009;420;18-24;63;70;133;SEC_420
2011;226;03-11;60;39;99;SEC_226
1995;414;16-17;13;14;27;SEC_414
2013;201;75 i +;63;45;108;SEC_201
2004;228;50-64;58;55;113;SEC_228
2008;602;25-34;49;35;84;SEC_602
1997;611;35-49;117;120;237;SEC_611
1998;308;65-74;72;55;127;SEC_308
1996;213;75 i +;23;11;34;SEC_213
2004;121;03-11;34;44;78;SEC_121
2015;118;03-11;79;74;153;SEC_118
2012;249;65-74;56;38;94;SEC_249
2010;419;00-02;15;24;39;SEC_419
1996;615;03-11;19;23;42;SEC_615
1995;509;18-24;47;66;113;SEC_509
2015;249;16-17;10;16;26;SEC_249
2012;430;35-49;125;165;290;SEC_430
2000;309;65-74;30;28;58;SEC_309
2004;223;12-15;21;26;47;SEC_223
2016;302;16-17;4;14;18;SEC_302
2013;120;12-15;33;43;76;SEC_120
2011;441;00-02;20;27;47;SEC_441
2016;102;75 i +;118;84;202;SEC_102
2010;529;35-49;175;165;340;SEC_529
2000;419;16-17;11;6;17;SEC_419
2015;226;03-11;76;71;147;SEC_226
2013;108;16-17;15;9;24;SEC_108
2004;605;65-74;54;55;109;SEC_605
1997;105;50-64;73;91;164;SEC_105
2003;112;35-49;193;167;360;SEC_112
1997;118;35-49;271;237;508;SEC_118
2012;416;16-17;6;7;13;SEC_416
2010;209;65-74;55;33;88;SEC_209
2003;517;03-11;47;54;101;SEC_517
2010;605;50-64;54;34;88;SEC_605
1999;110;00-02;4;6;10;SEC_110
2000;602;75 i +;25;12;37;SEC_602
2010;436;25-34;108;132;240;SEC_436
2006;604;25-34;39;74;113;SEC_604
2014;441;65-74;118;99;217;SEC_441
2001;430;12-15;14;13;27;SEC_430
2007;424;35-49;62;76;138;SEC_424
2009;622;12-15;11;18;29;SEC_622
1996;243;50-64;153;128;281;SEC_243
1996;318;50-64;56;56;112;SEC_318
1999;441;75 i +;66;51;117;SEC_441
1999;243;03-11;46;54;100;SEC_243
2004;410;00-02;15;22;37;SEC_410
2000;323;25-34;230;267;497;SEC_323
2016;525;35-49;122;136;258;SEC_525
2014;202;50-64;129;98;227;SEC_202
1994;513;65-74;35;34;69;SEC_513
2013;321;35-49;241;197;438;SEC_321
1995;609;03-11;32;41;73;SEC_609
1994;309;18-24;32;45;77;SEC_309
2015;101;12-15;41;36;77;SEC_101
2014;412;03-11;50;53;103;SEC_412
1998;607;16-17;13;12;25;SEC_607
2013;508;25-34;118;126;244;SEC_508
2011;437;35-49;116;130;246;SEC_437
2003;411;65-74;93;67;160;SEC_411
2001;512;65-74;40;46;86;SEC_512
2003;612;18-24;42;43;85;SEC_612
1996;625;35-49;230;216;446;SEC_625
2001;510;18-24;44;51;95;SEC_510
2014;502;35-49;181;199;380;SEC_502
1998;414;16-17;6;10;16;SEC_414
2005;401;25-34;99;97;196;SEC_401
2004;416;16-17;9;5;14;SEC_416
1996;135;35-49;184;178;362;SEC_135
2016;315;35-49;251;244;495;SEC_315
2016;204;18-24;84;69;153;SEC_204
2016;418;25-34;88;102;190;SEC_418
2010;202;03-11;28;40;68;SEC_202
2000;240;18-24;25;30;55;SEC_240
2002;506;18-24;117;110;227;SEC_506
2010;235;65-74;78;64;142;SEC_235
1994;212;65-74;68;60;128;SEC_212
1997;243;25-34;135;140;275;SEC_243
1999;523;12-15;18;20;38;SEC_523
2015;113;00-02;27;28;55;SEC_113
1998;406;50-64;144;132;276;SEC_406
2007;535;18-24;47;51;98;SEC_535
2015;120;16-17;22;22;44;SEC_120
2006;418;03-11;46;37;83;SEC_418
2008;216;03-11;59;32;91;SEC_216
2004;437;18-24;41;42;83;SEC_437
2008;110;25-34;108;118;226;SEC_110
2000;523;35-49;118;121;239;SEC_523
1995;416;50-64;97;97;194;SEC_416
2008;405;75 i +;72;45;117;SEC_405
2009;423;75 i +;68;45;113;SEC_423
1999;521;03-11;23;31;54;SEC_521
2016;317;75 i +;45;20;65;SEC_317
1995;228;03-11;10;15;25;SEC_228
2000;625;18-24;105;129;234;SEC_625
2009;601;18-24;44;52;96;SEC_601
2015;511;16-17;20;26;46;SEC_511
1994;632;75 i +;23;11;34;SEC_632
1996;504;03-11;24;36;60;SEC_504
2013;320;00-02;24;14;38;SEC_320
2014;122;03-11;41;46;87;SEC_122
2008;211;25-34;137;171;308;SEC_211
2006;630;75 i +;37;18;55;SEC_630
2003;505;75 i +;42;36;78;SEC_505
2009;504;03-11;40;31;71;SEC_504
1997;220;00-02;4;3;7;SEC_220
2006;511;16-17;6;3;9;SEC_511
1998;505;75 i +;41;27;68;SEC_505
1996;306;18-24;76;71;147;SEC_306
2006;435;75 i +;104;47;151;SEC_435
2005;308;00-02;35;42;77;SEC_308
2004;508;65-74;32;30;62;SEC_508
2015;322;25-34;92;74;166;SEC_322
2012;429;25-34;40;46;86;SEC_429
2007;432;25-34;110;129;239;SEC_432
1997;431;16-17;22;18;40;SEC_431
1997;313;00-02;16;21;37;SEC_313
1994;202;25-34;60;79;139;SEC_202
1995;630;25-34;59;73;132;SEC_630
2011;249;03-11;42;42;84;SEC_249
2011;421;75 i +;93;66;159;SEC_421
2004;439;50-64;69;57;126;SEC_439
2009;310;25-34;97;98;195;SEC_310
1997;303;03-11;36;40;76;SEC_303
2011;212;00-02;23;26;49;SEC_212
1995;131;16-17;27;38;65;SEC_131
2010;129;35-49;133;143;276;SEC_129
2014;537;12-15;26;19;45;SEC_537
1998;214;16-17;6;8;14;SEC_214
2016;508;25-34;106;106;212;SEC_508
2010;606;50-64;71;62;133;SEC_606
2004;515;50-64;46;42;88;SEC_515
2012;624;35-49;102;147;249;SEC_624
2001;534;50-64;106;89;195;SEC_534
2010;322;35-49;169;146;315;SEC_322
1996;231;75 i +;72;29;101;SEC_231
2008;529;03-11;47;58;105;SEC_529
2001;502;50-64;151;152;303;SEC_502
1995;512;65-74;46;35;81;SEC_512
1994;309;03-11;23;31;54;SEC_309
1996;323;35-49;404;395;799;SEC_323
1996;238;00-02;2;12;14;SEC_238
2016;301;00-02;47;48;95;SEC_301
1999;531;18-24;35;48;83;SEC_531
2010;627;50-64;163;137;300;SEC_627
2009;428;75 i +;36;24;60;SEC_428
1996;517;12-15;26;26;52;SEC_517
2010;110;00-02;20;15;35;SEC_110
2015;240;12-15;30;25;55;SEC_240
2013;414;00-02;21;27;48;SEC_414
2003;225;16-17;3;3;6;SEC_225
2001;305;18-24;80;78;158;SEC_305
2002;515;25-34;40;64;104;SEC_515
1995;132;25-34;171;187;358;SEC_132
2014;305;16-17;20;18;38;SEC_305
2000;623;03-11;43;55;98;SEC_623
1997;502;16-17;31;14;45;SEC_502
2010;523;75 i +;96;62;158;SEC_523
2011;433;25-34;127;147;274;SEC_433
2004;531;18-24;32;38;70;SEC_531
2010;238;18-24;42;37;79;SEC_238
2009;102;12-15;23;28;51;SEC_102
2011;428;16-17;5;7;12;SEC_428
2004;309;16-17;7;8;15;SEC_309
2001;216;12-15;13;14;27;SEC_216
1998;521;50-64;143;195;338;SEC_521
2007;508;65-74;42;26;68;SEC_508
1994;227;75 i +;41;22;63;SEC_227
2005;219;75 i +;93;53;146;SEC_219
2015;123;16-17;7;20;27;SEC_123
1995;527;00-02;7;8;15;SEC_527
1999;625;25-34;89;106;195;SEC_625
2003;610;18-24;49;50;99;SEC_610
2016;201;25-34;165;139;304;SEC_201
2015;109;12-15;17;20;37;SEC_109
2012;116;65-74;105;91;196;SEC_116
2010;418;16-17;13;15;28;SEC_418
2006;402;35-49;89;108;197;SEC_402
1997;204;12-15;6;11;17;SEC_204
1995;317;03-11;31;33;64;SEC_317
2011;249;00-02;14;19;33;SEC_249
1996;601;18-24;114;129;243;SEC_601
1998;207;65-74;59;34;93;SEC_207
2007;626;25-34;73;69;142;SEC_626
2015;320;18-24;33;38;71;SEC_320
1997;230;65-74;65;49;114;SEC_230
1995;239;50-64;130;119;249;SEC_239
2000;226;75 i +;72;35;107;SEC_226
2005;128;50-64;102;75;177;SEC_128
2016;327;03-11;44;65;109;SEC_327
2015;302;18-24;35;44;79;SEC_302
1997;202;65-74;40;38;78;SEC_202
2008;604;00-02;10;7;17;SEC_604
2010;138;00-02;11;9;20;SEC_138
2004;119;18-24;65;59;124;SEC_119
1996;246;16-17;12;7;19;SEC_246
2003;310;16-17;12;10;22;SEC_310
2012;621;65-74;89;108;197;SEC_621
1997;611;12-15;25;22;47;SEC_611
2004;123;25-34;121;112;233;SEC_123
2009;409;03-11;29;22;51;SEC_409
2002;114;65-74;74;73;147;SEC_114
2000;406;35-49;132;133;265;SEC_406
2001;237;12-15;14;13;27;SEC_237
2016;433;35-49;244;237;481;SEC_433
2002;530;25-34;136;157;293;SEC_530
1994;134;00-02;13;13;26;SEC_134
2004;312;16-17;17;11;28;SEC_312
1994;437;50-64;99;98;197;SEC_437
2001;509;12-15;12;16;28;SEC_509
2009;217;65-74;21;14;35;SEC_217
2011;218;65-74;38;38;76;SEC_218
2011;224;03-11;32;28;60;SEC_224
1996;441;65-74;110;88;198;SEC_441
2007;532;12-15;23;17;40;SEC_532
2005;404;00-02;20;13;33;SEC_404
2010;309;03-11;41;56;97;SEC_309
2006;116;03-11;58;59;117;SEC_116
2009;222;75 i +;38;24;62;SEC_222
2010;434;50-64;59;62;121;SEC_434
2011;402;25-34;93;60;153;SEC_402
1996;535;50-64;129;152;281;SEC_535
2012;118;25-34;117;125;242;SEC_118
2007;303;25-34;154;162;316;SEC_303
2010;418;12-15;26;30;56;SEC_418
2005;235;18-24;59;79;138;SEC_235
2000;520;12-15;15;15;30;SEC_520
2015;320;12-15;2;5;7;SEC_320
2015;314;03-11;86;90;176;SEC_314
1999;625;18-24;110;126;236;SEC_625
2009;607;35-49;140;133;273;SEC_607
2015;115;25-34;65;71;136;SEC_115
1995;127;35-49;91;102;193;SEC_127
2013;507;65-74;53;51;104;SEC_507
1997;202;16-17;9;12;21;SEC_202
2013;517;03-11;110;103;213;SEC_517
2009;219;75 i +;91;52;143;SEC_219
2006;114;12-15;19;17;36;SEC_114
2013;106;75 i +;76;32;108;SEC_106
2006;520;50-64;79;73;152;SEC_520
2008;110;16-17;8;13;21;SEC_110
2011;136;50-64;113;103;216;SEC_136
2001;307;03-11;46;50;96;SEC_307
2011;442;65-74;34;32;66;SEC_442
1999;122;00-02;14;11;25;SEC_122
2012;502;18-24;54;51;105;SEC_502
2003;130;65-74;93;75;168;SEC_130
2014;118;12-15;31;17;48;SEC_118
1995;409;50-64;84;88;172;SEC_409
2010;249;00-02;19;16;35;SEC_249
2014;102;03-11;68;59;127;SEC_102
1994;225;03-11;18;24;42;SEC_225
2013;613;35-49;144;163;307;SEC_613
1995;202;00-02;6;6;12;SEC_202
1998;535;12-15;29;38;67;SEC_535
2001;410;03-11;42;53;95;SEC_410
2007;622;12-15;11;18;29;SEC_622
2005;529;25-34;122;127;249;SEC_529
1996;139;18-24;63;73;136;SEC_139
2008;204;75 i +;41;20;61;SEC_204
2000;201;65-74;52;45;97;SEC_201
2016;317;35-49;134;185;319;SEC_317
1999;440;18-24;81;73;154;SEC_440
2012;223;35-49;161;163;324;SEC_223
2003;318;75 i +;17;15;32;SEC_318
1994;320;00-02;7;8;15;SEC_320
1997;405;65-74;73;67;140;SEC_405
2016;319;35-49;259;259;518;SEC_319
2016;232;35-49;123;130;253;SEC_232
2014;414;75 i +;88;64;152;SEC_414
2009;617;75 i +;43;31;74;SEC_617
2011;626;12-15;20;20;40;SEC_626
2015;311;65-74;67;49;116;SEC_311
2001;533;16-17;9;10;19;SEC_533
2009;429;35-49;57;78;135;SEC_429
1996;110;18-24;115;110;225;SEC_110
2016;205;50-64;101;102;203;SEC_205
1995;235;65-74;112;78;190;SEC_235
2010;123;65-74;56;47;103;SEC_123
2010;323;35-49;333;347;680;SEC_323
2015;530;75 i +;93;72;165;SEC_530
2007;524;65-74;74;52;126;SEC_524
1998;325;75 i +;132;70;202;SEC_325
1996;232;00-02;6;5;11;SEC_232
2008;439;16-17;10;9;19;SEC_439
2013;327;65-74;44;51;95;SEC_327
2005;513;12-15;8;11;19;SEC_513
1995;435;03-11;41;52;93;SEC_435
2008;411;35-49;102;125;227;SEC_411
2014;406;65-74;81;67;148;SEC_406
2000;246;25-34;104;99;203;SEC_246
2013;124;18-24;19;29;48;SEC_124
1996;537;12-15;23;27;50;SEC_537
1999;312;65-74;60;49;109;SEC_312
1996;223;25-34;101;91;192;SEC_223
1995;442;12-15;11;13;24;SEC_442
2003;611;25-34;168;203;371;SEC_611
2011;436;16-17;7;13;20;SEC_436
2005;227;00-02;22;12;34;SEC_227
2016;208;18-24;51;51;102;SEC_208
2002;140;18-24;43;51;94;SEC_140
1997;140;03-11;19;16;35;SEC_140
1994;239;12-15;26;15;41;SEC_239
2012;616;18-24;115;142;257;SEC_616
2004;229;50-64;61;45;106;SEC_229
1997;248;35-49;94;98;192;SEC_248
2010;531;00-02;11;18;29;SEC_531
2010;223;12-15;23;20;43;SEC_223
2012;514;00-02;15;10;25;SEC_514
2011;401;12-15;21;31;52;SEC_401
2009;608;25-34;56;57;113;SEC_608
2000;103;12-15;15;9;24;SEC_103
2010;535;50-64;132;103;235;SEC_535
2006;614;03-11;31;33;64;SEC_614
2013;127;18-24;31;31;62;SEC_127
1997;632;65-74;40;35;75;SEC_632
2008;137;18-24;59;57;116;SEC_137
2010;218;75 i +;35;22;57;SEC_218
2001;301;25-34;233;257;490;SEC_301
2007;503;00-02;7;5;12;SEC_503
2016;517;75 i +;100;63;163;SEC_517
2012;510;75 i +;67;41;108;SEC_510
2014;504;35-49;119;119;238;SEC_504
2011;246;03-11;45;60;105;SEC_246
2016;511;50-64;193;158;351;SEC_511
2000;536;50-64;101;90;191;SEC_536
2000;132;65-74;83;88;171;SEC_132
2002;429;35-49;62;65;127;SEC_429
2013;530;25-34;160;155;315;SEC_530
2015;223;50-64;108;102;210;SEC_223
2004;425;50-64;82;78;160;SEC_425
1995;109;16-17;24;13;37;SEC_109
2012;403;35-49;122;139;261;SEC_403
2015;208;50-64;183;143;326;SEC_208
1996;211;00-02;15;16;31;SEC_211
2014;404;75 i +;90;52;142;SEC_404
1997;428;25-34;50;51;101;SEC_428
2015;606;18-24;29;35;64;SEC_606
2004;428;00-02;14;7;21;SEC_428
2000;249;00-02;9;8;17;SEC_249
1994;211;35-49;81;91;172;SEC_211
1998;402;16-17;5;10;15;SEC_402
2002;301;12-15;37;36;73;SEC_301
2010;229;16-17;8;9;17;SEC_229
2000;207;16-17;5;6;11;SEC_207
2005;118;50-64;220;208;428;SEC_118
2014;614;12-15;16;12;28;SEC_614
2004;322;00-02;15;23;38;SEC_322
2016;526;25-34;156;154;310;SEC_526
2015;211;25-34;103;104;207;SEC_211
2001;137;03-11;54;56;110;SEC_137
2007;220;65-74;50;32;82;SEC_220
1995;117;65-74;53;42;95;SEC_117
2008;310;18-24;45;52;97;SEC_310
1994;118;25-34;130;121;251;SEC_118
2008;241;75 i +;70;27;97;SEC_241
2016;214;18-24;95;80;175;SEC_214
2011;241;35-49;114;111;225;SEC_241
2010;127;35-49;105;105;210;SEC_127
2000;605;25-34;67;80;147;SEC_605
2007;440;12-15;18;11;29;SEC_440
1994;442;75 i +;19;14;33;SEC_442
2010;615;00-02;9;9;18;SEC_615
1998;228;75 i +;35;18;53;SEC_228
2003;521;18-24;51;54;105;SEC_521
2012;213;75 i +;54;37;91;SEC_213
2001;627;65-74;29;29;58;SEC_627
2005;241;65-74;52;42;94;SEC_241
2008;309;75 i +;35;20;55;SEC_309
1996;437;03-11;31;39;70;SEC_437
2014;318;75 i +;38;24;62;SEC_318
2012;212;35-49;178;197;375;SEC_212
2014;106;65-74;96;113;209;SEC_106
1998;605;18-24;41;54;95;SEC_605
1999;117;65-74;70;46;116;SEC_117
2011;325;50-64;186;161;347;SEC_325
1994;408;16-17;11;20;31;SEC_408
1997;203;65-74;69;48;117;SEC_203
1994;627;18-24;83;104;187;SEC_627
2011;112;12-15;19;31;50;SEC_112
2010;230;03-11;50;34;84;SEC_230
1998;403;16-17;17;15;32;SEC_403
2008;620;50-64;67;63;130;SEC_620
2014;526;25-34;146;160;306;SEC_526
2004;412;50-64;194;169;363;SEC_412
2007;536;12-15;17;15;32;SEC_536
2005;113;25-34;119;133;252;SEC_113
2004;109;65-74;52;38;90;SEC_109
1997;615;18-24;87;103;190;SEC_615
2016;425;35-49;125;146;271;SEC_425
2012;118;65-74;75;93;168;SEC_118
2005;522;25-34;97;102;199;SEC_522
2008;618;50-64;62;46;108;SEC_618
2014;409;03-11;74;80;154;SEC_409
2013;112;75 i +;69;37;106;SEC_112
1994;231;18-24;65;59;124;SEC_231
1998;232;12-15;10;15;25;SEC_232
2006;235;12-15;26;14;40;SEC_235
2011;304;16-17;46;17;63;SEC_304
2007;417;25-34;73;66;139;SEC_417
1996;110;25-34;83;89;172;SEC_110
2007;432;50-64;155;151;306;SEC_432
2008;244;35-49;103;104;207;SEC_244
1995;621;50-64;123;148;271;SEC_621
2015;116;50-64;141;119;260;SEC_116
1997;428;12-15;6;7;13;SEC_428
2005;433;25-34;119;151;270;SEC_433
2005;438;00-02;12;10;22;SEC_438
2009;621;50-64;193;171;364;SEC_621
2016;422;12-15;13;22;35;SEC_422
2003;129;16-17;9;9;18;SEC_129
2002;304;12-15;17;25;42;SEC_304
1998;237;65-74;89;61;150;SEC_237
2015;431;00-02;34;29;63;SEC_431
2016;524;65-74;48;34;82;SEC_524
1994;319;16-17;10;19;29;SEC_319
2013;242;75 i +;83;63;146;SEC_242
2011;518;25-34;81;93;174;SEC_518
1998;206;00-02;3;9;12;SEC_206
2015;611;03-11;72;108;180;SEC_611
1996;511;16-17;7;7;14;SEC_511
2000;207;00-02;4;10;14;SEC_207
2006;531;25-34;99;115;214;SEC_531
1999;405;18-24;50;41;91;SEC_405
2008;130;16-17;7;12;19;SEC_130
2006;520;16-17;11;11;22;SEC_520
2014;623;16-17;10;15;25;SEC_623
2011;606;75 i +;84;56;140;SEC_606
2007;323;00-02;44;47;91;SEC_323
2002;431;65-74;84;70;154;SEC_431
2001;515;00-02;4;5;9;SEC_515
2004;523;03-11;38;41;79;SEC_523
2003;610;65-74;61;72;133;SEC_610
2010;507;65-74;46;43;89;SEC_507
1996;210;03-11;25;26;51;SEC_210
2005;621;35-49;130;131;261;SEC_621
2006;246;65-74;58;44;102;SEC_246
1998;532;75 i +;68;42;110;SEC_532
2004;521;00-02;8;15;23;SEC_521
2014;114;50-64;149;125;274;SEC_114
2005;116;50-64;189;154;343;SEC_116
1999;126;00-02;11;8;19;SEC_126
2016;223;65-74;60;36;96;SEC_223
2014;107;18-24;35;62;97;SEC_107
2003;415;18-24;45;36;81;SEC_415
2000;307;65-74;83;54;137;SEC_307
1999;249;12-15;12;14;26;SEC_249
2016;233;65-74;39;19;58;SEC_233
2011;516;12-15;15;20;35;SEC_516
2015;246;65-74;34;34;68;SEC_246
1996;536;75 i +;25;28;53;SEC_536
1994;507;50-64;76;91;167;SEC_507
2015;401;00-02;13;14;27;SEC_401
1998;217;03-11;15;17;32;SEC_217
2001;423;00-02;10;9;19;SEC_423
2006;307;12-15;15;25;40;SEC_307
2009;513;12-15;16;11;27;SEC_513
2010;304;16-17;44;12;56;SEC_304
1994;509;50-64;91;98;189;SEC_509
2003;609;03-11;31;36;67;SEC_609
1997;507;12-15;16;12;28;SEC_507
2001;617;03-11;42;47;89;SEC_617
2011;518;16-17;11;13;24;SEC_518
2005;522;50-64;56;59;115;SEC_522
2008;120;03-11;73;93;166;SEC_120
2006;112;35-49;189;171;360;SEC_112
2003;410;50-64;192;169;361;SEC_410
1995;225;35-49;54;44;98;SEC_225
2001;436;12-15;16;17;33;SEC_436
2011;318;00-02;8;11;19;SEC_318
2016;320;50-64;11;14;25;SEC_320
2003;406;00-02;15;15;30;SEC_406
2004;440;12-15;5;9;14;SEC_440
2001;247;16-17;6;11;17;SEC_247
1995;438;35-49;65;73;138;SEC_438
2008;201;75 i +;49;31;80;SEC_201
2003;428;18-24;18;22;40;SEC_428
2011;227;25-34;60;58;118;SEC_227
2001;512;50-64;99;93;192;SEC_512
2005;317;16-17;8;9;17;SEC_317
1994;234;25-34;89;96;185;SEC_234
1997;607;12-15;13;18;31;SEC_607
1999;201;16-17;6;2;8;SEC_201
2005;214;00-02;18;11;29;SEC_214
1995;322;18-24;87;70;157;SEC_322
2007;132;12-15;35;47;82;SEC_132
1998;619;35-49;164;141;305;SEC_619
1998;613;65-74;62;50;112;SEC_613
2011;616;35-49;401;396;797;SEC_616
1996;519;75 i +;14;12;26;SEC_519
2008;503;35-49;83;64;147;SEC_503
1996;510;65-74;56;38;94;SEC_510
2002;415;16-17;4;9;13;SEC_415
1995;427;12-15;17;13;30;SEC_427
2004;121;12-15;10;15;25;SEC_121
2012;413;35-49;67;84;151;SEC_413
2011;506;35-49;187;180;367;SEC_506
2013;312;00-02;32;24;56;SEC_312
2000;108;18-24;39;51;90;SEC_108
2014;314;65-74;109;90;199;SEC_314
2005;529;18-24;44;45;89;SEC_529
2003;610;03-11;33;39;72;SEC_610
1997;227;16-17;9;4;13;SEC_227
2008;208;75 i +;147;97;244;SEC_208
2003;405;00-02;8;8;16;SEC_405
1995;221;03-11;32;47;79;SEC_221
2003;505;03-11;24;22;46;SEC_505
1999;428;00-02;7;2;9;SEC_428
1998;134;16-17;11;14;25;SEC_134
2006;310;18-24;46;39;85;SEC_310
2009;411;00-02;10;13;23;SEC_411
2015;613;16-17;7;11;18;SEC_613
1995;238;25-34;56;51;107;SEC_238
2001;218;18-24;24;41;65;SEC_218
2000;417;35-49;61;60;121;SEC_417
2005;226;03-11;36;31;67;SEC_226
1997;430;16-17;10;9;19;SEC_430
2000;630;03-11;23;31;54;SEC_630
1995;529;75 i +;53;31;84;SEC_529
2016;524;75 i +;76;37;113;SEC_524
2004;535;18-24;53;59;112;SEC_535
2014;223;18-24;63;52;115;SEC_223
2012;107;18-24;43;61;104;SEC_107
2006;431;35-49;165;201;366;SEC_431
1999;244;03-11;18;17;35;SEC_244
1996;115;50-64;100;106;206;SEC_115
1997;409;16-17;13;12;25;SEC_409
2007;214;35-49;95;123;218;SEC_214
2010;531;12-15;21;24;45;SEC_531
1994;120;16-17;25;36;61;SEC_120
2011;319;35-49;278;264;542;SEC_319
2006;224;18-24;27;27;54;SEC_224
2008;515;35-49;83;110;193;SEC_515
1997;132;50-64;168;204;372;SEC_132
2012;113;25-34;144;133;277;SEC_113
2010;110;18-24;44;37;81;SEC_110
1994;511;25-34;58;75;133;SEC_511
1995;116;16-17;23;29;52;SEC_116
2015;440;65-74;81;62;143;SEC_440
2004;501;03-11;38;32;70;SEC_501
1998;619;18-24;99;98;197;SEC_619
2009;106;16-17;16;16;32;SEC_106
2011;606;25-34;98;95;193;SEC_606
2008;629;18-24;24;17;41;SEC_629
2000;248;00-02;16;11;27;SEC_248
2003;411;16-17;7;5;12;SEC_411
2007;126;12-15;11;6;17;SEC_126
2001;312;35-49;156;177;333;SEC_312
2009;409;16-17;6;8;14;SEC_409
2004;320;03-11;35;37;72;SEC_320
2015;236;65-74;68;38;106;SEC_236
1997;505;00-02;10;7;17;SEC_505
2003;319;12-15;18;19;37;SEC_319
2004;130;50-64;71;59;130;SEC_130
2007;520;12-15;16;16;32;SEC_520
2016;504;03-11;27;49;76;SEC_504
1997;204;00-02;5;5;10;SEC_204
1997;418;16-17;9;17;26;SEC_418
2016;404;35-49;161;177;338;SEC_404
2000;538;75 i +;60;31;91;SEC_538
2002;618;50-64;76;62;138;SEC_618
2006;213;25-34;88;104;192;SEC_213
2012;223;18-24;55;68;123;SEC_223
2008;403;12-15;10;16;26;SEC_403
2000;535;16-17;11;18;29;SEC_535
1995;432;18-24;71;88;159;SEC_432
2013;401;12-15;21;31;52;SEC_401
1994;436;00-02;5;11;16;SEC_436
2016;217;35-49;168;206;374;SEC_217
2006;109;12-15;16;19;35;SEC_109
2004;239;18-24;47;39;86;SEC_239
2003;212;75 i +;64;36;100;SEC_212
2011;208;50-64;188;152;340;SEC_208
2004;622;00-02;9;11;20;SEC_622
2001;506;18-24;137;118;255;SEC_506
2000;609;50-64;145;129;274;SEC_609
2007;528;35-49;153;151;304;SEC_528
2015;248;65-74;42;37;79;SEC_248
2004;242;12-15;12;14;26;SEC_242
1998;318;25-34;67;64;131;SEC_318
2001;226;75 i +;77;40;117;SEC_226
2003;536;00-02;8;11;19;SEC_536
2012;107;25-34;115;150;265;SEC_107
2002;606;75 i +;48;26;74;SEC_606
2013;507;00-02;9;12;21;SEC_507
2008;631;65-74;64;67;131;SEC_631
2002;311;16-17;7;6;13;SEC_311
2011;523;75 i +;97;64;161;SEC_523
1994;133;35-49;106;95;201;SEC_133
2003;317;35-49;93;108;201;SEC_317
1999;618;18-24;39;42;81;SEC_618
2014;311;25-34;114;107;221;SEC_311
2001;241;03-11;40;23;63;SEC_241
1996;418;00-02;13;13;26;SEC_418
2000;234;16-17;2;6;8;SEC_234
2015;403;12-15;23;9;32;SEC_403
2016;249;75 i +;67;41;108;SEC_249
2015;105;03-11;55;55;110;SEC_105
2008;135;18-24;69;65;134;SEC_135
1995;613;18-24;187;163;350;SEC_613
1998;230;12-15;8;13;21;SEC_230
2010;501;65-74;58;63;121;SEC_501
2015;204;35-49;185;204;389;SEC_204
2012;629;18-24;21;15;36;SEC_629
1997;623;18-24;132;146;278;SEC_623
2015;610;25-34;50;45;95;SEC_610
1995;631;75 i +;26;15;41;SEC_631
2007;533;35-49;121;157;278;SEC_533
1998;139;16-17;17;19;36;SEC_139
2016;110;12-15;18;18;36;SEC_110
2006;208;65-74;132;112;244;SEC_208
2005;115;16-17;10;12;22;SEC_115
1994;537;12-15;37;38;75;SEC_537
2001;246;75 i +;75;33;108;SEC_246
2012;425;35-49;127;123;250;SEC_425
2012;305;00-02;16;18;34;SEC_305
2014;615;00-02;12;12;24;SEC_615
2011;122;00-02;16;21;37;SEC_122
2002;124;03-11;21;29;50;SEC_124
2013;518;00-02;15;19;34;SEC_518
2009;321;00-02;19;18;37;SEC_321
2004;628;75 i +;41;23;64;SEC_628
1996;313;16-17;43;29;72;SEC_313
2010;409;18-24;23;32;55;SEC_409
1997;410;50-64;206;188;394;SEC_410
1997;235;00-02;17;10;27;SEC_235
2009;510;65-74;57;57;114;SEC_510
2009;217;00-02;19;12;31;SEC_217
1994;625;00-02;8;20;28;SEC_625
2000;421;35-49;79;81;160;SEC_421
1994;207;75 i +;40;17;57;SEC_207
2008;223;16-17;16;18;34;SEC_223
2006;421;75 i +;78;47;125;SEC_421
2014;243;50-64;121;139;260;SEC_243
2005;241;03-11;34;24;58;SEC_241
2012;206;16-17;8;9;17;SEC_206
2007;428;35-49;87;104;191;SEC_428
2003;203;50-64;59;58;117;SEC_203
2002;422;18-24;53;41;94;SEC_422
2016;423;03-11;41;40;81;SEC_423
2015;110;75 i +;79;43;122;SEC_110
2000;530;75 i +;71;29;100;SEC_530
2014;326;25-34;167;129;296;SEC_326
2001;521;50-64;163;182;345;SEC_521
2000;211;65-74;90;71;161;SEC_211
2002;316;16-17;41;47;88;SEC_316
2003;616;75 i +;34;22;56;SEC_616
2003;204;65-74;50;28;78;SEC_204
1997;240;12-15;11;12;23;SEC_240
2006;524;35-49;148;151;299;SEC_524
2008;221;25-34;96;113;209;SEC_221
2013;209;50-64;102;85;187;SEC_209
1997;108;18-24;63;66;129;SEC_108
2016;436;16-17;27;22;49;SEC_436
2011;421;65-74;79;55;134;SEC_421
2003;111;50-64;108;85;193;SEC_111
2014;102;25-34;77;65;142;SEC_102
2008;130;03-11;50;37;87;SEC_130
2014;528;18-24;49;44;93;SEC_528
1994;308;12-15;41;38;79;SEC_308
2010;526;65-74;28;32;60;SEC_526
2005;505;12-15;16;11;27;SEC_505
2005;243;50-64;108;93;201;SEC_243
2005;632;00-02;18;18;36;SEC_632
2012;538;25-34;79;92;171;SEC_538
1994;218;16-17;8;10;18;SEC_218
2016;520;50-64;79;67;146;SEC_520
1994;213;65-74;45;44;89;SEC_213
1998;535;65-74;37;36;73;SEC_535
1998;512;12-15;19;14;33;SEC_512
2009;249;65-74;63;29;92;SEC_249
2004;414;00-02;18;19;37;SEC_414
1997;437;03-11;24;40;64;SEC_437
2012;322;25-34;102;86;188;SEC_322
2001;234;65-74;87;50;137;SEC_234
2009;108;16-17;10;14;24;SEC_108
2009;430;00-02;16;25;41;SEC_430
2013;315;12-15;27;36;63;SEC_315
1998;107;50-64;195;189;384;SEC_107
2005;631;35-49;91;96;187;SEC_631
2003;522;75 i +;33;19;52;SEC_522
2010;513;75 i +;51;31;82;SEC_513
2016;123;50-64;130;119;249;SEC_123
2014;237;65-74;68;51;119;SEC_237
2000;516;75 i +;24;10;34;SEC_516
2003;247;50-64;93;91;184;SEC_247
2001;528;12-15;23;14;37;SEC_528
2009;508;75 i +;37;23;60;SEC_508
1994;601;03-11;58;66;124;SEC_601
2007;130;03-11;47;40;87;SEC_130
2009;502;25-34;147;161;308;SEC_502
2007;436;65-74;32;23;55;SEC_436
2005;504;12-15;12;11;23;SEC_504
2006;507;65-74;43;34;77;SEC_507
2010;514;12-15;18;15;33;SEC_514
1995;239;12-15;22;12;34;SEC_239
1994;242;50-64;130;106;236;SEC_242
2002;244;65-74;44;26;70;SEC_244
2008;105;50-64;139;114;253;SEC_105
2010;422;16-17;8;14;22;SEC_422
2003;204;16-17;5;5;10;SEC_204
1999;220;00-02;7;7;14;SEC_220
2001;508;00-02;6;5;11;SEC_508
2006;626;03-11;35;45;80;SEC_626
1998;625;25-34;84;97;181;SEC_625
2000;419;12-15;13;8;21;SEC_419
2014;105;35-49;140;134;274;SEC_105
2004;426;03-11;31;37;68;SEC_426
2002;244;50-64;49;45;94;SEC_244
2011;538;03-11;54;48;102;SEC_538
1995;402;00-02;4;2;6;SEC_402
2012;440;16-17;9;6;15;SEC_440
2004;217;50-64;37;34;71;SEC_217
1999;138;00-02;8;8;16;SEC_138
2009;218;18-24;31;48;79;SEC_218
2014;622;16-17;3;10;13;SEC_622
2011;432;03-11;49;42;91;SEC_432
1996;241;00-02;7;7;14;SEC_241
2014;513;16-17;14;14;28;SEC_513
1995;127;00-02;13;14;27;SEC_127
2016;134;12-15;19;32;51;SEC_134
1996;236;00-02;9;4;13;SEC_236
2002;246;25-34;112;116;228;SEC_246
2003;113;03-11;47;64;111;SEC_113
2016;313;35-49;227;212;439;SEC_313
1995;438;16-17;7;11;18;SEC_438
1995;524;03-11;37;48;85;SEC_524
2009;134;50-64;125;110;235;SEC_134
2004;230;18-24;37;35;72;SEC_230
2012;112;65-74;70;67;137;SEC_112
1995;632;00-02;14;18;32;SEC_632
2001;236;65-74;91;71;162;SEC_236
2015;234;00-02;18;18;36;SEC_234
2004;227;00-02;15;14;29;SEC_227
2002;227;16-17;3;6;9;SEC_227
2008;405;03-11;26;31;57;SEC_405
1998;108;12-15;27;20;47;SEC_108
2001;201;18-24;23;27;50;SEC_201
2003;136;25-34;118;135;253;SEC_136
2009;433;12-15;27;22;49;SEC_433
2003;321;12-15;41;52;93;SEC_321
2009;513;00-02;15;10;25;SEC_513
2016;504;75 i +;93;75;168;SEC_504
2007;115;18-24;39;51;90;SEC_115
2011;419;00-02;12;23;35;SEC_419
1999;118;18-24;154;166;320;SEC_118
1994;125;00-02;13;11;24;SEC_125
2000;241;00-02;9;9;18;SEC_241
2005;204;65-74;38;30;68;SEC_204
1998;420;12-15;18;22;40;SEC_420
2001;209;75 i +;88;47;135;SEC_209
2000;323;03-11;139;137;276;SEC_323
2005;627;16-17;8;18;26;SEC_627
2000;207;65-74;56;36;92;SEC_207
1995;614;25-34;85;83;168;SEC_614
1997;205;35-49;101;100;201;SEC_205
1997;133;75 i +;39;29;68;SEC_133
2002;411;25-34;71;71;142;SEC_411
2003;247;25-34;111;126;237;SEC_247
1994;123;65-74;73;58;131;SEC_123
1996;135;25-34;118;112;230;SEC_135
2014;326;75 i +;4;2;6;SEC_326
2010;322;00-02;18;25;43;SEC_322
2000;114;25-34;161;150;311;SEC_114
1996;249;00-02;5;10;15;SEC_249
2010;528;65-74;57;55;112;SEC_528
2014;112;50-64;165;154;319;SEC_112
2013;631;18-24;34;31;65;SEC_631
2016;505;00-02;11;12;23;SEC_505
1999;244;16-17;2;4;6;SEC_244
1999;123;50-64;108;103;211;SEC_123
2002;526;03-11;21;23;44;SEC_526
2000;101;12-15;31;27;58;SEC_101
1995;521;12-15;35;36;71;SEC_521
1995;220;25-34;79;74;153;SEC_220
2005;212;35-49;169;179;348;SEC_212
1996;247;50-64;106;111;217;SEC_247
2012;527;03-11;59;64;123;SEC_527
1999;229;03-11;21;18;39;SEC_229
1994;502;75 i +;46;20;66;SEC_502
2001;312;75 i +;53;31;84;SEC_312
1997;435;03-11;43;43;86;SEC_435
1995;247;16-17;20;17;37;SEC_247
1994;524;12-15;29;26;55;SEC_524
2014;118;16-17;13;13;26;SEC_118
2001;214;50-64;59;51;110;SEC_214
2005;210;65-74;70;57;127;SEC_210
2015;238;25-34;72;85;157;SEC_238
2005;108;16-17;9;14;23;SEC_108
1999;228;50-64;71;62;133;SEC_228
1997;322;03-11;39;53;92;SEC_322
2011;121;50-64;47;51;98;SEC_121
2011;430;16-17;13;12;25;SEC_430
2001;229;50-64;61;55;116;SEC_229
1998;613;12-15;14;18;32;SEC_613
2007;502;16-17;14;8;22;SEC_502
1995;248;50-64;102;104;206;SEC_248
1995;441;50-64;164;165;329;SEC_441
2002;103;00-02;8;10;18;SEC_103
2005;532;03-11;57;36;93;SEC_532
2004;307;16-17;11;16;27;SEC_307
2012;515;50-64;36;30;66;SEC_515
2013;602;03-11;66;70;136;SEC_602
1995;417;03-11;26;28;54;SEC_417
2012;117;35-49;216;239;455;SEC_117
2008;416;12-15;15;14;29;SEC_416
1997;435;18-24;55;53;108;SEC_435
2000;229;65-74;53;51;104;SEC_229
2011;124;75 i +;45;39;84;SEC_124
2006;119;18-24;60;47;107;SEC_119
1997;512;18-24;45;55;100;SEC_512
2006;306;65-74;84;59;143;SEC_306
2010;218;03-11;15;31;46;SEC_218
2006;511;25-34;59;69;128;SEC_511
2015;248;12-15;18;14;32;SEC_248
1994;423;16-17;11;15;26;SEC_423
2003;319;65-74;45;27;72;SEC_319
2015;430;12-15;22;21;43;SEC_430
2010;138;25-34;65;68;133;SEC_138
1994;101;00-02;14;20;34;SEC_101
1995;622;00-02;11;20;31;SEC_622
2005;314;00-02;22;33;55;SEC_314
1996;408;75 i +;27;18;45;SEC_408
2001;510;75 i +;51;29;80;SEC_510
2003;310;00-02;12;16;28;SEC_310
1997;620;25-34;56;49;105;SEC_620
1998;601;12-15;25;31;56;SEC_601
2014;135;16-17;10;11;21;SEC_135
2009;133;65-74;45;37;82;SEC_133
1994;403;12-15;38;27;65;SEC_403
2007;234;12-15;19;17;36;SEC_234
2015;320;50-64;10;10;20;SEC_320
1999;108;50-64;107;106;213;SEC_108
1995;435;50-64;96;85;181;SEC_435
2008;222;35-49;118;133;251;SEC_222
1999;108;35-49;133;121;254;SEC_108
1994;114;50-64;175;196;371;SEC_114
2002;503;35-49;126;87;213;SEC_503
2006;213;16-17;9;5;14;SEC_213
1996;528;35-49;95;84;179;SEC_528
1997;128;35-49;102;93;195;SEC_128
2012;534;12-15;16;19;35;SEC_534
2002;303;16-17;8;9;17;SEC_303
2004;133;50-64;96;86;182;SEC_133
2014;317;03-11;62;63;125;SEC_317
1995;406;03-11;56;51;107;SEC_406
1999;439;00-02;7;11;18;SEC_439
2005;130;00-02;12;14;26;SEC_130
2010;233;50-64;61;64;125;SEC_233
2014;318;18-24;20;34;54;SEC_318
2006;627;65-74;39;36;75;SEC_627
2001;119;16-17;19;17;36;SEC_119
2010;125;12-15;23;36;59;SEC_125
2006;129;50-64;112;98;210;SEC_129
2016;119;00-02;11;15;26;SEC_119
2004;513;35-49;83;96;179;SEC_513
1995;504;25-34;91;105;196;SEC_504
2003;609;75 i +;28;20;48;SEC_609
1999;602;12-15;6;10;16;SEC_602
1996;301;03-11;63;74;137;SEC_301
1996;427;18-24;45;54;99;SEC_427
2001;422;03-11;30;38;68;SEC_422
1994;616;50-64;109;124;233;SEC_616
1995;303;18-24;145;141;286;SEC_303
2009;424;75 i +;24;27;51;SEC_424
1998;135;65-74;65;57;122;SEC_135
2005;245;35-49;129;135;264;SEC_245
1995;425;03-11;26;24;50;SEC_425
1998;114;03-11;54;36;90;SEC_114
1998;602;00-02;7;8;15;SEC_602
2011;532;16-17;16;13;29;SEC_532
2001;428;03-11;17;19;36;SEC_428
2004;244;50-64;55;41;96;SEC_244
2004;432;35-49;112;124;236;SEC_432
2010;611;75 i +;83;53;136;SEC_611
2010;426;65-74;38;35;73;SEC_426
2005;623;25-34;146;161;307;SEC_623
2010;629;65-74;37;28;65;SEC_629
2009;318;65-74;35;26;61;SEC_318
2002;632;00-02;19;10;29;SEC_632
2005;322;25-34;149;169;318;SEC_322
2003;207;65-74;44;33;77;SEC_207
2000;301;50-64;197;200;397;SEC_301
1994;136;50-64;107;99;206;SEC_136
2007;304;03-11;67;71;138;SEC_304
2016;321;75 i +;125;83;208;SEC_321
2009;533;35-49;119;149;268;SEC_533
1997;512;00-02;9;8;17;SEC_512
2009;207;50-64;68;60;128;SEC_207
2001;207;00-02;5;9;14;SEC_207
2008;125;75 i +;48;35;83;SEC_125
1997;502;75 i +;57;31;88;SEC_502
2000;302;18-24;94;109;203;SEC_302
2001;233;16-17;3;6;9;SEC_233
2006;531;03-11;31;41;72;SEC_531
1998;216;50-64;146;120;266;SEC_216
1999;213;35-49;93;93;186;SEC_213
2007;603;75 i +;21;17;38;SEC_603
2013;517;12-15;37;51;88;SEC_517
2003;231;65-74;79;59;138;SEC_231
2006;301;16-17;17;18;35;SEC_301
2014;305;25-34;106;137;243;SEC_305
2007;402;12-15;15;8;23;SEC_402
2004;423;65-74;69;64;133;SEC_423
2008;208;12-15;17;26;43;SEC_208
2010;508;75 i +;38;21;59;SEC_508
2006;213;18-24;62;53;115;SEC_213
2000;108;35-49;135;118;253;SEC_108
2002;224;75 i +;35;12;47;SEC_224
1995;629;25-34;63;57;120;SEC_629
2016;507;00-02;8;9;17;SEC_507
2000;234;35-49;82;76;158;SEC_234
2015;507;50-64;78;67;145;SEC_507
2001;430;00-02;9;10;19;SEC_430
1996;131;50-64;125;131;256;SEC_131
2007;224;03-11;19;20;39;SEC_224
2007;533;18-24;62;54;116;SEC_533
2012;222;18-24;36;37;73;SEC_222
1995;411;65-74;77;70;147;SEC_411
2013;518;18-24;39;44;83;SEC_518
1996;121;00-02;11;6;17;SEC_121
1999;421;75 i +;48;31;79;SEC_421
2014;538;03-11;59;55;114;SEC_538
2015;419;35-49;233;328;561;SEC_419
2003;426;75 i +;56;37;93;SEC_426
1997;121;50-64;85;53;138;SEC_121
1994;209;12-15;11;16;27;SEC_209
2000;226;12-15;20;21;41;SEC_226
1999;248;25-34;95;92;187;SEC_248
2011;241;00-02;11;10;21;SEC_241
2005;415;35-49;87;110;197;SEC_415
2007;242;75 i +;82;49;131;SEC_242
2015;526;00-02;33;35;68;SEC_526
2004;513;25-34;70;62;132;SEC_513
2010;236;25-34;89;80;169;SEC_236
2002;432;25-34;96;117;213;SEC_432
2006;606;75 i +;56;28;84;SEC_606
2011;512;25-34;88;79;167;SEC_512
2000;428;35-49;46;49;95;SEC_428
2015;608;25-34;54;65;119;SEC_608
2003;318;18-24;54;34;88;SEC_318
2010;239;16-17;13;11;24;SEC_239
2009;534;00-02;10;14;24;SEC_534
1998;245;25-34;70;90;160;SEC_245
1996;210;75 i +;48;37;85;SEC_210
1996;242;18-24;43;54;97;SEC_242
2013;517;18-24;76;85;161;SEC_517
2000;401;12-15;21;27;48;SEC_401
2004;202;25-34;87;99;186;SEC_202
2015;239;50-64;99;85;184;SEC_239
1996;620;25-34;52;50;102;SEC_620
1999;201;65-74;48;48;96;SEC_201
2003;618;25-34;50;58;108;SEC_618
2002;534;12-15;14;13;27;SEC_534
2006;323;00-02;46;49;95;SEC_323
2001;537;25-34;116;105;221;SEC_537
2004;422;03-11;31;41;72;SEC_422
1998;243;03-11;50;51;101;SEC_243
1998;135;50-64;138;146;284;SEC_135
2012;220;00-02;13;16;29;SEC_220
2010;119;75 i +;82;48;130;SEC_119
1998;221;00-02;8;6;14;SEC_221
1995;232;50-64;106;94;200;SEC_232
2009;526;00-02;13;8;21;SEC_526
1999;127;03-11;40;34;74;SEC_127
1994;212;03-11;39;46;85;SEC_212
1995;303;75 i +;64;38;102;SEC_303
2005;417;00-02;7;13;20;SEC_417
1999;611;75 i +;48;31;79;SEC_611
2001;222;12-15;12;15;27;SEC_222
2011;218;35-49;92;94;186;SEC_218
1994;305;18-24;62;76;138;SEC_305
1999;621;12-15;24;37;61;SEC_621
1999;503;00-02;11;12;23;SEC_503
2005;102;35-49;151;176;327;SEC_102
2007;313;16-17;13;18;31;SEC_313
2009;229;65-74;43;29;72;SEC_229
2011;124;03-11;42;35;77;SEC_124
2000;631;25-34;118;127;245;SEC_631
1995;110;65-74;48;34;82;SEC_110
1995;136;75 i +;42;23;65;SEC_136
1999;227;25-34;65;54;119;SEC_227
1998;413;25-34;43;47;90;SEC_413
1995;441;00-02;22;8;30;SEC_441
2011;402;12-15;19;10;29;SEC_402
2006;238;50-64;63;68;131;SEC_238
2001;612;75 i +;49;21;70;SEC_612
2006;537;03-11;42;43;85;SEC_537
2007;526;16-17;3;10;13;SEC_526
2006;424;12-15;6;12;18;SEC_424
2005;230;25-34;96;87;183;SEC_230
2013;309;18-24;34;28;62;SEC_309
1996;108;12-15;27;27;54;SEC_108
2004;501;75 i +;16;7;23;SEC_501
2002;227;12-15;5;1;6;SEC_227
2001;323;00-02;43;41;84;SEC_323
2014;126;35-49;116;115;231;SEC_126
2014;234;12-15;10;13;23;SEC_234
2012;421;75 i +;94;67;161;SEC_421
2016;247;25-34;114;98;212;SEC_247
2010;620;03-11;19;21;40;SEC_620
2016;204;65-74;64;42;106;SEC_204
1995;302;03-11;60;44;104;SEC_302
2002;533;50-64;76;62;138;SEC_533
2008;513;65-74;57;43;100;SEC_513
2001;410;12-15;15;19;34;SEC_410
2004;223;50-64;92;82;174;SEC_223
1996;223;65-74;72;56;128;SEC_223
2014;205;75 i +;84;52;136;SEC_205
2006;104;00-02;10;16;26;SEC_104
2006;623;75 i +;55;30;85;SEC_623
2009;205;65-74;49;42;91;SEC_205
1997;111;65-74;43;40;83;SEC_111
2013;435;75 i +;82;38;120;SEC_435
2012;116;16-17;13;14;27;SEC_116
2000;226;00-02;9;4;13;SEC_226
1995;233;16-17;3;7;10;SEC_233
1999;113;18-24;100;86;186;SEC_113
2015;435;18-24;37;46;83;SEC_435
1999;224;65-74;46;35;81;SEC_224
2016;117;35-49;210;212;422;SEC_117
2004;223;25-34;109;124;233;SEC_223
2011;623;12-15;19;25;44;SEC_623
1999;127;35-49;95;97;192;SEC_127
2011;238;16-17;3;9;12;SEC_238
2016;136;00-02;19;12;31;SEC_136
2015;304;50-64;181;165;346;SEC_304
2011;324;12-15;21;21;42;SEC_324
2004;435;65-74;75;37;112;SEC_435
2002;430;65-74;53;53;106;SEC_430
2013;211;00-02;11;22;33;SEC_211
2006;607;16-17;10;5;15;SEC_607
1996;140;35-49;85;73;158;SEC_140
2002;523;00-02;13;13;26;SEC_523
2000;615;65-74;36;38;74;SEC_615
2008;535;35-49;98;94;192;SEC_535
2002;214;16-17;6;4;10;SEC_214
1995;415;25-34;63;57;120;SEC_415
1996;204;03-11;11;22;33;SEC_204
2007;110;03-11;27;33;60;SEC_110
2005;229;75 i +;52;29;81;SEC_229
2008;527;18-24;64;48;112;SEC_527
2016;607;16-17;9;8;17;SEC_607
1997;130;65-74;75;64;139;SEC_130
2000;308;18-24;81;74;155;SEC_308
2001;408;65-74;60;55;115;SEC_408
2010;219;00-02;18;22;40;SEC_219
2012;535;03-11;27;39;66;SEC_535
2000;124;00-02;7;6;13;SEC_124
1997;234;50-64;91;72;163;SEC_234
1996;437;50-64;93;88;181;SEC_437
2013;441;75 i +;110;67;177;SEC_441
2013;406;16-17;19;13;32;SEC_406
2013;104;25-34;56;51;107;SEC_104
2016;247;65-74;61;40;101;SEC_247
2014;319;00-02;22;28;50;SEC_319
2001;102;35-49;159;145;304;SEC_102
1995;117;35-49;283;265;548;SEC_117
2001;220;65-74;66;57;123;SEC_220
2001;136;75 i +;59;31;90;SEC_136
2002;140;03-11;17;22;39;SEC_140
2003;522;03-11;23;30;53;SEC_522
2000;503;65-74;31;18;49;SEC_503
1994;618;03-11;21;31;52;SEC_618
2001;119;75 i +;53;43;96;SEC_119
2012;510;03-11;46;29;75;SEC_510
1994;131;18-24;116;129;245;SEC_131
1998;226;18-24;64;58;122;SEC_226
2007;533;25-34;120;157;277;SEC_533
1999;105;03-11;45;65;110;SEC_105
2010;225;12-15;3;5;8;SEC_225
2007;314;50-64;233;247;480;SEC_314
1997;433;35-49;82;77;159;SEC_433
2011;512;00-02;16;10;26;SEC_512
2001;412;18-24;89;110;199;SEC_412
2001;222;75 i +;37;21;58;SEC_222
2012;120;75 i +;67;31;98;SEC_120
2003;422;00-02;12;10;22;SEC_422
1995;406;75 i +;46;32;78;SEC_406
2010;423;12-15;11;18;29;SEC_423
2009;115;00-02;15;25;40;SEC_115
2002;248;65-74;63;59;122;SEC_248
1998;133;12-15;16;19;35;SEC_133
2008;517;65-74;51;57;108;SEC_517
2009;313;50-64;226;182;408;SEC_313
2009;521;03-11;25;32;57;SEC_521
1999;508;75 i +;27;22;49;SEC_508
1997;205;18-24;45;47;92;SEC_205
2009;305;03-11;72;52;124;SEC_305
2007;229;12-15;17;15;32;SEC_229
1996;139;75 i +;27;6;33;SEC_139
1998;441;25-34;119;123;242;SEC_441
2008;114;03-11;60;58;118;SEC_114
2006;231;65-74;59;50;109;SEC_231
1996;621;35-49;239;209;448;SEC_621
2016;422;00-02;17;13;30;SEC_422
2007;132;18-24;90;92;182;SEC_132
2002;617;35-49;93;95;188;SEC_617
2003;224;35-49;80;81;161;SEC_224
1999;218;25-34;49;58;107;SEC_218
2002;409;12-15;9;14;23;SEC_409
2012;538;65-74;77;40;117;SEC_538
2014;521;75 i +;61;56;117;SEC_521
2008;624;65-74;63;69;132;SEC_624
1996;125;18-24;104;111;215;SEC_125
1997;627;16-17;28;27;55;SEC_627
2004;514;50-64;53;46;99;SEC_514
2012;124;03-11;39;34;73;SEC_124
1994;114;00-02;23;19;42;SEC_114
2014;101;18-24;48;53;101;SEC_101
2007;229;16-17;9;8;17;SEC_229
2008;243;12-15;30;27;57;SEC_243
1997;106;12-15;54;63;117;SEC_106
2010;507;25-34;74;82;156;SEC_507
2001;521;65-74;48;47;95;SEC_521
2000;417;50-64;65;55;120;SEC_417
2007;440;16-17;5;7;12;SEC_440
2003;437;00-02;19;8;27;SEC_437
1996;203;16-17;4;6;10;SEC_203
1995;626;00-02;8;11;19;SEC_626
2011;134;35-49;174;159;333;SEC_134
1999;631;18-24;79;99;178;SEC_631
2008;106;03-11;67;64;131;SEC_106
2010;220;35-49;126;124;250;SEC_220
2002;102;50-64;188;181;369;SEC_102
1994;106;50-64;116;114;230;SEC_106
2007;402;50-64;67;64;131;SEC_402
2012;405;12-15;14;18;32;SEC_405
2002;137;35-49;171;158;329;SEC_137
2015;621;65-74;117;132;249;SEC_621
2011;128;00-02;17;23;40;SEC_128
2012;314;50-64;281;259;540;SEC_314
2015;320;35-49;29;36;65;SEC_320
2014;249;18-24;43;37;80;SEC_249
2011;412;00-02;15;20;35;SEC_412
2012;609;35-49;108;107;215;SEC_609
2012;237;50-64;91;100;191;SEC_237
2004;423;75 i +;49;33;82;SEC_423
1997;208;12-15;22;42;64;SEC_208
2009;430;03-11;40;53;93;SEC_430
2010;305;00-02;27;26;53;SEC_305
2009;108;75 i +;114;72;186;SEC_108
1998;236;03-11;33;28;61;SEC_236
2011;632;25-34;51;65;116;SEC_632
2002;523;25-34;117;115;232;SEC_523
1999;238;75 i +;60;29;89;SEC_238
2006;120;35-49;232;215;447;SEC_120
1999;527;65-74;69;44;113;SEC_527
1998;402;75 i +;41;25;66;SEC_402
2005;112;03-11;58;58;116;SEC_112
1997;307;12-15;33;37;70;SEC_307
2006;229;50-64;67;46;113;SEC_229
2004;529;65-74;83;81;164;SEC_529
2008;509;50-64;62;56;118;SEC_509
2010;304;00-02;42;48;90;SEC_304
2012;442;16-17;11;9;20;SEC_442
2002;210;18-24;42;28;70;SEC_210
2016;324;00-02;22;19;41;SEC_324
2005;314;50-64;219;223;442;SEC_314
2011;107;25-34;123;144;267;SEC_107
2002;301;65-74;121;121;242;SEC_301
2010;536;25-34;63;76;139;SEC_536
2003;620;16-17;9;3;12;SEC_620
1998;249;25-34;87;95;182;SEC_249
2007;128;25-34;93;100;193;SEC_128
2010;136;65-74;59;46;105;SEC_136
2013;436;35-49;198;239;437;SEC_436
1996;233;25-34;69;70;139;SEC_233
2001;525;00-02;12;13;25;SEC_525
1999;419;03-11;33;36;69;SEC_419
1998;220;03-11;20;27;47;SEC_220
2013;305;03-11;59;65;124;SEC_305
2016;610;03-11;48;44;92;SEC_610
2008;521;03-11;27;33;60;SEC_521
2003;314;03-11;87;93;180;SEC_314
2011;509;25-34;76;89;165;SEC_509
1994;119;65-74;53;47;100;SEC_119
1995;606;65-74;57;43;100;SEC_606
2012;112;16-17;12;9;21;SEC_112
2004;249;25-34;103;125;228;SEC_249
2016;423;16-17;5;7;12;SEC_423
2009;107;18-24;59;67;126;SEC_107
1994;528;18-24;98;83;181;SEC_528
2000;621;65-74;43;32;75;SEC_621
2012;245;35-49;155;148;303;SEC_245
2016;502;16-17;15;18;33;SEC_502
1995;201;00-02;5;7;12;SEC_201
2002;626;75 i +;28;29;57;SEC_626
2001;319;50-64;80;85;165;SEC_319
2014;435;75 i +;75;37;112;SEC_435
1994;519;16-17;5;6;11;SEC_519
2016;504;25-34;78;63;141;SEC_504
2001;507;35-49;79;83;162;SEC_507
2002;525;50-64;82;77;159;SEC_525
2016;234;16-17;8;9;17;SEC_234
2014;427;16-17;13;17;30;SEC_427
2004;523;16-17;8;15;23;SEC_523
2012;230;75 i +;54;24;78;SEC_230
1998;235;50-64;150;123;273;SEC_235
1997;205;65-74;53;41;94;SEC_205
2010;240;00-02;17;22;39;SEC_240
2007;237;00-02;24;22;46;SEC_237
2004;524;12-15;22;22;44;SEC_524
2001;416;65-74;58;63;121;SEC_416
1997;203;00-02;3;2;5;SEC_203
2012;304;03-11;127;117;244;SEC_304
1995;140;35-49;85;80;165;SEC_140
2010;230;50-64;50;43;93;SEC_230
2002;438;35-49;96;93;189;SEC_438
2010;623;16-17;8;15;23;SEC_623
2004;301;75 i +;84;44;128;SEC_301
1998;509;12-15;15;10;25;SEC_509
2005;530;16-17;10;16;26;SEC_530
2007;117;16-17;22;15;37;SEC_117
2002;429;25-34;34;45;79;SEC_429
2012;436;00-02;18;21;39;SEC_436
2013;201;00-02;19;23;42;SEC_201
2001;137;25-34;138;124;262;SEC_137
2013;304;03-11;137;135;272;SEC_304
2009;615;03-11;36;22;58;SEC_615
2016;130;25-34;57;62;119;SEC_130
1998;320;75 i +;19;8;27;SEC_320
1998;203;00-02;5;8;13;SEC_203
2004;603;75 i +;24;13;37;SEC_603
2011;225;35-49;59;59;118;SEC_225
2002;402;18-24;33;39;72;SEC_402
2013;105;16-17;5;7;12;SEC_105
1997;307;03-11;59;68;127;SEC_307
2005;411;25-34;78;78;156;SEC_411
2000;533;12-15;16;15;31;SEC_533
1998;206;18-24;36;46;82;SEC_206
2011;106;25-34;140;156;296;SEC_106
2005;414;16-17;5;9;14;SEC_414
2013;422;50-64;89;97;186;SEC_422
2014;132;75 i +;111;72;183;SEC_132
1995;312;25-34;121;127;248;SEC_312
2011;628;12-15;19;16;35;SEC_628
2005;240;03-11;23;36;59;SEC_240
1995;319;12-15;27;30;57;SEC_319
2013;233;00-02;18;20;38;SEC_233
2008;228;18-24;34;44;78;SEC_228
1999;315;25-34;131;121;252;SEC_315
1994;222;03-11;35;36;71;SEC_222
2010;136;03-11;60;49;109;SEC_136
2005;210;50-64;92;81;173;SEC_210
2002;206;35-49;89;85;174;SEC_206
2013;207;35-49;248;240;488;SEC_207
1999;616;35-49;264;275;539;SEC_616
2005;626;75 i +;38;30;68;SEC_626
2011;538;12-15;19;24;43;SEC_538
2003;312;18-24;53;59;112;SEC_312
1997;301;50-64;215;221;436;SEC_301
2005;615;50-64;142;94;236;SEC_615
1995;322;16-17;20;19;39;SEC_322
1995;425;75 i +;45;20;65;SEC_425
2011;244;00-02;10;11;21;SEC_244
2007;123;16-17;17;13;30;SEC_123
1996;109;65-74;42;42;84;SEC_109
2013;229;18-24;68;76;144;SEC_229
2005;103;65-74;52;35;87;SEC_103
2007;236;16-17;11;11;22;SEC_236
2003;532;18-24;61;67;128;SEC_532
2016;115;03-11;56;54;110;SEC_115
2003;532;12-15;22;27;49;SEC_532
1994;404;18-24;93;83;176;SEC_404
2015;441;35-49;205;239;444;SEC_441
2001;101;50-64;98;99;197;SEC_101
2001;438;35-49;70;74;144;SEC_438
1995;126;65-74;53;39;92;SEC_126
1997;424;16-17;4;11;15;SEC_424
1994;406;75 i +;45;34;79;SEC_406
2016;140;50-64;90;75;165;SEC_140
2012;318;18-24;34;37;71;SEC_318
2009;208;65-74;132;95;227;SEC_208
2014;506;00-02;22;16;38;SEC_506
1995;119;75 i +;30;24;54;SEC_119
2009;309;75 i +;39;22;61;SEC_309
2005;616;50-64;228;244;472;SEC_616
2000;511;50-64;67;64;131;SEC_511
1994;430;65-74;61;44;105;SEC_430
2010;440;50-64;98;79;177;SEC_440
2015;623;50-64;128;115;243;SEC_623
2007;514;03-11;44;41;85;SEC_514
2010;525;50-64;67;71;138;SEC_525
2010;420;65-74;75;54;129;SEC_420
1996;214;18-24;38;50;88;SEC_214
2010;205;65-74;51;37;88;SEC_205
2012;306;65-74;63;57;120;SEC_306
1996;229;35-49;48;47;95;SEC_229
2008;538;65-74;70;58;128;SEC_538
2007;227;75 i +;55;36;91;SEC_227
2003;510;25-34;82;104;186;SEC_510
2011;421;00-02;13;23;36;SEC_421
2002;420;12-15;18;26;44;SEC_420
2008;117;65-74;80;75;155;SEC_117
2003;204;35-49;47;62;109;SEC_204
1994;504;65-74;60;53;113;SEC_504
2007;530;75 i +;99;54;153;SEC_530
2000;227;50-64;69;61;130;SEC_227
1994;320;35-49;117;74;191;SEC_320
2001;310;03-11;25;33;58;SEC_310
2016;410;16-17;14;21;35;SEC_410
1994;125;12-15;27;48;75;SEC_125
2007;614;12-15;11;19;30;SEC_614
1997;511;16-17;4;8;12;SEC_511
1998;113;00-02;11;12;23;SEC_113
2003;427;00-02;19;22;41;SEC_427
2014;513;03-11;86;76;162;SEC_513
2016;425;50-64;81;87;168;SEC_425
1999;127;50-64;52;52;104;SEC_127
2002;131;75 i +;46;34;80;SEC_131
2004;415;25-34;75;111;186;SEC_415
2016;437;25-34;99;133;232;SEC_437
2005;403;12-15;16;22;38;SEC_403
2015;535;50-64;102;84;186;SEC_535
2016;202;65-74;73;51;124;SEC_202
1996;403;18-24;72;84;156;SEC_403
2006;536;25-34;69;86;155;SEC_536
1996;613;18-24;143;128;271;SEC_613
2007;207;65-74;42;32;74;SEC_207
2002;319;00-02;15;12;27;SEC_319
2000;602;35-49;41;39;80;SEC_602
2014;605;16-17;13;15;28;SEC_605
2013;537;50-64;112;102;214;SEC_537
2002;529;18-24;50;52;102;SEC_529
1998;409;18-24;41;40;81;SEC_409
2012;306;25-34;128;142;270;SEC_306
2011;134;65-74;62;54;116;SEC_134
2013;607;35-49;105;129;234;SEC_607
2004;522;12-15;12;10;22;SEC_522
1999;416;25-34;58;64;122;SEC_416
2005;113;50-64;163;174;337;SEC_113
2012;601;65-74;111;89;200;SEC_601
2006;528;16-17;15;7;22;SEC_528
2000;227;18-24;31;32;63;SEC_227
2010;122;50-64;66;50;116;SEC_122
2008;325;18-24;51;66;117;SEC_325
1999;619;16-17;23;17;40;SEC_619
2007;442;00-02;6;9;15;SEC_442
2004;232;75 i +;66;35;101;SEC_232
1997;210;65-74;85;63;148;SEC_210
2007;127;50-64;69;67;136;SEC_127
2010;325;12-15;32;29;61;SEC_325
2006;239;50-64;88;69;157;SEC_239
2007;627;00-02;8;8;16;SEC_627
1995;138;25-34;66;58;124;SEC_138
2013;136;00-02;20;20;40;SEC_136
1999;619;65-74;66;64;130;SEC_619
1997;228;75 i +;33;18;51;SEC_228
2012;412;25-34;133;141;274;SEC_412
2008;505;00-02;12;16;28;SEC_505
1997;408;00-02;5;9;14;SEC_408
2003;104;12-15;9;8;17;SEC_104
2001;301;12-15;34;41;75;SEC_301
1994;210;18-24;57;54;111;SEC_210
1994;138;50-64;71;72;143;SEC_138
2003;523;35-49;137;140;277;SEC_523
1998;310;12-15;34;25;59;SEC_310
2000;505;65-74;56;48;104;SEC_505
1997;324;12-15;24;14;38;SEC_324
2000;516;18-24;29;28;57;SEC_516
2015;611;50-64;121;133;254;SEC_611
2000;431;50-64;108;112;220;SEC_431
2016;121;18-24;40;27;67;SEC_121
1995;624;35-49;165;127;292;SEC_624
2003;243;12-15;27;30;57;SEC_243
1996;325;75 i +;119;62;181;SEC_325
2008;318;03-11;29;41;70;SEC_318
2010;514;25-34;57;78;135;SEC_514
2011;440;25-34;73;57;130;SEC_440
2012;244;75 i +;44;27;71;SEC_244
2011;221;35-49;129;130;259;SEC_221
1997;247;18-24;76;57;133;SEC_247
2004;536;35-49;92;104;196;SEC_536
2001;440;12-15;6;13;19;SEC_440
2002;126;12-15;14;14;28;SEC_126
2004;105;00-02;17;13;30;SEC_105
2007;312;18-24;75;61;136;SEC_312
2004;216;65-74;75;65;140;SEC_216
2002;621;65-74;50;42;92;SEC_621
2000;613;25-34;147;170;317;SEC_613
2007;406;65-74;77;62;139;SEC_406
2006;131;75 i +;54;41;95;SEC_131
2002;533;16-17;12;6;18;SEC_533
1996;218;25-34;57;59;116;SEC_218
2014;526;75 i +;86;56;142;SEC_526
2012;632;25-34;53;65;118;SEC_632
1997;627;65-74;30;21;51;SEC_627
2003;214;00-02;7;9;16;SEC_214
2012;229;25-34;74;88;162;SEC_229
1998;515;35-49;59;43;102;SEC_515
1996;537;00-02;14;9;23;SEC_537
1997;513;12-15;9;6;15;SEC_513
2001;206;00-02;3;4;7;SEC_206
2004;220;00-02;14;10;24;SEC_220
2004;111;18-24;39;34;73;SEC_111
1997;501;25-34;75;77;152;SEC_501
1995;207;75 i +;40;17;57;SEC_207
1996;436;50-64;77;59;136;SEC_436
2001;430;03-11;27;43;70;SEC_430
2016;610;16-17;9;18;27;SEC_610
1994;518;00-02;10;8;18;SEC_518
2003;536;12-15;11;13;24;SEC_536
2011;401;18-24;49;55;104;SEC_401
2004;412;00-02;21;18;39;SEC_412
2002;518;35-49;90;114;204;SEC_518
2010;629;03-11;30;15;45;SEC_629
1996;219;50-64;109;107;216;SEC_219
2008;207;35-49;79;74;153;SEC_207
2002;436;00-02;13;18;31;SEC_436
2008;435;75 i +;98;45;143;SEC_435
1994;513;12-15;14;16;30;SEC_513
2014;531;18-24;41;37;78;SEC_531
1997;431;12-15;25;34;59;SEC_431
2016;232;03-11;39;52;91;SEC_232
2012;135;65-74;84;75;159;SEC_135
2007;607;65-74;104;103;207;SEC_607
2008;616;03-11;118;149;267;SEC_616
2016;524;18-24;42;57;99;SEC_524
2011;625;25-34;89;100;189;SEC_625
2005;502;00-02;17;23;40;SEC_502
1997;120;65-74;59;46;105;SEC_120
2009;325;16-17;19;17;36;SEC_325
1996;216;65-74;83;64;147;SEC_216
2008;224;00-02;12;18;30;SEC_224
1998;603;12-15;9;11;20;SEC_603
2013;243;12-15;24;32;56;SEC_243
2004;226;12-15;10;17;27;SEC_226
2007;135;65-74;72;64;136;SEC_135
2008;232;03-11;32;38;70;SEC_232
2000;205;25-34;68;66;134;SEC_205
1994;317;50-64;68;63;131;SEC_317
1999;312;18-24;69;70;139;SEC_312
2005;109;03-11;34;38;72;SEC_109
1995;613;65-74;45;44;89;SEC_613
1996;413;12-15;8;9;17;SEC_413
2004;423;50-64;80;82;162;SEC_423
2008;303;35-49;148;177;325;SEC_303
2012;403;65-74;88;67;155;SEC_403
2012;235;50-64;98;89;187;SEC_235
1994;532;16-17;22;28;50;SEC_532
2003;236;12-15;18;18;36;SEC_236
2013;602;75 i +;60;58;118;SEC_602
2006;503;00-02;6;6;12;SEC_503
1995;627;65-74;34;20;54;SEC_627
2012;611;35-49;238;270;508;SEC_611
2011;611;25-34;129;118;247;SEC_611
2008;323;25-34;232;284;516;SEC_323
2006;234;50-64;60;53;113;SEC_234
2009;617;25-34;68;82;150;SEC_617
2005;514;75 i +;31;16;47;SEC_514
2005;231;18-24;39;37;76;SEC_231
2000;210;75 i +;62;36;98;SEC_210
1994;124;16-17;16;21;37;SEC_124
2007;106;65-74;59;46;105;SEC_106
2011;125;65-74;71;76;147;SEC_125
2016;506;75 i +;104;90;194;SEC_506
2001;626;75 i +;23;27;50;SEC_626
1999;428;75 i +;29;20;49;SEC_428
2014;315;25-34;132;137;269;SEC_315
1994;209;25-34;77;91;168;SEC_209
2007;134;18-24;57;57;114;SEC_134
2009;430;12-15;22;22;44;SEC_430
2009;233;03-11;26;43;69;SEC_233
2016;504;12-15;11;9;20;SEC_504
2016;610;12-15;22;24;46;SEC_610
2003;612;65-74;55;60;115;SEC_612
2001;406;35-49;142;135;277;SEC_406
2009;204;12-15;12;10;22;SEC_204
1999;421;25-34;128;116;244;SEC_421
1994;225;00-02;3;4;7;SEC_225
2006;506;50-64;248;210;458;SEC_506
2008;613;50-64;135;77;212;SEC_613
2005;529;75 i +;76;49;125;SEC_529
2005;533;50-64;69;52;121;SEC_533
2013;505;12-15;13;13;26;SEC_505
2009;243;03-11;63;76;139;SEC_243
2008;226;00-02;23;16;39;SEC_226
2009;305;16-17;23;15;38;SEC_305
2001;620;18-24;48;34;82;SEC_620
2000;209;16-17;4;5;9;SEC_209
2004;120;50-64;155;149;304;SEC_120
1996;405;35-49;45;61;106;SEC_405
2001;418;18-24;48;51;99;SEC_418
2003;617;00-02;8;13;21;SEC_617
1999;409;25-34;56;61;117;SEC_409
2009;537;50-64;124;97;221;SEC_537
1998;412;50-64;184;176;360;SEC_412
1997;423;25-34;74;84;158;SEC_423
2013;632;50-64;78;64;142;SEC_632
1999;606;65-74;71;63;134;SEC_606
2016;632;35-49;113;131;244;SEC_632
1994;422;35-49;87;102;189;SEC_422
2001;219;12-15;19;21;40;SEC_219
1995;129;35-49;107;111;218;SEC_129
2008;527;25-34;137;127;264;SEC_527
2016;529;03-11;51;62;113;SEC_529
2009;528;18-24;54;42;96;SEC_528
1997;319;65-74;31;29;60;SEC_319
2009;314;50-64;253;258;511;SEC_314
1995;215;25-34;79;84;163;SEC_215
1998;609;50-64;142;141;283;SEC_609
1994;110;00-02;8;17;25;SEC_110
1996;109;12-15;20;41;61;SEC_109
2015;305;25-34;102;112;214;SEC_305
2014;214;65-74;97;59;156;SEC_214
2013;201;12-15;15;20;35;SEC_201
1999;128;16-17;14;13;27;SEC_128
2003;428;50-64;32;35;67;SEC_428
2012;620;65-74;55;48;103;SEC_620
1998;520;75 i +;39;27;66;SEC_520
1994;318;65-74;22;17;39;SEC_318
2016;326;75 i +;4;3;7;SEC_326
2002;113;12-15;45;38;83;SEC_113
1996;436;03-11;27;28;55;SEC_436
1997;133;00-02;3;8;11;SEC_133
2009;241;18-24;41;41;82;SEC_241
2006;404;50-64;111;105;216;SEC_404
2008;523;00-02;16;25;41;SEC_523
2013;431;50-64;108;103;211;SEC_431
2001;528;75 i +;47;30;77;SEC_528
2001;301;00-02;29;26;55;SEC_301
2012;237;65-74;63;48;111;SEC_237
2011;428;65-74;17;12;29;SEC_428
2001;105;50-64;91;108;199;SEC_105
2009;217;18-24;28;38;66;SEC_217
2004;135;35-49;188;166;354;SEC_135
2013;405;00-02;32;27;59;SEC_405
2016;420;75 i +;130;86;216;SEC_420
2007;503;25-34;78;85;163;SEC_503
2005;427;75 i +;49;41;90;SEC_427
2004;239;75 i +;88;57;145;SEC_239
1994;430;12-15;16;21;37;SEC_430
2001;239;18-24;50;39;89;SEC_239
2005;503;03-11;21;31;52;SEC_503
2009;314;00-02;30;40;70;SEC_314
1999;415;03-11;22;22;44;SEC_415
2001;405;18-24;33;34;67;SEC_405
2014;528;03-11;51;55;106;SEC_528
2003;411;25-34;69;63;132;SEC_411
1994;301;03-11;53;77;130;SEC_301
2015;233;16-17;7;9;16;SEC_233
2005;436;50-64;52;58;110;SEC_436
1997;614;35-49;98;81;179;SEC_614
2003;625;25-34;104;106;210;SEC_625
2013;103;50-64;66;63;129;SEC_103
2002;440;25-34;87;108;195;SEC_440
1998;519;16-17;5;9;14;SEC_519
1994;234;03-11;24;30;54;SEC_234
1997;439;65-74;51;52;103;SEC_439
2015;612;50-64;58;64;122;SEC_612
2008;410;16-17;16;15;31;SEC_410
2004;629;18-24;22;30;52;SEC_629
2000;535;35-49;121;113;234;SEC_535
2016;411;65-74;64;44;108;SEC_411
1996;233;16-17;7;9;16;SEC_233
2009;412;75 i +;87;76;163;SEC_412
2007;240;75 i +;58;30;88;SEC_240
2002;207;03-11;17;20;37;SEC_207
1997;232;00-02;9;4;13;SEC_232
2004;103;25-34;76;72;148;SEC_103
2004;249;12-15;12;18;30;SEC_249
1999;631;00-02;6;15;21;SEC_631
2010;139;12-15;15;27;42;SEC_139
1997;403;75 i +;45;20;65;SEC_403
2008;125;03-11;69;68;137;SEC_125
2013;247;25-34;115;92;207;SEC_247
2005;231;35-49;137;115;252;SEC_231
1996;401;16-17;18;16;34;SEC_401
1995;132;16-17;37;52;89;SEC_132
2003;418;35-49;118;141;259;SEC_418
2010;616;16-17;27;32;59;SEC_616
2006;409;35-49;85;87;172;SEC_409
2010;521;25-34;57;61;118;SEC_521
2011;138;16-17;4;4;8;SEC_138
1997;441;03-11;113;87;200;SEC_441
1996;518;25-34;91;101;192;SEC_518
2011;317;35-49;144;170;314;SEC_317
2004;117;03-11;94;77;171;SEC_117
2012;616;12-15;62;83;145;SEC_616
2010;133;12-15;11;13;24;SEC_133
2003;136;16-17;13;6;19;SEC_136
2001;612;50-64;159;139;298;SEC_612
2011;602;03-11;24;18;42;SEC_602
2010;508;25-34;61;58;119;SEC_508
2015;608;18-24;33;45;78;SEC_608
1999;412;12-15;36;38;74;SEC_412
2003;602;03-11;16;20;36;SEC_602
2001;239;65-74;96;74;170;SEC_239
2012;226;65-74;46;37;83;SEC_226
2002;435;00-02;12;11;23;SEC_435
2014;128;03-11;45;52;97;SEC_128
1997;617;25-34;109;128;237;SEC_617
1994;218;00-02;5;5;10;SEC_218
2012;246;03-11;49;57;106;SEC_246
2012;623;65-74;104;101;205;SEC_623
2013;107;16-17;8;23;31;SEC_107
1998;620;35-49;68;61;129;SEC_620
2007;205;35-49;97;99;196;SEC_205
2002;233;50-64;69;59;128;SEC_233
2004;321;03-11;85;92;177;SEC_321
2012;529;16-17;4;10;14;SEC_529
2013;401;00-02;9;24;33;SEC_401
1996;211;18-24;42;55;97;SEC_211
1996;418;50-64;130;116;246;SEC_418
2016;601;12-15;34;38;72;SEC_601
2008;316;75 i +;69;33;102;SEC_316
2006;442;65-74;24;23;47;SEC_442
1998;202;50-64;82;73;155;SEC_202
1997;307;75 i +;37;20;57;SEC_307
1996;425;25-34;79;71;150;SEC_425
1996;214;65-74;41;36;77;SEC_214
2013;125;35-49;229;225;454;SEC_125
2002;121;35-49;80;100;180;SEC_121
2014;422;16-17;11;13;24;SEC_422
2009;247;65-74;65;53;118;SEC_247
2001;101;00-02;22;12;34;SEC_101
2004;325;16-17;12;12;24;SEC_325
2013;129;18-24;40;45;85;SEC_129
2012;426;16-17;7;7;14;SEC_426
2005;419;75 i +;42;27;69;SEC_419
2003;316;75 i +;62;34;96;SEC_316
1997;627;35-49;178;154;332;SEC_627
1998;231;25-34;89;80;169;SEC_231
2012;238;50-64;61;70;131;SEC_238
2000;134;65-74;49;34;83;SEC_134
1995;238;16-17;3;6;9;SEC_238
2016;627;16-17;8;4;12;SEC_627
2012;438;50-64;70;63;133;SEC_438
2009;406;18-24;70;53;123;SEC_406
1998;240;35-49;56;51;107;SEC_240
2011;112;50-64;168;165;333;SEC_112
1997;315;25-34;128;125;253;SEC_315
2000;423;65-74;73;59;132;SEC_423
2016;205;00-02;11;13;24;SEC_205
2015;520;18-24;26;32;58;SEC_520
2005;308;65-74;89;79;168;SEC_308
2008;617;18-24;38;37;75;SEC_617
2013;121;50-64;49;67;116;SEC_121
1999;618;75 i +;17;14;31;SEC_618
2002;324;12-15;16;17;33;SEC_324
2006;127;16-17;13;9;22;SEC_127
2010;508;65-74;31;26;57;SEC_508
2015;615;03-11;32;25;57;SEC_615
2008;102;03-11;58;72;130;SEC_102
1997;239;25-34;88;95;183;SEC_239
2016;212;25-34;98;101;199;SEC_212
2013;311;18-24;42;55;97;SEC_311
2000;520;18-24;41;58;99;SEC_520
2006;508;03-11;18;19;37;SEC_508
2015;630;03-11;26;32;58;SEC_630
2001;602;16-17;2;5;7;SEC_602
1998;316;75 i +;26;16;42;SEC_316
1998;602;75 i +;25;15;40;SEC_602
2009;509;03-11;40;36;76;SEC_509
1997;136;25-34;94;96;190;SEC_136
2005;610;75 i +;51;36;87;SEC_610
2006;220;75 i +;55;33;88;SEC_220
2011;505;00-02;17;12;29;SEC_505
1999;131;65-74;57;50;107;SEC_131
2003;140;00-02;15;15;30;SEC_140
2011;243;65-74;75;58;133;SEC_243
2008;441;18-24;106;98;204;SEC_441
2012;612;25-34;45;57;102;SEC_612
1997;614;25-34;85;85;170;SEC_614
2011;424;35-49;63;83;146;SEC_424
2006;306;35-49;180;200;380;SEC_306
2016;411;25-34;65;53;118;SEC_411
2006;609;18-24;30;39;69;SEC_609
2012;631;50-64;104;64;168;SEC_631
2010;414;12-15;17;17;34;SEC_414
2003;502;25-34;132;157;289;SEC_502
1996;518;12-15;13;18;31;SEC_518
1994;232;00-02;12;6;18;SEC_232
2002;306;18-24;91;80;171;SEC_306
2001;237;50-64;125;114;239;SEC_237
1994;120;65-74;62;54;116;SEC_120
2011;528;12-15;26;22;48;SEC_528
1996;535;00-02;8;6;14;SEC_535
2011;613;00-02;13;16;29;SEC_613
2009;603;50-64;58;42;100;SEC_603
1999;409;00-02;10;5;15;SEC_409
2007;223;12-15;32;26;58;SEC_223
1995;233;00-02;8;2;10;SEC_233
2006;604;35-49;89;101;190;SEC_604
2000;613;18-24;62;59;121;SEC_613
1996;631;16-17;21;14;35;SEC_631
2013;423;25-34;77;100;177;SEC_423
2006;534;50-64;82;75;157;SEC_534
2003;603;03-11;23;20;43;SEC_603
2014;140;75 i +;58;42;100;SEC_140
1995;424;12-15;8;22;30;SEC_424
2000;245;50-64;79;66;145;SEC_245
2004;421;75 i +;65;37;102;SEC_421
1994;607;03-11;30;35;65;SEC_607
1995;319;00-02;6;10;16;SEC_319
1998;214;25-34;57;71;128;SEC_214
2008;514;03-11;47;37;84;SEC_514
1995;524;25-34;108;108;216;SEC_524
2016;402;50-64;74;70;144;SEC_402
1996;249;12-15;15;25;40;SEC_249
2016;626;35-49;105;99;204;SEC_626
2008;611;75 i +;79;48;127;SEC_611
2000;239;18-24;55;46;101;SEC_239
1997;319;00-02;7;6;13;SEC_319
2013;605;25-34;100;118;218;SEC_605
2008;429;25-34;53;65;118;SEC_429
1994;631;18-24;140;143;283;SEC_631
2016;419;12-15;39;44;83;SEC_419
2004;208;16-17;15;9;24;SEC_208
1994;605;18-24;73;89;162;SEC_605
1998;510;65-74;61;46;107;SEC_510
2010;109;16-17;11;9;20;SEC_109
1999;404;65-74;86;66;152;SEC_404
2000;219;65-74;80;58;138;SEC_219
2000;422;03-11;26;42;68;SEC_422
2011;306;35-49;180;202;382;SEC_306
2016;513;35-49;199;200;399;SEC_513
1999;627;65-74;27;27;54;SEC_627
2010;137;03-11;73;59;132;SEC_137
2016;311;18-24;49;52;101;SEC_311
2008;416;65-74;45;33;78;SEC_416
2005;101;25-34;192;198;390;SEC_101
1998;609;75 i +;28;9;37;SEC_609
2007;626;00-02;9;14;23;SEC_626
2007;433;12-15;26;19;45;SEC_433
1995;325;03-11;49;51;100;SEC_325
2014;221;50-64;154;157;311;SEC_221
2005;530;03-11;42;55;97;SEC_530
2005;118;75 i +;56;22;78;SEC_118
1999;526;50-64;63;65;128;SEC_526
2008;517;00-02;25;19;44;SEC_517
2004;218;50-64;83;68;151;SEC_218
2014;208;00-02;16;14;30;SEC_208
2004;213;18-24;51;51;102;SEC_213
2009;441;25-34;151;154;305;SEC_441
1996;121;25-34;87;101;188;SEC_121
2007;214;65-74;40;33;73;SEC_214
1995;231;50-64;116;111;227;SEC_231
2010;220;16-17;12;12;24;SEC_220
1994;318;03-11;53;55;108;SEC_318
1999;537;18-24;73;74;147;SEC_537
1995;210;25-34;59;73;132;SEC_210
2000;105;18-24;88;75;163;SEC_105
2016;514;16-17;21;18;39;SEC_514
1996;621;03-11;59;69;128;SEC_621
2004;531;03-11;24;35;59;SEC_531
1999;625;16-17;30;28;58;SEC_625
2004;233;00-02;17;9;26;SEC_233
2010;602;75 i +;31;25;56;SEC_602
2003;322;16-17;9;7;16;SEC_322
2016;619;25-34;46;71;117;SEC_619
2000;206;16-17;5;9;14;SEC_206
2013;425;50-64;72;78;150;SEC_425
2016;129;16-17;6;11;17;SEC_129
2001;129;50-64;122;114;236;SEC_129
2010;207;00-02;12;12;24;SEC_207
2003;237;16-17;10;13;23;SEC_237
2008;422;65-74;51;38;89;SEC_422
2012;214;12-15;22;12;34;SEC_214
2000;406;00-02;7;14;21;SEC_406
2007;217;18-24;27;35;62;SEC_217
2001;611;03-11;68;57;125;SEC_611
1997;248;12-15;20;22;42;SEC_248
2008;310;75 i +;38;27;65;SEC_310
1998;528;50-64;141;128;269;SEC_528
2004;102;18-24;62;61;123;SEC_102
2006;324;12-15;11;13;24;SEC_324
2006;431;03-11;68;80;148;SEC_431
2012;437;03-11;40;33;73;SEC_437
1996;526;12-15;16;14;30;SEC_526
2009;607;12-15;18;15;33;SEC_607
2009;403;25-34;98;111;209;SEC_403
2012;401;00-02;8;24;32;SEC_401
2002;221;75 i +;40;33;73;SEC_221
1999;325;16-17;24;15;39;SEC_325
2016;626;18-24;29;32;61;SEC_626
2013;315;16-17;15;14;29;SEC_315
2015;232;75 i +;75;45;120;SEC_232
2000;220;18-24;43;20;63;SEC_220
2014;422;35-49;140;145;285;SEC_422
2011;244;50-64;48;54;102;SEC_244
1998;502;16-17;26;17;43;SEC_502
2001;129;03-11;38;26;64;SEC_129
2009;511;18-24;18;30;48;SEC_511
2009;537;65-74;74;72;146;SEC_537
1999;119;12-15;33;29;62;SEC_119
2007;134;35-49;152;152;304;SEC_134
2004;428;50-64;36;34;70;SEC_428
1998;310;75 i +;21;15;36;SEC_310
2009;537;03-11;46;35;81;SEC_537
1999;503;18-24;66;75;141;SEC_503
1994;504;75 i +;48;29;77;SEC_504
2004;419;18-24;41;37;78;SEC_419
2015;504;18-24;27;22;49;SEC_504
2012;218;50-64;75;68;143;SEC_218
2005;435;25-34;97;125;222;SEC_435
2000;118;35-49;237;191;428;SEC_118
1997;532;25-34;108;106;214;SEC_532
1994;317;65-74;55;45;100;SEC_317
2016;207;25-34;164;125;289;SEC_207
1998;203;65-74;57;46;103;SEC_203
1998;216;16-17;11;10;21;SEC_216
2001;128;25-34;123;112;235;SEC_128
2007;404;75 i +;73;39;112;SEC_404
2004;227;50-64;69;57;126;SEC_227
2003;416;35-49;67;82;149;SEC_416
2014;320;50-64;104;112;216;SEC_320
1999;245;50-64;80;72;152;SEC_245
2013;211;25-34;114;122;236;SEC_211
2008;430;00-02;17;25;42;SEC_430
2002;135;00-02;17;16;33;SEC_135
1995;402;75 i +;42;23;65;SEC_402
2005;521;16-17;5;8;13;SEC_521
2007;421;16-17;12;11;23;SEC_421
1997;513;18-24;38;47;85;SEC_513
2002;136;03-11;42;46;88;SEC_136
2016;418;12-15;16;30;46;SEC_418
2013;432;16-17;11;17;28;SEC_432
2007;204;25-34;58;73;131;SEC_204
2015;310;75 i +;43;21;64;SEC_310
2001;534;00-02;9;8;17;SEC_534
2005;109;16-17;12;9;21;SEC_109
1998;602;18-24;37;27;64;SEC_602
2014;506;16-17;13;13;26;SEC_506
2004;623;50-64;221;185;406;SEC_623
2012;511;25-34;64;54;118;SEC_511
2016;114;50-64;152;127;279;SEC_114
2012;626;35-49;99;100;199;SEC_626
1994;610;18-24;154;171;325;SEC_610
2003;105;12-15;28;34;62;SEC_105
2009;322;03-11;60;59;119;SEC_322
2010;537;16-17;11;12;23;SEC_537
1995;535;35-49;155;144;299;SEC_535
1994;427;18-24;60;48;108;SEC_427
2000;632;12-15;17;22;39;SEC_632
2005;422;18-24;51;64;115;SEC_422
2000;412;00-02;7;6;13;SEC_412
2004;115;25-34;112;129;241;SEC_115
2001;213;65-74;57;42;99;SEC_213
1996;242;16-17;10;8;18;SEC_242
1998;223;03-11;38;40;78;SEC_223
1995;403;35-49;118;96;214;SEC_403
2007;320;18-24;31;29;60;SEC_320
2014;236;16-17;8;9;17;SEC_236
2002;230;35-49;70;90;160;SEC_230
2000;224;00-02;4;11;15;SEC_224
2016;502;75 i +;137;76;213;SEC_502
1994;627;16-17;38;23;61;SEC_627
1999;504;16-17;11;3;14;SEC_504
2003;101;03-11;64;59;123;SEC_101
2015;606;75 i +;85;69;154;SEC_606
2004;221;25-34;104;110;214;SEC_221
2008;619;50-64;146;131;277;SEC_619
2009;437;00-02;15;17;32;SEC_437
2007;218;12-15;16;10;26;SEC_218
2012;225;50-64;49;34;83;SEC_225
2008;420;50-64;103;88;191;SEC_420
2000;222;18-24;39;58;97;SEC_222
1998;237;25-34;105;125;230;SEC_237
2015;416;65-74;71;56;127;SEC_416
2012;503;35-49;87;63;150;SEC_503
2014;136;25-34;82;59;141;SEC_136
2015;534;75 i +;63;48;111;SEC_534
1996;133;75 i +;39;29;68;SEC_133
2007;317;75 i +;67;24;91;SEC_317
2004;437;12-15;15;21;36;SEC_437
2003;132;65-74;82;89;171;SEC_132
2007;322;03-11;46;55;101;SEC_322
2001;237;16-17;11;6;17;SEC_237
2013;242;16-17;10;10;20;SEC_242
1994;438;50-64;108;112;220;SEC_438
1995;612;50-64;169;188;357;SEC_612
1995;401;75 i +;29;13;42;SEC_401
2006;109;16-17;9;6;15;SEC_109
2015;426;50-64;75;85;160;SEC_426
2002;408;65-74;58;50;108;SEC_408
2012;440;00-02;9;9;18;SEC_440
2001;505;03-11;29;24;53;SEC_505
1998;120;75 i +;43;23;66;SEC_120
2007;126;65-74;67;79;146;SEC_126
2006;311;25-34;114;148;262;SEC_311
1998;213;65-74;59;51;110;SEC_213
2008;406;00-02;21;26;47;SEC_406
1996;222;35-49;79;75;154;SEC_222
2003;625;16-17;15;22;37;SEC_625
2007;409;00-02;12;14;26;SEC_409
2002;302;65-74;54;36;90;SEC_302
1999;402;35-49;60;67;127;SEC_402
2005;230;03-11;37;47;84;SEC_230
1995;441;65-74;101;86;187;SEC_441
1997;402;18-24;52;51;103;SEC_402
2013;323;75 i +;62;21;83;SEC_323
1995;125;00-02;7;10;17;SEC_125
2004;528;12-15;19;12;31;SEC_528
2012;134;18-24;47;49;96;SEC_134
2015;511;25-34;179;154;333;SEC_511
2006;313;00-02;28;35;63;SEC_313
2003;627;03-11;26;30;56;SEC_627
2014;117;65-74;120;92;212;SEC_117
2000;605;65-74;46;39;85;SEC_605
2013;510;75 i +;66;38;104;SEC_510
2004;627;65-74;39;36;75;SEC_627
2012;310;12-15;12;13;25;SEC_310
2004;521;50-64;172;159;331;SEC_521
1999;632;75 i +;28;14;42;SEC_632
2004;234;03-11;31;24;55;SEC_234
2003;529;00-02;13;17;30;SEC_529
1998;121;75 i +;42;24;66;SEC_121
2005;116;25-34;130;143;273;SEC_116
2004;533;35-49;100;130;230;SEC_533
2007;405;35-49;76;101;177;SEC_405
2009;117;00-02;22;19;41;SEC_117
2002;606;50-64;93;69;162;SEC_606
1999;216;16-17;11;14;25;SEC_216
1996;318;75 i +;9;7;16;SEC_318
2001;140;75 i +;50;27;77;SEC_140
2012;408;75 i +;42;37;79;SEC_408
2011;308;65-74;96;84;180;SEC_308
1994;123;50-64;113;123;236;SEC_123
2004;215;12-15;10;12;22;SEC_215
2004;533;50-64;73;57;130;SEC_533
1995;101;35-49;132;136;268;SEC_101
2007;537;75 i +;74;42;116;SEC_537
2006;420;25-34;159;162;321;SEC_420
1999;202;65-74;45;45;90;SEC_202
2001;104;00-02;12;8;20;SEC_104
1996;519;35-49;36;34;70;SEC_519
1998;538;50-64;139;116;255;SEC_538
1999;625;03-11;47;50;97;SEC_625
2009;204;75 i +;40;19;59;SEC_204
2004;436;12-15;12;30;42;SEC_436
2006;114;00-02;20;18;38;SEC_114
1994;415;12-15;20;17;37;SEC_415
2002;617;16-17;14;11;25;SEC_617
2000;104;65-74;78;49;127;SEC_104
1997;619;35-49;168;149;317;SEC_619
2012;132;35-49;228;270;498;SEC_132
2003;434;25-34;39;42;81;SEC_434
2008;631;16-17;9;8;17;SEC_631
2012;211;12-15;21;31;52;SEC_211
2000;321;50-64;228;241;469;SEC_321
2002;226;12-15;18;19;37;SEC_226
1998;323;12-15;76;63;139;SEC_323
2009;235;75 i +;81;55;136;SEC_235
2008;205;18-24;37;40;77;SEC_205
1996;233;65-74;55;34;89;SEC_233
2011;321;75 i +;114;74;188;SEC_321
2000;416;18-24;23;31;54;SEC_416
1996;624;18-24;130;154;284;SEC_624
1994;311;12-15;34;33;67;SEC_311
2011;429;18-24;29;33;62;SEC_429
2005;114;25-34;166;147;313;SEC_114
2008;116;25-34;112;123;235;SEC_116
2010;630;50-64;115;93;208;SEC_630
2000;201;18-24;22;26;48;SEC_201
2015;101;50-64;178;171;349;SEC_101
2014;228;00-02;30;24;54;SEC_228
2002;133;25-34;91;108;199;SEC_133
1997;432;65-74;66;60;126;SEC_432
2006;535;12-15;17;16;33;SEC_535
1997;403;18-24;61;78;139;SEC_403
2013;523;50-64;98;110;208;SEC_523
2000;136;18-24;64;69;133;SEC_136
1997;428;03-11;20;14;34;SEC_428
2007;623;65-74;74;80;154;SEC_623
1997;529;65-74;78;62;140;SEC_529
1999;139;03-11;26;37;63;SEC_139
2014;231;50-64;77;76;153;SEC_231
2008;418;00-02;24;15;39;SEC_418
2005;108;00-02;6;15;21;SEC_108
2015;632;16-17;13;8;21;SEC_632
1995;120;18-24;91;92;183;SEC_120
1997;532;16-17;12;12;24;SEC_532
1996;130;65-74;76;64;140;SEC_130
1996;312;50-64;125;133;258;SEC_312
2008;214;18-24;33;47;80;SEC_214
2004;205;25-34;62;70;132;SEC_205
2003;435;18-24;43;52;95;SEC_435
1996;125;35-49;165;136;301;SEC_125
1998;107;00-02;13;20;33;SEC_107
2001;238;35-49;72;76;148;SEC_238
2006;218;35-49;85;87;172;SEC_218
2011;513;16-17;3;3;6;SEC_513
2013;302;65-74;90;112;202;SEC_302
2007;102;50-64;186;160;346;SEC_102
2010;105;35-49;144;124;268;SEC_105
2009;234;65-74;47;33;80;SEC_234
2002;214;35-49;57;63;120;SEC_214
2003;532;03-11;52;40;92;SEC_532
1999;239;03-11;20;30;50;SEC_239
2014;502;12-15;29;23;52;SEC_502
1999;248;03-11;36;39;75;SEC_248
1995;210;65-74;90;77;167;SEC_210
1995;241;12-15;11;7;18;SEC_241
1997;317;35-49;69;84;153;SEC_317
2008;440;25-34;78;84;162;SEC_440
1997;510;12-15;15;20;35;SEC_510
2005;435;50-64;74;69;143;SEC_435
2003;408;03-11;25;32;57;SEC_408
2015;520;35-49;96;95;191;SEC_520
2015;134;00-02;20;20;40;SEC_134
2003;217;65-74;40;31;71;SEC_217
1996;535;18-24;99;119;218;SEC_535
1996;242;50-64;125;106;231;SEC_242
2008;527;16-17;11;15;26;SEC_527
2007;222;12-15;15;18;33;SEC_222
1996;105;35-49;176;160;336;SEC_105
1997;422;00-02;6;8;14;SEC_422
2010;603;65-74;49;44;93;SEC_603
2000;423;16-17;7;4;11;SEC_423
2001;132;16-17;23;31;54;SEC_132
2008;317;35-49;130;140;270;SEC_317
2002;322;50-64;94;90;184;SEC_322
2003;201;00-02;4;9;13;SEC_201
2012;241;00-02;10;8;18;SEC_241
2000;618;25-34;55;72;127;SEC_618
1996;411;12-15;27;13;40;SEC_411
2009;113;12-15;19;30;49;SEC_113
2001;607;12-15;14;21;35;SEC_607
2003;127;50-64;54;46;100;SEC_127
1996;411;16-17;18;17;35;SEC_411
1996;110;65-74;51;39;90;SEC_110
2000;319;16-17;8;13;21;SEC_319
2007;245;50-64;82;70;152;SEC_245
1996;606;00-02;11;12;23;SEC_606
2006;419;00-02;9;18;27;SEC_419
2009;505;16-17;8;6;14;SEC_505
2009;613;25-34;80;105;185;SEC_613
2002;227;18-24;35;25;60;SEC_227
2008;424;12-15;9;13;22;SEC_424
2006;222;16-17;8;9;17;SEC_222
2000;628;50-64;136;145;281;SEC_628
1994;404;16-17;13;20;33;SEC_404
1997;304;18-24;54;70;124;SEC_304
2006;116;35-49;156;162;318;SEC_116
2006;226;12-15;16;15;31;SEC_226
2006;124;35-49;88;71;159;SEC_124
2015;528;25-34;82;80;162;SEC_528
2000;618;65-74;29;16;45;SEC_618
2010;206;18-24;39;31;70;SEC_206
2008;218;03-11;26;26;52;SEC_218
2010;246;75 i +;83;49;132;SEC_246
1999;515;65-74;30;23;53;SEC_515
2000;126;75 i +;43;23;66;SEC_126
2009;503;75 i +;34;18;52;SEC_503
2010;629;75 i +;31;21;52;SEC_629
2002;418;65-74;64;52;116;SEC_418
2002;136;35-49;128;121;249;SEC_136
2012;428;03-11;36;26;62;SEC_428
2004;512;03-11;29;36;65;SEC_512
1996;411;25-34;77;75;152;SEC_411
1996;520;65-74;46;47;93;SEC_520
2003;605;75 i +;28;20;48;SEC_605
2014;313;16-17;16;16;32;SEC_313
2014;304;16-17;48;17;65;SEC_304
2006;214;00-02;15;11;26;SEC_214
2009;404;50-64;103;94;197;SEC_404
2016;410;00-02;13;19;32;SEC_410
2010;421;12-15;24;17;41;SEC_421
1995;233;65-74;51;39;90;SEC_233
2015;317;00-02;12;18;30;SEC_317
1999;229;35-49;55;52;107;SEC_229
2009;310;00-02;13;14;27;SEC_310
1996;205;75 i +;32;15;47;SEC_205
2015;111;12-15;13;18;31;SEC_111
1996;525;12-15;15;26;41;SEC_525
2000;531;16-17;4;10;14;SEC_531
1995;421;00-02;9;8;17;SEC_421
2004;226;00-02;10;12;22;SEC_226
2011;620;18-24;26;28;54;SEC_620
2014;530;16-17;9;11;20;SEC_530
1999;239;12-15;10;22;32;SEC_239
2016;501;18-24;25;34;59;SEC_501
2007;632;50-64;89;73;162;SEC_632
1994;114;35-49;217;199;416;SEC_114
1996;211;25-34;108;107;215;SEC_211
2005;213;03-11;24;45;69;SEC_213
2015;437;65-74;86;64;150;SEC_437
2014;618;03-11;53;49;102;SEC_618
2015;503;65-74;48;65;113;SEC_503
2007;311;35-49;148;175;323;SEC_311
1995;107;16-17;36;37;73;SEC_107
1997;131;03-11;62;59;121;SEC_131
2016;312;75 i +;89;67;156;SEC_312
1999;442;75 i +;31;16;47;SEC_442
2012;135;75 i +;71;56;127;SEC_135
1995;409;75 i +;19;9;28;SEC_409
1999;516;12-15;8;2;10;SEC_516
1999;408;25-34;75;84;159;SEC_408
2006;236;03-11;36;30;66;SEC_236
2016;538;12-15;26;36;62;SEC_538
2005;630;12-15;16;14;30;SEC_630
2007;625;12-15;14;23;37;SEC_625
2005;202;35-49;94;96;190;SEC_202
2002;532;12-15;20;17;37;SEC_532
2000;522;35-49;78;69;147;SEC_522
2001;308;12-15;22;23;45;SEC_308
2011;620;16-17;3;4;7;SEC_620
1996;410;18-24;124;122;246;SEC_410
2010;209;12-15;15;14;29;SEC_209
1998;427;00-02;3;4;7;SEC_427
2002;609;65-74;44;43;87;SEC_609
2009;515;35-49;79;109;188;SEC_515
2004;133;00-02;12;16;28;SEC_133
2008;104;12-15;11;14;25;SEC_104
2013;246;00-02;14;15;29;SEC_246
2004;302;75 i +;48;31;79;SEC_302
2000;618;75 i +;18;16;34;SEC_618
2001;121;65-74;92;73;165;SEC_121
2015;211;35-49;185;196;381;SEC_211
2007;310;00-02;18;15;33;SEC_310
2010;413;03-11;21;28;49;SEC_413
2002;237;18-24;49;48;97;SEC_237
1997;104;00-02;12;6;18;SEC_104
2016;130;12-15;20;13;33;SEC_130
2011;537;35-49;145;124;269;SEC_537
2004;532;00-02;20;24;44;SEC_532
2009;310;35-49;112;119;231;SEC_310
1994;421;12-15;34;30;64;SEC_421
2003;242;18-24;40;49;89;SEC_242
2016;213;12-15;15;19;34;SEC_213
2005;308;03-11;87;100;187;SEC_308
1996;324;16-17;10;9;19;SEC_324
2010;440;35-49;114;118;232;SEC_440
1995;602;16-17;6;5;11;SEC_602
2014;234;03-11;38;33;71;SEC_234
2012;107;65-74;98;92;190;SEC_107
2000;420;65-74;83;64;147;SEC_420
1995;412;12-15;52;56;108;SEC_412
2016;231;50-64;92;94;186;SEC_231
2004;112;50-64;159;156;315;SEC_112
2003;225;18-24;19;32;51;SEC_225
1998;104;35-49;71;58;129;SEC_104
2005;533;65-74;76;56;132;SEC_533
2000;131;25-34;128;141;269;SEC_131
1998;209;50-64;93;86;179;SEC_209
1997;110;18-24;113;105;218;SEC_110
2002;435;03-11;31;35;66;SEC_435
2016;111;75 i +;64;41;105;SEC_111
2006;507;12-15;11;11;22;SEC_507
2002;623;03-11;42;52;94;SEC_623
2011;603;16-17;4;6;10;SEC_603
1996;317;16-17;7;9;16;SEC_317
2007;621;03-11;48;66;114;SEC_621
2006;410;16-17;10;12;22;SEC_410
1996;507;03-11;41;36;77;SEC_507
2001;409;18-24;36;40;76;SEC_409
2013;111;12-15;11;23;34;SEC_111
1997;511;50-64;71;66;137;SEC_511
2012;607;75 i +;76;66;142;SEC_607
1994;627;65-74;34;19;53;SEC_627
2015;618;65-74;104;78;182;SEC_618
2008;137;16-17;11;10;21;SEC_137
1997;507;35-49;90;74;164;SEC_507
2010;403;65-74;89;80;169;SEC_403
2001;602;18-24;30;21;51;SEC_602
2015;128;75 i +;57;46;103;SEC_128
2009;226;16-17;10;6;16;SEC_226
2007;502;12-15;21;22;43;SEC_502
2009;319;12-15;26;27;53;SEC_319
2008;321;35-49;268;246;514;SEC_321
2000;130;18-24;36;38;74;SEC_130
2008;533;35-49;123;149;272;SEC_533
2014;130;35-49;145;129;274;SEC_130
2010;524;03-11;54;52;106;SEC_524
2011;208;65-74;111;88;199;SEC_208
2010;115;00-02;23;28;51;SEC_115
2005;208;75 i +;135;85;220;SEC_208
2014;305;50-64;189;180;369;SEC_305
2001;131;16-17;9;12;21;SEC_131
2004;437;00-02;16;16;32;SEC_437
1995;114;16-17;33;32;65;SEC_114
1994;514;65-74;34;27;61;SEC_514
2000;135;12-15;32;30;62;SEC_135
2003;414;50-64;69;68;137;SEC_414
2006;131;00-02;12;21;33;SEC_131
2000;427;12-15;7;7;14;SEC_427
2010;403;18-24;41;44;85;SEC_403
2007;248;50-64;87;86;173;SEC_248
2015;632;12-15;29;16;45;SEC_632
1994;515;16-17;8;11;19;SEC_515
1994;127;18-24;22;35;57;SEC_127
1994;416;25-34;61;70;131;SEC_416
2012;607;00-02;9;15;24;SEC_607
2015;403;35-49;120;137;257;SEC_403
2011;205;65-74;49;36;85;SEC_205
2012;538;12-15;19;23;42;SEC_538
2013;405;03-11;80;83;163;SEC_405
1996;513;16-17;10;14;24;SEC_513
2009;611;03-11;76;83;159;SEC_611
2005;528;03-11;64;39;103;SEC_528
2013;537;12-15;18;23;41;SEC_537
2014;419;16-17;13;26;39;SEC_419
1999;615;18-24;64;65;129;SEC_615
1995;105;35-49;173;159;332;SEC_105
2009;139;25-34;81;114;195;SEC_139
2012;231;16-17;11;14;25;SEC_231
2002;225;03-11;6;13;19;SEC_225
1999;135;00-02;17;19;36;SEC_135
2000;402;35-49;63;65;128;SEC_402
2015;610;16-17;7;9;16;SEC_610
2004;224;00-02;10;6;16;SEC_224
2006;427;25-34;115;130;245;SEC_427
2002;205;25-34;60;69;129;SEC_205
1994;432;75 i +;24;14;38;SEC_432
2005;225;18-24;27;25;52;SEC_225
2006;439;18-24;58;75;133;SEC_439
1994;608;00-02;14;12;26;SEC_608
2005;405;03-11;29;26;55;SEC_405
2010;423;35-49;108;137;245;SEC_423
2014;303;35-49;191;205;396;SEC_303
2014;247;50-64;115;106;221;SEC_247
2009;605;00-02;8;13;21;SEC_605
2002;108;75 i +;87;48;135;SEC_108
1998;205;16-17;6;9;15;SEC_205
2003;228;12-15;8;10;18;SEC_228
2002;236;03-11;35;24;59;SEC_236
2006;428;12-15;9;17;26;SEC_428
1997;112;03-11;66;64;130;SEC_112
2000;536;75 i +;37;33;70;SEC_536
2006;102;50-64;189;169;358;SEC_102
1994;102;25-34;115;143;258;SEC_102
2008;247;75 i +;75;47;122;SEC_247
2000;125;65-74;51;48;99;SEC_125
2011;526;18-24;26;33;59;SEC_526
2005;225;35-49;53;59;112;SEC_225
1998;241;25-34;58;53;111;SEC_241
1994;216;35-49;134;122;256;SEC_216
2012;628;18-24;26;27;53;SEC_628
1998;415;50-64;54;54;108;SEC_415
2004;520;35-49;82;77;159;SEC_520
2007;323;03-11;145;125;270;SEC_323
2010;618;65-74;41;46;87;SEC_618
1995;422;00-02;6;7;13;SEC_422
2010;105;16-17;10;11;21;SEC_105
2003;533;25-34;98;113;211;SEC_533
2013;511;50-64;162;131;293;SEC_511
2004;224;35-49;86;85;171;SEC_224
2002;242;03-11;31;24;55;SEC_242
2016;306;75 i +;93;59;152;SEC_306
2004;536;03-11;26;28;54;SEC_536
2005;107;35-49;177;172;349;SEC_107
1994;210;03-11;19;30;49;SEC_210
2006;112;25-34;164;149;313;SEC_112
2003;424;03-11;21;18;39;SEC_424
2005;321;25-34;165;170;335;SEC_321
2014;217;03-11;45;60;105;SEC_217
2000;119;18-24;96;93;189;SEC_119
2009;104;65-74;53;37;90;SEC_104
2001;538;18-24;50;48;98;SEC_538
2010;619;00-02;16;18;34;SEC_619
2011;113;18-24;63;68;131;SEC_113
2002;403;03-11;21;23;44;SEC_403
2001;631;75 i +;30;16;46;SEC_631
2009;407;50-64;80;72;152;SEC_407
1998;317;16-17;4;9;13;SEC_317
2010;609;35-49;96;95;191;SEC_609
2000;212;75 i +;70;37;107;SEC_212
2016;441;65-74;127;108;235;SEC_441
2003;201;16-17;5;11;16;SEC_201
2003;108;25-34;99;100;199;SEC_108
1994;432;03-11;45;54;99;SEC_432
2004;629;03-11;17;20;37;SEC_629
1995;407;65-74;79;72;151;SEC_407
2008;208;18-24;61;59;120;SEC_208
2016;326;00-02;44;54;98;SEC_326
2009;120;03-11;63;93;156;SEC_120
1999;316;03-11;100;110;210;SEC_316
2007;413;12-15;19;13;32;SEC_413
2014;232;50-64;90;73;163;SEC_232
2002;535;18-24;58;69;127;SEC_535
2001;105;65-74;44;38;82;SEC_105
2008;422;00-02;23;20;43;SEC_422
2006;124;25-34;75;65;140;SEC_124
1999;429;65-74;50;32;82;SEC_429
2006;613;18-24;34;30;64;SEC_613
2002;409;18-24;43;42;85;SEC_409
2007;313;03-11;80;88;168;SEC_313
2016;327;75 i +;32;21;53;SEC_327
2000;231;65-74;80;70;150;SEC_231
2014;135;50-64;165;142;307;SEC_135
2010;111;12-15;10;18;28;SEC_111
2007;215;35-49;129;129;258;SEC_215
2015;521;50-64;90;72;162;SEC_521
2016;431;03-11;95;89;184;SEC_431
1998;115;00-02;13;15;28;SEC_115
1994;315;16-17;30;22;52;SEC_315
2003;302;65-74;57;41;98;SEC_302
1998;105;16-17;17;22;39;SEC_105
2000;617;16-17;15;12;27;SEC_617
2014;505;18-24;25;22;47;SEC_505
2015;303;25-34;104;99;203;SEC_303
1997;325;12-15;35;28;63;SEC_325
2005;422;16-17;13;11;24;SEC_422
2012;630;25-34;60;73;133;SEC_630
1998;433;75 i +;43;18;61;SEC_433
2009;423;12-15;10;17;27;SEC_423
2004;514;25-34;73;81;154;SEC_514
1994;238;50-64;74;68;142;SEC_238
1996;616;00-02;14;11;25;SEC_616
1999;311;12-15;12;13;25;SEC_311
2015;112;50-64;172;163;335;SEC_112
2004;403;25-34;71;90;161;SEC_403
2007;325;12-15;34;27;61;SEC_325
1996;133;50-64;84;77;161;SEC_133
2012;421;00-02;18;22;40;SEC_421
2004;620;18-24;32;25;57;SEC_620
2016;613;50-64;67;72;139;SEC_613
1995;210;00-02;8;5;13;SEC_210
2005;201;50-64;66;44;110;SEC_201
2009;309;50-64;82;74;156;SEC_309
1999;244;25-34;58;52;110;SEC_244
2000;206;00-02;5;4;9;SEC_206
2014;605;03-11;77;79;156;SEC_605
1995;225;65-74;56;38;94;SEC_225
1996;630;12-15;37;35;72;SEC_630
2005;231;25-34;109;129;238;SEC_231
2001;229;25-34;44;71;115;SEC_229
2008;315;50-64;151;160;311;SEC_315
2001;242;35-49;101;98;199;SEC_242
2011;410;35-49;177;166;343;SEC_410
2007;107;50-64;172;148;320;SEC_107
1996;430;00-02;8;11;19;SEC_430
2002;410;03-11;42;53;95;SEC_410
2007;216;00-02;21;11;32;SEC_216
1996;502;18-24;93;129;222;SEC_502
2001;233;75 i +;70;23;93;SEC_233
1996;529;50-64;142;145;287;SEC_529
2009;604;50-64;60;51;111;SEC_604
2007;202;75 i +;36;31;67;SEC_202
1994;609;50-64;91;133;224;SEC_609
2008;217;50-64;40;49;89;SEC_217
2002;617;03-11;33;43;76;SEC_617
2002;231;12-15;17;12;29;SEC_231
2012;243;35-49;217;209;426;SEC_243
2006;401;00-02;15;14;29;SEC_401
2016;622;75 i +;36;18;54;SEC_622
2016;403;16-17;10;9;19;SEC_403
2004;408;00-02;8;12;20;SEC_408
1994;238;12-15;12;14;26;SEC_238
2001;535;00-02;4;9;13;SEC_535
1997;249;25-34;86;89;175;SEC_249
2007;435;25-34;115;147;262;SEC_435
1994;502;35-49;170;160;330;SEC_502
1996;116;00-02;22;13;35;SEC_116
2008;308;12-15;35;36;71;SEC_308
2007;630;12-15;6;9;15;SEC_630
2010;205;16-17;9;5;14;SEC_205
2014;529;25-34;81;84;165;SEC_529
1998;225;35-49;43;38;81;SEC_225
1995;241;03-11;23;13;36;SEC_241
2008;611;65-74;116;128;244;SEC_611
2013;302;00-02;24;24;48;SEC_302
2007;107;03-11;64;72;136;SEC_107
2011;111;50-64;101;60;161;SEC_111
2005;406;18-24;67;48;115;SEC_406
2003;523;03-11;29;40;69;SEC_523
1999;429;00-02;0;4;4;SEC_429
2012;302;65-74;78;100;178;SEC_302
1999;603;03-11;23;26;49;SEC_603
2008;515;75 i +;32;12;44;SEC_515
2005;606;00-02;17;11;28;SEC_606
1996;427;25-34;72;70;142;SEC_427
2007;512;16-17;9;8;17;SEC_512
2016;534;25-34;85;63;148;SEC_534
1996;536;25-34;88;81;169;SEC_536
2003;519;03-11;25;34;59;SEC_519
2013;607;25-34;63;67;130;SEC_607
2006;537;75 i +;74;44;118;SEC_537
2006;302;16-17;12;7;19;SEC_302
2004;244;25-34;78;63;141;SEC_244
2002;324;16-17;10;15;25;SEC_324
2001;110;35-49;136;116;252;SEC_110
2008;309;25-34;107;109;216;SEC_309
2014;114;00-02;20;16;36;SEC_114
2005;616;00-02;39;46;85;SEC_616
2001;246;18-24;41;34;75;SEC_246
2006;301;18-24;77;85;162;SEC_301
1994;238;25-34;56;56;112;SEC_238
2008;130;65-74;77;56;133;SEC_130
2012;420;16-17;10;19;29;SEC_420
2016;249;12-15;21;15;36;SEC_249
2014;419;12-15;39;33;72;SEC_419
1998;618;18-24;54;46;100;SEC_618
2014;208;18-24;52;53;105;SEC_208
2003;321;16-17;20;29;49;SEC_321
1999;535;25-34;65;100;165;SEC_535
2016;441;35-49;221;239;460;SEC_441
2000;519;35-49;41;45;86;SEC_519
2014;432;18-24;39;37;76;SEC_432
2015;306;00-02;22;29;51;SEC_306
2009;417;35-49;92;85;177;SEC_417
1995;101;03-11;66;66;132;SEC_101
1998;202;25-34;56;79;135;SEC_202
1996;123;12-15;27;31;58;SEC_123
2013;124;12-15;11;11;22;SEC_124
1994;325;65-74;104;96;200;SEC_325
2008;206;03-11;31;44;75;SEC_206
2010;623;50-64;170;126;296;SEC_623
2011;625;03-11;37;49;86;SEC_625
2001;418;12-15;14;21;35;SEC_418
2003;110;18-24;52;59;111;SEC_110
2000;238;12-15;9;12;21;SEC_238
2016;214;12-15;34;48;82;SEC_214
1999;413;75 i +;37;15;52;SEC_413
1994;125;50-64;97;117;214;SEC_125
2002;613;25-34;144;163;307;SEC_613
2000;208;50-64;186;159;345;SEC_208
1998;312;50-64;207;182;389;SEC_312
1997;505;16-17;24;14;38;SEC_505
1996;215;75 i +;63;39;102;SEC_215
2004;404;25-34;126;147;273;SEC_404
1996;224;75 i +;37;16;53;SEC_224
2002;441;12-15;55;53;108;SEC_441
1994;507;65-74;37;31;68;SEC_507
2009;426;00-02;12;16;28;SEC_426
1999;244;65-74;48;32;80;SEC_244
1994;121;03-11;22;23;45;SEC_121
1998;420;18-24;54;71;125;SEC_420
2004;309;35-49;108;93;201;SEC_309
2007;606;18-24;41;51;92;SEC_606
2005;418;65-74;80;61;141;SEC_418
1999;401;12-15;20;33;53;SEC_401
2015;421;35-49;153;159;312;SEC_421
2016;632;75 i +;58;41;99;SEC_632
2005;610;12-15;14;17;31;SEC_610
2005;437;18-24;43;43;86;SEC_437
2003;441;50-64;209;201;410;SEC_441
2009;604;16-17;4;7;11;SEC_604
2004;503;25-34;73;78;151;SEC_503
1994;120;50-64;96;105;201;SEC_120
1998;131;50-64;129;151;280;SEC_131
2002;108;03-11;42;44;86;SEC_108
2008;245;75 i +;76;35;111;SEC_245
2010;109;50-64;122;118;240;SEC_109
2015;404;25-34;102;89;191;SEC_404
2010;403;12-15;14;20;34;SEC_403
2009;426;50-64;70;67;137;SEC_426
1999;431;16-17;16;17;33;SEC_431
2005;234;35-49;102;119;221;SEC_234
2005;208;50-64;177;143;320;SEC_208
1997;538;65-74;77;76;153;SEC_538
2002;116;35-49;163;151;314;SEC_116
2005;312;75 i +;64;26;90;SEC_312
2007;306;18-24;62;64;126;SEC_306
1995;432;75 i +;27;15;42;SEC_432
2009;223;16-17;16;14;30;SEC_223
2016;517;16-17;20;21;41;SEC_517
2006;128;65-74;51;50;101;SEC_128
2012;317;16-17;6;12;18;SEC_317
2008;626;16-17;9;5;14;SEC_626
2001;432;35-49;122;112;234;SEC_432
1999;302;25-34;125;129;254;SEC_302
1997;408;25-34;76;93;169;SEC_408
1999;209;03-11;17;36;53;SEC_209
1996;213;16-17;17;13;30;SEC_213
1996;227;00-02;7;5;12;SEC_227
2005;314;18-24;124;126;250;SEC_314
1999;632;00-02;14;16;30;SEC_632
2014;613;35-49;147;155;302;SEC_613
2002;316;75 i +;63;35;98;SEC_316
2008;417;35-49;85;89;174;SEC_417
2013;325;25-34;100;105;205;SEC_325
2015;109;03-11;43;49;92;SEC_109
2004;606;75 i +;54;24;78;SEC_606
2002;109;25-34;83;82;165;SEC_109
2002;114;75 i +;62;27;89;SEC_114
2002;211;25-34;128;163;291;SEC_211
2005;121;03-11;31;38;69;SEC_121
1996;614;75 i +;40;16;56;SEC_614
1999;516;50-64;63;56;119;SEC_516
2005;520;25-34;64;79;143;SEC_520
2000;625;50-64;130;145;275;SEC_625
1999;515;16-17;3;2;5;SEC_515
1994;212;12-15;23;38;61;SEC_212
2016;245;12-15;20;27;47;SEC_245
2010;436;16-17;13;12;25;SEC_436
2011;120;35-49;229;204;433;SEC_120
1998;214;75 i +;38;17;55;SEC_214
2002;408;18-24;33;51;84;SEC_408
1999;516;35-49;46;59;105;SEC_516
1995;430;00-02;12;10;22;SEC_430
2003;620;12-15;8;19;27;SEC_620
1997;246;50-64;91;85;176;SEC_246
2001;436;50-64;62;54;116;SEC_436
2000;223;16-17;6;10;16;SEC_223
2006;132;75 i +;69;49;118;SEC_132
1996;249;35-49;91;92;183;SEC_249
2011;627;03-11;30;30;60;SEC_627
2011;507;18-24;33;35;68;SEC_507
2002;618;35-49;50;58;108;SEC_618
2003;304;03-11;44;42;86;SEC_304
1999;509;00-02;7;11;18;SEC_509
2003;622;12-15;18;17;35;SEC_622
2002;413;50-64;38;40;78;SEC_413
2002;237;03-11;39;28;67;SEC_237
2002;436;16-17;7;11;18;SEC_436
2014;609;75 i +;44;30;74;SEC_609
2003;232;16-17;10;8;18;SEC_232
2006;324;00-02;17;12;29;SEC_324
2009;425;50-64;77;72;149;SEC_425
2016;441;18-24;86;62;148;SEC_441
1994;536;16-17;16;12;28;SEC_536
2006;219;65-74;60;53;113;SEC_219
1995;434;18-24;26;21;47;SEC_434
1997;532;03-11;39;34;73;SEC_532
1999;423;18-24;46;44;90;SEC_423
1996;626;65-74;43;53;96;SEC_626
2010;319;25-34;163;173;336;SEC_319
2015;430;50-64;76;81;157;SEC_430
1997;203;16-17;7;7;14;SEC_203
2009;419;16-17;8;9;17;SEC_419
2000;320;16-17;6;6;12;SEC_320
2007;117;00-02;23;23;46;SEC_117
1999;521;65-74;42;41;83;SEC_521
2014;425;25-34;92;100;192;SEC_425
2014;136;12-15;26;20;46;SEC_136
2005;412;00-02;18;14;32;SEC_412
2005;506;03-11;67;69;136;SEC_506
2010;508;50-64;42;44;86;SEC_508
2009;609;12-15;12;18;30;SEC_609
2016;107;35-49;186;218;404;SEC_107
2016;320;75 i +;60;36;96;SEC_320
2000;107;50-64;191;186;377;SEC_107
2010;401;18-24;57;60;117;SEC_401
2015;312;18-24;64;55;119;SEC_312
2005;425;00-02;9;16;25;SEC_425
1994;514;16-17;11;11;22;SEC_514
1999;136;03-11;43;38;81;SEC_136
2009;228;35-49;91;102;193;SEC_228
2016;535;65-74;100;76;176;SEC_535
2014;301;00-02;43;42;85;SEC_301
2014;233;75 i +;57;35;92;SEC_233
1994;402;25-34;56;83;139;SEC_402
2007;406;25-34;117;144;261;SEC_406
2010;319;50-64;142;138;280;SEC_319
1997;535;16-17;13;23;36;SEC_535
1995;111;75 i +;34;20;54;SEC_111
2004;424;16-17;5;4;9;SEC_424
1998;618;50-64;71;85;156;SEC_618
2012;207;65-74;35;23;58;SEC_207
1996;237;00-02;12;11;23;SEC_237
2005;413;16-17;3;3;6;SEC_413
2015;521;65-74;107;98;205;SEC_521
1996;316;50-64;112;146;258;SEC_316
1997;227;00-02;5;7;12;SEC_227
1994;413;75 i +;27;13;40;SEC_413
2011;403;12-15;16;19;35;SEC_403
1996;111;12-15;17;13;30;SEC_111
1994;224;16-17;14;6;20;SEC_224
2011;228;16-17;6;8;14;SEC_228
1998;311;75 i +;83;36;119;SEC_311
2009;131;25-34;115;142;257;SEC_131
2016;207;00-02;29;17;46;SEC_207
2016;320;00-02;7;6;13;SEC_320
2008;241;18-24;38;40;78;SEC_241
1994;106;65-74;43;34;77;SEC_106
1994;224;18-24;20;38;58;SEC_224
2015;111;65-74;67;51;118;SEC_111
1995;213;18-24;49;65;114;SEC_213
2012;215;75 i +;68;28;96;SEC_215
2013;322;00-02;26;28;54;SEC_322
2010;232;03-11;34;38;72;SEC_232
2000;212;65-74;74;74;148;SEC_212
2006;519;25-34;73;101;174;SEC_519
2015;520;75 i +;58;39;97;SEC_520
2002;435;75 i +;92;51;143;SEC_435
1994;314;00-02;26;34;60;SEC_314
2005;517;35-49;168;179;347;SEC_517
2000;515;50-64;52;55;107;SEC_515
1994;239;18-24;63;61;124;SEC_239
1999;502;75 i +;68;37;105;SEC_502
2005;523;50-64;113;106;219;SEC_523
2003;245;12-15;21;20;41;SEC_245
1994;317;16-17;12;16;28;SEC_317
2010;113;25-34;151;131;282;SEC_113
1997;104;03-11;26;22;48;SEC_104
2005;241;00-02;6;13;19;SEC_241
2010;102;12-15;24;28;52;SEC_102
2013;425;03-11;43;54;97;SEC_425
1996;435;35-49;72;94;166;SEC_435
2012;617;18-24;31;32;63;SEC_617
2010;616;50-64;269;243;512;SEC_616
2007;517;35-49;151;181;332;SEC_517
1998;509;16-17;10;7;17;SEC_509
2010;605;35-49;73;75;148;SEC_605
2005;109;50-64;110;122;232;SEC_109
2011;116;00-02;20;19;39;SEC_116
2001;419;03-11;32;36;68;SEC_419
2010;108;00-02;21;20;41;SEC_108
2005;604;35-49;84;97;181;SEC_604
2001;203;25-34;61;60;121;SEC_203
1996;239;18-24;59;59;118;SEC_239
2009;216;12-15;27;19;46;SEC_216
2006;630;50-64;125;103;228;SEC_630
2004;116;12-15;21;31;52;SEC_116
2009;213;12-15;17;16;33;SEC_213
2007;215;12-15;19;12;31;SEC_215
1996;324;75 i +;45;13;58;SEC_324
1996;426;03-11;32;34;66;SEC_426
2015;506;03-11;46;68;114;SEC_506
2012;603;03-11;41;40;81;SEC_603
2000;422;50-64;82;79;161;SEC_422
2004;325;25-34;119;144;263;SEC_325
2003;514;18-24;39;35;74;SEC_514
2014;201;35-49;213;212;425;SEC_201
2003;201;75 i +;45;21;66;SEC_201
2014;236;50-64;82;68;150;SEC_236
2009;608;18-24;22;35;57;SEC_608
2006;306;12-15;30;23;53;SEC_306
2001;426;03-11;26;28;54;SEC_426
1996;133;25-34;68;77;145;SEC_133
2001;133;12-15;16;16;32;SEC_133
2014;213;50-64;86;75;161;SEC_213
2011;133;16-17;4;4;8;SEC_133
2002;239;50-64;103;69;172;SEC_239
1999;102;16-17;15;7;22;SEC_102
2003;130;35-49;95;116;211;SEC_130
2012;304;25-34;273;236;509;SEC_304
1996;607;75 i +;33;11;44;SEC_607
1999;528;18-24;49;67;116;SEC_528
1994;207;50-64;72;59;131;SEC_207
2010;436;12-15;14;15;29;SEC_436
2016;139;03-11;34;35;69;SEC_139
2016;302;75 i +;69;51;120;SEC_302
2000;631;12-15;17;10;27;SEC_631
2003;308;03-11;81;99;180;SEC_308
2004;530;16-17;10;12;22;SEC_530
2007;505;50-64;186;132;318;SEC_505
2003;608;35-49;95;81;176;SEC_608
2000;524;25-34;124;111;235;SEC_524
1998;109;50-64;91;96;187;SEC_109
2003;513;12-15;11;13;24;SEC_513
2011;107;12-15;22;28;50;SEC_107
2004;229;35-49;82;92;174;SEC_229
2006;317;16-17;11;9;20;SEC_317
2002;223;50-64;101;92;193;SEC_223
2016;518;35-49;157;156;313;SEC_518
1996;118;00-02;17;23;40;SEC_118
2008;324;65-74;35;33;68;SEC_324
1994;139;50-64;72;80;152;SEC_139
2012;618;16-17;6;6;12;SEC_618
2000;621;12-15;20;38;58;SEC_621
2006;120;18-24;79;77;156;SEC_120
1997;525;00-02;10;6;16;SEC_525
2008;324;50-64;71;67;138;SEC_324
2005;537;35-49;141;131;272;SEC_537
2006;425;25-34;83;72;155;SEC_425
1997;240;00-02;3;7;10;SEC_240
2001;201;25-34;62;54;116;SEC_201
2014;121;35-49;112;118;230;SEC_121
2002;120;50-64;133;148;281;SEC_120
2006;201;16-17;5;5;10;SEC_201
2001;317;16-17;7;8;15;SEC_317
2007;135;75 i +;64;38;102;SEC_135
2005;212;25-34;145;159;304;SEC_212
1997;303;25-34;179;202;381;SEC_303
2012;219;00-02;14;19;33;SEC_219
2006;109;65-74;46;41;87;SEC_109
2010;130;50-64;57;57;114;SEC_130
2005;319;12-15;21;17;38;SEC_319
2010;604;00-02;7;12;19;SEC_604
2011;609;25-34;60;63;123;SEC_609
2011;535;35-49;89;101;190;SEC_535
2006;236;12-15;25;18;43;SEC_236
2011;502;00-02;31;27;58;SEC_502
2016;432;50-64;130;104;234;SEC_432
2007;628;65-74;53;65;118;SEC_628
2001;606;25-34;115;97;212;SEC_606
2012;521;00-02;14;12;26;SEC_521
2016;609;00-02;10;10;20;SEC_609
2004;604;03-11;27;23;50;SEC_604
2011;612;25-34;53;64;117;SEC_612
2013;601;25-34;115;124;239;SEC_601
2001;107;18-24;101;123;224;SEC_107
2007;508;25-34;84;69;153;SEC_508
2001;402;75 i +;41;32;73;SEC_402
1996;120;00-02;14;13;27;SEC_120
2007;407;18-24;35;42;77;SEC_407
2012;608;75 i +;58;38;96;SEC_608
2011;632;12-15;18;19;37;SEC_632
2013;128;25-34;77;74;151;SEC_128
2012;509;18-24;37;49;86;SEC_509
1996;223;35-49;90;87;177;SEC_223
1998;237;03-11;38;32;70;SEC_237
2000;615;12-15;10;9;19;SEC_615
2007;136;03-11;40;46;86;SEC_136
1994;402;16-17;8;11;19;SEC_402
1996;516;35-49;45;56;101;SEC_516
2011;514;00-02;14;8;22;SEC_514
2016;503;18-24;28;25;53;SEC_503
2008;423;16-17;3;6;9;SEC_423
2011;323;75 i +;88;38;126;SEC_323
2006;113;16-17;20;18;38;SEC_113
2003;117;00-02;27;30;57;SEC_117
1994;304;65-74;105;71;176;SEC_304
2013;246;35-49;153;179;332;SEC_246
2001;422;65-74;78;65;143;SEC_422
2001;215;50-64;75;54;129;SEC_215
2010;202;25-34;104;120;224;SEC_202
2004;311;00-02;19;22;41;SEC_311
2012;207;16-17;5;8;13;SEC_207
2003;121;65-74;86;54;140;SEC_121
2001;405;75 i +;38;22;60;SEC_405
1998;212;35-49;102;117;219;SEC_212
1996;309;75 i +;21;9;30;SEC_309
1994;247;16-17;14;15;29;SEC_247
2010;119;35-49;124;141;265;SEC_119
1996;128;18-24;87;73;160;SEC_128
2006;533;03-11;34;30;64;SEC_533
2016;233;18-24;41;40;81;SEC_233
2013;324;12-15;16;25;41;SEC_324
2003;308;16-17;14;17;31;SEC_308
2002;247;65-74;74;59;133;SEC_247
2011;136;35-49;143;166;309;SEC_136
1994;240;12-15;16;12;28;SEC_240
2006;138;65-74;37;40;77;SEC_138
1995;311;50-64;146;146;292;SEC_311
1994;426;12-15;20;26;46;SEC_426
2016;243;35-49;207;200;407;SEC_243
2000;246;50-64;79;67;146;SEC_246
1994;105;35-49;166;165;331;SEC_105
1994;616;25-34;101;109;210;SEC_616
2000;214;35-49;50;59;109;SEC_214
2004;229;25-34;75;88;163;SEC_229
2004;630;12-15;15;17;32;SEC_630
2005;210;16-17;2;10;12;SEC_210
2009;228;25-34;78;109;187;SEC_228
1995;620;25-34;45;48;93;SEC_620
2012;440;03-11;37;48;85;SEC_440
2002;242;12-15;12;14;26;SEC_242
2012;409;50-64;55;49;104;SEC_409
2000;240;12-15;10;14;24;SEC_240
2016;508;50-64;139;125;264;SEC_508
2007;207;75 i +;61;26;87;SEC_207
2007;319;50-64;148;129;277;SEC_319
1998;204;16-17;2;4;6;SEC_204
2009;301;25-34;220;214;434;SEC_301
2000;630;75 i +;25;11;36;SEC_630
2009;436;00-02;24;22;46;SEC_436
1998;222;18-24;40;51;91;SEC_222
2013;528;25-34;105;88;193;SEC_528
2016;306;00-02;25;29;54;SEC_306
2010;624;16-17;8;9;17;SEC_624
1998;308;18-24;91;94;185;SEC_308
1994;631;25-34;86;79;165;SEC_631
2004;213;16-17;17;9;26;SEC_213
2004;320;35-49;108;107;215;SEC_320
2007;103;35-49;82;81;163;SEC_103
2011;317;75 i +;60;22;82;SEC_317
2016;313;18-24;64;62;126;SEC_313
2006;247;12-15;26;18;44;SEC_247
2016;440;16-17;8;3;11;SEC_440
2008;306;65-74;72;53;125;SEC_306
2006;242;65-74;80;58;138;SEC_242
1999;117;25-34;163;159;322;SEC_117
2007;235;00-02;32;25;57;SEC_235
2013;211;35-49;187;191;378;SEC_211
2009;403;75 i +;81;51;132;SEC_403
2010;632;50-64;84;73;157;SEC_632
2016;128;18-24;26;20;46;SEC_128
2009;133;75 i +;56;40;96;SEC_133
1998;616;65-74;46;37;83;SEC_616
1995;441;75 i +;45;28;73;SEC_441
2003;438;00-02;4;14;18;SEC_438
2012;115;00-02;20;18;38;SEC_115
2009;536;25-34;70;82;152;SEC_536
2006;212;16-17;13;13;26;SEC_212
2008;204;12-15;10;9;19;SEC_204
2004;631;65-74;52;52;104;SEC_631
1999;434;12-15;14;8;22;SEC_434
2008;208;00-02;10;17;27;SEC_208
2014;418;00-02;20;18;38;SEC_418
2000;124;12-15;21;16;37;SEC_124
1994;417;00-02;6;8;14;SEC_417
2006;627;18-24;44;63;107;SEC_627
2002;422;00-02;14;8;22;SEC_422
1999;118;03-11;79;63;142;SEC_118
2009;230;35-49;117;157;274;SEC_230
2013;102;18-24;36;48;84;SEC_102
2016;502;50-64;135;128;263;SEC_502
2001;247;12-15;21;22;43;SEC_247
2012;233;00-02;19;15;34;SEC_233
2009;130;16-17;6;7;13;SEC_130
2008;533;75 i +;41;31;72;SEC_533
2015;114;03-11;51;64;115;SEC_114
1995;227;65-74;53;42;95;SEC_227
2013;405;12-15;29;34;63;SEC_405
2001;414;25-34;63;69;132;SEC_414
2004;109;03-11;37;43;80;SEC_109
2004;316;65-74;43;43;86;SEC_316
1996;236;12-15;13;16;29;SEC_236
2006;321;50-64;291;275;566;SEC_321
2001;410;16-17;14;18;32;SEC_410
2005;320;65-74;32;26;58;SEC_320
2006;440;16-17;2;5;7;SEC_440
2010;631;35-49;116;126;242;SEC_631
1994;503;65-74;25;17;42;SEC_503
2007;133;50-64;99;83;182;SEC_133
2016;130;16-17;8;7;15;SEC_130
2012;503;18-24;25;29;54;SEC_503
2001;304;50-64;110;106;216;SEC_304
1998;432;65-74;70;59;129;SEC_432
2016;325;75 i +;189;95;284;SEC_325
2016;612;12-15;14;22;36;SEC_612
2007;309;03-11;33;56;89;SEC_309
2012;206;12-15;24;11;35;SEC_206
2009;133;25-34;82;88;170;SEC_133
2003;618;35-49;57;56;113;SEC_618
2010;224;00-02;18;14;32;SEC_224
1997;623;25-34;121;127;248;SEC_623
2004;402;18-24;35;32;67;SEC_402
2009;421;16-17;8;12;20;SEC_421
2002;304;75 i +;95;41;136;SEC_304
2005;242;25-34;93;101;194;SEC_242
2012;621;00-02;21;20;41;SEC_621
2002;137;00-02;19;20;39;SEC_137
1998;247;16-17;7;8;15;SEC_247
2008;122;65-74;79;65;144;SEC_122
2013;505;00-02;13;11;24;SEC_505
2013;214;75 i +;125;78;203;SEC_214
2004;607;75 i +;35;23;58;SEC_607
2006;426;03-11;41;35;76;SEC_426
2013;325;00-02;20;23;43;SEC_325
1994;608;65-74;36;27;63;SEC_608
2002;222;65-74;47;36;83;SEC_222
2004;612;00-02;15;11;26;SEC_612
2009;514;50-64;57;53;110;SEC_514
2012;406;12-15;26;21;47;SEC_406
1996;507;75 i +;31;20;51;SEC_507
1995;430;18-24;53;57;110;SEC_430
2012;119;75 i +;92;54;146;SEC_119
2000;512;03-11;28;21;49;SEC_512
2007;214;50-64;51;39;90;SEC_214
2012;439;03-11;53;70;123;SEC_439
2005;518;50-64;87;61;148;SEC_518
1994;102;12-15;46;51;97;SEC_102
2009;505;50-64;157;106;263;SEC_505
2003;104;03-11;36;38;74;SEC_104
2006;608;16-17;7;8;15;SEC_608
1995;110;12-15;33;34;67;SEC_110
2007;127;12-15;10;12;22;SEC_127
2006;321;16-17;23;30;53;SEC_321
2010;220;50-64;61;59;120;SEC_220
1996;505;35-49;140;98;238;SEC_505
2005;442;00-02;13;5;18;SEC_442
2014;431;12-15;30;36;66;SEC_431
2012;630;35-49;79;83;162;SEC_630
2002;510;25-34;81;96;177;SEC_510
2016;420;50-64;191;178;369;SEC_420
2006;109;75 i +;65;35;100;SEC_109
2010;103;18-24;21;17;38;SEC_103
1994;437;35-49;70;60;130;SEC_437
1998;409;65-74;35;33;68;SEC_409
1996;246;18-24;53;46;99;SEC_246
2008;618;75 i +;22;12;34;SEC_618
2013;615;18-24;20;28;48;SEC_615
2013;240;35-49;203;204;407;SEC_240
2009;315;25-34;152;170;322;SEC_315
2009;113;00-02;24;29;53;SEC_113
2002;527;25-34;93;111;204;SEC_527
2014;531;12-15;14;13;27;SEC_531
2004;431;50-64;121;109;230;SEC_431
2012;135;25-34;90;110;200;SEC_135
1995;419;35-49;56;63;119;SEC_419
2011;418;25-34;101;113;214;SEC_418
2008;241;16-17;11;5;16;SEC_241
2008;442;12-15;14;13;27;SEC_442
2012;308;75 i +;101;67;168;SEC_308
2015;513;75 i +;101;60;161;SEC_513
2004;312;25-34;184;191;375;SEC_312
2002;214;75 i +;29;17;46;SEC_214
1994;227;35-49;60;52;112;SEC_227
1996;104;75 i +;54;28;82;SEC_104
2016;247;18-24;42;46;88;SEC_247
2006;305;35-49;226;212;438;SEC_305
2006;209;25-34;83;81;164;SEC_209
2005;607;35-49;121;118;239;SEC_607
2005;606;65-74;77;73;150;SEC_606
1994;237;18-24;66;96;162;SEC_237
2009;117;16-17;17;17;34;SEC_117
2011;436;25-34;98;125;223;SEC_436
1998;521;16-17;18;13;31;SEC_521
1997;214;18-24;33;39;72;SEC_214
1997;109;03-11;45;46;91;SEC_109
2008;442;50-64;52;51;103;SEC_442
1998;316;50-64;150;182;332;SEC_316
1999;119;18-24;111;119;230;SEC_119
2000;606;00-02;13;13;26;SEC_606
2015;133;16-17;10;2;12;SEC_133
2002;231;18-24;44;52;96;SEC_231
2006;224;35-49;79;92;171;SEC_224
2002;231;25-34;100;82;182;SEC_231
2003;414;00-02;13;13;26;SEC_414
1999;139;00-02;9;14;23;SEC_139
1995;230;65-74;66;45;111;SEC_230
2003;225;65-74;35;26;61;SEC_225
2010;320;75 i +;36;17;53;SEC_320
2005;430;16-17;6;9;15;SEC_430
1997;224;12-15;10;15;25;SEC_224
2011;209;12-15;16;14;30;SEC_209
2008;135;65-74;77;67;144;SEC_135
1994;621;16-17;40;54;94;SEC_621
2000;426;16-17;3;5;8;SEC_426
2010;601;18-24;38;47;85;SEC_601
2011;601;50-64;117;108;225;SEC_601
1996;436;12-15;12;11;23;SEC_436
2008;302;00-02;14;20;34;SEC_302
2011;435;75 i +;90;41;131;SEC_435
2005;201;16-17;3;5;8;SEC_201
2011;621;18-24;45;36;81;SEC_621
2014;401;03-11;39;51;90;SEC_401
2013;534;18-24;40;33;73;SEC_534
2008;623;12-15;22;23;45;SEC_623
1996;627;00-02;5;9;14;SEC_627
2008;423;25-34;111;124;235;SEC_423
2009;210;16-17;6;1;7;SEC_210
1995;626;35-49;118;117;235;SEC_626
2005;605;16-17;3;4;7;SEC_605
2014;248;25-34;90;95;185;SEC_248
2000;322;12-15;20;20;40;SEC_322
2011;418;12-15;23;34;57;SEC_418
2012;307;03-11;30;36;66;SEC_307
1999;511;75 i +;33;13;46;SEC_511
2005;503;18-24;39;45;84;SEC_503
2008;217;18-24;31;37;68;SEC_217
2015;605;25-34;82;91;173;SEC_605
2003;537;00-02;17;6;23;SEC_537
1994;301;25-34;153;139;292;SEC_301
2001;530;12-15;14;22;36;SEC_530
2008;424;03-11;24;34;58;SEC_424
1999;315;03-11;52;60;112;SEC_315
2000;115;16-17;15;15;30;SEC_115
2001;422;00-02;10;6;16;SEC_422
2008;213;03-11;34;57;91;SEC_213
2000;426;03-11;22;26;48;SEC_426
1999;227;03-11;15;13;28;SEC_227
2014;435;25-34;98;78;176;SEC_435
2004;227;65-74;42;36;78;SEC_227
1999;511;35-49;44;47;91;SEC_511
2008;116;50-64;172;146;318;SEC_116
2005;243;65-74;100;81;181;SEC_243
1995;529;00-02;5;12;17;SEC_529
2011;536;25-34;71;64;135;SEC_536
1995;404;35-49;110;114;224;SEC_404
2015;320;16-17;0;3;3;SEC_320
2002;203;35-49;81;100;181;SEC_203
2008;412;03-11;63;42;105;SEC_412
1994;426;03-11;23;34;57;SEC_426
2000;125;16-17;13;12;25;SEC_125
2005;609;65-74;45;40;85;SEC_609
1998;106;35-49;281;246;527;SEC_106
1997;506;75 i +;51;24;75;SEC_506
2013;114;16-17;11;9;20;SEC_114
2000;119;25-34;103;127;230;SEC_119
2014;212;16-17;15;11;26;SEC_212
2005;438;12-15;17;16;33;SEC_438
1998;321;65-74;84;75;159;SEC_321
2009;503;25-34;83;76;159;SEC_503
2001;604;25-34;63;90;153;SEC_604
2015;410;35-49;166;169;335;SEC_410
1995;517;35-49;83;83;166;SEC_517
2007;214;18-24;40;43;83;SEC_214
1994;101;50-64;70;82;152;SEC_101
2000;241;18-24;32;21;53;SEC_241
2010;438;12-15;14;15;29;SEC_438
2015;307;35-49;139;127;266;SEC_307
2015;615;18-24;23;26;49;SEC_615
2003;521;00-02;6;11;17;SEC_521
2008;132;00-02;34;30;64;SEC_132
1996;201;35-49;60;47;107;SEC_201
2011;617;12-15;13;22;35;SEC_617
2010;107;00-02;30;26;56;SEC_107
2005;409;16-17;7;7;14;SEC_409
1995;619;00-02;15;13;28;SEC_619
2007;214;12-15;16;11;27;SEC_214
2008;237;18-24;61;56;117;SEC_237
1995;415;50-64;60;72;132;SEC_415
2011;311;18-24;53;50;103;SEC_311
1995;116;65-74;65;60;125;SEC_116
2016;605;25-34;88;77;165;SEC_605
1994;409;00-02;7;6;13;SEC_409
2002;308;35-49;199;216;415;SEC_308
1996;314;25-34;187;176;363;SEC_314
2012;309;00-02;30;24;54;SEC_309
2009;220;35-49;124;135;259;SEC_220
2011;118;03-11;77;65;142;SEC_118
2002;611;50-64;203;154;357;SEC_611
1996;521;65-74;49;39;88;SEC_521
2003;133;18-24;43;47;90;SEC_133
2006;240;00-02;10;6;16;SEC_240
2009;432;00-02;17;24;41;SEC_432
2001;313;16-17;21;23;44;SEC_313
1994;517;16-17;10;22;32;SEC_517
2011;217;75 i +;44;24;68;SEC_217
2008;223;12-15;27;23;50;SEC_223
2003;432;18-24;59;70;129;SEC_432
1996;243;03-11;37;48;85;SEC_243
2011;420;50-64;108;97;205;SEC_420
2006;537;12-15;28;21;49;SEC_537
2004;122;18-24;40;32;72;SEC_122
2007;616;50-64;241;234;475;SEC_616
2005;421;75 i +;67;44;111;SEC_421
2008;420;25-34;161;178;339;SEC_420
2013;307;16-17;7;9;16;SEC_307
2007;442;12-15;11;12;23;SEC_442
1994;306;00-02;17;10;27;SEC_306
1994;135;00-02;14;15;29;SEC_135
1996;207;16-17;9;7;16;SEC_207
1998;138;75 i +;18;12;30;SEC_138
2008;204;35-49;79;81;160;SEC_204
1994;121;35-49;47;47;94;SEC_121
2007;612;00-02;18;16;34;SEC_612
2001;248;03-11;34;44;78;SEC_248
2008;617;75 i +;43;31;74;SEC_617
2010;130;18-24;29;41;70;SEC_130
2010;627;25-34;73;87;160;SEC_627
2012;413;00-02;9;12;21;SEC_413
1994;523;65-74;75;70;145;SEC_523
2014;317;35-49;134;187;321;SEC_317
2004;207;16-17;6;8;14;SEC_207
1997;109;65-74;48;41;89;SEC_109
2011;515;16-17;7;6;13;SEC_515
2011;116;16-17;17;6;23;SEC_116
2010;215;25-34;84;81;165;SEC_215
2010;210;75 i +;112;53;165;SEC_210
2013;426;03-11;42;58;100;SEC_426
2008;505;35-49;122;111;233;SEC_505
2016;210;65-74;60;50;110;SEC_210
2006;104;35-49;93;108;201;SEC_104
1998;538;18-24;67;60;127;SEC_538
2010;408;03-11;42;36;78;SEC_408
2013;303;35-49;180;196;376;SEC_303
1999;427;75 i +;43;33;76;SEC_427
2012;427;00-02;15;23;38;SEC_427
2007;119;25-34;97;116;213;SEC_119
2015;414;50-64;137;137;274;SEC_414
2006;243;16-17;12;16;28;SEC_243
2000;505;35-49;84;73;157;SEC_505
2009;130;35-49;139;142;281;SEC_130
1999;619;03-11;38;45;83;SEC_619
1996;244;75 i +;38;20;58;SEC_244
1996;534;00-02;7;9;16;SEC_534
2003;432;16-17;13;13;26;SEC_432
2014;611;18-24;56;61;117;SEC_611
2013;231;00-02;19;29;48;SEC_231
2005;420;50-64;109;89;198;SEC_420
1998;616;03-11;79;87;166;SEC_616
2010;632;00-02;13;24;37;SEC_632
1999;529;18-24;51;42;93;SEC_529
2006;512;00-02;15;18;33;SEC_512
1998;235;03-11;32;27;59;SEC_235
2003;628;00-02;15;14;29;SEC_628
2001;405;03-11;24;25;49;SEC_405
2010;218;12-15;14;10;24;SEC_218
2011;207;25-34;75;81;156;SEC_207
2002;114;35-49;156;149;305;SEC_114
2005;410;12-15;25;17;42;SEC_410
2000;319;35-49;91;90;181;SEC_319
2008;134;16-17;7;12;19;SEC_134
2012;507;16-17;6;12;18;SEC_507
2015;126;75 i +;70;59;129;SEC_126
2014;115;00-02;21;14;35;SEC_115
2001;530;03-11;44;41;85;SEC_530
2011;119;12-15;16;19;35;SEC_119
2002;523;75 i +;93;33;126;SEC_523
2014;528;00-02;18;13;31;SEC_528
2012;128;75 i +;58;36;94;SEC_128
2008;211;00-02;29;19;48;SEC_211
2002;206;65-74;63;55;118;SEC_206
2003;431;35-49;142;144;286;SEC_431
2008;516;18-24;30;34;64;SEC_516
2015;401;75 i +;96;57;153;SEC_401
1997;626;50-64;127;106;233;SEC_626
2009;111;12-15;11;16;27;SEC_111
2014;302;00-02;21;18;39;SEC_302
2005;537;12-15;31;18;49;SEC_537
2000;501;16-17;13;8;21;SEC_501
2012;525;12-15;14;15;29;SEC_525
2010;438;65-74;63;47;110;SEC_438
1995;223;16-17;10;17;27;SEC_223
2005;109;35-49;126;121;247;SEC_109
2002;225;25-34;35;39;74;SEC_225
2000;242;75 i +;52;50;102;SEC_242
1997;317;00-02;10;13;23;SEC_317
2001;516;16-17;6;3;9;SEC_516
2001;116;18-24;88;92;180;SEC_116
1999;113;75 i +;42;24;66;SEC_113
2014;409;18-24;83;82;165;SEC_409
2010;418;35-49;170;178;348;SEC_418
2007;112;00-02;23;27;50;SEC_112
1995;430;16-17;10;10;20;SEC_430
2010;522;00-02;23;20;43;SEC_522
1998;605;50-64;116;100;216;SEC_605
2009;242;12-15;17;12;29;SEC_242
2006;302;35-49;119;150;269;SEC_302
2011;431;35-49;198;230;428;SEC_431
1995;116;50-64;146;161;307;SEC_116
2006;423;65-74;62;70;132;SEC_423
2012;248;65-74;42;37;79;SEC_248
2011;223;00-02;32;16;48;SEC_223
2004;512;35-49;93;117;210;SEC_512
2015;601;25-34;113;122;235;SEC_601
1994;614;35-49;121;102;223;SEC_614
2014;324;50-64;68;69;137;SEC_324
2010;221;03-11;46;33;79;SEC_221
1996;517;50-64;129;114;243;SEC_517
2006;322;18-24;48;54;102;SEC_322
2009;428;00-02;15;13;28;SEC_428
2010;216;00-02;16;24;40;SEC_216
1995;441;25-34;118;116;234;SEC_441
2016;318;03-11;24;27;51;SEC_318
1995;319;16-17;12;23;35;SEC_319
2016;405;18-24;59;77;136;SEC_405
1999;523;00-02;9;9;18;SEC_523
2013;223;75 i +;64;41;105;SEC_223
2002;319;03-11;35;47;82;SEC_319
2005;220;35-49;117;112;229;SEC_220
1997;536;25-34;92;78;170;SEC_536
2002;533;25-34;101;113;214;SEC_533
1994;220;25-34;77;82;159;SEC_220
2004;319;12-15;15;23;38;SEC_319
2010;512;18-24;34;44;78;SEC_512
2001;423;35-49;81;92;173;SEC_423
1995;310;18-24;36;62;98;SEC_310
1994;132;35-49;257;257;514;SEC_132
2011;207;35-49;94;95;189;SEC_207
1994;613;65-74;41;36;77;SEC_613
2004;237;18-24;58;53;111;SEC_237
2015;117;50-64;241;224;465;SEC_117
2001;518;35-49;83;100;183;SEC_518
1998;214;03-11;18;18;36;SEC_214
2015;528;18-24;51;44;95;SEC_528
2016;108;75 i +;93;55;148;SEC_108
2003;538;03-11;33;36;69;SEC_538
2000;112;16-17;19;16;35;SEC_112
2002;521;00-02;10;7;17;SEC_521
2010;405;12-15;14;14;28;SEC_405
2010;140;35-49;114;144;258;SEC_140
2010;610;75 i +;59;39;98;SEC_610
2002;505;18-24;77;49;126;SEC_505
2008;419;75 i +;41;31;72;SEC_419
2001;406;65-74;80;86;166;SEC_406
2015;130;75 i +;103;65;168;SEC_130
2006;535;03-11;23;38;61;SEC_535
2000;202;65-74;49;40;89;SEC_202
2016;129;03-11;35;48;83;SEC_129
2008;526;16-17;8;6;14;SEC_526
2002;529;65-74;80;88;168;SEC_529
2013;631;65-74;108;105;213;SEC_631
2011;247;50-64;101;97;198;SEC_247
1997;402;12-15;14;13;27;SEC_402
1999;205;50-64;83;74;157;SEC_205
2003;526;25-34;77;88;165;SEC_526
1996;430;75 i +;43;19;62;SEC_430
2005;522;00-02;22;16;38;SEC_522
2016;421;65-74;74;51;125;SEC_421
2000;102;16-17;17;11;28;SEC_102
1995;417;12-15;16;14;30;SEC_417
1997;207;75 i +;47;29;76;SEC_207
2006;516;03-11;21;36;57;SEC_516
1995;241;35-49;37;43;80;SEC_241
2005;119;03-11;24;32;56;SEC_119
2007;406;50-64;135;115;250;SEC_406
1994;117;18-24;122;120;242;SEC_117
1995;218;35-49;82;77;159;SEC_218
2016;416;12-15;30;32;62;SEC_416
1999;612;25-34;100;123;223;SEC_612
2016;609;03-11;41;43;84;SEC_609
2014;246;65-74;42;35;77;SEC_246
2008;140;00-02;8;16;24;SEC_140
1994;220;16-17;9;11;20;SEC_220
2007;621;75 i +;44;23;67;SEC_621
2012;412;00-02;13;19;32;SEC_412
1996;215;03-11;25;20;45;SEC_215
2002;235;12-15;13;19;32;SEC_235
2007;524;50-64;97;85;182;SEC_524
2009;109;65-74;49;48;97;SEC_109
1997;606;12-15;23;23;46;SEC_606
2016;503;35-49;88;68;156;SEC_503
2016;113;00-02;20;31;51;SEC_113
1997;324;65-74;58;33;91;SEC_324
2001;537;50-64;144;123;267;SEC_537
2009;245;35-49;139;156;295;SEC_245
2010;108;18-24;39;43;82;SEC_108
2016;116;50-64;144;124;268;SEC_116
2013;113;75 i +;62;40;102;SEC_113
2014;315;35-49;259;256;515;SEC_315
1996;249;25-34;93;94;187;SEC_249
2002;524;00-02;17;15;32;SEC_524
1998;615;00-02;5;5;10;SEC_615
2015;532;25-34;113;100;213;SEC_532
1994;418;03-11;41;52;93;SEC_418
1998;303;12-15;16;26;42;SEC_303
1997;618;75 i +;19;11;30;SEC_618
2011;121;35-49;109;124;233;SEC_121
1996;522;25-34;56;54;110;SEC_522
2013;435;65-74;39;24;63;SEC_435
2015;249;12-15;16;14;30;SEC_249
1994;244;50-64;67;49;116;SEC_244
2001;508;50-64;56;44;100;SEC_508
2008;121;25-34;73;76;149;SEC_121
1999;535;16-17;17;21;38;SEC_535
2014;435;16-17;6;12;18;SEC_435
2015;138;18-24;23;25;48;SEC_138
1999;522;50-64;64;56;120;SEC_522
2000;419;25-34;84;90;174;SEC_419
2003;406;12-15;20;17;37;SEC_406
2003;626;75 i +;29;27;56;SEC_626
2015;401;65-74;44;39;83;SEC_401
2014;410;65-74;110;98;208;SEC_410
1997;629;18-24;43;47;90;SEC_629
2002;126;65-74;67;53;120;SEC_126
2005;629;65-74;41;41;82;SEC_629
1995;318;03-11;49;58;107;SEC_318
1996;435;50-64;86;76;162;SEC_435
1997;619;75 i +;37;19;56;SEC_619
2002;111;16-17;5;11;16;SEC_111
2006;301;50-64;201;192;393;SEC_301
2007;111;18-24;40;35;75;SEC_111
1996;410;03-11;42;45;87;SEC_410
1995;429;75 i +;31;19;50;SEC_429
2011;202;75 i +;47;29;76;SEC_202
2007;219;35-49;161;165;326;SEC_219
2001;125;75 i +;37;26;63;SEC_125
2009;435;00-02;19;24;43;SEC_435
1998;520;03-11;32;23;55;SEC_520
2008;614;75 i +;52;33;85;SEC_614
2007;110;18-24;62;45;107;SEC_110
2005;604;03-11;23;31;54;SEC_604
2001;138;35-49;97;92;189;SEC_138
1995;110;18-24;119;112;231;SEC_110
2007;428;16-17;5;5;10;SEC_428
2011;217;00-02;12;18;30;SEC_217
2007;218;75 i +;39;19;58;SEC_218
2006;409;65-74;41;32;73;SEC_409
2009;238;16-17;6;7;13;SEC_238
2009;420;25-34;151;185;336;SEC_420
1999;131;25-34;120;132;252;SEC_131
1994;519;18-24;42;41;83;SEC_519
2014;625;65-74;85;80;165;SEC_625
2003;133;00-02;11;13;24;SEC_133
2004;625;35-49;151;121;272;SEC_625
2005;228;00-02;7;11;18;SEC_228
2005;223;12-15;26;28;54;SEC_223
2006;403;03-11;27;26;53;SEC_403
2013;403;25-34;87;88;175;SEC_403
2010;316;35-49;156;127;283;SEC_316
2016;621;25-34;68;86;154;SEC_621
2003;233;50-64;67;59;126;SEC_233
2013;513;50-64;102;113;215;SEC_513
2015;530;35-49;231;227;458;SEC_530
1994;137;65-74;39;39;78;SEC_137
1994;402;35-49;75;75;150;SEC_402
1998;132;35-49;258;228;486;SEC_132
2012;201;65-74;51;35;86;SEC_201
2007;106;75 i +;64;33;97;SEC_106
1998;440;25-34;82;103;185;SEC_440
2003;214;25-34;80;88;168;SEC_214
2010;220;25-34;82;88;170;SEC_220
1999;308;35-49;151;148;299;SEC_308
2011;226;00-02;19;19;38;SEC_226
1994;231;65-74;81;63;144;SEC_231
2010;532;12-15;27;16;43;SEC_532
1994;421;25-34;93;106;199;SEC_421
2006;220;65-74;48;36;84;SEC_220
2000;532;03-11;40;34;74;SEC_532
2006;534;03-11;27;38;65;SEC_534
2014;249;12-15;17;22;39;SEC_249
2001;313;25-34;161;163;324;SEC_313
2008;515;50-64;43;34;77;SEC_515
2004;306;25-34;136;161;297;SEC_306
2008;406;25-34;119;132;251;SEC_406
2005;413;18-24;20;31;51;SEC_413
1999;610;75 i +;35;23;58;SEC_610
2012;105;16-17;8;4;12;SEC_105
1998;302;00-02;12;15;27;SEC_302
2000;130;12-15;10;7;17;SEC_130
2016;236;50-64;81;78;159;SEC_236
2003;621;12-15;21;26;47;SEC_621
2011;605;16-17;4;3;7;SEC_605
2013;233;16-17;3;9;12;SEC_233
2009;530;50-64;91;82;173;SEC_530
2013;318;50-64;105;102;207;SEC_318
1995;436;03-11;31;34;65;SEC_436
2008;313;35-49;214;213;427;SEC_313
2002;511;65-74;60;51;111;SEC_511
1998;310;03-11;33;34;67;SEC_310
1997;603;50-64;84;79;163;SEC_603
1996;603;03-11;20;25;45;SEC_603
2001;242;25-34;71;84;155;SEC_242
2014;632;35-49;106;120;226;SEC_632
2000;601;03-11;42;45;87;SEC_601
2012;317;65-74;31;33;64;SEC_317
2004;301;16-17;23;15;38;SEC_301
1998;223;00-02;9;6;15;SEC_223
2005;111;65-74;58;46;104;SEC_111
2016;525;16-17;8;9;17;SEC_525
2007;519;25-34;87;97;184;SEC_519
1999;317;25-34;66;81;147;SEC_317
2009;602;18-24;15;18;33;SEC_602
2001;239;12-15;7;20;27;SEC_239
1999;218;65-74;46;31;77;SEC_218
2011;223;35-49;159;153;312;SEC_223
2006;226;25-34;116;122;238;SEC_226
2012;102;35-49;180;183;363;SEC_102
1998;423;50-64;132;119;251;SEC_423
2006;413;18-24;21;30;51;SEC_413
2013;315;25-34;132;151;283;SEC_315
2004;238;16-17;3;5;8;SEC_238
2008;601;18-24;44;52;96;SEC_601
2003;525;35-49;87;85;172;SEC_525
2008;205;16-17;7;9;16;SEC_205
2001;602;25-34;51;66;117;SEC_602
2005;210;35-49;85;85;170;SEC_210
2004;109;00-02;11;8;19;SEC_109
2000;408;12-15;19;10;29;SEC_408
2011;624;50-64;119;69;188;SEC_624
1998;214;50-64;69;59;128;SEC_214
2011;511;18-24;22;30;52;SEC_511
1998;105;65-74;50;36;86;SEC_105
2002;510;35-49;92;109;201;SEC_510
1994;620;18-24;78;57;135;SEC_620
2011;427;03-11;58;54;112;SEC_427
1998;619;12-15;25;42;67;SEC_619
2008;505;16-17;5;8;13;SEC_505
2015;504;16-17;6;5;11;SEC_504
2014;101;50-64;155;159;314;SEC_101
1994;127;25-34;85;67;152;SEC_127
2000;437;35-49;80;80;160;SEC_437
2001;137;65-74;44;37;81;SEC_137
2004;121;18-24;33;20;53;SEC_121
2014;204;00-02;13;26;39;SEC_204
1999;106;75 i +;49;25;74;SEC_106
2008;621;25-34;140;165;305;SEC_621
1999;203;03-11;12;20;32;SEC_203
2007;206;18-24;42;37;79;SEC_206
2009;606;18-24;45;56;101;SEC_606
2015;116;18-24;44;41;85;SEC_116
1998;442;50-64;69;61;130;SEC_442
1999;206;00-02;6;7;13;SEC_206
2008;317;75 i +;61;18;79;SEC_317
1994;239;25-34;81;97;178;SEC_239
1999;538;12-15;16;14;30;SEC_538
1995;220;65-74;71;49;120;SEC_220
1995;221;50-64;126;124;250;SEC_221
2013;212;35-49;195;184;379;SEC_212
2009;517;18-24;50;64;114;SEC_517
2004;602;65-74;40;49;89;SEC_602
1999;208;12-15;22;28;50;SEC_208
2010;227;18-24;18;14;32;SEC_227
2006;248;75 i +;74;38;112;SEC_248
2008;524;18-24;43;60;103;SEC_524
2010;202;18-24;25;27;52;SEC_202
2004;516;75 i +;26;16;42;SEC_516
2011;304;75 i +;98;55;153;SEC_304
2001;318;03-11;32;38;70;SEC_318
2004;603;65-74;22;23;45;SEC_603
2012;440;50-64;81;73;154;SEC_440
2016;137;03-11;73;65;138;SEC_137
1995;422;12-15;26;16;42;SEC_422
2016;123;75 i +;81;65;146;SEC_123
1998;532;18-24;74;86;160;SEC_532
2007;221;12-15;28;20;48;SEC_221
2013;632;00-02;11;16;27;SEC_632
2006;420;12-15;25;27;52;SEC_420
2003;625;03-11;34;39;73;SEC_625
2004;411;03-11;27;21;48;SEC_411
2005;616;03-11;129;161;290;SEC_616
1997;131;25-34;114;118;232;SEC_131
2002;209;75 i +;87;49;136;SEC_209
1998;247;12-15;10;20;30;SEC_247
1996;616;65-74;45;35;80;SEC_616
2016;246;16-17;12;13;25;SEC_246
2013;112;65-74;76;68;144;SEC_112
2002;226;65-74;77;47;124;SEC_226
1998;306;00-02;15;13;28;SEC_306
2004;113;16-17;24;20;44;SEC_113
2009;529;25-34;127;115;242;SEC_529
1998;433;00-02;8;20;28;SEC_433
2015;229;18-24;83;91;174;SEC_229
1999;420;75 i +;67;37;104;SEC_420
1998;305;35-49;203;187;390;SEC_305
2012;305;75 i +;98;57;155;SEC_305
2001;208;12-15;24;24;48;SEC_208
1997;531;50-64;89;90;179;SEC_531
2015;611;16-17;13;16;29;SEC_611
2014;243;75 i +;108;71;179;SEC_243
2003;131;18-24;80;64;144;SEC_131
1997;525;03-11;30;34;64;SEC_525
2008;216;00-02;15;13;28;SEC_216
2005;423;12-15;12;17;29;SEC_423
2016;131;18-24;45;36;81;SEC_131
2002;408;00-02;11;14;25;SEC_408
2014;202;25-34;151;148;299;SEC_202
1997;504;50-64;164;154;318;SEC_504
2001;605;16-17;3;3;6;SEC_605
2008;319;12-15;22;26;48;SEC_319
2012;608;03-11;22;31;53;SEC_608
2010;243;03-11;64;64;128;SEC_243
2007;218;50-64;79;61;140;SEC_218
2014;121;65-74;24;20;44;SEC_121
2006;508;35-49;62;85;147;SEC_508
1995;506;00-02;15;25;40;SEC_506
2016;325;16-17;13;14;27;SEC_325
1995;432;03-11;44;53;97;SEC_432
2006;433;75 i +;44;24;68;SEC_433
1998;233;65-74;53;38;91;SEC_233
2012;239;25-34;104;114;218;SEC_239
1999;316;50-64;173;202;375;SEC_316
2001;506;12-15;34;39;73;SEC_506
2001;507;65-74;36;37;73;SEC_507
1994;626;12-15;26;30;56;SEC_626
1998;239;50-64;122;87;209;SEC_239
2012;325;00-02;16;24;40;SEC_325
1995;216;12-15;30;24;54;SEC_216
2004;228;75 i +;44;27;71;SEC_228
2014;133;75 i +;59;34;93;SEC_133
2015;405;03-11;81;67;148;SEC_405
2008;323;16-17;28;22;50;SEC_323
2002;206;50-64;73;64;137;SEC_206
2012;627;25-34;65;73;138;SEC_627
2012;627;50-64;150;125;275;SEC_627
1996;204;50-64;54;50;104;SEC_204
2007;245;65-74;53;44;97;SEC_245
2003;301;50-64;198;185;383;SEC_301
1997;506;16-17;39;35;74;SEC_506
1996;127;35-49;92;89;181;SEC_127
2000;130;50-64;98;70;168;SEC_130
1997;234;75 i +;78;31;109;SEC_234
1996;107;03-11;64;70;134;SEC_107
2003;609;25-34;81;110;191;SEC_609
1998;108;25-34;106;99;205;SEC_108
2007;207;18-24;30;30;60;SEC_207
2005;212;65-74;76;64;140;SEC_212
2010;314;35-49;284;286;570;SEC_314
2005;321;03-11;88;89;177;SEC_321
2004;207;65-74;44;31;75;SEC_207
2015;302;25-34;98;88;186;SEC_302
1997;103;18-24;45;38;83;SEC_103
2007;417;03-11;14;27;41;SEC_417
2012;103;75 i +;49;36;85;SEC_103
1998;232;18-24;48;45;93;SEC_232
2002;208;12-15;24;23;47;SEC_208
2008;123;75 i +;85;58;143;SEC_123
1997;115;65-74;68;49;117;SEC_115
1995;228;18-24;46;39;85;SEC_228
2007;617;25-34;82;90;172;SEC_617
2015;132;16-17;12;18;30;SEC_132
2006;402;25-34;86;86;172;SEC_402
2010;125;00-02;31;33;64;SEC_125
2005;442;75 i +;34;23;57;SEC_442
2015;247;35-49;180;179;359;SEC_247
1997;116;18-24;135;137;272;SEC_116
1997;618;16-17;7;7;14;SEC_618
2007;405;03-11;33;37;70;SEC_405
2006;130;75 i +;73;49;122;SEC_130
2012;417;35-49;92;91;183;SEC_417
1996;117;50-64;138;161;299;SEC_117
1998;220;50-64;80;59;139;SEC_220
2008;519;25-34;84;83;167;SEC_519
2005;121;25-34;76;77;153;SEC_121
1999;511;16-17;3;4;7;SEC_511
2010;129;12-15;24;17;41;SEC_129
2008;210;12-15;14;7;21;SEC_210
2000;521;03-11;24;30;54;SEC_521
2009;320;75 i +;36;13;49;SEC_320
1996;629;18-24;43;53;96;SEC_629
2011;206;03-11;39;34;73;SEC_206
2009;520;18-24;39;48;87;SEC_520
1994;407;03-11;27;40;67;SEC_407
2004;501;12-15;17;18;35;SEC_501
1998;136;12-15;28;23;51;SEC_136
2006;423;00-02;21;14;35;SEC_423
2000;232;18-24;43;41;84;SEC_232
2015;501;16-17;11;6;17;SEC_501
2012;630;03-11;29;31;60;SEC_630
2011;117;12-15;29;29;58;SEC_117
2000;537;75 i +;54;29;83;SEC_537
1995;610;75 i +;35;21;56;SEC_610
2010;214;65-74;44;33;77;SEC_214
2000;441;65-74;99;80;179;SEC_441
2000;121;00-02;8;17;25;SEC_121
1996;406;00-02;11;13;24;SEC_406
2002;630;65-74;33;26;59;SEC_630
1995;305;16-17;20;15;35;SEC_305
2004;525;75 i +;41;29;70;SEC_525
1996;409;00-02;1;7;8;SEC_409
1996;403;65-74;52;51;103;SEC_403
2002;121;12-15;5;13;18;SEC_121
2006;210;12-15;8;7;15;SEC_210
2002;232;25-34;92;96;188;SEC_232
1995;530;65-74;91;68;159;SEC_530
2006;101;18-24;66;53;119;SEC_101
2012;136;50-64;114;101;215;SEC_136
2014;414;50-64;131;129;260;SEC_414
2003;413;12-15;10;7;17;SEC_413
2007;132;35-49;222;242;464;SEC_132
2003;516;00-02;10;4;14;SEC_516
1998;502;12-15;35;29;64;SEC_502
2011;245;12-15;25;19;44;SEC_245
2011;610;00-02;15;12;27;SEC_610
1996;536;35-49;72;75;147;SEC_536
2015;247;18-24;47;54;101;SEC_247
1998;441;16-17;25;28;53;SEC_441
2007;314;12-15;38;56;94;SEC_314
2003;501;50-64;167;178;345;SEC_501
2000;430;00-02;6;9;15;SEC_430
1998;225;25-34;33;28;61;SEC_225
1996;419;25-34;74;75;149;SEC_419
2011;139;50-64;85;92;177;SEC_139
2013;407;12-15;23;19;42;SEC_407
2009;135;03-11;50;63;113;SEC_135
1997;129;50-64;117;128;245;SEC_129
1996;502;65-74;74;70;144;SEC_502
2005;306;12-15;27;21;48;SEC_306
2000;224;50-64;40;39;79;SEC_224
1994;521;65-74;38;43;81;SEC_521
2000;505;50-64;232;216;448;SEC_505
1996;116;75 i +;52;14;66;SEC_116
2014;312;12-15;20;23;43;SEC_312
1999;228;18-24;32;29;61;SEC_228
2001;244;35-49;74;75;149;SEC_244
2006;618;65-74;23;35;58;SEC_618
1999;624;65-74;38;40;78;SEC_624
2006;135;18-24;77;62;139;SEC_135
2003;116;12-15;18;27;45;SEC_116
2002;303;12-15;18;22;40;SEC_303
2014;631;75 i +;59;39;98;SEC_631
1998;524;35-49;88;109;197;SEC_524
2000;526;35-49;62;66;128;SEC_526
1997;626;35-49;112;107;219;SEC_626
2000;128;03-11;22;39;61;SEC_128
2015;229;12-15;43;29;72;SEC_229
2008;219;35-49;176;161;337;SEC_219
2012;628;65-74;82;75;157;SEC_628
1998;245;00-02;10;12;22;SEC_245
2002;430;18-24;36;41;77;SEC_430
2007;140;18-24;33;48;81;SEC_140
2014;433;35-49;220;257;477;SEC_433
2011;306;50-64;166;139;305;SEC_306
2016;314;16-17;24;14;38;SEC_314
2003;520;50-64;84;79;163;SEC_520
2015;421;00-02;20;17;37;SEC_421
2013;105;75 i +;57;36;93;SEC_105
2002;419;75 i +;38;20;58;SEC_419
2000;430;25-34;83;71;154;SEC_430
1996;233;50-64;89;76;165;SEC_233
2014;610;35-49;122;134;256;SEC_610
2002;518;12-15;17;11;28;SEC_518
2011;303;50-64;123;104;227;SEC_303
2013;121;03-11;31;41;72;SEC_121
2013;129;65-74;73;64;137;SEC_129
2016;133;65-74;60;43;103;SEC_133
1994;537;03-11;48;51;99;SEC_537
2014;517;12-15;34;49;83;SEC_517
2004;604;12-15;16;15;31;SEC_604
2005;408;75 i +;43;24;67;SEC_408
2008;609;03-11;36;27;63;SEC_609
1997;120;25-34;109;106;215;SEC_120
1996;438;16-17;2;10;12;SEC_438
2011;211;25-34;122;141;263;SEC_211
2003;533;35-49;93;124;217;SEC_533
1999;115;16-17;16;17;33;SEC_115
1998;608;16-17;17;8;25;SEC_608
1995;428;65-74;33;37;70;SEC_428
2012;245;03-11;37;44;81;SEC_245
2005;217;18-24;26;32;58;SEC_217
2012;407;65-74;51;32;83;SEC_407
2006;234;12-15;14;14;28;SEC_234
2014;231;18-24;33;41;74;SEC_231
1994;301;65-74;80;64;144;SEC_301
2000;302;75 i +;53;20;73;SEC_302
2013;425;75 i +;72;45;117;SEC_425
2005;503;65-74;33;25;58;SEC_503
2016;240;00-02;26;25;51;SEC_240
2010;322;25-34;136;121;257;SEC_322
2007;601;12-15;26;20;46;SEC_601
1999;522;18-24;39;44;83;SEC_522
2014;426;16-17;15;9;24;SEC_426
2009;523;35-49;190;192;382;SEC_523
1995;218;16-17;6;10;16;SEC_218
2016;132;25-34;137;145;282;SEC_132
1998;429;16-17;7;14;21;SEC_429
2009;514;12-15;17;13;30;SEC_514
2001;240;65-74;65;43;108;SEC_240
2001;533;50-64;81;69;150;SEC_533
1995;435;00-02;8;9;17;SEC_435
2012;402;35-49;113;121;234;SEC_402
1999;102;12-15;30;30;60;SEC_102
2011;503;25-34;61;67;128;SEC_503
1995;130;35-49;63;66;129;SEC_130
1996;116;12-15;53;37;90;SEC_116
2000;421;25-34;120;109;229;SEC_421
1997;429;65-74;41;34;75;SEC_429
2014;615;12-15;17;10;27;SEC_615
2012;316;50-64;392;327;719;SEC_316
2004;425;00-02;11;15;26;SEC_425
2002;442;12-15;13;10;23;SEC_442
2007;301;12-15;45;41;86;SEC_301
2011;320;03-11;62;58;120;SEC_320
2004;316;03-11;55;73;128;SEC_316
2015;432;12-15;24;13;37;SEC_432
2003;435;75 i +;95;48;143;SEC_435
1997;442;18-24;37;39;76;SEC_442
2001;235;75 i +;72;47;119;SEC_235
2004;433;50-64;70;78;148;SEC_433
1997;208;65-74;137;109;246;SEC_208
1995;113;03-11;80;81;161;SEC_113
1994;428;00-02;8;9;17;SEC_428
2012;439;50-64;62;75;137;SEC_439
2003;628;16-17;12;10;22;SEC_628
1997;212;16-17;13;13;26;SEC_212
2013;307;12-15;14;18;32;SEC_307
2008;216;75 i +;75;50;125;SEC_216
2003;612;35-49;75;79;154;SEC_612
1999;420;00-02;8;6;14;SEC_420
2007;427;00-02;24;20;44;SEC_427
2008;248;50-64;92;92;184;SEC_248
2008;519;00-02;6;12;18;SEC_519
2015;204;50-64;137;132;269;SEC_204
2009;323;65-74;79;93;172;SEC_323
1996;416;03-11;18;20;38;SEC_416
2009;119;12-15;13;17;30;SEC_119
2009;404;12-15;28;33;61;SEC_404
1997;120;12-15;38;46;84;SEC_120
2005;134;03-11;48;51;99;SEC_134
1997;620;00-02;3;6;9;SEC_620
1997;320;35-49;56;41;97;SEC_320
2014;238;18-24;34;37;71;SEC_238
2012;624;18-24;34;35;69;SEC_624
2000;240;75 i +;43;20;63;SEC_240
2007;434;50-64;46;52;98;SEC_434
2010;121;18-24;25;24;49;SEC_121
2000;424;65-74;30;41;71;SEC_424
2006;538;03-11;41;53;94;SEC_538
2013;229;65-74;62;35;97;SEC_229
2009;434;00-02;7;15;22;SEC_434
2010;303;50-64;125;109;234;SEC_303
2003;136;03-11;44;46;90;SEC_136
2006;515;50-64;43;31;74;SEC_515
2003;234;00-02;9;8;17;SEC_234
2005;523;75 i +;102;51;153;SEC_523
1994;624;03-11;43;44;87;SEC_624
1997;632;03-11;46;45;91;SEC_632
1994;424;50-64;67;74;141;SEC_424
1996;309;16-17;17;12;29;SEC_309
1998;325;50-64;198;179;377;SEC_325
2005;201;18-24;20;27;47;SEC_201
2006;509;16-17;7;4;11;SEC_509
2015;433;16-17;14;12;26;SEC_433
2014;246;00-02;18;18;36;SEC_246
2003;317;50-64;68;75;143;SEC_317
2013;247;75 i +;80;41;121;SEC_247
2005;417;65-74;34;22;56;SEC_417
2001;121;25-34;82;83;165;SEC_121
2003;501;18-24;63;78;141;SEC_501
1996;503;16-17;17;18;35;SEC_503
2012;236;16-17;11;9;20;SEC_236
1997;620;65-74;14;21;35;SEC_620
1996;103;16-17;6;15;21;SEC_103
1995;319;65-74;34;29;63;SEC_319
2011;531;25-34;79;80;159;SEC_531
1999;307;65-74;81;60;141;SEC_307
2007;233;18-24;44;44;88;SEC_233
1996;601;75 i +;63;21;84;SEC_601
2014;114;12-15;24;26;50;SEC_114
2000;616;50-64;175;191;366;SEC_616
2016;426;65-74;42;40;82;SEC_426
1996;123;16-17;22;12;34;SEC_123
2000;308;35-49;148;155;303;SEC_308
2011;242;18-24;30;46;76;SEC_242
1995;107;35-49;193;200;393;SEC_107
2007;515;35-49;78;99;177;SEC_515
2015;529;65-74;51;43;94;SEC_529
1996;137;65-74;43;35;78;SEC_137
1995;614;12-15;24;26;50;SEC_614
2009;103;16-17;8;5;13;SEC_103
2001;434;03-11;21;16;37;SEC_434
2001;303;50-64;206;159;365;SEC_303
2000;114;16-17;17;21;38;SEC_114
2011;128;75 i +;55;37;92;SEC_128
2000;519;12-15;8;9;17;SEC_519
2006;215;03-11;35;38;73;SEC_215
2013;609;35-49;106;101;207;SEC_609
2012;104;12-15;18;16;34;SEC_104
1999;531;75 i +;46;24;70;SEC_531
2010;410;50-64;163;139;302;SEC_410
2015;326;12-15;13;11;24;SEC_326
1996;316;35-49;481;419;900;SEC_316
2014;441;12-15;34;32;66;SEC_441
2006;440;00-02;11;6;17;SEC_440
2002;315;65-74;49;43;92;SEC_315
2005;618;35-49;67;60;127;SEC_618
2006;626;50-64;107;87;194;SEC_626
1998;229;03-11;18;18;36;SEC_229
1994;407;50-64;125;126;251;SEC_407
1999;610;50-64;217;204;421;SEC_610
2008;609;18-24;31;30;61;SEC_609
2016;613;03-11;40;50;90;SEC_613
2002;436;65-74;36;28;64;SEC_436
1995;511;03-11;11;20;31;SEC_511
1998;412;00-02;10;7;17;SEC_412
2000;613;00-02;10;11;21;SEC_613
1999;428;18-24;20;21;41;SEC_428
2003;526;75 i +;39;21;60;SEC_526
2000;420;25-34;114;113;227;SEC_420
2000;318;00-02;14;11;25;SEC_318
2004;314;03-11;85;91;176;SEC_314
1995;412;16-17;34;37;71;SEC_412
2003;441;35-49;232;218;450;SEC_441
2001;515;75 i +;23;13;36;SEC_515
1999;240;12-15;7;13;20;SEC_240
2000;403;12-15;25;17;42;SEC_403
1995;231;00-02;7;12;19;SEC_231
2007;243;03-11;48;63;111;SEC_243
1997;405;35-49;50;62;112;SEC_405
2000;622;03-11;28;45;73;SEC_622
2010;519;03-11;25;38;63;SEC_519
1994;528;03-11;41;37;78;SEC_528
2007;623;12-15;17;25;42;SEC_623
1997;127;25-34;69;66;135;SEC_127
2002;104;25-34;76;88;164;SEC_104
2013;608;18-24;42;37;79;SEC_608
1998;629;03-11;25;19;44;SEC_629
2006;227;75 i +;53;36;89;SEC_227
2012;518;75 i +;73;55;128;SEC_518
2010;629;16-17;3;2;5;SEC_629
2009;134;16-17;7;7;14;SEC_134
2011;533;50-64;56;61;117;SEC_533
1994;203;65-74;63;47;110;SEC_203
1999;430;75 i +;52;27;79;SEC_430
1998;511;00-02;8;4;12;SEC_511
1999;605;75 i +;24;14;38;SEC_605
2008;439;35-49;144;161;305;SEC_439
1998;519;35-49;40;46;86;SEC_519
2003;206;35-49;99;91;190;SEC_206
2001;224;12-15;7;7;14;SEC_224
1996;215;18-24;43;47;90;SEC_215
2005;423;16-17;8;4;12;SEC_423
2010;616;00-02;47;38;85;SEC_616
2014;231;65-74;45;33;78;SEC_231
2002;528;65-74;60;62;122;SEC_528
2011;137;00-02;23;24;47;SEC_137
2003;436;12-15;18;25;43;SEC_436
1995;406;25-34;97;106;203;SEC_406
1999;615;35-49;48;43;91;SEC_615
2016;205;16-17;8;11;19;SEC_205
2011;113;75 i +;61;43;104;SEC_113
1994;519;00-02;4;8;12;SEC_519
2006;241;16-17;11;9;20;SEC_241
2000;113;65-74;52;34;86;SEC_113
2016;101;75 i +;64;41;105;SEC_101
2001;403;35-49;100;99;199;SEC_403
1996;117;18-24;123;162;285;SEC_117
2010;229;00-02;13;14;27;SEC_229
2012;433;03-11;46;65;111;SEC_433
2005;131;00-02;11;22;33;SEC_131
2016;630;35-49;97;99;196;SEC_630
2001;521;25-34;108;111;219;SEC_521
2016;236;03-11;43;58;101;SEC_236
2007;231;16-17;6;6;12;SEC_231
2016;606;25-34;58;67;125;SEC_606
2007;607;00-02;15;17;32;SEC_607
1994;434;25-34;42;43;85;SEC_434
2010;315;65-74;66;55;121;SEC_315
2013;324;75 i +;49;26;75;SEC_324
2002;221;16-17;9;10;19;SEC_221
2001;413;35-49;48;63;111;SEC_413
1996;531;16-17;8;8;16;SEC_531
2006;209;00-02;10;17;27;SEC_209
2002;628;35-49;97;81;178;SEC_628
2009;509;00-02;26;24;50;SEC_509
1996;525;65-74;43;37;80;SEC_525
1999;125;35-49;139;120;259;SEC_125
2011;507;75 i +;50;22;72;SEC_507
2007;529;18-24;56;47;103;SEC_529
2006;503;75 i +;36;11;47;SEC_503
2003;431;00-02;20;23;43;SEC_431
1996;424;03-11;18;15;33;SEC_424
2010;201;25-34;115;106;221;SEC_201
2006;510;75 i +;59;33;92;SEC_510
2012;110;65-74;88;83;171;SEC_110
2007;321;00-02;29;27;56;SEC_321
2001;140;12-15;6;14;20;SEC_140
2005;132;35-49;231;237;468;SEC_132
2006;431;00-02;24;21;45;SEC_431
2005;602;35-49;52;62;114;SEC_602
2003;506;16-17;14;20;34;SEC_506
2015;306;18-24;65;53;118;SEC_306
2005;626;35-49;87;100;187;SEC_626
1998;207;12-15;7;8;15;SEC_207
2016;236;12-15;14;16;30;SEC_236
2011;412;12-15;24;17;41;SEC_412
2011;233;50-64;61;72;133;SEC_233
1998;413;12-15;7;9;16;SEC_413
2004;514;75 i +;29;15;44;SEC_514
2015;613;50-64;71;68;139;SEC_613
2000;132;18-24;130;152;282;SEC_132
1996;528;00-02;11;14;25;SEC_528
1999;525;16-17;11;8;19;SEC_525
1998;133;35-49;95;82;177;SEC_133
2001;203;03-11;20;18;38;SEC_203
1996;610;65-74;64;47;111;SEC_610
2014;326;18-24;15;16;31;SEC_326
1998;512;50-64;108;106;214;SEC_512
2009;621;03-11;42;64;106;SEC_621
2007;401;16-17;13;15;28;SEC_401
2012;110;50-64;153;131;284;SEC_110
1994;240;35-49;57;48;105;SEC_240
2011;310;03-11;36;43;79;SEC_310
2014;614;18-24;25;29;54;SEC_614
2007;619;00-02;16;14;30;SEC_619
2007;105;16-17;16;24;40;SEC_105
2009;225;00-02;15;9;24;SEC_225
2003;102;75 i +;73;37;110;SEC_102
2003;623;16-17;15;15;30;SEC_623
1997;243;18-24;65;57;122;SEC_243
1994;411;65-74;66;65;131;SEC_411
2009;410;50-64;161;147;308;SEC_410
2014;436;35-49;196;231;427;SEC_436
2005;206;65-74;62;42;104;SEC_206
1997;209;12-15;8;14;22;SEC_209
1998;422;25-34;75;80;155;SEC_422
1998;106;16-17;38;33;71;SEC_106
2013;107;35-49;214;208;422;SEC_107
2006;442;25-34;41;65;106;SEC_442
2001;522;16-17;15;8;23;SEC_522
1998;534;00-02;8;8;16;SEC_534
1994;415;03-11;25;23;48;SEC_415
2011;511;12-15;14;13;27;SEC_511
1999;415;65-74;45;35;80;SEC_415
2016;121;65-74;25;22;47;SEC_121
2007;136;16-17;7;9;16;SEC_136
2016;119;35-49;119;147;266;SEC_119
2011;522;50-64;72;59;131;SEC_522
2007;226;35-49;135;147;282;SEC_226
1995;431;03-11;53;59;112;SEC_431
1997;534;00-02;9;9;18;SEC_534
2000;406;03-11;39;39;78;SEC_406
1994;626;25-34;103;107;210;SEC_626
2008;227;00-02;7;8;15;SEC_227
2011;408;12-15;9;18;27;SEC_408
2002;607;75 i +;34;20;54;SEC_607
2014;233;16-17;6;11;17;SEC_233
2010;518;00-02;13;14;27;SEC_518
2014;502;03-11;65;63;128;SEC_502
2006;111;35-49;106;100;206;SEC_111
2011;301;18-24;76;82;158;SEC_301
1997;134;00-02;8;12;20;SEC_134
2003;415;16-17;6;7;13;SEC_415
2006;227;03-11;35;25;60;SEC_227
1996;305;65-74;83;60;143;SEC_305
1999;235;03-11;29;30;59;SEC_235
2013;131;75 i +;69;56;125;SEC_131
1999;222;03-11;36;28;64;SEC_222
2005;215;75 i +;70;38;108;SEC_215
2004;512;65-74;51;52;103;SEC_512
2003;316;12-15;64;52;116;SEC_316
2011;629;25-34;36;42;78;SEC_629
2000;244;16-17;1;3;4;SEC_244
2004;505;03-11;30;22;52;SEC_505
2006;201;65-74;58;43;101;SEC_201
2008;118;25-34;152;172;324;SEC_118
2015;221;18-24;83;77;160;SEC_221
2001;511;12-15;6;9;15;SEC_511
2006;612;00-02;16;8;24;SEC_612
2004;505;12-15;12;15;27;SEC_505
2010;442;50-64;50;50;100;SEC_442
2004;117;65-74;71;62;133;SEC_117
2014;249;16-17;8;10;18;SEC_249
2003;139;12-15;13;14;27;SEC_139
2006;121;18-24;18;25;43;SEC_121
2009;307;12-15;14;18;32;SEC_307
1998;133;03-11;23;32;55;SEC_133
2016;441;16-17;24;23;47;SEC_441
1996;213;00-02;4;8;12;SEC_213
2010;135;65-74;79;73;152;SEC_135
1994;320;65-74;45;25;70;SEC_320
2003;203;75 i +;44;31;75;SEC_203
2002;249;50-64;94;75;169;SEC_249
2007;513;75 i +;42;23;65;SEC_513
2011;415;25-34;99;100;199;SEC_415
1995;113;25-34;82;79;161;SEC_113
2008;219;12-15;34;19;53;SEC_219
2016;505;03-11;37;43;80;SEC_505
2013;615;50-64;68;35;103;SEC_615
2007;427;25-34;108;116;224;SEC_427
2013;135;18-24;50;42;92;SEC_135
2009;242;75 i +;86;51;137;SEC_242
2009;119;18-24;45;43;88;SEC_119
2016;618;12-15;29;30;59;SEC_618
2012;507;35-49;98;111;209;SEC_507
2007;604;03-11;23;35;58;SEC_604
1997;121;18-24;30;33;63;SEC_121
2016;228;00-02;27;31;58;SEC_228
2011;315;25-34;153;181;334;SEC_315
2008;605;03-11;16;19;35;SEC_605
2010;240;18-24;29;29;58;SEC_240
1995;320;50-64;113;130;243;SEC_320
1997;123;00-02;7;13;20;SEC_123
2007;324;25-34;106;116;222;SEC_324
1998;113;16-17;31;22;53;SEC_113
2002;616;50-64;201;214;415;SEC_616
1997;228;25-34;64;59;123;SEC_228
1995;614;16-17;16;23;39;SEC_614
1994;131;50-64;101;116;217;SEC_131
1998;244;18-24;32;16;48;SEC_244
2003;127;25-34;72;77;149;SEC_127
2001;232;75 i +;70;38;108;SEC_232
2015;140;03-11;37;54;91;SEC_140
2004;623;35-49;120;113;233;SEC_623
2008;312;75 i +;62;35;97;SEC_312
2008;204;18-24;33;29;62;SEC_204
2005;209;75 i +;88;50;138;SEC_209
2016;236;35-49;131;129;260;SEC_236
2005;134;12-15;15;21;36;SEC_134
2000;315;25-34;128;129;257;SEC_315
2010;105;00-02;21;16;37;SEC_105
2001;135;12-15;29;26;55;SEC_135
1998;608;65-74;50;44;94;SEC_608
2000;243;18-24;52;53;105;SEC_243
2013;108;18-24;43;42;85;SEC_108
2014;214;75 i +;119;75;194;SEC_214
1998;505;16-17;19;14;33;SEC_505
2008;319;25-34;185;202;387;SEC_319
2003;425;03-11;29;32;61;SEC_425
1999;232;50-64;92;89;181;SEC_232
2006;216;03-11;59;29;88;SEC_216
2002;624;65-74;50;43;93;SEC_624
2009;246;50-64;76;71;147;SEC_246
2010;306;16-17;22;14;36;SEC_306
2014;627;18-24;11;26;37;SEC_627
1996;626;03-11;36;39;75;SEC_626
2011;310;16-17;8;6;14;SEC_310
1997;406;03-11;49;49;98;SEC_406
1996;525;25-34;71;77;148;SEC_525
2014;213;18-24;35;38;73;SEC_213
2001;512;12-15;14;17;31;SEC_512
2009;133;03-11;46;38;84;SEC_133
2006;212;12-15;21;29;50;SEC_212
2012;632;35-49;105;116;221;SEC_632
2006;135;03-11;59;49;108;SEC_135
1995;519;25-34;60;62;122;SEC_519
1999;207;65-74;65;33;98;SEC_207
2009;225;75 i +;49;20;69;SEC_225
1997;602;18-24;40;37;77;SEC_602
2006;222;00-02;11;13;24;SEC_222
2012;302;16-17;9;12;21;SEC_302
1998;314;12-15;78;86;164;SEC_314
1995;249;12-15;13;19;32;SEC_249
2015;217;03-11;38;50;88;SEC_217
2004;211;12-15;24;17;41;SEC_211
2012;618;75 i +;24;18;42;SEC_618
2015;116;35-49;151;166;317;SEC_116
2015;211;12-15;22;34;56;SEC_211
2010;407;65-74;60;35;95;SEC_407
2015;326;03-11;62;52;114;SEC_326
1994;418;16-17;18;11;29;SEC_418
2012;414;03-11;49;41;90;SEC_414
2002;208;18-24;74;83;157;SEC_208
2013;226;16-17;11;21;32;SEC_226
2008;313;65-74;86;80;166;SEC_313
2006;114;65-74;83;87;170;SEC_114
2014;436;12-15;38;34;72;SEC_436
2005;627;35-49;103;81;184;SEC_627
2005;213;35-49;117;123;240;SEC_213
2008;130;00-02;21;14;35;SEC_130
2006;613;12-15;15;16;31;SEC_613
2011;128;65-74;53;53;106;SEC_128
2000;101;00-02;21;14;35;SEC_101
2000;430;65-74;52;51;103;SEC_430
1999;139;12-15;13;19;32;SEC_139
2016;425;12-15;16;23;39;SEC_425
2005;126;18-24;30;34;64;SEC_126
2006;618;16-17;4;4;8;SEC_618
2009;531;03-11;31;39;70;SEC_531
1998;312;65-74;57;43;100;SEC_312
1998;205;18-24;48;54;102;SEC_205
2014;432;16-17;10;17;27;SEC_432
1998;503;18-24;65;77;142;SEC_503
2009;124;00-02;15;9;24;SEC_124
2015;105;35-49;137;134;271;SEC_105
2015;208;35-49;179;152;331;SEC_208
2003;604;00-02;6;12;18;SEC_604
2013;321;00-02;20;22;42;SEC_321
1996;302;35-49;197;174;371;SEC_302
2010;203;75 i +;53;29;82;SEC_203
1996;622;12-15;31;30;61;SEC_622
1996;311;35-49;131;102;233;SEC_311
2008;237;25-34;135;155;290;SEC_237
2010;134;75 i +;76;35;111;SEC_134
2008;438;65-74;66;53;119;SEC_438
2005;605;18-24;24;21;45;SEC_605
2005;322;00-02;21;15;36;SEC_322
2008;209;00-02;9;18;27;SEC_209
2016;533;12-15;34;27;61;SEC_533
1996;620;03-11;25;29;54;SEC_620
2013;419;75 i +;104;84;188;SEC_419
2016;532;65-74;77;57;134;SEC_532
2015;425;00-02;12;15;27;SEC_425
2006;309;18-24;33;34;67;SEC_309
2009;218;75 i +;40;20;60;SEC_218
2012;211;35-49;185;195;380;SEC_211
2008;533;18-24;53;46;99;SEC_533
2000;612;50-64;173;142;315;SEC_612
1994;249;65-74;67;54;121;SEC_249
2008;418;25-34;127;136;263;SEC_418
2013;248;00-02;13;24;37;SEC_248
1995;424;35-49;59;51;110;SEC_424
1996;244;35-49;51;53;104;SEC_244
2004;434;65-74;39;23;62;SEC_434
2003;410;35-49;142;165;307;SEC_410
2013;617;50-64;82;66;148;SEC_617
2009;302;50-64;170;149;319;SEC_302
2011;601;35-49;141;177;318;SEC_601
2003;249;75 i +;57;37;94;SEC_249
1994;103;65-74;43;33;76;SEC_103
1995;610;25-34;90;130;220;SEC_610
2004;222;03-11;41;28;69;SEC_222
2012;536;03-11;42;38;80;SEC_536
2007;514;35-49;87;111;198;SEC_514
2013;139;75 i +;36;29;65;SEC_139
2004;511;12-15;12;10;22;SEC_511
2002;407;50-64;81;80;161;SEC_407
2014;107;12-15;24;17;41;SEC_107
2016;132;03-11;96;75;171;SEC_132
2016;234;25-34;81;79;160;SEC_234
1997;604;18-24;53;61;114;SEC_604
1999;117;18-24;116;139;255;SEC_117
2005;515;35-49;84;90;174;SEC_515
2012;127;00-02;12;11;23;SEC_127
2015;407;25-34;66;80;146;SEC_407
2005;217;35-49;83;99;182;SEC_217
1998;223;18-24;43;44;87;SEC_223
2008;620;00-02;0;7;7;SEC_620
2001;538;75 i +;63;34;97;SEC_538
2014;506;75 i +;97;73;170;SEC_506
1996;105;03-11;52;66;118;SEC_105
2016;231;25-34;109;94;203;SEC_231
2004;210;00-02;6;9;15;SEC_210
2004;613;50-64;180;147;327;SEC_613
2010;531;18-24;42;37;79;SEC_531
2010;213;00-02;16;20;36;SEC_213
1996;623;65-74;47;33;80;SEC_623
2004;248;16-17;7;10;17;SEC_248
1995;403;03-11;40;39;79;SEC_403
1996;520;00-02;13;8;21;SEC_520
2008;410;35-49;162;168;330;SEC_410
2013;249;18-24;54;45;99;SEC_249
2006;511;35-49;79;72;151;SEC_511
2008;320;50-64;101;89;190;SEC_320
2015;602;35-49;165;160;325;SEC_602
2011;101;18-24;41;44;85;SEC_101
2016;615;03-11;31;32;63;SEC_615
1997;123;18-24;66;62;128;SEC_123
2016;228;12-15;39;50;89;SEC_228
2000;621;00-02;12;16;28;SEC_621
2008;611;18-24;66;51;117;SEC_611
2016;306;16-17;26;12;38;SEC_306
2006;616;00-02;35;40;75;SEC_616
2011;109;35-49;122;122;244;SEC_109
2007;249;12-15;15;19;34;SEC_249
1994;221;03-11;31;50;81;SEC_221
2000;137;12-15;27;31;58;SEC_137
2002;405;75 i +;39;28;67;SEC_405
2006;512;25-34;84;102;186;SEC_512
2011;235;35-49;200;224;424;SEC_235
1996;101;50-64;78;84;162;SEC_101
1998;613;03-11;42;35;77;SEC_613
2000;205;65-74;62;54;116;SEC_205
2001;413;00-02;2;4;6;SEC_413
2014;138;50-64;97;82;179;SEC_138
2001;621;75 i +;31;19;50;SEC_621
1998;415;03-11;22;17;39;SEC_415
2006;433;03-11;55;61;116;SEC_433
2003;228;50-64;54;49;103;SEC_228
1996;413;25-34;45;53;98;SEC_413
2010;506;65-74;107;117;224;SEC_506
2000;316;00-02;12;16;28;SEC_316
2011;631;35-49;120;126;246;SEC_631
2016;435;75 i +;67;29;96;SEC_435
1997;601;16-17;27;27;54;SEC_601
1999;602;18-24;31;24;55;SEC_602
2000;237;16-17;14;5;19;SEC_237
2013;410;03-11;59;64;123;SEC_410
1994;129;25-34;85;92;177;SEC_129
2005;602;75 i +;21;12;33;SEC_602
2004;624;65-74;47;45;92;SEC_624
2003;427;18-24;40;34;74;SEC_427
2014;314;75 i +;90;58;148;SEC_314
2008;605;65-74;62;69;131;SEC_605
2010;631;00-02;13;17;30;SEC_631
2005;309;25-34;100;114;214;SEC_309
1998;518;25-34;97;113;210;SEC_518
2000;203;18-24;29;31;60;SEC_203
2016;118;18-24;64;57;121;SEC_118
2004;204;35-49;54;65;119;SEC_204
2002;325;03-11;73;67;140;SEC_325
1999;532;50-64;155;148;303;SEC_532
1995;425;25-34;72;80;152;SEC_425
2005;129;18-24;57;49;106;SEC_129
2010;320;65-74;61;58;119;SEC_320
2001;302;16-17;13;9;22;SEC_302
2010;124;50-64;100;82;182;SEC_124
2004;136;25-34;121;136;257;SEC_136
2014;136;00-02;21;20;41;SEC_136
2014;220;16-17;13;17;30;SEC_220
2007;236;18-24;58;50;108;SEC_236
1996;204;12-15;6;10;16;SEC_204
2016;602;18-24;43;53;96;SEC_602
2002;233;25-34;77;80;157;SEC_233
2006;246;03-11;45;35;80;SEC_246
2013;327;12-15;18;21;39;SEC_327
1995;617;35-49;110;110;220;SEC_617
1998;424;16-17;3;9;12;SEC_424
2000;608;65-74;59;52;111;SEC_608
1999;129;35-49;92;104;196;SEC_129
2001;628;12-15;16;19;35;SEC_628
2012;424;75 i +;31;33;64;SEC_424
1998;127;16-17;12;10;22;SEC_127
2013;245;75 i +;68;47;115;SEC_245
1995;403;25-34;91;100;191;SEC_403
2009;603;00-02;15;9;24;SEC_603
1994;221;75 i +;44;20;64;SEC_221
2013;246;03-11;52;50;102;SEC_246
2010;131;00-02;17;23;40;SEC_131
2005;619;35-49;143;129;272;SEC_619
2009;626;50-64;94;87;181;SEC_626
2000;234;12-15;12;11;23;SEC_234
2008;606;50-64;81;54;135;SEC_606
2015;402;25-34;70;58;128;SEC_402
2008;111;00-02;9;11;20;SEC_111
2003;510;75 i +;54;26;80;SEC_510
2005;610;65-74;68;77;145;SEC_610
1999;621;50-64;169;217;386;SEC_621
2012;528;00-02;21;14;35;SEC_528
2002;306;75 i +;81;56;137;SEC_306
1999;139;50-64;81;85;166;SEC_139
2016;103;65-74;38;31;69;SEC_103
2005;217;03-11;23;22;45;SEC_217
1998;304;35-49;99;102;201;SEC_304
2015;111;16-17;7;10;17;SEC_111
1995;608;03-11;44;62;106;SEC_608
1997;322;00-02;15;12;27;SEC_322
2014;616;16-17;22;33;55;SEC_616
2006;404;03-11;54;65;119;SEC_404
2010;113;65-74;59;56;115;SEC_113
2009;309;18-24;33;33;66;SEC_309
2004;131;50-64;172;189;361;SEC_131
2005;631;25-34;103;118;221;SEC_631
2011;606;03-11;46;47;93;SEC_606
2015;117;35-49;205;210;415;SEC_117
1999;624;03-11;39;33;72;SEC_624
2000;537;03-11;49;25;74;SEC_537
1998;111;03-11;45;28;73;SEC_111
1998;221;50-64;110;112;222;SEC_221
1998;514;25-34;60;53;113;SEC_514
2011;407;00-02;19;15;34;SEC_407
2000;404;75 i +;53;34;87;SEC_404
2004;135;03-11;58;46;104;SEC_135
2016;613;65-74;136;83;219;SEC_613
1994;240;18-24;45;35;80;SEC_240
2003;530;35-49;139;154;293;SEC_530
2000;224;18-24;30;24;54;SEC_224
2003;428;16-17;7;3;10;SEC_428
1999;431;03-11;31;44;75;SEC_431
2016;220;12-15;29;26;55;SEC_220
2015;307;18-24;28;41;69;SEC_307
2000;110;00-02;6;8;14;SEC_110
1995;210;16-17;12;7;19;SEC_210
2000;510;16-17;7;10;17;SEC_510
1995;529;03-11;24;38;62;SEC_529
2000;603;16-17;4;4;8;SEC_603
2015;514;16-17;21;15;36;SEC_514
2001;107;35-49;176;154;330;SEC_107
2011;516;18-24;25;32;57;SEC_516
2004;229;75 i +;52;26;78;SEC_229
2011;311;35-49;181;205;386;SEC_311
2014;418;50-64;109;112;221;SEC_418
2015;231;50-64;93;85;178;SEC_231
2001;130;75 i +;62;38;100;SEC_130
2012;133;18-24;17;25;42;SEC_133
2006;225;65-74;31;21;52;SEC_225
2013;128;35-49;137;141;278;SEC_128
2008;235;35-49;195;200;395;SEC_235
2004;613;35-49;86;101;187;SEC_613
2012;407;16-17;7;3;10;SEC_407
2010;515;12-15;10;12;22;SEC_515
2007;229;75 i +;60;36;96;SEC_229
2010;131;18-24;52;59;111;SEC_131
2007;527;65-74;51;35;86;SEC_527
2004;521;75 i +;44;27;71;SEC_521
2011;140;35-49;110;145;255;SEC_140
1999;301;12-15;36;53;89;SEC_301
1994;524;65-74;67;53;120;SEC_524
2011;508;65-74;30;21;51;SEC_508
2003;631;35-49;78;87;165;SEC_631
2015;201;50-64;89;84;173;SEC_201
2011;437;75 i +;49;36;85;SEC_437
2005;139;65-74;33;25;58;SEC_139
2001;425;25-34;92;80;172;SEC_425
2001;127;00-02;16;8;24;SEC_127
1994;227;65-74;51;36;87;SEC_227
2009;322;12-15;24;26;50;SEC_322
2007;206;12-15;14;16;30;SEC_206
2009;107;03-11;60;66;126;SEC_107
2002;426;03-11;31;33;64;SEC_426
2012;535;16-17;5;10;15;SEC_535
2000;114;12-15;26;23;49;SEC_114
2003;429;12-15;7;16;23;SEC_429
2006;601;25-34;111;117;228;SEC_601
2014;214;25-34;196;156;352;SEC_214
2005;415;50-64;50;55;105;SEC_415
1999;528;12-15;18;12;30;SEC_528
2009;302;35-49;127;159;286;SEC_302
2012;109;50-64;117;112;229;SEC_109
1994;116;16-17;32;35;67;SEC_116
1994;514;18-24;44;38;82;SEC_514
1997;620;16-17;15;13;28;SEC_620
2009;138;35-49;92;68;160;SEC_138
2002;103;12-15;11;4;15;SEC_103
2002;219;12-15;15;25;40;SEC_219
2008;124;16-17;4;11;15;SEC_124
2009;224;03-11;18;27;45;SEC_224
2013;529;65-74;57;40;97;SEC_529
2006;505;25-34;121;120;241;SEC_505
2000;218;75 i +;45;20;65;SEC_218
2002;322;00-02;14;27;41;SEC_322
2013;426;16-17;5;8;13;SEC_426
2003;437;75 i +;31;20;51;SEC_437
2012;438;12-15;21;20;41;SEC_438
2012;201;16-17;9;9;18;SEC_201
2003;228;00-02;5;4;9;SEC_228
1995;440;03-11;21;25;46;SEC_440
2010;226;35-49;160;161;321;SEC_226
2016;426;12-15;11;16;27;SEC_426
2011;117;03-11;74;87;161;SEC_117
1997;521;03-11;34;30;64;SEC_521
2010;607;75 i +;56;51;107;SEC_607
2006;617;25-34;92;101;193;SEC_617
2013;232;25-34;93;78;171;SEC_232
1995;310;25-34;68;55;123;SEC_310
2015;132;03-11;92;76;168;SEC_132
2011;238;25-34;72;87;159;SEC_238
2002;242;75 i +;57;53;110;SEC_242
1999;529;65-74;88;72;160;SEC_529
2009;507;50-64;86;65;151;SEC_507
1999;418;25-34;84;104;188;SEC_418
2008;422;03-11;49;38;87;SEC_422
1997;247;50-64;101;103;204;SEC_247
2012;625;12-15;18;18;36;SEC_625
1994;104;75 i +;54;30;84;SEC_104
2005;419;16-17;8;9;17;SEC_419
2012;442;50-64;48;50;98;SEC_442
2016;139;65-74;58;56;114;SEC_139
1995;239;03-11;18;29;47;SEC_239
2015;325;25-34;82;84;166;SEC_325
2012;622;12-15;10;20;30;SEC_622
1999;306;18-24;84;80;164;SEC_306
2005;404;25-34;127;147;274;SEC_404
1994;518;25-34;105;112;217;SEC_518
1996;317;03-11;33;37;70;SEC_317
2007;126;35-49;84;89;173;SEC_126
2005;524;12-15;23;26;49;SEC_524
2011;223;65-74;56;47;103;SEC_223
1994;219;03-11;42;44;86;SEC_219
2000;140;50-64;112;109;221;SEC_140
2000;123;18-24;64;68;132;SEC_123
2000;433;35-49;99;98;197;SEC_433
1994;401;18-24;66;66;132;SEC_401
2008;243;65-74;81;65;146;SEC_243
1996;530;50-64;154;134;288;SEC_530
2010;112;03-11;69;57;126;SEC_112
2006;221;00-02;11;10;21;SEC_221
2016;533;75 i +;130;82;212;SEC_533
2012;510;18-24;29;36;65;SEC_510
2011;303;65-74;133;113;246;SEC_303
1999;240;75 i +;44;19;63;SEC_240
2004;503;75 i +;32;15;47;SEC_503
1999;512;35-49;71;72;143;SEC_512
2004;202;18-24;39;41;80;SEC_202
2014;137;03-11;86;60;146;SEC_137
2002;311;35-49;123;120;243;SEC_311
1997;606;18-24;43;58;101;SEC_606
1995;505;25-34;97;109;206;SEC_505
2003;401;18-24;51;71;122;SEC_401
2008;421;03-11;47;35;82;SEC_421
2011;244;35-49;125;107;232;SEC_244
2001;524;50-64;101;89;190;SEC_524
1997;243;75 i +;87;42;129;SEC_243
1994;632;25-34;89;111;200;SEC_632
2011;608;25-34;46;51;97;SEC_608
2006;530;12-15;19;19;38;SEC_530
2005;509;50-64;64;56;120;SEC_509
2003;314;00-02;26;30;56;SEC_314
2010;402;75 i +;53;46;99;SEC_402
2014;405;65-74;102;55;157;SEC_405
2005;101;18-24;61;60;121;SEC_101
2001;424;03-11;14;11;25;SEC_424
1998;112;18-24;91;90;181;SEC_112
2001;632;65-74;51;46;97;SEC_632
2004;405;50-64;89;63;152;SEC_405
1995;531;50-64;96;104;200;SEC_531
2010;311;12-15;25;29;54;SEC_311
2009;210;65-74;56;42;98;SEC_210
2012;433;12-15;22;19;41;SEC_433
2004;626;75 i +;30;28;58;SEC_626
2000;538;00-02;12;13;25;SEC_538
2013;116;75 i +;82;64;146;SEC_116
1997;417;12-15;12;20;32;SEC_417
2010;223;16-17;14;14;28;SEC_223
2000;222;35-49;68;73;141;SEC_222
1998;606;00-02;9;10;19;SEC_606
1994;229;50-64;81;69;150;SEC_229
1996;434;50-64;50;52;102;SEC_434
2004;319;35-49;179;189;368;SEC_319
1998;510;75 i +;43;28;71;SEC_510
2006;629;16-17;4;5;9;SEC_629
2002;113;25-34;106;119;225;SEC_113
2015;213;35-49;100;119;219;SEC_213
2001;322;00-02;10;14;24;SEC_322
2002;101;50-64;106;114;220;SEC_101
1994;128;65-74;38;39;77;SEC_128
2012;108;65-74;54;49;103;SEC_108
2007;423;00-02;16;21;37;SEC_423
2011;426;65-74;38;31;69;SEC_426
2010;510;12-15;16;22;38;SEC_510
2003;606;12-15;18;22;40;SEC_606
2003;507;50-64;87;86;173;SEC_507
2001;408;00-02;11;12;23;SEC_408
2007;431;18-24;67;82;149;SEC_431
2011;239;03-11;45;54;99;SEC_239
2008;137;00-02;28;15;43;SEC_137
1996;538;75 i +;49;25;74;SEC_538
1996;537;03-11;43;42;85;SEC_537
2006;220;03-11;30;21;51;SEC_220
1996;416;75 i +;19;11;30;SEC_416
2016;619;50-64;140;135;275;SEC_619
2009;235;50-64;112;99;211;SEC_235
1999;118;50-64;148;169;317;SEC_118
2002;415;25-34;77;99;176;SEC_415
2001;225;65-74;44;31;75;SEC_225
2013;326;75 i +;3;2;5;SEC_326
2002;233;18-24;29;31;60;SEC_233
1996;624;12-15;34;32;66;SEC_624
2005;120;03-11;74;72;146;SEC_120
2016;303;03-11;66;49;115;SEC_303
1998;324;03-11;40;33;73;SEC_324
2015;104;00-02;11;13;24;SEC_104
2013;513;75 i +;94;56;150;SEC_513
1995;418;50-64;127;115;242;SEC_418
2003;211;35-49;143;147;290;SEC_211
2016;239;50-64;103;90;193;SEC_239
2004;314;35-49;296;293;589;SEC_314
2004;135;12-15;26;23;49;SEC_135
2015;431;35-49;195;242;437;SEC_431
2011;532;50-64;112;77;189;SEC_532
1998;519;00-02;8;9;17;SEC_519
2014;132;25-34;149;149;298;SEC_132
2011;403;65-74;90;74;164;SEC_403
1998;137;35-49;167;147;314;SEC_137
2010;313;18-24;76;66;142;SEC_313
1999;106;12-15;44;44;88;SEC_106
2013;426;35-49;131;148;279;SEC_426
1999;510;03-11;24;35;59;SEC_510
2015;529;16-17;10;15;25;SEC_529
2010;131;65-74;76;69;145;SEC_131
1997;222;16-17;17;11;28;SEC_222
1997;235;50-64;155;133;288;SEC_235
2010;606;35-49;136;146;282;SEC_606
2016;226;03-11;81;79;160;SEC_226
2011;118;25-34;125;122;247;SEC_118
2004;615;16-17;5;8;13;SEC_615
1994;626;35-49;117;119;236;SEC_626
1996;517;18-24;62;78;140;SEC_517
2006;242;03-11;37;34;71;SEC_242
2007;237;35-49;175;205;380;SEC_237
2000;105;25-34;73;85;158;SEC_105
2002;622;75 i +;37;13;50;SEC_622
1994;529;65-74;70;61;131;SEC_529
2009;101;65-74;58;46;104;SEC_101
2002;613;65-74;74;64;138;SEC_613
2014;201;16-17;6;12;18;SEC_201
2008;315;25-34;155;179;334;SEC_315
2006;626;00-02;11;11;22;SEC_626
2008;428;35-49;83;111;194;SEC_428
1998;136;16-17;18;23;41;SEC_136
2001;321;50-64;236;256;492;SEC_321
2010;401;50-64;114;91;205;SEC_401
2006;620;75 i +;14;10;24;SEC_620
2009;511;03-11;30;29;59;SEC_511
2000;408;50-64;75;60;135;SEC_408
2008;425;18-24;44;43;87;SEC_425
2008;122;35-49;99;100;199;SEC_122
1997;305;35-49;199;185;384;SEC_305
2008;509;75 i +;32;19;51;SEC_509
1999;226;25-34;82;68;150;SEC_226
2008;435;03-11;45;54;99;SEC_435
2012;321;00-02;19;15;34;SEC_321
2012;502;25-34;114;131;245;SEC_502
1995;202;50-64;82;76;158;SEC_202
2002;248;50-64;83;81;164;SEC_248
1994;523;75 i +;71;27;98;SEC_523
2013;533;18-24;88;77;165;SEC_533
2000;420;16-17;11;13;24;SEC_420
2014;126;03-11;44;39;83;SEC_126
2008;237;00-02;22;27;49;SEC_237
2001;528;35-49;100;101;201;SEC_528
2012;511;16-17;11;9;20;SEC_511
1998;521;75 i +;37;21;58;SEC_521
1996;247;35-49;92;107;199;SEC_247
2010;303;65-74;133;120;253;SEC_303
1997;313;65-74;71;74;145;SEC_313
2011;411;18-24;35;24;59;SEC_411
2009;438;18-24;31;34;65;SEC_438
2014;517;65-74;77;52;129;SEC_517
2006;406;03-11;42;55;97;SEC_406
1995;514;18-24;49;42;91;SEC_514
2000;137;65-74;45;38;83;SEC_137
1996;307;25-34;95;78;173;SEC_307
2013;111;16-17;6;8;14;SEC_111
2016;508;18-24;59;64;123;SEC_508
1999;241;75 i +;47;30;77;SEC_241
2009;235;25-34;160;174;334;SEC_235
2007;439;12-15;17;19;36;SEC_439
2005;407;25-34;84;127;211;SEC_407
2003;535;12-15;19;23;42;SEC_535
2006;118;50-64;216;206;422;SEC_118
1996;607;50-64;162;152;314;SEC_607
2000;405;03-11;24;21;45;SEC_405
2010;106;25-34;159;172;331;SEC_106
2013;607;65-74;87;50;137;SEC_607
2006;232;03-11;29;32;61;SEC_232
1998;213;16-17;12;15;27;SEC_213
2011;303;03-11;45;49;94;SEC_303
1996;308;50-64;137;135;272;SEC_308
2013;416;18-24;65;54;119;SEC_416
2005;140;12-15;7;9;16;SEC_140
2000;536;03-11;31;22;53;SEC_536
2012;304;35-49;322;327;649;SEC_304
2003;430;12-15;12;21;33;SEC_430
2004;402;16-17;2;5;7;SEC_402
2000;228;00-02;4;6;10;SEC_228
2005;127;35-49;113;112;225;SEC_127
2000;315;75 i +;49;28;77;SEC_315
2005;206;16-17;7;6;13;SEC_206
2011;513;50-64;55;53;108;SEC_513
2009;229;75 i +;52;39;91;SEC_229
1994;323;03-11;152;159;311;SEC_323
1997;436;00-02;8;10;18;SEC_436
2002;211;03-11;36;50;86;SEC_211
1998;630;35-49;122;99;221;SEC_630
2009;520;75 i +;52;39;91;SEC_520
2003;116;25-34;129;135;264;SEC_116
2006;502;25-34;148;181;329;SEC_502
2015;103;03-11;30;32;62;SEC_103
2007;225;50-64;48;34;82;SEC_225
1995;501;18-24;122;143;265;SEC_501
1997;619;00-02;6;18;24;SEC_619
2012;421;65-74;79;53;132;SEC_421
2014;416;03-11;61;75;136;SEC_416
1995;133;12-15;25;25;50;SEC_133
1998;303;75 i +;68;40;108;SEC_303
1998;536;50-64;106;97;203;SEC_536
2004;217;03-11;20;15;35;SEC_217
1997;420;35-49;91;107;198;SEC_420
2012;215;16-17;11;8;19;SEC_215
2005;531;12-15;15;18;33;SEC_531
2006;414;75 i +;63;41;104;SEC_414
2004;512;75 i +;50;27;77;SEC_512
2001;435;18-24;40;49;89;SEC_435
2006;301;35-49;295;282;577;SEC_301
1996;310;65-74;39;32;71;SEC_310
2005;517;50-64;91;78;169;SEC_517
1999;213;03-11;29;32;61;SEC_213
2004;105;25-34;131;121;252;SEC_105
1995;403;18-24;75;85;160;SEC_403
1997;132;18-24;138;166;304;SEC_132
1999;438;00-02;7;8;15;SEC_438
2016;426;03-11;45;44;89;SEC_426
2005;130;75 i +;66;48;114;SEC_130
2007;410;18-24;49;60;109;SEC_410
2004;305;16-17;19;19;38;SEC_305
2001;529;75 i +;74;38;112;SEC_529
1995;416;65-74;51;42;93;SEC_416
2009;205;50-64;94;83;177;SEC_205
2003;227;25-34;68;64;132;SEC_227
2006;215;18-24;45;29;74;SEC_215
2013;130;50-64;64;70;134;SEC_130
2002;442;50-64;67;58;125;SEC_442
1994;625;65-74;17;19;36;SEC_625
2006;314;03-11;72;93;165;SEC_314
2010;615;25-34;55;44;99;SEC_615
1998;630;25-34;60;80;140;SEC_630
2008;225;12-15;2;4;6;SEC_225
2008;629;12-15;5;9;14;SEC_629
2010;120;18-24;79;73;152;SEC_120
2008;620;16-17;9;4;13;SEC_620
2008;524;50-64;97;94;191;SEC_524
2000;302;03-11;43;48;91;SEC_302
2014;119;35-49;121;137;258;SEC_119
1994;518;03-11;33;44;77;SEC_518
2016;528;25-34;79;73;152;SEC_528
1998;233;00-02;4;7;11;SEC_233
2005;241;25-34;78;74;152;SEC_241
1998;224;35-49;61;61;122;SEC_224
2006;624;75 i +;34;22;56;SEC_624
2000;241;03-11;39;25;64;SEC_241
2010;509;16-17;11;16;27;SEC_509
2008;525;00-02;19;18;37;SEC_525
1997;230;35-49;50;51;101;SEC_230
2000;439;18-24;29;42;71;SEC_439
1997;138;00-02;7;6;13;SEC_138
1994;522;00-02;7;8;15;SEC_522
1995;515;25-34;62;52;114;SEC_515
2016;623;75 i +;73;56;129;SEC_623
1998;309;03-11;26;34;60;SEC_309
2008;502;12-15;17;18;35;SEC_502
1994;135;50-64;123;130;253;SEC_135
1997;205;25-34;62;65;127;SEC_205
2012;619;12-15;22;23;45;SEC_619
2000;113;16-17;26;24;50;SEC_113
2010;132;00-02;32;20;52;SEC_132
1996;318;65-74;21;18;39;SEC_318
1995;533;35-49;62;64;126;SEC_533
2016;217;16-17;6;18;24;SEC_217
2015;211;18-24;46;54;100;SEC_211
2013;317;00-02;21;18;39;SEC_317
2010;206;35-49;113;117;230;SEC_206
2007;517;03-11;53;69;122;SEC_517
2001;607;75 i +;34;18;52;SEC_607
2006;417;03-11;13;21;34;SEC_417
2014;229;16-17;22;20;42;SEC_229
2014;121;16-17;9;7;16;SEC_121
1996;228;12-15;10;12;22;SEC_228
2009;219;03-11;49;53;102;SEC_219
2004;308;35-49;230;237;467;SEC_308
2002;243;18-24;68;49;117;SEC_243
1996;620;12-15;23;14;37;SEC_620
1994;132;00-02;30;29;59;SEC_132
2009;611;16-17;22;16;38;SEC_611
2008;436;75 i +;34;21;55;SEC_436
1994;116;35-49;204;189;393;SEC_116
2003;517;35-49;145;144;289;SEC_517
2011;425;65-74;49;44;93;SEC_425
2003;405;75 i +;41;30;71;SEC_405
2009;625;03-11;33;42;75;SEC_625
2013;503;16-17;4;7;11;SEC_503
2005;405;35-49;82;93;175;SEC_405
2009;234;12-15;19;18;37;SEC_234
2005;429;12-15;8;13;21;SEC_429
2009;514;35-49;101;116;217;SEC_514
1995;618;75 i +;23;10;33;SEC_618
1995;418;00-02;14;7;21;SEC_418
1999;402;16-17;6;6;12;SEC_402
2009;244;00-02;12;14;26;SEC_244
1997;626;03-11;35;36;71;SEC_626
2008;420;12-15;33;30;63;SEC_420
2005;528;25-34;124;134;258;SEC_528
2013;402;65-74;38;28;66;SEC_402
2007;225;12-15;6;6;12;SEC_225
1996;513;25-34;62;70;132;SEC_513
2003;311;12-15;17;30;47;SEC_311
1995;114;65-74;59;45;104;SEC_114
1997;211;00-02;15;13;28;SEC_211
2008;417;00-02;13;13;26;SEC_417
2001;632;18-24;56;64;120;SEC_632
2006;311;00-02;19;25;44;SEC_311
2008;303;50-64;136;103;239;SEC_303
2011;512;35-49;113;112;225;SEC_512
2009;606;12-15;18;23;41;SEC_606
1996;223;00-02;13;10;23;SEC_223
2016;114;16-17;12;15;27;SEC_114
2009;306;16-17;22;9;31;SEC_306
2006;243;25-34;127;132;259;SEC_243
2016;608;18-24;28;37;65;SEC_608
1995;237;00-02;11;8;19;SEC_237
2000;413;16-17;6;3;9;SEC_413
1997;133;12-15;16;22;38;SEC_133
2013;319;65-74;64;65;129;SEC_319
1997;316;25-34;93;82;175;SEC_316
2007;115;12-15;21;29;50;SEC_115
1995;217;25-34;54;49;103;SEC_217
2005;105;25-34;132;117;249;SEC_105
2014;308;75 i +;102;80;182;SEC_308
2005;512;75 i +;49;24;73;SEC_512
2013;423;75 i +;78;56;134;SEC_423
1997;438;25-34;79;84;163;SEC_438
2002;204;25-34;40;42;82;SEC_204
2012;229;00-02;18;10;28;SEC_229
2015;249;50-64;97;80;177;SEC_249
2000;207;18-24;31;27;58;SEC_207
1994;531;50-64;101;107;208;SEC_531
2008;303;25-34;160;160;320;SEC_303
2006;130;50-64;58;61;119;SEC_130
2003;404;16-17;13;9;22;SEC_404
1998;101;03-11;60;67;127;SEC_101
2014;207;50-64;168;144;312;SEC_207
1994;614;65-74;41;28;69;SEC_614
2001;630;16-17;8;10;18;SEC_630
2008;232;65-74;49;51;100;SEC_232
1997;528;12-15;13;13;26;SEC_528
2009;126;25-34;84;65;149;SEC_126
1994;202;16-17;10;6;16;SEC_202
2014;507;00-02;7;10;17;SEC_507
1997;238;75 i +;52;29;81;SEC_238
1996;440;18-24;117;95;212;SEC_440
2016;319;12-15;38;40;78;SEC_319
1999;626;03-11;34;32;66;SEC_626
2005;419;65-74;52;36;88;SEC_419
2002;430;75 i +;62;32;94;SEC_430
2002;207;50-64;63;51;114;SEC_207
2008;526;65-74;30;32;62;SEC_526
1998;221;35-49;110;90;200;SEC_221
2014;108;50-64;146;127;273;SEC_108
2012;611;75 i +;93;64;157;SEC_611
2008;411;65-74;62;61;123;SEC_411
2002;419;16-17;5;5;10;SEC_419
1999;425;12-15;13;15;28;SEC_425
1998;525;12-15;15;19;34;SEC_525
2016;117;03-11;70;77;147;SEC_117
2008;506;12-15;35;29;64;SEC_506
1997;131;00-02;20;14;34;SEC_131
2011;402;75 i +;60;49;109;SEC_402
2005;604;16-17;4;7;11;SEC_604
2010;101;35-49;269;284;553;SEC_101
2000;433;00-02;7;17;24;SEC_433
1995;137;50-64;98;115;213;SEC_137
2004;533;18-24;41;48;89;SEC_533
2000;522;16-17;15;5;20;SEC_522
2009;242;65-74;67;65;132;SEC_242
2001;402;16-17;8;7;15;SEC_402
1999;401;03-11;48;41;89;SEC_401
2006;112;18-24;66;62;128;SEC_112
2000;103;50-64;63;59;122;SEC_103
2008;321;75 i +;115;60;175;SEC_321
2000;624;25-34;106;130;236;SEC_624
2016;134;65-74;67;65;132;SEC_134
2000;124;16-17;15;13;28;SEC_124
1995;412;50-64;180;180;360;SEC_412
1996;231;12-15;11;13;24;SEC_231
1998;408;12-15;16;15;31;SEC_408
2001;504;18-24;41;58;99;SEC_504
2009;521;75 i +;50;36;86;SEC_521
2013;616;25-34;135;156;291;SEC_616
2005;403;25-34;79;99;178;SEC_403
2007;631;12-15;15;17;32;SEC_631
2004;219;35-49;149;143;292;SEC_219
1994;132;65-74;63;52;115;SEC_132
2007;525;03-11;34;31;65;SEC_525
2015;220;12-15;27;25;52;SEC_220
2014;134;00-02;18;24;42;SEC_134
1994;235;03-11;37;33;70;SEC_235
2003;114;35-49;151;147;298;SEC_114
2000;103;25-34;68;63;131;SEC_103
1997;137;65-74;45;37;82;SEC_137
2000;537;18-24;73;65;138;SEC_537
1995;438;50-64;110;112;222;SEC_438
1999;233;75 i +;72;32;104;SEC_233
1996;138;35-49;117;119;236;SEC_138
2012;630;00-02;7;10;17;SEC_630
2003;523;75 i +;88;38;126;SEC_523
2008;135;75 i +;68;41;109;SEC_135
1997;310;65-74;33;30;63;SEC_310
1996;228;25-34;65;58;123;SEC_228
1994;322;50-64;112;106;218;SEC_322
2006;132;16-17;15;19;34;SEC_132
2001;138;65-74;35;35;70;SEC_138
2002;234;03-11;30;24;54;SEC_234
2009;140;35-49;115;144;259;SEC_140
2006;307;75 i +;86;53;139;SEC_307
2001;245;03-11;34;36;70;SEC_245
2001;627;50-64;116;132;248;SEC_627
2000;243;25-34;150;136;286;SEC_243
2006;604;50-64;66;53;119;SEC_604
2003;307;03-11;45;43;88;SEC_307
2005;431;65-74;81;58;139;SEC_431
1996;601;16-17;19;43;62;SEC_601
2011;626;03-11;35;41;76;SEC_626
2011;438;03-11;25;40;65;SEC_438
2008;410;75 i +;111;99;210;SEC_410
2010;305;35-49;195;192;387;SEC_305
2010;507;03-11;35;49;84;SEC_507
2000;617;75 i +;24;24;48;SEC_617
2011;406;00-02;17;20;37;SEC_406
2005;240;35-49;88;87;175;SEC_240
2005;104;65-74;68;40;108;SEC_104
2010;632;18-24;29;35;64;SEC_632
2005;424;65-74;40;33;73;SEC_424
2013;209;65-74;41;29;70;SEC_209
1994;620;12-15;25;25;50;SEC_620
2002;519;35-49;49;57;106;SEC_519
2009;517;65-74;53;49;102;SEC_517
2006;536;50-64;74;58;132;SEC_536
2014;401;35-49;121;126;247;SEC_401
2015;514;00-02;14;26;40;SEC_514
2006;237;75 i +;75;37;112;SEC_237
1998;317;18-24;46;52;98;SEC_317
2016;602;65-74;86;48;134;SEC_602
1994;224;03-11;15;20;35;SEC_224
2004;121;35-49;88;107;195;SEC_121
2011;428;18-24;34;22;56;SEC_428
2002;203;12-15;9;10;19;SEC_203
1997;308;25-34;99;106;205;SEC_308
2006;410;18-24;56;64;120;SEC_410
1995;423;03-11;27;36;63;SEC_423
2001;211;25-34;110;148;258;SEC_211
2009;616;03-11;113;136;249;SEC_616
2002;237;75 i +;66;33;99;SEC_237
2010;427;50-64;67;54;121;SEC_427
2004;111;12-15;21;13;34;SEC_111
2007;624;35-49;86;126;212;SEC_624
2009;133;16-17;2;6;8;SEC_133
2012;109;00-02;16;23;39;SEC_109
2016;619;65-74;93;66;159;SEC_619
2016;223;18-24;68;49;117;SEC_223
2005;432;16-17;10;14;24;SEC_432
1997;222;03-11;39;32;71;SEC_222
2002;234;25-34;84;102;186;SEC_234
1994;632;65-74;37;30;67;SEC_632
1994;235;35-49;109;101;210;SEC_235
1994;534;35-49;88;86;174;SEC_534
2005;303;25-34;153;170;323;SEC_303
2011;303;25-34;123;122;245;SEC_303
2007;605;25-34;50;63;113;SEC_605
2006;410;65-74;125;106;231;SEC_410
1998;521;03-11;27;27;54;SEC_521
1997;427;03-11;18;27;45;SEC_427
2009;426;65-74;42;40;82;SEC_426
2005;515;75 i +;26;14;40;SEC_515
1999;131;35-49;160;159;319;SEC_131
2002;632;12-15;20;17;37;SEC_632
2006;309;75 i +;29;15;44;SEC_309
2010;217;12-15;15;12;27;SEC_217
2004;117;35-49;242;231;473;SEC_117
1998;405;12-15;13;7;20;SEC_405
2014;313;03-11;88;86;174;SEC_313
1999;520;18-24;47;63;110;SEC_520
2012;530;00-02;25;25;50;SEC_530
2003;425;16-17;8;4;12;SEC_425
1996;140;75 i +;32;17;49;SEC_140
1997;406;50-64;145;133;278;SEC_406
2008;428;25-34;61;83;144;SEC_428
2010;318;65-74;38;26;64;SEC_318
2010;238;35-49;117;121;238;SEC_238
1994;431;65-74;83;73;156;SEC_431
2010;411;16-17;10;7;17;SEC_411
2006;427;12-15;10;19;29;SEC_427
2009;515;18-24;25;45;70;SEC_515
1998;238;03-11;19;20;39;SEC_238
2011;311;16-17;11;15;26;SEC_311
2009;431;16-17;13;13;26;SEC_431
2009;526;03-11;23;27;50;SEC_526
2012;404;03-11;67;60;127;SEC_404
2000;237;50-64;128;113;241;SEC_237
2012;420;03-11;60;72;132;SEC_420
2008;135;03-11;52;57;109;SEC_135
2011;535;50-64;128;101;229;SEC_535
2002;513;65-74;60;51;111;SEC_513
1994;409;65-74;27;25;52;SEC_409
2008;122;03-11;41;42;83;SEC_122
1996;404;25-34;104;123;227;SEC_404
2012;319;16-17;6;6;12;SEC_319
2009;101;75 i +;45;39;84;SEC_101
2014;436;65-74;65;53;118;SEC_436
2007;516;65-74;42;30;72;SEC_516
2015;239;00-02;17;15;32;SEC_239
2014;119;12-15;7;16;23;SEC_119
2010;438;00-02;15;13;28;SEC_438
1996;516;65-74;29;22;51;SEC_516
1996;138;75 i +;17;11;28;SEC_138
1995;216;25-34;87;83;170;SEC_216
2000;604;00-02;8;7;15;SEC_604
2016;220;18-24;77;63;140;SEC_220
2007;519;18-24;38;34;72;SEC_519
1996;238;03-11;19;24;43;SEC_238
2006;511;00-02;10;10;20;SEC_511
2006;127;25-34;59;72;131;SEC_127
2010;207;16-17;5;4;9;SEC_207
1996;615;00-02;5;4;9;SEC_615
2005;603;18-24;18;17;35;SEC_603
2012;438;35-49;105;93;198;SEC_438
2007;118;35-49;193;161;354;SEC_118
2011;630;75 i +;42;28;70;SEC_630
2008;206;50-64;71;71;142;SEC_206
2016;320;16-17;2;3;5;SEC_320
1999;224;00-02;5;9;14;SEC_224
1995;205;35-49;91;88;179;SEC_205
2009;140;25-34;95;119;214;SEC_140
2005;227;16-17;1;1;2;SEC_227
1999;508;18-24;34;20;54;SEC_508
2010;229;12-15;25;17;42;SEC_229
2011;631;03-11;35;47;82;SEC_631
2000;607;50-64;146;123;269;SEC_607
2005;604;75 i +;27;15;42;SEC_604
2009;242;00-02;9;18;27;SEC_242
2010;236;00-02;11;18;29;SEC_236
2008;627;03-11;35;24;59;SEC_627
2000;233;00-02;7;8;15;SEC_233
2007;608;65-74;71;46;117;SEC_608
1999;127;65-74;47;39;86;SEC_127
2001;614;25-34;93;104;197;SEC_614
2003;627;16-17;10;17;27;SEC_627
2015;605;75 i +;114;108;222;SEC_605
2012;244;03-11;28;27;55;SEC_244
1999;212;50-64;143;116;259;SEC_212
2002;221;25-34;105;92;197;SEC_221
1995;311;18-24;90;91;181;SEC_311
1994;310;25-34;84;60;144;SEC_310
2005;602;16-17;6;2;8;SEC_602
1998;109;00-02;8;16;24;SEC_109
2016;528;12-15;23;23;46;SEC_528
2005;128;25-34;113;96;209;SEC_128
1998;228;00-02;3;7;10;SEC_228
2000;416;35-49;64;75;139;SEC_416
2004;321;25-34;176;181;357;SEC_321
1999;133;03-11;17;27;44;SEC_133
2006;241;00-02;9;11;20;SEC_241
2006;218;50-64;81;65;146;SEC_218
2007;116;03-11;57;65;122;SEC_116
2003;135;25-34;132;137;269;SEC_135
2011;417;65-74;27;21;48;SEC_417
2011;137;03-11;72;66;138;SEC_137
2014;320;00-02;5;5;10;SEC_320
1998;122;50-64;130;115;245;SEC_122
2007;218;65-74;34;28;62;SEC_218
2010;413;12-15;15;12;27;SEC_413
2002;404;35-49;121;153;274;SEC_404
2006;245;25-34;113;115;228;SEC_245
2015;531;16-17;6;11;17;SEC_531
1998;410;65-74;111;107;218;SEC_410
2009;502;75 i +;133;59;192;SEC_502
2005;318;65-74;30;25;55;SEC_318
2014;422;03-11;49;61;110;SEC_422
1997;119;12-15;32;33;65;SEC_119
2004;220;25-34;99;90;189;SEC_220
2002;409;03-11;18;16;34;SEC_409
2015;304;03-11;166;173;339;SEC_304
2009;508;25-34;73;60;133;SEC_508
2007;107;25-34;159;182;341;SEC_107
1996;632;18-24;105;112;217;SEC_632
2006;538;35-49;146;132;278;SEC_538
1994;322;35-49;130;123;253;SEC_322
2000;232;12-15;15;12;27;SEC_232
2009;538;18-24;48;47;95;SEC_538
2006;413;00-02;9;9;18;SEC_413
2000;315;18-24;89;89;178;SEC_315
2004;616;50-64;228;232;460;SEC_616
2004;417;65-74;38;29;67;SEC_417
2004;140;12-15;7;9;16;SEC_140
1998;106;25-34;146;142;288;SEC_106
2014;205;16-17;10;12;22;SEC_205
2005;617;75 i +;30;26;56;SEC_617
2013;104;16-17;8;8;16;SEC_104
1999;212;35-49;111;113;224;SEC_212
2004;508;00-02;10;3;13;SEC_508
2003;503;16-17;13;10;23;SEC_503
2016;232;12-15;12;10;22;SEC_232
1994;133;00-02;10;11;21;SEC_133
2014;304;65-74;83;66;149;SEC_304
2004;230;35-49;96;117;213;SEC_230
2002;512;03-11;27;20;47;SEC_512
2002;628;16-17;14;6;20;SEC_628
1997;235;35-49;91;97;188;SEC_235
2012;109;65-74;55;50;105;SEC_109
2003;218;35-49;91;87;178;SEC_218
1995;612;00-02;11;11;22;SEC_612
2007;246;25-34;130;151;281;SEC_246
2008;425;12-15;13;18;31;SEC_425
2000;411;35-49;87;79;166;SEC_411
1996;114;75 i +;52;17;69;SEC_114
2015;245;18-24;43;42;85;SEC_245
1998;201;50-64;87;74;161;SEC_201
2008;307;50-64;215;177;392;SEC_307
2004;321;75 i +;93;57;150;SEC_321
1994;219;18-24;69;59;128;SEC_219
1997;215;35-49;70;62;132;SEC_215
2010;614;25-34;56;74;130;SEC_614
1997;405;03-11;25;18;43;SEC_405
2015;510;75 i +;76;45;121;SEC_510
2015;427;50-64;145;126;271;SEC_427
2010;402;03-11;24;41;65;SEC_402
2011;517;50-64;75;84;159;SEC_517
2011;530;35-49;194;201;395;SEC_530
1999;622;65-74;45;26;71;SEC_622
2002;128;00-02;8;10;18;SEC_128
1994;229;35-49;46;46;92;SEC_229
1999;528;03-11;40;31;71;SEC_528
2001;303;12-15;17;19;36;SEC_303
2014;226;35-49;243;223;466;SEC_226
2001;525;50-64;88;84;172;SEC_525
2011;320;00-02;25;19;44;SEC_320
1995;534;75 i +;42;21;63;SEC_534
1998;140;25-34;77;96;173;SEC_140
1996;606;18-24;58;60;118;SEC_606
2009;502;35-49;164;201;365;SEC_502
2000;504;65-74;76;74;150;SEC_504
2013;136;75 i +;62;33;95;SEC_136
2006;535;18-24;52;42;94;SEC_535
2004;430;35-49;103;109;212;SEC_430
2005;625;50-64;174;183;357;SEC_625
1994;440;35-49;113;91;204;SEC_440
1999;417;03-11;21;19;40;SEC_417
2002;533;35-49;83;112;195;SEC_533
2009;221;25-34;86;105;191;SEC_221
2015;526;35-49;236;277;513;SEC_526
2010;403;25-34;99;109;208;SEC_403
1994;108;35-49;150;138;288;SEC_108
2004;325;35-49;203;173;376;SEC_325
2008;613;12-15;15;19;34;SEC_613
2004;626;65-74;63;61;124;SEC_626
2006;405;00-02;9;9;18;SEC_405
2000;627;65-74;30;28;58;SEC_627
2010;205;50-64;96;92;188;SEC_205
1998;408;35-49;90;86;176;SEC_408
2007;438;03-11;26;28;54;SEC_438
2003;137;50-64;150;148;298;SEC_137
2001;535;25-34;75;91;166;SEC_535
2002;608;25-34;66;93;159;SEC_608
2012;117;16-17;19;14;33;SEC_117
2012;517;16-17;10;13;23;SEC_517
1998;127;75 i +;30;13;43;SEC_127
2001;125;16-17;16;12;28;SEC_125
2014;124;12-15;11;10;21;SEC_124
2003;529;16-17;14;3;17;SEC_529
2015;421;18-24;29;55;84;SEC_421
2013;418;12-15;25;25;50;SEC_418
2006;204;65-74;32;29;61;SEC_204
2004;208;03-11;35;44;79;SEC_208
1999;101;16-17;15;16;31;SEC_101
1997;216;50-64;152;121;273;SEC_216
2003;613;35-49;82;88;170;SEC_613
1995;125;25-34;89;77;166;SEC_125
2002;236;50-64;98;84;182;SEC_236
2009;421;03-11;50;34;84;SEC_421
2003;322;03-11;41;37;78;SEC_322
1997;302;00-02;12;21;33;SEC_302
1994;315;03-11;73;79;152;SEC_315
2002;233;03-11;32;30;62;SEC_233
2002;225;16-17;6;5;11;SEC_225
2006;304;75 i +;105;44;149;SEC_304
1998;611;00-02;12;14;26;SEC_611
2009;613;65-74;102;119;221;SEC_613
2005;206;50-64;68;61;129;SEC_206
2003;401;25-34;87;97;184;SEC_401
1996;409;18-24;40;47;87;SEC_409
2003;116;18-24;71;68;139;SEC_116
1996;124;18-24;69;53;122;SEC_124
2012;308;18-24;64;68;132;SEC_308
2013;301;18-24;76;86;162;SEC_301
1997;610;75 i +;33;24;57;SEC_610
1994;226;35-49;100;109;209;SEC_226
1997;438;35-49;68;63;131;SEC_438
2001;221;00-02;13;10;23;SEC_221
1999;425;16-17;8;4;12;SEC_425
1997;516;00-02;5;10;15;SEC_516
2010;206;25-34;63;109;172;SEC_206
2013;138;00-02;7;13;20;SEC_138
2006;417;65-74;38;21;59;SEC_417
2014;325;25-34;93;93;186;SEC_325
1994;618;00-02;1;5;6;SEC_618
1996;130;12-15;13;12;25;SEC_130
2003;127;65-74;45;41;86;SEC_127
2012;232;65-74;56;44;100;SEC_232
1997;226;03-11;33;30;63;SEC_226
2008;305;00-02;30;18;48;SEC_305
1999;320;35-49;47;45;92;SEC_320
2011;617;35-49;109;122;231;SEC_617
1995;531;75 i +;41;23;64;SEC_531
2001;228;75 i +;40;19;59;SEC_228
2010;222;12-15;22;13;35;SEC_222
2012;132;65-74;105;108;213;SEC_132
1994;531;75 i +;38;21;59;SEC_531
2010;423;75 i +;72;51;123;SEC_423
2002;244;25-34;75;58;133;SEC_244
2003;315;00-02;18;23;41;SEC_315
1999;318;65-74;23;17;40;SEC_318
1998;618;12-15;7;15;22;SEC_618
2004;621;12-15;22;20;42;SEC_621
1995;611;25-34;152;188;340;SEC_611
2006;127;03-11;25;26;51;SEC_127
1995;442;65-74;40;32;72;SEC_442
2013;211;03-11;59;63;122;SEC_211
2012;315;25-34;146;175;321;SEC_315
2016;123;16-17;8;13;21;SEC_123
1997;419;50-64;80;69;149;SEC_419
1996;403;00-02;1;6;7;SEC_403
2010;412;65-74;107;91;198;SEC_412
2009;244;03-11;23;23;46;SEC_244
1996;136;35-49;145;141;286;SEC_136
2007;531;75 i +;42;29;71;SEC_531
1997;237;75 i +;67;34;101;SEC_237
2000;222;65-74;47;40;87;SEC_222
2004;231;35-49;126;116;242;SEC_231
2006;118;12-15;30;30;60;SEC_118
1998;409;12-15;12;10;22;SEC_409
2008;522;50-64;61;55;116;SEC_522
2006;516;12-15;11;19;30;SEC_516
2008;414;35-49;100;116;216;SEC_414
2004;420;00-02;24;27;51;SEC_420
2010;429;18-24;27;29;56;SEC_429
2010;318;50-64;100;106;206;SEC_318
1995;221;25-34;95;97;192;SEC_221
2012;417;00-02;12;15;27;SEC_417
2012;107;35-49;196;211;407;SEC_107
1998;303;35-49;109;108;217;SEC_303
2000;103;35-49;83;69;152;SEC_103
2011;603;12-15;16;11;27;SEC_603
1996;521;16-17;22;29;51;SEC_521
1996;127;65-74;38;30;68;SEC_127
2003;412;12-15;16;20;36;SEC_412
2006;129;75 i +;43;25;68;SEC_129
2003;243;65-74;107;87;194;SEC_243
1996;217;50-64;46;47;93;SEC_217
2016;425;25-34;84;81;165;SEC_425
2001;216;16-17;15;12;27;SEC_216
1996;315;12-15;41;40;81;SEC_315
2015;201;12-15;25;31;56;SEC_201
2005;405;18-24;37;29;66;SEC_405
2006;511;65-74;52;37;89;SEC_511
2000;309;00-02;8;9;17;SEC_309
2002;120;00-02;19;23;42;SEC_120
2009;245;00-02;10;17;27;SEC_245
1998;437;00-02;10;5;15;SEC_437
2003;518;16-17;10;10;20;SEC_518
2006;513;65-74;58;45;103;SEC_513
2012;505;00-02;18;16;34;SEC_505
2007;140;16-17;4;5;9;SEC_140
1999;437;65-74;50;42;92;SEC_437
2008;207;18-24;30;29;59;SEC_207
2005;408;16-17;8;12;20;SEC_408
1994;201;25-34;48;52;100;SEC_201
2009;113;25-34;153;155;308;SEC_113
2001;613;18-24;52;45;97;SEC_613
1997;217;00-02;6;6;12;SEC_217
1998;533;65-74;58;56;114;SEC_533
1998;501;25-34;86;100;186;SEC_501
2001;223;00-02;8;6;14;SEC_223
2010;304;12-15;50;37;87;SEC_304
2011;324;25-34;95;112;207;SEC_324
2007;423;18-24;44;44;88;SEC_423
2001;535;18-24;64;80;144;SEC_535
1996;305;18-24;67;68;135;SEC_305
2011;128;50-64;90;67;157;SEC_128
2007;129;00-02;17;13;30;SEC_129
2013;624;03-11;43;54;97;SEC_624
2005;119;18-24;67;53;120;SEC_119
2015;246;35-49;149;170;319;SEC_246
2015;406;75 i +;76;64;140;SEC_406
2015;114;18-24;48;35;83;SEC_114
2010;404;16-17;17;18;35;SEC_404
2012;137;35-49;187;174;361;SEC_137
1998;622;50-64;69;75;144;SEC_622
1996;127;75 i +;26;14;40;SEC_127
2003;119;50-64;189;173;362;SEC_119
2002;630;03-11;22;31;53;SEC_630
1999;601;12-15;25;18;43;SEC_601
1997;307;65-74;74;67;141;SEC_307
1998;301;25-34;188;200;388;SEC_301
1996;631;50-64;140;165;305;SEC_631
2003;319;03-11;46;62;108;SEC_319
2014;122;50-64;55;48;103;SEC_122
2008;409;18-24;25;33;58;SEC_409
1994;524;35-49;93;100;193;SEC_524
2011;612;35-49;107;138;245;SEC_612
2010;621;75 i +;45;23;68;SEC_621
2005;232;16-17;5;10;15;SEC_232
2002;516;12-15;13;11;24;SEC_516
1995;229;03-11;15;23;38;SEC_229
2011;623;75 i +;65;40;105;SEC_623
2007;244;50-64;52;42;94;SEC_244
2009;203;03-11;26;50;76;SEC_203
2015;608;75 i +;101;68;169;SEC_608
2002;138;18-24;44;55;99;SEC_138
2009;627;18-24;35;47;82;SEC_627
1998;619;00-02;6;21;27;SEC_619
2016;246;18-24;57;43;100;SEC_246
2007;323;50-64;362;361;723;SEC_323
2013;507;25-34;54;61;115;SEC_507
1994;434;18-24;27;23;50;SEC_434
2000;249;50-64;102;82;184;SEC_249
2004;203;00-02;15;20;35;SEC_203
2011;131;00-02;23;21;44;SEC_131
2005;216;75 i +;67;43;110;SEC_216
1995;228;16-17;5;9;14;SEC_228
2014;520;35-49;98;99;197;SEC_520
2007;140;12-15;6;20;26;SEC_140
2010;135;03-11;53;56;109;SEC_135
2016;406;65-74;75;66;141;SEC_406
2005;242;75 i +;67;54;121;SEC_242
2006;131;35-49;132;152;284;SEC_131
1999;613;25-34;150;163;313;SEC_613
2004;435;35-49;95;120;215;SEC_435
2014;313;35-49;230;215;445;SEC_313
2008;612;03-11;40;44;84;SEC_612
2016;627;25-34;41;59;100;SEC_627
2011;511;65-74;38;22;60;SEC_511
1997;442;75 i +;30;22;52;SEC_442
2003;230;18-24;39;34;73;SEC_230
1998;130;18-24;33;44;77;SEC_130
1997;220;35-49;66;62;128;SEC_220
2005;406;65-74;76;72;148;SEC_406
2000;211;16-17;11;6;17;SEC_211
2013;317;03-11;57;64;121;SEC_317
1994;111;18-24;78;93;171;SEC_111
2012;203;50-64;72;48;120;SEC_203
2000;203;03-11;19;17;36;SEC_203
2007;306;35-49;183;196;379;SEC_306
2011;215;16-17;13;9;22;SEC_215
2002;422;25-34;89;89;178;SEC_422
1994;242;16-17;9;15;24;SEC_242
2010;406;75 i +;76;53;129;SEC_406
2005;501;35-49;103;93;196;SEC_501
2001;117;25-34;181;172;353;SEC_117
2013;128;03-11;39;52;91;SEC_128
1998;132;16-17;22;40;62;SEC_132
1998;509;35-49;71;61;132;SEC_509
2010;114;12-15;35;25;60;SEC_114
1997;319;03-11;28;33;61;SEC_319
2015;402;50-64;67;74;141;SEC_402
2015;518;00-02;16;10;26;SEC_518
2010;223;18-24;58;52;110;SEC_223
2003;502;50-64;142;149;291;SEC_502
2013;425;00-02;11;17;28;SEC_425
1998;418;03-11;33;33;66;SEC_418
1995;219;75 i +;60;31;91;SEC_219
2002;322;35-49;104;98;202;SEC_322
1999;307;18-24;121;108;229;SEC_307
2012;423;00-02;9;22;31;SEC_423
2010;608;65-74;60;40;100;SEC_608
2010;232;35-49;123;127;250;SEC_232
2007;314;18-24;112;128;240;SEC_314
2015;312;50-64;160;157;317;SEC_312
1999;420;25-34;107;107;214;SEC_420
2007;211;35-49;184;248;432;SEC_211
2005;439;03-11;44;63;107;SEC_439
2002;106;50-64;199;232;431;SEC_106
2005;624;03-11;24;41;65;SEC_624
2015;422;65-74;50;30;80;SEC_422
1999;307;25-34;104;89;193;SEC_307
2002;303;18-24;50;56;106;SEC_303
2001;621;25-34;153;166;319;SEC_621
2013;412;75 i +;100;83;183;SEC_412
2006;510;50-64;93;84;177;SEC_510
1994;630;00-02;10;4;14;SEC_630
2006;223;35-49;146;152;298;SEC_223
2014;617;35-49;109;141;250;SEC_617
1997;211;16-17;8;10;18;SEC_211
2006;135;35-49;191;169;360;SEC_135
2011;418;03-11;58;48;106;SEC_418
2008;603;18-24;15;20;35;SEC_603
2011;604;65-74;49;33;82;SEC_604
1994;402;12-15;14;20;34;SEC_402
1994;616;35-49;188;190;378;SEC_616
2010;105;18-24;43;58;101;SEC_105
1999;309;50-64;64;61;125;SEC_309
1995;117;50-64;135;151;286;SEC_117
2007;230;12-15;15;22;37;SEC_230
2014;138;00-02;10;16;26;SEC_138
2007;230;00-02;17;15;32;SEC_230
2015;238;03-11;40;50;90;SEC_238
1994;434;65-74;74;48;122;SEC_434
1994;138;25-34;64;55;119;SEC_138
1994;324;65-74;56;39;95;SEC_324
1999;304;03-11;37;43;80;SEC_304
1997;611;03-11;61;60;121;SEC_611
2001;310;50-64;71;85;156;SEC_310
2001;316;35-49;380;309;689;SEC_316
2005;239;03-11;39;34;73;SEC_239
2011;116;75 i +;77;56;133;SEC_116
2011;523;16-17;11;13;24;SEC_523
2000;518;16-17;4;11;15;SEC_518
2002;625;18-24;110;115;225;SEC_625
2014;327;18-24;38;35;73;SEC_327
1994;111;35-49;118;106;224;SEC_111
1998;421;65-74;74;78;152;SEC_421
2004;612;25-34;98;122;220;SEC_612
2015;627;16-17;11;3;14;SEC_627
2001;504;16-17;10;12;22;SEC_504
2011;626;50-64;81;80;161;SEC_626
2000;439;12-15;7;19;26;SEC_439
2007;515;16-17;9;8;17;SEC_515
2008;231;65-74;57;36;93;SEC_231
2001;113;75 i +;43;26;69;SEC_113
2004;235;50-64;107;96;203;SEC_235
1996;609;12-15;15;22;37;SEC_609
2001;119;12-15;24;20;44;SEC_119
1995;313;18-24;104;117;221;SEC_313
1998;140;35-49;80;68;148;SEC_140
1998;621;18-24;164;193;357;SEC_621
2013;208;50-64;180;151;331;SEC_208
2000;407;65-74;80;74;154;SEC_407
2014;504;00-02;15;6;21;SEC_504
1995;324;12-15;19;14;33;SEC_324
2005;619;12-15;18;22;40;SEC_619
2011;201;00-02;16;22;38;SEC_201
1998;320;18-24;37;49;86;SEC_320
2016;224;75 i +;70;28;98;SEC_224
1995;441;03-11;130;118;248;SEC_441
2010;202;65-74;32;34;66;SEC_202
2016;614;65-74;92;65;157;SEC_614
2012;530;12-15;20;29;49;SEC_530
1999;110;75 i +;53;27;80;SEC_110
2011;514;03-11;30;36;66;SEC_514
2016;626;65-74;74;56;130;SEC_626
1994;308;35-49;167;157;324;SEC_308
2012;126;18-24;26;24;50;SEC_126
2004;314;12-15;36;67;103;SEC_314
2008;622;75 i +;39;10;49;SEC_622
1997;517;65-74;58;49;107;SEC_517
2010;429;03-11;20;16;36;SEC_429
1995;423;16-17;8;13;21;SEC_423
2009;613;18-24;37;34;71;SEC_613
2004;224;25-34;66;70;136;SEC_224
1997;232;65-74;76;64;140;SEC_232
2009;306;75 i +;102;70;172;SEC_306
2012;229;12-15;19;10;29;SEC_229
2008;421;35-49;143;166;309;SEC_421
2016;110;00-02;8;17;25;SEC_110
2014;138;12-15;11;10;21;SEC_138
2014;433;12-15;30;32;62;SEC_433
2003;114;12-15;23;15;38;SEC_114
2002;627;12-15;14;27;41;SEC_627
2000;244;50-64;51;46;97;SEC_244
2015;113;65-74;80;94;174;SEC_113
1998;532;65-74;84;75;159;SEC_532
2006;613;35-49;107;125;232;SEC_613
2000;211;00-02;6;22;28;SEC_211
2014;431;35-49;195;246;441;SEC_431
1999;303;35-49;101;106;207;SEC_303
1996;603;65-74;24;24;48;SEC_603
2003;609;50-64;125;108;233;SEC_609
2011;317;12-15;28;28;56;SEC_317
2006;140;25-34;88;115;203;SEC_140
2008;306;50-64;162;131;293;SEC_306
2006;214;03-11;29;19;48;SEC_214
2006;613;03-11;41;36;77;SEC_613
1994;414;25-34;69;75;144;SEC_414
2011;108;00-02;14;18;32;SEC_108
2013;112;03-11;66;62;128;SEC_112
2001;604;12-15;12;17;29;SEC_604
2015;224;16-17;7;8;15;SEC_224
2010;618;50-64;61;36;97;SEC_618
1997;415;00-02;7;10;17;SEC_415
2012;505;16-17;4;4;8;SEC_505
2000;603;75 i +;13;15;28;SEC_603
2014;221;35-49;255;274;529;SEC_221
2006;318;00-02;12;11;23;SEC_318
2016;204;03-11;54;68;122;SEC_204
1998;518;00-02;5;9;14;SEC_518
2015;537;18-24;63;44;107;SEC_537
2001;242;50-64;102;93;195;SEC_242
2008;532;00-02;21;22;43;SEC_532
1996;210;65-74;86;66;152;SEC_210
1998;609;18-24;82;70;152;SEC_609
2015;247;16-17;9;8;17;SEC_247
2003;309;12-15;18;18;36;SEC_309
2016;520;65-74;46;41;87;SEC_520
2011;125;12-15;20;32;52;SEC_125
1997;411;75 i +;45;21;66;SEC_411
2010;611;65-74;140;131;271;SEC_611
2010;602;25-34;35;44;79;SEC_602
2009;418;18-24;48;63;111;SEC_418
2012;238;12-15;11;18;29;SEC_238
2011;427;00-02;22;23;45;SEC_427
2013;228;25-34;159;199;358;SEC_228
1999;403;18-24;52;62;114;SEC_403
2009;205;75 i +;80;48;128;SEC_205
1995;620;75 i +;16;1;17;SEC_620
2004;106;50-64;221;237;458;SEC_106
2006;632;00-02;18;14;32;SEC_632
2007;119;03-11;29;40;69;SEC_119
2014;103;16-17;10;6;16;SEC_103
2003;423;25-34;76;101;177;SEC_423
2010;602;35-49;82;80;162;SEC_602
2004;439;25-34;107;161;268;SEC_439
2009;325;12-15;28;26;54;SEC_325
1995;237;75 i +;63;31;94;SEC_237
2016;210;18-24;30;28;58;SEC_210
2014;213;25-34;78;81;159;SEC_213
1997;233;00-02;4;5;9;SEC_233
2014;436;16-17;12;16;28;SEC_436
2004;603;25-34;59;71;130;SEC_603
1999;441;65-74;110;82;192;SEC_441
1997;134;16-17;15;15;30;SEC_134
2002;524;12-15;14;22;36;SEC_524
2008;207;50-64;68;57;125;SEC_207
2008;316;18-24;140;141;281;SEC_316
2004;438;75 i +;30;15;45;SEC_438
2016;123;25-34;86;72;158;SEC_123
2008;516;03-11;24;39;63;SEC_516
2003;617;75 i +;27;23;50;SEC_617
2003;519;00-02;10;8;18;SEC_519
2003;111;65-74;56;45;101;SEC_111
2015;609;12-15;10;12;22;SEC_609
2013;319;03-11;91;111;202;SEC_319
1997;431;35-49;123;121;244;SEC_431
1995;616;35-49;174;180;354;SEC_616
1994;628;25-34;76;78;154;SEC_628
2000;322;18-24;67;62;129;SEC_322
2003;240;35-49;76;72;148;SEC_240
1994;442;50-64;58;62;120;SEC_442
2002;413;18-24;27;18;45;SEC_413
1998;247;35-49;99;109;208;SEC_247
1999;629;50-64;68;55;123;SEC_629
2004;230;65-74;44;44;88;SEC_230
1999;230;00-02;10;12;22;SEC_230
2010;513;50-64;58;50;108;SEC_513
1998;604;65-74;30;27;57;SEC_604
2005;248;03-11;50;41;91;SEC_248
1997;107;03-11;57;70;127;SEC_107
1999;317;65-74;56;39;95;SEC_317
2007;211;12-15;21;29;50;SEC_211
2012;512;65-74;55;41;96;SEC_512
2000;231;16-17;8;8;16;SEC_231
1997;429;50-64;62;51;113;SEC_429
1999;117;12-15;61;56;117;SEC_117
2006;605;35-49;60;56;116;SEC_605
2014;238;35-49;120;133;253;SEC_238
2004;105;18-24;57;67;124;SEC_105
2000;311;65-74;86;74;160;SEC_311
2001;109;75 i +;48;29;77;SEC_109
2014;121;25-34;57;42;99;SEC_121
1994;506;00-02;23;35;58;SEC_506
2010;603;00-02;22;12;34;SEC_603
2010;216;25-34;113;111;224;SEC_216
1997;605;75 i +;20;14;34;SEC_605
2000;604;50-64;86;62;148;SEC_604
1996;307;50-64;147;137;284;SEC_307
2006;247;65-74;63;63;126;SEC_247
1996;309;35-49;87;74;161;SEC_309
2001;516;12-15;9;13;22;SEC_516
1994;631;00-02;9;11;20;SEC_631
2002;510;00-02;9;13;22;SEC_510
1994;408;65-74;45;36;81;SEC_408
2008;317;18-24;43;43;86;SEC_317
2013;528;35-49;166;148;314;SEC_528
1998;512;18-24;39;53;92;SEC_512
2001;520;16-17;10;9;19;SEC_520
2010;208;75 i +;223;120;343;SEC_208
2002;525;03-11;19;20;39;SEC_525
2002;203;18-24;35;34;69;SEC_203
2015;323;75 i +;61;27;88;SEC_323
2004;625;03-11;36;44;80;SEC_625
2014;104;35-49;105;120;225;SEC_104
2004;534;18-24;50;42;92;SEC_534
1999;617;35-49;98;100;198;SEC_617
2015;211;03-11;47;61;108;SEC_211
2005;535;03-11;25;40;65;SEC_535
2008;308;00-02;30;30;60;SEC_308
2008;121;75 i +;80;42;122;SEC_121
2005;504;03-11;21;31;52;SEC_504
1994;140;35-49;94;89;183;SEC_140
2006;534;12-15;14;14;28;SEC_534
1996;324;00-02;11;10;21;SEC_324
1997;301;25-34;158;159;317;SEC_301
1996;242;03-11;32;27;59;SEC_242
2006;241;25-34;73;74;147;SEC_241
1997;417;25-34;53;48;101;SEC_417
1998;324;35-49;78;82;160;SEC_324
2000;323;16-17;52;53;105;SEC_323
2012;138;12-15;19;11;30;SEC_138
2012;227;00-02;8;17;25;SEC_227
1998;215;03-11;24;19;43;SEC_215
2007;520;16-17;7;12;19;SEC_520
1994;424;35-49;64;56;120;SEC_424
2009;237;25-34;132;154;286;SEC_237
2005;622;16-17;7;4;11;SEC_622
1995;621;12-15;58;72;130;SEC_621
1996;524;03-11;46;46;92;SEC_524
2005;419;35-49;83;131;214;SEC_419
1999;207;16-17;7;8;15;SEC_207
2000;632;65-74;47;42;89;SEC_632
2004;309;25-34;78;107;185;SEC_309
2012;226;12-15;19;15;34;SEC_226
2001;630;12-15;18;12;30;SEC_630
2006;514;03-11;37;36;73;SEC_514
2014;226;25-34;126;127;253;SEC_226
2005;613;16-17;8;7;15;SEC_613
2006;404;75 i +;67;37;104;SEC_404
2002;618;25-34;56;65;121;SEC_618
1998;503;03-11;42;48;90;SEC_503
2013;616;50-64;223;197;420;SEC_616
2012;425;18-24;37;46;83;SEC_425
2014;506;25-34;88;101;189;SEC_506
1996;430;03-11;24;33;57;SEC_430
2005;216;12-15;16;16;32;SEC_216
2016;135;03-11;46;56;102;SEC_135
2009;246;16-17;11;4;15;SEC_246
2002;134;00-02;12;11;23;SEC_134
1995;442;50-64;59;65;124;SEC_442
1996;435;00-02;7;9;16;SEC_435
2016;104;00-02;11;12;23;SEC_104
2011;307;50-64;199;153;352;SEC_307
2015;532;35-49;179;200;379;SEC_532
2012;538;18-24;42;39;81;SEC_538
2010;308;16-17;18;20;38;SEC_308
1994;228;00-02;8;6;14;SEC_228
1996;503;03-11;54;46;100;SEC_503
2009;243;12-15;24;24;48;SEC_243
2012;420;35-49;178;189;367;SEC_420
2006;232;00-02;14;9;23;SEC_232
1994;242;18-24;52;54;106;SEC_242
2003;436;50-64;61;58;119;SEC_436
2015;212;03-11;72;66;138;SEC_212
1997;223;65-74;73;61;134;SEC_223
1997;206;25-34;63;70;133;SEC_206
2001;616;25-34;237;275;512;SEC_616
1999;229;12-15;7;12;19;SEC_229
2014;403;50-64;107;94;201;SEC_403
2011;111;25-34;50;60;110;SEC_111
2000;534;16-17;4;7;11;SEC_534
2012;527;18-24;41;38;79;SEC_527
2005;130;03-11;45;38;83;SEC_130
2009;613;16-17;8;15;23;SEC_613
2004;301;03-11;84;101;185;SEC_301
1994;509;16-17;14;14;28;SEC_509
1995;428;50-64;57;45;102;SEC_428
2011;309;50-64;97;70;167;SEC_309
2005;314;35-49;312;286;598;SEC_314
2008;216;12-15;33;22;55;SEC_216
2004;218;75 i +;36;21;57;SEC_218
2003;318;35-49;123;114;237;SEC_318
2012;440;75 i +;71;49;120;SEC_440
2015;106;25-34;113;114;227;SEC_106
1996;248;25-34;98;101;199;SEC_248
2002;618;16-17;5;6;11;SEC_618
1994;401;50-64;137;130;267;SEC_401
2009;614;75 i +;49;32;81;SEC_614
1999;131;03-11;58;52;110;SEC_131
2004;621;25-34;135;157;292;SEC_621
2007;138;35-49;83;75;158;SEC_138
2007;429;00-02;9;5;14;SEC_429
1996;210;35-49;84;84;168;SEC_210
1995;124;25-34;60;58;118;SEC_124
1995;235;25-34;131;121;252;SEC_235
2015;440;16-17;9;5;14;SEC_440
2003;519;50-64;44;37;81;SEC_519
1998;442;12-15;9;12;21;SEC_442
2013;314;50-64;283;258;541;SEC_314
2001;421;25-34;121;119;240;SEC_421
2014;625;50-64;190;150;340;SEC_625
1995;628;35-49;144;107;251;SEC_628
1998;108;35-49;143;125;268;SEC_108
2003;106;65-74;60;38;98;SEC_106
1994;410;65-74;90;95;185;SEC_410
2007;113;18-24;91;84;175;SEC_113
1999;531;35-49;78;76;154;SEC_531
1995;312;75 i +;22;10;32;SEC_312
2016;220;35-49;236;215;451;SEC_220
2004;425;12-15;13;20;33;SEC_425
2000;404;03-11;52;42;94;SEC_404
2012;223;65-74;66;48;114;SEC_223
1998;240;12-15;9;13;22;SEC_240
2002;133;50-64;85;78;163;SEC_133
2012;631;16-17;8;5;13;SEC_631
2000;127;50-64;53;53;106;SEC_127
2000;311;50-64;137;110;247;SEC_311
2005;427;12-15;12;18;30;SEC_427
2010;224;75 i +;40;21;61;SEC_224
2006;521;00-02;5;12;17;SEC_521
2014;533;03-11;82;100;182;SEC_533
2003;243;75 i +;84;56;140;SEC_243
2011;510;12-15;14;18;32;SEC_510
2006;129;25-34;124;129;253;SEC_129
2014;111;16-17;1;10;11;SEC_111
2015;228;18-24;86;89;175;SEC_228
2008;409;12-15;10;15;25;SEC_409
2001;503;16-17;10;8;18;SEC_503
2012;501;65-74;73;85;158;SEC_501
2014;306;16-17;21;16;37;SEC_306
2013;205;18-24;36;47;83;SEC_205
2008;501;16-17;9;10;19;SEC_501
2004;241;65-74;52;40;92;SEC_241
1995;227;03-11;14;12;26;SEC_227
2000;219;16-17;5;13;18;SEC_219
2015;616;50-64;235;207;442;SEC_616
2009;138;00-02;9;11;20;SEC_138
1995;211;35-49;77;91;168;SEC_211
2001;108;65-74;86;70;156;SEC_108
2008;236;50-64;89;72;161;SEC_236
2006;224;12-15;12;11;23;SEC_224
1995;532;16-17;15;22;37;SEC_532
2010;602;16-17;5;5;10;SEC_602
1998;210;03-11;27;23;50;SEC_210
2014;126;00-02;13;13;26;SEC_126
2002;315;16-17;14;18;32;SEC_315
2004;524;25-34;156;168;324;SEC_524
1996;432;25-34;79;83;162;SEC_432
2011;242;75 i +;91;59;150;SEC_242
1994;128;03-11;46;41;87;SEC_128
1999;128;18-24;65;70;135;SEC_128
2016;505;12-15;16;15;31;SEC_505
2013;125;03-11;85;81;166;SEC_125
2008;406;18-24;78;54;132;SEC_406
2005;238;18-24;29;41;70;SEC_238
2003;404;12-15;24;23;47;SEC_404
1994;416;18-24;37;54;91;SEC_416
2015;231;25-34;104;85;189;SEC_231
2009;613;75 i +;69;40;109;SEC_613
2016;312;16-17;6;12;18;SEC_312
2000;527;12-15;22;18;40;SEC_527
1994;406;00-02;23;17;40;SEC_406
2013;212;65-74;67;54;121;SEC_212
1996;430;18-24;50;44;94;SEC_430
2001;246;00-02;7;18;25;SEC_246
1995;138;50-64;77;71;148;SEC_138
2016;623;50-64;114;114;228;SEC_623
1994;502;12-15;50;33;83;SEC_502
2000;117;65-74;70;57;127;SEC_117
1999;415;75 i +;43;28;71;SEC_415
1996;442;12-15;11;11;22;SEC_442
2010;412;25-34;119;157;276;SEC_412
2005;602;12-15;7;8;15;SEC_602
2007;321;18-24;94;92;186;SEC_321
1999;607;00-02;6;12;18;SEC_607
2010;228;25-34;72;75;147;SEC_228
2007;518;75 i +;56;37;93;SEC_518
1995;220;50-64;90;80;170;SEC_220
1997;610;18-24;104;118;222;SEC_610
2002;237;25-34;112;145;257;SEC_237
2001;325;35-49;202;186;388;SEC_325
2015;233;50-64;71;71;142;SEC_233
1998;111;00-02;3;12;15;SEC_111
2003;243;16-17;8;11;19;SEC_243
1998;509;65-74;36;31;67;SEC_509
2003;621;65-74;53;45;98;SEC_621
2006;320;12-15;13;11;24;SEC_320
2008;132;16-17;22;28;50;SEC_132
2010;320;12-15;14;13;27;SEC_320
1998;248;16-17;6;16;22;SEC_248
2005;536;50-64;81;63;144;SEC_536
2004;127;75 i +;31;23;54;SEC_127
2008;532;18-24;64;56;120;SEC_532
2013;315;35-49;249;257;506;SEC_315
2009;325;50-64;203;168;371;SEC_325
2005;104;50-64;67;57;124;SEC_104
2004;517;50-64;91;77;168;SEC_517
1995;402;18-24;56;53;109;SEC_402
2004;428;35-49;74;83;157;SEC_428
1997;604;16-17;5;17;22;SEC_604
2015;627;03-11;25;34;59;SEC_627
2010;601;65-74;109;94;203;SEC_601
2009;519;18-24;27;31;58;SEC_519
2013;111;50-64;84;68;152;SEC_111
2006;203;50-64;60;57;117;SEC_203
1998;604;03-11;25;34;59;SEC_604
2008;523;16-17;11;17;28;SEC_523
2015;105;25-34;67;73;140;SEC_105
2002;623;50-64;219;193;412;SEC_623
2016;224;65-74;52;42;94;SEC_224
2005;536;16-17;8;7;15;SEC_536
2002;527;35-49;122;128;250;SEC_527
2013;623;50-64;140;111;251;SEC_623
2013;325;65-74;125;112;237;SEC_325
2010;214;12-15;15;12;27;SEC_214
1994;614;50-64;119;128;247;SEC_614
2016;236;00-02;9;11;20;SEC_236
1999;613;65-74;66;54;120;SEC_613
2014;127;18-24;20;29;49;SEC_127
2010;440;18-24;26;30;56;SEC_440
2008;121;18-24;18;25;43;SEC_121
2004;527;18-24;58;58;116;SEC_527
2005;311;65-74;81;62;143;SEC_311
1995;211;03-11;33;40;73;SEC_211
2016;217;25-34;118;104;222;SEC_217
2002;625;35-49;166;146;312;SEC_625
2013;106;50-64;258;204;462;SEC_106
2011;431;25-34;147;180;327;SEC_431
2008;629;25-34;37;57;94;SEC_629
2011;610;12-15;15;27;42;SEC_610
2004;304;65-74;78;62;140;SEC_304
1995;517;16-17;12;18;30;SEC_517
2003;503;18-24;49;52;101;SEC_503
2002;315;00-02;15;22;37;SEC_315
1998;132;65-74;70;66;136;SEC_132
2002;429;18-24;28;39;67;SEC_429
2012;628;12-15;15;20;35;SEC_628
2008;223;35-49;145;168;313;SEC_223
2001;625;75 i +;15;9;24;SEC_625
2003;222;16-17;8;13;21;SEC_222
2012;106;25-34;138;155;293;SEC_106
2005;134;00-02;21;15;36;SEC_134
2008;426;65-74;42;34;76;SEC_426
2004;214;35-49;77;97;174;SEC_214
2012;239;03-11;44;48;92;SEC_239
2003;310;12-15;14;18;32;SEC_310
2004;611;00-02;30;24;54;SEC_611
2010;236;75 i +;90;60;150;SEC_236
2010;102;35-49;173;183;356;SEC_102
2011;612;65-74;117;90;207;SEC_612
2016;412;25-34;105;106;211;SEC_412
2011;316;75 i +;83;31;114;SEC_316
1998;216;03-11;24;33;57;SEC_216
2008;207;00-02;16;6;22;SEC_207
2003;624;16-17;6;11;17;SEC_624
2007;427;16-17;6;12;18;SEC_427
2014;103;75 i +;51;32;83;SEC_103
2001;223;16-17;5;11;16;SEC_223
2012;132;18-24;76;77;153;SEC_132
2015;135;18-24;53;44;97;SEC_135
1998;430;50-64;88;91;179;SEC_430
2006;625;18-24;69;82;151;SEC_625
1998;521;35-49;136;91;227;SEC_521
2016;422;03-11;60;50;110;SEC_422
1998;225;18-24;21;32;53;SEC_225
1995;140;75 i +;34;20;54;SEC_140
2009;321;03-11;95;92;187;SEC_321
2012;125;25-34;100;130;230;SEC_125
2002;620;75 i +;12;4;16;SEC_620
2011;432;12-15;19;26;45;SEC_432
1994;120;35-49;218;235;453;SEC_120
2008;111;03-11;20;37;57;SEC_111
2003;418;00-02;9;13;22;SEC_418
2011;315;03-11;74;79;153;SEC_315
2004;244;65-74;39;24;63;SEC_244
1996;510;12-15;20;25;45;SEC_510
2013;433;18-24;79;74;153;SEC_433
2009;223;65-74;64;48;112;SEC_223
2004;604;25-34;50;75;125;SEC_604
2008;325;65-74;95;78;173;SEC_325
2003;236;18-24;51;47;98;SEC_236
1997;231;12-15;10;9;19;SEC_231
1997;536;35-49;65;69;134;SEC_536
1999;213;25-34;68;78;146;SEC_213
1996;113;25-34;76;73;149;SEC_113
1995;609;00-02;8;11;19;SEC_609
1998;507;16-17;10;11;21;SEC_507
2016;248;16-17;4;8;12;SEC_248
2004;424;65-74;39;34;73;SEC_424
1999;321;16-17;34;34;68;SEC_321
1996;404;35-49;104;114;218;SEC_404
1999;127;75 i +;32;13;45;SEC_127
2006;621;00-02;17;21;38;SEC_621
1997;616;50-64;133;135;268;SEC_616
2010;210;00-02;8;7;15;SEC_210
2002;631;03-11;33;37;70;SEC_631
1998;214;18-24;37;31;68;SEC_214
2010;109;03-11;45;37;82;SEC_109
1996;244;18-24;33;25;58;SEC_244
2003;415;35-49;80;86;166;SEC_415
1999;518;75 i +;55;21;76;SEC_518
2011;237;16-17;15;10;25;SEC_237
2003;607;18-24;39;44;83;SEC_607
2007;435;12-15;9;15;24;SEC_435
2003;505;25-34;127;149;276;SEC_505
2005;605;25-34;51;62;113;SEC_605
1996;112;35-49;188;182;370;SEC_112
2006;424;00-02;12;7;19;SEC_424
2003;621;03-11;51;52;103;SEC_621
2002;402;12-15;10;11;21;SEC_402
1999;238;16-17;7;5;12;SEC_238
2016;436;75 i +;66;43;109;SEC_436
2007;407;12-15;11;11;22;SEC_407
2016;526;50-64;140;132;272;SEC_526
2012;309;12-15;12;21;33;SEC_309
2011;122;65-74;75;58;133;SEC_122
2002;408;75 i +;37;24;61;SEC_408
1996;126;65-74;60;38;98;SEC_126
2001;629;25-34;40;57;97;SEC_629
2006;311;65-74;80;66;146;SEC_311
2016;407;25-34;68;80;148;SEC_407
2011;236;18-24;41;51;92;SEC_236
2015;607;35-49;109;126;235;SEC_607
2005;235;25-34;179;176;355;SEC_235
2006;435;25-34;113;131;244;SEC_435
2013;316;35-49;147;134;281;SEC_316
2014;208;75 i +;222;119;341;SEC_208
2012;233;25-34;116;107;223;SEC_233
2000;417;18-24;29;34;63;SEC_417
2003;610;35-49;101;86;187;SEC_610
2010;315;00-02;33;31;64;SEC_315
1998;627;18-24;103;106;209;SEC_627
1994;223;03-11;33;44;77;SEC_223
2007;212;12-15;20;35;55;SEC_212
2007;511;12-15;13;17;30;SEC_511
2000;301;35-49;178;199;377;SEC_301
1996;415;00-02;10;13;23;SEC_415
1996;132;35-49;259;229;488;SEC_132
1995;129;75 i +;35;15;50;SEC_129
1997;428;65-74;37;36;73;SEC_428
1998;626;25-34;92;120;212;SEC_626
2001;523;12-15;10;21;31;SEC_523
1994;611;65-74;75;50;125;SEC_611
2001;417;50-64;60;49;109;SEC_417
1994;414;18-24;59;59;118;SEC_414
1999;322;03-11;36;46;82;SEC_322
2013;435;12-15;17;20;37;SEC_435
2000;513;16-17;8;4;12;SEC_513
2005;102;25-34;132;136;268;SEC_102
2013;433;50-64;133;148;281;SEC_433
2000;518;00-02;10;8;18;SEC_518
2006;120;65-74;48;51;99;SEC_120
2001;249;12-15;15;17;32;SEC_249
1997;139;65-74;30;26;56;SEC_139
2008;519;16-17;3;12;15;SEC_519
2010;229;50-64;65;55;120;SEC_229
2002;308;75 i +;75;41;116;SEC_308
2013;523;03-11;43;49;92;SEC_523
2011;601;16-17;15;14;29;SEC_601
2009;430;75 i +;60;31;91;SEC_430
2010;413;35-49;79;93;172;SEC_413
2003;504;65-74;89;83;172;SEC_504
2014;124;75 i +;48;40;88;SEC_124
1999;108;25-34;113;103;216;SEC_108
2000;417;65-74;41;38;79;SEC_417
2016;233;50-64;86;72;158;SEC_233
1996;417;75 i +;17;14;31;SEC_417
2003;312;03-11;46;63;109;SEC_312
2000;609;65-74;35;38;73;SEC_609
2000;410;18-24;96;104;200;SEC_410
2002;105;65-74;50;36;86;SEC_105
2015;411;75 i +;95;77;172;SEC_411
1999;624;16-17;17;16;33;SEC_624
2012;503;03-11;19;21;40;SEC_503
2011;420;00-02;36;23;59;SEC_420
1994;225;16-17;4;7;11;SEC_225
2013;139;16-17;5;14;19;SEC_139
2006;117;12-15;37;31;68;SEC_117
1995;408;00-02;5;5;10;SEC_408
2007;240;18-24;25;21;46;SEC_240
1994;621;03-11;70;91;161;SEC_621
2008;230;12-15;14;26;40;SEC_230
2013;303;00-02;23;13;36;SEC_303
1994;203;50-64;81;80;161;SEC_203
2005;625;25-34;111;102;213;SEC_625
2005;301;12-15;38;52;90;SEC_301
2008;213;18-24;61;60;121;SEC_213
2015;414;75 i +;95;65;160;SEC_414
1994;610;50-64;156;206;362;SEC_610
2014;612;25-34;47;41;88;SEC_612
1995;224;18-24;28;31;59;SEC_224
2012;527;50-64;80;82;162;SEC_527
1994;423;00-02;9;7;16;SEC_423
2002;319;65-74;42;27;69;SEC_319
2007;121;35-49;102;113;215;SEC_121
1994;240;03-11;23;27;50;SEC_240
2009;435;65-74;49;34;83;SEC_435
1994;129;75 i +;34;16;50;SEC_129
2006;529;65-74;85;65;150;SEC_529
2015;242;03-11;43;53;96;SEC_242
1999;134;50-64;110;108;218;SEC_134
2003;627;18-24;65;70;135;SEC_627
2006;433;50-64;71;72;143;SEC_433
1999;121;16-17;4;3;7;SEC_121
1998;535;16-17;16;13;29;SEC_535
2015;504;03-11;29;43;72;SEC_504
1997;505;03-11;44;34;78;SEC_505
2007;611;03-11;66;77;143;SEC_611
1999;409;35-49;63;61;124;SEC_409
2005;311;18-24;50;50;100;SEC_311
1996;628;35-49;134;97;231;SEC_628
1998;219;35-49;107;100;207;SEC_219
2007;423;65-74;60;67;127;SEC_423
1995;518;50-64;145;135;280;SEC_518
2013;613;16-17;8;7;15;SEC_613
2015;226;75 i +;121;75;196;SEC_226
1995;140;50-64;132;120;252;SEC_140
2003;224;50-64;35;43;78;SEC_224
2002;527;65-74;65;43;108;SEC_527
2002;524;16-17;10;11;21;SEC_524
2009;535;03-11;23;33;56;SEC_535
2016;130;65-74;43;31;74;SEC_130
2016;435;03-11;57;73;130;SEC_435
1999;112;25-34;121;109;230;SEC_112
2015;608;16-17;10;5;15;SEC_608
1997;438;12-15;20;12;32;SEC_438
2006;134;16-17;13;8;21;SEC_134
2011;136;25-34;111;95;206;SEC_136
2006;309;16-17;7;5;12;SEC_309
2016;533;25-34;155;122;277;SEC_533
2004;208;12-15;22;22;44;SEC_208
2007;211;03-11;51;57;108;SEC_211
2003;214;16-17;6;7;13;SEC_214
2010;505;65-74;116;138;254;SEC_505
1997;242;18-24;38;47;85;SEC_242
1999;302;18-24;121;127;248;SEC_302
1998;240;50-64;64;66;130;SEC_240
2004;511;18-24;26;36;62;SEC_511
1997;427;35-49;59;63;122;SEC_427
2016;531;65-74;47;28;75;SEC_531
2000;434;18-24;27;24;51;SEC_434
2006;117;35-49;224;220;444;SEC_117
2000;305;16-17;13;20;33;SEC_305
2001;433;35-49;105;96;201;SEC_433
1994;235;12-15;19;29;48;SEC_235
2010;622;75 i +;30;16;46;SEC_622
2003;113;65-74;55;30;85;SEC_113
1998;313;18-24;128;117;245;SEC_313
2006;209;35-49;120;121;241;SEC_209
1994;211;65-74;110;85;195;SEC_211
2016;431;16-17;20;16;36;SEC_431
2013;129;16-17;11;8;19;SEC_129
2000;211;75 i +;77;49;126;SEC_211
2010;316;65-74;72;74;146;SEC_316
2001;313;50-64;161;165;326;SEC_313
2000;137;03-11;55;44;99;SEC_137
1999;304;18-24;46;60;106;SEC_304
2004;529;50-64;101;84;185;SEC_529
2010;516;35-49;113;101;214;SEC_516
2015;303;75 i +;145;117;262;SEC_303
1994;114;03-11;70;62;132;SEC_114
2001;612;03-11;33;33;66;SEC_612
2006;605;65-74;64;67;131;SEC_605
2000;218;25-34;59;61;120;SEC_218
2011;442;03-11;30;24;54;SEC_442
2016;238;50-64;67;65;132;SEC_238
1995;304;18-24;58;71;129;SEC_304
2008;511;18-24;25;26;51;SEC_511
2010;514;50-64;49;54;103;SEC_514
2004;427;35-49;88;107;195;SEC_427
1997;510;65-74;63;42;105;SEC_510
2010;217;00-02;12;14;26;SEC_217
1996;509;12-15;18;14;32;SEC_509
2012;246;65-74;38;37;75;SEC_246
2002;501;50-64;164;179;343;SEC_501
2013;420;25-34;150;153;303;SEC_420
2011;431;65-74;70;45;115;SEC_431
2002;401;00-02;13;11;24;SEC_401
2001;316;16-17;54;57;111;SEC_316
2011;619;00-02;14;16;30;SEC_619
2003;537;35-49;127;128;255;SEC_537
2005;207;35-49;74;72;146;SEC_207
2016;619;12-15;19;18;37;SEC_619
1999;118;35-49;245;202;447;SEC_118
2000;516;65-74;49;37;86;SEC_516
1995;606;16-17;11;19;30;SEC_606
2010;402;25-34;88;74;162;SEC_402
1994;208;00-02;12;11;23;SEC_208
2011;418;16-17;16;17;33;SEC_418
2011;312;50-64;149;145;294;SEC_312
2008;114;75 i +;72;44;116;SEC_114
2013;101;18-24;38;52;90;SEC_101
2013;532;50-64;103;74;177;SEC_532
1998;614;35-49;86;75;161;SEC_614
1996;630;35-49;135;121;256;SEC_630
2000;629;00-02;9;7;16;SEC_629
2002;412;03-11;43;44;87;SEC_412
2008;516;25-34;71;81;152;SEC_516
1996;535;03-11;51;48;99;SEC_535
1994;429;75 i +;28;16;44;SEC_429
1997;322;65-74;65;53;118;SEC_322
2000;125;03-11;37;40;77;SEC_125
2005;513;16-17;8;5;13;SEC_513
2011;503;35-49;83;60;143;SEC_503
2012;423;03-11;49;44;93;SEC_423
2014;239;75 i +;94;53;147;SEC_239
2011;109;18-24;43;34;77;SEC_109
2000;411;75 i +;50;34;84;SEC_411
2002;504;12-15;11;16;27;SEC_504
2010;130;25-34;64;57;121;SEC_130
1995;427;18-24;51;48;99;SEC_427
2005;511;25-34;63;69;132;SEC_511
1996;202;12-15;11;11;22;SEC_202
2007;317;16-17;8;9;17;SEC_317
1995;243;75 i +;77;38;115;SEC_243
2010;436;03-11;43;60;103;SEC_436
2005;534;35-49;118;103;221;SEC_534
1998;416;12-15;9;10;19;SEC_416
2009;604;25-34;53;78;131;SEC_604
2009;610;50-64;136;79;215;SEC_610
2001;423;75 i +;49;26;75;SEC_423
1997;537;35-49;113;103;216;SEC_537
2001;527;50-64;74;72;146;SEC_527
1996;612;12-15;24;25;49;SEC_612
2015;531;65-74;47;27;74;SEC_531
1996;619;35-49;172;149;321;SEC_619
1999;627;75 i +;21;12;33;SEC_627
1996;228;50-64;79;70;149;SEC_228
2006;424;25-34;61;71;132;SEC_424
2012;402;75 i +;60;47;107;SEC_402
2006;233;18-24;32;42;74;SEC_233
2007;536;16-17;8;4;12;SEC_536
1997;520;00-02;10;7;17;SEC_520
1998;405;03-11;29;22;51;SEC_405
2008;618;12-15;9;12;21;SEC_618
2005;536;35-49;91;108;199;SEC_536
2008;433;18-24;71;69;140;SEC_433
1997;437;00-02;10;5;15;SEC_437
2006;526;35-49;81;101;182;SEC_526
2010;530;18-24;49;52;101;SEC_530
2014;216;75 i +;75;57;132;SEC_216
2010;525;16-17;13;9;22;SEC_525
2014;435;00-02;11;20;31;SEC_435
2003;229;65-74;46;40;86;SEC_229
2013;128;16-17;5;6;11;SEC_128
2006;103;25-34;67;73;140;SEC_103
2004;219;65-74;67;50;117;SEC_219
2007;404;18-24;71;61;132;SEC_404
2001;628;18-24;62;72;134;SEC_628
1997;401;65-74;102;83;185;SEC_401
2004;104;75 i +;72;44;116;SEC_104
2009;434;03-11;24;24;48;SEC_434
2016;612;65-74;94;64;158;SEC_612
2005;307;03-11;42;36;78;SEC_307
2013;506;18-24;62;74;136;SEC_506
1999;536;12-15;9;11;20;SEC_536
2010;308;03-11;96;122;218;SEC_308
1994;115;50-64;104;98;202;SEC_115
2001;120;50-64;129;148;277;SEC_120
2003;231;75 i +;91;47;138;SEC_231
1994;322;75 i +;36;17;53;SEC_322
1999;208;03-11;39;38;77;SEC_208
2007;617;12-15;16;19;35;SEC_617
1998;507;50-64;89;105;194;SEC_507
2008;521;50-64;150;123;273;SEC_521
2009;120;25-34;117;130;247;SEC_120
1997;202;12-15;10;13;23;SEC_202
1996;414;03-11;25;37;62;SEC_414
2016;613;35-49;134;155;289;SEC_613
2016;308;75 i +;103;84;187;SEC_308
1996;123;50-64;105;107;212;SEC_123
2000;513;18-24;30;25;55;SEC_513
2013;440;65-74;84;69;153;SEC_440
2016;317;65-74;27;35;62;SEC_317
2012;603;18-24;14;27;41;SEC_603
2009;321;12-15;32;35;67;SEC_321
2016;513;50-64;115;133;248;SEC_513
2015;626;12-15;12;23;35;SEC_626
2012;136;18-24;35;36;71;SEC_136
2011;507;16-17;5;8;13;SEC_507
2003;625;00-02;8;12;20;SEC_625
2008;105;75 i +;63;34;97;SEC_105
2015;117;00-02;13;26;39;SEC_117
2000;124;35-49;107;86;193;SEC_124
1994;106;75 i +;20;21;41;SEC_106
2003;120;12-15;42;39;81;SEC_120
2005;106;12-15;22;28;50;SEC_106
2013;423;16-17;5;6;11;SEC_423
1995;504;35-49;113;114;227;SEC_504
1994;317;12-15;16;19;35;SEC_317
2015;422;12-15;19;22;41;SEC_422
2008;515;65-74;29;23;52;SEC_515
1998;320;03-11;16;21;37;SEC_320
2000;128;18-24;60;60;120;SEC_128
2014;423;35-49;107;116;223;SEC_423
2004;214;03-11;34;28;62;SEC_214
2005;538;75 i +;72;39;111;SEC_538
1995;428;25-34;52;54;106;SEC_428
2012;318;65-74;34;29;63;SEC_318
2009;402;35-49;110;103;213;SEC_402
2006;618;50-64;66;42;108;SEC_618
2015;436;18-24;69;63;132;SEC_436
2007;604;75 i +;26;15;41;SEC_604
2014;223;12-15;19;17;36;SEC_223
2007;316;16-17;27;20;47;SEC_316
1998;513;35-49;49;53;102;SEC_513
2013;423;18-24;35;31;66;SEC_423
2001;134;50-64;117;107;224;SEC_134
2014;313;12-15;38;40;78;SEC_313
2015;202;18-24;62;66;128;SEC_202
2002;244;18-24;23;27;50;SEC_244
2012;415;18-24;30;35;65;SEC_415
2010;229;18-24;35;33;68;SEC_229
2005;210;18-24;21;32;53;SEC_210
2005;311;16-17;14;9;23;SEC_311
1996;127;50-64;58;55;113;SEC_127
2015;435;65-74;39;30;69;SEC_435
2004;418;25-34;120;156;276;SEC_418
2002;125;12-15;24;27;51;SEC_125
2002;612;75 i +;43;20;63;SEC_612
1994;216;75 i +;36;25;61;SEC_216
2010;606;75 i +;83;52;135;SEC_606
2012;522;16-17;7;11;18;SEC_522
2009;623;75 i +;57;30;87;SEC_623
2000;140;03-11;13;16;29;SEC_140
1996;235;03-11;27;34;61;SEC_235
2014;209;18-24;34;47;81;SEC_209
2013;532;35-49;167;176;343;SEC_532
2006;412;35-49;175;190;365;SEC_412
2014;327;03-11;43;63;106;SEC_327
1994;525;00-02;9;6;15;SEC_525
2002;318;50-64;72;69;141;SEC_318
2008;517;16-17;15;19;34;SEC_517
2011;202;12-15;7;17;24;SEC_202
2011;503;16-17;3;10;13;SEC_503
2008;104;65-74;57;35;92;SEC_104
1995;208;16-17;25;19;44;SEC_208
1997;607;18-24;65;66;131;SEC_607
1999;533;12-15;11;11;22;SEC_533
2010;221;75 i +;72;53;125;SEC_221
1994;434;16-17;8;10;18;SEC_434
1995;525;25-34;68;78;146;SEC_525
2003;423;18-24;41;35;76;SEC_423
2011;616;18-24;131;135;266;SEC_616
1994;316;00-02;18;20;38;SEC_316
2007;218;25-34;89;112;201;SEC_218
1994;236;18-24;75;71;146;SEC_236
1995;617;25-34;108;120;228;SEC_617
2005;135;12-15;22;16;38;SEC_135
1995;612;25-34;88;102;190;SEC_612
2002;625;25-34;100;108;208;SEC_625
2011;608;18-24;22;27;49;SEC_608
2009;212;00-02;21;26;47;SEC_212
2013;427;65-74;53;36;89;SEC_427
2002;505;50-64;221;191;412;SEC_505
2007;103;16-17;8;1;9;SEC_103
2013;126;75 i +;66;45;111;SEC_126
2012;235;00-02;30;26;56;SEC_235
2013;402;25-34;76;52;128;SEC_402
1996;247;25-34;102;101;203;SEC_247
2001;406;75 i +;51;32;83;SEC_406
1995;134;03-11;62;72;134;SEC_134
2005;536;03-11;34;24;58;SEC_536
1997;620;18-24;70;49;119;SEC_620
2001;136;50-64;101;106;207;SEC_136
2001;415;12-15;7;11;18;SEC_415
1998;138;35-49;113;109;222;SEC_138
2007;302;50-64;178;163;341;SEC_302
2004;433;12-15;16;21;37;SEC_433
2015;126;12-15;27;18;45;SEC_126
2005;226;50-64;90;82;172;SEC_226
1997;138;25-34;64;64;128;SEC_138
2004;237;50-64;114;109;223;SEC_237
2012;234;75 i +;77;44;121;SEC_234
2008;242;03-11;40;37;77;SEC_242
2007;120;50-64;168;174;342;SEC_120
2014;204;50-64;135;131;266;SEC_204
2004;220;18-24;42;43;85;SEC_220
2006;240;75 i +;61;29;90;SEC_240
2011;621;75 i +;49;26;75;SEC_621
2005;244;03-11;23;23;46;SEC_244
2010;408;35-49;122;122;244;SEC_408
2006;605;75 i +;33;27;60;SEC_605
2013;210;18-24;28;23;51;SEC_210
2016;403;18-24;27;36;63;SEC_403
1997;231;18-24;59;55;114;SEC_231
1999;511;50-64;66;66;132;SEC_511
2002;419;18-24;32;40;72;SEC_419
1994;418;35-49;105;113;218;SEC_418
2004;425;75 i +;60;39;99;SEC_425
1998;220;00-02;6;6;12;SEC_220
2009;403;16-17;7;12;19;SEC_403
2014;232;03-11;34;54;88;SEC_232
2013;107;12-15;30;18;48;SEC_107
2006;606;03-11;38;46;84;SEC_606
2007;207;35-49;76;76;152;SEC_207
2008;628;12-15;22;14;36;SEC_628
2009;614;00-02;15;20;35;SEC_614
2009;305;75 i +;101;58;159;SEC_305
2004;324;25-34;96;104;200;SEC_324
2000;217;03-11;17;21;38;SEC_217
2000;203;00-02;5;12;17;SEC_203
2001;108;03-11;37;46;83;SEC_108
2000;210;65-74;95;67;162;SEC_210
1996;111;75 i +;31;22;53;SEC_111
2001;315;75 i +;55;28;83;SEC_315
1995;610;00-02;7;11;18;SEC_610
1999;315;65-74;53;38;91;SEC_315
1999;606;50-64;110;90;200;SEC_606
1997;617;75 i +;18;19;37;SEC_617
2000;316;50-64;191;218;409;SEC_316
2015;627;35-49;91;92;183;SEC_627
1999;122;35-49;60;82;142;SEC_122
2003;442;18-24;38;27;65;SEC_442
2005;504;75 i +;66;45;111;SEC_504
1994;101;12-15;33;48;81;SEC_101
1997;617;18-24;82;112;194;SEC_617
2004;534;35-49;104;90;194;SEC_534
2010;615;18-24;18;19;37;SEC_615
2006;110;16-17;6;10;16;SEC_110
2013;625;65-74;84;76;160;SEC_625
2007;116;18-24;54;53;107;SEC_116
1997;422;16-17;6;9;15;SEC_422
1994;320;50-64;101;121;222;SEC_320
1998;429;50-64;58;58;116;SEC_429
1994;206;75 i +;52;27;79;SEC_206
2005;515;12-15;16;15;31;SEC_515
2005;224;75 i +;30;18;48;SEC_224
1998;242;00-02;11;10;21;SEC_242
2004;243;18-24;52;47;99;SEC_243
2015;407;35-49;126;143;269;SEC_407
1998;419;65-74;42;36;78;SEC_419
2004;409;35-49;78;80;158;SEC_409
2012;617;25-34;50;57;107;SEC_617
1995;206;25-34;67;67;134;SEC_206
2004;211;25-34;134;183;317;SEC_211
1995;306;18-24;83;68;151;SEC_306
1995;311;65-74;91;81;172;SEC_311
2008;309;35-49;113;115;228;SEC_309
2001;420;75 i +;78;37;115;SEC_420
2008;120;25-34;119;149;268;SEC_120
2003;434;35-49;67;61;128;SEC_434
2011;127;00-02;5;13;18;SEC_127
2011;305;03-11;70;54;124;SEC_305
2006;317;18-24;47;48;95;SEC_317
1998;235;16-17;9;15;24;SEC_235
2007;506;18-24;63;79;142;SEC_506
1999;506;65-74;76;69;145;SEC_506
1996;207;75 i +;45;22;67;SEC_207
1998;419;12-15;14;11;25;SEC_419
2015;621;75 i +;55;41;96;SEC_621
2001;421;18-24;55;52;107;SEC_421
2014;308;00-02;25;18;43;SEC_308
2012;205;75 i +;85;56;141;SEC_205
2009;140;18-24;29;37;66;SEC_140
2003;133;16-17;8;10;18;SEC_133
2008;530;75 i +;99;63;162;SEC_530
2002;521;65-74;48;51;99;SEC_521
1994;609;18-24;110;110;220;SEC_609
2005;605;12-15;6;5;11;SEC_605
1997;133;16-17;15;11;26;SEC_133
2005;509;16-17;6;11;17;SEC_509
2002;312;65-74;61;64;125;SEC_312
1997;244;00-02;8;3;11;SEC_244
2005;526;18-24;27;32;59;SEC_526
1998;430;65-74;57;51;108;SEC_430
1998;621;03-11;69;59;128;SEC_621
2010;218;18-24;22;38;60;SEC_218
1999;614;12-15;9;20;29;SEC_614
1997;432;03-11;39;52;91;SEC_432
2000;227;65-74;52;43;95;SEC_227
2003;244;18-24;25;26;51;SEC_244
2012;511;12-15;15;13;28;SEC_511
2001;132;18-24;113;137;250;SEC_132
2015;437;75 i +;109;79;188;SEC_437
2013;237;00-02;24;16;40;SEC_237
2009;324;35-49;137;143;280;SEC_324
1994;423;12-15;20;19;39;SEC_423
1999;218;00-02;8;7;15;SEC_218
1996;225;12-15;8;11;19;SEC_225
2002;616;25-34;243;272;515;SEC_616
2013;401;16-17;13;12;25;SEC_401
1997;417;75 i +;18;11;29;SEC_417
1998;227;00-02;6;10;16;SEC_227
2008;309;50-64;82;74;156;SEC_309
1997;323;65-74;58;37;95;SEC_323
2001;519;75 i +;18;21;39;SEC_519
1994;313;65-74;59;60;119;SEC_313
1997;307;18-24;111;109;220;SEC_307
1997;403;25-34;90;101;191;SEC_403
2011;231;16-17;11;12;23;SEC_231
1996;625;25-34;84;95;179;SEC_625
1998;506;50-64;205;228;433;SEC_506
2008;119;75 i +;80;53;133;SEC_119
2003;522;00-02;14;14;28;SEC_522
2011;402;50-64;61;70;131;SEC_402
1996;249;50-64;118;96;214;SEC_249
2009;405;18-24;23;27;50;SEC_405
2002;112;35-49;188;167;355;SEC_112
2004;137;50-64;169;143;312;SEC_137
2008;420;75 i +;79;43;122;SEC_420
2011;624;03-11;39;46;85;SEC_624
1999;530;65-74;116;81;197;SEC_530
2012;220;65-74;34;18;52;SEC_220
2004;631;18-24;52;38;90;SEC_631
2011;121;75 i +;86;48;134;SEC_121
2010;237;35-49;180;215;395;SEC_237
2013;630;75 i +;41;28;69;SEC_630
2009;518;35-49;146;149;295;SEC_518
2011;621;00-02;18;13;31;SEC_621
2000;303;25-34;172;207;379;SEC_303
2001;245;16-17;3;6;9;SEC_245
2005;430;50-64;62;56;118;SEC_430
2012;412;03-11;65;58;123;SEC_412
1999;421;35-49;74;72;146;SEC_421
2013;238;35-49;130;136;266;SEC_238
2006;631;16-17;8;7;15;SEC_631
2008;110;65-74;64;63;127;SEC_110
1994;223;75 i +;52;19;71;SEC_223
2006;246;00-02;20;28;48;SEC_246
2009;439;12-15;19;15;34;SEC_439
2002;207;18-24;28;27;55;SEC_207
2009;611;18-24;59;62;121;SEC_611
1995;226;25-34;69;83;152;SEC_226
2009;408;16-17;7;5;12;SEC_408
2002;234;50-64;68;55;123;SEC_234
2006;202;12-15;10;15;25;SEC_202
2002;221;00-02;8;11;19;SEC_221
1994;322;18-24;92;71;163;SEC_322
1995;439;16-17;7;7;14;SEC_439
2001;530;00-02;15;23;38;SEC_530
1995;240;18-24;44;32;76;SEC_240
1995;228;65-74;49;32;81;SEC_228
2014;115;25-34;66;60;126;SEC_115
1995;240;03-11;16;26;42;SEC_240
1996;248;18-24;46;56;102;SEC_248
2010;534;12-15;11;14;25;SEC_534
2004;520;16-17;5;9;14;SEC_520
2009;517;16-17;15;12;27;SEC_517
2000;321;25-34;174;177;351;SEC_321
1996;239;75 i +;65;32;97;SEC_239
1994;523;50-64;170;163;333;SEC_523
2011;107;18-24;46;53;99;SEC_107
2004;517;12-15;20;31;51;SEC_517
2008;108;16-17;11;14;25;SEC_108
2005;207;25-34;53;64;117;SEC_207
1996;442;16-17;5;11;16;SEC_442
1996;510;25-34;94;104;198;SEC_510
2010;244;16-17;8;5;13;SEC_244
2015;202;35-49;232;277;509;SEC_202
2012;409;12-15;13;10;23;SEC_409
2015;416;03-11;60;75;135;SEC_416
2013;224;12-15;15;19;34;SEC_224
1999;414;18-24;37;44;81;SEC_414
1998;517;65-74;64;52;116;SEC_517
2002;123;35-49;123;130;253;SEC_123
1998;412;16-17;32;29;61;SEC_412
2001;308;65-74;71;71;142;SEC_308
2010;237;75 i +;87;52;139;SEC_237
2010;434;03-11;27;32;59;SEC_434
2012;620;18-24;22;24;46;SEC_620
2005;531;25-34;99;105;204;SEC_531
2000;301;25-34;226;230;456;SEC_301
2005;211;03-11;50;57;107;SEC_211
2005;324;03-11;47;46;93;SEC_324
2011;234;00-02;12;20;32;SEC_234
2005;424;35-49;59;65;124;SEC_424
2004;233;12-15;13;14;27;SEC_233
2014;533;12-15;41;27;68;SEC_533
2010;118;50-64;217;199;416;SEC_118
2005;131;25-34;135;147;282;SEC_131
2004;401;75 i +;64;37;101;SEC_401
2000;202;03-11;11;21;32;SEC_202
2006;604;18-24;29;32;61;SEC_604
2009;225;12-15;5;4;9;SEC_225
1998;410;03-11;46;46;92;SEC_410
2016;523;25-34;85;102;187;SEC_523
2012;623;03-11;58;78;136;SEC_623
2005;406;25-34;111;149;260;SEC_406
2009;507;12-15;8;22;30;SEC_507
2009;228;00-02;14;13;27;SEC_228
2009;235;35-49;205;207;412;SEC_235
2012;531;00-02;15;11;26;SEC_531
2011;202;16-17;7;9;16;SEC_202
2013;240;65-74;65;46;111;SEC_240
2001;120;12-15;43;41;84;SEC_120
2011;324;65-74;41;35;76;SEC_324
2014;119;25-34;77;64;141;SEC_119
2009;241;35-49;107;111;218;SEC_241
2001;231;16-17;8;4;12;SEC_231
2006;324;50-64;68;70;138;SEC_324
2006;506;25-34;132;138;270;SEC_506
2000;313;12-15;35;37;72;SEC_313
2005;534;12-15;18;16;34;SEC_534
2010;204;03-11;20;20;40;SEC_204
1999;534;03-11;23;19;42;SEC_534
2004;433;00-02;19;21;40;SEC_433
2011;529;03-11;63;58;121;SEC_529
2004;603;18-24;18;19;37;SEC_603
1998;308;75 i +;59;38;97;SEC_308
2000;106;12-15;45;37;82;SEC_106
2014;530;12-15;26;20;46;SEC_530
2014;610;00-02;9;10;19;SEC_610
2008;222;12-15;17;13;30;SEC_222
1997;126;50-64;150;163;313;SEC_126
2004;237;25-34;139;152;291;SEC_237
2006;616;03-11;129;161;290;SEC_616
1999;632;25-34;84;113;197;SEC_632
2009;105;16-17;8;11;19;SEC_105
2009;215;18-24;47;36;83;SEC_215
1996;607;16-17;11;14;25;SEC_607
2005;234;00-02;8;11;19;SEC_234
1996;418;16-17;10;17;27;SEC_418
2009;126;75 i +;66;31;97;SEC_126
2004;217;25-34;59;58;117;SEC_217
1998;230;50-64;68;70;138;SEC_230
2008;245;50-64;74;72;146;SEC_245
2015;310;35-49;107;119;226;SEC_310
2006;215;25-34;91;101;192;SEC_215
2016;510;16-17;10;11;21;SEC_510
2011;528;35-49;185;143;328;SEC_528
2004;439;65-74;65;66;131;SEC_439
1997;128;50-64;98;101;199;SEC_128
2015;140;16-17;6;9;15;SEC_140
2011;603;65-74;54;46;100;SEC_603
2015;302;65-74;107;114;221;SEC_302
2005;601;75 i +;60;33;93;SEC_601
2004;608;12-15;16;19;35;SEC_608
1994;228;65-74;53;30;83;SEC_228
2005;321;75 i +;104;56;160;SEC_321
2012;533;16-17;6;6;12;SEC_533
2000;409;65-74;40;39;79;SEC_409
2004;614;50-64;125;108;233;SEC_614
2016;307;25-34;63;78;141;SEC_307
1996;534;75 i +;41;21;62;SEC_534
2014;410;00-02;10;17;27;SEC_410
2010;631;25-34;92;79;171;SEC_631
1997;526;16-17;8;6;14;SEC_526
2013;110;12-15;5;12;17;SEC_110
1999;616;65-74;46;41;87;SEC_616
1999;209;16-17;3;8;11;SEC_209
1995;306;16-17;18;33;51;SEC_306
1995;623;25-34;115;106;221;SEC_623
2012;112;12-15;24;29;53;SEC_112
2005;525;65-74;72;53;125;SEC_525
2005;246;25-34;135;138;273;SEC_246
2016;511;12-15;34;37;71;SEC_511
2015;605;00-02;24;12;36;SEC_605
1998;413;50-64;56;49;105;SEC_413
1995;623;18-24;137;168;305;SEC_623
2008;513;00-02;12;13;25;SEC_513
1998;123;75 i +;65;39;104;SEC_123
1998;301;18-24;137;132;269;SEC_301
2015;411;50-64;90;68;158;SEC_411
2015;432;18-24;38;41;79;SEC_432
1994;225;75 i +;19;21;40;SEC_225
2007;311;03-11;53;56;109;SEC_311
2013;432;65-74;81;72;153;SEC_432
2013;106;35-49;176;177;353;SEC_106
2016;531;75 i +;50;39;89;SEC_531
1998;606;65-74;68;64;132;SEC_606
2014;405;16-17;11;18;29;SEC_405
2005;436;35-49;103;120;223;SEC_436
1995;301;03-11;55;72;127;SEC_301
2002;509;18-24;41;34;75;SEC_509
2012;625;18-24;47;55;102;SEC_625
2014;240;16-17;24;16;40;SEC_240
2011;510;18-24;31;38;69;SEC_510
1999;131;12-15;20;30;50;SEC_131
2003;305;25-34;121;123;244;SEC_305
1995;102;16-17;32;32;64;SEC_102
2006;619;16-17;8;12;20;SEC_619
2002;103;18-24;38;32;70;SEC_103
2009;304;50-64;117;122;239;SEC_304
2000;118;50-64;162;185;347;SEC_118
2008;526;35-49;80;96;176;SEC_526
2009;536;50-64;79;58;137;SEC_536
2013;507;50-64;81;58;139;SEC_507
1994;408;35-49;90;88;178;SEC_408
2010;206;50-64;67;69;136;SEC_206
2013;606;03-11;49;40;89;SEC_606
2009;514;75 i +;40;31;71;SEC_514
1995;434;03-11;28;20;48;SEC_434
2010;518;12-15;21;22;43;SEC_518
1998;230;75 i +;40;22;62;SEC_230
2000;534;50-64;110;92;202;SEC_534
2015;421;75 i +;90;65;155;SEC_421
2002;522;35-49;90;70;160;SEC_522
2013;126;50-64;78;57;135;SEC_126
2008;313;75 i +;83;51;134;SEC_313
1996;307;12-15;53;39;92;SEC_307
1997;525;18-24;52;52;104;SEC_525
2011;222;25-34;80;90;170;SEC_222
2001;121;18-24;19;21;40;SEC_121
2001;214;65-74;39;36;75;SEC_214
1996;421;03-11;25;33;58;SEC_421
2007;221;03-11;40;36;76;SEC_221
1998;249;65-74;76;67;143;SEC_249
1994;121;00-02;12;5;17;SEC_121
1998;425;25-34;90;76;166;SEC_425
2011;510;16-17;9;14;23;SEC_510
1999;107;75 i +;59;33;92;SEC_107
1999;521;25-34;93;98;191;SEC_521
2008;524;35-49;158;158;316;SEC_524
1999;622;75 i +;36;11;47;SEC_622
2004;218;00-02;8;8;16;SEC_218
1996;404;75 i +;57;25;82;SEC_404
2005;302;00-02;12;19;31;SEC_302
2001;121;12-15;6;8;14;SEC_121
2007;609;00-02;20;14;34;SEC_609
1997;110;03-11;45;50;95;SEC_110
1997;126;18-24;103;92;195;SEC_126
2007;216;25-34;111;116;227;SEC_216
2000;525;16-17;9;8;17;SEC_525
2001;303;16-17;8;10;18;SEC_303
2010;202;16-17;4;7;11;SEC_202
2005;435;18-24;46;58;104;SEC_435
2006;427;65-74;51;27;78;SEC_427
2002;114;16-17;11;14;25;SEC_114
2002;232;35-49;112;97;209;SEC_232
2003;405;35-49;74;83;157;SEC_405
1999;412;75 i +;55;33;88;SEC_412
1994;617;00-02;11;12;23;SEC_617
2003;536;75 i +;47;35;82;SEC_536
2016;228;65-74;96;58;154;SEC_228
2003;516;12-15;11;11;22;SEC_516
2007;103;18-24;20;30;50;SEC_103
2013;626;50-64;79;78;157;SEC_626
1999;124;03-11;29;33;62;SEC_124
2004;307;25-34;114;108;222;SEC_307
1999;137;00-02;12;15;27;SEC_137
2005;425;12-15;13;24;37;SEC_425
1997;513;16-17;11;9;20;SEC_513
1996;305;25-34;79;101;180;SEC_305
2009;106;75 i +;66;34;100;SEC_106
2013;320;75 i +;49;29;78;SEC_320
1997;116;35-49;186;160;346;SEC_116
2007;509;12-15;11;18;29;SEC_509
2002;439;12-15;13;17;30;SEC_439
1995;139;75 i +;24;7;31;SEC_139
2007;132;50-64;221;212;433;SEC_132
1994;532;65-74;85;81;166;SEC_532
1998;432;00-02;5;11;16;SEC_432
1995;132;50-64;163;185;348;SEC_132
2014;201;50-64;94;78;172;SEC_201
2016;125;16-17;13;17;30;SEC_125
2002;428;65-74;47;32;79;SEC_428
2000;228;18-24;34;30;64;SEC_228
1999;442;50-64;68;61;129;SEC_442
2009;416;50-64;53;52;105;SEC_416
2006;212;00-02;26;26;52;SEC_212
1996;407;03-11;23;45;68;SEC_407
2008;136;35-49;130;150;280;SEC_136
2011;521;35-49;99;115;214;SEC_521
1996;314;65-74;67;58;125;SEC_314
1995;425;65-74;64;64;128;SEC_425
2012;428;50-64;46;40;86;SEC_428
2005;305;25-34;120;129;249;SEC_305
1996;130;00-02;6;4;10;SEC_130
2000;212;25-34;119;121;240;SEC_212
2004;401;16-17;13;11;24;SEC_401
2009;427;16-17;7;12;19;SEC_427
1996;612;25-34;100;121;221;SEC_612
1997;518;50-64;136;119;255;SEC_518
2011;417;18-24;44;22;66;SEC_417
2010;621;35-49;153;161;314;SEC_621
2009;419;25-34;92;111;203;SEC_419
2003;430;65-74;56;53;109;SEC_430
1996;312;03-11;62;35;97;SEC_312
2012;309;50-64;101;70;171;SEC_309
2008;431;75 i +;87;44;131;SEC_431
1998;616;12-15;67;64;131;SEC_616
1995;305;18-24;64;79;143;SEC_305
1996;519;25-34;64;67;131;SEC_519
1994;507;12-15;26;28;54;SEC_507
1996;120;18-24;97;94;191;SEC_120
2003;109;25-34;85;70;155;SEC_109
2014;234;00-02;15;15;30;SEC_234
2010;432;75 i +;70;49;119;SEC_432
2008;101;75 i +;43;34;77;SEC_101
1997;519;75 i +;15;11;26;SEC_519
2000;238;50-64;64;66;130;SEC_238
2005;414;00-02;13;17;30;SEC_414
2005;535;65-74;50;64;114;SEC_535
1997;114;18-24;118;113;231;SEC_114
2000;622;50-64;75;76;151;SEC_622
2008;119;18-24;52;46;98;SEC_119
2002;139;03-11;33;37;70;SEC_139
1995;530;00-02;8;12;20;SEC_530
2007;538;25-34;107;127;234;SEC_538
2005;126;03-11;37;31;68;SEC_126
2015;602;50-64;84;94;178;SEC_602
2013;101;50-64;146;150;296;SEC_101
2015;617;65-74;65;41;106;SEC_617
2006;226;00-02;9;16;25;SEC_226
1994;433;65-74;54;39;93;SEC_433
2000;433;50-64;73;71;144;SEC_433
1994;431;12-15;44;36;80;SEC_431
2011;631;00-02;16;15;31;SEC_631
2004;517;03-11;39;68;107;SEC_517
2012;609;18-24;21;20;41;SEC_609
2015;617;18-24;28;27;55;SEC_617
2000;605;50-64;105;88;193;SEC_605
2006;316;75 i +;69;29;98;SEC_316
2011;305;50-64;190;171;361;SEC_305
2012;411;25-34;75;62;137;SEC_411
2013;139;03-11;30;39;69;SEC_139
1996;214;03-11;21;20;41;SEC_214
2012;133;50-64;94;69;163;SEC_133
2010;520;18-24;34;32;66;SEC_520
2013;614;03-11;35;43;78;SEC_614
1997;121;16-17;4;6;10;SEC_121
2000;224;65-74;46;34;80;SEC_224
2016;508;00-02;22;20;42;SEC_508
2009;301;35-49;327;320;647;SEC_301
2005;603;00-02;8;9;17;SEC_603
2013;435;35-49;119;159;278;SEC_435
2016;217;50-64;132;137;269;SEC_217
1998;401;00-02;7;16;23;SEC_401
2009;103;25-34;67;90;157;SEC_103
2016;427;75 i +;93;51;144;SEC_427
1994;217;65-74;43;36;79;SEC_217
2006;425;12-15;16;21;37;SEC_425
2001;224;50-64;33;36;69;SEC_224
1996;606;65-74;61;46;107;SEC_606
1996;608;35-49;95;92;187;SEC_608
2000;224;75 i +;41;13;54;SEC_224
1997;305;25-34;85;98;183;SEC_305
2012;225;35-49;63;63;126;SEC_225
1994;613;25-34;110;107;217;SEC_613
2010;420;00-02;32;21;53;SEC_420
2002;620;50-64;81;78;159;SEC_620
2001;538;35-49;116;101;217;SEC_538
1996;218;75 i +;36;16;52;SEC_218
1999;408;12-15;20;13;33;SEC_408
2010;248;75 i +;65;47;112;SEC_248
2010;216;18-24;43;52;95;SEC_216
2001;619;65-74;78;77;155;SEC_619
2002;247;03-11;33;40;73;SEC_247
1998;214;00-02;6;4;10;SEC_214
2006;524;12-15;19;25;44;SEC_524
2000;238;25-34;65;78;143;SEC_238
2012;131;03-11;43;63;106;SEC_131
1996;602;50-64;96;89;185;SEC_602
2007;408;35-49;93;118;211;SEC_408
2011;230;35-49;134;132;266;SEC_230
1997;234;12-15;10;11;21;SEC_234
1997;227;65-74;53;43;96;SEC_227
1994;140;18-24;73;74;147;SEC_140
2000;319;65-74;35;21;56;SEC_319
2006;214;16-17;5;7;12;SEC_214
2005;118;18-24;88;90;178;SEC_118
1995;101;16-17;15;22;37;SEC_101
2012;107;50-64;158;132;290;SEC_107
2015;416;18-24;65;66;131;SEC_416
2002;111;50-64;102;89;191;SEC_111
2001;247;50-64;99;96;195;SEC_247
2016;425;18-24;39;38;77;SEC_425
1994;120;03-11;91;102;193;SEC_120
2014;518;16-17;14;9;23;SEC_518
2004;245;75 i +;69;32;101;SEC_245
2003;436;00-02;9;16;25;SEC_436
2005;624;12-15;16;16;32;SEC_624
2009;105;00-02;24;18;42;SEC_105
2013;115;25-34;80;74;154;SEC_115
1997;134;75 i +;68;29;97;SEC_134
2001;230;12-15;7;16;23;SEC_230
1994;535;25-34;58;67;125;SEC_535
2006;518;75 i +;58;34;92;SEC_518
2001;129;65-74;46;46;92;SEC_129
2000;631;75 i +;30;18;48;SEC_631
2003;117;75 i +;60;33;93;SEC_117
2009;243;16-17;14;21;35;SEC_243
1994;216;12-15;36;22;58;SEC_216
2006;125;50-64;176;161;337;SEC_125
1995;126;03-11;31;32;63;SEC_126
1998;417;50-64;68;57;125;SEC_417
1995;521;25-34;68;77;145;SEC_521
1994;229;18-24;39;31;70;SEC_229
2007;307;03-11;32;41;73;SEC_307
2013;130;35-49;138;133;271;SEC_130
2016;132;65-74;126;132;258;SEC_132
2002;234;18-24;32;39;71;SEC_234
2008;304;25-34;160;183;343;SEC_304
1998;501;16-17;25;32;57;SEC_501
1996;422;03-11;27;44;71;SEC_422
2013;606;25-34;68;82;150;SEC_606
2010;624;00-02;15;16;31;SEC_624
2002;435;12-15;26;14;40;SEC_435
2012;436;75 i +;28;22;50;SEC_436
1998;128;03-11;28;39;67;SEC_128
1999;209;65-74;72;59;131;SEC_209
2005;241;75 i +;61;30;91;SEC_241
2008;536;65-74;53;40;93;SEC_536
2009;232;35-49;117;135;252;SEC_232
1995;130;50-64;141;113;254;SEC_130
2012;218;16-17;5;4;9;SEC_218
2014;532;00-02;22;19;41;SEC_532
2009;110;00-02;16;13;29;SEC_110
2005;112;00-02;19;20;39;SEC_112
2002;613;12-15;18;12;30;SEC_613
2002;241;75 i +;55;32;87;SEC_241
2002;310;03-11;27;32;59;SEC_310
2014;431;25-34;116;124;240;SEC_431
2011;509;03-11;42;41;83;SEC_509
2002;104;50-64;74;65;139;SEC_104
1998;115;50-64;113;124;237;SEC_115
1998;410;50-64;208;198;406;SEC_410
2007;317;00-02;22;24;46;SEC_317
1995;508;03-11;28;20;48;SEC_508
2011;122;25-34;78;64;142;SEC_122
1998;510;12-15;15;16;31;SEC_510
2006;534;00-02;15;15;30;SEC_534
2015;433;00-02;27;27;54;SEC_433
2000;422;35-49;85;96;181;SEC_422
2006;528;35-49;136;140;276;SEC_528
1994;429;00-02;4;7;11;SEC_429
1994;225;25-34;35;29;64;SEC_225
2001;507;18-24;45;51;96;SEC_507
2002;133;03-11;23;33;56;SEC_133
2009;318;75 i +;26;14;40;SEC_318
2004;222;65-74;39;38;77;SEC_222
2012;238;00-02;11;11;22;SEC_238
2015;322;35-49;183;175;358;SEC_322
1996;110;03-11;52;49;101;SEC_110
1997;514;12-15;10;17;27;SEC_514
2008;426;35-49;136;148;284;SEC_426
2003;216;16-17;15;12;27;SEC_216
2007;412;50-64;188;163;351;SEC_412
2004;521;03-11;24;27;51;SEC_521
2004;204;03-11;17;12;29;SEC_204
1998;418;65-74;69;51;120;SEC_418
2011;610;35-49;135;152;287;SEC_610
1998;519;25-34;61;48;109;SEC_519
2015;437;50-64;143;123;266;SEC_437
1994;605;00-02;4;7;11;SEC_605
2002;530;16-17;7;4;11;SEC_530
2000;225;03-11;10;15;25;SEC_225
2004;217;16-17;4;6;10;SEC_217
2002;214;25-34;67;79;146;SEC_214
1994;324;00-02;5;9;14;SEC_324
2000;531;65-74;59;53;112;SEC_531
2005;534;00-02;5;18;23;SEC_534
1999;212;25-34;121;105;226;SEC_212
1996;128;75 i +;32;18;50;SEC_128
2015;612;16-17;4;10;14;SEC_612
2010;220;00-02;19;18;37;SEC_220
2014;208;65-74;112;89;201;SEC_208
2000;508;16-17;8;6;14;SEC_508
2011;416;18-24;18;32;50;SEC_416
2008;431;00-02;28;29;57;SEC_431
1995;212;75 i +;57;30;87;SEC_212
2002;412;00-02;14;16;30;SEC_412
2009;502;16-17;15;7;22;SEC_502
2006;502;65-74;74;67;141;SEC_502
1999;137;16-17;21;14;35;SEC_137
2011;502;35-49;181;216;397;SEC_502
1997;245;25-34;69;69;138;SEC_245
2009;234;35-49;140;138;278;SEC_234
2006;405;35-49;76;97;173;SEC_405
2013;618;75 i +;63;55;118;SEC_618
1994;312;18-24;97;102;199;SEC_312
2014;414;12-15;38;31;69;SEC_414
2014;202;00-02;16;32;48;SEC_202
1996;313;75 i +;53;30;83;SEC_313
2005;627;12-15;8;19;27;SEC_627
1995;214;16-17;11;10;21;SEC_214
1997;441;12-15;72;58;130;SEC_441
1999;130;35-49;68;85;153;SEC_130
2002;117;75 i +;63;30;93;SEC_117
2016;136;25-34;72;52;124;SEC_136
2004;442;12-15;14;13;27;SEC_442
2001;132;35-49;239;236;475;SEC_132
2016;625;00-02;11;12;23;SEC_625
2011;606;12-15;15;23;38;SEC_606
2005;614;75 i +;36;18;54;SEC_614
2002;219;50-64;98;85;183;SEC_219
2005;244;35-49;78;86;164;SEC_244
2014;122;16-17;8;8;16;SEC_122
2000;503;00-02;13;11;24;SEC_503
1995;516;00-02;8;7;15;SEC_516
1995;602;25-34;71;75;146;SEC_602
2014;609;25-34;36;38;74;SEC_609
2005;421;50-64;116;83;199;SEC_421
2015;242;18-24;41;35;76;SEC_242
2004;405;12-15;11;5;16;SEC_405
2011;517;16-17;8;9;17;SEC_517
2008;513;12-15;8;9;17;SEC_513
1998;212;12-15;22;26;48;SEC_212
2000;318;18-24;53;51;104;SEC_318
1997;246;25-34;90;97;187;SEC_246
1996;437;16-17;12;9;21;SEC_437
2001;440;35-49;67;87;154;SEC_440
1999;526;03-11;24;25;49;SEC_526
2002;631;16-17;12;5;17;SEC_631
2003;325;50-64;191;186;377;SEC_325
2009;227;03-11;34;21;55;SEC_227
1995;507;00-02;5;8;13;SEC_507
2006;612;65-74;79;73;152;SEC_612
2005;203;16-17;7;10;17;SEC_203
2009;538;16-17;11;7;18;SEC_538
2016;115;16-17;8;18;26;SEC_115
2001;207;35-49;76;59;135;SEC_207
2008;404;50-64;104;99;203;SEC_404
1994;124;25-34;63;54;117;SEC_124
1997;120;35-49;231;224;455;SEC_120
2006;505;03-11;28;25;53;SEC_505
2000;523;16-17;15;13;28;SEC_523
2002;515;65-74;37;29;66;SEC_515
2001;632;03-11;43;43;86;SEC_632
2011;128;03-11;34;43;77;SEC_128
2004;419;35-49;79;119;198;SEC_419
2014;318;03-11;27;36;63;SEC_318
2011;319;16-17;11;11;22;SEC_319
1999;204;35-49;37;53;90;SEC_204
2012;402;03-11;34;43;77;SEC_402
2008;323;65-74;75;77;152;SEC_323
1998;531;50-64;85;85;170;SEC_531
2013;427;25-34;145;149;294;SEC_427
1998;224;12-15;10;14;24;SEC_224
2015;325;75 i +;195;102;297;SEC_325
2005;229;03-11;35;32;67;SEC_229
2016;423;00-02;12;22;34;SEC_423
2000;138;35-49;107;91;198;SEC_138
2013;124;16-17;7;4;11;SEC_124
2004;114;00-02;21;21;42;SEC_114
2015;520;00-02;6;10;16;SEC_520
2000;213;18-24;44;62;106;SEC_213
2003;210;75 i +;80;41;121;SEC_210
2007;302;16-17;9;6;15;SEC_302
1995;302;12-15;44;45;89;SEC_302
2013;318;18-24;28;32;60;SEC_318
2002;313;50-64;171;170;341;SEC_313
1995;438;00-02;5;8;13;SEC_438
2002;605;65-74;53;49;102;SEC_605
2001;240;12-15;8;11;19;SEC_240
2011;232;50-64;84;72;156;SEC_232
1995;314;35-49;333;346;679;SEC_314
1999;205;03-11;29;29;58;SEC_205
1997;241;50-64;67;67;134;SEC_241
2014;131;16-17;9;4;13;SEC_131
2001;410;35-49;144;143;287;SEC_410
2006;217;18-24;28;27;55;SEC_217
2010;502;18-24;61;71;132;SEC_502
2014;105;00-02;16;13;29;SEC_105
2002;423;18-24;41;32;73;SEC_423
2008;312;35-49;182;212;394;SEC_312
1996;405;50-64;139;97;236;SEC_405
1997;503;16-17;13;17;30;SEC_503
2014;440;12-15;14;11;25;SEC_440
2004;108;12-15;19;20;39;SEC_108
2001;411;50-64;112;102;214;SEC_411
2012;430;12-15;15;22;37;SEC_430
2016;622;65-74;59;50;109;SEC_622
2016;306;03-11;63;63;126;SEC_306
2011;504;00-02;11;20;31;SEC_504
2016;420;00-02;30;39;69;SEC_420
2009;516;75 i +;39;20;59;SEC_516
1999;421;00-02;7;15;22;SEC_421
2005;412;65-74;96;108;204;SEC_412
2002;123;18-24;60;61;121;SEC_123
1996;436;25-34;76;85;161;SEC_436
2008;226;65-74;50;37;87;SEC_226
1995;304;25-34;82;113;195;SEC_304
2007;208;03-11;42;45;87;SEC_208
2004;632;25-34;88;111;199;SEC_632
2007;430;12-15;16;17;33;SEC_430
1995;139;50-64;77;75;152;SEC_139
2008;304;50-64;114;112;226;SEC_304
2009;615;18-24;21;23;44;SEC_615
2012;431;50-64;110;101;211;SEC_431
1997;435;50-64;86;76;162;SEC_435
2008;619;75 i +;63;45;108;SEC_619
2003;508;25-34;58;52;110;SEC_508
2016;243;25-34;117;104;221;SEC_243
2007;625;16-17;15;18;33;SEC_625
2003;534;12-15;8;13;21;SEC_534
2015;508;12-15;26;16;42;SEC_508
2010;404;50-64;100;94;194;SEC_404
2013;228;00-02;39;31;70;SEC_228
2003;506;18-24;102;104;206;SEC_506
2009;501;25-34;87;87;174;SEC_501
2008;615;35-49;79;91;170;SEC_615
2008;304;16-17;33;10;43;SEC_304
2003;405;65-74;94;84;178;SEC_405
2005;140;00-02;9;21;30;SEC_140
2013;513;12-15;33;25;58;SEC_513
2005;232;35-49;107;107;214;SEC_232
2012;517;75 i +;63;37;100;SEC_517
2004;430;65-74;50;45;95;SEC_430
1996;308;03-11;44;47;91;SEC_308
2016;130;35-49;146;132;278;SEC_130
2014;616;50-64;227;198;425;SEC_616
2011;435;25-34;112;126;238;SEC_435
2004;514;35-49;75;91;166;SEC_514
2002;436;35-49;76;92;168;SEC_436
2003;223;25-34;98;120;218;SEC_223
2015;523;16-17;8;10;18;SEC_523
2004;101;03-11;77;59;136;SEC_101
1997;213;18-24;66;63;129;SEC_213
2005;120;18-24;73;82;155;SEC_120
2010;508;16-17;4;6;10;SEC_508
2016;243;50-64;150;145;295;SEC_243
1997;125;65-74;53;36;89;SEC_125
2002;442;03-11;24;26;50;SEC_442
2002;122;12-15;13;8;21;SEC_122
2015;625;50-64;186;146;332;SEC_625
2006;241;03-11;36;22;58;SEC_241
1997;629;12-15;9;14;23;SEC_629
2007;119;18-24;53;45;98;SEC_119
1999;232;75 i +;65;31;96;SEC_232
2002;426;18-24;49;57;106;SEC_426
2013;524;65-74;55;33;88;SEC_524
2011;616;00-02;52;57;109;SEC_616
2009;240;65-74;35;33;68;SEC_240
2007;123;35-49;164;164;328;SEC_123
2008;415;03-11;34;35;69;SEC_415
2009;235;00-02;31;26;57;SEC_235
2000;227;00-02;6;9;15;SEC_227
2014;311;35-49;163;220;383;SEC_311
2005;622;03-11;23;38;61;SEC_622
2010;136;25-34;116;107;223;SEC_136
2008;630;65-74;42;44;86;SEC_630
2000;312;50-64;197;170;367;SEC_312
2009;617;03-11;35;41;76;SEC_617
2010;527;25-34;159;126;285;SEC_527
2004;319;25-34;174;178;352;SEC_319
2004;120;03-11;77;71;148;SEC_120
1996;515;50-64;55;61;116;SEC_515
2011;302;25-34;114;129;243;SEC_302
2014;112;18-24;57;56;113;SEC_112
1998;423;18-24;56;58;114;SEC_423
2008;428;12-15;9;13;22;SEC_428
1994;511;75 i +;31;10;41;SEC_511
2000;521;50-64;162;187;349;SEC_521
2005;409;65-74;37;36;73;SEC_409
2013;308;12-15;41;51;92;SEC_308
2002;526;75 i +;37;15;52;SEC_526
1996;231;25-34;95;87;182;SEC_231
2010;227;50-64;64;55;119;SEC_227
2003;440;18-24;53;37;90;SEC_440
2014;211;18-24;49;45;94;SEC_211
2004;402;65-74;57;56;113;SEC_402
1996;140;12-15;16;12;28;SEC_140
1997;612;16-17;11;11;22;SEC_612
2007;242;35-49;129;131;260;SEC_242
2010;442;18-24;26;28;54;SEC_442
2002;602;16-17;4;5;9;SEC_602
2010;211;03-11;56;57;113;SEC_211
2015;520;03-11;38;31;69;SEC_520
2015;139;18-24;34;32;66;SEC_139
2003;522;50-64;60;53;113;SEC_522
2008;311;65-74;75;66;141;SEC_311
2006;222;03-11;41;27;68;SEC_222
2005;624;16-17;12;7;19;SEC_624
1995;519;12-15;9;18;27;SEC_519
2014;412;12-15;22;20;42;SEC_412
1994;419;03-11;34;29;63;SEC_419
2006;628;18-24;38;44;82;SEC_628
2012;116;75 i +;82;61;143;SEC_116
2011;507;03-11;30;44;74;SEC_507
2012;629;03-11;27;14;41;SEC_629
2007;138;12-15;12;10;22;SEC_138
2005;529;16-17;12;17;29;SEC_529
2000;435;65-74;101;54;155;SEC_435
2002;229;50-64;68;49;117;SEC_229
1997;240;25-34;49;64;113;SEC_240
2003;202;00-02;9;9;18;SEC_202
2011;620;00-02;5;4;9;SEC_620
2007;631;75 i +;50;24;74;SEC_631
1995;534;50-64;98;105;203;SEC_534
2009;234;16-17;8;9;17;SEC_234
1994;629;25-34;55;61;116;SEC_629
1998;129;03-11;44;33;77;SEC_129
2004;417;00-02;6;15;21;SEC_417
2012;224;50-64;56;57;113;SEC_224
2011;612;00-02;11;16;27;SEC_612
2001;403;18-24;62;64;126;SEC_403
2010;532;25-34;138;148;286;SEC_532
2006;222;65-74;38;33;71;SEC_222
2001;522;75 i +;33;21;54;SEC_522
2006;133;16-17;5;9;14;SEC_133
2009;314;25-34;221;227;448;SEC_314
2016;310;25-34;74;58;132;SEC_310
1996;510;50-64;126;117;243;SEC_510
1994;534;25-34;80;78;158;SEC_534
2003;613;00-02;19;18;37;SEC_613
2012;137;03-11;73;63;136;SEC_137
2010;217;50-64;41;56;97;SEC_217
2003;303;35-49;111;137;248;SEC_303
2002;324;50-64;63;67;130;SEC_324
2015;323;12-15;38;35;73;SEC_323
2004;129;65-74;41;55;96;SEC_129
1999;236;00-02;7;7;14;SEC_236
2005;224;16-17;4;2;6;SEC_224
2014;441;03-11;78;75;153;SEC_441
2003;603;25-34;65;79;144;SEC_603
1999;620;50-64;95;90;185;SEC_620
1994;535;03-11;60;64;124;SEC_535
2014;606;18-24;32;36;68;SEC_606
2011;627;18-24;22;41;63;SEC_627
2002;114;03-11;54;43;97;SEC_114
1997;613;03-11;40;37;77;SEC_613
2004;119;16-17;8;11;19;SEC_119
2011;112;35-49;194;158;352;SEC_112
1996;612;35-49;86;79;165;SEC_612
2000;315;50-64;118;128;246;SEC_315
2012;301;50-64;189;185;374;SEC_301
2010;230;16-17;6;12;18;SEC_230
1998;218;75 i +;38;15;53;SEC_218
2014;623;18-24;31;37;68;SEC_623
2003;504;75 i +;50;43;93;SEC_504
2013;426;12-15;25;18;43;SEC_426
1996;244;00-02;6;2;8;SEC_244
2001;615;25-34;90;114;204;SEC_615
2005;311;35-49;156;174;330;SEC_311
2001;515;65-74;33;29;62;SEC_515
2014;249;25-34;80;90;170;SEC_249
2016;213;25-34;100;73;173;SEC_213
2007;516;35-49;96;113;209;SEC_516
2002;247;35-49;134;151;285;SEC_247
2002;608;16-17;10;15;25;SEC_608
2000;117;18-24;119;141;260;SEC_117
1997;609;00-02;10;10;20;SEC_609
2011;537;25-34;101;119;220;SEC_537
2008;534;03-11;33;43;76;SEC_534
2012;235;16-17;11;14;25;SEC_235
2001;426;75 i +;53;34;87;SEC_426
2001;207;12-15;13;10;23;SEC_207
2001;504;03-11;20;24;44;SEC_504
2006;620;12-15;16;8;24;SEC_620
2008;125;65-74;54;67;121;SEC_125
2006;535;75 i +;42;24;66;SEC_535
2006;519;12-15;6;20;26;SEC_519
2003;304;16-17;6;13;19;SEC_304
2003;108;18-24;56;48;104;SEC_108
2010;437;18-24;42;51;93;SEC_437
2014;249;00-02;13;17;30;SEC_249
1998;310;25-34;66;71;137;SEC_310
1997;608;35-49;85;85;170;SEC_608
2010;107;35-49;199;210;409;SEC_107
2016;323;75 i +;66;29;95;SEC_323
1998;530;25-34;113;127;240;SEC_530
2009;206;12-15;13;19;32;SEC_206
2006;217;00-02;4;15;19;SEC_217
2012;119;03-11;32;36;68;SEC_119
2009;220;16-17;12;8;20;SEC_220
2004;125;00-02;14;24;38;SEC_125
1999;506;12-15;34;42;76;SEC_506
2005;522;12-15;6;10;16;SEC_522
2013;534;03-11;27;38;65;SEC_534
1995;233;25-34;75;77;152;SEC_233
2005;409;00-02;10;11;21;SEC_409
2001;426;18-24;51;61;112;SEC_426
1994;409;50-64;83;89;172;SEC_409
2007;611;18-24;62;55;117;SEC_611
2015;127;75 i +;41;32;73;SEC_127
2012;108;75 i +;116;71;187;SEC_108
2008;631;18-24;32;25;57;SEC_631
2000;417;75 i +;26;13;39;SEC_417
1999;117;00-02;31;23;54;SEC_117
1995;523;18-24;83;79;162;SEC_523
2001;102;75 i +;69;36;105;SEC_102
1999;107;12-15;24;38;62;SEC_107
2008;616;35-49;306;309;615;SEC_616
2008;321;16-17;19;20;39;SEC_321
1998;414;12-15;16;26;42;SEC_414
2009;421;12-15;24;23;47;SEC_421
2015;607;03-11;36;33;69;SEC_607
2002;611;65-74;93;99;192;SEC_611
2001;107;12-15;29;24;53;SEC_107
2005;437;35-49;98;110;208;SEC_437
2016;132;00-02;19;24;43;SEC_132
1994;530;18-24;81;82;163;SEC_530
1996;137;25-34;97;100;197;SEC_137
2009;627;03-11;36;22;58;SEC_627
2016;511;65-74;99;71;170;SEC_511
2001;441;18-24;116;110;226;SEC_441
1994;418;12-15;26;20;46;SEC_418
2000;413;00-02;1;3;4;SEC_413
1996;114;00-02;16;16;32;SEC_114
1995;212;00-02;9;12;21;SEC_212
2000;507;75 i +;38;23;61;SEC_507
1999;235;00-02;12;15;27;SEC_235
1996;513;00-02;3;6;9;SEC_513
2004;531;16-17;6;9;15;SEC_531
2000;415;75 i +;46;29;75;SEC_415
2007;606;16-17;11;14;25;SEC_606
2003;247;18-24;56;49;105;SEC_247
2000;517;12-15;13;11;24;SEC_517
1996;440;12-15;23;17;40;SEC_440
2005;532;75 i +;74;45;119;SEC_532
2015;213;75 i +;52;41;93;SEC_213
2014;426;03-11;43;51;94;SEC_426
1999;427;12-15;8;14;22;SEC_427
1995;512;75 i +;34;16;50;SEC_512
2011;520;25-34;53;63;116;SEC_520
1995;229;16-17;8;7;15;SEC_229
1994;305;25-34;88;106;194;SEC_305
1996;622;25-34;77;95;172;SEC_622
1999;442;18-24;31;35;66;SEC_442
2001;122;03-11;43;22;65;SEC_122
1997;127;03-11;56;39;95;SEC_127
1997;247;03-11;36;45;81;SEC_247
2005;113;00-02;14;20;34;SEC_113
2012;119;65-74;93;85;178;SEC_119
2009;240;35-49;96;108;204;SEC_240
2003;610;00-02;17;16;33;SEC_610
2001;403;12-15;24;15;39;SEC_403
2000;220;75 i +;40;28;68;SEC_220
2000;224;12-15;7;10;17;SEC_224
2011;532;18-24;70;49;119;SEC_532
1999;609;16-17;8;10;18;SEC_609
2002;442;75 i +;28;22;50;SEC_442
1994;426;65-74;53;45;98;SEC_426
1996;124;50-64;77;81;158;SEC_124
2005;205;00-02;7;8;15;SEC_205
2002;129;03-11;38;30;68;SEC_129
2005;125;75 i +;54;29;83;SEC_125
1997;429;35-49;74;77;151;SEC_429
2015;233;75 i +;62;36;98;SEC_233
2012;625;50-64;197;167;364;SEC_625
1994;535;16-17;26;27;53;SEC_535
1996;420;65-74;77;55;132;SEC_420
2006;240;65-74;49;44;93;SEC_240
1997;513;35-49;52;56;108;SEC_513
2012;437;12-15;11;10;21;SEC_437
2000;614;75 i +;35;16;51;SEC_614
1997;124;50-64;77;78;155;SEC_124
1999;422;03-11;29;39;68;SEC_422
2009;244;65-74;26;20;46;SEC_244
1999;133;25-34;61;85;146;SEC_133
2012;140;16-17;6;14;20;SEC_140
2002;437;18-24;29;31;60;SEC_437
2007;321;35-49;266;252;518;SEC_321
2016;107;03-11;68;71;139;SEC_107
1996;135;03-11;67;65;132;SEC_135
1999;217;75 i +;44;17;61;SEC_217
2014;130;25-34;56;58;114;SEC_130
2010;632;03-11;58;48;106;SEC_632
2011;246;12-15;28;27;55;SEC_246
2001;628;25-34;96;104;200;SEC_628
2015;419;12-15;38;38;76;SEC_419
2012;601;50-64;112;109;221;SEC_601
2008;601;00-02;20;13;33;SEC_601
1998;619;50-64;162;166;328;SEC_619
1994;248;12-15;19;30;49;SEC_248
2014;139;00-02;8;9;17;SEC_139
2000;217;18-24;27;26;53;SEC_217
2012;604;75 i +;38;23;61;SEC_604
2008;514;50-64;53;55;108;SEC_514
1996;534;65-74;53;45;98;SEC_534
2000;129;65-74;46;34;80;SEC_129
1999;534;50-64;104;101;205;SEC_534
2013;138;16-17;7;5;12;SEC_138
2013;110;16-17;9;4;13;SEC_110
2011;518;50-64;86;65;151;SEC_518
2016;135;18-24;43;39;82;SEC_135
2000;302;12-15;29;16;45;SEC_302
2004;104;18-24;23;23;46;SEC_104
2013;518;16-17;7;10;17;SEC_518
2001;219;25-34;100;93;193;SEC_219
2014;511;25-34;179;168;347;SEC_511
1995;237;03-11;35;26;61;SEC_237
1996;538;18-24;71;75;146;SEC_538
2012;410;03-11;57;67;124;SEC_410
2006;609;16-17;8;7;15;SEC_609
2009;501;35-49;105;103;208;SEC_501
2009;245;25-34;101;122;223;SEC_245
2002;513;50-64;66;55;121;SEC_513
1999;401;25-34;86;87;173;SEC_401
2000;136;35-49;124;118;242;SEC_136
2006;220;12-15;18;20;38;SEC_220
2008;627;75 i +;39;23;62;SEC_627
2001;241;25-34;63;63;126;SEC_241
1998;442;75 i +;34;21;55;SEC_442
1994;322;25-34;89;110;199;SEC_322
1995;102;35-49;186;164;350;SEC_102
2001;320;00-02;12;14;26;SEC_320
2015;133;00-02;8;8;16;SEC_133
1994;428;16-17;4;8;12;SEC_428
2012;427;16-17;10;12;22;SEC_427
2011;629;12-15;5;9;14;SEC_629
1998;421;50-64;144;115;259;SEC_421
1994;108;25-34;106;107;213;SEC_108
2000;244;18-24;25;14;39;SEC_244
2010;611;12-15;16;31;47;SEC_611
2000;129;00-02;6;17;23;SEC_129
2012;304;50-64;134;127;261;SEC_304
2009;317;12-15;20;24;44;SEC_317
1994;514;25-34;64;75;139;SEC_514
2001;616;12-15;75;75;150;SEC_616
2013;249;12-15;18;23;41;SEC_249
1999;307;12-15;31;34;65;SEC_307
2004;532;50-64;133;113;246;SEC_532
2007;316;50-64;342;346;688;SEC_316
2010;412;00-02;14;25;39;SEC_412
2010;116;18-24;44;46;90;SEC_116
2016;319;00-02;24;33;57;SEC_319
2014;210;25-34;42;53;95;SEC_210
2003;307;25-34;117;110;227;SEC_307
1997;425;75 i +;46;23;69;SEC_425
2015;623;65-74;128;98;226;SEC_623
2007;231;00-02;13;16;29;SEC_231
1999;420;65-74;89;66;155;SEC_420
2005;320;03-11;42;48;90;SEC_320
2014;622;25-34;37;43;80;SEC_622
2002;418;35-49;114;138;252;SEC_418
1999;215;35-49;70;66;136;SEC_215
1998;126;65-74;66;47;113;SEC_126
1998;128;75 i +;32;19;51;SEC_128
2004;218;03-11;27;22;49;SEC_218
2002;202;75 i +;32;23;55;SEC_202
2001;238;25-34;70;84;154;SEC_238
2000;617;35-49;103;100;203;SEC_617
2010;211;00-02;22;26;48;SEC_211
2012;606;18-24;38;39;77;SEC_606
2001;614;65-74;55;44;99;SEC_614
2002;519;75 i +;17;23;40;SEC_519
2002;628;03-11;37;35;72;SEC_628
2003;411;35-49;91;91;182;SEC_411
2005;521;25-34;79;109;188;SEC_521
2000;113;35-49;199;167;366;SEC_113
2005;214;16-17;6;3;9;SEC_214
2001;421;75 i +;58;36;94;SEC_421
2004;617;50-64;104;86;190;SEC_617
2008;402;65-74;47;40;87;SEC_402
2010;314;18-24;68;123;191;SEC_314
2008;103;00-02;10;8;18;SEC_103
2002;511;50-64;63;51;114;SEC_511
1996;420;03-11;38;44;82;SEC_420
2003;102;18-24;65;62;127;SEC_102
2016;630;00-02;10;12;22;SEC_630
2012;325;03-11;65;71;136;SEC_325
2009;243;25-34;141;133;274;SEC_243
2003;509;50-64;67;65;132;SEC_509
1998;508;35-49;50;54;104;SEC_508
2005;620;35-49;63;66;129;SEC_620
2012;128;00-02;16;16;32;SEC_128
1995;232;00-02;8;7;15;SEC_232
1997;246;18-24;47;41;88;SEC_246
2015;401;50-64;133;110;243;SEC_401
2000;519;03-11;10;30;40;SEC_519
1996;322;50-64;103;104;207;SEC_322
2004;127;16-17;8;10;18;SEC_127
1997;436;16-17;9;14;23;SEC_436
2007;523;00-02;19;19;38;SEC_523
2011;240;35-49;94;96;190;SEC_240
1994;136;35-49;144;146;290;SEC_136
1996;113;16-17;14;24;38;SEC_113
2002;313;35-49;213;195;408;SEC_313
2007;423;12-15;12;11;23;SEC_423
2001;417;65-74;40;39;79;SEC_417
2001;528;16-17;8;3;11;SEC_528
2009;117;03-11;65;81;146;SEC_117
2016;320;65-74;2;2;4;SEC_320
1997;534;50-64;96;101;197;SEC_534
2004;519;18-24;50;32;82;SEC_519
2012;222;35-49;119;146;265;SEC_222
2003;306;18-24;86;69;155;SEC_306
1997;134;50-64;116;107;223;SEC_134
2001;243;35-49;153;155;308;SEC_243
2015;132;12-15;39;29;68;SEC_132
2011;611;12-15;23;33;56;SEC_611
2001;245;35-49;99;103;202;SEC_245
1995;526;03-11;23;32;55;SEC_526
2009;211;35-49;174;201;375;SEC_211
2015;317;03-11;66;56;122;SEC_317
2015;101;75 i +;64;43;107;SEC_101
2001;436;03-11;27;32;59;SEC_436
1996;116;50-64;148;166;314;SEC_116
1998;305;50-64;103;111;214;SEC_305
1997;531;35-49;77;76;153;SEC_531
2005;518;35-49;131;142;273;SEC_518
1996;222;00-02;9;8;17;SEC_222
2004;318;65-74;26;25;51;SEC_318
2013;138;12-15;17;11;28;SEC_138
2006;137;65-74;50;44;94;SEC_137
2007;632;00-02;21;19;40;SEC_632
1994;121;25-34;88;113;201;SEC_121
2001;401;03-11;42;42;84;SEC_401
1996;632;16-17;24;19;43;SEC_632
2002;308;18-24;80;82;162;SEC_308
2012;504;12-15;14;13;27;SEC_504
2007;403;12-15;12;13;25;SEC_403
2005;131;75 i +;53;35;88;SEC_131
1997;518;35-49;75;88;163;SEC_518
2015;120;25-34;89;94;183;SEC_120
2002;215;50-64;76;57;133;SEC_215
2015;243;12-15;22;32;54;SEC_243
2012;606;75 i +;84;54;138;SEC_606
1995;537;35-49;126;114;240;SEC_537
2012;138;35-49;87;71;158;SEC_138
1995;439;00-02;14;4;18;SEC_439
2001;621;00-02;13;18;31;SEC_621
1999;212;75 i +;66;34;100;SEC_212
1998;419;00-02;13;13;26;SEC_419
2000;425;75 i +;51;29;80;SEC_425
2002;426;25-34;93;107;200;SEC_426
2001;125;35-49;131;113;244;SEC_125
2003;209;12-15;18;22;40;SEC_209
2016;246;50-64;98;99;197;SEC_246
2009;515;16-17;10;7;17;SEC_515
1997;503;35-49;137;116;253;SEC_503
2009;121;03-11;26;36;62;SEC_121
2011;104;16-17;6;6;12;SEC_104
2009;219;65-74;61;40;101;SEC_219
2001;105;25-34;78;80;158;SEC_105
1999;212;65-74;74;71;145;SEC_212
1998;428;16-17;4;3;7;SEC_428
1997;520;25-34;71;65;136;SEC_520
1999;320;00-02;5;7;12;SEC_320
2006;119;12-15;12;22;34;SEC_119
2012;520;16-17;1;8;9;SEC_520
2010;118;35-49;191;171;362;SEC_118
2016;432;00-02;16;17;33;SEC_432
2008;614;50-64;108;88;196;SEC_614
2009;529;00-02;31;24;55;SEC_529
2007;506;12-15;26;36;62;SEC_506
1995;530;16-17;17;18;35;SEC_530
1997;411;50-64;116;114;230;SEC_411
1999;628;25-34;92;97;189;SEC_628
2005;130;12-15;10;18;28;SEC_130
1997;222;12-15;14;21;35;SEC_222
1998;438;12-15;18;7;25;SEC_438
2004;209;03-11;32;30;62;SEC_209
2005;308;35-49;238;247;485;SEC_308
2001;413;18-24;23;22;45;SEC_413
2007;431;50-64;101;104;205;SEC_431
2005;238;25-34;80;84;164;SEC_238
2010;312;18-24;68;61;129;SEC_312
2014;249;65-74;48;43;91;SEC_249
1998;316;16-17;61;61;122;SEC_316
1997;631;16-17;19;16;35;SEC_631
2003;626;65-74;60;61;121;SEC_626
2016;240;18-24;77;65;142;SEC_240
1998;524;50-64;124;102;226;SEC_524
1994;533;00-02;10;7;17;SEC_533
2002;517;00-02;8;24;32;SEC_517
2007;441;03-11;72;69;141;SEC_441
2000;233;03-11;19;17;36;SEC_233
1994;427;50-64;111;77;188;SEC_427
2000;234;18-24;27;39;66;SEC_234
2014;610;25-34;51;58;109;SEC_610
2008;106;25-34;181;176;357;SEC_106
2015;517;50-64;191;148;339;SEC_517
2003;523;16-17;8;12;20;SEC_523
2013;105;35-49;136;136;272;SEC_105
2011;216;75 i +;72;52;124;SEC_216
2004;106;03-11;57;54;111;SEC_106
1998;508;03-11;22;21;43;SEC_508
2003;528;25-34;96;125;221;SEC_528
1996;436;65-74;37;27;64;SEC_436
2013;243;25-34;124;79;203;SEC_243
2006;406;16-17;16;9;25;SEC_406
1998;103;16-17;16;8;24;SEC_103
1999;607;75 i +;39;17;56;SEC_607
1996;240;18-24;39;32;71;SEC_240
1994;440;18-24;124;105;229;SEC_440
1997;407;00-02;9;9;18;SEC_407
2003;121;35-49;80;107;187;SEC_121
1996;523;25-34;109;103;212;SEC_523
2015;135;75 i +;81;49;130;SEC_135
2007;210;12-15;15;6;21;SEC_210
2005;248;65-74;54;53;107;SEC_248
1998;435;35-49;70;103;173;SEC_435
2003;241;35-49;87;75;162;SEC_241
2016;631;75 i +;68;48;116;SEC_631
2000;106;35-49;264;226;490;SEC_106
2013;410;12-15;27;32;59;SEC_410
2008;232;00-02;11;8;19;SEC_232
2005;623;18-24;50;67;117;SEC_623
2010;431;18-24;59;54;113;SEC_431
2012;436;16-17;8;8;16;SEC_436
2002;121;18-24;19;19;38;SEC_121
2006;314;00-02;21;29;50;SEC_314
2004;436;03-11;46;40;86;SEC_436
2009;116;16-17;14;15;29;SEC_116
2003;618;50-64;70;58;128;SEC_618
2010;505;75 i +;62;50;112;SEC_505
2005;501;00-02;9;14;23;SEC_501
2014;122;12-15;12;17;29;SEC_122
2010;426;18-24;41;42;83;SEC_426
2001;217;18-24;26;21;47;SEC_217
2008;419;25-34;94;124;218;SEC_419
1994;125;16-17;33;39;72;SEC_125
1995;321;75 i +;64;37;101;SEC_321
2008;526;50-64;57;56;113;SEC_526
1994;503;35-49;139;145;284;SEC_503
2007;303;16-17;9;7;16;SEC_303
2001;605;00-02;5;7;12;SEC_605
2016;209;35-49;129;118;247;SEC_209
1998;129;50-64;121;127;248;SEC_129
2003;208;65-74;142;124;266;SEC_208
2016;245;50-64;97;91;188;SEC_245
2000;237;35-49;118;129;247;SEC_237
2010;531;35-49;121;147;268;SEC_531
1995;531;65-74;53;40;93;SEC_531
1996;415;50-64;61;70;131;SEC_415
2010;518;65-74;74;52;126;SEC_518
2001;409;00-02;12;3;15;SEC_409
2008;432;65-74;73;61;134;SEC_432
2001;440;18-24;61;53;114;SEC_440
1994;232;75 i +;69;27;96;SEC_232
2012;506;16-17;17;13;30;SEC_506
2011;404;35-49;153;175;328;SEC_404
2009;132;50-64;227;215;442;SEC_132
2001;137;16-17;15;13;28;SEC_137
1997;102;12-15;30;20;50;SEC_102
1996;210;12-15;6;13;19;SEC_210
1995;605;03-11;18;14;32;SEC_605
2001;620;50-64;85;87;172;SEC_620
2013;102;03-11;60;55;115;SEC_102
2008;429;65-74;33;28;61;SEC_429
2002;236;18-24;47;49;96;SEC_236
2014;611;65-74;126;95;221;SEC_611
2004;536;25-34;66;85;151;SEC_536
2002;614;18-24;43;46;89;SEC_614
1997;113;16-17;32;22;54;SEC_113
1996;128;25-34;81;97;178;SEC_128
1998;516;18-24;28;35;63;SEC_516
2000;503;18-24;64;74;138;SEC_503
1996;514;12-15;16;19;35;SEC_514
1998;318;03-11;47;55;102;SEC_318
1995;218;03-11;23;37;60;SEC_218
1999;516;75 i +;27;10;37;SEC_516
2006;139;16-17;8;6;14;SEC_139
2001;511;25-34;58;65;123;SEC_511
2012;604;25-34;43;60;103;SEC_604
1995;442;16-17;10;13;23;SEC_442
2009;307;65-74;79;75;154;SEC_307
2002;424;00-02;9;7;16;SEC_424
2002;125;75 i +;40;30;70;SEC_125
2016;208;35-49;182;156;338;SEC_208
2001;222;16-17;9;5;14;SEC_222
2000;514;16-17;7;7;14;SEC_514
2010;104;65-74;47;37;84;SEC_104
2014;204;65-74;67;53;120;SEC_204
2009;236;65-74;66;47;113;SEC_236
2000;612;00-02;8;7;15;SEC_612
2011;424;18-24;19;26;45;SEC_424
1997;406;75 i +;49;32;81;SEC_406
2007;502;75 i +;129;69;198;SEC_502
2004;203;75 i +;45;31;76;SEC_203
2006;403;25-34;85;107;192;SEC_403
1995;312;18-24;86;86;172;SEC_312
1996;209;25-34;88;89;177;SEC_209
2014;427;25-34;142;132;274;SEC_427
1997;437;50-64;89;86;175;SEC_437
2013;133;35-49;91;104;195;SEC_133
2012;301;65-74;144;118;262;SEC_301
2006;239;65-74;75;62;137;SEC_239
2002;621;75 i +;31;17;48;SEC_621
2012;620;50-64;60;57;117;SEC_620
2012;138;25-34;59;65;124;SEC_138
2000;614;00-02;7;7;14;SEC_614
1996;412;12-15;57;47;104;SEC_412
1996;511;18-24;45;42;87;SEC_511
2015;322;65-74;60;53;113;SEC_322
2004;504;18-24;38;43;81;SEC_504
1999;517;35-49;104;108;212;SEC_517
2016;132;75 i +;108;74;182;SEC_132
2005;116;00-02;21;21;42;SEC_116
2008;509;35-49;93;112;205;SEC_509
2011;317;65-74;36;35;71;SEC_317
2016;125;18-24;44;59;103;SEC_125
2001;407;35-49;95;91;186;SEC_407
1999;318;25-34;61;65;126;SEC_318
2003;535;35-49;115;106;221;SEC_535
1997;422;18-24;38;49;87;SEC_422
1994;442;35-49;73;58;131;SEC_442
2003;307;16-17;15;14;29;SEC_307
2015;513;12-15;23;34;57;SEC_513
2012;203;03-11;36;44;80;SEC_203
1997;626;75 i +;22;19;41;SEC_626
2002;501;25-34;113;143;256;SEC_501
1998;614;00-02;10;9;19;SEC_614
2005;239;50-64;90;72;162;SEC_239
2012;421;25-34;84;83;167;SEC_421
2014;232;16-17;11;12;23;SEC_232
2000;610;18-24;75;68;143;SEC_610
2005;235;16-17;9;8;17;SEC_235
2002;505;65-74;63;60;123;SEC_505
1999;523;75 i +;86;36;122;SEC_523
2008;103;12-15;10;7;17;SEC_103
2003;106;50-64;209;236;445;SEC_106
2008;319;50-64;147;138;285;SEC_319
2000;117;75 i +;57;28;85;SEC_117
2012;602;18-24;16;14;30;SEC_602
2007;526;25-34;69;69;138;SEC_526
2005;608;03-11;28;25;53;SEC_608
2005;106;03-11;61;54;115;SEC_106
2005;536;00-02;8;14;22;SEC_536
2002;538;50-64;119;87;206;SEC_538
2012;227;65-74;31;30;61;SEC_227
2012;221;00-02;27;15;42;SEC_221
2005;606;35-49;113;124;237;SEC_606
2007;130;18-24;27;23;50;SEC_130
1999;211;00-02;7;18;25;SEC_211
2001;138;50-64;91;79;170;SEC_138
2007;426;25-34;105;141;246;SEC_426
2007;106;16-17;10;15;25;SEC_106
2015;245;12-15;27;24;51;SEC_245
2000;525;18-24;48;46;94;SEC_525
2016;306;25-34;114;115;229;SEC_306
2001;227;65-74;51;41;92;SEC_227
2004;401;35-49;146;146;292;SEC_401
2003;431;75 i +;77;39;116;SEC_431
2009;124;35-49;92;75;167;SEC_124
2001;536;75 i +;42;34;76;SEC_536
2004;317;16-17;5;10;15;SEC_317
1996;503;12-15;29;35;64;SEC_503
2007;112;65-74;63;46;109;SEC_112
1998;108;75 i +;80;38;118;SEC_108
1996;301;12-15;33;47;80;SEC_301
1995;312;50-64;121;147;268;SEC_312
2010;319;65-74;42;49;91;SEC_319
2014;103;25-34;47;42;89;SEC_103
2014;423;16-17;5;9;14;SEC_423
2004;239;03-11;38;36;74;SEC_239
2010;602;65-74;61;58;119;SEC_602
2006;121;16-17;5;7;12;SEC_121
2015;530;12-15;21;27;48;SEC_530
2009;311;00-02;18;30;48;SEC_311
1997;517;03-11;38;43;81;SEC_517
2012;537;65-74;81;59;140;SEC_537
2014;526;18-24;72;53;125;SEC_526
2016;418;18-24;49;57;106;SEC_418
2016;120;18-24;75;61;136;SEC_120
2000;112;12-15;30;23;53;SEC_112
2002;526;65-74;35;32;67;SEC_526
1994;111;12-15;16;31;47;SEC_111
2007;234;65-74;54;33;87;SEC_234
2016;140;18-24;27;44;71;SEC_140
2012;229;50-64;69;69;138;SEC_229
2014;302;03-11;40;38;78;SEC_302
2014;247;12-15;28;23;51;SEC_247
2005;519;16-17;2;8;10;SEC_519
1998;208;50-64;205;162;367;SEC_208
2001;608;03-11;26;38;64;SEC_608
2004;431;75 i +;83;42;125;SEC_431
1999;322;75 i +;41;22;63;SEC_322
2016;535;75 i +;68;69;137;SEC_535
2003;234;50-64;67;59;126;SEC_234
2013;128;75 i +;51;36;87;SEC_128
2016;117;25-34;107;105;212;SEC_117
2011;308;75 i +;98;61;159;SEC_308
1996;127;25-34;70;64;134;SEC_127
2016;609;12-15;9;11;20;SEC_609
2015;433;12-15;35;34;69;SEC_433
2001;525;25-34;76;94;170;SEC_525
2012;246;50-64;86;79;165;SEC_246
2008;434;50-64;47;53;100;SEC_434
1996;230;75 i +;39;14;53;SEC_230
2013;606;75 i +;80;63;143;SEC_606
2007;404;65-74;79;68;147;SEC_404
1997;438;75 i +;33;11;44;SEC_438
2003;111;03-11;24;24;48;SEC_111
2012;237;75 i +;86;50;136;SEC_237
1997;213;50-64;77;84;161;SEC_213
2010;522;18-24;35;33;68;SEC_522
2008;625;65-74;65;59;124;SEC_625
2010;441;25-34;194;176;370;SEC_441
2012;119;12-15;15;19;34;SEC_119
2013;410;16-17;13;22;35;SEC_410
2004;422;18-24;41;46;87;SEC_422
2015;517;35-49;245;304;549;SEC_517
2009;221;16-17;17;8;25;SEC_221
2003;312;65-74;66;62;128;SEC_312
2015;426;25-34;95;88;183;SEC_426
2013;303;16-17;14;11;25;SEC_303
1997;130;25-34;80;97;177;SEC_130
2005;511;16-17;7;3;10;SEC_511
2009;302;75 i +;61;36;97;SEC_302
2012;412;75 i +;97;84;181;SEC_412
2010;209;75 i +;79;68;147;SEC_209
2001;139;65-74;32;25;57;SEC_139
2003;301;03-11;80;91;171;SEC_301
2011;625;50-64;196;178;374;SEC_625
1999;204;65-74;54;39;93;SEC_204
1999;608;75 i +;29;11;40;SEC_608
2016;106;16-17;9;10;19;SEC_106
2006;625;50-64;192;180;372;SEC_625
2009;310;16-17;6;11;17;SEC_310
2007;440;03-11;36;35;71;SEC_440
2009;202;75 i +;45;30;75;SEC_202
2003;631;00-02;9;8;17;SEC_631
2002;627;16-17;12;15;27;SEC_627
2013;116;50-64;148;119;267;SEC_116
2012;436;03-11;50;59;109;SEC_436
2003;134;12-15;22;24;46;SEC_134
2008;631;35-49;105;115;220;SEC_631
1994;616;18-24;166;178;344;SEC_616
2005;232;18-24;40;39;79;SEC_232
1998;323;18-24;203;202;405;SEC_323
2014;314;16-17;20;14;34;SEC_314
2005;434;12-15;16;11;27;SEC_434
2010;430;35-49;131;155;286;SEC_430
2008;117;35-49;218;212;430;SEC_117
1994;218;12-15;20;20;40;SEC_218
1995;622;03-11;53;47;100;SEC_622
2012;216;35-49;143;156;299;SEC_216
1998;439;12-15;8;20;28;SEC_439
1995;325;12-15;47;34;81;SEC_325
2013;102;75 i +;107;71;178;SEC_102
2009;538;75 i +;86;55;141;SEC_538
1997;311;50-64;141;132;273;SEC_311
2000;507;25-34;77;99;176;SEC_507
2008;626;00-02;13;15;28;SEC_626
1999;507;50-64;91;98;189;SEC_507
1994;530;50-64;171;154;325;SEC_530
2013;223;25-34;103;95;198;SEC_223
2011;225;16-17;1;3;4;SEC_225
2011;126;25-34;79;64;143;SEC_126
2015;405;25-34;114;110;224;SEC_405
2003;323;12-15;63;54;117;SEC_323
2014;128;75 i +;55;38;93;SEC_128
2003;234;18-24;30;41;71;SEC_234
2014;212;35-49;193;167;360;SEC_212
2012;415;16-17;6;7;13;SEC_415
1999;101;00-02;17;16;33;SEC_101
2012;119;50-64;150;122;272;SEC_119
2000;528;25-34;114;117;231;SEC_528
2011;403;00-02;18;20;38;SEC_403
1997;228;65-74;44;34;78;SEC_228
2016;534;35-49;120;126;246;SEC_534
1996;406;25-34;100;105;205;SEC_406
2006;136;16-17;10;10;20;SEC_136
1995;510;65-74;62;36;98;SEC_510
2004;206;18-24;45;36;81;SEC_206
1999;423;75 i +;53;25;78;SEC_423
2006;536;12-15;14;10;24;SEC_536
2012;213;18-24;36;39;75;SEC_213
2003;325;03-11;76;62;138;SEC_325
2010;234;50-64;62;62;124;SEC_234
1995;234;50-64;103;77;180;SEC_234
2016;414;18-24;76;77;153;SEC_414
2010;110;25-34;97;108;205;SEC_110
2008;621;12-15;29;24;53;SEC_621
2015;427;75 i +;91;52;143;SEC_427
2002;306;65-74;101;75;176;SEC_306
2004;102;00-02;20;26;46;SEC_102
2001;306;00-02;25;18;43;SEC_306
2009;232;50-64;92;81;173;SEC_232
2015;216;18-24;41;47;88;SEC_216
2015;409;25-34;130;135;265;SEC_409
2007;231;25-34;108;129;237;SEC_231
2010;246;18-24;40;38;78;SEC_246
2004;418;03-11;42;35;77;SEC_418
2010;239;12-15;17;13;30;SEC_239
1995;608;16-17;18;30;48;SEC_608
2003;631;65-74;49;56;105;SEC_631
2008;436;16-17;8;10;18;SEC_436
2009;427;35-49;121;137;258;SEC_427
2002;607;12-15;15;14;29;SEC_607
2006;420;16-17;10;11;21;SEC_420
2008;507;75 i +;39;21;60;SEC_507
1996;106;16-17;41;37;78;SEC_106
2008;213;12-15;18;18;36;SEC_213
2015;525;75 i +;74;38;112;SEC_525
2012;217;03-11;23;34;57;SEC_217
2015;140;75 i +;62;46;108;SEC_140
2004;621;00-02;17;17;34;SEC_621
2014;403;35-49;117;134;251;SEC_403
1997;226;12-15;21;23;44;SEC_226
2007;519;50-64;42;36;78;SEC_519
1999;234;18-24;31;41;72;SEC_234
2009;608;35-49;82;105;187;SEC_608
1994;103;03-11;29;25;54;SEC_103
2012;511;00-02;10;12;22;SEC_511
1998;108;16-17;9;11;20;SEC_108
2004;320;12-15;13;13;26;SEC_320
2012;527;75 i +;55;29;84;SEC_527
2014;135;18-24;48;39;87;SEC_135
2000;215;50-64;77;54;131;SEC_215
2007;441;16-17;19;27;46;SEC_441
1995;618;18-24;60;75;135;SEC_618
2009;230;00-02;19;23;42;SEC_230
2016;117;00-02;21;19;40;SEC_117
2005;325;12-15;28;32;60;SEC_325
2013;406;12-15;18;22;40;SEC_406
1998;515;00-02;5;9;14;SEC_515
1999;517;75 i +;47;31;78;SEC_517
2016;207;03-11;82;80;162;SEC_207
2010;321;18-24;91;96;187;SEC_321
1998;207;35-49;70;65;135;SEC_207
2009;118;00-02;22;26;48;SEC_118
2012;239;65-74;58;39;97;SEC_239
2008;122;25-34;73;75;148;SEC_122
1995;314;65-74;67;55;122;SEC_314
1998;309;50-64;61;63;124;SEC_309
2008;227;50-64;63;57;120;SEC_227
2011;201;50-64;73;59;132;SEC_201
2013;435;50-64;80;87;167;SEC_435
2002;241;16-17;9;4;13;SEC_241
1998;603;35-49;50;49;99;SEC_603
2012;303;75 i +;124;110;234;SEC_303
1994;427;00-02;6;8;14;SEC_427
2011;320;65-74;64;62;126;SEC_320
2006;402;16-17;8;2;10;SEC_402
2000;319;50-64;77;75;152;SEC_319
2011;239;12-15;20;19;39;SEC_239
2007;243;50-64;112;104;216;SEC_243
2001;419;12-15;15;8;23;SEC_419
2012;131;35-49;152;192;344;SEC_131
1998;117;12-15;61;62;123;SEC_117
2003;209;18-24;34;28;62;SEC_209
2009;302;03-11;31;39;70;SEC_302
2005;222;03-11;43;27;70;SEC_222
2009;434;35-49;74;93;167;SEC_434
2006;235;50-64;118;87;205;SEC_235
2012;415;00-02;12;17;29;SEC_415
2010;233;35-49;127;134;261;SEC_233
2012;243;18-24;68;61;129;SEC_243
2004;118;75 i +;50;24;74;SEC_118
1995;114;75 i +;52;18;70;SEC_114
2000;401;75 i +;42;20;62;SEC_401
1994;506;50-64;159;191;350;SEC_506
2014;318;12-15;10;16;26;SEC_318
2006;228;35-49;75;93;168;SEC_228
1997;228;03-11;19;13;32;SEC_228
2013;534;12-15;15;12;27;SEC_534
2014;101;12-15;32;28;60;SEC_101
1994;137;00-02;18;16;34;SEC_137
2002;410;65-74;141;121;262;SEC_410
2006;125;75 i +;53;30;83;SEC_125
2003;433;35-49;115;106;221;SEC_433
1994;424;75 i +;14;7;21;SEC_424
2009;625;25-34;104;126;230;SEC_625
2002;228;12-15;9;9;18;SEC_228
2002;520;00-02;6;11;17;SEC_520
2006;527;00-02;21;25;46;SEC_527
1995;307;65-74;70;59;129;SEC_307
2001;310;16-17;18;11;29;SEC_310
2010;608;25-34;52;55;107;SEC_608
2008;441;00-02;23;21;44;SEC_441
2012;304;00-02;53;64;117;SEC_304
2009;113;18-24;74;75;149;SEC_113
2009;246;00-02;13;28;41;SEC_246
2011;411;25-34;79;71;150;SEC_411
1994;520;18-24;64;64;128;SEC_520
1998;421;35-49;82;71;153;SEC_421
1997;112;16-17;26;22;48;SEC_112
1994;306;75 i +;55;34;89;SEC_306
2008;136;25-34;115;113;228;SEC_136
2009;320;03-11;65;52;117;SEC_320
2005;245;12-15;24;15;39;SEC_245
2004;424;12-15;8;8;16;SEC_424
2011;125;75 i +;56;44;100;SEC_125
1998;438;18-24;48;46;94;SEC_438
2000;523;12-15;17;21;38;SEC_523
2012;123;75 i +;98;63;161;SEC_123
1994;538;35-49;99;107;206;SEC_538
2016;104;25-34;40;57;97;SEC_104
1997;220;25-34;72;67;139;SEC_220
2012;218;03-11;23;22;45;SEC_218
2016;133;16-17;8;7;15;SEC_133
2006;441;65-74;85;80;165;SEC_441
2011;315;12-15;33;35;68;SEC_315
2006;201;50-64;63;42;105;SEC_201
2010;623;03-11;56;74;130;SEC_623
2007;405;25-34;88;86;174;SEC_405
2014;204;25-34;110;115;225;SEC_204
2015;507;18-24;24;35;59;SEC_507
2003;312;25-34;195;216;411;SEC_312
2016;410;03-11;59;51;110;SEC_410
2000;524;00-02;19;13;32;SEC_524
2000;107;03-11;47;57;104;SEC_107
2008;440;16-17;6;5;11;SEC_440
2002;227;03-11;27;21;48;SEC_227
2007;247;16-17;14;17;31;SEC_247
2011;602;16-17;5;5;10;SEC_602
2003;514;03-11;29;29;58;SEC_514
2011;408;75 i +;42;39;81;SEC_408
2002;105;50-64;103;110;213;SEC_105
2008;102;12-15;26;24;50;SEC_102
2002;212;12-15;21;23;44;SEC_212
1997;320;25-34;43;54;97;SEC_320
1997;304;25-34;91;102;193;SEC_304
2012;513;75 i +;57;36;93;SEC_513
2013;538;03-11;56;49;105;SEC_538
2012;323;00-02;37;44;81;SEC_323
1997;132;03-11;88;72;160;SEC_132
2002;612;12-15;13;12;25;SEC_612
2002;524;18-24;60;73;133;SEC_524
2000;304;50-64;108;105;213;SEC_304
2006;531;50-64;87;72;159;SEC_531
2006;315;65-74;53;50;103;SEC_315
2004;301;35-49;265;246;511;SEC_301
2013;309;16-17;5;13;18;SEC_309
1995;128;65-74;42;42;84;SEC_128
1994;538;25-34;106;98;204;SEC_538
2008;124;03-11;26;25;51;SEC_124
1998;608;03-11;35;49;84;SEC_608
2013;602;50-64;79;76;155;SEC_602
1998;222;50-64;79;79;158;SEC_222
2016;122;65-74;49;31;80;SEC_122
1997;121;25-34;93;91;184;SEC_121
1998;401;65-74;106;82;188;SEC_401
1999;302;16-17;14;19;33;SEC_302
2008;536;00-02;11;14;25;SEC_536
2007;317;25-34;121;139;260;SEC_317
2011;228;75 i +;43;35;78;SEC_228
2011;622;18-24;24;29;53;SEC_622
2008;121;65-74;44;27;71;SEC_121
2015;425;16-17;10;8;18;SEC_425
2009;405;25-34;66;64;130;SEC_405
2013;323;35-49;219;238;457;SEC_323
2004;631;03-11;33;44;77;SEC_631
2012;522;35-49;102;113;215;SEC_522
2008;104;03-11;40;37;77;SEC_104
2014;404;16-17;19;17;36;SEC_404
2008;534;75 i +;59;34;93;SEC_534
2009;508;18-24;21;25;46;SEC_508
1996;223;16-17;7;14;21;SEC_223
2008;318;25-34;68;56;124;SEC_318
1998;434;25-34;33;38;71;SEC_434
1998;506;03-11;79;98;177;SEC_506
2004;425;65-74;62;45;107;SEC_425
2002;507;03-11;16;30;46;SEC_507
2015;609;65-74;86;71;157;SEC_609
1994;509;25-34;66;69;135;SEC_509
2007;411;25-34;78;93;171;SEC_411
2007;502;65-74;76;74;150;SEC_502
1994;106;18-24;120;129;249;SEC_106
1997;518;75 i +;47;23;70;SEC_518
2010;225;03-11;16;18;34;SEC_225
1998;137;75 i +;37;13;50;SEC_137
2000;134;50-64;113;110;223;SEC_134
1995;626;25-34;104;119;223;SEC_626
2002;138;35-49;95;90;185;SEC_138
2003;320;35-49;95;98;193;SEC_320
2014;537;25-34;107;86;193;SEC_537
1999;510;00-02;11;13;24;SEC_510
2010;235;50-64;101;97;198;SEC_235
2013;118;03-11;77;67;144;SEC_118
1994;109;50-64;107;94;201;SEC_109
2007;121;25-34;79;85;164;SEC_121
2009;512;16-17;10;7;17;SEC_512
2011;430;35-49;134;162;296;SEC_430
2001;222;50-64;78;75;153;SEC_222
2010;521;35-49;94;111;205;SEC_521
2005;132;18-24;95;104;199;SEC_132
2009;504;50-64;105;78;183;SEC_504
2014;631;12-15;12;15;27;SEC_631
1998;626;75 i +;23;17;40;SEC_626
2007;127;03-11;27;27;54;SEC_127
2002;241;50-64;54;45;99;SEC_241
2016;231;18-24;50;51;101;SEC_231
2005;417;75 i +;31;20;51;SEC_417
2013;205;25-34;69;69;138;SEC_205
2004;616;35-49;293;302;595;SEC_616
2010;631;50-64;117;87;204;SEC_631
2001;320;18-24;25;34;59;SEC_320
2000;116;18-24;105;107;212;SEC_116
2016;236;75 i +;96;45;141;SEC_236
2007;125;16-17;17;10;27;SEC_125
2007;423;35-49;108;111;219;SEC_423
2013;517;16-17;15;29;44;SEC_517
1999;608;12-15;20;24;44;SEC_608
2002;247;00-02;23;14;37;SEC_247
2000;221;12-15;16;22;38;SEC_221
2014;213;03-11;40;48;88;SEC_213
2008;219;00-02;19;16;35;SEC_219
2004;305;35-49;214;197;411;SEC_305
2014;217;25-34;106;115;221;SEC_217
1997;314;12-15;84;83;167;SEC_314
2001;216;50-64;147;120;267;SEC_216
1995;201;75 i +;30;13;43;SEC_201
1999;128;12-15;18;17;35;SEC_128
2012;523;65-74;84;61;145;SEC_523
1999;426;50-64;75;73;148;SEC_426
1997;214;03-11;19;18;37;SEC_214
2001;111;25-34;66;101;167;SEC_111
2004;510;16-17;10;8;18;SEC_510
1995;624;18-24;125;154;279;SEC_624
1998;312;18-24;86;80;166;SEC_312
2011;427;35-49;107;165;272;SEC_427
1997;314;50-64;128;154;282;SEC_314
2014;305;00-02;22;11;33;SEC_305
2009;415;16-17;9;7;16;SEC_415
2015;513;35-49;206;218;424;SEC_513
2016;129;12-15;16;30;46;SEC_129
2001;311;75 i +;89;41;130;SEC_311
1994;527;00-02;8;8;16;SEC_527
1999;233;65-74;50;39;89;SEC_233
1997;119;25-34;100;98;198;SEC_119
2014;106;75 i +;77;34;111;SEC_106
2011;315;18-24;63;64;127;SEC_315
2010;518;16-17;11;9;20;SEC_518
2016;245;16-17;10;11;21;SEC_245
2015;229;65-74;62;28;90;SEC_229
2009;218;50-64;76;63;139;SEC_218
2015;520;50-64;80;57;137;SEC_520
2011;128;18-24;29;30;59;SEC_128
2001;629;50-64;58;50;108;SEC_629
2001;312;00-02;8;27;35;SEC_312
2003;113;18-24;95;84;179;SEC_113
1999;433;35-49;94;84;178;SEC_433
2007;112;25-34;155;145;300;SEC_112
1997;119;16-17;20;29;49;SEC_119
2010;129;00-02;24;24;48;SEC_129
2015;123;18-24;43;46;89;SEC_123
2006;223;16-17;13;10;23;SEC_223
2013;622;75 i +;35;10;45;SEC_622
2002;430;50-64;69;66;135;SEC_430
2014;128;25-34;64;66;130;SEC_128
2010;122;03-11;40;42;82;SEC_122
1995;532;25-34;113;106;219;SEC_532
2013;416;50-64;111;109;220;SEC_416
2009;404;03-11;52;62;114;SEC_404
1995;304;16-17;16;11;27;SEC_304
2007;302;18-24;55;50;105;SEC_302
1995;323;25-34;215;181;396;SEC_323
1995;538;50-64;158;141;299;SEC_538
2013;133;65-74;52;46;98;SEC_133
1995;242;65-74;77;83;160;SEC_242
2012;404;75 i +;90;52;142;SEC_404
2009;522;65-74;25;22;47;SEC_522
1999;621;00-02;16;15;31;SEC_621
2000;247;16-17;3;9;12;SEC_247
1997;124;35-49;123;100;223;SEC_124
1999;324;75 i +;49;21;70;SEC_324
1994;241;12-15;11;8;19;SEC_241
1999;404;16-17;14;12;26;SEC_404
2009;529;65-74;65;63;128;SEC_529
2001;239;35-49;98;101;199;SEC_239
1995;246;25-34;84;92;176;SEC_246
2012;312;16-17;13;15;28;SEC_312
2010;125;50-64;155;150;305;SEC_125
2014;409;65-74;94;73;167;SEC_409
2000;306;50-64;139;128;267;SEC_306
2001;523;65-74;95;87;182;SEC_523
2008;228;00-02;11;14;25;SEC_228
1996;425;03-11;30;29;59;SEC_425
1997;404;75 i +;58;29;87;SEC_404
2013;306;18-24;57;71;128;SEC_306
2011;424;12-15;6;14;20;SEC_424
1995;310;75 i +;23;12;35;SEC_310
2003;619;65-74;93;77;170;SEC_619
2004;103;65-74;48;37;85;SEC_103
1997;245;75 i +;70;33;103;SEC_245
1999;403;03-11;20;31;51;SEC_403
1994;236;03-11;32;29;61;SEC_236
1996;438;65-74;29;27;56;SEC_438
2014;130;75 i +;95;61;156;SEC_130
1995;529;65-74;71;63;134;SEC_529
1996;324;03-11;43;36;79;SEC_324
1996;249;16-17;11;10;21;SEC_249
2001;403;65-74;78;67;145;SEC_403
2007;414;12-15;24;16;40;SEC_414
2008;134;12-15;22;22;44;SEC_134
2013;104;12-15;14;18;32;SEC_104
1994;425;75 i +;41;22;63;SEC_425
1995;314;75 i +;48;16;64;SEC_314
2015;538;35-49;163;177;340;SEC_538
1997;224;65-74;45;34;79;SEC_224
2015;613;12-15;16;18;34;SEC_613
1994;312;75 i +;20;10;30;SEC_312
1999;442;35-49;53;55;108;SEC_442
2005;203;65-74;40;34;74;SEC_203
1994;247;50-64;118;125;243;SEC_247
2005;233;16-17;7;5;12;SEC_233
1996;224;03-11;19;20;39;SEC_224
2015;128;16-17;7;6;13;SEC_128
2016;529;25-34;99;77;176;SEC_529
2007;512;35-49;108;106;214;SEC_512
2010;535;12-15;9;12;21;SEC_535
1998;237;75 i +;68;36;104;SEC_237
2009;317;50-64;57;77;134;SEC_317
2011;231;65-74;55;38;93;SEC_231
2008;205;25-34;94;93;187;SEC_205
2011;248;16-17;18;14;32;SEC_248
2007;215;50-64;83;67;150;SEC_215
2014;532;18-24;44;55;99;SEC_532
1997;402;00-02;3;3;6;SEC_402
2009;508;50-64;40;44;84;SEC_508
2009;243;50-64;128;111;239;SEC_243
1994;504;16-17;15;25;40;SEC_504
1997;428;16-17;3;4;7;SEC_428
1999;109;50-64;89;92;181;SEC_109
2008;627;16-17;4;10;14;SEC_627
2008;607;03-11;44;36;80;SEC_607
2012;404;16-17;8;15;23;SEC_404
2013;234;18-24;39;41;80;SEC_234
1996;617;12-15;30;34;64;SEC_617
2004;211;03-11;42;54;96;SEC_211
2004;620;50-64;83;76;159;SEC_620
2003;212;16-17;11;18;29;SEC_212
2015;617;25-34;47;48;95;SEC_617
1999;315;18-24;92;84;176;SEC_315
1998;628;16-17;13;20;33;SEC_628
1998;118;18-24;154;172;326;SEC_118
2005;420;25-34;159;188;347;SEC_420
2012;406;50-64;117;113;230;SEC_406
1998;628;18-24;93;112;205;SEC_628
2004;323;12-15;59;55;114;SEC_323
2002;537;16-17;9;11;20;SEC_537
2003;610;12-15;17;15;32;SEC_610
1998;438;00-02;9;3;12;SEC_438
2000;519;65-74;44;41;85;SEC_519
2004;437;25-34;96;105;201;SEC_437
2010;247;35-49;163;192;355;SEC_247
2015;514;03-11;50;64;114;SEC_514
2002;243;50-64;116;93;209;SEC_243
2015;310;12-15;14;21;35;SEC_310
1995;219;16-17;6;11;17;SEC_219
2007;630;35-49;74;96;170;SEC_630
2009;248;75 i +;64;40;104;SEC_248
2016;208;25-34;110;107;217;SEC_208
2007;532;25-34;166;159;325;SEC_532
2003;224;18-24;27;28;55;SEC_224
2011;419;35-49;116;144;260;SEC_419
2013;316;03-11;51;69;120;SEC_316
2008;504;12-15;8;12;20;SEC_504
2012;628;75 i +;49;39;88;SEC_628
2005;117;35-49;234;230;464;SEC_117
1998;425;50-64;93;88;181;SEC_425
2011;439;25-34;98;114;212;SEC_439
2005;236;65-74;68;52;120;SEC_236
2003;420;03-11;51;58;109;SEC_420
2010;520;75 i +;54;43;97;SEC_520
2004;119;00-02;8;17;25;SEC_119
1994;241;00-02;3;4;7;SEC_241
2005;111;35-49;103;98;201;SEC_111
2006;538;12-15;10;13;23;SEC_538
1998;623;25-34;139;149;288;SEC_623
1997;114;12-15;45;36;81;SEC_114
2008;529;12-15;24;24;48;SEC_529
1995;211;65-74;114;88;202;SEC_211
1998;421;03-11;30;33;63;SEC_421
1998;413;75 i +;38;12;50;SEC_413
2009;609;25-34;56;57;113;SEC_609
2013;431;25-34;122;133;255;SEC_431
2016;617;00-02;12;25;37;SEC_617
2004;206;12-15;15;17;32;SEC_206
2002;112;16-17;17;16;33;SEC_112
2000;614;25-34;104;114;218;SEC_614
2002;219;03-11;55;34;89;SEC_219
2007;238;25-34;82;104;186;SEC_238
1996;205;16-17;18;14;32;SEC_205
2000;519;50-64;55;48;103;SEC_519
2016;311;16-17;18;15;33;SEC_311
2003;219;35-49;130;137;267;SEC_219
2015;110;25-34;59;60;119;SEC_110
2001;139;16-17;5;11;16;SEC_139
2009;132;00-02;31;32;63;SEC_132
1998;616;25-34;159;171;330;SEC_616
1997;129;00-02;13;8;21;SEC_129
1998;138;65-74;33;34;67;SEC_138
2009;424;35-49;66;87;153;SEC_424
2007;112;12-15;36;30;66;SEC_112
2003;241;00-02;7;7;14;SEC_241
2009;616;16-17;37;33;70;SEC_616
2005;228;25-34;79;112;191;SEC_228
1998;321;75 i +;75;44;119;SEC_321
2010;612;65-74;110;91;201;SEC_612
1999;323;75 i +;47;15;62;SEC_323
1998;210;18-24;44;45;89;SEC_210
2007;219;18-24;49;54;103;SEC_219
2007;520;35-49;93;98;191;SEC_520
1998;248;25-34;105;101;206;SEC_248
2011;520;35-49;102;94;196;SEC_520
2004;101;75 i +;33;23;56;SEC_101
2006;124;65-74;33;40;73;SEC_124
2009;120;12-15;37;36;73;SEC_120
2003;442;12-15;15;15;30;SEC_442
2002;415;18-24;42;34;76;SEC_415
2006;440;12-15;17;13;30;SEC_440
1999;526;00-02;6;8;14;SEC_526
2004;105;03-11;37;43;80;SEC_105
2008;242;00-02;17;16;33;SEC_242
2005;211;16-17;13;11;24;SEC_211
1999;133;65-74;54;44;98;SEC_133
2008;611;03-11;76;80;156;SEC_611
1996;615;18-24;101;118;219;SEC_615
2015;608;65-74;73;49;122;SEC_608
2015;114;16-17;17;13;30;SEC_114
2014;612;65-74;120;80;200;SEC_612
2014;133;50-64;87;64;151;SEC_133
1994;118;75 i +;13;16;29;SEC_118
2007;427;50-64;70;56;126;SEC_427
1997;205;12-15;22;18;40;SEC_205
2000;609;25-34;83;106;189;SEC_609
2014;622;18-24;26;35;61;SEC_622
1999;319;03-11;19;25;44;SEC_319
2014;245;16-17;12;9;21;SEC_245
2005;618;50-64;72;50;122;SEC_618
2001;322;16-17;15;9;24;SEC_322
1998;243;50-64;139;116;255;SEC_243
1998;612;75 i +;40;18;58;SEC_612
1997;408;12-15;17;22;39;SEC_408
1998;249;16-17;10;10;20;SEC_249
2015;436;12-15;35;35;70;SEC_436
2005;233;35-49;102;113;215;SEC_233
2011;626;16-17;7;6;13;SEC_626
2003;439;35-49;92;105;197;SEC_439
2009;609;75 i +;32;29;61;SEC_609
2016;625;18-24;27;33;60;SEC_625
2011;302;65-74;74;86;160;SEC_302
2002;128;50-64;93;82;175;SEC_128
2016;307;65-74;130;110;240;SEC_307
2002;412;50-64;181;170;351;SEC_412
2015;308;12-15;41;50;91;SEC_308
2014;135;65-74;82;80;162;SEC_135
2000;408;18-24;31;49;80;SEC_408
2002;611;00-02;22;19;41;SEC_611
2010;118;65-74;72;79;151;SEC_118
1998;127;18-24;32;46;78;SEC_127
2001;511;75 i +;45;23;68;SEC_511
2005;135;50-64;152;161;313;SEC_135
2015;243;25-34;124;92;216;SEC_243
2006;315;35-49;198;209;407;SEC_315
1997;110;00-02;11;9;20;SEC_110
2010;524;12-15;18;21;39;SEC_524
1995;632;18-24;114;118;232;SEC_632
2009;503;12-15;7;16;23;SEC_503
2009;309;35-49;118;125;243;SEC_309
1994;536;65-74;57;54;111;SEC_536
2000;412;35-49;169;168;337;SEC_412
2002;610;35-49;97;91;188;SEC_610
1994;504;00-02;9;6;15;SEC_504
2016;436;18-24;75;72;147;SEC_436
2010;246;00-02;17;21;38;SEC_246
2016;605;65-74;152;91;243;SEC_605
1999;611;12-15;30;20;50;SEC_611
2011;422;75 i +;83;50;133;SEC_422
2000;219;00-02;16;11;27;SEC_219
1996;627;16-17;31;28;59;SEC_627
2009;605;18-24;17;10;27;SEC_605
2004;107;00-02;19;31;50;SEC_107
2014;325;16-17;18;16;34;SEC_325
1999;434;03-11;23;24;47;SEC_434
2015;510;00-02;22;10;32;SEC_510
1994;407;65-74;74;70;144;SEC_407
2009;530;18-24;57;50;107;SEC_530
2005;611;03-11;55;61;116;SEC_611
1999;305;25-34;95;103;198;SEC_305
2016;412;00-02;9;20;29;SEC_412
2007;325;18-24;56;56;112;SEC_325
2008;432;50-64;150;147;297;SEC_432
2010;504;50-64;98;75;173;SEC_504
2001;430;65-74;50;51;101;SEC_430
2015;212;75 i +;79;48;127;SEC_212
2008;520;50-64;77;70;147;SEC_520
2008;617;65-74;66;46;112;SEC_617
2015;228;35-49;296;329;625;SEC_228
2010;616;65-74;87;86;173;SEC_616
1997;140;35-49;78;70;148;SEC_140
1999;309;16-17;8;9;17;SEC_309
2008;107;00-02;30;41;71;SEC_107
1998;122;25-34;80;92;172;SEC_122
2015;249;25-34;77;89;166;SEC_249
2010;210;25-34;55;60;115;SEC_210
2009;425;35-49;115;144;259;SEC_425
2011;501;50-64;145;122;267;SEC_501
2009;612;25-34;67;81;148;SEC_612
1997;114;75 i +;58;19;77;SEC_114
1999;437;75 i +;22;16;38;SEC_437
1995;420;35-49;90;105;195;SEC_420
1999;402;25-34;49;72;121;SEC_402
2014;416;12-15;34;25;59;SEC_416
2012;204;16-17;5;4;9;SEC_204
2005;621;50-64;227;210;437;SEC_621
2000;236;65-74;89;71;160;SEC_236
2006;439;75 i +;47;31;78;SEC_439
2001;623;16-17;14;14;28;SEC_623
2000;432;50-64;146;152;298;SEC_432
2001;416;00-02;6;9;15;SEC_416
2010;133;35-49;103;104;207;SEC_133
2000;136;65-74;51;48;99;SEC_136
1997;622;25-34;83;96;179;SEC_622
2009;610;00-02;8;12;20;SEC_610
1994;216;16-17;16;31;47;SEC_216
2012;404;00-02;21;31;52;SEC_404
2009;513;35-49;97;100;197;SEC_513
1995;137;25-34;104;96;200;SEC_137
1995;201;16-17;7;13;20;SEC_201
2004;626;03-11;34;39;73;SEC_626
2001;319;35-49;94;83;177;SEC_319
2004;207;03-11;11;24;35;SEC_207
2006;632;12-15;11;21;32;SEC_632
2000;228;65-74;47;40;87;SEC_228
2001;233;50-64;67;63;130;SEC_233
1995;407;16-17;13;12;25;SEC_407
2007;520;75 i +;54;36;90;SEC_520
2007;504;12-15;10;11;21;SEC_504
1998;317;00-02;17;10;27;SEC_317
2014;322;35-49;184;176;360;SEC_322
2010;138;50-64;102;90;192;SEC_138
1998;203;12-15;8;13;21;SEC_203
2010;614;12-15;8;16;24;SEC_614
2010;210;18-24;14;22;36;SEC_210
2012;612;16-17;3;8;11;SEC_612
1998;321;16-17;46;47;93;SEC_321
2005;133;16-17;11;7;18;SEC_133
1995;306;35-49;182;179;361;SEC_306
2002;427;75 i +;40;34;74;SEC_427
2016;405;35-49;235;239;474;SEC_405
2011;130;03-11;50;42;92;SEC_130
1995;618;00-02;4;5;9;SEC_618
2004;417;16-17;7;3;10;SEC_417
2008;606;03-11;54;43;97;SEC_606
1999;524;25-34;118;106;224;SEC_524
2004;210;65-74;77;61;138;SEC_210
2011;440;18-24;22;31;53;SEC_440
2012;241;12-15;26;10;36;SEC_241
2011;206;50-64;73;74;147;SEC_206
2007;415;03-11;30;36;66;SEC_415
2003;603;50-64;79;64;143;SEC_603
2001;427;12-15;6;7;13;SEC_427
1995;515;03-11;30;22;52;SEC_515
2013;613;50-64;72;60;132;SEC_613
1997;218;65-74;43;31;74;SEC_218
2009;440;18-24;25;35;60;SEC_440
2016;622;00-02;10;10;20;SEC_622
2008;619;25-34;89;90;179;SEC_619
2009;307;75 i +;82;60;142;SEC_307
2015;124;35-49;92;82;174;SEC_124
2000;514;25-34;56;62;118;SEC_514
2001;123;75 i +;67;45;112;SEC_123
2004;632;65-74;59;52;111;SEC_632
2006;246;18-24;53;44;97;SEC_246
2002;629;03-11;18;18;36;SEC_629
1997;512;12-15;12;13;25;SEC_512
2001;229;00-02;4;8;12;SEC_229
2002;517;65-74;68;63;131;SEC_517
2003;433;18-24;50;43;93;SEC_433
2008;402;12-15;14;8;22;SEC_402
1997;139;00-02;10;15;25;SEC_139
1998;611;03-11;66;58;124;SEC_611
1994;222;18-24;44;65;109;SEC_222
2002;324;75 i +;54;26;80;SEC_324
2009;107;75 i +;89;47;136;SEC_107
2004;410;25-34;131;158;289;SEC_410
2009;110;75 i +;66;32;98;SEC_110
2014;237;25-34;118;101;219;SEC_237
1995;603;00-02;7;7;14;SEC_603
2007;208;12-15;21;28;49;SEC_208
2003;243;35-49;173;185;358;SEC_243
2003;614;00-02;13;14;27;SEC_614
1999;235;18-24;55;55;110;SEC_235
2004;203;50-64;62;56;118;SEC_203
2014;319;50-64;152;126;278;SEC_319
1998;120;00-02;15;25;40;SEC_120
2002;321;75 i +;90;50;140;SEC_321
2001;428;35-49;49;55;104;SEC_428
1995;413;16-17;6;8;14;SEC_413
2002;119;18-24;76;90;166;SEC_119
1995;414;50-64;99;97;196;SEC_414
2011;405;03-11;22;30;52;SEC_405
1997;525;65-74;49;38;87;SEC_525
1994;109;00-02;10;18;28;SEC_109
2012;628;25-34;64;74;138;SEC_628
2008;243;75 i +;98;62;160;SEC_243
2004;618;00-02;14;11;25;SEC_618
2001;123;35-49;125;127;252;SEC_123
2005;202;16-17;4;5;9;SEC_202
2007;138;18-24;29;50;79;SEC_138
2007;507;00-02;18;10;28;SEC_507
2009;245;16-17;9;12;21;SEC_245
2012;101;35-49;293;306;599;SEC_101
2002;211;16-17;11;9;20;SEC_211
2004;608;03-11;26;27;53;SEC_608
2009;501;12-15;13;21;34;SEC_501
2005;442;16-17;9;9;18;SEC_442
2003;607;03-11;33;35;68;SEC_607
2008;602;12-15;7;9;16;SEC_602
2001;249;03-11;29;29;58;SEC_249
2010;305;12-15;30;25;55;SEC_305
2005;418;18-24;50;57;107;SEC_418
2002;610;18-24;62;58;120;SEC_610
1994;416;00-02;5;9;14;SEC_416
2002;308;65-74;81;78;159;SEC_308
1994;433;16-17;12;18;30;SEC_433
1994;201;65-74;42;34;76;SEC_201
2002;132;35-49;241;226;467;SEC_132
2004;229;03-11;39;32;71;SEC_229
2015;616;18-24;83;96;179;SEC_616
2009;310;12-15;14;11;25;SEC_310
2001;219;50-64;99;82;181;SEC_219
2006;140;75 i +;51;42;93;SEC_140
1994;310;18-24;39;57;96;SEC_310
2006;615;18-24;23;21;44;SEC_615
2009;227;65-74;37;36;73;SEC_227
2001;410;75 i +;74;53;127;SEC_410
2006;111;03-11;18;35;53;SEC_111
2006;113;18-24;89;92;181;SEC_113
2001;536;00-02;5;13;18;SEC_536
1996;529;65-74;71;62;133;SEC_529
2009;213;18-24;52;50;102;SEC_213
2011;620;03-11;17;18;35;SEC_620
2016;621;35-49;162;182;344;SEC_621
2004;424;75 i +;23;15;38;SEC_424
2010;107;18-24;51;62;113;SEC_107
2006;134;65-74;54;40;94;SEC_134
2012;614;25-34;45;65;110;SEC_614
2014;323;50-64;204;184;388;SEC_323
1997;627;12-15;35;35;70;SEC_627
1995;207;00-02;8;4;12;SEC_207
2003;421;12-15;15;18;33;SEC_421
2008;216;65-74;70;56;126;SEC_216
2011;423;35-49;115;138;253;SEC_423
2003;440;16-17;2;5;7;SEC_440
2012;124;50-64;103;72;175;SEC_124
2003;248;50-64;77;78;155;SEC_248
2015;301;75 i +;149;98;247;SEC_301
2009;206;50-64;75;68;143;SEC_206
2002;109;00-02;11;14;25;SEC_109
1997;608;12-15;22;23;45;SEC_608
2010;404;18-24;51;68;119;SEC_404
2004;221;65-74;80;69;149;SEC_221
1995;632;12-15;33;43;76;SEC_632
2005;410;35-49;154;161;315;SEC_410
1997;520;75 i +;35;25;60;SEC_520
2000;322;03-11;37;41;78;SEC_322
2015;611;35-49;238;265;503;SEC_611
1999;522;00-02;7;7;14;SEC_522
1999;632;35-49;101;96;197;SEC_632
2011;528;03-11;56;57;113;SEC_528
1997;514;50-64;90;71;161;SEC_514
2011;406;50-64;119;113;232;SEC_406
2004;512;18-24;27;47;74;SEC_512
2009;205;18-24;29;43;72;SEC_205
2007;109;50-64;123;134;257;SEC_109
2006;414;03-11;31;36;67;SEC_414
2011;417;25-34;77;76;153;SEC_417
2015;321;00-02;20;32;52;SEC_321
2013;613;25-34;71;63;134;SEC_613
2003;424;16-17;7;3;10;SEC_424
2011;419;16-17;9;15;24;SEC_419
2006;531;75 i +;42;30;72;SEC_531
2014;128;65-74;68;47;115;SEC_128
1996;426;00-02;5;11;16;SEC_426
2008;131;03-11;39;46;85;SEC_131
2005;237;18-24;66;66;132;SEC_237
2004;207;35-49;75;67;142;SEC_207
2009;621;16-17;13;8;21;SEC_621
1996;229;16-17;6;6;12;SEC_229
1995;219;25-34;92;99;191;SEC_219
1998;133;75 i +;42;27;69;SEC_133
1998;127;50-64;54;48;102;SEC_127
1997;226;00-02;6;7;13;SEC_226
2015;312;35-49;219;249;468;SEC_312
2014;104;65-74;40;35;75;SEC_104
2003;228;35-49;53;75;128;SEC_228
2014;623;50-64;137;118;255;SEC_623
2016;612;18-24;24;40;64;SEC_612
2002;437;50-64;80;53;133;SEC_437
2009;132;12-15;28;44;72;SEC_132
1996;610;16-17;22;20;42;SEC_610
1996;137;12-15;38;27;65;SEC_137
2015;432;16-17;8;17;25;SEC_432
1996;301;65-74;91;77;168;SEC_301
2011;533;00-02;19;25;44;SEC_533
1995;221;00-02;12;10;22;SEC_221
1995;234;12-15;17;17;34;SEC_234
2007;232;25-34;94;108;202;SEC_232
2003;119;18-24;60;74;134;SEC_119
2006;207;18-24;28;31;59;SEC_207
1997;307;16-17;38;27;65;SEC_307
1994;119;75 i +;31;21;52;SEC_119
1996;506;18-24;187;191;378;SEC_506
2003;104;65-74;68;44;112;SEC_104
2012;242;12-15;20;17;37;SEC_242
1996;136;50-64;100;87;187;SEC_136
1999;239;50-64;119;79;198;SEC_239
1997;102;35-49;162;142;304;SEC_102
1999;509;25-34;67;78;145;SEC_509
2000;308;75 i +;75;41;116;SEC_308
2010;108;03-11;62;51;113;SEC_108
2007;133;00-02;16;10;26;SEC_133
1994;628;75 i +;21;13;34;SEC_628
1995;533;18-24;58;50;108;SEC_533
1997;301;35-49;136;150;286;SEC_301
1994;137;18-24;92;100;192;SEC_137
2011;402;18-24;32;29;61;SEC_402
2006;431;18-24;75;85;160;SEC_431
2014;631;00-02;11;13;24;SEC_631
1997;215;65-74;67;55;122;SEC_215
1998;511;03-11;11;22;33;SEC_511
1994;510;12-15;20;26;46;SEC_510
2003;619;18-24;66;73;139;SEC_619
2004;116;16-17;11;10;21;SEC_116
1995;241;18-24;28;29;57;SEC_241
2015;517;12-15;39;46;85;SEC_517
2008;238;00-02;14;15;29;SEC_238
2012;129;03-11;45;62;107;SEC_129
2008;119;65-74;62;63;125;SEC_119
2011;248;65-74;39;34;73;SEC_248
2015;615;65-74;105;67;172;SEC_615
2004;403;00-02;7;2;9;SEC_403
2009;234;03-11;32;40;72;SEC_234
2008;535;16-17;13;7;20;SEC_535
2003;244;65-74;42;28;70;SEC_244
2008;318;00-02;12;7;19;SEC_318
2004;113;50-64;151;172;323;SEC_113
2002;518;65-74;72;85;157;SEC_518
2000;119;35-49;147;123;270;SEC_119
2015;538;75 i +;100;59;159;SEC_538
1999;527;75 i +;52;28;80;SEC_527
2016;430;03-11;51;56;107;SEC_430
2008;433;12-15;26;22;48;SEC_433
2001;126;00-02;11;13;24;SEC_126
1995;602;65-74;24;23;47;SEC_602
2010;124;75 i +;40;36;76;SEC_124
1998;120;03-11;80;81;161;SEC_120
2001;316;65-74;47;36;83;SEC_316
2003;402;12-15;11;10;21;SEC_402
2009;319;65-74;39;43;82;SEC_319
2011;435;12-15;14;25;39;SEC_435
2006;628;03-11;39;40;79;SEC_628
2004;128;03-11;21;26;47;SEC_128
2001;302;75 i +;49;24;73;SEC_302
1996;614;50-64;123;138;261;SEC_614
2006;415;75 i +;43;22;65;SEC_415
1998;412;03-11;46;52;98;SEC_412
1998;423;03-11;27;28;55;SEC_423
2000;135;35-49;174;163;337;SEC_135
2007;629;03-11;23;14;37;SEC_629
2011;214;75 i +;34;31;65;SEC_214
2010;506;75 i +;91;65;156;SEC_506
2001;105;12-15;24;23;47;SEC_105
2001;322;18-24;73;59;132;SEC_322
2002;306;03-11;63;46;109;SEC_306
2001;246;50-64;73;67;140;SEC_246
2004;205;65-74;65;58;123;SEC_205
2001;501;16-17;8;10;18;SEC_501
2012;201;50-64;79;66;145;SEC_201
2011;132;16-17;19;20;39;SEC_132
2010;422;03-11;51;45;96;SEC_422
2014;134;16-17;15;9;24;SEC_134
2012;317;50-64;69;65;134;SEC_317
2007;504;00-02;15;13;28;SEC_504
1995;420;75 i +;70;38;108;SEC_420
1998;224;00-02;4;6;10;SEC_224
2005;418;16-17;9;14;23;SEC_418
2002;526;18-24;23;36;59;SEC_526
1999;613;35-49;70;80;150;SEC_613
1994;514;12-15;14;22;36;SEC_514
2006;508;16-17;4;2;6;SEC_508
2014;606;75 i +;77;62;139;SEC_606
2009;110;16-17;10;8;18;SEC_110
2011;325;65-74;114;97;211;SEC_325
1995;435;18-24;54;59;113;SEC_435
1999;132;35-49;258;229;487;SEC_132
2006;530;16-17;14;17;31;SEC_530
2005;306;00-02;19;14;33;SEC_306
1999;411;00-02;7;6;13;SEC_411
2004;628;16-17;7;17;24;SEC_628
2002;205;12-15;12;16;28;SEC_205
2002;138;65-74;35;35;70;SEC_138
1997;311;12-15;17;19;36;SEC_311
2002;310;12-15;15;16;31;SEC_310
2005;632;18-24;37;52;89;SEC_632
2004;322;35-49;113;119;232;SEC_322
2007;224;16-17;2;6;8;SEC_224
1997;109;25-34;103;89;192;SEC_109
1999;207;03-11;18;17;35;SEC_207
2000;518;50-64;111;95;206;SEC_518
2015;403;50-64;103;92;195;SEC_403
2001;530;75 i +;72;30;102;SEC_530
1996;213;35-49;99;92;191;SEC_213
2000;404;50-64;124;113;237;SEC_404
2004;309;03-11;24;44;68;SEC_309
2012;303;12-15;22;26;48;SEC_303
2001;233;35-49;80;86;166;SEC_233
1996;623;35-49;201;167;368;SEC_623
2012;303;25-34;109;114;223;SEC_303
1996;311;03-11;44;35;79;SEC_311
2008;405;65-74;80;63;143;SEC_405
2005;520;18-24;30;31;61;SEC_520
2008;214;35-49;117;127;244;SEC_214
2003;130;75 i +;65;38;103;SEC_130
2001;626;16-17;13;9;22;SEC_626
2007;433;65-74;45;33;78;SEC_433
2015;124;03-11;44;34;78;SEC_124
1996;246;03-11;30;22;52;SEC_246
2012;606;50-64;75;72;147;SEC_606
2000;123;35-49;126;131;257;SEC_123
1996;432;18-24;80;93;173;SEC_432
1999;601;18-24;102;113;215;SEC_601
2013;602;16-17;11;14;25;SEC_602
2003;320;12-15;15;12;27;SEC_320
2003;323;75 i +;44;23;67;SEC_323
1998;510;03-11;29;36;65;SEC_510
2011;604;75 i +;38;22;60;SEC_604
2007;313;50-64;216;184;400;SEC_313
2014;529;12-15;17;31;48;SEC_529
1999;301;50-64;202;206;408;SEC_301
2005;411;65-74;74;57;131;SEC_411
1996;206;65-74;59;48;107;SEC_206
2005;303;35-49;130;147;277;SEC_303
2004;515;03-11;20;23;43;SEC_515
1996;537;50-64;150;138;288;SEC_537
1994;536;50-64;124;116;240;SEC_536
1997;441;65-74;118;85;203;SEC_441
1995;227;50-64;67;62;129;SEC_227
2004;408;12-15;14;11;25;SEC_408
1994;140;50-64;124;116;240;SEC_140
2006;214;12-15;14;8;22;SEC_214
2015;622;18-24;20;33;53;SEC_622
2015;102;50-64;143;125;268;SEC_102
1999;227;50-64;67;60;127;SEC_227
1997;527;00-02;9;9;18;SEC_527
2007;523;03-11;54;47;101;SEC_523
2007;619;65-74;104;90;194;SEC_619
1996;631;75 i +;26;17;43;SEC_631
2005;409;50-64;63;63;126;SEC_409
2008;613;65-74;94;117;211;SEC_613
2011;412;35-49;165;208;373;SEC_412
2008;441;03-11;71;69;140;SEC_441
2006;228;75 i +;47;28;75;SEC_228
1998;537;25-34;112;102;214;SEC_537
1995;245;75 i +;59;26;85;SEC_245
2006;307;50-64;221;190;411;SEC_307
2012;431;12-15;27;34;61;SEC_431
1996;522;00-02;4;6;10;SEC_522
1994;212;35-49;120;117;237;SEC_212
2014;632;00-02;10;11;21;SEC_632
2011;516;16-17;5;11;16;SEC_516
2014;534;50-64;80;73;153;SEC_534
2011;237;03-11;62;71;133;SEC_237
2015;221;12-15;37;32;69;SEC_221
2000;616;18-24;193;207;400;SEC_616
2001;241;18-24;36;29;65;SEC_241
2012;526;18-24;23;33;56;SEC_526
2001;230;18-24;22;29;51;SEC_230
2005;526;75 i +;34;16;50;SEC_526
2002;131;03-11;41;40;81;SEC_131
1996;121;03-11;28;20;48;SEC_121
2007;505;18-24;33;25;58;SEC_505
2005;506;35-49;178;189;367;SEC_506
2004;529;00-02;8;14;22;SEC_529
2010;238;65-74;37;37;74;SEC_238
2000;109;03-11;35;46;81;SEC_109
1994;536;25-34;72;89;161;SEC_536
1994;137;12-15;54;31;85;SEC_137
2000;321;00-02;34;28;62;SEC_321
2009;218;16-17;10;7;17;SEC_218
2005;203;75 i +;46;30;76;SEC_203
2004;609;03-11;29;39;68;SEC_609
2001;427;75 i +;43;39;82;SEC_427
1997;603;00-02;7;3;10;SEC_603
2009;428;16-17;5;7;12;SEC_428
2003;402;25-34;84;86;170;SEC_402
1994;219;25-34;91;99;190;SEC_219
1999;612;75 i +;39;17;56;SEC_612
2009;120;50-64;189;191;380;SEC_120
2013;212;18-24;57;52;109;SEC_212
2011;307;25-34;115;107;222;SEC_307
1994;227;16-17;12;10;22;SEC_227
2011;103;35-49;96;102;198;SEC_103
2011;119;25-34;86;83;169;SEC_119
2008;140;75 i +;51;40;91;SEC_140
2002;123;12-15;21;22;43;SEC_123
1995;613;00-02;15;11;26;SEC_613
2008;302;16-17;8;11;19;SEC_302
1995;315;16-17;30;29;59;SEC_315
2004;317;75 i +;63;27;90;SEC_317
2004;103;03-11;28;30;58;SEC_103
1998;632;35-49;99;97;196;SEC_632
1999;631;35-49;97;68;165;SEC_631
1996;317;00-02;11;15;26;SEC_317
2005;512;25-34;85;118;203;SEC_512
2016;213;75 i +;50;43;93;SEC_213
2003;511;35-49;73;66;139;SEC_511
2011;522;03-11;46;35;81;SEC_522
2006;201;18-24;27;29;56;SEC_201
2007;401;03-11;56;62;118;SEC_401
2000;213;50-64;86;96;182;SEC_213
1999;624;12-15;17;23;40;SEC_624
2012;131;65-74;81;85;166;SEC_131
2007;420;03-11;59;64;123;SEC_420
2000;219;18-24;47;51;98;SEC_219
2014;419;75 i +;105;81;186;SEC_419
2005;230;50-64;44;34;78;SEC_230
2013;308;75 i +;103;72;175;SEC_308
2012;228;65-74;43;23;66;SEC_228
2016;139;18-24;34;37;71;SEC_139
2001;226;35-49;103;99;202;SEC_226
2006;417;75 i +;30;20;50;SEC_417
2015;501;00-02;8;11;19;SEC_501
2001;102;18-24;71;77;148;SEC_102
2004;401;25-34;87;100;187;SEC_401
1995;438;25-34;74;83;157;SEC_438
1997;526;50-64;62;71;133;SEC_526
2013;309;25-34;102;83;185;SEC_309
2011;240;18-24;33;34;67;SEC_240
2008;248;35-49;176;191;367;SEC_248
2006;318;65-74;30;23;53;SEC_318
1995;502;00-02;12;9;21;SEC_502
2014;313;65-74;99;79;178;SEC_313
2002;322;03-11;39;38;77;SEC_322
1996;410;75 i +;57;40;97;SEC_410
2009;106;35-49;183;188;371;SEC_106
2000;503;35-49;142;106;248;SEC_503
2001;318;18-24;57;40;97;SEC_318
1999;246;25-34;92;92;184;SEC_246
1999;128;65-74;48;45;93;SEC_128
2002;245;35-49;109;113;222;SEC_245
2001;131;03-11;40;41;81;SEC_131
2013;530;03-11;63;74;137;SEC_530
2014;112;75 i +;65;36;101;SEC_112
2009;514;03-11;40;37;77;SEC_514
2016;407;00-02;13;15;28;SEC_407
2015;425;75 i +;73;47;120;SEC_425
1995;201;50-64;95;85;180;SEC_201
2012;204;65-74;18;20;38;SEC_204
1995;424;65-74;24;23;47;SEC_424
1997;132;25-34;168;168;336;SEC_132
2010;128;50-64;95;69;164;SEC_128
2008;506;35-49;181;177;358;SEC_506
2008;429;75 i +;43;21;64;SEC_429
2002;312;03-11;49;58;107;SEC_312
2001;315;18-24;80;93;173;SEC_315
2004;423;18-24;40;33;73;SEC_423
2007;424;25-34;62;77;139;SEC_424
2013;404;12-15;25;33;58;SEC_404
2000;211;50-64;90;72;162;SEC_211
2013;524;16-17;8;13;21;SEC_524
2008;625;18-24;59;79;138;SEC_625
2004;103;18-24;30;29;59;SEC_103
2001;530;65-74;112;88;200;SEC_530
2012;236;65-74;61;42;103;SEC_236
2001;502;75 i +;70;43;113;SEC_502
1996;418;12-15;24;21;45;SEC_418
2006;221;12-15;23;20;43;SEC_221
2016;401;00-02;18;8;26;SEC_401
1999;210;03-11;23;22;45;SEC_210
1995;247;25-34;101;103;204;SEC_247
2010;249;75 i +;76;44;120;SEC_249
1999;430;16-17;7;7;14;SEC_430
2012;215;65-74;43;29;72;SEC_215
2015;615;75 i +;52;51;103;SEC_615
2006;324;35-49;103;110;213;SEC_324
2016;305;75 i +;80;44;124;SEC_305
2014;621;00-02;15;21;36;SEC_621
2003;217;16-17;7;4;11;SEC_217
1998;120;65-74;56;46;102;SEC_120
2002;508;75 i +;36;22;58;SEC_508
2001;516;00-02;11;13;24;SEC_516
2002;414;18-24;22;41;63;SEC_414
1998;513;12-15;11;9;20;SEC_513
2014;239;00-02;11;14;25;SEC_239
2013;214;03-11;89;97;186;SEC_214
1999;235;35-49;84;91;175;SEC_235
2003;138;16-17;7;17;24;SEC_138
2000;418;12-15;16;24;40;SEC_418
2015;414;35-49;247;244;491;SEC_414
2016;524;50-64;115;89;204;SEC_524
2010;103;03-11;32;37;69;SEC_103
2011;115;12-15;24;19;43;SEC_115
2015;537;50-64;120;104;224;SEC_537
2011;204;16-17;6;9;15;SEC_204
2009;308;35-49;275;256;531;SEC_308
2000;119;00-02;11;10;21;SEC_119
2004;440;65-74;61;60;121;SEC_440
2002;243;35-49;169;170;339;SEC_243
2001;116;65-74;65;59;124;SEC_116
2014;320;35-49;27;41;68;SEC_320
1994;442;25-34;58;51;109;SEC_442
1995;122;25-34;90;96;186;SEC_122
1994;110;65-74;38;31;69;SEC_110
1995;240;25-34;47;60;107;SEC_240
2007;412;18-24;73;78;151;SEC_412
2012;538;35-49;161;140;301;SEC_538
2001;426;00-02;7;9;16;SEC_426
1999;104;75 i +;60;34;94;SEC_104
2012;109;12-15;24;18;42;SEC_109
2004;612;03-11;35;44;79;SEC_612
2009;136;18-24;44;31;75;SEC_136
2000;129;25-34;104;129;233;SEC_129
1998;246;25-34;93;91;184;SEC_246
2008;614;18-24;22;33;55;SEC_614
2011;416;35-49;105;100;205;SEC_416
1996;415;16-17;10;6;16;SEC_415
2011;413;12-15;7;10;17;SEC_413
1999;621;65-74;40;33;73;SEC_621
1996;243;35-49;116;120;236;SEC_243
2004;318;16-17;11;12;23;SEC_318
1994;302;03-11;61;53;114;SEC_302
2005;403;50-64;120;96;216;SEC_403
1994;133;16-17;15;14;29;SEC_133
1998;511;50-64;68;64;132;SEC_511
2010;321;75 i +;115;63;178;SEC_321
2015;432;03-11;54;49;103;SEC_432
2001;323;25-34;257;275;532;SEC_323
2004;310;12-15;14;18;32;SEC_310
2011;102;65-74;119;120;239;SEC_102
1996;428;75 i +;29;19;48;SEC_428
2001;214;03-11;18;15;33;SEC_214
2014;608;65-74;78;57;135;SEC_608
2009;311;75 i +;100;57;157;SEC_311
2008;607;25-34;79;105;184;SEC_607
2007;620;50-64;74;64;138;SEC_620
2000;522;03-11;25;15;40;SEC_522
1999;303;75 i +;76;41;117;SEC_303
2012;442;35-49;77;75;152;SEC_442
2000;423;50-64;105;105;210;SEC_423
1998;134;03-11;35;58;93;SEC_134
2004;508;12-15;9;11;20;SEC_508
2006;242;16-17;7;7;14;SEC_242
2016;506;35-49;176;173;349;SEC_506
2002;140;12-15;5;8;13;SEC_140
2010;207;18-24;19;25;44;SEC_207
1994;630;03-11;39;43;82;SEC_630
2006;325;00-02;20;19;39;SEC_325
1996;137;18-24;94;98;192;SEC_137
1997;211;03-11;37;45;82;SEC_211
2006;604;75 i +;26;16;42;SEC_604
2002;614;35-49;88;77;165;SEC_614
1997;120;75 i +;39;23;62;SEC_120
2001;402;25-34;61;77;138;SEC_402
2015;420;18-24;83;68;151;SEC_420
2010;524;18-24;49;53;102;SEC_524
1995;607;16-17;12;18;30;SEC_607
2001;626;65-74;63;56;119;SEC_626
2000;208;25-34;119;144;263;SEC_208
2003;210;50-64;85;76;161;SEC_210
2013;420;65-74;91;71;162;SEC_420
2012;315;12-15;32;38;70;SEC_315
2008;220;03-11;32;32;64;SEC_220
1996;619;16-17;25;29;54;SEC_619
2001;213;03-11;21;39;60;SEC_213
1997;303;50-64;223;213;436;SEC_303
2003;522;25-34;89;94;183;SEC_522
2003;606;50-64;97;62;159;SEC_606
2000;631;03-11;39;28;67;SEC_631
2012;103;35-49;104;109;213;SEC_103
2004;512;12-15;15;13;28;SEC_512
1997;213;35-49;97;97;194;SEC_213
2007;428;50-64;45;35;80;SEC_428
2006;621;03-11;49;65;114;SEC_621
2000;524;65-74;77;54;131;SEC_524
1994;218;18-24;37;42;79;SEC_218
1998;537;12-15;23;22;45;SEC_537
2011;123;18-24;48;44;92;SEC_123
2001;524;18-24;65;62;127;SEC_524
2003;433;12-15;20;19;39;SEC_433
1994;510;75 i +;27;19;46;SEC_510
2008;245;18-24;41;42;83;SEC_245
2012;314;00-02;36;30;66;SEC_314
2008;126;16-17;8;2;10;SEC_126
1994;124;65-74;32;30;62;SEC_124
2005;102;65-74;97;89;186;SEC_102
1995;316;35-49;485;448;933;SEC_316
1994;234;75 i +;69;33;102;SEC_234
2007;621;65-74;48;60;108;SEC_621
2001;509;35-49;87;74;161;SEC_509
1995;137;03-11;62;67;129;SEC_137
2010;538;03-11;53;48;101;SEC_538
2014;131;75 i +;73;55;128;SEC_131
2009;507;75 i +;42;22;64;SEC_507
2014;305;75 i +;92;51;143;SEC_305
1998;224;03-11;14;22;36;SEC_224
2016;127;25-34;56;48;104;SEC_127
1994;621;50-64;115;136;251;SEC_621
2008;216;35-49;147;141;288;SEC_216
2007;102;25-34;113;106;219;SEC_102
2001;629;65-74;43;44;87;SEC_629
2002;439;03-11;30;33;63;SEC_439
1994;305;12-15;37;32;69;SEC_305
2008;621;16-17;15;10;25;SEC_621
2010;222;03-11;37;38;75;SEC_222
2008;221;50-64;89;86;175;SEC_221
1999;321;35-49;320;301;621;SEC_321
1999;315;75 i +;48;25;73;SEC_315
1995;121;35-49;51;53;104;SEC_121
2008;414;75 i +;62;46;108;SEC_414
1995;317;35-49;62;77;139;SEC_317
2003;416;16-17;5;6;11;SEC_416
2016;405;75 i +;143;96;239;SEC_405
2008;232;12-15;19;8;27;SEC_232
2016;236;25-34;74;93;167;SEC_236
2003;107;50-64;184;170;354;SEC_107
2000;525;75 i +;36;29;65;SEC_525
2003;522;18-24;57;46;103;SEC_522
2011;537;50-64;115;96;211;SEC_537
1994;101;75 i +;17;7;24;SEC_101
2008;218;18-24;27;50;77;SEC_218
2011;618;12-15;10;17;27;SEC_618
2014;109;35-49;126;121;247;SEC_109
2015;124;18-24;17;24;41;SEC_124
2011;232;25-34;93;90;183;SEC_232
2004;309;75 i +;25;14;39;SEC_309
2011;314;35-49;280;296;576;SEC_314
2012;310;75 i +;49;23;72;SEC_310
2014;611;16-17;11;11;22;SEC_611
2010;116;00-02;23;23;46;SEC_116
2001;503;75 i +;27;11;38;SEC_503
2004;630;35-49;83;91;174;SEC_630
2006;208;50-64;181;143;324;SEC_208
2001;516;03-11;20;20;40;SEC_516
1996;106;50-64;118;143;261;SEC_106
2010;114;65-74;109;103;212;SEC_114
2008;321;03-11;96;84;180;SEC_321
2002;528;12-15;28;11;39;SEC_528
2000;608;00-02;8;6;14;SEC_608
2015;202;00-02;17;39;56;SEC_202
1999;112;18-24;90;88;178;SEC_112
1995;422;25-34;76;83;159;SEC_422
2011;628;00-02;13;13;26;SEC_628
2007;114;35-49;167;166;333;SEC_114
2001;134;03-11;36;44;80;SEC_134
1995;132;12-15;62;83;145;SEC_132
2003;217;35-49;71;75;146;SEC_217
2006;137;25-34;128;133;261;SEC_137
1999;239;35-49;92;84;176;SEC_239
2000;422;75 i +;68;41;109;SEC_422
2004;217;65-74;35;30;65;SEC_217
2015;325;18-24;66;53;119;SEC_325
2012;439;35-49;146;167;313;SEC_439
2010;441;75 i +;101;66;167;SEC_441
2003;620;25-34;46;38;84;SEC_620
1998;229;12-15;7;14;21;SEC_229
2009;304;18-24;69;62;131;SEC_304
2006;208;35-49;178;179;357;SEC_208
2012;406;18-24;51;55;106;SEC_406
2010;127;00-02;5;13;18;SEC_127
2009;210;50-64;82;84;166;SEC_210
2001;304;16-17;4;8;12;SEC_304
1995;527;18-24;59;48;107;SEC_527
2015;518;75 i +;81;58;139;SEC_518
2016;128;35-49;169;150;319;SEC_128
1998;306;50-64;122;113;235;SEC_306
2010;611;16-17;21;18;39;SEC_611
1996;123;35-49;119;114;233;SEC_123
2000;230;18-24;27;28;55;SEC_230
1994;316;18-24;121;121;242;SEC_316
2016;626;75 i +;65;48;113;SEC_626
2009;620;00-02;4;4;8;SEC_620
2013;608;35-49;136;184;320;SEC_608
2012;511;35-49;93;108;201;SEC_511
2009;215;12-15;17;13;30;SEC_215
2002;506;35-49;196;186;382;SEC_506
2008;627;35-49;90;86;176;SEC_627
2014;524;25-34;91;106;197;SEC_524
2001;128;03-11;22;39;61;SEC_128
2004;438;35-49;106;101;207;SEC_438
2004;620;75 i +;15;7;22;SEC_620
2001;513;16-17;4;5;9;SEC_513
1994;202;50-64;77;73;150;SEC_202
1996;508;00-02;7;9;16;SEC_508
2015;119;65-74;111;106;217;SEC_119
2011;127;03-11;36;41;77;SEC_127
2006;245;35-49;129;132;261;SEC_245
2012;127;35-49;101;100;201;SEC_127
2011;524;00-02;19;25;44;SEC_524
2013;133;25-34;51;64;115;SEC_133
1997;214;00-02;2;8;10;SEC_214
2004;404;18-24;59;63;122;SEC_404
1995;434;50-64;60;57;117;SEC_434
1999;324;00-02;17;12;29;SEC_324
2010;135;16-17;14;7;21;SEC_135
2014;239;18-24;31;38;69;SEC_239
1998;601;16-17;28;17;45;SEC_601
2007;538;65-74;80;61;141;SEC_538
2008;244;50-64;51;45;96;SEC_244
2003;427;75 i +;33;36;69;SEC_427
1998;210;35-49;75;81;156;SEC_210
1994;301;12-15;38;47;85;SEC_301
1996;101;03-11;56;70;126;SEC_101
2015;240;35-49;211;218;429;SEC_240
2011;311;75 i +;100;55;155;SEC_311
2001;624;16-17;12;10;22;SEC_624
2006;602;25-34;48;43;91;SEC_602
2011;248;00-02;16;27;43;SEC_248
2011;307;00-02;14;12;26;SEC_307
1995;608;12-15;30;25;55;SEC_608
2004;627;50-64;144;161;305;SEC_627
2001;611;50-64;218;174;392;SEC_611
1995;242;16-17;8;16;24;SEC_242
2011;417;35-49;87;91;178;SEC_417
2008;111;16-17;9;10;19;SEC_111
2000;106;00-02;24;21;45;SEC_106
2007;426;65-74;42;39;81;SEC_426
2012;242;00-02;13;17;30;SEC_242
1994;626;03-11;46;42;88;SEC_626
2006;224;75 i +;34;19;53;SEC_224
1998;424;50-64;71;67;138;SEC_424
1995;613;16-17;15;18;33;SEC_613
2002;609;18-24;39;40;79;SEC_609
2008;537;35-49;131;133;264;SEC_537
2003;507;65-74;38;38;76;SEC_507
2010;435;65-74;40;33;73;SEC_435
2010;211;65-74;57;38;95;SEC_211
1996;108;00-02;12;10;22;SEC_108
2010;528;35-49;175;146;321;SEC_528
2003;513;16-17;4;6;10;SEC_513
2003;517;16-17;8;10;18;SEC_517
2009;630;00-02;9;13;22;SEC_630
1994;414;12-15;15;26;41;SEC_414
1998;501;03-11;38;35;73;SEC_501
2001;310;18-24;57;55;112;SEC_310
2015;226;35-49;240;213;453;SEC_226
2013;327;03-11;42;60;102;SEC_327
2001;306;12-15;22;36;58;SEC_306
1997;208;00-02;6;5;11;SEC_208
2000;527;65-74;69;44;113;SEC_527
2012;245;65-74;46;21;67;SEC_245
2006;508;12-15;11;11;22;SEC_508
2007;604;50-64;66;54;120;SEC_604
1995;123;75 i +;63;29;92;SEC_123
1995;205;00-02;7;3;10;SEC_205
2000;110;25-34;102;96;198;SEC_110
1994;305;03-11;72;70;142;SEC_305
2014;410;12-15;26;33;59;SEC_410
2007;605;65-74;66;61;127;SEC_605
1994;538;03-11;34;45;79;SEC_538
1995;123;25-34;100;108;208;SEC_123
2002;512;12-15;12;17;29;SEC_512
2010;215;16-17;7;8;15;SEC_215
2002;536;16-17;2;6;8;SEC_536
2007;114;12-15;21;21;42;SEC_114
2008;442;35-49;79;74;153;SEC_442
2012;605;03-11;26;29;55;SEC_605
2005;110;18-24;54;51;105;SEC_110
1996;511;65-74;55;46;101;SEC_511
2003;140;35-49;84;89;173;SEC_140
2002;611;25-34;181;194;375;SEC_611
1997;518;16-17;10;10;20;SEC_518
2001;434;75 i +;58;29;87;SEC_434
2000;514;50-64;66;53;119;SEC_514
2012;611;03-11;89;86;175;SEC_611
1998;209;75 i +;80;40;120;SEC_209
2009;218;35-49;87;93;180;SEC_218
2014;113;65-74;77;88;165;SEC_113
2014;411;03-11;33;29;62;SEC_411
2007;241;16-17;14;7;21;SEC_241
1994;411;03-11;39;22;61;SEC_411
2003;506;03-11;67;76;143;SEC_506
2000;610;16-17;13;12;25;SEC_610
2011;613;50-64;92;64;156;SEC_613
2016;502;18-24;54;46;100;SEC_502
2003;422;75 i +;69;47;116;SEC_422
1996;507;25-34;72;84;156;SEC_507
2013;138;25-34;54;68;122;SEC_138
1998;527;65-74;68;42;110;SEC_527
2012;245;16-17;11;13;24;SEC_245
2015;318;03-11;29;30;59;SEC_318
1996;115;75 i +;35;21;56;SEC_115
2003;244;03-11;21;21;42;SEC_244
1995;621;25-34;116;107;223;SEC_621
2007;306;12-15;30;24;54;SEC_306
1995;211;18-24;48;62;110;SEC_211
1994;306;35-49;185;181;366;SEC_306
2007;131;35-49;138;170;308;SEC_131
2016;306;12-15;33;33;66;SEC_306
2012;602;75 i +;31;34;65;SEC_602
1998;402;18-24;44;39;83;SEC_402
2009;302;65-74;67;65;132;SEC_302
2009;232;65-74;51;53;104;SEC_232
1997;246;75 i +;70;36;106;SEC_246
1999;527;25-34;84;81;165;SEC_527
1998;223;50-64;122;107;229;SEC_223
2011;114;75 i +;85;54;139;SEC_114
2015;520;12-15;13;23;36;SEC_520
2007;606;75 i +;68;40;108;SEC_606
2004;528;35-49;137;133;270;SEC_528
1998;118;35-49;256;223;479;SEC_118
2005;625;18-24;77;85;162;SEC_625
2015;123;00-02;14;16;30;SEC_123
2003;130;18-24;30;25;55;SEC_130
2016;626;16-17;7;8;15;SEC_626
1995;245;12-15;27;19;46;SEC_245
2005;126;12-15;13;7;20;SEC_126
2015;117;75 i +;92;57;149;SEC_117
2003;223;12-15;15;19;34;SEC_223
2014;108;12-15;35;24;59;SEC_108
2002;138;00-02;7;6;13;SEC_138
2004;236;12-15;20;20;40;SEC_236
2006;320;03-11;52;45;97;SEC_320
1997;535;00-02;5;4;9;SEC_535
1997;115;03-11;38;69;107;SEC_115
2005;438;03-11;26;36;62;SEC_438
2009;432;75 i +;66;51;117;SEC_432
2006;510;18-24;44;46;90;SEC_510
2011;106;00-02;17;28;45;SEC_106
2010;211;12-15;17;24;41;SEC_211
1994;522;75 i +;25;23;48;SEC_522
1994;216;00-02;7;10;17;SEC_216
1998;248;35-49;96;104;200;SEC_248
1998;504;00-02;8;9;17;SEC_504
2014;220;75 i +;97;61;158;SEC_220
2012;523;75 i +;96;73;169;SEC_523
2006;218;18-24;33;41;74;SEC_218
2004;109;50-64;106;117;223;SEC_109
2001;517;00-02;7;27;34;SEC_517
2011;603;25-34;45;50;95;SEC_603
2013;213;18-24;27;46;73;SEC_213
2014;126;25-34;60;56;116;SEC_126
1995;604;00-02;9;13;22;SEC_604
1996;138;65-74;25;25;50;SEC_138
1998;235;75 i +;66;43;109;SEC_235
1995;603;75 i +;13;9;22;SEC_603
2013;502;35-49;179;216;395;SEC_502
2010;628;00-02;16;15;31;SEC_628
2003;203;65-74;50;35;85;SEC_203
2004;609;25-34;81;99;180;SEC_609
2016;622;25-34;50;42;92;SEC_622
2001;243;18-24;50;48;98;SEC_243
1995;434;00-02;2;8;10;SEC_434
2015;530;03-11;70;78;148;SEC_530
2000;511;16-17;1;4;5;SEC_511
2003;243;18-24;66;51;117;SEC_243
2006;406;75 i +;47;50;97;SEC_406
2004;116;35-49;145;144;289;SEC_116
1997;429;00-02;2;6;8;SEC_429
2003;615;35-49;53;66;119;SEC_615
2009;610;16-17;5;12;17;SEC_610
1999;221;16-17;11;12;23;SEC_221
2010;213;16-17;9;9;18;SEC_213
2000;428;12-15;12;6;18;SEC_428
1998;224;18-24;27;28;55;SEC_224
2003;216;18-24;61;50;111;SEC_216
2008;626;65-74;59;51;110;SEC_626
2002;201;00-02;9;7;16;SEC_201
2003;511;75 i +;52;31;83;SEC_511
2002;615;65-74;49;51;100;SEC_615
1995;118;35-49;275;267;542;SEC_118
2009;101;25-34;140;124;264;SEC_101
2003;120;00-02;20;23;43;SEC_120
2006;314;75 i +;94;46;140;SEC_314
2005;247;03-11;49;46;95;SEC_247
2012;518;65-74;72;40;112;SEC_518
2012;312;18-24;53;52;105;SEC_312
2005;406;03-11;34;45;79;SEC_406
2002;538;12-15;15;14;29;SEC_538
2015;224;65-74;50;42;92;SEC_224
1995;531;00-02;7;7;14;SEC_531
2011;426;18-24;40;42;82;SEC_426
1996;125;25-34;85;83;168;SEC_125
2006;136;03-11;44;40;84;SEC_136
2007;212;75 i +;69;42;111;SEC_212
1996;221;50-64;119;125;244;SEC_221
2001;517;25-34;101;116;217;SEC_517
2004;430;03-11;31;42;73;SEC_430
2009;408;35-49;115;118;233;SEC_408
1994;502;16-17;30;37;67;SEC_502
2014;632;16-17;8;6;14;SEC_632
1999;504;18-24;66;95;161;SEC_504
1999;604;50-64;92;69;161;SEC_604
1997;418;65-74;73;51;124;SEC_418
1996;421;25-34;107;117;224;SEC_421
2000;620;65-74;22;27;49;SEC_620
2001;212;00-02;14;17;31;SEC_212
1995;422;18-24;50;52;102;SEC_422
1994;508;00-02;8;9;17;SEC_508
2015;129;16-17;8;14;22;SEC_129
1995;206;18-24;45;57;102;SEC_206
2002;410;18-24;85;93;178;SEC_410
1997;109;12-15;28;34;62;SEC_109
1994;535;00-02;8;8;16;SEC_535
2014;226;12-15;31;28;59;SEC_226
2002;441;25-34;122;160;282;SEC_441
2011;436;65-74;31;23;54;SEC_436
2003;137;65-74;51;32;83;SEC_137
2011;624;25-34;61;86;147;SEC_624
2004;427;12-15;13;20;33;SEC_427
2005;222;16-17;10;6;16;SEC_222
1996;220;16-17;11;6;17;SEC_220
1998;618;65-74;26;20;46;SEC_618
2004;536;65-74;66;59;125;SEC_536
2002;229;16-17;7;7;14;SEC_229
2007;418;75 i +;60;38;98;SEC_418
2012;215;18-24;40;30;70;SEC_215
1994;525;16-17;17;14;31;SEC_525
1999;248;18-24;36;59;95;SEC_248
2004;215;65-74;56;23;79;SEC_215
2009;115;75 i +;74;42;116;SEC_115
2011;411;65-74;66;57;123;SEC_411
1996;207;18-24;26;30;56;SEC_207
2015;128;00-02;11;22;33;SEC_128
1997;213;03-11;32;32;64;SEC_213
2002;113;50-64;122;151;273;SEC_113
1998;119;50-64;153;164;317;SEC_119
2009;308;12-15;35;42;77;SEC_308
2003;322;18-24;64;59;123;SEC_322
1997;115;25-34;102;115;217;SEC_115
2013;618;16-17;7;15;22;SEC_618
2005;527;65-74;59;42;101;SEC_527
1997;134;65-74;51;37;88;SEC_134
2011;507;65-74;45;47;92;SEC_507
2000;207;75 i +;65;28;93;SEC_207
2014;520;16-17;4;9;13;SEC_520
1995;245;35-49;89;90;179;SEC_245
2001;124;75 i +;37;23;60;SEC_124
2013;619;00-02;11;11;22;SEC_619
2013;316;18-24;92;95;187;SEC_316
1996;212;18-24;75;74;149;SEC_212
1997;433;18-24;50;74;124;SEC_433
1994;531;12-15;15;20;35;SEC_531
1995;437;18-24;56;58;114;SEC_437
2005;533;12-15;9;8;17;SEC_533
2007;226;00-02;11;6;17;SEC_226
1994;203;25-34;53;58;111;SEC_203
2000;123;25-34;111;102;213;SEC_123
2003;519;25-34;60;73;133;SEC_519
2008;111;75 i +;47;41;88;SEC_111
2016;532;12-15;25;26;51;SEC_532
1995;402;03-11;23;24;47;SEC_402
2010;105;75 i +;59;35;94;SEC_105
2006;436;03-11;41;47;88;SEC_436
1997;241;03-11;32;27;59;SEC_241
1994;133;03-11;35;35;70;SEC_133
2009;126;00-02;10;13;23;SEC_126
2007;617;35-49;97;106;203;SEC_617
2002;110;00-02;10;5;15;SEC_110
1996;209;16-17;7;4;11;SEC_209
2002;214;00-02;8;13;21;SEC_214
2008;122;18-24;35;16;51;SEC_122
1994;414;65-74;62;47;109;SEC_414
1999;408;65-74;53;54;107;SEC_408
2014;106;18-24;40;54;94;SEC_106
2005;533;16-17;14;10;24;SEC_533
2004;415;12-15;6;14;20;SEC_415
2000;606;12-15;24;18;42;SEC_606
1999;240;50-64;65;60;125;SEC_240
1997;526;25-34;57;50;107;SEC_526
1995;212;25-34;118;123;241;SEC_212
2006;209;65-74;57;50;107;SEC_209
2011;215;35-49;135;147;282;SEC_215
2010;128;65-74;52;54;106;SEC_128
1999;507;12-15;23;20;43;SEC_507
2013;508;18-24;53;64;117;SEC_508
2012;607;16-17;8;7;15;SEC_607
1998;518;03-11;36;37;73;SEC_518
2008;405;12-15;12;14;26;SEC_405
2007;228;03-11;11;20;31;SEC_228
1999;535;65-74;40;38;78;SEC_535
2003;415;65-74;35;27;62;SEC_415
2003;437;25-34;79;94;173;SEC_437
1996;320;35-49;81;59;140;SEC_320
2002;412;75 i +;68;46;114;SEC_412
2013;129;75 i +;87;66;153;SEC_129
1999;430;50-64;82;90;172;SEC_430
2012;248;12-15;22;20;42;SEC_248
2005;613;12-15;14;19;33;SEC_613
2006;319;75 i +;41;22;63;SEC_319
2016;437;75 i +;111;77;188;SEC_437
2006;317;50-64;61;73;134;SEC_317
2016;427;16-17;13;26;39;SEC_427
1995;140;25-34;78;87;165;SEC_140
2011;108;18-24;39;43;82;SEC_108
2007;611;50-64;148;111;259;SEC_611
1998;244;75 i +;36;30;66;SEC_244
2004;101;25-34;195;199;394;SEC_101
1999;438;16-17;9;5;14;SEC_438
1998;211;18-24;34;52;86;SEC_211
2000;215;12-15;15;15;30;SEC_215
2005;248;75 i +;73;39;112;SEC_248
2011;439;65-74;60;34;94;SEC_439
2007;424;18-24;24;31;55;SEC_424
2015;111;35-49;93;90;183;SEC_111
2015;313;25-34;121;117;238;SEC_313
2010;307;00-02;12;18;30;SEC_307
2016;404;75 i +;81;55;136;SEC_404
2008;441;12-15;36;28;64;SEC_441
1998;521;18-24;107;129;236;SEC_521
2000;303;16-17;4;12;16;SEC_303
1996;203;65-74;66;49;115;SEC_203
2010;236;35-49;132;129;261;SEC_236
2007;305;00-02;26;11;37;SEC_305
2003;535;03-11;23;31;54;SEC_535
2013;532;00-02;27;21;48;SEC_532
2010;126;35-49;99;113;212;SEC_126
1994;434;12-15;15;12;27;SEC_434
2001;619;18-24;86;85;171;SEC_619
2013;419;65-74;94;56;150;SEC_419
2005;221;35-49;120;123;243;SEC_221
1999;405;16-17;5;7;12;SEC_405
2001;512;00-02;4;13;17;SEC_512
2008;431;50-64;95;106;201;SEC_431
2015;139;25-34;49;59;108;SEC_139
2004;114;16-17;12;7;19;SEC_114
1999;627;16-17;20;19;39;SEC_627
2011;528;16-17;15;17;32;SEC_528
2009;627;25-34;83;81;164;SEC_627
2003;233;03-11;22;31;53;SEC_233
2011;207;75 i +;60;20;80;SEC_207
2008;319;18-24;57;69;126;SEC_319
2000;405;35-49;57;70;127;SEC_405
2011;136;00-02;26;20;46;SEC_136
2008;322;35-49;148;131;279;SEC_322
1997;219;16-17;9;15;24;SEC_219
2016;311;25-34;114;119;233;SEC_311
2009;621;25-34;120;148;268;SEC_621
2010;419;75 i +;39;31;70;SEC_419
1998;308;35-49;149;141;290;SEC_308
2009;222;12-15;20;14;34;SEC_222
2004;233;18-24;38;31;69;SEC_233
2003;604;16-17;7;5;12;SEC_604
1999;411;25-34;62;76;138;SEC_411
2009;311;03-11;61;71;132;SEC_311
2009;130;03-11;48;37;85;SEC_130
2011;502;50-64;139;116;255;SEC_502
1998;114;16-17;29;21;50;SEC_114
2008;430;65-74;52;44;96;SEC_430
1998;604;00-02;9;10;19;SEC_604
2009;504;65-74;94;90;184;SEC_504
2002;224;00-02;9;5;14;SEC_224
2016;632;03-11;38;50;88;SEC_632
2001;125;25-34;115;131;246;SEC_125
2013;248;25-34;95;101;196;SEC_248
2013;217;03-11;50;60;110;SEC_217
1994;522;12-15;17;20;37;SEC_522
2005;409;25-34;75;94;169;SEC_409
2004;228;16-17;4;7;11;SEC_228
2007;504;16-17;8;8;16;SEC_504
2004;238;50-64;69;61;130;SEC_238
2013;139;35-49;102;121;223;SEC_139
1995;609;35-49;111;66;177;SEC_609
2011;134;12-15;25;17;42;SEC_134
2013;531;35-49;122;134;256;SEC_531
2003;414;12-15;12;14;26;SEC_414
1997;624;16-17;12;17;29;SEC_624
2010;607;00-02;13;16;29;SEC_607
2003;107;18-24;83;96;179;SEC_107
2011;631;65-74;92;93;185;SEC_631
2015;115;00-02;21;15;36;SEC_115
2001;630;00-02;7;7;14;SEC_630
1996;602;65-74;23;24;47;SEC_602
1998;208;00-02;9;6;15;SEC_208
2002;302;03-11;32;45;77;SEC_302
2003;105;75 i +;49;22;71;SEC_105
2008;310;35-49;106;102;208;SEC_310
2005;510;16-17;9;10;19;SEC_510
2002;135;03-11;57;39;96;SEC_135
2016;118;25-34;85;67;152;SEC_118
2004;523;75 i +;99;46;145;SEC_523
2004;108;00-02;16;8;24;SEC_108
1995;436;35-49;57;79;136;SEC_436
2004;237;00-02;23;27;50;SEC_237
2013;503;65-74;44;48;92;SEC_503
2003;124;75 i +;32;21;53;SEC_124
2009;404;18-24;62;70;132;SEC_404
2010;602;12-15;12;13;25;SEC_602
2006;622;16-17;8;8;16;SEC_622
2000;133;03-11;16;32;48;SEC_133
2001;532;75 i +;71;44;115;SEC_532
1998;425;12-15;14;12;26;SEC_425
2009;421;35-49;155;177;332;SEC_421
2015;216;03-11;53;69;122;SEC_216
2016;614;00-02;13;11;24;SEC_614
1996;205;50-64;89;88;177;SEC_205
2012;621;03-11;48;53;101;SEC_621
1995;121;25-34;87;110;197;SEC_121
1998;522;25-34;45;50;95;SEC_522
2013;212;16-17;11;17;28;SEC_212
2008;430;35-49;119;154;273;SEC_430
2015;607;12-15;18;9;27;SEC_607
2000;420;75 i +;72;38;110;SEC_420
2008;238;50-64;73;69;142;SEC_238
2006;241;75 i +;67;33;100;SEC_241
2000;228;03-11;20;16;36;SEC_228
1997;625;75 i +;15;7;22;SEC_625
2011;519;35-49;72;106;178;SEC_519
2000;204;65-74;52;41;93;SEC_204
2006;311;50-64;120;94;214;SEC_311
2007;506;25-34;139;143;282;SEC_506
1994;601;12-15;54;59;113;SEC_601
1998;215;16-17;7;6;13;SEC_215
2012;322;18-24;52;46;98;SEC_322
2010;601;12-15;14;19;33;SEC_601
2001;118;00-02;21;22;43;SEC_118
2005;123;75 i +;82;54;136;SEC_123
1998;617;18-24;70;95;165;SEC_617
1997;113;65-74;42;35;77;SEC_113
2010;520;35-49;105;98;203;SEC_520
2001;604;75 i +;26;13;39;SEC_604
2007;521;50-64;158;134;292;SEC_521
2012;202;50-64;68;50;118;SEC_202
2016;531;03-11;42;36;78;SEC_531
2005;609;25-34;83;86;169;SEC_609
1997;414;18-24;49;49;98;SEC_414
2005;617;25-34;92;105;197;SEC_617
2006;243;35-49;202;198;400;SEC_243
2010;313;50-64;219;177;396;SEC_313
2001;632;12-15;19;20;39;SEC_632
2005;518;75 i +;57;32;89;SEC_518
1998;506;65-74;70;70;140;SEC_506
1996;504;12-15;20;14;34;SEC_504
2002;243;16-17;7;10;17;SEC_243
2007;632;18-24;34;48;82;SEC_632
1995;213;50-64;94;92;186;SEC_213
2012;629;65-74;38;28;66;SEC_629
1996;614;35-49;102;78;180;SEC_614
2007;115;03-11;42;46;88;SEC_115
2006;606;50-64;85;57;142;SEC_606
1994;601;00-02;11;14;25;SEC_601
1996;431;65-74;86;78;164;SEC_431
1997;137;12-15;36;27;63;SEC_137
2016;208;03-11;36;44;80;SEC_208
2001;526;03-11;18;23;41;SEC_526
1996;519;00-02;5;5;10;SEC_519
2001;315;25-34;152;141;293;SEC_315
2004;227;12-15;10;5;15;SEC_227
1994;522;65-74;39;30;69;SEC_522
2002;135;18-24;84;109;193;SEC_135
1995;303;00-02;9;10;19;SEC_303
2013;137;50-64;152;125;277;SEC_137
1996;240;25-34;48;59;107;SEC_240
1998;604;16-17;6;9;15;SEC_604
2006;509;75 i +;27;15;42;SEC_509
2009;221;12-15;23;19;42;SEC_221
2009;316;12-15;35;38;73;SEC_316
2000;419;75 i +;42;18;60;SEC_419
2015;128;50-64;83;87;170;SEC_128
2006;422;50-64;84;72;156;SEC_422
1995;309;25-34;66;55;121;SEC_309
2014;242;12-15;16;17;33;SEC_242
1995;113;50-64;92;91;183;SEC_113
2013;623;03-11;55;73;128;SEC_623
2003;108;50-64;114;111;225;SEC_108
2008;440;00-02;7;17;24;SEC_440
2012;112;00-02;21;21;42;SEC_112
2015;118;35-49;175;192;367;SEC_118
2011;609;50-64;75;46;121;SEC_609
2003;607;16-17;9;14;23;SEC_607
2016;418;00-02;9;15;24;SEC_418
2010;532;75 i +;81;58;139;SEC_532
1998;616;35-49;220;227;447;SEC_616
2005;515;00-02;11;9;20;SEC_515
2005;105;03-11;32;44;76;SEC_105
2004;621;03-11;50;57;107;SEC_621
2014;303;16-17;12;14;26;SEC_303
1997;236;50-64;108;110;218;SEC_236
2012;414;75 i +;60;46;106;SEC_414
2010;614;18-24;27;39;66;SEC_614
2012;441;16-17;25;7;32;SEC_441
2004;625;65-74;49;50;99;SEC_625
2001;429;00-02;9;3;12;SEC_429
1994;134;03-11;63;72;135;SEC_134
2016;624;25-34;45;39;84;SEC_624
2002;128;65-74;55;51;106;SEC_128
2005;436;75 i +;34;21;55;SEC_436
1999;406;00-02;11;12;23;SEC_406
2005;237;65-74;79;69;148;SEC_237
2010;229;75 i +;53;40;93;SEC_229
2001;519;16-17;6;4;10;SEC_519
2012;124;18-24;27;28;55;SEC_124
2002;612;03-11;28;38;66;SEC_612
2008;129;50-64;105;92;197;SEC_129
2013;526;18-24;84;62;146;SEC_526
2003;605;50-64;93;68;161;SEC_605
1996;116;16-17;21;30;51;SEC_116
2003;412;35-49;165;169;334;SEC_412
1996;508;65-74;40;34;74;SEC_508
1995;411;00-02;10;9;19;SEC_411
2011;318;12-15;14;16;30;SEC_318
1999;312;75 i +;46;29;75;SEC_312
1994;207;35-49;78;62;140;SEC_207
1997;508;50-64;65;54;119;SEC_508
1999;605;12-15;9;5;14;SEC_605
1995;513;00-02;2;7;9;SEC_513
2009;236;25-34;93;95;188;SEC_236
2001;529;12-15;15;11;26;SEC_529
2008;527;00-02;20;33;53;SEC_527
2008;242;18-24;41;55;96;SEC_242
2012;105;12-15;10;15;25;SEC_105
2002;431;12-15;19;15;34;SEC_431
1999;223;75 i +;62;26;88;SEC_223
2014;402;35-49;134;118;252;SEC_402
1995;138;16-17;15;24;39;SEC_138
2003;623;00-02;16;27;43;SEC_623
1998;404;35-49;111;118;229;SEC_404
1996;208;12-15;24;46;70;SEC_208
2000;322;16-17;14;8;22;SEC_322
1999;511;00-02;9;3;12;SEC_511
1994;411;25-34;76;75;151;SEC_411
1994;433;18-24;58;67;125;SEC_433
1995;214;12-15;13;18;31;SEC_214
2004;306;35-49;166;180;346;SEC_306
2011;108;12-15;28;28;56;SEC_108
1994;401;00-02;16;4;20;SEC_401
2007;420;18-24;58;74;132;SEC_420
2008;231;18-24;33;37;70;SEC_231
2006;626;65-74;62;50;112;SEC_626
2012;405;65-74;66;37;103;SEC_405
2005;107;18-24;69;80;149;SEC_107
2014;427;35-49;231;226;457;SEC_427
2000;604;18-24;38;48;86;SEC_604
1995;116;12-15;51;43;94;SEC_116
2010;423;18-24;27;42;69;SEC_423
2004;434;35-49;70;73;143;SEC_434
2013;435;16-17;12;15;27;SEC_435
2007;410;16-17;15;9;24;SEC_410
2002;428;75 i +;24;18;42;SEC_428
2016;313;16-17;18;19;37;SEC_313
1994;438;00-02;5;9;14;SEC_438
1997;524;16-17;17;13;30;SEC_524
2007;413;65-74;30;25;55;SEC_413
1994;518;50-64;145;136;281;SEC_518
2001;432;65-74;76;66;142;SEC_432
2009;438;00-02;15;13;28;SEC_438
2013;625;12-15;19;24;43;SEC_625
2014;619;12-15;19;13;32;SEC_619
1994;101;03-11;67;57;124;SEC_101
2012;122;03-11;43;34;77;SEC_122
2008;305;35-49;218;191;409;SEC_305
2001;324;35-49;76;84;160;SEC_324
1996;247;00-02;7;10;17;SEC_247
1997;632;50-64;107;104;211;SEC_632
2003;228;75 i +;44;24;68;SEC_228
2000;411;65-74;94;71;165;SEC_411
1994;239;35-49;93;77;170;SEC_239
2002;131;18-24;92;73;165;SEC_131
1998;401;50-64;111;99;210;SEC_401
2007;208;18-24;55;66;121;SEC_208
2000;510;00-02;17;23;40;SEC_510
1995;127;50-64;61;58;119;SEC_127
1994;422;00-02;7;15;22;SEC_422
2007;427;35-49;115;125;240;SEC_427
2013;630;16-17;5;9;14;SEC_630
2002;514;65-74;55;42;97;SEC_514
2006;206;35-49;99;100;199;SEC_206
2015;132;25-34;139;154;293;SEC_132
2012;622;50-64;102;78;180;SEC_622
1996;247;75 i +;57;33;90;SEC_247
1998;301;12-15;38;59;97;SEC_301
1998;245;65-74;70;50;120;SEC_245
2016;125;50-64;147;141;288;SEC_125
2012;401;35-49;137;127;264;SEC_401
2003;245;65-74;65;59;124;SEC_245
2007;408;50-64;83;71;154;SEC_408
2007;116;00-02;24;15;39;SEC_116
2009;616;18-24;110;136;246;SEC_616
1994;316;35-49;473;473;946;SEC_316
1999;511;65-74;57;47;104;SEC_511
1997;219;00-02;11;6;17;SEC_219
1998;313;50-64;162;155;317;SEC_313
1995;140;12-15;17;21;38;SEC_140
2003;604;65-74;42;34;76;SEC_604
1996;134;00-02;12;15;27;SEC_134
2009;525;00-02;23;16;39;SEC_525
1996;310;16-17;12;14;26;SEC_310
1995;405;12-15;9;16;25;SEC_405
2006;114;18-24;52;56;108;SEC_114
1999;528;16-17;9;9;18;SEC_528
2012;319;00-02;23;38;61;SEC_319
2007;248;00-02;18;15;33;SEC_248
2007;248;16-17;15;9;24;SEC_248
2014;402;65-74;44;30;74;SEC_402
2014;520;03-11;39;42;81;SEC_520
2011;214;25-34;94;106;200;SEC_214
2006;628;35-49;108;90;198;SEC_628
2010;138;65-74;45;40;85;SEC_138
2010;518;18-24;49;44;93;SEC_518
2015;140;35-49;123;124;247;SEC_140
2005;201;35-49;69;78;147;SEC_201
2006;125;25-34;144;153;297;SEC_125
2013;611;00-02;26;42;68;SEC_611
2004;105;65-74;38;33;71;SEC_105
1994;323;12-15;118;117;235;SEC_323
1999;235;65-74;106;87;193;SEC_235
2001;605;18-24;27;33;60;SEC_605
1996;415;25-34;72;60;132;SEC_415
1997;104;35-49;74;60;134;SEC_104
2006;612;03-11;28;44;72;SEC_612
2001;440;75 i +;53;35;88;SEC_440
2008;624;18-24;33;27;60;SEC_624
2014;248;18-24;43;46;89;SEC_248
2015;602;03-11;57;67;124;SEC_602
2011;532;25-34;138;144;282;SEC_532
1994;117;50-64;125;134;259;SEC_117
1994;121;75 i +;26;20;46;SEC_121
1995;623;16-17;33;33;66;SEC_623
2014;441;75 i +;113;69;182;SEC_441
2014;247;03-11;70;74;144;SEC_247
2001;436;65-74;34;28;62;SEC_436
2010;433;75 i +;41;24;65;SEC_433
2005;608;65-74;71;57;128;SEC_608
2010;302;35-49;139;170;309;SEC_302
2008;246;65-74;50;39;89;SEC_246
1997;432;00-02;5;13;18;SEC_432
2008;324;25-34;126;112;238;SEC_324
2014;613;65-74;142;103;245;SEC_613
2002;602;18-24;28;19;47;SEC_602
2009;309;65-74;35;28;63;SEC_309
2009;402;16-17;8;7;15;SEC_402
2012;507;03-11;28;39;67;SEC_507
2014;619;25-34;56;79;135;SEC_619
2015;210;25-34;46;50;96;SEC_210
2006;108;00-02;9;22;31;SEC_108
1995;217;12-15;8;9;17;SEC_217
1999;410;50-64;201;189;390;SEC_410
2011;109;50-64;122;113;235;SEC_109
2010;314;16-17;19;24;43;SEC_314
2007;536;75 i +;66;50;116;SEC_536
2014;102;18-24;40;51;91;SEC_102
2005;307;16-17;8;17;25;SEC_307
2007;117;12-15;37;32;69;SEC_117
2006;228;18-24;25;36;61;SEC_228
2012;235;35-49;210;238;448;SEC_235
2012;202;65-74;30;28;58;SEC_202
1996;506;35-49;261;218;479;SEC_506
2010;537;12-15;17;12;29;SEC_537
2001;113;16-17;23;16;39;SEC_113
2002;423;00-02;10;8;18;SEC_423
1995;221;75 i +;42;20;62;SEC_221
2013;419;03-11;87;129;216;SEC_419
2012;109;16-17;5;12;17;SEC_109
2001;614;18-24;48;52;100;SEC_614
2004;128;00-02;11;11;22;SEC_128
2004;228;12-15;10;8;18;SEC_228
1999;404;03-11;49;41;90;SEC_404
2006;517;50-64;91;79;170;SEC_517
2012;441;75 i +;100;72;172;SEC_441
2006;401;25-34;103;83;186;SEC_401
2000;249;16-17;6;10;16;SEC_249
2010;606;25-34;95;94;189;SEC_606
1995;126;18-24;125;116;241;SEC_126
2003;434;18-24;26;24;50;SEC_434
2011;228;65-74;46;28;74;SEC_228
2004;248;18-24;53;52;105;SEC_248
1996;130;18-24;39;53;92;SEC_130
2011;225;50-64;49;38;87;SEC_225
1994;246;03-11;33;27;60;SEC_246
2010;620;18-24;25;27;52;SEC_620
1996;107;75 i +;49;26;75;SEC_107
2014;242;18-24;29;33;62;SEC_242
2012;438;00-02;18;7;25;SEC_438
1995;421;16-17;13;27;40;SEC_421
2000;511;18-24;30;26;56;SEC_511
2010;518;03-11;51;51;102;SEC_518
2004;310;50-64;83;92;175;SEC_310
2007;228;12-15;25;14;39;SEC_228
2013;502;18-24;47;43;90;SEC_502
2011;424;03-11;20;26;46;SEC_424
1998;422;75 i +;59;40;99;SEC_422
2014;505;65-74;155;127;282;SEC_505
2001;311;16-17;8;8;16;SEC_311
2001;509;50-64;69;79;148;SEC_509
1994;104;12-15;15;17;32;SEC_104
1998;504;03-11;22;31;53;SEC_504
2016;426;25-34;86;83;169;SEC_426
1994;403;25-34;101;98;199;SEC_403
2006;119;25-34;95;114;209;SEC_119
2009;610;35-49;139;145;284;SEC_610
2013;627;25-34;52;67;119;SEC_627
2001;118;16-17;26;35;61;SEC_118
2001;422;50-64;81;78;159;SEC_422
1997;440;18-24;108;94;202;SEC_440
2003;106;35-49;222;200;422;SEC_106
1997;138;75 i +;19;8;27;SEC_138
2003;423;50-64;86;81;167;SEC_423
1994;609;65-74;32;26;58;SEC_609
2007;507;12-15;10;12;22;SEC_507
2013;103;35-49;108;114;222;SEC_103
2008;124;50-64;87;72;159;SEC_124
1996;112;12-15;41;30;71;SEC_112
2003;120;50-64;139;142;281;SEC_120
1995;107;03-11;70;76;146;SEC_107
1995;217;16-17;5;6;11;SEC_217
1994;239;65-74;83;72;155;SEC_239
2003;215;00-02;11;12;23;SEC_215
2012;426;50-64;76;80;156;SEC_426
2004;616;65-74;53;59;112;SEC_616
2004;302;03-11;38;47;85;SEC_302
1995;110;03-11;55;50;105;SEC_110
2005;518;25-34;120;118;238;SEC_518
2010;527;35-49;135;154;289;SEC_527
2003;411;00-02;5;5;10;SEC_411
2010;121;65-74;34;19;53;SEC_121
2003;531;18-24;35;46;81;SEC_531
2002;214;65-74;39;35;74;SEC_214
2004;522;35-49;92;100;192;SEC_522
2008;210;65-74;60;42;102;SEC_210
2012;103;16-17;4;6;10;SEC_103
1997;531;12-15;10;20;30;SEC_531
2010;322;16-17;13;10;23;SEC_322
2004;205;75 i +;55;27;82;SEC_205
2010;310;65-74;40;31;71;SEC_310
2007;116;25-34;120;142;262;SEC_116
2011;526;75 i +;37;19;56;SEC_526
2010;624;35-49;98;131;229;SEC_624
2012;101;00-02;35;37;72;SEC_101
2003;202;18-24;34;31;65;SEC_202
2002;514;16-17;3;1;4;SEC_514
1998;606;12-15;20;19;39;SEC_606
1998;629;18-24;42;42;84;SEC_629
2004;618;18-24;20;22;42;SEC_618
2003;124;50-64;72;65;137;SEC_124
2015;423;12-15;20;20;40;SEC_423
2007;323;25-34;247;278;525;SEC_323
2001;302;12-15;27;10;37;SEC_302
2000;537;00-02;8;13;21;SEC_537
1994;303;00-02;11;15;26;SEC_303
2003;119;16-17;18;11;29;SEC_119
1995;238;50-64;75;69;144;SEC_238
1997;535;35-49;141;120;261;SEC_535
1996;307;16-17;28;25;53;SEC_307
1998;434;16-17;4;6;10;SEC_434
1999;140;18-24;62;56;118;SEC_140
2001;407;65-74;84;69;153;SEC_407
2010;630;00-02;8;12;20;SEC_630
2004;109;25-34;88;80;168;SEC_109
2004;208;18-24;73;81;154;SEC_208
1998;242;65-74;96;81;177;SEC_242
2011;425;00-02;18;20;38;SEC_425
1998;302;12-15;26;26;52;SEC_302
2009;425;03-11;29;39;68;SEC_425
2011;122;03-11;48;39;87;SEC_122
2010;215;00-02;12;19;31;SEC_215
1998;502;18-24;97;107;204;SEC_502
2007;308;00-02;31;36;67;SEC_308
2008;122;00-02;12;11;23;SEC_122
2007;403;18-24;64;57;121;SEC_403
1994;220;12-15;19;18;37;SEC_220
2011;605;00-02;9;12;21;SEC_605
2016;117;50-64;247;225;472;SEC_117
2008;315;12-15;22;25;47;SEC_315
1995;510;16-17;15;15;30;SEC_510
2002;511;12-15;8;11;19;SEC_511
2006;441;18-24;111;107;218;SEC_441
2003;229;18-24;28;24;52;SEC_229
2013;430;03-11;49;60;109;SEC_430
2012;127;25-34;68;59;127;SEC_127
1998;136;65-74;60;55;115;SEC_136
2004;532;65-74;81;73;154;SEC_532
2001;525;35-49;73;81;154;SEC_525
2009;610;12-15;17;25;42;SEC_610
2011;240;25-34;74;85;159;SEC_240
2013;501;03-11;31;46;77;SEC_501
1999;519;03-11;8;24;32;SEC_519
2000;426;65-74;60;45;105;SEC_426
1998;602;25-34;74;90;164;SEC_602
2004;311;35-49;134;150;284;SEC_311
1995;302;25-34;121;131;252;SEC_302
1999;130;50-64;113;80;193;SEC_130
2005;116;35-49;151;153;304;SEC_116
2004;109;35-49;130;115;245;SEC_109
2009;518;50-64;86;60;146;SEC_518
2011;620;50-64;62;58;120;SEC_620
2006;132;50-64;222;212;434;SEC_132
1997;116;50-64;160;169;329;SEC_116
2014;607;25-34;67;57;124;SEC_607
1999;213;18-24;53;60;113;SEC_213
2005;212;18-24;56;76;132;SEC_212
2001;427;03-11;20;36;56;SEC_427
2007;135;16-17;15;10;25;SEC_135
2011;205;25-34;88;70;158;SEC_205
1999;401;00-02;9;15;24;SEC_401
2005;135;35-49;195;173;368;SEC_135
2007;524;35-49;154;155;309;SEC_524
2014;421;50-64;85;75;160;SEC_421
2015;122;18-24;26;23;49;SEC_122
2005;602;25-34;57;53;110;SEC_602
2009;301;75 i +;120;71;191;SEC_301
2011;132;25-34;147;169;316;SEC_132
2010;312;75 i +;72;40;112;SEC_312
1999;247;18-24;59;53;112;SEC_247
2000;122;25-34;81;88;169;SEC_122
2004;305;50-64;134;144;278;SEC_305
2016;421;18-24;28;55;83;SEC_421
2001;620;12-15;14;14;28;SEC_620
2002;416;35-49;70;79;149;SEC_416
2001;227;50-64;73;58;131;SEC_227
2001;110;75 i +;53;26;79;SEC_110
1998;312;25-34;136;192;328;SEC_312
2014;615;25-34;42;34;76;SEC_615
2010;243;18-24;60;68;128;SEC_243
1999;512;16-17;4;5;9;SEC_512
1995;130;65-74;71;64;135;SEC_130
2004;508;75 i +;39;26;65;SEC_508
2014;122;25-34;55;45;100;SEC_122
1999;221;50-64;109;99;208;SEC_221
2011;115;35-49;155;156;311;SEC_115
2002;602;50-64;70;59;129;SEC_602
2009;311;16-17;10;13;23;SEC_311
2000;117;12-15;52;51;103;SEC_117
2000;322;35-49;104;100;204;SEC_322
2003;427;03-11;39;38;77;SEC_427
2004;414;35-49;106;105;211;SEC_414
1996;626;35-49;107;111;218;SEC_626
2010;109;75 i +;67;43;110;SEC_109
2004;234;12-15;12;19;31;SEC_234
2001;220;25-34;79;77;156;SEC_220
2016;220;50-64;169;141;310;SEC_220
2005;531;16-17;5;11;16;SEC_531
2014;221;25-34;133;153;286;SEC_221
2008;105;25-34;94;111;205;SEC_105
2008;538;35-49;145;143;288;SEC_538
1996;620;50-64;87;96;183;SEC_620
2016;108;03-11;61;69;130;SEC_108
1999;211;65-74;86;73;159;SEC_211
2007;514;75 i +;29;20;49;SEC_514
2007;511;18-24;22;23;45;SEC_511
2012;131;16-17;9;10;19;SEC_131
2008;630;00-02;7;16;23;SEC_630
1995;116;18-24;152;140;292;SEC_116
1997;202;03-11;16;21;37;SEC_202
2010;241;25-34;83;75;158;SEC_241
2012;232;00-02;14;18;32;SEC_232
2005;114;12-15;23;18;41;SEC_114
2000;215;65-74;75;52;127;SEC_215
1999;227;16-17;6;10;16;SEC_227
1998;210;16-17;4;3;7;SEC_210
2014;134;75 i +;75;38;113;SEC_134
2001;613;65-74;68;58;126;SEC_613
2008;119;25-34;97;107;204;SEC_119
2015;622;16-17;7;10;17;SEC_622
2004;125;25-34;146;167;313;SEC_125
2016;616;75 i +;61;37;98;SEC_616
2016;619;00-02;12;11;23;SEC_619
2002;401;50-64;91;92;183;SEC_401
2001;513;25-34;73;64;137;SEC_513
2007;316;03-11;42;58;100;SEC_316
2014;422;00-02;18;18;36;SEC_422
2013;410;00-02;13;21;34;SEC_410
1997;233;12-15;5;9;14;SEC_233
2005;621;75 i +;44;21;65;SEC_621
2011;234;75 i +;76;41;117;SEC_234
1995;217;50-64;53;53;106;SEC_217
2006;514;50-64;57;53;110;SEC_514
2007;628;18-24;33;41;74;SEC_628
2000;617;00-02;12;9;21;SEC_617
2011;614;25-34;47;73;120;SEC_614
2002;417;03-11;23;16;39;SEC_417
2007;620;16-17;4;8;12;SEC_620
1995;607;50-64;161;155;316;SEC_607
2002;522;65-74;47;45;92;SEC_522
1997;308;03-11;36;48;84;SEC_308
1998;510;18-24;65;51;116;SEC_510
2014;426;12-15;21;15;36;SEC_426
1999;109;25-34;92;80;172;SEC_109
2013;213;25-34;83;92;175;SEC_213
2001;509;03-11;24;27;51;SEC_509
2003;629;16-17;9;6;15;SEC_629
2005;127;12-15;18;15;33;SEC_127
2014;229;50-64;138;133;271;SEC_229
2006;632;75 i +;35;20;55;SEC_632
2011;304;03-11;115;104;219;SEC_304
2009;211;16-17;8;14;22;SEC_211
2005;613;00-02;17;17;34;SEC_613
1996;133;18-24;61;60;121;SEC_133
1996;244;16-17;5;5;10;SEC_244
2012;211;03-11;64;61;125;SEC_211
1998;211;03-11;41;38;79;SEC_211
2007;244;03-11;21;22;43;SEC_244
1996;431;16-17;25;18;43;SEC_431
2012;424;00-02;8;10;18;SEC_424
1995;323;75 i +;38;9;47;SEC_323
2009;242;35-49;118;148;266;SEC_242
2009;208;25-34;128;139;267;SEC_208
2002;107;12-15;26;26;52;SEC_107
2014;201;65-74;53;38;91;SEC_201
2005;620;18-24;31;21;52;SEC_620
2009;227;12-15;11;17;28;SEC_227
1997;114;16-17;30;35;65;SEC_114
2007;612;25-34;87;103;190;SEC_612
2010;631;65-74;89;85;174;SEC_631
2012;106;50-64;258;210;468;SEC_106
2004;417;18-24;26;26;52;SEC_417
2011;424;16-17;5;4;9;SEC_424
1997;222;00-02;8;7;15;SEC_222
2008;608;65-74;63;45;108;SEC_608
2012;320;35-49;168;160;328;SEC_320
2011;413;35-49;68;86;154;SEC_413
1995;602;03-11;18;16;34;SEC_602
2011;109;25-34;102;85;187;SEC_109
2012;603;00-02;15;16;31;SEC_603
2015;630;16-17;4;9;13;SEC_630
2008;428;75 i +;42;24;66;SEC_428
2005;231;75 i +;96;42;138;SEC_231
2002;307;16-17;11;19;30;SEC_307
2002;249;12-15;11;22;33;SEC_249
2001;216;18-24;55;59;114;SEC_216
2001;205;12-15;12;12;24;SEC_205
2004;607;65-74;82;93;175;SEC_607
2000;222;16-17;9;8;17;SEC_222
2014;532;16-17;6;9;15;SEC_532
2015;137;75 i +;58;43;101;SEC_137
2005;623;16-17;10;7;17;SEC_623
1999;414;50-64;87;80;167;SEC_414
2000;313;00-02;25;27;52;SEC_313
2006;516;35-49;92;113;205;SEC_516
2016;409;03-11;77;77;154;SEC_409
1998;217;35-49;63;67;130;SEC_217
2004;524;35-49;133;140;273;SEC_524
1995;323;65-74;52;39;91;SEC_323
2009;222;18-24;42;55;97;SEC_222
1996;206;12-15;17;12;29;SEC_206
2012;133;16-17;4;4;8;SEC_133
2016;118;50-64;190;149;339;SEC_118
1997;415;75 i +;45;26;71;SEC_415
2012;134;12-15;28;22;50;SEC_134
1997;314;16-17;34;35;69;SEC_314
2009;611;75 i +;80;51;131;SEC_611
2015;520;25-34;56;58;114;SEC_520
2001;110;25-34;105;109;214;SEC_110
1996;603;18-24;56;62;118;SEC_603
1998;104;12-15;7;6;13;SEC_104
1999;624;18-24;85;118;203;SEC_624
2016;619;75 i +;112;92;204;SEC_619
2005;428;12-15;11;7;18;SEC_428
2004;515;16-17;11;12;23;SEC_515
1996;323;75 i +;36;12;48;SEC_323
1996;617;75 i +;19;18;37;SEC_617
2000;611;16-17;13;10;23;SEC_611
1995;623;35-49;218;180;398;SEC_623
2004;242;50-64;98;96;194;SEC_242
2010;239;03-11;43;50;93;SEC_239
1994;249;03-11;22;28;50;SEC_249
2008;126;50-64;116;86;202;SEC_126
1998;211;12-15;15;16;31;SEC_211
1999;112;16-17;25;11;36;SEC_112
2010;626;12-15;16;19;35;SEC_626
2006;601;12-15;27;21;48;SEC_601
2008;104;25-34;62;66;128;SEC_104
1994;101;65-74;37;31;68;SEC_101
2006;404;12-15;27;24;51;SEC_404
2005;304;75 i +;104;46;150;SEC_304
1998;436;18-24;55;44;99;SEC_436
2009;610;25-34;80;90;170;SEC_610
2011;437;03-11;45;37;82;SEC_437
2003;504;00-02;9;11;20;SEC_504
2016;132;16-17;10;16;26;SEC_132
1997;307;25-34;98;83;181;SEC_307
2007;616;12-15;66;67;133;SEC_616
2009;315;00-02;35;22;57;SEC_315
2010;409;12-15;5;10;15;SEC_409
2004;206;65-74;66;54;120;SEC_206
2003;418;03-11;49;39;88;SEC_418
1996;324;25-34;71;68;139;SEC_324
2003;626;18-24;34;34;68;SEC_626
2012;319;25-34;140;156;296;SEC_319
1997;427;12-15;12;11;23;SEC_427
1996;214;00-02;1;12;13;SEC_214
1997;320;03-11;16;20;36;SEC_320
2015;418;03-11;71;54;125;SEC_418
2006;410;00-02;23;26;49;SEC_410
2003;118;16-17;14;20;34;SEC_118
1997;630;00-02;3;13;16;SEC_630
1998;433;16-17;12;10;22;SEC_433
2003;238;25-34;82;81;163;SEC_238
2007;629;50-64;54;45;99;SEC_629
2009;421;00-02;8;20;28;SEC_421
2010;214;50-64;46;41;87;SEC_214
1998;136;18-24;65;76;141;SEC_136
1997;534;35-49;80;81;161;SEC_534
2010;413;25-34;66;58;124;SEC_413
2005;431;75 i +;81;40;121;SEC_431
2000;506;50-64;218;237;455;SEC_506
1997;424;50-64;70;66;136;SEC_424
2002;315;12-15;23;31;54;SEC_315
2003;120;25-34;155;148;303;SEC_120
2005;301;16-17;20;13;33;SEC_301
2002;133;75 i +;46;32;78;SEC_133
2004;321;18-24;118;114;232;SEC_321
2015;401;12-15;18;15;33;SEC_401
1997;127;65-74;41;36;77;SEC_127
2016;216;12-15;25;21;46;SEC_216
2005;437;75 i +;36;21;57;SEC_437
2004;406;50-64;132;122;254;SEC_406
2002;220;25-34;78;80;158;SEC_220
1996;512;03-11;27;33;60;SEC_512
2002;507;50-64;91;87;178;SEC_507
1996;413;03-11;23;25;48;SEC_413
2011;108;16-17;11;9;20;SEC_108
1998;435;03-11;41;38;79;SEC_435
2012;605;75 i +;52;35;87;SEC_605
1996;629;50-64;74;63;137;SEC_629
2012;410;16-17;8;16;24;SEC_410
2014;405;03-11;80;75;155;SEC_405
2000;404;25-34;113;128;241;SEC_404
1996;616;12-15;60;41;101;SEC_616
2001;512;03-11;25;20;45;SEC_512
2005;308;18-24;66;82;148;SEC_308
2013;511;12-15;36;37;73;SEC_511
2008;310;00-02;17;16;33;SEC_310
2003;628;18-24;54;51;105;SEC_628
2006;422;75 i +;79;49;128;SEC_422
2002;243;65-74;108;93;201;SEC_243
2011;614;12-15;11;12;23;SEC_614
2013;421;18-24;30;54;84;SEC_421
2002;536;12-15;12;9;21;SEC_536
2004;525;35-49;103;98;201;SEC_525
2004;304;18-24;39;45;84;SEC_304
1997;604;03-11;26;37;63;SEC_604
2008;518;18-24;56;51;107;SEC_518
1996;629;25-34;56;57;113;SEC_629
1997;625;65-74;23;27;50;SEC_625
2001;612;35-49;71;73;144;SEC_612
2005;114;35-49;166;155;321;SEC_114
2007;627;65-74;39;43;82;SEC_627
2006;207;75 i +;66;29;95;SEC_207
1994;234;65-74;88;56;144;SEC_234
2007;109;35-49;122;109;231;SEC_109
1997;318;16-17;13;12;25;SEC_318
2001;603;16-17;3;8;11;SEC_603
2008;127;00-02;11;14;25;SEC_127
2007;621;35-49;137;144;281;SEC_621
2003;109;35-49;131;125;256;SEC_109
2004;118;03-11;63;70;133;SEC_118
2016;409;35-49;207;230;437;SEC_409
2004;318;18-24;50;44;94;SEC_318
1998;426;12-15;12;11;23;SEC_426
2007;222;18-24;47;33;80;SEC_222
2007;430;00-02;19;22;41;SEC_430
2003;303;18-24;54;55;109;SEC_303
1999;502;25-34;112;124;236;SEC_502
1997;407;03-11;23;39;62;SEC_407
2008;537;00-02;11;10;21;SEC_537
1999;126;18-24;87;68;155;SEC_126
2013;112;00-02;22;18;40;SEC_112
2013;136;65-74;59;56;115;SEC_136
2016;513;18-24;54;57;111;SEC_513
2012;609;12-15;17;12;29;SEC_609
1995;310;00-02;7;9;16;SEC_310
2007;415;16-17;5;12;17;SEC_415
2009;312;50-64;151;146;297;SEC_312
2010;529;00-02;24;26;50;SEC_529
2007;427;12-15;18;22;40;SEC_427
2004;520;75 i +;49;35;84;SEC_520
2005;314;25-34;211;229;440;SEC_314
2011;124;18-24;28;30;58;SEC_124
2006;246;50-64;76;63;139;SEC_246
2007;134;65-74;56;41;97;SEC_134
2013;513;65-74;64;48;112;SEC_513
1998;130;16-17;8;9;17;SEC_130
1996;505;00-02;15;11;26;SEC_505
2008;403;00-02;15;14;29;SEC_403
2004;518;16-17;10;5;15;SEC_518
2011;627;16-17;3;6;9;SEC_627
2005;620;50-64;73;70;143;SEC_620
2004;619;12-15;15;25;40;SEC_619
2007;429;12-15;11;11;22;SEC_429
2005;235;12-15;22;19;41;SEC_235
2001;126;16-17;6;6;12;SEC_126
2016;631;25-34;46;38;84;SEC_631
2010;531;25-34;81;102;183;SEC_531
2000;308;65-74;70;64;134;SEC_308
2007;508;03-11;21;20;41;SEC_508
2000;607;16-17;7;11;18;SEC_607
2006;118;03-11;61;59;120;SEC_118
2007;244;00-02;9;9;18;SEC_244
2000;416;03-11;24;32;56;SEC_416
1995;630;35-49;140;126;266;SEC_630
2010;515;03-11;26;33;59;SEC_515
2015;136;00-02;21;17;38;SEC_136
2013;204;25-34;121;127;248;SEC_204
2005;316;65-74;49;47;96;SEC_316
2013;135;35-49;178;177;355;SEC_135
2011;521;25-34;57;51;108;SEC_521
1995;507;16-17;14;20;34;SEC_507
2001;249;18-24;40;49;89;SEC_249
1997;245;16-17;17;11;28;SEC_245
2004;230;12-15;20;15;35;SEC_230
1995;207;18-24;37;33;70;SEC_207
2002;222;35-49;83;72;155;SEC_222
2004;229;65-74;48;40;88;SEC_229
2004;511;65-74;60;42;102;SEC_511
2009;103;18-24;23;20;43;SEC_103
2011;616;50-64;279;263;542;SEC_616
1997;131;16-17;30;24;54;SEC_131
2006;615;25-34;70;76;146;SEC_615
2007;417;75 i +;30;19;49;SEC_417
2009;124;65-74;30;34;64;SEC_124
2007;121;18-24;15;25;40;SEC_121
2002;511;16-17;4;5;9;SEC_511
1998;112;50-64;135;134;269;SEC_112
2015;430;75 i +;56;35;91;SEC_430
2001;205;16-17;8;10;18;SEC_205
2005;406;16-17;9;8;17;SEC_406
1998;521;00-02;5;10;15;SEC_521
2016;521;16-17;7;5;12;SEC_521
1994;226;03-11;34;34;68;SEC_226
2009;414;18-24;37;30;67;SEC_414
2007;431;75 i +;84;46;130;SEC_431
2009;216;16-17;14;13;27;SEC_216
1994;109;16-17;21;14;35;SEC_109
1998;224;16-17;7;8;15;SEC_224
1998;116;18-24;120;119;239;SEC_116
2005;107;65-74;107;83;190;SEC_107
2006;113;03-11;45;70;115;SEC_113
2014;240;50-64;135;135;270;SEC_240
2012;101;65-74;56;44;100;SEC_101
2001;135;35-49;181;163;344;SEC_135
2016;611;50-64;134;137;271;SEC_611
2005;504;16-17;4;9;13;SEC_504
2005;309;03-11;30;53;83;SEC_309
2010;106;50-64;270;222;492;SEC_106
1995;533;50-64;119;107;226;SEC_533
2004;535;50-64;146;130;276;SEC_535
2005;323;12-15;55;52;107;SEC_323
2008;513;16-17;5;6;11;SEC_513
1995;405;03-11;20;24;44;SEC_405
2013;226;50-64;165;131;296;SEC_226
2008;410;18-24;49;64;113;SEC_410
2000;516;50-64;64;53;117;SEC_516
2003;510;12-15;16;17;33;SEC_510
1998;307;18-24;114;105;219;SEC_307
2011;207;18-24;23;25;48;SEC_207
2013;140;50-64;88;66;154;SEC_140
1995;435;12-15;15;24;39;SEC_435
2002;438;75 i +;32;13;45;SEC_438
2006;121;65-74;59;35;94;SEC_121
1997;505;50-64;217;231;448;SEC_505
1999;238;03-11;17;19;36;SEC_238
2015;123;65-74;69;55;124;SEC_123
1994;321;35-49;317;295;612;SEC_321
2016;138;03-11;21;28;49;SEC_138
1994;201;18-24;46;53;99;SEC_201
2011;418;75 i +;71;51;122;SEC_418
2005;631;75 i +;43;23;66;SEC_631
2006;222;35-49;93;117;210;SEC_222
2015;315;50-64;186;158;344;SEC_315
1994;222;35-49;84;72;156;SEC_222
1994;619;03-11;57;72;129;SEC_619
2000;505;16-17;14;9;23;SEC_505
2012;506;75 i +;100;72;172;SEC_506
1999;204;18-24;19;18;37;SEC_204
1998;614;25-34;96;98;194;SEC_614
2002;307;65-74;70;55;125;SEC_307
1996;130;75 i +;66;24;90;SEC_130
1995;409;25-34;62;65;127;SEC_409
1995;227;00-02;6;8;14;SEC_227
2011;413;65-74;20;23;43;SEC_413
2001;614;75 i +;35;20;55;SEC_614
2008;621;00-02;17;21;38;SEC_621
2003;246;18-24;48;35;83;SEC_246
1994;124;03-11;56;39;95;SEC_124
2012;230;00-02;14;16;30;SEC_230
2016;614;16-17;6;7;13;SEC_614
2004;106;16-17;24;17;41;SEC_106
2004;233;65-74;48;42;90;SEC_233
1998;217;65-74;45;35;80;SEC_217
2012;412;50-64;177;152;329;SEC_412
1998;409;16-17;16;10;26;SEC_409
2001;412;35-49;178;156;334;SEC_412
2016;623;12-15;23;33;56;SEC_623
2000;502;25-34;115;131;246;SEC_502
2008;138;18-24;26;49;75;SEC_138
2005;133;35-49;99;93;192;SEC_133
1995;612;18-24;118;127;245;SEC_612
1998;529;12-15;12;15;27;SEC_529
2007;614;16-17;9;6;15;SEC_614
2012;234;16-17;8;10;18;SEC_234
2004;616;03-11;129;156;285;SEC_616
2010;413;18-24;23;28;51;SEC_413
2013;624;75 i +;55;34;89;SEC_624
2004;235;18-24;55;69;124;SEC_235
2003;605;16-17;5;2;7;SEC_605
2004;313;12-15;40;31;71;SEC_313
2001;245;12-15;11;19;30;SEC_245
2010;509;00-02;22;15;37;SEC_509
2012;131;12-15;19;15;34;SEC_131
2013;212;03-11;58;61;119;SEC_212
2002;237;35-49;132;152;284;SEC_237
2006;116;00-02;21;14;35;SEC_116
2012;420;00-02;30;21;51;SEC_420
2000;518;35-49;79;94;173;SEC_518
2008;616;25-34;196;193;389;SEC_616
2016;314;00-02;36;39;75;SEC_314
1999;137;12-15;26;30;56;SEC_137
1994;108;12-15;24;28;52;SEC_108
2002;628;25-34;96;111;207;SEC_628
2011;404;03-11;52;61;113;SEC_404
2008;603;35-49;69;69;138;SEC_603
1995;308;25-34;105;102;207;SEC_308
1995;612;35-49;101;80;181;SEC_612
2014;420;12-15;25;44;69;SEC_420
2011;410;03-11;59;80;139;SEC_410
2008;237;35-49;177;197;374;SEC_237
1994;520;50-64;92;97;189;SEC_520
2005;423;75 i +;55;33;88;SEC_423
2004;210;75 i +;87;44;131;SEC_210
2008;513;50-64;53;48;101;SEC_513
2011;506;16-17;13;14;27;SEC_506
1995;627;00-02;7;10;17;SEC_627
2002;245;65-74;65;55;120;SEC_245
2015;409;50-64;159;143;302;SEC_409
2000;206;12-15;15;12;27;SEC_206
1994;533;12-15;14;14;28;SEC_533
2010;232;25-34;92;81;173;SEC_232
2002;108;65-74;81;71;152;SEC_108
1996;213;03-11;30;38;68;SEC_213
1998;507;03-11;29;25;54;SEC_507
1995;614;00-02;9;12;21;SEC_614
1999;125;00-02;8;8;16;SEC_125
2015;322;03-11;65;57;122;SEC_322
2009;230;25-34;112;114;226;SEC_230
2004;613;75 i +;43;18;61;SEC_613
1997;234;18-24;31;40;71;SEC_234
2011;322;50-64;107;93;200;SEC_322
2014;322;12-15;25;31;56;SEC_322
2011;441;35-49;194;219;413;SEC_441
2006;629;50-64;52;44;96;SEC_629
2009;630;18-24;29;35;64;SEC_630
1997;308;00-02;9;15;24;SEC_308
1994;118;35-49;275;277;552;SEC_118
2014;309;25-34;109;92;201;SEC_309
2016;626;50-64;74;72;146;SEC_626
2007;310;18-24;44;40;84;SEC_310
1998;121;65-74;96;79;175;SEC_121
1997;113;03-11;72;78;150;SEC_113
2015;208;65-74;101;88;189;SEC_208
1994;103;00-02;6;7;13;SEC_103
2010;428;65-74;20;12;32;SEC_428
2016;520;16-17;11;11;22;SEC_520
2008;526;75 i +;39;24;63;SEC_526
2011;524;65-74;57;43;100;SEC_524
2004;132;16-17;27;18;45;SEC_132
2010;247;25-34;122;127;249;SEC_247
1996;425;16-17;10;6;16;SEC_425
2001;130;16-17;4;5;9;SEC_130
2008;615;50-64;116;71;187;SEC_615
1996;416;16-17;7;13;20;SEC_416
1995;423;25-34;82;88;170;SEC_423
2003;424;65-74;36;37;73;SEC_424
1998;111;18-24;50;84;134;SEC_111
2011;534;00-02;8;14;22;SEC_534
2012;110;75 i +;80;38;118;SEC_110
2000;231;18-24;46;57;103;SEC_231
1998;615;65-74;30;28;58;SEC_615
2000;616;16-17;54;31;85;SEC_616
2014;407;65-74;45;33;78;SEC_407
1995;130;00-02;6;4;10;SEC_130
2008;125;18-24;65;61;126;SEC_125
2006;532;65-74;72;67;139;SEC_532
1997;249;03-11;22;21;43;SEC_249
2010;113;03-11;51;77;128;SEC_113
1999;247;25-34;94;103;197;SEC_247
1995;117;12-15;62;73;135;SEC_117
2010;131;75 i +;62;53;115;SEC_131
2007;112;75 i +;70;37;107;SEC_112
2003;524;25-34;151;153;304;SEC_524
2008;631;12-15;18;13;31;SEC_631
2014;437;16-17;15;13;28;SEC_437
2005;410;00-02;15;24;39;SEC_410
1996;304;00-02;12;13;25;SEC_304
2016;246;25-34;101;104;205;SEC_246
2016;627;65-74;88;91;179;SEC_627
2003;518;18-24;39;39;78;SEC_518
2008;413;25-34;56;59;115;SEC_413
2013;316;65-74;100;113;213;SEC_316
2003;602;75 i +;19;10;29;SEC_602
2008;524;00-02;36;27;63;SEC_524
1995;238;03-11;18;28;46;SEC_238
2007;413;50-64;40;37;77;SEC_413
2012;620;03-11;20;16;36;SEC_620
2005;240;00-02;11;10;21;SEC_240
1997;306;50-64;132;115;247;SEC_306
2007;139;75 i +;40;22;62;SEC_139
1998;611;12-15;23;18;41;SEC_611
1995;628;00-02;10;9;19;SEC_628
2003;306;03-11;66;54;120;SEC_306
2006;521;35-49;69;83;152;SEC_521
2000;421;75 i +;50;33;83;SEC_421
2014;622;12-15;10;21;31;SEC_622
1999;510;75 i +;42;25;67;SEC_510
2005;105;75 i +;56;32;88;SEC_105
2003;535;65-74;41;48;89;SEC_535
1999;315;35-49;176;176;352;SEC_315
1997;325;65-74;124;98;222;SEC_325
1998;509;50-64;80;88;168;SEC_509
2005;619;75 i +;55;39;94;SEC_619
1997;613;75 i +;37;22;59;SEC_613
1997;402;16-17;3;7;10;SEC_402
1999;128;50-64;107;104;211;SEC_128
2006;627;35-49;93;75;168;SEC_627
2006;415;00-02;17;11;28;SEC_415
2008;525;25-34;94;123;217;SEC_525
2001;310;12-15;17;21;38;SEC_310
2009;301;12-15;34;41;75;SEC_301
1996;122;50-64;134;122;256;SEC_122
2016;530;65-74;64;33;97;SEC_530
2013;608;12-15;19;17;36;SEC_608
1996;122;12-15;13;8;21;SEC_122
2000;233;12-15;11;8;19;SEC_233
2009;131;03-11;44;46;90;SEC_131
2014;209;75 i +;78;55;133;SEC_209
2005;203;18-24;36;33;69;SEC_203
2000;517;18-24;44;62;106;SEC_517
2010;502;75 i +;126;66;192;SEC_502
2015;101;25-34;139;130;269;SEC_101
1994;240;75 i +;42;16;58;SEC_240
2010;110;35-49;118;113;231;SEC_110
1995;410;75 i +;56;33;89;SEC_410
2012;407;18-24;34;39;73;SEC_407
2007;615;50-64;133;79;212;SEC_615
1999;415;16-17;8;9;17;SEC_415
2011;243;12-15;15;33;48;SEC_243
1996;128;00-02;9;9;18;SEC_128
2005;132;75 i +;65;45;110;SEC_132
2010;440;03-11;38;40;78;SEC_440
1997;107;16-17;34;28;62;SEC_107
2003;315;25-34;167;155;322;SEC_315
2010;524;65-74;62;43;105;SEC_524
2006;517;16-17;12;13;25;SEC_517
2006;204;03-11;12;13;25;SEC_204
2004;139;25-34;103;96;199;SEC_139
2014;508;25-34;110;108;218;SEC_508
2007;538;18-24;54;59;113;SEC_538
1998;538;00-02;8;11;19;SEC_538
1997;321;00-02;23;22;45;SEC_321
1999;526;75 i +;34;18;52;SEC_526
2015;213;25-34;94;76;170;SEC_213
2015;243;75 i +;108;70;178;SEC_243
2004;121;00-02;16;9;25;SEC_121
2009;323;50-64;391;347;738;SEC_323
1998;207;00-02;7;6;13;SEC_207
1994;201;50-64;91;90;181;SEC_201
2000;502;00-02;14;15;29;SEC_502
2002;321;25-34;177;183;360;SEC_321
2016;517;25-34;165;180;345;SEC_517
2007;528;75 i +;59;42;101;SEC_528
2006;621;35-49;137;136;273;SEC_621
2010;613;12-15;13;22;35;SEC_613
2006;103;65-74;49;32;81;SEC_103
1996;133;65-74;53;47;100;SEC_133
1999;605;25-34;68;81;149;SEC_605
2008;221;75 i +;60;46;106;SEC_221
2003;614;25-34;85;100;185;SEC_614
2000;109;16-17;9;15;24;SEC_109
1997;242;03-11;32;27;59;SEC_242
2013;114;75 i +;101;62;163;SEC_114
1995;607;35-49;83;83;166;SEC_607
1994;206;16-17;11;13;24;SEC_206
2000;203;50-64;55;61;116;SEC_203
1999;224;12-15;8;14;22;SEC_224
1999;513;00-02;6;10;16;SEC_513
2009;238;03-11;34;33;67;SEC_238
1999;412;25-34;100;129;229;SEC_412
2010;515;50-64;37;32;69;SEC_515
2005;236;50-64;91;82;173;SEC_236
2011;405;00-02;14;12;26;SEC_405
2011;244;18-24;28;25;53;SEC_244
1998;206;03-11;30;27;57;SEC_206
1997;611;18-24;113;106;219;SEC_611
2013;108;12-15;30;27;57;SEC_108
2015;229;16-17;25;14;39;SEC_229
2014;136;65-74;64;63;127;SEC_136
2016;529;12-15;24;25;49;SEC_529
1997;532;75 i +;64;41;105;SEC_532
2012;325;16-17;21;12;33;SEC_325
1997;222;25-34;72;73;145;SEC_222
2003;437;50-64;83;54;137;SEC_437
2000;615;35-49;51;52;103;SEC_615
2014;314;00-02;28;24;52;SEC_314
2013;103;00-02;11;14;25;SEC_103
2001;101;65-74;37;37;74;SEC_101
2010;611;35-49;233;274;507;SEC_611
1997;243;03-11;42;53;95;SEC_243
2016;115;35-49;164;159;323;SEC_115
2008;239;12-15;18;17;35;SEC_239
2008;619;03-11;47;44;91;SEC_619
2012;325;75 i +;188;100;288;SEC_325
2010;243;65-74;79;57;136;SEC_243
1995;520;50-64;88;96;184;SEC_520
1999;238;00-02;5;6;11;SEC_238
2006;442;50-64;50;42;92;SEC_442
2012;407;25-34;79;88;167;SEC_407
2014;430;75 i +;52;36;88;SEC_430
2014;437;35-49;187;221;408;SEC_437
2011;137;75 i +;52;36;88;SEC_137
1998;204;18-24;23;21;44;SEC_204
2003;538;35-49;125;116;241;SEC_538
1995;525;16-17;20;11;31;SEC_525
2016;125;03-11;74;78;152;SEC_125
2010;130;00-02;18;19;37;SEC_130
2005;117;50-64;214;213;427;SEC_117
2016;112;12-15;43;31;74;SEC_112
2015;133;03-11;38;31;69;SEC_133
2004;312;75 i +;60;30;90;SEC_312
2012;419;03-11;42;59;101;SEC_419
2000;115;75 i +;49;26;75;SEC_115
2003;215;18-24;34;39;73;SEC_215
2000;438;18-24;36;34;70;SEC_438
2005;113;03-11;38;68;106;SEC_113
1995;321;03-11;97;115;212;SEC_321
1994;319;00-02;5;8;13;SEC_319
2010;533;65-74;59;29;88;SEC_533
2009;413;03-11;15;24;39;SEC_413
2003;531;03-11;25;34;59;SEC_531
2015;322;75 i +;73;44;117;SEC_322
2007;203;12-15;7;14;21;SEC_203
2004;109;75 i +;60;36;96;SEC_109
1995;622;25-34;94;85;179;SEC_622
2005;612;18-24;37;35;72;SEC_612
1994;613;12-15;24;24;48;SEC_613
1996;308;00-02;9;16;25;SEC_308
2000;202;25-34;66;74;140;SEC_202
2000;536;16-17;5;7;12;SEC_536
2013;202;50-64;130;102;232;SEC_202
1996;234;12-15;15;17;32;SEC_234
2015;504;25-34;83;73;156;SEC_504
1996;520;50-64;87;97;184;SEC_520
2005;222;00-02;18;8;26;SEC_222
2016;113;16-17;11;10;21;SEC_113
2016;223;25-34;95;100;195;SEC_223
1995;314;50-64;122;139;261;SEC_314
1998;319;35-49;109;97;206;SEC_319
2006;103;18-24;28;30;58;SEC_103
1996;433;25-34;108;110;218;SEC_433
2005;139;00-02;11;18;29;SEC_139
2015;109;16-17;16;7;23;SEC_109
1999;508;12-15;13;11;24;SEC_508
1999;430;12-15;11;15;26;SEC_430
2012;220;50-64;69;60;129;SEC_220
2012;620;25-34;28;28;56;SEC_620
2003;317;00-02;14;13;27;SEC_317
2004;211;00-02;23;16;39;SEC_211
2013;101;16-17;15;12;27;SEC_101
1995;237;12-15;26;21;47;SEC_237
2002;116;25-34;146;139;285;SEC_116
2009;520;65-74;49;46;95;SEC_520
1995;207;12-15;15;19;34;SEC_207
2005;315;16-17;12;17;29;SEC_315
2009;530;12-15;18;24;42;SEC_530
1997;611;16-17;14;20;34;SEC_611
2000;210;35-49;76;82;158;SEC_210
2004;628;35-49;83;92;175;SEC_628
2009;135;65-74;79;66;145;SEC_135
2012;221;65-74;50;45;95;SEC_221
2002;101;00-02;26;18;44;SEC_101
1998;322;12-15;26;18;44;SEC_322
1994;608;35-49;101;95;196;SEC_608
1998;434;00-02;6;5;11;SEC_434
1995;435;65-74;114;89;203;SEC_435
1996;421;12-15;21;25;46;SEC_421
1995;231;12-15;14;17;31;SEC_231
2003;311;25-34;123;147;270;SEC_311
1996;536;18-24;53;55;108;SEC_536
2014;403;00-02;17;13;30;SEC_403
2009;126;16-17;8;3;11;SEC_126
2012;125;50-64;152;142;294;SEC_125
1995;520;16-17;14;16;30;SEC_520
1997;629;03-11;26;22;48;SEC_629
2004;220;35-49;112;111;223;SEC_220
2013;532;25-34;113;110;223;SEC_532
2000;401;35-49;119;113;232;SEC_401
1998;137;16-17;22;12;34;SEC_137
1998;225;65-74;52;33;85;SEC_225
2006;105;25-34;117;108;225;SEC_105
2007;512;75 i +;49;21;70;SEC_512
2001;405;65-74;81;80;161;SEC_405
2003;124;18-24;45;39;84;SEC_124
2008;235;25-34;154;176;330;SEC_235
2001;624;00-02;6;12;18;SEC_624
2002;238;03-11;20;18;38;SEC_238
1996;604;18-24;62;59;121;SEC_604
2005;503;12-15;14;18;32;SEC_503
2007;105;50-64;138;112;250;SEC_105
2006;211;35-49;186;217;403;SEC_211
2001;624;65-74;50;40;90;SEC_624
2011;123;12-15;14;28;42;SEC_123
2016;414;50-64;161;143;304;SEC_414
2010;134;00-02;21;22;43;SEC_134
2001;234;16-17;5;8;13;SEC_234
2000;223;65-74;80;70;150;SEC_223
2001;119;50-64;173;174;347;SEC_119
2016;124;18-24;20;23;43;SEC_124
1997;532;00-02;16;12;28;SEC_532
1995;441;35-49;280;281;561;SEC_441
2012;422;16-17;11;10;21;SEC_422
2014;623;65-74;125;97;222;SEC_623
2005;503;25-34;74;89;163;SEC_503
2006;422;25-34;113;132;245;SEC_422
2010;239;00-02;19;20;39;SEC_239
2008;516;12-15;11;23;34;SEC_516
2006;121;35-49;105;105;210;SEC_121
2005;249;00-02;17;17;34;SEC_249
2011;135;12-15;27;22;49;SEC_135
2002;426;50-64;80;75;155;SEC_426
2000;215;18-24;32;35;67;SEC_215
2016;601;25-34;117;123;240;SEC_601
2012;427;18-24;31;46;77;SEC_427
2005;509;25-34;87;106;193;SEC_509
2009;113;65-74;55;56;111;SEC_113
1994;407;75 i +;28;21;49;SEC_407
2007;123;03-11;46;50;96;SEC_123
2009;118;35-49;187;181;368;SEC_118
2015;306;16-17;19;15;34;SEC_306
1998;138;03-11;27;44;71;SEC_138
2009;313;65-74;78;75;153;SEC_313
2001;112;00-02;8;12;20;SEC_112
2010;618;00-02;4;5;9;SEC_618
2001;305;00-02;20;14;34;SEC_305
2016;137;50-64;163;139;302;SEC_137
2014;201;12-15;21;21;42;SEC_201
2004;601;25-34;127;147;274;SEC_601
1996;205;25-34;54;59;113;SEC_205
2003;219;65-74;74;54;128;SEC_219
2011;611;00-02;16;29;45;SEC_611
2002;605;18-24;24;25;49;SEC_605
1994;302;25-34;122;124;246;SEC_302
1998;631;25-34;108;110;218;SEC_631
1999;248;00-02;12;9;21;SEC_248
2003;432;50-64;152;151;303;SEC_432
2010;322;03-11;61;60;121;SEC_322
2001;615;03-11;11;21;32;SEC_615
2012;126;35-49;118;119;237;SEC_126
2003;521;16-17;16;7;23;SEC_521
2009;622;18-24;30;33;63;SEC_622
2005;427;50-64;69;58;127;SEC_427
2013;521;65-74;88;103;191;SEC_521
2013;101;25-34;89;68;157;SEC_101
2007;101;16-17;8;15;23;SEC_101
2010;509;35-49;93;115;208;SEC_509
1999;129;50-64;128;126;254;SEC_129
2006;320;00-02;22;17;39;SEC_320
2013;505;50-64;106;67;173;SEC_505
2002;127;00-02;13;8;21;SEC_127
2015;518;50-64;84;84;168;SEC_518
2013;630;25-34;50;60;110;SEC_630
2010;239;75 i +;94;63;157;SEC_239
2004;401;18-24;57;70;127;SEC_401
2013;425;65-74;45;44;89;SEC_425
2008;632;00-02;23;22;45;SEC_632
1999;306;12-15;26;36;62;SEC_306
1995;425;16-17;8;13;21;SEC_425
1996;511;12-15;6;11;17;SEC_511
1997;312;35-49;136;134;270;SEC_312
1997;130;12-15;8;14;22;SEC_130
2001;115;35-49;152;143;295;SEC_115
2003;529;35-49;127;127;254;SEC_529
1994;207;16-17;5;12;17;SEC_207
1995;319;35-49;106;100;206;SEC_319
1995;307;00-02;15;15;30;SEC_307
2014;621;50-64;163;106;269;SEC_621
2010;536;65-74;44;44;88;SEC_536
2011;238;35-49;121;133;254;SEC_238
2009;231;03-11;56;59;115;SEC_231
2014;307;25-34;79;91;170;SEC_307
1998;244;35-49;56;64;120;SEC_244
2005;414;03-11;34;43;77;SEC_414
2005;434;00-02;10;7;17;SEC_434
2015;240;75 i +;125;74;199;SEC_240
2000;127;18-24;35;41;76;SEC_127
2011;618;50-64;61;40;101;SEC_618
2015;233;25-34;95;79;174;SEC_233
2013;113;00-02;26;27;53;SEC_113
2015;234;65-74;40;24;64;SEC_234
2004;422;25-34;109;130;239;SEC_422
1994;301;00-02;13;17;30;SEC_301
2005;106;16-17;24;14;38;SEC_106
2009;109;18-24;45;30;75;SEC_109
2005;414;12-15;20;13;33;SEC_414
1995;423;50-64;132;130;262;SEC_423
2008;112;35-49;191;169;360;SEC_112
2010;112;16-17;22;12;34;SEC_112
2001;215;12-15;12;14;26;SEC_215
2011;535;03-11;31;40;71;SEC_535
2012;528;18-24;48;47;95;SEC_528
2015;134;50-64;136;113;249;SEC_134
2002;528;16-17;3;6;9;SEC_528
2006;436;12-15;13;15;28;SEC_436
2013;216;16-17;12;10;22;SEC_216
2001;127;25-34;61;85;146;SEC_127
1998;424;12-15;10;13;23;SEC_424
2007;122;50-64;85;54;139;SEC_122
2008;119;16-17;9;14;23;SEC_119
1996;310;25-34;70;69;139;SEC_310
1994;525;35-49;74;77;151;SEC_525
2005;507;25-34;93;102;195;SEC_507
2011;215;50-64;85;70;155;SEC_215
2003;131;16-17;8;15;23;SEC_131
2013;407;16-17;10;3;13;SEC_407
2006;208;00-02;17;12;29;SEC_208
2002;434;25-34;39;38;77;SEC_434
2006;204;35-49;64;80;144;SEC_204
2011;414;65-74;43;43;86;SEC_414
2005;435;00-02;11;17;28;SEC_435
2013;208;03-11;38;58;96;SEC_208
2004;405;16-17;8;3;11;SEC_405
2003;538;65-74;86;88;174;SEC_538
2016;626;00-02;13;10;23;SEC_626
1999;324;03-11;37;34;71;SEC_324
2000;206;18-24;36;35;71;SEC_206
2005;227;12-15;13;7;20;SEC_227
2009;140;50-64;85;74;159;SEC_140
1994;114;12-15;66;54;120;SEC_114
1994;421;35-49;110;86;196;SEC_421
2013;632;18-24;26;35;61;SEC_632
2008;425;25-34;88;81;169;SEC_425
2003;320;75 i +;34;13;47;SEC_320
2001;613;50-64;200;181;381;SEC_613
2011;313;03-11;93;91;184;SEC_313
2004;429;35-49;57;68;125;SEC_429
2011;524;18-24;53;62;115;SEC_524
2000;606;65-74;78;64;142;SEC_606
2010;411;75 i +;96;61;157;SEC_411
2002;222;03-11;43;24;67;SEC_222
1998;514;75 i +;32;13;45;SEC_514
1998;127;00-02;8;11;19;SEC_127
2010;220;18-24;35;38;73;SEC_220
2005;139;03-11;35;46;81;SEC_139
2003;426;25-34;90;123;213;SEC_426
2003;532;75 i +;81;46;127;SEC_532
1999;204;50-64;52;42;94;SEC_204
1994;628;16-17;24;33;57;SEC_628
2014;610;50-64;79;72;151;SEC_610
2015;238;50-64;65;59;124;SEC_238
1996;214;75 i +;35;18;53;SEC_214
1999;412;35-49;175;172;347;SEC_412
1994;414;16-17;14;13;27;SEC_414
1997;136;50-64;93;88;181;SEC_136
2002;534;25-34;91;106;197;SEC_534
1999;426;03-11;24;26;50;SEC_426
1998;236;25-34;70;83;153;SEC_236
2006;509;25-34;85;111;196;SEC_509
2004;302;50-64;193;182;375;SEC_302
2010;630;35-49;72;90;162;SEC_630
2016;316;65-74;146;141;287;SEC_316
2014;622;00-02;7;7;14;SEC_622
2010;112;50-64;171;166;337;SEC_112
1995;427;16-17;8;15;23;SEC_427
2003;632;65-74;61;54;115;SEC_632
2009;607;65-74;103;92;195;SEC_607
2008;410;12-15;22;26;48;SEC_410
2014;617;25-34;49;49;98;SEC_617
2011;402;35-49;106;107;213;SEC_402
2012;121;12-15;18;15;33;SEC_121
1996;238;65-74;62;50;112;SEC_238
1994;503;25-34;78;64;142;SEC_503
2004;442;18-24;28;19;47;SEC_442
2012;314;65-74;94;89;183;SEC_314
2015;134;16-17;18;9;27;SEC_134
1998;246;35-49;86;98;184;SEC_246
2006;229;12-15;18;22;40;SEC_229
1994;606;75 i +;32;13;45;SEC_606
1998;603;50-64;84;74;158;SEC_603
2004;302;65-74;59;45;104;SEC_302
1998;535;35-49;124;111;235;SEC_535
1997;632;00-02;19;17;36;SEC_632
2007;602;35-49;62;67;129;SEC_602
1995;124;12-15;27;31;58;SEC_124
2016;326;12-15;18;15;33;SEC_326
2016;231;16-17;21;17;38;SEC_231
2004;435;50-64;81;77;158;SEC_435
1994;108;75 i +;72;39;111;SEC_108
2005;109;25-34;87;70;157;SEC_109
2015;403;65-74;83;57;140;SEC_403
2005;303;00-02;15;15;30;SEC_303
1999;434;16-17;3;9;12;SEC_434
1997;511;25-34;56;74;130;SEC_511
1996;509;00-02;7;14;21;SEC_509
1994;242;35-49;83;92;175;SEC_242
2004;316;35-49;298;221;519;SEC_316
2009;228;50-64;42;43;85;SEC_228
2002;120;18-24;75;84;159;SEC_120
1996;322;00-02;16;12;28;SEC_322
2002;132;12-15;43;32;75;SEC_132
1998;507;18-24;60;64;124;SEC_507
1999;520;16-17;7;11;18;SEC_520
1995;427;50-64;105;70;175;SEC_427
2001;249;16-17;7;12;19;SEC_249
1994;520;25-34;79;67;146;SEC_520
2015;412;18-24;62;54;116;SEC_412
2011;119;65-74;87;80;167;SEC_119
2002;522;50-64;57;53;110;SEC_522
2009;440;03-11;41;34;75;SEC_440
2001;309;18-24;40;48;88;SEC_309
2011;416;50-64;57;55;112;SEC_416
2010;608;50-64;77;58;135;SEC_608
2002;207;00-02;7;10;17;SEC_207
1996;505;25-34;114;123;237;SEC_505
2014;208;03-11;33;52;85;SEC_208
2001;420;65-74;77;67;144;SEC_420
2009;304;00-02;35;43;78;SEC_304
1998;249;00-02;8;8;16;SEC_249
1997;237;65-74;83;57;140;SEC_237
2008;512;18-24;43;49;92;SEC_512
1996;302;12-15;31;36;67;SEC_302
2001;225;75 i +;45;34;79;SEC_225
2006;430;35-49;112;124;236;SEC_430
1997;514;25-34;67;62;129;SEC_514
2013;420;00-02;32;32;64;SEC_420
1999;406;35-49;128;130;258;SEC_406
2007;417;12-15;7;11;18;SEC_417
2014;523;50-64;87;115;202;SEC_523
2003;230;65-74;47;42;89;SEC_230
2004;419;00-02;15;18;33;SEC_419
1994;312;03-11;64;35;99;SEC_312
2012;521;16-17;7;8;15;SEC_521
2011;248;75 i +;72;50;122;SEC_248
1994;523;25-34;108;104;212;SEC_523
1999;306;16-17;30;15;45;SEC_306
2000;620;16-17;9;7;16;SEC_620
2011;506;00-02;12;14;26;SEC_506
2012;314;03-11;87;98;185;SEC_314
1999;111;12-15;18;17;35;SEC_111
2013;535;50-64;108;92;200;SEC_535
2015;405;65-74;87;54;141;SEC_405
1999;622;00-02;10;14;24;SEC_622
1997;132;35-49;259;238;497;SEC_132
2015;120;03-11;50;79;129;SEC_120
2007;305;25-34;112;125;237;SEC_305
2009;225;35-49;51;53;104;SEC_225
2008;520;12-15;16;17;33;SEC_520
2003;526;50-64;54;56;110;SEC_526
2007;139;16-17;6;5;11;SEC_139
2013;224;03-11;49;60;109;SEC_224
2009;132;65-74;108;87;195;SEC_132
2011;121;16-17;9;9;18;SEC_121
2012;626;25-34;48;58;106;SEC_626
2006;226;65-74;60;43;103;SEC_226
2002;512;18-24;22;39;61;SEC_512
1995;522;75 i +;26;24;50;SEC_522
2004;415;16-17;5;4;9;SEC_415
2007;511;25-34;61;74;135;SEC_511
2012;630;65-74;58;53;111;SEC_630
2002;435;25-34;67;84;151;SEC_435
2012;235;25-34;122;137;259;SEC_235
1999;113;50-64;106;124;230;SEC_113
2001;232;12-15;13;19;32;SEC_232
2010;102;03-11;58;73;131;SEC_102
2002;440;00-02;6;11;17;SEC_440
1997;242;65-74;90;88;178;SEC_242
2006;622;50-64;98;92;190;SEC_622
2008;510;12-15;15;21;36;SEC_510
1994;132;03-11;103;96;199;SEC_132
2004;113;65-74;47;30;77;SEC_113
2007;627;25-34;89;78;167;SEC_627
2003;138;50-64;91;88;179;SEC_138
2005;615;12-15;5;9;14;SEC_615
2011;440;12-15;14;18;32;SEC_440
2012;218;75 i +;37;25;62;SEC_218
2010;239;35-49;143;152;295;SEC_239
1994;319;25-34;68;65;133;SEC_319
2007;508;00-02;9;13;22;SEC_508
2013;116;18-24;51;40;91;SEC_116
2015;303;35-49;192;209;401;SEC_303
2016;229;25-34;160;141;301;SEC_229
1994;120;25-34;130;111;241;SEC_120
2004;244;18-24;24;22;46;SEC_244
2015;249;00-02;14;12;26;SEC_249
2011;117;25-34;150;159;309;SEC_117
1999;518;35-49;75;90;165;SEC_518
2006;535;00-02;10;6;16;SEC_535
1994;412;75 i +;38;22;60;SEC_412
2005;629;75 i +;28;13;41;SEC_629
2006;440;50-64;109;93;202;SEC_440
2004;318;25-34;68;85;153;SEC_318
2015;537;35-49;139;116;255;SEC_537
1997;136;03-11;51;45;96;SEC_136
2009;310;65-74;42;28;70;SEC_310
2008;537;75 i +;72;46;118;SEC_537
2005;616;16-17;36;36;72;SEC_616
2010;504;75 i +;76;62;138;SEC_504
1998;426;03-11;23;36;59;SEC_426
2004;201;75 i +;40;25;65;SEC_201
1994;439;12-15;16;18;34;SEC_439
2003;125;00-02;13;20;33;SEC_125
2016;228;18-24;90;81;171;SEC_228
2015;427;12-15;29;25;54;SEC_427
1997;628;18-24;104;124;228;SEC_628
2003;528;16-17;7;11;18;SEC_528
2016;228;50-64;173;179;352;SEC_228
2005;206;35-49;99;107;206;SEC_206
2001;231;18-24;40;55;95;SEC_231
1998;117;35-49;270;247;517;SEC_117
2002;405;12-15;13;9;22;SEC_405
2004;619;25-34;92;121;213;SEC_619
2005;415;18-24;47;52;99;SEC_415
2013;520;00-02;12;10;22;SEC_520
2015;110;00-02;13;13;26;SEC_110
2016;631;65-74;120;92;212;SEC_631
2011;220;16-17;8;8;16;SEC_220
2008;126;25-34;86;80;166;SEC_126
1997;618;25-34;45;65;110;SEC_618
2007;118;16-17;16;10;26;SEC_118
2009;316;50-64;376;361;737;SEC_316
1996;321;50-64;162;190;352;SEC_321
2012;204;25-34;53;50;103;SEC_204
1996;234;25-34;72;79;151;SEC_234
2014;601;03-11;69;87;156;SEC_601
2012;217;25-34;63;68;131;SEC_217
2000;630;25-34;64;72;136;SEC_630
2014;440;75 i +;63;58;121;SEC_440
2005;312;35-49;177;216;393;SEC_312
2012;419;65-74;45;26;71;SEC_419
2011;442;00-02;8;9;17;SEC_442
2000;201;16-17;8;6;14;SEC_201
1999;226;35-49;99;93;192;SEC_226
2003;434;50-64;42;44;86;SEC_434
2003;213;50-64;90;84;174;SEC_213
2008;610;16-17;7;8;15;SEC_610
2006;514;35-49;84;99;183;SEC_514
1996;418;25-34;96;107;203;SEC_418
1994;432;18-24;72;85;157;SEC_432
2000;235;25-34;121;111;232;SEC_235
2001;628;16-17;15;8;23;SEC_628
2014;525;50-64;68;64;132;SEC_525
2008;133;00-02;9;14;23;SEC_133
1995;112;18-24;107;99;206;SEC_112
2016;406;75 i +;74;61;135;SEC_406
1994;624;75 i +;24;12;36;SEC_624
2014;610;75 i +;72;62;134;SEC_610
2002;224;12-15;4;9;13;SEC_224
2002;321;00-02;28;33;61;SEC_321
2000;117;25-34;178;165;343;SEC_117
2004;317;65-74;41;25;66;SEC_317
1999;434;35-49;55;51;106;SEC_434
1997;231;65-74;84;68;152;SEC_231
2014;503;18-24;21;27;48;SEC_503
2005;305;35-49;210;201;411;SEC_305
1995;202;12-15;13;16;29;SEC_202
2012;244;12-15;3;9;12;SEC_244
1995;228;12-15;12;6;18;SEC_228
2013;107;50-64;154;133;287;SEC_107
1999;218;12-15;7;18;25;SEC_218
2004;139;75 i +;27;13;40;SEC_139
1996;119;16-17;19;30;49;SEC_119
2009;303;18-24;45;41;86;SEC_303
2012;402;65-74;42;30;72;SEC_402
2016;503;12-15;7;9;16;SEC_503
1996;239;50-64;131;102;233;SEC_239
2005;429;75 i +;32;24;56;SEC_429
1997;119;18-24;129;131;260;SEC_119
2000;134;16-17;11;14;25;SEC_134
2013;520;03-11;35;38;73;SEC_520
2002;431;03-11;40;45;85;SEC_431
2007;220;18-24;36;35;71;SEC_220
1994;105;03-11;54;67;121;SEC_105
2015;226;65-74;85;72;157;SEC_226
2011;103;18-24;27;13;40;SEC_103
2010;440;65-74;88;80;168;SEC_440
2004;119;75 i +;61;50;111;SEC_119
2010;223;25-34;119;121;240;SEC_223
2000;620;18-24;62;42;104;SEC_620
2006;117;03-11;81;73;154;SEC_117
1997;233;75 i +;69;33;102;SEC_233
1997;531;65-74;56;49;105;SEC_531
2003;245;75 i +;63;34;97;SEC_245
2006;122;65-74;66;68;134;SEC_122
2016;114;00-02;10;8;18;SEC_114
1996;134;75 i +;61;26;87;SEC_134
2005;431;25-34;161;221;382;SEC_431
2011;246;16-17;19;9;28;SEC_246
1994;310;50-64;68;68;136;SEC_310
2009;535;35-49;93;100;193;SEC_535
1997;423;18-24;50;57;107;SEC_423
2015;112;03-11;62;72;134;SEC_112
2006;213;03-11;26;50;76;SEC_213
2000;218;12-15;7;18;25;SEC_218
2000;318;50-64;68;75;143;SEC_318
1995;216;18-24;82;100;182;SEC_216
2008;212;00-02;31;30;61;SEC_212
1999;304;16-17;11;9;20;SEC_304
2003;525;00-02;9;6;15;SEC_525
2007;519;12-15;8;17;25;SEC_519
2006;131;25-34;131;141;272;SEC_131
2007;518;65-74;78;65;143;SEC_518
2001;617;12-15;15;18;33;SEC_617
2005;240;65-74;60;44;104;SEC_240
1997;219;50-64;108;99;207;SEC_219
1997;134;12-15;31;25;56;SEC_134
2012;425;75 i +;79;48;127;SEC_425
2001;201;75 i +;41;17;58;SEC_201
2000;102;35-49;156;142;298;SEC_102
2000;109;75 i +;46;24;70;SEC_109
2000;214;00-02;7;5;12;SEC_214
2007;302;12-15;22;29;51;SEC_302
2014;322;00-02;26;29;55;SEC_322
1998;204;35-49;41;48;89;SEC_204
2013;109;16-17;6;13;19;SEC_109
1995;315;50-64;109;105;214;SEC_315
2015;617;35-49;117;137;254;SEC_617
1999;210;16-17;5;7;12;SEC_210
2001;526;18-24;22;33;55;SEC_526
2011;237;50-64;101;101;202;SEC_237
2001;313;12-15;39;29;68;SEC_313
2002;413;75 i +;40;18;58;SEC_413
2003;512;00-02;6;13;19;SEC_512
2002;104;65-74;70;44;114;SEC_104
2012;437;25-34;66;98;164;SEC_437
2006;302;75 i +;56;33;89;SEC_302
2008;622;35-49;90;87;177;SEC_622
2016;528;35-49;171;170;341;SEC_528
2011;140;65-74;55;56;111;SEC_140
1999;511;12-15;4;8;12;SEC_511
2004;117;75 i +;64;35;99;SEC_117
2010;203;00-02;11;8;19;SEC_203
2003;201;18-24;26;27;53;SEC_201
1997;509;00-02;5;10;15;SEC_509
2001;131;00-02;11;20;31;SEC_131
1999;508;35-49;47;56;103;SEC_508
2013;209;12-15;16;13;29;SEC_209
2004;401;65-74;95;66;161;SEC_401
2006;441;35-49;226;208;434;SEC_441
2009;429;12-15;14;10;24;SEC_429
2014;313;25-34;114;115;229;SEC_313
2014;529;75 i +;94;64;158;SEC_529
1994;126;00-02;14;5;19;SEC_126
1994;511;18-24;46;54;100;SEC_511
2000;608;12-15;19;25;44;SEC_608
2004;311;03-11;38;51;89;SEC_311
2009;122;03-11;35;43;78;SEC_122
2016;205;12-15;20;20;40;SEC_205
2001;624;25-34;103;143;246;SEC_624
2001;513;03-11;16;19;35;SEC_513
2012;117;12-15;32;35;67;SEC_117
1995;522;00-02;6;7;13;SEC_522
2011;205;75 i +;87;52;139;SEC_205
1994;611;35-49;147;101;248;SEC_611
2001;215;65-74;75;44;119;SEC_215
1997;605;65-74;34;34;68;SEC_605
2001;114;75 i +;60;23;83;SEC_114
1996;615;12-15;18;6;24;SEC_615
1994;135;16-17;30;30;60;SEC_135
1995;316;16-17;52;62;114;SEC_316
1996;243;00-02;23;17;40;SEC_243
2005;606;75 i +;52;23;75;SEC_606
1999;313;12-15;39;44;83;SEC_313
2013;416;12-15;21;26;47;SEC_416
1999;620;75 i +;11;4;15;SEC_620
1997;515;25-34;56;45;101;SEC_515
2000;525;00-02;10;10;20;SEC_525
2014;426;50-64;73;79;152;SEC_426
2003;617;03-11;29;41;70;SEC_617
2014;420;35-49;223;261;484;SEC_420
2005;419;00-02;17;12;29;SEC_419
2008;235;50-64;110;86;196;SEC_235
2009;134;35-49;167;169;336;SEC_134
2001;534;12-15;10;14;24;SEC_534
2002;513;18-24;40;23;63;SEC_513
2015;326;75 i +;4;2;6;SEC_326
2009;418;75 i +;69;48;117;SEC_418
1999;301;16-17;17;32;49;SEC_301
2013;233;18-24;27;29;56;SEC_233
2013;243;75 i +;115;68;183;SEC_243
2011;405;12-15;17;12;29;SEC_405
2007;617;50-64;87;79;166;SEC_617
2001;401;25-34;76;71;147;SEC_401
2009;527;12-15;25;13;38;SEC_527
2006;438;18-24;39;38;77;SEC_438
1997;426;50-64;81;74;155;SEC_426
2016;101;03-11;145;181;326;SEC_101
2008;117;18-24;100;79;179;SEC_117
2006;222;75 i +;41;22;63;SEC_222
1995;507;18-24;58;69;127;SEC_507
2015;236;35-49;129;131;260;SEC_236
2012;418;00-02;25;20;45;SEC_418
2003;436;18-24;39;57;96;SEC_436
2008;409;25-34;62;94;156;SEC_409
1997;140;75 i +;41;16;57;SEC_140
1997;117;18-24;124;156;280;SEC_117
2011;435;18-24;58;46;104;SEC_435
2002;235;75 i +;74;47;121;SEC_235
1996;226;75 i +;71;34;105;SEC_226
2002;302;12-15;24;10;34;SEC_302
1994;232;16-17;9;14;23;SEC_232
1995;440;00-02;8;5;13;SEC_440
2010;236;03-11;43;40;83;SEC_236
2005;537;25-34;105;118;223;SEC_537
1999;230;18-24;34;30;64;SEC_230
2000;318;75 i +;13;12;25;SEC_318
2007;201;25-34;59;82;141;SEC_201
2008;530;65-74;78;69;147;SEC_530
2001;517;16-17;5;8;13;SEC_517
2010;604;75 i +;33;23;56;SEC_604
2001;434;16-17;7;5;12;SEC_434
2001;103;00-02;5;8;13;SEC_103
2005;627;75 i +;33;18;51;SEC_627
1998;245;75 i +;71;35;106;SEC_245
1999;139;18-24;59;55;114;SEC_139
2006;109;18-24;47;44;91;SEC_109
2005;238;50-64;69;66;135;SEC_238
2011;229;12-15;25;17;42;SEC_229
1999;223;25-34;89;86;175;SEC_223
2015;212;65-74;65;44;109;SEC_212
2003;630;65-74;31;29;60;SEC_630
1995;317;18-24;40;59;99;SEC_317
2013;538;50-64;96;85;181;SEC_538
2006;110;35-49;115;100;215;SEC_110
1994;616;03-11;79;84;163;SEC_616
2016;324;50-64;66;79;145;SEC_324
2008;136;12-15;24;14;38;SEC_136
2009;527;16-17;10;7;17;SEC_527
1999;122;50-64;129;107;236;SEC_122
1995;534;18-24;75;77;152;SEC_534
2000;315;12-15;24;28;52;SEC_315
2007;124;16-17;9;9;18;SEC_124
1999;528;00-02;12;9;21;SEC_528
2012;433;75 i +;43;23;66;SEC_433
1998;617;00-02;12;14;26;SEC_617
2011;218;25-34;50;82;132;SEC_218
1998;219;18-24;51;49;100;SEC_219
2002;323;35-49;412;374;786;SEC_323
1995;242;00-02;6;6;12;SEC_242
2013;127;12-15;11;15;26;SEC_127
2002;505;75 i +;45;33;78;SEC_505
2007;218;18-24;29;45;74;SEC_218
2003;403;18-24;48;43;91;SEC_403
1998;536;35-49;65;67;132;SEC_536
2009;103;00-02;10;6;16;SEC_103
1998;527;18-24;45;39;84;SEC_527
2001;308;50-64;181;158;339;SEC_308
1997;101;16-17;20;19;39;SEC_101
1999;126;12-15;13;12;25;SEC_126
2000;506;25-34;156;165;321;SEC_506
2009;104;16-17;9;7;16;SEC_104
2006;401;12-15;24;13;37;SEC_401
1996;233;75 i +;73;33;106;SEC_233
1995;135;35-49;186;178;364;SEC_135
2003;306;35-49;157;178;335;SEC_306
2000;128;35-49;94;89;183;SEC_128
1998;442;16-17;6;5;11;SEC_442
2008;418;35-49;170;175;345;SEC_418
1995;506;25-34;144;164;308;SEC_506
1997;422;03-11;31;44;75;SEC_422
2006;428;50-64;45;31;76;SEC_428
1997;538;35-49;89;92;181;SEC_538
2006;419;50-64;65;54;119;SEC_419
2007;406;18-24;73;64;137;SEC_406
2003;313;18-24;105;89;194;SEC_313
2005;202;65-74;42;33;75;SEC_202
1995;524;65-74;70;53;123;SEC_524
1999;225;16-17;4;3;7;SEC_225
2010;234;12-15;21;21;42;SEC_234
1998;524;16-17;12;15;27;SEC_524
2005;516;03-11;26;35;61;SEC_516
2000;317;12-15;14;17;31;SEC_317
2000;104;03-11;30;19;49;SEC_104
1995;601;03-11;52;56;108;SEC_601
2016;119;50-64;138;93;231;SEC_119
2009;209;03-11;33;39;72;SEC_209
2015;410;25-34;99;99;198;SEC_410
1996;234;50-64;101;74;175;SEC_234
2007;421;35-49;133;155;288;SEC_421
2011;502;16-17;12;16;28;SEC_502
2016;302;00-02;16;20;36;SEC_302
2001;227;18-24;29;26;55;SEC_227
1998;307;12-15;36;32;68;SEC_307
2011;401;25-34;96;105;201;SEC_401
2014;133;12-15;17;11;28;SEC_133
2012;223;25-34;122;103;225;SEC_223
2005;116;18-24;67;51;118;SEC_116
2008;242;75 i +;81;47;128;SEC_242
2001;242;75 i +;57;49;106;SEC_242
2007;625;03-11;35;44;79;SEC_625
2001;312;03-11;54;52;106;SEC_312
2003;113;12-15;33;33;66;SEC_113
2006;229;16-17;5;5;10;SEC_229
2009;110;25-34;97;111;208;SEC_110
1996;102;50-64;195;201;396;SEC_102
2013;213;35-49;110;117;227;SEC_213
2002;428;18-24;17;27;44;SEC_428
2014;132;18-24;64;73;137;SEC_132
2002;610;65-74;59;70;129;SEC_610
2003;430;75 i +;60;33;93;SEC_430
2003;314;25-34;202;210;412;SEC_314
1997;111;12-15;19;13;32;SEC_111
2003;439;16-17;4;9;13;SEC_439
2012;220;35-49;133;135;268;SEC_220
2013;126;03-11;42;45;87;SEC_126
1999;243;16-17;15;8;23;SEC_243
2003;126;50-64;151;134;285;SEC_126
2005;208;25-34;141;123;264;SEC_208
2009;414;12-15;17;16;33;SEC_414
2010;213;35-49;121;125;246;SEC_213
1996;433;12-15;21;27;48;SEC_433
2014;605;18-24;44;40;84;SEC_605
1999;424;00-02;7;5;12;SEC_424
2004;525;16-17;10;11;21;SEC_525
2015;107;16-17;15;8;23;SEC_107
1994;519;75 i +;16;11;27;SEC_519
2011;139;25-34;72;87;159;SEC_139
2012;518;25-34;75;74;149;SEC_518
2014;320;65-74;1;2;3;SEC_320
2010;136;18-24;43;34;77;SEC_136
2012;618;18-24;12;21;33;SEC_618
2004;241;00-02;7;9;16;SEC_241
2016;441;12-15;33;40;73;SEC_441
1996;129;16-17;13;13;26;SEC_129
2001;234;50-64;72;60;132;SEC_234
2006;430;65-74;48;40;88;SEC_430
2011;617;25-34;60;70;130;SEC_617
2006;242;75 i +;75;54;129;SEC_242
2004;116;00-02;13;19;32;SEC_116
2002;626;03-11;39;31;70;SEC_626
2016;207;12-15;24;31;55;SEC_207
2007;623;03-11;58;58;116;SEC_623
2003;526;00-02;5;5;10;SEC_526
1998;631;00-02;10;10;20;SEC_631
2011;206;65-74;48;33;81;SEC_206
2000;610;25-34;117;150;267;SEC_610
2012;207;12-15;8;13;21;SEC_207
1997;439;03-11;37;33;70;SEC_439
2008;528;65-74;66;56;122;SEC_528
2010;309;35-49;128;136;264;SEC_309
2004;538;25-34;109;115;224;SEC_538
2000;535;50-64;147;144;291;SEC_535
2008;609;65-74;55;57;112;SEC_609
2013;613;12-15;17;24;41;SEC_613
2016;239;25-34;78;83;161;SEC_239
1995;505;03-11;46;40;86;SEC_505
2013;534;65-74;56;46;102;SEC_534
2007;140;50-64;87;90;177;SEC_140
2009;435;03-11;52;46;98;SEC_435
1997;304;16-17;9;6;15;SEC_304
2001;240;03-11;17;24;41;SEC_240
2008;536;12-15;11;17;28;SEC_536
2012;509;35-49;96;116;212;SEC_509
2002;126;35-49;59;64;123;SEC_126
2008;222;00-02;15;17;32;SEC_222
2012;208;18-24;62;53;115;SEC_208
2001;528;00-02;14;14;28;SEC_528
1996;442;00-02;8;4;12;SEC_442
1997;519;16-17;3;12;15;SEC_519
2015;307;12-15;12;17;29;SEC_307
2015;237;12-15;21;30;51;SEC_237
2010;204;35-49;69;83;152;SEC_204
2013;209;00-02;15;9;24;SEC_209
2005;240;75 i +;55;29;84;SEC_240
2007;403;65-74;83;91;174;SEC_403
2001;311;12-15;19;20;39;SEC_311
2016;229;16-17;24;17;41;SEC_229
2002;618;65-74;26;24;50;SEC_618
2001;123;12-15;19;14;33;SEC_123
2002;111;03-11;21;29;50;SEC_111
2007;512;50-64;64;70;134;SEC_512
2002;514;03-11;25;22;47;SEC_514
2007;233;03-11;26;36;62;SEC_233
2005;319;25-34;183;197;380;SEC_319
2009;507;35-49;108;123;231;SEC_507
2005;317;35-49;101;111;212;SEC_317
2002;428;50-64;34;32;66;SEC_428
2002;310;00-02;13;13;26;SEC_310
2016;304;65-74;78;67;145;SEC_304
2006;508;75 i +;39;26;65;SEC_508
1999;426;00-02;12;4;16;SEC_426
2003;512;75 i +;50;26;76;SEC_512
2002;217;75 i +;46;17;63;SEC_217
2007;603;35-49;60;72;132;SEC_603
2007;246;75 i +;77;50;127;SEC_246
2007;612;16-17;10;7;17;SEC_612
2001;514;35-49;62;80;142;SEC_514
2003;627;25-34;88;92;180;SEC_627
1994;135;75 i +;39;17;56;SEC_135
2003;308;75 i +;71;43;114;SEC_308
1996;125;03-11;45;41;86;SEC_125
2000;417;12-15;13;9;22;SEC_417
2005;101;16-17;14;9;23;SEC_101
2002;406;50-64;127;120;247;SEC_406
1995;627;50-64;69;103;172;SEC_627
2013;136;12-15;22;23;45;SEC_136
2007;627;12-15;6;17;23;SEC_627
2003;427;25-34;100;109;209;SEC_427
2008;625;50-64;196;177;373;SEC_625
2006;223;50-64;98;79;177;SEC_223
2008;134;25-34;107;133;240;SEC_134
1998;536;00-02;7;9;16;SEC_536
2007;531;03-11;38;35;73;SEC_531
1997;504;03-11;23;32;55;SEC_504
1996;234;03-11;28;26;54;SEC_234
2000;113;18-24;101;87;188;SEC_113
2009;116;25-34;109;120;229;SEC_116
2011;104;12-15;20;11;31;SEC_104
2009;207;75 i +;69;24;93;SEC_207
2012;510;65-74;55;50;105;SEC_510
2006;407;18-24;33;49;82;SEC_407
2000;624;18-24;74;107;181;SEC_624
1998;127;65-74;43;37;80;SEC_127
2001;439;25-34;100;121;221;SEC_439
2016;310;03-11;51;48;99;SEC_310
2015;403;18-24;29;34;63;SEC_403
1995;130;16-17;15;8;23;SEC_130
2004;604;50-64;75;57;132;SEC_604
2013;411;18-24;33;25;58;SEC_411
2004;242;16-17;6;7;13;SEC_242
1998;410;16-17;20;15;35;SEC_410
1998;518;50-64;133;110;243;SEC_518
2016;537;35-49;146;126;272;SEC_537
2016;223;12-15;24;23;47;SEC_223
2001;403;50-64;151;122;273;SEC_403
2006;319;18-24;56;65;121;SEC_319
2005;511;65-74;54;40;94;SEC_511
2016;507;25-34;46;51;97;SEC_507
2003;302;25-34;140;169;309;SEC_302
1994;110;25-34;88;85;173;SEC_110
2006;315;03-11;57;65;122;SEC_315
1994;416;16-17;3;7;10;SEC_416
2002;323;25-34;274;290;564;SEC_323
2009;233;00-02;25;14;39;SEC_233
2008;419;03-11;42;51;93;SEC_419
2012;208;50-64;190;157;347;SEC_208
1996;630;50-64;79;93;172;SEC_630
2002;115;18-24;78;63;141;SEC_115
2009;632;35-49;104;109;213;SEC_632
2000;237;03-11;35;30;65;SEC_237
2011;535;16-17;10;12;22;SEC_535
2009;421;50-64;89;71;160;SEC_421
2007;630;18-24;36;34;70;SEC_630
2010;228;75 i +;45;35;80;SEC_228
2016;302;35-49;160;187;347;SEC_302
1997;615;50-64;155;166;321;SEC_615
2013;232;16-17;11;9;20;SEC_232
1995;139;35-49;101;105;206;SEC_139
2012;240;16-17;4;9;13;SEC_240
1995;511;00-02;3;12;15;SEC_511
2006;211;25-34;123;197;320;SEC_211
2006;415;03-11;25;32;57;SEC_415
2007;117;65-74;72;60;132;SEC_117
2007;305;12-15;38;18;56;SEC_305
2016;122;25-34;58;43;101;SEC_122
2016;501;16-17;14;8;22;SEC_501
2011;242;50-64;96;92;188;SEC_242
1996;407;18-24;48;59;107;SEC_407
1997;225;03-11;11;15;26;SEC_225
1997;441;25-34;126;126;252;SEC_441
1998;233;03-11;23;18;41;SEC_233
2003;420;00-02;19;20;39;SEC_420
2010;131;50-64;175;158;333;SEC_131
2012;439;25-34;90;117;207;SEC_439
2016;130;18-24;26;32;58;SEC_130
2011;607;00-02;8;11;19;SEC_607
2015;631;00-02;10;15;25;SEC_631
2011;203;03-11;28;45;73;SEC_203
2005;242;03-11;30;27;57;SEC_242
2003;237;25-34;120;134;254;SEC_237
2007;214;00-02;14;9;23;SEC_214
2015;422;35-49;144;163;307;SEC_422
2013;513;03-11;76;70;146;SEC_513
2002;139;18-24;46;46;92;SEC_139
1995;106;25-34;122;141;263;SEC_106
2009;204;16-17;7;7;14;SEC_204
2012;118;75 i +;55;41;96;SEC_118
2006;307;35-49;136;115;251;SEC_307
1997;533;03-11;27;22;49;SEC_533
2000;234;50-64;79;65;144;SEC_234
1996;403;12-15;33;23;56;SEC_403
1996;529;03-11;23;37;60;SEC_529
2016;131;75 i +;70;61;131;SEC_131
2001;434;25-34;34;34;68;SEC_434
2007;536;35-49;99;107;206;SEC_536
1998;624;25-34;94;119;213;SEC_624
1995;135;00-02;18;16;34;SEC_135
2003;208;50-64;196;156;352;SEC_208
1998;128;18-24;75;72;147;SEC_128
2012;502;03-11;49;63;112;SEC_502
2000;119;75 i +;49;42;91;SEC_119
2008;132;18-24;79;91;170;SEC_132
2008;230;16-17;8;11;19;SEC_230
2010;513;65-74;51;37;88;SEC_513
2002;625;16-17;11;21;32;SEC_625
2013;236;65-74;65;42;107;SEC_236
2002;228;65-74;43;46;89;SEC_228
2004;430;12-15;8;17;25;SEC_430
2009;613;00-02;19;19;38;SEC_613
2006;140;50-64;86;91;177;SEC_140
2008;507;16-17;6;8;14;SEC_507
2001;606;35-49;92;104;196;SEC_606
2005;201;25-34;54;70;124;SEC_201
2011;237;18-24;63;53;116;SEC_237
2007;518;12-15;18;23;41;SEC_518
2008;441;25-34;157;157;314;SEC_441
2016;312;00-02;30;29;59;SEC_312
1994;506;18-24;181;185;366;SEC_506
2000;218;18-24;33;37;70;SEC_218
1995;228;50-64;73;77;150;SEC_228
2001;526;65-74;36;33;69;SEC_526
1998;221;25-34;99;90;189;SEC_221
2008;244;12-15;13;9;22;SEC_244
2008;613;35-49;133;145;278;SEC_613
1997;248;65-74;81;56;137;SEC_248
2014;101;75 i +;54;36;90;SEC_101
1998;215;65-74;76;56;132;SEC_215
1994;601;18-24;102;139;241;SEC_601
2006;123;35-49;153;153;306;SEC_123
2007;528;16-17;9;7;16;SEC_528
2002;230;03-11;29;37;66;SEC_230
2002;409;65-74;44;34;78;SEC_409
2010;437;00-02;20;17;37;SEC_437
1998;410;35-49;152;141;293;SEC_410
2014;508;16-17;13;12;25;SEC_508
2012;512;00-02;6;13;19;SEC_512
1994;106;16-17;35;60;95;SEC_106
2003;629;00-02;12;7;19;SEC_629
2007;414;18-24;33;32;65;SEC_414
2014;209;65-74;41;28;69;SEC_209
2002;537;12-15;20;12;32;SEC_537
2004;206;16-17;9;7;16;SEC_206
2009;513;65-74;54;42;96;SEC_513
2008;413;65-74;27;24;51;SEC_413
1997;215;16-17;4;10;14;SEC_215
2012;130;16-17;5;10;15;SEC_130
2014;605;50-64;132;91;223;SEC_605
2016;249;35-49;129;125;254;SEC_249
1998;415;18-24;30;28;58;SEC_415
2002;406;03-11;36;43;79;SEC_406
2012;308;50-64;224;205;429;SEC_308
2002;222;00-02;9;9;18;SEC_222
2009;414;03-11;41;41;82;SEC_414
2010;520;25-34;54;75;129;SEC_520
2003;510;65-74;63;55;118;SEC_510
2016;121;03-11;33;52;85;SEC_121
2000;117;03-11;73;64;137;SEC_117
2003;524;50-64;103;84;187;SEC_524
1999;132;16-17;28;35;63;SEC_132
2006;137;12-15;27;21;48;SEC_137
1995;617;75 i +;19;16;35;SEC_617
2008;132;75 i +;79;56;135;SEC_132
2015;305;35-49;177;192;369;SEC_305
2005;318;75 i +;20;13;33;SEC_318
2010;240;75 i +;62;37;99;SEC_240
1995;425;35-49;85;76;161;SEC_425
1999;523;25-34;115;111;226;SEC_523
2004;505;18-24;55;37;92;SEC_505
1999;106;00-02;20;21;41;SEC_106
1996;401;18-24;59;75;134;SEC_401
2003;432;03-11;31;38;69;SEC_432
1995;319;75 i +;38;16;54;SEC_319
2015;307;03-11;43;34;77;SEC_307
1995;438;18-24;69;61;130;SEC_438
2001;106;25-34;179;178;357;SEC_106
1994;522;25-34;65;68;133;SEC_522
2002;105;12-15;25;30;55;SEC_105
2000;318;03-11;40;45;85;SEC_318
2003;429;35-49;56;63;119;SEC_429
2008;229;50-64;58;49;107;SEC_229
2007;227;35-49;77;80;157;SEC_227
2014;602;03-11;58;69;127;SEC_602
2003;414;35-49;97;104;201;SEC_414
2003;117;03-11;85;71;156;SEC_117
2011;629;00-02;9;7;16;SEC_629
1998;612;18-24;81;95;176;SEC_612
2006;311;16-17;9;19;28;SEC_311
2010;404;03-11;54;53;107;SEC_404
1996;425;65-74;67;64;131;SEC_425
1997;226;35-49;105;91;196;SEC_226
2015;236;50-64;83;73;156;SEC_236
2007;632;65-74;59;52;111;SEC_632
1995;245;50-64;108;91;199;SEC_245
1998;210;65-74;89;61;150;SEC_210
2009;434;50-64;55;55;110;SEC_434
1998;526;50-64;58;67;125;SEC_526
2002;424;35-49;41;54;95;SEC_424
2014;625;00-02;10;13;23;SEC_625
1998;604;35-49;62;69;131;SEC_604
1994;433;35-49;84;85;169;SEC_433
2002;130;50-64;79;59;138;SEC_130
2005;121;75 i +;68;40;108;SEC_121
1995;413;75 i +;29;13;42;SEC_413
2008;309;65-74;37;24;61;SEC_309
2006;313;18-24;88;80;168;SEC_313
2001;529;65-74;87;89;176;SEC_529
2001;109;12-15;23;14;37;SEC_109
2005;526;03-11;26;32;58;SEC_526
2008;117;75 i +;69;38;107;SEC_117
1995;114;12-15;58;53;111;SEC_114
2003;418;65-74;71;54;125;SEC_418
2005;248;25-34;131;152;283;SEC_248
2014;104;18-24;30;24;54;SEC_104
1996;627;03-11;40;62;102;SEC_627
1994;113;16-17;32;25;57;SEC_113
2002;609;35-49;65;55;120;SEC_609
2002;502;65-74;75;61;136;SEC_502
2005;504;35-49;89;110;199;SEC_504
2012;205;16-17;7;9;16;SEC_205
1996;223;50-64;123;117;240;SEC_223
2005;618;75 i +;26;14;40;SEC_618
1995;244;00-02;6;4;10;SEC_244
2003;614;65-74;56;53;109;SEC_614
2010;113;12-15;24;29;53;SEC_113
2001;234;25-34;73;87;160;SEC_234
1994;301;75 i +;56;22;78;SEC_301
2011;221;00-02;20;15;35;SEC_221
2003;619;35-49;147;149;296;SEC_619
2004;611;12-15;33;25;58;SEC_611
2012;618;65-74;49;43;92;SEC_618
1994;604;18-24;70;80;150;SEC_604
2015;323;16-17;26;17;43;SEC_323
2002;107;75 i +;71;34;105;SEC_107
2009;527;00-02;19;23;42;SEC_527
2005;405;25-34;78;78;156;SEC_405
2012;207;25-34;79;71;150;SEC_207
2006;406;12-15;24;27;51;SEC_406
2008;131;16-17;9;12;21;SEC_131
2005;218;65-74;38;27;65;SEC_218
2004;134;50-64;117;111;228;SEC_134
1996;215;50-64;92;72;164;SEC_215
2012;422;00-02;12;22;34;SEC_422
2005;528;00-02;14;14;28;SEC_528
2011;624;12-15;12;13;25;SEC_624
2003;238;75 i +;67;30;97;SEC_238
2010;301;35-49;340;336;676;SEC_301
1994;127;12-15;19;28;47;SEC_127
2011;426;50-64;80;69;149;SEC_426
2009;226;12-15;16;18;34;SEC_226
2013;130;12-15;17;14;31;SEC_130
1995;628;75 i +;27;11;38;SEC_628
2003;248;18-24;55;60;115;SEC_248
2005;424;03-11;18;23;41;SEC_424
2009;113;16-17;9;12;21;SEC_113
2010;507;00-02;13;16;29;SEC_507
2001;404;03-11;53;46;99;SEC_404
2015;312;25-34;168;136;304;SEC_312
2012;405;35-49;101;113;214;SEC_405
2011;102;18-24;46;47;93;SEC_102
2016;430;50-64;84;86;170;SEC_430
2013;126;35-49;120;121;241;SEC_126
2014;229;18-24;70;88;158;SEC_229
2002;409;50-64;63;61;124;SEC_409
2014;322;25-34;93;80;173;SEC_322
2005;132;03-11;74;72;146;SEC_132
2010;632;12-15;20;19;39;SEC_632
2004;139;03-11;34;45;79;SEC_139
2014;401;75 i +;98;49;147;SEC_401
2011;613;25-34;82;89;171;SEC_613
2005;305;75 i +;100;47;147;SEC_305
2014;421;03-11;45;48;93;SEC_421
2000;517;16-17;10;14;24;SEC_517
2008;227;75 i +;56;34;90;SEC_227
1998;118;12-15;57;57;114;SEC_118
2015;318;75 i +;45;26;71;SEC_318
2010;226;75 i +;83;47;130;SEC_226
1997;232;03-11;30;24;54;SEC_232
1994;519;35-49;35;36;71;SEC_519
2006;505;75 i +;54;39;93;SEC_505
2008;313;00-02;30;31;61;SEC_313
2002;246;03-11;40;39;79;SEC_246
1994;536;35-49;85;75;160;SEC_536
2012;618;03-11;36;42;78;SEC_618
2003;242;00-02;11;9;20;SEC_242
2000;314;00-02;28;28;56;SEC_314
2008;519;75 i +;30;25;55;SEC_519
2009;537;00-02;16;10;26;SEC_537
1999;303;12-15;18;27;45;SEC_303
1998;104;00-02;9;5;14;SEC_104
1995;236;18-24;66;64;130;SEC_236
2001;210;18-24;32;36;68;SEC_210
1998;132;50-64;175;222;397;SEC_132
2010;524;35-49;166;189;355;SEC_524
2005;421;12-15;13;12;25;SEC_421
2001;529;03-11;31;43;74;SEC_529
2012;240;03-11;38;28;66;SEC_240
1998;609;12-15;14;18;32;SEC_609
1998;119;65-74;69;60;129;SEC_119
2009;429;18-24;26;37;63;SEC_429
1999;605;35-49;50;38;88;SEC_605
1994;321;25-34;130;137;267;SEC_321
2015;327;16-17;10;10;20;SEC_327
2012;116;03-11;54;62;116;SEC_116
2001;117;65-74;69;53;122;SEC_117
2004;231;18-24;40;34;74;SEC_231
1999;506;75 i +;57;34;91;SEC_506
1994;423;25-34;77;90;167;SEC_423
2000;602;18-24;32;24;56;SEC_602
2003;131;65-74;56;52;108;SEC_131
2000;126;16-17;10;9;19;SEC_126
2010;201;12-15;9;17;26;SEC_201
2003;627;00-02;14;10;24;SEC_627
2006;230;35-49;103;138;241;SEC_230
1994;503;16-17;26;23;49;SEC_503
2011;433;18-24;51;57;108;SEC_433
2013;242;25-34;89;95;184;SEC_242
2000;432;12-15;18;24;42;SEC_432
2011;531;65-74;42;39;81;SEC_531
2010;404;12-15;26;40;66;SEC_404
1999;530;18-24;55;74;129;SEC_530
2010;211;75 i +;87;43;130;SEC_211
2001;127;75 i +;29;14;43;SEC_127
2015;248;03-11;61;63;124;SEC_248
2003;608;25-34;66;98;164;SEC_608
2004;201;00-02;9;9;18;SEC_201
2016;421;75 i +;86;67;153;SEC_421
2001;408;18-24;33;48;81;SEC_408
1997;405;50-64;128;94;222;SEC_405
2004;529;16-17;12;11;23;SEC_529
2006;224;00-02;5;7;12;SEC_224
2008;315;03-11;76;69;145;SEC_315
2002;232;16-17;9;9;18;SEC_232
1995;611;50-64;214;250;464;SEC_611
2006;211;18-24;72;74;146;SEC_211
1994;516;00-02;8;5;13;SEC_516
2016;302;65-74;114;110;224;SEC_302
1996;532;18-24;95;104;199;SEC_532
2009;441;18-24;94;96;190;SEC_441
2016;632;16-17;13;8;21;SEC_632
2007;118;50-64;212;205;417;SEC_118
2009;137;75 i +;54;31;85;SEC_137
1999;405;65-74;85;69;154;SEC_405
2010;314;65-74;78;87;165;SEC_314
2001;126;65-74;63;50;113;SEC_126
2011;111;12-15;13;12;25;SEC_111
1996;242;65-74;81;84;165;SEC_242
2010;114;03-11;47;65;112;SEC_114
2001;317;65-74;57;38;95;SEC_317
2000;441;16-17;37;32;69;SEC_441
2003;102;50-64;189;183;372;SEC_102
2010;128;75 i +;54;33;87;SEC_128
1995;206;35-49;73;70;143;SEC_206
2007;125;12-15;19;18;37;SEC_125
2009;413;65-74;21;23;44;SEC_413
2011;308;00-02;23;27;50;SEC_308
2008;438;03-11;27;31;58;SEC_438
2008;632;12-15;21;23;44;SEC_632
2007;513;65-74;60;43;103;SEC_513
1996;106;75 i +;34;23;57;SEC_106
2012;115;16-17;12;15;27;SEC_115
2008;310;50-64;85;100;185;SEC_310
2011;322;03-11;68;70;138;SEC_322
2001;316;00-02;10;16;26;SEC_316
1994;248;18-24;56;64;120;SEC_248
2004;522;50-64;57;56;113;SEC_522
2011;612;16-17;3;9;12;SEC_612
2012;531;16-17;13;9;22;SEC_531
2012;615;50-64;66;42;108;SEC_615
2001;234;18-24;29;35;64;SEC_234
2006;523;65-74;89;78;167;SEC_523
2005;521;75 i +;50;29;79;SEC_521
2014;501;35-49;112;117;229;SEC_501
2001;611;35-49;133;174;307;SEC_611
2001;517;65-74;71;64;135;SEC_517
2010;434;25-34;49;49;98;SEC_434
2006;508;25-34;70;62;132;SEC_508
2004;131;12-15;19;14;33;SEC_131
2009;131;00-02;17;19;36;SEC_131
2014;626;03-11;32;37;69;SEC_626
2010;320;35-49;151;151;302;SEC_320
2001;616;35-49;292;281;573;SEC_616
2006;416;65-74;50;46;96;SEC_416
2003;241;65-74;56;45;101;SEC_241
2015;210;12-15;8;14;22;SEC_210
2005;623;50-64;215;184;399;SEC_623
2000;217;35-49;68;70;138;SEC_217
2010;420;75 i +;77;49;126;SEC_420
2010;208;00-02;14;15;29;SEC_208
2011;422;25-34;84;107;191;SEC_422
2014;614;50-64;76;70;146;SEC_614
1996;609;16-17;19;15;34;SEC_609
2009;410;16-17;15;19;34;SEC_410
2002;119;00-02;5;16;21;SEC_119
2008;225;00-02;6;7;13;SEC_225
2006;302;25-34;154;171;325;SEC_302
2002;538;75 i +;62;39;101;SEC_538
1996;416;25-34;68;72;140;SEC_416
2015;613;18-24;28;38;66;SEC_613
2012;620;75 i +;34;31;65;SEC_620
1994;107;03-11;77;84;161;SEC_107
2002;430;25-34;80;90;170;SEC_430
1999;442;25-34;46;47;93;SEC_442
2006;303;03-11;36;52;88;SEC_303
1998;301;50-64;220;220;440;SEC_301
1997;504;25-34;93;118;211;SEC_504
1997;224;18-24;33;29;62;SEC_224
2010;435;03-11;58;60;118;SEC_435
2006;322;75 i +;51;38;89;SEC_322
1994;135;18-24;67;98;165;SEC_135
2014;120;12-15;33;42;75;SEC_120
2001;409;16-17;5;4;9;SEC_409
2008;107;16-17;12;20;32;SEC_107
1997;419;03-11;24;29;53;SEC_419
1995;618;65-74;26;24;50;SEC_618
1994;223;00-02;13;16;29;SEC_223
2009;313;16-17;21;12;33;SEC_313
2010;222;25-34;85;108;193;SEC_222
2014;110;50-64;122;102;224;SEC_110
2013;133;16-17;3;9;12;SEC_133
2013;216;35-49;155;149;304;SEC_216
2003;247;35-49;152;164;316;SEC_247
2015;304;65-74;85;65;150;SEC_304
2004;616;00-02;39;41;80;SEC_616
2016;216;25-34;90;83;173;SEC_216
2003;106;18-24;129;119;248;SEC_106
2008;615;00-02;10;8;18;SEC_615
2001;605;12-15;7;4;11;SEC_605
2004;112;18-24;79;71;150;SEC_112
2000;418;25-34;95;107;202;SEC_418
2003;311;16-17;7;6;13;SEC_311
2013;212;12-15;26;23;49;SEC_212
1999;224;75 i +;40;13;53;SEC_224
2002;209;16-17;5;5;10;SEC_209
2010;230;12-15;16;21;37;SEC_230
2013;310;12-15;9;15;24;SEC_310
1997;424;65-74;27;31;58;SEC_424
2011;629;75 i +;29;23;52;SEC_629
2004;304;75 i +;107;48;155;SEC_304
2015;513;65-74;57;37;94;SEC_513
2000;208;03-11;38;43;81;SEC_208
2004;204;25-34;45;66;111;SEC_204
2008;433;50-64;75;75;150;SEC_433
2000;533;25-34;86;91;177;SEC_533
2010;211;18-24;55;52;107;SEC_211
2001;231;00-02;11;13;24;SEC_231
2007;536;18-24;26;25;51;SEC_536
2015;405;16-17;13;20;33;SEC_405
2000;407;16-17;6;6;12;SEC_407
2002;532;16-17;13;7;20;SEC_532
1997;412;12-15;54;37;91;SEC_412
2010;202;35-49;85;116;201;SEC_202
2012;232;16-17;9;5;14;SEC_232
1996;537;25-34;96;106;202;SEC_537
1994;521;12-15;43;45;88;SEC_521
1994;440;03-11;21;29;50;SEC_440
1996;117;65-74;62;45;107;SEC_117
1998;522;35-49;69;53;122;SEC_522
2011;248;18-24;56;47;103;SEC_248
2015;612;35-49;116;141;257;SEC_612
2006;308;35-49;244;241;485;SEC_308
1999;203;50-64;60;67;127;SEC_203
2015;125;16-17;10;18;28;SEC_125
1998;202;03-11;16;16;32;SEC_202
2012;419;35-49;111;139;250;SEC_419
2004;140;18-24;40;40;80;SEC_140
2009;521;25-34;64;72;136;SEC_521
2013;305;65-74;71;67;138;SEC_305
1994;243;25-34;145;156;301;SEC_243
2008;217;35-49;85;123;208;SEC_217
1997;104;12-15;6;8;14;SEC_104
1996;412;00-02;16;19;35;SEC_412
2006;511;03-11;28;20;48;SEC_511
2002;236;25-34;97;115;212;SEC_236
1994;410;18-24;126;116;242;SEC_410
2007;222;00-02;15;15;30;SEC_222
1999;215;12-15;14;12;26;SEC_215
2007;628;16-17;12;7;19;SEC_628
2004;322;18-24;56;58;114;SEC_322
2004;302;18-24;60;63;123;SEC_302
2003;630;35-49;83;74;157;SEC_630
1999;612;18-24;64;85;149;SEC_612
2004;231;00-02;16;14;30;SEC_231
1995;621;18-24;160;202;362;SEC_621
2005;245;18-24;39;53;92;SEC_245
1997;303;12-15;26;31;57;SEC_303
2006;122;25-34;88;79;167;SEC_122
1997;211;25-34;117;113;230;SEC_211
1997;310;75 i +;23;12;35;SEC_310
2003;123;65-74;70;76;146;SEC_123
2006;110;25-34;112;126;238;SEC_110
1994;315;25-34;135;116;251;SEC_315
1997;506;18-24;191;179;370;SEC_506
2002;110;65-74;69;48;117;SEC_110
2014;617;65-74;65;46;111;SEC_617
1999;322;65-74;66;53;119;SEC_322
1996;125;75 i +;16;21;37;SEC_125
2006;101;00-02;46;55;101;SEC_101
2005;217;25-34;66;70;136;SEC_217
1999;203;16-17;6;9;15;SEC_203
2000;402;50-64;80;74;154;SEC_402
2007;229;18-24;28;31;59;SEC_229
2009;125;18-24;69;59;128;SEC_125
2008;515;00-02;12;9;21;SEC_515
2012;215;35-49;143;148;291;SEC_215
2014;132;65-74;112;134;246;SEC_132
2011;620;25-34;29;28;57;SEC_620
2011;138;03-11;25;27;52;SEC_138
1995;105;16-17;27;20;47;SEC_105
2010;214;35-49;133;137;270;SEC_214
1999;620;03-11;17;30;47;SEC_620
1999;106;03-11;63;61;124;SEC_106
1994;309;16-17;12;14;26;SEC_309
1999;512;03-11;28;26;54;SEC_512
1997;508;35-49;51;55;106;SEC_508
1995;209;75 i +;68;35;103;SEC_209
2010;439;16-17;11;10;21;SEC_439
2008;313;50-64;224;187;411;SEC_313
2016;238;65-74;37;37;74;SEC_238
1994;419;35-49;65;68;133;SEC_419
2016;314;12-15;31;35;66;SEC_314
1998;137;18-24;94;88;182;SEC_137
2012;202;16-17;10;9;19;SEC_202
2010;207;25-34;69;81;150;SEC_207
2014;531;65-74;48;33;81;SEC_531
1997;410;35-49;158;153;311;SEC_410
2002;216;35-49;115;109;224;SEC_216
2002;318;35-49;124;124;248;SEC_318
2014;521;16-17;7;6;13;SEC_521
1998;440;16-17;13;8;21;SEC_440
1996;219;12-15;12;31;43;SEC_219
1998;129;35-49;98;107;205;SEC_129
2009;538;35-49;146;149;295;SEC_538
2007;618;25-34;41;39;80;SEC_618
2009;214;75 i +;31;24;55;SEC_214
2006;523;16-17;14;8;22;SEC_523
1994;312;25-34;110;118;228;SEC_312
2013;113;35-49;179;177;356;SEC_113
2002;433;16-17;10;3;13;SEC_433
2013;627;50-64;142;110;252;SEC_627
2000;129;75 i +;40;20;60;SEC_129
1997;509;25-34;67;77;144;SEC_509
2003;623;25-34;157;155;312;SEC_623
2001;248;50-64;83;84;167;SEC_248
1995;202;65-74;41;31;72;SEC_202
1995;244;12-15;11;9;20;SEC_244
2015;127;18-24;22;23;45;SEC_127
1999;440;65-74;51;48;99;SEC_440
2003;512;03-11;28;30;58;SEC_512
2010;424;25-34;62;69;131;SEC_424
2005;440;25-34;91;100;191;SEC_440
2007;102;75 i +;91;49;140;SEC_102
2015;506;25-34;92;104;196;SEC_506
2006;207;16-17;5;3;8;SEC_207
1998;514;50-64;80;65;145;SEC_514
2015;312;03-11;56;67;123;SEC_312
2004;532;75 i +;81;50;131;SEC_532
1995;624;50-64;133;150;283;SEC_624
1995;405;50-64;142;121;263;SEC_405
2016;414;16-17;22;21;43;SEC_414
2016;423;50-64;85;70;155;SEC_423
2009;439;18-24;44;57;101;SEC_439
2003;417;65-74;37;31;68;SEC_417
2004;303;65-74;126;134;260;SEC_303
2008;111;18-24;41;27;68;SEC_111
2016;108;35-49;183;177;360;SEC_108
1997;223;25-34;102;98;200;SEC_223
1995;505;75 i +;41;24;65;SEC_505
2002;104;12-15;10;8;18;SEC_104
2006;520;35-49;88;83;171;SEC_520
2016;520;75 i +;57;35;92;SEC_520
2011;505;50-64;128;83;211;SEC_505
2008;209;03-11;29;36;65;SEC_209
2002;226;16-17;11;13;24;SEC_226
1998;307;65-74;76;67;143;SEC_307
1995;318;35-49;136;144;280;SEC_318
2015;320;65-74;92;83;175;SEC_320
2001;424;18-24;32;43;75;SEC_424
2011;306;25-34;128;134;262;SEC_306
2005;536;12-15;14;7;21;SEC_536
2003;615;16-17;7;8;15;SEC_615
2006;520;65-74;52;45;97;SEC_520
2015;503;03-11;18;25;43;SEC_503
2016;226;65-74;91;70;161;SEC_226
2016;120;50-64;202;194;396;SEC_120
1998;618;03-11;18;21;39;SEC_618
1994;319;65-74;36;26;62;SEC_319
2000;418;35-49;95;115;210;SEC_418
2003;437;35-49;86;98;184;SEC_437
2003;441;16-17;32;28;60;SEC_441
2004;214;50-64;55;42;97;SEC_214
2014;228;35-49;295;318;613;SEC_228
2016;619;35-49;131;131;262;SEC_619
2009;531;18-24;46;48;94;SEC_531
1999;203;00-02;5;7;12;SEC_203
2001;321;00-02;30;34;64;SEC_321
2006;323;75 i +;62;27;89;SEC_323
2000;607;03-11;35;33;68;SEC_607
2016;105;50-64;134;108;242;SEC_105
2008;425;00-02;18;11;29;SEC_425
2013;106;18-24;43;58;101;SEC_106
2004;102;65-74;92;87;179;SEC_102
2013;324;65-74;49;41;90;SEC_324
2008;219;03-11;57;53;110;SEC_219
2000;111;12-15;17;21;38;SEC_111
1999;202;50-64;79;69;148;SEC_202
2010;503;35-49;84;58;142;SEC_503
1996;409;25-34;59;63;122;SEC_409
2016;240;65-74;60;38;98;SEC_240
2016;533;00-02;28;34;62;SEC_533
1996;512;18-24;54;56;110;SEC_512
2014;615;18-24;21;25;46;SEC_615
1994;114;18-24;134;145;279;SEC_114
2002;435;18-24;45;50;95;SEC_435
2011;513;18-24;23;21;44;SEC_513
1995;140;00-02;6;5;11;SEC_140
2008;621;03-11;52;60;112;SEC_621
2004;105;50-64;114;118;232;SEC_105
2014;210;35-49;92;89;181;SEC_210
2013;137;65-74;76;74;150;SEC_137
2009;412;35-49;162;192;354;SEC_412
1997;234;00-02;4;9;13;SEC_234
2012;133;25-34;52;66;118;SEC_133
2006;623;00-02;22;22;44;SEC_623
1997;431;03-11;40;40;80;SEC_431
2009;420;75 i +;79;46;125;SEC_420
1998;102;00-02;14;21;35;SEC_102
2012;220;75 i +;63;40;103;SEC_220
1998;518;35-49;73;88;161;SEC_518
2005;407;16-17;7;11;18;SEC_407
2010;101;16-17;19;12;31;SEC_101
1996;248;35-49;94;93;187;SEC_248
2013;422;00-02;21;23;44;SEC_422
1994;203;18-24;40;39;79;SEC_203
2002;319;75 i +;28;25;53;SEC_319
1997;411;35-49;98;89;187;SEC_411
2014;416;35-49;187;180;367;SEC_416
1994;510;50-64;121;115;236;SEC_510
2011;442;25-34;45;54;99;SEC_442
2000;320;03-11;16;26;42;SEC_320
2008;102;65-74;102;96;198;SEC_102
2008;506;03-11;63;77;140;SEC_506
2004;224;16-17;1;3;4;SEC_224
2013;239;25-34;96;103;199;SEC_239
2016;226;00-02;29;29;58;SEC_226
2011;240;03-11;37;22;59;SEC_240
2000;527;75 i +;56;28;84;SEC_527
1996;124;35-49;130;102;232;SEC_124
2010;310;35-49;106;112;218;SEC_310
2016;535;16-17;7;12;19;SEC_535
2009;502;03-11;43;77;120;SEC_502
2012;606;65-74;67;48;115;SEC_606
2010;237;16-17;13;11;24;SEC_237
2009;518;12-15;18;24;42;SEC_518
2005;216;25-34;107;121;228;SEC_216
1996;428;16-17;2;4;6;SEC_428
1999;216;18-24;76;65;141;SEC_216
2015;535;75 i +;60;63;123;SEC_535
2016;123;00-02;17;13;30;SEC_123
1995;528;75 i +;30;19;49;SEC_528
2011;302;18-24;52;36;88;SEC_302
1997;224;75 i +;36;17;53;SEC_224
2005;519;75 i +;26;23;49;SEC_519
2006;405;75 i +;56;42;98;SEC_405
2011;537;18-24;64;48;112;SEC_537
2006;514;12-15;17;8;25;SEC_514
2003;437;65-74;52;53;105;SEC_437
2004;235;00-02;28;25;53;SEC_235
2012;435;35-49;121;169;290;SEC_435
2003;304;25-34;123;139;262;SEC_304
1995;212;50-64;138;129;267;SEC_212
2009;615;16-17;5;4;9;SEC_615
1994;629;18-24;53;63;116;SEC_629
1997;318;75 i +;7;7;14;SEC_318
2014;248;35-49;165;179;344;SEC_248
2012;412;12-15;23;14;37;SEC_412
1995;503;50-64;67;69;136;SEC_503
2015;123;03-11;51;56;107;SEC_123
2011;319;50-64;149;142;291;SEC_319
1995;515;00-02;5;8;13;SEC_515
1997;212;12-15;21;17;38;SEC_212
2008;108;18-24;45;40;85;SEC_108
2003;416;00-02;16;12;28;SEC_416
1997;212;65-74;77;67;144;SEC_212
2007;509;18-24;40;36;76;SEC_509
1997;216;35-49;124;109;233;SEC_216
1996;516;12-15;16;5;21;SEC_516
1996;125;16-17;19;27;46;SEC_125
1994;534;12-15;18;26;44;SEC_534
2006;630;12-15;10;10;20;SEC_630
2011;433;12-15;16;23;39;SEC_433
2005;538;00-02;21;18;39;SEC_538
2014;513;50-64;107;116;223;SEC_513
1995;405;00-02;9;10;19;SEC_405
2011;418;35-49;161;175;336;SEC_418
1995;222;00-02;13;9;22;SEC_222
1994;135;65-74;56;47;103;SEC_135
2012;627;03-11;34;32;66;SEC_627
2008;439;75 i +;48;37;85;SEC_439
2005;239;00-02;16;13;29;SEC_239
2015;432;65-74;89;82;171;SEC_432
1995;404;25-34;114;132;246;SEC_404
2012;424;25-34;43;54;97;SEC_424
2000;227;12-15;6;6;12;SEC_227
2010;430;03-11;40;46;86;SEC_430
1995;430;25-34;75;81;156;SEC_430
2012;622;75 i +;35;12;47;SEC_622
2016;126;50-64;78;58;136;SEC_126
2007;618;75 i +;25;15;40;SEC_618
2003;512;25-34;64;96;160;SEC_512
2011;621;35-49;160;176;336;SEC_621
2010;441;65-74;103;94;197;SEC_441
1999;627;00-02;17;6;23;SEC_627
2009;427;25-34;107;112;219;SEC_427
1994;210;50-64;111;93;204;SEC_210
2012;306;03-11;72;60;132;SEC_306
2011;224;75 i +;36;23;59;SEC_224
1996;408;35-49;88;90;178;SEC_408
2001;209;03-11;25;33;58;SEC_209
2011;402;03-11;28;43;71;SEC_402
2015;229;03-11;72;89;161;SEC_229
2004;538;18-24;41;52;93;SEC_538
1995;222;25-34;68;64;132;SEC_222
1996;114;25-34;138;164;302;SEC_114
1996;126;75 i +;39;14;53;SEC_126
1995;117;16-17;44;43;87;SEC_117
1995;405;16-17;9;10;19;SEC_405
2004;131;25-34;133;152;285;SEC_131
2001;605;50-64;100;82;182;SEC_605
1994;218;03-11;24;39;63;SEC_218
1998;205;00-02;15;12;27;SEC_205
1999;314;18-24;129;138;267;SEC_314
2003;320;65-74;31;20;51;SEC_320
1996;230;18-24;44;31;75;SEC_230
2008;511;65-74;40;29;69;SEC_511
1998;505;18-24;116;101;217;SEC_505
1995;120;12-15;37;44;81;SEC_120
1995;231;75 i +;75;31;106;SEC_231
2006;214;75 i +;31;16;47;SEC_214
2011;606;16-17;11;12;23;SEC_606
1996;302;18-24;121;120;241;SEC_302
2007;308;18-24;68;76;144;SEC_308
2002;405;18-24;34;33;67;SEC_405
2015;517;03-11;113;99;212;SEC_517
2014;520;65-74;48;44;92;SEC_520
1999;613;12-15;15;15;30;SEC_613
2002;227;35-49;75;69;144;SEC_227
2011;206;35-49;121;123;244;SEC_206
2015;412;12-15;28;21;49;SEC_412
2011;607;03-11;46;31;77;SEC_607
2007;631;03-11;32;37;69;SEC_631
1997;621;35-49;233;187;420;SEC_621
2003;215;16-17;10;8;18;SEC_215
2013;436;75 i +;57;41;98;SEC_436
2007;612;65-74;87;77;164;SEC_612
2012;101;12-15;33;31;64;SEC_101
2014;125;16-17;13;15;28;SEC_125
1994;438;35-49;65;75;140;SEC_438
2011;617;65-74;59;43;102;SEC_617
2003;127;16-17;14;11;25;SEC_127
2013;232;65-74;54;43;97;SEC_232
2012;632;00-02;8;14;22;SEC_632
2013;316;50-64;378;312;690;SEC_316
2002;320;35-49;78;74;152;SEC_320
2002;608;75 i +;40;17;57;SEC_608
2004;231;25-34;99;107;206;SEC_231
2008;126;00-02;9;12;21;SEC_126
2007;320;00-02;19;21;40;SEC_320
2006;630;35-49;72;85;157;SEC_630
2001;405;16-17;5;4;9;SEC_405
2003;237;50-64;116;109;225;SEC_237
2000;406;50-64;130;120;250;SEC_406
1994;204;00-02;3;7;10;SEC_204
2012;109;25-34;98;93;191;SEC_109
2000;116;65-74;67;56;123;SEC_116
2002;243;75 i +;84;54;138;SEC_243
2010;120;03-11;62;96;158;SEC_120
1994;308;16-17;27;23;50;SEC_308
2011;248;35-49;192;178;370;SEC_248
2015;502;16-17;18;15;33;SEC_502
2016;140;16-17;9;9;18;SEC_140
2000;534;25-34;90;104;194;SEC_534
2000;602;25-34;59;79;138;SEC_602
2008;112;03-11;55;62;117;SEC_112
1995;436;25-34;75;84;159;SEC_436
1994;504;35-49;126;123;249;SEC_504
2002;518;75 i +;57;24;81;SEC_518
2002;240;50-64;47;46;93;SEC_240
1997;229;00-02;8;8;16;SEC_229
2001;236;00-02;13;7;20;SEC_236
2008;508;16-17;6;11;17;SEC_508
1998;429;00-02;1;4;5;SEC_429
2009;117;65-74;80;83;163;SEC_117
1996;425;35-49;81;74;155;SEC_425
2014;209;12-15;17;12;29;SEC_209
1996;112;16-17;28;24;52;SEC_112
2015;611;12-15;38;23;61;SEC_611
1995;123;03-11;53;42;95;SEC_123
2000;204;35-49;41;56;97;SEC_204
2014;248;12-15;16;18;34;SEC_248
1994;232;12-15;23;20;43;SEC_232
2000;139;03-11;28;35;63;SEC_139
1999;231;50-64;95;81;176;SEC_231
1997;441;75 i +;46;41;87;SEC_441
2003;432;12-15;17;23;40;SEC_432
2005;211;00-02;16;17;33;SEC_211
2008;438;00-02;17;13;30;SEC_438
2009;516;35-49;105;107;212;SEC_516
2013;208;65-74;112;83;195;SEC_208
2007;417;50-64;56;58;114;SEC_417
1999;137;75 i +;42;18;60;SEC_137
1994;310;12-15;27;33;60;SEC_310
2013;216;03-11;48;62;110;SEC_216
2002;402;03-11;25;24;49;SEC_402
2015;626;50-64;71;75;146;SEC_626
2006;232;65-74;65;53;118;SEC_232
1999;205;00-02;13;12;25;SEC_205
1998;248;00-02;12;8;20;SEC_248
2016;316;50-64;353;283;636;SEC_316
1997;242;25-34;85;81;166;SEC_242
2000;504;03-11;19;25;44;SEC_504
1996;531;03-11;34;30;64;SEC_531
2016;523;75 i +;88;66;154;SEC_523
2000;112;75 i +;64;17;81;SEC_112
2003;416;50-64;64;49;113;SEC_416
2002;246;12-15;6;16;22;SEC_246
1995;243;16-17;16;14;30;SEC_243
2008;137;65-74;59;57;116;SEC_137
1995;114;25-34;142;175;317;SEC_114
1994;435;12-15;17;27;44;SEC_435
2010;128;35-49;133;144;277;SEC_128
1997;518;18-24;59;59;118;SEC_518
2015;310;65-74;49;49;98;SEC_310
1996;515;75 i +;24;11;35;SEC_515
2003;408;50-64;71;58;129;SEC_408
2000;411;18-24;65;53;118;SEC_411
2003;430;00-02;16;13;29;SEC_430
2006;530;65-74;85;80;165;SEC_530
2001;229;35-49;66;65;131;SEC_229
2011;129;12-15;19;25;44;SEC_129
2007;128;35-49;122;119;241;SEC_128
1998;311;25-34;126;145;271;SEC_311
2001;432;16-17;12;9;21;SEC_432
2006;108;16-17;11;6;17;SEC_108
2010;412;12-15;27;24;51;SEC_412
1995;538;16-17;18;14;32;SEC_538
1995;116;25-34;125;129;254;SEC_116
2005;410;03-11;45;77;122;SEC_410
1995;442;00-02;5;2;7;SEC_442
2010;429;25-34;39;53;92;SEC_429
2016;139;16-17;4;10;14;SEC_139
2014;607;50-64;88;86;174;SEC_607
2007;602;03-11;19;20;39;SEC_602
2000;421;18-24;54;55;109;SEC_421
2013;109;35-49;126;117;243;SEC_109
2010;429;75 i +;52;28;80;SEC_429
2014;612;16-17;8;13;21;SEC_612
2012;410;12-15;26;27;53;SEC_410
1995;136;03-11;59;57;116;SEC_136
2001;131;65-74;54;52;106;SEC_131
2006;223;12-15;25;29;54;SEC_223
1994;428;03-11;18;13;31;SEC_428
1995;121;75 i +;30;22;52;SEC_121
1997;538;75 i +;53;25;78;SEC_538
2004;115;75 i +;58;44;102;SEC_115
2016;608;65-74;70;46;116;SEC_608
2016;501;12-15;19;24;43;SEC_501
2002;613;18-24;43;35;78;SEC_613
2015;616;25-34;111;135;246;SEC_616
1998;414;50-64;91;86;177;SEC_414
2001;629;12-15;16;9;25;SEC_629
2016;511;35-49;266;290;556;SEC_511
1994;203;00-02;7;7;14;SEC_203
2006;229;00-02;7;11;18;SEC_229
2011;628;16-17;9;5;14;SEC_628
2002;216;50-64;152;125;277;SEC_216
2004;106;25-34;169;195;364;SEC_106
1999;102;50-64;204;210;414;SEC_102
2004;248;12-15;18;18;36;SEC_248
2000;402;00-02;5;9;14;SEC_402
2012;111;75 i +;65;41;106;SEC_111
2010;304;65-74;78;54;132;SEC_304
1995;245;25-34;56;67;123;SEC_245
2014;221;18-24;88;76;164;SEC_221
2015;109;18-24;30;41;71;SEC_109
2015;315;16-17;19;18;37;SEC_315
2006;119;65-74;58;55;113;SEC_119
2002;413;16-17;3;5;8;SEC_413
2012;418;25-34;85;116;201;SEC_418
2004;248;00-02;17;10;27;SEC_248
2012;316;75 i +;75;36;111;SEC_316
1998;213;25-34;63;71;134;SEC_213
2011;536;16-17;6;10;16;SEC_536
2005;534;25-34;105;132;237;SEC_534
2005;614;03-11;36;35;71;SEC_614
2010;212;50-64;103;111;214;SEC_212
2002;442;16-17;7;8;15;SEC_442
2014;106;35-49;178;186;364;SEC_106
2004;422;00-02;8;16;24;SEC_422
1994;613;50-64;166;221;387;SEC_613
2014;626;25-34;50;43;93;SEC_626
1997;241;35-49;56;58;114;SEC_241
2002;314;00-02;28;21;49;SEC_314
2008;433;35-49;139;186;325;SEC_433
1997;244;12-15;6;9;15;SEC_244
2012;126;50-64;86;59;145;SEC_126
2002;323;03-11;150;121;271;SEC_323
1998;306;18-24;74;83;157;SEC_306
2002;418;00-02;16;8;24;SEC_418
2002;617;18-24;45;61;106;SEC_617
1997;116;25-34;140;135;275;SEC_116
2007;530;65-74;77;83;160;SEC_530
2000;440;18-24;66;67;133;SEC_440
1998;243;00-02;6;17;23;SEC_243
1995;104;00-02;10;7;17;SEC_104
2010;538;75 i +;87;58;145;SEC_538
1997;303;35-49;120;104;224;SEC_303
2006;408;00-02;12;12;24;SEC_408
1997;509;65-74;29;31;60;SEC_509
2013;249;16-17;8;10;18;SEC_249
2003;242;12-15;12;15;27;SEC_242
2013;605;12-15;27;30;57;SEC_605
2006;526;16-17;4;8;12;SEC_526
2008;101;03-11;102;85;187;SEC_101
2002;525;00-02;8;8;16;SEC_525
1996;608;03-11;37;56;93;SEC_608
2015;602;12-15;25;34;59;SEC_602
2001;230;03-11;25;27;52;SEC_230
2012;119;16-17;4;8;12;SEC_119
2005;311;25-34;122;144;266;SEC_311
2011;424;00-02;10;11;21;SEC_424
1999;305;75 i +;80;41;121;SEC_305
1998;242;18-24;35;40;75;SEC_242
1996;627;50-64;81;108;189;SEC_627
2010;233;00-02;29;15;44;SEC_233
2005;305;16-17;15;19;34;SEC_305
2015;430;03-11;54;59;113;SEC_430
2008;221;03-11;43;36;79;SEC_221
1997;130;18-24;38;48;86;SEC_130
2002;133;00-02;8;17;25;SEC_133
2014;248;50-64;109;110;219;SEC_248
2000;126;50-64;152;159;311;SEC_126
2005;201;75 i +;39;29;68;SEC_201
1994;138;03-11;37;62;99;SEC_138
2002;506;75 i +;61;39;100;SEC_506
1996;610;50-64;187;223;410;SEC_610
2011;314;00-02;35;37;72;SEC_314
2006;138;75 i +;35;18;53;SEC_138
2006;626;25-34;79;79;158;SEC_626
1995;313;50-64;159;154;313;SEC_313
2004;240;00-02;12;13;25;SEC_240
2000;504;16-17;14;5;19;SEC_504
2010;512;35-49;116;111;227;SEC_512
2016;531;16-17;5;6;11;SEC_531
1994;428;50-64;62;46;108;SEC_428
2000;131;00-02;14;12;26;SEC_131
2012;324;75 i +;53;26;79;SEC_324
2009;312;03-11;52;56;108;SEC_312
2011;602;35-49;82;83;165;SEC_602
1997;115;16-17;22;19;41;SEC_115
2002;229;25-34;56;75;131;SEC_229
1996;516;25-34;62;66;128;SEC_516
2012;235;65-74;77;57;134;SEC_235
2016;437;00-02;14;26;40;SEC_437
2005;323;75 i +;55;26;81;SEC_323
2004;246;25-34;128;130;258;SEC_246
1997;537;50-64;150;141;291;SEC_537
2007;120;18-24;81;77;158;SEC_120
1998;504;75 i +;54;35;89;SEC_504
2008;111;50-64;94;69;163;SEC_111
1999;424;16-17;4;7;11;SEC_424
1998;610;65-74;59;50;109;SEC_610
2015;310;50-64;95;84;179;SEC_310
2012;431;00-02;23;28;51;SEC_431
2004;441;65-74;84;76;160;SEC_441
2002;134;50-64;110;105;215;SEC_134
2008;413;50-64;42;42;84;SEC_413
2001;322;50-64;98;93;191;SEC_322
1999;423;25-34;75;91;166;SEC_423
2001;116;50-64;184;174;358;SEC_116
2016;602;25-34;58;60;118;SEC_602
2003;216;65-74;77;65;142;SEC_216
2002;223;65-74;70;63;133;SEC_223
1996;433;16-17;9;11;20;SEC_433
2010;225;16-17;2;2;4;SEC_225
1996;435;75 i +;87;37;124;SEC_435
1999;204;16-17;3;3;6;SEC_204
2009;413;16-17;13;6;19;SEC_413
2013;406;00-02;24;15;39;SEC_406
2001;631;18-24;53;65;118;SEC_631
2015;607;00-02;10;12;22;SEC_607
1997;122;12-15;10;13;23;SEC_122
2001;309;12-15;13;13;26;SEC_309
1995;424;25-34;37;49;86;SEC_424
2012;305;16-17;11;11;22;SEC_305
1994;111;03-11;48;33;81;SEC_111
2003;115;75 i +;54;42;96;SEC_115
1996;618;16-17;11;7;18;SEC_618
2004;124;35-49;95;85;180;SEC_124
2012;416;03-11;47;40;87;SEC_416
2012;210;75 i +;111;43;154;SEC_210
2003;117;12-15;37;23;60;SEC_117
2004;309;65-74;31;22;53;SEC_309
2001;229;75 i +;49;19;68;SEC_229
2011;518;75 i +;79;54;133;SEC_518
1995;512;35-49;60;68;128;SEC_512
2016;416;00-02;21;30;51;SEC_416
2010;216;50-64;119;96;215;SEC_216
2010;523;18-24;62;54;116;SEC_523
2010;429;00-02;9;11;20;SEC_429
1996;618;65-74;28;24;52;SEC_618
1996;220;25-34;77;61;138;SEC_220
1995;531;25-34;85;86;171;SEC_531
2006;211;16-17;13;11;24;SEC_211
2008;239;50-64;87;74;161;SEC_239
2009;315;16-17;12;14;26;SEC_315
2005;532;12-15;21;27;48;SEC_532
2011;609;18-24;21;21;42;SEC_609
2007;516;18-24;30;34;64;SEC_516
2016;119;12-15;10;17;27;SEC_119
2002;245;16-17;5;8;13;SEC_245
1996;102;16-17;28;33;61;SEC_102
2011;415;50-64;49;47;96;SEC_415
2015;108;75 i +;100;58;158;SEC_108
2008;321;50-64;303;278;581;SEC_321
2006;132;65-74;89;82;171;SEC_132
2001;419;50-64;69;74;143;SEC_419
2004;428;18-24;25;27;52;SEC_428
2001;319;16-17;10;11;21;SEC_319
2012;112;35-49;188;160;348;SEC_112
1999;221;12-15;13;27;40;SEC_221
2004;516;16-17;6;2;8;SEC_516
2008;538;03-11;54;51;105;SEC_538
2011;428;75 i +;34;23;57;SEC_428
1997;325;25-34;153;149;302;SEC_325
1994;609;25-34;70;81;151;SEC_609
2010;240;25-34;72;81;153;SEC_240
1999;323;16-17;50;51;101;SEC_323
2006;630;03-11;20;30;50;SEC_630
1996;402;03-11;19;19;38;SEC_402
1998;403;03-11;26;31;57;SEC_403
2001;309;25-34;59;69;128;SEC_309
2007;613;25-34;93;116;209;SEC_613
2007;601;65-74;83;94;177;SEC_601
2015;618;18-24;38;41;79;SEC_618
2007;406;75 i +;55;53;108;SEC_406
1999;627;50-64;108;123;231;SEC_627
1999;411;35-49;87;80;167;SEC_411
2004;406;25-34;107;139;246;SEC_406
2001;625;16-17;24;19;43;SEC_625
1994;248;65-74;77;51;128;SEC_248
1995;530;03-11;42;51;93;SEC_530
1994;234;00-02;9;10;19;SEC_234
2002;223;16-17;7;12;19;SEC_223
2015;118;18-24;62;51;113;SEC_118
2016;630;65-74;75;61;136;SEC_630
1997;235;75 i +;62;40;102;SEC_235
2009;532;50-64;109;83;192;SEC_532
2012;312;03-11;60;65;125;SEC_312
2000;508;75 i +;31;21;52;SEC_508
2007;620;18-24;25;27;52;SEC_620
1998;138;18-24;52;53;105;SEC_138
1997;207;18-24;29;27;56;SEC_207
2002;519;18-24;26;34;60;SEC_519
2006;623;65-74;65;74;139;SEC_623
1995;213;75 i +;22;10;32;SEC_213
1998;414;75 i +;37;24;61;SEC_414
2011;523;18-24;51;52;103;SEC_523
2002;614;16-17;6;8;14;SEC_614
2001;537;03-11;48;32;80;SEC_537
2015;140;00-02;15;14;29;SEC_140
2003;606;75 i +;51;27;78;SEC_606
2008;431;16-17;17;24;41;SEC_431
2012;321;18-24;80;87;167;SEC_321
2014;207;16-17;14;15;29;SEC_207
2008;137;03-11;72;56;128;SEC_137
1994;220;00-02;5;2;7;SEC_220
2009;524;00-02;28;27;55;SEC_524
1997;132;65-74;70;66;136;SEC_132
2009;414;35-49;113;134;247;SEC_414
2006;611;75 i +;67;41;108;SEC_611
2015;209;50-64;112;94;206;SEC_209
2010;110;16-17;8;9;17;SEC_110
2008;419;18-24;46;51;97;SEC_419
1998;538;16-17;7;12;19;SEC_538
1996;227;65-74;52;44;96;SEC_227
2012;120;25-34;92;109;201;SEC_120
1999;310;65-74;37;35;72;SEC_310
1999;220;25-34;77;73;150;SEC_220
2008;220;16-17;10;11;21;SEC_220
2015;631;12-15;12;15;27;SEC_631
2006;311;03-11;49;61;110;SEC_311
1995;410;00-02;12;13;25;SEC_410
2014;126;12-15;24;19;43;SEC_126
2004;235;75 i +;85;43;128;SEC_235
2010;223;00-02;19;19;38;SEC_223
2008;113;65-74;51;54;105;SEC_113
2003;122;12-15;18;6;24;SEC_122
2014;621;25-34;81;83;164;SEC_621
2015;411;03-11;36;27;63;SEC_411
2009;426;16-17;14;14;28;SEC_426
2004;232;65-74;63;50;113;SEC_232
2000;412;25-34;108;134;242;SEC_412
1997;604;25-34;77;93;170;SEC_604
2013;623;65-74;120;100;220;SEC_623
2003;603;35-49;51;51;102;SEC_603
1997;316;00-02;14;22;36;SEC_316
2012;431;18-24;69;52;121;SEC_431
2001;132;65-74;89;86;175;SEC_132
2011;322;35-49;179;158;337;SEC_322
1996;531;65-74;55;47;102;SEC_531
2016;201;16-17;10;13;23;SEC_201
1998;632;75 i +;26;10;36;SEC_632
2001;440;03-11;28;30;58;SEC_440
2013;518;75 i +;76;57;133;SEC_518
1996;626;00-02;13;12;25;SEC_626
2003;232;25-34;98;99;197;SEC_232
2001;438;12-15;15;9;24;SEC_438
2012;438;75 i +;46;44;90;SEC_438
1999;236;65-74;92;73;165;SEC_236
2010;126;18-24;35;21;56;SEC_126
1996;621;25-34;117;115;232;SEC_621
2010;211;50-64;85;78;163;SEC_211
1996;321;00-02;21;26;47;SEC_321
2005;608;00-02;8;11;19;SEC_608
2012;507;25-34;56;64;120;SEC_507
2004;108;16-17;12;14;26;SEC_108
1994;616;75 i +;22;13;35;SEC_616
2006;224;03-11;24;22;46;SEC_224
2006;308;12-15;31;34;65;SEC_308
2010;123;25-34;99;86;185;SEC_123
2004;123;50-64;108;107;215;SEC_123
2008;220;12-15;22;14;36;SEC_220
2003;624;00-02;12;13;25;SEC_624
2012;216;65-74;81;56;137;SEC_216
1998;302;35-49;177;133;310;SEC_302
2002;402;35-49;69;88;157;SEC_402
2006;403;65-74;86;88;174;SEC_403
2014;430;18-24;33;42;75;SEC_430
2005;534;18-24;40;44;84;SEC_534
2001;406;03-11;42;41;83;SEC_406
2012;208;25-34;135;123;258;SEC_208
2008;130;18-24;28;31;59;SEC_130
2000;310;18-24;51;60;111;SEC_310
2015;126;18-24;30;33;63;SEC_126
2001;113;25-34;91;96;187;SEC_113
2012;102;18-24;43;55;98;SEC_102
2001;231;12-15;17;15;32;SEC_231
1997;117;50-64;143;166;309;SEC_117
1997;606;25-34;123;116;239;SEC_606
2015;610;03-11;45;43;88;SEC_610
2001;206;12-15;15;10;25;SEC_206
2003;605;18-24;24;24;48;SEC_605
2003;412;65-74;96;99;195;SEC_412
2012;243;50-64;117;114;231;SEC_243
2007;210;35-49;91;84;175;SEC_210
2016;136;03-11;62;56;118;SEC_136
1994;207;00-02;5;6;11;SEC_207
2012;413;03-11;22;32;54;SEC_413
1995;104;75 i +;61;29;90;SEC_104
2006;431;50-64;104;107;211;SEC_431
2006;203;03-11;24;37;61;SEC_203
2002;318;12-15;26;21;47;SEC_318
2003;123;75 i +;77;42;119;SEC_123
2005;412;50-64;189;160;349;SEC_412
2001;414;50-64;73;70;143;SEC_414
2014;114;65-74;127;92;219;SEC_114
2011;116;18-24;47;42;89;SEC_116
2001;403;16-17;7;6;13;SEC_403
1995;316;18-24;137;131;268;SEC_316
2012;536;65-74;53;41;94;SEC_536
2016;210;03-11;36;28;64;SEC_210
2014;513;25-34;96;83;179;SEC_513
2005;221;75 i +;43;38;81;SEC_221
2015;309;03-11;63;69;132;SEC_309
2011;411;00-02;12;8;20;SEC_411
2004;303;03-11;35;45;80;SEC_303
2006;114;16-17;11;6;17;SEC_114
2012;129;50-64;94;87;181;SEC_129
1997;230;12-15;8;9;17;SEC_230
1995;517;65-74;45;48;93;SEC_517
2012;134;00-02;24;23;47;SEC_134
1998;307;35-49;212;186;398;SEC_307
2011;630;12-15;6;17;23;SEC_630
1994;519;25-34;59;60;119;SEC_519
2000;524;75 i +;55;28;83;SEC_524
2014;210;16-17;8;8;16;SEC_210
2008;612;50-64;106;76;182;SEC_612
1996;325;03-11;44;54;98;SEC_325
2009;510;12-15;15;21;36;SEC_510
2013;632;75 i +;56;38;94;SEC_632
2008;232;18-24;38;51;89;SEC_232
1999;518;65-74;63;72;135;SEC_518
2006;419;25-34;85;117;202;SEC_419
2015;137;03-11;87;60;147;SEC_137
2012;508;00-02;10;15;25;SEC_508
1999;115;12-15;18;31;49;SEC_115
2006;212;25-34;148;177;325;SEC_212
2002;201;65-74;50;53;103;SEC_201
2013;102;65-74;131;123;254;SEC_102
2001;212;03-11;37;47;84;SEC_212
2013;126;18-24;23;24;47;SEC_126
2004;538;03-11;35;51;86;SEC_538
1994;219;12-15;18;24;42;SEC_219
2001;507;03-11;22;33;55;SEC_507
2006;234;65-74;61;36;97;SEC_234
2009;249;16-17;6;11;17;SEC_249
1996;128;12-15;27;26;53;SEC_128
1996;305;03-11;89;63;152;SEC_305
2010;227;35-49;91;93;184;SEC_227
1997;441;35-49;273;268;541;SEC_441
1999;109;65-74;57;46;103;SEC_109
2003;524;03-11;58;59;117;SEC_524
2003;617;16-17;9;12;21;SEC_617
2013;301;03-11;160;154;314;SEC_301
1998;106;12-15;57;53;110;SEC_106
2003;423;65-74;73;68;141;SEC_423
2006;434;25-34;60;60;120;SEC_434
2009;409;50-64;58;54;112;SEC_409
2011;622;16-17;10;11;21;SEC_622
1997;616;35-49;207;221;428;SEC_616
2000;243;65-74;104;94;198;SEC_243
1995;225;00-02;1;4;5;SEC_225
2005;111;25-34;87;107;194;SEC_111
2010;301;25-34;187;178;365;SEC_301
2015;103;00-02;13;7;20;SEC_103
1994;230;12-15;10;10;20;SEC_230
1997;439;18-24;57;41;98;SEC_439
1999;534;12-15;10;13;23;SEC_534
2000;521;12-15;24;18;42;SEC_521
1997;241;75 i +;44;30;74;SEC_241
2008;631;75 i +;48;29;77;SEC_631
2013;310;75 i +;47;22;69;SEC_310
2002;212;03-11;38;46;84;SEC_212
2000;612;65-74;46;56;102;SEC_612
2014;132;16-17;21;24;45;SEC_132
1997;248;25-34;99;103;202;SEC_248
2001;134;25-34;91;103;194;SEC_134
2001;110;18-24;70;75;145;SEC_110
1999;110;12-15;29;21;50;SEC_110
2003;424;12-15;5;7;12;SEC_424
2003;112;12-15;26;35;61;SEC_112
1998;118;16-17;26;36;62;SEC_118
1994;229;16-17;6;10;16;SEC_229
2000;524;50-64;117;95;212;SEC_524
2012;318;12-15;18;16;34;SEC_318
1996;209;50-64;105;96;201;SEC_209
2006;510;65-74;73;50;123;SEC_510
1996;523;00-02;6;16;22;SEC_523
2008;227;16-17;7;3;10;SEC_227
2009;517;50-64;89;79;168;SEC_517
1995;614;35-49;118;86;204;SEC_614
2004;219;03-11;64;45;109;SEC_219
1994;618;18-24;63;72;135;SEC_618
2006;617;18-24;40;36;76;SEC_617
2009;511;12-15;11;16;27;SEC_511
2014;627;25-34;50;63;113;SEC_627
1994;245;18-24;42;65;107;SEC_245
2002;129;12-15;16;17;33;SEC_129
2004;235;16-17;11;9;20;SEC_235
2002;124;75 i +;35;18;53;SEC_124
1994;134;18-24;91;80;171;SEC_134
2012;403;12-15;16;15;31;SEC_403
2016;116;65-74;122;91;213;SEC_116
2004;418;75 i +;61;39;100;SEC_418
2007;313;18-24;92;76;168;SEC_313
2003;238;18-24;25;38;63;SEC_238
2008;103;03-11;29;37;66;SEC_103
2006;429;16-17;6;11;17;SEC_429
2010;511;12-15;18;11;29;SEC_511
2003;632;25-34;91;111;202;SEC_632
1997;127;12-15;19;14;33;SEC_127
2009;526;50-64;54;50;104;SEC_526
2006;408;35-49;97;114;211;SEC_408
2003;127;00-02;17;11;28;SEC_127
2011;208;00-02;15;11;26;SEC_208
2008;421;00-02;13;10;23;SEC_421
2011;308;50-64;219;200;419;SEC_308
2008;415;00-02;14;16;30;SEC_415
2009;303;25-34;149;151;300;SEC_303
2011;208;12-15;26;25;51;SEC_208
2012;138;18-24;26;26;52;SEC_138
2008;620;65-74;50;48;98;SEC_620
2016;226;18-24;59;68;127;SEC_226
2009;120;35-49;231;228;459;SEC_120
2015;106;65-74;107;129;236;SEC_106
1997;607;25-34;97;124;221;SEC_607
2007;618;18-24;19;19;38;SEC_618
2005;132;25-34;175;210;385;SEC_132
2014;127;35-49;102;109;211;SEC_127
2015;611;25-34;88;100;188;SEC_611
1996;406;65-74;60;58;118;SEC_406
2014;221;16-17;11;17;28;SEC_221
2005;517;00-02;20;27;47;SEC_517
1998;118;65-74;46;36;82;SEC_118
2003;241;12-15;20;11;31;SEC_241
1998;601;75 i +;62;26;88;SEC_601
2008;132;35-49;227;263;490;SEC_132
2013;214;35-49;311;299;610;SEC_214
1994;133;50-64;86;79;165;SEC_133
2004;432;50-64;161;150;311;SEC_432
2002;521;16-17;15;11;26;SEC_521
1998;625;03-11;53;67;120;SEC_625
2015;407;03-11;47;45;92;SEC_407
2006;409;03-11;20;22;42;SEC_409
2005;234;03-11;29;27;56;SEC_234
1999;322;18-24;66;68;134;SEC_322
2015;129;03-11;42;42;84;SEC_129
1999;312;35-49;139;145;284;SEC_312
2007;226;65-74;49;40;89;SEC_226
1997;203;75 i +;50;27;77;SEC_203
2008;438;18-24;38;41;79;SEC_438
2015;116;75 i +;94;76;170;SEC_116
2000;101;25-34;97;107;204;SEC_101
2000;410;03-11;43;58;101;SEC_410
2009;520;25-34;69;72;141;SEC_520
2000;212;03-11;38;43;81;SEC_212
1998;535;00-02;4;2;6;SEC_535
2012;619;65-74;97;82;179;SEC_619
2015;418;18-24;49;66;115;SEC_418
2007;521;00-02;10;10;20;SEC_521
2012;130;00-02;12;18;30;SEC_130
1997;513;75 i +;43;14;57;SEC_513
2000;418;03-11;29;33;62;SEC_418
2009;438;65-74;62;49;111;SEC_438
2012;627;00-02;9;19;28;SEC_627
2003;520;65-74;52;50;102;SEC_520
2011;122;50-64;63;50;113;SEC_122
2004;246;18-24;55;37;92;SEC_246
2005;224;12-15;14;12;26;SEC_224
1997;603;03-11;26;28;54;SEC_603
1998;140;50-64;127;116;243;SEC_140
1996;126;12-15;23;17;40;SEC_126
1997;425;65-74;68;65;133;SEC_425
2002;422;75 i +;66;46;112;SEC_422
2011;138;00-02;10;10;20;SEC_138
2006;516;75 i +;27;18;45;SEC_516
2007;531;65-74;55;49;104;SEC_531
2008;316;03-11;44;63;107;SEC_316
2012;521;50-64;125;85;210;SEC_521
1997;525;50-64;99;91;190;SEC_525
2008;420;00-02;38;33;71;SEC_420
2007;620;00-02;4;6;10;SEC_620
2001;407;00-02;11;11;22;SEC_407
2012;319;18-24;49;51;100;SEC_319
2009;624;75 i +;43;29;72;SEC_624
2006;423;18-24;46;50;96;SEC_423
2001;310;65-74;45;37;82;SEC_310
2006;631;03-11;30;35;65;SEC_631
2014;117;25-34;110;129;239;SEC_117
1994;122;16-17;14;8;22;SEC_122
2001;126;75 i +;47;25;72;SEC_126
2015;136;35-49;165;167;332;SEC_136
1999;324;25-34;71;78;149;SEC_324
2014;234;50-64;84;76;160;SEC_234
1997;103;65-74;39;34;73;SEC_103
1998;305;65-74;88;63;151;SEC_305
1997;401;16-17;15;9;24;SEC_401
2015;105;50-64;134;108;242;SEC_105
1998;323;03-11;124;130;254;SEC_323
1995;240;12-15;16;12;28;SEC_240
1994;529;00-02;7;13;20;SEC_529
2004;138;25-34;64;57;121;SEC_138
1994;620;65-74;11;10;21;SEC_620
2011;517;18-24;61;63;124;SEC_517
1997;529;35-49;84;77;161;SEC_529
1998;530;16-17;6;10;16;SEC_530
1997;111;16-17;10;12;22;SEC_111
1994;130;35-49;66;68;134;SEC_130
2010;222;35-49;127;138;265;SEC_222
2014;510;50-64;82;71;153;SEC_510
2011;219;65-74;58;47;105;SEC_219
2011;110;00-02;20;16;36;SEC_110
2008;527;75 i +;55;33;88;SEC_527
1997;320;50-64;68;73;141;SEC_320
2009;206;03-11;37;40;77;SEC_206
2005;241;35-49;113;96;209;SEC_241
2016;229;03-11;78;93;171;SEC_229
2014;326;12-15;10;10;20;SEC_326
1999;526;16-17;7;8;15;SEC_526
2003;220;50-64;61;45;106;SEC_220
2006;610;25-34;94;94;188;SEC_610
1999;220;12-15;8;12;20;SEC_220
2003;129;00-02;10;17;27;SEC_129
1999;119;03-11;22;45;67;SEC_119
2013;425;35-49;127;124;251;SEC_425
2014;236;65-74;68;39;107;SEC_236
1998;223;16-17;9;9;18;SEC_223
1994;405;25-34;76;103;179;SEC_405
2009;322;75 i +;64;41;105;SEC_322
1999;431;00-02;22;12;34;SEC_431
2011;534;75 i +;60;48;108;SEC_534
1997;325;00-02;21;11;32;SEC_325
2002;238;65-74;57;44;101;SEC_238
2008;520;65-74;52;41;93;SEC_520
2016;621;03-11;55;51;106;SEC_621
1994;618;50-64;66;75;141;SEC_618
1995;606;25-34;122;128;250;SEC_606
2009;114;18-24;39;39;78;SEC_114
1999;629;12-15;12;12;24;SEC_629
2006;213;12-15;13;12;25;SEC_213
2012;517;03-11;52;65;117;SEC_517
2006;411;35-49;104;114;218;SEC_411
2009;106;25-34;183;178;361;SEC_106
2002;530;65-74;110;82;192;SEC_530
2004;122;50-64;99;72;171;SEC_122
1996;301;35-49;142;160;302;SEC_301
1996;505;03-11;38;39;77;SEC_505
1998;313;00-02;18;20;38;SEC_313
2002;437;75 i +;27;18;45;SEC_437
1997;613;50-64;202;220;422;SEC_613
2014;517;35-49;257;298;555;SEC_517
2007;623;25-34;118;147;265;SEC_623
2004;243;12-15;25;37;62;SEC_243
2000;112;25-34;120;112;232;SEC_112
2003;218;18-24;26;38;64;SEC_218
2013;327;16-17;16;9;25;SEC_327
2011;224;65-74;15;11;26;SEC_224
2011;511;16-17;9;11;20;SEC_511
2012;526;65-74;34;35;69;SEC_526
2016;431;18-24;56;59;115;SEC_431
2005;423;00-02;15;13;28;SEC_423
1997;413;12-15;8;8;16;SEC_413
2010;133;25-34;73;71;144;SEC_133
2009;423;35-49;105;124;229;SEC_423
2003;310;65-74;36;28;64;SEC_310
1994;511;12-15;10;13;23;SEC_511
2015;406;25-34;94;86;180;SEC_406
2013;510;18-24;32;38;70;SEC_510
2011;211;16-17;12;16;28;SEC_211
1996;218;00-02;10;2;12;SEC_218
2016;623;16-17;9;10;19;SEC_623
1999;536;25-34;90;94;184;SEC_536
2006;112;16-17;11;18;29;SEC_112
2012;605;18-24;11;11;22;SEC_605
2016;526;65-74;66;46;112;SEC_526
2013;319;16-17;9;15;24;SEC_319
1994;442;18-24;52;48;100;SEC_442
2011;411;12-15;14;9;23;SEC_411
1997;206;35-49;75;67;142;SEC_206
2000;436;50-64;61;60;121;SEC_436
2011;312;75 i +;75;46;121;SEC_312
2005;224;50-64;40;50;90;SEC_224
2008;119;35-49;124;128;252;SEC_119
1994;116;50-64;124;141;265;SEC_116
2006;438;35-49;97;102;199;SEC_438
1998;116;50-64;168;178;346;SEC_116
2003;502;35-49;151;148;299;SEC_502
2011;522;35-49;104;109;213;SEC_522
1995;213;25-34;60;77;137;SEC_213
2006;410;03-11;47;70;117;SEC_410
2014;310;18-24;28;27;55;SEC_310
2000;325;25-34;158;174;332;SEC_325
2006;503;18-24;43;41;84;SEC_503
2014;204;12-15;26;18;44;SEC_204
2010;528;50-64;97;79;176;SEC_528
2011;311;00-02;25;19;44;SEC_311
2007;511;03-11;35;25;60;SEC_511
1994;205;50-64;90;94;184;SEC_205
1998;622;03-11;38;47;85;SEC_622
2013;229;03-11;74;71;145;SEC_229
2012;207;03-11;37;33;70;SEC_207
2015;220;50-64;159;136;295;SEC_220
1998;411;35-49;93;83;176;SEC_411
1999;219;65-74;82;61;143;SEC_219
2011;403;25-34;100;92;192;SEC_403
1996;506;65-74;65;65;130;SEC_506
1998;615;16-17;5;4;9;SEC_615
2005;215;03-11;35;39;74;SEC_215
2002;505;16-17;8;5;13;SEC_505
2014;314;35-49;269;272;541;SEC_314
2014;407;75 i +;95;49;144;SEC_407
2009;437;18-24;43;40;83;SEC_437
2002;138;12-15;14;18;32;SEC_138
1995;125;35-49;163;150;313;SEC_125
2014;326;16-17;5;5;10;SEC_326
1999;512;00-02;9;8;17;SEC_512
1998;535;25-34;54;95;149;SEC_535
2003;111;35-49;101;84;185;SEC_111
2005;408;25-34;100;103;203;SEC_408
2000;324;75 i +;52;24;76;SEC_324
2011;129;35-49;144;154;298;SEC_129
2001;131;18-24;111;91;202;SEC_131
2014;202;75 i +;80;60;140;SEC_202
1995;620;65-74;9;13;22;SEC_620
1999;234;16-17;5;7;12;SEC_234
2011;111;35-49;96;96;192;SEC_111
1994;242;75 i +;59;30;89;SEC_242
2004;506;75 i +;65;41;106;SEC_506
2007;536;50-64;75;63;138;SEC_536
1995;138;00-02;5;16;21;SEC_138
2014;622;03-11;27;39;66;SEC_622
1999;206;65-74;58;61;119;SEC_206
2009;116;75 i +;71;44;115;SEC_116
1998;506;35-49;237;198;435;SEC_506
1995;424;75 i +;14;9;23;SEC_424
2016;511;25-34;162;146;308;SEC_511
2011;438;12-15;16;18;34;SEC_438
2005;110;65-74;61;47;108;SEC_110
2004;307;35-49;162;128;290;SEC_307
2009;421;65-74;79;64;143;SEC_421
2008;529;50-64;80;88;168;SEC_529
1996;417;00-02;2;5;7;SEC_417
2007;615;03-11;35;22;57;SEC_615
2002;520;12-15;15;17;32;SEC_520
2001;618;18-24;34;25;59;SEC_618
2016;609;25-34;36;38;74;SEC_609
2002;439;35-49;88;91;179;SEC_439
2016;214;25-34;190;200;390;SEC_214
2003;441;03-11;61;54;115;SEC_441
2008;537;18-24;51;47;98;SEC_537
2002;528;35-49;119;106;225;SEC_528
2015;309;25-34;98;90;188;SEC_309
2000;312;65-74;62;54;116;SEC_312
1996;221;03-11;36;43;79;SEC_221
2000;245;35-49;96;93;189;SEC_245
1997;504;35-49;102;96;198;SEC_504
2003;217;00-02;6;6;12;SEC_217
2003;513;25-34;70;68;138;SEC_513
1999;106;18-24;151;183;334;SEC_106
2002;534;00-02;10;9;19;SEC_534
2011;408;65-74;52;27;79;SEC_408
2011;432;18-24;48;52;100;SEC_432
2005;303;16-17;9;8;17;SEC_303
2001;215;03-11;30;21;51;SEC_215
2001;225;16-17;8;8;16;SEC_225
2012;435;25-34;102;115;217;SEC_435
2012;513;12-15;20;9;29;SEC_513
2000;523;00-02;9;10;19;SEC_523
1996;442;35-49;68;58;126;SEC_442
1995;629;50-64;73;65;138;SEC_629
2015;305;65-74;72;71;143;SEC_305
2002;509;03-11;22;38;60;SEC_509
2010;417;50-64;54;41;95;SEC_417
2005;438;18-24;35;38;73;SEC_438
2001;508;16-17;5;6;11;SEC_508
2010;619;03-11;47;47;94;SEC_619
1995;601;18-24;103;127;230;SEC_601
2012;207;35-49;89;97;186;SEC_207
2013;618;35-49;136;125;261;SEC_618
2012;419;18-24;30;45;75;SEC_419
2014;236;75 i +;100;51;151;SEC_236
2008;206;18-24;41;40;81;SEC_206
2010;504;35-49;108;124;232;SEC_504
2009;102;65-74;105;107;212;SEC_102
1994;503;18-24;53;57;110;SEC_503
1999;617;12-15;27;18;45;SEC_617
2015;109;50-64;134;119;253;SEC_109
2015;134;65-74;69;63;132;SEC_134
2015;615;00-02;11;13;24;SEC_615
2006;228;12-15;23;12;35;SEC_228
2003;602;16-17;4;8;12;SEC_602
2005;533;25-34;113;146;259;SEC_533
1996;213;50-64;83;84;167;SEC_213
2014;423;03-11;45;41;86;SEC_423
1995;416;16-17;5;15;20;SEC_416
2012;127;12-15;10;13;23;SEC_127
1998;303;50-64;229;204;433;SEC_303
1996;432;65-74;66;56;122;SEC_432
2011;301;35-49;338;342;680;SEC_301
1995;230;16-17;7;9;16;SEC_230
2011;101;25-34;119;89;208;SEC_101
2010;116;03-11;64;60;124;SEC_116
1997;225;50-64;57;44;101;SEC_225
1997;309;16-17;13;12;25;SEC_309
1995;434;12-15;12;13;25;SEC_434
1998;432;12-15;20;24;44;SEC_432
2000;432;35-49;124;117;241;SEC_432
1998;227;50-64;67;61;128;SEC_227
1995;631;12-15;35;30;65;SEC_631
1997;501;00-02;8;12;20;SEC_501
2009;425;00-02;20;16;36;SEC_425
2004;429;16-17;6;5;11;SEC_429
2005;103;16-17;5;4;9;SEC_103
2016;533;50-64;154;142;296;SEC_533
2009;220;25-34;78;111;189;SEC_220
1997;201;50-64;87;79;166;SEC_201
2006;216;00-02;26;19;45;SEC_216
2004;325;12-15;29;27;56;SEC_325
1998;231;18-24;51;46;97;SEC_231
2003;435;50-64;79;74;153;SEC_435
2011;507;50-64;89;73;162;SEC_507
2016;304;25-34;288;261;549;SEC_304
2010;531;03-11;38;34;72;SEC_531
2014;615;50-64;52;38;90;SEC_615
2013;616;03-11;111;99;210;SEC_616
2000;220;25-34;80;73;153;SEC_220
2001;301;50-64;195;194;389;SEC_301
2005;420;35-49;161;189;350;SEC_420
2001;320;12-15;14;12;26;SEC_320
2006;227;35-49;80;72;152;SEC_227
2002;241;25-34;62;63;125;SEC_241
1995;201;12-15;14;10;24;SEC_201
2000;534;18-24;46;51;97;SEC_534
2007;408;03-11;28;39;67;SEC_408
2002;204;75 i +;36;21;57;SEC_204
2005;247;12-15;28;23;51;SEC_247
2010;222;16-17;8;6;14;SEC_222
2007;230;50-64;40;38;78;SEC_230
2010;246;03-11;49;58;107;SEC_246
2016;315;03-11;81;86;167;SEC_315
1999;510;35-49;79;81;160;SEC_510
1999;407;16-17;9;14;23;SEC_407
2010;237;00-02;26;26;52;SEC_237
2014;626;35-49;98;104;202;SEC_626
2008;324;12-15;20;24;44;SEC_324
2006;621;50-64;221;203;424;SEC_621
2005;123;65-74;60;66;126;SEC_123
1994;321;65-74;83;63;146;SEC_321
2015;321;75 i +;126;85;211;SEC_321
2002;411;18-24;65;48;113;SEC_411
1994;311;00-02;10;13;23;SEC_311
2007;119;75 i +;77;52;129;SEC_119
2002;129;00-02;8;16;24;SEC_129
2009;413;35-49;67;105;172;SEC_413
2012;422;35-49;142;164;306;SEC_422
2007;625;50-64;197;175;372;SEC_625
2003;221;18-24;44;58;102;SEC_221
1999;107;18-24;118;120;238;SEC_107
2013;619;25-34;63;88;151;SEC_619
2016;323;35-49;223;229;452;SEC_323
2008;404;35-49;139;169;308;SEC_404
2009;631;35-49;110;119;229;SEC_631
2009;206;35-49;111;125;236;SEC_206
2006;208;25-34;131;129;260;SEC_208
2012;516;12-15;14;13;27;SEC_516
2006;518;50-64;82;58;140;SEC_518
2006;434;12-15;16;10;26;SEC_434
2005;138;75 i +;30;17;47;SEC_138
2011;226;12-15;7;12;19;SEC_226
2005;532;16-17;12;12;24;SEC_532
1999;520;25-34;73;72;145;SEC_520
2009;301;03-11;117;110;227;SEC_301
2008;116;03-11;67;60;127;SEC_116
2011;247;12-15;15;25;40;SEC_247
1999;631;25-34;117;125;242;SEC_631
1997;437;18-24;48;43;91;SEC_437
2003;114;00-02;12;21;33;SEC_114
2001;213;16-17;10;15;25;SEC_213
2015;520;65-74;47;44;91;SEC_520
2007;223;16-17;11;18;29;SEC_223
2013;221;00-02;32;34;66;SEC_221
2007;440;00-02;7;13;20;SEC_440
2014;234;16-17;8;7;15;SEC_234
2005;408;65-74;59;46;105;SEC_408
1997;303;75 i +;64;36;100;SEC_303
1996;428;50-64;53;43;96;SEC_428
2011;117;18-24;55;63;118;SEC_117
2004;505;50-64;210;174;384;SEC_505
2000;121;25-34;86;82;168;SEC_121
2002;530;12-15;25;28;53;SEC_530
2006;608;18-24;27;31;58;SEC_608
1996;104;16-17;11;12;23;SEC_104
1994;307;35-49;241;232;473;SEC_307
1999;514;00-02;8;8;16;SEC_514
2003;629;35-49;64;61;125;SEC_629
2004;518;75 i +;57;32;89;SEC_518
2010;214;00-02;14;13;27;SEC_214
1995;537;75 i +;40;28;68;SEC_537
2014;117;75 i +;84;50;134;SEC_117
2008;408;03-11;37;40;77;SEC_408
2005;139;16-17;5;9;14;SEC_139
2001;124;65-74;44;42;86;SEC_124
2015;614;65-74;88;68;156;SEC_614
2011;617;18-24;32;26;58;SEC_617
2002;131;25-34;113;152;265;SEC_131
2014;214;03-11;97;105;202;SEC_214
2001;434;00-02;6;5;11;SEC_434
2015;501;65-74;102;109;211;SEC_501
2002;431;25-34;147;168;315;SEC_431
2015;607;25-34;59;62;121;SEC_607
2005;629;16-17;7;3;10;SEC_629
2007;538;00-02;18;25;43;SEC_538
2001;537;16-17;10;11;21;SEC_537
1994;411;35-49;109;96;205;SEC_411
2001;117;35-49;246;243;489;SEC_117
2013;528;16-17;15;11;26;SEC_528
2001;227;00-02;9;10;19;SEC_227
1999;613;00-02;10;13;23;SEC_613
1995;236;65-74;85;69;154;SEC_236
1998;505;03-11;43;32;75;SEC_505
2012;623;16-17;12;10;22;SEC_623
1996;301;00-02;12;20;32;SEC_301
2003;602;12-15;9;4;13;SEC_602
2009;121;35-49;116;112;228;SEC_121
1997;608;18-24;67;95;162;SEC_608
1997;323;00-02;29;38;67;SEC_323
2011;526;65-74;28;30;58;SEC_526
2007;120;03-11;64;79;143;SEC_120
1995;501;50-64;88;122;210;SEC_501
2006;242;00-02;17;9;26;SEC_242
2016;432;18-24;36;49;85;SEC_432
1997;308;65-74;61;59;120;SEC_308
2004;111;00-02;9;10;19;SEC_111
2002;605;75 i +;25;18;43;SEC_605
2012;401;18-24;49;48;97;SEC_401
2006;221;18-24;46;45;91;SEC_221
1999;221;75 i +;34;28;62;SEC_221
2004;430;75 i +;61;38;99;SEC_430
2014;108;35-49;193;160;353;SEC_108
2009;108;03-11;52;53;105;SEC_108
2015;112;12-15;41;31;72;SEC_112
2001;424;12-15;8;5;13;SEC_424
1994;538;75 i +;44;24;68;SEC_538
2011;102;25-34;84;89;173;SEC_102
2000;306;12-15;22;36;58;SEC_306
2015;501;12-15;19;25;44;SEC_501
2003;222;35-49;90;85;175;SEC_222
2000;136;75 i +;57;28;85;SEC_136
2008;248;65-74;51;46;97;SEC_248
2001;524;35-49;119;113;232;SEC_524
2004;303;75 i +;82;60;142;SEC_303
2010;534;03-11;34;37;71;SEC_534
2011;310;75 i +;49;24;73;SEC_310
2005;621;12-15;30;26;56;SEC_621
2001;439;16-17;5;11;16;SEC_439
1995;615;12-15;17;15;32;SEC_615
1996;408;16-17;15;13;28;SEC_408
2013;619;35-49;115;128;243;SEC_619
2003;235;03-11;46;41;87;SEC_235
1998;229;50-64;65;64;129;SEC_229
1996;107;00-02;14;13;27;SEC_107
2007;312;50-64;174;150;324;SEC_312
2009;234;25-34;104;106;210;SEC_234
1999;403;75 i +;50;23;73;SEC_403
1998;420;75 i +;66;39;105;SEC_420
2007;215;16-17;9;12;21;SEC_215
1999;537;75 i +;51;28;79;SEC_537
1997;416;25-34;64;78;142;SEC_416
1994;205;35-49;96;84;180;SEC_205
2003;524;18-24;67;69;136;SEC_524
1996;507;12-15;19;13;32;SEC_507
2005;244;50-64;55;36;91;SEC_244
2011;609;00-02;14;14;28;SEC_609
2013;537;35-49;139;117;256;SEC_537
2002;225;12-15;8;6;14;SEC_225
2003;625;12-15;35;30;65;SEC_625
1999;420;03-11;37;32;69;SEC_420
2004;113;03-11;43;66;109;SEC_113
2010;115;75 i +;85;42;127;SEC_115
2015;602;75 i +;78;75;153;SEC_602
1994;519;03-11;25;24;49;SEC_519
2008;612;12-15;13;21;34;SEC_612
2015;315;00-02;29;16;45;SEC_315
2003;108;35-49;166;127;293;SEC_108
2003;321;25-34;180;177;357;SEC_321
2009;239;18-24;44;49;93;SEC_239
2003;234;12-15;10;21;31;SEC_234
2013;320;12-15;29;35;64;SEC_320
2006;125;18-24;56;68;124;SEC_125
2015;119;25-34;75;66;141;SEC_119
1997;129;16-17;10;15;25;SEC_129
2002;213;03-11;20;37;57;SEC_213
2013;406;25-34;113;109;222;SEC_406
2005;246;75 i +;74;49;123;SEC_246
2007;301;35-49;306;295;601;SEC_301
2013;245;12-15;25;15;40;SEC_245
2011;513;00-02;17;8;25;SEC_513
2001;132;25-34;171;174;345;SEC_132
2016;139;35-49;106;116;222;SEC_139
1996;306;16-17;21;26;47;SEC_306
1994;121;16-17;7;10;17;SEC_121
2012;117;50-64;234;216;450;SEC_117
2005;126;16-17;4;7;11;SEC_126
2005;536;75 i +;55;46;101;SEC_536
2007;522;75 i +;40;22;62;SEC_522
2009;203;35-49;106;117;223;SEC_203
2016;213;50-64;90;76;166;SEC_213
2010;511;25-34;55;66;121;SEC_511
2000;312;12-15;25;17;42;SEC_312
1997;512;03-11;27;30;57;SEC_512
1998;620;75 i +;13;4;17;SEC_620
2000;426;50-64;74;73;147;SEC_426
2010;420;50-64;99;96;195;SEC_420
2001;531;16-17;6;10;16;SEC_531
2007;203;35-49;107;105;212;SEC_203
2016;401;50-64;142;117;259;SEC_401
2003;502;65-74;73;62;135;SEC_502
2010;101;65-74;58;49;107;SEC_101
2010;325;00-02;16;18;34;SEC_325
1997;631;50-64;143;170;313;SEC_631
2001;404;00-02;20;12;32;SEC_404
1996;419;75 i +;34;18;52;SEC_419
2010;212;18-24;55;56;111;SEC_212
2007;227;25-34;67;65;132;SEC_227
2005;410;18-24;65;66;131;SEC_410
2010;422;75 i +;84;49;133;SEC_422
1994;203;35-49;54;53;107;SEC_203
1999;313;18-24;139;115;254;SEC_313
2010;504;18-24;20;37;57;SEC_504
2004;108;50-64;120;111;231;SEC_108
1995;219;00-02;12;6;18;SEC_219
2008;245;16-17;12;15;27;SEC_245
1994;424;03-11;27;20;47;SEC_424
2004;623;16-17;10;9;19;SEC_623
2001;435;50-64;74;64;138;SEC_435
2014;239;03-11;34;47;81;SEC_239
2014;316;50-64;368;304;672;SEC_316
2002;133;16-17;9;8;17;SEC_133
2000;301;18-24;101;117;218;SEC_301
2015;502;65-74;89;77;166;SEC_502
2002;216;65-74;77;63;140;SEC_216
1998;614;65-74;48;44;92;SEC_614
1998;101;75 i +;24;8;32;SEC_101
2007;616;35-49;303;310;613;SEC_616
2009;123;25-34;105;93;198;SEC_123
1995;422;75 i +;58;30;88;SEC_422
2013;422;75 i +;75;52;127;SEC_422
2011;324;75 i +;50;25;75;SEC_324
2003;321;03-11;91;100;191;SEC_321
2006;528;12-15;22;20;42;SEC_528
2003;202;65-74;46;42;88;SEC_202
2005;420;16-17;9;14;23;SEC_420
2000;132;75 i +;60;25;85;SEC_132
2013;120;00-02;21;18;39;SEC_120
1995;605;50-64;125;121;246;SEC_605
2005;537;16-17;10;6;16;SEC_537
2000;606;50-64;103;81;184;SEC_606
2001;506;50-64;218;236;454;SEC_506
1994;506;25-34;158;167;325;SEC_506
2013;306;65-74;64;59;123;SEC_306
2005;434;50-64;42;42;84;SEC_434
2003;603;00-02;6;9;15;SEC_603
2004;625;18-24;89;92;181;SEC_625
1997;612;75 i +;35;17;52;SEC_612
1994;534;50-64;99;105;204;SEC_534
1998;305;12-15;40;37;77;SEC_305
2016;601;16-17;15;14;29;SEC_601
2002;128;35-49;96;98;194;SEC_128
1994;417;75 i +;17;10;27;SEC_417
1997;236;00-02;9;4;13;SEC_236
2004;414;65-74;57;52;109;SEC_414
2010;109;65-74;50;48;98;SEC_109
2005;514;25-34;77;102;179;SEC_514
2004;323;18-24;134;170;304;SEC_323
1998;523;00-02;9;9;18;SEC_523
1995;318;12-15;30;27;57;SEC_318
2010;534;00-02;8;15;23;SEC_534
1999;136;50-64;103;103;206;SEC_136
1995;528;16-17;6;20;26;SEC_528
2012;511;03-11;30;31;61;SEC_511
2016;601;50-64;183;160;343;SEC_601
2006;113;25-34;180;156;336;SEC_113
2007;503;65-74;36;30;66;SEC_503
2015;313;75 i +;90;68;158;SEC_313
1999;517;16-17;11;17;28;SEC_517
2011;319;12-15;28;33;61;SEC_319
2008;249;00-02;27;20;47;SEC_249
2011;505;12-15;8;9;17;SEC_505
2009;137;16-17;19;13;32;SEC_137
1999;514;50-64;73;60;133;SEC_514
2016;247;00-02;20;24;44;SEC_247
2013;242;50-64;80;85;165;SEC_242
2000;527;16-17;9;12;21;SEC_527
1994;116;03-11;73;54;127;SEC_116
2000;407;50-64;97;78;175;SEC_407
2012;525;75 i +;67;37;104;SEC_525
2010;248;50-64;98;90;188;SEC_248
2002;406;18-24;72;71;143;SEC_406
1999;137;25-34;120;100;220;SEC_137
2010;601;16-17;19;13;32;SEC_601
2000;323;12-15;68;52;120;SEC_323
2013;307;03-11;36;38;74;SEC_307
2012;218;35-49;81;96;177;SEC_218
1998;626;18-24;78;94;172;SEC_626
1996;123;25-34;90;97;187;SEC_123
1997;230;75 i +;40;16;56;SEC_230
2013;422;12-15;26;19;45;SEC_422
2000;508;25-34;42;51;93;SEC_508
2003;239;16-17;3;11;14;SEC_239
2015;106;75 i +;75;38;113;SEC_106
2004;307;50-64;202;192;394;SEC_307
2005;620;16-17;4;11;15;SEC_620
2014;313;00-02;23;20;43;SEC_313
2011;320;35-49;158;152;310;SEC_320
2013;610;16-17;7;13;20;SEC_610
1999;412;50-64;183;169;352;SEC_412
2001;204;35-49;43;56;99;SEC_204
1999;112;12-15;30;27;57;SEC_112
2001;420;25-34;109;134;243;SEC_420
2013;121;00-02;10;14;24;SEC_121
2010;434;35-49;72;77;149;SEC_434
2008;125;50-64;172;154;326;SEC_125
2006;318;03-11;30;33;63;SEC_318
2003;626;25-34;74;102;176;SEC_626
2004;107;65-74;107;79;186;SEC_107
2002;419;03-11;34;40;74;SEC_419
2002;525;18-24;46;43;89;SEC_525
1995;605;16-17;11;13;24;SEC_605
2007;441;50-64;237;233;470;SEC_441
1996;630;65-74;28;19;47;SEC_630
2007;523;35-49;169;176;345;SEC_523
2005;104;03-11;35;38;73;SEC_104
2008;624;12-15;12;14;26;SEC_624
2000;216;03-11;32;34;66;SEC_216
1998;626;16-17;10;12;22;SEC_626
1997;416;00-02;10;11;21;SEC_416
2009;131;50-64;187;177;364;SEC_131
2013;407;25-34;78;79;157;SEC_407
2009;624;00-02;17;20;37;SEC_624
2007;430;65-74;48;42;90;SEC_430
1995;528;18-24;89;81;170;SEC_528
2012;209;35-49;125;117;242;SEC_209
2003;233;18-24;37;30;67;SEC_233
1996;602;18-24;40;50;90;SEC_602
1999;316;65-74;38;30;68;SEC_316
1999;439;03-11;35;30;65;SEC_439
1995;422;50-64;97;92;189;SEC_422
2002;616;12-15;65;72;137;SEC_616
1994;208;50-64;245;211;456;SEC_208
1994;606;00-02;15;16;31;SEC_606
1996;602;00-02;7;6;13;SEC_602
2008;404;12-15;22;22;44;SEC_404
1996;321;16-17;46;47;93;SEC_321
2004;213;75 i +;47;25;72;SEC_213
1995;310;03-11;52;51;103;SEC_310
2016;126;18-24;33;35;68;SEC_126
1994;132;12-15;66;94;160;SEC_132
2008;424;18-24;26;35;61;SEC_424
2002;519;50-64;48;37;85;SEC_519
2000;130;00-02;9;10;19;SEC_130
1995;310;16-17;14;15;29;SEC_310
1999;209;25-34;78;86;164;SEC_209
2013;202;35-49;218;250;468;SEC_202
2016;437;50-64;148;131;279;SEC_437
2002;421;16-17;3;6;9;SEC_421
2010;518;35-49;144;134;278;SEC_518
2012;426;03-11;49;50;99;SEC_426
2016;205;25-34;73;82;155;SEC_205
2004;501;00-02;13;19;32;SEC_501
2006;401;03-11;56;67;123;SEC_401
1999;505;75 i +;40;27;67;SEC_505
2006;238;25-34;78;100;178;SEC_238
1995;533;65-74;35;45;80;SEC_533
2013;407;18-24;30;35;65;SEC_407
2010;609;75 i +;31;29;60;SEC_609
2000;429;16-17;5;5;10;SEC_429
1997;421;65-74;62;68;130;SEC_421
2012;414;12-15;20;18;38;SEC_414
2011;138;25-34;62;62;124;SEC_138
2008;437;18-24;41;49;90;SEC_437
2007;131;00-02;13;24;37;SEC_131
2012;529;50-64;88;85;173;SEC_529
2001;304;00-02;14;14;28;SEC_304
2016;205;18-24;30;43;73;SEC_205
2010;613;03-11;45;49;94;SEC_613
2012;608;12-15;12;7;19;SEC_608
2004;606;03-11;37;46;83;SEC_606
2009;406;50-64;122;118;240;SEC_406
2014;246;16-17;9;11;20;SEC_246
2001;228;00-02;5;6;11;SEC_228
1999;108;12-15;27;13;40;SEC_108
2005;423;35-49;104;120;224;SEC_423
1997;138;03-11;29;56;85;SEC_138
2015;601;50-64;177;155;332;SEC_601
2012;616;25-34;305;320;625;SEC_616
2015;630;50-64;87;73;160;SEC_630
2008;442;65-74;28;24;52;SEC_442
2010;405;50-64;48;58;106;SEC_405
2000;427;75 i +;44;33;77;SEC_427
2011;612;12-15;9;24;33;SEC_612
2009;630;03-11;31;29;60;SEC_630
2004;131;16-17;16;10;26;SEC_131
1999;516;03-11;12;21;33;SEC_516
2007;406;03-11;42;62;104;SEC_406
2012;115;65-74;59;68;127;SEC_115
2004;605;16-17;3;4;7;SEC_605
1999;120;35-49;231;221;452;SEC_120
1999;606;03-11;41;45;86;SEC_606
2013;404;16-17;15;17;32;SEC_404
1996;231;65-74;85;66;151;SEC_231
1996;438;03-11;30;26;56;SEC_438
2004;616;75 i +;41;24;65;SEC_616
1997;322;25-34;94;104;198;SEC_322
2012;523;16-17;18;14;32;SEC_523
2001;127;65-74;46;45;91;SEC_127
1998;529;00-02;8;12;20;SEC_529
1995;119;00-02;7;11;18;SEC_119
2004;502;00-02;15;26;41;SEC_502
1995;509;75 i +;39;18;57;SEC_509
1996;304;65-74;101;66;167;SEC_304
1997;402;65-74;51;57;108;SEC_402
2015;207;18-24;64;73;137;SEC_207
2005;228;12-15;18;9;27;SEC_228
2015;109;65-74;62;66;128;SEC_109
2009;248;35-49;179;173;352;SEC_248
2010;234;65-74;48;33;81;SEC_234
2015;426;00-02;16;13;29;SEC_426
1997;406;65-74;63;67;130;SEC_406
2015;430;16-17;4;12;16;SEC_430
2006;313;03-11;79;82;161;SEC_313
2013;406;75 i +;75;62;137;SEC_406
2000;118;16-17;33;31;64;SEC_118
2008;529;18-24;54;51;105;SEC_529
2003;433;75 i +;42;20;62;SEC_433
1999;412;18-24;91;108;199;SEC_412
2013;616;18-24;85;93;178;SEC_616
2001;201;12-15;8;17;25;SEC_201
2007;437;12-15;14;19;33;SEC_437
2007;312;16-17;15;11;26;SEC_312
2015;431;65-74;60;47;107;SEC_431
1998;201;00-02;5;10;15;SEC_201
2004;243;35-49;181;189;370;SEC_243
2004;409;25-34;79;98;177;SEC_409
2016;202;25-34;151;171;322;SEC_202
2013;611;18-24;63;60;123;SEC_611
1994;431;16-17;19;26;45;SEC_431
2007;537;18-24;50;47;97;SEC_537
2001;628;65-74;50;48;98;SEC_628
2000;108;03-11;46;40;86;SEC_108
2014;411;65-74;77;57;134;SEC_411
2016;502;00-02;18;24;42;SEC_502
1997;114;65-74;59;56;115;SEC_114
1994;403;18-24;74;90;164;SEC_403
2014;306;03-11;66;54;120;SEC_306
2007;409;18-24;32;42;74;SEC_409
2016;401;16-17;9;20;29;SEC_401
2015;136;03-11;59;55;114;SEC_136
2004;627;25-34;99;82;181;SEC_627
2001;306;18-24;95;78;173;SEC_306
2007;611;25-34;186;189;375;SEC_611
1998;102;35-49;149;132;281;SEC_102
2007;242;65-74;70;57;127;SEC_242
2014;116;18-24;44;36;80;SEC_116
1998;122;65-74;48;37;85;SEC_122
2005;414;75 i +;60;39;99;SEC_414
1995;202;18-24;41;41;82;SEC_202
2003;410;00-02;16;27;43;SEC_410
1996;402;75 i +;41;24;65;SEC_402
2006;503;35-49;83;66;149;SEC_503
2000;116;00-02;17;15;32;SEC_116
2012;440;25-34;77;57;134;SEC_440
1994;115;18-24;73;120;193;SEC_115
2010;203;16-17;2;7;9;SEC_203
1994;532;50-64;161;162;323;SEC_532
2008;248;00-02;19;14;33;SEC_248
2014;228;50-64;142;162;304;SEC_228
2010;123;00-02;22;17;39;SEC_123
1999;245;35-49;88;87;175;SEC_245
2010;626;75 i +;55;43;98;SEC_626
1995;211;75 i +;59;36;95;SEC_211
2008;401;50-64;101;99;200;SEC_401
2000;129;50-64;128;124;252;SEC_129
2010;129;16-17;11;10;21;SEC_129
1998;424;03-11;16;9;25;SEC_424
1995;108;35-49;147;140;287;SEC_108
2013;420;12-15;30;39;69;SEC_420
1998;305;75 i +;71;40;111;SEC_305
1996;414;25-34;76;76;152;SEC_414
1994;406;50-64;139;137;276;SEC_406
2003;435;35-49;82;113;195;SEC_435
1999;435;35-49;76;99;175;SEC_435
1994;245;16-17;10;15;25;SEC_245
2016;242;25-34;96;79;175;SEC_242
2015;136;18-24;36;37;73;SEC_136
2015;533;35-49;239;263;502;SEC_533
2009;215;35-49;133;127;260;SEC_215
1995;436;16-17;10;10;20;SEC_436
2011;615;12-15;12;16;28;SEC_615
2003;125;03-11;39;49;88;SEC_125
2001;524;00-02;20;14;34;SEC_524
2002;506;03-11;70;79;149;SEC_506
2015;123;75 i +;81;65;146;SEC_123
2003;312;00-02;11;18;29;SEC_312
2010;632;25-34;59;75;134;SEC_632
2001;603;03-11;22;20;42;SEC_603
2005;321;35-49;283;264;547;SEC_321
1995;617;16-17;24;27;51;SEC_617
2004;104;03-11;30;38;68;SEC_104
2008;217;25-34;85;97;182;SEC_217
2015;535;12-15;10;25;35;SEC_535
2003;231;50-64;88;63;151;SEC_231
2002;139;75 i +;21;10;31;SEC_139
2010;625;65-74;77;59;136;SEC_625
2007;307;00-02;13;12;25;SEC_307
2003;208;12-15;23;20;43;SEC_208
2008;501;65-74;46;42;88;SEC_501
2004;204;12-15;9;11;20;SEC_204
2004;221;50-64;90;88;178;SEC_221
1999;521;75 i +;39;22;61;SEC_521
2000;201;25-34;58;57;115;SEC_201
1996;437;12-15;15;20;35;SEC_437
2016;322;35-49;181;179;360;SEC_322
2005;135;65-74;73;58;131;SEC_135
2016;137;35-49;180;157;337;SEC_137
2009;243;18-24;72;66;138;SEC_243
2013;313;50-64;217;196;413;SEC_313
2003;501;25-34;104;130;234;SEC_501
2015;119;16-17;9;8;17;SEC_119
2015;107;18-24;30;57;87;SEC_107
2015;123;12-15;21;18;39;SEC_123
1998;628;35-49;116;85;201;SEC_628
1995;242;25-34;73;83;156;SEC_242
2009;205;35-49;108;106;214;SEC_205
2013;304;65-74;77;63;140;SEC_304
2007;209;12-15;11;10;21;SEC_209
2004;211;16-17;16;11;27;SEC_211
2003;237;65-74;89;66;155;SEC_237
2000;429;12-15;7;14;21;SEC_429
2011;530;50-64;94;96;190;SEC_530
2014;101;25-34;97;89;186;SEC_101
2001;407;75 i +;42;36;78;SEC_407
2002;404;50-64;120;104;224;SEC_404
2000;420;18-24;52;73;125;SEC_420
2000;529;18-24;54;50;104;SEC_529
2003;205;03-11;33;26;59;SEC_205
1998;609;25-34;78;99;177;SEC_609
1998;114;50-64;216;187;403;SEC_114
1997;630;35-49;131;110;241;SEC_630
2004;134;35-49;149;142;291;SEC_134
2008;245;12-15;13;18;31;SEC_245
2007;619;75 i +;61;45;106;SEC_619
1998;406;12-15;23;35;58;SEC_406
2012;323;25-34;208;203;411;SEC_323
2011;316;12-15;25;31;56;SEC_316
2009;506;75 i +;86;68;154;SEC_506
1996;323;25-34;198;187;385;SEC_323
1994;249;75 i +;48;24;72;SEC_249
2012;106;18-24;53;63;116;SEC_106
2009;236;00-02;13;18;31;SEC_236
2012;248;00-02;12;19;31;SEC_248
2007;216;03-11;62;37;99;SEC_216
2001;623;25-34;154;161;315;SEC_623
2001;441;65-74;94;80;174;SEC_441
2006;125;12-15;19;20;39;SEC_125
2001;614;12-15;9;29;38;SEC_614
2007;308;03-11;92;115;207;SEC_308
2011;208;35-49;173;160;333;SEC_208
2009;215;16-17;11;8;19;SEC_215
2016;501;65-74;112;118;230;SEC_501
2006;315;12-15;22;24;46;SEC_315
2006;513;25-34;82;71;153;SEC_513
1999;206;03-11;24;26;50;SEC_206
1999;519;50-64;56;49;105;SEC_519
2010;321;25-34;179;145;324;SEC_321
2008;317;50-64;60;72;132;SEC_317
2011;231;18-24;42;40;82;SEC_231
2010;618;35-49;78;74;152;SEC_618
2009;409;75 i +;29;23;52;SEC_409
2013;528;75 i +;63;48;111;SEC_528
2008;415;65-74;27;25;52;SEC_415
2013;131;50-64;148;142;290;SEC_131
2012;121;50-64;50;67;117;SEC_121
2013;430;35-49;133;172;305;SEC_430
2002;421;50-64;124;97;221;SEC_421
2000;117;35-49;248;241;489;SEC_117
1995;609;50-64;107;146;253;SEC_609
1994;523;35-49;102;104;206;SEC_523
2004;619;35-49;141;134;275;SEC_619
2003;229;03-11;32;32;64;SEC_229
2002;420;18-24;62;83;145;SEC_420
2001;226;25-34;103;95;198;SEC_226
2006;420;50-64;103;84;187;SEC_420
2010;403;00-02;22;17;39;SEC_403
1994;227;25-34;53;50;103;SEC_227
1995;124;18-24;67;51;118;SEC_124
2009;629;03-11;29;14;43;SEC_629
1995;401;35-49;122;115;237;SEC_401
1994;538;00-02;6;9;15;SEC_538
2004;406;18-24;71;53;124;SEC_406
2003;244;25-34;76;58;134;SEC_244
1995;243;03-11;49;42;91;SEC_243
2014;116;12-15;24;20;44;SEC_116
2002;439;16-17;5;11;16;SEC_439
2010;528;75 i +;61;42;103;SEC_528
2000;407;25-34;74;95;169;SEC_407
2011;442;50-64;44;47;91;SEC_442
1996;509;03-11;25;23;48;SEC_509
2008;310;65-74;42;29;71;SEC_310
2007;537;25-34;97;127;224;SEC_537
2016;220;00-02;31;28;59;SEC_220
2003;116;75 i +;62;41;103;SEC_116
2004;537;16-17;7;8;15;SEC_537
2009;421;25-34;91;116;207;SEC_421
1998;226;00-02;3;6;9;SEC_226
1997;610;65-74;62;48;110;SEC_610
2002;311;12-15;20;25;45;SEC_311
2010;526;00-02;7;10;17;SEC_526
2002;603;25-34;53;84;137;SEC_603
1994;517;25-34;99;112;211;SEC_517
1995;231;16-17;13;17;30;SEC_231
2007;521;75 i +;48;32;80;SEC_521
1996;520;25-34;63;60;123;SEC_520
2006;627;50-64;157;163;320;SEC_627
2001;533;00-02;8;11;19;SEC_533
1997;626;16-17;13;16;29;SEC_626
2012;120;50-64;198;194;392;SEC_120
2006;523;03-11;53;46;99;SEC_523
2000;616;12-15;73;89;162;SEC_616
2010;607;16-17;9;14;23;SEC_607
2010;224;50-64;47;57;104;SEC_224
1999;304;75 i +;77;39;116;SEC_304
2012;509;65-74;42;32;74;SEC_509
1998;109;16-17;14;17;31;SEC_109
1997;611;00-02;14;12;26;SEC_611
2004;122;75 i +;43;19;62;SEC_122
2005;612;16-17;5;9;14;SEC_612
2010;411;25-34;83;67;150;SEC_411
1999;422;25-34;76;79;155;SEC_422
2016;201;18-24;37;44;81;SEC_201
2002;438;65-74;46;50;96;SEC_438
1997;214;65-74;42;35;77;SEC_214
2012;515;00-02;8;15;23;SEC_515
2004;139;18-24;38;44;82;SEC_139
2011;134;25-34;104;110;214;SEC_134
2006;529;50-64;83;85;168;SEC_529
1997;217;50-64;44;43;87;SEC_217
2003;419;18-24;35;35;70;SEC_419
2004;602;75 i +;19;13;32;SEC_602
1999;605;03-11;10;19;29;SEC_605
1996;538;35-49;91;97;188;SEC_538
2001;501;35-49;130;90;220;SEC_501
2006;128;12-15;12;14;26;SEC_128
2009;132;35-49;215;267;482;SEC_132
1995;118;12-15;73;70;143;SEC_118
2008;302;18-24;52;45;97;SEC_302
1995;426;50-64;84;81;165;SEC_426
2003;610;25-34;113;124;237;SEC_610
2010;105;12-15;12;9;21;SEC_105
2011;133;25-34;57;69;126;SEC_133
2006;227;18-24;18;20;38;SEC_227
1998;430;25-34;76;71;147;SEC_430
1999;217;18-24;22;21;43;SEC_217
1996;506;16-17;38;35;73;SEC_506
2016;105;25-34;69;71;140;SEC_105
2008;632;50-64;85;75;160;SEC_632
1999;119;00-02;15;9;24;SEC_119
1996;313;25-34;148;156;304;SEC_313
2008;404;16-17;15;24;39;SEC_404
2013;619;16-17;5;14;19;SEC_619
2010;602;03-11;20;18;38;SEC_602
2012;627;18-24;22;34;56;SEC_627
1996;606;35-49;77;81;158;SEC_606
2001;520;50-64;87;85;172;SEC_520
2012;516;35-49;86;87;173;SEC_516
1994;624;25-34;55;95;150;SEC_624
2013;317;18-24;42;41;83;SEC_317
2003;614;16-17;6;12;18;SEC_614
2015;130;12-15;18;19;37;SEC_130
2014;223;00-02;13;21;34;SEC_223
2006;624;18-24;37;34;71;SEC_624
1996;212;50-64;132;129;261;SEC_212
1994;131;16-17;34;40;74;SEC_131
2008;128;00-02;12;19;31;SEC_128
2001;108;00-02;19;12;31;SEC_108
1996;321;12-15;77;67;144;SEC_321
1994;512;16-17;13;13;26;SEC_512
2006;415;25-34;96;107;203;SEC_415
1997;612;00-02;4;15;19;SEC_612
2007;242;16-17;9;11;20;SEC_242
2015;316;35-49;168;145;313;SEC_316
2009;314;03-11;81;93;174;SEC_314
2004;407;25-34;76;120;196;SEC_407
2015;126;25-34;57;48;105;SEC_126
2007;611;16-17;18;16;34;SEC_611
2012;103;50-64;61;58;119;SEC_103
2016;627;35-49;93;98;191;SEC_627
1996;610;25-34;108;129;237;SEC_610
1994;506;16-17;48;49;97;SEC_506
1995;437;75 i +;19;7;26;SEC_437
2009;104;18-24;17;21;38;SEC_104
2003;412;75 i +;72;46;118;SEC_412
2012;225;12-15;4;12;16;SEC_225
1997;440;35-49;93;80;173;SEC_440
2009;510;16-17;5;10;15;SEC_510
2010;616;35-49;345;359;704;SEC_616
2015;510;35-49;111;131;242;SEC_510
1996;429;18-24;39;49;88;SEC_429
2011;140;50-64;87;76;163;SEC_140
2006;501;00-02;8;16;24;SEC_501
1997;525;12-15;15;18;33;SEC_525
2001;523;16-17;9;11;20;SEC_523
2004;107;25-34;165;216;381;SEC_107
2013;130;18-24;24;37;61;SEC_130
1994;412;03-11;75;73;148;SEC_412
1995;406;35-49;150;157;307;SEC_406
1995;425;12-15;22;13;35;SEC_425
2000;505;25-34;139;161;300;SEC_505
2014;510;18-24;33;30;63;SEC_510
1998;614;03-11;25;46;71;SEC_614
2014;243;00-02;18;20;38;SEC_243
1995;518;00-02;14;9;23;SEC_518
2005;216;50-64;146;117;263;SEC_216
1995;247;75 i +;63;30;93;SEC_247
2007;510;16-17;7;6;13;SEC_510
1998;536;12-15;7;13;20;SEC_536
2007;228;65-74;46;38;84;SEC_228
2012;317;25-34;100;111;211;SEC_317
2004;205;18-24;54;45;99;SEC_205
1996;107;25-34;134;158;292;SEC_107
2015;122;65-74;56;35;91;SEC_122
1995;201;03-11;15;20;35;SEC_201
2003;401;00-02;19;8;27;SEC_401
2015;105;12-15;12;23;35;SEC_105
2007;206;00-02;9;12;21;SEC_206
2010;621;50-64;183;165;348;SEC_621
2007;625;18-24;63;81;144;SEC_625
2013;231;75 i +;84;48;132;SEC_231
2015;608;35-49;139;176;315;SEC_608
2007;629;75 i +;33;15;48;SEC_629
1996;410;35-49;166;160;326;SEC_410
2006;228;16-17;12;5;17;SEC_228
2011;519;65-74;29;18;47;SEC_519
2009;139;03-11;33;45;78;SEC_139
2014;411;35-49;81;94;175;SEC_411
2004;511;75 i +;48;34;82;SEC_511
1998;314;50-64;145;164;309;SEC_314
1994;223;65-74;60;48;108;SEC_223
2010;219;65-74;60;47;107;SEC_219
2002;621;16-17;5;20;25;SEC_621
1995;324;00-02;8;8;16;SEC_324
2003;629;65-74;40;40;80;SEC_629
1994;533;18-24;64;52;116;SEC_533
2014;301;12-15;44;48;92;SEC_301
1998;515;65-74;33;26;59;SEC_515
2004;608;18-24;33;36;69;SEC_608
2008;214;03-11;42;33;75;SEC_214
2002;304;16-17;6;7;13;SEC_304
2014;247;18-24;49;62;111;SEC_247
2000;238;03-11;16;18;34;SEC_238
2005;121;12-15;14;18;32;SEC_121
2000;521;16-17;11;10;21;SEC_521
2009;422;65-74;50;41;91;SEC_422
2010;208;03-11;50;56;106;SEC_208
2005;247;25-34;139;156;295;SEC_247
2000;311;25-34;126;144;270;SEC_311
1995;406;18-24;83;88;171;SEC_406
2001;243;03-11;46;54;100;SEC_243
1998;203;50-64;66;69;135;SEC_203
2012;419;16-17;11;15;26;SEC_419
2002;323;75 i +;46;24;70;SEC_323
1996;534;35-49;84;78;162;SEC_534
2009;518;03-11;56;43;99;SEC_518
2016;114;35-49;179;189;368;SEC_114
1994;129;16-17;21;22;43;SEC_129
2004;101;18-24;65;63;128;SEC_101
1998;223;25-34;93;93;186;SEC_223
1998;309;16-17;9;10;19;SEC_309
2009;410;03-11;59;84;143;SEC_410
2002;109;12-15;19;16;35;SEC_109
2002;136;50-64;103;111;214;SEC_136
2001;325;18-24;98;77;175;SEC_325
1995;206;12-15;21;14;35;SEC_206
2005;610;18-24;43;51;94;SEC_610
2008;431;25-34;179;196;375;SEC_431
1996;613;35-49;111;76;187;SEC_613
1994;244;12-15;11;8;19;SEC_244
2000;626;12-15;15;18;33;SEC_626
2012;609;50-64;72;41;113;SEC_609
1998;117;03-11;73;70;143;SEC_117
1996;213;65-74;55;50;105;SEC_213
2005;428;16-17;11;5;16;SEC_428
2003;138;00-02;4;7;11;SEC_138
2009;526;65-74;29;31;60;SEC_526
2000;127;00-02;15;10;25;SEC_127
2014;518;03-11;41;44;85;SEC_518
2016;535;25-34;50;46;96;SEC_535
2010;432;25-34;98;112;210;SEC_432
2012;432;35-49;116;140;256;SEC_432
1997;504;00-02;5;10;15;SEC_504
2003;603;16-17;4;3;7;SEC_603
2008;221;16-17;10;15;25;SEC_221
2000;420;12-15;13;20;33;SEC_420
1997;121;12-15;12;7;19;SEC_121
2002;414;12-15;7;15;22;SEC_414
2006;102;03-11;62;69;131;SEC_102
2004;510;18-24;45;49;94;SEC_510
2002;520;03-11;22;26;48;SEC_520
2011;115;25-34;103;103;206;SEC_115
2012;504;35-49;110;125;235;SEC_504
1999;224;16-17;4;10;14;SEC_224
2005;304;50-64;110;94;204;SEC_304
1994;622;35-49;124;118;242;SEC_622
2006;427;18-24;38;43;81;SEC_427
2003;132;03-11;72;86;158;SEC_132
1998;532;03-11;38;31;69;SEC_532
2006;139;03-11;30;47;77;SEC_139
2011;436;35-49;125;153;278;SEC_436
2012;429;75 i +;55;28;83;SEC_429
1999;312;16-17;9;16;25;SEC_312
2004;112;65-74;60;56;116;SEC_112
2008;620;35-49;60;57;117;SEC_620
2011;118;65-74;70;80;150;SEC_118
2004;112;16-17;14;15;29;SEC_112
2008;613;75 i +;62;36;98;SEC_613
2008;432;00-02;16;19;35;SEC_432
2013;521;18-24;24;19;43;SEC_521
2013;110;00-02;16;9;25;SEC_110
2001;241;35-49;73;68;141;SEC_241
2015;526;65-74;66;47;113;SEC_526
2004;409;18-24;26;34;60;SEC_409
1999;227;75 i +;45;24;69;SEC_227
1996;439;03-11;35;32;67;SEC_439
2000;413;50-64;45;47;92;SEC_413
2003;517;00-02;13;23;36;SEC_517
2012;138;03-11;23;28;51;SEC_138
1999;305;12-15;47;41;88;SEC_305
2007;107;35-49;183;198;381;SEC_107
2007;615;35-49;71;83;154;SEC_615
2012;222;12-15;10;13;23;SEC_222
2014;526;00-02;30;40;70;SEC_526
2012;624;50-64;103;60;163;SEC_624
1994;430;18-24;53;57;110;SEC_430
1999;501;50-64;140;172;312;SEC_501
2000;218;16-17;0;6;6;SEC_218
2000;601;65-74;56;68;124;SEC_601
1996;413;35-49;53;48;101;SEC_413
1994;222;12-15;22;25;47;SEC_222
2010;215;65-74;43;22;65;SEC_215
1996;108;16-17;15;15;30;SEC_108
2012;629;00-02;8;6;14;SEC_629
2014;133;03-11;29;30;59;SEC_133
1996;207;03-11;19;18;37;SEC_207
2008;213;16-17;6;11;17;SEC_213
1994;227;00-02;3;7;10;SEC_227
2007;418;16-17;10;13;23;SEC_418
2000;202;75 i +;31;24;55;SEC_202
2000;427;00-02;8;12;20;SEC_427
2008;316;12-15;37;44;81;SEC_316
2013;510;16-17;9;7;16;SEC_510
2001;531;18-24;36;45;81;SEC_531
2001;526;35-49;61;71;132;SEC_526
2011;220;18-24;35;36;71;SEC_220
2011;230;25-34;110;107;217;SEC_230
1999;119;35-49;155;135;290;SEC_119
2015;216;75 i +;80;62;142;SEC_216
2003;110;35-49;112;97;209;SEC_110
2016;303;12-15;16;17;33;SEC_303
2016;518;00-02;14;13;27;SEC_518
1997;316;03-11;129;136;265;SEC_316
1996;412;25-34;109;129;238;SEC_412
1996;625;00-02;7;12;19;SEC_625
2002;320;75 i +;31;11;42;SEC_320
2007;242;25-34;97;112;209;SEC_242
1996;528;25-34;98;111;209;SEC_528
2004;302;16-17;11;7;18;SEC_302
2003;242;75 i +;67;58;125;SEC_242
2015;518;18-24;33;48;81;SEC_518
1995;617;50-64;135;124;259;SEC_617
2015;223;03-11;54;58;112;SEC_223
1995;244;75 i +;38;22;60;SEC_244
2013;137;12-15;30;30;60;SEC_137
2003;210;18-24;40;30;70;SEC_210
1994;416;65-74;50;36;86;SEC_416
2013;427;75 i +;98;56;154;SEC_427
2000;510;25-34;107;106;213;SEC_510
2006;612;35-49;91;114;205;SEC_612
2015;246;25-34;89;86;175;SEC_246
2002;622;50-64;84;80;164;SEC_622
2010;137;18-24;54;50;104;SEC_137
2002;442;25-34;49;60;109;SEC_442
2014;211;65-74;44;38;82;SEC_211
2014;433;25-34;137;121;258;SEC_433
1997;119;50-64;142;157;299;SEC_119
2016;221;25-34;125;161;286;SEC_221
1999;521;12-15;23;19;42;SEC_521
1995;138;12-15;22;28;50;SEC_138
2013;301;00-02;38;47;85;SEC_301
2016;320;35-49;189;185;374;SEC_320
2001;431;03-11;37;40;77;SEC_431
1995;114;35-49;202;182;384;SEC_114
2001;103;18-24;48;33;81;SEC_103
1996;603;12-15;12;13;25;SEC_603
1995;249;50-64;119;107;226;SEC_249
2007;102;35-49;163;189;352;SEC_102
2003;107;16-17;16;19;35;SEC_107
2015;324;75 i +;43;30;73;SEC_324
2008;122;12-15;12;9;21;SEC_122
1995;630;50-64;81;87;168;SEC_630
2006;207;12-15;9;10;19;SEC_207
1994;409;16-17;9;11;20;SEC_409
2010;103;35-49;97;99;196;SEC_103
2016;313;25-34;106;113;219;SEC_313
2015;622;03-11;28;36;64;SEC_622
2004;210;25-34;72;78;150;SEC_210
1997;207;16-17;11;7;18;SEC_207
1997;623;16-17;28;39;67;SEC_623
2013;421;75 i +;91;71;162;SEC_421
1995;535;75 i +;29;18;47;SEC_535
1997;617;03-11;43;49;92;SEC_617
2016;537;50-64;120;106;226;SEC_537
2011;206;00-02;15;19;34;SEC_206
2001;317;75 i +;45;29;74;SEC_317
2002;248;75 i +;73;37;110;SEC_248
2009;129;65-74;63;69;132;SEC_129
1998;622;16-17;16;21;37;SEC_622
1994;516;35-49;43;53;96;SEC_516
2015;615;16-17;6;3;9;SEC_615
2015;226;00-02;23;27;50;SEC_226
2011;239;00-02;11;18;29;SEC_239
2008;308;65-74;93;90;183;SEC_308
2004;222;75 i +;41;18;59;SEC_222
2001;602;12-15;10;8;18;SEC_602
2005;233;65-74;54;48;102;SEC_233
2000;627;16-17;24;17;41;SEC_627
2002;410;50-64;193;171;364;SEC_410
2003;517;12-15;17;22;39;SEC_517
2015;238;00-02;15;16;31;SEC_238
2005;433;03-11;51;54;105;SEC_433
2014;409;50-64;154;144;298;SEC_409
1997;242;35-49;81;89;170;SEC_242
2006;402;12-15;13;8;21;SEC_402
1995;629;16-17;9;12;21;SEC_629
1999;122;03-11;33;18;51;SEC_122
2009;117;35-49;210;207;417;SEC_117
1998;627;25-34;73;85;158;SEC_627
2001;535;65-74;38;41;79;SEC_535
2009;312;12-15;24;26;50;SEC_312
2003;232;50-64;96;79;175;SEC_232
2004;313;03-11;61;62;123;SEC_313
2008;627;25-34;86;80;166;SEC_627
2005;137;00-02;30;21;51;SEC_137
1999;114;12-15;28;30;58;SEC_114
1999;309;03-11;26;37;63;SEC_309
1998;301;35-49;150;177;327;SEC_301
2001;312;16-17;13;12;25;SEC_312
2016;514;25-34;90;85;175;SEC_514
1994;626;75 i +;20;12;32;SEC_626
1996;315;00-02;19;11;30;SEC_315
2002;322;75 i +;45;29;74;SEC_322
2011;415;18-24;34;33;67;SEC_415
2002;102;00-02;21;15;36;SEC_102
2000;430;75 i +;58;29;87;SEC_430
2002;121;16-17;5;3;8;SEC_121
2002;531;16-17;5;9;14;SEC_531
2012;228;35-49;106;121;227;SEC_228
1997;618;65-74;27;23;50;SEC_618
1997;524;03-11;39;49;88;SEC_524
1997;111;75 i +;34;23;57;SEC_111
1999;207;12-15;7;8;15;SEC_207
1994;401;12-15;28;28;56;SEC_401
2011;605;03-11;26;26;52;SEC_605
1998;422;00-02;9;11;20;SEC_422
1999;320;03-11;15;21;36;SEC_320
2001;505;65-74;63;47;110;SEC_505
2006;524;75 i +;64;31;95;SEC_524
1998;125;65-74;53;40;93;SEC_125
1997;515;03-11;24;27;51;SEC_515
2013;105;12-15;10;21;31;SEC_105
2010;610;18-24;32;39;71;SEC_610
1997;524;00-02;16;14;30;SEC_524
2003;135;50-64;154;157;311;SEC_135
2010;223;50-64;92;98;190;SEC_223
2006;138;35-49;85;79;164;SEC_138
2012;311;35-49;175;211;386;SEC_311
2013;112;12-15;24;24;48;SEC_112
2002;501;03-11;38;37;75;SEC_501
1995;603;16-17;13;11;24;SEC_603
2005;207;00-02;10;8;18;SEC_207
2005;125;12-15;28;21;49;SEC_125
2000;607;75 i +;36;20;56;SEC_607
2009;532;00-02;22;24;46;SEC_532
1997;140;50-64;125;116;241;SEC_140
2011;307;75 i +;82;62;144;SEC_307
2016;201;12-15;23;32;55;SEC_201
2016;530;50-64;147;139;286;SEC_530
2003;531;65-74;49;50;99;SEC_531
2013;320;25-34;96;104;200;SEC_320
1999;205;35-49;94;93;187;SEC_205
2016;301;12-15;62;52;114;SEC_301
1998;203;03-11;13;20;33;SEC_203
2016;618;25-34;41;49;90;SEC_618
1996;524;50-64;139;123;262;SEC_524
2013;327;75 i +;28;14;42;SEC_327
1996;419;00-02;10;9;19;SEC_419
1999;317;16-17;8;9;17;SEC_317
2015;308;75 i +;101;84;185;SEC_308
2006;401;75 i +;86;43;129;SEC_401
2011;235;12-15;29;34;63;SEC_235
2015;508;16-17;11;15;26;SEC_508
2001;231;65-74;82;64;146;SEC_231
2007;626;12-15;8;12;20;SEC_626
2015;122;75 i +;66;53;119;SEC_122
2009;508;00-02;9;10;19;SEC_508
2001;109;18-24;58;56;114;SEC_109
2011;528;75 i +;67;45;112;SEC_528
2014;308;65-74;113;101;214;SEC_308
2008;106;50-64;261;238;499;SEC_106
2000;529;12-15;14;16;30;SEC_529
1995;510;50-64;125;121;246;SEC_510
2012;106;75 i +;74;31;105;SEC_106
2008;437;25-34;84;122;206;SEC_437
2011;414;16-17;9;9;18;SEC_414
2012;115;50-64;131;116;247;SEC_115
2010;232;65-74;57;51;108;SEC_232
2015;243;00-02;15;17;32;SEC_243
1998;401;75 i +;35;16;51;SEC_401
2010;412;03-11;68;44;112;SEC_412
1996;212;65-74;79;60;139;SEC_212
1997;602;35-49;35;34;69;SEC_602
2016;232;75 i +;73;48;121;SEC_232
1998;126;50-64;155;163;318;SEC_126
1997;139;25-34;86;69;155;SEC_139
2013;242;35-49;112;134;246;SEC_242
2002;626;50-64;116;104;220;SEC_626
1998;316;00-02;12;22;34;SEC_316
1996;417;25-34;53;47;100;SEC_417
2015;621;18-24;57;40;97;SEC_621
1995;422;35-49;83;109;192;SEC_422
2005;207;16-17;6;7;13;SEC_207
2003;230;00-02;15;13;28;SEC_230
2007;320;50-64;101;101;202;SEC_320
2013;506;50-64;207;154;361;SEC_506
2002;433;00-02;16;23;39;SEC_433
2004;319;18-24;72;79;151;SEC_319
2012;420;12-15;25;34;59;SEC_420
2012;615;35-49;87;106;193;SEC_615
2008;204;25-34;57;74;131;SEC_204
2014;440;03-11;34;40;74;SEC_440
2016;109;18-24;29;38;67;SEC_109
2006;201;12-15;9;11;20;SEC_201
2013;319;12-15;30;36;66;SEC_319
2016;311;50-64;121;114;235;SEC_311
1994;129;00-02;19;5;24;SEC_129
2006;503;50-64;120;108;228;SEC_503
2012;534;65-74;49;46;95;SEC_534
1999;402;00-02;4;5;9;SEC_402
1996;438;35-49;66;65;131;SEC_438
1994;210;12-15;21;9;30;SEC_210
2000;442;75 i +;30;20;50;SEC_442
1994;205;12-15;23;22;45;SEC_205
2008;531;35-49;105;129;234;SEC_531
1999;532;75 i +;69;39;108;SEC_532
2004;202;65-74;42;38;80;SEC_202
2013;303;12-15;20;19;39;SEC_303
2005;605;75 i +;33;24;57;SEC_605
1998;525;65-74;52;41;93;SEC_525
2003;113;50-64;141;161;302;SEC_113
2006;515;12-15;17;16;33;SEC_515
2010;617;65-74;65;40;105;SEC_617
2003;103;25-34;71;65;136;SEC_103
2015;121;50-64;62;79;141;SEC_121
1996;105;18-24;80;73;153;SEC_105
2012;122;35-49;120;112;232;SEC_122
2013;126;16-17;11;9;20;SEC_126
2002;215;25-34;79;83;162;SEC_215
1996;409;50-64;84;83;167;SEC_409
1996;421;18-24;71;71;142;SEC_421
2014;239;25-34;84;79;163;SEC_239
2014;524;03-11;58;59;117;SEC_524
1995;427;25-34;74;76;150;SEC_427
2013;405;16-17;19;19;38;SEC_405
2004;202;35-49;79;81;160;SEC_202
2002;123;25-34;120;107;227;SEC_123
2015;414;18-24;59;81;140;SEC_414
2016;607;12-15;18;8;26;SEC_607
2013;411;25-34;70;57;127;SEC_411
2014;437;75 i +;103;72;175;SEC_437
2005;302;35-49;134;150;284;SEC_302
1999;502;00-02;13;13;26;SEC_502
2009;215;75 i +;65;30;95;SEC_215
2000;441;35-49;249;245;494;SEC_441
2013;232;18-24;39;34;73;SEC_232
2001;111;35-49;105;87;192;SEC_111
1996;117;03-11;91;88;179;SEC_117
2011;230;00-02;14;18;32;SEC_230
2011;615;65-74;86;89;175;SEC_615
2002;622;16-17;6;15;21;SEC_622
1994;319;35-49;113;107;220;SEC_319
2003;121;25-34;82;68;150;SEC_121
1995;232;25-34;73;84;157;SEC_232
2003;225;00-02;2;4;6;SEC_225
2008;631;50-64;143;102;245;SEC_631
2000;243;00-02;20;21;41;SEC_243
1998;313;12-15;55;40;95;SEC_313
2003;510;50-64;112;92;204;SEC_510
1999;104;35-49;72;62;134;SEC_104
2014;322;75 i +;73;44;117;SEC_322
2006;318;35-49;119;99;218;SEC_318
2014;231;25-34;127;110;237;SEC_231
2002;427;12-15;9;17;26;SEC_427
2003;613;25-34;131;156;287;SEC_613
2003;625;65-74;47;51;98;SEC_625
2002;508;18-24;38;28;66;SEC_508
2011;242;35-49;122;143;265;SEC_242
2001;132;75 i +;62;31;93;SEC_132
2004;316;16-17;40;33;73;SEC_316
2000;511;25-34;56;66;122;SEC_511
2014;630;25-34;43;47;90;SEC_630
1999;435;16-17;4;12;16;SEC_435
2003;227;18-24;27;23;50;SEC_227
2002;523;65-74;91;94;185;SEC_523
2010;632;65-74;64;48;112;SEC_632
2011;614;03-11;46;36;82;SEC_614
2003;515;50-64;49;44;93;SEC_515
1996;115;65-74;76;49;125;SEC_115
2004;124;12-15;14;23;37;SEC_124
2004;140;75 i +;51;34;85;SEC_140
1994;415;18-24;36;40;76;SEC_415
2015;217;50-64;125;124;249;SEC_217
2013;511;03-11;88;93;181;SEC_511
2014;304;12-15;68;41;109;SEC_304
2005;402;16-17;6;6;12;SEC_402
1994;604;00-02;5;11;16;SEC_604
2002;403;18-24;64;60;124;SEC_403
2014;320;18-24;44;43;87;SEC_320
2010;138;03-11;27;27;54;SEC_138
1999;607;03-11;32;29;61;SEC_607
2013;136;35-49;168;168;336;SEC_136
2009;436;03-11;45;53;98;SEC_436
2012;138;50-64;97;93;190;SEC_138
2013;404;18-24;48;61;109;SEC_404
2003;417;75 i +;34;19;53;SEC_417
2000;109;50-64;89;95;184;SEC_109
2010;532;16-17;16;9;25;SEC_532
2016;606;50-64;87;93;180;SEC_606
2013;228;35-49;298;345;643;SEC_228
2008;513;35-49;95;93;188;SEC_513
1997;403;03-11;35;35;70;SEC_403
2005;517;25-34;118;146;264;SEC_517
1994;117;25-34;120;126;246;SEC_117
2014;137;25-34;107;84;191;SEC_137
2010;322;50-64;103;100;203;SEC_322
2007;313;35-49;221;212;433;SEC_313
2014;207;35-49;256;227;483;SEC_207
2016;126;03-11;39;37;76;SEC_126
2011;109;12-15;22;19;41;SEC_109
2016;247;75 i +;78;42;120;SEC_247
1999;125;65-74;51;47;98;SEC_125
1994;409;18-24;50;59;109;SEC_409
2000;102;25-34;143;166;309;SEC_102
2014;501;18-24;31;35;66;SEC_501
2010;325;35-49;202;171;373;SEC_325
2016;405;65-74;79;59;138;SEC_405
2009;313;25-34;176;165;341;SEC_313
2005;128;16-17;5;8;13;SEC_128
2012;243;16-17;10;15;25;SEC_243
1999;220;16-17;10;10;20;SEC_220
2011;618;35-49;77;76;153;SEC_618
2012;615;18-24;18;25;43;SEC_615
1997;216;03-11;26;38;64;SEC_216
2002;309;25-34;70;85;155;SEC_309
2006;624;35-49;85;122;207;SEC_624
2007;438;65-74;63;54;117;SEC_438
1995;612;16-17;18;29;47;SEC_612
2002;240;25-34;66;72;138;SEC_240
2014;309;35-49;151;161;312;SEC_309
1999;419;12-15;12;9;21;SEC_419
1999;440;00-02;6;7;13;SEC_440
2000;324;00-02;16;12;28;SEC_324
2001;429;25-34;34;40;74;SEC_429
2010;318;35-49;102;88;190;SEC_318
2013;319;75 i +;44;29;73;SEC_319
2016;502;12-15;29;31;60;SEC_502
2008;321;00-02;20;23;43;SEC_321
2008;436;18-24;42;44;86;SEC_436
2014;625;03-11;29;44;73;SEC_625
1994;233;18-24;45;45;90;SEC_233
2009;406;35-49;141;151;292;SEC_406
2016;104;03-11;39;30;69;SEC_104
2000;441;00-02;13;16;29;SEC_441
2005;304;18-24;42;61;103;SEC_304
2010;618;03-11;37;37;74;SEC_618
1994;242;00-02;10;4;14;SEC_242
2002;120;35-49;232;225;457;SEC_120
2006;618;03-11;30;35;65;SEC_618
1995;214;18-24;34;41;75;SEC_214
2008;127;03-11;25;28;53;SEC_127
2007;512;03-11;23;36;59;SEC_512
1996;608;18-24;75;109;184;SEC_608
2012;535;25-34;56;54;110;SEC_535
2000;111;18-24;37;56;93;SEC_111
2013;302;35-49;130;167;297;SEC_302
2010;310;18-24;28;38;66;SEC_310
2013;130;16-17;7;16;23;SEC_130
2004;618;03-11;20;29;49;SEC_618
2007;321;16-17;22;28;50;SEC_321
2009;120;18-24;77;83;160;SEC_120
2012;134;75 i +;80;34;114;SEC_134
2016;440;75 i +;80;67;147;SEC_440
2002;124;16-17;11;11;22;SEC_124
2014;622;35-49;99;99;198;SEC_622
2014;111;65-74;71;55;126;SEC_111
1999;419;00-02;18;15;33;SEC_419
1996;105;25-34;74;76;150;SEC_105
2016;107;12-15;26;37;63;SEC_107
2012;436;50-64;53;58;111;SEC_436
2000;121;50-64;54;41;95;SEC_121
1997;608;75 i +;27;11;38;SEC_608
2003;307;75 i +;80;44;124;SEC_307
2016;229;00-02;25;34;59;SEC_229
2010;309;18-24;36;33;69;SEC_309
2005;228;65-74;41;45;86;SEC_228
1994;121;12-15;11;10;21;SEC_121
2009;225;16-17;1;1;2;SEC_225
2006;134;18-24;54;66;120;SEC_134
1995;321;35-49;316;299;615;SEC_321
2016;535;18-24;38;27;65;SEC_535
2004;403;75 i +;62;37;99;SEC_403
2000;532;25-34;131;126;257;SEC_532
1996;108;18-24;74;66;140;SEC_108
1995;212;18-24;82;89;171;SEC_212
2000;302;00-02;12;20;32;SEC_302
1999;406;25-34;92;104;196;SEC_406
1996;317;50-64;68;72;140;SEC_317
2006;418;65-74;74;63;137;SEC_418
2012;616;16-17;38;30;68;SEC_616
2008;602;65-74;55;68;123;SEC_602
2002;227;25-34;70;69;139;SEC_227
2007;110;35-49;106;107;213;SEC_110
2013;205;12-15;17;15;32;SEC_205
2006;115;12-15;13;32;45;SEC_115
2012;210;12-15;13;13;26;SEC_210
2009;607;16-17;10;15;25;SEC_607
2009;208;12-15;20;26;46;SEC_208
2007;613;00-02;17;25;42;SEC_613
2004;220;12-15;12;18;30;SEC_220
2000;205;50-64;82;74;156;SEC_205
2003;618;03-11;19;26;45;SEC_618
2016;133;03-11;36;39;75;SEC_133
1995;210;75 i +;46;30;76;SEC_210
2007;244;75 i +;58;33;91;SEC_244
1995;109;03-11;52;50;102;SEC_109
1994;627;25-34;66;76;142;SEC_627
2003;320;25-34;116;125;241;SEC_320
2015;619;75 i +;109;92;201;SEC_619
2010;620;00-02;5;3;8;SEC_620
2006;133;75 i +;54;36;90;SEC_133
2009;620;65-74;55;52;107;SEC_620
2015;106;12-15;36;24;60;SEC_106
2013;526;50-64;125;123;248;SEC_526
2010;245;50-64;82;77;159;SEC_245
2003;305;18-24;80;75;155;SEC_305
2000;406;65-74;82;80;162;SEC_406
2014;426;00-02;14;16;30;SEC_426
2012;301;16-17;19;16;35;SEC_301
2001;211;00-02;10;29;39;SEC_211
1999;321;12-15;45;55;100;SEC_321
2007;137;18-24;66;52;118;SEC_137
2015;503;18-24;24;25;49;SEC_503
2011;129;16-17;12;9;21;SEC_129
2007;244;65-74;28;20;48;SEC_244
2006;425;50-64;70;70;140;SEC_425
2001;615;75 i +;18;12;30;SEC_615
1996;407;75 i +;24;22;46;SEC_407
1994;201;16-17;4;17;21;SEC_201
2004;609;65-74;44;40;84;SEC_609
1999;303;25-34;182;206;388;SEC_303
2002;613;75 i +;43;20;63;SEC_613
2014;246;75 i +;69;46;115;SEC_246
2015;630;12-15;15;11;26;SEC_630
2009;626;75 i +;49;43;92;SEC_626
2012;243;03-11;67;78;145;SEC_243
2012;210;25-34;47;52;99;SEC_210
2005;617;65-74;66;55;121;SEC_617
2011;309;18-24;34;31;65;SEC_309
1997;114;25-34;149;156;305;SEC_114
2004;122;25-34;85;97;182;SEC_122
2006;623;35-49;121;128;249;SEC_623
2012;230;50-64;58;48;106;SEC_230
1996;631;65-74;35;35;70;SEC_631
2016;403;03-11;53;51;104;SEC_403
1998;309;18-24;46;51;97;SEC_309
2000;306;35-49;170;161;331;SEC_306
2014;217;75 i +;69;47;116;SEC_217
2005;202;00-02;9;6;15;SEC_202
2013;249;75 i +;78;40;118;SEC_249
1995;501;00-02;8;7;15;SEC_501
1997;104;50-64;82;75;157;SEC_104
2006;230;16-17;8;9;17;SEC_230
1996;313;35-49;242;226;468;SEC_313
2012;413;18-24;31;23;54;SEC_413
2009;622;03-11;26;38;64;SEC_622
2008;129;35-49;130;145;275;SEC_129
2001;106;16-17;25;28;53;SEC_106
2001;127;50-64;53;50;103;SEC_127
2005;527;12-15;22;13;35;SEC_527
2003;401;50-64;96;92;188;SEC_401
2004;432;18-24;64;67;131;SEC_432
1996;238;12-15;13;12;25;SEC_238
1994;324;50-64;66;71;137;SEC_324
2000;520;50-64;88;92;180;SEC_520
2006;632;16-17;8;7;15;SEC_632
1995;627;35-49;197;167;364;SEC_627
2005;432;00-02;12;6;18;SEC_432
2016;414;03-11;89;86;175;SEC_414
2005;304;16-17;12;12;24;SEC_304
2002;103;35-49;87;72;159;SEC_103
2011;137;50-64;152;128;280;SEC_137
2010;315;12-15;24;29;53;SEC_315
2004;403;50-64;134;102;236;SEC_403
2007;526;50-64;61;51;112;SEC_526
2015;228;65-74;104;61;165;SEC_228
2004;240;18-24;33;35;68;SEC_240
2001;416;12-15;9;16;25;SEC_416
1995;437;50-64;98;91;189;SEC_437
2012;249;03-11;43;41;84;SEC_249
2012;623;75 i +;63;46;109;SEC_623
2012;127;75 i +;50;35;85;SEC_127
2011;201;35-49;136;147;283;SEC_201
1999;202;25-34;65;75;140;SEC_202
2006;616;18-24;125;126;251;SEC_616
2001;206;35-49;84;78;162;SEC_206
2012;205;18-24;37;44;81;SEC_205
2004;135;65-74;64;56;120;SEC_135
2014;506;35-49;163;176;339;SEC_506
2005;115;00-02;13;14;27;SEC_115
2007;504;25-34;98;108;206;SEC_504
1998;109;12-15;23;25;48;SEC_109
1995;238;75 i +;48;23;71;SEC_238
2002;612;25-34;114;136;250;SEC_612
2006;103;03-11;26;27;53;SEC_103
2016;617;75 i +;72;42;114;SEC_617
1996;421;35-49;89;76;165;SEC_421
2010;219;03-11;59;46;105;SEC_219
2005;110;25-34;115;127;242;SEC_110
2012;231;25-34;123;124;247;SEC_231
2009;126;50-64;108;83;191;SEC_126
2000;133;50-64;87;80;167;SEC_133
2016;426;75 i +;47;24;71;SEC_426
2014;224;12-15;17;19;36;SEC_224
2014;612;50-64;58;61;119;SEC_612
2005;538;50-64;113;76;189;SEC_538
2000;437;65-74;51;50;101;SEC_437
2007;303;65-74;132;125;257;SEC_303
2005;114;00-02;18;24;42;SEC_114
2008;434;65-74;31;13;44;SEC_434
1997;111;25-34;67;85;152;SEC_111
2001;230;75 i +;50;25;75;SEC_230
2004;136;35-49;119;125;244;SEC_136
2005;411;16-17;9;3;12;SEC_411
2005;237;16-17;12;12;24;SEC_237
1996;526;35-49;63;61;124;SEC_526
1996;201;00-02;6;10;16;SEC_201
1995;117;00-02;22;23;45;SEC_117
1999;519;12-15;9;8;17;SEC_519
1998;118;03-11;78;64;142;SEC_118
2010;308;50-64;208;200;408;SEC_308
2004;436;16-17;11;12;23;SEC_436
2000;422;16-17;14;7;21;SEC_422
1996;420;18-24;74;73;147;SEC_420
2008;243;03-11;49;66;115;SEC_243
2011;304;35-49;300;306;606;SEC_304
1997;223;16-17;9;10;19;SEC_223
1997;126;35-49;97;76;173;SEC_126
2001;119;65-74;68;56;124;SEC_119
1995;305;25-34;87;98;185;SEC_305
1998;134;00-02;12;13;25;SEC_134
2008;222;03-11;46;32;78;SEC_222
2000;607;18-24;44;47;91;SEC_607
2002;228;50-64;61;51;112;SEC_228
2015;137;00-02;24;14;38;SEC_137
2005;223;00-02;11;19;30;SEC_223
2009;401;03-11;52;62;114;SEC_401
2009;433;35-49;140;186;326;SEC_433
2012;323;18-24;107;93;200;SEC_323
2004;611;16-17;16;14;30;SEC_611
2010;140;75 i +;57;41;98;SEC_140
2004;622;12-15;15;17;32;SEC_622
2011;425;12-15;9;15;24;SEC_425
2003;428;35-49;67;70;137;SEC_428
1996;215;16-17;9;14;23;SEC_215
2009;207;16-17;2;5;7;SEC_207
2009;116;18-24;46;53;99;SEC_116
2008;506;25-34;137;139;276;SEC_506
2013;510;65-74;57;49;106;SEC_510
1995;103;50-64;77;73;150;SEC_103
2002;233;75 i +;69;21;90;SEC_233
2011;237;12-15;28;25;53;SEC_237
1999;324;18-24;29;45;74;SEC_324
2015;526;16-17;21;20;41;SEC_526
2016;303;35-49;188;214;402;SEC_303
2003;246;00-02;18;18;36;SEC_246
2015;435;12-15;21;15;36;SEC_435
2010;203;25-34;99;120;219;SEC_203
2010;130;75 i +;90;65;155;SEC_130
2004;308;65-74;83;85;168;SEC_308
2009;123;16-17;11;18;29;SEC_123
2005;313;18-24;98;85;183;SEC_313
2008;209;25-34;83;88;171;SEC_209
2010;502;03-11;47;81;128;SEC_502
2003;534;16-17;7;9;16;SEC_534
2005;324;65-74;40;29;69;SEC_324
2016;526;00-02;34;27;61;SEC_526
1994;621;25-34;109;105;214;SEC_621
2007;416;50-64;51;51;102;SEC_416
2015;508;03-11;63;77;140;SEC_508
1999;603;18-24;32;54;86;SEC_603
2016;209;25-34;80;80;160;SEC_209
2002;208;00-02;15;15;30;SEC_208
1998;442;00-02;8;4;12;SEC_442
2004;402;00-02;8;9;17;SEC_402
2004;136;18-24;64;53;117;SEC_136
2008;117;00-02;22;21;43;SEC_117
2009;317;03-11;61;51;112;SEC_317
2011;632;65-74;60;41;101;SEC_632
2003;113;00-02;8;23;31;SEC_113
1999;101;35-49;147;162;309;SEC_101
2016;249;50-64;97;85;182;SEC_249
2009;103;03-11;31;38;69;SEC_103
2014;130;00-02;21;18;39;SEC_130
1998;231;12-15;12;10;22;SEC_231
2010;124;12-15;11;13;24;SEC_124
2006;416;25-34;61;71;132;SEC_416
1997;528;25-34;108;116;224;SEC_528
2007;116;35-49;154;157;311;SEC_116
2010;111;00-02;16;6;22;SEC_111
2012;220;12-15;15;18;33;SEC_220
2003;534;00-02;8;14;22;SEC_534
2014;109;75 i +;69;37;106;SEC_109
2013;118;18-24;69;60;129;SEC_118
2015;426;35-49;125;168;293;SEC_426
2010;307;65-74;92;86;178;SEC_307
2012;432;50-64;159;138;297;SEC_432
2015;631;18-24;32;26;58;SEC_631
1997;518;25-34;92;113;205;SEC_518
2003;104;25-34;79;89;168;SEC_104
2000;609;16-17;7;9;16;SEC_609
2004;521;35-49;77;79;156;SEC_521
2007;605;16-17;2;3;5;SEC_605
2010;419;12-15;16;16;32;SEC_419
2008;502;35-49;160;183;343;SEC_502
2000;223;12-15;14;13;27;SEC_223
2000;535;00-02;6;8;14;SEC_535
2014;237;03-11;60;69;129;SEC_237
2009;324;12-15;27;26;53;SEC_324
2016;129;00-02;17;20;37;SEC_129
2012;522;12-15;10;16;26;SEC_522
2002;325;25-34;139;167;306;SEC_325
2009;425;65-74;52;39;91;SEC_425
2009;405;50-64;57;54;111;SEC_405
2007;411;00-02;12;8;20;SEC_411
2007;433;35-49;135;172;307;SEC_433
2004;249;18-24;46;45;91;SEC_249
1995;206;75 i +;53;29;82;SEC_206
1995;509;03-11;28;25;53;SEC_509
1996;626;18-24;89;118;207;SEC_626
1995;437;65-74;39;42;81;SEC_437
2010;512;65-74;66;52;118;SEC_512
2015;314;25-34;162;168;330;SEC_314
2008;503;25-34;80;85;165;SEC_503
2001;616;00-02;37;59;96;SEC_616
1995;514;35-49;61;70;131;SEC_514
2001;307;65-74;75;55;130;SEC_307
2007;239;03-11;44;43;87;SEC_239
2008;512;12-15;20;12;32;SEC_512
2004;140;03-11;33;37;70;SEC_140
1994;225;18-24;36;25;61;SEC_225
1995;525;50-64;97;85;182;SEC_525
2013;214;25-34;207;192;399;SEC_214
2005;213;12-15;15;13;28;SEC_213
1997;321;50-64;174;214;388;SEC_321
2013;112;18-24;61;64;125;SEC_112
2010;414;16-17;11;6;17;SEC_414
2002;414;25-34;73;88;161;SEC_414
2004;428;03-11;20;20;40;SEC_428
2007;609;25-34;73;73;146;SEC_609
2007;626;03-11;42;45;87;SEC_626
1994;526;65-74;42;32;74;SEC_526
2004;210;12-15;9;8;17;SEC_210
1999;420;35-49;97;109;206;SEC_420
2006;414;65-74;49;50;99;SEC_414
2006;439;65-74;57;63;120;SEC_439
2002;431;16-17;13;12;25;SEC_431
2006;313;12-15;34;30;64;SEC_313
2006;322;12-15;20;18;38;SEC_322
2005;125;50-64;185;161;346;SEC_125
2013;109;25-34;85;79;164;SEC_109
2006;108;25-34;111;108;219;SEC_108
1999;137;65-74;43;40;83;SEC_137
2015;120;00-02;15;11;26;SEC_120
2012;529;12-15;23;30;53;SEC_529
2016;124;35-49;92;92;184;SEC_124
2005;513;65-74;61;46;107;SEC_513
2010;201;75 i +;63;36;99;SEC_201
1995;324;75 i +;48;16;64;SEC_324
2006;442;75 i +;35;22;57;SEC_442
2009;430;35-49;123;160;283;SEC_430
2011;109;16-17;7;6;13;SEC_109
2008;606;18-24;40;53;93;SEC_606
2012;114;65-74;117;91;208;SEC_114
2006;139;50-64;84;84;168;SEC_139
2012;233;16-17;4;7;11;SEC_233
1996;427;00-02;8;9;17;SEC_427
1996;129;00-02;13;7;20;SEC_129
2014;419;03-11;75;115;190;SEC_419
2012;524;35-49;161;184;345;SEC_524
2006;137;50-64;172;151;323;SEC_137
2012;232;75 i +;76;50;126;SEC_232
2016;631;12-15;8;14;22;SEC_631
2015;431;50-64;115;105;220;SEC_431
2011;239;16-17;14;8;22;SEC_239
2007;117;03-11;79;78;157;SEC_117
2002;419;12-15;18;11;29;SEC_419
2008;224;65-74;25;15;40;SEC_224
1994;536;12-15;20;20;40;SEC_536
2004;609;16-17;5;10;15;SEC_609
2006;321;18-24;87;96;183;SEC_321
1998;105;00-02;7;19;26;SEC_105
2010;530;35-49;190;183;373;SEC_530
1995;410;50-64;225;196;421;SEC_410
1994;424;12-15;10;22;32;SEC_424
2012;430;50-64;69;70;139;SEC_430
2006;511;75 i +;54;34;88;SEC_511
2001;112;50-64;147;151;298;SEC_112
2014;532;25-34;111;108;219;SEC_532
2000;602;65-74;26;30;56;SEC_602
2002;105;25-34;99;93;192;SEC_105
1997;246;16-17;13;4;17;SEC_246
1995;510;75 i +;28;20;48;SEC_510
2002;108;25-34;92;91;183;SEC_108
1994;628;00-02;15;11;26;SEC_628
1994;429;65-74;45;39;84;SEC_429
2007;409;03-11;25;23;48;SEC_409
2002;128;75 i +;37;26;63;SEC_128
2000;507;12-15;17;18;35;SEC_507
2006;504;16-17;5;9;14;SEC_504
2009;231;50-64;78;59;137;SEC_231
2013;508;16-17;16;19;35;SEC_508
2001;516;65-74;53;39;92;SEC_516
2004;225;35-49;50;64;114;SEC_225
1996;137;00-02;14;15;29;SEC_137
1999;425;25-34;91;80;171;SEC_425
1994;405;65-74;56;44;100;SEC_405
2015;323;65-74;102;112;214;SEC_323
2000;215;35-49;80;70;150;SEC_215
2011;216;18-24;41;47;88;SEC_216
2006;126;65-74;61;78;139;SEC_126
2005;115;50-64;120;132;252;SEC_115
2011;524;50-64;95;88;183;SEC_524
2008;407;25-34;93;101;194;SEC_407
2007;319;35-49;213;226;439;SEC_319
1999;515;12-15;15;12;27;SEC_515
2001;527;25-34;85;91;176;SEC_527
2013;123;35-49;157;153;310;SEC_123
1998;519;50-64;63;49;112;SEC_519
2015;505;35-49;146;132;278;SEC_505
1997;237;25-34;111;128;239;SEC_237
2006;325;65-74;103;81;184;SEC_325
2003;522;16-17;6;8;14;SEC_522
2007;120;12-15;42;33;75;SEC_120
2016;322;00-02;16;17;33;SEC_322
2008;436;25-34;116;135;251;SEC_436
2011;503;18-24;28;29;57;SEC_503
2010;311;18-24;51;54;105;SEC_311
1997;532;65-74;81;76;157;SEC_532
1996;209;00-02;7;11;18;SEC_209
2016;325;18-24;65;54;119;SEC_325
2010;620;25-34;37;37;74;SEC_620
2005;127;18-24;40;35;75;SEC_127
1999;114;25-34;146;157;303;SEC_114
1998;206;75 i +;64;34;98;SEC_206
2010;519;25-34;68;71;139;SEC_519
2012;408;12-15;14;19;33;SEC_408
2015;231;03-11;61;75;136;SEC_231
1996;314;12-15;75;76;151;SEC_314
1999;101;18-24;65;61;126;SEC_101
1995;611;12-15;27;31;58;SEC_611
2013;125;65-74;83;80;163;SEC_125
1994;245;25-34;69;68;137;SEC_245
2005;411;50-64;106;86;192;SEC_411
1996;302;75 i +;42;21;63;SEC_302
2002;309;50-64;62;68;130;SEC_309
2016;404;03-11;70;68;138;SEC_404
2013;432;03-11;54;44;98;SEC_432
1994;606;12-15;35;24;59;SEC_606
2006;527;16-17;13;5;18;SEC_527
2016;410;25-34;103;108;211;SEC_410
2016;608;25-34;59;65;124;SEC_608
2007;226;03-11;40;39;79;SEC_226
2015;526;25-34;150;158;308;SEC_526
2015;418;00-02;14;19;33;SEC_418
1998;415;25-34;67;66;133;SEC_415
2006;201;00-02;11;8;19;SEC_201
2002;202;18-24;33;39;72;SEC_202
1994;325;18-24;127;144;271;SEC_325
2005;508;75 i +;39;24;63;SEC_508
2006;122;35-49;80;98;178;SEC_122
2014;320;50-64;4;4;8;SEC_320
1999;622;50-64;66;78;144;SEC_622
1996;508;16-17;7;7;14;SEC_508
1998;528;12-15;13;14;27;SEC_528
1998;435;50-64;84;68;152;SEC_435
2003;313;75 i +;71;35;106;SEC_313
1999;201;03-11;22;19;41;SEC_201
2000;402;75 i +;45;29;74;SEC_402
2007;606;25-34;111;117;228;SEC_606
2015;115;03-11;52;54;106;SEC_115
2006;514;65-74;54;40;94;SEC_514
2016;606;35-49;131;127;258;SEC_606
2003;414;16-17;6;9;15;SEC_414
2007;249;75 i +;74;50;124;SEC_249
2016;517;50-64;197;152;349;SEC_517
1995;437;35-49;73;67;140;SEC_437
2002;245;12-15;16;20;36;SEC_245
2013;609;12-15;16;14;30;SEC_609
2007;407;16-17;8;10;18;SEC_407
2008;204;03-11;22;12;34;SEC_204
2000;101;18-24;59;64;123;SEC_101
2003;220;35-49;105;106;211;SEC_220
1994;405;35-49;58;55;113;SEC_405
1999;214;25-34;56;70;126;SEC_214
1997;518;12-15;13;25;38;SEC_518
2000;411;16-17;14;6;20;SEC_411
2002;319;12-15;13;14;27;SEC_319
2007;402;03-11;35;36;71;SEC_402
1995;415;35-49;65;63;128;SEC_415
2000;307;35-49;201;157;358;SEC_307
1998;205;12-15;21;16;37;SEC_205
2011;215;03-11;35;46;81;SEC_215
2008;508;35-49;62;88;150;SEC_508
1995;418;03-11;38;41;79;SEC_418
1999;619;25-34;111;134;245;SEC_619
1997;610;25-34;113;137;250;SEC_610
2008;128;18-24;30;49;79;SEC_128
1998;106;00-02;17;23;40;SEC_106
1997;617;12-15;32;25;57;SEC_617
1997;318;12-15;22;21;43;SEC_318
2012;406;75 i +;74;61;135;SEC_406
1994;307;50-64;134;132;266;SEC_307
2016;108;16-17;15;15;30;SEC_108
1998;404;18-24;64;58;122;SEC_404
1999;210;12-15;7;11;18;SEC_210
2011;311;65-74;61;59;120;SEC_311
2012;121;65-74;31;17;48;SEC_121
2005;248;00-02;18;14;32;SEC_248
1996;304;25-34;88;101;189;SEC_304
1994;620;75 i +;13;3;16;SEC_620
2004;202;75 i +;36;26;62;SEC_202
2015;126;35-49;110;115;225;SEC_126
1995;227;75 i +;40;21;61;SEC_227
2015;207;25-34;162;119;281;SEC_207
2004;219;16-17;10;12;22;SEC_219
2003;409;75 i +;22;20;42;SEC_409
2013;232;12-15;17;19;36;SEC_232
1994;120;00-02;18;18;36;SEC_120
2015;533;12-15;39;21;60;SEC_533
2012;438;18-24;27;32;59;SEC_438
2008;120;18-24;81;79;160;SEC_120
2000;526;75 i +;37;19;56;SEC_526
1995;113;12-15;48;49;97;SEC_113
2012;213;25-34;81;94;175;SEC_213
2003;520;75 i +;48;33;81;SEC_520
1995;514;65-74;37;34;71;SEC_514
2005;621;18-24;56;78;134;SEC_621
1999;630;65-74;30;27;57;SEC_630
2008;307;00-02;17;15;32;SEC_307
2013;314;75 i +;91;53;144;SEC_314
2000;512;50-64;104;100;204;SEC_512
2004;213;65-74;49;42;91;SEC_213
2005;124;25-34;73;60;133;SEC_124
1997;625;18-24;110;120;230;SEC_625
2011;103;16-17;2;3;5;SEC_103
1996;315;50-64;104;116;220;SEC_315
2006;136;65-74;60;43;103;SEC_136
2016;518;50-64;89;84;173;SEC_518
2011;233;25-34;106;103;209;SEC_233
2011;106;16-17;10;10;20;SEC_106
2009;102;18-24;47;49;96;SEC_102
1999;524;12-15;18;22;40;SEC_524
2003;106;25-34;167;187;354;SEC_106
2005;227;35-49;75;71;146;SEC_227
2002;113;03-11;48;61;109;SEC_113
2002;617;50-64;110;86;196;SEC_617
2012;627;75 i +;47;33;80;SEC_627
2010;324;16-17;7;9;16;SEC_324
2009;621;65-74;71;78;149;SEC_621
2014;532;35-49;179;195;374;SEC_532
2014;511;03-11;93;103;196;SEC_511
2010;621;65-74;75;89;164;SEC_621
1995;604;03-11;31;34;65;SEC_604
2008;127;50-64;66;70;136;SEC_127
2011;123;00-02;22;14;36;SEC_123
2011;232;65-74;53;51;104;SEC_232
1999;630;50-64;101;113;214;SEC_630
2012;532;75 i +;90;58;148;SEC_532
2016;325;65-74;128;106;234;SEC_325
2006;534;18-24;35;36;71;SEC_534
2014;127;12-15;11;15;26;SEC_127
2002;528;00-02;18;17;35;SEC_528
1999;316;75 i +;32;22;54;SEC_316
1995;103;25-34;59;71;130;SEC_103
2004;203;25-34;93;89;182;SEC_203
2001;102;25-34;143;166;309;SEC_102
2000;420;50-64;120;102;222;SEC_420
2015;316;65-74;127;135;262;SEC_316
2007;109;18-24;46;39;85;SEC_109
1994;627;12-15;54;58;112;SEC_627
1994;414;50-64;104;103;207;SEC_414
2009;417;75 i +;33;23;56;SEC_417
2015;209;18-24;30;42;72;SEC_209
2005;501;03-11;43;39;82;SEC_501
2006;118;75 i +;56;24;80;SEC_118
2010;101;03-11;115;111;226;SEC_101
2005;225;03-11;9;14;23;SEC_225
2015;307;00-02;20;11;31;SEC_307
2002;244;12-15;6;7;13;SEC_244
2001;424;50-64;61;57;118;SEC_424
1995;526;12-15;18;18;36;SEC_526
2003;401;12-15;20;32;52;SEC_401
1998;604;25-34;66;88;154;SEC_604
1995;215;03-11;26;25;51;SEC_215
2008;217;03-11;24;32;56;SEC_217
2002;427;00-02;15;14;29;SEC_427
2004;208;35-49;190;196;386;SEC_208
2012;245;00-02;20;21;41;SEC_245
1997;238;12-15;13;12;25;SEC_238
2007;423;16-17;4;9;13;SEC_423
2009;509;50-64;59;62;121;SEC_509
1998;314;03-11;96;122;218;SEC_314
2011;415;75 i +;34;26;60;SEC_415
2007;513;25-34;69;74;143;SEC_513
1994;514;35-49;64;65;129;SEC_514
2004;420;75 i +;76;39;115;SEC_420
2015;309;00-02;16;24;40;SEC_309
2010;620;35-49;57;62;119;SEC_620
2008;437;35-49;103;130;233;SEC_437
1998;538;25-34;110;106;216;SEC_538
2016;423;35-49;135;132;267;SEC_423
2003;523;65-74;92;84;176;SEC_523
2015;627;50-64;123;84;207;SEC_627
1995;508;25-34;46;65;111;SEC_508
2014;440;50-64;72;82;154;SEC_440
2003;323;00-02;50;38;88;SEC_323
1994;247;35-49;100;110;210;SEC_247
2006;526;00-02;12;7;19;SEC_526
1994;209;75 i +;66;32;98;SEC_209
2000;325;35-49;205;176;381;SEC_325
2004;628;65-74;47;55;102;SEC_628
1997;105;35-49;189;164;353;SEC_105
2001;437;65-74;53;56;109;SEC_437
2013;109;12-15;23;19;42;SEC_109
2003;248;75 i +;70;35;105;SEC_248
2000;520;16-17;8;9;17;SEC_520
2000;521;65-74;47;44;91;SEC_521
1996;404;16-17;11;6;17;SEC_404
2004;209;16-17;7;12;19;SEC_209
1998;244;12-15;6;7;13;SEC_244
2013;601;50-64;179;167;346;SEC_601
2007;526;00-02;16;9;25;SEC_526
2005;431;50-64;110;103;213;SEC_431
2003;136;50-64;108;116;224;SEC_136
1998;605;25-34;75;78;153;SEC_605
2010;239;50-64;88;75;163;SEC_239
2002;314;16-17;39;44;83;SEC_314
2000;114;65-74;67;67;134;SEC_114
1995;226;35-49;96;94;190;SEC_226
2009;101;16-17;11;17;28;SEC_101
2001;119;18-24;90;92;182;SEC_119
2001;305;65-74;86;63;149;SEC_305
2008;235;65-74;79;64;143;SEC_235
2000;320;00-02;7;7;14;SEC_320
2015;411;35-49;80;101;181;SEC_411
1997;606;65-74;68;56;124;SEC_606
2006;411;16-17;11;5;16;SEC_411
1997;626;25-34;88;119;207;SEC_626
2007;512;25-34;94;103;197;SEC_512
1995;603;18-24;60;61;121;SEC_603
2016;138;65-74;61;47;108;SEC_138
1996;245;03-11;30;28;58;SEC_245
2010;305;75 i +;99;55;154;SEC_305
2014;220;00-02;27;25;52;SEC_220
2010;309;00-02;28;21;49;SEC_309
2004;441;50-64;215;208;423;SEC_441
1997;611;25-34;172;203;375;SEC_611
1998;417;18-24;40;33;73;SEC_417
2009;247;35-49;161;183;344;SEC_247
2008;113;03-11;46;66;112;SEC_113
2007;221;25-34;92;115;207;SEC_221
1994;505;65-74;46;41;87;SEC_505
2008;526;25-34;74;78;152;SEC_526
1998;629;65-74;39;34;73;SEC_629
2011;224;25-34;60;57;117;SEC_224
2003;322;12-15;18;20;38;SEC_322
2008;110;03-11;27;28;55;SEC_110
2016;304;03-11;179;201;380;SEC_304
2009;213;50-64;83;90;173;SEC_213
2012;317;03-11;52;60;112;SEC_317
1997;315;00-02;17;15;32;SEC_315
2007;522;25-34;73;110;183;SEC_522
2014;607;18-24;26;32;58;SEC_607
2009;314;75 i +;85;49;134;SEC_314
1996;104;35-49;77;55;132;SEC_104
2008;127;65-74;38;33;71;SEC_127
2010;429;35-49;65;74;139;SEC_429
2004;309;00-02;12;16;28;SEC_309
2007;407;35-49;119;145;264;SEC_407
2010;225;50-64;54;41;95;SEC_225
2003;422;12-15;14;20;34;SEC_422
2013;138;03-11;24;26;50;SEC_138
1999;627;18-24;100;101;201;SEC_627
2004;622;18-24;38;43;81;SEC_622
2005;607;75 i +;44;29;73;SEC_607
2010;412;16-17;17;18;35;SEC_412
2011;609;16-17;6;9;15;SEC_609
2002;622;18-24;58;46;104;SEC_622
2005;112;65-74;64;57;121;SEC_112
1998;238;00-02;2;4;6;SEC_238
2013;609;00-02;13;10;23;SEC_609
2015;220;03-11;78;82;160;SEC_220
2001;240;25-34;57;62;119;SEC_240
2016;614;35-49;114;102;216;SEC_614
2009;229;18-24;34;44;78;SEC_229
2008;202;18-24;31;35;66;SEC_202
2002;114;50-64;192;184;376;SEC_114
2009;201;12-15;11;16;27;SEC_201
2015;217;65-74;62;51;113;SEC_217
2011;225;03-11;14;22;36;SEC_225
2011;405;50-64;45;63;108;SEC_405
1994;205;16-17;12;16;28;SEC_205
2002;511;00-02;17;9;26;SEC_511
2003;432;35-49;112;119;231;SEC_432
2016;618;00-02;7;9;16;SEC_618
1995;322;25-34;89;108;197;SEC_322
2011;323;50-64;377;345;722;SEC_323
2014;322;18-24;39;47;86;SEC_322
2014;131;35-49;150;174;324;SEC_131
2001;426;25-34;84;98;182;SEC_426
2000;131;50-64;159;170;329;SEC_131
2004;612;16-17;7;7;14;SEC_612
1997;525;35-49;69;70;139;SEC_525
2000;321;65-74;81;77;158;SEC_321
2013;303;25-34;108;98;206;SEC_303
2008;102;50-64;178;159;337;SEC_102
2006;414;18-24;34;37;71;SEC_414
1997;219;12-15;10;24;34;SEC_219
1996;532;75 i +;56;35;91;SEC_532
2007;225;75 i +;50;28;78;SEC_225
2012;402;50-64;64;63;127;SEC_402
1999;625;00-02;12;10;22;SEC_625
2001;228;35-49;52;58;110;SEC_228
2006;429;35-49;57;70;127;SEC_429
2012;245;12-15;21;17;38;SEC_245
2006;423;75 i +;60;35;95;SEC_423
2008;521;65-74;69;80;149;SEC_521
2004;208;00-02;21;16;37;SEC_208
2009;404;75 i +;81;42;123;SEC_404
1999;507;75 i +;36;22;58;SEC_507
2011;631;18-24;31;31;62;SEC_631
1995;323;00-02;32;37;69;SEC_323
2000;530;16-17;12;14;26;SEC_530
2000;129;12-15;23;19;42;SEC_129
1998;126;00-02;9;8;17;SEC_126
1998;247;03-11;38;39;77;SEC_247
2015;221;65-74;91;70;161;SEC_221
2001;322;65-74;58;54;112;SEC_322
2005;520;65-74;55;45;100;SEC_520
1998;216;65-74;77;67;144;SEC_216
2005;204;18-24;23;31;54;SEC_204
2008;239;00-02;21;19;40;SEC_239
2009;132;18-24;79;87;166;SEC_132
2001;123;03-11;41;63;104;SEC_123
2007;303;03-11;42;49;91;SEC_303
2004;308;50-64;198;182;380;SEC_308
2016;129;65-74;69;52;121;SEC_129
1996;105;12-15;25;34;59;SEC_105
2001;207;25-34;45;44;89;SEC_207
1999;309;65-74;35;30;65;SEC_309
1996;630;25-34;62;73;135;SEC_630
2002;102;18-24;68;67;135;SEC_102
1997;239;16-17;13;8;21;SEC_239
2011;412;03-11;63;49;112;SEC_412
2000;419;65-74;36;34;70;SEC_419
2008;121;03-11;26;42;68;SEC_121
1998;210;25-34;62;63;125;SEC_210
1996;418;03-11;39;38;77;SEC_418
2002;416;03-11;25;26;51;SEC_416
2011;403;35-49;110;139;249;SEC_403
2001;235;50-64;119;99;218;SEC_235
2008;425;50-64;72;73;145;SEC_425
2007;308;12-15;32;38;70;SEC_308
2012;407;12-15;19;14;33;SEC_407
2002;522;18-24;55;52;107;SEC_522
2010;608;00-02;10;10;20;SEC_608
1997;621;65-74;41;31;72;SEC_621
2012;134;25-34;93;110;203;SEC_134
2010;518;75 i +;78;46;124;SEC_518
2014;520;00-02;8;8;16;SEC_520
2004;106;75 i +;49;28;77;SEC_106
2001;226;65-74;80;54;134;SEC_226
2016;305;65-74;74;75;149;SEC_305
2005;623;00-02;20;25;45;SEC_623
1999;241;00-02;7;9;16;SEC_241
2009;439;35-49;150;172;322;SEC_439
2009;513;03-11;37;36;73;SEC_513
1998;607;50-64;163;143;306;SEC_607
2015;410;75 i +;158;101;259;SEC_410
1998;227;12-15;7;10;17;SEC_227
2013;232;75 i +;75;40;115;SEC_232
1995;203;12-15;10;13;23;SEC_203
2003;310;03-11;31;33;64;SEC_310
1998;122;75 i +;42;27;69;SEC_122
2007;415;25-34;91;115;206;SEC_415
2012;129;00-02;11;17;28;SEC_129
2014;618;16-17;7;23;30;SEC_618
1995;302;18-24;111;119;230;SEC_302
1999;436;16-17;3;4;7;SEC_436
2005;427;03-11;37;38;75;SEC_427
2000;424;35-49;38;44;82;SEC_424
2007;207;25-34;83;80;163;SEC_207
2001;208;35-49;183;177;360;SEC_208
1995;510;18-24;82;72;154;SEC_510
2003;509;75 i +;29;17;46;SEC_509
2011;311;12-15;27;25;52;SEC_311
1995;243;00-02;19;20;39;SEC_243
2002;305;00-02;19;14;33;SEC_305
1996;309;18-24;41;56;97;SEC_309
2009;430;16-17;8;11;19;SEC_430
2008;614;16-17;6;8;14;SEC_614
2011;410;65-74;111;85;196;SEC_410
1999;529;16-17;7;10;17;SEC_529
2008;219;65-74;66;48;114;SEC_219
2003;207;18-24;32;23;55;SEC_207
2004;318;50-64;83;87;170;SEC_318
2014;520;50-64;80;50;130;SEC_520
2008;418;16-17;14;14;28;SEC_418
2003;414;18-24;28;47;75;SEC_414
2000;139;65-74;35;27;62;SEC_139
2009;631;75 i +;49;29;78;SEC_631
2014;514;50-64;117;102;219;SEC_514
2015;624;03-11;37;43;80;SEC_624
2013;521;16-17;6;7;13;SEC_521
2010;219;35-49;190;154;344;SEC_219
2012;440;35-49;112;112;224;SEC_440
2003;429;25-34;31;52;83;SEC_429
1994;215;16-17;9;9;18;SEC_215
2003;537;03-11;39;43;82;SEC_537
2008;220;35-49;121;146;267;SEC_220
2004;631;16-17;6;8;14;SEC_631
2015;420;12-15;31;42;73;SEC_420
2009;245;03-11;47;39;86;SEC_245
2014;117;50-64;237;223;460;SEC_117
1994;131;25-34;100;126;226;SEC_131
2007;231;75 i +;85;47;132;SEC_231
2010;537;18-24;66;49;115;SEC_537
2011;504;12-15;13;13;26;SEC_504
2000;119;03-11;27;44;71;SEC_119
2008;514;00-02;12;22;34;SEC_514
2016;532;75 i +;98;68;166;SEC_532
1996;304;50-64;112;107;219;SEC_304
1995;213;65-74;54;48;102;SEC_213
2016;517;18-24;75;101;176;SEC_517
2015;301;18-24;82;84;166;SEC_301
1998;536;16-17;11;8;19;SEC_536
1996;417;35-49;61;57;118;SEC_417
2013;129;25-34;77;79;156;SEC_129
2005;239;65-74;84;63;147;SEC_239
2002;418;03-11;42;42;84;SEC_418
2011;614;35-49;103;109;212;SEC_614
2010;619;18-24;30;47;77;SEC_619
2002;405;50-64;96;66;162;SEC_405
1998;321;03-11;85;105;190;SEC_321
2006;522;00-02;15;21;36;SEC_522
2000;217;50-64;35;38;73;SEC_217
2014;213;35-49;105;112;217;SEC_213
2005;215;50-64;71;57;128;SEC_215
2016;404;18-24;49;57;106;SEC_404
2004;515;65-74;36;24;60;SEC_515
2004;602;00-02;7;4;11;SEC_602
1994;513;75 i +;39;11;50;SEC_513
2005;603;75 i +;19;14;33;SEC_603
2006;303;35-49;136;166;302;SEC_303
2016;326;65-74;15;11;26;SEC_326
2009;307;03-11;35;40;75;SEC_307
2004;231;12-15;12;10;22;SEC_231
2002;117;12-15;46;31;77;SEC_117
1995;526;35-49;65;65;130;SEC_526
2007;321;65-74;83;85;168;SEC_321
1995;307;35-49;234;222;456;SEC_307
2008;408;18-24;33;35;68;SEC_408
2001;120;75 i +;49;28;77;SEC_120
2001;239;25-34;84;101;185;SEC_239
2015;139;12-15;14;18;32;SEC_139
2014;231;16-17;10;10;20;SEC_231
2012;316;16-17;17;22;39;SEC_316
2011;531;03-11;33;36;69;SEC_531
1999;113;03-11;53;66;119;SEC_113
1994;601;25-34;95;109;204;SEC_601
2005;509;65-74;43;42;85;SEC_509
1995;513;16-17;5;10;15;SEC_513
1997;244;35-49;53;58;111;SEC_244
1995;137;12-15;40;28;68;SEC_137
1994;230;18-24;50;40;90;SEC_230
1996;230;65-74;64;50;114;SEC_230
2011;530;00-02;22;28;50;SEC_530
1995;104;03-11;23;23;46;SEC_104
1995;110;16-17;29;34;63;SEC_110
2005;523;03-11;43;42;85;SEC_523
2000;420;00-02;10;13;23;SEC_420
2016;612;03-11;40;32;72;SEC_612
2004;538;65-74;87;85;172;SEC_538
2014;514;18-24;46;51;97;SEC_514
2010;416;12-15;11;10;21;SEC_416
2013;607;18-24;31;32;63;SEC_607
1997;123;65-74;87;70;157;SEC_123
1994;422;75 i +;53;29;82;SEC_422
2003;205;50-64;84;71;155;SEC_205
1995;241;25-34;54;51;105;SEC_241
2016;524;16-17;17;11;28;SEC_524
2010;511;65-74;44;25;69;SEC_511
2008;215;50-64;83;72;155;SEC_215
2014;111;75 i +;57;40;97;SEC_111
2003;227;00-02;11;7;18;SEC_227
2016;228;03-11;107;111;218;SEC_228
2001;442;16-17;6;4;10;SEC_442
2005;213;25-34;92;100;192;SEC_213
2013;529;25-34;97;92;189;SEC_529
2009;614;35-49;103;108;211;SEC_614
2001;508;18-24;38;24;62;SEC_508
2005;625;03-11;38;45;83;SEC_625
2004;507;18-24;40;45;85;SEC_507
1997;232;50-64;103;86;189;SEC_232
2002;302;35-49;135;124;259;SEC_302
2003;619;50-64;150;131;281;SEC_619
1996;318;00-02;14;11;25;SEC_318
2002;618;18-24;29;22;51;SEC_618
2008;628;18-24;34;33;67;SEC_628
2005;508;35-49;58;84;142;SEC_508
2013;601;65-74;158;118;276;SEC_601
2008;109;00-02;15;16;31;SEC_109
2002;112;25-34;156;134;290;SEC_112
2008;205;00-02;13;10;23;SEC_205
1997;244;50-64;54;50;104;SEC_244
2004;307;03-11;47;40;87;SEC_307
2001;248;75 i +;70;43;113;SEC_248
2010;439;75 i +;54;43;97;SEC_439
1997;532;12-15;18;14;32;SEC_532
1997;438;50-64;108;114;222;SEC_438
2001;101;75 i +;26;18;44;SEC_101
2007;202;65-74;37;33;70;SEC_202
1997;227;12-15;10;9;19;SEC_227
2006;603;50-64;68;44;112;SEC_603
1995;212;35-49;116;114;230;SEC_212
2005;128;12-15;15;22;37;SEC_128
2008;532;12-15;30;15;45;SEC_532
2011;315;35-49;228;248;476;SEC_315
2005;204;16-17;4;7;11;SEC_204
2002;246;50-64;72;60;132;SEC_246
2002;218;12-15;7;21;28;SEC_218
2005;503;00-02;7;6;13;SEC_503
2016;410;50-64;155;136;291;SEC_410
1995;438;03-11;33;27;60;SEC_438
2008;312;03-11;44;53;97;SEC_312
2015;538;18-24;49;46;95;SEC_538
2015;126;03-11;38;39;77;SEC_126
1994;439;25-34;108;110;218;SEC_439
2015;201;00-02;38;43;81;SEC_201
1995;412;65-74;73;80;153;SEC_412
2006;321;03-11;88;84;172;SEC_321
2008;235;03-11;64;81;145;SEC_235
2002;216;00-02;10;15;25;SEC_216
2003;532;25-34;141;148;289;SEC_532
2001;230;16-17;6;7;13;SEC_230
2012;238;65-74;38;33;71;SEC_238
2008;511;25-34;69;71;140;SEC_511
1996;504;25-34;92;107;199;SEC_504
2007;101;25-34;169;169;338;SEC_101
2009;236;03-11;41;42;83;SEC_236
2002;234;12-15;9;18;27;SEC_234
2001;415;50-64;52;52;104;SEC_415
1996;128;16-17;15;15;30;SEC_128
2000;405;75 i +;33;23;56;SEC_405
2001;113;12-15;44;38;82;SEC_113
2000;134;35-49;136;119;255;SEC_134
1999;302;50-64;150;183;333;SEC_302
1998;219;12-15;18;22;40;SEC_219
2003;249;35-49;129;129;258;SEC_249
2008;422;12-15;13;25;38;SEC_422
2009;521;50-64;149;114;263;SEC_521
2004;409;75 i +;23;17;40;SEC_409
2008;604;16-17;6;8;14;SEC_604
2008;134;18-24;63;51;114;SEC_134
2001;102;50-64;199;196;395;SEC_102
1998;405;75 i +;31;22;53;SEC_405
2003;238;03-11;22;26;48;SEC_238
2010;607;03-11;46;28;74;SEC_607
2000;230;65-74;56;43;99;SEC_230
1999;244;75 i +;39;36;75;SEC_244
2006;306;18-24;69;68;137;SEC_306
2012;318;25-34;55;56;111;SEC_318
2012;319;75 i +;50;31;81;SEC_319
2009;313;18-24;72;69;141;SEC_313
1994;632;16-17;31;27;58;SEC_632
2004;624;75 i +;38;18;56;SEC_624
2014;513;18-24;47;53;100;SEC_513
2005;426;00-02;14;25;39;SEC_426
2013;609;75 i +;42;28;70;SEC_609
2009;617;12-15;11;22;33;SEC_617
1999;323;18-24;231;219;450;SEC_323
2009;111;35-49;99;98;197;SEC_111
2006;434;16-17;5;9;14;SEC_434
2004;324;65-74;45;30;75;SEC_324
2014;441;35-49;190;242;432;SEC_441
1995;405;35-49;51;56;107;SEC_405
2003;134;50-64;115;113;228;SEC_134
2008;306;25-34;121;152;273;SEC_306
2000;430;50-64;83;81;164;SEC_430
2015;138;35-49;91;80;171;SEC_138
2007;416;16-17;4;3;7;SEC_416
1997;407;16-17;8;8;16;SEC_407
2007;433;00-02;35;25;60;SEC_433
2004;136;50-64;113;117;230;SEC_136
2009;437;35-49;105;136;241;SEC_437
2009;112;12-15;30;29;59;SEC_112
2011;225;00-02;7;8;15;SEC_225
2001;536;18-24;36;40;76;SEC_536
2009;313;03-11;94;93;187;SEC_313
2010;106;12-15;23;26;49;SEC_106
1995;235;18-24;82;68;150;SEC_235
2012;502;50-64;139;116;255;SEC_502
2011;129;18-24;43;38;81;SEC_129
1996;609;03-11;31;41;72;SEC_609
1996;517;65-74;50;49;99;SEC_517
2013;327;25-34;69;55;124;SEC_327
2014;422;75 i +;75;50;125;SEC_422
1997;127;00-02;7;8;15;SEC_127
1998;607;35-49;82;94;176;SEC_607
2003;438;35-49;95;93;188;SEC_438
2012;234;65-74;36;28;64;SEC_234
2009;435;35-49;106;141;247;SEC_435
2008;310;16-17;6;7;13;SEC_310
2006;313;25-34;191;187;378;SEC_313
1995;624;00-02;9;9;18;SEC_624
1997;113;35-49;205;196;401;SEC_113
2005;611;12-15;39;25;64;SEC_611
2002;434;18-24;26;26;52;SEC_434
2014;436;75 i +;63;44;107;SEC_436
2010;522;50-64;69;57;126;SEC_522
2010;234;16-17;13;7;20;SEC_234
2010;441;18-24;100;98;198;SEC_441
2011;412;65-74;103;84;187;SEC_412
2016;402;03-11;57;53;110;SEC_402
2006;218;12-15;15;11;26;SEC_218
1996;101;16-17;18;25;43;SEC_101
2005;245;50-64;79;68;147;SEC_245
2009;132;25-34;179;210;389;SEC_132
2015;319;25-34;113;101;214;SEC_319
2013;440;12-15;15;12;27;SEC_440
2007;134;03-11;46;53;99;SEC_134
2007;424;50-64;55;55;110;SEC_424
2010;231;03-11;57;67;124;SEC_231
2011;235;50-64;93;89;182;SEC_235
2007;318;00-02;12;8;20;SEC_318
2001;531;75 i +;47;27;74;SEC_531
2004;430;16-17;5;10;15;SEC_430
2009;301;16-17;27;22;49;SEC_301
2001;512;18-24;23;44;67;SEC_512
2003;602;50-64;64;58;122;SEC_602
2008;138;25-34;86;68;154;SEC_138
1996;605;25-34;70;70;140;SEC_605
1999;629;25-34;46;64;110;SEC_629
2013;220;25-34;134;141;275;SEC_220
2016;232;25-34;83;81;164;SEC_232
2002;233;16-17;6;5;11;SEC_233
2014;108;25-34;95;84;179;SEC_108
2002;626;35-49;89;90;179;SEC_626
2006;529;12-15;27;25;52;SEC_529
2016;320;65-74;89;86;175;SEC_320
1998;436;50-64;69;67;136;SEC_436
2007;402;18-24;36;24;60;SEC_402
1999;442;16-17;6;7;13;SEC_442
2003;437;16-17;7;9;16;SEC_437
2002;508;16-17;6;5;11;SEC_508
2004;118;35-49;203;156;359;SEC_118
1999;115;75 i +;45;24;69;SEC_115
2002;136;00-02;16;17;33;SEC_136
2002;510;12-15;18;21;39;SEC_510
2009;419;00-02;22;23;45;SEC_419
2006;302;50-64;180;162;342;SEC_302
1994;537;75 i +;39;28;67;SEC_537
1996;312;16-17;13;3;16;SEC_312
2011;505;16-17;10;8;18;SEC_505
1997;221;16-17;12;12;24;SEC_221
2010;139;18-24;26;27;53;SEC_139
2002;138;16-17;7;17;24;SEC_138
1995;538;03-11;25;41;66;SEC_538
1996;609;65-74;30;25;55;SEC_609
2013;236;50-64;86;69;155;SEC_236
1995;320;35-49;95;62;157;SEC_320
2010;536;35-49;105;117;222;SEC_536
1994;226;00-02;6;5;11;SEC_226
1999;108;16-17;9;15;24;SEC_108
2008;506;50-64;249;203;452;SEC_506
1995;214;50-64;83;66;149;SEC_214
2000;406;25-34;93;108;201;SEC_406
2004;121;65-74;75;50;125;SEC_121
2012;236;03-11;43;38;81;SEC_236
2000;132;12-15;44;43;87;SEC_132
2006;238;00-02;6;18;24;SEC_238
2009;217;75 i +;42;28;70;SEC_217
2010;316;16-17;24;23;47;SEC_316
2002;630;16-17;10;7;17;SEC_630
2010;140;16-17;4;8;12;SEC_140
2009;133;12-15;8;15;23;SEC_133
2011;520;00-02;12;8;20;SEC_520
1998;528;75 i +;38;25;63;SEC_528
1997;316;18-24;153;160;313;SEC_316
2016;610;25-34;53;51;104;SEC_610
1996;621;00-02;20;16;36;SEC_621
2003;245;50-64;79;65;144;SEC_245
1995;429;12-15;16;24;40;SEC_429
1999;610;00-02;5;8;13;SEC_610
2001;218;75 i +;43;19;62;SEC_218
2008;423;50-64;74;60;134;SEC_423
2013;431;65-74;62;45;107;SEC_431
2008;520;25-34;65;81;146;SEC_520
2005;515;50-64;44;38;82;SEC_515
2006;417;35-49;75;83;158;SEC_417
1996;516;50-64;75;65;140;SEC_516
1999;432;25-34;89;86;175;SEC_432
1994;613;16-17;21;25;46;SEC_613
2007;429;35-49;61;68;129;SEC_429
2010;607;35-49;129;133;262;SEC_607
2012;324;00-02;21;28;49;SEC_324
2004;537;35-49;129;130;259;SEC_537
1994;629;35-49;62;57;119;SEC_629
2007;206;75 i +;77;42;119;SEC_206
2013;134;12-15;30;28;58;SEC_134
2011;532;35-49;167;178;345;SEC_532
2014;416;16-17;10;14;24;SEC_416
2013;246;16-17;18;15;33;SEC_246
2002;312;18-24;67;70;137;SEC_312
2006;133;18-24;39;31;70;SEC_133
2011;410;25-34;121;121;242;SEC_410
2000;115;03-11;39;59;98;SEC_115
2006;235;75 i +;87;50;137;SEC_235
2012;610;00-02;15;13;28;SEC_610
2013;201;18-24;28;28;56;SEC_201
2007;239;50-64;94;73;167;SEC_239
2003;117;25-34;182;192;374;SEC_117
2005;207;03-11;16;25;41;SEC_207
1997;632;75 i +;26;8;34;SEC_632
2014;232;65-74;48;40;88;SEC_232
2000;231;03-11;36;23;59;SEC_231
2001;515;12-15;11;17;28;SEC_515
2014;505;50-64;91;77;168;SEC_505
2000;442;00-02;5;3;8;SEC_442
2007;220;25-34;78;73;151;SEC_220
2010;517;75 i +;63;32;95;SEC_517
2009;124;12-15;9;10;19;SEC_124
1996;411;35-49;100;93;193;SEC_411
2015;534;00-02;11;14;25;SEC_534
2014;319;12-15;30;38;68;SEC_319
2016;608;16-17;12;9;21;SEC_608
1996;227;18-24;45;41;86;SEC_227
2000;603;00-02;9;6;15;SEC_603
1995;511;50-64;81;75;156;SEC_511
1995;101;12-15;33;36;69;SEC_101
2008;428;00-02;19;12;31;SEC_428
1999;607;12-15;12;21;33;SEC_607
2012;245;25-34;87;88;175;SEC_245
2004;606;12-15;15;23;38;SEC_606
2002;243;03-11;50;59;109;SEC_243
2010;410;65-74;120;88;208;SEC_410
1994;603;50-64;72;81;153;SEC_603
2016;118;35-49;175;190;365;SEC_118
2013;318;03-11;23;35;58;SEC_318
2005;429;65-74;46;24;70;SEC_429
2001;128;12-15;14;12;26;SEC_128
2007;524;18-24;44;58;102;SEC_524
2008;123;65-74;62;58;120;SEC_123
2010;305;65-74;53;61;114;SEC_305
2011;501;03-11;40;51;91;SEC_501
2006;201;03-11;28;32;60;SEC_201
2012;106;35-49;182;162;344;SEC_106
2007;531;50-64;85;73;158;SEC_531
2009;125;25-34;117;139;256;SEC_125
2000;122;12-15;8;6;14;SEC_122
1999;301;18-24;113;119;232;SEC_301
2014;630;50-64;91;80;171;SEC_630
2002;628;00-02;10;12;22;SEC_628
2008;108;35-49;182;158;340;SEC_108
2001;111;16-17;10;8;18;SEC_111
2008;203;75 i +;54;30;84;SEC_203
2009;214;00-02;10;10;20;SEC_214
2006;102;16-17;9;15;24;SEC_102
2016;528;03-11;45;48;93;SEC_528
2006;402;18-24;33;23;56;SEC_402
2009;315;03-11;73;69;142;SEC_315
2010;206;75 i +;80;45;125;SEC_206
2010;308;00-02;32;20;52;SEC_308
1997;222;50-64;79;82;161;SEC_222
2009;201;75 i +;56;35;91;SEC_201
2007;531;12-15;20;16;36;SEC_531
2007;236;65-74;68;48;116;SEC_236
2000;507;65-74;36;35;71;SEC_507
1997;201;03-11;19;22;41;SEC_201
2007;416;65-74;48;40;88;SEC_416
2001;220;35-49;84;80;164;SEC_220
2003;601;16-17;8;10;18;SEC_601
2003;439;25-34;109;142;251;SEC_439
2001;631;16-17;13;7;20;SEC_631
1996;117;16-17;34;42;76;SEC_117
1999;610;03-11;28;37;65;SEC_610
2004;528;25-34;110;135;245;SEC_528
2007;243;35-49;199;209;408;SEC_243
2001;611;75 i +;54;35;89;SEC_611
2002;628;18-24;64;62;126;SEC_628
2013;526;00-02;30;36;66;SEC_526
2016;207;18-24;66;70;136;SEC_207
2016;525;50-64;58;60;118;SEC_525
1996;135;16-17;21;33;54;SEC_135
2010;117;03-11;71;80;151;SEC_117
2007;315;03-11;69;69;138;SEC_315
2003;527;35-49;131;132;263;SEC_527
1997;210;75 i +;55;40;95;SEC_210
2010;425;25-34;73;99;172;SEC_425
2005;510;00-02;11;14;25;SEC_510
2001;624;18-24;65;86;151;SEC_624
2002;127;75 i +;29;20;49;SEC_127
2002;103;75 i +;47;16;63;SEC_103
2015;619;35-49;123;131;254;SEC_619
2013;207;00-02;33;27;60;SEC_207
2003;622;25-34;78;97;175;SEC_622
2006;515;16-17;8;9;17;SEC_515
2003;222;03-11;43;37;80;SEC_222
1994;137;16-17;17;26;43;SEC_137
2012;413;50-64;45;55;100;SEC_413
2001;216;75 i +;52;38;90;SEC_216
2006;247;16-17;9;16;25;SEC_247
2002;418;75 i +;68;41;109;SEC_418
2003;208;00-02;15;14;29;SEC_208
2003;240;16-17;3;4;7;SEC_240
2000;425;65-74;75;62;137;SEC_425
2005;522;65-74;40;38;78;SEC_522
1999;436;25-34;74;81;155;SEC_436
2010;236;18-24;40;62;102;SEC_236
2007;212;16-17;19;13;32;SEC_212
2010;622;35-49;99;94;193;SEC_622
2001;629;03-11;17;16;33;SEC_629
1994;610;16-17;28;21;49;SEC_610
2006;617;50-64;88;77;165;SEC_617
2008;319;03-11;90;88;178;SEC_319
2003;131;00-02;8;23;31;SEC_131
2000;116;35-49;162;142;304;SEC_116
2007;103;50-64;65;62;127;SEC_103
1999;215;00-02;9;11;20;SEC_215
1998;104;75 i +;59;33;92;SEC_104
2009;627;00-02;12;13;25;SEC_627
2006;232;25-34;97;107;204;SEC_232
1996;612;65-74;52;39;91;SEC_612
2001;531;65-74;58;54;112;SEC_531
2001;137;75 i +;50;26;76;SEC_137
2007;407;00-02;11;15;26;SEC_407
2007;231;35-49;143;120;263;SEC_231
1994;615;25-34;67;72;139;SEC_615
1996;616;25-34;105;119;224;SEC_616
2007;628;50-64;121;104;225;SEC_628
2001;405;00-02;12;14;26;SEC_405
1999;631;12-15;19;15;34;SEC_631
2011;139;65-74;48;37;85;SEC_139
2002;232;03-11;38;23;61;SEC_232
2001;631;25-34;121;123;244;SEC_631
2012;313;50-64;222;194;416;SEC_313
2002;511;03-11;24;25;49;SEC_511
2015;405;18-24;66;60;126;SEC_405
2006;237;50-64;96;89;185;SEC_237
2006;304;12-15;25;19;44;SEC_304
2013;412;18-24;49;63;112;SEC_412
2001;537;75 i +;60;29;89;SEC_537
2011;314;65-74;92;86;178;SEC_314
1997;204;65-74;56;41;97;SEC_204
1997;436;75 i +;28;17;45;SEC_436
2009;629;50-64;52;45;97;SEC_629
2009;319;50-64;146;143;289;SEC_319
2003;410;75 i +;83;66;149;SEC_410
1996;131;00-02;20;14;34;SEC_131
2007;104;12-15;17;14;31;SEC_104
1998;410;25-34;131;114;245;SEC_410
1996;303;16-17;17;15;32;SEC_303
2001;125;00-02;13;17;30;SEC_125
2005;425;50-64;77;73;150;SEC_425
2015;102;00-02;12;14;26;SEC_102
2008;441;50-64;242;232;474;SEC_441
2007;104;35-49;100;120;220;SEC_104
2009;536;65-74;50;42;92;SEC_536
2003;115;00-02;14;14;28;SEC_115
2009;529;50-64;86;87;173;SEC_529
1996;630;00-02;3;9;12;SEC_630
1997;508;18-24;45;27;72;SEC_508
1999;308;50-64;166;168;334;SEC_308
2013;132;50-64;237;206;443;SEC_132
1997;525;16-17;4;15;19;SEC_525
2000;522;65-74;38;38;76;SEC_522
2003;131;75 i +;51;34;85;SEC_131
2007;224;00-02;7;12;19;SEC_224
1997;124;25-34;49;62;111;SEC_124
1998;212;50-64;142;118;260;SEC_212
2006;514;18-24;43;34;77;SEC_514
2015;513;50-64;107;122;229;SEC_513
2002;503;16-17;13;9;22;SEC_503
2002;317;75 i +;49;29;78;SEC_317
1994;433;25-34;99;102;201;SEC_433
2014;128;35-49;147;146;293;SEC_128
2000;222;03-11;36;27;63;SEC_222
2016;507;75 i +;47;21;68;SEC_507
2015;532;16-17;7;12;19;SEC_532
2004;628;00-02;6;13;19;SEC_628
2001;218;16-17;2;6;8;SEC_218
2003;431;16-17;6;9;15;SEC_431
2015;614;75 i +;69;51;120;SEC_614
2006;505;65-74;78;98;176;SEC_505
2007;429;03-11;19;21;40;SEC_429
2003;601;50-64;164;150;314;SEC_601
2004;626;50-64;110;92;202;SEC_626
2004;425;25-34;85;80;165;SEC_425
1995;613;75 i +;35;20;55;SEC_613
2016;513;03-11;71;69;140;SEC_513
2007;604;18-24;20;35;55;SEC_604
2003;108;03-11;40;48;88;SEC_108
1994;626;00-02;5;12;17;SEC_626
2005;423;03-11;37;26;63;SEC_423
2014;419;18-24;74;91;165;SEC_419
1998;440;12-15;17;6;23;SEC_440
2006;402;50-64;70;67;137;SEC_402
2001;401;50-64;92;87;179;SEC_401
2013;108;75 i +;106;68;174;SEC_108
1995;502;03-11;51;47;98;SEC_502
2004;204;75 i +;43;21;64;SEC_204
2003;412;50-64;189;173;362;SEC_412
2000;618;03-11;15;21;36;SEC_618
2015;614;18-24;21;28;49;SEC_614
1999;101;75 i +;27;10;37;SEC_101
1994;306;65-74;93;71;164;SEC_306
2012;438;03-11;24;43;67;SEC_438
2001;221;65-74;81;64;145;SEC_221
2003;138;18-24;40;52;92;SEC_138
1999;137;35-49;160;147;307;SEC_137
2009;434;18-24;29;31;60;SEC_434
2002;413;12-15;8;8;16;SEC_413
2016;137;75 i +;53;43;96;SEC_137
2011;619;35-49;122;137;259;SEC_619
2006;616;65-74;62;61;123;SEC_616
2014;436;18-24;65;57;122;SEC_436
2008;109;16-17;7;11;18;SEC_109
1996;516;16-17;4;11;15;SEC_516
2015;321;35-49;236;203;439;SEC_321
1998;226;25-34;66;67;133;SEC_226
2004;215;35-49;105;105;210;SEC_215
2008;125;16-17;14;9;23;SEC_125
2002;246;75 i +;78;37;115;SEC_246
2001;107;65-74;95;74;169;SEC_107
2004;627;18-24;65;72;137;SEC_627
2005;442;25-34;45;63;108;SEC_442
1994;243;50-64;161;153;314;SEC_243
2008;223;00-02;12;20;32;SEC_223
2006;409;16-17;4;6;10;SEC_409
2009;632;50-64;83;74;157;SEC_632
2001;103;65-74;43;40;83;SEC_103
2013;440;16-17;4;11;15;SEC_440
2014;534;18-24;29;23;52;SEC_534
2010;131;03-11;43;54;97;SEC_131
2011;104;75 i +;90;43;133;SEC_104
2016;248;12-15;23;14;37;SEC_248
1994;533;16-17;8;15;23;SEC_533
2009;306;35-49;189;201;390;SEC_306
2001;401;00-02;12;7;19;SEC_401
2005;421;25-34;96;107;203;SEC_421
1996;413;65-74;37;34;71;SEC_413
2009;317;75 i +;63;20;83;SEC_317
2004;247;16-17;16;13;29;SEC_247
2013;436;03-11;80;80;160;SEC_436
2013;533;75 i +;130;86;216;SEC_533
2015;513;00-02;15;25;40;SEC_513
2004;204;50-64;39;39;78;SEC_204
2000;108;50-64;109;104;213;SEC_108
1999;605;65-74;42;40;82;SEC_605
2011;610;03-11;42;52;94;SEC_610
2012;211;18-24;61;48;109;SEC_211
1997;534;12-15;12;14;26;SEC_534
2012;408;03-11;56;33;89;SEC_408
2012;402;12-15;18;16;34;SEC_402
2010;621;03-11;48;67;115;SEC_621
2014;229;25-34;158;142;300;SEC_229
2011;120;16-17;20;17;37;SEC_120
2002;535;16-17;18;19;37;SEC_535
2014;407;50-64;77;77;154;SEC_407
2006;239;25-34;117;124;241;SEC_239
2002;215;35-49;91;86;177;SEC_215
2014;108;18-24;43;48;91;SEC_108
2013;214;00-02;33;30;63;SEC_214
2007;304;75 i +;101;48;149;SEC_304
1997;139;03-11;24;41;65;SEC_139
2015;133;12-15;13;15;28;SEC_133
2016;418;35-49;146;179;325;SEC_418
2013;619;65-74;87;84;171;SEC_619
2006;424;18-24;29;34;63;SEC_424
2004;215;50-64;74;61;135;SEC_215
2001;532;50-64;144;139;283;SEC_532
2014;422;50-64;87;93;180;SEC_422
2009;218;03-11;18;27;45;SEC_218
2002;222;25-34;79;99;178;SEC_222
2012;312;50-64;148;145;293;SEC_312
2001;418;75 i +;73;43;116;SEC_418
2005;407;65-74;75;61;136;SEC_407
2012;527;25-34;107;107;214;SEC_527
2015;411;12-15;16;13;29;SEC_411
2008;427;12-15;16;21;37;SEC_427
2005;404;35-49;145;158;303;SEC_404
2009;134;75 i +;73;37;110;SEC_134
2000;502;75 i +;73;43;116;SEC_502
2016;246;00-02;22;17;39;SEC_246
2007;532;35-49;150;155;305;SEC_532
2007;137;65-74;51;47;98;SEC_137
2015;139;65-74;55;55;110;SEC_139
2010;205;75 i +;84;52;136;SEC_205
2003;214;75 i +;29;15;44;SEC_214
2007;527;00-02;19;32;51;SEC_527
2000;609;12-15;15;15;30;SEC_609
1998;212;75 i +;63;34;97;SEC_212
2014;615;35-49;91;102;193;SEC_615
2013;116;35-49;158;169;327;SEC_116
2015;511;65-74;103;74;177;SEC_511
2011;429;03-11;24;20;44;SEC_429
2007;245;25-34;107;116;223;SEC_245
2011;307;12-15;15;18;33;SEC_307
1998;231;50-64;95;85;180;SEC_231
1997;406;12-15;31;32;63;SEC_406
1996;249;75 i +;52;25;77;SEC_249
2004;205;16-17;6;10;16;SEC_205
2002;501;16-17;14;14;28;SEC_501
2013;314;16-17;13;20;33;SEC_314
2000;128;12-15;13;14;27;SEC_128
1996;405;12-15;12;10;22;SEC_405
2015;248;35-49;171;166;337;SEC_248
2012;414;50-64;65;54;119;SEC_414
2012;242;25-34;88;108;196;SEC_242
1995;517;18-24;71;81;152;SEC_517
2001;102;16-17;14;13;27;SEC_102
2000;202;50-64;76;67;143;SEC_202
2013;526;16-17;17;14;31;SEC_526
2009;405;35-49;90;108;198;SEC_405
2005;508;12-15;10;14;24;SEC_508
2012;123;35-49;158;146;304;SEC_123
2015;232;65-74;50;36;86;SEC_232
2012;309;35-49;140;159;299;SEC_309
2008;118;50-64;214;201;415;SEC_118
2001;609;18-24;49;41;90;SEC_609
2009;628;35-49;102;98;200;SEC_628
2004;614;75 i +;32;19;51;SEC_614
2013;520;18-24;38;37;75;SEC_520
2015;249;65-74;49;43;92;SEC_249
2003;224;00-02;9;7;16;SEC_224
1994;227;12-15;14;10;24;SEC_227
2015;205;12-15;16;19;35;SEC_205
1994;441;25-34;129;118;247;SEC_441
2005;607;25-34;76;110;186;SEC_607
2006;213;00-02;16;19;35;SEC_213
2014;212;18-24;47;45;92;SEC_212
2016;229;65-74;55;30;85;SEC_229
2012;203;18-24;30;40;70;SEC_203
2008;623;25-34;106;151;257;SEC_623
2008;129;25-34;109;116;225;SEC_129
2000;626;18-24;58;64;122;SEC_626
2015;118;00-02;11;22;33;SEC_118
2004;412;16-17;11;16;27;SEC_412
2012;409;35-49;81;91;172;SEC_409
2003;130;00-02;16;15;31;SEC_130
2006;306;50-64;150;130;280;SEC_306
2012;304;16-17;54;19;73;SEC_304
1998;236;65-74;92;69;161;SEC_236
2005;601;35-49;128;148;276;SEC_601
2003;413;18-24;28;17;45;SEC_413
2014;139;18-24;29;32;61;SEC_139
1996;427;03-11;20;30;50;SEC_427
1997;238;50-64;70;62;132;SEC_238
2008;521;16-17;6;4;10;SEC_521
2006;134;50-64;122;112;234;SEC_134
2000;441;12-15;67;49;116;SEC_441
1995;108;12-15;24;27;51;SEC_108
1999;514;03-11;23;19;42;SEC_514
2009;309;12-15;13;21;34;SEC_309
2016;530;00-02;31;37;68;SEC_530
2009;626;18-24;34;24;58;SEC_626
2012;533;18-24;37;33;70;SEC_533
1995;211;16-17;6;13;19;SEC_211
2004;520;12-15;16;14;30;SEC_520
1999;535;18-24;68;93;161;SEC_535
2013;310;65-74;42;43;85;SEC_310
2000;502;65-74;66;61;127;SEC_502
2016;507;18-24;24;40;64;SEC_507
1994;608;50-64;114;99;213;SEC_608
2010;528;25-34;123;129;252;SEC_528
1995;507;03-11;47;39;86;SEC_507
2008;140;65-74;67;53;120;SEC_140
1998;615;35-49;62;40;102;SEC_615
1995;247;00-02;13;12;25;SEC_247
2011;244;25-34;58;62;120;SEC_244
1998;131;18-24;104;127;231;SEC_131
2001;127;12-15;24;19;43;SEC_127
2004;525;25-34;96;107;203;SEC_525
2012;608;00-02;5;9;14;SEC_608
2015;223;65-74;61;36;97;SEC_223
2011;318;25-34;54;47;101;SEC_318
2006;604;12-15;14;12;26;SEC_604
2008;410;00-02;23;19;42;SEC_410
2000;248;65-74;77;62;139;SEC_248
2008;115;12-15;22;26;48;SEC_115
2012;529;35-49;170;159;329;SEC_529
1997;438;65-74;30;31;61;SEC_438
2005;409;18-24;27;44;71;SEC_409
2011;437;65-74;51;27;78;SEC_437
2003;313;50-64;181;167;348;SEC_313
2004;209;18-24;32;40;72;SEC_209
1996;101;35-49;145;133;278;SEC_101
2008;618;00-02;6;9;15;SEC_618
2015;246;16-17;6;10;16;SEC_246
2012;431;25-34;124;158;282;SEC_431
2013;501;75 i +;36;29;65;SEC_501
2012;501;16-17;7;13;20;SEC_501
2002;504;03-11;16;25;41;SEC_504
2015;414;00-02;30;30;60;SEC_414
1996;237;12-15;27;19;46;SEC_237
2013;508;00-02;17;25;42;SEC_508
2012;601;25-34;74;88;162;SEC_601
1995;225;75 i +;20;22;42;SEC_225
2012;125;03-11;88;85;173;SEC_125
2001;622;25-34;89;106;195;SEC_622
2008;116;18-24;53;53;106;SEC_116
2004;437;16-17;7;11;18;SEC_437
2001;402;00-02;6;11;17;SEC_402
2007;230;16-17;6;10;16;SEC_230
1998;617;35-49;107;102;209;SEC_617
2001;319;25-34;68;60;128;SEC_319
2001;527;75 i +;57;30;87;SEC_527
2007;106;03-11;66;56;122;SEC_106
2009;611;35-49;223;277;500;SEC_611
1998;123;25-34;105;104;209;SEC_123
2006;113;12-15;24;29;53;SEC_113
2007;410;65-74;126;100;226;SEC_410
2016;624;03-11;39;42;81;SEC_624
2010;523;35-49;185;180;365;SEC_523
1998;612;12-15;16;22;38;SEC_612
2012;411;12-15;13;9;22;SEC_411
1998;117;00-02;27;21;48;SEC_117
1998;102;16-17;19;14;33;SEC_102
2010;117;18-24;68;61;129;SEC_117
1996;234;00-02;5;7;12;SEC_234
1998;219;25-34;87;92;179;SEC_219
2016;430;25-34;75;94;169;SEC_430
2008;241;50-64;53;52;105;SEC_241
2008;247;18-24;69;77;146;SEC_247
1998;310;16-17;13;15;28;SEC_310
1997;216;00-02;8;11;19;SEC_216
2015;625;16-17;10;12;22;SEC_625
1996;532;25-34;101;106;207;SEC_532
2008;230;25-34;98;107;205;SEC_230
2013;510;00-02;13;9;22;SEC_510
2009;128;12-15;17;13;30;SEC_128
2012;323;65-74;107;118;225;SEC_323
2014;601;16-17;12;16;28;SEC_601
2005;631;50-64;169;132;301;SEC_631
1995;128;50-64;94;98;192;SEC_128
2016;121;35-49;124;131;255;SEC_121
2011;513;25-34;47;54;101;SEC_513
2007;522;18-24;64;54;118;SEC_522
2015;110;12-15;19;17;36;SEC_110
1999;203;65-74;55;42;97;SEC_203
2000;441;18-24;118;111;229;SEC_441
1996;115;35-49;168;160;328;SEC_115
2009;236;50-64;94;77;171;SEC_236
2001;317;00-02;15;10;25;SEC_317
1994;603;75 i +;9;8;17;SEC_603
1997;537;03-11;44;42;86;SEC_537
2012;412;16-17;13;15;28;SEC_412
2006;438;00-02;13;11;24;SEC_438
1999;537;65-74;78;59;137;SEC_537
2004;604;00-02;7;9;16;SEC_604
2000;506;18-24;143;143;286;SEC_506
2014;204;35-49;184;204;388;SEC_204
2004;109;16-17;12;10;22;SEC_109
2004;440;18-24;42;28;70;SEC_440
2009;237;75 i +;77;49;126;SEC_237
2006;429;03-11;19;19;38;SEC_429
2015;531;03-11;40;40;80;SEC_531
1999;126;03-11;24;20;44;SEC_126
2000;318;12-15;18;24;42;SEC_318
2006;225;03-11;12;15;27;SEC_225
2009;507;16-17;9;6;15;SEC_507
2006;516;16-17;7;10;17;SEC_516
2015;245;25-34;92;69;161;SEC_245
2003;419;75 i +;40;21;61;SEC_419
2010;243;35-49;197;181;378;SEC_243
1998;301;03-11;70;84;154;SEC_301
2011;413;16-17;15;7;22;SEC_413
2000;604;65-74;34;36;70;SEC_604
2000;522;18-24;39;41;80;SEC_522
1994;224;75 i +;27;12;39;SEC_224
2002;308;50-64;184;170;354;SEC_308
1994;605;03-11;17;16;33;SEC_605
2008;629;35-49;60;66;126;SEC_629
1994;237;16-17;12;14;26;SEC_237
2007;202;16-17;4;6;10;SEC_202
1997;317;18-24;47;51;98;SEC_317
2006;617;65-74;68;50;118;SEC_617
1997;407;75 i +;33;25;58;SEC_407
2013;404;65-74;69;46;115;SEC_404
1998;629;25-34;51;63;114;SEC_629
2006;528;03-11;58;47;105;SEC_528
2006;612;18-24;31;33;64;SEC_612
2008;120;12-15;34;33;67;SEC_120
2016;229;35-49;241;226;467;SEC_229
2011;627;65-74;53;65;118;SEC_627
2016;242;65-74;67;46;113;SEC_242
2009;205;00-02;7;8;15;SEC_205
1999;210;35-49;79;78;157;SEC_210
2003;111;18-24;42;40;82;SEC_111
1999;507;25-34;79;96;175;SEC_507
2016;243;16-17;15;17;32;SEC_243
2006;244;50-64;51;41;92;SEC_244
2002;527;00-02;15;7;22;SEC_527
2011;233;75 i +;55;37;92;SEC_233
2014;414;16-17;9;15;24;SEC_414
2001;126;25-34;122;134;256;SEC_126
2009;606;35-49;137;135;272;SEC_606
2013;324;25-34;85;83;168;SEC_324
1994;430;25-34;72;84;156;SEC_430
2016;205;35-49;106;102;208;SEC_205
1998;130;25-34;87;102;189;SEC_130
1996;402;16-17;7;7;14;SEC_402
2007;139;03-11;30;60;90;SEC_139
2011;246;18-24;45;42;87;SEC_246
2002;124;50-64;66;62;128;SEC_124
1995;201;18-24;36;50;86;SEC_201
2006;434;35-49;70;78;148;SEC_434
2002;422;16-17;3;11;14;SEC_422
2003;509;18-24;36;27;63;SEC_509
2011;609;35-49;106;101;207;SEC_609
2016;521;75 i +;70;59;129;SEC_521
2004;413;25-34;62;63;125;SEC_413
2007;317;18-24;51;45;96;SEC_317
2011;517;25-34;100;155;255;SEC_517
2005;301;03-11;84;99;183;SEC_301
2001;605;65-74;51;44;95;SEC_605
2007;422;35-49;117;146;263;SEC_422
1999;216;25-34;87;105;192;SEC_216
2006;202;25-34;83;97;180;SEC_202
2015;622;12-15;10;18;28;SEC_622
2007;432;03-11;46;40;86;SEC_432
1998;243;25-34;132;129;261;SEC_243
2016;243;00-02;18;15;33;SEC_243
2000;611;03-11;71;62;133;SEC_611
2010;508;35-49;74;88;162;SEC_508
2015;234;25-34;81;73;154;SEC_234
2000;305;00-02;15;15;30;SEC_305
2011;105;12-15;8;12;20;SEC_105
2000;507;18-24;38;46;84;SEC_507
2008;506;75 i +;80;63;143;SEC_506
2006;626;12-15;16;10;26;SEC_626
2008;418;50-64;101;83;184;SEC_418
2007;218;35-49;82;94;176;SEC_218
2001;221;16-17;8;11;19;SEC_221
1994;310;35-49;107;129;236;SEC_310
2009;527;50-64;81;79;160;SEC_527
2008;614;12-15;14;17;31;SEC_614
2002;409;35-49;73;62;135;SEC_409
1998;422;16-17;9;10;19;SEC_422
2010;306;35-49;186;206;392;SEC_306
2005;324;12-15;13;12;25;SEC_324
2003;209;16-17;4;7;11;SEC_209
2014;613;12-15;18;18;36;SEC_613
1999;110;65-74;54;44;98;SEC_110
2011;140;00-02;15;14;29;SEC_140
2000;415;50-64;54;53;107;SEC_415
2012;427;25-34;90;108;198;SEC_427
2001;432;50-64;150;153;303;SEC_432
2012;441;65-74;113;92;205;SEC_441
2011;220;25-34;75;92;167;SEC_220
2007;104;75 i +;80;42;122;SEC_104
1996;442;75 i +;25;18;43;SEC_442
2007;424;00-02;7;9;16;SEC_424
2012;524;03-11;54;62;116;SEC_524
2012;312;75 i +;79;52;131;SEC_312
1998;243;16-17;13;12;25;SEC_243
1997;413;75 i +;36;13;49;SEC_413
2006;249;65-74;67;35;102;SEC_249
2003;325;00-02;17;24;41;SEC_325
2006;218;03-11;27;29;56;SEC_218
2003;623;75 i +;54;30;84;SEC_623
2011;514;50-64;51;52;103;SEC_514
2003;137;16-17;11;14;25;SEC_137
2007;311;00-02;16;28;44;SEC_311
2013;623;18-24;33;41;74;SEC_623
2008;613;18-24;34;34;68;SEC_613
2004;520;00-02;7;12;19;SEC_520
2002;419;65-74;45;41;86;SEC_419
2013;607;75 i +;81;70;151;SEC_607
1996;244;50-64;60;48;108;SEC_244
2008;410;03-11;49;84;133;SEC_410
1995;106;65-74;46;37;83;SEC_106
1995;416;12-15;18;9;27;SEC_416
1997;523;25-34;105;110;215;SEC_523
2016;624;12-15;18;20;38;SEC_624
2011;402;16-17;5;4;9;SEC_402
2007;112;35-49;188;167;355;SEC_112
1998;523;50-64;140;131;271;SEC_523
2009;102;25-34;95;100;195;SEC_102
1996;427;65-74;62;60;122;SEC_427
2003;315;18-24;74;86;160;SEC_315
1996;421;75 i +;47;32;79;SEC_421
1998;527;50-64;93;83;176;SEC_527
2000;229;25-34;46;66;112;SEC_229
2014;625;75 i +;59;38;97;SEC_625
2013;237;75 i +;86;50;136;SEC_237
2009;121;18-24;20;26;46;SEC_121
2015;631;16-17;4;7;11;SEC_631
2015;233;00-02;15;18;33;SEC_233
2007;620;03-11;13;28;41;SEC_620
1995;114;18-24;123;130;253;SEC_114
1996;414;75 i +;35;21;56;SEC_414
2013;606;16-17;4;6;10;SEC_606
1994;511;16-17;11;6;17;SEC_511
1997;138;16-17;11;11;22;SEC_138
1996;435;12-15;12;21;33;SEC_435
1997;518;65-74;59;61;120;SEC_518
1998;631;35-49;115;72;187;SEC_631
2008;232;35-49;126;125;251;SEC_232
2011;136;03-11;58;50;108;SEC_136
2014;249;50-64;96;81;177;SEC_249
1997;237;50-64;141;131;272;SEC_237
2007;409;75 i +;27;22;49;SEC_409
1995;507;12-15;21;17;38;SEC_507
2004;137;18-24;68;60;128;SEC_137
1995;242;12-15;17;16;33;SEC_242
2009;120;65-74;51;58;109;SEC_120
2004;515;00-02;9;8;17;SEC_515
2010;117;16-17;13;17;30;SEC_117
1994;417;16-17;6;17;23;SEC_417
1996;128;50-64;100;104;204;SEC_128
2004;421;50-64;125;92;217;SEC_421
1997;606;03-11;46;51;97;SEC_606
2016;207;50-64;171;140;311;SEC_207
2000;219;12-15;20;23;43;SEC_219
2005;601;12-15;24;23;47;SEC_601
2012;206;00-02;14;8;22;SEC_206
2006;135;16-17;12;13;25;SEC_135
2006;533;00-02;18;21;39;SEC_533
2000;204;00-02;5;1;6;SEC_204
2002;607;50-64;125;108;233;SEC_607
2013;523;65-74;75;58;133;SEC_523
2012;407;50-64;70;76;146;SEC_407
1995;235;03-11;33;35;68;SEC_235
1998;417;25-34;56;59;115;SEC_417
2015;320;12-15;35;33;68;SEC_320
2014;117;03-11;69;81;150;SEC_117
2010;317;75 i +;59;26;85;SEC_317
2006;610;35-49;118;126;244;SEC_610
2009;437;12-15;14;10;24;SEC_437
2010;513;12-15;10;12;22;SEC_513
2007;122;65-74;72;69;141;SEC_122
2004;415;65-74;28;25;53;SEC_415
2011;306;16-17;23;16;39;SEC_306
2012;244;65-74;32;21;53;SEC_244
2007;235;03-11;64;72;136;SEC_235
1999;208;35-49;176;163;339;SEC_208
2002;301;03-11;84;94;178;SEC_301
2005;532;00-02;18;17;35;SEC_532
2001;503;00-02;11;10;21;SEC_503
2013;419;00-02;30;35;65;SEC_419
2004;517;16-17;12;6;18;SEC_517
2011;315;16-17;9;7;16;SEC_315
1997;224;35-49;57;59;116;SEC_224
2010;438;50-64;66;73;139;SEC_438
1998;533;75 i +;41;21;62;SEC_533
2013;526;03-11;73;94;167;SEC_526
1996;206;50-64;106;87;193;SEC_206
2014;210;03-11;30;33;63;SEC_210
1995;413;12-15;8;13;21;SEC_413
2001;514;12-15;18;10;28;SEC_514
2003;207;35-49;70;64;134;SEC_207
2000;623;25-34;150;154;304;SEC_623
2013;306;35-49;189;191;380;SEC_306
1999;306;75 i +;66;42;108;SEC_306
1998;119;00-02;12;12;24;SEC_119
2000;409;25-34;62;70;132;SEC_409
2004;221;16-17;8;12;20;SEC_221
2016;327;25-34;88;84;172;SEC_327
2009;244;18-24;28;24;52;SEC_244
2016;306;50-64;146;155;301;SEC_306
1996;318;03-11;47;59;106;SEC_318
2016;317;50-64;88;71;159;SEC_317
2005;137;18-24;52;54;106;SEC_137
2000;516;35-49;46;66;112;SEC_516
2007;123;25-34;110;89;199;SEC_123
2006;622;12-15;11;17;28;SEC_622
2001;520;65-74;60;57;117;SEC_520
1997;608;00-02;6;10;16;SEC_608
2009;121;16-17;9;7;16;SEC_121
2002;433;35-49;105;106;211;SEC_433
2003;249;50-64;86;70;156;SEC_249
2000;632;16-17;13;16;29;SEC_632
2011;401;00-02;11;27;38;SEC_401
1999;120;00-02;24;29;53;SEC_120
2010;221;12-15;19;18;37;SEC_221
2009;627;35-49;84;92;176;SEC_627
2002;516;50-64;58;51;109;SEC_516
2003;243;00-02;16;22;38;SEC_243
2003;244;35-49;80;87;167;SEC_244
2009;310;03-11;35;39;74;SEC_310
2016;128;65-74;62;46;108;SEC_128
1998;125;00-02;6;7;13;SEC_125
2001;441;50-64;205;191;396;SEC_441
2003;218;12-15;8;15;23;SEC_218
2013;135;25-34;87;103;190;SEC_135
2005;528;35-49;140;147;287;SEC_528
2004;621;18-24;70;94;164;SEC_621
1999;433;75 i +;44;20;64;SEC_433
1994;420;12-15;22;27;49;SEC_420
1998;119;12-15;35;29;64;SEC_119
2012;502;35-49;184;217;401;SEC_502
2001;614;16-17;4;5;9;SEC_614
2006;210;35-49;84;80;164;SEC_210
1997;312;50-64;198;188;386;SEC_312
2013;514;75 i +;92;63;155;SEC_514
1998;624;65-74;36;39;75;SEC_624
2000;628;18-24;68;83;151;SEC_628
2007;301;00-02;47;51;98;SEC_301
1999;134;12-15;32;33;65;SEC_134
2004;131;75 i +;53;35;88;SEC_131
2004;527;75 i +;59;31;90;SEC_527
2005;412;75 i +;71;51;122;SEC_412
2000;233;16-17;0;5;5;SEC_233
2002;303;25-34;162;187;349;SEC_303
2012;247;16-17;10;17;27;SEC_247
2008;108;03-11;53;47;100;SEC_108
1996;241;18-24;35;30;65;SEC_241
1994;520;12-15;17;27;44;SEC_520
2003;442;35-49;71;57;128;SEC_442
2011;116;65-74;101;94;195;SEC_116
2002;403;12-15;15;15;30;SEC_403
2000;104;00-02;15;11;26;SEC_104
1994;310;03-11;58;54;112;SEC_310
2009;323;03-11;142;138;280;SEC_323
1999;212;00-02;13;18;31;SEC_212
1999;628;50-64;133;148;281;SEC_628
1997;519;65-74;40;43;83;SEC_519
1997;442;16-17;4;6;10;SEC_442
2013;243;65-74;60;49;109;SEC_243
2001;105;16-17;7;13;20;SEC_105
1994;532;35-49;134;116;250;SEC_532
2014;327;65-74;48;55;103;SEC_327
2001;404;35-49;108;136;244;SEC_404
2015;232;18-24;52;45;97;SEC_232
2014;240;35-49;204;193;397;SEC_240
1994;206;35-49;73;66;139;SEC_206
2014;324;18-24;30;30;60;SEC_324
2005;611;00-02;39;28;67;SEC_611
2004;221;35-49;118;121;239;SEC_221
2001;247;35-49;132;142;274;SEC_247
1994;117;12-15;67;74;141;SEC_117
2002;228;18-24;33;34;67;SEC_228
2010;135;18-24;57;51;108;SEC_135
2006;441;12-15;28;38;66;SEC_441
2002;104;16-17;4;4;8;SEC_104
2013;110;25-34;70;65;135;SEC_110
2000;439;35-49;76;66;142;SEC_439
1994;439;50-64;124;129;253;SEC_439
1996;139;35-49;99;103;202;SEC_139
2005;226;18-24;50;42;92;SEC_226
2006;310;25-34;112;121;233;SEC_310
2008;114;00-02;13;21;34;SEC_114
1998;509;18-24;42;47;89;SEC_509
1999;223;50-64;111;104;215;SEC_223
2004;135;75 i +;49;36;85;SEC_135
2015;517;65-74;71;48;119;SEC_517
2016;224;03-11;51;66;117;SEC_224
2009;125;65-74;57;71;128;SEC_125
2008;418;03-11;55;58;113;SEC_418
2008;526;12-15;16;21;37;SEC_526
2011;606;35-49;133;150;283;SEC_606
1995;223;75 i +;55;21;76;SEC_223
2010;404;00-02;26;27;53;SEC_404
2013;220;50-64;132;121;253;SEC_220
2010;624;65-74;76;91;167;SEC_624
1994;233;16-17;2;10;12;SEC_233
2006;510;12-15;13;18;31;SEC_510
1997;519;50-64;63;49;112;SEC_519
2008;105;35-49;151;134;285;SEC_105
2004;426;12-15;10;15;25;SEC_426
1997;402;50-64;91;86;177;SEC_402
2013;123;18-24;45;48;93;SEC_123
2006;115;25-34;129;132;261;SEC_115
2016;237;25-34;110;99;209;SEC_237
1996;425;50-64;101;96;197;SEC_425
2000;247;12-15;18;17;35;SEC_247
2014;107;25-34;99;108;207;SEC_107
2002;318;16-17;8;12;20;SEC_318
2002;315;75 i +;59;31;90;SEC_315
2016;615;00-02;10;11;21;SEC_615
2012;417;16-17;5;11;16;SEC_417
2013;432;50-64;143;127;270;SEC_432
2014;107;16-17;11;17;28;SEC_107
2008;120;50-64;177;181;358;SEC_120
2004;220;50-64;65;44;109;SEC_220
2016;305;00-02;26;17;43;SEC_305
2015;418;16-17;13;19;32;SEC_418
2011;618;75 i +;25;18;43;SEC_618
2011;109;65-74;52;49;101;SEC_109
2005;242;50-64;89;94;183;SEC_242
2001;319;18-24;40;54;94;SEC_319
2005;402;35-49;84;106;190;SEC_402
2015;534;03-11;33;38;71;SEC_534
2015;119;03-11;40;41;81;SEC_119
2011;626;75 i +;63;44;107;SEC_626
2008;629;50-64;53;45;98;SEC_629
1994;140;75 i +;35;19;54;SEC_140
2008;612;00-02;20;16;36;SEC_612
2006;509;50-64;67;53;120;SEC_509
2000;201;03-11;15;20;35;SEC_201
1999;407;18-24;39;43;82;SEC_407
2003;325;18-24;77;76;153;SEC_325
2016;117;12-15;31;38;69;SEC_117
2007;501;12-15;17;15;32;SEC_501
1999;117;75 i +;49;24;73;SEC_117
2011;227;18-24;17;11;28;SEC_227
2011;628;50-64;103;76;179;SEC_628
1996;441;18-24;113;141;254;SEC_441
1996;519;50-64;69;54;123;SEC_519
2008;424;65-74;32;26;58;SEC_424
2015;423;35-49;118;120;238;SEC_423
2002;134;03-11;44;49;93;SEC_134
2011;221;12-15;17;16;33;SEC_221
1995;504;75 i +;50;31;81;SEC_504
2015;529;00-02;24;14;38;SEC_529
2000;136;16-17;11;12;23;SEC_136
2012;501;35-49;115;115;230;SEC_501
2009;617;50-64;82;81;163;SEC_617
1999;121;03-11;33;33;66;SEC_121
2013;529;18-24;48;48;96;SEC_529
1995;519;50-64;76;62;138;SEC_519
2003;529;25-34;108;135;243;SEC_529
2002;234;65-74;89;51;140;SEC_234
2003;203;18-24;30;36;66;SEC_203
2005;426;03-11;37;40;77;SEC_426
2000;246;03-11;34;27;61;SEC_246
2008;127;35-49;104;100;204;SEC_127
2006;313;35-49;217;194;411;SEC_313
2003;301;25-34;261;256;517;SEC_301
1994;323;35-49;426;418;844;SEC_323
2008;504;00-02;12;12;24;SEC_504
2008;313;16-17;22;19;41;SEC_313
1995;620;50-64;91;96;187;SEC_620
1996;246;00-02;21;8;29;SEC_246
2011;135;65-74;81;80;161;SEC_135
2013;618;25-34;49;57;106;SEC_618
2014;525;12-15;15;15;30;SEC_525
1995;511;35-49;47;47;94;SEC_511
2000;417;03-11;20;17;37;SEC_417
2016;243;03-11;57;78;135;SEC_243
2009;239;65-74;67;43;110;SEC_239
2016;128;03-11;43;57;100;SEC_128
2002;507;25-34;82;94;176;SEC_507
1995;305;00-02;18;9;27;SEC_305
1999;243;25-34;146;127;273;SEC_243
2016;138;25-34;40;56;96;SEC_138
1998;527;16-17;10;10;20;SEC_527
1999;620;16-17;9;5;14;SEC_620
2010;526;16-17;9;10;19;SEC_526
1995;123;18-24;73;58;131;SEC_123
2015;226;18-24;59;68;127;SEC_226
1995;501;75 i +;21;9;30;SEC_501
1994;417;03-11;28;26;54;SEC_417
2005;629;18-24;23;28;51;SEC_629
2004;531;50-64;84;79;163;SEC_531
2016;137;16-17;16;13;29;SEC_137
1999;536;00-02;7;11;18;SEC_536
2004;421;12-15;14;15;29;SEC_421
2010;228;50-64;37;47;84;SEC_228
1996;528;18-24;86;83;169;SEC_528
2016;430;18-24;39;57;96;SEC_430
2015;613;25-34;48;60;108;SEC_613
1996;515;35-49;50;39;89;SEC_515
2008;133;65-74;46;34;80;SEC_133
2016;130;00-02;18;13;31;SEC_130
2014;321;75 i +;120;80;200;SEC_321
2006;416;12-15;15;17;32;SEC_416
2012;405;18-24;28;26;54;SEC_405
1997;402;25-34;48;71;119;SEC_402
2007;532;75 i +;77;60;137;SEC_532
2006;312;75 i +;63;32;95;SEC_312
2016;327;35-49;141;152;293;SEC_327
2014;302;35-49;140;163;303;SEC_302
2016;310;65-74;49;50;99;SEC_310
2016;624;18-24;30;27;57;SEC_624
2011;438;50-64;66;65;131;SEC_438
1997;121;00-02;11;9;20;SEC_121
2007;416;03-11;34;42;76;SEC_416
2000;526;00-02;4;8;12;SEC_526
1999;246;00-02;6;16;22;SEC_246
2013;308;50-64;216;207;423;SEC_308
2009;626;16-17;2;6;8;SEC_626
2010;242;35-49;115;133;248;SEC_242
2001;315;16-17;17;17;34;SEC_315
1998;107;16-17;24;26;50;SEC_107
1998;212;00-02;10;16;26;SEC_212
1999;249;00-02;6;11;17;SEC_249
2006;508;65-74;40;31;71;SEC_508
2007;210;65-74;61;45;106;SEC_210
1999;234;00-02;12;6;18;SEC_234
1997;435;65-74;116;73;189;SEC_435
2014;612;00-02;18;14;32;SEC_612
2007;230;03-11;38;32;70;SEC_230
2011;405;16-17;4;8;12;SEC_405
1999;242;65-74;95;75;170;SEC_242
1997;323;25-34;191;195;386;SEC_323
2006;621;75 i +;37;20;57;SEC_621
1998;322;18-24;67;82;149;SEC_322
1997;122;25-34;78;95;173;SEC_122
2001;428;65-74;48;30;78;SEC_428
1998;127;25-34;67;75;142;SEC_127
2009;227;25-34;74;61;135;SEC_227
1996;525;75 i +;32;23;55;SEC_525
2001;303;03-11;39;45;84;SEC_303
2006;237;12-15;21;19;40;SEC_237
2009;226;75 i +;82;46;128;SEC_226
2008;416;00-02;17;11;28;SEC_416
1996;306;25-34;120;122;242;SEC_306
1999;208;00-02;12;13;25;SEC_208
1995;314;25-34;202;172;374;SEC_314
2016;248;65-74;45;43;88;SEC_248
2003;248;12-15;16;23;39;SEC_248
2013;138;18-24;27;24;51;SEC_138
1996;506;03-11;86;106;192;SEC_506
2003;402;03-11;29;29;58;SEC_402
1995;503;75 i +;19;7;26;SEC_503
2015;416;75 i +;90;55;145;SEC_416
1999;623;16-17;15;25;40;SEC_623
2016;130;75 i +;100;58;158;SEC_130
2011;407;16-17;4;6;10;SEC_407
1998;324;50-64;73;70;143;SEC_324
1997;133;50-64;85;84;169;SEC_133
2016;403;75 i +;96;80;176;SEC_403
2008;418;18-24;53;74;127;SEC_418
2000;243;16-17;15;5;20;SEC_243
2013;124;03-11;41;35;76;SEC_124
2016;126;35-49;115;107;222;SEC_126
2004;536;00-02;11;14;25;SEC_536
1998;416;35-49;51;58;109;SEC_416
2001;603;18-24;32;38;70;SEC_603
2006;132;00-02;38;21;59;SEC_132
1997;507;50-64;81;106;187;SEC_507
1994;204;18-24;34;24;58;SEC_204
2009;119;75 i +;77;47;124;SEC_119
2000;325;16-17;20;16;36;SEC_325
2008;307;12-15;16;17;33;SEC_307
2001;521;12-15;22;16;38;SEC_521
1995;528;25-34;94;111;205;SEC_528
2016;437;03-11;64;70;134;SEC_437
2016;511;18-24;87;82;169;SEC_511
2009;537;12-15;18;15;33;SEC_537
1997;242;00-02;6;11;17;SEC_242
2009;303;35-49;164;191;355;SEC_303
2016;602;03-11;58;67;125;SEC_602
2008;203;25-34;93;108;201;SEC_203
2005;238;03-11;26;28;54;SEC_238
1997;413;16-17;2;7;9;SEC_413
2011;105;65-74;44;48;92;SEC_105
1998;516;50-64;67;58;125;SEC_516
2016;125;65-74;108;93;201;SEC_125
1994;403;50-64;157;160;317;SEC_403
2006;123;12-15;30;31;61;SEC_123
1998;616;18-24;189;193;382;SEC_616
2015;535;16-17;7;8;15;SEC_535
2000;537;65-74;81;60;141;SEC_537
2016;538;03-11;52;50;102;SEC_538
2003;240;00-02;9;14;23;SEC_240
1994;404;12-15;28;26;54;SEC_404
1994;435;35-49;83;97;180;SEC_435
2009;320;35-49;147;151;298;SEC_320
1997;216;12-15;20;24;44;SEC_216
2005;130;65-74;92;69;161;SEC_130
2001;130;35-49;86;99;185;SEC_130
2000;631;18-24;66;83;149;SEC_631
2008;223;18-24;54;46;100;SEC_223
2004;533;00-02;8;12;20;SEC_533
2002;514;12-15;18;9;27;SEC_514
1996;420;75 i +;66;40;106;SEC_420
2008;133;03-11;39;38;77;SEC_133
2004;219;18-24;46;61;107;SEC_219
2009;625;35-49;111;125;236;SEC_625
2001;423;18-24;44;43;87;SEC_423
2009;515;75 i +;31;11;42;SEC_515
2010;216;16-17;12;13;25;SEC_216
1996;612;50-64;178;180;358;SEC_612
2005;410;25-34;139;146;285;SEC_410
1995;533;75 i +;46;23;69;SEC_533
2008;233;12-15;10;13;23;SEC_233
2009;512;65-74;70;56;126;SEC_512
2004;535;75 i +;48;28;76;SEC_535
2007;609;75 i +;30;28;58;SEC_609
2013;441;03-11;75;78;153;SEC_441
2002;202;03-11;11;27;38;SEC_202
2011;510;75 i +;72;39;111;SEC_510
2005;323;03-11;138;142;280;SEC_323
2013;427;03-11;87;87;174;SEC_427
2005;209;00-02;10;18;28;SEC_209
2001;136;25-34;104;104;208;SEC_136
2006;126;50-64;131;98;229;SEC_126
1996;212;25-34;118;116;234;SEC_212
2009;627;50-64;162;147;309;SEC_627
2009;110;12-15;15;15;30;SEC_110
2015;313;65-74;100;88;188;SEC_313
2015;124;75 i +;47;40;87;SEC_124
2010;432;03-11;48;38;86;SEC_432
2016;115;12-15;20;23;43;SEC_115
2005;138;50-64;92;88;180;SEC_138
2007;140;75 i +;52;41;93;SEC_140
2007;222;50-64;75;70;145;SEC_222
2005;127;03-11;25;29;54;SEC_127
1996;221;35-49;98;93;191;SEC_221
2012;317;35-49;135;181;316;SEC_317
1998;535;03-11;34;34;68;SEC_535
2007;505;03-11;26;26;52;SEC_505
1996;118;65-74;43;29;72;SEC_118
1996;128;65-74;42;41;83;SEC_128
2008;513;25-34;78;93;171;SEC_513
2006;210;18-24;15;29;44;SEC_210
2013;511;25-34;173;167;340;SEC_511
2002;610;25-34;119;130;249;SEC_610
2015;416;16-17;9;9;18;SEC_416
1996;132;16-17;37;53;90;SEC_132
2002;204;35-49;44;59;103;SEC_204
2002;425;00-02;11;8;19;SEC_425
1999;308;00-02;18;20;38;SEC_308
2011;401;65-74;51;54;105;SEC_401
2003;516;35-49;69;89;158;SEC_516
1994;423;50-64;134;135;269;SEC_423
1995;505;18-24;158;163;321;SEC_505
2011;614;18-24;26;37;63;SEC_614
2011;411;50-64;90;73;163;SEC_411
2011;233;65-74;52;24;76;SEC_233
2002;118;50-64;182;205;387;SEC_118
2006;237;35-49;160;204;364;SEC_237
2004;424;03-11;20;19;39;SEC_424
1998;122;00-02;10;9;19;SEC_122
2004;114;75 i +;67;34;101;SEC_114
2005;107;03-11;43;57;100;SEC_107
1995;318;00-02;13;12;25;SEC_318
2000;605;03-11;10;18;28;SEC_605
1995;248;18-24;52;57;109;SEC_248
2002;127;35-49;103;97;200;SEC_127
2002;417;35-49;73;67;140;SEC_417
1995;503;00-02;8;18;26;SEC_503
2011;236;50-64;91;80;171;SEC_236
2005;227;25-34;91;70;161;SEC_227
2010;244;65-74;31;23;54;SEC_244
1999;413;16-17;6;5;11;SEC_413
2006;520;00-02;9;7;16;SEC_520
1997;114;35-49;186;183;369;SEC_114
2003;311;03-11;38;47;85;SEC_311
2006;302;00-02;16;15;31;SEC_302
2008;416;03-11;41;43;84;SEC_416
2015;315;75 i +;56;43;99;SEC_315
2011;104;50-64;78;62;140;SEC_104
2006;532;00-02;14;21;35;SEC_532
2003;237;12-15;20;21;41;SEC_237
2009;530;03-11;50;50;100;SEC_530
2013;517;65-74;82;56;138;SEC_517
2000;513;00-02;9;9;18;SEC_513
2003;120;16-17;19;22;41;SEC_120
1997;531;25-34;86;78;164;SEC_531
2001;620;75 i +;14;4;18;SEC_620
2006;516;50-64;43;42;85;SEC_516
2009;318;18-24;38;33;71;SEC_318
2011;325;35-49;204;168;372;SEC_325
2015;615;50-64;50;45;95;SEC_615
2010;436;75 i +;31;23;54;SEC_436
2016;529;18-24;50;48;98;SEC_529
2001;223;35-49;95;113;208;SEC_223
2016;113;25-34;96;95;191;SEC_113
2016;315;25-34;125;131;256;SEC_315
2002;619;35-49;146;147;293;SEC_619
1999;438;12-15;18;10;28;SEC_438
2014;122;65-74;64;38;102;SEC_122
2012;408;35-49;125;116;241;SEC_408
2006;132;25-34;172;207;379;SEC_132
2009;131;75 i +;58;42;100;SEC_131
1995;407;00-02;9;11;20;SEC_407
1996;307;03-11;56;76;132;SEC_307
1995;414;03-11;27;43;70;SEC_414
2002;522;75 i +;33;18;51;SEC_522
2000;438;03-11;25;24;49;SEC_438
2007;242;18-24;42;54;96;SEC_242
1995;430;50-64;100;109;209;SEC_430
1998;436;25-34;70;89;159;SEC_436
2016;106;03-11;56;64;120;SEC_106
2016;503;16-17;6;7;13;SEC_503
2006;401;50-64;90;94;184;SEC_401
2008;533;50-64;59;62;121;SEC_533
1999;234;03-11;23;30;53;SEC_234
1998;626;12-15;17;22;39;SEC_626
2002;612;16-17;8;11;19;SEC_612
1995;306;65-74;99;76;175;SEC_306
2008;218;35-49;81;91;172;SEC_218
1999;606;35-49;87;101;188;SEC_606
2005;204;12-15;10;9;19;SEC_204
2000;246;18-24;44;37;81;SEC_246
2008;105;18-24;47;50;97;SEC_105
2002;513;16-17;4;7;11;SEC_513
1999;120;03-11;79;76;155;SEC_120
1994;304;75 i +;60;42;102;SEC_304
1999;442;00-02;4;3;7;SEC_442
2012;225;00-02;8;9;17;SEC_225
2011;108;25-34;105;105;210;SEC_108
2000;317;00-02;9;15;24;SEC_317
2007;240;25-34;73;78;151;SEC_240
2008;502;75 i +;139;64;203;SEC_502
1999;230;75 i +;41;18;59;SEC_230
2000;417;00-02;6;6;12;SEC_417
2013;137;00-02;13;19;32;SEC_137
2005;302;16-17;13;5;18;SEC_302
2007;316;00-02;17;14;31;SEC_316
2009;208;00-02;10;16;26;SEC_208
2003;219;12-15;14;20;34;SEC_219
2002;221;35-49;103;127;230;SEC_221
2012;124;75 i +;45;44;89;SEC_124
1995;117;03-11;92;94;186;SEC_117
2010;323;16-17;30;27;57;SEC_323
2003;503;50-64;98;109;207;SEC_503
1999;124;18-24;49;46;95;SEC_124
1994;529;75 i +;59;28;87;SEC_529
2008;102;35-49;166;183;349;SEC_102
2007;204;65-74;28;22;50;SEC_204
2013;122;65-74;70;44;114;SEC_122
2000;125;50-64;129;142;271;SEC_125
2002;607;03-11;30;28;58;SEC_607
1999;413;00-02;2;2;4;SEC_413
2004;441;35-49;225;227;452;SEC_441
1994;128;75 i +;29;13;42;SEC_128
2003;322;65-74;54;58;112;SEC_322
2015;631;35-49;132;132;264;SEC_631
1997;442;50-64;66;61;127;SEC_442
2011;127;35-49;102;113;215;SEC_127
1996;138;16-17;14;20;34;SEC_138
1997;219;65-74;79;68;147;SEC_219
2007;213;18-24;58;53;111;SEC_213
1998;127;12-15;25;16;41;SEC_127
2011;536;65-74;49;40;89;SEC_536
2013;313;00-02;18;23;41;SEC_313
2004;517;18-24;67;69;136;SEC_517
2015;107;65-74;101;89;190;SEC_107
2010;132;50-64;224;211;435;SEC_132
1994;528;65-74;57;56;113;SEC_528
2007;303;12-15;15;21;36;SEC_303
2012;606;00-02;20;19;39;SEC_606
2001;610;35-49;91;93;184;SEC_610
2007;325;50-64;206;183;389;SEC_325
2004;608;00-02;10;9;19;SEC_608
2011;619;50-64;144;118;262;SEC_619
1997;601;25-34;85;140;225;SEC_601
2001;501;65-74;22;23;45;SEC_501
2011;418;00-02;23;13;36;SEC_418
2003;430;16-17;6;7;13;SEC_430
1999;249;35-49;85;83;168;SEC_249
2001;431;65-74;87;68;155;SEC_431
1994;509;75 i +;36;14;50;SEC_509
2007;301;75 i +;104;65;169;SEC_301
1997;602;75 i +;21;13;34;SEC_602
2007;205;25-34;88;86;174;SEC_205
2016;530;35-49;246;239;485;SEC_530
2003;233;12-15;9;15;24;SEC_233
2004;207;00-02;6;10;16;SEC_207
2001;620;00-02;5;8;13;SEC_620
2007;110;75 i +;62;36;98;SEC_110
1995;110;35-49;184;154;338;SEC_110
2000;121;16-17;3;3;6;SEC_121
2007;605;03-11;17;21;38;SEC_605
1999;126;25-34;105;129;234;SEC_126
1995;108;65-74;94;75;169;SEC_108
2005;315;35-49;205;191;396;SEC_315
1998;507;00-02;8;12;20;SEC_507
1994;535;75 i +;26;16;42;SEC_535
2002;235;35-49;109;134;243;SEC_235
1996;206;16-17;7;8;15;SEC_206
2000;517;75 i +;49;30;79;SEC_517
2009;507;25-34;73;78;151;SEC_507
2010;111;75 i +;55;46;101;SEC_111
2011;632;16-17;10;11;21;SEC_632
1995;220;12-15;16;15;31;SEC_220
2008;517;25-34;134;179;313;SEC_517
2005;428;25-34;58;82;140;SEC_428
2015;121;75 i +;78;43;121;SEC_121
1999;245;03-11;25;29;54;SEC_245
2003;504;12-15;10;15;25;SEC_504
2016;419;25-34;138;161;299;SEC_419
2010;219;75 i +;92;49;141;SEC_219
2015;528;03-11;47;55;102;SEC_528
2005;609;12-15;16;8;24;SEC_609
1999;538;50-64;130;106;236;SEC_538
1994;231;16-17;16;16;32;SEC_231
2005;417;35-49;70;87;157;SEC_417
2012;302;00-02;26;28;54;SEC_302
1997;603;75 i +;11;12;23;SEC_603
2014;103;35-49;104;116;220;SEC_103
1999;309;35-49;92;71;163;SEC_309
2012;235;75 i +;87;58;145;SEC_235
2009;209;35-49;133;124;257;SEC_209
2013;610;65-74;135;104;239;SEC_610
2000;307;16-17;21;13;34;SEC_307
1994;220;35-49;68;57;125;SEC_220
2009;411;25-34;73;93;166;SEC_411
2011;213;50-64;85;79;164;SEC_213
2001;117;75 i +;59;33;92;SEC_117
2010;234;03-11;29;47;76;SEC_234
1996;131;25-34;110;120;230;SEC_131
1997;628;50-64;131;152;283;SEC_628
2001;613;00-02;14;15;29;SEC_613
2010;608;35-49;83;111;194;SEC_608
2003;239;03-11;31;42;73;SEC_239
2014;322;16-17;20;14;34;SEC_322
2005;610;00-02;15;14;29;SEC_610
2016;120;12-15;23;48;71;SEC_120
2012;632;50-64;78;64;142;SEC_632
1999;112;00-02;14;16;30;SEC_112
2003;314;65-74;69;66;135;SEC_314
1994;314;25-34;203;183;386;SEC_314
1994;509;65-74;25;29;54;SEC_509
1999;628;12-15;21;20;41;SEC_628
2012;303;65-74;131;102;233;SEC_303
2004;430;25-34;86;119;205;SEC_430
2014;311;50-64;109;93;202;SEC_311
2011;138;12-15;20;13;33;SEC_138
2010;439;03-11;57;54;111;SEC_439
2007;213;25-34;83;135;218;SEC_213
2000;405;16-17;6;3;9;SEC_405
2014;234;35-49;134;139;273;SEC_234
2016;103;25-34;42;37;79;SEC_103
1996;518;75 i +;49;27;76;SEC_518
2016;406;03-11;57;60;117;SEC_406
2001;122;18-24;39;28;67;SEC_122
2003;405;16-17;8;3;11;SEC_405
1995;514;16-17;6;11;17;SEC_514
1994;615;65-74;31;19;50;SEC_615
2015;136;25-34;84;53;137;SEC_136
2008;132;65-74;95;89;184;SEC_132
2005;125;18-24;51;67;118;SEC_125
2007;414;35-49;97;113;210;SEC_414
2008;419;65-74;49;34;83;SEC_419
2003;404;75 i +;63;27;90;SEC_404
2014;425;16-17;10;10;20;SEC_425
2011;403;03-11;43;35;78;SEC_403
2014;320;75 i +;49;28;77;SEC_320
1997;310;00-02;7;8;15;SEC_310
2013;526;65-74;77;60;137;SEC_526
1996;442;65-74;40;28;68;SEC_442
2016;526;16-17;15;22;37;SEC_526
2005;430;12-15;9;16;25;SEC_430
1997;537;75 i +;47;26;73;SEC_537
1994;215;12-15;14;21;35;SEC_215
2002;407;75 i +;45;38;83;SEC_407
2016;233;03-11;37;47;84;SEC_233
2002;627;03-11;26;29;55;SEC_627
2004;248;35-49;128;159;287;SEC_248
2008;410;65-74;131;98;229;SEC_410
2005;118;03-11;64;69;133;SEC_118
1999;614;50-64;140;126;266;SEC_614
2016;101;18-24;64;68;132;SEC_101
1997;204;35-49;43;46;89;SEC_204
2005;412;18-24;82;92;174;SEC_412
2004;209;50-64;70;68;138;SEC_209
2016;404;65-74;68;50;118;SEC_404
2001;237;18-24;46;48;94;SEC_237
2003;323;65-74;82;52;134;SEC_323
2007;406;12-15;22;27;49;SEC_406
1994;416;03-11;17;16;33;SEC_416
2014;624;03-11;38;45;83;SEC_624
1999;216;12-15;21;22;43;SEC_216
2007;436;16-17;7;11;18;SEC_436
2005;428;75 i +;27;22;49;SEC_428
1998;625;35-49;214;187;401;SEC_625
1997;117;65-74;66;49;115;SEC_117
1995;619;50-64;160;167;327;SEC_619
2003;242;35-49;114;112;226;SEC_242
2014;315;75 i +;49;39;88;SEC_315
1995;603;65-74;24;25;49;SEC_603
2014;226;50-64;168;138;306;SEC_226
2007;517;75 i +;59;27;86;SEC_517
2010;504;12-15;14;18;32;SEC_504
2013;423;03-11;53;45;98;SEC_423
2010;235;35-49;200;217;417;SEC_235
2005;116;03-11;61;48;109;SEC_116
2008;407;50-64;83;69;152;SEC_407
2008;236;16-17;16;10;26;SEC_236
2013;625;00-02;11;20;31;SEC_625
2005;619;50-64;147;135;282;SEC_619
2009;605;25-34;53;59;112;SEC_605
1997;610;16-17;28;14;42;SEC_610
2015;437;25-34;106;126;232;SEC_437
2004;422;12-15;17;19;36;SEC_422
2003;308;35-49;213;240;453;SEC_308
2006;231;75 i +;91;44;135;SEC_231
2002;519;12-15;7;8;15;SEC_519
1995;424;03-11;25;17;42;SEC_424
2000;302;35-49;157;114;271;SEC_302
2015;427;03-11;82;90;172;SEC_427
1994;421;03-11;24;44;68;SEC_421
2005;533;00-02;19;16;35;SEC_533
2002;427;50-64;68;56;124;SEC_427
2002;624;16-17;8;8;16;SEC_624
2011;523;65-74;84;69;153;SEC_523
1996;402;18-24;49;47;96;SEC_402
2011;425;25-34;69;107;176;SEC_425
2004;613;65-74;77;77;154;SEC_613
2000;233;75 i +;74;29;103;SEC_233
1998;107;25-34;148;184;332;SEC_107
2000;204;12-15;6;12;18;SEC_204
2010;131;35-49;155;180;335;SEC_131
2013;401;50-64;116;100;216;SEC_401
2000;212;16-17;14;8;22;SEC_212
2002;608;00-02;9;7;16;SEC_608
1994;248;35-49;111;84;195;SEC_248
2013;614;25-34;36;67;103;SEC_614
2009;210;35-49;103;90;193;SEC_210
2013;216;75 i +;77;56;133;SEC_216
1998;205;65-74;55;50;105;SEC_205
1998;130;35-49;67;79;146;SEC_130
1996;122;65-74;46;34;80;SEC_122
2014;310;25-34;74;67;141;SEC_310
1996;510;18-24;86;70;156;SEC_510
2012;120;16-17;12;17;29;SEC_120
2004;506;50-64;259;225;484;SEC_506
2007;221;18-24;56;40;96;SEC_221
2001;601;00-02;12;7;19;SEC_601
2010;132;35-49;217;276;493;SEC_132
1995;212;03-11;41;57;98;SEC_212
1996;619;00-02;10;14;24;SEC_619
1998;514;00-02;8;9;17;SEC_514
2011;325;25-34;109;140;249;SEC_325
2005;419;03-11;39;44;83;SEC_419
1998;412;12-15;36;35;71;SEC_412
1999;140;50-64;118;111;229;SEC_140
2013;136;03-11;57;50;107;SEC_136
2011;125;50-64;159;151;310;SEC_125
2006;413;16-17;5;5;10;SEC_413
1998;511;12-15;5;8;13;SEC_511
2005;214;75 i +;31;17;48;SEC_214
2014;318;50-64;107;101;208;SEC_318
2009;246;18-24;47;51;98;SEC_246
1996;525;00-02;9;5;14;SEC_525
1995;212;12-15;24;23;47;SEC_212
1999;103;65-74;39;34;73;SEC_103
2005;603;16-17;3;9;12;SEC_603
2014;421;35-49;159;163;322;SEC_421
2010;228;03-11;26;31;57;SEC_228
2004;606;00-02;15;11;26;SEC_606
2008;607;00-02;16;17;33;SEC_607
1994;245;75 i +;55;26;81;SEC_245
2010;248;35-49;186;180;366;SEC_248
1999;436;18-24;42;45;87;SEC_436
2000;506;12-15;38;40;78;SEC_506
2014;112;25-34;99;86;185;SEC_112
1999;533;18-24;41;47;88;SEC_533
2007;431;12-15;27;35;62;SEC_431
2002;405;35-49;77;75;152;SEC_405
1995;301;00-02;10;16;26;SEC_301
2003;417;00-02;5;12;17;SEC_417
2013;322;12-15;25;24;49;SEC_322
2010;601;25-34;90;116;206;SEC_601
1998;323;65-74;59;39;98;SEC_323
1998;508;12-15;12;14;26;SEC_508
2001;227;03-11;21;18;39;SEC_227
2008;121;12-15;15;19;34;SEC_121
2016;430;16-17;6;12;18;SEC_430
1998;121;35-49;53;74;127;SEC_121
1998;238;50-64;72;62;134;SEC_238
2001;618;12-15;15;9;24;SEC_618
2011;536;12-15;12;15;27;SEC_536
2013;610;75 i +;71;60;131;SEC_610
2009;118;18-24;77;64;141;SEC_118
2001;322;25-34;126;130;256;SEC_322
2012;216;12-15;22;9;31;SEC_216
2003;430;18-24;55;39;94;SEC_430
2004;529;12-15;16;30;46;SEC_529
1999;614;35-49;82;71;153;SEC_614
2011;106;12-15;19;25;44;SEC_106
2003;134;25-34;104;96;200;SEC_134
2016;421;12-15;29;19;48;SEC_421
2001;418;00-02;14;9;23;SEC_418
1999;207;35-49;75;66;141;SEC_207
2011;521;12-15;14;17;31;SEC_521
2005;247;00-02;15;27;42;SEC_247
2011;538;00-02;23;14;37;SEC_538
1996;240;75 i +;40;12;52;SEC_240
1999;625;50-64;118;136;254;SEC_625
1995;103;03-11;27;23;50;SEC_103
2000;305;65-74;84;54;138;SEC_305
2014;121;00-02;6;10;16;SEC_121
1999;236;12-15;13;11;24;SEC_236
2000;515;75 i +;24;14;38;SEC_515
2001;411;16-17;4;5;9;SEC_411
1995;625;65-74;16;21;37;SEC_625
1999;413;12-15;6;9;15;SEC_413
2012;621;12-15;21;31;52;SEC_621
2016;531;50-64;81;82;163;SEC_531
2013;114;65-74;119;91;210;SEC_114
1996;534;50-64;92;99;191;SEC_534
2004;538;50-64;117;79;196;SEC_538
2014;216;00-02;17;17;34;SEC_216
1994;308;00-02;8;9;17;SEC_308
2002;430;03-11;28;43;71;SEC_430
2006;240;12-15;14;16;30;SEC_240
2004;605;00-02;9;5;14;SEC_605
2011;234;25-34;95;93;188;SEC_234
2013;308;25-34;129;120;249;SEC_308
1997;202;00-02;3;8;11;SEC_202
2004;105;16-17;9;15;24;SEC_105
1996;123;65-74;76;63;139;SEC_123
2010;241;16-17;8;7;15;SEC_241
1997;631;35-49;134;85;219;SEC_631
2012;205;35-49;113;111;224;SEC_205
2004;631;50-64;170;143;313;SEC_631
2015;327;18-24;47;37;84;SEC_327
2007;608;75 i +;41;28;69;SEC_608
2001;404;12-15;15;15;30;SEC_404
1999;441;03-11;85;74;159;SEC_441
2000;625;75 i +;15;8;23;SEC_625
2007;118;18-24;97;87;184;SEC_118
1994;437;25-34;68;94;162;SEC_437
2004;618;16-17;12;6;18;SEC_618
2016;213;03-11;37;56;93;SEC_213
1998;211;00-02;12;12;24;SEC_211
2004;115;35-49;149;152;301;SEC_115
2010;232;16-17;9;8;17;SEC_232
2015;103;75 i +;54;33;87;SEC_103
2008;517;18-24;51;65;116;SEC_517
2002;323;16-17;30;24;54;SEC_323
2000;412;50-64;181;169;350;SEC_412
2002;117;35-49;253;244;497;SEC_117
2005;316;35-49;263;176;439;SEC_316
2005;624;75 i +;31;19;50;SEC_624
2015;104;12-15;9;22;31;SEC_104
2004;303;35-49;113;136;249;SEC_303
2011;503;75 i +;41;22;63;SEC_503
2000;601;16-17;12;16;28;SEC_601
2002;628;75 i +;35;19;54;SEC_628
1999;408;00-02;5;15;20;SEC_408
2014;537;00-02;16;18;34;SEC_537
2010;410;16-17;12;14;26;SEC_410
2014;501;50-64;116;90;206;SEC_501
2008;322;75 i +;56;43;99;SEC_322
2005;134;75 i +;66;32;98;SEC_134
2013;508;65-74;68;48;116;SEC_508
2001;524;25-34;131;122;253;SEC_524
2015;138;12-15;14;9;23;SEC_138
1999;537;25-34;107;93;200;SEC_537
2003;116;16-17;18;7;25;SEC_116
1999;616;75 i +;31;19;50;SEC_616
2014;310;16-17;3;7;10;SEC_310
2003;430;03-11;29;50;79;SEC_430
2001;115;18-24;73;74;147;SEC_115
2009;222;25-34;92;102;194;SEC_222
2001;208;50-64;186;155;341;SEC_208
2004;116;50-64;196;162;358;SEC_116
2008;509;03-11;34;38;72;SEC_509
1999;405;00-02;10;13;23;SEC_405
2004;216;00-02;24;16;40;SEC_216
1996;229;50-64;67;66;133;SEC_229
2011;211;65-74;48;37;85;SEC_211
2002;630;75 i +;22;16;38;SEC_630
2001;246;35-49;98;112;210;SEC_246
2006;305;75 i +;95;55;150;SEC_305
2002;601;75 i +;57;25;82;SEC_601
1996;208;35-49;177;157;334;SEC_208
2003;113;35-49;188;149;337;SEC_113
2010;510;65-74;57;57;114;SEC_510
2007;521;65-74;65;69;134;SEC_521
1999;507;03-11;23;27;50;SEC_507
1996;517;03-11;39;41;80;SEC_517
2005;420;03-11;50;67;117;SEC_420
1999;106;65-74;54;41;95;SEC_106
2003;502;18-24;85;73;158;SEC_502
2005;241;50-64;45;56;101;SEC_241
2013;602;35-49;160;166;326;SEC_602
2013;532;03-11;61;61;122;SEC_532
2006;102;12-15;23;27;50;SEC_102
2002;417;50-64;58;47;105;SEC_417
2009;212;12-15;15;38;53;SEC_212
2004;208;75 i +;132;83;215;SEC_208
1997;314;03-11;96;128;224;SEC_314
2000;306;25-34;123;122;245;SEC_306
2002;221;03-11;42;37;79;SEC_221
2006;121;25-34;73;79;152;SEC_121
2004;419;25-34;83;108;191;SEC_419
2016;308;50-64;212;197;409;SEC_308
1998;525;18-24;42;53;95;SEC_525
1996;408;12-15;19;25;44;SEC_408
2002;309;65-74;32;21;53;SEC_309
2008;127;18-24;37;37;74;SEC_127
1996;215;00-02;11;7;18;SEC_215
2004;416;18-24;36;26;62;SEC_416
2015;627;18-24;14;29;43;SEC_627
2016;407;35-49;121;138;259;SEC_407
1996;301;18-24;138;151;289;SEC_301
2003;506;75 i +;65;40;105;SEC_506
1997;304;00-02;9;14;23;SEC_304
2000;429;25-34;30;40;70;SEC_429
2001;245;75 i +;70;35;105;SEC_245
2006;530;35-49;164;162;326;SEC_530
2002;411;75 i +;55;41;96;SEC_411
2015;231;00-02;22;24;46;SEC_231
2000;303;12-15;17;21;38;SEC_303
2011;422;12-15;20;14;34;SEC_422
2002;530;35-49;133;142;275;SEC_530
2002;423;03-11;35;26;61;SEC_423
1997;403;50-64;162;154;316;SEC_403
2010;521;16-17;3;6;9;SEC_521
2010;621;18-24;44;40;84;SEC_621
2015;125;25-34;91;94;185;SEC_125
2007;208;35-49;166;176;342;SEC_208
1999;229;16-17;2;4;6;SEC_229
2001;409;03-11;13;19;32;SEC_409
2000;309;18-24;40;49;89;SEC_309
2011;205;35-49;116;112;228;SEC_205
2003;110;65-74;64;42;106;SEC_110
2000;404;18-24;55;66;121;SEC_404
2004;231;50-64;84;63;147;SEC_231
2002;208;65-74;141;134;275;SEC_208
2005;129;25-34;135;133;268;SEC_129
2008;114;16-17;11;9;20;SEC_114
1999;415;00-02;3;10;13;SEC_415
2009;314;65-74;77;73;150;SEC_314
1996;625;50-64;111;118;229;SEC_625
2008;111;65-74;65;47;112;SEC_111
2011;414;25-34;78;86;164;SEC_414
2002;307;75 i +;72;39;111;SEC_307
1994;221;50-64;125;129;254;SEC_221
2004;526;16-17;4;7;11;SEC_526
2000;530;03-11;50;42;92;SEC_530
2012;627;16-17;3;7;10;SEC_627
2004;424;35-49;53;62;115;SEC_424
2008;221;35-49;135;135;270;SEC_221
2009;431;25-34;164;189;353;SEC_431
1994;413;65-74;37;30;67;SEC_413
2008;238;03-11;41;40;81;SEC_238
2012;322;35-49;192;178;370;SEC_322
2013;129;50-64;92;81;173;SEC_129
2007;631;16-17;13;8;21;SEC_631
2002;629;35-49;66;59;125;SEC_629
2007;622;25-34;60;83;143;SEC_622
1996;209;12-15;9;13;22;SEC_209
2004;624;03-11;29;34;63;SEC_624
2005;511;18-24;21;30;51;SEC_511
2000;245;12-15;10;19;29;SEC_245
2005;237;35-49;154;202;356;SEC_237
2016;238;03-11;42;55;97;SEC_238
1995;416;00-02;7;5;12;SEC_416
2016;513;65-74;57;37;94;SEC_513
2000;630;50-64;105;118;223;SEC_630
2015;135;50-64;165;145;310;SEC_135
2010;525;18-24;44;40;84;SEC_525
1997;401;03-11;56;42;98;SEC_401
2011;604;12-15;11;10;21;SEC_604
2013;305;50-64;192;180;372;SEC_305
2006;316;25-34;151;166;317;SEC_316
1998;406;00-02;9;14;23;SEC_406
2015;110;03-11;44;34;78;SEC_110
1998;433;03-11;44;36;80;SEC_433
2010;435;50-64;88;78;166;SEC_435
2013;513;16-17;18;13;31;SEC_513
2016;630;18-24;19;34;53;SEC_630
2010;401;00-02;20;24;44;SEC_401
1999;508;16-17;9;6;15;SEC_508
2006;505;35-49;115;106;221;SEC_505
2004;429;12-15;9;13;22;SEC_429
2010;625;35-49;113;114;227;SEC_625
2006;501;03-11;41;40;81;SEC_501
1998;104;50-64;81;74;155;SEC_104
2009;212;18-24;53;64;117;SEC_212
2010;621;12-15;26;28;54;SEC_621
2007;415;35-49;91;140;231;SEC_415
1996;114;16-17;32;30;62;SEC_114
2011;426;03-11;51;55;106;SEC_426
2016;623;03-11;54;61;115;SEC_623
2003;425;00-02;13;7;20;SEC_425
2010;526;50-64;54;51;105;SEC_526
2011;324;50-64;74;67;141;SEC_324
2009;416;75 i +;47;39;86;SEC_416
2012;108;25-34;109;95;204;SEC_108
1994;524;18-24;106;85;191;SEC_524
2000;431;03-11;34;37;71;SEC_431
1994;127;03-11;60;44;104;SEC_127
1999;239;65-74;101;75;176;SEC_239
1994;235;16-17;14;23;37;SEC_235
1997;137;25-34;102;93;195;SEC_137
1997;527;35-49;76;96;172;SEC_527
2011;136;18-24;40;38;78;SEC_136
1997;418;50-64;132;116;248;SEC_418
1994;217;16-17;5;8;13;SEC_217
2013;137;75 i +;59;37;96;SEC_137
2005;604;00-02;9;9;18;SEC_604
2002;502;00-02;14;17;31;SEC_502
2001;126;35-49;58;55;113;SEC_126
2006;537;00-02;18;4;22;SEC_537
2000;603;65-74;24;23;47;SEC_603
2002;506;65-74;87;83;170;SEC_506
2003;109;75 i +;57;35;92;SEC_109
2009;235;03-11;69;86;155;SEC_235
2007;115;16-17;4;17;21;SEC_115
2008;244;00-02;9;11;20;SEC_244
2012;441;25-34;193;187;380;SEC_441
1999;308;12-15;30;37;67;SEC_308
2012;536;35-49;111;126;237;SEC_536
2003;231;35-49;118;109;227;SEC_231
2010;221;50-64;86;82;168;SEC_221
2003;126;25-34;118;127;245;SEC_126
2001;215;25-34;64;69;133;SEC_215
1995;106;16-17;46;61;107;SEC_106
1994;205;00-02;9;5;14;SEC_205
2006;515;25-34;61;69;130;SEC_515
2001;535;75 i +;41;28;69;SEC_535
2012;604;16-17;6;4;10;SEC_604
1994;428;65-74;29;36;65;SEC_428
2003;316;00-02;4;21;25;SEC_316
2005;626;16-17;10;5;15;SEC_626
2001;604;03-11;26;34;60;SEC_604
2012;519;35-49;75;100;175;SEC_519
2001;221;50-64;98;93;191;SEC_221
2000;606;35-49;84;96;180;SEC_606
1994;318;75 i +;6;10;16;SEC_318
2000;620;03-11;20;31;51;SEC_620
2012;520;25-34;58;57;115;SEC_520
2013;412;00-02;12;18;30;SEC_412
2010;508;12-15;10;9;19;SEC_508
1994;404;75 i +;51;28;79;SEC_404
2016;237;65-74;64;49;113;SEC_237
2012;522;18-24;33;27;60;SEC_522
2009;131;65-74;68;62;130;SEC_131
2004;413;03-11;21;20;41;SEC_413
1999;431;75 i +;65;38;103;SEC_431
2009;127;12-15;10;11;21;SEC_127
2012;130;03-11;49;41;90;SEC_130
2012;511;50-64;51;46;97;SEC_511
2010;605;00-02;12;13;25;SEC_605
1994;606;65-74;55;40;95;SEC_606
1998;139;03-11;27;36;63;SEC_139
2012;631;65-74;100;99;199;SEC_631
1998;229;35-49;49;48;97;SEC_229
2016;102;50-64;152;132;284;SEC_102
2002;118;18-24;127;128;255;SEC_118
1996;241;35-49;51;58;109;SEC_241
2013;533;03-11;83;96;179;SEC_533
2016;406;18-24;60;54;114;SEC_406
1995;631;16-17;21;24;45;SEC_631
2010;427;00-02;19;25;44;SEC_427
1994;210;65-74;80;75;155;SEC_210
1994;201;00-02;4;4;8;SEC_201
2000;308;12-15;29;33;62;SEC_308
1997;437;16-17;7;10;17;SEC_437
2016;112;00-02;23;23;46;SEC_112
1999;409;18-24;45;43;88;SEC_409
2005;225;65-74;34;23;57;SEC_225
1994;204;12-15;6;11;17;SEC_204
2004;514;18-24;35;32;67;SEC_514
2014;109;25-34;87;78;165;SEC_109
2006;603;00-02;4;7;11;SEC_603
1997;628;16-17;16;20;36;SEC_628
1996;631;18-24;127;149;276;SEC_631
1999;246;16-17;9;9;18;SEC_246
2012;417;65-74;30;22;52;SEC_417
1994;240;25-34;46;62;108;SEC_240
2010;527;00-02;26;27;53;SEC_527
2005;439;16-17;5;13;18;SEC_439
2011;611;03-11;90;91;181;SEC_611
1998;524;75 i +;49;26;75;SEC_524
2000;301;00-02;32;17;49;SEC_301
2010;132;25-34;162;188;350;SEC_132
2009;530;25-34;131;143;274;SEC_530
1997;506;35-49;256;217;473;SEC_506
2010;405;00-02;14;14;28;SEC_405
2001;608;12-15;15;20;35;SEC_608
1999;614;16-17;8;15;23;SEC_614
1998;420;65-74;90;68;158;SEC_420
1998;234;35-49;76;69;145;SEC_234
2003;213;03-11;19;35;54;SEC_213
2002;415;03-11;23;34;57;SEC_415
2008;301;03-11;111;109;220;SEC_301
2001;208;25-34;125;141;266;SEC_208
2002;516;75 i +;24;12;36;SEC_516
1994;437;00-02;11;10;21;SEC_437
2001;216;03-11;35;35;70;SEC_216
2015;427;00-02;24;28;52;SEC_427
2007;610;12-15;13;24;37;SEC_610
2016;440;03-11;40;46;86;SEC_440
1994;115;12-15;44;44;88;SEC_115
2010;525;65-74;51;32;83;SEC_525
2007;233;50-64;62;56;118;SEC_233
1997;516;25-34;57;63;120;SEC_516
1999;532;18-24;68;74;142;SEC_532
2005;107;50-64;178;160;338;SEC_107
1998;428;35-49;44;43;87;SEC_428
1997;523;75 i +;83;36;119;SEC_523
2006;517;35-49;155;172;327;SEC_517
2005;621;25-34;133;167;300;SEC_621
2014;109;18-24;31;35;66;SEC_109
2014;414;65-74;67;55;122;SEC_414
2000;228;25-34;62;70;132;SEC_228
2002;119;16-17;19;10;29;SEC_119
1998;314;35-49;330;334;664;SEC_314
2010;210;12-15;15;9;24;SEC_210
1996;403;50-64;163;153;316;SEC_403
2002;630;18-24;69;68;137;SEC_630
2016;441;00-02;34;30;64;SEC_441
1997;116;12-15;45;33;78;SEC_116
1999;206;16-17;8;8;16;SEC_206
1994;209;03-11;30;39;69;SEC_209
2008;517;75 i +;60;28;88;SEC_517
2001;427;18-24;49;50;99;SEC_427
2009;107;12-15;11;30;41;SEC_107
2001;323;50-64;235;286;521;SEC_323
2010;418;50-64;103;87;190;SEC_418
2003;420;75 i +;71;38;109;SEC_420
2003;243;25-34;146;124;270;SEC_243
2000;310;25-34;82;74;156;SEC_310
2015;243;65-74;57;49;106;SEC_243
1997;426;00-02;7;6;13;SEC_426
2013;130;75 i +;99;64;163;SEC_130
2008;231;50-64;79;61;140;SEC_231
1999;612;50-64;176;148;324;SEC_612
1996;437;25-34;63;78;141;SEC_437
1996;120;12-15;39;44;83;SEC_120
2000;504;25-34;122;123;245;SEC_504
2001;137;35-49;164;156;320;SEC_137
2002;431;35-49;132;128;260;SEC_431
2015;418;12-15;23;25;48;SEC_418
2012;522;03-11;47;39;86;SEC_522
2000;112;65-74;56;48;104;SEC_112
1998;230;00-02;13;13;26;SEC_230
2009;439;16-17;9;11;20;SEC_439
2014;127;50-64;82;75;157;SEC_127
2005;302;12-15;17;18;35;SEC_302
2016;301;25-34;149;171;320;SEC_301
2016;211;18-24;57;67;124;SEC_211
2009;418;65-74;70;58;128;SEC_418
2008;518;65-74;81;56;137;SEC_518
1998;601;65-74;58;61;119;SEC_601
2007;413;16-17;11;7;18;SEC_413
2004;202;03-11;21;29;50;SEC_202
2002;124;65-74;46;47;93;SEC_124
2004;323;65-74;84;51;135;SEC_323
1994;125;25-34;85;89;174;SEC_125
1998;621;12-15;29;49;78;SEC_621
2013;103;12-15;15;20;35;SEC_103
2007;425;00-02;14;11;25;SEC_425
2011;428;00-02;18;11;29;SEC_428
2003;613;16-17;8;7;15;SEC_613
1996;403;16-17;17;12;29;SEC_403
1999;104;18-24;35;38;73;SEC_104
2009;311;65-74;73;63;136;SEC_311
2013;211;18-24;46;46;92;SEC_211
1999;417;18-24;32;31;63;SEC_417
2007;125;03-11;54;58;112;SEC_125
2010;133;65-74;45;34;79;SEC_133
2013;435;00-02;18;22;40;SEC_435
1998;137;25-34;116;101;217;SEC_137
2013;502;65-74;83;83;166;SEC_502
2007;235;50-64;114;85;199;SEC_235
2007;417;65-74;39;23;62;SEC_417
1996;126;35-49;110;87;197;SEC_126
2012;210;16-17;6;2;8;SEC_210
2006;311;18-24;61;47;108;SEC_311
1999;407;35-49;86;90;176;SEC_407
2006;241;35-49;119;98;217;SEC_241
2011;518;00-02;10;12;22;SEC_518
2002;247;50-64;95;95;190;SEC_247
1998;531;12-15;9;17;26;SEC_531
2009;517;25-34;132;147;279;SEC_517
2006;202;35-49;87;104;191;SEC_202
2001;123;50-64;101;102;203;SEC_123
2005;414;35-49;101;113;214;SEC_414
2004;509;50-64;70;65;135;SEC_509
1995;426;65-74;56;45;101;SEC_426
2014;130;65-74;54;29;83;SEC_130
2015;411;25-34;71;47;118;SEC_411
2004;618;25-34;50;51;101;SEC_618
2011;126;03-11;50;48;98;SEC_126
2007;619;03-11;40;48;88;SEC_619
2000;410;00-02;11;18;29;SEC_410
2014;212;12-15;24;22;46;SEC_212
1998;421;12-15;9;18;27;SEC_421
2001;506;65-74;82;73;155;SEC_506
2014;231;75 i +;81;40;121;SEC_231
2016;613;25-34;47;52;99;SEC_613
2000;530;18-24;51;80;131;SEC_530
2006;512;03-11;20;35;55;SEC_512
2012;242;65-74;61;54;115;SEC_242
1997;324;18-24;36;60;96;SEC_324
1998;137;03-11;50;54;104;SEC_137
2000;422;12-15;14;22;36;SEC_422
2012;538;75 i +;96;59;155;SEC_538
1998;512;16-17;6;7;13;SEC_512
2014;402;12-15;11;17;28;SEC_402
2015;315;65-74;75;79;154;SEC_315
2008;120;35-49;241;228;469;SEC_120
2001;523;35-49;126;121;247;SEC_523
2006;215;50-64;75;62;137;SEC_215
2010;302;18-24;46;36;82;SEC_302
2002;235;03-11;36;32;68;SEC_235
1999;219;03-11;31;32;63;SEC_219
2004;629;00-02;13;7;20;SEC_629
2001;611;00-02;20;24;44;SEC_611
2007;323;75 i +;71;27;98;SEC_323
2016;212;35-49;193;192;385;SEC_212
1999;528;75 i +;42;25;67;SEC_528
1994;425;12-15;21;10;31;SEC_425
2002;601;03-11;40;46;86;SEC_601
2016;410;65-74;104;86;190;SEC_410
2000;614;50-64;137;119;256;SEC_614
2010;113;35-49;170;180;350;SEC_113
2000;237;18-24;56;57;113;SEC_237
1999;306;50-64;130;123;253;SEC_306
1995;208;03-11;52;54;106;SEC_208
1996;309;25-34;63;55;118;SEC_309
1999;520;00-02;9;8;17;SEC_520
2005;507;03-11;23;36;59;SEC_507
1995;521;00-02;5;6;11;SEC_521
1997;607;03-11;32;38;70;SEC_607
1995;113;35-49;193;187;380;SEC_113
2000;605;00-02;4;5;9;SEC_605
2009;137;35-49;180;171;351;SEC_137
2002;441;00-02;14;16;30;SEC_441
1996;538;25-34;102;96;198;SEC_538
2012;107;16-17;6;17;23;SEC_107
2014;601;35-49;214;276;490;SEC_601
2005;240;16-17;4;6;10;SEC_240
2011;520;75 i +;57;42;99;SEC_520
2007;108;18-24;47;44;91;SEC_108
2003;523;00-02;21;11;32;SEC_523
2009;304;35-49;225;222;447;SEC_304
2005;205;25-34;85;80;165;SEC_205
1994;122;00-02;13;5;18;SEC_122
2006;209;18-24;32;48;80;SEC_209
1999;314;75 i +;65;30;95;SEC_314
2009;626;00-02;8;11;19;SEC_626
2014;104;00-02;11;10;21;SEC_104
2002;534;50-64;99;89;188;SEC_534
2004;504;00-02;8;13;21;SEC_504
2012;518;50-64;80;67;147;SEC_518
2002;303;35-49;117;125;242;SEC_303
2013;111;18-24;34;26;60;SEC_111
1999;538;03-11;24;39;63;SEC_538
2004;438;18-24;38;36;74;SEC_438
2015;306;03-11;70;57;127;SEC_306
1996;229;65-74;58;44;102;SEC_229
1997;613;00-02;13;8;21;SEC_613
2006;104;65-74;59;42;101;SEC_104
2004;614;00-02;8;14;22;SEC_614
2004;531;75 i +;46;29;75;SEC_531
2006;225;35-49;53;57;110;SEC_225
2006;238;65-74;43;38;81;SEC_238
2005;408;00-02;7;9;16;SEC_408
1997;528;03-11;45;35;80;SEC_528
1997;508;16-17;5;7;12;SEC_508
1995;603;03-11;19;28;47;SEC_603
2007;514;18-24;44;45;89;SEC_514
2008;237;12-15;27;20;47;SEC_237
1996;426;18-24;57;61;118;SEC_426
2006;603;18-24;18;22;40;SEC_603
2012;125;00-02;20;35;55;SEC_125
2004;216;16-17;10;7;17;SEC_216
1995;615;50-64;130;160;290;SEC_615
2003;229;25-34;66;90;156;SEC_229
2003;518;12-15;19;17;36;SEC_518
2014;107;65-74;103;91;194;SEC_107
2008;207;16-17;5;4;9;SEC_207
2015;404;12-15;26;25;51;SEC_404
2003;137;18-24;82;57;139;SEC_137
1996;125;12-15;23;33;56;SEC_125
1999;130;00-02;8;14;22;SEC_130
2015;502;35-49;187;194;381;SEC_502
1997;614;65-74;47;39;86;SEC_614
2002;408;35-49;94;100;194;SEC_408
2007;244;18-24;26;27;53;SEC_244
2012;212;50-64;109;104;213;SEC_212
1998;631;18-24;97;126;223;SEC_631
2005;314;75 i +;91;40;131;SEC_314
2009;519;35-49;80;110;190;SEC_519
1996;418;35-49;96;107;203;SEC_418
2010;223;35-49;145;159;304;SEC_223
2010;208;18-24;53;42;95;SEC_208
2016;427;25-34;156;127;283;SEC_427
2013;409;00-02;34;28;62;SEC_409
1997;439;75 i +;42;23;65;SEC_439
2006;437;03-11;39;36;75;SEC_437
1994;516;12-15;12;15;27;SEC_516
2000;321;03-11;91;94;185;SEC_321
2004;602;03-11;15;23;38;SEC_602
2015;427;18-24;72;81;153;SEC_427
2011;613;75 i +;76;46;122;SEC_613
2014;209;35-49;124;118;242;SEC_209
2016;433;16-17;18;14;32;SEC_433
2015;232;12-15;16;13;29;SEC_232
1996;216;25-34;85;92;177;SEC_216
2000;415;35-49;64;69;133;SEC_415
2015;609;50-64;48;48;96;SEC_609
1999;325;50-64;206;182;388;SEC_325
2006;208;18-24;62;63;125;SEC_208
2000;610;75 i +;35;26;61;SEC_610
2005;413;00-02;6;9;15;SEC_413
1995;601;50-64;173;184;357;SEC_601
2004;234;50-64;67;54;121;SEC_234
2007;603;65-74;34;39;73;SEC_603
1996;136;03-11;55;47;102;SEC_136
2015;211;16-17;12;20;32;SEC_211
2011;409;50-64;52;54;106;SEC_409
2013;224;35-49;146;153;299;SEC_224
2011;427;75 i +;64;35;99;SEC_427
2005;211;25-34;134;186;320;SEC_211
1999;435;00-02;10;14;24;SEC_435
1994;523;18-24;88;79;167;SEC_523
2003;208;03-11;39;50;89;SEC_208
2012;607;65-74;90;63;153;SEC_607
1994;309;00-02;13;10;23;SEC_309
2010;411;18-24;41;33;74;SEC_411
1998;132;75 i +;55;25;80;SEC_132
2002;216;18-24;60;51;111;SEC_216
2016;202;12-15;27;26;53;SEC_202
2015;532;75 i +;99;62;161;SEC_532
1994;123;16-17;17;24;41;SEC_123
2010;420;25-34;142;151;293;SEC_420
2010;425;18-24;39;42;81;SEC_425
1994;406;16-17;24;28;52;SEC_406
2005;115;12-15;17;26;43;SEC_115
2004;514;00-02;14;16;30;SEC_514
2006;239;03-11;42;38;80;SEC_239
1996;202;18-24;42;39;81;SEC_202
1995;207;35-49;81;64;145;SEC_207
2006;122;00-02;17;16;33;SEC_122
2003;324;50-64;70;72;142;SEC_324
2003;249;25-34;100;123;223;SEC_249
1998;306;12-15;35;33;68;SEC_306
2007;243;18-24;63;58;121;SEC_243
2009;140;75 i +;55;41;96;SEC_140
2002;618;12-15;15;9;24;SEC_618
2004;231;65-74;74;54;128;SEC_231
2011;221;25-34;79;93;172;SEC_221
2016;137;00-02;22;18;40;SEC_137
1995;204;12-15;8;9;17;SEC_204
2013;238;18-24;31;38;69;SEC_238
1999;538;18-24;56;57;113;SEC_538
2006;114;25-34;166;154;320;SEC_114
2003;628;65-74;46;56;102;SEC_628
1996;211;50-64;104;79;183;SEC_211
2011;310;35-49;111;117;228;SEC_310
2015;306;25-34;109;110;219;SEC_306
2005;105;00-02;24;17;41;SEC_105
2008;423;65-74;66;66;132;SEC_423
2016;234;00-02;16;18;34;SEC_234
2011;103;75 i +;45;34;79;SEC_103
2005;416;03-11;34;37;71;SEC_416
1998;416;03-11;20;20;40;SEC_416
2012;111;35-49;96;93;189;SEC_111
2007;436;12-15;18;19;37;SEC_436
1996;202;03-11;17;25;42;SEC_202
1996;509;65-74;24;27;51;SEC_509
2007;630;00-02;9;12;21;SEC_630
2008;504;25-34;97;99;196;SEC_504
2002;202;12-15;4;9;13;SEC_202
2001;505;35-49;83;73;156;SEC_505
2016;607;75 i +;103;90;193;SEC_607
1997;234;65-74;81;58;139;SEC_234
1996;319;16-17;13;16;29;SEC_319
2011;410;16-17;8;12;20;SEC_410
1996;528;50-64;137;139;276;SEC_528
2005;206;25-34;87;124;211;SEC_206
2000;618;16-17;5;9;14;SEC_618
2010;113;16-17;13;15;28;SEC_113
2006;139;65-74;33;26;59;SEC_139
1994;524;25-34;114;108;222;SEC_524
2008;516;16-17;11;10;21;SEC_516
2012;241;16-17;13;9;22;SEC_241
2012;231;75 i +;91;48;139;SEC_231
1998;126;35-49;80;68;148;SEC_126
2003;609;16-17;11;5;16;SEC_609
1996;440;25-34;62;86;148;SEC_440
1999;430;65-74;57;48;105;SEC_430
2014;624;12-15;14;16;30;SEC_624
2011;320;12-15;17;19;36;SEC_320
2003;530;18-24;49;67;116;SEC_530
2015;245;00-02;15;17;32;SEC_245
2002;302;50-64;179;191;370;SEC_302
2009;511;25-34;66;73;139;SEC_511
2008;629;65-74;33;34;67;SEC_629
2012;608;65-74;49;30;79;SEC_608
2013;106;00-02;18;24;42;SEC_106
2004;538;12-15;11;16;27;SEC_538
2012;307;50-64;190;148;338;SEC_307
2013;533;25-34;163;153;316;SEC_533
2004;516;25-34;64;75;139;SEC_516
2005;213;16-17;13;5;18;SEC_213
2016;312;12-15;19;25;44;SEC_312
2007;436;35-49;111;149;260;SEC_436
2005;118;12-15;31;23;54;SEC_118
1995;223;18-24;63;63;126;SEC_223
2009;523;12-15;24;23;47;SEC_523
1997;214;35-49;49;49;98;SEC_214
2007;123;00-02;15;18;33;SEC_123
1998;230;18-24;41;29;70;SEC_230
2000;526;18-24;27;39;66;SEC_526
2016;537;16-17;13;14;27;SEC_537
2007;606;65-74;77;60;137;SEC_606
1995;248;00-02;12;6;18;SEC_248
2012;323;35-49;339;358;697;SEC_323
2008;105;00-02;19;22;41;SEC_105
2001;416;35-49;63;79;142;SEC_416
2001;502;03-11;49;27;76;SEC_502
2016;136;65-74;63;64;127;SEC_136
2014;114;35-49;171;186;357;SEC_114
2016;523;00-02;17;21;38;SEC_523
2008;426;03-11;52;45;97;SEC_426
2003;429;50-64;53;63;116;SEC_429
2008;311;16-17;6;13;19;SEC_311
2008;311;50-64;115;94;209;SEC_311
2000;439;65-74;60;64;124;SEC_439
1997;135;25-34;108;121;229;SEC_135
1996;426;25-34;83;94;177;SEC_426
2001;532;16-17;13;6;19;SEC_532
2007;111;35-49;98;98;196;SEC_111
1997;528;75 i +;36;21;57;SEC_528
1997;502;65-74;75;68;143;SEC_502
2014;110;18-24;23;38;61;SEC_110
2005;301;00-02;45;52;97;SEC_301
2007;304;50-64;105;111;216;SEC_304
1997;240;75 i +;37;17;54;SEC_240
2004;517;25-34;124;148;272;SEC_517
1998;223;12-15;12;18;30;SEC_223
1997;521;35-49;147;104;251;SEC_521
2011;129;25-34;87;83;170;SEC_129
2001;503;03-11;25;38;63;SEC_503
2009;318;16-17;5;15;20;SEC_318
2003;123;12-15;25;25;50;SEC_123
2013;221;03-11;80;89;169;SEC_221
2006;313;50-64;212;187;399;SEC_313
2002;521;18-24;60;68;128;SEC_521
1994;508;16-17;14;6;20;SEC_508
2004;503;50-64;111;112;223;SEC_503
2015;518;12-15;21;19;40;SEC_518
2011;626;18-24;27;20;47;SEC_626
1998;113;03-11;64;75;139;SEC_113
2003;113;75 i +;42;24;66;SEC_113
1994;505;35-49;175;125;300;SEC_505
2013;307;18-24;28;42;70;SEC_307
2004;302;25-34;144;174;318;SEC_302
2014;119;03-11;33;36;69;SEC_119
2005;535;25-34;60;81;141;SEC_535
1994;435;18-24;52;53;105;SEC_435
2012;238;75 i +;63;43;106;SEC_238
2013;221;35-49;256;302;558;SEC_221
2004;223;00-02;11;20;31;SEC_223
1994;534;18-24;68;75;143;SEC_534
1999;426;75 i +;51;33;84;SEC_426
2000;515;16-17;7;4;11;SEC_515
2002;106;03-11;58;63;121;SEC_106
2011;414;50-64;65;55;120;SEC_414
2001;606;03-11;36;44;80;SEC_606
1996;531;25-34;79;80;159;SEC_531
1998;247;50-64;97;93;190;SEC_247
2008;211;03-11;44;54;98;SEC_211
2002;440;12-15;3;13;16;SEC_440
1999;413;25-34;41;53;94;SEC_413
1995;115;25-34;120;106;226;SEC_115
2009;306;00-02;32;22;54;SEC_306
2009;433;16-17;10;12;22;SEC_433
2005;309;12-15;16;15;31;SEC_309
2009;614;25-34;57;86;143;SEC_614
1998;319;12-15;17;24;41;SEC_319
1994;204;25-34;40;48;88;SEC_204
2004;127;50-64;55;52;107;SEC_127
2005;220;12-15;14;13;27;SEC_220
2014;201;00-02;35;41;76;SEC_201
1999;132;75 i +;53;24;77;SEC_132
2002;421;03-11;34;35;69;SEC_421
2006;202;03-11;22;27;49;SEC_202
2015;533;75 i +;131;85;216;SEC_533
2014;404;25-34;106;91;197;SEC_404
2015;505;75 i +;87;81;168;SEC_505
2003;435;65-74;85;43;128;SEC_435
2007;216;50-64;133;107;240;SEC_216
1999;132;65-74;72;82;154;SEC_132
2009;227;75 i +;52;33;85;SEC_227
2007;612;12-15;12;19;31;SEC_612
2000;530;50-64;118;98;216;SEC_530
2016;412;75 i +;111;86;197;SEC_412
2003;525;75 i +;40;27;67;SEC_525
1999;135;75 i +;49;21;70;SEC_135
1999;508;65-74;43;33;76;SEC_508
2016;411;50-64;94;74;168;SEC_411
2009;134;65-74;56;45;101;SEC_134
2007;527;35-49;150;166;316;SEC_527
2013;504;16-17;4;8;12;SEC_504
2014;626;12-15;11;20;31;SEC_626
1997;306;16-17;23;18;41;SEC_306
2006;122;12-15;9;9;18;SEC_122
2015;305;12-15;30;23;53;SEC_305
2012;507;18-24;24;38;62;SEC_507
2013;311;16-17;13;14;27;SEC_311
2014;102;16-17;11;16;27;SEC_102
2012;218;12-15;7;15;22;SEC_218
2009;415;00-02;11;23;34;SEC_415
1995;442;75 i +;22;16;38;SEC_442
1995;139;12-15;28;19;47;SEC_139
2013;517;00-02;41;36;77;SEC_517
2016;534;65-74;57;46;103;SEC_534
1997;616;75 i +;24;14;38;SEC_616
2015;526;18-24;75;66;141;SEC_526
2016;521;03-11;36;31;67;SEC_521
2004;601;35-49;119;136;255;SEC_601
2009;504;00-02;13;17;30;SEC_504
2004;607;18-24;38;44;82;SEC_607
1998;121;25-34;88;87;175;SEC_121
2013;311;00-02;12;18;30;SEC_311
2015;125;18-24;40;46;86;SEC_125
2009;129;00-02;20;19;39;SEC_129
2011;505;25-34;72;75;147;SEC_505
2002;112;18-24;82;68;150;SEC_112
2011;106;50-64;273;214;487;SEC_106
2015;133;25-34;58;57;115;SEC_133
2000;401;50-64;96;93;189;SEC_401
2012;129;75 i +;78;58;136;SEC_129
2015;314;00-02;35;31;66;SEC_314
2003;102;16-17;18;15;33;SEC_102
1994;131;35-49;217;215;432;SEC_131
2004;439;16-17;3;7;10;SEC_439
2007;519;75 i +;28;26;54;SEC_519
1996;602;35-49;32;32;64;SEC_602
2002;210;75 i +;77;36;113;SEC_210
2011;111;18-24;36;17;53;SEC_111
2007;243;16-17;17;18;35;SEC_243
2011;426;75 i +;58;34;92;SEC_426
2013;327;18-24;40;35;75;SEC_327
2005;136;25-34;126;132;258;SEC_136
2007;203;25-34;90;120;210;SEC_203
1995;119;03-11;58;64;122;SEC_119
1995;536;35-49;81;68;149;SEC_536
1994;601;35-49;178;163;341;SEC_601
1994;129;50-64;104;117;221;SEC_129
2003;418;12-15;17;21;38;SEC_418
2010;532;18-24;62;52;114;SEC_532
2002;525;35-49;84;83;167;SEC_525
2008;522;25-34;84;114;198;SEC_522
2012;524;75 i +;76;46;122;SEC_524
2016;214;03-11;98;108;206;SEC_214
1995;614;50-64;116;135;251;SEC_614
1997;439;35-49;54;66;120;SEC_439
2005;223;50-64;98;76;174;SEC_223
1999;248;12-15;26;19;45;SEC_248
1999;117;50-64;160;174;334;SEC_117
2004;404;16-17;14;11;25;SEC_404
2003;436;25-34;105;128;233;SEC_436
1998;504;25-34;99;112;211;SEC_504
2008;603;25-34;54;59;113;SEC_603
2006;620;00-02;3;5;8;SEC_620
2001;417;35-49;63;64;127;SEC_417
2003;626;35-49;90;89;179;SEC_626
2009;631;16-17;8;10;18;SEC_631
2015;505;65-74;148;113;261;SEC_505
2006;418;00-02;21;15;36;SEC_418
2002;431;75 i +;71;40;111;SEC_431
2002;224;25-34;64;50;114;SEC_224
2006;116;16-17;7;17;24;SEC_116
2000;619;00-02;16;14;30;SEC_619
2013;238;75 i +;65;45;110;SEC_238
2013;602;65-74;109;85;194;SEC_602
2002;425;03-11;30;37;67;SEC_425
2008;118;03-11;64;56;120;SEC_118
2013;228;18-24;93;85;178;SEC_228
1996;436;00-02;7;12;19;SEC_436
2009;112;65-74;70;45;115;SEC_112
2013;534;35-49;119;132;251;SEC_534
2008;233;65-74;55;42;97;SEC_233
1999;123;00-02;10;18;28;SEC_123
2013;238;16-17;9;13;22;SEC_238
1994;225;50-64;57;52;109;SEC_225
2016;419;18-24;65;92;157;SEC_419
1998;431;65-74;90;73;163;SEC_431
1997;420;03-11;34;46;80;SEC_420
2007;226;75 i +;90;50;140;SEC_226
1994;221;16-17;17;21;38;SEC_221
2013;618;12-15;25;34;59;SEC_618
1995;112;12-15;52;43;95;SEC_112
2002;521;25-34;94;113;207;SEC_521
2015;420;03-11;88;81;169;SEC_420
2011;613;03-11;47;57;104;SEC_613
1999;538;25-34;97;108;205;SEC_538
2013;118;16-17;16;12;28;SEC_118
1996;524;12-15;19;29;48;SEC_524
2013;103;25-34;44;48;92;SEC_103
1998;218;50-64;77;70;147;SEC_218
1994;622;65-74;37;27;64;SEC_622
2000;617;50-64;119;96;215;SEC_617
2014;234;65-74;41;24;65;SEC_234
2003;247;16-17;17;15;32;SEC_247
2010;509;12-15;18;25;43;SEC_509
2007;227;16-17;6;5;11;SEC_227
1994;303;75 i +;64;36;100;SEC_303
2004;321;00-02;24;29;53;SEC_321
2010;606;18-24;41;48;89;SEC_606
1997;117;12-15;67;78;145;SEC_117
1996;203;75 i +;48;27;75;SEC_203
2015;631;03-11;44;49;93;SEC_631
1998;612;50-64;180;161;341;SEC_612
1999;533;75 i +;41;23;64;SEC_533
2006;609;50-64;124;97;221;SEC_609
2003;111;00-02;10;12;22;SEC_111
1994;105;18-24;65;73;138;SEC_105
2007;103;25-34;74;86;160;SEC_103
1995;431;18-24;98;85;183;SEC_431
2016;213;00-02;20;10;30;SEC_213
1995;535;65-74;37;28;65;SEC_535
2001;428;75 i +;26;21;47;SEC_428
1995;425;00-02;7;7;14;SEC_425
2015;521;35-49;87;114;201;SEC_521
2007;421;75 i +;81;53;134;SEC_421
2008;215;25-34;98;103;201;SEC_215
1997;533;75 i +;40;22;62;SEC_533
2009;216;25-34;113;114;227;SEC_216
1999;108;75 i +;83;43;126;SEC_108
2001;301;03-11;75;100;175;SEC_301
2009;628;65-74;66;61;127;SEC_628
2006;244;25-34;73;74;147;SEC_244
2015;108;03-11;55;61;116;SEC_108
2015;312;75 i +;87;61;148;SEC_312
2001;108;35-49;140;130;270;SEC_108
2006;617;16-17;12;12;24;SEC_617
2008;612;16-17;8;7;15;SEC_612
2004;312;03-11;50;64;114;SEC_312
2010;519;00-02;4;7;11;SEC_519
2014;502;18-24;38;38;76;SEC_502
1994;113;00-02;14;19;33;SEC_113
2003;134;00-02;7;13;20;SEC_134
2011;235;03-11;70;77;147;SEC_235
2016;311;00-02;21;26;47;SEC_311
1995;229;18-24;36;34;70;SEC_229
2014;618;75 i +;69;61;130;SEC_618
2015;301;35-49;391;405;796;SEC_301
2016;514;75 i +;101;60;161;SEC_514
1996;404;50-64;158;130;288;SEC_404
2007;105;12-15;15;21;36;SEC_105
1995;418;18-24;70;68;138;SEC_418
2010;529;50-64;86;91;177;SEC_529
2006;523;25-34;130;154;284;SEC_523
2003;139;03-11;36;41;77;SEC_139
2005;401;65-74;91;65;156;SEC_401
2006;128;75 i +;46;33;79;SEC_128
2000;208;12-15;28;14;42;SEC_208
1996;240;35-49;60;52;112;SEC_240
1997;132;00-02;23;24;47;SEC_132
2009;139;75 i +;36;23;59;SEC_139
2015;237;25-34;116;114;230;SEC_237
2005;605;03-11;14;15;29;SEC_605
2005;427;35-49;93;118;211;SEC_427
2015;207;65-74;75;57;132;SEC_207
2014;518;75 i +;80;57;137;SEC_518
1995;116;00-02;17;13;30;SEC_116
1998;230;25-34;73;82;155;SEC_230
2000;430;12-15;14;14;28;SEC_430
1994;107;65-74;79;52;131;SEC_107
1994;502;03-11;61;53;114;SEC_502
2002;125;16-17;16;9;25;SEC_125
2004;507;25-34;84;105;189;SEC_507
2004;110;75 i +;48;29;77;SEC_110
2001;205;35-49;85;87;172;SEC_205
1999;233;12-15;7;8;15;SEC_233
1997;229;35-49;47;49;96;SEC_229
2004;226;16-17;11;13;24;SEC_226
1996;523;03-11;34;36;70;SEC_523
2009;320;16-17;7;7;14;SEC_320
2000;204;25-34;45;44;89;SEC_204
2005;218;35-49;90;85;175;SEC_218
2010;204;16-17;6;6;12;SEC_204
2012;220;18-24;30;30;60;SEC_220
2009;421;18-24;38;48;86;SEC_421
1995;528;12-15;23;30;53;SEC_528
2011;214;18-24;41;45;86;SEC_214
2010;417;25-34;79;79;158;SEC_417
1998;322;00-02;17;19;36;SEC_322
2015;247;12-15;26;24;50;SEC_247
2011;241;65-74;30;26;56;SEC_241
1997;614;00-02;11;14;25;SEC_614
2015;118;50-64;195;161;356;SEC_118
2013;404;00-02;18;26;44;SEC_404
1996;222;03-11;39;38;77;SEC_222
2010;304;50-64;127;123;250;SEC_304
2009;312;35-49;209;229;438;SEC_312
2003;133;35-49;87;90;177;SEC_133
2001;528;03-11;39;31;70;SEC_528
2003;225;25-34;33;45;78;SEC_225
1997;219;75 i +;76;32;108;SEC_219
2005;208;12-15;21;19;40;SEC_208
1997;136;00-02;14;11;25;SEC_136
1996;441;35-49;277;269;546;SEC_441
2008;537;12-15;21;23;44;SEC_537
2002;436;75 i +;30;19;49;SEC_436
2015;121;16-17;4;10;14;SEC_121
2004;533;12-15;18;11;29;SEC_533
2010;615;16-17;4;7;11;SEC_615
2002;417;25-34;59;67;126;SEC_417
2013;626;18-24;27;20;47;SEC_626
2002;238;50-64;63;65;128;SEC_238
1996;432;12-15;28;38;66;SEC_432
2016;610;18-24;31;43;74;SEC_610
2014;232;00-02;15;21;36;SEC_232
2001;245;50-64;79;66;145;SEC_245
2012;516;25-34;58;83;141;SEC_516
2015;116;03-11;60;51;111;SEC_116
2011;235;75 i +;88;59;147;SEC_235
1995;440;25-34;70;86;156;SEC_440
2011;533;65-74;51;26;77;SEC_533
2004;409;50-64;58;62;120;SEC_409
1995;134;25-34;107;95;202;SEC_134
2006;615;75 i +;25;17;42;SEC_615
2004;402;75 i +;36;25;61;SEC_402
1997;403;16-17;16;16;32;SEC_403
2008;231;35-49;147;136;283;SEC_231
1996;411;50-64;117;109;226;SEC_411
2012;138;75 i +;37;30;67;SEC_138
2000;202;16-17;4;6;10;SEC_202
2016;132;18-24;68;78;146;SEC_132
2008;204;50-64;44;38;82;SEC_204
2001;205;03-11;31;32;63;SEC_205
2002;416;18-24;34;36;70;SEC_416
2009;209;25-34;75;99;174;SEC_209
2010;224;03-11;25;25;50;SEC_224
2010;421;35-49;156;175;331;SEC_421
2012;123;65-74;55;53;108;SEC_123
1996;138;00-02;8;10;18;SEC_138
2000;611;12-15;22;22;44;SEC_611
2009;316;65-74;69;61;130;SEC_316
1999;602;25-34;69;90;159;SEC_602
2009;410;25-34;115;126;241;SEC_410
1994;605;50-64;116;126;242;SEC_605
2002;424;25-34;46;68;114;SEC_424
1995;402;25-34;51;82;133;SEC_402
2002;619;12-15;24;24;48;SEC_619
1995;512;12-15;11;16;27;SEC_512
1994;417;50-64;62;63;125;SEC_417
2010;227;00-02;11;16;27;SEC_227
2015;327;75 i +;28;17;45;SEC_327
1998;406;03-11;43;40;83;SEC_406
2000;107;16-17;14;20;34;SEC_107
2007;318;65-74;31;22;53;SEC_318
2013;119;03-11;36;39;75;SEC_119
1994;611;75 i +;32;19;51;SEC_611
1998;103;50-64;67;66;133;SEC_103
2003;511;65-74;58;46;104;SEC_511
2013;511;75 i +;143;94;237;SEC_511
2002;212;18-24;66;53;119;SEC_212
2001;610;25-34;114;148;262;SEC_610
2014;125;12-15;23;28;51;SEC_125
2013;624;35-49;107;142;249;SEC_624
2010;437;75 i +;48;34;82;SEC_437
2012;208;00-02;13;16;29;SEC_208
1999;317;35-49;59;80;139;SEC_317
2007;527;18-24;67;67;134;SEC_527
2005;403;18-24;58;48;106;SEC_403
1997;606;35-49;79;85;164;SEC_606
2012;612;12-15;8;24;32;SEC_612
2014;313;75 i +;87;59;146;SEC_313
2007;436;03-11;48;55;103;SEC_436
1999;530;00-02;4;15;19;SEC_530
1998;414;18-24;38;46;84;SEC_414
2011;118;16-17;11;24;35;SEC_118
1994;248;75 i +;63;41;104;SEC_248
1997;236;75 i +;49;41;90;SEC_236
1996;131;12-15;45;32;77;SEC_131
2002;434;75 i +;60;28;88;SEC_434
1995;428;12-15;7;7;14;SEC_428
2005;505;65-74;76;91;167;SEC_505
2011;319;18-24;44;58;102;SEC_319
2008;113;18-24;78;81;159;SEC_113
2007;410;35-49;163;165;328;SEC_410
1994;624;12-15;38;41;79;SEC_624
2008;248;12-15;28;26;54;SEC_248
2016;618;16-17;13;15;28;SEC_618
1994;410;35-49;174;164;338;SEC_410
1994;617;65-74;42;46;88;SEC_617
2014;128;12-15;12;17;29;SEC_128
2009;616;25-34;215;208;423;SEC_616
1996;228;16-17;6;6;12;SEC_228
1994;309;25-34;73;58;131;SEC_309
2001;531;00-02;12;11;23;SEC_531
2005;430;75 i +;55;38;93;SEC_430
1994;134;50-64;90;94;184;SEC_134
1998;215;25-34;75;73;148;SEC_215
2011;521;16-17;5;5;10;SEC_521
1998;411;03-11;37;20;57;SEC_411
1996;122;16-17;6;7;13;SEC_122
1997;222;35-49;74;68;142;SEC_222
2016;108;00-02;23;22;45;SEC_108
2003;130;12-15;13;18;31;SEC_130
1998;517;12-15;16;18;34;SEC_517
2003;217;25-34;47;50;97;SEC_217
2014;410;25-34;99;99;198;SEC_410
2015;410;03-11;61;52;113;SEC_410
2005;417;03-11;24;19;43;SEC_417
2014;237;75 i +;83;49;132;SEC_237
2016;133;35-49;92;114;206;SEC_133
1996;309;12-15;16;16;32;SEC_309
1997;429;25-34;40;43;83;SEC_429
2010;230;75 i +;55;25;80;SEC_230
2008;619;00-02;14;15;29;SEC_619
2009;137;65-74;62;64;126;SEC_137
2008;435;65-74;48;31;79;SEC_435
2013;616;16-17;29;34;63;SEC_616
1995;137;75 i +;31;12;43;SEC_137
2008;201;65-74;49;43;92;SEC_201
2004;535;03-11;21;33;54;SEC_535
2007;622;16-17;11;12;23;SEC_622
2006;124;75 i +;38;20;58;SEC_124
2012;204;18-24;26;25;51;SEC_204
1996;325;00-02;18;11;29;SEC_325
2011;126;18-24;26;24;50;SEC_126
1997;112;35-49;180;180;360;SEC_112
2007;523;75 i +;108;50;158;SEC_523
2010;217;65-74;19;14;33;SEC_217
2005;430;03-11;38;41;79;SEC_430
2012;201;18-24;25;26;51;SEC_201
2012;402;16-17;4;3;7;SEC_402
1997;525;25-34;76;80;156;SEC_525
1999;246;75 i +;72;34;106;SEC_246
2011;234;16-17;9;7;16;SEC_234
2013;606;50-64;82;74;156;SEC_606
2005;221;50-64;92;89;181;SEC_221
1999;325;35-49;199;175;374;SEC_325
2010;117;00-02;23;25;48;SEC_117
2000;306;16-17;26;13;39;SEC_306
2014;308;16-17;21;18;39;SEC_308
2002;212;50-64;131;117;248;SEC_212
2005;414;65-74;53;52;105;SEC_414
1997;603;65-74;23;22;45;SEC_603
2002;619;50-64;158;136;294;SEC_619
1996;623;75 i +;47;23;70;SEC_623
1999;421;50-64;139;108;247;SEC_421
2011;516;00-02;12;22;34;SEC_516
2001;223;65-74;79;67;146;SEC_223
2006;106;16-17;14;14;28;SEC_106
2012;410;75 i +;145;102;247;SEC_410
2011;525;35-49;113;129;242;SEC_525
2005;501;25-34;88;122;210;SEC_501
2012;507;50-64;85;62;147;SEC_507
1995;617;00-02;7;9;16;SEC_617
2004;509;12-15;10;8;18;SEC_509
2009;116;65-74;85;89;174;SEC_116
2009;201;35-49;108;118;226;SEC_201
2009;207;12-15;6;11;17;SEC_207
2015;533;18-24;63;61;124;SEC_533
2013;110;18-24;27;38;65;SEC_110
2011;506;50-64;234;181;415;SEC_506
2007;419;75 i +;41;30;71;SEC_419
2002;612;65-74;52;58;110;SEC_612
2009;233;65-74;56;36;92;SEC_233
2015;534;12-15;14;14;28;SEC_534
2009;629;75 i +;32;18;50;SEC_629
2002;107;16-17;18;20;38;SEC_107
1999;111;25-34;73;93;166;SEC_111
2015;422;16-17;13;11;24;SEC_422
2005;125;35-49;145;173;318;SEC_125
1999;227;18-24;30;32;62;SEC_227
1997;219;35-49;95;96;191;SEC_219
2009;510;03-11;34;34;68;SEC_510
2004;417;75 i +;36;20;56;SEC_417
1995;109;12-15;26;45;71;SEC_109
2016;503;03-11;18;23;41;SEC_503
1999;631;16-17;11;9;20;SEC_631
2001;134;65-74;47;37;84;SEC_134
2005;127;16-17;7;7;14;SEC_127
2012;604;35-49;79;110;189;SEC_604
2008;418;12-15;29;22;51;SEC_418
1997;244;03-11;14;15;29;SEC_244
2001;435;75 i +;89;48;137;SEC_435
2003;612;50-64;151;121;272;SEC_612
2015;317;35-49;134;185;319;SEC_317
2004;108;18-24;60;48;108;SEC_108
1994;230;25-34;72;89;161;SEC_230
1996;245;25-34;62;70;132;SEC_245
2004;206;03-11;22;28;50;SEC_206
2014;502;65-74;88;84;172;SEC_502
2011;512;65-74;59;44;103;SEC_512
2014;101;03-11;139;152;291;SEC_101
2006;430;03-11;34;49;83;SEC_430
2013;123;00-02;14;22;36;SEC_123
2013;202;16-17;13;11;24;SEC_202
2011;325;12-15;33;33;66;SEC_325
1998;511;18-24;38;31;69;SEC_511
2011;618;16-17;4;6;10;SEC_618
2003;319;75 i +;33;22;55;SEC_319
2008;103;50-64;65;59;124;SEC_103
2011;242;25-34;90;101;191;SEC_242
2009;242;50-64;93;91;184;SEC_242
2001;631;65-74;49;51;100;SEC_631
2001;512;35-49;78;76;154;SEC_512
2005;307;35-49;151;115;266;SEC_307
2000;532;65-74;86;78;164;SEC_532
2011;216;00-02;19;19;38;SEC_216
1995;603;12-15;15;20;35;SEC_603
1998;317;50-64;63;68;131;SEC_317
2011;138;65-74;53;36;89;SEC_138
2009;427;50-64;66;55;121;SEC_427
2005;618;03-11;24;35;59;SEC_618
2012;248;03-11;46;52;98;SEC_248
1996;605;65-74;30;32;62;SEC_605
1998;407;25-34;88;105;193;SEC_407
1994;318;12-15;28;30;58;SEC_318
1998;528;65-74;62;54;116;SEC_528
2008;304;65-74;73;55;128;SEC_304
2009;212;16-17;20;15;35;SEC_212
2000;440;65-74;51;52;103;SEC_440
2016;617;35-49;116;130;246;SEC_617
2005;139;75 i +;29;14;43;SEC_139
2005;303;50-64;160;123;283;SEC_303
2006;239;75 i +;96;57;153;SEC_239
2011;505;35-49;135;134;269;SEC_505
2002;224;35-49;75;72;147;SEC_224
1994;217;03-11;21;24;45;SEC_217
1996;224;00-02;7;9;16;SEC_224
2011;101;35-49;276;297;573;SEC_101
2000;414;35-49;87;81;168;SEC_414
2014;401;18-24;51;52;103;SEC_401
2008;105;03-11;39;49;88;SEC_105
2005;118;35-49;192;173;365;SEC_118
2005;422;12-15;19;21;40;SEC_422
1997;506;03-11;79;99;178;SEC_506
2014;510;35-49;122;132;254;SEC_510
1995;525;03-11;31;35;66;SEC_525
1998;319;03-11;23;29;52;SEC_319
1998;627;75 i +;21;12;33;SEC_627
2009;606;00-02;14;14;28;SEC_606
2000;433;75 i +;47;20;67;SEC_433
2008;523;12-15;24;22;46;SEC_523
2003;128;50-64;99;78;177;SEC_128
2009;531;75 i +;41;32;73;SEC_531
2007;134;50-64;124;120;244;SEC_134
2012;210;03-11;27;31;58;SEC_210
2003;524;16-17;10;15;25;SEC_524
1994;534;65-74;50;40;90;SEC_534
1998;115;35-49;158;145;303;SEC_115
2013;605;03-11;78;74;152;SEC_605
2003;206;12-15;14;14;28;SEC_206
2001;204;65-74;52;38;90;SEC_204
2001;627;25-34;76;108;184;SEC_627
1997;529;16-17;8;14;22;SEC_529
2006;325;25-34;120;138;258;SEC_325
1999;408;35-49;85;88;173;SEC_408
2006;409;25-34;58;90;148;SEC_409
2000;531;03-11;24;30;54;SEC_531
2006;628;25-34;62;83;145;SEC_628
2013;537;25-34;119;87;206;SEC_537
2012;409;18-24;28;31;59;SEC_409
2002;427;65-74;75;47;122;SEC_427
2005;245;65-74;58;54;112;SEC_245
2013;118;00-02;28;24;52;SEC_118
1999;612;35-49;73;75;148;SEC_612
1996;614;16-17;9;20;29;SEC_614
2003;509;03-11;25;42;67;SEC_509
2005;216;03-11;50;32;82;SEC_216
2007;302;75 i +;61;33;94;SEC_302
2005;203;35-49;101;108;209;SEC_203
2002;612;50-64;154;130;284;SEC_612
2012;210;00-02;9;9;18;SEC_210
2008;225;16-17;5;4;9;SEC_225
2001;124;16-17;13;12;25;SEC_124
2007;223;25-34;113;100;213;SEC_223
2010;612;35-49;111;139;250;SEC_612
2000;125;12-15;24;18;42;SEC_125
2006;117;65-74;73;64;137;SEC_117
2001;123;00-02;10;13;23;SEC_123
1996;226;12-15;22;21;43;SEC_226
1996;526;75 i +;23;16;39;SEC_526
2003;618;12-15;10;12;22;SEC_618
2008;520;00-02;15;11;26;SEC_520
2015;426;65-74;39;33;72;SEC_426
2003;214;18-24;32;30;62;SEC_214
2009;506;16-17;16;22;38;SEC_506
2010;516;65-74;35;22;57;SEC_516
2005;248;18-24;47;49;96;SEC_248
2004;407;03-11;32;31;63;SEC_407
2004;212;16-17;11;10;21;SEC_212
2006;241;12-15;17;12;29;SEC_241
2012;122;50-64;59;47;106;SEC_122
2012;432;16-17;10;3;13;SEC_432
1994;537;25-34;89;93;182;SEC_537
1999;245;12-15;7;13;20;SEC_245
2009;435;75 i +;89;40;129;SEC_435
1998;304;75 i +;76;37;113;SEC_304
2001;116;12-15;28;23;51;SEC_116
2016;631;00-02;5;17;22;SEC_631
1995;529;12-15;19;23;42;SEC_529
1995;617;65-74;42;45;87;SEC_617
2012;419;75 i +;46;35;81;SEC_419
2009;301;50-64;187;180;367;SEC_301
2007;625;35-49;122;116;238;SEC_625
2006;320;65-74;34;29;63;SEC_320
2006;607;35-49;128;127;255;SEC_607
1999;518;12-15;11;21;32;SEC_518
2005;512;00-02;13;21;34;SEC_512
2012;206;50-64;75;67;142;SEC_206
1994;625;12-15;77;78;155;SEC_625
1999;603;65-74;24;23;47;SEC_603
2011;429;75 i +;53;27;80;SEC_429
2015;517;00-02;26;33;59;SEC_517
2004;623;00-02;19;24;43;SEC_623
2011;210;75 i +;111;45;156;SEC_210
2001;118;50-64;162;194;356;SEC_118
1997;508;25-34;41;57;98;SEC_508
2001;234;75 i +;77;38;115;SEC_234
2009;208;18-24;59;43;102;SEC_208
2012;612;50-64;63;60;123;SEC_612
1997;241;18-24;33;29;62;SEC_241
2009;247;25-34;128;125;253;SEC_247
1999;103;25-34;59;55;114;SEC_103
1998;627;00-02;9;8;17;SEC_627
2004;406;03-11;34;42;76;SEC_406
2015;607;50-64;90;83;173;SEC_607
2006;215;00-02;8;11;19;SEC_215
2010;230;35-49;127;141;268;SEC_230
2011;416;25-34;49;59;108;SEC_416
1996;440;65-74;58;43;101;SEC_440
1995;110;50-64;125;145;270;SEC_110
2015;138;03-11;26;24;50;SEC_138
2006;129;03-11;40;48;88;SEC_129
2012;241;35-49;102;103;205;SEC_241
2008;120;00-02;19;32;51;SEC_120
1999;405;25-34;77;84;161;SEC_405
1994;306;12-15;41;44;85;SEC_306
1996;537;75 i +;42;26;68;SEC_537
1995;607;12-15;17;24;41;SEC_607
2008;405;35-49;79;107;186;SEC_405
2012;529;18-24;54;60;114;SEC_529
2012;135;35-49;184;174;358;SEC_135
1997;226;65-74;85;64;149;SEC_226
1994;126;12-15;27;26;53;SEC_126
1994;216;03-11;36;45;81;SEC_216
2015;621;03-11;54;57;111;SEC_621
2004;201;18-24;21;28;49;SEC_201
2014;132;50-64;243;208;451;SEC_132
2000;409;16-17;4;7;11;SEC_409
2009;109;00-02;16;14;30;SEC_109
2009;412;16-17;13;16;29;SEC_412
2016;325;12-15;27;40;67;SEC_325
2011;527;18-24;45;44;89;SEC_527
2013;403;12-15;17;16;33;SEC_403
1996;217;75 i +;42;18;60;SEC_217
1998;435;25-34;73;72;145;SEC_435
1999;402;03-11;21;15;36;SEC_402
2016;119;65-74;112;107;219;SEC_119
2004;626;18-24;32;34;66;SEC_626
1998;436;75 i +;31;21;52;SEC_436
1995;532;50-64;159;171;330;SEC_532
2007;411;75 i +;86;63;149;SEC_411
2000;226;25-34;86;76;162;SEC_226
2001;322;03-11;43;45;88;SEC_322
2010;438;35-49;104;113;217;SEC_438
2005;322;18-24;58;43;101;SEC_322
2003;629;12-15;12;6;18;SEC_629
2001;505;16-17;12;6;18;SEC_505
2010;514;03-11;33;33;66;SEC_514
1996;126;25-34;89;104;193;SEC_126
2000;127;25-34;65;83;148;SEC_127
1998;321;00-02;24;19;43;SEC_321
1994;202;75 i +;35;18;53;SEC_202
2011;325;18-24;54;60;114;SEC_325
2008;242;50-64;95;96;191;SEC_242
1996;244;25-34;55;59;114;SEC_244
2011;133;75 i +;64;33;97;SEC_133
2014;404;65-74;68;50;118;SEC_404
1999;525;50-64;96;84;180;SEC_525
2015;106;35-49;182;196;378;SEC_106
1999;130;25-34;86;102;188;SEC_130
2014;118;50-64;207;165;372;SEC_118
2008;244;03-11;22;24;46;SEC_244
1996;127;16-17;7;17;24;SEC_127
1997;610;12-15;20;27;47;SEC_610
2004;316;00-02;9;15;24;SEC_316
1997;302;35-49;187;157;344;SEC_302
2011;408;35-49;117;111;228;SEC_408
2010;308;18-24;62;71;133;SEC_308
2008;103;35-49;85;87;172;SEC_103
2006;507;03-11;26;38;64;SEC_507
2006;603;12-15;10;14;24;SEC_603
1996;422;75 i +;54;32;86;SEC_422
2000;601;35-49;124;124;248;SEC_601
2000;243;75 i +;82;45;127;SEC_243
2008;510;16-17;7;14;21;SEC_510
1998;401;12-15;25;38;63;SEC_401
1999;220;35-49;65;65;130;SEC_220
2001;314;00-02;31;24;55;SEC_314
2014;504;75 i +;89;79;168;SEC_504
1999;432;75 i +;33;33;66;SEC_432
2001;632;00-02;16;14;30;SEC_632
1996;618;25-34;46;50;96;SEC_618
2011;604;18-24;24;40;64;SEC_604
2011;521;18-24;25;28;53;SEC_521
2002;201;16-17;6;5;11;SEC_201
2012;206;18-24;36;29;65;SEC_206
2008;226;03-11;41;36;77;SEC_226
1994;612;03-11;40;45;85;SEC_612
1994;623;00-02;18;16;34;SEC_623
1998;130;03-11;33;31;64;SEC_130
2009;105;50-64;141;108;249;SEC_105
2016;409;25-34;130;142;272;SEC_409
2009;306;25-34;134;149;283;SEC_306
2006;434;50-64;42;46;88;SEC_434
2005;236;00-02;15;11;26;SEC_236
2016;610;65-74;130;88;218;SEC_610
1994;535;35-49;159;144;303;SEC_535
2014;130;16-17;8;12;20;SEC_130
2010;537;75 i +;80;49;129;SEC_537
2004;323;00-02;42;36;78;SEC_323
2014;105;75 i +;58;35;93;SEC_105
2012;611;50-64;115;114;229;SEC_611
2000;119;16-17;19;17;36;SEC_119
2007;110;16-17;7;13;20;SEC_110
2000;110;03-11;34;44;78;SEC_110
2000;120;65-74;54;39;93;SEC_120
2008;214;50-64;55;48;103;SEC_214
2016;538;16-17;11;16;27;SEC_538
2010;229;35-49;108;117;225;SEC_229
1997;414;03-11;26;40;66;SEC_414
2014;524;35-49;163;194;357;SEC_524
1999;525;12-15;12;11;23;SEC_525
2006;202;16-17;2;4;6;SEC_202
2001;117;03-11;79;68;147;SEC_117
2006;418;75 i +;60;38;98;SEC_418
1996;532;00-02;14;9;23;SEC_532
1996;218;35-49;80;67;147;SEC_218
2004;610;75 i +;50;37;87;SEC_610
2004;306;75 i +;90;61;151;SEC_306
1994;602;16-17;8;8;16;SEC_602
2001;302;35-49;137;121;258;SEC_302
2000;502;50-64;151;156;307;SEC_502
2003;125;25-34;158;181;339;SEC_125
2004;430;00-02;20;9;29;SEC_430
2012;121;03-11;27;47;74;SEC_121
2002;403;00-02;10;6;16;SEC_403
1995;507;75 i +;33;21;54;SEC_507
1997;207;50-64;72;53;125;SEC_207
1997;630;75 i +;23;12;35;SEC_630
2013;228;16-17;19;22;41;SEC_228
2013;513;00-02;24;28;52;SEC_513
2006;417;16-17;6;3;9;SEC_417
1994;615;12-15;20;24;44;SEC_615
2015;623;03-11;57;60;117;SEC_623
2014;120;00-02;15;13;28;SEC_120
1999;623;50-64;196;197;393;SEC_623
2006;516;18-24;30;31;61;SEC_516
2004;212;12-15;25;20;45;SEC_212
2004;610;65-74;65;71;136;SEC_610
1998;426;16-17;8;12;20;SEC_426
1996;517;75 i +;51;28;79;SEC_517
2016;608;12-15;30;23;53;SEC_608
2010;317;00-02;20;23;43;SEC_317
1998;431;16-17;14;12;26;SEC_431
2009;401;18-24;51;68;119;SEC_401
2016;423;65-74;49;40;89;SEC_423
1998;110;65-74;52;48;100;SEC_110
2010;614;03-11;39;30;69;SEC_614
2012;613;18-24;31;38;69;SEC_613
2010;120;00-02;20;24;44;SEC_120
2006;318;50-64;85;100;185;SEC_318
2005;601;25-34;123;134;257;SEC_601
1997;423;12-15;14;14;28;SEC_423
2011;401;16-17;10;9;19;SEC_401
2011;406;25-34;125;118;243;SEC_406
1997;521;16-17;19;24;43;SEC_521
2001;242;03-11;35;22;57;SEC_242
1999;526;25-34;57;58;115;SEC_526
2013;607;03-11;47;28;75;SEC_607
2007;617;65-74;68;52;120;SEC_617
2013;224;00-02;23;15;38;SEC_224
2010;520;03-11;38;38;76;SEC_520
2008;401;18-24;50;63;113;SEC_401
1998;220;65-74;67;60;127;SEC_220
2002;105;35-49;157;127;284;SEC_105
2000;423;75 i +;50;24;74;SEC_423
1998;610;00-02;6;10;16;SEC_610
1999;619;35-49;154;142;296;SEC_619
2008;538;00-02;18;25;43;SEC_538
1999;237;03-11;39;31;70;SEC_237
1999;233;35-49;66;68;134;SEC_233
2005;513;00-02;12;10;22;SEC_513
2004;415;75 i +;42;25;67;SEC_415
2015;204;75 i +;107;61;168;SEC_204
2002;625;12-15;32;41;73;SEC_625
2005;628;00-02;8;13;21;SEC_628
2005;121;65-74;70;44;114;SEC_121
2001;431;18-24;81;85;166;SEC_431
2009;220;18-24;39;43;82;SEC_220
2002;322;16-17;11;10;21;SEC_322
1996;517;16-17;11;14;25;SEC_517
2005;410;75 i +;98;89;187;SEC_410
2001;538;00-02;13;18;31;SEC_538
1997;425;12-15;15;11;26;SEC_425
2003;132;18-24;118;128;246;SEC_132
2011;513;75 i +;56;34;90;SEC_513
1997;234;16-17;7;11;18;SEC_234
1995;423;35-49;76;69;145;SEC_423
2002;305;16-17;28;19;47;SEC_305
2016;217;12-15;18;26;44;SEC_217
1999;215;03-11;23;20;43;SEC_215
1999;216;50-64;144;119;263;SEC_216
2003;619;12-15;18;25;43;SEC_619
1999;515;03-11;18;21;39;SEC_515
2014;322;03-11;64;57;121;SEC_322
1996;229;12-15;4;10;14;SEC_229
2009;516;12-15;12;21;33;SEC_516
1999;212;03-11;33;40;73;SEC_212
2001;601;35-49;123;117;240;SEC_601
1996;116;18-24;143;130;273;SEC_116
2007;108;16-17;11;11;22;SEC_108
1997;118;25-34;133;129;262;SEC_118
2007;133;18-24;40;32;72;SEC_133
2000;245;03-11;29;28;57;SEC_245
2010;530;03-11;54;64;118;SEC_530
1999;503;50-64;75;86;161;SEC_503
2008;442;00-02;8;10;18;SEC_442
2001;531;50-64;74;80;154;SEC_531
2014;517;75 i +;98;71;169;SEC_517
1994;222;65-74;59;40;99;SEC_222
2007;441;00-02;19;19;38;SEC_441
2016;314;35-49;274;273;547;SEC_314
2006;441;75 i +;83;63;146;SEC_441
1999;127;18-24;29;46;75;SEC_127
2001;526;12-15;6;9;15;SEC_526
1998;512;75 i +;44;23;67;SEC_512
2012;631;25-34;66;58;124;SEC_631
2005;404;12-15;34;32;66;SEC_404
2014;312;25-34;179;147;326;SEC_312
2015;441;25-34;166;167;333;SEC_441
1994;208;25-34;123;148;271;SEC_208
1999;322;50-64;95;92;187;SEC_322
1996;224;25-34;46;57;103;SEC_224
2001;428;12-15;14;7;21;SEC_428
2014;401;50-64;133;104;237;SEC_401
2013;441;16-17;27;16;43;SEC_441
2005;431;35-49;154;188;342;SEC_431
2008;609;25-34;69;68;137;SEC_609
1995;405;65-74;60;50;110;SEC_405
2005;108;50-64;132;109;241;SEC_108
2012;232;35-49;118;146;264;SEC_232
2004;516;35-49;78;88;166;SEC_516
1997;605;00-02;1;6;7;SEC_605
2005;137;50-64;173;147;320;SEC_137
1995;620;00-02;1;4;5;SEC_620
2006;527;50-64;65;64;129;SEC_527
2011;419;50-64;48;52;100;SEC_419
1994;119;18-24;104;117;221;SEC_119
1999;246;18-24;49;33;82;SEC_246
2010;241;65-74;33;30;63;SEC_241
2014;510;12-15;17;13;30;SEC_510
1997;515;35-49;54;43;97;SEC_515
2004;241;25-34;70;78;148;SEC_241
2001;623;12-15;25;22;47;SEC_623
1996;613;00-02;14;8;22;SEC_613
1996;616;35-49;174;175;349;SEC_616
2007;306;50-64;151;126;277;SEC_306
2013;436;50-64;112;106;218;SEC_436
2007;532;03-11;44;48;92;SEC_532
1996;527;03-11;41;30;71;SEC_527
2010;310;16-17;9;9;18;SEC_310
1995;419;03-11;28;25;53;SEC_419
1994;535;50-64;105;136;241;SEC_535
2001;420;03-11;42;36;78;SEC_420
1996;615;16-17;12;20;32;SEC_615
2000;509;00-02;6;14;20;SEC_509
2004;103;00-02;12;6;18;SEC_103
1998;621;00-02;17;19;36;SEC_621
2005;601;00-02;12;21;33;SEC_601
2005;520;35-49;78;80;158;SEC_520
1998;111;35-49;102;97;199;SEC_111
2000;527;03-11;37;26;63;SEC_527
2003;431;18-24;90;80;170;SEC_431
2005;536;65-74;62;51;113;SEC_536
1995;230;12-15;9;7;16;SEC_230
1996;516;75 i +;27;10;37;SEC_516
2000;321;75 i +;86;44;130;SEC_321
1994;608;75 i +;22;8;30;SEC_608
2011;232;12-15;18;21;39;SEC_232
1997;420;12-15;17;23;40;SEC_420
1998;218;12-15;6;13;19;SEC_218
2007;121;16-17;6;8;14;SEC_121
1995;224;00-02;4;6;10;SEC_224
2001;606;12-15;20;19;39;SEC_606
2001;417;12-15;10;9;19;SEC_417
1999;618;12-15;10;13;23;SEC_618
2008;230;50-64;42;38;80;SEC_230
2004;237;75 i +;66;30;96;SEC_237
1998;309;25-34;64;55;119;SEC_309
2002;218;00-02;4;7;11;SEC_218
2012;135;00-02;16;21;37;SEC_135
1995;619;03-11;55;69;124;SEC_619
1996;513;75 i +;39;14;53;SEC_513
2004;434;00-02;9;6;15;SEC_434
2003;217;75 i +;42;15;57;SEC_217
1998;321;18-24;164;148;312;SEC_321
2005;613;18-24;33;36;69;SEC_613
1999;413;35-49;47;51;98;SEC_413
1995;430;75 i +;48;16;64;SEC_430
2014;101;35-49;309;301;610;SEC_101
2008;246;75 i +;76;47;123;SEC_246
1994;239;03-11;19;29;48;SEC_239
2005;138;16-17;8;6;14;SEC_138
2000;103;75 i +;46;22;68;SEC_103
2001;518;18-24;46;46;92;SEC_518
1995;231;03-11;24;14;38;SEC_231
2012;212;16-17;10;19;29;SEC_212
2010;611;18-24;55;61;116;SEC_611
2004;437;65-74;54;50;104;SEC_437
1996;531;50-64;91;95;186;SEC_531
2004;237;16-17;16;12;28;SEC_237
1999;225;12-15;9;12;21;SEC_225
2016;129;25-34;50;78;128;SEC_129
1996;405;00-02;9;13;22;SEC_405
2004;626;12-15;20;11;31;SEC_626
2013;520;25-34;64;58;122;SEC_520
2013;615;25-34;49;29;78;SEC_615
2010;626;16-17;7;6;13;SEC_626
1998;424;75 i +;20;11;31;SEC_424
1996;320;75 i +;26;19;45;SEC_320
2016;211;16-17;14;17;31;SEC_211
2008;115;75 i +;73;42;115;SEC_115
2015;213;03-11;40;55;95;SEC_213
2011;227;65-74;31;34;65;SEC_227
1996;515;65-74;34;24;58;SEC_515
2004;522;65-74;39;42;81;SEC_522
2007;501;03-11;42;48;90;SEC_501
2008;429;12-15;11;14;25;SEC_429
2009;226;25-34;122;129;251;SEC_226
2003;309;18-24;32;33;65;SEC_309
2013;426;65-74;37;35;72;SEC_426
1994;235;00-02;12;12;24;SEC_235
1999;210;00-02;5;7;12;SEC_210
1997;614;18-24;79;85;164;SEC_614
2007;308;50-64;210;192;402;SEC_308
2010;418;25-34;106;119;225;SEC_418
1999;439;50-64;95;86;181;SEC_439
1998;614;16-17;15;10;25;SEC_614
2012;218;00-02;10;8;18;SEC_218
2003;306;65-74;100;73;173;SEC_306
2012;229;18-24;42;29;71;SEC_229
2009;431;12-15;29;36;65;SEC_431
1998;122;35-49;53;60;113;SEC_122
2005;201;12-15;15;7;22;SEC_201
2006;424;16-17;2;1;3;SEC_424
2006;410;25-34;118;118;236;SEC_410
1997;506;25-34;141;157;298;SEC_506
2009;534;18-24;39;41;80;SEC_534
2014;240;03-11;84;62;146;SEC_240
2016;103;12-15;15;10;25;SEC_103
1997;101;00-02;14;21;35;SEC_101
2014;220;65-74;67;36;103;SEC_220
1998;232;75 i +;60;32;92;SEC_232
2001;525;65-74;62;52;114;SEC_525
1997;430;75 i +;43;24;67;SEC_430
2001;316;18-24;184;198;382;SEC_316
1994;236;75 i +;41;39;80;SEC_236
2009;436;16-17;10;9;19;SEC_436
2001;437;25-34;80;86;166;SEC_437
2002;220;50-64;63;43;106;SEC_220
1999;245;65-74;74;56;130;SEC_245
2011;318;18-24;39;43;82;SEC_318
2011;302;03-11;47;38;85;SEC_302
2002;510;03-11;34;37;71;SEC_510
2006;220;18-24;33;46;79;SEC_220
2004;220;75 i +;45;37;82;SEC_220
1994;320;03-11;25;18;43;SEC_320
2007;411;03-11;32;25;57;SEC_411
2004;219;12-15;18;19;37;SEC_219
2001;532;12-15;19;18;37;SEC_532
2004;418;00-02;13;14;27;SEC_418
2013;605;65-74;159;128;287;SEC_605
2011;216;12-15;21;14;35;SEC_216
1998;217;12-15;12;12;24;SEC_217
1999;134;35-49;143;123;266;SEC_134
2012;202;25-34;87;98;185;SEC_202
2011;202;03-11;38;39;77;SEC_202
2006;501;25-34;91;121;212;SEC_501
2005;601;03-11;47;45;92;SEC_601
2003;209;50-64;70;73;143;SEC_209
1998;323;16-17;45;53;98;SEC_323
2010;218;65-74;39;33;72;SEC_218
1998;220;25-34;73;70;143;SEC_220
2003;507;12-15;18;16;34;SEC_507
2015;313;35-49;216;213;429;SEC_313
2005;412;03-11;55;44;99;SEC_412
2006;537;18-24;59;51;110;SEC_537
2013;511;00-02;31;34;65;SEC_511
2008;211;35-49;174;215;389;SEC_211
1997;313;16-17;39;30;69;SEC_313
2004;218;16-17;2;11;13;SEC_218
1997;229;25-34;54;53;107;SEC_229
2007;203;16-17;3;5;8;SEC_203
2013;315;50-64;183;151;334;SEC_315
2000;325;75 i +;137;70;207;SEC_325
2005;442;35-49;77;70;147;SEC_442
2014;125;00-02;26;37;63;SEC_125
1997;126;12-15;14;13;27;SEC_126
2008;315;65-74;62;64;126;SEC_315
2004;245;25-34;116;124;240;SEC_245
1997;209;00-02;7;7;14;SEC_209
1998;411;25-34;62;72;134;SEC_411
2012;316;25-34;175;214;389;SEC_316
2014;224;25-34;114;107;221;SEC_224
2014;627;65-74;79;85;164;SEC_627
2014;425;50-64;71;85;156;SEC_425
2013;532;65-74;76;61;137;SEC_532
1999;104;00-02;14;7;21;SEC_104
1998;231;16-17;6;7;13;SEC_231
1994;237;65-74;80;54;134;SEC_237
2007;315;65-74;60;55;115;SEC_315
1996;404;12-15;28;26;54;SEC_404
2007;522;35-49;111;99;210;SEC_522
1999;228;25-34;62;62;124;SEC_228
2006;518;35-49;137;140;277;SEC_518
2013;213;03-11;34;54;88;SEC_213
2013;223;35-49;152;151;303;SEC_223
2003;519;18-24;37;36;73;SEC_519
2008;314;25-34;205;210;415;SEC_314
1999;430;35-49;67;76;143;SEC_430
2012;538;50-64;90;82;172;SEC_538
2000;107;25-34;173;209;382;SEC_107
2008;205;03-11;29;28;57;SEC_205
1996;219;35-49;103;89;192;SEC_219
2014;501;65-74;95;111;206;SEC_501
2007;232;16-17;8;5;13;SEC_232
2009;306;65-74;70;49;119;SEC_306
2008;108;50-64;130;121;251;SEC_108
1994;603;00-02;6;8;14;SEC_603
2004;249;75 i +;64;39;103;SEC_249
1997;616;65-74;46;38;84;SEC_616
2001;512;25-34;66;72;138;SEC_512
2004;314;65-74;67;71;138;SEC_314
2001;628;03-11;43;33;76;SEC_628
1996;109;25-34;95;95;190;SEC_109
1994;227;50-64;75;68;143;SEC_227
1998;532;25-34;118;106;224;SEC_532
2016;626;12-15;16;21;37;SEC_626
1994;318;25-34;82;63;145;SEC_318
2013;239;35-49;128;139;267;SEC_239
2007;112;03-11;51;55;106;SEC_112
2010;308;12-15;37;37;74;SEC_308
1996;104;65-74;74;48;122;SEC_104
2013;614;65-74;94;68;162;SEC_614
2014;124;03-11;40;33;73;SEC_124
1999;414;25-34;73;67;140;SEC_414
2009;108;12-15;23;23;46;SEC_108
1998;236;50-64;110;97;207;SEC_236
1995;513;12-15;16;10;26;SEC_513
2011;111;16-17;4;8;12;SEC_111
1997;311;16-17;17;14;31;SEC_311
2002;531;65-74;52;56;108;SEC_531
2009;423;50-64;70;55;125;SEC_423
2009;615;25-34;60;60;120;SEC_615
2010;136;00-02;19;20;39;SEC_136
2013;137;16-17;18;9;27;SEC_137
2016;518;18-24;37;49;86;SEC_518
1995;435;25-34;69;85;154;SEC_435
1998;139;35-49;91;98;189;SEC_139
2000;440;25-34;99;115;214;SEC_440
2016;609;16-17;5;7;12;SEC_609
1998;413;35-49;49;55;104;SEC_413
2006;419;65-74;51;33;84;SEC_419
2008;217;00-02;16;16;32;SEC_217
2009;629;25-34;37;56;93;SEC_629
2007;506;75 i +;72;52;124;SEC_506
2010;601;35-49;129;172;301;SEC_601
2007;215;75 i +;65;34;99;SEC_215
2014;412;18-24;46;63;109;SEC_412
2000;517;35-49;106;111;217;SEC_517
2009;415;75 i +;40;22;62;SEC_415
1996;128;03-11;34;37;71;SEC_128
2005;123;25-34;131;105;236;SEC_123
2009;434;25-34;48;56;104;SEC_434
2005;249;35-49;142;145;287;SEC_249
2009;508;65-74;35;25;60;SEC_508
2010;312;25-34;171;179;350;SEC_312
2005;414;50-64;67;63;130;SEC_414
2010;536;16-17;2;9;11;SEC_536
2010;616;75 i +;56;37;93;SEC_616
2005;118;00-02;25;23;48;SEC_118
1996;317;18-24;40;50;90;SEC_317
1999;434;65-74;70;43;113;SEC_434
2011;215;18-24;43;39;82;SEC_215
2006;438;65-74;60;55;115;SEC_438
2001;536;25-34;75;88;163;SEC_536
2010;226;18-24;52;51;103;SEC_226
2012;244;16-17;7;3;10;SEC_244
2008;509;18-24;31;38;69;SEC_509
2000;237;00-02;15;9;24;SEC_237
2005;612;12-15;16;18;34;SEC_612
2005;440;35-49;73;83;156;SEC_440
2015;533;65-74;95;62;157;SEC_533
2004;432;03-11;30;38;68;SEC_432
2002;249;65-74;82;60;142;SEC_249
2014;623;35-49;151;158;309;SEC_623
1994;205;25-34;68;71;139;SEC_205
2011;247;75 i +;77;45;122;SEC_247
2006;236;75 i +;76;43;119;SEC_236
2002;139;50-64;87;85;172;SEC_139
2007;103;00-02;11;5;16;SEC_103
2010;116;35-49;166;172;338;SEC_116
2007;246;18-24;44;50;94;SEC_246
2011;121;03-11;24;41;65;SEC_121
1997;220;16-17;10;4;14;SEC_220
1995;617;12-15;30;33;63;SEC_617
1996;203;25-34;55;58;113;SEC_203
2008;423;00-02;14;15;29;SEC_423
2001;313;18-24;145;99;244;SEC_313
2000;628;65-74;44;43;87;SEC_628
2005;315;00-02;22;29;51;SEC_315
2003;114;65-74;79;70;149;SEC_114
2012;519;18-24;19;38;57;SEC_519
2001;106;75 i +;51;27;78;SEC_106
2015;102;18-24;43;48;91;SEC_102
2016;307;18-24;28;39;67;SEC_307
1996;224;65-74;42;32;74;SEC_224
2002;627;25-34;85;97;182;SEC_627
1999;521;00-02;4;4;8;SEC_521
2002;502;35-49;148;143;291;SEC_502
2013;115;75 i +;68;40;108;SEC_115
2002;218;25-34;61;68;129;SEC_218
2009;233;50-64;65;68;133;SEC_233
1997;230;00-02;10;8;18;SEC_230
2009;303;65-74;133;115;248;SEC_303
1997;430;35-49;69;80;149;SEC_430
2015;517;18-24;68;99;167;SEC_517
2003;426;16-17;9;12;21;SEC_426
1994;619;50-64;165;157;322;SEC_619
1995;223;03-11;29;45;74;SEC_223
2009;325;18-24;50;59;109;SEC_325
2008;312;12-15;22;22;44;SEC_312
2003;427;65-74;73;40;113;SEC_427
2000;504;35-49;87;83;170;SEC_504
2014;126;50-64;79;55;134;SEC_126
2006;204;00-02;7;8;15;SEC_204
1995;507;35-49;92;88;180;SEC_507
2006;523;50-64;113;100;213;SEC_523
2007;318;35-49;110;103;213;SEC_318
2010;237;50-64;101;107;208;SEC_237
2012;216;16-17;17;17;34;SEC_216
1998;310;00-02;8;8;16;SEC_310
1999;525;35-49;68;70;138;SEC_525
2001;246;65-74;80;60;140;SEC_246
2003;301;16-17;23;26;49;SEC_301
2010;243;75 i +;102;70;172;SEC_243
2008;318;18-24;41;34;75;SEC_318
2014;611;12-15;28;29;57;SEC_611
2008;424;25-34;62;81;143;SEC_424
2016;128;75 i +;58;46;104;SEC_128
2008;118;18-24;84;70;154;SEC_118
1999;222;12-15;12;17;29;SEC_222
2003;428;25-34;48;58;106;SEC_428
2016;105;16-17;7;10;17;SEC_105
2000;621;50-64;188;228;416;SEC_621
2012;121;35-49;110;122;232;SEC_121
2005;126;65-74;60;69;129;SEC_126
2003;221;00-02;7;12;19;SEC_221
2010;432;16-17;8;12;20;SEC_432
2004;523;65-74;89;78;167;SEC_523
2000;608;50-64;96;72;168;SEC_608
2013;627;65-74;65;77;142;SEC_627
2010;615;12-15;12;14;26;SEC_615
2010;610;25-34;68;73;141;SEC_610
1997;535;12-15;35;34;69;SEC_535
2016;304;35-49;481;486;967;SEC_304
2010;308;75 i +;101;52;153;SEC_308
2011;240;16-17;5;8;13;SEC_240
2004;303;25-34;161;170;331;SEC_303
2008;421;50-64;96;78;174;SEC_421
2002;415;75 i +;46;27;73;SEC_415
2016;101;25-34;132;124;256;SEC_101
2003;431;03-11;46;63;109;SEC_431
1998;304;12-15;13;16;29;SEC_304
2011;211;18-24;57;57;114;SEC_211
1996;246;50-64;95;87;182;SEC_246
2004;439;12-15;15;23;38;SEC_439
2010;604;65-74;48;34;82;SEC_604
2003;501;00-02;14;17;31;SEC_501
2005;405;16-17;5;5;10;SEC_405
1997;219;18-24;51;45;96;SEC_219
2009;433;18-24;69;64;133;SEC_433
1998;431;18-24;77;83;160;SEC_431
2004;630;50-64;135;114;249;SEC_630
1998;229;16-17;2;5;7;SEC_229
2011;224;00-02;14;14;28;SEC_224
2000;404;16-17;11;6;17;SEC_404
2016;115;50-64;112;126;238;SEC_115
2005;317;25-34;125;145;270;SEC_317
2013;517;35-49;259;318;577;SEC_517
2008;416;50-64;54;55;109;SEC_416
2010;220;75 i +;56;36;92;SEC_220
2003;506;00-02;17;16;33;SEC_506
2016;208;16-17;13;11;24;SEC_208
2000;202;00-02;2;5;7;SEC_202
2011;102;35-49;181;185;366;SEC_102
2008;249;03-11;39;46;85;SEC_249
2009;431;03-11;75;69;144;SEC_431
1997;422;35-49;86;106;192;SEC_422
2003;614;35-49;87;84;171;SEC_614
2014;623;00-02;8;15;23;SEC_623
2003;125;18-24;51;77;128;SEC_125
2014;115;16-17;12;4;16;SEC_115
1994;105;12-15;50;43;93;SEC_105
1999;112;75 i +;58;19;77;SEC_112
1998;237;35-49;107;109;216;SEC_237
2005;505;03-11;33;26;59;SEC_505
2016;611;65-74;109;73;182;SEC_611
2014;127;25-34;58;49;107;SEC_127
2012;137;00-02;21;21;42;SEC_137
2006;401;65-74;78;64;142;SEC_401
2001;128;50-64;95;83;178;SEC_128
2010;317;12-15;24;18;42;SEC_317
2000;229;16-17;6;6;12;SEC_229
1997;241;25-34;65;57;122;SEC_241
2000;631;16-17;12;8;20;SEC_631
2014;506;18-24;64;66;130;SEC_506
2011;140;75 i +;63;44;107;SEC_140
1999;138;50-64;88;73;161;SEC_138
2014;228;12-15;38;42;80;SEC_228
2013;510;25-34;62;83;145;SEC_510
2001;616;65-74;52;52;104;SEC_616
1998;213;18-24;58;66;124;SEC_213
2001;629;16-17;4;7;11;SEC_629
1999;216;75 i +;50;35;85;SEC_216
2005;514;03-11;37;35;72;SEC_514
2013;409;50-64;154;143;297;SEC_409
2008;426;12-15;15;27;42;SEC_426
2012;501;12-15;19;18;37;SEC_501
2000;535;25-34;74;101;175;SEC_535
2010;233;12-15;14;18;32;SEC_233
2002;425;50-64;84;78;162;SEC_425
2007;622;65-74;32;34;66;SEC_622
2015;309;16-17;4;11;15;SEC_309
1999;317;75 i +;48;23;71;SEC_317
2007;224;12-15;15;7;22;SEC_224
2011;315;00-02;34;37;71;SEC_315
1998;628;12-15;26;24;50;SEC_628
2001;425;18-24;45;37;82;SEC_425
1995;516;03-11;23;12;35;SEC_516
2006;525;65-74;72;53;125;SEC_525
2008;107;65-74;105;95;200;SEC_107
2000;410;12-15;22;16;38;SEC_410
2003;529;65-74;82;84;166;SEC_529
2007;225;00-02;10;8;18;SEC_225
1998;123;16-17;16;15;31;SEC_123
2009;126;03-11;38;41;79;SEC_126
1998;249;12-15;12;16;28;SEC_249
2007;234;18-24;35;37;72;SEC_234
1995;238;12-15;13;18;31;SEC_238
2015;140;18-24;27;43;70;SEC_140
1996;208;03-11;49;44;93;SEC_208
2016;109;25-34;68;67;135;SEC_109
2007;137;16-17;13;11;24;SEC_137
1997;315;35-49;172;183;355;SEC_315
2014;315;12-15;31;26;57;SEC_315
2011;119;75 i +;84;47;131;SEC_119
2015;112;65-74;91;75;166;SEC_112
2005;518;16-17;10;7;17;SEC_518
2010;527;12-15;26;19;45;SEC_527
2013;535;16-17;6;5;11;SEC_535
2006;241;65-74;43;37;80;SEC_241
1998;530;35-49;106;109;215;SEC_530
2006;316;50-64;312;345;657;SEC_316
1997;437;25-34;64;78;142;SEC_437
2006;438;12-15;11;21;32;SEC_438
2012;505;75 i +;77;61;138;SEC_505
2010;227;25-34;72;57;129;SEC_227
2009;536;16-17;8;10;18;SEC_536
2016;104;50-64;80;80;160;SEC_104
2011;505;75 i +;72;53;125;SEC_505
2009;122;16-17;4;4;8;SEC_122
2007;310;25-34;104;103;207;SEC_310
2013;304;16-17;37;14;51;SEC_304
2012;323;03-11;134;156;290;SEC_323
1995;621;00-02;23;23;46;SEC_621
2009;441;16-17;17;19;36;SEC_441
2014;404;50-64;108;103;211;SEC_404
2011;304;18-24;81;78;159;SEC_304
2004;621;75 i +;43;19;62;SEC_621
2009;239;35-49;153;175;328;SEC_239
2007;609;65-74;47;43;90;SEC_609
2000;618;18-24;40;33;73;SEC_618
2012;622;16-17;7;10;17;SEC_622
2009;604;75 i +;27;18;45;SEC_604
2015;220;25-34;147;152;299;SEC_220
2013;248;16-17;10;7;17;SEC_248
2003;609;00-02;7;8;15;SEC_609
2009;114;65-74;101;96;197;SEC_114
1997;135;00-02;11;14;25;SEC_135
1997;440;16-17;15;12;27;SEC_440
2016;134;35-49;164;173;337;SEC_134
2006;619;50-64;146;132;278;SEC_619
2000;132;50-64;183;213;396;SEC_132
1998;226;16-17;15;15;30;SEC_226
2005;244;75 i +;47;35;82;SEC_244
2009;246;12-15;31;20;51;SEC_246
2014;418;75 i +;78;61;139;SEC_418
2003;215;03-11;31;28;59;SEC_215
2014;123;75 i +;85;64;149;SEC_123
2007;438;75 i +;33;23;56;SEC_438
2008;305;16-17;22;17;39;SEC_305
1998;105;25-34;82;93;175;SEC_105
1999;136;75 i +;48;26;74;SEC_136
2011;305;65-74;55;60;115;SEC_305
1998;242;03-11;30;27;57;SEC_242
1994;619;25-34;121;140;261;SEC_619
1998;210;50-64;101;79;180;SEC_210
1994;530;75 i +;55;32;87;SEC_530
2015;224;75 i +;74;32;106;SEC_224
2012;520;75 i +;55;46;101;SEC_520
2005;519;25-34;76;88;164;SEC_519
1994;604;12-15;22;28;50;SEC_604
1997;122;18-24;48;56;104;SEC_122
2016;535;00-02;8;5;13;SEC_535
2009;619;12-15;10;24;34;SEC_619
2007;622;50-64;103;90;193;SEC_622
2016;246;75 i +;69;46;115;SEC_246
2000;233;65-74;45;44;89;SEC_233
2007;619;12-15;15;16;31;SEC_619
2003;301;18-24;90;108;198;SEC_301
2007;201;18-24;25;36;61;SEC_201
2013;422;25-34;104;98;202;SEC_422
2004;227;75 i +;45;27;72;SEC_227
2001;504;12-15;8;17;25;SEC_504
2012;524;50-64;90;81;171;SEC_524
2016;321;18-24;67;78;145;SEC_321
2004;603;16-17;2;11;13;SEC_603
1999;424;50-64;68;60;128;SEC_424
2001;314;50-64;182;197;379;SEC_314
1997;222;18-24;41;61;102;SEC_222
2000;313;16-17;30;18;48;SEC_313
2010;611;00-02;20;26;46;SEC_611
2000;427;50-64;68;50;118;SEC_427
1998;244;50-64;55;48;103;SEC_244
1994;626;16-17;24;19;43;SEC_626
2007;631;35-49;97;116;213;SEC_631
2006;120;50-64;160;166;326;SEC_120
2006;423;16-17;7;6;13;SEC_423
2002;240;65-74;68;48;116;SEC_240
2014;437;65-74;91;68;159;SEC_437
2005;311;75 i +;96;51;147;SEC_311
1999;108;65-74;90;79;169;SEC_108
2009;417;03-11;22;31;53;SEC_417
2007;128;03-11;29;37;66;SEC_128
2003;309;16-17;4;4;8;SEC_309
2006;613;75 i +;50;31;81;SEC_613
2004;602;12-15;8;9;17;SEC_602
2004;218;18-24;29;28;57;SEC_218
2011;413;25-34;61;55;116;SEC_413
2012;613;75 i +;85;48;133;SEC_613
2014;602;16-17;12;20;32;SEC_602
1994;122;50-64;128;134;262;SEC_122
2005;620;00-02;4;7;11;SEC_620
2002;304;18-24;49;46;95;SEC_304
1994;439;65-74;54;40;94;SEC_439
2006;502;12-15;25;17;42;SEC_502
2007;522;12-15;12;17;29;SEC_522
2005;422;03-11;42;37;79;SEC_422
2008;528;35-49;184;146;330;SEC_528
1994;118;00-02;20;27;47;SEC_118
2015;210;75 i +;92;44;136;SEC_210
2012;605;65-74;73;59;132;SEC_605
1997;420;16-17;12;14;26;SEC_420
2013;237;18-24;49;46;95;SEC_237
2009;525;25-34;88;117;205;SEC_525
2000;203;75 i +;52;26;78;SEC_203
2000;419;00-02;17;12;29;SEC_419
2005;245;00-02;15;14;29;SEC_245
2014;525;03-11;45;49;94;SEC_525
2014;504;18-24;24;25;49;SEC_504
2015;202;50-64;126;111;237;SEC_202
2001;409;12-15;8;10;18;SEC_409
2005;601;65-74;81;92;173;SEC_601
2008;106;12-15;25;25;50;SEC_106
2014;306;18-24;63;72;135;SEC_306
1997;321;75 i +;71;40;111;SEC_321
2013;531;25-34;74;81;155;SEC_531
2006;203;16-17;7;4;11;SEC_203
2007;110;12-15;14;17;31;SEC_110
2005;307;00-02;6;15;21;SEC_307
2002;123;75 i +;69;43;112;SEC_123
2011;523;35-49;185;174;359;SEC_523
1999;301;75 i +;74;34;108;SEC_301
1997;404;00-02;11;19;30;SEC_404
2008;532;25-34;155;156;311;SEC_532
2012;537;00-02;16;13;29;SEC_537
1997;137;16-17;19;19;38;SEC_137
1999;440;25-34;93;108;201;SEC_440
2004;228;00-02;4;7;11;SEC_228
2011;524;16-17;12;12;24;SEC_524
2014;517;50-64;171;149;320;SEC_517
2013;236;35-49;123;120;243;SEC_236
1996;216;35-49;129;111;240;SEC_216
1998;420;35-49;89;109;198;SEC_420
2009;307;00-02;10;15;25;SEC_307
1996;533;65-74;44;51;95;SEC_533
2016;410;75 i +;159;108;267;SEC_410
2010;111;03-11;23;39;62;SEC_111
1998;403;00-02;7;9;16;SEC_403
2009;225;03-11;13;19;32;SEC_225
1999;222;16-17;9;8;17;SEC_222
1999;510;50-64;115;112;227;SEC_510
2014;305;65-74;68;70;138;SEC_305
1997;218;12-15;9;11;20;SEC_218
1999;532;25-34;126;108;234;SEC_532
2001;239;03-11;30;28;58;SEC_239
1996;432;16-17;26;17;43;SEC_432
1997;244;16-17;6;6;12;SEC_244
2012;518;00-02;10;17;27;SEC_518
1996;234;65-74;78;58;136;SEC_234
1995;626;18-24;99;146;245;SEC_626
2008;301;12-15;38;37;75;SEC_301
1999;411;65-74;97;77;174;SEC_411
1997;630;12-15;30;29;59;SEC_630
2004;104;50-64;67;62;129;SEC_104
2008;249;50-64;91;71;162;SEC_249
2016;249;16-17;10;13;23;SEC_249
2007;213;16-17;9;8;17;SEC_213
2003;213;00-02;6;15;21;SEC_213
1997;318;65-74;24;17;41;SEC_318
2016;501;75 i +;41;37;78;SEC_501
2003;309;65-74;32;22;54;SEC_309
2012;439;12-15;18;20;38;SEC_439
2003;234;03-11;32;26;58;SEC_234
1998;623;16-17;22;37;59;SEC_623
2016;107;75 i +;111;68;179;SEC_107
1997;117;25-34;154;151;305;SEC_117
2012;215;12-15;19;19;38;SEC_215
2002;609;00-02;9;12;21;SEC_609
2015;521;03-11;36;34;70;SEC_521
1998;422;12-15;17;16;33;SEC_422
2007;415;75 i +;43;24;67;SEC_415
2012;247;00-02;31;36;67;SEC_247
2016;113;18-24;49;58;107;SEC_113
1994;427;25-34;69;79;148;SEC_427
2012;528;65-74;65;48;113;SEC_528
2007;601;18-24;37;47;84;SEC_601
2012;417;18-24;35;18;53;SEC_417
1995;111;50-64;112;107;219;SEC_111
1996;434;75 i +;51;33;84;SEC_434
1996;429;65-74;39;34;73;SEC_429
2005;321;16-17;18;21;39;SEC_321
2009;613;35-49;146;150;296;SEC_613
2006;619;12-15;16;21;37;SEC_619
2015;423;65-74;48;43;91;SEC_423
2004;441;12-15;36;54;90;SEC_441
2011;201;75 i +;62;40;102;SEC_201
2007;223;03-11;53;52;105;SEC_223
2012;508;75 i +;36;22;58;SEC_508
1996;431;18-24;91;88;179;SEC_431
2007;421;65-74;85;59;144;SEC_421
2009;609;00-02;14;8;22;SEC_609
2013;401;18-24;50;53;103;SEC_401
2008;416;75 i +;53;44;97;SEC_416
2000;324;50-64;70;68;138;SEC_324
1996;136;00-02;16;10;26;SEC_136
2009;204;65-74;28;17;45;SEC_204
2016;614;18-24;21;32;53;SEC_614
1999;130;18-24;38;39;77;SEC_130
2007;233;00-02;5;15;20;SEC_233
1997;420;65-74;82;56;138;SEC_420
2008;412;12-15;28;27;55;SEC_412
1996;211;03-11;35;41;76;SEC_211
1997;321;35-49;338;320;658;SEC_321
2013;305;18-24;76;54;130;SEC_305
1998;425;18-24;42;44;86;SEC_425
2001;325;03-11;68;60;128;SEC_325
1999;613;75 i +;40;20;60;SEC_613
2010;614;75 i +;51;36;87;SEC_614
2011;110;16-17;8;10;18;SEC_110
2012;533;65-74;47;21;68;SEC_533
2004;113;35-49;184;155;339;SEC_113
1994;411;16-17;27;12;39;SEC_411
1995;243;50-64;151;144;295;SEC_243
2001;507;16-17;13;7;20;SEC_507
1996;308;25-34;96;102;198;SEC_308
2002;439;25-34;110;126;236;SEC_439
1996;409;65-74;32;29;61;SEC_409
2016;317;25-34;79;85;164;SEC_317
2010;242;50-64;91;89;180;SEC_242
2011;241;03-11;34;36;70;SEC_241
1997;203;18-24;30;36;66;SEC_203
1995;430;35-49;64;75;139;SEC_430
2016;607;25-34;54;63;117;SEC_607
2003;236;65-74;79;60;139;SEC_236
1998;203;16-17;6;8;14;SEC_203
2003;414;25-34;87;89;176;SEC_414
2005;432;12-15;23;21;44;SEC_432
1998;319;16-17;16;16;32;SEC_319
1997;312;25-34;154;185;339;SEC_312
1998;231;00-02;14;3;17;SEC_231
2013;313;35-49;235;213;448;SEC_313
2010;325;18-24;45;51;96;SEC_325
2000;432;18-24;78;87;165;SEC_432
2009;325;35-49;202;167;369;SEC_325
1994;440;75 i +;38;28;66;SEC_440
1998;411;16-17;14;9;23;SEC_411
1995;604;65-74;33;27;60;SEC_604
2012;301;00-02;45;48;93;SEC_301
2013;209;35-49;116;107;223;SEC_209
1996;238;16-17;4;9;13;SEC_238
2003;412;03-11;47;42;89;SEC_412
2011;210;00-02;9;11;20;SEC_210
1996;103;50-64;75;64;139;SEC_103
1997;609;75 i +;28;12;40;SEC_609
2016;134;25-34;87;97;184;SEC_134
2003;208;18-24;69;81;150;SEC_208
1995;623;65-74;48;29;77;SEC_623
2011;506;18-24;61;79;140;SEC_506
2000;229;00-02;8;4;12;SEC_229
2008;517;03-11;61;70;131;SEC_517
2012;237;03-11;63;71;134;SEC_237
2012;115;75 i +;79;38;117;SEC_115
1997;122;03-11;27;10;37;SEC_122
2005;322;65-74;58;47;105;SEC_322
2006;538;25-34;100;123;223;SEC_538
1997;221;00-02;11;6;17;SEC_221
2008;436;12-15;25;23;48;SEC_436
1996;503;50-64;68;73;141;SEC_503
2001;433;00-02;9;23;32;SEC_433
2011;204;25-34;47;53;100;SEC_204
2014;302;75 i +;66;44;110;SEC_302
1998;313;25-34;142;141;283;SEC_313
2009;213;16-17;8;9;17;SEC_213
1995;235;00-02;14;9;23;SEC_235
1998;317;65-74;56;41;97;SEC_317
2005;428;50-64;39;33;72;SEC_428
2001;523;75 i +;84;33;117;SEC_523
2002;120;16-17;20;19;39;SEC_120
1995;240;35-49;60;48;108;SEC_240
2004;533;65-74;71;56;127;SEC_533
2003;619;03-11;40;46;86;SEC_619
2012;405;00-02;14;14;28;SEC_405
2010;419;35-49;110;134;244;SEC_419
2002;319;35-49;125;114;239;SEC_319
2007;601;50-64;147;117;264;SEC_601
2014;426;65-74;39;36;75;SEC_426
2012;512;18-24;33;33;66;SEC_512
1998;311;18-24;76;80;156;SEC_311
2015;129;50-64;88;81;169;SEC_129
2007;316;65-74;59;59;118;SEC_316
1996;622;35-49;123;114;237;SEC_622
2008;507;12-15;10;15;25;SEC_507
1998;414;35-49;81;73;154;SEC_414
2005;506;25-34;131;138;269;SEC_506
2007;525;25-34;98;109;207;SEC_525
2011;522;18-24;30;32;62;SEC_522
1998;606;25-34;110;113;223;SEC_606
2009;513;75 i +;43;28;71;SEC_513
2013;201;16-17;3;10;13;SEC_201
2013;317;50-64;74;75;149;SEC_317
2002;116;16-17;16;14;30;SEC_116
2004;628;03-11;34;42;76;SEC_628
2002;437;12-15;8;19;27;SEC_437
2013;318;16-17;6;7;13;SEC_318
2012;111;03-11;30;37;67;SEC_111
2004;436;18-24;50;54;104;SEC_436
2003;301;75 i +;76;45;121;SEC_301
1997;418;03-11;36;37;73;SEC_418
1995;511;16-17;7;6;13;SEC_511
2006;120;12-15;44;36;80;SEC_120
1996;603;50-64;78;76;154;SEC_603
2008;229;65-74;48;30;78;SEC_229
2010;232;12-15;14;14;28;SEC_232
1996;416;50-64;92;92;184;SEC_416
2011;222;65-74;37;37;74;SEC_222
1996;407;16-17;13;14;27;SEC_407
1998;526;18-24;33;40;73;SEC_526
1994;108;00-02;12;16;28;SEC_108
2008;413;18-24;26;30;56;SEC_413
2005;220;25-34;80;95;175;SEC_220
2016;201;50-64;101;89;190;SEC_201
2006;610;65-74;73;85;158;SEC_610
2000;239;12-15;7;20;27;SEC_239
1997;102;16-17;19;28;47;SEC_102
2015;605;35-49;203;198;401;SEC_605
2003;244;16-17;5;4;9;SEC_244
1997;321;18-24;168;163;331;SEC_321
2013;234;00-02;11;19;30;SEC_234
2007;431;25-34;164;201;365;SEC_431
2000;421;12-15;8;11;19;SEC_421
2005;305;18-24;77;78;155;SEC_305
2011;128;35-49;131;143;274;SEC_128
2006;622;35-49;79;86;165;SEC_622
2012;519;03-11;23;34;57;SEC_519
2006;401;35-49;141;122;263;SEC_401
2012;115;35-49;156;174;330;SEC_115
2003;409;65-74;42;32;74;SEC_409
2013;619;50-64;143;123;266;SEC_619
2000;622;18-24;62;61;123;SEC_622
2014;524;16-17;8;15;23;SEC_524
1996;316;65-74;35;32;67;SEC_316
2004;138;16-17;8;10;18;SEC_138
2004;609;35-49;74;72;146;SEC_609
2004;613;16-17;12;6;18;SEC_613
2010;415;16-17;6;7;13;SEC_415
1996;627;65-74;30;21;51;SEC_627
2011;434;65-74;22;15;37;SEC_434
2016;242;16-17;11;13;24;SEC_242
2000;102;12-15;30;30;60;SEC_102
2009;325;65-74;98;82;180;SEC_325
1994;321;00-02;24;18;42;SEC_321
1997;309;35-49;90;73;163;SEC_309
2010;205;12-15;15;18;33;SEC_205
2011;514;35-49;94;121;215;SEC_514
2008;202;03-11;27;27;54;SEC_202
1998;301;75 i +;81;34;115;SEC_301
1996;132;03-11;89;84;173;SEC_132
2012;104;03-11;37;40;77;SEC_104
2007;224;25-34;66;66;132;SEC_224
2010;535;65-74;80;91;171;SEC_535
2015;614;35-49;106;108;214;SEC_614
2001;232;25-34;83;86;169;SEC_232
2010;206;12-15;15;21;36;SEC_206
1995;313;12-15;77;53;130;SEC_313
2014;130;03-11;54;40;94;SEC_130
2016;139;12-15;15;17;32;SEC_139
2001;430;25-34;90;75;165;SEC_430
1997;405;75 i +;31;20;51;SEC_405
2001;401;35-49;124;123;247;SEC_401
2006;610;16-17;13;10;23;SEC_610
1998;530;12-15;20;25;45;SEC_530
2004;320;16-17;13;7;20;SEC_320
2016;618;03-11;48;48;96;SEC_618
2001;418;16-17;10;15;25;SEC_418
1994;412;12-15;56;62;118;SEC_412
2015;510;18-24;40;35;75;SEC_510
2014;401;65-74;48;46;94;SEC_401
2010;435;16-17;12;12;24;SEC_435
1994;105;00-02;20;19;39;SEC_105
2002;115;50-64;116;125;241;SEC_115
1996;106;12-15;73;63;136;SEC_106
2010;535;00-02;6;14;20;SEC_535
1997;624;35-49;136;94;230;SEC_624
2012;505;50-64;117;74;191;SEC_505
2012;138;65-74;55;38;93;SEC_138
2001;247;75 i +;64;33;97;SEC_247
2002;607;00-02;9;9;18;SEC_607
1996;203;00-02;4;3;7;SEC_203
1994;623;18-24;147;161;308;SEC_623
2010;510;18-24;34;43;77;SEC_510
2006;238;12-15;13;12;25;SEC_238
1999;242;12-15;12;17;29;SEC_242
1998;222;03-11;42;29;71;SEC_222
2013;202;12-15;20;23;43;SEC_202
1994;408;00-02;7;6;13;SEC_408
2008;201;50-64;60;45;105;SEC_201
2005;304;65-74;73;67;140;SEC_304
2012;526;35-49;91;87;178;SEC_526
2016;301;50-64;233;224;457;SEC_301
2013;132;03-11;97;68;165;SEC_132
2016;128;12-15;12;15;27;SEC_128
1998;308;25-34;123;121;244;SEC_308
2003;202;16-17;4;7;11;SEC_202
1998;229;25-34;49;56;105;SEC_229
1997;612;65-74;54;39;93;SEC_612
1998;533;35-49;71;68;139;SEC_533
2010;135;12-15;23;19;42;SEC_135
2015;410;18-24;54;72;126;SEC_410
2009;516;25-34;57;66;123;SEC_516
1996;235;18-24;82;63;145;SEC_235
1995;605;75 i +;22;11;33;SEC_605
2014;511;35-49;275;290;565;SEC_511
1995;118;75 i +;14;16;30;SEC_118
2012;612;75 i +;53;44;97;SEC_612
2009;620;18-24;21;26;47;SEC_620
2013;529;00-02;14;19;33;SEC_529
2002;323;12-15;66;65;131;SEC_323
2010;605;16-17;1;2;3;SEC_605
2001;431;12-15;15;19;34;SEC_431
2006;229;65-74;39;36;75;SEC_229
1996;417;18-24;38;53;91;SEC_417
2012;631;12-15;13;18;31;SEC_631
2004;224;12-15;12;10;22;SEC_224
2007;528;50-64;83;80;163;SEC_528
2009;512;50-64;56;60;116;SEC_512
2011;113;03-11;54;79;133;SEC_113
1995;412;00-02;19;19;38;SEC_412
2013;404;50-64;111;106;217;SEC_404
1999;127;00-02;11;12;23;SEC_127
2010;622;25-34;56;68;124;SEC_622
2004;126;18-24;35;31;66;SEC_126
2016;212;12-15;17;28;45;SEC_212
1994;306;03-11;53;80;133;SEC_306
2013;313;25-34;124;111;235;SEC_313
2013;314;65-74;100;92;192;SEC_314
2012;422;65-74;47;26;73;SEC_422
2001;438;00-02;6;14;20;SEC_438
1995;219;18-24;59;62;121;SEC_219
2001;118;35-49;227;175;402;SEC_118
2016;324;12-15;26;23;49;SEC_324
2003;620;00-02;5;7;12;SEC_620
1994;224;00-02;3;8;11;SEC_224
1996;213;25-34;56;82;138;SEC_213
2003;520;12-15;14;14;28;SEC_520
2014;606;03-11;51;47;98;SEC_606
2006;422;16-17;7;12;19;SEC_422
2011;406;75 i +;83;65;148;SEC_406
1994;218;35-49;84;84;168;SEC_218
2016;607;65-74;66;24;90;SEC_607
2011;526;03-11;20;28;48;SEC_526
2014;617;03-11;31;52;83;SEC_617
1994;239;50-64;141;123;264;SEC_239
1997;123;25-34;95;98;193;SEC_123
1995;530;75 i +;57;32;89;SEC_530
2010;214;03-11;39;27;66;SEC_214
1997;325;35-49;189;159;348;SEC_325
2004;125;75 i +;49;30;79;SEC_125
1994;606;25-34;124;151;275;SEC_606
2004;631;75 i +;38;23;61;SEC_631
2012;309;65-74;31;40;71;SEC_309
2015;425;25-34;93;86;179;SEC_425
1994;407;18-24;57;68;125;SEC_407
2005;321;00-02;25;24;49;SEC_321
2000;312;03-11;51;46;97;SEC_312
2002;407;00-02;11;16;27;SEC_407
2008;227;25-34;73;77;150;SEC_227
1996;137;75 i +;33;12;45;SEC_137
2006;608;25-34;59;78;137;SEC_608
1998;322;03-11;43;49;92;SEC_322
2013;108;50-64;149;125;274;SEC_108
1999;306;35-49;170;160;330;SEC_306
2013;504;00-02;12;13;25;SEC_504
1996;606;12-15;28;24;52;SEC_606
1995;108;75 i +;75;37;112;SEC_108
2005;309;50-64;77;75;152;SEC_309
1998;608;75 i +;30;10;40;SEC_608
2013;411;75 i +;93;77;170;SEC_411
2009;325;00-02;15;14;29;SEC_325
2002;416;50-64;64;52;116;SEC_416
1999;513;75 i +;40;15;55;SEC_513
2006;115;16-17;9;16;25;SEC_115
2001;628;50-64;136;143;279;SEC_628
2013;312;50-64;147;138;285;SEC_312
2012;414;35-49;135;127;262;SEC_414
1999;119;25-34;101;118;219;SEC_119
2011;405;25-34;49;62;111;SEC_405
1998;526;16-17;9;8;17;SEC_526
2006;522;16-17;11;8;19;SEC_522
2010;107;12-15;18;28;46;SEC_107
2016;423;75 i +;75;57;132;SEC_423
2010;107;25-34;142;152;294;SEC_107
2010;313;03-11;89;90;179;SEC_313
1999;233;16-17;5;7;12;SEC_233
2015;622;00-02;8;6;14;SEC_622
1997;238;18-24;23;38;61;SEC_238
1999;512;18-24;35;51;86;SEC_512
2006;512;16-17;5;9;14;SEC_512
2009;612;50-64;101;67;168;SEC_612
2012;427;75 i +;65;36;101;SEC_427
1999;242;16-17;6;11;17;SEC_242
2001;437;50-64;81;57;138;SEC_437
1995;622;50-64;67;68;135;SEC_622
2014;113;00-02;25;28;53;SEC_113
2012;407;00-02;17;13;30;SEC_407
2012;102;03-11;61;59;120;SEC_102
2010;121;12-15;15;16;31;SEC_121
1997;615;03-11;14;22;36;SEC_615
1998;523;12-15;25;19;44;SEC_523
1999;512;12-15;20;16;36;SEC_512
2004;605;12-15;10;6;16;SEC_605
2007;239;65-74;71;56;127;SEC_239
2008;246;00-02;18;22;40;SEC_246
1998;113;25-34;96;82;178;SEC_113
2012;320;03-11;70;62;132;SEC_320
2015;534;50-64;79;77;156;SEC_534
2003;238;00-02;7;9;16;SEC_238
2000;442;65-74;26;26;52;SEC_442
2008;121;50-64;45;42;87;SEC_121
2011;520;16-17;10;6;16;SEC_520
2008;434;16-17;9;8;17;SEC_434
2002;613;16-17;6;8;14;SEC_613
2001;626;25-34;82;118;200;SEC_626
2006;430;18-24;38;44;82;SEC_430
2011;125;03-11;83;83;166;SEC_125
2011;220;00-02;14;13;27;SEC_220
2013;209;75 i +;79;61;140;SEC_209
2016;506;12-15;28;39;67;SEC_506
2012;206;35-49;115;129;244;SEC_206
2003;323;03-11;137;131;268;SEC_323
2011;502;75 i +;127;68;195;SEC_502
2016;624;16-17;7;7;14;SEC_624
2004;225;03-11;8;16;24;SEC_225
2010;114;75 i +;83;47;130;SEC_114
2013;123;75 i +;88;65;153;SEC_123
2010;127;65-74;37;29;66;SEC_127
1996;507;65-74;41;35;76;SEC_507
2002;631;35-49;83;87;170;SEC_631
2007;515;75 i +;29;13;42;SEC_515
1998;402;00-02;7;2;9;SEC_402
2011;120;75 i +;65;27;92;SEC_120
2000;114;75 i +;59;20;79;SEC_114
2004;318;75 i +;19;14;33;SEC_318
2003;129;18-24;60;52;112;SEC_129
2002;517;50-64;90;86;176;SEC_517
2008;124;75 i +;36;26;62;SEC_124
1995;408;65-74;41;36;77;SEC_408
1996;118;25-34;128;133;261;SEC_118
2001;306;75 i +;83;55;138;SEC_306
1997;116;03-11;64;50;114;SEC_116
1995;631;50-64;133;153;286;SEC_631
2004;627;16-17;6;17;23;SEC_627
1997;437;12-15;19;15;34;SEC_437
1995;429;03-11;21;27;48;SEC_429
2001;429;18-24;31;36;67;SEC_429
2007;418;00-02;19;15;34;SEC_418
1998;122;16-17;9;4;13;SEC_122
2009;105;65-74;39;48;87;SEC_105
1999;617;65-74;56;52;108;SEC_617
2012;116;12-15;31;22;53;SEC_116
2001;505;18-24;80;67;147;SEC_505
2008;318;35-49;105;102;207;SEC_318
2007;535;12-15;18;16;34;SEC_535
2011;520;50-64;76;56;132;SEC_520
2014;114;18-24;41;39;80;SEC_114
2008;615;16-17;6;4;10;SEC_615
2016;614;03-11;36;46;82;SEC_614
2011;114;18-24;39;30;69;SEC_114
2002;523;16-17;8;14;22;SEC_523
2003;630;03-11;16;29;45;SEC_630
1998;534;65-74;54;47;101;SEC_534
2011;430;18-24;35;45;80;SEC_430
2000;242;18-24;39;35;74;SEC_242
1994;115;35-49;178;173;351;SEC_115
1996;113;03-11;67;60;127;SEC_113
2016;526;75 i +;88;60;148;SEC_526
2004;407;75 i +;56;43;99;SEC_407
2001;416;25-34;62;70;132;SEC_416
2005;632;50-64;96;81;177;SEC_632
2015;313;00-02;19;24;43;SEC_313
1997;317;65-74;56;40;96;SEC_317
2009;101;35-49;267;279;546;SEC_101
2010;533;12-15;13;11;24;SEC_533
2003;123;25-34;107;111;218;SEC_123
2005;403;00-02;13;10;23;SEC_403
2007;533;12-15;16;13;29;SEC_533
2014;321;00-02;20;26;46;SEC_321
2011;442;12-15;13;21;34;SEC_442
2004;617;25-34;97;113;210;SEC_617
2005;417;12-15;11;4;15;SEC_417
1995;128;25-34;76;90;166;SEC_128
1995;208;00-02;11;11;22;SEC_208
2005;304;12-15;17;21;38;SEC_304
2012;518;16-17;6;12;18;SEC_518
2009;526;25-34;83;83;166;SEC_526
2002;311;75 i +;83;50;133;SEC_311
2008;612;35-49;109;128;237;SEC_612
2016;108;65-74;66;57;123;SEC_108
2013;426;50-64;80;77;157;SEC_426
1997;521;75 i +;31;17;48;SEC_521
2007;245;12-15;8;22;30;SEC_245
2012;408;00-02;19;10;29;SEC_408
1995;407;18-24;53;70;123;SEC_407
2005;426;25-34;116;155;271;SEC_426
1997;210;00-02;7;2;9;SEC_210
2007;510;35-49;117;125;242;SEC_510
2010;516;00-02;17;16;33;SEC_516
2008;524;16-17;12;10;22;SEC_524
2009;116;12-15;31;19;50;SEC_116
2005;124;35-49;96;78;174;SEC_124
2007;105;25-34;106;106;212;SEC_105
2001;604;00-02;6;5;11;SEC_604
2002;629;50-64;57;45;102;SEC_629
2005;131;50-64;179;178;357;SEC_131
2001;501;12-15;20;13;33;SEC_501
2009;211;75 i +;84;48;132;SEC_211
2015;538;16-17;7;13;20;SEC_538
1994;117;35-49;275;272;547;SEC_117
1998;129;00-02;12;14;26;SEC_129
2014;608;16-17;7;4;11;SEC_608
2006;244;18-24;27;25;52;SEC_244
1997;243;00-02;12;12;24;SEC_243
1998;409;03-11;15;19;34;SEC_409
1994;133;65-74;51;49;100;SEC_133
2007;112;18-24;63;66;129;SEC_112
2007;407;65-74;62;45;107;SEC_407
2000;521;00-02;5;4;9;SEC_521
2004;232;50-64;94;85;179;SEC_232
1998;503;75 i +;20;11;31;SEC_503
2003;209;25-34;72;82;154;SEC_209
2001;535;50-64;150;141;291;SEC_535
1998;601;25-34;88;144;232;SEC_601
2012;103;25-34;47;51;98;SEC_103
2003;408;75 i +;39;23;62;SEC_408
1997;131;65-74;60;48;108;SEC_131
2002;136;16-17;14;6;20;SEC_136
1999;306;25-34;116;112;228;SEC_306
2015;425;65-74;47;33;80;SEC_425
1999;432;65-74;75;60;135;SEC_432
2006;312;03-11;49;62;111;SEC_312
2001;417;18-24;25;38;63;SEC_417
2002;437;65-74;51;52;103;SEC_437
2005;614;35-49;93;95;188;SEC_614
2015;131;12-15;9;29;38;SEC_131
2007;234;75 i +;73;42;115;SEC_234
1994;203;16-17;7;7;14;SEC_203
2007;436;18-24;44;40;84;SEC_436
2016;617;50-64;81;74;155;SEC_617
2009;124;16-17;5;11;16;SEC_124
2002;213;65-74;58;46;104;SEC_213
2009;111;65-74;66;46;112;SEC_111
2009;401;65-74;58;52;110;SEC_401
1998;535;50-64;145;153;298;SEC_535
1994;241;50-64;80;65;145;SEC_241
2007;505;16-17;12;7;19;SEC_505
2011;229;35-49;102;111;213;SEC_229
2015;433;50-64;149;154;303;SEC_433
2003;439;00-02;19;19;38;SEC_439
2013;420;16-17;22;16;38;SEC_420
1998;512;03-11;29;30;59;SEC_512
1999;603;50-64;86;69;155;SEC_603
2007;507;16-17;8;11;19;SEC_507
2007;312;25-34;150;161;311;SEC_312
2005;219;65-74;63;57;120;SEC_219
2010;304;75 i +;102;51;153;SEC_304
2003;117;50-64;198;199;397;SEC_117
2008;412;00-02;17;24;41;SEC_412
1994;310;75 i +;23;12;35;SEC_310
1998;225;03-11;10;12;22;SEC_225
2007;612;03-11;36;44;80;SEC_612
2015;127;03-11;35;33;68;SEC_127
2009;623;16-17;7;7;14;SEC_623
2007;113;12-15;17;28;45;SEC_113
2003;125;75 i +;45;32;77;SEC_125
2012;115;25-34;90;84;174;SEC_115
1995;425;18-24;65;54;119;SEC_425
2015;411;65-74;71;52;123;SEC_411
1995;207;16-17;5;13;18;SEC_207
2001;234;03-11;21;30;51;SEC_234
2009;632;18-24;31;38;69;SEC_632
2004;403;16-17;9;4;13;SEC_403
1995;311;16-17;15;19;34;SEC_311
2008;209;50-64;84;59;143;SEC_209
2005;420;65-74;79;65;144;SEC_420
2012;610;65-74;133;110;243;SEC_610
2010;403;16-17;9;12;21;SEC_403
2013;115;16-17;8;9;17;SEC_115
2008;526;00-02;10;14;24;SEC_526
1994;436;18-24;58;46;104;SEC_436
1995;504;16-17;14;24;38;SEC_504
1999;626;65-74;53;66;119;SEC_626
2005;120;50-64;153;150;303;SEC_120
2000;240;16-17;6;7;13;SEC_240
2014;433;18-24;77;68;145;SEC_433
2011;203;50-64;71;54;125;SEC_203
2002;113;65-74;59;29;88;SEC_113
1997;110;75 i +;45;24;69;SEC_110
2013;128;50-64;90;80;170;SEC_128
2004;215;16-17;8;11;19;SEC_215
2010;439;35-49;145;169;314;SEC_439
1997;247;25-34;99;101;200;SEC_247
2012;109;18-24;41;30;71;SEC_109
2012;324;65-74;40;38;78;SEC_324
2000;533;65-74;63;63;126;SEC_533
2001;625;03-11;42;44;86;SEC_625
2013;440;25-34;57;61;118;SEC_440
2014;234;75 i +;70;40;110;SEC_234
1994;224;25-34;47;53;100;SEC_224
2000;214;25-34;66;69;135;SEC_214
2004;108;65-74;75;63;138;SEC_108
2006;527;25-34;123;129;252;SEC_527
1998;131;75 i +;35;18;53;SEC_131
1999;213;16-17;4;13;17;SEC_213
1996;240;65-74;62;46;108;SEC_240
1996;208;75 i +;106;63;169;SEC_208
2015;521;25-34;51;44;95;SEC_521
2004;413;16-17;4;4;8;SEC_413
2004;240;25-34;78;80;158;SEC_240
1998;406;16-17;18;13;31;SEC_406
2004;232;18-24;51;49;100;SEC_232
2009;515;50-64;45;32;77;SEC_515
2007;310;16-17;6;8;14;SEC_310
1995;524;50-64;139;125;264;SEC_524
2002;601;16-17;10;11;21;SEC_601
2007;428;18-24;44;36;80;SEC_428
2008;226;12-15;22;18;40;SEC_226
1994;321;18-24;134;133;267;SEC_321
2003;135;12-15;27;29;56;SEC_135
1997;529;12-15;16;19;35;SEC_529
2001;418;65-74;63;52;115;SEC_418
1997;631;18-24;119;137;256;SEC_631
2005;618;18-24;22;20;42;SEC_618
2011;610;25-34;62;64;126;SEC_610
2000;619;75 i +;45;29;74;SEC_619
2001;419;18-24;35;38;73;SEC_419
2000;416;25-34;58;66;124;SEC_416
2000;427;35-49;71;72;143;SEC_427
1997;130;16-17;9;9;18;SEC_130
1995;626;03-11;43;42;85;SEC_626
2007;537;00-02;9;5;14;SEC_537
2004;610;18-24;52;49;101;SEC_610
2015;610;12-15;20;28;48;SEC_610
2007;125;65-74;52;60;112;SEC_125
1995;513;25-34;63;72;135;SEC_513
2009;536;00-02;9;16;25;SEC_536
1997;431;18-24;81;76;157;SEC_431
2004;427;03-11;38;47;85;SEC_427
1999;406;16-17;17;19;36;SEC_406
2006;422;65-74;58;47;105;SEC_422
2014;507;75 i +;48;21;69;SEC_507
2007;436;00-02;18;21;39;SEC_436
2004;248;50-64;78;77;155;SEC_248
1995;512;03-11;28;33;61;SEC_512
2013;245;00-02;21;20;41;SEC_245
2007;204;18-24;27;34;61;SEC_204
2006;618;12-15;6;13;19;SEC_618
2014;119;18-24;29;36;65;SEC_119
2001;135;65-74;62;51;113;SEC_135
2000;220;16-17;9;11;20;SEC_220
2015;102;35-49;164;178;342;SEC_102
2013;416;35-49;186;190;376;SEC_416
2011;624;00-02;16;12;28;SEC_624
2002;140;65-74;71;62;133;SEC_140
1998;529;75 i +;59;38;97;SEC_529
2004;422;50-64;83;69;152;SEC_422
2012;411;03-11;35;26;61;SEC_411
1998;126;16-17;13;5;18;SEC_126
1995;137;35-49;194;160;354;SEC_137
2002;433;18-24;54;54;108;SEC_433
2000;510;50-64;113;106;219;SEC_510
2002;610;50-64;195;163;358;SEC_610
2001;219;75 i +;82;42;124;SEC_219
2012;124;35-49;77;85;162;SEC_124
2012;403;75 i +;82;66;148;SEC_403
2012;222;50-64;68;54;122;SEC_222
2001;605;25-34;68;77;145;SEC_605
1998;530;50-64;132;116;248;SEC_530
2005;325;00-02;20;29;49;SEC_325
1995;415;65-74;53;38;91;SEC_415
1995;316;12-15;110;129;239;SEC_316
2010;119;50-64;172;130;302;SEC_119
2016;130;50-64;84;84;168;SEC_130
2002;602;25-34;48;66;114;SEC_602
2010;433;00-02;28;29;57;SEC_433
1995;616;00-02;13;14;27;SEC_616
1998;409;25-34;54;65;119;SEC_409
2011;126;35-49;109;113;222;SEC_126
2011;410;18-24;60;50;110;SEC_410
2005;237;50-64;100;91;191;SEC_237
2008;436;00-02;18;22;40;SEC_436
2013;138;50-64;99;91;190;SEC_138
2001;533;25-34;90;101;191;SEC_533
2011;232;75 i +;79;46;125;SEC_232
2000;232;50-64;94;87;181;SEC_232
2006;120;25-34;119;140;259;SEC_120
2001;415;65-74;43;35;78;SEC_415
1996;534;16-17;11;17;28;SEC_534
2011;618;18-24;14;21;35;SEC_618
2004;128;18-24;39;34;73;SEC_128
1998;235;35-49;89;98;187;SEC_235
1996;237;03-11;33;31;64;SEC_237
2005;312;16-17;17;13;30;SEC_312
1995;412;25-34;119;141;260;SEC_412
1994;314;65-74;74;61;135;SEC_314
2014;207;12-15;26;32;58;SEC_207
2007;237;12-15;28;23;51;SEC_237
1994;422;50-64;108;100;208;SEC_422
2013;246;25-34;101;89;190;SEC_246
2002;241;00-02;2;4;6;SEC_241
1996;422;50-64;91;88;179;SEC_422
2012;116;18-24;48;39;87;SEC_116
2011;427;12-15;15;19;34;SEC_427
1996;248;12-15;14;24;38;SEC_248
2008;508;12-15;11;11;22;SEC_508
1996;138;03-11;30;56;86;SEC_138
2002;603;50-64;80;67;147;SEC_603
2014;433;03-11;75;106;181;SEC_433
2012;504;50-64;93;71;164;SEC_504
1998;216;00-02;10;9;19;SEC_216
2006;133;12-15;11;14;25;SEC_133
2003;624;75 i +;36;17;53;SEC_624
2014;303;65-74;127;90;217;SEC_303
2003;425;75 i +;63;31;94;SEC_425
2000;433;12-15;18;10;28;SEC_433
1994;302;18-24;106;110;216;SEC_302
2003;121;16-17;4;3;7;SEC_121
2005;205;18-24;52;44;96;SEC_205
2007;620;75 i +;16;15;31;SEC_620
2005;439;75 i +;49;26;75;SEC_439
2005;214;65-74;37;28;65;SEC_214
1994;238;03-11;19;31;50;SEC_238
2009;621;35-49;155;155;310;SEC_621
1996;208;16-17;23;19;42;SEC_208
2003;240;75 i +;46;32;78;SEC_240
2013;133;75 i +;62;33;95;SEC_133
1995;528;00-02;10;14;24;SEC_528
2008;537;50-64;130;95;225;SEC_537
2016;432;75 i +;82;52;134;SEC_432
1996;220;03-11;17;25;42;SEC_220
1996;515;25-34;58;51;109;SEC_515
1997;442;12-15;12;13;25;SEC_442
2016;622;03-11;28;35;63;SEC_622
2013;524;12-15;20;21;41;SEC_524
1998;215;12-15;12;10;22;SEC_215
2003;440;75 i +;59;41;100;SEC_440
2016;510;25-34;64;74;138;SEC_510
2007;510;18-24;40;48;88;SEC_510
2002;432;65-74;67;64;131;SEC_432
2014;520;75 i +;52;38;90;SEC_520
2012;224;16-17;7;7;14;SEC_224
2015;133;35-49;91;110;201;SEC_133
2008;248;03-11;54;44;98;SEC_248
2007;238;00-02;9;17;26;SEC_238
2003;246;35-49;99;126;225;SEC_246
2014;323;65-74;92;103;195;SEC_323
1996;623;50-64;174;196;370;SEC_623
1999;520;50-64;96;99;195;SEC_520
1998;528;18-24;61;78;139;SEC_528
2015;108;00-02;19;32;51;SEC_108
1999;429;25-34;31;45;76;SEC_429
1994;111;65-74;34;40;74;SEC_111
1999;538;65-74;88;80;168;SEC_538
2003;534;50-64;94;84;178;SEC_534
2002;212;00-02;12;19;31;SEC_212
2010;221;00-02;15;19;34;SEC_221
2010;241;75 i +;71;37;108;SEC_241
2016;229;75 i +;87;51;138;SEC_229
2007;318;18-24;45;40;85;SEC_318
2001;510;16-17;7;10;17;SEC_510
1994;417;12-15;18;19;37;SEC_417
2015;324;35-49;151;185;336;SEC_324
2007;210;00-02;8;4;12;SEC_210
2004;520;25-34;77;84;161;SEC_520
2007;213;65-74;41;44;85;SEC_213
2005;103;35-49;87;72;159;SEC_103
1996;619;25-34;110;141;251;SEC_619
2013;437;50-64;139;111;250;SEC_437
1995;441;16-17;49;32;81;SEC_441
1997;228;50-64;78;64;142;SEC_228
2013;322;75 i +;71;49;120;SEC_322
1998;244;00-02;8;4;12;SEC_244
2005;228;16-17;5;8;13;SEC_228
2008;403;75 i +;74;45;119;SEC_403
2001;620;65-74;26;29;55;SEC_620
2016;431;65-74;58;47;105;SEC_431
2010;519;35-49;84;119;203;SEC_519
2004;416;35-49;76;83;159;SEC_416
2005;301;35-49;286;270;556;SEC_301
2001;139;50-64;87;85;172;SEC_139
2006;314;25-34;199;233;432;SEC_314
2011;305;18-24;73;71;144;SEC_305
2004;617;35-49;90;101;191;SEC_617
2013;521;35-49;98;111;209;SEC_521
2011;521;03-11;29;41;70;SEC_521
2005;317;75 i +;65;25;90;SEC_317
1994;522;18-24;47;51;98;SEC_522
2000;223;00-02;8;6;14;SEC_223
2003;215;25-34;84;74;158;SEC_215
1994;603;25-34;59;55;114;SEC_603
2015;125;65-74;99;88;187;SEC_125
1997;237;03-11;34;32;66;SEC_237
2007;419;65-74;49;37;86;SEC_419
1994;225;12-15;9;19;28;SEC_225
1996;410;16-17;25;24;49;SEC_410
1996;417;03-11;28;26;54;SEC_417
2012;132;03-11;106;66;172;SEC_132
2009;236;16-17;10;15;25;SEC_236
2006;205;00-02;5;9;14;SEC_205
1998;316;12-15;103;120;223;SEC_316
2004;602;35-49;54;58;112;SEC_602
2010;109;25-34;99;87;186;SEC_109
2012;428;16-17;6;8;14;SEC_428
2009;115;25-34;116;111;227;SEC_115
1997;305;16-17;26;20;46;SEC_305
1997;249;18-24;50;61;111;SEC_249
2008;440;35-49;92;103;195;SEC_440
2004;118;16-17;22;21;43;SEC_118
2006;227;12-15;13;8;21;SEC_227
2010;425;75 i +;75;51;126;SEC_425
1996;117;35-49;285;262;547;SEC_117
2010;114;16-17;11;11;22;SEC_114
2015;531;75 i +;49;41;90;SEC_531
2010;601;75 i +;55;50;105;SEC_601
1998;517;25-34;103;104;207;SEC_517
2005;229;65-74;44;42;86;SEC_229
2009;531;35-49;103;130;233;SEC_531
2008;502;25-34;159;169;328;SEC_502
2002;217;18-24;28;21;49;SEC_217
2001;521;00-02;8;5;13;SEC_521
2001;104;65-74;70;47;117;SEC_104
2005;138;35-49;92;82;174;SEC_138
2004;305;03-11;73;53;126;SEC_305
2011;104;18-24;26;22;48;SEC_104
2009;105;18-24;46;58;104;SEC_105
1996;522;35-49;67;53;120;SEC_522
2016;221;35-49;261;275;536;SEC_221
2004;129;50-64;117;109;226;SEC_129
2012;213;16-17;4;9;13;SEC_213
2001;602;75 i +;21;15;36;SEC_602
2010;615;35-49;85;94;179;SEC_615
2008;128;65-74;51;51;102;SEC_128
2016;401;25-34;91;89;180;SEC_401
2016;433;75 i +;75;36;111;SEC_433
2003;105;35-49;153;125;278;SEC_105
2006;607;00-02;10;10;20;SEC_607
2007;233;75 i +;55;23;78;SEC_233
1996;219;65-74;86;64;150;SEC_219
2000;120;03-11;83;78;161;SEC_120
1998;106;18-24;130;174;304;SEC_106
2003;120;03-11;73;73;146;SEC_120
2011;114;12-15;36;20;56;SEC_114
2001;315;50-64;122;133;255;SEC_315
1995;112;25-34;120;128;248;SEC_112
1994;123;00-02;14;21;35;SEC_123
1997;139;50-64;77;74;151;SEC_139
1998;423;12-15;13;13;26;SEC_423
2011;220;03-11;53;39;92;SEC_220
1999;201;18-24;25;34;59;SEC_201
1998;403;18-24;59;73;132;SEC_403
2012;534;18-24;41;37;78;SEC_534
2015;224;03-11;56;64;120;SEC_224
2014;619;16-17;7;11;18;SEC_619
2005;225;16-17;7;6;13;SEC_225
1995;529;18-24;57;75;132;SEC_529
2000;306;03-11;56;45;101;SEC_306
1997;240;03-11;17;27;44;SEC_240
2010;611;50-64;115;94;209;SEC_611
2010;630;16-17;4;6;10;SEC_630
2011;320;50-64;86;84;170;SEC_320
2012;106;12-15;18;21;39;SEC_106
2002;215;65-74;63;41;104;SEC_215
1998;321;35-49;320;307;627;SEC_321
1998;135;12-15;29;31;60;SEC_135
2007;610;16-17;10;6;16;SEC_610
2007;226;12-15;20;12;32;SEC_226
1995;620;12-15;21;18;39;SEC_620
2010;422;50-64;78;85;163;SEC_422
2004;632;12-15;10;19;29;SEC_632
2003;505;65-74;68;68;136;SEC_505
2012;303;18-24;42;39;81;SEC_303
2009;107;16-17;13;15;28;SEC_107
2008;623;16-17;4;15;19;SEC_623
2006;623;50-64;208;182;390;SEC_623
2004;538;00-02;15;18;33;SEC_538
2009;202;16-17;6;8;14;SEC_202
2008;505;75 i +;58;46;104;SEC_505
2002;242;50-64;94;91;185;SEC_242
1995;135;16-17;32;38;70;SEC_135
1997;533;00-02;12;6;18;SEC_533
1995;411;03-11;34;19;53;SEC_411
2009;205;16-17;10;8;18;SEC_205
2005;526;16-17;5;5;10;SEC_526
2011;317;18-24;46;46;92;SEC_317
2009;606;75 i +;77;48;125;SEC_606
1999;212;12-15;19;27;46;SEC_212
1994;439;16-17;10;12;22;SEC_439
2001;303;35-49;110;119;229;SEC_303
2005;603;50-64;69;54;123;SEC_603
2004;622;50-64;91;86;177;SEC_622
2006;134;75 i +;65;35;100;SEC_134
2005;118;65-74;48;55;103;SEC_118
1997;134;03-11;44;60;104;SEC_134
2007;604;00-02;13;8;21;SEC_604
2004;441;75 i +;81;61;142;SEC_441
1996;618;50-64;67;78;145;SEC_618
1998;403;75 i +;49;25;74;SEC_403
2000;116;03-11;51;46;97;SEC_116
2002;442;18-24;26;28;54;SEC_442
2008;207;65-74;39;32;71;SEC_207
2003;325;16-17;15;10;25;SEC_325
2016;202;18-24;75;72;147;SEC_202
2009;126;12-15;16;16;32;SEC_126
1995;301;25-34;160;143;303;SEC_301
1995;436;18-24;58;47;105;SEC_436
2014;406;00-02;25;18;43;SEC_406
1994;128;35-49;122;107;229;SEC_128
1999;401;18-24;55;53;108;SEC_401
2004;516;50-64;53;48;101;SEC_516
2016;432;65-74;90;86;176;SEC_432
2006;219;75 i +;92;55;147;SEC_219
2002;135;75 i +;49;25;74;SEC_135
1996;605;50-64;129;117;246;SEC_605
2002;248;00-02;14;10;24;SEC_248
2012;316;18-24;109;100;209;SEC_316
2000;402;12-15;10;12;22;SEC_402
2015;324;16-17;9;11;20;SEC_324
1999;211;12-15;15;13;28;SEC_211
2004;423;16-17;5;11;16;SEC_423
2009;433;03-11;43;55;98;SEC_433
2003;437;03-11;29;36;65;SEC_437
2012;308;00-02;25;26;51;SEC_308
2014;309;00-02;26;30;56;SEC_309
1994;302;12-15;49;52;101;SEC_302
2012;247;50-64;98;104;202;SEC_247
2007;529;12-15;25;22;47;SEC_529
2004;440;16-17;3;7;10;SEC_440
2003;408;35-49;101;116;217;SEC_408
2010;230;00-02;13;23;36;SEC_230
1994;430;16-17;12;9;21;SEC_430
1997;414;16-17;8;10;18;SEC_414
2010;529;03-11;56;62;118;SEC_529
2006;425;35-49;107;129;236;SEC_425
2012;609;16-17;5;13;18;SEC_609
2010;319;00-02;32;45;77;SEC_319
2008;517;35-49;158;190;348;SEC_517
1996;441;03-11;123;109;232;SEC_441
2005;104;12-15;14;11;25;SEC_104
2002;535;35-49;111;112;223;SEC_535
2004;107;12-15;19;31;50;SEC_107
2003;210;16-17;5;6;11;SEC_210
2011;323;03-11;137;141;278;SEC_323
2007;410;03-11;51;82;133;SEC_410
1996;318;18-24;36;60;96;SEC_318
2006;533;50-64;58;53;111;SEC_533
1996;630;03-11;40;36;76;SEC_630
2016;248;75 i +;62;47;109;SEC_248
1994;223;16-17;13;10;23;SEC_223
2009;204;00-02;11;12;23;SEC_204
2000;523;03-11;30;38;68;SEC_523
2010;522;65-74;29;23;52;SEC_522
2010;618;75 i +;22;16;38;SEC_618
2013;528;18-24;41;44;85;SEC_528
2009;523;75 i +;96;49;145;SEC_523
2015;122;50-64;52;48;100;SEC_122
2013;237;50-64;94;101;195;SEC_237
2008;507;03-11;31;43;74;SEC_507
1994;325;00-02;14;22;36;SEC_325
1994;244;00-02;6;7;13;SEC_244
2002;616;03-11;132;160;292;SEC_616
2016;327;00-02;13;19;32;SEC_327
2016;309;12-15;17;31;48;SEC_309
1998;201;03-11;21;23;44;SEC_201
2001;627;16-17;15;15;30;SEC_627
2001;321;35-49;313;295;608;SEC_321
2000;249;03-11;24;29;53;SEC_249
2002;436;03-11;34;40;74;SEC_436
1997;248;75 i +;56;42;98;SEC_248
2012;206;75 i +;77;41;118;SEC_206
2010;122;00-02;11;20;31;SEC_122
2003;528;75 i +;51;35;86;SEC_528
1997;302;18-24;120;132;252;SEC_302
2013;526;25-34;150;172;322;SEC_526
2011;132;18-24;69;82;151;SEC_132
1994;303;03-11;41;42;83;SEC_303
2012;115;18-24;28;51;79;SEC_115
2010;120;12-15;30;38;68;SEC_120
2012;126;75 i +;69;40;109;SEC_126
2004;225;12-15;7;12;19;SEC_225
2005;622;35-49;92;85;177;SEC_622
2004;243;00-02;17;22;39;SEC_243
2006;514;25-34;68;85;153;SEC_514
2011;134;50-64;129;120;249;SEC_134
2015;311;18-24;39;49;88;SEC_311
1994;324;25-34;71;73;144;SEC_324
1998;135;00-02;17;13;30;SEC_135
2012;626;65-74;68;55;123;SEC_626
1998;317;35-49;67;81;148;SEC_317
2013;526;12-15;33;39;72;SEC_526
1997;135;75 i +;44;17;61;SEC_135
1997;526;00-02;9;8;17;SEC_526
2008;405;25-34;74;76;150;SEC_405
2002;132;00-02;29;22;51;SEC_132
2013;302;16-17;6;9;15;SEC_302
1999;502;65-74;67;62;129;SEC_502
2009;226;50-64;95;83;178;SEC_226
2013;109;50-64;124;110;234;SEC_109
2003;202;50-64;69;65;134;SEC_202
2010;504;16-17;4;2;6;SEC_504
2016;625;16-17;8;9;17;SEC_625
1999;220;65-74;67;55;122;SEC_220
2006;210;50-64;91;79;170;SEC_210
1998;612;03-11;31;33;64;SEC_612
1996;221;16-17;14;18;32;SEC_221
2011;227;35-49;85;84;169;SEC_227
2006;246;12-15;18;15;33;SEC_246
2016;111;18-24;25;22;47;SEC_111
2008;210;00-02;5;4;9;SEC_210
1995;519;16-17;3;8;11;SEC_519
2008;429;03-11;18;19;37;SEC_429
2010;601;00-02;21;26;47;SEC_601
2006;402;75 i +;44;32;76;SEC_402
2014;208;25-34;126;110;236;SEC_208
2007;529;03-11;41;49;90;SEC_529
2008;224;12-15;13;11;24;SEC_224
2014;139;75 i +;34;30;64;SEC_139
2008;222;18-24;41;37;78;SEC_222
2007;126;50-64;121;94;215;SEC_126
1995;126;00-02;9;6;15;SEC_126
2011;321;50-64;300;269;569;SEC_321
2009;423;65-74;66;67;133;SEC_423
2002;133;35-49;87;98;185;SEC_133
2006;417;25-34;65;76;141;SEC_417
2005;522;75 i +;33;21;54;SEC_522
2005;628;65-74;45;57;102;SEC_628
2012;504;65-74;92;73;165;SEC_504
2012;419;12-15;14;21;35;SEC_419
2001;325;12-15;25;26;51;SEC_325
2014;246;35-49;142;163;305;SEC_246
2005;128;75 i +;43;33;76;SEC_128
2011;412;25-34;126;140;266;SEC_412
2008;301;16-17;21;27;48;SEC_301
2000;214;50-64;64;54;118;SEC_214
2006;407;12-15;12;12;24;SEC_407
2012;423;35-49;119;138;257;SEC_423
2014;407;35-49;120;147;267;SEC_407
2003;306;75 i +;82;59;141;SEC_306
2008;605;75 i +;41;28;69;SEC_605
2003;516;03-11;25;37;62;SEC_516
2011;404;00-02;26;28;54;SEC_404
2001;202;00-02;6;7;13;SEC_202
2002;236;65-74;86;68;154;SEC_236
2011;525;18-24;41;39;80;SEC_525
2000;616;25-34;233;270;503;SEC_616
2009;519;03-11;27;39;66;SEC_519
1996;404;18-24;72;71;143;SEC_404
2010;533;03-11;50;43;93;SEC_533
2014;616;03-11;110;103;213;SEC_616
2016;126;25-34;57;51;108;SEC_126
2013;528;12-15;18;19;37;SEC_528
2008;626;03-11;39;40;79;SEC_626
2004;104;00-02;8;11;19;SEC_104
2006;608;03-11;24;24;48;SEC_608
2014;242;16-17;13;9;22;SEC_242
1994;608;03-11;42;60;102;SEC_608
1998;119;35-49;166;142;308;SEC_119
2009;205;03-11;30;26;56;SEC_205
1997;525;75 i +;31;24;55;SEC_525
2000;421;50-64;136;102;238;SEC_421
2004;214;65-74;41;32;73;SEC_214
2008;535;12-15;12;19;31;SEC_535
1996;204;65-74;53;36;89;SEC_204
1998;627;35-49;171;141;312;SEC_627
2007;402;16-17;6;5;11;SEC_402
2002;515;00-02;2;6;8;SEC_515
2006;529;25-34;135;126;261;SEC_529
2012;320;12-15;20;22;42;SEC_320
2008;534;18-24;27;44;71;SEC_534
2015;303;03-11;67;52;119;SEC_303
2006;230;75 i +;58;26;84;SEC_230
1998;438;35-49;67;63;130;SEC_438
2008;114;50-64;181;133;314;SEC_114
2000;131;18-24;105;98;203;SEC_131
2013;531;03-11;34;27;61;SEC_531
2013;421;03-11;44;51;95;SEC_421
2013;535;75 i +;50;48;98;SEC_535
1997;215;25-34;72;65;137;SEC_215
2000;630;18-24;78;96;174;SEC_630
2008;402;75 i +;53;46;99;SEC_402
2007;125;25-34;137;169;306;SEC_125
1997;117;35-49;279;249;528;SEC_117
2007;529;35-49;155;155;310;SEC_529
2007;123;12-15;21;33;54;SEC_123
2002;507;35-49;80;85;165;SEC_507
2002;614;65-74;62;49;111;SEC_614
2004;425;35-49;91;112;203;SEC_425
2000;314;65-74;67;55;122;SEC_314
2002;417;18-24;28;30;58;SEC_417
2003;132;12-15;33;39;72;SEC_132
2010;224;25-34;63;70;133;SEC_224
2010;404;65-74;77;55;132;SEC_404
2007;507;25-34;93;97;190;SEC_507
1997;217;65-74;45;36;81;SEC_217
1994;413;03-11;20;24;44;SEC_413
2000;527;00-02;13;14;27;SEC_527
1995;441;12-15;62;67;129;SEC_441
1996;629;35-49;60;56;116;SEC_629
1994;528;50-64;135;135;270;SEC_528
2014;617;00-02;13;14;27;SEC_617
2001;535;03-11;34;31;65;SEC_535
2013;115;00-02;20;18;38;SEC_115
2007;238;16-17;7;9;16;SEC_238
1994;611;50-64;203;256;459;SEC_611
2007;422;65-74;54;46;100;SEC_422
1997;219;03-11;41;34;75;SEC_219
2016;531;00-02;7;18;25;SEC_531
2016;129;75 i +;102;72;174;SEC_129
2002;404;03-11;54;53;107;SEC_404
1995;610;16-17;19;24;43;SEC_610
1994;513;00-02;3;8;11;SEC_513
2002;612;00-02;12;11;23;SEC_612
2010;407;25-34;90;99;189;SEC_407
1996;230;50-64;83;79;162;SEC_230
1995;432;35-49;159;141;300;SEC_432
1999;623;18-24;113;121;234;SEC_623
2012;409;25-34;56;63;119;SEC_409
2010;428;03-11;37;21;58;SEC_428
1994;442;65-74;40;28;68;SEC_442
2003;103;18-24;36;30;66;SEC_103
2004;537;25-34;114;131;245;SEC_537
2008;305;03-11;73;52;125;SEC_305
1996;140;65-74;64;59;123;SEC_140
2016;616;65-74;110;100;210;SEC_616
2009;428;35-49;78;101;179;SEC_428
2004;214;16-17;5;4;9;SEC_214
2005;411;00-02;11;12;23;SEC_411
2013;125;25-34;93;111;204;SEC_125
2004;203;12-15;12;14;26;SEC_203
2005;621;00-02;17;21;38;SEC_621
2011;528;25-34;111;113;224;SEC_528
2009;624;35-49;104;132;236;SEC_624
2011;428;25-34;74;78;152;SEC_428
2002;525;75 i +;36;28;64;SEC_525
2000;537;50-64;148;125;273;SEC_537
2006;425;03-11;24;36;60;SEC_425
2013;523;16-17;10;12;22;SEC_523
2007;325;03-11;70;66;136;SEC_325
1997;236;16-17;10;7;17;SEC_236
1999;103;12-15;16;11;27;SEC_103
2006;128;50-64;105;75;180;SEC_128
2002;629;18-24;22;33;55;SEC_629
2013;204;35-49;182;214;396;SEC_204
1995;510;12-15;20;25;45;SEC_510
2009;614;03-11;34;29;63;SEC_614
2008;429;35-49;56;70;126;SEC_429
2005;320;35-49;126;119;245;SEC_320
1997;526;65-74;37;30;67;SEC_526
1998;440;35-49;78;81;159;SEC_440
2011;632;75 i +;47;34;81;SEC_632
1996;622;00-02;9;20;29;SEC_622
1995;530;50-64;168;153;321;SEC_530
1999;409;12-15;8;8;16;SEC_409
2002;316;18-24;192;208;400;SEC_316
2011;510;50-64;83;72;155;SEC_510
2010;125;18-24;70;52;122;SEC_125
2000;238;35-49;71;73;144;SEC_238
2003;514;16-17;12;5;17;SEC_514
2003;235;35-49;135;142;277;SEC_235
2009;531;00-02;12;22;34;SEC_531
2007;401;00-02;14;20;34;SEC_401
1998;436;12-15;9;13;22;SEC_436
1996;217;25-34;50;52;102;SEC_217
2012;415;65-74;23;27;50;SEC_415
2012;418;16-17;13;16;29;SEC_418
2004;238;65-74;47;42;89;SEC_238
2013;220;12-15;20;25;45;SEC_220
1994;413;50-64;56;61;117;SEC_413
2001;613;03-11;42;35;77;SEC_613
2001;537;65-74;79;66;145;SEC_537
2012;126;03-11;50;43;93;SEC_126
2007;607;12-15;15;19;34;SEC_607
2007;425;35-49;116;134;250;SEC_425
2003;409;12-15;8;14;22;SEC_409
2016;111;50-64;96;70;166;SEC_111
2005;101;03-11;79;58;137;SEC_101
2011;423;50-64;70;68;138;SEC_423
2010;609;18-24;28;25;53;SEC_609
1998;608;25-34;85;108;193;SEC_608
2010;242;65-74;75;63;138;SEC_242
1996;314;16-17;37;39;76;SEC_314
2012;126;16-17;9;7;16;SEC_126
2015;406;65-74;86;66;152;SEC_406
2010;530;25-34;134;130;264;SEC_530
2002;104;03-11;39;30;69;SEC_104
2012;614;03-11;43;38;81;SEC_614
2006;416;16-17;3;9;12;SEC_416
2008;101;12-15;30;28;58;SEC_101
2008;412;25-34;139;181;320;SEC_412
1995;246;75 i +;58;27;85;SEC_246
2006;628;16-17;9;6;15;SEC_628
2000;103;00-02;12;8;20;SEC_103
2010;127;12-15;9;11;20;SEC_127
2009;131;35-49;138;166;304;SEC_131
2015;601;16-17;17;16;33;SEC_601
2011;113;65-74;62;68;130;SEC_113
2009;513;16-17;6;10;16;SEC_513
1996;226;03-11;31;34;65;SEC_226
2008;506;00-02;15;18;33;SEC_506
2003;601;75 i +;65;30;95;SEC_601
2006;320;25-34;96;108;204;SEC_320
2007;613;50-64;153;98;251;SEC_613
1997;419;12-15;15;12;27;SEC_419
2001;532;65-74;90;70;160;SEC_532
1994;208;12-15;39;39;78;SEC_208
2003;611;35-49;153;180;333;SEC_611
2012;426;35-49;135;133;268;SEC_426
2008;627;00-02;9;8;17;SEC_627
2013;239;00-02;8;12;20;SEC_239
1995;610;65-74;58;44;102;SEC_610
1998;628;03-11;39;37;76;SEC_628
1995;401;65-74;85;81;166;SEC_401
2010;422;18-24;56;58;114;SEC_422
1994;509;18-24;55;72;127;SEC_509
2016;605;50-64;146;113;259;SEC_605
2002;211;75 i +;78;51;129;SEC_211
2002;412;18-24;95;101;196;SEC_412
2014;237;16-17;11;16;27;SEC_237
2006;222;12-15;18;18;36;SEC_222
2003;521;25-34;91;113;204;SEC_521
2005;417;18-24;25;28;53;SEC_417
2012;514;18-24;32;15;47;SEC_514
1998;515;25-34;48;44;92;SEC_515
1996;524;25-34;107;110;217;SEC_524
2002;423;12-15;10;17;27;SEC_423
2002;111;65-74;55;43;98;SEC_111
1997;516;16-17;6;10;16;SEC_516
1996;207;65-74;67;45;112;SEC_207
2008;522;00-02;23;17;40;SEC_522
2006;202;18-24;34;38;72;SEC_202
2016;240;16-17;15;12;27;SEC_240
2011;207;16-17;6;5;11;SEC_207
2001;212;18-24;58;51;109;SEC_212
2012;603;12-15;16;16;32;SEC_603
2002;529;00-02;16;11;27;SEC_529
2005;203;50-64;69;59;128;SEC_203
2010;114;50-64;163;119;282;SEC_114
2015;105;18-24;28;39;67;SEC_105
1995;215;75 i +;70;35;105;SEC_215
2013;532;12-15;21;19;40;SEC_532
1996;438;50-64;110;112;222;SEC_438
2004;118;00-02;28;16;44;SEC_118
2006;610;75 i +;54;34;88;SEC_610
1996;248;65-74;76;54;130;SEC_248
1994;434;35-49;49;63;112;SEC_434
1995;214;03-11;19;18;37;SEC_214
2002;537;65-74;78;67;145;SEC_537
2010;502;16-17;11;11;22;SEC_502
2003;517;25-34;116;131;247;SEC_517
2010;618;18-24;19;23;42;SEC_618
2003;510;16-17;10;8;18;SEC_510
2009;138;12-15;14;12;26;SEC_138
2015;207;75 i +;121;50;171;SEC_207
2002;602;03-11;13;20;33;SEC_602
1998;403;50-64;158;147;305;SEC_403
2011;503;00-02;5;10;15;SEC_503
2005;626;50-64;106;90;196;SEC_626
2003;606;25-34;96;95;191;SEC_606
2005;121;35-49;91;109;200;SEC_121
2004;241;18-24;38;23;61;SEC_241
2004;233;50-64;68;60;128;SEC_233
2015;511;18-24;82;72;154;SEC_511
2005;224;03-11;23;23;46;SEC_224
2006;610;00-02;15;13;28;SEC_610
2013;531;18-24;41;43;84;SEC_531
2013;101;65-74;60;45;105;SEC_101
2015;430;35-49;139;173;312;SEC_430
1995;203;03-11;12;24;36;SEC_203
2014;224;75 i +;70;32;102;SEC_224
2012;603;50-64;44;42;86;SEC_603
2008;508;00-02;13;17;30;SEC_508
2002;527;18-24;51;54;105;SEC_527
2000;442;03-11;22;23;45;SEC_442
2015;125;50-64;149;141;290;SEC_125
2000;631;00-02;6;12;18;SEC_631
2003;520;00-02;7;10;17;SEC_520
2007;515;00-02;10;11;21;SEC_515
2004;234;35-49;103;110;213;SEC_234
1996;225;00-02;2;4;6;SEC_225
2006;406;50-64;134;115;249;SEC_406
1995;427;03-11;21;31;52;SEC_427
1996;241;65-74;67;51;118;SEC_241
2004;245;65-74;57;56;113;SEC_245
2003;602;25-34;52;68;120;SEC_602
2005;230;75 i +;57;27;84;SEC_230
2013;602;18-24;32;43;75;SEC_602
1999;509;03-11;24;31;55;SEC_509
1999;232;00-02;9;9;18;SEC_232
2013;104;50-64;77;71;148;SEC_104
2006;632;50-64;91;76;167;SEC_632
2003;616;65-74;52;58;110;SEC_616
2013;404;75 i +;91;53;144;SEC_404
2016;239;16-17;7;10;17;SEC_239
2012;212;75 i +;82;48;130;SEC_212
2004;607;00-02;15;15;30;SEC_607
2013;525;25-34;95;88;183;SEC_525
1997;501;12-15;26;29;55;SEC_501
2014;304;50-64;165;148;313;SEC_304
1999;225;65-74;45;28;73;SEC_225
2015;406;12-15;26;25;51;SEC_406
1996;220;18-24;39;40;79;SEC_220
2012;109;35-49;123;126;249;SEC_109
2009;605;50-64;58;32;90;SEC_605
2012;140;35-49;118;134;252;SEC_140
2010;235;75 i +;86;57;143;SEC_235
2010;322;18-24;44;49;93;SEC_322
1995;605;12-15;13;17;30;SEC_605
2004;202;00-02;14;10;24;SEC_202
2008;211;65-74;59;39;98;SEC_211
2014;514;16-17;19;20;39;SEC_514
2006;113;75 i +;49;30;79;SEC_113
2003;212;35-49;131;146;277;SEC_212
1995;128;03-11;37;43;80;SEC_128
2003;103;35-49;84;79;163;SEC_103
2003;138;25-34;63;57;120;SEC_138
2006;208;75 i +;139;90;229;SEC_208
2009;237;03-11;59;68;127;SEC_237
2016;223;35-49;150;151;301;SEC_223
2001;439;50-64;83;66;149;SEC_439
2008;227;18-24;19;13;32;SEC_227
2006;602;65-74;49;66;115;SEC_602
1994;309;75 i +;23;7;30;SEC_309
1997;430;50-64;99;96;195;SEC_430
1997;628;25-34;82;86;168;SEC_628
2016;125;35-49;217;229;446;SEC_125
2001;514;25-34;54;59;113;SEC_514
2001;609;03-11;24;26;50;SEC_609
2006;302;65-74;67;51;118;SEC_302
1998;438;16-17;11;9;20;SEC_438
2003;535;18-24;62;64;126;SEC_535
1998;607;75 i +;36;16;52;SEC_607
2001;107;00-02;21;14;35;SEC_107
2004;102;12-15;24;28;52;SEC_102
1997;109;18-24;58;50;108;SEC_109
2011;429;12-15;11;14;25;SEC_429
2010;233;65-74;58;30;88;SEC_233
2007;630;25-34;85;115;200;SEC_630
2016;216;35-49;149;150;299;SEC_216
2011;610;75 i +;63;44;107;SEC_610
2001;505;50-64;231;208;439;SEC_505
1998;213;00-02;11;9;20;SEC_213
2012;246;25-34;104;104;208;SEC_246
2015;310;18-24;26;26;52;SEC_310
1995;627;12-15;52;54;106;SEC_627
1999;243;65-74;106;89;195;SEC_243
2003;610;16-17;7;13;20;SEC_610
2001;527;35-49;113;129;242;SEC_527
1995;620;16-17;15;15;30;SEC_620
2007;520;03-11;29;36;65;SEC_520
1997;210;12-15;5;11;16;SEC_210
2007;534;35-49;137;111;248;SEC_534
1997;604;75 i +;18;12;30;SEC_604
2016;325;03-11;63;63;126;SEC_325
1998;621;75 i +;25;13;38;SEC_621
1996;128;35-49;107;93;200;SEC_128
1998;246;16-17;9;7;16;SEC_246
2012;411;35-49;102;101;203;SEC_411
2008;139;50-64;87;90;177;SEC_139
1999;608;03-11;30;41;71;SEC_608
2003;618;16-17;10;4;14;SEC_618
2000;532;75 i +;72;37;109;SEC_532
1996;513;65-74;41;30;71;SEC_513
2006;130;00-02;17;14;31;SEC_130
2000;401;03-11;42;45;87;SEC_401
2007;101;00-02;49;60;109;SEC_101
2008;403;50-64;122;95;217;SEC_403
2002;125;65-74;54;54;108;SEC_125
1994;627;75 i +;15;13;28;SEC_627
1997;214;12-15;7;15;22;SEC_214
2004;630;25-34;83;101;184;SEC_630
2005;212;03-11;43;67;110;SEC_212
2012;435;18-24;43;42;85;SEC_435
2005;307;65-74;64;59;123;SEC_307
2007;305;03-11;62;53;115;SEC_305
1997;101;25-34;109;120;229;SEC_101
2009;229;35-49;102;119;221;SEC_229
1998;115;65-74;73;51;124;SEC_115
1995;512;18-24;62;64;126;SEC_512
2016;234;50-64;90;90;180;SEC_234
2000;235;35-49;92;95;187;SEC_235
2009;619;25-34;84;88;172;SEC_619
2000;209;65-74;71;56;127;SEC_209
1998;517;50-64;110;104;214;SEC_517
2015;121;25-34;51;47;98;SEC_121
2015;412;25-34;96;110;206;SEC_412
2016;107;65-74;101;81;182;SEC_107
2016;606;65-74;53;34;87;SEC_606
2016;406;00-02;22;16;38;SEC_406
2003;202;03-11;17;26;43;SEC_202
2011;310;12-15;12;12;24;SEC_310
2016;605;12-15;32;31;63;SEC_605
2001;122;35-49;71;84;155;SEC_122
2007;519;35-49;73;106;179;SEC_519
2004;404;03-11;60;53;113;SEC_404
2013;234;03-11;30;37;67;SEC_234
2016;240;12-15;24;30;54;SEC_240
2013;503;00-02;10;12;22;SEC_503
2011;125;35-49;214;225;439;SEC_125
2012;231;12-15;25;24;49;SEC_231
1997;130;75 i +;66;29;95;SEC_130
2011;510;00-02;14;14;28;SEC_510
2016;502;25-34;89;91;180;SEC_502
2009;615;75 i +;31;27;58;SEC_615
2000;534;65-74;53;58;111;SEC_534
2008;503;18-24;37;30;67;SEC_503
2013;433;12-15;26;31;57;SEC_433
2005;122;35-49;81;93;174;SEC_122
2000;518;25-34;102;107;209;SEC_518
1999;412;00-02;7;10;17;SEC_412
2001;218;25-34;59;63;122;SEC_218
2007;226;25-34;123;135;258;SEC_226
2015;623;75 i +;71;52;123;SEC_623
2007;312;75 i +;62;33;95;SEC_312
2006;629;75 i +;30;13;43;SEC_629
1995;106;00-02;13;19;32;SEC_106
2004;115;03-11;48;52;100;SEC_115
2007;614;00-02;16;11;27;SEC_614
2016;618;75 i +;85;72;157;SEC_618
2015;529;12-15;25;27;52;SEC_529
2002;517;75 i +;52;24;76;SEC_517
2015;315;03-11;80;88;168;SEC_315
2006;419;03-11;42;41;83;SEC_419
2003;533;50-64;79;61;140;SEC_533
1998;127;35-49;103;97;200;SEC_127
2010;521;65-74;76;98;174;SEC_521
1999;108;18-24;41;55;96;SEC_108
2006;624;03-11;29;38;67;SEC_624
2005;412;12-15;21;22;43;SEC_412
2000;526;50-64;61;62;123;SEC_526
2006;437;65-74;47;40;87;SEC_437
2016;231;35-49;183;179;362;SEC_231
2004;516;18-24;24;35;59;SEC_516
2014;125;35-49;217;229;446;SEC_125
2010;622;12-15;10;20;30;SEC_622
2011;110;65-74;78;82;160;SEC_110
2010;529;16-17;18;14;32;SEC_529
2006;528;00-02;16;17;33;SEC_528
2013;627;75 i +;49;34;83;SEC_627
1996;323;12-15;96;106;202;SEC_323
2004;527;50-64;65;60;125;SEC_527
2006;615;65-74;59;70;129;SEC_615
2002;316;03-11;67;80;147;SEC_316
2011;624;16-17;5;9;14;SEC_624
1999;428;35-49;43;49;92;SEC_428
1995;610;35-49;149;83;232;SEC_610
1998;313;35-49;237;217;454;SEC_313
2012;617;75 i +;58;36;94;SEC_617
2016;207;75 i +;118;53;171;SEC_207
2016;109;00-02;9;9;18;SEC_109
1994;139;03-11;26;44;70;SEC_139
2003;602;00-02;7;8;15;SEC_602
2008;409;75 i +;28;21;49;SEC_409
2007;127;18-24;35;37;72;SEC_127
1997;619;12-15;38;36;74;SEC_619
1999;325;75 i +;128;72;200;SEC_325
1999;116;00-02;19;11;30;SEC_116
1999;413;03-11;27;18;45;SEC_413
2012;228;18-24;36;39;75;SEC_228
2006;136;35-49;117;140;257;SEC_136
2000;512;35-49;78;74;152;SEC_512
2004;112;75 i +;66;26;92;SEC_112
1998;229;00-02;9;7;16;SEC_229
2007;240;35-49;85;97;182;SEC_240
2004;603;00-02;6;8;14;SEC_603
1998;440;18-24;87;83;170;SEC_440
2002;219;18-24;42;51;93;SEC_219
2011;536;50-64;72;61;133;SEC_536
2002;615;35-49;56;64;120;SEC_615
2006;439;35-49;133;154;287;SEC_439
2000;206;03-11;18;23;41;SEC_206
2007;204;16-17;6;5;11;SEC_204
2004;137;12-15;27;18;45;SEC_137
1998;436;35-49;66;79;145;SEC_436
2012;429;65-74;26;21;47;SEC_429
1996;302;50-64;130;147;277;SEC_302
2001;210;16-17;2;5;7;SEC_210
2010;225;65-74;27;16;43;SEC_225
2007;202;50-64;61;61;122;SEC_202
2003;245;25-34;112;116;228;SEC_245
2005;207;50-64;64;54;118;SEC_207
2003;315;16-17;12;16;28;SEC_315
1997;510;16-17;10;11;21;SEC_510
2009;614;65-74;70;71;141;SEC_614
1994;312;16-17;14;21;35;SEC_312
2005;204;50-64;43;36;79;SEC_204
2006;319;03-11;72;66;138;SEC_319
1995;609;65-74;32;27;59;SEC_609
2002;603;03-11;19;19;38;SEC_603
1996;106;00-02;15;15;30;SEC_106
2007;304;25-34;159;174;333;SEC_304
1996;226;35-49;103;89;192;SEC_226
2014;217;00-02;17;11;28;SEC_217
1999;302;12-15;24;19;43;SEC_302
2005;406;35-49;137;147;284;SEC_406
1999;439;25-34;99;93;192;SEC_439
2000;305;12-15;50;39;89;SEC_305
2013;306;12-15;30;36;66;SEC_306
2002;108;12-15;24;18;42;SEC_108
1997;224;00-02;4;7;11;SEC_224
2010;630;12-15;5;18;23;SEC_630
2002;122;25-34;91;94;185;SEC_122
1994;512;65-74;48;39;87;SEC_512
2007;603;50-64;67;46;113;SEC_603
1998;628;00-02;8;6;14;SEC_628
2002;315;18-24;83;91;174;SEC_315
2014;326;00-02;41;32;73;SEC_326
2001;135;00-02;23;20;43;SEC_135
2015;502;12-15;24;26;50;SEC_502
2016;622;16-17;9;13;22;SEC_622
2014;108;03-11;50;48;98;SEC_108
2006;126;18-24;34;31;65;SEC_126
1999;109;35-49;135;147;282;SEC_109
2015;208;25-34;119;110;229;SEC_208
2016;313;00-02;25;22;47;SEC_313
2002;212;65-74;82;68;150;SEC_212
2009;519;00-02;4;9;13;SEC_519
2005;610;16-17;9;8;17;SEC_610
2015;129;65-74;74;48;122;SEC_129
2014;109;03-11;46;43;89;SEC_109
2007;306;25-34;128;149;277;SEC_306
2003;502;12-15;27;23;50;SEC_502
2012;409;16-17;3;4;7;SEC_409
1998;104;65-74;72;52;124;SEC_104
2007;607;75 i +;47;29;76;SEC_607
2002;409;75 i +;25;19;44;SEC_409
2013;211;16-17;11;16;27;SEC_211
2011;306;75 i +;100;71;171;SEC_306
2001;303;25-34;151;189;340;SEC_303
2008;432;12-15;16;23;39;SEC_432
2012;133;03-11;34;34;68;SEC_133
1998;125;16-17;7;23;30;SEC_125
2004;125;50-64;186;166;352;SEC_125
2008;521;12-15;11;12;23;SEC_521
2002;437;16-17;8;9;17;SEC_437
2011;221;16-17;11;15;26;SEC_221
2014;246;12-15;12;18;30;SEC_246
1997;302;25-34;134;130;264;SEC_302
2012;536;50-64;64;65;129;SEC_536
2011;243;50-64;123;111;234;SEC_243
2008;106;00-02;20;19;39;SEC_106
2014;416;00-02;17;24;41;SEC_416
1998;407;35-49;83;84;167;SEC_407
1998;423;25-34;67;86;153;SEC_423
2006;129;12-15;26;18;44;SEC_129
2000;629;65-74;42;43;85;SEC_629
2002;402;25-34;66;76;142;SEC_402
2007;217;16-17;9;9;18;SEC_217
2016;401;18-24;43;53;96;SEC_401
2009;432;25-34;98;104;202;SEC_432
1995;230;18-24;48;34;82;SEC_230
2009;502;12-15;22;23;45;SEC_502
2016;209;16-17;15;8;23;SEC_209
2007;628;75 i +;42;30;72;SEC_628
1999;426;16-17;6;10;16;SEC_426
1995;409;65-74;28;25;53;SEC_409
1997;602;00-02;7;7;14;SEC_602
1997;632;16-17;19;17;36;SEC_632
2010;605;25-34;54;61;115;SEC_605
2010;140;18-24;21;39;60;SEC_140
1994;405;03-11;23;21;44;SEC_405
2006;231;18-24;43;44;87;SEC_231
2007;232;65-74;62;47;109;SEC_232
2000;324;03-11;33;32;65;SEC_324
2010;517;16-17;12;11;23;SEC_517
2013;228;12-15;41;47;88;SEC_228
2003;437;18-24;38;32;70;SEC_437
2009;318;35-49;106;98;204;SEC_318
2010;248;12-15;31;23;54;SEC_248
2004;230;25-34;90;86;176;SEC_230
2014;112;16-17;8;20;28;SEC_112
2010;530;50-64;88;85;173;SEC_530
1999;418;18-24;61;58;119;SEC_418
1997;412;00-02;18;12;30;SEC_412
2010;619;50-64;141;120;261;SEC_619
2011;404;18-24;48;62;110;SEC_404
1995;104;16-17;5;8;13;SEC_104
2007;102;00-02;19;22;41;SEC_102
1996;120;35-49;225;224;449;SEC_120
1996;107;12-15;42;49;91;SEC_107
2015;314;50-64;279;243;522;SEC_314
2008;420;35-49;188;201;389;SEC_420
2001;536;12-15;11;11;22;SEC_536
2014;432;25-34;88;84;172;SEC_432
1998;610;03-11;30;38;68;SEC_610
2006;531;16-17;9;4;13;SEC_531
2007;619;25-34;93;103;196;SEC_619
2009;136;35-49;131;158;289;SEC_136
2008;538;75 i +;87;48;135;SEC_538
2000;126;00-02;11;8;19;SEC_126
2015;309;18-24;29;34;63;SEC_309
2006;438;03-11;24;29;53;SEC_438
2005;248;12-15;25;14;39;SEC_248
1998;518;18-24;59;62;121;SEC_518
2006;317;35-49;100;120;220;SEC_317
2003;212;12-15;23;15;38;SEC_212
1998;536;75 i +;32;24;56;SEC_536
2006;423;03-11;30;29;59;SEC_423
1996;214;25-34;60;69;129;SEC_214
2014;128;18-24;27;22;49;SEC_128
2004;434;18-24;24;27;51;SEC_434
1999;530;16-17;9;12;21;SEC_530
2012;118;03-11;78;65;143;SEC_118
2002;408;50-64;74;56;130;SEC_408
1999;235;25-34;127;113;240;SEC_235
2004;632;75 i +;30;14;44;SEC_632
1999;632;18-24;86;82;168;SEC_632
2005;616;65-74;62;58;120;SEC_616
2004;528;18-24;47;55;102;SEC_528
2008;602;18-24;18;23;41;SEC_602
2011;224;16-17;3;5;8;SEC_224
2000;124;03-11;25;32;57;SEC_124
1999;202;18-24;36;44;80;SEC_202
2009;529;35-49;180;158;338;SEC_529
1999;324;35-49;77;77;154;SEC_324
1999;313;65-74;82;77;159;SEC_313
2005;309;65-74;34;22;56;SEC_309
2011;628;25-34;57;68;125;SEC_628
1997;231;16-17;8;9;17;SEC_231
2005;626;00-02;10;11;21;SEC_626
1994;119;16-17;52;47;99;SEC_119
1999;239;00-02;9;11;20;SEC_239
1997;523;35-49;110;107;217;SEC_523
2006;305;18-24;84;83;167;SEC_305
2011;426;00-02;11;17;28;SEC_426
1997;427;75 i +;43;34;77;SEC_427
1998;203;75 i +;56;26;82;SEC_203
2006;510;25-34;79;99;178;SEC_510
2006;207;03-11;22;24;46;SEC_207
2013;401;35-49;137;129;266;SEC_401
2003;120;35-49;234;223;457;SEC_120
2010;442;75 i +;28;20;48;SEC_442
2000;532;00-02;21;12;33;SEC_532
2011;423;75 i +;81;50;131;SEC_423
2006;101;25-34;188;191;379;SEC_101
2014;239;65-74;55;38;93;SEC_239
2001;124;50-64;66;64;130;SEC_124
2007;316;18-24;154;155;309;SEC_316
2015;247;75 i +;85;48;133;SEC_247
1999;527;35-49;86;110;196;SEC_527
2013;623;12-15;26;20;46;SEC_623
2014;402;25-34;68;56;124;SEC_402
2010;318;75 i +;29;17;46;SEC_318
2010;613;65-74;119;124;243;SEC_613
2012;234;18-24;41;40;81;SEC_234
2005;121;00-02;14;13;27;SEC_121
1994;436;16-17;13;12;25;SEC_436
2011;404;25-34;104;84;188;SEC_404
2008;216;18-24;52;51;103;SEC_216
2007;528;65-74;63;61;124;SEC_528
2004;504;16-17;6;10;16;SEC_504
2002;309;35-49;107;88;195;SEC_309
2005;626;12-15;15;10;25;SEC_626
1994;229;03-11;16;22;38;SEC_229
2009;122;00-02;11;11;22;SEC_122
2011;212;25-34;161;163;324;SEC_212
2000;418;00-02;14;11;25;SEC_418
1999;624;00-02;9;8;17;SEC_624
2014;319;25-34;116;113;229;SEC_319
1995;416;75 i +;23;10;33;SEC_416
2007;504;35-49;94;106;200;SEC_504
2010;534;50-64;83;74;157;SEC_534
1994;617;50-64;136;124;260;SEC_617
1994;214;03-11;20;26;46;SEC_214
1995;313;00-02;16;14;30;SEC_313
2015;303;65-74;115;79;194;SEC_303
1997;609;50-64;130;146;276;SEC_609
2010;524;16-17;14;19;33;SEC_524
2004;131;03-11;40;52;92;SEC_131
1999;436;00-02;10;16;26;SEC_436
2007;247;03-11;48;46;94;SEC_247
1994;104;25-34;58;82;140;SEC_104
2008;602;75 i +;25;18;43;SEC_602
1999;136;25-34;94;94;188;SEC_136
1995;629;03-11;26;21;47;SEC_629
2009;240;18-24;24;29;53;SEC_240
2012;629;25-34;38;40;78;SEC_629
1999;626;35-49;104;104;208;SEC_626
1997;106;75 i +;39;27;66;SEC_106
2007;629;65-74;33;38;71;SEC_629
2005;404;50-64;113;110;223;SEC_404
2006;205;50-64;91;79;170;SEC_205
2006;536;35-49;95;112;207;SEC_536
2010;204;12-15;12;4;16;SEC_204
2004;247;00-02;18;17;35;SEC_247
1997;436;65-74;40;26;66;SEC_436
2016;528;16-17;16;8;24;SEC_528
2003;525;25-34;73;94;167;SEC_525
2002;107;03-11;42;49;91;SEC_107
1995;221;16-17;14;22;36;SEC_221
2004;427;25-34;100;125;225;SEC_427
2009;119;50-64;176;137;313;SEC_119
2014;404;18-24;48;54;102;SEC_404
1994;617;16-17;27;26;53;SEC_617
2014;618;35-49;133;125;258;SEC_618
1995;203;18-24;32;34;66;SEC_203
2016;320;50-64;113;119;232;SEC_320
2002;537;35-49;126;116;242;SEC_537
2008;233;75 i +;52;28;80;SEC_233
2015;525;00-02;14;25;39;SEC_525
2006;515;65-74;32;28;60;SEC_515
2016;327;12-15;31;19;50;SEC_327
2009;440;35-49;106;120;226;SEC_440
1996;247;03-11;34;44;78;SEC_247
2010;533;16-17;5;11;16;SEC_533
2012;515;12-15;7;14;21;SEC_515
2005;209;12-15;16;17;33;SEC_209
2003;140;16-17;3;9;12;SEC_140
2004;521;16-17;9;6;15;SEC_521
2014;311;03-11;64;81;145;SEC_311
2006;119;03-11;28;39;67;SEC_119
2005;621;16-17;9;13;22;SEC_621
2011;426;25-34;102;106;208;SEC_426
2002;410;16-17;10;13;23;SEC_410
1994;435;75 i +;79;33;112;SEC_435
2005;438;16-17;12;4;16;SEC_438
2014;503;50-64;122;87;209;SEC_503
2000;238;16-17;7;3;10;SEC_238
1998;529;50-64;125;132;257;SEC_529
2014;102;65-74;136;125;261;SEC_102
2007;101;18-24;61;54;115;SEC_101
2006;246;75 i +;76;49;125;SEC_246
2005;135;18-24;87;79;166;SEC_135
2008;204;65-74;31;22;53;SEC_204
2012;208;12-15;26;22;48;SEC_208
1995;243;18-24;65;70;135;SEC_243
1995;115;00-02;10;17;27;SEC_115
2016;406;12-15;27;28;55;SEC_406
2008;515;12-15;12;14;26;SEC_515
1999;307;00-02;14;13;27;SEC_307
2002;630;35-49;91;69;160;SEC_630
2014;504;12-15;9;15;24;SEC_504
2009;531;12-15;16;22;38;SEC_531
2012;427;03-11;64;60;124;SEC_427
2015;534;18-24;32;25;57;SEC_534
1996;203;35-49;53;58;111;SEC_203
2009;601;12-15;23;23;46;SEC_601
1997;322;35-49;130;116;246;SEC_322
2000;111;35-49;104;88;192;SEC_111
2013;610;12-15;18;25;43;SEC_610
2004;517;65-74;64;64;128;SEC_517
2004;402;25-34;97;90;187;SEC_402
2007;534;03-11;31;40;71;SEC_534
2016;412;12-15;27;27;54;SEC_412
1999;206;35-49;72;70;142;SEC_206
2004;313;50-64;195;181;376;SEC_313
2001;533;03-11;29;13;42;SEC_533
2001;304;65-74;80;73;153;SEC_304
2016;111;00-02;8;8;16;SEC_111
2005;305;50-64;145;143;288;SEC_305
2000;305;18-24;75;81;156;SEC_305
2005;436;18-24;42;46;88;SEC_436
2014;632;03-11;44;57;101;SEC_632
2002;624;12-15;17;15;32;SEC_624
2006;104;12-15;14;14;28;SEC_104
2013;314;12-15;39;27;66;SEC_314
2009;122;18-24;34;12;46;SEC_122
1999;320;65-74;26;14;40;SEC_320
2000;534;03-11;22;29;51;SEC_534
1995;233;35-49;49;56;105;SEC_233
2013;243;18-24;64;62;126;SEC_243
2013;420;75 i +;139;89;228;SEC_420
2013;315;18-24;60;59;119;SEC_315
2004;247;12-15;21;24;45;SEC_247
2011;409;16-17;4;6;10;SEC_409
2015;245;35-49;136;163;299;SEC_245
2006;602;35-49;59;62;121;SEC_602
2006;538;00-02;22;18;40;SEC_538
2001;140;18-24;48;57;105;SEC_140
1997;230;18-24;47;35;82;SEC_230
1997;416;75 i +;21;12;33;SEC_416
2008;219;18-24;47;49;96;SEC_219
1997;228;18-24;33;38;71;SEC_228
2015;112;75 i +;73;40;113;SEC_112
1996;437;00-02;12;6;18;SEC_437
1998;518;65-74;56;63;119;SEC_518
1995;320;75 i +;23;17;40;SEC_320
2002;513;00-02;18;7;25;SEC_513
2002;624;75 i +;32;12;44;SEC_624
1996;225;16-17;4;14;18;SEC_225
2000;109;00-02;19;12;31;SEC_109
1995;506;03-11;83;107;190;SEC_506
2007;323;35-49;337;345;682;SEC_323
2009;513;25-34;72;89;161;SEC_513
1998;611;18-24;97;95;192;SEC_611
1995;246;00-02;15;5;20;SEC_246
1994;324;18-24;39;56;95;SEC_324
1995;205;16-17;14;11;25;SEC_205
2008;117;03-11;71;80;151;SEC_117
2009;301;18-24;67;89;156;SEC_301
2002;309;75 i +;29;15;44;SEC_309
2013;622;12-15;9;18;27;SEC_622
2007;620;12-15;14;9;23;SEC_620
2000;510;12-15;17;19;36;SEC_510
1994;612;18-24;130;152;282;SEC_612
2015;321;12-15;39;40;79;SEC_321
2016;320;25-34;61;66;127;SEC_320
1999;114;03-11;47;35;82;SEC_114
1999;214;16-17;5;9;14;SEC_214
2012;239;35-49;135;150;285;SEC_239
2008;307;65-74;80;69;149;SEC_307
2005;313;65-74;90;79;169;SEC_313
1999;139;25-34;73;74;147;SEC_139
1994;104;50-64;93;81;174;SEC_104
2002;606;12-15;18;18;36;SEC_606
2016;319;18-24;50;56;106;SEC_319
2004;537;00-02;15;11;26;SEC_537
2012;122;18-24;31;13;44;SEC_122
2005;518;03-11;51;46;97;SEC_518
2008;515;25-34;64;80;144;SEC_515
1997;248;18-24;40;55;95;SEC_248
1995;112;00-02;24;14;38;SEC_112
2006;439;25-34;126;149;275;SEC_439
2000;601;25-34;102;136;238;SEC_601
2001;630;25-34;69;79;148;SEC_630
2008;435;50-64;80;70;150;SEC_435
2010;319;35-49;269;255;524;SEC_319
2015;301;12-15;52;47;99;SEC_301
2005;211;18-24;54;69;123;SEC_211
2013;507;12-15;13;16;29;SEC_507
2003;601;00-02;13;14;27;SEC_601
2006;124;12-15;8;17;25;SEC_124
2008;316;35-49;188;130;318;SEC_316
1994;436;12-15;14;20;34;SEC_436
2008;225;65-74;26;22;48;SEC_225
2011;518;35-49;134;129;263;SEC_518
2002;132;25-34;174;174;348;SEC_132
2008;108;25-34;115;121;236;SEC_108
2009;102;75 i +;97;53;150;SEC_102
2011;217;12-15;18;13;31;SEC_217
2010;313;25-34;148;149;297;SEC_313
2011;309;03-11;45;56;101;SEC_309
2014;103;50-64;62;60;122;SEC_103
2013;530;12-15;23;21;44;SEC_530
2016;431;12-15;34;33;67;SEC_431
2000;110;75 i +;53;29;82;SEC_110
2013;607;00-02;13;6;19;SEC_607
2014;427;00-02;22;37;59;SEC_427
2005;616;25-34;225;245;470;SEC_616
2003;223;50-64;98;92;190;SEC_223
2008;610;35-49;138;137;275;SEC_610
2012;310;16-17;6;4;10;SEC_310
2013;236;25-34;66;80;146;SEC_236
2000;304;25-34;99;106;205;SEC_304
2011;410;12-15;23;32;55;SEC_410
2006;309;35-49;105;112;217;SEC_309
1996;132;00-02;21;25;46;SEC_132
1995;235;35-49;103;93;196;SEC_235
1999;608;25-34;80;104;184;SEC_608
2011;421;50-64;77;79;156;SEC_421
1999;410;35-49;145;139;284;SEC_410
1994;204;65-74;50;38;88;SEC_204
2005;424;16-17;1;2;3;SEC_424
2012;242;16-17;7;5;12;SEC_242
2014;432;75 i +;69;52;121;SEC_432
2009;405;12-15;12;10;22;SEC_405
2003;115;03-11;52;61;113;SEC_115
2015;304;35-49;429;451;880;SEC_304
2016;518;16-17;6;15;21;SEC_518
2008;323;12-15;57;56;113;SEC_323
2011;249;16-17;9;9;18;SEC_249
2001;307;35-49;180;146;326;SEC_307
2015;421;25-34;76;79;155;SEC_421
2001;312;25-34;182;212;394;SEC_312
2016;105;12-15;19;24;43;SEC_105
2008;109;75 i +;73;36;109;SEC_109
2002;302;18-24;84;72;156;SEC_302
2001;244;75 i +;45;40;85;SEC_244
2009;509;18-24;39;45;84;SEC_509
2007;235;75 i +;83;53;136;SEC_235
2010;316;00-02;15;14;29;SEC_316
2008;215;18-24;43;33;76;SEC_215
1997;129;03-11;45;32;77;SEC_129
2008;135;12-15;24;15;39;SEC_135
2009;403;00-02;16;16;32;SEC_403
2010;201;35-49;119;134;253;SEC_201
2003;515;75 i +;25;12;37;SEC_515
1994;506;12-15;78;70;148;SEC_506
2015;605;03-11;67;79;146;SEC_605
2000;412;18-24;95;109;204;SEC_412
2012;606;35-49;134;152;286;SEC_606
1999;314;12-15;66;71;137;SEC_314
2009;412;00-02;20;27;47;SEC_412
2007;502;35-49;155;172;327;SEC_502
1996;243;18-24;62;60;122;SEC_243
2008;528;03-11;57;56;113;SEC_528
1997;620;03-11;20;27;47;SEC_620
1995;120;50-64;100;110;210;SEC_120
2016;305;25-34;119;104;223;SEC_305
2000;533;35-49;77;83;160;SEC_533
1997;614;16-17;12;11;23;SEC_614
2001;243;50-64;128;102;230;SEC_243
1995;110;75 i +;41;20;61;SEC_110
2002;215;03-11;32;23;55;SEC_215
2010;123;75 i +;89;65;154;SEC_123
1994;617;75 i +;19;15;34;SEC_617
2004;201;03-11;23;32;55;SEC_201
1994;304;12-15;19;18;37;SEC_304
1995;104;18-24;48;51;99;SEC_104
2005;629;25-34;38;51;89;SEC_629
1998;239;18-24;45;47;92;SEC_239
2003;628;25-34;85;104;189;SEC_628
1997;510;75 i +;39;27;66;SEC_510
2000;316;75 i +;40;24;64;SEC_316
2007;403;16-17;7;11;18;SEC_403
2013;106;16-17;8;11;19;SEC_106
1996;229;25-34;55;52;107;SEC_229
2000;316;25-34;103;104;207;SEC_316
1998;131;65-74;59;54;113;SEC_131
1996;514;50-64;88;73;161;SEC_514
2004;212;03-11;47;60;107;SEC_212
2010;434;75 i +;62;25;87;SEC_434
2004;244;00-02;9;7;16;SEC_244
2007;518;00-02;13;12;25;SEC_518
2014;113;35-49;204;198;402;SEC_113
2008;518;25-34;99;122;221;SEC_518
2006;511;50-64;43;48;91;SEC_511
2002;231;65-74;81;63;144;SEC_231
1994;301;50-64;206;215;421;SEC_301
2009;303;12-15;22;26;48;SEC_303
2004;104;16-17;4;5;9;SEC_104
2002;135;12-15;29;29;58;SEC_135
1998;415;65-74;46;34;80;SEC_415
1996;241;25-34;60;52;112;SEC_241
2009;201;65-74;48;43;91;SEC_201
1994;311;25-34;123;129;252;SEC_311
2011;127;50-64;76;71;147;SEC_127
2002;505;35-49;85;74;159;SEC_505
1998;624;16-17;15;20;35;SEC_624
1998;225;16-17;2;5;7;SEC_225
2004;416;00-02;17;14;31;SEC_416
2015;537;12-15;23;9;32;SEC_537
1994;607;12-15;21;28;49;SEC_607
1996;605;12-15;10;12;22;SEC_605
2009;209;16-17;5;7;12;SEC_209
2005;225;00-02;4;2;6;SEC_225
2001;603;00-02;7;8;15;SEC_603
1998;209;18-24;27;29;56;SEC_209
2000;213;00-02;1;10;11;SEC_213
2011;307;35-49;130;116;246;SEC_307
2013;436;16-17;16;14;30;SEC_436
2013;138;65-74;54;45;99;SEC_138
1997;406;18-24;88;99;187;SEC_406
2010;202;50-64;68;59;127;SEC_202
2001;214;00-02;10;9;19;SEC_214
2004;439;18-24;45;61;106;SEC_439
1994;434;50-64;55;55;110;SEC_434
2012;123;18-24;47;48;95;SEC_123
1999;211;03-11;44;34;78;SEC_211
2006;202;65-74;40;31;71;SEC_202
1997;217;35-49;55;58;113;SEC_217
1998;202;35-49;57;54;111;SEC_202
1996;501;50-64;97;133;230;SEC_501
2008;138;50-64;104;92;196;SEC_138
2014;616;25-34;133;137;270;SEC_616
1994;427;65-74;47;54;101;SEC_427
2014;304;18-24;86;68;154;SEC_304
2006;606;00-02;23;11;34;SEC_606
1996;109;18-24;57;44;101;SEC_109
2001;228;25-34;64;71;135;SEC_228
2014;103;00-02;14;13;27;SEC_103
2013;125;12-15;21;31;52;SEC_125
2006;526;03-11;22;27;49;SEC_526
2004;514;12-15;9;5;14;SEC_514
1996;243;75 i +;83;38;121;SEC_243
2000;408;65-74;58;61;119;SEC_408
2007;502;50-64;155;148;303;SEC_502
2002;422;12-15;15;23;38;SEC_422
2014;308;35-49;266;238;504;SEC_308
1996;508;75 i +;19;14;33;SEC_508
1994;101;35-49;131;130;261;SEC_101
2015;204;00-02;17;32;49;SEC_204
2009;309;03-11;33;65;98;SEC_309
2012;622;03-11;28;35;63;SEC_622
1995;104;50-64;91;80;171;SEC_104
2000;422;18-24;43;44;87;SEC_422
1994;620;16-17;12;10;22;SEC_620
2001;249;50-64;103;78;181;SEC_249
2002;538;65-74;95;87;182;SEC_538
2001;607;65-74;78;73;151;SEC_607
2006;308;03-11;86;109;195;SEC_308
2014;111;00-02;9;3;12;SEC_111
1997;124;75 i +;32;18;50;SEC_124
2002;237;00-02;14;15;29;SEC_237
2001;401;16-17;6;18;24;SEC_401
2001;529;18-24;48;48;96;SEC_529
1994;431;03-11;53;63;116;SEC_431
1999;419;18-24;33;51;84;SEC_419
2010;538;25-34;90;119;209;SEC_538
1994;236;16-17;8;10;18;SEC_236
2002;214;12-15;10;6;16;SEC_214
2005;524;50-64;96;87;183;SEC_524
1995;523;65-74;78;80;158;SEC_523
2010;127;50-64;72;71;143;SEC_127
2006;201;25-34;55;74;129;SEC_201
1998;614;12-15;12;19;31;SEC_614
2014;302;25-34;94;81;175;SEC_302
1997;223;00-02;10;10;20;SEC_223
1996;431;75 i +;60;35;95;SEC_431
1999;201;25-34;58;62;120;SEC_201
1999;312;50-64;202;181;383;SEC_312
2014;440;18-24;34;37;71;SEC_440
2002;603;18-24;30;28;58;SEC_603
2014;202;65-74;71;64;135;SEC_202
2007;118;65-74;51;67;118;SEC_118
2003;249;65-74;77;52;129;SEC_249
2002;406;00-02;15;11;26;SEC_406
1994;126;16-17;29;30;59;SEC_126
2007;520;50-64;75;70;145;SEC_520
1999;308;18-24;85;88;173;SEC_308
1999;205;75 i +;33;20;53;SEC_205
1999;307;03-11;43;62;105;SEC_307
2007;424;12-15;7;11;18;SEC_424
2001;525;12-15;23;15;38;SEC_525
2011;112;65-74;76;54;130;SEC_112
2014;307;75 i +;82;66;148;SEC_307
1998;139;00-02;13;11;24;SEC_139
1998;519;18-24;16;36;52;SEC_519
2016;410;12-15;22;38;60;SEC_410
2005;110;35-49;110;97;207;SEC_110
2000;523;50-64;137;120;257;SEC_523
2007;628;25-34;59;78;137;SEC_628
1996;108;35-49;153;136;289;SEC_108
2011;431;00-02;31;22;53;SEC_431
2002;238;35-49;74;82;156;SEC_238
2009;618;35-49;79;65;144;SEC_618
2003;222;18-24;49;51;100;SEC_222
2000;122;16-17;6;8;14;SEC_122
2014;212;65-74;65;51;116;SEC_212
2000;538;16-17;10;10;20;SEC_538
2016;619;16-17;11;11;22;SEC_619
2011;505;65-74;126;140;266;SEC_505
1995;616;16-17;51;56;107;SEC_616
1994;623;25-34;108;105;213;SEC_623
1998;125;25-34;89;84;173;SEC_125
2005;608;18-24;33;35;68;SEC_608
2013;426;18-24;40;39;79;SEC_426
2005;132;65-74;89;84;173;SEC_132
2015;317;16-17;11;7;18;SEC_317
2016;632;65-74;49;40;89;SEC_632
2008;303;75 i +;94;76;170;SEC_303
2015;607;75 i +;96;84;180;SEC_607
1998;515;12-15;13;8;21;SEC_515
2014;607;75 i +;88;75;163;SEC_607
2016;311;75 i +;93;57;150;SEC_311
2016;210;16-17;8;4;12;SEC_210
2015;122;12-15;15;19;34;SEC_122
1998;208;12-15;24;34;58;SEC_208
2007;310;50-64;83;103;186;SEC_310
2004;204;18-24;27;31;58;SEC_204
2011;105;35-49;141;127;268;SEC_105
2010;432;65-74;71;66;137;SEC_432
1997;108;00-02;16;10;26;SEC_108
2002;603;16-17;4;6;10;SEC_603
2016;124;12-15;16;11;27;SEC_124
2015;524;16-17;12;15;27;SEC_524
1996;106;03-11;81;86;167;SEC_106
2011;317;00-02;17;25;42;SEC_317
2007;538;75 i +;76;42;118;SEC_538
2006;325;75 i +;162;83;245;SEC_325
2013;409;25-34;152;143;295;SEC_409
1994;441;18-24;102;143;245;SEC_441
2007;624;25-34;94;111;205;SEC_624
2008;629;03-11;27;15;42;SEC_629
2006;218;00-02;7;9;16;SEC_218
2008;401;25-34;96;91;187;SEC_401
2012;221;16-17;9;14;23;SEC_221
2004;529;25-34;124;133;257;SEC_529
2009;538;50-64;99;83;182;SEC_538
2001;608;50-64;89;63;152;SEC_608
1995;206;50-64;107;94;201;SEC_206
2009;608;00-02;10;8;18;SEC_608
2013;303;75 i +;125;112;237;SEC_303
1994;615;16-17;26;22;48;SEC_615
2009;321;75 i +;112;56;168;SEC_321
1995;305;65-74;85;55;140;SEC_305
2008;437;12-15;16;19;35;SEC_437
2002;629;65-74;44;43;87;SEC_629
2004;433;03-11;49;56;105;SEC_433
2009;411;12-15;15;16;31;SEC_411
2002;532;18-24;73;67;140;SEC_532
2013;410;75 i +;152;107;259;SEC_410
1996;624;00-02;10;10;20;SEC_624
2015;228;16-17;27;23;50;SEC_228
2005;318;35-49;119;109;228;SEC_318
1997;522;03-11;17;17;34;SEC_522
2016;228;35-49;290;321;611;SEC_228
2012;405;50-64;50;62;112;SEC_405
2006;517;00-02;18;15;33;SEC_517
1998;207;16-17;12;7;19;SEC_207
2006;228;65-74;46;41;87;SEC_228
1994;323;75 i +;34;11;45;SEC_323
1994;610;65-74;59;46;105;SEC_610
2014;440;00-02;8;12;20;SEC_440
1997;410;75 i +;58;42;100;SEC_410
1999;502;16-17;18;16;34;SEC_502
1996;237;25-34;101;122;223;SEC_237
1997;538;50-64;157;117;274;SEC_538
2010;437;12-15;18;12;30;SEC_437
2003;614;75 i +;28;20;48;SEC_614
2003;119;35-49;127;118;245;SEC_119
2009;601;00-02;19;23;42;SEC_601
1995;618;50-64;68;80;148;SEC_618
2010;411;12-15;14;18;32;SEC_411
2004;420;12-15;21;19;40;SEC_420
2004;120;75 i +;60;26;86;SEC_120
2016;538;00-02;17;13;30;SEC_538
2006;237;16-17;7;7;14;SEC_237
1995;104;12-15;13;13;26;SEC_104
2012;538;03-11;56;53;109;SEC_538
2002;627;75 i +;26;16;42;SEC_627
1998;306;65-74;106;83;189;SEC_306
2016;521;65-74;106;100;206;SEC_521
2007;611;00-02;23;40;63;SEC_611
1998;537;35-49;107;105;212;SEC_537
2000;413;18-24;22;21;43;SEC_413
2013;525;50-64;68;68;136;SEC_525
2015;209;75 i +;81;54;135;SEC_209
2007;209;00-02;10;19;29;SEC_209
1997;431;75 i +;63;39;102;SEC_431
2010;502;35-49;172;200;372;SEC_502
2014;601;75 i +;138;98;236;SEC_601
2014;110;75 i +;77;36;113;SEC_110
2016;320;12-15;2;2;4;SEC_320
2016;530;18-24;57;66;123;SEC_530
2006;629;00-02;12;7;19;SEC_629
2006;121;03-11;30;32;62;SEC_121
2007;228;50-64;51;49;100;SEC_228
2004;308;00-02;26;39;65;SEC_308
2015;103;65-74;34;34;68;SEC_103
1994;122;03-11;24;22;46;SEC_122
2011;121;25-34;80;55;135;SEC_121
2002;139;25-34;90;93;183;SEC_139
2009;630;35-49;82;97;179;SEC_630
2011;133;18-24;22;27;49;SEC_133
2006;323;03-11;138;140;278;SEC_323
1995;306;00-02;16;13;29;SEC_306
2010;242;16-17;6;2;8;SEC_242
2003;612;25-34;104;127;231;SEC_612
2003;216;75 i +;60;39;99;SEC_216
1994;111;00-02;19;7;26;SEC_111
2015;324;50-64;66;74;140;SEC_324
2005;630;18-24;53;39;92;SEC_630
2016;412;65-74;118;91;209;SEC_412
2009;522;50-64;66;58;124;SEC_522
1994;437;16-17;11;12;23;SEC_437
1994;306;25-34;112;124;236;SEC_306
2014;317;12-15;16;19;35;SEC_317
2004;301;25-34;296;288;584;SEC_301
2003;405;18-24;37;32;69;SEC_405
2009;112;35-49;191;161;352;SEC_112
1995;532;65-74;84;74;158;SEC_532
2007;239;25-34;123;116;239;SEC_239
2009;234;00-02;10;17;27;SEC_234
2016;327;16-17;7;11;18;SEC_327
2004;625;25-34;106;100;206;SEC_625
2007;519;03-11;28;40;68;SEC_519
1994;405;00-02;5;13;18;SEC_405
2011;527;25-34;123;109;232;SEC_527
2000;624;16-17;17;13;30;SEC_624
2015;625;25-34;61;81;142;SEC_625
2013;213;50-64;81;77;158;SEC_213
2004;416;50-64;56;53;109;SEC_416
2007;316;75 i +;72;31;103;SEC_316
2001;206;50-64;73;64;137;SEC_206
2015;611;75 i +;101;84;185;SEC_611
2016;111;12-15;10;21;31;SEC_111
1998;323;00-02;37;26;63;SEC_323
1994;522;03-11;35;29;64;SEC_522
2016;437;18-24;60;62;122;SEC_437
2005;233;25-34;81;108;189;SEC_233
2007;434;75 i +;58;24;82;SEC_434
2000;536;35-49;73;79;152;SEC_536
1997;108;50-64;111;98;209;SEC_108
2015;430;00-02;22;14;36;SEC_430
2002;129;65-74;46;50;96;SEC_129
2008;227;12-15;12;7;19;SEC_227
1995;522;03-11;32;23;55;SEC_522
2009;117;18-24;82;67;149;SEC_117
2008;504;16-17;7;6;13;SEC_504
2003;442;16-17;6;8;14;SEC_442
1998;132;25-34;169;175;344;SEC_132
2003;233;75 i +;64;23;87;SEC_233
2003;124;35-49;101;82;183;SEC_124
1998;122;18-24;50;51;101;SEC_122
2016;419;35-49;231;328;559;SEC_419
1995;204;03-11;13;20;33;SEC_204
1998;533;12-15;13;17;30;SEC_533
2000;202;18-24;37;40;77;SEC_202
1999;140;16-17;6;7;13;SEC_140
2009;630;65-74;48;43;91;SEC_630
2009;202;03-11;31;33;64;SEC_202
2008;129;18-24;38;41;79;SEC_129
2009;518;65-74;75;51;126;SEC_518
2000;125;35-49;132;110;242;SEC_125
1996;505;65-74;48;44;92;SEC_505
2015;220;00-02;24;19;43;SEC_220
2001;611;25-34;177;198;375;SEC_611
2012;225;16-17;4;2;6;SEC_225
2002;235;18-24;48;62;110;SEC_235
2001;318;35-49;129;128;257;SEC_318
2004;605;03-11;11;20;31;SEC_605
2006;425;75 i +;58;40;98;SEC_425
2011;231;75 i +;84;51;135;SEC_231
2000;218;65-74;40;30;70;SEC_218
2008;310;25-34;98;93;191;SEC_310
2005;424;12-15;9;13;22;SEC_424
2012;115;12-15;17;22;39;SEC_115
1998;211;35-49;96;105;201;SEC_211
2011;504;35-49;117;121;238;SEC_504
2015;506;18-24;63;68;131;SEC_506
2005;138;00-02;7;9;16;SEC_138
2008;203;18-24;37;35;72;SEC_203
1999;134;16-17;8;15;23;SEC_134
1994;235;75 i +;64;36;100;SEC_235
1995;431;12-15;36;42;78;SEC_431
1999;628;16-17;19;20;39;SEC_628
2000;237;65-74;90;62;152;SEC_237
2008;317;16-17;10;12;22;SEC_317
1998;310;18-24;49;55;104;SEC_310
2003;214;35-49;74;72;146;SEC_214
2005;417;16-17;5;5;10;SEC_417
2003;118;50-64;189;210;399;SEC_118
2001;608;18-24;50;53;103;SEC_608
2008;207;12-15;7;12;19;SEC_207
1999;316;25-34;97;95;192;SEC_316
2008;524;03-11;59;60;119;SEC_524
1994;535;65-74;40;31;71;SEC_535
1994;538;50-64;167;154;321;SEC_538
2002;412;35-49;179;177;356;SEC_412
2009;116;50-64;169;142;311;SEC_116
1998;622;75 i +;33;12;45;SEC_622
2006;628;00-02;12;13;25;SEC_628
2003;418;75 i +;69;40;109;SEC_418
2016;109;12-15;17;14;31;SEC_109
2004;521;12-15;12;12;24;SEC_521
2007;522;03-11;39;43;82;SEC_522
2010;219;12-15;26;25;51;SEC_219
1996;323;03-11;119;118;237;SEC_323
1997;245;65-74;65;53;118;SEC_245
2007;530;50-64;107;83;190;SEC_530
2015;407;18-24;40;25;65;SEC_407
2004;237;65-74;85;67;152;SEC_237
1998;411;12-15;19;13;32;SEC_411
1994;205;18-24;46;42;88;SEC_205
2011;517;03-11;59;64;123;SEC_517
1999;415;35-49;64;70;134;SEC_415
2015;407;50-64;84;76;160;SEC_407
2010;215;18-24;46;44;90;SEC_215
2013;523;12-15;15;20;35;SEC_523
2010;625;25-34;87;113;200;SEC_625
2000;230;03-11;25;27;52;SEC_230
2012;321;16-17;13;14;27;SEC_321
1995;244;50-64;63;47;110;SEC_244
1997;244;25-34;49;60;109;SEC_244
2007;111;00-02;9;10;19;SEC_111
2015;323;03-11;75;100;175;SEC_323
1994;111;75 i +;32;17;49;SEC_111
2009;517;35-49;154;204;358;SEC_517
1997;417;35-49;55;60;115;SEC_417
1995;418;16-17;17;10;27;SEC_418
2001;538;25-34;98;115;213;SEC_538
2012;611;65-74;131;105;236;SEC_611
2016;139;25-34;50;60;110;SEC_139
2016;607;18-24;29;42;71;SEC_607
2014;129;03-11;43;50;93;SEC_129
2004;221;00-02;5;13;18;SEC_221
2007;423;75 i +;65;38;103;SEC_423
2012;317;00-02;21;20;41;SEC_317
2008;210;50-64;90;86;176;SEC_210
2015;606;03-11;50;46;96;SEC_606
2002;325;16-17;9;12;21;SEC_325
2007;109;12-15;13;16;29;SEC_109
2016;320;75 i +;1;3;4;SEC_320
1996;133;35-49;99;87;186;SEC_133
1994;504;12-15;18;33;51;SEC_504
1999;601;65-74;57;66;123;SEC_601
1997;603;18-24;45;59;104;SEC_603
1996;316;00-02;14;19;33;SEC_316
1997;530;75 i +;62;30;92;SEC_530
2013;501;25-34;55;56;111;SEC_501
2010;625;18-24;51;58;109;SEC_625
1997;232;75 i +;63;27;90;SEC_232
1997;602;25-34;71;94;165;SEC_602
1997;126;03-11;30;27;57;SEC_126
2004;213;35-49;107;114;221;SEC_213
2007;503;50-64;118;102;220;SEC_503
2009;123;75 i +;83;60;143;SEC_123
1999;414;12-15;12;21;33;SEC_414
1995;406;00-02;15;15;30;SEC_406
2004;501;50-64;167;179;346;SEC_501
2000;610;00-02;6;12;18;SEC_610
2002;610;03-11;29;36;65;SEC_610
2000;434;16-17;8;11;19;SEC_434
2014;327;00-02;6;12;18;SEC_327
2003;229;75 i +;53;23;76;SEC_229
2001;104;50-64;63;72;135;SEC_104
2010;301;16-17;20;24;44;SEC_301
2012;438;65-74;61;44;105;SEC_438
2012;222;65-74;38;40;78;SEC_222
2007;603;00-02;7;8;15;SEC_603
2003;210;65-74;87;62;149;SEC_210
1996;522;65-74;43;36;79;SEC_522
1999;320;12-15;7;9;16;SEC_320
1995;116;35-49;193;172;365;SEC_116
2004;527;35-49;133;144;277;SEC_527
1996;412;03-11;62;57;119;SEC_412
2013;535;03-11;32;37;69;SEC_535
1998;112;03-11;58;64;122;SEC_112
2007;613;75 i +;57;33;90;SEC_613
2013;205;50-64;102;97;199;SEC_205
2005;521;18-24;44;32;76;SEC_521
2007;309;12-15;13;15;28;SEC_309
2010;221;35-49;134;139;273;SEC_221
2013;617;25-34;37;50;87;SEC_617
2009;211;00-02;26;22;48;SEC_211
1999;231;25-34;95;71;166;SEC_231
1994;608;12-15;34;27;61;SEC_608
2009;323;00-02;44;49;93;SEC_323
2008;320;12-15;15;11;26;SEC_320
1999;236;16-17;13;12;25;SEC_236
2002;317;35-49;91;111;202;SEC_317
1996;511;00-02;5;11;16;SEC_511
2001;536;03-11;28;23;51;SEC_536
2014;514;03-11;59;66;125;SEC_514
2003;249;18-24;43;43;86;SEC_249
2013;627;12-15;18;6;24;SEC_627
2009;419;75 i +;40;29;69;SEC_419
2009;426;18-24;36;49;85;SEC_426
2001;517;50-64;88;79;167;SEC_517
2010;203;18-24;38;40;78;SEC_203
1995;213;03-11;33;41;74;SEC_213
2013;619;03-11;45;42;87;SEC_619
2009;520;03-11;32;42;74;SEC_520
1996;217;35-49;53;54;107;SEC_217
2008;617;16-17;11;8;19;SEC_617
2007;515;65-74;31;25;56;SEC_515
2008;615;12-15;10;13;23;SEC_615
2012;505;18-24;32;23;55;SEC_505
2011;216;25-34;105;102;207;SEC_216
2008;108;00-02;21;19;40;SEC_108
2015;306;65-74;76;65;141;SEC_306
2005;318;00-02;9;15;24;SEC_318
2007;103;65-74;49;36;85;SEC_103
1994;537;16-17;19;21;40;SEC_537
2002;508;35-49;51;79;130;SEC_508
1997;231;50-64;101;98;199;SEC_231
2011;217;50-64;44;60;104;SEC_217
1994;607;65-74;46;43;89;SEC_607
1998;114;25-34;149;158;307;SEC_114
1994;619;12-15;55;54;109;SEC_619
1994;621;18-24;141;182;323;SEC_621
2009;138;18-24;31;46;77;SEC_138
2014;618;18-24;38;37;75;SEC_618
2015;318;16-17;9;7;16;SEC_318
2010;501;00-02;12;15;27;SEC_501
2012;409;03-11;25;28;53;SEC_409
1999;416;12-15;8;7;15;SEC_416
2003;517;18-24;59;53;112;SEC_517
2000;501;50-64;149;180;329;SEC_501
2001;623;00-02;15;19;34;SEC_623
2014;140;12-15;17;16;33;SEC_140
2000;120;75 i +;48;26;74;SEC_120
2013;127;00-02;13;8;21;SEC_127
2004;132;12-15;35;44;79;SEC_132
2006;108;35-49;162;145;307;SEC_108
2012;410;35-49;173;160;333;SEC_410
2009;629;18-24;21;14;35;SEC_629
2010;240;50-64;56;39;95;SEC_240
2013;630;18-24;22;20;42;SEC_630
2000;627;75 i +;23;13;36;SEC_627
2009;119;03-11;37;42;79;SEC_119
2008;518;03-11;53;43;96;SEC_518
1996;514;18-24;46;42;88;SEC_514
2015;107;00-02;24;16;40;SEC_107
2014;224;65-74;52;40;92;SEC_224
2012;236;00-02;11;19;30;SEC_236
2014;505;16-17;1;5;6;SEC_505
2010;249;18-24;41;47;88;SEC_249
2014;108;00-02;20;26;46;SEC_108
2010;434;12-15;16;16;32;SEC_434
2010;246;16-17;13;8;21;SEC_246
2013;531;75 i +;48;36;84;SEC_531
2002;304;03-11;33;43;76;SEC_304
2004;416;75 i +;43;27;70;SEC_416
2009;602;75 i +;27;22;49;SEC_602
2006;627;12-15;5;18;23;SEC_627
2009;407;16-17;6;11;17;SEC_407
2002;238;18-24;29;35;64;SEC_238
2004;217;12-15;8;8;16;SEC_217
1999;503;25-34;64;54;118;SEC_503
1999;629;00-02;6;7;13;SEC_629
2002;314;65-74;67;66;133;SEC_314
2015;205;16-17;8;8;16;SEC_205
2009;619;00-02;17;16;33;SEC_619
2004;505;16-17;10;7;17;SEC_505
2000;118;00-02;20;28;48;SEC_118
2000;246;16-17;9;6;15;SEC_246
1999;207;25-34;45;37;82;SEC_207
2014;321;65-74;141;138;279;SEC_321
1996;214;50-64;77;65;142;SEC_214
2008;530;35-49;163;167;330;SEC_530
2005;212;00-02;22;21;43;SEC_212
2014;136;50-64;106;99;205;SEC_136
2000;111;25-34;75;109;184;SEC_111
2001;133;25-34;81;97;178;SEC_133
2010;212;12-15;24;34;58;SEC_212
2015;237;50-64;111;107;218;SEC_237
2011;512;75 i +;49;35;84;SEC_512
1998;240;18-24;26;24;50;SEC_240
2010;323;12-15;60;60;120;SEC_323
1998;613;25-34;152;165;317;SEC_613
2010;527;75 i +;56;32;88;SEC_527
2004;428;12-15;13;10;23;SEC_428
2000;625;12-15;26;52;78;SEC_625
2005;427;00-02;16;19;35;SEC_427
1994;420;03-11;35;46;81;SEC_420
2011;441;03-11;78;78;156;SEC_441
2009;131;16-17;13;14;27;SEC_131
2010;410;25-34;136;127;263;SEC_410
1994;622;75 i +;30;15;45;SEC_622
2009;202;12-15;11;13;24;SEC_202
2011;110;12-15;9;14;23;SEC_110
2013;123;16-17;10;9;19;SEC_123
1994;232;50-64;106;98;204;SEC_232
1999;310;75 i +;27;15;42;SEC_310
2011;515;25-34;50;65;115;SEC_515
2014;416;50-64;110;102;212;SEC_416
1997;129;18-24;100;72;172;SEC_129
2016;302;12-15;16;14;30;SEC_302
1995;632;35-49;107;105;212;SEC_632
1994;129;65-74;41;34;75;SEC_129
2012;436;12-15;16;17;33;SEC_436
2006;104;25-34;80;75;155;SEC_104
2001;120;16-17;23;19;42;SEC_120
2003;209;65-74;69;54;123;SEC_209
2000;324;65-74;55;40;95;SEC_324
2006;535;35-49;99;94;193;SEC_535
2010;440;12-15;16;14;30;SEC_440
2014;609;65-74;85;78;163;SEC_609
2005;523;18-24;62;73;135;SEC_523
1997;322;50-64;99;107;206;SEC_322
2007;408;25-34;104;129;233;SEC_408
2015;419;75 i +;114;81;195;SEC_419
1996;205;12-15;19;19;38;SEC_205
2001;608;00-02;7;8;15;SEC_608
2009;423;00-02;11;18;29;SEC_423
1997;529;50-64;138;142;280;SEC_529
2005;133;75 i +;54;32;86;SEC_133
1995;601;35-49;164;155;319;SEC_601
2015;621;50-64;162;104;266;SEC_621
1995;236;00-02;9;3;12;SEC_236
2008;436;03-11;40;59;99;SEC_436
1999;424;25-34;30;59;89;SEC_424
2004;625;75 i +;25;17;42;SEC_625
2003;125;12-15;30;24;54;SEC_125
2012;245;18-24;46;44;90;SEC_245
1998;436;65-74;37;23;60;SEC_436
2003;220;03-11;27;23;50;SEC_220
2007;625;65-74;58;65;123;SEC_625
2016;627;00-02;9;11;20;SEC_627
2003;435;12-15;26;16;42;SEC_435
2015;423;50-64;83;69;152;SEC_423
2002;228;35-49;53;62;115;SEC_228
2007;428;65-74;27;17;44;SEC_428
2002;527;16-17;12;10;22;SEC_527
2016;403;65-74;80;58;138;SEC_403
2000;315;16-17;20;14;34;SEC_315
2007;307;75 i +;80;57;137;SEC_307
2008;608;50-64;84;57;141;SEC_608
1994;501;35-49;186;173;359;SEC_501
2010;405;25-34;58;61;119;SEC_405
2011;125;16-17;9;14;23;SEC_125
2008;247;00-02;30;25;55;SEC_247
2010;111;35-49;99;98;197;SEC_111
2007;535;03-11;22;39;61;SEC_535
2005;117;12-15;38;27;65;SEC_117
2005;310;50-64;82;94;176;SEC_310
2006;214;35-49;81;108;189;SEC_214
2004;104;65-74;64;38;102;SEC_104
2009;140;65-74;62;59;121;SEC_140
2000;403;00-02;9;5;14;SEC_403
2008;530;16-17;7;9;16;SEC_530
1998;234;25-34;69;83;152;SEC_234
2003;411;75 i +;63;50;113;SEC_411
2004;323;35-49;377;358;735;SEC_323
2005;423;25-34;97;117;214;SEC_423
2000;414;16-17;7;13;20;SEC_414
2004;313;65-74;87;79;166;SEC_313
1996;414;50-64;97;106;203;SEC_414
2001;133;65-74;58;39;97;SEC_133
1998;118;00-02;17;22;39;SEC_118
2004;223;75 i +;70;33;103;SEC_223
2015;239;18-24;36;36;72;SEC_239
2004;129;03-11;39;33;72;SEC_129
2011;107;16-17;4;11;15;SEC_107
1996;103;65-74;40;37;77;SEC_103
2006;216;75 i +;73;44;117;SEC_216
1995;420;12-15;18;23;41;SEC_420
2012;523;50-64;87;103;190;SEC_523
2008;112;75 i +;64;35;99;SEC_112
2011;405;18-24;29;21;50;SEC_405
1998;412;25-34;103;125;228;SEC_412
2007;107;00-02;27;36;63;SEC_107
2007;312;65-74;86;86;172;SEC_312
2003;237;75 i +;61;27;88;SEC_237
2012;529;00-02;19;20;39;SEC_529
2016;301;65-74;136;110;246;SEC_301
1998;238;75 i +;57;30;87;SEC_238
2003;233;65-74;45;46;91;SEC_233
1997;324;03-11;35;34;69;SEC_324
2011;422;65-74;51;35;86;SEC_422
2004;526;65-74;30;35;65;SEC_526
2000;217;16-17;6;9;15;SEC_217
2015;430;65-74;30;31;61;SEC_430
1997;528;65-74;66;54;120;SEC_528
2010;526;75 i +;36;21;57;SEC_526
2011;118;18-24;68;59;127;SEC_118
2001;232;00-02;11;8;19;SEC_232
1999;505;12-15;20;16;36;SEC_505
2003;125;35-49;150;144;294;SEC_125
2000;113;75 i +;45;24;69;SEC_113
1994;625;35-49;244;235;479;SEC_625
2012;515;16-17;5;7;12;SEC_515
2003;112;50-64;158;155;313;SEC_112
2002;211;18-24;56;55;111;SEC_211
2001;225;50-64;54;36;90;SEC_225
2014;116;35-49;152;170;322;SEC_116
2016;315;12-15;22;29;51;SEC_315
1996;407;35-49;79;73;152;SEC_407
2002;210;35-49;81;78;159;SEC_210
2002;212;35-49;132;132;264;SEC_212
2012;604;03-11;26;33;59;SEC_604
2011;209;35-49;123;125;248;SEC_209
2004;114;03-11;49;56;105;SEC_114
2006;216;65-74;74;61;135;SEC_216
1994;244;18-24;39;28;67;SEC_244
1994;530;65-74;88;69;157;SEC_530
2003;538;00-02;7;27;34;SEC_538
2004;133;35-49;97;96;193;SEC_133
2013;626;12-15;16;19;35;SEC_626
2013;213;65-74;53;42;95;SEC_213
1997;242;12-15;11;14;25;SEC_242
1994;431;18-24;88;85;173;SEC_431
1999;215;75 i +;61;40;101;SEC_215
1995;244;65-74;47;49;96;SEC_244
2003;319;00-02;25;27;52;SEC_319
2005;619;00-02;21;17;38;SEC_619
1994;618;16-17;15;12;27;SEC_618
2001;624;35-49;95;77;172;SEC_624
2001;314;25-34;183;193;376;SEC_314
2004;116;25-34;133;150;283;SEC_116
2008;203;03-11;33;43;76;SEC_203
1997;115;00-02;16;13;29;SEC_115
1999;626;18-24;69;77;146;SEC_626
2008;114;12-15;20;27;47;SEC_114
1998;411;18-24;68;69;137;SEC_411
1994;211;18-24;51;69;120;SEC_211
2002;631;18-24;55;52;107;SEC_631
2009;616;65-74;79;76;155;SEC_616
2007;311;25-34;105;140;245;SEC_311
2001;311;65-74;89;72;161;SEC_311
2007;245;16-17;13;13;26;SEC_245
2002;302;00-02;12;21;33;SEC_302
2015;113;16-17;13;15;28;SEC_113
1995;604;16-17;14;12;26;SEC_604
1999;416;75 i +;26;16;42;SEC_416
1995;407;75 i +;26;18;44;SEC_407
1994;230;00-02;5;4;9;SEC_230
2012;313;16-17;12;12;24;SEC_313
2006;418;16-17;15;14;29;SEC_418
1999;418;00-02;12;11;23;SEC_418
2016;103;50-64;67;66;133;SEC_103
2007;527;03-11;65;39;104;SEC_527
2012;301;35-49;368;393;761;SEC_301
2005;129;00-02;22;15;37;SEC_129
1996;222;75 i +;31;20;51;SEC_222
2008;211;16-17;9;16;25;SEC_211
2015;501;18-24;27;35;62;SEC_501
2001;213;75 i +;37;26;63;SEC_213
2000;615;16-17;9;1;10;SEC_615
1998;435;00-02;6;13;19;SEC_435
2009;625;65-74;69;55;124;SEC_625
1994;140;16-17;20;18;38;SEC_140
2012;622;25-34;58;51;109;SEC_622
2000;211;25-34;108;122;230;SEC_211
2000;236;03-11;36;26;62;SEC_236
2003;502;03-11;48;48;96;SEC_502
2015;302;75 i +;66;49;115;SEC_302
2015;309;50-64;102;76;178;SEC_309
2009;244;35-49;102;110;212;SEC_244
2010;616;03-11;109;151;260;SEC_616
1997;101;12-15;35;33;68;SEC_101
2006;219;00-02;18;18;36;SEC_219
1999;614;65-74;47;42;89;SEC_614
1996;103;12-15;25;18;43;SEC_103
1994;401;25-34;86;104;190;SEC_401
1994;228;03-11;12;18;30;SEC_228
1994;438;65-74;32;23;55;SEC_438
2008;417;50-64;61;54;115;SEC_417
2008;103;75 i +;42;22;64;SEC_103
2003;127;35-49;103;103;206;SEC_127
2013;117;03-11;63;83;146;SEC_117
2005;617;50-64;98;74;172;SEC_617
2012;227;75 i +;52;37;89;SEC_227
2003;118;75 i +;52;25;77;SEC_118
1998;603;25-34;60;69;129;SEC_603
2004;242;03-11;27;28;55;SEC_242
1999;133;50-64;89;83;172;SEC_133
2000;207;35-49;76;64;140;SEC_207
1995;105;00-02;17;11;28;SEC_105
2006;621;65-74;48;55;103;SEC_621
2002;612;35-49;72;76;148;SEC_612
2012;537;35-49;142;130;272;SEC_537
2005;617;18-24;36;40;76;SEC_617
2005;203;03-11;27;37;64;SEC_203
1995;233;12-15;11;8;19;SEC_233
1995;618;03-11;19;26;45;SEC_618
2000;133;18-24;48;56;104;SEC_133
1996;107;50-64;185;196;381;SEC_107
2000;419;18-24;26;42;68;SEC_419
2003;207;03-11;14;26;40;SEC_207
2005;110;50-64;192;162;354;SEC_110
2001;242;00-02;6;10;16;SEC_242
1995;226;00-02;10;6;16;SEC_226
2015;223;25-34;99;91;190;SEC_223
2004;525;03-11;31;35;66;SEC_525
2005;537;03-11;47;42;89;SEC_537
2009;412;03-11;64;41;105;SEC_412
1994;509;12-15;20;15;35;SEC_509
2000;138;03-11;20;34;54;SEC_138
2001;601;25-34;116;135;251;SEC_601
1994;420;00-02;14;11;25;SEC_420
2000;437;00-02;16;4;20;SEC_437
2008;309;00-02;18;19;37;SEC_309
2003;411;50-64;114;92;206;SEC_411
2008;233;16-17;8;6;14;SEC_233
1997;603;25-34;67;68;135;SEC_603
2003;525;03-11;26;28;54;SEC_525
2000;307;00-02;11;7;18;SEC_307
1999;506;18-24;175;155;330;SEC_506
2014;229;03-11;80;75;155;SEC_229
2003;246;65-74;69;56;125;SEC_246
2000;245;25-34;73;93;166;SEC_245
2016;615;75 i +;53;54;107;SEC_615
2013;533;50-64;132;127;259;SEC_533
2009;324;16-17;10;11;21;SEC_324
2006;611;16-17;14;13;27;SEC_611
2001;522;00-02;5;9;14;SEC_522
1997;106;25-34;145;133;278;SEC_106
1994;519;12-15;5;19;24;SEC_519
2006;434;18-24;28;32;60;SEC_434
2005;211;12-15;26;23;49;SEC_211
1999;425;75 i +;47;23;70;SEC_425
1997;135;65-74;60;54;114;SEC_135
2012;504;00-02;15;15;30;SEC_504
2003;121;18-24;30;20;50;SEC_121
2008;316;25-34;161;180;341;SEC_316
1994;232;25-34;75;75;150;SEC_232
1997;513;03-11;17;22;39;SEC_513
1995;138;18-24;58;58;116;SEC_138
2003;429;03-11;14;20;34;SEC_429
2013;247;50-64;107;103;210;SEC_247
2004;216;25-34;101;123;224;SEC_216
2002;210;50-64;86;73;159;SEC_210
1994;508;18-24;43;38;81;SEC_508
2009;534;65-74;55;54;109;SEC_534
2000;534;75 i +;45;22;67;SEC_534
2010;401;16-17;12;7;19;SEC_401
1999;124;12-15;21;18;39;SEC_124
1997;505;75 i +;43;29;72;SEC_505
1995;518;16-17;19;12;31;SEC_518
2008;404;18-24;68;71;139;SEC_404
2011;227;12-15;16;14;30;SEC_227
1995;515;16-17;6;10;16;SEC_515
2009;218;65-74;37;29;66;SEC_218
2005;402;12-15;10;9;19;SEC_402
2006;632;18-24;37;49;86;SEC_632
1995;508;00-02;6;10;16;SEC_508
2005;609;18-24;36;26;62;SEC_609
1997;401;75 i +;34;13;47;SEC_401
2004;410;50-64;191;164;355;SEC_410
1999;308;16-17;17;13;30;SEC_308
2006;535;25-34;68;87;155;SEC_535
2007;623;18-24;46;50;96;SEC_623
2002;233;00-02;10;12;22;SEC_233
1995;236;35-49;95;84;179;SEC_236
1998;318;35-49;136;136;272;SEC_318
2012;239;18-24;41;44;85;SEC_239
2014;618;12-15;24;31;55;SEC_618
2007;522;16-17;6;6;12;SEC_522
1999;219;75 i +;80;36;116;SEC_219
2005;216;65-74;76;69;145;SEC_216
2016;122;50-64;56;50;106;SEC_122
2011;623;25-34;90;105;195;SEC_623
1995;530;25-34;121;127;248;SEC_530
2007;227;50-64;59;60;119;SEC_227
2014;126;16-17;8;10;18;SEC_126
1997;302;12-15;26;32;58;SEC_302
2006;409;12-15;10;8;18;SEC_409
2009;610;18-24;39;38;77;SEC_610
1995;607;65-74;55;47;102;SEC_607
2007;325;00-02;20;20;40;SEC_325
2012;213;00-02;9;9;18;SEC_213
2000;311;00-02;19;14;33;SEC_311
1994;424;16-17;13;12;25;SEC_424
2005;322;50-64;99;95;194;SEC_322
2002;234;75 i +;70;36;106;SEC_234
2009;304;65-74;71;50;121;SEC_304
1997;524;18-24;79;69;148;SEC_524
1999;226;12-15;22;16;38;SEC_226
1998;128;35-49;97;96;193;SEC_128
1995;429;35-49;77;80;157;SEC_429
2012;424;03-11;23;24;47;SEC_424
2000;231;35-49;97;104;201;SEC_231
1998;244;16-17;7;4;11;SEC_244
2008;603;50-64;63;43;106;SEC_603
2003;519;35-49;54;57;111;SEC_519
2001;104;35-49;75;74;149;SEC_104
1998;610;12-15;19;23;42;SEC_610
1994;534;00-02;6;8;14;SEC_534
2010;439;65-74;60;38;98;SEC_439
1997;112;65-74;55;47;102;SEC_112
2002;511;25-34;64;74;138;SEC_511
1997;530;65-74;104;69;173;SEC_530
2013;221;12-15;33;33;66;SEC_221
2000;247;35-49;118;135;253;SEC_247
2008;324;16-17;5;7;12;SEC_324
2000;205;00-02;11;7;18;SEC_205
1995;104;35-49;81;67;148;SEC_104
2014;316;75 i +;75;40;115;SEC_316
2003;624;65-74;46;43;89;SEC_624
2003;616;25-34;234;272;506;SEC_616
2006;529;75 i +;75;46;121;SEC_529
2014;441;18-24;75;58;133;SEC_441
2010;244;35-49;111;125;236;SEC_244
1997;247;16-17;12;9;21;SEC_247
2012;432;25-34;85;89;174;SEC_432
2003;112;16-17;17;15;32;SEC_112
2014;318;65-74;42;36;78;SEC_318
1994;629;75 i +;21;6;27;SEC_629
2012;426;25-34;89;95;184;SEC_426
2004;532;35-49;139;138;277;SEC_532
2006;118;00-02;29;30;59;SEC_118
1996;612;03-11;37;40;77;SEC_612
2015;436;25-34;101;90;191;SEC_436
1996;111;35-49;118;91;209;SEC_111
2004;607;16-17;7;11;18;SEC_607
1995;316;00-02;14;18;32;SEC_316
2001;306;65-74;97;83;180;SEC_306
1997;425;16-17;11;5;16;SEC_425
2012;617;50-64;83;80;163;SEC_617
2006;249;75 i +;65;51;116;SEC_249
2016;432;35-49;132;144;276;SEC_432
1997;511;00-02;6;9;15;SEC_511
2003;612;00-02;14;16;30;SEC_612
2015;316;16-17;14;13;27;SEC_316
1998;104;18-24;35;38;73;SEC_104
2009;138;75 i +;35;27;62;SEC_138
2008;108;65-74;69;42;111;SEC_108
2006;433;12-15;21;26;47;SEC_433
2002;128;12-15;15;26;41;SEC_128
1999;530;75 i +;64;28;92;SEC_530
1997;323;16-17;52;56;108;SEC_323
2001;207;50-64;59;53;112;SEC_207
1994;528;25-34;90;109;199;SEC_528
2002;624;35-49;84;92;176;SEC_624
1999;231;65-74;80;71;151;SEC_231
1997;415;03-11;19;21;40;SEC_415
2012;428;65-74;14;12;26;SEC_428
1995;437;03-11;29;34;63;SEC_437
2007;623;50-64;203;169;372;SEC_623
2011;125;00-02;24;30;54;SEC_125
1999;522;03-11;22;16;38;SEC_522
2005;226;00-02;9;15;24;SEC_226
1997;303;00-02;12;21;33;SEC_303
2006;206;75 i +;69;40;109;SEC_206
2003;439;75 i +;44;23;67;SEC_439
2011;436;18-24;34;43;77;SEC_436
2012;504;03-11;28;35;63;SEC_504
2001;505;12-15;14;11;25;SEC_505
2007;127;25-34;58;70;128;SEC_127
2004;129;12-15;16;18;34;SEC_129
2000;629;25-34;48;60;108;SEC_629
2001;236;03-11;34;28;62;SEC_236
1996;526;65-74;41;26;67;SEC_526
1994;505;16-17;32;34;66;SEC_505
2000;519;25-34;60;54;114;SEC_519
1995;226;50-64;109;90;199;SEC_226
2004;110;35-49;115;91;206;SEC_110
1999;436;12-15;10;15;25;SEC_436
2014;301;75 i +;144;97;241;SEC_301
1999;411;12-15;12;9;21;SEC_411
2015;327;03-11;47;63;110;SEC_327
1999;237;65-74;86;65;151;SEC_237
2003;617;18-24;41;48;89;SEC_617
1995;248;03-11;36;35;71;SEC_248
1996;108;03-11;49;43;92;SEC_108
2000;615;25-34;93;133;226;SEC_615
1996;325;65-74;122;95;217;SEC_325
2011;531;00-02;12;12;24;SEC_531
2009;130;18-24;29;36;65;SEC_130
2009;535;65-74;72;84;156;SEC_535
2010;101;00-02;36;37;73;SEC_101
2001;246;12-15;7;18;25;SEC_246
2008;518;35-49;146;141;287;SEC_518
2014;136;03-11;62;52;114;SEC_136
2009;208;50-64;183;145;328;SEC_208
2011;429;50-64;69;68;137;SEC_429
2009;322;35-49;157;158;315;SEC_322
2013;531;50-64;81;79;160;SEC_531
2006;531;00-02;13;10;23;SEC_531
2000;427;65-74;77;57;134;SEC_427
2013;601;00-02;25;27;52;SEC_601
2001;306;25-34;117;115;232;SEC_306
2002;317;50-64;68;67;135;SEC_317
2000;301;65-74;111;106;217;SEC_301
1996;429;50-64;68;47;115;SEC_429
2004;501;25-34;95;130;225;SEC_501
2015;602;65-74;92;62;154;SEC_602
2015;226;16-17;11;10;21;SEC_226
2007;246;00-02;15;24;39;SEC_246
1999;536;16-17;5;5;10;SEC_536
2016;303;65-74;113;77;190;SEC_303
2007;428;03-11;31;20;51;SEC_428
2010;312;50-64;152;149;301;SEC_312
2001;218;50-64;71;63;134;SEC_218
1994;604;16-17;17;14;31;SEC_604
2011;235;16-17;10;11;21;SEC_235
2006;232;16-17;8;7;15;SEC_232
1994;529;03-11;25;37;62;SEC_529
1999;226;18-24;57;60;117;SEC_226
2012;202;75 i +;41;30;71;SEC_202
1999;246;35-49;79;97;176;SEC_246
2000;126;12-15;12;13;25;SEC_126
1997;417;65-74;42;36;78;SEC_417
2015;209;65-74;39;29;68;SEC_209
2011;621;65-74;81;100;181;SEC_621
2009;139;50-64;89;87;176;SEC_139
1995;107;12-15;57;54;111;SEC_107
1998;537;50-64;157;130;287;SEC_537
2009;210;18-24;20;20;40;SEC_210
1996;239;25-34;86;89;175;SEC_239
2016;407;16-17;13;8;21;SEC_407
1995;306;50-64;134;112;246;SEC_306
1999;614;75 i +;39;15;54;SEC_614
2016;324;16-17;14;15;29;SEC_324
2016;234;18-24;50;39;89;SEC_234
1996;207;50-64;69;54;123;SEC_207
2008;228;16-17;17;7;24;SEC_228
2010;514;00-02;17;11;28;SEC_514
1994;313;25-34;143;147;290;SEC_313
1999;622;03-11;30;44;74;SEC_622
2016;204;16-17;11;10;21;SEC_204
1996;228;18-24;37;40;77;SEC_228
2013;430;12-15;13;24;37;SEC_430
2011;601;65-74;117;94;211;SEC_601
2014;411;12-15;13;12;25;SEC_411
2012;601;18-24;41;50;91;SEC_601
2007;501;75 i +;28;16;44;SEC_501
1996;237;35-49;107;107;214;SEC_237
2001;113;03-11;41;58;99;SEC_113
1994;525;50-64;100;85;185;SEC_525
1996;108;25-34;92;96;188;SEC_108
2004;324;00-02;21;18;39;SEC_324
2011;126;16-17;6;6;12;SEC_126
2007;124;35-49;94;71;165;SEC_124
2002;231;50-64;90;71;161;SEC_231
2006;432;03-11;39;38;77;SEC_432
2001;432;18-24;69;81;150;SEC_432
1999;607;16-17;9;8;17;SEC_607
2005;406;12-15;25;24;49;SEC_406
2012;321;12-15;46;39;85;SEC_321
2004;211;35-49;173;177;350;SEC_211
2008;409;16-17;5;4;9;SEC_409
1997;426;65-74;55;48;103;SEC_426
2006;124;00-02;10;13;23;SEC_124
2012;242;35-49;117;142;259;SEC_242
2009;210;00-02;8;6;14;SEC_210
1994;631;12-15;36;30;66;SEC_631
2003;318;25-34;64;76;140;SEC_318
2002;117;03-11;78;72;150;SEC_117
2006;407;50-64;77;60;137;SEC_407
2006;533;25-34;106;140;246;SEC_533
2016;136;50-64;113;98;211;SEC_136
2003;230;35-49;82;114;196;SEC_230
2008;115;00-02;15;24;39;SEC_115
2003;530;16-17;10;11;21;SEC_530
2000;416;65-74;53;59;112;SEC_416
2005;607;12-15;15;17;32;SEC_607
2008;533;03-11;50;40;90;SEC_533
1999;412;16-17;25;22;47;SEC_412
2004;502;75 i +;80;46;126;SEC_502
2004;441;25-34;131;162;293;SEC_441
2015;108;18-24;53;46;99;SEC_108
2010;439;18-24;47;60;107;SEC_439
1997;242;16-17;11;4;15;SEC_242
2005;525;35-49;107;104;211;SEC_525
1999;106;16-17;30;31;61;SEC_106
2008;134;65-74;59;41;100;SEC_134
2005;118;25-34;170;186;356;SEC_118
2014;120;16-17;19;21;40;SEC_120
2002;127;18-24;34;34;68;SEC_127
1999;604;75 i +;22;16;38;SEC_604
2004;410;16-17;10;11;21;SEC_410
2016;427;12-15;31;28;59;SEC_427
2008;304;35-49;193;193;386;SEC_304
2001;617;75 i +;25;23;48;SEC_617
2007;308;35-49;250;257;507;SEC_308
2002;526;00-02;6;6;12;SEC_526
2012;321;25-34;164;149;313;SEC_321
2006;245;50-64;79;65;144;SEC_245
2009;413;25-34;55;61;116;SEC_413
1996;521;03-11;38;36;74;SEC_521
2001;124;00-02;4;4;8;SEC_124
2009;127;03-11;29;34;63;SEC_127
1996;217;00-02;4;7;11;SEC_217
2004;317;00-02;18;10;28;SEC_317
2008;320;16-17;5;7;12;SEC_320
1994;324;16-17;10;20;30;SEC_324
2006;127;00-02;9;12;21;SEC_127
2003;417;50-64;59;42;101;SEC_417
2011;529;18-24;52;60;112;SEC_529
2003;210;35-49;79;84;163;SEC_210
1996;235;16-17;12;15;27;SEC_235
2014;616;35-49;284;284;568;SEC_616
2014;234;18-24;37;44;81;SEC_234
2011;101;65-74;56;49;105;SEC_101
1999;117;35-49;252;243;495;SEC_117
2009;602;16-17;1;6;7;SEC_602
2014;625;12-15;20;24;44;SEC_625
1994;408;75 i +;23;19;42;SEC_408
2009;113;35-49;167;179;346;SEC_113
2005;102;12-15;22;26;48;SEC_102
1996;527;25-34;76;90;166;SEC_527
2003;622;16-17;10;11;21;SEC_622
2010;128;00-02;17;25;42;SEC_128
2004;526;18-24;26;33;59;SEC_526
1995;301;18-24;130;128;258;SEC_301
2004;418;35-49;134;155;289;SEC_418
2009;432;50-64;150;140;290;SEC_432
2002;140;16-17;6;8;14;SEC_140
2000;442;16-17;7;5;12;SEC_442
2005;211;35-49;177;200;377;SEC_211
2010;210;03-11;26;27;53;SEC_210
2013;431;35-49;176;239;415;SEC_431
2009;419;50-64;56;51;107;SEC_419
2004;415;18-24;46;34;80;SEC_415
1997;310;03-11;40;44;84;SEC_310
1996;518;00-02;10;13;23;SEC_518
2009;234;18-24;42;39;81;SEC_234
1998;408;16-17;8;12;20;SEC_408
1999;615;25-34;94;128;222;SEC_615
2007;223;50-64;109;88;197;SEC_223
2002;516;00-02;10;13;23;SEC_516
2002;206;00-02;5;6;11;SEC_206
1997;132;75 i +;52;25;77;SEC_132
2013;520;16-17;3;9;12;SEC_520
1997;112;75 i +;59;21;80;SEC_112
2011;103;50-64;63;59;122;SEC_103
2010;525;03-11;42;39;81;SEC_525
2013;137;35-49;185;165;350;SEC_137
2004;418;12-15;19;18;37;SEC_418
2014;315;50-64;184;156;340;SEC_315
2002;611;18-24;68;66;134;SEC_611
2006;429;50-64;57;59;116;SEC_429
1994;517;75 i +;53;30;83;SEC_517
2015;431;16-17;16;15;31;SEC_431
2001;221;35-49;97;117;214;SEC_221
2009;526;75 i +;39;21;60;SEC_526
1995;131;25-34;107;125;232;SEC_131
2002;121;50-64;42;38;80;SEC_121
1997;420;75 i +;62;36;98;SEC_420
2013;233;35-49;131;151;282;SEC_233
2010;236;12-15;20;19;39;SEC_236
1994;106;03-11;110;105;215;SEC_106
2000;140;25-34;83;92;175;SEC_140
2014;528;50-64;104;82;186;SEC_528
2005;538;25-34;111;124;235;SEC_538
1997;527;16-17;6;11;17;SEC_527
2004;203;18-24;38;41;79;SEC_203
2000;139;50-64;85;82;167;SEC_139
2003;419;25-34;84;95;179;SEC_419
2013;409;75 i +;108;81;189;SEC_409
1999;423;35-49;72;82;154;SEC_423
2002;210;16-17;4;6;10;SEC_210
2008;209;12-15;12;12;24;SEC_209
2009;401;35-49;135;130;265;SEC_401
2007;234;35-49;114;131;245;SEC_234
1997;310;35-49;112;115;227;SEC_310
2013;313;75 i +;90;61;151;SEC_313
2007;122;25-34;83;72;155;SEC_122
2009;607;75 i +;56;39;95;SEC_607
2002;604;18-24;38;47;85;SEC_604
2008;223;25-34;108;122;230;SEC_223
1999;248;65-74;75;57;132;SEC_248
2012;502;65-74;84;86;170;SEC_502
2014;523;18-24;42;50;92;SEC_523
2003;122;65-74;48;55;103;SEC_122
2002;223;35-49;112;119;231;SEC_223
1997;201;18-24;35;42;77;SEC_201
1994;237;75 i +;64;34;98;SEC_237
2004;421;35-49;106;126;232;SEC_421
2010;137;65-74;65;71;136;SEC_137
1996;232;25-34;70;71;141;SEC_232
2014;412;65-74;115;82;197;SEC_412
1997;626;18-24;91;111;202;SEC_626
2007;528;25-34;132;152;284;SEC_528
2010;139;16-17;7;7;14;SEC_139
1998;520;18-24;54;63;117;SEC_520
2015;224;50-64;108;85;193;SEC_224
2005;206;12-15;14;19;33;SEC_206
2013;612;03-11;35;39;74;SEC_612
2015;327;00-02;11;20;31;SEC_327
2002;616;65-74;56;55;111;SEC_616
1995;140;03-11;24;23;47;SEC_140
2012;409;65-74;33;28;61;SEC_409
2016;240;03-11;77;55;132;SEC_240
1994;323;16-17;69;74;143;SEC_323
2013;135;75 i +;72;57;129;SEC_135
1997;235;12-15;15;15;30;SEC_235
2002;128;25-34;120;115;235;SEC_128
2011;223;50-64;95;94;189;SEC_223
1998;632;25-34;88;115;203;SEC_632
2000;426;25-34;70;83;153;SEC_426
1997;412;25-34;108;121;229;SEC_412
2008;432;18-24;44;52;96;SEC_432
2001;606;50-64;98;70;168;SEC_606
1999;434;18-24;33;19;52;SEC_434
2013;621;65-74;96;121;217;SEC_621
2014;612;03-11;44;37;81;SEC_612
2001;609;35-49;54;52;106;SEC_609
2004;605;50-64;90;60;150;SEC_605
2013;213;75 i +;50;33;83;SEC_213
2003;403;25-34;70;91;161;SEC_403
2006;603;03-11;27;24;51;SEC_603
2013;216;65-74;78;49;127;SEC_216
2004;501;16-17;10;5;15;SEC_501
2010;241;18-24;46;41;87;SEC_241
1997;309;75 i +;24;9;33;SEC_309
2007;418;50-64;104;84;188;SEC_418
1997;406;00-02;8;15;23;SEC_406
2000;227;25-34;67;65;132;SEC_227
1998;607;25-34;97;112;209;SEC_607
2011;504;18-24;21;31;52;SEC_504
1999;319;00-02;9;14;23;SEC_319
2015;135;12-15;20;25;45;SEC_135
1998;135;35-49;170;169;339;SEC_135
2012;530;65-74;69;56;125;SEC_530
2004;515;12-15;14;16;30;SEC_515
2010;404;25-34;117;105;222;SEC_404
2012;108;00-02;18;16;34;SEC_108
2011;212;65-74;67;47;114;SEC_212
2013;525;18-24;43;40;83;SEC_525
1998;235;65-74;110;91;201;SEC_235
2010;440;75 i +;58;48;106;SEC_440
2011;132;35-49;218;266;484;SEC_132
2003;537;16-17;8;11;19;SEC_537
1997;248;03-11;34;35;69;SEC_248
2001;425;50-64;87;78;165;SEC_425
2008;508;25-34;77;60;137;SEC_508
2002;521;03-11;18;25;43;SEC_521
2014;105;16-17;3;6;9;SEC_105
2002;538;25-34;102;107;209;SEC_538
1999;534;75 i +;42;22;64;SEC_534
2002;240;12-15;9;9;18;SEC_240
1998;303;00-02;14;19;33;SEC_303
1999;135;65-74;64;50;114;SEC_135
1999;421;65-74;83;75;158;SEC_421
2012;513;25-34;53;47;100;SEC_513
2015;213;65-74;51;36;87;SEC_213
2008;101;25-34;164;149;313;SEC_101
2004;511;00-02;12;19;31;SEC_511
2001;238;50-64;59;69;128;SEC_238
1997;134;18-24;68;79;147;SEC_134
1996;434;12-15;12;14;26;SEC_434
2016;616;12-15;39;45;84;SEC_616
2011;632;35-49;101;113;214;SEC_632
1998;416;65-74;60;61;121;SEC_416
1997;425;25-34;85;74;159;SEC_425
2016;131;03-11;48;52;100;SEC_131
2012;312;65-74;125;101;226;SEC_312
2016;249;65-74;51;34;85;SEC_249
2013;114;35-49;174;191;365;SEC_114
1994;106;35-49;308;297;605;SEC_106
2013;318;65-74;35;30;65;SEC_318
1995;301;16-17;36;26;62;SEC_301
2004;201;12-15;10;7;17;SEC_201
2004;228;18-24;32;30;62;SEC_228
2004;516;00-02;8;6;14;SEC_516
2007;140;25-34;93;123;216;SEC_140
2012;121;25-34;74;52;126;SEC_121
2001;212;65-74;80;72;152;SEC_212
2016;305;03-11;62;69;131;SEC_305
1997;630;50-64;83;102;185;SEC_630
2010;232;00-02;9;13;22;SEC_232
2016;123;35-49;161;137;298;SEC_123
2001;105;18-24;80;78;158;SEC_105
2006;221;65-74;70;63;133;SEC_221
2009;523;65-74;82;78;160;SEC_523
1999;609;50-64;143;135;278;SEC_609
2009;424;25-34;65;63;128;SEC_424
2010;215;03-11;35;38;73;SEC_215
1995;249;16-17;11;17;28;SEC_249
1998;526;00-02;4;6;10;SEC_526
1998;602;03-11;17;14;31;SEC_602
1999;311;16-17;11;14;25;SEC_311
1996;124;25-34;51;62;113;SEC_124
2006;623;18-24;46;57;103;SEC_623
2009;136;65-74;62;42;104;SEC_136
2000;101;50-64;97;92;189;SEC_101
1994;436;75 i +;30;11;41;SEC_436
2011;508;35-49;75;91;166;SEC_508
2016;320;35-49;32;42;74;SEC_320
2004;414;18-24;29;44;73;SEC_414
2006;245;16-17;10;6;16;SEC_245
1999;116;25-34;144;143;287;SEC_116
2006;202;75 i +;34;30;64;SEC_202
2014;116;75 i +;80;69;149;SEC_116
2011;213;65-74;45;43;88;SEC_213
1996;231;00-02;8;12;20;SEC_231
2012;133;75 i +;60;34;94;SEC_133
2012;525;65-74;44;32;76;SEC_525
1997;524;25-34;110;107;217;SEC_524
2002;325;50-64;189;179;368;SEC_325
1997;536;75 i +;27;26;53;SEC_536
2002;102;16-17;13;13;26;SEC_102
2002;129;16-17;11;12;23;SEC_129
2014;245;50-64;88;84;172;SEC_245
2000;310;65-74;42;38;80;SEC_310
2010;232;75 i +;73;43;116;SEC_232
2003;224;75 i +;30;12;42;SEC_224
2001;518;03-11;28;29;57;SEC_518
2002;533;75 i +;36;18;54;SEC_533
1995;225;16-17;3;10;13;SEC_225
1998;602;35-49;39;35;74;SEC_602
2013;630;65-74;64;55;119;SEC_630
1994;318;35-49;119;129;248;SEC_318
2013;409;16-17;14;21;35;SEC_409
2001;227;16-17;7;2;9;SEC_227
1994;233;12-15;13;11;24;SEC_233
1999;423;50-64;119;112;231;SEC_423
2016;243;65-74;56;50;106;SEC_243
2005;520;12-15;12;13;25;SEC_520
2004;214;75 i +;30;17;47;SEC_214
2006;435;65-74;58;36;94;SEC_435
1999;502;03-11;49;33;82;SEC_502
1996;106;65-74;48;37;85;SEC_106
1994;313;16-17;42;30;72;SEC_313
2000;230;35-49;52;73;125;SEC_230
2010;607;50-64;73;70;143;SEC_607
1998;629;12-15;10;14;24;SEC_629
1998;225;12-15;10;12;22;SEC_225
2015;112;25-34;99;90;189;SEC_112
2001;131;35-49;157;147;304;SEC_131
2009;247;75 i +;68;48;116;SEC_247
2011;103;65-74;42;27;69;SEC_103
2004;426;65-74;43;37;80;SEC_426
2000;307;50-64;166;166;332;SEC_307
1995;625;18-24;103;105;208;SEC_625
2010;423;00-02;18;19;37;SEC_423
2004;513;18-24;36;21;57;SEC_513
1999;125;50-64;127;142;269;SEC_125
2000;109;12-15;28;13;41;SEC_109
2000;513;35-49;58;62;120;SEC_513
1996;137;03-11;60;65;125;SEC_137
2001;523;25-34;114;118;232;SEC_523
1994;245;65-74;80;55;135;SEC_245
2000;321;12-15;37;54;91;SEC_321
2011;416;03-11;49;42;91;SEC_416
2016;605;18-24;53;43;96;SEC_605
2011;320;25-34;57;70;127;SEC_320
1999;440;75 i +;54;29;83;SEC_440
1998;620;50-64;92;84;176;SEC_620
2001;440;50-64;156;140;296;SEC_440
2012;616;75 i +;63;47;110;SEC_616
2012;139;03-11;35;38;73;SEC_139
2014;112;12-15;32;22;54;SEC_112
2003;528;35-49;129;120;249;SEC_528
1998;407;00-02;10;11;21;SEC_407
2016;224;25-34;117;113;230;SEC_224
1996;626;12-15;20;21;41;SEC_626
1998;243;75 i +;86;45;131;SEC_243
2014;212;00-02;21;18;39;SEC_212
1999;432;50-64;139;145;284;SEC_432
2008;246;50-64;78;73;151;SEC_246
2011;309;35-49;138;147;285;SEC_309
2014;236;35-49;133;120;253;SEC_236
1995;323;50-64;141;155;296;SEC_323
2008;528;50-64;81;80;161;SEC_528
2014;223;50-64;96;92;188;SEC_223
2004;139;00-02;13;17;30;SEC_139
2004;619;18-24;56;69;125;SEC_619
2011;511;03-11;32;31;63;SEC_511
2002;223;18-24;48;62;110;SEC_223
2007;513;00-02;11;15;26;SEC_513
2005;211;50-64;84;74;158;SEC_211
2009;230;50-64;45;40;85;SEC_230
2005;238;00-02;11;16;27;SEC_238
2000;234;65-74;83;49;132;SEC_234
2012;625;25-34;88;92;180;SEC_625
2001;103;75 i +;44;17;61;SEC_103
2015;114;25-34;62;60;122;SEC_114
2016;605;00-02;30;7;37;SEC_605
2010;622;00-02;7;16;23;SEC_622
2013;243;16-17;6;16;22;SEC_243
2000;236;16-17;7;4;11;SEC_236
2010;427;12-15;23;17;40;SEC_427
2010;101;18-24;46;46;92;SEC_101
1994;438;12-15;12;21;33;SEC_438
2011;323;00-02;36;50;86;SEC_323
2015;532;18-24;50;53;103;SEC_532
1994;314;75 i +;42;12;54;SEC_314
2012;303;00-02;22;15;37;SEC_303
2009;134;18-24;54;52;106;SEC_134
2002;503;50-64;89;105;194;SEC_503
2005;209;16-17;6;15;21;SEC_209
2010;503;65-74;40;42;82;SEC_503
2003;410;18-24;84;84;168;SEC_410
2006;107;16-17;9;17;26;SEC_107
1998;108;00-02;15;11;26;SEC_108
2003;425;12-15;18;26;44;SEC_425
2016;124;03-11;42;36;78;SEC_124
2016;322;25-34;97;92;189;SEC_322
2005;401;03-11;53;59;112;SEC_401
2006;605;16-17;3;2;5;SEC_605
2012;203;25-34;89;85;174;SEC_203
2006;501;35-49;103;98;201;SEC_501
1996;305;16-17;24;14;38;SEC_305
2001;124;35-49;102;83;185;SEC_124
2006;629;65-74;39;41;80;SEC_629
1997;214;75 i +;39;17;56;SEC_214
1998;249;75 i +;56;30;86;SEC_249
2004;111;65-74;55;41;96;SEC_111
2013;521;50-64;116;79;195;SEC_521
2003;442;00-02;7;6;13;SEC_442
2001;207;16-17;4;4;8;SEC_207
2001;324;18-24;31;39;70;SEC_324
2008;138;35-49;84;78;162;SEC_138
1998;503;00-02;8;8;16;SEC_503
1999;518;16-17;8;13;21;SEC_518
2009;317;65-74;30;29;59;SEC_317
2013;217;65-74;61;54;115;SEC_217
1995;239;00-02;8;13;21;SEC_239
2013;320;50-64;108;120;228;SEC_320
2005;439;25-34;136;166;302;SEC_439
2004;620;16-17;8;7;15;SEC_620
2015;111;25-34;51;32;83;SEC_111
2006;624;65-74;52;62;114;SEC_624
2007;315;25-34;166;177;343;SEC_315
2003;606;03-11;36;45;81;SEC_606
2010;120;35-49;230;214;444;SEC_120
2005;419;18-24;45;39;84;SEC_419
1994;609;75 i +;27;15;42;SEC_609
2010;522;75 i +;38;26;64;SEC_522
2015;538;25-34;98;89;187;SEC_538
2014;115;18-24;27;52;79;SEC_115
2002;239;65-74;99;66;165;SEC_239
1998;619;03-11;47;47;94;SEC_619
2008;218;65-74;34;29;63;SEC_218
1998;411;50-64;119;114;233;SEC_411
2005;527;35-49;147;153;300;SEC_527
1995;246;18-24;59;51;110;SEC_246
2008;610;75 i +;50;34;84;SEC_610
1998;324;18-24;30;51;81;SEC_324
2000;110;50-64;161;154;315;SEC_110
2001;630;65-74;34;29;63;SEC_630
1999;522;75 i +;29;20;49;SEC_522
2012;116;00-02;16;20;36;SEC_116
2007;302;35-49;123;146;269;SEC_302
2000;230;16-17;5;5;10;SEC_230
2002;435;65-74;91;49;140;SEC_435
2013;621;50-64;171;121;292;SEC_621
2015;534;25-34;68;63;131;SEC_534
2012;113;03-11;59;87;146;SEC_113
2002;416;75 i +;36;20;56;SEC_416
1999;115;65-74;73;51;124;SEC_115
1994;429;03-11;21;29;50;SEC_429
2006;135;00-02;16;22;38;SEC_135
1999;318;16-17;17;11;28;SEC_318
2003;207;00-02;4;5;9;SEC_207
1995;118;65-74;50;31;81;SEC_118
2008;129;16-17;9;9;18;SEC_129
2007;118;75 i +;59;22;81;SEC_118
2005;317;03-11;51;44;95;SEC_317
1999;438;75 i +;30;12;42;SEC_438
2005;408;35-49;102;123;225;SEC_408
2011;243;00-02;19;25;44;SEC_243
1996;118;16-17;39;43;82;SEC_118
2011;312;65-74;121;104;225;SEC_312
2000;112;50-64;141;150;291;SEC_112
2012;230;12-15;21;22;43;SEC_230
1998;123;18-24;70;65;135;SEC_123
2015;432;00-02;20;17;37;SEC_432
2000;314;75 i +;65;34;99;SEC_314
2007;322;25-34;166;151;317;SEC_322
2001;411;65-74;93;74;167;SEC_411
1996;622;65-74;36;26;62;SEC_622
2009;510;75 i +;63;32;95;SEC_510
2012;317;18-24;35;39;74;SEC_317
2016;310;12-15;14;18;32;SEC_310
2015;538;12-15;20;35;55;SEC_538
2002;315;25-34;161;149;310;SEC_315
2004;518;50-64;93;63;156;SEC_518
1996;204;75 i +;27;16;43;SEC_204
2002;438;16-17;8;5;13;SEC_438
2001;413;03-11;26;17;43;SEC_413
1998;524;65-74;75;57;132;SEC_524
2004;407;50-64;79;79;158;SEC_407
2002;116;50-64;188;171;359;SEC_116
2005;435;16-17;21;12;33;SEC_435
2000;321;18-24;163;155;318;SEC_321
2005;611;75 i +;67;36;103;SEC_611
2000;123;12-15;21;12;33;SEC_123
1997;510;50-64;115;117;232;SEC_510
2006;601;03-11;36;39;75;SEC_601
1996;535;75 i +;31;21;52;SEC_535
2011;211;75 i +;96;44;140;SEC_211
2002;429;50-64;50;59;109;SEC_429
2016;310;00-02;15;13;28;SEC_310
2002;502;16-17;14;15;29;SEC_502
2005;115;75 i +;65;37;102;SEC_115
2001;617;00-02;10;6;16;SEC_617
2006;243;65-74;98;72;170;SEC_243
2007;249;35-49;131;145;276;SEC_249
2015;627;75 i +;47;35;82;SEC_627
2009;527;35-49;130;152;282;SEC_527
2011;408;00-02;20;11;31;SEC_408
2001;631;03-11;38;32;70;SEC_631
2002;525;25-34;66;92;158;SEC_525
1995;615;16-17;26;20;46;SEC_615
2008;235;75 i +;88;52;140;SEC_235
2000;135;18-24;83;111;194;SEC_135
2000;245;16-17;2;7;9;SEC_245
2005;439;50-64;70;54;124;SEC_439
2010;427;16-17;10;11;21;SEC_427
2015;209;25-34;76;72;148;SEC_209
1995;238;65-74;61;48;109;SEC_238
2000;505;00-02;7;5;12;SEC_505
2004;247;75 i +;71;33;104;SEC_247
2004;123;18-24;55;47;102;SEC_123
2002;318;75 i +;17;15;32;SEC_318
2007;426;03-11;41;39;80;SEC_426
2003;521;65-74;60;51;111;SEC_521
2006;426;00-02;13;24;37;SEC_426
2003;128;12-15;15;24;39;SEC_128
2000;311;12-15;19;16;35;SEC_311
2006;115;03-11;45;43;88;SEC_115
2002;621;35-49;157;120;277;SEC_621
2010;102;16-17;11;11;22;SEC_102
1995;235;75 i +;62;35;97;SEC_235
1994;430;35-49;69;69;138;SEC_430
2007;248;35-49;166;184;350;SEC_248
2015;321;65-74;157;135;292;SEC_321
1998;111;75 i +;38;25;63;SEC_111
2014;309;75 i +;40;22;62;SEC_309
2006;202;00-02;9;8;17;SEC_202
2012;319;65-74;49;57;106;SEC_319
2005;530;12-15;27;27;54;SEC_530
1996;613;16-17;14;17;31;SEC_613
2001;503;18-24;63;65;128;SEC_503
1997;623;50-64;178;201;379;SEC_623
2009;217;50-64;38;53;91;SEC_217
1995;410;35-49;169;159;328;SEC_410
2011;526;35-49;86;86;172;SEC_526
2011;409;75 i +;32;22;54;SEC_409
2004;315;12-15;26;35;61;SEC_315
2004;503;03-11;23;29;52;SEC_503
2006;527;18-24;62;47;109;SEC_527
1996;622;50-64;68;67;135;SEC_622
1999;506;50-64;209;234;443;SEC_506
2007;313;25-34;191;187;378;SEC_313
2005;230;16-17;8;12;20;SEC_230
2010;506;50-64;237;190;427;SEC_506
2000;222;75 i +;33;20;53;SEC_222
2001;110;03-11;32;46;78;SEC_110
2009;228;16-17;19;7;26;SEC_228
2000;622;25-34;89;104;193;SEC_622
2007;609;12-15;11;14;25;SEC_609
2016;401;75 i +;99;52;151;SEC_401
2015;101;65-74;68;66;134;SEC_101
2012;203;16-17;3;5;8;SEC_203
1996;227;75 i +;41;18;59;SEC_227
2008;108;75 i +;105;76;181;SEC_108
2011;201;25-34;127;108;235;SEC_201
2001;442;25-34;54;51;105;SEC_442
2004;239;65-74;87;64;151;SEC_239
2010;118;18-24;73;53;126;SEC_118
2001;438;25-34;92;94;186;SEC_438
2006;139;12-15;13;15;28;SEC_139
2004;507;50-64;86;90;176;SEC_507
2005;136;65-74;59;41;100;SEC_136
2004;502;50-64;149;153;302;SEC_502
2003;512;18-24;22;40;62;SEC_512
1994;111;50-64;106;101;207;SEC_111
2000;322;50-64;93;90;183;SEC_322
2001;515;35-49;50;52;102;SEC_515
2013;117;16-17;15;12;27;SEC_117
1998;630;16-17;26;20;46;SEC_630
2011;509;12-15;17;22;39;SEC_509
2008;248;25-34;118;126;244;SEC_248
1997;101;50-64;82;80;162;SEC_101
2016;121;16-17;5;11;16;SEC_121
2010;236;50-64;92;71;163;SEC_236
2005;232;65-74;64;51;115;SEC_232
2013;123;25-34;81;74;155;SEC_123
2014;406;16-17;12;10;22;SEC_406
2008;525;75 i +;59;38;97;SEC_525
2002;107;25-34;162;199;361;SEC_107
1997;320;16-17;5;4;9;SEC_320
1995;228;00-02;9;5;14;SEC_228
2014;120;25-34;88;97;185;SEC_120
1995;618;12-15;13;15;28;SEC_618
2011;421;35-49;147;172;319;SEC_421
2014;226;75 i +;119;75;194;SEC_226
1995;625;03-11;82;80;162;SEC_625
2016;138;00-02;7;7;14;SEC_138
1995;206;65-74;58;45;103;SEC_206
1996;210;18-24;52;60;112;SEC_210
1997;246;12-15;20;14;34;SEC_246
2012;249;18-24;50;46;96;SEC_249
1996;512;35-49;63;61;124;SEC_512
1994;249;50-64;125;106;231;SEC_249
2013;316;12-15;25;27;52;SEC_316
2014;608;35-49;134;188;322;SEC_608
2001;627;12-15;18;31;49;SEC_627
2002;128;03-11;20;35;55;SEC_128
2014;510;16-17;6;7;13;SEC_510
2013;120;35-49;217;209;426;SEC_120
2016;221;12-15;41;36;77;SEC_221
2013;412;25-34;101;117;218;SEC_412
2006;233;16-17;6;11;17;SEC_233
2002;220;00-02;8;9;17;SEC_220
2013;121;16-17;13;7;20;SEC_121
1999;237;25-34;106;135;241;SEC_237
1999;429;16-17;7;9;16;SEC_429
2010;624;18-24;40;32;72;SEC_624
2014;534;16-17;7;8;15;SEC_534
1996;629;00-02;3;9;12;SEC_629
2004;306;03-11;66;55;121;SEC_306
1995;420;00-02;17;11;28;SEC_420
2000;309;03-11;22;34;56;SEC_309
2006;404;35-49;145;170;315;SEC_404
1997;113;12-15;44;46;90;SEC_113
2012;239;75 i +;102;56;158;SEC_239
2001;223;18-24;44;43;87;SEC_223
2009;528;12-15;30;25;55;SEC_528
2014;311;18-24;32;51;83;SEC_311
2007;630;03-11;28;37;65;SEC_630
1999;218;16-17;7;6;13;SEC_218
2010;226;25-34;113;120;233;SEC_226
2001;117;12-15;38;37;75;SEC_117
2015;239;75 i +;94;50;144;SEC_239
2011;214;00-02;15;11;26;SEC_214
2005;510;03-11;39;42;81;SEC_510
1995;125;12-15;26;38;64;SEC_125
2004;323;25-34;288;308;596;SEC_323
2006;106;03-11;68;55;123;SEC_106
2006;429;25-34;55;64;119;SEC_429
1998;134;65-74;45;36;81;SEC_134
1998;114;35-49;172;171;343;SEC_114
2008;403;65-74;84;86;170;SEC_403
2013;513;18-24;47;60;107;SEC_513
2000;106;16-17;36;33;69;SEC_106
2014;120;03-11;52;81;133;SEC_120
1996;519;18-24;31;35;66;SEC_519
2007;532;50-64;122;84;206;SEC_532
2012;606;12-15;18;25;43;SEC_606
1996;503;75 i +;17;9;26;SEC_503
2004;629;16-17;11;2;13;SEC_629
2009;244;50-64;56;44;100;SEC_244
2005;223;65-74;64;61;125;SEC_223
2007;139;35-49;108;123;231;SEC_139
2003;615;03-11;22;22;44;SEC_615
2001;205;65-74;65;54;119;SEC_205
1996;114;50-64;201;203;404;SEC_114
2014;402;00-02;8;16;24;SEC_402
1998;325;25-34;170;163;333;SEC_325
2016;507;16-17;5;13;18;SEC_507
1996;118;75 i +;21;16;37;SEC_118
1995;325;65-74;110;95;205;SEC_325
1996;439;35-49;47;59;106;SEC_439
1994;103;25-34;59;69;128;SEC_103
2002;110;75 i +;48;27;75;SEC_110
2002;502;75 i +;71;45;116;SEC_502
1995;519;03-11;21;25;46;SEC_519
2014;217;18-24;70;52;122;SEC_217
2002;234;00-02;11;6;17;SEC_234
2009;230;18-24;48;50;98;SEC_230
2006;534;35-49;124;96;220;SEC_534
2003;602;18-24;26;20;46;SEC_602
2006;515;75 i +;24;13;37;SEC_515
2012;522;25-34;87;81;168;SEC_522
2013;223;65-74;64;44;108;SEC_223
2006;630;18-24;42;38;80;SEC_630
1995;411;50-64;122;118;240;SEC_411
2016;208;75 i +;221;114;335;SEC_208
2012;631;18-24;40;26;66;SEC_631
1999;118;16-17;32;24;56;SEC_118
2013;107;00-02;16;26;42;SEC_107
2009;103;65-74;42;36;78;SEC_103
2001;527;18-24;47;47;94;SEC_527
2003;406;75 i +;44;39;83;SEC_406
2010;242;12-15;20;15;35;SEC_242
2013;325;50-64;184;141;325;SEC_325
2003;629;03-11;17;23;40;SEC_629
2016;325;00-02;14;22;36;SEC_325
2010;424;03-11;19;34;53;SEC_424
1994;623;50-64;146;164;310;SEC_623
2010;624;25-34;69;97;166;SEC_624
2014;325;35-49;190;193;383;SEC_325
2000;437;75 i +;25;15;40;SEC_437
2009;221;75 i +;62;49;111;SEC_221
2000;532;12-15;23;16;39;SEC_532
2008;419;12-15;20;22;42;SEC_419
2013;501;12-15;23;18;41;SEC_501
2008;515;03-11;23;25;48;SEC_515
2001;310;00-02;16;11;27;SEC_310
2009;441;75 i +;94;59;153;SEC_441
2000;436;16-17;4;8;12;SEC_436
2005;516;75 i +;24;15;39;SEC_516
2001;108;18-24;41;52;93;SEC_108
2014;517;03-11;118;96;214;SEC_517
2004;230;50-64;51;45;96;SEC_230
2001;614;03-11;30;35;65;SEC_614
2007;315;16-17;13;21;34;SEC_315
2000;510;65-74;61;50;111;SEC_510
2013;520;12-15;16;16;32;SEC_520
1995;516;35-49;46;57;103;SEC_516
2002;249;16-17;7;6;13;SEC_249
1999;506;25-34;144;158;302;SEC_506
2006;405;12-15;9;8;17;SEC_405
1998;607;00-02;5;11;16;SEC_607
2009;324;65-74;30;35;65;SEC_324
2000;412;65-74;94;92;186;SEC_412
2007;310;75 i +;36;27;63;SEC_310
2007;224;35-49;73;89;162;SEC_224
2005;405;75 i +;51;38;89;SEC_405
1997;107;35-49;185;181;366;SEC_107
2007;320;16-17;7;5;12;SEC_320
2002;418;25-34;108;140;248;SEC_418
2015;325;12-15;26;39;65;SEC_325
2016;505;50-64;86;82;168;SEC_505
2007;123;65-74;57;61;118;SEC_123
2003;429;16-17;4;8;12;SEC_429
2004;622;65-74;37;23;60;SEC_622
2016;435;00-02;26;14;40;SEC_435
2004;510;00-02;12;5;17;SEC_510
2000;312;25-34;170;198;368;SEC_312
1999;628;00-02;5;10;15;SEC_628
2016;303;50-64;118;129;247;SEC_303
2009;516;18-24;37;41;78;SEC_516
1995;117;25-34;131;132;263;SEC_117
1998;101;18-24;64;64;128;SEC_101
2002;116;65-74;63;60;123;SEC_116
2007;504;18-24;31;48;79;SEC_504
2008;229;25-34;93;79;172;SEC_229
2008;606;35-49;129;146;275;SEC_606
2012;226;25-34;96;107;203;SEC_226
2008;619;12-15;12;22;34;SEC_619
2012;223;00-02;22;15;37;SEC_223
1998;621;16-17;22;33;55;SEC_621
2010;603;75 i +;22;24;46;SEC_603
2003;408;16-17;10;6;16;SEC_408
1994;514;50-64;94;78;172;SEC_514
2013;240;25-34;129;133;262;SEC_240
1997;210;50-64;104;82;186;SEC_210
1998;216;75 i +;50;30;80;SEC_216
2000;213;75 i +;31;24;55;SEC_213
2014;239;16-17;12;9;21;SEC_239
2005;502;16-17;16;15;31;SEC_502
1996;311;12-15;15;29;44;SEC_311
2001;614;00-02;13;5;18;SEC_614
1995;320;65-74;45;23;68;SEC_320
2003;233;00-02;12;6;18;SEC_233
2001;608;65-74;64;62;126;SEC_608
1995;315;00-02;13;12;25;SEC_315
2006;627;16-17;7;14;21;SEC_627
2003;413;25-34;55;62;117;SEC_413
1995;119;50-64;126;151;277;SEC_119
2003;526;18-24;29;39;68;SEC_526
1996;124;03-11;40;35;75;SEC_124
1994;105;25-34;94;77;171;SEC_105
2007;424;75 i +;19;23;42;SEC_424
2010;321;00-02;17;19;36;SEC_321
2008;604;03-11;24;38;62;SEC_604
2012;210;50-64;70;80;150;SEC_210
2014;606;65-74;62;40;102;SEC_606
2015;102;16-17;12;13;25;SEC_102
1995;524;35-49;95;97;192;SEC_524
2000;510;18-24;47;51;98;SEC_510
1997;508;65-74;39;34;73;SEC_508
1997;303;18-24;112;125;237;SEC_303
2010;117;35-49;210;219;429;SEC_117
1995;234;03-11;25;30;55;SEC_234
1995;202;75 i +;31;20;51;SEC_202
2005;203;25-34;90;107;197;SEC_203
2008;231;25-34;110;129;239;SEC_231
2011;611;50-64;110;103;213;SEC_611
2010;503;03-11;28;23;51;SEC_503
2012;604;12-15;13;12;25;SEC_604
1999;410;75 i +;67;46;113;SEC_410
2003;138;75 i +;26;14;40;SEC_138
1996;113;65-74;40;31;71;SEC_113
2015;118;12-15;31;17;48;SEC_118
1997;514;18-24;35;36;71;SEC_514
2015;101;16-17;19;15;34;SEC_101
2000;528;16-17;6;6;12;SEC_528
2015;210;35-49;103;88;191;SEC_210
2003;246;75 i +;71;39;110;SEC_246
1998;410;00-02;14;17;31;SEC_410
2005;432;03-11;26;35;61;SEC_432
1995;404;03-11;52;43;95;SEC_404
2001;425;12-15;14;12;26;SEC_425
2007;418;18-24;51;70;121;SEC_418
2016;123;12-15;23;22;45;SEC_123
2013;240;03-11;82;65;147;SEC_240
2007;117;25-34;135;177;312;SEC_117
2004;406;00-02;14;20;34;SEC_406
2001;417;75 i +;31;17;48;SEC_417
2000;221;25-34;100;73;173;SEC_221
1997;113;75 i +;34;17;51;SEC_113
2010;401;25-34;96;97;193;SEC_401
1995;204;35-49;48;41;89;SEC_204
2015;113;12-15;15;29;44;SEC_113
1997;414;00-02;6;8;14;SEC_414
2011;534;16-17;4;4;8;SEC_534
1997;623;03-11;48;58;106;SEC_623
2003;536;16-17;8;8;16;SEC_536
2013;508;75 i +;74;45;119;SEC_508
2004;325;00-02;24;26;50;SEC_325
1999;616;50-64;175;183;358;SEC_616
2002;435;35-49;75;112;187;SEC_435
1998;246;50-64;87;74;161;SEC_246
2008;109;65-74;45;47;92;SEC_109
1998;113;75 i +;37;21;58;SEC_113
2002;441;75 i +;77;58;135;SEC_441
2008;614;65-74;65;69;134;SEC_614
2000;323;50-64;220;267;487;SEC_323
2016;632;25-34;47;52;99;SEC_632
2014;401;16-17;12;18;30;SEC_401
2011;125;25-34;120;139;259;SEC_125
2011;310;50-64;90;94;184;SEC_310
2002;319;50-64;96;97;193;SEC_319
1994;312;65-74;37;30;67;SEC_312
2000;120;12-15;40;45;85;SEC_120
2013;626;00-02;9;12;21;SEC_626
2001;307;18-24;105;93;198;SEC_307
2011;407;65-74;52;34;86;SEC_407
2007;528;03-11;65;51;116;SEC_528
2015;605;65-74;153;102;255;SEC_605
1998;321;50-64;200;227;427;SEC_321
2016;406;35-49;162;155;317;SEC_406
2011;430;03-11;48;52;100;SEC_430
1996;502;50-64;154;159;313;SEC_502
2004;140;25-34;112;112;224;SEC_140
2016;101;35-49;389;381;770;SEC_101
2002;129;35-49;102;109;211;SEC_129
1997;118;50-64;115;153;268;SEC_118
1994;313;75 i +;49;22;71;SEC_313
2001;522;25-34;63;73;136;SEC_522
1994;212;16-17;19;23;42;SEC_212
2010;506;35-49;182;179;361;SEC_506
1997;313;25-34;150;149;299;SEC_313
1994;614;16-17;18;17;35;SEC_614
2013;114;12-15;26;25;51;SEC_114
2013;205;75 i +;86;53;139;SEC_205
2009;126;65-74;67;85;152;SEC_126
2010;514;18-24;41;27;68;SEC_514
2011;323;18-24;105;92;197;SEC_323
2005;246;03-11;37;36;73;SEC_246
2000;630;16-17;13;11;24;SEC_630
1995;608;00-02;14;7;21;SEC_608
2010;511;18-24;22;28;50;SEC_511
2011;226;75 i +;85;49;134;SEC_226
2013;533;35-49;245;273;518;SEC_533
2002;241;65-74;55;46;101;SEC_241
2007;528;18-24;65;55;120;SEC_528
2012;617;03-11;33;42;75;SEC_617
2014;613;75 i +;80;50;130;SEC_613
2003;125;65-74;53;57;110;SEC_125
2006;613;25-34;114;120;234;SEC_613
2013;421;12-15;22;15;37;SEC_421
1998;323;50-64;177;207;384;SEC_323
2011;112;00-02;15;14;29;SEC_112
2011;419;12-15;20;24;44;SEC_419
2003;513;18-24;41;20;61;SEC_513
1997;426;18-24;50;64;114;SEC_426
2001;306;50-64;145;122;267;SEC_306
2009;535;00-02;8;11;19;SEC_535
2000;528;65-74;63;59;122;SEC_528
2007;108;65-74;64;42;106;SEC_108
2007;515;18-24;37;43;80;SEC_515
1995;631;00-02;9;8;17;SEC_631
2000;538;50-64;121;96;217;SEC_538
2001;426;65-74;59;45;104;SEC_426
2009;320;12-15;11;13;24;SEC_320
1995;512;16-17;9;6;15;SEC_512
1997;535;25-34;43;81;124;SEC_535
2005;319;75 i +;38;22;60;SEC_319
2012;433;35-49;140;168;308;SEC_433
1999;619;12-15;21;35;56;SEC_619
2007;504;75 i +;68;52;120;SEC_504
2008;404;75 i +;79;39;118;SEC_404
1996;421;65-74;60;60;120;SEC_421
1996;512;16-17;5;10;15;SEC_512
1996;631;12-15;24;26;50;SEC_631
1997;210;18-24;48;50;98;SEC_210
2002;510;75 i +;55;27;82;SEC_510
2016;530;25-34;139;120;259;SEC_530
2012;406;65-74;73;61;134;SEC_406
2010;609;12-15;18;19;37;SEC_609
2015;517;16-17;23;27;50;SEC_517
2015;303;18-24;37;38;75;SEC_303
2001;417;16-17;5;5;10;SEC_417
1998;404;12-15;21;20;41;SEC_404
2008;620;18-24;24;26;50;SEC_620
1996;241;50-64;73;64;137;SEC_241
2002;231;35-49;113;123;236;SEC_231
2002;535;50-64;139;135;274;SEC_535
2011;201;16-17;7;7;14;SEC_201
2008;315;75 i +;67;26;93;SEC_315
2009;501;00-02;11;12;23;SEC_501
2010;103;50-64;63;59;122;SEC_103
1994;117;65-74;63;46;109;SEC_117
1998;301;00-02;18;23;41;SEC_301
2004;601;75 i +;67;35;102;SEC_601
2003;320;16-17;9;13;22;SEC_320
2009;611;50-64;120;86;206;SEC_611
2001;129;00-02;8;13;21;SEC_129
2008;103;65-74;44;41;85;SEC_103
2000;130;16-17;4;5;9;SEC_130
1995;217;35-49;48;57;105;SEC_217
2007;310;12-15;13;12;25;SEC_310
2012;229;16-17;13;13;26;SEC_229
2015;120;65-74;88;80;168;SEC_120
2010;631;12-15;15;12;27;SEC_631
1999;626;75 i +;25;17;42;SEC_626
2003;210;25-34;72;74;146;SEC_210
2010;324;65-74;38;34;72;SEC_324
2007;605;18-24;22;16;38;SEC_605
2016;115;75 i +;70;37;107;SEC_115
2002;425;12-15;17;15;32;SEC_425
2002;316;65-74;44;41;85;SEC_316
2004;315;03-11;44;58;102;SEC_315
2003;304;18-24;46;45;91;SEC_304
1995;435;16-17;13;12;25;SEC_435
1995;130;03-11;30;26;56;SEC_130
1994;247;18-24;67;62;129;SEC_247
2012;105;75 i +;67;38;105;SEC_105
2008;530;12-15;19;18;37;SEC_530
2005;314;16-17;16;32;48;SEC_314
2002;109;75 i +;53;31;84;SEC_109
2002;534;65-74;61;61;122;SEC_534
1998;620;16-17;14;11;25;SEC_620
2001;224;18-24;28;23;51;SEC_224
2008;508;50-64;36;41;77;SEC_508
2002;534;75 i +;53;20;73;SEC_534
1996;213;18-24;58;64;122;SEC_213
2016;503;25-34;28;49;77;SEC_503
2007;240;00-02;10;7;17;SEC_240
2001;431;25-34;134;121;255;SEC_431
2002;318;65-74;23;24;47;SEC_318
2001;615;12-15;8;13;21;SEC_615
1999;134;25-34;106;99;205;SEC_134
2004;240;03-11;25;34;59;SEC_240
2004;413;65-74;40;32;72;SEC_413
2009;441;03-11;63;76;139;SEC_441
2004;304;25-34;128;132;260;SEC_304
2000;132;25-34;161;174;335;SEC_132
1996;231;18-24;58;57;115;SEC_231
2009;612;65-74;92;88;180;SEC_612
2005;516;35-49;86;109;195;SEC_516
2014;421;25-34;76;78;154;SEC_421
2005;615;18-24;25;22;47;SEC_615
2004;628;25-34;86;109;195;SEC_628
2012;215;25-34;102;91;193;SEC_215
2012;201;12-15;13;18;31;SEC_201
2009;249;35-49;146;150;296;SEC_249
1998;105;18-24;87;74;161;SEC_105
2004;310;65-74;37;28;65;SEC_310
1996;302;00-02;15;21;36;SEC_302
2008;139;16-17;7;5;12;SEC_139
1995;531;16-17;9;13;22;SEC_531
2002;407;12-15;9;24;33;SEC_407
1996;606;03-11;50;48;98;SEC_606
2015;210;50-64;79;79;158;SEC_210
1998;419;16-17;4;9;13;SEC_419
2005;135;25-34;133;152;285;SEC_135
2013;106;25-34;130;137;267;SEC_106
2009;506;50-64;237;204;441;SEC_506
1996;306;03-11;51;73;124;SEC_306
2010;210;65-74;56;46;102;SEC_210
1994;228;35-49;46;49;95;SEC_228
2000;516;25-34;68;62;130;SEC_516
2000;538;25-34;97;109;206;SEC_538
1994;425;50-64;100;96;196;SEC_425
2002;230;00-02;14;10;24;SEC_230
2000;214;16-17;2;7;9;SEC_214
2004;319;03-11;57;73;130;SEC_319
2010;617;16-17;3;8;11;SEC_617
2016;103;03-11;31;33;64;SEC_103
2011;421;25-34;100;103;203;SEC_421
2014;430;00-02;18;13;31;SEC_430
2000;130;35-49;78;95;173;SEC_130
2013;246;12-15;17;21;38;SEC_246
2000;529;65-74;88;87;175;SEC_529
2008;531;00-02;16;23;39;SEC_531
2009;522;03-11;36;49;85;SEC_522
1998;613;00-02;12;10;22;SEC_613
2011;221;18-24;52;39;91;SEC_221
2003;221;50-64;89;82;171;SEC_221
2007;537;50-64;136;95;231;SEC_537
2007;501;65-74;39;33;72;SEC_501
2014;104;25-34;49;49;98;SEC_104
2006;125;16-17;15;13;28;SEC_125
2008;304;00-02;29;36;65;SEC_304
2015;403;75 i +;95;82;177;SEC_403
2016;419;50-64;150;154;304;SEC_419
1999;125;25-34;92;84;176;SEC_125
2006;310;00-02;14;18;32;SEC_310
1998;424;18-24;35;54;89;SEC_424
1997;614;75 i +;37;15;52;SEC_614
2009;207;25-34;77;81;158;SEC_207
2005;247;18-24;54;55;109;SEC_247
1996;608;00-02;14;11;25;SEC_608
2011;225;65-74;31;18;49;SEC_225
2009;232;25-34;103;92;195;SEC_232
2009;510;35-49;111;137;248;SEC_510
2005;243;12-15;30;35;65;SEC_243
2013;617;03-11;34;46;80;SEC_617
2005;506;75 i +;72;42;114;SEC_506
2009;414;50-64;70;51;121;SEC_414
2005;416;35-49;84;90;174;SEC_416
2000;235;50-64;142;112;254;SEC_235
1996;520;18-24;71;64;135;SEC_520
2005;113;35-49;168;158;326;SEC_113
2008;311;03-11;61;66;127;SEC_311
2013;304;75 i +;108;59;167;SEC_304
2016;506;18-24;49;62;111;SEC_506
2012;442;18-24;16;26;42;SEC_442
2004;526;25-34;75;105;180;SEC_526
2005;129;65-74;48;59;107;SEC_129
1995;307;03-11;61;77;138;SEC_307
2009;424;00-02;11;12;23;SEC_424
2007;106;00-02;27;22;49;SEC_106
2004;227;18-24;22;28;50;SEC_227
2013;140;00-02;13;18;31;SEC_140
2009;517;03-11;57;71;128;SEC_517
2015;212;12-15;23;23;46;SEC_212
2004;622;16-17;10;9;19;SEC_622
2013;207;75 i +;124;54;178;SEC_207
1997;140;65-74;59;59;118;SEC_140
1996;538;00-02;5;11;16;SEC_538
2013;508;12-15;26;23;49;SEC_508
1998;401;25-34;84;90;174;SEC_401
2010;313;16-17;16;9;25;SEC_313
1996;623;18-24;140;164;304;SEC_623
2006;121;00-02;9;13;22;SEC_121
2014;405;35-49;230;221;451;SEC_405
2016;320;00-02;14;21;35;SEC_320
2004;234;00-02;13;14;27;SEC_234
2000;622;35-49;97;89;186;SEC_622
2008;114;25-34;139;135;274;SEC_114
2008;325;75 i +;172;99;271;SEC_325
2014;127;65-74;35;23;58;SEC_127
1995;203;75 i +;45;22;67;SEC_203
2000;219;25-34;103;89;192;SEC_219
2012;601;03-11;45;68;113;SEC_601
2016;524;03-11;54;66;120;SEC_524
1994;413;16-17;4;8;12;SEC_413
2009;114;75 i +;74;44;118;SEC_114
2009;323;25-34;238;280;518;SEC_323
2001;224;35-49;62;60;122;SEC_224
2000;240;25-34;60;65;125;SEC_240
2004;307;75 i +;82;47;129;SEC_307
2007;436;50-64;56;53;109;SEC_436
2001;137;00-02;18;18;36;SEC_137
2001;139;03-11;33;31;64;SEC_139
2010;245;35-49;146;158;304;SEC_245
1995;415;16-17;6;10;16;SEC_415
1997;618;12-15;9;14;23;SEC_618
2013;615;75 i +;47;44;91;SEC_615
2004;427;50-64;76;58;134;SEC_427
2000;611;25-34;184;201;385;SEC_611
2006;224;65-74;30;17;47;SEC_224
1997;534;65-74;54;47;101;SEC_534
2000;624;50-64;159;179;338;SEC_624
1998;227;25-34;58;55;113;SEC_227
2010;626;00-02;6;10;16;SEC_626
1995;324;50-64;70;73;143;SEC_324
1998;601;00-02;12;12;24;SEC_601
2002;240;75 i +;47;24;71;SEC_240
2012;617;35-49;110;130;240;SEC_617
2001;205;00-02;8;6;14;SEC_205
2000;538;18-24;50;49;99;SEC_538
2010;603;25-34;42;57;99;SEC_603
2010;416;35-49;95;91;186;SEC_416
1999;218;18-24;34;39;73;SEC_218
2009;137;50-64;169;131;300;SEC_137
1996;201;75 i +;33;11;44;SEC_201
1998;420;03-11;39;40;79;SEC_420
2009;125;50-64;173;147;320;SEC_125
2013;233;03-11;33;36;69;SEC_233
2005;523;25-34;130;142;272;SEC_523
2003;206;50-64;65;65;130;SEC_206
2005;534;75 i +;59;30;89;SEC_534
1996;239;35-49;90;78;168;SEC_239
2005;310;25-34;105;120;225;SEC_310
2009;135;00-02;24;18;42;SEC_135
1999;311;65-74;86;74;160;SEC_311
1999;628;18-24;77;97;174;SEC_628
2001;136;18-24;64;68;132;SEC_136
1997;103;00-02;9;9;18;SEC_103
2012;241;18-24;49;39;88;SEC_241
2014;139;50-64;94;84;178;SEC_139
2008;209;35-49;126;128;254;SEC_209
1998;404;16-17;17;18;35;SEC_404
2014;621;18-24;52;41;93;SEC_621
1998;603;75 i +;12;14;26;SEC_603
2008;438;25-34;79;94;173;SEC_438
2005;312;12-15;26;25;51;SEC_312
2015;311;35-49;169;215;384;SEC_311
2002;223;12-15;15;14;29;SEC_223
2010;514;75 i +;43;29;72;SEC_514
2000;237;25-34;106;147;253;SEC_237
2007;216;75 i +;68;49;117;SEC_216
2002;135;16-17;12;17;29;SEC_135
2009;316;35-49;175;133;308;SEC_316
2002;433;03-11;37;47;84;SEC_433
2000;117;16-17;32;27;59;SEC_117
2014;529;65-74;55;41;96;SEC_529
1998;534;03-11;32;25;57;SEC_534
2005;306;18-24;77;70;147;SEC_306
1996;136;75 i +;43;23;66;SEC_136
2004;623;12-15;14;20;34;SEC_623
2003;312;50-64;199;146;345;SEC_312
2009;305;35-49;193;186;379;SEC_305
1996;609;75 i +;31;14;45;SEC_609
2015;614;12-15;17;8;25;SEC_614
1994;126;65-74;50;41;91;SEC_126
2014;630;12-15;13;11;24;SEC_630
2011;515;00-02;4;13;17;SEC_515
2006;209;16-17;11;12;23;SEC_209
2012;511;18-24;29;37;66;SEC_511
1995;113;65-74;43;34;77;SEC_113
2006;206;18-24;42;41;83;SEC_206
2016;611;75 i +;101;91;192;SEC_611
1995;516;16-17;6;10;16;SEC_516
2008;615;65-74;72;80;152;SEC_615
2008;311;00-02;14;30;44;SEC_311
2012;137;12-15;34;25;59;SEC_137
1997;240;35-49;53;52;105;SEC_240
1994;424;00-02;4;4;8;SEC_424
1997;522;65-74;39;38;77;SEC_522
2013;609;65-74;80;76;156;SEC_609
1997;622;03-11;42;41;83;SEC_622
1994;229;75 i +;40;15;55;SEC_229
2006;627;00-02;10;8;18;SEC_627
2010;322;12-15;29;30;59;SEC_322
2015;232;35-49;136;140;276;SEC_232
2004;430;18-24;51;42;93;SEC_430
1997;314;75 i +;61;26;87;SEC_314
2001;112;25-34;136;119;255;SEC_112
1999;526;35-49;55;62;117;SEC_526
2001;122;75 i +;44;23;67;SEC_122
2011;113;00-02;30;41;71;SEC_113
2008;628;50-64;124;93;217;SEC_628
2004;241;03-11;29;28;57;SEC_241
2014;122;18-24;27;17;44;SEC_122
2000;515;00-02;6;4;10;SEC_515
2009;221;65-74;60;53;113;SEC_221
2013;521;12-15;15;16;31;SEC_521
2002;425;16-17;9;6;15;SEC_425
2001;216;00-02;15;10;25;SEC_216
2004;249;35-49;124;134;258;SEC_249
2016;135;16-17;16;11;27;SEC_135
1994;315;12-15;41;56;97;SEC_315
2016;532;18-24;44;44;88;SEC_532
2008;136;00-02;21;20;41;SEC_136
2007;619;16-17;6;11;17;SEC_619
2013;621;75 i +;46;32;78;SEC_621
2013;625;35-49;122;126;248;SEC_625
1998;604;75 i +;21;15;36;SEC_604
1998;513;18-24;37;44;81;SEC_513
2010;304;03-11;105;104;209;SEC_304
2009;313;00-02;20;34;54;SEC_313
2004;507;16-17;12;7;19;SEC_507
2007;324;50-64;72;71;143;SEC_324
2000;515;35-49;50;43;93;SEC_515
2011;245;25-34;89;99;188;SEC_245
2008;226;18-24;60;43;103;SEC_226
2008;631;00-02;14;15;29;SEC_631
2013;533;16-17;17;13;30;SEC_533
2013;309;03-11;58;61;119;SEC_309
2010;325;16-17;16;15;31;SEC_325
2001;534;65-74;55;62;117;SEC_534
1997;128;12-15;20;22;42;SEC_128
2000;625;65-74;38;36;74;SEC_625
1996;120;03-11;82;91;173;SEC_120
2004;206;25-34;79;104;183;SEC_206
1999;305;65-74;87;57;144;SEC_305
1998;110;50-64;156;152;308;SEC_110
2011;223;16-17;15;10;25;SEC_223
2001;226;16-17;8;9;17;SEC_226
2003;107;03-11;45;56;101;SEC_107
2004;417;03-11;25;16;41;SEC_417
2000;423;12-15;11;19;30;SEC_423
2012;435;75 i +;87;39;126;SEC_435
2010;535;25-34;63;55;118;SEC_535
2006;249;12-15;22;17;39;SEC_249
2005;604;25-34;42;83;125;SEC_604
2014;310;03-11;37;48;85;SEC_310
2006;245;03-11;43;37;80;SEC_245
2016;210;25-34;39;52;91;SEC_210
2012;415;35-49;119;145;264;SEC_415
1994;537;35-49;140;116;256;SEC_537
2010;422;35-49;123;144;267;SEC_422
1999;434;75 i +;45;31;76;SEC_434
2003;532;50-64;137;118;255;SEC_532
2002;627;50-64;127;139;266;SEC_627
2011;623;16-17;8;18;26;SEC_623
2000;509;35-49;74;65;139;SEC_509
1994;440;25-34;71;90;161;SEC_440
1998;631;12-15;24;12;36;SEC_631
2008;213;35-49;125;131;256;SEC_213
2006;321;75 i +;111;59;170;SEC_321
2007;113;75 i +;52;37;89;SEC_113
2005;434;75 i +;54;23;77;SEC_434
1999;222;75 i +;29;20;49;SEC_222
2003;529;50-64;102;85;187;SEC_529
2010;217;03-11;28;39;67;SEC_217
2015;210;03-11;39;33;72;SEC_210
1997;229;18-24;32;37;69;SEC_229
2008;613;25-34;88;127;215;SEC_613
1997;509;16-17;12;6;18;SEC_509
2001;108;75 i +;88;43;131;SEC_108
2008;621;18-24;48;53;101;SEC_621
2004;532;25-34;135;164;299;SEC_532
2014;535;25-34;46;44;90;SEC_535
2008;322;65-74;56;44;100;SEC_322
2014;310;75 i +;45;20;65;SEC_310
2009;607;03-11;48;31;79;SEC_607
1995;233;50-64;96;79;175;SEC_233
2014;310;50-64;88;89;177;SEC_310
2005;306;50-64;146;127;273;SEC_306
2006;323;12-15;56;53;109;SEC_323
2008;218;16-17;5;5;10;SEC_218
2014;209;25-34;76;77;153;SEC_209
1999;124;16-17;13;14;27;SEC_124
2005;628;50-64;142;117;259;SEC_628
2000;421;03-11;28;35;63;SEC_421
2016;242;50-64;99;98;197;SEC_242
1996;304;12-15;16;12;28;SEC_304
2006;518;00-02;11;19;30;SEC_518
2010;228;12-15;6;15;21;SEC_228
2013;312;35-49;195;236;431;SEC_312
1997;247;35-49;100;112;212;SEC_247
2012;517;12-15;27;30;57;SEC_517
1996;619;18-24;108;95;203;SEC_619
1999;531;65-74;55;51;106;SEC_531
2002;207;35-49;72;67;139;SEC_207
2014;614;75 i +;65;52;117;SEC_614
2006;440;18-24;35;23;58;SEC_440
2002;507;65-74;36;37;73;SEC_507
2012;121;75 i +;86;46;132;SEC_121
1994;409;75 i +;19;7;26;SEC_409
2007;602;25-34;48;44;92;SEC_602
1995;320;25-34;56;68;124;SEC_320
2016;140;35-49;131;129;260;SEC_140
2014;202;12-15;30;23;53;SEC_202
1996;631;00-02;12;7;19;SEC_631
2013;210;50-64;73;81;154;SEC_210
2006;123;65-74;56;58;114;SEC_123
2004;230;03-11;30;55;85;SEC_230
2004;410;18-24;73;64;137;SEC_410
2008;232;25-34;88;99;187;SEC_232
1997;421;00-02;7;14;21;SEC_421
2016;120;03-11;55;71;126;SEC_120
1998;440;03-11;15;26;41;SEC_440
2000;605;35-49;52;41;93;SEC_605
1998;431;35-49;123;120;243;SEC_431
2012;315;35-49;255;241;496;SEC_315
2005;324;18-24;48;45;93;SEC_324
1995;422;03-11;29;45;74;SEC_422
2005;516;00-02;9;9;18;SEC_516
2011;122;35-49;105;107;212;SEC_122
2013;245;35-49;142;142;284;SEC_245
2008;522;03-11;37;52;89;SEC_522
2016;237;03-11;74;58;132;SEC_237
1994;112;18-24;110;108;218;SEC_112
2008;631;03-11;30;43;73;SEC_631
2005;629;35-49;60;56;116;SEC_629
2009;219;12-15;34;23;57;SEC_219
2012;243;65-74;68;55;123;SEC_243
2015;524;25-34;94;103;197;SEC_524
2010;222;00-02;15;16;31;SEC_222
1997;432;16-17;24;21;45;SEC_432
1996;417;16-17;13;7;20;SEC_417
2008;237;50-64;96;105;201;SEC_237
2010;320;03-11;66;58;124;SEC_320
2016;204;75 i +;108;67;175;SEC_204
2016;528;75 i +;73;55;128;SEC_528
2006;438;50-64;73;59;132;SEC_438
1996;202;25-34;56;89;145;SEC_202
2008;204;16-17;5;8;13;SEC_204
2015;316;00-02;15;29;44;SEC_316
2016;221;03-11;93;89;182;SEC_221
2006;123;75 i +;83;58;141;SEC_123
1995;227;16-17;8;9;17;SEC_227
2000;314;12-15;64;70;134;SEC_314
1999;201;50-64;82;67;149;SEC_201
1999;319;16-17;11;18;29;SEC_319
2010;501;18-24;35;29;64;SEC_501
1998;617;65-74;53;47;100;SEC_617
2009;601;75 i +;60;50;110;SEC_601
2013;105;65-74;44;57;101;SEC_105
2014;226;00-02;19;26;45;SEC_226
2002;520;35-49;79;67;146;SEC_520
1994;140;12-15;21;27;48;SEC_140
2008;619;18-24;43;50;93;SEC_619
1999;301;25-34;194;210;404;SEC_301
2013;326;35-49;116;137;253;SEC_326
2014;114;75 i +;102;62;164;SEC_114
1998;610;18-24;96;100;196;SEC_610
1995;518;12-15;18;26;44;SEC_518
1999;512;75 i +;46;22;68;SEC_512
2011;213;18-24;33;39;72;SEC_213
2011;241;16-17;11;12;23;SEC_241
2006;410;35-49;157;161;318;SEC_410
2005;225;50-64;53;37;90;SEC_225
1997;217;18-24;21;25;46;SEC_217
2011;607;75 i +;68;59;127;SEC_607
2009;424;18-24;21;29;50;SEC_424
2013;523;75 i +;96;70;166;SEC_523
2009;321;25-34;175;155;330;SEC_321
2010;511;00-02;12;10;22;SEC_511
1999;322;25-34;105;110;215;SEC_322
1996;301;16-17;25;30;55;SEC_301
2004;118;50-64;211;217;428;SEC_118
2007;415;65-74;25;29;54;SEC_415
2011;116;12-15;28;23;51;SEC_116
1999;324;12-15;19;19;38;SEC_324
2008;437;00-02;19;16;35;SEC_437
2002;515;18-24;24;20;44;SEC_515
1994;616;00-02;11;15;26;SEC_616
1999;229;25-34;45;63;108;SEC_229
2007;246;16-17;14;14;28;SEC_246
1998;622;35-49;108;101;209;SEC_622
1995;128;00-02;13;8;21;SEC_128
2001;607;00-02;11;8;19;SEC_607
2013;208;75 i +;228;129;357;SEC_208
2003;403;16-17;17;8;25;SEC_403
2000;525;65-74;59;50;109;SEC_525
2000;227;03-11;21;15;36;SEC_227
1997;430;12-15;14;17;31;SEC_430
1999;129;16-17;16;10;26;SEC_129
1995;243;35-49;115;113;228;SEC_243
2009;323;12-15;61;54;115;SEC_323
2003;425;35-49;97;107;204;SEC_425
2016;418;03-11;68;57;125;SEC_418
2006;127;12-15;11;14;25;SEC_127
2006;140;03-11;35;41;76;SEC_140
2011;230;12-15;21;24;45;SEC_230
2010;411;00-02;15;14;29;SEC_411
2005;221;12-15;25;19;44;SEC_221
1994;428;18-24;35;30;65;SEC_428
2011;529;12-15;22;21;43;SEC_529
2015;221;50-64;164;167;331;SEC_221
2001;423;65-74;79;55;134;SEC_423
2008;236;12-15;20;11;31;SEC_236
2003;615;50-64;152;111;263;SEC_615
1996;307;00-02;10;11;21;SEC_307
2000;521;75 i +;42;24;66;SEC_521
2015;224;00-02;20;21;41;SEC_224
1994;125;03-11;50;39;89;SEC_125
2015;529;50-64;88;90;178;SEC_529
1995;510;03-11;40;39;79;SEC_510
2015;404;75 i +;85;54;139;SEC_404
1998;124;16-17;10;16;26;SEC_124
2007;237;65-74;75;53;128;SEC_237
2010;101;25-34;129;111;240;SEC_101
1994;306;16-17;20;22;42;SEC_306
1996;507;35-49;91;81;172;SEC_507
2003;428;12-15;8;10;18;SEC_428
2010;237;12-15;32;25;57;SEC_237
2015;524;65-74;47;30;77;SEC_524
2007;608;25-34;59;76;135;SEC_608
2007;227;00-02;12;5;17;SEC_227
2015;437;35-49;176;212;388;SEC_437
1995;405;75 i +;25;20;45;SEC_405
2012;415;75 i +;31;21;52;SEC_415
1998;228;50-64;79;61;140;SEC_228
2009;622;35-49;101;89;190;SEC_622
2004;506;16-17;18;20;38;SEC_506
2003;302;00-02;13;18;31;SEC_302
1999;124;50-64;74;76;150;SEC_124
2007;402;75 i +;51;39;90;SEC_402
2004;434;25-34;53;53;106;SEC_434
1998;117;65-74;67;47;114;SEC_117
2013;404;25-34;110;96;206;SEC_404
2005;631;18-24;40;32;72;SEC_631
2003;405;03-11;27;34;61;SEC_405
2014;322;65-74;61;53;114;SEC_322
2009;602;50-64;45;30;75;SEC_602
1998;235;18-24;63;51;114;SEC_235
2016;418;65-74;60;46;106;SEC_418
2007;434;16-17;8;3;11;SEC_434
2009;123;65-74;63;51;114;SEC_123
2012;516;50-64;47;48;95;SEC_516
2003;221;03-11;48;38;86;SEC_221
1996;415;12-15;18;14;32;SEC_415
2009;112;18-24;57;65;122;SEC_112
2006;413;35-49;62;90;152;SEC_413
2015;226;12-15;40;27;67;SEC_226
1994;238;35-49;73;75;148;SEC_238
2000;221;16-17;7;12;19;SEC_221
2004;112;25-34;135;139;274;SEC_112
2006;207;50-64;65;51;116;SEC_207
1995;122;35-49;56;40;96;SEC_122
2003;533;16-17;12;10;22;SEC_533
2012;226;18-24;43;42;85;SEC_226
2008;247;03-11;58;53;111;SEC_247
2016;237;18-24;43;44;87;SEC_237
2010;228;35-49;89;98;187;SEC_228
1997;621;00-02;24;14;38;SEC_621
2010;437;03-11;39;38;77;SEC_437
2015;240;25-34;142;139;281;SEC_240
2007;321;12-15;28;42;70;SEC_321
1999;308;75 i +;68;39;107;SEC_308
2008;524;25-34;164;160;324;SEC_524
2009;519;65-74;38;24;62;SEC_519
2010;613;18-24;30;30;60;SEC_613
2010;324;35-49;141;163;304;SEC_324
1994;323;18-24;162;157;319;SEC_323
2004;243;75 i +;83;59;142;SEC_243
2011;249;65-74;58;39;97;SEC_249
1997;404;65-74;68;61;129;SEC_404
2012;232;03-11;32;40;72;SEC_232
2002;239;75 i +;74;60;134;SEC_239
2001;139;75 i +;23;11;34;SEC_139
1996;110;35-49;181;146;327;SEC_110
1996;230;35-49;41;48;89;SEC_230
1997;115;75 i +;42;22;64;SEC_115
2015;631;50-64;77;66;143;SEC_631
2007;234;25-34;93;102;195;SEC_234
2000;511;12-15;6;10;16;SEC_511
2001;212;12-15;18;22;40;SEC_212
2016;113;75 i +;58;48;106;SEC_113
2008;321;18-24;96;101;197;SEC_321
1997;528;16-17;11;19;30;SEC_528
2001;602;50-64;76;68;144;SEC_602
1996;248;50-64;95;96;191;SEC_248
2010;233;03-11;32;43;75;SEC_233
2011;303;75 i +;122;105;227;SEC_303
1999;407;75 i +;35;32;67;SEC_407
2005;322;75 i +;45;42;87;SEC_322
2009;631;18-24;33;24;57;SEC_631
2001;114;50-64;198;186;384;SEC_114
1998;222;35-49;69;68;137;SEC_222
2006;229;03-11;38;28;66;SEC_229
2001;529;25-34;99;111;210;SEC_529
1994;403;65-74;47;46;93;SEC_403
2010;226;16-17;10;7;17;SEC_226
1999;403;00-02;11;10;21;SEC_403
2012;221;75 i +;79;51;130;SEC_221
2013;441;18-24;80;68;148;SEC_441
1998;320;16-17;3;5;8;SEC_320
2005;313;16-17;25;13;38;SEC_313
2012;233;65-74;48;24;72;SEC_233
2015;518;25-34;62;57;119;SEC_518
2016;116;12-15;18;24;42;SEC_116
2003;131;35-49;148;139;287;SEC_131
2002;434;00-02;7;4;11;SEC_434
2003;228;18-24;35;35;70;SEC_228
1994;412;25-34;143;145;288;SEC_412
2000;501;18-24;108;128;236;SEC_501
1998;630;75 i +;23;10;33;SEC_630
1995;247;03-11;36;49;85;SEC_247
2003;538;50-64;113;85;198;SEC_538
2011;512;18-24;31;35;66;SEC_512
2013;618;03-11;53;57;110;SEC_618
2015;412;03-11;45;52;97;SEC_412
1996;236;03-11;29;28;57;SEC_236
2014;624;65-74;106;114;220;SEC_624
1999;525;65-74;52;47;99;SEC_525
2010;105;03-11;42;55;97;SEC_105
2008;510;65-74;61;57;118;SEC_510
1996;245;50-64;103;84;187;SEC_245
2014;119;65-74;109;105;214;SEC_119
2009;122;35-49;97;108;205;SEC_122
2006;412;25-34;136;187;323;SEC_412
2016;537;75 i +;81;55;136;SEC_537
2014;201;03-11;67;78;145;SEC_201
2011;218;75 i +;37;25;62;SEC_218
2015;322;16-17;15;12;27;SEC_322
1995;209;50-64;105;101;206;SEC_209
2003;137;12-15;30;18;48;SEC_137
2012;311;25-34;118;129;247;SEC_311
1994;243;16-17;14;17;31;SEC_243
2006;434;03-11;23;17;40;SEC_434
2014;418;18-24;56;70;126;SEC_418
1997;501;50-64;103;139;242;SEC_501
2000;320;65-74;27;13;40;SEC_320
2004;139;65-74;33;28;61;SEC_139
1999;602;50-64;91;75;166;SEC_602
2006;131;12-15;16;19;35;SEC_131
2015;622;35-49;96;109;205;SEC_622
2012;531;35-49;118;137;255;SEC_531
1994;214;18-24;45;46;91;SEC_214
2010;619;35-49;136;145;281;SEC_619
1996;612;00-02;6;13;19;SEC_612
2001;235;18-24;48;55;103;SEC_235
1995;211;12-15;17;17;34;SEC_211
2000;249;25-34;78;91;169;SEC_249
2005;233;18-24;39;38;77;SEC_233
2015;323;25-34;100;114;214;SEC_323
2001;214;18-24;31;28;59;SEC_214
1996;411;00-02;9;6;15;SEC_411
1995;234;18-24;38;45;83;SEC_234
2005;442;03-11;22;20;42;SEC_442
2016;246;03-11;61;51;112;SEC_246
2011;536;75 i +;74;46;120;SEC_536
2016;126;75 i +;71;69;140;SEC_126
2003;121;03-11;37;46;83;SEC_121
1998;110;35-49;157;132;289;SEC_110
2011;202;00-02;18;18;36;SEC_202
2009;311;18-24;54;69;123;SEC_311
2013;302;75 i +;67;40;107;SEC_302
2016;632;12-15;22;19;41;SEC_632
2006;508;00-02;8;15;23;SEC_508
2001;610;18-24;70;56;126;SEC_610
2001;506;00-02;22;25;47;SEC_506
1999;103;03-11;25;21;46;SEC_103
2008;245;00-02;14;18;32;SEC_245
2013;419;12-15;41;41;82;SEC_419
2006;601;16-17;11;14;25;SEC_601
2011;536;03-11;36;42;78;SEC_536
2013;440;35-49;107;110;217;SEC_440
2012;117;18-24;61;70;131;SEC_117
2012;628;50-64;93;69;162;SEC_628
2004;120;35-49;223;226;449;SEC_120
1997;312;03-11;61;40;101;SEC_312
2011;321;00-02;21;16;37;SEC_321
1998;430;03-11;24;34;58;SEC_430
1999;627;03-11;24;48;72;SEC_627
2009;240;00-02;14;11;25;SEC_240
2000;521;18-24;88;87;175;SEC_521
2007;117;35-49;230;215;445;SEC_117
2002;404;25-34;123;146;269;SEC_404
2011;619;25-34;62;84;146;SEC_619
2010;305;16-17;23;15;38;SEC_305
2003;223;18-24;41;52;93;SEC_223
2000;128;00-02;8;6;14;SEC_128
1997;531;16-17;5;10;15;SEC_531
2001;622;65-74;35;25;60;SEC_622
2009;510;18-24;45;48;93;SEC_510
2003;325;25-34;120;136;256;SEC_325
2015;103;50-64;61;61;122;SEC_103
1995;410;16-17;30;26;56;SEC_410
2000;403;75 i +;50;25;75;SEC_403
2001;432;12-15;15;26;41;SEC_432
2000;616;65-74;52;48;100;SEC_616
2002;213;35-49;92;97;189;SEC_213
2004;508;03-11;15;22;37;SEC_508
1999;118;12-15;40;57;97;SEC_118
1999;309;25-34;62;56;118;SEC_309
1995;619;65-74;56;53;109;SEC_619
2005;209;25-34;95;83;178;SEC_209
2000;232;65-74;78;55;133;SEC_232
1999;515;25-34;38;41;79;SEC_515
2000;405;25-34;87;80;167;SEC_405
2003;120;75 i +;52;24;76;SEC_120
1996;504;00-02;7;7;14;SEC_504
1999;230;12-15;13;12;25;SEC_230
1997;202;75 i +;33;17;50;SEC_202
1995;134;35-49;157;156;313;SEC_134
2005;615;65-74;55;68;123;SEC_615
2014;630;16-17;4;11;15;SEC_630
1996;109;16-17;17;20;37;SEC_109
2015;412;16-17;6;12;18;SEC_412
2006;615;12-15;5;11;16;SEC_615
2014;528;65-74;67;47;114;SEC_528
2007;535;65-74;58;72;130;SEC_535
2010;224;65-74;19;13;32;SEC_224
2004;245;12-15;21;16;37;SEC_245
2010;106;18-24;63;72;135;SEC_106
2004;122;35-49;82;95;177;SEC_122
2003;220;18-24;39;38;77;SEC_220
2013;319;50-64;151;127;278;SEC_319
2008;413;16-17;7;5;12;SEC_413
2001;203;00-02;7;9;16;SEC_203
2012;215;50-64;91;72;163;SEC_215
2009;302;12-15;18;23;41;SEC_302
2016;101;50-64;199;200;399;SEC_101
2003;318;50-64;71;78;149;SEC_318
1994;409;35-49;71;69;140;SEC_409
1994;226;16-17;13;14;27;SEC_226
2008;231;75 i +;82;52;134;SEC_231
1995;219;65-74;92;59;151;SEC_219
2015;407;65-74;46;28;74;SEC_407
2011;134;03-11;55;62;117;SEC_134
1999;235;50-64;147;114;261;SEC_235
1996;509;25-34;67;72;139;SEC_509
2010;538;00-02;21;10;31;SEC_538
2010;605;75 i +;44;31;75;SEC_605
1998;528;25-34;106;119;225;SEC_528
2003;617;65-74;63;53;116;SEC_617
2000;222;00-02;10;5;15;SEC_222
2011;102;12-15;22;31;53;SEC_102
2001;224;25-34;48;53;101;SEC_224
2001;117;00-02;26;24;50;SEC_117
2009;111;75 i +;47;46;93;SEC_111
2014;606;35-49;129;141;270;SEC_606
2015;505;50-64;92;78;170;SEC_505
1998;307;25-34;100;87;187;SEC_307
2003;108;00-02;17;12;29;SEC_108
2010;519;12-15;11;11;22;SEC_519
1996;522;16-17;5;8;13;SEC_522
2009;216;18-24;44;48;92;SEC_216
1999;532;12-15;20;17;37;SEC_532
2008;136;03-11;44;51;95;SEC_136
2001;509;65-74;42;35;77;SEC_509
2006;515;03-11;23;23;46;SEC_515
2003;402;00-02;10;9;19;SEC_402
2013;119;25-34;84;68;152;SEC_119
2003;606;65-74;77;69;146;SEC_606
2013;535;25-34;43;46;89;SEC_535
2003;432;25-34;98;114;212;SEC_432
1997;114;00-02;21;16;37;SEC_114
2006;604;00-02;10;7;17;SEC_604
2012;140;50-64;87;62;149;SEC_140
2001;437;35-49;73;76;149;SEC_437
2011;325;75 i +;184;98;282;SEC_325
2000;503;75 i +;27;11;38;SEC_503
1998;303;25-34;179;205;384;SEC_303
2002;620;35-49;57;59;116;SEC_620
2012;301;18-24;74;81;155;SEC_301
2010;502;65-74;90;83;173;SEC_502
2011;316;16-17;18;20;38;SEC_316
2014;630;00-02;5;9;14;SEC_630
2003;106;12-15;32;31;63;SEC_106
2015;204;03-11;47;60;107;SEC_204
1994;221;12-15;25;25;50;SEC_221
1998;117;25-34;155;160;315;SEC_117
2003;242;25-34;76;101;177;SEC_242
2009;534;25-34;78;95;173;SEC_534
2010;513;18-24;29;25;54;SEC_513
2016;525;18-24;43;30;73;SEC_525
2000;208;00-02;13;12;25;SEC_208
2015;109;25-34;79;75;154;SEC_109
1997;215;03-11;23;17;40;SEC_215
1998;125;35-49;149;119;268;SEC_125
1994;415;65-74;55;38;93;SEC_415
2008;523;18-24;56;72;128;SEC_523
1996;235;50-64;158;140;298;SEC_235
2014;430;12-15;17;26;43;SEC_430
2004;222;00-02;14;8;22;SEC_222
1996;628;25-34;77;81;158;SEC_628
2009;109;03-11;52;32;84;SEC_109
2003;631;50-64;172;140;312;SEC_631
2004;442;50-64;64;52;116;SEC_442
2010;317;18-24;42;46;88;SEC_317
1997;320;75 i +;15;8;23;SEC_320
2000;428;16-17;2;3;5;SEC_428
2001;307;25-34;115;99;214;SEC_307
2012;306;12-15;30;29;59;SEC_306
2010;231;00-02;18;21;39;SEC_231
2012;314;35-49;276;298;574;SEC_314
2011;139;35-49;101;124;225;SEC_139
2010;139;03-11;32;40;72;SEC_139
1999;310;50-64;80;70;150;SEC_310
2012;315;75 i +;57;37;94;SEC_315
2008;415;18-24;55;40;95;SEC_415
2011;511;50-64;49;45;94;SEC_511
2014;532;12-15;28;14;42;SEC_532
1996;236;25-34;72;85;157;SEC_236
2003;415;00-02;10;8;18;SEC_415
2005;405;12-15;9;6;15;SEC_405
2003;611;12-15;28;24;52;SEC_611
2001;228;03-11;16;14;30;SEC_228
2009;246;75 i +;80;47;127;SEC_246
1999;627;12-15;23;31;54;SEC_627
2012;628;00-02;12;11;23;SEC_628
2000;601;50-64;182;169;351;SEC_601
2012;130;12-15;18;20;38;SEC_130
1996;224;50-64;58;44;102;SEC_224
2012;205;65-74;50;34;84;SEC_205
2008;511;50-64;50;48;98;SEC_511
2000;215;00-02;5;6;11;SEC_215
2012;241;75 i +;64;38;102;SEC_241
1997;124;03-11;33;31;64;SEC_124
2011;630;00-02;11;13;24;SEC_630
2011;623;03-11;58;74;132;SEC_623
2000;509;65-74;36;35;71;SEC_509
2010;627;00-02;11;12;23;SEC_627
2013;221;75 i +;118;81;199;SEC_221
2012;244;18-24;34;24;58;SEC_244
2011;509;50-64;60;53;113;SEC_509
2014;309;12-15;15;26;41;SEC_309
2010;537;50-64;113;102;215;SEC_537
1999;505;65-74;60;50;110;SEC_505
1999;213;75 i +;30;17;47;SEC_213
2015;221;16-17;16;29;45;SEC_221
2002;123;65-74;81;76;157;SEC_123
2009;115;18-24;35;52;87;SEC_115
2008;612;65-74;91;80;171;SEC_612
2010;238;50-64;71;65;136;SEC_238
2012;133;12-15;16;13;29;SEC_133
1995;124;03-11;47;38;85;SEC_124
2012;632;18-24;22;33;55;SEC_632
1997;225;75 i +;33;33;66;SEC_225
1998;516;75 i +;29;9;38;SEC_516
2012;244;25-34;55;58;113;SEC_244
2013;538;65-74;74;38;112;SEC_538
2010;531;75 i +;47;31;78;SEC_531
2008;626;35-49;103;109;212;SEC_626
2006;403;12-15;15;15;30;SEC_403
2004;126;25-34;109;110;219;SEC_126
2004;130;03-11;40;37;77;SEC_130
1997;419;00-02;10;8;18;SEC_419
2002;526;50-64;54;61;115;SEC_526
1995;207;03-11;21;20;41;SEC_207
2016;507;65-74;54;48;102;SEC_507
1998;429;25-34;31;45;76;SEC_429
2008;118;16-17;15;12;27;SEC_118
1997;534;75 i +;43;21;64;SEC_534
2014;138;35-49;86;78;164;SEC_138
2008;126;12-15;9;10;19;SEC_126
2001;407;50-64;89;78;167;SEC_407
2003;423;03-11;29;36;65;SEC_423
1999;536;75 i +;32;31;63;SEC_536
2014;247;35-49;182;179;361;SEC_247
1994;130;75 i +;64;27;91;SEC_130
2009;406;75 i +;61;54;115;SEC_406
1996;615;35-49;94;59;153;SEC_615
2015;532;12-15;29;17;46;SEC_532
2016;611;16-17;15;15;30;SEC_611
2016;210;12-15;13;19;32;SEC_210
2002;523;35-49;135;129;264;SEC_523
2010;118;03-11;78;56;134;SEC_118
2008;426;50-64;69;66;135;SEC_426
2004;128;12-15;14;25;39;SEC_128
2000;526;03-11;20;25;45;SEC_526
2010;134;65-74;57;52;109;SEC_134
2004;442;35-49;74;63;137;SEC_442
1995;629;12-15;18;16;34;SEC_629
2016;617;65-74;59;41;100;SEC_617
2015;131;25-34;73;71;144;SEC_131
1994;108;16-17;23;19;42;SEC_108
2001;206;18-24;39;32;71;SEC_206
2008;222;75 i +;41;22;63;SEC_222
1995;442;03-11;22;20;42;SEC_442
1999;208;18-24;70;77;147;SEC_208
2002;601;18-24;76;91;167;SEC_601
2001;536;16-17;4;7;11;SEC_536
2004;502;12-15;28;17;45;SEC_502
2010;126;12-15;18;18;36;SEC_126
2007;632;35-49;95;98;193;SEC_632
2000;101;03-11;47;59;106;SEC_101
2000;135;00-02;19;14;33;SEC_135
1999;215;25-34;64;65;129;SEC_215
2015;601;12-15;28;33;61;SEC_601
1997;244;75 i +;38;30;68;SEC_244
2004;307;65-74;66;57;123;SEC_307
2001;109;50-64;94;93;187;SEC_109
2010;442;03-11;30;28;58;SEC_442
2002;134;18-24;49;64;113;SEC_134
1996;422;65-74;93;69;162;SEC_422
1997;209;16-17;5;4;9;SEC_209
2003;527;00-02;24;9;33;SEC_527
2014;246;18-24;54;37;91;SEC_246
2002;421;12-15;13;16;29;SEC_421
2011;422;35-49;132;151;283;SEC_422
2009;432;65-74;73;59;132;SEC_432
2016;233;25-34;84;79;163;SEC_233
1995;236;25-34;77;94;171;SEC_236
1998;117;50-64;151;173;324;SEC_117
1997;630;03-11;38;31;69;SEC_630
2003;303;75 i +;79;52;131;SEC_303
2008;129;00-02;17;19;36;SEC_129
2004;425;18-24;39;36;75;SEC_425
2010;231;12-15;21;20;41;SEC_231
1994;308;25-34;101;95;196;SEC_308
1999;605;16-17;4;4;8;SEC_605
1997;133;35-49;93;83;176;SEC_133
2002;606;65-74;79;65;144;SEC_606
2004;321;65-74;86;74;160;SEC_321
2013;531;12-15;12;15;27;SEC_531
2004;312;00-02;14;21;35;SEC_312
2006;129;00-02;19;16;35;SEC_129
2011;414;12-15;19;20;39;SEC_414
2008;615;03-11;36;22;58;SEC_615
2012;536;75 i +;76;50;126;SEC_536
2006;534;25-34;97;128;225;SEC_534
2004;431;35-49;149;168;317;SEC_431
1998;302;75 i +;44;18;62;SEC_302
2005;501;16-17;7;4;11;SEC_501
2010;426;16-17;11;17;28;SEC_426
2013;310;03-11;40;42;82;SEC_310
2008;319;65-74;47;42;89;SEC_319
1996;235;65-74;118;83;201;SEC_235
2004;206;00-02;5;13;18;SEC_206
2013;242;00-02;13;16;29;SEC_242
2009;212;25-34;146;171;317;SEC_212
2013;404;03-11;82;61;143;SEC_404
1994;247;03-11;39;52;91;SEC_247
2009;247;03-11;58;58;116;SEC_247
1994;222;16-17;13;18;31;SEC_222
2008;609;00-02;14;13;27;SEC_609
2005;606;12-15;14;19;33;SEC_606
1996;215;12-15;15;13;28;SEC_215
2000;422;25-34;71;78;149;SEC_422
2011;303;35-49;167;184;351;SEC_303
2014;611;35-49;243;278;521;SEC_611
2005;509;00-02;5;13;18;SEC_509
1999;226;65-74;86;59;145;SEC_226
2008;322;50-64;102;99;201;SEC_322
1995;531;12-15;8;16;24;SEC_531
2012;239;00-02;11;11;22;SEC_239
1998;511;75 i +;33;13;46;SEC_511
2000;213;03-11;30;32;62;SEC_213
2015;238;65-74;43;36;79;SEC_238
2011;225;18-24;20;19;39;SEC_225
1998;317;25-34;63;82;145;SEC_317
2010;607;18-24;34;40;74;SEC_607
1999;408;50-64;83;67;150;SEC_408
2000;131;12-15;27;29;56;SEC_131
2006;246;35-49;122;135;257;SEC_246
2011;119;16-17;7;4;11;SEC_119
2014;311;75 i +;96;50;146;SEC_311
1997;518;03-11;28;35;63;SEC_518
1995;509;00-02;7;13;20;SEC_509
2001;504;35-49;78;86;164;SEC_504
2016;510;12-15;17;11;28;SEC_510
2008;316;50-64;359;359;718;SEC_316
2011;132;12-15;28;38;66;SEC_132
2014;306;12-15;32;29;61;SEC_306
2015;608;12-15;27;19;46;SEC_608
1997;436;18-24;46;42;88;SEC_436
1996;426;35-49;80;85;165;SEC_426
1994;109;35-49;142;150;292;SEC_109
1996;248;75 i +;63;42;105;SEC_248
1999;431;18-24;80;76;156;SEC_431
1998;416;75 i +;26;15;41;SEC_416
2000;138;50-64;91;79;170;SEC_138
2002;441;16-17;34;25;59;SEC_441
2004;623;03-11;49;52;101;SEC_623
2005;528;65-74;65;64;129;SEC_528
2012;504;16-17;3;10;13;SEC_504
2006;427;35-49;103;114;217;SEC_427
1998;410;18-24;98;117;215;SEC_410
1999;619;75 i +;43;27;70;SEC_619
1994;325;50-64;186;171;357;SEC_325
2014;511;00-02;29;28;57;SEC_511
2008;421;25-34;96;112;208;SEC_421
2001;411;35-49;90;81;171;SEC_411
1997;431;00-02;8;16;24;SEC_431
2003;403;00-02;11;9;20;SEC_403
2002;307;18-24;101;75;176;SEC_307
2016;314;25-34;145;168;313;SEC_314
1994;218;50-64;73;67;140;SEC_218
2005;527;03-11;40;28;68;SEC_527
2015;617;00-02;9;20;29;SEC_617
2015;412;65-74;118;80;198;SEC_412
2005;140;25-34;105;108;213;SEC_140
2005;132;16-17;20;20;40;SEC_132
1999;629;65-74;40;39;79;SEC_629
2009;524;75 i +;69;40;109;SEC_524
1997;243;35-49;121;121;242;SEC_243
1998;239;03-11;20;29;49;SEC_239
1997;323;75 i +;37;14;51;SEC_323
2006;206;16-17;7;5;12;SEC_206
2001;314;35-49;314;306;620;SEC_314
2010;228;18-24;42;39;81;SEC_228
1995;125;18-24;105;106;211;SEC_125
1998;627;16-17;22;26;48;SEC_627
2013;127;65-74;36;19;55;SEC_127
2010;403;03-11;39;39;78;SEC_403
2007;137;25-34;126;124;250;SEC_137
2015;125;35-49;216;223;439;SEC_125
2013;237;25-34;118;112;230;SEC_237
2009;307;25-34;117;107;224;SEC_307
2002;237;50-64;117;109;226;SEC_237
2004;509;75 i +;29;17;46;SEC_509
2011;514;65-74;40;29;69;SEC_514
2003;115;25-34;107;132;239;SEC_115
2008;527;50-64;81;72;153;SEC_527
2002;216;12-15;13;12;25;SEC_216
1995;308;18-24;102;94;196;SEC_308
2009;305;50-64;191;172;363;SEC_305
2015;418;35-49;151;175;326;SEC_418
2008;426;16-17;11;11;22;SEC_426
1997;421;75 i +;47;28;75;SEC_421
1996;413;75 i +;31;14;45;SEC_413
1996;442;18-24;42;43;85;SEC_442
2007;609;35-49;79;83;162;SEC_609
1997;114;50-64;203;188;391;SEC_114
2016;514;35-49;174;190;364;SEC_514
2001;311;25-34;129;154;283;SEC_311
2005;523;16-17;5;13;18;SEC_523
2002;301;75 i +;78;43;121;SEC_301
2004;245;50-64;83;67;150;SEC_245
1998;206;16-17;10;7;17;SEC_206
2010;317;35-49;141;157;298;SEC_317
1994;233;75 i +;69;34;103;SEC_233
1996;111;25-34;77;88;165;SEC_111
2004;106;00-02;30;16;46;SEC_106
2000;406;75 i +;50;31;81;SEC_406
2004;536;16-17;8;6;14;SEC_536
1999;619;00-02;14;15;29;SEC_619
2006;513;50-64;53;44;97;SEC_513
2015;626;35-49;100;100;200;SEC_626
2012;117;65-74;104;94;198;SEC_117
2007;420;35-49;183;194;377;SEC_420
2013;105;18-24;47;48;95;SEC_105
2009;210;12-15;14;10;24;SEC_210
2002;503;00-02;7;10;17;SEC_503
2011;626;25-34;48;57;105;SEC_626
2005;314;12-15;35;63;98;SEC_314
1994;433;00-02;16;11;27;SEC_433
1995;215;00-02;11;10;21;SEC_215
2013;127;16-17;8;5;13;SEC_127
1999;307;50-64;160;153;313;SEC_307
2003;324;25-34;92;97;189;SEC_324
2002;620;18-24;43;32;75;SEC_620
2002;313;18-24;126;92;218;SEC_313
2002;245;75 i +;71;34;105;SEC_245
1998;434;12-15;12;12;24;SEC_434
2014;631;35-49;124;131;255;SEC_631
1994;323;00-02;29;43;72;SEC_323
2011;509;00-02;11;11;22;SEC_509
2008;239;16-17;9;12;21;SEC_239
2003;231;03-11;37;35;72;SEC_231
2013;131;16-17;6;11;17;SEC_131
1996;115;12-15;42;39;81;SEC_115
2000;434;65-74;63;42;105;SEC_434
1994;528;12-15;19;39;58;SEC_528
2009;109;12-15;11;16;27;SEC_109
2002;522;03-11;17;20;37;SEC_522
2015;310;16-17;4;9;13;SEC_310
2003;441;75 i +;74;63;137;SEC_441
2002;217;50-64;37;41;78;SEC_217
2004;246;65-74;66;56;122;SEC_246
1995;524;12-15;24;26;50;SEC_524
2001;436;75 i +;27;23;50;SEC_436
2014;216;35-49;154;149;303;SEC_216
2010;123;12-15;14;27;41;SEC_123
1995;114;00-02;22;16;38;SEC_114
2013;430;25-34;93;99;192;SEC_430
2011;319;65-74;41;51;92;SEC_319
2016;322;50-64;120;97;217;SEC_322
2007;524;16-17;10;6;16;SEC_524
2004;624;16-17;10;6;16;SEC_624
1994;325;35-49;211;179;390;SEC_325
2013;118;75 i +;54;40;94;SEC_118
2009;409;12-15;7;17;24;SEC_409
2009;501;65-74;52;54;106;SEC_501
2011;429;35-49;58;76;134;SEC_429
2012;411;00-02;12;11;23;SEC_411
1994;321;16-17;45;32;77;SEC_321
2014;212;50-64;109;106;215;SEC_212
1994;501;00-02;8;7;15;SEC_501
2015;319;16-17;14;23;37;SEC_319
1995;422;16-17;9;15;24;SEC_422
2015;503;00-02;7;10;17;SEC_503
1994;243;75 i +;76;40;116;SEC_243
2013;214;18-24;98;87;185;SEC_214
2005;119;50-64;198;166;364;SEC_119
2012;408;16-17;6;7;13;SEC_408
2001;136;65-74;54;47;101;SEC_136
2000;415;12-15;8;12;20;SEC_415
2015;601;18-24;60;60;120;SEC_601
2008;530;25-34;132;158;290;SEC_530
1997;422;65-74;91;62;153;SEC_422
2011;238;65-74;37;37;74;SEC_238
2002;611;03-11;66;55;121;SEC_611
2005;322;35-49;133;134;267;SEC_322
2002;310;75 i +;37;17;54;SEC_310
2006;613;65-74;79;87;166;SEC_613
2003;105;03-11;29;47;76;SEC_105
2011;108;65-74;52;48;100;SEC_108
2007;501;50-64;161;154;315;SEC_501
1996;419;18-24;43;56;99;SEC_419
2003;518;03-11;33;31;64;SEC_518
2009;608;65-74;62;45;107;SEC_608
1995;139;25-34;73;73;146;SEC_139
2007;204;00-02;10;14;24;SEC_204
2004;515;35-49;79;73;152;SEC_515
2014;306;25-34;103;101;204;SEC_306
2012;425;25-34;73;113;186;SEC_425
2009;408;25-34;107;124;231;SEC_408
2015;302;16-17;5;11;16;SEC_302
2004;218;12-15;9;11;20;SEC_218
2005;502;25-34;146;178;324;SEC_502
2014;521;50-64;98;73;171;SEC_521
2004;115;00-02;13;13;26;SEC_115
1995;132;35-49;255;244;499;SEC_132
2002;433;12-15;23;17;40;SEC_433
2008;417;03-11;19;28;47;SEC_417
2010;418;03-11;61;53;114;SEC_418
2016;421;50-64;100;80;180;SEC_421
2002;438;50-64;94;80;174;SEC_438
2016;625;50-64;178;140;318;SEC_625
1996;119;75 i +;36;28;64;SEC_119
2013;236;75 i +;100;55;155;SEC_236
2004;130;00-02;16;13;29;SEC_130
2007;511;65-74;45;39;84;SEC_511
2000;313;65-74;75;74;149;SEC_313
2010;521;03-11;24;34;58;SEC_521
2004;604;65-74;41;33;74;SEC_604
1999;316;00-02;11;17;28;SEC_316
2001;421;00-02;11;15;26;SEC_421
2011;140;25-34;77;92;169;SEC_140
2013;612;12-15;11;20;31;SEC_612
2006;433;35-49;122;154;276;SEC_433
2015;102;12-15;39;36;75;SEC_102
1995;439;12-15;14;19;33;SEC_439
1998;140;12-15;13;14;27;SEC_140
2008;306;12-15;35;26;61;SEC_306
2014;306;65-74;65;64;129;SEC_306
2002;111;00-02;5;9;14;SEC_111
2010;230;65-74;32;24;56;SEC_230
1997;414;35-49;79;69;148;SEC_414
2011;518;65-74;76;40;116;SEC_518
2014;433;16-17;17;18;35;SEC_433
1994;304;03-11;30;46;76;SEC_304
2000;207;12-15;8;11;19;SEC_207
2016;605;35-49;185;196;381;SEC_605
2000;435;16-17;7;11;18;SEC_435
2016;247;16-17;12;8;20;SEC_247
1997;235;18-24;72;60;132;SEC_235
1995;218;65-74;41;29;70;SEC_218
2006;101;65-74;50;52;102;SEC_101
1999;618;25-34;54;69;123;SEC_618
1998;325;16-17;21;17;38;SEC_325
2006;438;75 i +;28;20;48;SEC_438
1996;604;35-49;69;63;132;SEC_604
2002;426;00-02;9;10;19;SEC_426
2006;223;03-11;43;45;88;SEC_223
2016;240;75 i +;113;72;185;SEC_240
1997;218;16-17;10;12;22;SEC_218
2008;117;25-34;132;165;297;SEC_117
2000;301;16-17;19;25;44;SEC_301
2000;215;16-17;6;7;13;SEC_215
2002;233;12-15;11;11;22;SEC_233
2008;531;75 i +;45;35;80;SEC_531
2004;224;50-64;36;44;80;SEC_224
2014;233;65-74;43;21;64;SEC_233
2006;439;00-02;12;21;33;SEC_439
2013;505;75 i +;78;65;143;SEC_505
1998;233;18-24;30;33;63;SEC_233
1998;207;18-24;26;24;50;SEC_207
2000;303;50-64;207;180;387;SEC_303
1999;501;16-17;22;22;44;SEC_501
2002;413;25-34;53;55;108;SEC_413
2000;229;75 i +;47;19;66;SEC_229
2012;602;25-34;35;38;73;SEC_602
2004;507;03-11;19;32;51;SEC_507
2012;206;25-34;73;83;156;SEC_206
2008;615;75 i +;30;20;50;SEC_615
2000;414;75 i +;43;28;71;SEC_414
2008;114;35-49;171;173;344;SEC_114
1994;401;35-49;121;122;243;SEC_401
1998;417;16-17;6;9;15;SEC_417
2006;411;75 i +;81;61;142;SEC_411
2007;520;18-24;32;39;71;SEC_520
2015;105;16-17;7;7;14;SEC_105
2000;614;03-11;28;36;64;SEC_614
2011;514;12-15;19;15;34;SEC_514
1999;510;25-34;99;114;213;SEC_510
2006;518;25-34;103;106;209;SEC_518
1998;611;35-49;117;128;245;SEC_611
2011;423;18-24;30;39;69;SEC_423
1997;438;18-24;53;48;101;SEC_438
2009;603;35-49;79;79;158;SEC_603
2007;418;25-34;119;148;267;SEC_418
2014;613;00-02;7;13;20;SEC_613
2012;128;35-49;137;146;283;SEC_128
2009;625;50-64;200;175;375;SEC_625
1995;507;25-34;71;80;151;SEC_507
2014;436;50-64;124;113;237;SEC_436
2008;312;25-34;163;168;331;SEC_312
2001;120;03-11;80;83;163;SEC_120
1997;108;12-15;26;24;50;SEC_108
1994;624;16-17;29;51;80;SEC_624
1997;109;16-17;11;19;30;SEC_109
2009;139;12-15;12;22;34;SEC_139
1997;225;35-49;50;36;86;SEC_225
2011;123;16-17;7;15;22;SEC_123
1996;218;03-11;21;30;51;SEC_218
1999;241;03-11;38;23;61;SEC_241
2016;108;18-24;55;52;107;SEC_108
1999;245;16-17;6;8;14;SEC_245
2006;107;18-24;72;71;143;SEC_107
2004;225;16-17;6;5;11;SEC_225
2012;423;75 i +;79;53;132;SEC_423
2011;436;12-15;19;12;31;SEC_436
1994;404;03-11;50;48;98;SEC_404
1997;618;00-02;6;5;11;SEC_618
1997;411;00-02;10;6;16;SEC_411
1997;101;35-49;145;142;287;SEC_101
1998;531;00-02;8;9;17;SEC_531
2007;210;18-24;17;30;47;SEC_210
2000;512;75 i +;51;27;78;SEC_512
2003;601;18-24;58;69;127;SEC_601
2012;321;75 i +;121;76;197;SEC_321
2004;520;50-64;80;76;156;SEC_520
2016;316;16-17;14;13;27;SEC_316
1999;230;50-64;68;61;129;SEC_230
1996;303;12-15;28;27;55;SEC_303
2010;623;00-02;17;13;30;SEC_623
1994;612;25-34;83;95;178;SEC_612
2006;536;18-24;24;28;52;SEC_536
2015;524;12-15;24;19;43;SEC_524
2011;123;25-34;92;80;172;SEC_123
2008;244;65-74;27;18;45;SEC_244
2009;436;18-24;45;44;89;SEC_436
2014;324;12-15;20;25;45;SEC_324
2003;235;50-64;114;98;212;SEC_235
2013;249;35-49;140;151;291;SEC_249
2015;129;00-02;12;23;35;SEC_129
2008;238;18-24;29;42;71;SEC_238
2004;225;18-24;22;29;51;SEC_225
2002;133;12-15;16;16;32;SEC_133
2016;533;18-24;67;60;127;SEC_533
2002;137;50-64;141;145;286;SEC_137
2016;320;12-15;43;34;77;SEC_320
2010;414;75 i +;59;47;106;SEC_414
1997;536;65-74;76;66;142;SEC_536
1999;114;35-49;164;165;329;SEC_114
2009;106;12-15;21;27;48;SEC_106
1997;524;12-15;19;25;44;SEC_524
2008;217;16-17;10;8;18;SEC_217
2012;107;03-11;78;81;159;SEC_107
2009;313;75 i +;94;55;149;SEC_313
1998;612;25-34;107;129;236;SEC_612
2001;621;16-17;13;24;37;SEC_621
1999;127;25-34;69;74;143;SEC_127
2005;523;00-02;20;20;40;SEC_523
1994;419;12-15;12;24;36;SEC_419
1996;236;65-74;90;68;158;SEC_236
1995;227;18-24;48;43;91;SEC_227
2000;435;12-15;23;24;47;SEC_435
2005;424;18-24;32;36;68;SEC_424
2015;305;16-17;17;10;27;SEC_305
2016;110;16-17;2;8;10;SEC_110
1998;508;18-24;44;24;68;SEC_508
2015;140;50-64;83;68;151;SEC_140
2007;233;12-15;12;11;23;SEC_233
2013;238;50-64;57;63;120;SEC_238
2012;228;50-64;45;57;102;SEC_228
2012;433;50-64;77;82;159;SEC_433
2001;221;18-24;47;55;102;SEC_221
2000;121;35-49;74;94;168;SEC_121
1999;508;00-02;3;7;10;SEC_508
2001;415;25-34;73;68;141;SEC_415
2007;619;35-49;128;138;266;SEC_619
2014;307;00-02;15;11;26;SEC_307
2000;108;25-34;103;98;201;SEC_108
2013;611;25-34;109;118;227;SEC_611
2003;421;03-11;26;32;58;SEC_421
2010;245;65-74;49;32;81;SEC_245
2007;434;35-49;85;87;172;SEC_434
2014;520;12-15;18;18;36;SEC_520
2004;519;12-15;4;15;19;SEC_519
2012;119;35-49;139;129;268;SEC_119
1999;323;25-34;230;232;462;SEC_323
2015;521;75 i +;67;60;127;SEC_521
2012;428;35-49;80;100;180;SEC_428
1996;118;18-24;146;157;303;SEC_118
2011;602;65-74;60;52;112;SEC_602
2012;318;00-02;10;7;17;SEC_318
2004;306;18-24;83;69;152;SEC_306
1994;419;00-02;9;14;23;SEC_419
2015;314;75 i +;91;63;154;SEC_314
2003;124;00-02;9;10;19;SEC_124
2011;230;18-24;28;39;67;SEC_230
2002;432;75 i +;48;36;84;SEC_432
1997;112;12-15;41;28;69;SEC_112
1997;206;18-24;33;50;83;SEC_206
2016;526;03-11;79;96;175;SEC_526
2011;414;00-02;15;18;33;SEC_414
2004;229;12-15;12;13;25;SEC_229
2016;320;03-11;13;3;16;SEC_320
2008;215;03-11;34;37;71;SEC_215
2012;632;75 i +;51;37;88;SEC_632
2007;419;50-64;61;55;116;SEC_419
1997;413;50-64;58;53;111;SEC_413
1999;627;35-49;152;124;276;SEC_627
1996;429;25-34;34;41;75;SEC_429
2016;327;65-74;66;64;130;SEC_327
2015;305;50-64;198;179;377;SEC_305
2000;304;16-17;6;10;16;SEC_304
2012;432;18-24;39;45;84;SEC_432
1999;217;50-64;38;34;72;SEC_217
2012;224;75 i +;35;23;58;SEC_224
1994;138;75 i +;16;9;25;SEC_138
2016;226;16-17;13;16;29;SEC_226
2002;617;00-02;13;11;24;SEC_617
2008;514;16-17;8;4;12;SEC_514
2008;508;75 i +;38;26;64;SEC_508
2011;538;18-24;43;43;86;SEC_538
2009;137;12-15;24;22;46;SEC_137
2006;226;18-24;59;53;112;SEC_226
2002;323;50-64;251;307;558;SEC_323
2013;414;16-17;13;19;32;SEC_414
2009;215;25-34;84;96;180;SEC_215
2001;219;18-24;37;54;91;SEC_219
2008;241;25-34;75;82;157;SEC_241
2005;440;12-15;7;12;19;SEC_440
1996;617;00-02;12;16;28;SEC_617
2008;110;75 i +;62;38;100;SEC_110
2013;325;35-49;201;200;401;SEC_325
2003;418;16-17;10;16;26;SEC_418
2008;514;12-15;14;12;26;SEC_514
2012;417;12-15;12;11;23;SEC_417
2003;612;16-17;6;8;14;SEC_612
2001;139;00-02;13;9;22;SEC_139
2006;625;75 i +;33;20;53;SEC_625
1997;313;50-64;154;146;300;SEC_313
1998;246;18-24;48;37;85;SEC_246
1995;508;75 i +;20;13;33;SEC_508
2013;107;75 i +;101;55;156;SEC_107
2000;425;00-02;8;10;18;SEC_425
2008;524;12-15;24;26;50;SEC_524
2011;508;75 i +;38;24;62;SEC_508
1998;312;12-15;25;18;43;SEC_312
2011;618;00-02;4;8;12;SEC_618
2003;238;50-64;63;62;125;SEC_238
2004;226;50-64;91;91;182;SEC_226
1994;619;18-24;100;106;206;SEC_619
2006;610;03-11;47;54;101;SEC_610
2009;629;00-02;6;3;9;SEC_629
2016;131;65-74;124;114;238;SEC_131
2012;316;03-11;52;69;121;SEC_316
1998;207;25-34;58;45;103;SEC_207
1997;434;00-02;3;6;9;SEC_434
2004;219;00-02;12;15;27;SEC_219
1995;630;12-15;40;42;82;SEC_630
2007;530;25-34;129;173;302;SEC_530
2004;323;03-11;132;137;269;SEC_323
1999;204;03-11;8;20;28;SEC_204
2000;112;00-02;8;12;20;SEC_112
2012;122;16-17;10;7;17;SEC_122
1995;112;65-74;51;42;93;SEC_112
2003;301;12-15;33;38;71;SEC_301
2006;312;65-74;79;81;160;SEC_312
2001;324;03-11;39;31;70;SEC_324
1997;321;03-11;92;109;201;SEC_321
2012;522;75 i +;37;32;69;SEC_522
1997;310;16-17;16;18;34;SEC_310
1997;507;75 i +;37;25;62;SEC_507
2004;436;25-34;110;127;237;SEC_436
2011;523;00-02;20;19;39;SEC_523
2002;614;25-34;80;107;187;SEC_614
2012;309;16-17;7;12;19;SEC_309
2012;135;16-17;13;10;23;SEC_135
2014;411;50-64;84;71;155;SEC_411
2011;530;25-34;150;142;292;SEC_530
1996;111;18-24;63;97;160;SEC_111
1997;409;25-34;57;61;118;SEC_409
1996;303;35-49;127;107;234;SEC_303
2006;620;16-17;5;11;16;SEC_620
2001;235;12-15;12;14;26;SEC_235
1997;115;50-64;106;118;224;SEC_115
1999;413;65-74;43;35;78;SEC_413
1997;520;16-17;7;11;18;SEC_520
2006;249;25-34;107;97;204;SEC_249
1995;216;65-74;75;63;138;SEC_216
2000;429;18-24;34;43;77;SEC_429
2006;240;25-34;67;72;139;SEC_240
2000;305;25-34;99;112;211;SEC_305
1999;529;03-11;24;38;62;SEC_529
2013;212;75 i +;86;46;132;SEC_212
1997;506;65-74;62;67;129;SEC_506
2004;116;75 i +;65;42;107;SEC_116
1999;504;00-02;12;10;22;SEC_504
2014;422;65-74;52;25;77;SEC_422
2015;224;25-34;114;106;220;SEC_224
2012;528;75 i +;65;51;116;SEC_528
1994;626;65-74;36;45;81;SEC_626
2012;630;50-64;115;88;203;SEC_630
1994;414;03-11;29;51;80;SEC_414
2010;613;00-02;17;19;36;SEC_613
2013;614;18-24;20;30;50;SEC_614
1994;518;75 i +;48;20;68;SEC_518
2002;404;65-74;83;73;156;SEC_404
2005;242;16-17;4;8;12;SEC_242
1994;622;50-64;65;67;132;SEC_622
2003;218;03-11;28;26;54;SEC_218
2013;414;65-74;67;63;130;SEC_414
2016;304;00-02;75;102;177;SEC_304
2015;404;50-64;110;105;215;SEC_404
2016;102;03-11;54;52;106;SEC_102
2012;607;50-64;84;74;158;SEC_607
2002;606;16-17;8;10;18;SEC_606
2006;426;18-24;58;46;104;SEC_426
1994;134;35-49;155;157;312;SEC_134
2008;133;75 i +;53;42;95;SEC_133
2010;119;16-17;8;9;17;SEC_119
2006;131;03-11;37;56;93;SEC_131
1996;242;00-02;9;6;15;SEC_242
2001;222;25-34;69;86;155;SEC_222
1995;409;35-49;71;69;140;SEC_409
2004;505;65-74;68;70;138;SEC_505
2015;111;00-02;13;5;18;SEC_111
2003;315;50-64;122;140;262;SEC_315
2008;139;75 i +;41;24;65;SEC_139
2006;531;12-15;19;20;39;SEC_531
2001;224;00-02;5;8;13;SEC_224
2002;314;03-11;84;101;185;SEC_314
2008;420;16-17;18;15;33;SEC_420
2003;318;16-17;9;18;27;SEC_318
2003;305;16-17;26;18;44;SEC_305
2010;323;18-24;114;85;199;SEC_323
2009;420;16-17;16;11;27;SEC_420
2002;119;50-64;177;175;352;SEC_119
2010;247;65-74;61;60;121;SEC_247
1998;502;50-64;146;162;308;SEC_502
2016;102;65-74;133;124;257;SEC_102
1996;320;25-34;67;84;151;SEC_320
2011;219;16-17;17;10;27;SEC_219
1998;215;35-49;63;64;127;SEC_215
2010;531;50-64;90;79;169;SEC_531
1999;414;03-11;23;31;54;SEC_414
2011;106;35-49;190;175;365;SEC_106
2015;414;03-11;86;86;172;SEC_414
2007;438;12-15;12;18;30;SEC_438
1998;604;50-64;93;72;165;SEC_604
1996;225;25-34;28;25;53;SEC_225
2009;432;12-15;13;19;32;SEC_432
2015;239;25-34;77;89;166;SEC_239
2000;625;00-02;14;10;24;SEC_625
1995;604;18-24;64;72;136;SEC_604
2007;406;00-02;19;23;42;SEC_406
2006;403;00-02;7;16;23;SEC_403
2016;430;75 i +;52;34;86;SEC_430
2003;614;03-11;27;35;62;SEC_614
1994;415;00-02;9;5;14;SEC_415
2001;133;03-11;18;30;48;SEC_133
2007;517;65-74;58;54;112;SEC_517
2004;215;18-24;39;34;73;SEC_215
2001;427;25-34;84;88;172;SEC_427
2009;231;25-34;110;110;220;SEC_231
2000;628;75 i +;32;15;47;SEC_628
2006;618;00-02;7;10;17;SEC_618
2002;112;00-02;20;14;34;SEC_112
2015;107;12-15;28;24;52;SEC_107
1995;106;75 i +;22;20;42;SEC_106
2005;426;16-17;10;6;16;SEC_426
1999;403;12-15;25;17;42;SEC_403
1996;431;03-11;47;51;98;SEC_431
2001;212;75 i +;69;38;107;SEC_212
2007;212;25-34;134;174;308;SEC_212
1995;630;65-74;22;22;44;SEC_630
1999;523;18-24;65;65;130;SEC_523
2005;230;12-15;18;16;34;SEC_230
2011;203;00-02;9;12;21;SEC_203
2005;609;50-64;121;97;218;SEC_609
2006;106;12-15;21;27;48;SEC_106
2009;103;12-15;10;9;19;SEC_103
2002;107;00-02;20;26;46;SEC_107
2007;601;35-49;125;151;276;SEC_601
2007;439;03-11;51;61;112;SEC_439
1995;433;03-11;45;40;85;SEC_433
2015;210;65-74;62;49;111;SEC_210
2013;523;25-34;111;116;227;SEC_523
2010;305;18-24;88;70;158;SEC_305
1994;606;18-24;82;75;157;SEC_606
2005;510;18-24;46;51;97;SEC_510
2000;442;18-24;23;28;51;SEC_442
2013;115;35-49;154;163;317;SEC_115
1998;512;35-49;69;66;135;SEC_512
2013;312;16-17;11;14;25;SEC_312
1995;126;35-49;130;97;227;SEC_126
2005;126;75 i +;53;27;80;SEC_126
1995;523;03-11;39;39;78;SEC_523
1998;246;00-02;13;13;26;SEC_246
1999;104;65-74;81;53;134;SEC_104
2015;223;75 i +;61;44;105;SEC_223
2010;517;00-02;26;19;45;SEC_517
2012;121;16-17;10;10;20;SEC_121
2008;510;35-49;112;129;241;SEC_510
2012;316;12-15;22;25;47;SEC_316
2000;104;12-15;5;8;13;SEC_104
2005;219;12-15;20;16;36;SEC_219
2010;527;16-17;13;6;19;SEC_527
2013;631;03-11;29;43;72;SEC_631
2001;122;16-17;4;6;10;SEC_122
2006;523;12-15;12;23;35;SEC_523
2001;518;50-64;107;84;191;SEC_518
1998;504;50-64;169;157;326;SEC_504
2010;228;16-17;14;6;20;SEC_228
1996;508;25-34;43;59;102;SEC_508
1998;403;25-34;85;98;183;SEC_403
2003;604;25-34;55;86;141;SEC_604
1999;526;65-74;38;34;72;SEC_526
2005;302;65-74;63;48;111;SEC_302
2016;615;12-15;17;8;25;SEC_615
2003;311;35-49;129;139;268;SEC_311
2006;533;12-15;11;11;22;SEC_533
2016;520;35-49;92;92;184;SEC_520
2013;423;50-64;77;68;145;SEC_423
2002;442;35-49;60;57;117;SEC_442
2001;532;35-49;119;93;212;SEC_532
2000;128;75 i +;38;24;62;SEC_128
2009;618;65-74;36;41;77;SEC_618
1996;107;65-74;70;57;127;SEC_107
2006;247;75 i +;78;36;114;SEC_247
2011;520;18-24;34;35;69;SEC_520
2008;210;25-34;70;58;128;SEC_210
2013;233;75 i +;57;39;96;SEC_233
2016;229;12-15;48;27;75;SEC_229
2003;248;65-74;64;57;121;SEC_248
2010;213;18-24;38;33;71;SEC_213
2009;214;35-49;133;136;269;SEC_214
1994;427;75 i +;56;34;90;SEC_427
2000;432;03-11;26;42;68;SEC_432
2015;324;25-34;96;76;172;SEC_324
2007;129;65-74;55;60;115;SEC_129
1994;136;12-15;38;38;76;SEC_136
2004;403;18-24;52;43;95;SEC_403
2007;124;03-11;27;22;49;SEC_124
1999;404;35-49;107;125;232;SEC_404
2008;504;65-74;94;86;180;SEC_504
1995;312;16-17;10;17;27;SEC_312
2015;507;12-15;9;21;30;SEC_507
1995;601;16-17;28;40;68;SEC_601
2004;209;12-15;20;23;43;SEC_209
1998;305;16-17;17;22;39;SEC_305
1994;246;16-17;9;16;25;SEC_246
1997;530;18-24;68;80;148;SEC_530
1996;316;12-15;125;130;255;SEC_316
2014;238;12-15;14;18;32;SEC_238
2013;616;65-74;106;85;191;SEC_616
2014;113;75 i +;56;40;96;SEC_113
2010;406;16-17;12;12;24;SEC_406
2016;318;65-74;45;41;86;SEC_318
2016;308;18-24;75;79;154;SEC_308
2000;521;35-49;103;82;185;SEC_521
1998;428;65-74;45;36;81;SEC_428
2011;503;65-74;45;43;88;SEC_503
2000;526;25-34;56;67;123;SEC_526
2015;402;03-11;46;44;90;SEC_402
2011;530;65-74;75;57;132;SEC_530
1997;531;03-11;32;30;62;SEC_531
2013;630;03-11;20;31;51;SEC_630
1999;101;65-74;33;43;76;SEC_101
2005;535;12-15;14;15;29;SEC_535
2016;213;18-24;32;41;73;SEC_213
2007;239;00-02;17;15;32;SEC_239
1994;410;03-11;46;56;102;SEC_410
2003;525;16-17;9;7;16;SEC_525
1995;510;25-34;85;113;198;SEC_510
2004;433;18-24;56;46;102;SEC_433
2002;305;65-74;77;60;137;SEC_305
2002;517;16-17;5;6;11;SEC_517
2004;132;65-74;87;80;167;SEC_132
1996;533;00-02;8;7;15;SEC_533
1998;244;03-11;16;16;32;SEC_244
2008;412;35-49;161;181;342;SEC_412
1997;418;12-15;25;23;48;SEC_418
2005;243;16-17;16;17;33;SEC_243
2008;123;35-49;163;162;325;SEC_123
1995;509;16-17;12;9;21;SEC_509
2014;137;35-49;178;158;336;SEC_137
2014;409;12-15;29;24;53;SEC_409
2006;138;50-64;92;88;180;SEC_138
2002;519;03-11;20;36;56;SEC_519
2016;207;65-74;78;63;141;SEC_207
1999;229;75 i +;47;20;67;SEC_229
2009;615;35-49;85;100;185;SEC_615
2001;313;35-49;232;208;440;SEC_313
1999;616;00-02;27;51;78;SEC_616
1998;204;65-74;53;43;96;SEC_204
2008;534;12-15;14;15;29;SEC_534
2009;616;50-64;258;236;494;SEC_616
2007;218;03-11;25;27;52;SEC_218
2004;126;75 i +;52;26;78;SEC_126
1994;413;12-15;9;16;25;SEC_413
2002;625;75 i +;20;11;31;SEC_625
1996;420;25-34;100;112;212;SEC_420
2006;607;50-64;92;59;151;SEC_607
2014;214;16-17;19;17;36;SEC_214
2009;502;18-24;63;79;142;SEC_502
1999;626;00-02;15;9;24;SEC_626
2004;509;16-17;6;9;15;SEC_509
2002;242;18-24;37;50;87;SEC_242
1997;413;18-24;26;34;60;SEC_413
2000;533;50-64;84;71;155;SEC_533
2013;108;25-34;97;88;185;SEC_108
2013;108;35-49;195;158;353;SEC_108
2004;615;65-74;51;59;110;SEC_615
2004;316;75 i +;66;29;95;SEC_316
2007;122;35-49;90;102;192;SEC_122
1998;318;50-64;58;67;125;SEC_318
2010;415;03-11;33;46;79;SEC_415
2010;127;03-11;35;37;72;SEC_127
2010;224;18-24;29;20;49;SEC_224
2006;603;16-17;3;4;7;SEC_603
2009;525;35-49;95;127;222;SEC_525
2003;139;25-34;92;93;185;SEC_139
2012;430;18-24;38;38;76;SEC_430
2003;206;18-24;38;32;70;SEC_206
1999;205;16-17;14;7;21;SEC_205
2013;537;18-24;48;49;97;SEC_537
1997;237;16-17;16;9;25;SEC_237
2005;129;50-64;112;94;206;SEC_129
1994;304;25-34;77;109;186;SEC_304
2000;318;65-74;21;18;39;SEC_318
2000;418;75 i +;72;40;112;SEC_418
2007;243;00-02;18;21;39;SEC_243
1996;537;35-49;119;104;223;SEC_537
2005;527;75 i +;53;29;82;SEC_527
1994;204;75 i +;23;13;36;SEC_204
2005;108;03-11;58;43;101;SEC_108
2010;610;65-74;118;128;246;SEC_610
1997;128;65-74;50;42;92;SEC_128
2009;422;12-15;15;19;34;SEC_422
2008;629;00-02;6;3;9;SEC_629
2003;523;50-64;120;107;227;SEC_523
2004;427;18-24;32;32;64;SEC_427
2013;441;50-64;227;201;428;SEC_441
2003;239;18-24;46;35;81;SEC_239
2014;621;65-74;106;133;239;SEC_621
2002;226;25-34;108;114;222;SEC_226
2003;410;16-17;7;10;17;SEC_410
2008;615;18-24;20;24;44;SEC_615
2015;324;03-11;57;56;113;SEC_324
2005;133;50-64;93;81;174;SEC_133
2003;538;18-24;35;54;89;SEC_538
2013;514;65-74;61;36;97;SEC_514
2008;108;12-15;18;28;46;SEC_108
2008;136;18-24;41;32;73;SEC_136
2007;533;16-17;5;10;15;SEC_533
2012;626;18-24;33;18;51;SEC_626
2013;135;65-74;86;74;160;SEC_135
2011;424;50-64;50;47;97;SEC_424
1996;118;12-15;62;68;130;SEC_118
2009;217;35-49;91;132;223;SEC_217
2002;109;16-17;16;6;22;SEC_109
2003;102;65-74;95;85;180;SEC_102
2013;112;35-49;199;173;372;SEC_112
2001;413;50-64;39;48;87;SEC_413
2002;230;50-64;62;48;110;SEC_230
2003;206;00-02;6;8;14;SEC_206
2003;108;12-15;22;26;48;SEC_108
2013;529;35-49;176;158;334;SEC_529
2002;512;75 i +;55;23;78;SEC_512
2000;427;03-11;19;30;49;SEC_427
1994;409;03-11;28;28;56;SEC_409
2001;135;18-24;77;101;178;SEC_135
1997;104;16-17;11;8;19;SEC_104
2001;435;12-15;27;22;49;SEC_435
2001;408;35-49;100;100;200;SEC_408
1995;524;16-17;14;20;34;SEC_524
2004;139;50-64;92;85;177;SEC_139
2010;614;35-49;107;112;219;SEC_614
2010;515;00-02;6;11;17;SEC_515
2009;524;50-64;99;92;191;SEC_524
2005;107;25-34;160;199;359;SEC_107
2015;432;35-49;127;144;271;SEC_432
2007;134;75 i +;73;35;108;SEC_134
2000;408;03-11;19;26;45;SEC_408
2002;616;35-49;282;286;568;SEC_616
2011;535;65-74;90;90;180;SEC_535
2014;602;18-24;37;44;81;SEC_602
1998;132;12-15;50;56;106;SEC_132
1995;419;16-17;8;14;22;SEC_419
2010;427;75 i +;63;33;96;SEC_427
2015;137;25-34;98;81;179;SEC_137
2007;213;50-64;85;86;171;SEC_213
2009;202;65-74;32;33;65;SEC_202
2014;503;75 i +;41;19;60;SEC_503
2008;307;03-11;32;40;72;SEC_307
2001;403;03-11;21;27;48;SEC_403
2004;220;03-11;31;23;54;SEC_220
2015;228;03-11;100;104;204;SEC_228
2014;135;25-34;80;91;171;SEC_135
2000;232;00-02;8;11;19;SEC_232
2007;432;35-49;126;121;247;SEC_432
2010;442;35-49;75;82;157;SEC_442
2013;236;03-11;34;46;80;SEC_236
2016;135;25-34;89;107;196;SEC_135
1996;324;12-15;19;11;30;SEC_324
2015;234;35-49;141;139;280;SEC_234
2010;307;16-17;12;9;21;SEC_307
2001;520;75 i +;40;29;69;SEC_520
2008;315;00-02;32;31;63;SEC_315
1996;113;18-24;77;64;141;SEC_113
2011;501;35-49;112;113;225;SEC_501
2006;512;35-49;96;107;203;SEC_512
2015;507;25-34;49;57;106;SEC_507
1995;302;65-74;48;47;95;SEC_302
2005;119;12-15;15;26;41;SEC_119
2001;617;65-74;62;48;110;SEC_617
2002;613;00-02;15;19;34;SEC_613
2013;323;16-17;15;14;29;SEC_323
2001;224;03-11;16;21;37;SEC_224
2007;317;65-74;31;30;61;SEC_317
1999;113;25-34;95;93;188;SEC_113
2001;402;50-64;84;70;154;SEC_402
2003;228;25-34;88;97;185;SEC_228
1999;437;50-64;81;78;159;SEC_437
2015;115;50-64;117;123;240;SEC_115
2011;226;16-17;9;4;13;SEC_226
2013;204;12-15;25;15;40;SEC_204
2001;325;50-64;193;178;371;SEC_325
2011;611;65-74;139;118;257;SEC_611
2008;630;16-17;8;7;15;SEC_630
2003;417;03-11;24;18;42;SEC_417
2008;324;35-49;130;142;272;SEC_324
2009;503;65-74;41;36;77;SEC_503
1996;245;18-24;41;64;105;SEC_245
2011;620;35-49;57;55;112;SEC_620
2013;308;03-11;97;98;195;SEC_308
2000;117;00-02;26;21;47;SEC_117
2009;229;16-17;7;4;11;SEC_229
2010;138;35-49;89;62;151;SEC_138
2000;611;00-02;13;18;31;SEC_611
2008;136;75 i +;66;40;106;SEC_136
2012;403;00-02;19;18;37;SEC_403
2010;112;25-34;123;90;213;SEC_112
2008;416;18-24;35;43;78;SEC_416
2004;126;65-74;62;58;120;SEC_126
1996;430;12-15;11;20;31;SEC_430
2003;427;12-15;13;23;36;SEC_427
2008;616;65-74;71;72;143;SEC_616
2000;105;50-64;91;107;198;SEC_105
2015;236;12-15;16;21;37;SEC_236
2010;246;65-74;38;35;73;SEC_246
1995;538;75 i +;48;24;72;SEC_538
1997;209;18-24;31;35;66;SEC_209
1995;517;25-34;110;125;235;SEC_517
1994;404;25-34;114;138;252;SEC_404
2005;105;16-17;13;14;27;SEC_105
2001;442;12-15;10;10;20;SEC_442
2006;402;65-74;54;52;106;SEC_402
1995;232;75 i +;74;30;104;SEC_232
1999;441;35-49;256;252;508;SEC_441
2006;312;18-24;59;61;120;SEC_312
2015;404;03-11;77;65;142;SEC_404
1997;415;65-74;46;32;78;SEC_415
2002;616;18-24;178;174;352;SEC_616
2012;202;35-49;106;133;239;SEC_202
2007;404;03-11;56;62;118;SEC_404
2007;110;50-64;182;142;324;SEC_110
2005;204;00-02;10;7;17;SEC_204
2009;245;50-64;78;64;142;SEC_245
2014;619;35-49;111;125;236;SEC_619
1997;527;75 i +;45;21;66;SEC_527
2013;304;00-02;61;78;139;SEC_304
1995;324;65-74;55;40;95;SEC_324
2012;524;25-34;117;109;226;SEC_524
2002;615;12-15;6;10;16;SEC_615
2003;515;16-17;7;10;17;SEC_515
2008;601;16-17;12;12;24;SEC_601
1997;301;12-15;35;56;91;SEC_301
2002;421;18-24;50;56;106;SEC_421
2013;630;00-02;8;5;13;SEC_630
1997;120;03-11;85;80;165;SEC_120
2015;140;65-74;49;46;95;SEC_140
1994;410;16-17;34;38;72;SEC_410
1998;503;25-34;67;52;119;SEC_503
2000;206;65-74;64;60;124;SEC_206
2005;209;18-24;28;46;74;SEC_209
1999;620;65-74;17;22;39;SEC_620
2008;238;75 i +;66;42;108;SEC_238
2005;517;16-17;13;9;22;SEC_517
2009;322;16-17;18;8;26;SEC_322
2015;606;00-02;12;22;34;SEC_606
2006;510;35-49;116;131;247;SEC_510
2000;626;75 i +;26;21;47;SEC_626
2007;425;65-74;64;46;110;SEC_425
1998;240;75 i +;40;19;59;SEC_240
1998;433;65-74;49;40;89;SEC_433
1997;209;65-74;84;66;150;SEC_209
1997;108;03-11;50;44;94;SEC_108
2012;503;75 i +;40;21;61;SEC_503
2004;611;75 i +;67;37;104;SEC_611
2015;525;12-15;11;16;27;SEC_525
1996;401;50-64;126;114;240;SEC_401
2012;241;03-11;35;38;73;SEC_241
2011;311;50-64;116;93;209;SEC_311
1999;603;25-34;60;77;137;SEC_603
2011;413;03-11;23;30;53;SEC_413
2009;401;50-64;104;94;198;SEC_401
2015;610;35-49;127;128;255;SEC_610
2011;603;75 i +;22;23;45;SEC_603
1995;408;18-24;46;47;93;SEC_408
2006;515;35-49;76;77;153;SEC_515
2016;114;65-74;114;82;196;SEC_114
1996;126;16-17;13;16;29;SEC_126
2009;239;25-34;114;136;250;SEC_239
2000;309;75 i +;27;12;39;SEC_309
2004;527;25-34;113;125;238;SEC_527
2008;520;03-11;35;37;72;SEC_520
2010;123;35-49;155;169;324;SEC_123
2009;442;25-34;50;65;115;SEC_442
2003;118;35-49;196;149;345;SEC_118
1997;617;00-02;10;14;24;SEC_617
1997;632;12-15;21;36;57;SEC_632
1999;310;35-49;95;108;203;SEC_310
1995;535;03-11;58;51;109;SEC_535
2012;231;50-64;77;65;142;SEC_231
2009;243;65-74;73;62;135;SEC_243
2004;610;12-15;17;19;36;SEC_610
2007;236;75 i +;79;51;130;SEC_236
2002;301;25-34;245;260;505;SEC_301
2012;103;00-02;6;17;23;SEC_103
2010;323;00-02;32;56;88;SEC_323
2005;631;03-11;33;39;72;SEC_631
1997;117;16-17;30;36;66;SEC_117
1999;422;65-74;87;61;148;SEC_422
2013;119;16-17;7;12;19;SEC_119
2008;322;16-17;14;12;26;SEC_322
2002;120;03-11;82;76;158;SEC_120
2006;607;03-11;38;36;74;SEC_607
2015;119;50-64;141;98;239;SEC_119
2004;438;12-15;16;15;31;SEC_438
1995;626;16-17;21;15;36;SEC_626
1995;604;75 i +;20;10;30;SEC_604
1997;407;35-49;78;80;158;SEC_407
1995;616;03-11;72;84;156;SEC_616
1995;115;50-64;100;109;209;SEC_115
2001;202;50-64;68;66;134;SEC_202
2007;136;25-34;129;122;251;SEC_136
1998;521;65-74;42;35;77;SEC_521
2008;621;75 i +;43;24;67;SEC_621
2012;135;03-11;46;62;108;SEC_135
2010;428;50-64;46;45;91;SEC_428
2013;538;25-34;84;94;178;SEC_538
2000;140;18-24;51;55;106;SEC_140
2003;438;25-34;90;90;180;SEC_438
1997;227;25-34;50;51;101;SEC_227
1996;319;75 i +;30;15;45;SEC_319
2003;241;16-17;6;3;9;SEC_241
1995;102;00-02;16;12;28;SEC_102
1994;610;03-11;47;45;92;SEC_610
1996;538;16-17;14;12;26;SEC_538
2009;425;75 i +;72;49;121;SEC_425
2009;413;75 i +;44;30;74;SEC_413
2001;518;00-02;12;15;27;SEC_518
1998;418;18-24;60;64;124;SEC_418
1997;432;35-49;154;134;288;SEC_432
1998;402;12-15;10;14;24;SEC_402
2003;303;12-15;17;15;32;SEC_303
1995;427;00-02;8;9;17;SEC_427
2008;519;35-49;92;110;202;SEC_519
2014;612;35-49;114;143;257;SEC_612
2007;504;03-11;26;31;57;SEC_504
2006;518;18-24;55;56;111;SEC_518
2006;125;03-11;39;52;91;SEC_125
2009;208;75 i +;217;112;329;SEC_208
2002;213;25-34;79;87;166;SEC_213
2016;239;00-02;18;8;26;SEC_239
2007;312;00-02;25;21;46;SEC_312
2014;304;00-02;73;80;153;SEC_304
2014;118;35-49;181;208;389;SEC_118
2012;508;16-17;5;7;12;SEC_508
2008;408;25-34;107;126;233;SEC_408
2009;536;75 i +;71;48;119;SEC_536
2000;507;50-64;93;96;189;SEC_507
2005;105;65-74;40;33;73;SEC_105
2004;610;16-17;6;10;16;SEC_610
2013;506;25-34;100;105;205;SEC_506
2000;608;35-49;91;88;179;SEC_608
1999;412;03-11;43;46;89;SEC_412
2011;508;03-11;31;31;62;SEC_508
2003;119;25-34;109;118;227;SEC_119
2006;501;50-64;161;161;322;SEC_501
2014;131;18-24;41;44;85;SEC_131
1994;121;50-64;112;94;206;SEC_121
2012;214;25-34;107;108;215;SEC_214
1998;513;75 i +;40;17;57;SEC_513
2014;611;03-11;82;100;182;SEC_611
2013;131;18-24;47;46;93;SEC_131
1999;231;75 i +;87;44;131;SEC_231
1998;320;00-02;5;6;11;SEC_320
2004;423;35-49;104;110;214;SEC_423
2010;103;12-15;16;13;29;SEC_103
1995;612;65-74;50;33;83;SEC_612
2012;249;50-64;94;83;177;SEC_249
2004;528;65-74;62;60;122;SEC_528
2008;113;00-02;23;30;53;SEC_113
1997;522;16-17;10;11;21;SEC_522
2015;127;25-34;62;51;113;SEC_127
2010;311;35-49;171;198;369;SEC_311
1999;128;75 i +;35;21;56;SEC_128
1994;405;75 i +;24;19;43;SEC_405
1994;424;65-74;25;22;47;SEC_424
1998;401;03-11;49;39;88;SEC_401
2007;425;12-15;12;16;28;SEC_425
1996;316;18-24;145;146;291;SEC_316
2013;226;12-15;34;24;58;SEC_226
1997;622;50-64;63;74;137;SEC_622
1996;234;35-49;77;68;145;SEC_234
2012;612;35-49;111;137;248;SEC_612
2011;243;03-11;68;73;141;SEC_243
2005;323;50-64;316;337;653;SEC_323
1994;214;50-64;86;68;154;SEC_214
1995;417;00-02;5;6;11;SEC_417
2001;626;12-15;15;16;31;SEC_626
2012;135;12-15;27;23;50;SEC_135
1995;137;65-74;41;38;79;SEC_137
2000;243;50-64;127;106;233;SEC_243
1994;607;25-34;102;108;210;SEC_607
2000;205;12-15;13;15;28;SEC_205
2004;320;00-02;26;17;43;SEC_320
2012;529;65-74;64;41;105;SEC_529
1999;219;35-49;96;104;200;SEC_219
2005;439;65-74;56;66;122;SEC_439
2001;316;12-15;71;79;150;SEC_316
2012;626;75 i +;68;45;113;SEC_626
1994;610;25-34;88;121;209;SEC_610
2016;246;65-74;36;37;73;SEC_246
2006;242;25-34;95;108;203;SEC_242
2005;215;12-15;11;19;30;SEC_215
2000;424;18-24;24;44;68;SEC_424
1994;628;35-49;155;122;277;SEC_628
1995;308;16-17;28;21;49;SEC_308
2003;105;25-34;117;104;221;SEC_105
2011;601;75 i +;60;50;110;SEC_601
2009;533;50-64;56;67;123;SEC_533
2009;212;35-49;188;194;382;SEC_212
1994;515;75 i +;21;12;33;SEC_515
2013;104;18-24;28;20;48;SEC_104
2003;247;75 i +;65;34;99;SEC_247
2002;106;00-02;28;23;51;SEC_106
1994;613;18-24;192;170;362;SEC_613
1995;506;50-64;172;203;375;SEC_506
2012;418;50-64;107;105;212;SEC_418
2004;206;75 i +;65;31;96;SEC_206
1995;440;65-74;58;46;104;SEC_440
2009;104;00-02;11;12;23;SEC_104
1997;129;65-74;44;34;78;SEC_129
2007;412;75 i +;82;57;139;SEC_412
2009;107;35-49;185;212;397;SEC_107
1995;431;25-34;126;125;251;SEC_431
1999;520;03-11;32;23;55;SEC_520
1995;509;35-49;65;69;134;SEC_509
1996;227;03-11;13;13;26;SEC_227
2001;531;12-15;8;10;18;SEC_531
2003;207;75 i +;69;28;97;SEC_207
2012;441;18-24;77;83;160;SEC_441
2006;321;65-74;77;77;154;SEC_321
2006;530;03-11;39;52;91;SEC_530
2002;247;25-34;103;127;230;SEC_247
2006;420;75 i +;68;35;103;SEC_420
2011;511;25-34;64;63;127;SEC_511
1998;409;35-49;61;65;126;SEC_409
2000;106;03-11;56;61;117;SEC_106
2007;106;35-49;187;183;370;SEC_106
2008;535;25-34;63;69;132;SEC_535
2005;325;25-34;119;146;265;SEC_325
1996;506;75 i +;49;23;72;SEC_506
2012;135;50-64;159;141;300;SEC_135
2011;440;65-74;82;82;164;SEC_440
2001;205;18-24;46;45;91;SEC_205
1995;216;35-49;134;116;250;SEC_216
2005;422;35-49;125;160;285;SEC_422
2010;538;18-24;46;47;93;SEC_538
2004;614;03-11;39;34;73;SEC_614
2012;613;65-74;125;116;241;SEC_613
2014;237;12-15;17;29;46;SEC_237
2012;442;12-15;11;13;24;SEC_442
2009;503;35-49;79;56;135;SEC_503
1995;134;12-15;27;32;59;SEC_134
2008;616;16-17;36;37;73;SEC_616
2001;309;16-17;6;4;10;SEC_309
1997;109;50-64;96;98;194;SEC_109
2008;208;25-34;133;138;271;SEC_208
2016;109;65-74;72;66;138;SEC_109
2005;416;12-15;12;15;27;SEC_416
2006;419;16-17;5;7;12;SEC_419
2002;521;75 i +;40;27;67;SEC_521
1995;115;75 i +;32;21;53;SEC_115
2004;610;50-64;192;148;340;SEC_610
2013;310;18-24;27;34;61;SEC_310
1998;610;16-17;14;14;28;SEC_610
2011;112;03-11;72;58;130;SEC_112
2016;405;00-02;17;37;54;SEC_405
1994;245;35-49;82;85;167;SEC_245
2008;126;03-11;40;40;80;SEC_126
1998;442;03-11;19;18;37;SEC_442
2003;618;65-74;24;23;47;SEC_618
1997;515;50-64;53;62;115;SEC_515
2002;601;00-02;12;11;23;SEC_601
1999;215;65-74;71;50;121;SEC_215
1994;311;16-17;25;16;41;SEC_311
2013;133;18-24;19;23;42;SEC_133
2005;137;03-11;46;57;103;SEC_137
2001;236;35-49;105;100;205;SEC_236
2002;420;00-02;16;24;40;SEC_420
2014;436;00-02;20;29;49;SEC_436
2012;115;03-11;50;54;104;SEC_115
2010;126;16-17;6;5;11;SEC_126
2010;243;00-02;24;27;51;SEC_243
1998;229;65-74;54;49;103;SEC_229
2006;509;03-11;32;37;69;SEC_509
2006;234;18-24;27;39;66;SEC_234
2014;207;65-74;75;55;130;SEC_207
2001;233;18-24;28;34;62;SEC_233
2005;522;03-11;32;37;69;SEC_522
1994;203;03-11;15;23;38;SEC_203
2015;113;03-11;70;88;158;SEC_113
1997;410;12-15;35;37;72;SEC_410
1994;231;25-34;83;84;167;SEC_231
2014;618;65-74;106;84;190;SEC_618
2000;604;25-34;61;84;145;SEC_604
2000;121;18-24;21;28;49;SEC_121
2002;107;65-74;99;80;179;SEC_107
2007;219;03-11;54;50;104;SEC_219
2014;538;35-49;169;162;331;SEC_538
2001;236;50-64;107;83;190;SEC_236
2001;628;00-02;12;16;28;SEC_628
2006;619;00-02;19;14;33;SEC_619
2016;304;12-15;94;46;140;SEC_304
1999;128;00-02;9;9;18;SEC_128
1994;135;03-11;82;75;157;SEC_135
1994;137;35-49;191;164;355;SEC_137
1994;115;03-11;55;78;133;SEC_115
1997;631;65-74;44;41;85;SEC_631
2000;135;50-64;138;150;288;SEC_135
1994;212;25-34;119;112;231;SEC_212
2015;511;35-49;277;285;562;SEC_511
2010;519;75 i +;37;26;63;SEC_519
2013;134;35-49;183;172;355;SEC_134
2015;433;03-11;84;102;186;SEC_433
2001;421;12-15;8;16;24;SEC_421
2015;101;03-11;155;181;336;SEC_101
2002;104;35-49;75;88;163;SEC_104
2009;520;16-17;6;8;14;SEC_520
1994;612;00-02;12;12;24;SEC_612
2003;325;35-49;207;169;376;SEC_325
2012;310;35-49;107;110;217;SEC_310
2008;242;12-15;16;9;25;SEC_242
2012;509;50-64;63;50;113;SEC_509
2009;237;16-17;10;13;23;SEC_237
2012;429;18-24;23;30;53;SEC_429
1997;116;75 i +;54;17;71;SEC_116
2002;124;12-15;16;13;29;SEC_124
2000;235;03-11;24;35;59;SEC_235
2009;127;35-49;99;105;204;SEC_127
2016;626;25-34;51;35;86;SEC_626
1995;209;00-02;2;7;9;SEC_209
1996;401;65-74;95;81;176;SEC_401
2004;138;50-64;96;89;185;SEC_138
2011;533;12-15;20;12;32;SEC_533
2006;426;75 i +;54;32;86;SEC_426
2003;306;00-02;16;20;36;SEC_306
1997;611;50-64;228;219;447;SEC_611
2009;312;18-24;76;57;133;SEC_312
1997;125;25-34;88;92;180;SEC_125
1995;307;18-24;105;101;206;SEC_307
2012;426;65-74;39;31;70;SEC_426
2013;238;25-34;65;78;143;SEC_238
2006;203;12-15;8;15;23;SEC_203
2016;402;75 i +;60;43;103;SEC_402
2005;325;75 i +;159;84;243;SEC_325
2013;437;75 i +;96;75;171;SEC_437
1999;223;12-15;14;14;28;SEC_223
1996;616;03-11;55;77;132;SEC_616
1996;509;35-49;63;66;129;SEC_509
2004;630;00-02;14;10;24;SEC_630
2006;629;18-24;24;23;47;SEC_629
2010;441;35-49;191;217;408;SEC_441
2012;430;00-02;24;19;43;SEC_430
2011;120;25-34;100;126;226;SEC_120
2001;602;65-74;30;34;64;SEC_602
2009;529;75 i +;87;58;145;SEC_529
2000;121;03-11;42;35;77;SEC_121
2015;320;18-24;5;2;7;SEC_320
2015;208;03-11;35;48;83;SEC_208
1999;238;65-74;56;41;97;SEC_238
2007;209;50-64;73;62;135;SEC_209
2011;226;50-64;101;73;174;SEC_226
2011;222;16-17;13;8;21;SEC_222
2014;608;25-34;59;70;129;SEC_608
1997;629;16-17;12;9;21;SEC_629
1995;305;12-15;41;36;77;SEC_305
1997;221;12-15;22;18;40;SEC_221
2012;530;03-11;54;72;126;SEC_530
1994;241;18-24;34;27;61;SEC_241
2003;426;00-02;10;9;19;SEC_426
2015;134;18-24;43;48;91;SEC_134
2006;322;00-02;25;14;39;SEC_322
2004;125;18-24;56;70;126;SEC_125
1997;317;12-15;13;16;29;SEC_317
2010;240;65-74;34;34;68;SEC_240
2015;501;03-11;21;35;56;SEC_501
2010;407;03-11;45;47;92;SEC_407
2016;423;12-15;26;22;48;SEC_423
2000;436;18-24;47;49;96;SEC_436
2009;315;18-24;70;64;134;SEC_315
1996;525;18-24;55;49;104;SEC_525
1999;315;50-64;108;129;237;SEC_315
2016;140;00-02;14;12;26;SEC_140
2005;136;00-02;24;18;42;SEC_136
2008;113;50-64;210;197;407;SEC_113
2012;116;25-34;91;84;175;SEC_116
2012;417;75 i +;35;21;56;SEC_417
2001;134;12-15;22;33;55;SEC_134
2008;123;03-11;49;51;100;SEC_123
2002;623;18-24;89;105;194;SEC_623
2003;417;18-24;29;23;52;SEC_417
2010;243;12-15;18;27;45;SEC_243
2009;210;03-11;34;27;61;SEC_210
1994;419;65-74;41;37;78;SEC_419
2014;112;65-74;92;74;166;SEC_112
2000;501;00-02;12;9;21;SEC_501
2002;209;03-11;23;28;51;SEC_209
2016;104;65-74;42;34;76;SEC_104
2003;108;16-17;14;6;20;SEC_108
1997;624;18-24;129;147;276;SEC_624
1998;517;35-49;95;100;195;SEC_517
2011;608;35-49;85;114;199;SEC_608
2016;531;25-34;75;83;158;SEC_531
2007;104;18-24;14;19;33;SEC_104
1998;116;65-74;61;61;122;SEC_116
1998;139;12-15;13;18;31;SEC_139
1995;313;16-17;50;32;82;SEC_313
2010;217;25-34;70;71;141;SEC_217
1995;437;25-34;64;96;160;SEC_437
2015;505;00-02;8;9;17;SEC_505
2004;529;18-24;50;52;102;SEC_529
2007;401;18-24;46;72;118;SEC_401
2013;425;18-24;40;36;76;SEC_425
2011;407;12-15;19;12;31;SEC_407
2003;409;18-24;34;35;69;SEC_409
1999;512;50-64;107;106;213;SEC_512
2007;209;25-34;75;78;153;SEC_209
1996;134;18-24;83;80;163;SEC_134
1999;522;25-34;48;59;107;SEC_522
2013;205;35-49;101;111;212;SEC_205
2013;441;65-74;117;106;223;SEC_441
1996;105;16-17;34;24;58;SEC_105
2002;615;03-11;14;21;35;SEC_615
2008;202;25-34;96;110;206;SEC_202
2002;126;18-24;56;41;97;SEC_126
2005;533;03-11;36;22;58;SEC_533
2006;235;65-74;73;67;140;SEC_235
2005;122;12-15;14;8;22;SEC_122
2005;607;18-24;37;43;80;SEC_607
1994;524;16-17;11;21;32;SEC_524
2006;505;12-15;15;11;26;SEC_505
2013;440;75 i +;64;52;116;SEC_440
1994;441;12-15;64;61;125;SEC_441
1995;322;35-49;130;122;252;SEC_322
1996;120;75 i +;31;23;54;SEC_120
2011;615;00-02;8;9;17;SEC_615
2004;314;18-24;135;125;260;SEC_314
1998;623;50-64;198;202;400;SEC_623
2015;118;16-17;20;13;33;SEC_118
2000;237;12-15;13;13;26;SEC_237
2015;132;65-74;117;134;251;SEC_132
2003;220;12-15;10;15;25;SEC_220
2012;602;03-11;28;19;47;SEC_602
2009;247;12-15;23;27;50;SEC_247
2013;249;00-02;15;17;32;SEC_249
2001;215;18-24;37;39;76;SEC_215
1995;408;75 i +;25;18;43;SEC_408
1997;107;18-24;129;141;270;SEC_107
2016;318;35-49;81;82;163;SEC_318
2011;242;12-15;17;21;38;SEC_242
2012;308;16-17;16;22;38;SEC_308
1999;308;25-34;141;137;278;SEC_308
1999;320;50-64;97;82;179;SEC_320
2005;234;25-34;96;109;205;SEC_234
1996;232;35-49;89;66;155;SEC_232
1996;418;65-74;72;53;125;SEC_418
2014;401;25-34;83;89;172;SEC_401
2001;515;18-24;21;20;41;SEC_515
1999;505;18-24;107;86;193;SEC_505
1996;405;75 i +;31;20;51;SEC_405
2011;439;75 i +;57;47;104;SEC_439
2013;204;03-11;64;65;129;SEC_204
1999;237;16-17;12;10;22;SEC_237
1996;424;12-15;8;15;23;SEC_424
1999;508;03-11;19;22;41;SEC_508
2000;631;35-49;86;74;160;SEC_631
2015;115;16-17;13;9;22;SEC_115
1998;323;35-49;400;369;769;SEC_323
2003;433;03-11;44;47;91;SEC_433
2007;208;16-17;12;4;16;SEC_208
2010;431;16-17;19;20;39;SEC_431
2011;414;03-11;48;39;87;SEC_414
2007;212;00-02;26;26;52;SEC_212
2011;248;03-11;57;49;106;SEC_248
2001;221;25-34;102;84;186;SEC_221
2007;246;65-74;54;46;100;SEC_246
2005;214;12-15;11;12;23;SEC_214
2000;131;16-17;17;12;29;SEC_131
2008;210;03-11;31;29;60;SEC_210
1999;219;50-64;107;89;196;SEC_219
1994;116;25-34;124;119;243;SEC_116
2011;419;03-11;44;57;101;SEC_419
2016;239;35-49;134;156;290;SEC_239
2009;319;16-17;8;16;24;SEC_319
2009;324;03-11;59;56;115;SEC_324
1995;504;18-24;103;125;228;SEC_504
2003;213;35-49;91;97;188;SEC_213
2001;626;50-64;124;106;230;SEC_626
2013;622;50-64;95;71;166;SEC_622
2011;202;65-74;28;30;58;SEC_202
2007;616;00-02;31;43;74;SEC_616
2012;610;03-11;38;42;80;SEC_610
1999;232;12-15;13;13;26;SEC_232
2002;617;12-15;18;16;34;SEC_617
2002;111;18-24;38;40;78;SEC_111
2007;627;35-49;85;80;165;SEC_627
2004;614;25-34;78;104;182;SEC_614
1994;531;25-34;94;91;185;SEC_531
2003;120;18-24;69;86;155;SEC_120
2006;612;50-64;120;92;212;SEC_612
2015;130;03-11;54;36;90;SEC_130
1998;113;50-64;105;114;219;SEC_113
2013;221;65-74;90;74;164;SEC_221
1997;437;35-49;75;72;147;SEC_437
1994;601;65-74;38;35;73;SEC_601
1994;432;65-74;69;55;124;SEC_432
2007;111;65-74;60;48;108;SEC_111
2002;621;18-24;105;115;220;SEC_621
2008;624;03-11;36;43;79;SEC_624
2001;244;50-64;46;48;94;SEC_244
2001;435;35-49;85;109;194;SEC_435
1997;129;75 i +;38;18;56;SEC_129
1997;619;16-17;26;24;50;SEC_619
1994;126;18-24;131;121;252;SEC_126
1999;405;03-11;24;20;44;SEC_405
2013;409;03-11;75;86;161;SEC_409
2008;510;03-11;33;39;72;SEC_510
1996;514;35-49;63;73;136;SEC_514
2006;245;65-74;53;49;102;SEC_245
1999;531;50-64;83;86;169;SEC_531
2009;621;12-15;28;26;54;SEC_621
1996;129;75 i +;35;14;49;SEC_129
2013;608;25-34;70;80;150;SEC_608
1994;423;75 i +;36;23;59;SEC_423
1998;623;00-02;17;13;30;SEC_623
2006;436;16-17;8;9;17;SEC_436
2003;211;18-24;47;59;106;SEC_211
1994;104;35-49;76;65;141;SEC_104
2003;320;03-11;34;34;68;SEC_320
1996;513;35-49;50;59;109;SEC_513
2008;625;03-11;35;44;79;SEC_625
2009;234;50-64;59;56;115;SEC_234
2008;109;35-49;120;109;229;SEC_109
2016;211;25-34;107;117;224;SEC_211
2009;115;50-64;136;138;274;SEC_115
2008;622;16-17;7;8;15;SEC_622
2008;506;18-24;57;82;139;SEC_506
1995;536;65-74;66;63;129;SEC_536
2004;311;25-34;121;155;276;SEC_311
2000;506;16-17;16;25;41;SEC_506
1995;614;75 i +;42;19;61;SEC_614
2003;531;35-49;80;96;176;SEC_531
2011;507;12-15;13;21;34;SEC_507
2011;608;50-64;79;62;141;SEC_608
2001;435;25-34;67;79;146;SEC_435
1996;210;25-34;56;62;118;SEC_210
2010;413;65-74;21;22;43;SEC_413
1996;201;18-24;33;46;79;SEC_201
2002;201;25-34;64;54;118;SEC_201
2008;110;50-64;173;131;304;SEC_110
2001;431;75 i +;65;43;108;SEC_431
1994;512;75 i +;37;17;54;SEC_512
2005;318;03-11;32;35;67;SEC_318
2000;102;50-64;203;204;407;SEC_102
2005;435;75 i +;95;47;142;SEC_435
2016;238;18-24;41;34;75;SEC_238
2000;242;25-34;69;80;149;SEC_242
2001;233;25-34;69;64;133;SEC_233
1996;607;35-49;82;86;168;SEC_607
1999;407;65-74;80;72;152;SEC_407
2009;514;65-74;43;29;72;SEC_514
1997;503;12-15;24;28;52;SEC_503
2001;318;75 i +;15;11;26;SEC_318
1999;610;65-74;59;47;106;SEC_610
2006;227;16-17;1;0;1;SEC_227
2016;504;50-64;75;70;145;SEC_504
2009;419;18-24;37;51;88;SEC_419
2000;311;18-24;56;73;129;SEC_311
2015;216;35-49;155;146;301;SEC_216
2000;436;00-02;11;17;28;SEC_436
1995;537;00-02;17;8;25;SEC_537
2010;413;16-17;15;8;23;SEC_413
2006;408;18-24;47;53;100;SEC_408
2010;516;03-11;34;40;74;SEC_516
2006;404;16-17;15;13;28;SEC_404
2011;230;50-64;53;49;102;SEC_230
1994;232;03-11;26;35;61;SEC_232
2007;315;35-49;225;222;447;SEC_315
2004;411;12-15;19;9;28;SEC_411
1997;536;00-02;10;11;21;SEC_536
2005;108;18-24;55;41;96;SEC_108
2006;206;03-11;21;27;48;SEC_206
2010;140;12-15;12;22;34;SEC_140
1994;610;12-15;36;33;69;SEC_610
2011;401;03-11;49;60;109;SEC_401
2013;247;00-02;32;31;63;SEC_247
2004;322;65-74;52;48;100;SEC_322
1994;521;16-17;30;36;66;SEC_521
2001;135;50-64;133;149;282;SEC_135
2003;134;75 i +;64;30;94;SEC_134
2008;532;03-11;44;46;90;SEC_532
2009;630;16-17;7;7;14;SEC_630
2014;521;03-11;32;33;65;SEC_521
2005;235;03-11;50;60;110;SEC_235
2006;233;65-74;54;50;104;SEC_233
1997;101;75 i +;25;8;33;SEC_101
1995;240;50-64;80;85;165;SEC_240
2015;243;16-17;17;21;38;SEC_243
2010;405;16-17;5;7;12;SEC_405
2006;234;00-02;12;12;24;SEC_234
1996;602;03-11;18;14;32;SEC_602
1995;105;75 i +;42;22;64;SEC_105
2003;237;03-11;45;33;78;SEC_237
2010;119;25-34;92;88;180;SEC_119
2005;311;50-64;122;97;219;SEC_311
2011;437;12-15;14;13;27;SEC_437
1995;303;65-74;84;84;168;SEC_303
2011;137;16-17;5;12;17;SEC_137
2013;409;18-24;71;83;154;SEC_409
2012;208;03-11;37;52;89;SEC_208
2011;425;75 i +;78;50;128;SEC_425
1999;246;03-11;32;23;55;SEC_246
1997;619;50-64;156;163;319;SEC_619
2002;506;25-34;161;175;336;SEC_506
2014;204;75 i +;112;58;170;SEC_204
2003;407;16-17;2;11;13;SEC_407
2007;602;12-15;7;10;17;SEC_602
2006;130;18-24;29;17;46;SEC_130
2016;625;65-74;106;86;192;SEC_625
1996;402;65-74;47;47;94;SEC_402
2006;128;18-24;31;32;63;SEC_128
1995;317;00-02;5;8;13;SEC_317
2002;520;50-64;84;76;160;SEC_520
2015;120;12-15;28;38;66;SEC_120
1994;615;50-64;125;147;272;SEC_615
2000;628;00-02;6;11;17;SEC_628
2006;524;00-02;18;27;45;SEC_524
2010;501;25-34;69;81;150;SEC_501
2006;214;25-34;89;104;193;SEC_214
2011;524;75 i +;75;43;118;SEC_524
1999;138;12-15;13;32;45;SEC_138
1999;517;03-11;34;37;71;SEC_517
1997;601;50-64;185;182;367;SEC_601
2002;529;50-64;105;81;186;SEC_529
2001;114;25-34;138;146;284;SEC_114
2016;416;75 i +;88;50;138;SEC_416
1995;301;12-15;31;50;81;SEC_301
1999;241;65-74;67;39;106;SEC_241
2006;109;35-49;131;115;246;SEC_109
2001;112;18-24;88;72;160;SEC_112
2001;109;65-74;58;52;110;SEC_109
1994;508;03-11;25;20;45;SEC_508
1995;413;35-49;48;45;93;SEC_413
2001;433;25-34;106;110;216;SEC_433
2005;133;65-74;46;40;86;SEC_133
2014;613;18-24;28;36;64;SEC_613
1994;216;65-74;69;58;127;SEC_216
1996;611;65-74;78;61;139;SEC_611
1994;317;18-24;43;61;104;SEC_317
1995;208;18-24;91;104;195;SEC_208
2014;246;25-34;93;81;174;SEC_246
2016;213;35-49;112;117;229;SEC_213
2016;514;65-74;49;30;79;SEC_514
2001;239;16-17;7;7;14;SEC_239
1994;632;00-02;14;12;26;SEC_632
1995;627;25-34;62;81;143;SEC_627
2012;428;12-15;11;8;19;SEC_428
1997;127;35-49;94;95;189;SEC_127
2011;525;00-02;20;21;41;SEC_525
2016;405;16-17;23;18;41;SEC_405
2015;613;00-02;7;12;19;SEC_613
2009;124;03-11;29;30;59;SEC_124
2008;514;75 i +;37;26;63;SEC_514
2012;501;50-64;135;111;246;SEC_501
2011;301;50-64;186;181;367;SEC_301
1994;222;00-02;10;15;25;SEC_222
2009;416;18-24;36;39;75;SEC_416
2007;316;35-49;199;137;336;SEC_316
2015;426;16-17;19;4;23;SEC_426
1996;535;35-49;145;135;280;SEC_535
1995;519;18-24;42;40;82;SEC_519
2004;228;25-34;82;105;187;SEC_228
2016;216;00-02;22;15;37;SEC_216
2013;248;35-49;165;178;343;SEC_248
2004;219;25-34;112;118;230;SEC_219
2002;225;00-02;2;6;8;SEC_225
1996;406;75 i +;43;33;76;SEC_406
2003;434;65-74;43;27;70;SEC_434
1999;237;35-49;107;113;220;SEC_237
2015;129;75 i +;98;79;177;SEC_129
2015;101;35-49;369;366;735;SEC_101
2002;528;25-34;101;128;229;SEC_528
2016;303;16-17;16;9;25;SEC_303
2014;239;12-15;13;21;34;SEC_239
2012;419;00-02;14;14;28;SEC_419
1994;415;16-17;6;7;13;SEC_415
2000;415;65-74;44;33;77;SEC_415
2007;520;65-74;52;40;92;SEC_520
1994;106;25-34;128;131;259;SEC_106
2000;323;75 i +;46;16;62;SEC_323
2004;435;12-15;23;15;38;SEC_435
2007;132;75 i +;79;55;134;SEC_132
2008;136;16-17;8;11;19;SEC_136
2012;208;35-49;172;154;326;SEC_208
1996;507;50-64;79;101;180;SEC_507
2000;521;25-34;107;116;223;SEC_521
2010;312;16-17;15;7;22;SEC_312
2005;135;75 i +;54;38;92;SEC_135
2009;239;00-02;15;25;40;SEC_239
2015;511;50-64;187;154;341;SEC_511
2001;208;00-02;9;11;20;SEC_208
2004;240;65-74;65;48;113;SEC_240
2013;245;50-64;91;85;176;SEC_245
2007;409;16-17;6;7;13;SEC_409
2012;214;18-24;35;43;78;SEC_214
1997;441;00-02;16;12;28;SEC_441
2010;537;25-34;102;119;221;SEC_537
1998;130;12-15;10;10;20;SEC_130
2011;431;18-24;64;53;117;SEC_431
2004;249;65-74;73;47;120;SEC_249
2012;608;35-49;86;114;200;SEC_608
1994;321;12-15;83;82;165;SEC_321
2016;118;03-11;77;80;157;SEC_118
2013;313;18-24;60;49;109;SEC_313
1996;225;18-24;27;26;53;SEC_225
2005;415;12-15;8;15;23;SEC_415
1995;102;03-11;58;57;115;SEC_102
2009;601;50-64;135;109;244;SEC_601
2002;138;50-64;91;83;174;SEC_138
1995;401;16-17;13;23;36;SEC_401
2014;632;50-64;82;70;152;SEC_632
1997;429;16-17;9;14;23;SEC_429
2012;112;18-24;54;68;122;SEC_112
1996;129;35-49;102;103;205;SEC_129
2005;110;03-11;29;29;58;SEC_110
2014;504;16-17;9;6;15;SEC_504
2001;323;35-49;426;381;807;SEC_323
1998;632;65-74;39;37;76;SEC_632
2005;413;65-74;36;26;62;SEC_413
2015;217;35-49;156;225;381;SEC_217
1998;121;00-02;12;11;23;SEC_121
2016;623;65-74;141;99;240;SEC_623
2003;512;65-74;44;51;95;SEC_512
2009;127;25-34;60;60;120;SEC_127
2000;120;35-49;219;224;443;SEC_120
1996;505;75 i +;41;24;65;SEC_505
2014;609;12-15;9;14;23;SEC_609
2010;408;16-17;5;10;15;SEC_408
1998;228;65-74;44;36;80;SEC_228
2011;613;16-17;10;7;17;SEC_613
1999;629;18-24;38;41;79;SEC_629
1994;322;00-02;15;13;28;SEC_322
2012;403;03-11;40;39;79;SEC_403
2016;432;03-11;50;48;98;SEC_432
2016;534;00-02;14;27;41;SEC_534
1996;320;50-64;124;128;252;SEC_320
2008;536;50-64;78;63;141;SEC_536
2007;236;35-49;125;136;261;SEC_236
1999;441;12-15;69;56;125;SEC_441
1999;321;25-34;178;190;368;SEC_321
2013;612;65-74;119;84;203;SEC_612
2000;503;12-15;31;21;52;SEC_503
2016;223;16-17;11;13;24;SEC_223
2016;209;18-24;32;36;68;SEC_209
1999;425;03-11;26;37;63;SEC_425
2001;617;25-34;93;116;209;SEC_617
2003;501;35-49;114;94;208;SEC_501
2014;248;00-02;16;21;37;SEC_248
2015;211;75 i +;81;38;119;SEC_211
2014;124;18-24;18;24;42;SEC_124
2007;615;18-24;22;23;45;SEC_615
2001;220;00-02;7;12;19;SEC_220
2008;237;75 i +;82;43;125;SEC_237
2006;629;03-11;22;18;40;SEC_629
2006;245;18-24;37;52;89;SEC_245
2002;611;35-49;132;180;312;SEC_611
1997;423;03-11;33;34;67;SEC_423
2009;619;03-11;49;47;96;SEC_619
2002;408;12-15;18;12;30;SEC_408
2011;243;18-24;62;61;123;SEC_243
2013;313;03-11;93;90;183;SEC_313
2007;416;18-24;37;41;78;SEC_416
1998;632;50-64;112;105;217;SEC_632
2008;527;65-74;48;33;81;SEC_527
2011;102;16-17;10;13;23;SEC_102
2016;623;35-49;160;172;332;SEC_623
2011;105;16-17;10;7;17;SEC_105
2008;607;35-49;129;143;272;SEC_607
2007;232;03-11;33;38;71;SEC_232
2003;608;16-17;8;13;21;SEC_608
2002;131;12-15;31;21;52;SEC_131
2003;506;25-34;153;168;321;SEC_506
2000;518;12-15;14;18;32;SEC_518
2004;315;16-17;8;12;20;SEC_315
2016;309;65-74;41;43;84;SEC_309
1995;248;65-74;79;56;135;SEC_248
2005;514;65-74;53;40;93;SEC_514
2005;516;25-34;68;82;150;SEC_516
2002;324;65-74;48;33;81;SEC_324
2003;128;35-49;95;100;195;SEC_128
2009;309;25-34;118;123;241;SEC_309
1997;511;35-49;45;53;98;SEC_511
2010;534;16-17;9;7;16;SEC_534
2008;228;50-64;46;40;86;SEC_228
2001;616;18-24;183;178;361;SEC_616
2014;248;16-17;12;13;25;SEC_248
2008;436;50-64;55;59;114;SEC_436
1996;602;12-15;15;13;28;SEC_602
1996;628;16-17;19;27;46;SEC_628
2012;140;00-02;14;18;32;SEC_140
2009;533;03-11;45;48;93;SEC_533
2008;406;75 i +;59;54;113;SEC_406
2002;509;50-64;67;73;140;SEC_509
2013;427;18-24;65;86;151;SEC_427
1997;425;35-49;76;75;151;SEC_425
2012;309;25-34;104;85;189;SEC_309
1996;522;03-11;19;25;44;SEC_522
2011;629;18-24;24;16;40;SEC_629
2014;320;25-34;63;75;138;SEC_320
2002;619;16-17;7;23;30;SEC_619
2008;537;25-34;105;120;225;SEC_537
2003;117;65-74;69;65;134;SEC_117
1994;308;65-74;70;51;121;SEC_308
2014;503;03-11;17;22;39;SEC_503
1998;602;65-74;21;27;48;SEC_602
1995;414;00-02;4;12;16;SEC_414
2001;603;50-64;83;68;151;SEC_603
1995;613;12-15;23;22;45;SEC_613
2003;134;18-24;49;59;108;SEC_134
2003;518;00-02;18;24;42;SEC_518
2006;308;16-17;9;15;24;SEC_308
1996;410;25-34;114;120;234;SEC_410
1997;612;12-15;23;24;47;SEC_612
2012;413;12-15;7;5;12;SEC_413
2011;212;03-11;61;55;116;SEC_212
2010;131;25-34;107;125;232;SEC_131
1998;437;50-64;83;80;163;SEC_437
2001;431;50-64;116;105;221;SEC_431
2006;249;50-64;87;83;170;SEC_249
2003;136;12-15;14;20;34;SEC_136
2005;502;12-15;28;13;41;SEC_502
2006;619;75 i +;57;41;98;SEC_619
2001;520;03-11;27;25;52;SEC_520
2000;501;35-49;139;95;234;SEC_501
2010;303;16-17;9;9;18;SEC_303
2016;133;00-02;11;5;16;SEC_133
2013;132;12-15;35;37;72;SEC_132
1997;233;16-17;7;5;12;SEC_233
1999;430;25-34;80;69;149;SEC_430
2004;615;50-64;148;109;257;SEC_615
2014;524;12-15;27;17;44;SEC_524
2011;430;12-15;14;24;38;SEC_430
1994;215;03-11;29;23;52;SEC_215
2008;410;50-64;164;149;313;SEC_410
1995;628;65-74;37;31;68;SEC_628
2005;433;65-74;49;42;91;SEC_433
2012;405;16-17;7;11;18;SEC_405
2005;320;50-64;98;98;196;SEC_320
2010;315;75 i +;67;32;99;SEC_315
1999;116;75 i +;56;25;81;SEC_116
2013;114;03-11;49;68;117;SEC_114
2004;436;75 i +;31;21;52;SEC_436
2000;438;35-49;67;67;134;SEC_438
2007;241;75 i +;71;32;103;SEC_241
2000;206;35-49;76;66;142;SEC_206
2002;502;03-11;47;37;84;SEC_502
2006;417;00-02;7;9;16;SEC_417
2005;630;25-34;75;116;191;SEC_630
2005;318;12-15;14;24;38;SEC_318
1996;140;00-02;5;5;10;SEC_140
2014;423;12-15;20;16;36;SEC_423
1995;536;75 i +;30;31;61;SEC_536
1995;509;25-34;64;72;136;SEC_509
1994;516;18-24;50;44;94;SEC_516
2015;312;12-15;19;24;43;SEC_312
1998;111;16-17;7;9;16;SEC_111
2009;610;75 i +;52;33;85;SEC_610
1999;231;35-49;90;84;174;SEC_231
1994;406;65-74;56;55;111;SEC_406
1997;102;75 i +;75;34;109;SEC_102
2010;428;18-24;28;24;52;SEC_428
2010;320;00-02;16;18;34;SEC_320
2008;530;18-24;59;49;108;SEC_530
2014;114;16-17;19;6;25;SEC_114
2007;529;25-34;128;131;259;SEC_529
2003;209;35-49;107;107;214;SEC_209
2001;210;50-64;88;77;165;SEC_210
1994;623;16-17;37;42;79;SEC_623
2001;222;00-02;12;10;22;SEC_222
2003;241;75 i +;54;30;84;SEC_241
1999;421;18-24;56;61;117;SEC_421
2008;430;50-64;60;64;124;SEC_430
2011;609;12-15;18;15;33;SEC_609
2008;206;12-15;14;21;35;SEC_206
1996;632;00-02;21;21;42;SEC_632
2007;603;12-15;13;10;23;SEC_603
1998;429;65-74;42;34;76;SEC_429
1994;625;16-17;36;46;82;SEC_625
2000;515;65-74;33;22;55;SEC_515
2000;507;00-02;8;6;14;SEC_507
2005;238;16-17;3;8;11;SEC_238
2006;243;03-11;44;54;98;SEC_243
2005;228;50-64;59;53;112;SEC_228
1997;122;00-02;14;4;18;SEC_122
2013;114;18-24;40;33;73;SEC_114
2013;217;35-49;177;222;399;SEC_217
2015;305;18-24;72;62;134;SEC_305
2009;208;16-17;11;16;27;SEC_208
2005;412;25-34;141;167;308;SEC_412
2016;105;35-49;139;140;279;SEC_105
1995;525;75 i +;31;18;49;SEC_525
2011;407;18-24;37;38;75;SEC_407
2002;504;75 i +;51;40;91;SEC_504
2015;427;65-74;54;37;91;SEC_427
1999;407;03-11;19;29;48;SEC_407
1997;528;35-49;78;82;160;SEC_528
2005;515;03-11;25;28;53;SEC_515
1998;615;12-15;17;6;23;SEC_615
2001;426;16-17;8;7;15;SEC_426
1997;117;00-02;29;22;51;SEC_117
2014;511;18-24;81;80;161;SEC_511
2005;531;18-24;42;47;89;SEC_531
1995;136;25-34;87;102;189;SEC_136
2010;104;75 i +;88;41;129;SEC_104
2001;518;75 i +;58;25;83;SEC_518
2007;435;16-17;12;14;26;SEC_435
2002;106;25-34;174;180;354;SEC_106
2016;129;35-49;123;128;251;SEC_129
2016;112;35-49;214;203;417;SEC_112
1999;422;12-15;12;18;30;SEC_422
2013;409;35-49;215;256;471;SEC_409
1997;604;12-15;18;16;34;SEC_604
2001;610;03-11;31;29;60;SEC_610
2006;121;75 i +;71;44;115;SEC_121
2010;630;75 i +;40;26;66;SEC_630
2007;314;35-49;305;279;584;SEC_314
2009;623;00-02;21;18;39;SEC_623
2006;630;00-02;10;10;20;SEC_630
2008;617;03-11;35;41;76;SEC_617
2001;303;65-74;118;129;247;SEC_303
2015;529;35-49;177;165;342;SEC_529
2003;325;65-74;126;101;227;SEC_325
2015;502;75 i +;141;81;222;SEC_502
1996;106;18-24;128;158;286;SEC_106
2013;502;50-64;138;122;260;SEC_502
2008;614;25-34;61;90;151;SEC_614
1999;122;65-74;46;41;87;SEC_122
2005;224;65-74;38;19;57;SEC_224
2013;309;65-74;34;42;76;SEC_309
2012;609;00-02;12;14;26;SEC_609
2010;103;00-02;10;15;25;SEC_103
1998;610;50-64;208;211;419;SEC_610
1996;102;12-15;35;24;59;SEC_102
1996;242;12-15;15;18;33;SEC_242
1998;319;18-24;48;53;101;SEC_319
2000;239;00-02;10;13;23;SEC_239
2002;219;25-34;96;96;192;SEC_219
2009;437;50-64;78;53;131;SEC_437
2012;517;50-64;77;81;158;SEC_517
2014;323;03-11;83;89;172;SEC_323
1996;229;00-02;6;8;14;SEC_229
2016;212;16-17;12;8;20;SEC_212
2016;216;16-17;18;14;32;SEC_216
2000;305;03-11;58;42;100;SEC_305
1997;112;00-02;20;16;36;SEC_112
2005;427;16-17;8;5;13;SEC_427
1997;624;00-02;8;8;16;SEC_624
2013;311;65-74;64;49;113;SEC_311
2005;420;75 i +;73;38;111;SEC_420
2012;318;35-49;98;83;181;SEC_318
2000;207;25-34;44;39;83;SEC_207
1997;301;03-11;55;66;121;SEC_301
2011;511;00-02;8;10;18;SEC_511
2001;406;12-15;20;17;37;SEC_406
1994;503;12-15;33;39;72;SEC_503
2007;220;35-49;123;130;253;SEC_220
2009;412;25-34;121;163;284;SEC_412
2007;418;03-11;40;47;87;SEC_418
2009;425;16-17;5;11;16;SEC_425
2001;511;03-11;22;21;43;SEC_511
2015;122;16-17;5;9;14;SEC_122
2006;113;50-64;195;198;393;SEC_113
2003;523;25-34;113;117;230;SEC_523
2014;117;18-24;66;57;123;SEC_117
1994;202;65-74;37;31;68;SEC_202
2008;214;12-15;22;12;34;SEC_214
2002;312;25-34;191;216;407;SEC_312
2016;510;35-49;109;123;232;SEC_510
2012;607;25-34;69;78;147;SEC_607
2015;204;18-24;76;68;144;SEC_204
2014;402;18-24;26;21;47;SEC_402
2003;132;00-02;34;26;60;SEC_132
2002;309;18-24;40;44;84;SEC_309
1998;531;35-49;75;72;147;SEC_531
2006;247;50-64;105;107;212;SEC_247
2012;218;25-34;54;90;144;SEC_218
2004;534;65-74;61;54;115;SEC_534
2003;519;65-74;45;36;81;SEC_519
2006;426;65-74;45;36;81;SEC_426
1997;517;00-02;8;7;15;SEC_517
2003;229;35-49;73;76;149;SEC_229
2016;111;16-17;12;7;19;SEC_111
2005;213;50-64;89;81;170;SEC_213
1997;628;03-11;39;32;71;SEC_628
1996;520;35-49;93;77;170;SEC_520
1997;412;18-24;88;108;196;SEC_412
2015;626;25-34;52;39;91;SEC_626
2006;227;50-64;58;57;115;SEC_227
2007;535;35-49;103;97;200;SEC_535
2006;316;03-11;42;61;103;SEC_316
2002;440;65-74;60;59;119;SEC_440
2016;236;65-74;63;37;100;SEC_236
2005;220;03-11;32;24;56;SEC_220
2002;413;00-02;5;5;10;SEC_413
2001;404;75 i +;55;28;83;SEC_404
2000;416;50-64;76;59;135;SEC_416
1996;123;75 i +;56;33;89;SEC_123
2002;623;65-74;50;59;109;SEC_623
2009;105;25-34;96;101;197;SEC_105
1999;102;35-49;152;141;293;SEC_102
1994;529;35-49;89;74;163;SEC_529
2008;220;18-24;29;39;68;SEC_220
2011;441;18-24;88;93;181;SEC_441
2016;309;50-64;107;79;186;SEC_309
2013;504;75 i +;90;75;165;SEC_504
1997;624;65-74;31;36;67;SEC_624
2003;605;25-34;72;70;142;SEC_605
2003;435;25-34;67;80;147;SEC_435
1999;313;03-11;76;53;129;SEC_313
1999;440;12-15;14;5;19;SEC_440
1994;422;25-34;79;88;167;SEC_422
2003;424;25-34;51;73;124;SEC_424
2007;247;35-49;162;180;342;SEC_247
2005;220;65-74;52;38;90;SEC_220
2014;110;16-17;9;2;11;SEC_110
2000;217;25-34;40;63;103;SEC_217
2011;206;12-15;19;16;35;SEC_206
2006;317;12-15;16;21;37;SEC_317
2016;601;75 i +;128;112;240;SEC_601
1997;139;18-24;61;72;133;SEC_139
2016;440;50-64;71;77;148;SEC_440
2003;439;03-11;39;41;80;SEC_439
1994;235;50-64;162;148;310;SEC_235
2002;528;75 i +;49;33;82;SEC_528
2011;304;25-34;263;225;488;SEC_304
2011;525;75 i +;66;39;105;SEC_525
2014;207;00-02;27;22;49;SEC_207
1997;218;18-24;35;42;77;SEC_218
2012;229;65-74;34;25;59;SEC_229
2002;408;25-34;61;61;122;SEC_408
2010;434;65-74;25;12;37;SEC_434
1996;514;00-02;11;10;21;SEC_514
2016;504;16-17;4;7;11;SEC_504
2003;235;16-17;6;8;14;SEC_235
2003;249;03-11;34;42;76;SEC_249
1996;212;16-17;11;20;31;SEC_212
1995;115;18-24;68;130;198;SEC_115
1995;219;35-49;102;93;195;SEC_219
1997;520;03-11;38;28;66;SEC_520
2008;239;35-49;139;163;302;SEC_239
2004;133;18-24;39;34;73;SEC_133
2010;126;65-74;79;86;165;SEC_126
2004;432;16-17;13;13;26;SEC_432
2004;428;16-17;8;2;10;SEC_428
2007;401;75 i +;90;46;136;SEC_401
2008;405;00-02;14;16;30;SEC_405
1994;241;65-74;59;45;104;SEC_241
2004;210;16-17;3;5;8;SEC_210
2011;233;00-02;16;17;33;SEC_233
2011;606;18-24;40;48;88;SEC_606
2015;121;00-02;7;13;20;SEC_121
1997;208;50-64;216;179;395;SEC_208
1995;426;03-11;32;35;67;SEC_426
2014;605;75 i +;105;93;198;SEC_605
1995;310;65-74;36;33;69;SEC_310
2012;209;75 i +;80;67;147;SEC_209
2000;405;65-74;89;80;169;SEC_405
1998;207;75 i +;56;33;89;SEC_207
1998;304;65-74;92;73;165;SEC_304
1994;226;65-74;84;69;153;SEC_226
2005;507;18-24;39;37;76;SEC_507
2013;321;12-15;39;48;87;SEC_321
2006;437;00-02;13;11;24;SEC_437
2016;524;35-49;163;182;345;SEC_524
1996;228;65-74;46;34;80;SEC_228
2001;112;12-15;26;24;50;SEC_112
2016;228;25-34;179;182;361;SEC_228
2003;415;03-11;23;32;55;SEC_415
2002;228;03-11;23;19;42;SEC_228
2000;241;16-17;5;5;10;SEC_241
2016;510;03-11;48;44;92;SEC_510
2007;224;18-24;31;22;53;SEC_224
2001;301;16-17;22;28;50;SEC_301
2015;436;03-11;76;74;150;SEC_436
1999;247;75 i +;63;33;96;SEC_247
2011;415;16-17;4;8;12;SEC_415
2014;135;03-11;42;59;101;SEC_135
2010;434;00-02;8;18;26;SEC_434
2008;601;35-49;118;162;280;SEC_601
2005;122;25-34;88;98;186;SEC_122
1998;239;16-17;10;9;19;SEC_239
2013;121;35-49;114;124;238;SEC_121
1998;437;03-11;26;34;60;SEC_437
2006;216;18-24;55;62;117;SEC_216
1999;115;35-49;154;147;301;SEC_115
2002;107;18-24;89;112;201;SEC_107
2007;125;75 i +;54;36;90;SEC_125
1999;518;25-34;97;119;216;SEC_518
1998;312;16-17;6;20;26;SEC_312
2010;421;18-24;39;49;88;SEC_421
1996;632;35-49;107;99;206;SEC_632
2000;632;75 i +;25;13;38;SEC_632
1996;608;65-74;39;36;75;SEC_608
2009;526;18-24;23;44;67;SEC_526
2005;308;50-64;197;187;384;SEC_308
1995;111;00-02;7;7;14;SEC_111
1995;618;16-17;15;8;23;SEC_618
2016;321;12-15;35;43;78;SEC_321
2012;244;50-64;55;53;108;SEC_244
2012;408;65-74;48;25;73;SEC_408
2001;237;00-02;10;10;20;SEC_237
2010;127;75 i +;45;28;73;SEC_127
1998;403;12-15;28;20;48;SEC_403
1999;234;50-64;79;68;147;SEC_234
1999;317;18-24;42;50;92;SEC_317
1998;245;03-11;30;30;60;SEC_245
1997;311;25-34;123;134;257;SEC_311
2010;621;16-17;13;14;27;SEC_621
2002;604;75 i +;25;12;37;SEC_604
1994;536;00-02;8;8;16;SEC_536
2016;436;65-74;58;51;109;SEC_436
2006;424;03-11;20;27;47;SEC_424
2013;324;35-49;167;171;338;SEC_324
1999;624;50-64;158;180;338;SEC_624
2005;438;65-74;59;62;121;SEC_438
2008;210;16-17;3;0;3;SEC_210
2005;403;75 i +;60;37;97;SEC_403
1996;312;65-74;35;33;68;SEC_312
2011;224;18-24;25;17;42;SEC_224
2008;529;75 i +;80;51;131;SEC_529
2014;621;03-11;52;54;106;SEC_621
1996;517;25-34;108;110;218;SEC_517
2010;417;16-17;6;7;13;SEC_417
2013;107;18-24;36;54;90;SEC_107
2013;240;12-15;32;15;47;SEC_240
2013;240;00-02;21;16;37;SEC_240
1994;301;35-49;154;147;301;SEC_301
2002;438;12-15;17;10;27;SEC_438
2007;534;25-34;85;95;180;SEC_534
1995;419;75 i +;36;21;57;SEC_419
2000;607;35-49;87;93;180;SEC_607
2010;247;03-11;61;66;127;SEC_247
2003;403;50-64;135;111;246;SEC_403
1998;426;18-24;49;60;109;SEC_426
2008;536;25-34;69;81;150;SEC_536
2009;122;25-34;74;72;146;SEC_122
2007;303;00-02;21;16;37;SEC_303
2003;208;16-17;17;11;28;SEC_208
2007;234;03-11;28;32;60;SEC_234
2015;242;50-64;92;89;181;SEC_242
1995;420;03-11;41;44;85;SEC_420
2011;418;18-24;37;56;93;SEC_418
2000;204;18-24;19;21;40;SEC_204
2016;431;50-64;115;105;220;SEC_431
2001;428;16-17;2;2;4;SEC_428
2001;406;25-34;97;105;202;SEC_406
2013;601;75 i +;134;97;231;SEC_601
2009;316;25-34;160;190;350;SEC_316
2010;139;50-64;84;92;176;SEC_139
2014;624;18-24;28;27;55;SEC_624
1999;537;00-02;8;11;19;SEC_537
2006;240;35-49;82;92;174;SEC_240
1996;519;65-74;34;37;71;SEC_519
2000;129;18-24;64;52;116;SEC_129
1994;318;18-24;26;42;68;SEC_318
2010;625;12-15;16;13;29;SEC_625
2008;609;50-64;106;66;172;SEC_609
2000;201;12-15;7;11;18;SEC_201
1994;614;00-02;11;10;21;SEC_614
2011;210;12-15;13;12;25;SEC_210
2014;621;35-49;166;185;351;SEC_621
2010;519;65-74;36;21;57;SEC_519
2012;509;03-11;38;43;81;SEC_509
1998;247;00-02;8;10;18;SEC_247
2014;102;50-64;142;134;276;SEC_102
2014;303;75 i +;134;110;244;SEC_303
2004;107;75 i +;68;32;100;SEC_107
2007;525;75 i +;52;34;86;SEC_525
2003;314;50-64;191;215;406;SEC_314
2002;235;00-02;16;17;33;SEC_235
1996;618;03-11;16;19;35;SEC_618
1999;318;12-15;15;25;40;SEC_318
2015;131;50-64;134;119;253;SEC_131
2002;226;00-02;17;8;25;SEC_226
2009;112;25-34;135;91;226;SEC_112
1994;207;65-74;77;52;129;SEC_207
2013;514;16-17;12;18;30;SEC_514
2015;249;35-49;124;125;249;SEC_249
1998;101;16-17;16;17;33;SEC_101
2010;629;00-02;5;5;10;SEC_629
2009;237;65-74;64;50;114;SEC_237
1995;506;75 i +;49;26;75;SEC_506
1997;536;18-24;48;47;95;SEC_536
2003;133;75 i +;56;31;87;SEC_133
2002;135;50-64;144;144;288;SEC_135
1998;612;00-02;7;14;21;SEC_612
2008;608;03-11;20;24;44;SEC_608
1996;139;50-64;75;75;150;SEC_139
2001;529;35-49;108;106;214;SEC_529
2009;217;12-15;12;13;25;SEC_217
2005;623;35-49;119;127;246;SEC_623
2010;311;00-02;22;23;45;SEC_311
2008;404;65-74;73;66;139;SEC_404
2015;325;00-02;19;17;36;SEC_325
2002;520;18-24;32;44;76;SEC_520
2003;534;25-34;92;123;215;SEC_534
2009;247;50-64;106;97;203;SEC_247
2014;610;03-11;38;37;75;SEC_610
2009;519;25-34;68;70;138;SEC_519
2010;515;25-34;65;70;135;SEC_515
2000;501;65-74;22;24;46;SEC_501
2013;220;65-74;68;34;102;SEC_220
2003;627;12-15;15;21;36;SEC_627
1998;204;50-64;53;45;98;SEC_204
2005;233;03-11;19;31;50;SEC_233
1999;125;12-15;23;21;44;SEC_125
2007;222;65-74;34;33;67;SEC_222
2007;130;25-34;77;79;156;SEC_130
2003;321;65-74;82;75;157;SEC_321
2006;241;18-24;32;38;70;SEC_241
2012;306;00-02;23;21;44;SEC_306
2007;441;25-34;143;159;302;SEC_441
2005;607;65-74;90;105;195;SEC_607
1995;314;18-24;119;137;256;SEC_314
2007;603;16-17;4;7;11;SEC_603
2001;244;25-34;65;56;121;SEC_244
1994;243;12-15;23;21;44;SEC_243
2008;508;03-11;25;14;39;SEC_508
1999;608;16-17;10;8;18;SEC_608
1997;234;03-11;30;30;60;SEC_234
2003;607;25-34;83;93;176;SEC_607
2004;323;75 i +;51;24;75;SEC_323
2003;318;03-11;33;42;75;SEC_318
2004;228;03-11;22;20;42;SEC_228
2007;212;65-74;65;59;124;SEC_212
2006;107;35-49;179;178;357;SEC_107
1994;518;65-74;48;49;97;SEC_518
2007;241;18-24;30;32;62;SEC_241
2011;213;12-15;10;18;28;SEC_213
2012;427;12-15;15;25;40;SEC_427
2001;104;12-15;7;9;16;SEC_104
2016;606;00-02;12;21;33;SEC_606
2005;212;75 i +;66;39;105;SEC_212
2005;511;35-49;74;69;143;SEC_511
1995;108;16-17;20;20;40;SEC_108
2001;241;65-74;59;43;102;SEC_241
1999;406;18-24;81;81;162;SEC_406
2010;234;00-02;14;22;36;SEC_234
1999;441;50-64;180;179;359;SEC_441
2013;319;25-34;132;132;264;SEC_319
2016;116;75 i +;96;75;171;SEC_116
2001;604;50-64;87;64;151;SEC_604
2010;110;65-74;74;78;152;SEC_110
2014;427;12-15;33;29;62;SEC_427
2000;535;03-11;30;37;67;SEC_535
1998;624;12-15;25;25;50;SEC_624
2006;519;00-02;10;17;27;SEC_519
1998;619;65-74;67;61;128;SEC_619
2011;249;25-34;107;95;202;SEC_249
2001;232;35-49;98;87;185;SEC_232
2003;407;65-74;82;63;145;SEC_407
2005;605;35-49;58;53;111;SEC_605
1999;224;18-24;31;25;56;SEC_224
2016;510;50-64;97;92;189;SEC_510
2010;610;12-15;20;26;46;SEC_610
1998;630;03-11;29;27;56;SEC_630
2003;504;50-64;144;118;262;SEC_504
2015;326;00-02;48;53;101;SEC_326
2009;315;65-74;65;61;126;SEC_315
1994;244;16-17;5;5;10;SEC_244
2007;531;25-34;96;110;206;SEC_531
1999;230;65-74;64;44;108;SEC_230
2014;325;00-02;23;21;44;SEC_325
1994;406;25-34;100;104;204;SEC_406
2013;113;03-11;60;84;144;SEC_113
2006;521;18-24;37;28;65;SEC_521
1994;432;50-64;127;133;260;SEC_432
1998;514;03-11;33;20;53;SEC_514
2014;609;00-02;12;8;20;SEC_609
1994;623;65-74;49;30;79;SEC_623
1999;503;35-49;138;111;249;SEC_503
2012;204;50-64;48;41;89;SEC_204
2003;620;03-11;21;27;48;SEC_620
2016;602;75 i +;83;88;171;SEC_602
1995;324;35-49;90;77;167;SEC_324
1995;526;65-74;43;31;74;SEC_526
2004;505;35-49;104;104;208;SEC_505
2005;305;65-74;56;70;126;SEC_305
2013;529;75 i +;95;66;161;SEC_529
2014;435;03-11;54;54;108;SEC_435
2008;121;35-49;111;118;229;SEC_121
2001;204;75 i +;36;16;52;SEC_204
1997;122;75 i +;40;28;68;SEC_122
1994;629;50-64;75;69;144;SEC_629
1995;126;12-15;27;25;52;SEC_126
2002;113;75 i +;44;27;71;SEC_113
1994;122;12-15;18;14;32;SEC_122
2008;247;65-74;59;59;118;SEC_247
2001;432;00-02;14;14;28;SEC_432
1994;129;12-15;24;25;49;SEC_129
2013;431;03-11;81;88;169;SEC_431
2000;115;12-15;14;29;43;SEC_115
2001;129;75 i +;38;18;56;SEC_129
1995;410;65-74;93;104;197;SEC_410
2010;238;03-11;36;34;70;SEC_238
1994;518;12-15;26;23;49;SEC_518
1997;314;65-74;66;57;123;SEC_314
1998;626;00-02;13;11;24;SEC_626
2009;535;16-17;9;5;14;SEC_535
2006;318;25-34;57;62;119;SEC_318
2012;627;65-74;58;71;129;SEC_627
1999;206;50-64;87;69;156;SEC_206
2002;620;16-17;4;5;9;SEC_620
2016;138;18-24;25;21;46;SEC_138
1997;111;03-11;47;32;79;SEC_111
2003;121;50-64;41;41;82;SEC_121
2015;619;25-34;50;66;116;SEC_619
2013;322;03-11;67;65;132;SEC_322
2007;307;65-74;79;58;137;SEC_307
2006;324;75 i +;48;22;70;SEC_324
1995;529;25-34;104;107;211;SEC_529
2016;405;50-64;158;147;305;SEC_405
2010;318;03-11;28;37;65;SEC_318
2000;437;16-17;9;7;16;SEC_437
1996;304;18-24;54;71;125;SEC_304
1998;624;50-64;157;185;342;SEC_624
1998;609;65-74;29;33;62;SEC_609
2015;308;00-02;23;16;39;SEC_308
2013;318;12-15;16;15;31;SEC_318
1995;432;00-02;9;12;21;SEC_432
2003;235;00-02;21;22;43;SEC_235
2011;117;35-49;214;234;448;SEC_117
2014;631;03-11;36;45;81;SEC_631
2007;606;03-11;41;46;87;SEC_606
2001;243;65-74;101;94;195;SEC_243
2008;318;16-17;7;12;19;SEC_318
2013;134;25-34;85;105;190;SEC_134
2009;213;75 i +;57;30;87;SEC_213
2009;246;65-74;46;39;85;SEC_246
2014;623;03-11;56;67;123;SEC_623
1999;131;18-24;102;110;212;SEC_131
2015;622;75 i +;35;15;50;SEC_622
1995;136;65-74;56;53;109;SEC_136
2014;506;12-15;38;36;74;SEC_506
2002;438;03-11;23;29;52;SEC_438
1995;611;18-24;148;144;292;SEC_611
1998;513;16-17;6;1;7;SEC_513
2005;624;35-49;85;108;193;SEC_624
2007;537;65-74;72;73;145;SEC_537
1999;307;16-17;19;18;37;SEC_307
2006;603;75 i +;20;17;37;SEC_603
2004;303;50-64;177;128;305;SEC_303
1996;429;75 i +;30;17;47;SEC_429
1995;105;03-11;48;66;114;SEC_105
1996;615;50-64;143;162;305;SEC_615
2009;414;65-74;47;43;90;SEC_414
2012;413;16-17;14;9;23;SEC_413
1998;112;65-74;54;48;102;SEC_112
1999;304;25-34;103;100;203;SEC_304
1996;121;65-74;91;80;171;SEC_121
2009;221;35-49;142;145;287;SEC_221
1996;534;03-11;23;30;53;SEC_534
2005;120;75 i +;62;27;89;SEC_120
2013;437;25-34;128;115;243;SEC_437
2001;617;50-64;110;96;206;SEC_617
2015;108;25-34;102;86;188;SEC_108
2005;430;25-34;93;129;222;SEC_430
2001;306;03-11;61;44;105;SEC_306
2009;532;12-15;31;15;46;SEC_532
2004;134;16-17;8;20;28;SEC_134
2005;220;18-24;42;41;83;SEC_220
1998;236;35-49;84;82;166;SEC_236
1996;239;65-74;93;71;164;SEC_239
2007;522;65-74;31;32;63;SEC_522
1997;315;12-15;41;35;76;SEC_315
2016;112;18-24;58;62;120;SEC_112
1995;401;25-34;71;99;170;SEC_401
2006;217;65-74;25;23;48;SEC_217
1995;121;65-74;85;72;157;SEC_121
2008;319;16-17;10;11;21;SEC_319
2000;620;12-15;12;12;24;SEC_620
2001;601;75 i +;60;26;86;SEC_601
2001;605;03-11;9;17;26;SEC_605
2008;609;35-49;82;89;171;SEC_609
1998;215;75 i +;61;42;103;SEC_215
1994;529;50-64;145;157;302;SEC_529
2003;401;35-49;149;143;292;SEC_401
2006;310;12-15;12;12;24;SEC_310
2006;324;25-34;84;99;183;SEC_324
2011;413;75 i +;49;25;74;SEC_413
2004;421;65-74;90;72;162;SEC_421
2002;630;12-15;15;15;30;SEC_630
1999;428;25-34;50;50;100;SEC_428
1998;115;18-24;65;98;163;SEC_115
2010;317;50-64;65;66;131;SEC_317
1995;514;75 i +;36;17;53;SEC_514
2007;302;25-34;146;179;325;SEC_302
2013;510;50-64;83;71;154;SEC_510
2001;406;16-17;10;12;22;SEC_406
2002;424;16-17;5;6;11;SEC_424
2009;630;50-64;119;95;214;SEC_630
2001;239;50-64;109;64;173;SEC_239
1998;502;65-74;75;65;140;SEC_502
1996;423;75 i +;39;18;57;SEC_423
2013;115;18-24;31;56;87;SEC_115
1996;121;18-24;30;34;64;SEC_121
2004;308;12-15;25;27;52;SEC_308
1995;517;75 i +;50;30;80;SEC_517
1996;619;75 i +;35;18;53;SEC_619
2014;304;35-49;372;416;788;SEC_304
2008;414;65-74;45;40;85;SEC_414
1998;508;00-02;5;9;14;SEC_508
2007;606;50-64;84;57;141;SEC_606
2006;316;65-74;53;58;111;SEC_316
2002;616;75 i +;32;21;53;SEC_616
2004;523;00-02;23;17;40;SEC_523
1998;102;12-15;29;22;51;SEC_102
1996;310;50-64;67;71;138;SEC_310
2016;326;25-34;140;105;245;SEC_326
1999;538;75 i +;57;31;88;SEC_538
1999;312;25-34;145;199;344;SEC_312
2011;631;50-64;107;74;181;SEC_631
2002;245;03-11;38;41;79;SEC_245
2016;538;50-64;120;103;223;SEC_538
2012;133;35-49;102;106;208;SEC_133
2008;403;03-11;37;29;66;SEC_403
2011;134;00-02;19;23;42;SEC_134
2013;504;65-74;91;79;170;SEC_504
2006;437;25-34;84;108;192;SEC_437
2013;134;75 i +;82;38;120;SEC_134
2003;630;50-64;129;121;250;SEC_630
2004;216;12-15;12;20;32;SEC_216
1996;232;50-64;108;89;197;SEC_232
2015;609;00-02;9;8;17;SEC_609
2002;249;25-34;89;105;194;SEC_249
2001;507;25-34;87;98;185;SEC_507
1999;527;12-15;12;19;31;SEC_527
2012;507;65-74;47;51;98;SEC_507
2001;201;16-17;8;6;14;SEC_201
2011;205;18-24;32;40;72;SEC_205
2012;216;75 i +;76;52;128;SEC_216
2008;204;00-02;9;14;23;SEC_204
2016;511;75 i +;146;102;248;SEC_511
1995;508;12-15;14;9;23;SEC_508
1997;520;65-74;48;52;100;SEC_520
1995;439;65-74;61;44;105;SEC_439
2009;320;18-24;27;31;58;SEC_320
1994;214;12-15;17;12;29;SEC_214
1996;318;12-15;28;25;53;SEC_318
2013;107;03-11;73;76;149;SEC_107
2009;124;75 i +;39;32;71;SEC_124
2006;324;65-74;40;33;73;SEC_324
1997;602;12-15;11;11;22;SEC_602
1997;428;50-64;48;42;90;SEC_428
2014;305;12-15;29;26;55;SEC_305
2015;138;50-64;92;77;169;SEC_138
1995;629;65-74;29;27;56;SEC_629
2006;428;03-11;28;21;49;SEC_428
2002;614;03-11;27;35;62;SEC_614
1994;519;50-64;80;66;146;SEC_519
1996;212;12-15;23;22;45;SEC_212
2010;218;16-17;13;4;17;SEC_218
2008;230;18-24;51;44;95;SEC_230
2014;133;25-34;54;58;112;SEC_133
1998;524;12-15;19;21;40;SEC_524
1997;132;12-15;52;67;119;SEC_132
2012;514;12-15;16;13;29;SEC_514
2007;442;16-17;4;7;11;SEC_442
1997;103;03-11;23;21;44;SEC_103
2011;438;75 i +;45;37;82;SEC_438
2002;238;25-34;78;76;154;SEC_238
1995;502;75 i +;47;21;68;SEC_502
2011;241;50-64;70;67;137;SEC_241
2004;127;18-24;45;36;81;SEC_127
2006;440;65-74;71;76;147;SEC_440
1997;235;65-74;109;85;194;SEC_235
2008;116;16-17;15;14;29;SEC_116
2002;422;65-74;78;68;146;SEC_422
1995;508;18-24;47;29;76;SEC_508
2006;110;12-15;11;23;34;SEC_110
2011;525;16-17;13;10;23;SEC_525
1998;246;75 i +;68;34;102;SEC_246
1995;516;18-24;45;39;84;SEC_516
1995;239;35-49;88;80;168;SEC_239
2011;229;18-24;33;29;62;SEC_229
2008;632;75 i +;37;27;64;SEC_632
2005;318;25-34;67;70;137;SEC_318
2010;512;00-02;19;13;32;SEC_512
1999;528;35-49;80;87;167;SEC_528
2007;325;25-34;123;130;253;SEC_325
2006;304;35-49;154;175;329;SEC_304
2013;607;16-17;2;14;16;SEC_607
2012;609;25-34;49;44;93;SEC_609
2008;138;16-17;7;9;16;SEC_138
2003;132;25-34;171;194;365;SEC_132
2002;504;65-74;85;83;168;SEC_504
2009;508;12-15;10;8;18;SEC_508
2008;415;75 i +;40;22;62;SEC_415
1999;213;50-64;88;92;180;SEC_213
1999;509;18-24;47;35;82;SEC_509
2014;240;75 i +;123;71;194;SEC_240
2008;512;50-64;67;66;133;SEC_512
1994;301;16-17;35;28;63;SEC_301
1997;614;50-64;126;130;256;SEC_614
2005;422;65-74;60;47;107;SEC_422
2004;624;12-15;18;19;37;SEC_624
1996;209;65-74;78;64;142;SEC_209
2006;122;75 i +;45;28;73;SEC_122
2015;307;16-17;10;11;21;SEC_307
2007;125;35-49;165;214;379;SEC_125
2006;119;50-64;194;169;363;SEC_119
2011;322;18-24;56;44;100;SEC_322
1998;321;12-15;48;49;97;SEC_321
2012;524;00-02;23;22;45;SEC_524
1998;619;16-17;27;21;48;SEC_619
2010;509;25-34;75;91;166;SEC_509
2008;233;18-24;40;45;85;SEC_233
2003;313;35-49;199;186;385;SEC_313
1995;524;00-02;13;17;30;SEC_524
2010;248;18-24;51;48;99;SEC_248
2011;107;00-02;27;24;51;SEC_107
2012;325;12-15;34;31;65;SEC_325
2006;210;16-17;8;5;13;SEC_210
2005;309;35-49;107;109;216;SEC_309
2009;203;16-17;3;12;15;SEC_203
2010;420;03-11;66;83;149;SEC_420
1995;229;65-74;59;45;104;SEC_229
2009;414;75 i +;61;47;108;SEC_414
1998;309;12-15;11;9;20;SEC_309
1994;123;75 i +;61;25;86;SEC_123
1996;416;18-24;38;44;82;SEC_416
1994;219;00-02;16;7;23;SEC_219
1994;421;16-17;17;24;41;SEC_421
2008;503;75 i +;35;13;48;SEC_503
2006;430;50-64;58;64;122;SEC_430
2008;122;16-17;3;5;8;SEC_122
2008;620;75 i +;19;20;39;SEC_620
2007;210;25-34;72;62;134;SEC_210
2002;321;03-11;91;90;181;SEC_321
1996;124;65-74;36;31;67;SEC_124
2006;212;75 i +;69;40;109;SEC_212
2004;505;00-02;17;12;29;SEC_505
2012;231;03-11;60;64;124;SEC_231
2007;602;75 i +;23;16;39;SEC_602
2015;236;00-02;15;14;29;SEC_236
2003;425;25-34;80;78;158;SEC_425
2012;622;00-02;9;12;21;SEC_622
1994;516;25-34;61;75;136;SEC_516
2011;501;00-02;8;11;19;SEC_501
1996;112;00-02;23;6;29;SEC_112
2011;325;03-11;61;68;129;SEC_325
1997;438;16-17;7;9;16;SEC_438
2009;135;25-34;130;135;265;SEC_135
2006;538;18-24;47;51;98;SEC_538
1997;320;18-24;37;56;93;SEC_320
2006;409;75 i +;26;23;49;SEC_409
1999;520;35-49;80;63;143;SEC_520
2003;106;03-11;54;55;109;SEC_106
2002;121;00-02;9;8;17;SEC_121
2011;423;25-34;103;99;202;SEC_423
2014;416;65-74;67;56;123;SEC_416
1999;410;25-34;126;114;240;SEC_410
2003;232;18-24;51;50;101;SEC_232
2015;311;16-17;17;16;33;SEC_311
2009;618;50-64;62;46;108;SEC_618
2013;626;65-74;72;55;127;SEC_626
1999;630;16-17;21;15;36;SEC_630
2000;621;16-17;21;26;47;SEC_621
1998;538;65-74;86;82;168;SEC_538
1998;238;18-24;25;38;63;SEC_238
2000;528;35-49;90;98;188;SEC_528
2006;122;03-11;31;36;67;SEC_122
2007;240;12-15;13;12;25;SEC_240
2002;629;00-02;10;6;16;SEC_629
1995;424;00-02;5;3;8;SEC_424
2015;128;03-11;40;59;99;SEC_128
2003;618;18-24;24;21;45;SEC_618
2007;626;65-74;61;50;111;SEC_626
1998;317;12-15;12;13;25;SEC_317
2004;206;35-49;96;104;200;SEC_206
2011;323;25-34;203;207;410;SEC_323
2000;111;16-17;10;5;15;SEC_111
1994;318;00-02;10;14;24;SEC_318
2000;610;50-64;212;199;411;SEC_610
2008;234;03-11;29;35;64;SEC_234
2005;136;35-49;119;132;251;SEC_136
1999;520;75 i +;40;25;65;SEC_520
2009;626;25-34;63;64;127;SEC_626
2016;612;25-34;48;36;84;SEC_612
1995;205;50-64;88;93;181;SEC_205
2012;113;65-74;70;72;142;SEC_113
2013;102;35-49;166;184;350;SEC_102
2012;231;18-24;45;40;85;SEC_231
2000;140;65-74;67;60;127;SEC_140
2011;104;03-11;37;42;79;SEC_104
1998;140;75 i +;40;22;62;SEC_140
2016;306;65-74;87;70;157;SEC_306
2016;223;00-02;23;15;38;SEC_223
2010;224;12-15;13;13;26;SEC_224
2014;614;00-02;10;9;19;SEC_614
2015;240;03-11;82;63;145;SEC_240
2013;108;00-02;14;20;34;SEC_108
2014;514;00-02;24;26;50;SEC_514
1997;231;35-49;83;76;159;SEC_231
1998;527;12-15;17;21;38;SEC_527
1999;233;03-11;22;18;40;SEC_233
2006;106;35-49;197;183;380;SEC_106
1996;214;35-49;46;50;96;SEC_214
2014;311;16-17;15;14;29;SEC_311
1994;123;35-49;122;117;239;SEC_123
2007;249;65-74;61;31;92;SEC_249
2014;514;12-15;29;26;55;SEC_514
1995;508;65-74;40;34;74;SEC_508
2001;233;03-11;29;26;55;SEC_233
2010;528;03-11;54;57;111;SEC_528
2002;516;35-49;59;85;144;SEC_516
2003;208;75 i +;126;88;214;SEC_208
1997;416;35-49;54;57;111;SEC_416
2011;320;75 i +;41;18;59;SEC_320
2006;608;75 i +;40;25;65;SEC_608
2012;525;35-49;113;121;234;SEC_525
1995;404;16-17;16;13;29;SEC_404
2002;403;25-34;63;86;149;SEC_403
2001;103;35-49;87;73;160;SEC_103
2006;135;50-64;148;151;299;SEC_135
1999;206;25-34;69;74;143;SEC_206
2011;409;65-74;39;29;68;SEC_409
1999;205;18-24;48;52;100;SEC_205
2016;217;00-02;15;19;34;SEC_217
2014;502;50-64;138;125;263;SEC_502
2000;302;25-34;143;149;292;SEC_302
2006;411;18-24;33;41;74;SEC_411
2001;620;35-49;59;59;118;SEC_620
1994;618;65-74;26;20;46;SEC_618
2013;224;65-74;48;36;84;SEC_224
1999;314;16-17;47;41;88;SEC_314
2009;229;25-34;89;70;159;SEC_229
2010;226;50-64;97;77;174;SEC_226
2003;205;65-74;62;56;118;SEC_205
2007;222;16-17;14;16;30;SEC_222
1995;325;35-49;189;175;364;SEC_325
2005;427;65-74;54;29;83;SEC_427
1994;511;03-11;11;21;32;SEC_511
2015;231;75 i +;84;41;125;SEC_231
2011;241;75 i +;71;40;111;SEC_241
2014;305;18-24;65;53;118;SEC_305
2007;127;00-02;10;17;27;SEC_127
2015;431;25-34;114;140;254;SEC_431
1995;402;65-74;48;40;88;SEC_402
2004;237;35-49;147;185;332;SEC_237
2005;524;03-11;50;53;103;SEC_524
2012;416;65-74;44;25;69;SEC_416
1995;124;65-74;34;31;65;SEC_124
2012;424;12-15;8;12;20;SEC_424
2000;210;03-11;25;20;45;SEC_210
2012;211;65-74;38;33;71;SEC_211
2001;519;35-49;45;53;98;SEC_519
1998;216;12-15;22;28;50;SEC_216
2016;121;00-02;6;14;20;SEC_121
2011;616;75 i +;58;45;103;SEC_616
2004;224;75 i +;30;14;44;SEC_224
2001;244;03-11;17;19;36;SEC_244
2003;243;03-11;55;57;112;SEC_243
2005;114;16-17;14;5;19;SEC_114
2012;411;18-24;33;26;59;SEC_411
1996;227;25-34;48;46;94;SEC_227
1998;230;65-74;70;44;114;SEC_230
2001;124;18-24;46;45;91;SEC_124
2002;421;35-49;96;99;195;SEC_421
1996;403;35-49;112;89;201;SEC_403
2001;116;25-34;147;139;286;SEC_116
2009;534;75 i +;59;39;98;SEC_534
2013;414;25-34;157;144;301;SEC_414
1999;137;03-11;55;55;110;SEC_137
2009;216;50-64;116;98;214;SEC_216
1998;527;75 i +;49;28;77;SEC_527
1994;441;16-17;42;42;84;SEC_441
2015;135;65-74;79;80;159;SEC_135
2001;202;18-24;35;38;73;SEC_202
2004;118;65-74;48;48;96;SEC_118
2015;301;25-34;157;171;328;SEC_301
2000;627;35-49;145;117;262;SEC_627
2002;230;18-24;25;33;58;SEC_230
1996;322;35-49;135;126;261;SEC_322
2006;205;35-49;95;102;197;SEC_205
1996;519;03-11;19;25;44;SEC_519
2003;119;00-02;7;15;22;SEC_119
1994;407;12-15;22;24;46;SEC_407
1995;315;03-11;65;78;143;SEC_315
1997;220;65-74;66;53;119;SEC_220
2001;612;18-24;50;60;110;SEC_612
2007;403;25-34;99;118;217;SEC_403
2007;215;00-02;13;14;27;SEC_215
2013;245;03-11;38;55;93;SEC_245
2008;322;12-15;21;23;44;SEC_322
1995;430;65-74;57;47;104;SEC_430
2002;203;03-11;21;23;44;SEC_203
2002;137;25-34;134;150;284;SEC_137
2000;123;16-17;10;14;24;SEC_123
1996;605;16-17;7;13;20;SEC_605
2009;530;00-02;18;36;54;SEC_530
1994;409;25-34;59;55;114;SEC_409
2013;207;16-17;10;18;28;SEC_207
2001;240;16-17;4;7;11;SEC_240
2001;105;00-02;7;13;20;SEC_105
1996;437;35-49;74;77;151;SEC_437
2010;523;50-64;96;102;198;SEC_523
2005;111;12-15;20;12;32;SEC_111
2015;504;12-15;9;12;21;SEC_504
1999;226;50-64;92;94;186;SEC_226
2013;631;12-15;13;15;28;SEC_631
2006;323;65-74;85;69;154;SEC_323
1997;632;25-34;90;102;192;SEC_632
2013;110;03-11;48;43;91;SEC_110
2012;204;03-11;23;24;47;SEC_204
2013;208;16-17;10;12;22;SEC_208
1996;625;18-24;108;114;222;SEC_625
2006;135;25-34;117;140;257;SEC_135
2008;122;75 i +;47;34;81;SEC_122
1998;523;75 i +;86;38;124;SEC_523
2004;504;75 i +;59;43;102;SEC_504
2002;301;16-17;24;32;56;SEC_301
2012;613;00-02;18;16;34;SEC_613
1998;604;12-15;16;14;30;SEC_604
1994;310;00-02;10;10;20;SEC_310
2001;320;03-11;21;25;46;SEC_320
2014;405;50-64;120;140;260;SEC_405
2009;140;12-15;13;27;40;SEC_140
2012;223;16-17;15;10;25;SEC_223
1998;202;16-17;6;9;15;SEC_202
2015;127;12-15;15;18;33;SEC_127
1996;205;00-02;4;7;11;SEC_205
2015;140;25-34;62;42;104;SEC_140
2013;139;18-24;32;22;54;SEC_139
2015;405;50-64;140;143;283;SEC_405
2016;316;25-34;155;165;320;SEC_316
1996;115;00-02;10;21;31;SEC_115
1997;527;50-64;97;86;183;SEC_527
2008;229;12-15;18;22;40;SEC_229
2013;401;03-11;40;51;91;SEC_401
2013;614;12-15;16;10;26;SEC_614
2007;523;50-64;106;99;205;SEC_523
1997;609;65-74;27;27;54;SEC_609
1995;407;50-64;126;120;246;SEC_407
2011;411;35-49;102;104;206;SEC_411
2015;214;03-11;98;106;204;SEC_214
2015;309;35-49;159;159;318;SEC_309
2014;423;50-64;81;61;142;SEC_423
2008;512;25-34;92;105;197;SEC_512
1995;107;25-34;134;156;290;SEC_107
2016;221;16-17;17;21;38;SEC_221
1995;237;35-49;113;112;225;SEC_237
2010;113;00-02;28;36;64;SEC_113
1998;429;75 i +;32;21;53;SEC_429
2012;233;18-24;27;33;60;SEC_233
2013;221;16-17;18;13;31;SEC_221
2015;212;00-02;16;19;35;SEC_212
1995;301;65-74;82;65;147;SEC_301
2007;530;12-15;20;22;42;SEC_530
2011;403;75 i +;83;65;148;SEC_403
2007;429;18-24;23;39;62;SEC_429
2002;413;03-11;24;17;41;SEC_413
2007;524;03-11;49;55;104;SEC_524
2011;435;50-64;86;83;169;SEC_435
2012;101;03-11;129;135;264;SEC_101
2001;106;65-74;61;42;103;SEC_106
1995;505;12-15;39;33;72;SEC_505
2003;230;12-15;14;22;36;SEC_230
2011;632;00-02;11;17;28;SEC_632
1994;526;16-17;6;11;17;SEC_526
2004;530;65-74;102;79;181;SEC_530
2014;124;65-74;41;32;73;SEC_124
2005;235;35-49;157;189;346;SEC_235
2002;213;18-24;42;52;94;SEC_213
2002;605;35-49;46;40;86;SEC_605
2005;205;12-15;17;18;35;SEC_205
2003;233;16-17;8;5;13;SEC_233
2015;505;16-17;4;6;10;SEC_505
1998;137;50-64;120;126;246;SEC_137
1998;538;35-49;93;92;185;SEC_538
1994;310;16-17;14;15;29;SEC_310
1996;524;65-74;65;52;117;SEC_524
2014;525;35-49;124;136;260;SEC_525
1999;303;16-17;12;19;31;SEC_303
2005;617;16-17;7;8;15;SEC_617
2008;621;35-49;148;147;295;SEC_621
2001;131;25-34;109;144;253;SEC_131
1995;323;16-17;69;69;138;SEC_323
2007;104;16-17;6;6;12;SEC_104
2008;206;35-49;113;119;232;SEC_206
2012;505;65-74;135;136;271;SEC_505
2007;130;16-17;5;14;19;SEC_130
2001;221;75 i +;34;32;66;SEC_221
2006;501;12-15;15;18;33;SEC_501
2004;315;75 i +;59;33;92;SEC_315
2000;240;35-49;61;60;121;SEC_240
2005;501;65-74;34;36;70;SEC_501
2010;609;16-17;5;7;12;SEC_609
2005;242;12-15;16;14;30;SEC_242
2005;503;75 i +;34;14;48;SEC_503
2014;406;03-11;50;58;108;SEC_406
1996;604;12-15;14;18;32;SEC_604
1995;218;00-02;7;2;9;SEC_218
2006;325;12-15;32;32;64;SEC_325
2014;321;50-64;292;251;543;SEC_321
2015;609;03-11;41;42;83;SEC_609
2012;212;12-15;27;18;45;SEC_212
1998;324;25-34;80;70;150;SEC_324
2016;114;03-11;50;60;110;SEC_114
2010;537;03-11;57;36;93;SEC_537
2001;538;16-17;5;9;14;SEC_538
2004;216;03-11;49;39;88;SEC_216
2009;106;50-64;265;236;501;SEC_106
2007;527;50-64;78;67;145;SEC_527
2006;622;00-02;9;7;16;SEC_622
1998;505;35-49;107;83;190;SEC_505
1998;248;12-15;26;22;48;SEC_248
1997;441;16-17;30;36;66;SEC_441
2004;511;35-49;72;77;149;SEC_511
2002;122;50-64;103;79;182;SEC_122
2000;610;65-74;59;52;111;SEC_610
2016;513;25-34;86;91;177;SEC_513
2001;313;75 i +;69;31;100;SEC_313
2006;130;65-74;84;61;145;SEC_130
2010;416;18-24;33;31;64;SEC_416
1998;118;75 i +;31;18;49;SEC_118
2015;318;00-02;9;12;21;SEC_318
1999;114;65-74;65;62;127;SEC_114
1998;438;65-74;33;38;71;SEC_438
1998;201;12-15;13;9;22;SEC_201
2003;211;75 i +;87;48;135;SEC_211
2006;606;25-34;93;121;214;SEC_606
2009;224;50-64;43;55;98;SEC_224
2016;403;25-34;71;79;150;SEC_403
2008;240;03-11;28;28;56;SEC_240
2004;213;03-11;22;38;60;SEC_213
2016;502;35-49;182;191;373;SEC_502
2009;431;50-64;109;110;219;SEC_431
2007;628;03-11;33;42;75;SEC_628
1996;303;00-02;12;12;24;SEC_303
1994;438;18-24;69;70;139;SEC_438
1994;410;25-34;101;119;220;SEC_410
2011;528;00-02;15;20;35;SEC_528
2010;316;25-34;147;198;345;SEC_316
2007;432;18-24;52;58;110;SEC_432
2001;622;16-17;11;13;24;SEC_622
2002;242;35-49;110;119;229;SEC_242
1995;102;50-64;192;194;386;SEC_102
2009;308;65-74;98;93;191;SEC_308
2001;610;50-64;203;173;376;SEC_610
2012;617;00-02;11;16;27;SEC_617
2002;314;75 i +;77;34;111;SEC_314
1999;502;35-49;149;134;283;SEC_502
2010;118;00-02;19;31;50;SEC_118
2008;212;75 i +;66;43;109;SEC_212
1997;118;00-02;16;20;36;SEC_118
2008;309;16-17;6;8;14;SEC_309
2011;206;16-17;9;11;20;SEC_206
1999;217;03-11;16;15;31;SEC_217
2001;212;35-49;120;116;236;SEC_212
1998;618;35-49;64;46;110;SEC_618
1997;519;12-15;11;9;20;SEC_519
1999;213;65-74;58;48;106;SEC_213
2003;213;16-17;15;11;26;SEC_213
2013;129;00-02;10;20;30;SEC_129
2009;428;50-64;42;42;84;SEC_428
2014;412;16-17;12;6;18;SEC_412
2008;434;25-34;49;68;117;SEC_434
1994;238;16-17;7;7;14;SEC_238
2001;520;00-02;3;10;13;SEC_520
1997;532;35-49;116;94;210;SEC_532
2004;209;00-02;15;14;29;SEC_209
2012;627;12-15;19;9;28;SEC_627
2000;433;16-17;11;12;23;SEC_433
1997;515;16-17;9;2;11;SEC_515
2009;218;25-34;59;86;145;SEC_218
1998;121;18-24;30;30;60;SEC_121
2014;621;75 i +;51;32;83;SEC_621
1995;523;50-64;173;156;329;SEC_523
1994;523;03-11;47;39;86;SEC_523
2001;612;12-15;13;14;27;SEC_612
2012;110;35-49;117;111;228;SEC_110
2002;324;03-11;39;39;78;SEC_324
2011;434;18-24;24;31;55;SEC_434
2009;537;75 i +;75;47;122;SEC_537
2001;537;00-02;13;11;24;SEC_537
2016;432;12-15;22;16;38;SEC_432
2010;441;00-02;20;25;45;SEC_441
2004;219;50-64;95;86;181;SEC_219
2005;505;00-02;14;13;27;SEC_505
2009;610;65-74;105;119;224;SEC_610
2009;407;00-02;14;23;37;SEC_407
2004;310;03-11;31;31;62;SEC_310
2003;621;16-17;12;13;25;SEC_621
2011;310;25-34;96;77;173;SEC_310
1999;619;18-24;93;96;189;SEC_619
1999;214;18-24;25;30;55;SEC_214
2014;105;25-34;64;68;132;SEC_105
2010;612;12-15;12;20;32;SEC_612
2008;311;18-24;53;60;113;SEC_311
2016;122;16-17;4;15;19;SEC_122
2005;632;16-17;10;8;18;SEC_632
2005;125;03-11;36;52;88;SEC_125
2003;412;18-24;84;88;172;SEC_412
2007;120;25-34;122;139;261;SEC_120
1995;229;00-02;2;7;9;SEC_229
2016;211;50-64;118;95;213;SEC_211
1997;621;03-11;61;63;124;SEC_621
1997;202;25-34;56;78;134;SEC_202
2006;522;75 i +;40;20;60;SEC_522
2016;616;16-17;23;35;58;SEC_616
2010;315;16-17;11;10;21;SEC_315
2013;605;00-02;17;19;36;SEC_605
2012;528;25-34;120;101;221;SEC_528
2011;404;16-17;10;14;24;SEC_404
2007;122;03-11;34;39;73;SEC_122
2011;223;18-24;59;65;124;SEC_223
2015;510;12-15;19;13;32;SEC_510
1995;602;50-64;97;92;189;SEC_602
2000;618;50-64;73;77;150;SEC_618
2016;422;75 i +;77;39;116;SEC_422
2002;427;25-34;95;97;192;SEC_427
2009;319;25-34;163;199;362;SEC_319
2000;217;00-02;4;8;12;SEC_217
2001;202;35-49;56;62;118;SEC_202
2016;538;25-34;88;79;167;SEC_538
2004;413;18-24;23;25;48;SEC_413
2006;408;25-34;96;99;195;SEC_408
2011;214;03-11;32;29;61;SEC_214
2014;102;75 i +;111;77;188;SEC_102
1999;531;16-17;2;6;8;SEC_531
2011;628;65-74;77;76;153;SEC_628
1999;111;50-64;115;97;212;SEC_111
1996;325;12-15;33;24;57;SEC_325
2014;212;03-11;57;57;114;SEC_212
2012;406;03-11;38;67;105;SEC_406
2008;435;35-49;104;140;244;SEC_435
2003;405;25-34;83;77;160;SEC_405
1995;428;16-17;3;5;8;SEC_428
2000;602;50-64;85;75;160;SEC_602
2013;221;18-24;88;77;165;SEC_221
1997;215;75 i +;65;40;105;SEC_215
1996;416;12-15;15;11;26;SEC_416
2002;504;25-34;119;128;247;SEC_504
2009;513;50-64;57;48;105;SEC_513
1994;532;12-15;26;33;59;SEC_532
2005;106;18-24;127;98;225;SEC_106
1995;521;18-24;132;129;261;SEC_521
2001;111;18-24;42;47;89;SEC_111
2004;324;16-17;10;10;20;SEC_324
1998;214;12-15;8;11;19;SEC_214
2005;243;18-24;61;47;108;SEC_243
2008;216;25-34;112;126;238;SEC_216
2009;410;75 i +;118;100;218;SEC_410
2001;134;75 i +;58;29;87;SEC_134
2001;524;12-15;17;18;35;SEC_524
2004;312;50-64;195;146;341;SEC_312
2002;426;35-49;98;107;205;SEC_426
2001;313;03-11;72;60;132;SEC_313
1999;128;25-34;101;90;191;SEC_128
2005;136;50-64;120;114;234;SEC_136
2010;127;25-34;61;59;120;SEC_127
1998;502;75 i +;61;35;96;SEC_502
2003;304;50-64;114;96;210;SEC_304
1994;307;00-02;17;17;34;SEC_307
2010;301;12-15;40;35;75;SEC_301
2013;124;75 i +;46;38;84;SEC_124
2009;603;65-74;44;48;92;SEC_603
2002;538;16-17;8;8;16;SEC_538
2013;123;12-15;16;28;44;SEC_123
2009;420;35-49;183;216;399;SEC_420
1999;524;18-24;65;59;124;SEC_524
2011;105;50-64;151;112;263;SEC_105
2000;226;03-11;23;30;53;SEC_226
1999;421;16-17;11;8;19;SEC_421
2013;506;75 i +;100;78;178;SEC_506
2014;614;25-34;37;66;103;SEC_614
2000;221;03-11;41;44;85;SEC_221
2006;532;12-15;24;24;48;SEC_532
2008;208;35-49;163;174;337;SEC_208
2005;502;50-64;148;147;295;SEC_502
2003;607;75 i +;39;23;62;SEC_607
2016;213;65-74;52;33;85;SEC_213
2006;429;65-74;41;26;67;SEC_429
2015;423;25-34;71;83;154;SEC_423
2005;431;18-24;79;87;166;SEC_431
2009;102;03-11;50;66;116;SEC_102
2012;518;18-24;40;42;82;SEC_518
2012;101;75 i +;54;45;99;SEC_101
2008;501;25-34;92;101;193;SEC_501
2006;605;03-11;13;16;29;SEC_605
2006;108;75 i +;101;62;163;SEC_108
2015;433;65-74;58;50;108;SEC_433
2002;608;35-49;92;84;176;SEC_608
2014;535;50-64;102;85;187;SEC_535
2004;241;35-49;107;87;194;SEC_241
2010;537;65-74;79;75;154;SEC_537
2006;203;18-24;49;42;91;SEC_203
2001;303;00-02;21;14;35;SEC_303
2015;224;12-15;18;21;39;SEC_224
2012;523;35-49;181;184;365;SEC_523
2013;321;16-17;18;12;30;SEC_321
2009;244;25-34;62;61;123;SEC_244
2013;236;16-17;9;7;16;SEC_236
2009;612;12-15;10;18;28;SEC_612
2009;121;50-64;38;46;84;SEC_121
2004;435;03-11;38;43;81;SEC_435
2009;311;12-15;26;30;56;SEC_311
1995;319;18-24;37;44;81;SEC_319
2012;304;65-74;83;60;143;SEC_304
1999;501;00-02;8;12;20;SEC_501
2002;509;12-15;11;15;26;SEC_509
1995;203;50-64;79;70;149;SEC_203
2014;619;50-64;141;124;265;SEC_619
2004;529;03-11;49;39;88;SEC_529
2004;317;03-11;58;50;108;SEC_317
2007;410;25-34;118;125;243;SEC_410
2016;301;75 i +;153;101;254;SEC_301
2015;119;18-24;35;35;70;SEC_119
2000;210;00-02;5;5;10;SEC_210
2009;505;65-74;104;118;222;SEC_505
1996;239;12-15;16;13;29;SEC_239
2000;135;25-34;120;114;234;SEC_135
2011;420;75 i +;80;55;135;SEC_420
1998;615;03-11;8;20;28;SEC_615
1999;502;12-15;26;32;58;SEC_502
2001;311;00-02;17;14;31;SEC_311
1997;106;16-17;42;34;76;SEC_106
1998;238;65-74;58;41;99;SEC_238
2001;416;18-24;25;36;61;SEC_416
1999;310;25-34;71;73;144;SEC_310
2016;309;00-02;12;19;31;SEC_309
2008;102;75 i +;93;51;144;SEC_102
2004;249;50-64;85;75;160;SEC_249
2003;521;75 i +;43;27;70;SEC_521
1999;132;18-24;133;166;299;SEC_132
1996;606;25-34;118;124;242;SEC_606
1997;314;35-49;338;333;671;SEC_314
1995;631;03-11;48;34;82;SEC_631
2008;407;65-74;55;39;94;SEC_407
2013;323;25-34;125;115;240;SEC_323
2004;619;50-64;146;135;281;SEC_619
1994;247;00-02;10;15;25;SEC_247
1995;316;65-74;33;29;62;SEC_316
2009;431;00-02;28;30;58;SEC_431
2002;306;50-64;148;133;281;SEC_306
2003;207;50-64;64;58;122;SEC_207
1999;131;16-17;30;15;45;SEC_131
2016;201;03-11;71;80;151;SEC_201
2015;232;03-11;36;51;87;SEC_232
2012;612;65-74;124;88;212;SEC_612
2002;417;75 i +;31;18;49;SEC_417
2013;514;25-34;106;93;199;SEC_514
2006;207;00-02;14;6;20;SEC_207
2015;213;16-17;3;17;20;SEC_213
2012;104;75 i +;86;42;128;SEC_104
2008;431;12-15;27;34;61;SEC_431
2012;231;35-49;173;175;348;SEC_231
2001;532;25-34;125;134;259;SEC_532
2011;523;12-15;15;24;39;SEC_523
2014;524;65-74;58;31;89;SEC_524
1994;302;35-49;211;200;411;SEC_302
2001;126;12-15;11;14;25;SEC_126
1996;412;50-64;186;174;360;SEC_412
2011;604;35-49;86;104;190;SEC_604
2000;242;65-74;89;80;169;SEC_242
2003;618;75 i +;21;15;36;SEC_618
1995;509;12-15;19;14;33;SEC_509
2010;212;35-49;194;187;381;SEC_212
2000;402;03-11;25;14;39;SEC_402
1994;620;35-49;79;67;146;SEC_620
1995;431;16-17;17;14;31;SEC_431
1997;428;75 i +;31;17;48;SEC_428
2013;132;75 i +;105;73;178;SEC_132
2006;439;12-15;17;20;37;SEC_439
2003;238;35-49;80;88;168;SEC_238
2004;212;18-24;67;62;129;SEC_212
2005;310;75 i +;40;26;66;SEC_310
2003;316;50-64;261;278;539;SEC_316
1996;229;03-11;14;26;40;SEC_229
1996;510;03-11;35;41;76;SEC_510
1998;534;50-64;101;100;201;SEC_534
2008;201;00-02;13;18;31;SEC_201
2001;416;16-17;8;3;11;SEC_416
2010;521;00-02;15;12;27;SEC_521
2013;405;65-74;104;57;161;SEC_405
2012;106;00-02;22;25;47;SEC_106
1998;404;00-02;13;23;36;SEC_404
1994;632;18-24;110;121;231;SEC_632
2001;230;50-64;64;52;116;SEC_230
1994;118;16-17;67;65;132;SEC_118
1995;249;25-34;89;92;181;SEC_249
2001;324;12-15;12;20;32;SEC_324
2003;616;00-02;47;53;100;SEC_616
1994;405;16-17;8;12;20;SEC_405
2014;212;75 i +;82;45;127;SEC_212
2015;210;18-24;27;26;53;SEC_210
1997;123;50-64;100;107;207;SEC_123
2008;132;12-15;21;41;62;SEC_132
2004;217;75 i +;42;15;57;SEC_217
2003;614;12-15;12;21;33;SEC_614
2003;204;12-15;6;8;14;SEC_204
1998;422;35-49;88;98;186;SEC_422
1995;325;00-02;18;16;34;SEC_325
2015;510;25-34;64;71;135;SEC_510
2001;606;75 i +;43;25;68;SEC_606
2004;439;03-11;40;47;87;SEC_439
2011;630;25-34;65;85;150;SEC_630
2003;524;75 i +;69;30;99;SEC_524
1996;512;00-02;11;8;19;SEC_512
2000;506;75 i +;64;37;101;SEC_506
1995;101;50-64;72;80;152;SEC_101
2005;403;35-49;95;108;203;SEC_403
1998;220;12-15;8;15;23;SEC_220
1997;503;65-74;31;18;49;SEC_503
1996;432;75 i +;26;17;43;SEC_432
2006;503;12-15;12;19;31;SEC_503
1994;404;00-02;16;13;29;SEC_404
2005;412;16-17;9;12;21;SEC_412
2005;614;65-74;60;55;115;SEC_614
2003;622;35-49;91;80;171;SEC_622
1996;218;16-17;10;13;23;SEC_218
2010;249;03-11;37;38;75;SEC_249
1999;125;18-24;78;104;182;SEC_125
2009;317;00-02;20;20;40;SEC_317
2005;538;18-24;42;52;94;SEC_538
2003;210;03-11;27;19;46;SEC_210
1995;237;65-74;83;61;144;SEC_237
2001;602;03-11;14;17;31;SEC_602
2010;116;16-17;15;7;22;SEC_116
2003;237;18-24;53;45;98;SEC_237
2014;306;00-02;21;27;48;SEC_306
1999;604;12-15;12;16;28;SEC_604
2007;239;35-49;136;153;289;SEC_239
1997;226;16-17;13;13;26;SEC_226
2010;317;16-17;12;12;24;SEC_317
1999;605;18-24;38;50;88;SEC_605
2005;312;00-02;14;19;33;SEC_312
2003;534;75 i +;55;25;80;SEC_534
2009;619;35-49;135;151;286;SEC_619
1997;510;18-24;72;64;136;SEC_510
2013;320;65-74;90;81;171;SEC_320
2014;441;50-64;234;208;442;SEC_441
2015;436;50-64;136;127;263;SEC_436
1995;406;16-17;22;29;51;SEC_406
2001;104;75 i +;70;38;108;SEC_104
1997;104;18-24;35;44;79;SEC_104
2008;207;25-34;78;84;162;SEC_207
2009;223;00-02;16;14;30;SEC_223
2016;529;50-64;105;95;200;SEC_529
2007;202;25-34;98;99;197;SEC_202
1997;231;03-11;31;29;60;SEC_231
2011;115;50-64;135;121;256;SEC_115
2013;418;18-24;50;57;107;SEC_418
2012;533;03-11;42;52;94;SEC_533
1996;107;16-17;38;31;69;SEC_107
1995;124;75 i +;34;11;45;SEC_124
2011;136;65-74;60;47;107;SEC_136
1997;112;18-24;98;90;188;SEC_112
1994;407;35-49;80;67;147;SEC_407
2016;311;03-11;54;80;134;SEC_311
2004;112;03-11;64;58;122;SEC_112
2016;237;35-49;173;190;363;SEC_237
2005;613;25-34;128;143;271;SEC_613
2016;121;12-15;14;12;26;SEC_121
2007;517;25-34;141;166;307;SEC_517
2014;630;35-49;86;87;173;SEC_630
1999;504;50-64;157;153;310;SEC_504
1998;107;75 i +;53;26;79;SEC_107
2007;627;03-11;31;22;53;SEC_627
2007;220;12-15;14;15;29;SEC_220
2015;535;35-49;89;88;177;SEC_535
1994;208;35-49;187;162;349;SEC_208
2004;527;00-02;22;15;37;SEC_527
2013;111;35-49;111;92;203;SEC_111
2014;507;25-34;59;61;120;SEC_507
2016;525;03-11;46;48;94;SEC_525
2008;431;03-11;71;75;146;SEC_431
2002;109;18-24;56;56;112;SEC_109
2002;423;50-64;87;90;177;SEC_423
2008;415;25-34;92;127;219;SEC_415
2006;413;75 i +;41;26;67;SEC_413
1997;218;03-11;16;30;46;SEC_218
2004;305;75 i +;94;46;140;SEC_305
2016;202;75 i +;74;60;134;SEC_202
1998;112;75 i +;61;21;82;SEC_112
2011;415;65-74;29;26;55;SEC_415
2009;533;16-17;8;12;20;SEC_533
2000;306;75 i +;75;47;122;SEC_306
2012;213;12-15;7;25;32;SEC_213
2002;422;35-49;97;110;207;SEC_422
2003;427;50-64;65;53;118;SEC_427
2006;138;12-15;12;11;23;SEC_138
2011;509;16-17;9;10;19;SEC_509
2002;603;00-02;5;13;18;SEC_603
1998;236;12-15;11;8;19;SEC_236
1995;311;25-34;127;131;258;SEC_311
2003;607;50-64;121;92;213;SEC_607
2013;124;65-74;38;32;70;SEC_124
2016;310;75 i +;42;22;64;SEC_310
2016;101;16-17;12;15;27;SEC_101
2010;626;65-74;66;49;115;SEC_626
2014;409;75 i +;114;86;200;SEC_409
1994;239;00-02;8;12;20;SEC_239
2016;128;00-02;10;18;28;SEC_128
1995;523;35-49;102;109;211;SEC_523
1998;605;16-17;9;7;16;SEC_605
1996;208;18-24;80;100;180;SEC_208
1998;537;00-02;11;8;19;SEC_537
2005;614;12-15;14;14;28;SEC_614
2001;310;25-34;77;91;168;SEC_310
2012;535;50-64;119;90;209;SEC_535
2013;134;65-74;66;61;127;SEC_134
2016;435;65-74;37;28;65;SEC_435
1997;621;16-17;31;33;64;SEC_621
2006;138;18-24;32;49;81;SEC_138
2000;316;03-11;90;100;190;SEC_316
1996;620;00-02;3;4;7;SEC_620
2015;317;75 i +;49;23;72;SEC_317
2010;628;35-49;100;106;206;SEC_628
2001;244;00-02;2;6;8;SEC_244
1996;611;16-17;16;19;35;SEC_611
2012;227;12-15;15;15;30;SEC_227
2007;136;75 i +;65;44;109;SEC_136
2009;405;75 i +;74;47;121;SEC_405
2001;307;12-15;25;32;57;SEC_307
2005;111;18-24;42;31;73;SEC_111
2004;246;16-17;3;14;17;SEC_246
2009;503;16-17;9;7;16;SEC_503
1997;507;00-02;7;11;18;SEC_507
2002;220;75 i +;42;28;70;SEC_220
1995;120;16-17;19;30;49;SEC_120
2003;534;65-74;59;60;119;SEC_534
2014;405;00-02;21;23;44;SEC_405
1997;442;65-74;37;27;64;SEC_442
2015;528;50-64;108;83;191;SEC_528
2007;503;75 i +;38;11;49;SEC_503
2002;424;75 i +;18;8;26;SEC_424
2002;417;16-17;7;9;16;SEC_417
2015;312;65-74;137;91;228;SEC_312
2001;205;50-64;84;75;159;SEC_205
1996;308;75 i +;53;36;89;SEC_308
2008;532;65-74;76;71;147;SEC_532
2005;428;00-02;13;11;24;SEC_428
2001;316;25-34;109;114;223;SEC_316
2003;231;18-24;36;38;74;SEC_231
2015;139;35-49;96;116;212;SEC_139
2014;111;50-64;83;67;150;SEC_111
1996;530;16-17;9;16;25;SEC_530
2007;403;50-64;127;96;223;SEC_403
1995;309;35-49;85;72;157;SEC_309
2007;206;35-49;106;114;220;SEC_206
2012;110;03-11;45;38;83;SEC_110
1996;428;03-11;21;14;35;SEC_428
2011;317;16-17;8;14;22;SEC_317
2001;439;18-24;25;48;73;SEC_439
2014;626;50-64;75;78;153;SEC_626
2007;126;16-17;7;4;11;SEC_126
2012;514;35-49;91;121;212;SEC_514
2015;327;25-34;91;84;175;SEC_327
1996;507;00-02;6;9;15;SEC_507
2012;205;50-64;102;102;204;SEC_205
2008;319;35-49;228;257;485;SEC_319
2001;419;65-74;41;37;78;SEC_419
2009;110;03-11;29;36;65;SEC_110
1997;107;75 i +;50;26;76;SEC_107
2000;430;03-11;24;41;65;SEC_430
2005;123;35-49;139;152;291;SEC_123
2009;410;65-74;121;90;211;SEC_410
1994;139;35-49;100;100;200;SEC_139
2010;304;35-49;258;261;519;SEC_304
2003;406;65-74;79;79;158;SEC_406
2012;406;16-17;15;13;28;SEC_406
1998;136;00-02;13;16;29;SEC_136
2012;313;65-74;91;76;167;SEC_313
2003;503;75 i +;32;14;46;SEC_503
1999;213;00-02;6;8;14;SEC_213
2004;123;75 i +;82;48;130;SEC_123
2003;302;50-64;183;184;367;SEC_302
1994;311;50-64;156;152;308;SEC_311
2009;115;35-49;141;141;282;SEC_115
1994;619;00-02;15;16;31;SEC_619
2006;422;12-15;19;21;40;SEC_422
2008;415;16-17;4;10;14;SEC_415
2012;236;18-24;41;45;86;SEC_236
1998;133;25-34;63;81;144;SEC_133
2012;129;16-17;12;7;19;SEC_129
2005;247;75 i +;72;35;107;SEC_247
1997;231;75 i +;78;35;113;SEC_231
2012;602;65-74;58;44;102;SEC_602
2013;614;75 i +;63;52;115;SEC_614
2000;440;35-49;63;84;147;SEC_440
2007;201;75 i +;43;28;71;SEC_201
2014;525;75 i +;69;36;105;SEC_525
2010;440;00-02;9;19;28;SEC_440
2002;420;25-34;125;139;264;SEC_420
1994;622;25-34;82;88;170;SEC_622
2013;407;35-49;126;131;257;SEC_407
2009;415;18-24;54;42;96;SEC_415
2000;247;18-24;57;51;108;SEC_247
1996;307;18-24;111;108;219;SEC_307
2001;425;16-17;5;10;15;SEC_425
2013;131;35-49;158;177;335;SEC_131
2013;608;03-11;49;42;91;SEC_608
2008;537;03-11;53;30;83;SEC_537
2015;406;35-49;157;163;320;SEC_406
2008;315;35-49;226;227;453;SEC_315
2013;242;18-24;29;36;65;SEC_242
1995;210;50-64;106;91;197;SEC_210
1994;133;18-24;72;74;146;SEC_133
1999;123;25-34;108;99;207;SEC_123
2005;620;12-15;15;14;29;SEC_620
1998;408;50-64;91;76;167;SEC_408
2004;436;50-64;59;63;122;SEC_436
2001;209;16-17;4;5;9;SEC_209
2002;610;12-15;17;16;33;SEC_610
2002;428;12-15;10;3;13;SEC_428
2008;127;12-15;8;12;20;SEC_127
2005;401;16-17;15;19;34;SEC_401
2014;533;75 i +;132;82;214;SEC_533
1997;237;00-02;11;14;25;SEC_237
2002;411;50-64;113;96;209;SEC_411
2015;239;03-11;24;37;61;SEC_239
1994;211;03-11;35;46;81;SEC_211
2015;407;16-17;9;7;16;SEC_407
2010;422;00-02;12;20;32;SEC_422
2016;220;25-34;148;167;315;SEC_220
2015;531;50-64;85;84;169;SEC_531
1995;534;03-11;27;31;58;SEC_534
2015;322;00-02;22;20;42;SEC_322
2013;430;16-17;6;12;18;SEC_430
2013;418;16-17;8;20;28;SEC_418
2001;421;03-11;33;34;67;SEC_421
1995;316;50-64;103;130;233;SEC_316
1995;105;50-64;77;81;158;SEC_105
2002;224;16-17;7;6;13;SEC_224
2007;113;00-02;23;30;53;SEC_113
2016;114;18-24;49;36;85;SEC_114
2002;201;35-49;57;54;111;SEC_201
2007;225;35-49;54;56;110;SEC_225
2002;626;12-15;18;11;29;SEC_626
2014;137;00-02;15;13;28;SEC_137
2011;248;25-34;100;112;212;SEC_248
2013;505;18-24;26;24;50;SEC_505
2010;106;03-11;69;70;139;SEC_106
1997;249;75 i +;50;27;77;SEC_249
1996;243;65-74;92;90;182;SEC_243
2003;318;12-15;27;17;44;SEC_318
2000;606;18-24;54;48;102;SEC_606
2005;225;75 i +;46;30;76;SEC_225
2013;308;18-24;58;75;133;SEC_308
2013;613;65-74;134;108;242;SEC_613
1995;317;16-17;9;13;22;SEC_317
2004;513;12-15;14;11;25;SEC_513
1997;536;12-15;11;8;19;SEC_536
2010;229;65-74;41;28;69;SEC_229
2009;611;12-15;20;32;52;SEC_611
2009;302;16-17;14;14;28;SEC_302
2005;135;16-17;15;19;34;SEC_135
1999;249;25-34;75;89;164;SEC_249
1999;511;25-34;58;66;124;SEC_511
2006;229;18-24;34;33;67;SEC_229
2015;623;35-49;160;174;334;SEC_623
2012;222;00-02;10;19;29;SEC_222
2004;524;75 i +;69;31;100;SEC_524
2013;102;25-34;82;60;142;SEC_102
1996;532;65-74;91;82;173;SEC_532
2005;522;16-17;13;11;24;SEC_522
1997;520;18-24;59;62;121;SEC_520
2012;507;75 i +;47;23;70;SEC_507
2003;502;75 i +;79;47;126;SEC_502
2009;117;12-15;37;25;62;SEC_117
2009;402;75 i +;52;45;97;SEC_402
2014;508;00-02;26;23;49;SEC_508
2001;439;00-02;15;10;25;SEC_439
1997;113;50-64;98;102;200;SEC_113
1997;440;50-64;154;163;317;SEC_440
2001;531;03-11;24;34;58;SEC_531
2002;317;65-74;53;31;84;SEC_317
1997;512;16-17;8;13;21;SEC_512
2009;120;16-17;24;17;41;SEC_120
1997;208;16-17;19;20;39;SEC_208
2002;520;16-17;10;8;18;SEC_520
1994;313;03-11;96;97;193;SEC_313
2007;405;16-17;10;6;16;SEC_405
2010;313;12-15;28;34;62;SEC_313
2004;617;75 i +;28;22;50;SEC_617
2001;130;03-11;38;34;72;SEC_130
2006;631;00-02;10;10;20;SEC_631
2007;230;65-74;39;34;73;SEC_230
2006;533;35-49;97;141;238;SEC_533
2005;306;25-34;130;159;289;SEC_306
2001;511;50-64;66;62;128;SEC_511
2008;137;35-49;176;151;327;SEC_137
1998;103;18-24;41;41;82;SEC_103
2011;605;18-24;12;9;21;SEC_605
2012;246;00-02;18;19;37;SEC_246
2007;238;65-74;39;35;74;SEC_238
1995;237;50-64;145;132;277;SEC_237
1997;124;00-02;10;6;16;SEC_124
2009;416;35-49;97;103;200;SEC_416
2008;611;00-02;20;44;64;SEC_611
1998;530;18-24;63;77;140;SEC_530
2009;416;65-74;47;31;78;SEC_416
2010;213;25-34;80;119;199;SEC_213
2013;319;00-02;33;32;65;SEC_319
2009;408;75 i +;49;31;80;SEC_408
2014;523;75 i +;94;66;160;SEC_523
1999;125;03-11;40;43;83;SEC_125
2002;136;12-15;17;16;33;SEC_136
2006;607;65-74;103;111;214;SEC_607
2002;306;16-17;18;20;38;SEC_306
2004;418;50-64;114;100;214;SEC_418
2005;215;25-34;89;78;167;SEC_215
2004;109;12-15;16;17;33;SEC_109
1994;131;75 i +;33;12;45;SEC_131
1999;426;35-49;83;78;161;SEC_426
2003;422;65-74;69;60;129;SEC_422
2006;525;35-49;106;101;207;SEC_525
2003;322;25-34;142;155;297;SEC_322
1994;231;03-11;25;17;42;SEC_231
1994;616;12-15;75;79;154;SEC_616
2010;620;50-64;59;55;114;SEC_620
2010;435;12-15;15;19;34;SEC_435
2011;433;50-64;79;84;163;SEC_433
2014;303;18-24;35;31;66;SEC_303
1994;104;03-11;21;25;46;SEC_104
2013;513;35-49;207;181;388;SEC_513
1996;107;18-24;129;144;273;SEC_107
2004;523;25-34;131;118;249;SEC_523
1999;534;25-34;77;100;177;SEC_534
2013;207;18-24;64;58;122;SEC_207
2001;522;35-49;86;70;156;SEC_522
2011;432;35-49;115;148;263;SEC_432
2006;532;75 i +;76;52;128;SEC_532
2003;103;50-64;63;59;122;SEC_103
2015;238;75 i +;56;37;93;SEC_238
2011;607;65-74;94;70;164;SEC_607
2005;218;16-17;2;9;11;SEC_218
2006;305;16-17;15;18;33;SEC_305
2002;126;50-64;150;142;292;SEC_126
2000;127;03-11;33;35;68;SEC_127
2003;122;35-49;76;91;167;SEC_122
2009;533;75 i +;49;36;85;SEC_533
2006;110;00-02;15;7;22;SEC_110
1994;516;75 i +;28;13;41;SEC_516
2011;246;75 i +;86;48;134;SEC_246
2014;533;65-74;105;65;170;SEC_533
2004;324;03-11;41;44;85;SEC_324
2009;616;12-15;59;79;138;SEC_616
2015;602;00-02;16;20;36;SEC_602
2015;120;75 i +;70;42;112;SEC_120
1995;122;18-24;58;67;125;SEC_122
2000;408;16-17;10;11;21;SEC_408
2012;113;00-02;29;40;69;SEC_113
1995;605;35-49;61;37;98;SEC_605
2000;308;50-64;169;167;336;SEC_308
2003;124;16-17;5;8;13;SEC_124
1998;503;50-64;72;80;152;SEC_503
2011;131;50-64;177;151;328;SEC_131
1997;241;12-15;10;8;18;SEC_241
1994;407;00-02;7;8;15;SEC_407
1996;125;00-02;7;12;19;SEC_125
2000;609;75 i +;29;11;40;SEC_609
2008;436;65-74;31;21;52;SEC_436
1994;108;65-74;92;81;173;SEC_108
2013;436;18-24;60;70;130;SEC_436
2002;206;75 i +;64;34;98;SEC_206
1999;610;12-15;17;27;44;SEC_610
2000;432;65-74;75;63;138;SEC_432
2003;421;25-34;102;110;212;SEC_421
2007;437;16-17;8;9;17;SEC_437
2000;228;12-15;7;8;15;SEC_228
2005;620;25-34;48;41;89;SEC_620
2005;513;25-34;82;68;150;SEC_513
2012;517;65-74;53;39;92;SEC_517
2012;403;25-34;94;102;196;SEC_403
1999;226;75 i +;71;38;109;SEC_226
2005;507;35-49;84;96;180;SEC_507
2013;114;25-34;81;82;163;SEC_114
1996;618;75 i +;21;12;33;SEC_618
2016;420;03-11;96;73;169;SEC_420
2005;435;35-49;109;136;245;SEC_435
2007;631;25-34;96;108;204;SEC_631
2014;513;12-15;30;27;57;SEC_513
2007;420;65-74;79;64;143;SEC_420
2016;402;00-02;6;20;26;SEC_402
2011;218;18-24;28;33;61;SEC_218
2002;513;25-34;74;63;137;SEC_513
2003;324;75 i +;50;25;75;SEC_324
2011;315;75 i +;62;35;97;SEC_315
2012;518;35-49;127;135;262;SEC_518
2016;133;18-24;17;24;41;SEC_133
1997;321;16-17;48;37;85;SEC_321
2000;406;12-15;20;19;39;SEC_406
1996;516;00-02;8;10;18;SEC_516
1997;312;65-74;50;43;93;SEC_312
2011;129;75 i +;70;52;122;SEC_129
2008;430;75 i +;56;34;90;SEC_430
2006;240;16-17;7;2;9;SEC_240
2000;408;75 i +;36;18;54;SEC_408
2005;101;35-49;203;201;404;SEC_101
1997;203;50-64;67;67;134;SEC_203
2005;111;00-02;10;11;21;SEC_111
1995;502;35-49;154;156;310;SEC_502
1994;131;03-11;65;61;126;SEC_131
2010;506;25-34;119;122;241;SEC_506
2010;442;65-74;35;31;66;SEC_442
2013;535;00-02;6;5;11;SEC_535
2005;631;00-02;11;11;22;SEC_631
2000;432;00-02;10;8;18;SEC_432
2009;439;50-64;56;58;114;SEC_439
2005;614;25-34;73;98;171;SEC_614
1996;101;75 i +;18;5;23;SEC_101
2001;615;00-02;13;6;19;SEC_615
2010;428;12-15;10;14;24;SEC_428
2012;620;35-49;56;55;111;SEC_620
2009;231;00-02;15;15;30;SEC_231
2001;519;12-15;5;8;13;SEC_519
2005;432;65-74;69;61;130;SEC_432
2001;403;00-02;6;7;13;SEC_403
2004;515;75 i +;26;13;39;SEC_515
2006;406;00-02;17;23;40;SEC_406
1999;228;16-17;3;4;7;SEC_228
1998;247;75 i +;58;29;87;SEC_247
2012;129;65-74;73;67;140;SEC_129
1997;421;25-34;119;127;246;SEC_421
2015;103;16-17;5;4;9;SEC_103
1997;602;65-74;24;24;48;SEC_602
2009;619;75 i +;61;40;101;SEC_619
2010;507;75 i +;46;22;68;SEC_507
1996;104;50-64;81;78;159;SEC_104
1995;131;00-02;20;18;38;SEC_131
1995;302;50-64;124;133;257;SEC_302
2003;304;00-02;17;15;32;SEC_304
2005;429;35-49;57;73;130;SEC_429
1994;617;12-15;34;44;78;SEC_617
2007;225;16-17;5;5;10;SEC_225
1996;322;12-15;36;23;59;SEC_322
2001;236;18-24;46;40;86;SEC_236
1996;242;35-49;87;89;176;SEC_242
1994;124;35-49;119;107;226;SEC_124
2006;220;50-64;64;51;115;SEC_220
2011;626;00-02;4;6;10;SEC_626
2001;420;35-49;123;126;249;SEC_420
1998;236;75 i +;54;41;95;SEC_236
2000;602;03-11;20;19;39;SEC_602
2007;232;50-64;90;91;181;SEC_232
2015;304;18-24;90;65;155;SEC_304
1998;415;00-02;7;10;17;SEC_415
1996;230;25-34;76;84;160;SEC_230
1995;426;75 i +;54;26;80;SEC_426
2013;129;03-11;45;61;106;SEC_129
2002;428;25-34;47;64;111;SEC_428
2015;126;50-64;77;54;131;SEC_126
2008;225;25-34;44;62;106;SEC_225
2008;411;75 i +;90;62;152;SEC_411
2010;425;03-11;27;37;64;SEC_425
2011;224;50-64;50;62;112;SEC_224
2012;530;16-17;9;17;26;SEC_530
1998;434;35-49;52;56;108;SEC_434
1999;524;75 i +;52;22;74;SEC_524
1996;221;12-15;18;21;39;SEC_221
1996;518;18-24;67;66;133;SEC_518
2009;403;12-15;12;20;32;SEC_403
1996;120;25-34;110;109;219;SEC_120
1998;131;16-17;30;20;50;SEC_131
2002;610;00-02;19;18;37;SEC_610
2007;632;12-15;19;20;39;SEC_632
2002;314;35-49;321;300;621;SEC_314
2009;128;65-74;49;54;103;SEC_128
2014;621;16-17;9;14;23;SEC_621
2004;401;00-02;13;14;27;SEC_401
2006;605;25-34;58;73;131;SEC_605
2006;504;25-34;92;110;202;SEC_504
2008;524;65-74;69;42;111;SEC_524
2005;611;50-64;167;134;301;SEC_611
2016;248;50-64;110;112;222;SEC_248
2008;110;00-02;14;10;24;SEC_110
2008;240;18-24;19;25;44;SEC_240
2012;214;75 i +;34;32;66;SEC_214
2014;627;50-64;128;93;221;SEC_627
2014;323;18-24;58;56;114;SEC_323
2005;102;18-24;57;50;107;SEC_102
2015;407;00-02;10;18;28;SEC_407
2000;139;00-02;12;8;20;SEC_139
1999;624;75 i +;28;11;39;SEC_624
1998;208;03-11;40;45;85;SEC_208
2014;123;03-11;49;57;106;SEC_123
2010;104;12-15;17;13;30;SEC_104
2002;529;16-17;10;9;19;SEC_529
2005;423;50-64;81;73;154;SEC_423
2006;525;25-34;94;120;214;SEC_525
1998;108;65-74;89;88;177;SEC_108
2010;426;25-34;100;122;222;SEC_426
1998;209;65-74;78;62;140;SEC_209
2011;504;16-17;4;8;12;SEC_504
2001;610;65-74;59;64;123;SEC_610
2001;607;50-64;133;115;248;SEC_607
2007;429;75 i +;42;24;66;SEC_429
2003;111;16-17;6;5;11;SEC_111
2010;619;12-15;12;24;36;SEC_619
2014;233;35-49;121;149;270;SEC_233
2016;305;12-15;34;22;56;SEC_305
1997;307;35-49;223;188;411;SEC_307
2006;303;00-02;19;16;35;SEC_303
2010;219;25-34;101;116;217;SEC_219
2010;309;25-34;111;109;220;SEC_309
2015;523;75 i +;91;67;158;SEC_523
1997;601;65-74;53;54;107;SEC_601
2011;232;03-11;31;45;76;SEC_232
2010;246;25-34;136;116;252;SEC_246
2010;231;25-34;110;118;228;SEC_231
2013;246;18-24;59;35;94;SEC_246
2010;323;65-74;85;105;190;SEC_323
2012;437;50-64;73;57;130;SEC_437
1998;610;35-49;100;78;178;SEC_610
2012;114;16-17;11;17;28;SEC_114
2000;515;18-24;30;21;51;SEC_515
2000;139;18-24;55;58;113;SEC_139
2014;138;18-24;23;23;46;SEC_138
2004;627;35-49;111;89;200;SEC_627
2010;403;75 i +;86;59;145;SEC_403
2004;436;00-02;14;22;36;SEC_436
2003;411;03-11;27;23;50;SEC_411
2012;140;65-74;51;53;104;SEC_140
2005;120;25-34;132;152;284;SEC_120
2003;619;25-34;101;118;219;SEC_619
2000;438;50-64;102;95;197;SEC_438
2016;122;75 i +;69;59;128;SEC_122
2014;240;18-24;74;62;136;SEC_240
2005;325;35-49;215;177;392;SEC_325
1997;505;65-74;54;42;96;SEC_505
2013;217;50-64;124;130;254;SEC_217
2016;436;35-49;202;223;425;SEC_436
2005;210;12-15;11;6;17;SEC_210
1994;624;35-49;179;148;327;SEC_624
2012;122;65-74;71;45;116;SEC_122
1998;520;16-17;5;13;18;SEC_520
2015;301;16-17;21;17;38;SEC_301
2012;105;03-11;60;62;122;SEC_105
1998;212;18-24;65;72;137;SEC_212
2002;301;35-49;225;210;435;SEC_301
2011;309;65-74;31;37;68;SEC_309
2001;220;12-15;7;11;18;SEC_220
2016;201;35-49;232;238;470;SEC_201
1997;408;03-11;34;19;53;SEC_408
2012;523;25-34;119;110;229;SEC_523
2002;308;00-02;24;37;61;SEC_308
2006;106;18-24;111;91;202;SEC_106
2013;632;25-34;54;62;116;SEC_632
2008;536;75 i +;69;53;122;SEC_536
2003;630;16-17;13;5;18;SEC_630
2013;121;25-34;64;38;102;SEC_121
2012;320;18-24;32;27;59;SEC_320
2013;538;00-02;23;15;38;SEC_538
2010;632;35-49;101;114;215;SEC_632
1994;435;25-34;69;88;157;SEC_435
2006;301;65-74;126;113;239;SEC_301
2015;317;25-34;79;88;167;SEC_317
2000;532;50-64;151;147;298;SEC_532
2002;604;50-64;85;66;151;SEC_604
2007;127;65-74;39;33;72;SEC_127
2007;520;25-34;67;78;145;SEC_520
2007;515;25-34;61;63;124;SEC_515
2007;509;35-49;91;101;192;SEC_509
2005;134;35-49;152;147;299;SEC_134
2001;232;18-24;41;53;94;SEC_232
2015;204;25-34;118;113;231;SEC_204
1994;136;75 i +;36;23;59;SEC_136
2004;203;16-17;2;9;11;SEC_203
2004;408;75 i +;40;22;62;SEC_408
2015;237;00-02;21;26;47;SEC_237
2015;221;75 i +;116;84;200;SEC_221
1996;310;12-15;26;29;55;SEC_310
2005;503;50-64;112;109;221;SEC_503
1997;516;75 i +;29;9;38;SEC_516
2009;415;35-49;94;136;230;SEC_415
2001;301;18-24;95;117;212;SEC_301
2009;319;75 i +;47;31;78;SEC_319
2001;316;75 i +;70;37;107;SEC_316
2001;204;12-15;5;12;17;SEC_204
2001;434;35-49;59;55;114;SEC_434
2008;201;03-11;30;36;66;SEC_201
2013;223;16-17;12;10;22;SEC_223
2006;521;75 i +;46;30;76;SEC_521
2012;219;18-24;55;39;94;SEC_219
2013;248;65-74;41;36;77;SEC_248
1994;525;12-15;19;29;48;SEC_525
1996;624;35-49;153;104;257;SEC_624
2005;238;35-49;107;111;218;SEC_238
1998;405;16-17;3;8;11;SEC_405
2015;304;16-17;41;19;60;SEC_304
1998;415;16-17;13;9;22;SEC_415
1997;318;50-64;53;63;116;SEC_318
2006;224;25-34;58;52;110;SEC_224
1995;208;35-49;183;158;341;SEC_208
2011;308;25-34;144;137;281;SEC_308
1997;625;25-34;84;91;175;SEC_625
1997;631;03-11;40;27;67;SEC_631
1999;218;50-64;75;63;138;SEC_218
1997;518;00-02;8;12;20;SEC_518
2015;409;00-02;36;21;57;SEC_409
1995;130;18-24;46;58;104;SEC_130
2012;313;03-11;94;92;186;SEC_313
2014;320;12-15;30;38;68;SEC_320
2008;228;75 i +;45;30;75;SEC_228
2014;228;25-34;147;164;311;SEC_228
2001;236;75 i +;69;40;109;SEC_236
2009;320;65-74;51;55;106;SEC_320
2008;315;18-24;71;72;143;SEC_315
1995;419;65-74;47;36;83;SEC_419
2014;238;65-74;41;33;74;SEC_238
2013;504;50-64;88;69;157;SEC_504
2004;210;18-24;30;32;62;SEC_210
2000;211;18-24;45;49;94;SEC_211
2001;404;65-74;82;76;158;SEC_404
2013;534;00-02;10;13;23;SEC_534
1998;104;25-34;68;91;159;SEC_104
1994;527;12-15;18;23;41;SEC_527
2002;203;50-64;58;60;118;SEC_203
2003;101;16-17;16;15;31;SEC_101
2011;505;18-24;33;22;55;SEC_505
1995;123;12-15;33;31;64;SEC_123
1994;607;16-17;9;17;26;SEC_607
2002;514;25-34;56;74;130;SEC_514
2003;537;25-34;106;107;213;SEC_537
2013;307;75 i +;80;70;150;SEC_307
2000;629;18-24;34;34;68;SEC_629
2000;618;35-49;57;48;105;SEC_618
1999;223;00-02;9;8;17;SEC_223
2000;128;65-74;47;49;96;SEC_128
1995;602;18-24;46;61;107;SEC_602
2015;605;12-15;30;30;60;SEC_605
2015;238;16-17;14;14;28;SEC_238
2012;505;03-11;40;39;79;SEC_505
1995;131;50-64;119;134;253;SEC_131
2016;305;50-64;201;173;374;SEC_305
2000;125;75 i +;35;22;57;SEC_125
1994;101;16-17;18;12;30;SEC_101
1995;238;35-49;72;82;154;SEC_238
2005;516;18-24;23;25;48;SEC_516
2007;623;35-49;135;136;271;SEC_623
2012;415;50-64;57;55;112;SEC_415
2001;623;35-49;129;114;243;SEC_623
2016;127;35-49;99;91;190;SEC_127
2007;311;16-17;9;19;28;SEC_311
1995;502;50-64;148;160;308;SEC_502
2000;632;50-64;100;88;188;SEC_632
2004;304;03-11;41;48;89;SEC_304
2016;110;35-49;117;121;238;SEC_110
2013;606;65-74;62;37;99;SEC_606
1995;421;75 i +;46;36;82;SEC_421
2012;406;25-34;119;109;228;SEC_406
2012;623;25-34;78;88;166;SEC_623
2016;119;75 i +;101;59;160;SEC_119
2008;229;16-17;8;12;20;SEC_229
2008;308;18-24;63;79;142;SEC_308
2004;432;12-15;22;26;48;SEC_432
2016;202;35-49;243;278;521;SEC_202
1996;201;03-11;20;18;38;SEC_201
2004;110;50-64;187;167;354;SEC_110
1998;139;65-74;33;24;57;SEC_139
2014;129;16-17;13;13;26;SEC_129
2010;521;18-24;31;25;56;SEC_521
2006;431;16-17;12;14;26;SEC_431
2014;414;03-11;90;83;173;SEC_414
2000;413;65-74;48;40;88;SEC_413
1998;505;25-34;129;138;267;SEC_505
2004;203;35-49;102;119;221;SEC_203
2001;303;75 i +;77;46;123;SEC_303
2015;535;18-24;32;29;61;SEC_535
1997;531;18-24;41;52;93;SEC_531
2008;236;65-74;63;48;111;SEC_236
2013;427;35-49;223;243;466;SEC_427
2007;628;12-15;20;14;34;SEC_628
2016;210;35-49;103;89;192;SEC_210
2014;138;65-74;60;43;103;SEC_138
1999;529;25-34;98;97;195;SEC_529
2000;516;00-02;11;13;24;SEC_516
1994;505;03-11;48;47;95;SEC_505
2010;625;75 i +;43;29;72;SEC_625
2011;301;16-17;19;17;36;SEC_301
2009;528;03-11;56;60;116;SEC_528
2005;136;75 i +;59;42;101;SEC_136
2016;608;50-64;147;116;263;SEC_608
2011;415;03-11;37;42;79;SEC_415
2008;601;50-64;139;110;249;SEC_601
2003;224;25-34;66;62;128;SEC_224
2013;224;16-17;8;11;19;SEC_224
1996;231;16-17;12;10;22;SEC_231
1999;309;00-02;6;12;18;SEC_309
2016;312;03-11;55;74;129;SEC_312
2009;242;16-17;9;5;14;SEC_242
2016;309;75 i +;46;27;73;SEC_309
1998;426;50-64;77;69;146;SEC_426
1998;230;03-11;22;29;51;SEC_230
2004;601;03-11;42;45;87;SEC_601
2008;513;18-24;27;22;49;SEC_513
2009;523;16-17;7;12;19;SEC_523
1995;419;00-02;12;11;23;SEC_419
2000;501;25-34;93;120;213;SEC_501
2001;317;50-64;58;57;115;SEC_317
2007;126;18-24;31;28;59;SEC_126
2014;245;35-49;131;151;282;SEC_245
2003;402;50-64;68;70;138;SEC_402
2007;304;65-74;75;58;133;SEC_304
2010;110;50-64;158;128;286;SEC_110
2010;434;18-24;30;34;64;SEC_434
1994;523;00-02;8;15;23;SEC_523
2007;210;16-17;6;1;7;SEC_210
2009;101;03-11;111;96;207;SEC_101
2008;120;65-74;48;54;102;SEC_120
2004;510;03-11;43;45;88;SEC_510
2015;136;50-64;106;98;204;SEC_136
2006;431;12-15;22;31;53;SEC_431
2006;439;50-64;61;46;107;SEC_439
2012;209;16-17;13;11;24;SEC_209
2006;312;35-49;176;208;384;SEC_312
2004;503;35-49;98;79;177;SEC_503
2005;220;00-02;14;8;22;SEC_220
1997;423;75 i +;43;20;63;SEC_423
1994;428;12-15;7;6;13;SEC_428
2011;416;65-74;46;26;72;SEC_416
1997;608;65-74;41;39;80;SEC_608
2010;407;16-17;6;10;16;SEC_407
2004;118;25-34;165;182;347;SEC_118
2015;518;03-11;47;52;99;SEC_518
2001;116;00-02;20;16;36;SEC_116
2008;407;16-17;9;5;14;SEC_407
2008;123;00-02;15;16;31;SEC_123
2012;516;16-17;7;6;13;SEC_516
2005;226;65-74;66;48;114;SEC_226
2011;436;03-11;47;57;104;SEC_436
1998;439;65-74;53;57;110;SEC_439
1999;323;03-11;141;137;278;SEC_323
2000;221;18-24;48;58;106;SEC_221
2008;325;25-34;109;125;234;SEC_325
1995;526;16-17;2;13;15;SEC_526
1997;629;50-64;71;59;130;SEC_629
2007;310;35-49;108;98;206;SEC_310
2013;501;16-17;7;15;22;SEC_501
1996;205;65-74;53;38;91;SEC_205
1994;228;12-15;12;8;20;SEC_228
2003;517;50-64;91;82;173;SEC_517
2003;110;03-11;27;36;63;SEC_110
2011;631;12-15;12;16;28;SEC_631
1996;245;12-15;20;13;33;SEC_245
2013;529;50-64;81;87;168;SEC_529
2012;530;18-24;68;66;134;SEC_530
2004;407;12-15;12;21;33;SEC_407
2009;420;03-11;64;73;137;SEC_420
2002;622;35-49;87;80;167;SEC_622
1999;621;35-49;205;154;359;SEC_621
2010;407;18-24;40;39;79;SEC_407
2014;133;00-02;13;11;24;SEC_133
1996;240;50-64;72;79;151;SEC_240
2013;201;25-34;104;93;197;SEC_201
1999;602;03-11;24;15;39;SEC_602
2008;405;16-17;5;6;11;SEC_405
2005;503;16-17;11;9;20;SEC_503
2006;236;25-34;92;104;196;SEC_236
2009;506;65-74;101;108;209;SEC_506
2003;626;00-02;8;17;25;SEC_626
1999;531;00-02;6;11;17;SEC_531
2004;204;65-74;42;28;70;SEC_204
2000;240;50-64;58;53;111;SEC_240
2008;426;18-24;44;42;86;SEC_426
1998;613;16-17;7;9;16;SEC_613
2009;601;25-34;98;123;221;SEC_601
2006;319;25-34;191;189;380;SEC_319
1998;516;65-74;37;24;61;SEC_516
2009;125;00-02;31;19;50;SEC_125
1998;129;16-17;14;10;24;SEC_129
2003;607;00-02;13;9;22;SEC_607
2015;129;35-49;130;144;274;SEC_129
1995;210;03-11;21;26;47;SEC_210
1996;119;25-34;99;99;198;SEC_119
2015;240;00-02;24;19;43;SEC_240
1995;405;25-34;76;102;178;SEC_405
2011;210;25-34;50;58;108;SEC_210
1998;424;25-34;34;53;87;SEC_424
2000;225;18-24;17;26;43;SEC_225
1997;314;00-02;22;28;50;SEC_314
2005;323;25-34;277;300;577;SEC_323
1998;441;65-74;112;85;197;SEC_441
2007;321;50-64;297;276;573;SEC_321
2015;530;00-02;25;38;63;SEC_530
2008;531;18-24;37;53;90;SEC_531
1997;208;25-34;107;135;242;SEC_208
2001;620;03-11;17;26;43;SEC_620
1996;411;03-11;31;22;53;SEC_411
2004;124;25-34;81;63;144;SEC_124
2013;303;65-74;130;91;221;SEC_303
2007;508;12-15;11;7;18;SEC_508
2001;507;00-02;10;11;21;SEC_507
2011;124;50-64;105;79;184;SEC_124
1996;527;65-74;63;39;102;SEC_527
2006;120;00-02;11;37;48;SEC_120
2001;120;35-49;230;232;462;SEC_120
2000;436;12-15;15;15;30;SEC_436
2004;510;35-49;101;127;228;SEC_510
1994;513;18-24;50;52;102;SEC_513
2011;210;35-49;97;87;184;SEC_210
1998;432;18-24;82;90;172;SEC_432
2015;228;50-64;156;171;327;SEC_228
2011;131;12-15;15;18;33;SEC_131
2005;207;75 i +;59;23;82;SEC_207
1998;306;03-11;54;59;113;SEC_306
2003;214;12-15;13;4;17;SEC_214
2005;505;35-49;104;101;205;SEC_505
2001;242;16-17;4;6;10;SEC_242
2005;102;75 i +;81;43;124;SEC_102
1994;221;65-74;50;54;104;SEC_221
2001;309;35-49;98;81;179;SEC_309
2003;404;65-74;82;72;154;SEC_404
2012;418;65-74;72;54;126;SEC_418
1994;108;50-64;120;114;234;SEC_108
2007;534;75 i +;58;34;92;SEC_534
1995;224;16-17;7;7;14;SEC_224
1996;423;03-11;28;34;62;SEC_423
2000;530;00-02;10;18;28;SEC_530
2008;618;65-74;35;39;74;SEC_618
2000;512;16-17;7;5;12;SEC_512
2010;215;12-15;22;18;40;SEC_215
2007;527;16-17;16;13;29;SEC_527
2002;630;50-64;117;126;243;SEC_630
2009;529;18-24;46;55;101;SEC_529
1996;201;50-64;89;80;169;SEC_201
1999;240;16-17;7;7;14;SEC_240
2007;203;50-64;58;60;118;SEC_203
2012;620;00-02;6;7;13;SEC_620
2001;631;35-49;80;79;159;SEC_631
1999;417;12-15;9;9;18;SEC_417
2010;423;03-11;45;36;81;SEC_423
2003;134;16-17;11;24;35;SEC_134
1999;132;12-15;50;51;101;SEC_132
1997;529;18-24;63;49;112;SEC_529
2005;421;18-24;29;38;67;SEC_421
1995;325;16-17;27;22;49;SEC_325
2015;601;65-74;155;113;268;SEC_601
2000;122;35-49;65;78;143;SEC_122
1998;420;25-34;113;106;219;SEC_420
1996;131;35-49;203;182;385;SEC_131
2002;225;50-64;54;38;92;SEC_225
2008;113;25-34;154;163;317;SEC_113
2004;627;00-02;14;11;25;SEC_627
2008;419;00-02;17;28;45;SEC_419
2005;310;00-02;13;21;34;SEC_310
2007;135;12-15;20;14;34;SEC_135
2004;520;65-74;51;49;100;SEC_520
2000;138;00-02;10;7;17;SEC_138
1998;625;12-15;53;44;97;SEC_625
1994;622;16-17;17;21;38;SEC_622
2009;523;50-64;104;101;205;SEC_523
2004;207;25-34;52;58;110;SEC_207
2004;105;75 i +;58;24;82;SEC_105
2009;109;25-34;90;87;177;SEC_109
2006;322;50-64;104;97;201;SEC_322
2011;421;12-15;20;19;39;SEC_421
2006;212;18-24;66;84;150;SEC_212
2005;217;16-17;6;6;12;SEC_217
2011;434;35-49;78;82;160;SEC_434
2006;401;16-17;14;21;35;SEC_401
2012;248;50-64;97;108;205;SEC_248
1995;122;65-74;44;31;75;SEC_122
2012;110;12-15;5;14;19;SEC_110
2006;504;00-02;7;13;20;SEC_504
2006;622;75 i +;40;8;48;SEC_622
1999;616;18-24;207;221;428;SEC_616
2004;410;35-49;149;159;308;SEC_410
2011;309;75 i +;40;18;58;SEC_309
2008;203;50-64;61;60;121;SEC_203
1994;515;65-74;38;21;59;SEC_515
2001;101;35-49;152;160;312;SEC_101
1996;213;12-15;21;24;45;SEC_213
2015;205;35-49;99;97;196;SEC_205
2008;323;00-02;41;45;86;SEC_323
1995;226;03-11;29;29;58;SEC_226
2004;247;18-24;56;56;112;SEC_247
2009;310;18-24;40;37;77;SEC_310
2002;426;12-15;14;13;27;SEC_426
2008;411;18-24;39;39;78;SEC_411
2012;414;25-34;72;69;141;SEC_414
1996;204;18-24;26;22;48;SEC_204
2012;613;16-17;6;10;16;SEC_613
2015;630;00-02;9;13;22;SEC_630
1994;217;50-64;59;58;117;SEC_217
2009;623;03-11;55;67;122;SEC_623
2005;622;00-02;8;9;17;SEC_622
2006;303;16-17;9;11;20;SEC_303
2011;112;75 i +;72;32;104;SEC_112
2016;324;65-74;51;34;85;SEC_324
2000;613;03-11;35;37;72;SEC_613
2003;228;16-17;5;4;9;SEC_228
1995;417;65-74;45;35;80;SEC_417
2007;122;00-02;13;11;24;SEC_122
2003;215;65-74;60;34;94;SEC_215
2003;313;12-15;32;27;59;SEC_313
2001;228;50-64;65;55;120;SEC_228
2008;220;50-64;63;54;117;SEC_220
2010;222;65-74;40;37;77;SEC_222
1997;105;65-74;53;37;90;SEC_105
1994;211;75 i +;53;32;85;SEC_211
1995;532;35-49;132;107;239;SEC_532
2003;518;25-34;104;105;209;SEC_518
2013;501;50-64;125;107;232;SEC_501
2005;601;50-64;157;125;282;SEC_601
2014;245;00-02;23;17;40;SEC_245
2008;303;65-74;132;129;261;SEC_303
2014;102;00-02;10;13;23;SEC_102
2005;111;50-64;100;81;181;SEC_111
2013;411;65-74;74;54;128;SEC_411
2002;130;12-15;13;16;29;SEC_130
1998;513;03-11;16;23;39;SEC_513
2006;129;35-49;118;144;262;SEC_129
1994;530;00-02;12;13;25;SEC_530
2006;507;35-49;89;107;196;SEC_507
1994;442;16-17;9;13;22;SEC_442
2009;625;00-02;8;14;22;SEC_625
2000;419;03-11;32;30;62;SEC_419
1998;526;03-11;25;29;54;SEC_526
2010;516;12-15;12;22;34;SEC_516
2006;240;50-64;50;36;86;SEC_240
2008;124;25-34;67;74;141;SEC_124
2000;424;03-11;10;10;20;SEC_424
2006;428;25-34;64;100;164;SEC_428
2005;613;75 i +;46;23;69;SEC_613
2016;404;16-17;6;15;21;SEC_404
1994;417;18-24;49;47;96;SEC_417
2010;202;75 i +;46;28;74;SEC_202
2002;122;03-11;34;25;59;SEC_122
2013;101;75 i +;57;39;96;SEC_101
2013;430;75 i +;55;39;94;SEC_430
2016;239;75 i +;90;52;142;SEC_239
2007;435;35-49;105;141;246;SEC_435
2012;616;35-49;419;429;848;SEC_616
2015;109;75 i +;72;37;109;SEC_109
1997;434;35-49;53;63;116;SEC_434
2008;128;35-49;131;126;257;SEC_128
2004;427;00-02;11;15;26;SEC_427
2015;436;75 i +;65;46;111;SEC_436
2005;306;03-11;62;59;121;SEC_306
2007;426;18-24;53;41;94;SEC_426
2004;534;00-02;13;19;32;SEC_534
2014;504;03-11;24;41;65;SEC_504
2003;529;12-15;17;27;44;SEC_529
2011;118;35-49;196;184;380;SEC_118
1996;210;00-02;10;4;14;SEC_210
2013;134;03-11;60;62;122;SEC_134
2010;424;12-15;8;16;24;SEC_424
1998;126;75 i +;38;16;54;SEC_126
1995;408;35-49;86;87;173;SEC_408
2008;423;18-24;35;37;72;SEC_423
2015;538;03-11;54;57;111;SEC_538
2008;505;12-15;19;9;28;SEC_505
2013;323;50-64;219;197;416;SEC_323
1994;205;03-11;37;40;77;SEC_205
2004;248;75 i +;75;35;110;SEC_248
2016;247;03-11;85;78;163;SEC_247
2013;104;03-11;35;41;76;SEC_104
1996;423;00-02;8;6;14;SEC_423
1996;508;03-11;21;21;42;SEC_508
2006;207;65-74;40;30;70;SEC_207
2009;203;65-74;42;35;77;SEC_203
2015;613;75 i +;82;58;140;SEC_613
2000;616;75 i +;33;19;52;SEC_616
1995;428;75 i +;29;17;46;SEC_428
2011;614;50-64;100;78;178;SEC_614
1994;238;18-24;34;50;84;SEC_238
1997;230;25-34;69;83;152;SEC_230
2006;324;03-11;46;50;96;SEC_324
2002;522;12-15;13;13;26;SEC_522
1996;434;25-34;35;34;69;SEC_434
1997;437;75 i +;18;12;30;SEC_437
2011;105;03-11;50;61;111;SEC_105
1999;609;75 i +;28;11;39;SEC_609
2008;412;75 i +;85;68;153;SEC_412
1995;434;35-49;54;63;117;SEC_434
2002;310;35-49;100;107;207;SEC_310
2012;213;50-64;86;77;163;SEC_213
2016;307;16-17;9;10;19;SEC_307
2006;307;00-02;8;14;22;SEC_307
1999;417;00-02;8;2;10;SEC_417
2014;319;75 i +;43;29;72;SEC_319
2007;120;65-74;48;49;97;SEC_120
2002;536;00-02;10;12;22;SEC_536
1998;124;75 i +;30;19;49;SEC_124
1998;527;25-34;84;90;174;SEC_527
2007;505;35-49;115;110;225;SEC_505
2002;316;12-15;70;64;134;SEC_316
1998;231;75 i +;80;39;119;SEC_231
1997;131;50-64;120;147;267;SEC_131
2000;305;75 i +;74;42;116;SEC_305
2004;525;18-24;44;54;98;SEC_525
2007;306;03-11;55;57;112;SEC_306
2016;418;50-64;108;117;225;SEC_418
2011;118;50-64;222;196;418;SEC_118
2014;632;65-74;53;49;102;SEC_632
1996;132;12-15;54;74;128;SEC_132
1999;429;18-24;34;44;78;SEC_429
1997;317;16-17;5;6;11;SEC_317
2003;101;65-74;44;45;89;SEC_101
2002;410;12-15;16;22;38;SEC_410
2009;441;65-74;84;94;178;SEC_441
2008;522;35-49;93;115;208;SEC_522
2012;139;00-02;11;10;21;SEC_139
2008;427;16-17;5;10;15;SEC_427
2002;123;03-11;39;65;104;SEC_123
2011;247;18-24;54;62;116;SEC_247
2015;503;25-34;34;48;82;SEC_503
1998;416;50-64;85;68;153;SEC_416
2013;239;75 i +;96;51;147;SEC_239
1998;434;65-74;72;44;116;SEC_434
1999;414;16-17;7;11;18;SEC_414
2007;306;75 i +;105;65;170;SEC_306
2010;317;65-74;32;31;63;SEC_317
1998;433;50-64;84;80;164;SEC_433
1997;227;50-64;66;66;132;SEC_227
2008;225;50-64;49;34;83;SEC_225
2003;227;12-15;5;3;8;SEC_227
1999;307;75 i +;43;28;71;SEC_307
2006;427;00-02;18;22;40;SEC_427
2011;201;12-15;7;19;26;SEC_201
2002;243;00-02;15;24;39;SEC_243
2004;614;16-17;4;16;20;SEC_614
1996;424;75 i +;17;12;29;SEC_424
2007;535;00-02;10;4;14;SEC_535
2011;233;35-49;129;147;276;SEC_233
2012;248;35-49;179;171;350;SEC_248
2008;226;16-17;11;8;19;SEC_226
2012;525;18-24;49;36;85;SEC_525
2016;210;75 i +;89;43;132;SEC_210
2011;222;00-02;15;19;34;SEC_222
2001;116;75 i +;61;29;90;SEC_116
1995;406;65-74;54;57;111;SEC_406
2012;233;35-49;120;157;277;SEC_233
2001;211;12-15;13;16;29;SEC_211
1999;524;50-64;117;95;212;SEC_524
1996;129;25-34;93;88;181;SEC_129
2008;305;18-24;88;77;165;SEC_305
1998;303;16-17;17;15;32;SEC_303
2000;505;03-11;25;20;45;SEC_505
1999;516;25-34;71;62;133;SEC_516
2005;610;35-49;104;114;218;SEC_610
2007;503;16-17;4;11;15;SEC_503
2005;532;25-34;158;181;339;SEC_532
2011;532;12-15;18;19;37;SEC_532
2015;532;03-11;69;69;138;SEC_532
1996;201;65-74;40;38;78;SEC_201
2014;131;03-11;41;57;98;SEC_131
2007;426;16-17;3;10;13;SEC_426
1995;138;03-11;32;56;88;SEC_138
2006;614;16-17;9;8;17;SEC_614
2005;133;25-34;91;101;192;SEC_133
2008;314;35-49;290;274;564;SEC_314
2000;225;16-17;6;5;11;SEC_225
2000;509;25-34;61;82;143;SEC_509
1998;129;65-74;48;35;83;SEC_129
1998;624;35-49;116;76;192;SEC_624
1997;248;00-02;8;11;19;SEC_248
2001;127;35-49;101;93;194;SEC_127
2003;208;35-49;192;182;374;SEC_208
1995;617;18-24;89;126;215;SEC_617
2007;429;25-34;58;74;132;SEC_429
2007;615;12-15;7;9;16;SEC_615
2007;506;03-11;68;72;140;SEC_506
2015;223;00-02;26;16;42;SEC_223
1996;419;12-15;14;13;27;SEC_419
2000;203;35-49;70;78;148;SEC_203
1995;322;03-11;42;46;88;SEC_322
1994;112;25-34;124;116;240;SEC_112
2000;235;18-24;47;55;102;SEC_235
2001;309;65-74;34;25;59;SEC_309
2008;622;50-64;101;86;187;SEC_622
2002;435;16-17;5;15;20;SEC_435
1996;206;35-49;69;66;135;SEC_206
2009;438;35-49;94;105;199;SEC_438
1997;247;00-02;8;9;17;SEC_247
2016;113;65-74;94;100;194;SEC_113
2009;434;12-15;15;15;30;SEC_434
1995;306;12-15;43;35;78;SEC_306
1995;536;50-64;114;105;219;SEC_536
2004;133;03-11;23;39;62;SEC_133
2001;138;12-15;14;25;39;SEC_138
2003;414;65-74;59;53;112;SEC_414
2005;529;50-64;94;88;182;SEC_529
2004;305;12-15;32;25;57;SEC_305
1998;107;18-24;132;123;255;SEC_107
1995;629;00-02;2;8;10;SEC_629
1994;508;12-15;18;14;32;SEC_508
2016;517;35-49;251;302;553;SEC_517
2005;527;50-64;60;59;119;SEC_527
2013;511;35-49;281;314;595;SEC_511
2007;614;35-49;97;100;197;SEC_614
1999;601;35-49;133;132;265;SEC_601
1994;607;75 i +;24;8;32;SEC_607
2006;503;03-11;26;29;55;SEC_503
1998;122;12-15;11;14;25;SEC_122
2012;227;25-34;54;51;105;SEC_227
2000;314;03-11;84;115;199;SEC_314
2014;624;00-02;17;10;27;SEC_624
1994;219;65-74;96;59;155;SEC_219
2014;507;35-49;91;109;200;SEC_507
2010;242;03-11;29;33;62;SEC_242
2014;103;12-15;16;18;34;SEC_103
2000;133;35-49;90;87;177;SEC_133
1998;533;18-24;47;47;94;SEC_533
2012;605;12-15;7;5;12;SEC_605
2013;108;65-74;54;52;106;SEC_108
2010;428;35-49;72;81;153;SEC_428
2007;535;75 i +;43;28;71;SEC_535
2006;208;12-15;20;23;43;SEC_208
2008;535;03-11;23;34;57;SEC_535
2012;536;00-02;12;12;24;SEC_536
2004;220;16-17;5;7;12;SEC_220
1996;412;35-49;197;198;395;SEC_412
1994;215;18-24;46;53;99;SEC_215
1999;240;00-02;5;6;11;SEC_240
2003;323;50-64;280;332;612;SEC_323
2015;119;00-02;13;10;23;SEC_119
2012;533;75 i +;59;42;101;SEC_533
2005;610;50-64;184;138;322;SEC_610
2005;515;25-34;59;78;137;SEC_515
2011;520;65-74;40;40;80;SEC_520
2006;422;18-24;60;57;117;SEC_422
2015;420;35-49;223;268;491;SEC_420
2014;405;12-15;30;36;66;SEC_405
2007;439;75 i +;48;36;84;SEC_439
2001;410;50-64;200;172;372;SEC_410
2004;507;75 i +;36;20;56;SEC_507
1995;108;03-11;55;44;99;SEC_108
2008;246;16-17;13;10;23;SEC_246
2004;210;03-11;29;21;50;SEC_210
2003;221;65-74;80;68;148;SEC_221
2002;516;18-24;28;35;63;SEC_516
1998;509;75 i +;39;19;58;SEC_509
2008;239;65-74;64;48;112;SEC_239
2006;435;50-64;70;67;137;SEC_435
2005;103;00-02;11;5;16;SEC_103
2010;511;50-64;48;46;94;SEC_511
2003;422;25-34;93;99;192;SEC_422
2000;245;65-74;72;58;130;SEC_245
2006;615;03-11;35;20;55;SEC_615
2004;102;03-11;59;61;120;SEC_102
2006;314;16-17;16;45;61;SEC_314
1997;434;03-11;28;21;49;SEC_434
1994;419;18-24;54;57;111;SEC_419
2016;422;16-17;12;8;20;SEC_422
2012;520;03-11;31;36;67;SEC_520
2005;317;65-74;35;26;61;SEC_317
2011;528;18-24;55;46;101;SEC_528
2011;209;00-02;9;13;22;SEC_209
2003;218;50-64;77;68;145;SEC_218
2000;218;35-49;73;79;152;SEC_218
2002;512;16-17;9;10;19;SEC_512
2008;125;35-49;196;229;425;SEC_125
2009;422;00-02;19;17;36;SEC_422
2010;226;12-15;13;17;30;SEC_226
1994;317;35-49;67;87;154;SEC_317
2002;418;12-15;18;21;39;SEC_418
2003;317;18-24;44;54;98;SEC_317
1999;119;75 i +;42;37;79;SEC_119
1999;247;03-11;28;36;64;SEC_247
2015;113;50-64;211;158;369;SEC_113
2010;129;03-11;36;58;94;SEC_129
2013;537;00-02;16;12;28;SEC_537
2012;105;65-74;39;48;87;SEC_105
1994;614;75 i +;44;19;63;SEC_614
2000;629;50-64;65;49;114;SEC_629
2015;318;35-49;88;81;169;SEC_318
1996;244;12-15;9;10;19;SEC_244
2000;408;25-34;68;79;147;SEC_408
2003;321;50-64;267;263;530;SEC_321
1997;538;16-17;5;10;15;SEC_538
2010;616;18-24;119;133;252;SEC_616
2009;206;75 i +;80;49;129;SEC_206
1999;517;00-02;13;6;19;SEC_517
2013;326;25-34;137;127;264;SEC_326
2005;308;12-15;27;32;59;SEC_308
2005;107;75 i +;64;32;96;SEC_107
1999;630;00-02;2;12;14;SEC_630
1995;220;16-17;11;8;19;SEC_220
2012;236;50-64;86;67;153;SEC_236
2014;220;03-11;60;74;134;SEC_220
2004;205;12-15;16;19;35;SEC_205
2015;111;03-11;28;28;56;SEC_111
2016;520;12-15;7;17;24;SEC_520
1996;113;35-49;178;171;349;SEC_113
2009;537;16-17;11;13;24;SEC_537
2013;103;75 i +;52;35;87;SEC_103
2010;439;50-64;55;57;112;SEC_439
2005;438;75 i +;29;17;46;SEC_438
1994;627;35-49;191;182;373;SEC_627
1995;501;65-74;19;18;37;SEC_501
2012;516;65-74;28;17;45;SEC_516
1996;324;50-64;71;73;144;SEC_324
2015;511;75 i +;144;101;245;SEC_511
1995;137;18-24;87;98;185;SEC_137
1994;208;75 i +;84;52;136;SEC_208
1997;440;03-11;18;24;42;SEC_440
1994;230;35-49;49;53;102;SEC_230
2002;429;03-11;16;24;40;SEC_429
2008;528;18-24;62;52;114;SEC_528
1994;613;75 i +;34;19;53;SEC_613
2010;231;18-24;40;35;75;SEC_231
2014;120;35-49;202;199;401;SEC_120
1996;414;65-74;68;55;123;SEC_414
1997;521;50-64;133;183;316;SEC_521
2009;417;00-02;11;14;25;SEC_417
1998;134;50-64;117;108;225;SEC_134
2011;438;35-49;103;104;207;SEC_438
2016;306;35-49;212;182;394;SEC_306
2012;201;25-34;115;107;222;SEC_201
2012;618;25-34;31;25;56;SEC_618
1999;433;18-24;44;62;106;SEC_433
1999;314;65-74;68;55;123;SEC_314
2005;308;16-17;15;12;27;SEC_308
1996;216;03-11;26;34;60;SEC_216
2000;405;12-15;9;8;17;SEC_405
1996;601;50-64;184;186;370;SEC_601
2009;414;16-17;17;6;23;SEC_414
2013;632;03-11;50;52;102;SEC_632
1999;138;16-17;13;18;31;SEC_138
1996;313;50-64;165;150;315;SEC_313
2002;506;00-02;20;21;41;SEC_506
2012;611;18-24;65;60;125;SEC_611
2013;238;65-74;41;36;77;SEC_238
2006;437;50-64;70;53;123;SEC_437
2006;421;50-64;108;90;198;SEC_421
2001;242;65-74;82;70;152;SEC_242
2011;428;35-49;75;85;160;SEC_428
1998;111;65-74;40;39;79;SEC_111
2009;115;12-15;18;22;40;SEC_115
2011;109;75 i +;70;48;118;SEC_109
2013;317;65-74;30;31;61;SEC_317
2007;624;65-74;54;67;121;SEC_624
2002;325;35-49;201;185;386;SEC_325
2009;507;18-24;34;37;71;SEC_507
2015;618;03-11;50;46;96;SEC_618
2012;440;18-24;26;26;52;SEC_440
2003;524;12-15;21;21;42;SEC_524
2011;113;25-34;155;130;285;SEC_113
2014;214;12-15;50;45;95;SEC_214
1997;632;18-24;101;110;211;SEC_632
1995;631;25-34;92;93;185;SEC_631
2001;606;65-74;80;66;146;SEC_606
2001;517;03-11;44;49;93;SEC_517
2001;240;50-64;59;53;112;SEC_240
2000;626;16-17;10;8;18;SEC_626
2007;109;65-74;40;44;84;SEC_109
2002;120;65-74;55;45;100;SEC_120
2014;312;18-24;66;55;121;SEC_312
2008;243;35-49;204;200;404;SEC_243
2012;412;65-74;108;82;190;SEC_412
1997;522;35-49;68;53;121;SEC_522
2001;404;18-24;51;67;118;SEC_404
1998;238;25-34;57;50;107;SEC_238
2015;524;50-64;104;80;184;SEC_524
2015;316;50-64;359;299;658;SEC_316
2001;439;12-15;9;14;23;SEC_439
2015;319;75 i +;41;29;70;SEC_319
2003;226;25-34;118;124;242;SEC_226
2010;247;75 i +;72;46;118;SEC_247
1999;305;50-64;103;117;220;SEC_305
2005;218;18-24;29;34;63;SEC_218
1997;308;50-64;143;143;286;SEC_308
2000;618;12-15;12;11;23;SEC_618
2012;305;50-64;186;170;356;SEC_305
2013;518;03-11;48;52;100;SEC_518
1998;408;00-02;5;11;16;SEC_408
2012;631;03-11;33;43;76;SEC_631
2007;311;18-24;51;50;101;SEC_311
2004;516;03-11;22;31;53;SEC_516
2003;131;03-11;41;45;86;SEC_131
2004;135;00-02;17;21;38;SEC_135
1995;515;12-15;11;7;18;SEC_515
2011;533;03-11;52;52;104;SEC_533
2005;136;18-24;64;48;112;SEC_136
1996;245;16-17;10;14;24;SEC_245
1997;117;03-11;76;74;150;SEC_117
2011;537;12-15;17;20;37;SEC_537
2006;417;12-15;12;5;17;SEC_417
1999;604;03-11;27;34;61;SEC_604
2000;214;75 i +;40;18;58;SEC_214
2014;608;75 i +;96;60;156;SEC_608
1994;233;65-74;61;39;100;SEC_233
2010;138;75 i +;37;27;64;SEC_138
2005;314;65-74;69;77;146;SEC_314
2012;404;12-15;30;40;70;SEC_404
1994;609;12-15;34;27;61;SEC_609
2006;302;18-24;58;56;114;SEC_302
1995;407;12-15;19;23;42;SEC_407
2015;422;75 i +;76;45;121;SEC_422
2011;118;75 i +;59;36;95;SEC_118
2000;304;00-02;12;13;25;SEC_304
1997;517;12-15;19;25;44;SEC_517
2007;211;25-34;130;199;329;SEC_211
2009;219;00-02;24;22;46;SEC_219
2005;127;75 i +;35;24;59;SEC_127
1997;119;75 i +;38;28;66;SEC_119
2013;607;12-15;13;15;28;SEC_607
2000;509;16-17;9;7;16;SEC_509
2003;409;25-34;73;96;169;SEC_409
1999;219;18-24;43;43;86;SEC_219
2016;419;75 i +;110;75;185;SEC_419
2013;312;12-15;18;23;41;SEC_312
2016;116;18-24;46;38;84;SEC_116
2013;418;00-02;24;18;42;SEC_418
1998;216;18-24;83;81;164;SEC_216
2011;101;03-11;126;124;250;SEC_101
2014;530;50-64;131;117;248;SEC_530
2001;124;03-11;25;29;54;SEC_124
2009;506;03-11;62;71;133;SEC_506
2006;617;75 i +;34;28;62;SEC_617
1996;620;16-17;16;15;31;SEC_620
2004;319;16-17;12;6;18;SEC_319
2001;237;25-34;114;153;267;SEC_237
2006;114;03-11;57;61;118;SEC_114
1999;527;03-11;43;27;70;SEC_527
2009;533;65-74;58;30;88;SEC_533
2013;131;25-34;65;88;153;SEC_131
1995;119;18-24;122;120;242;SEC_119
2016;220;75 i +;95;57;152;SEC_220
2001;319;12-15;16;14;30;SEC_319
2008;626;25-34;63;72;135;SEC_626
1997;433;25-34;111;110;221;SEC_433
2003;513;03-11;26;21;47;SEC_513
2011;248;12-15;26;19;45;SEC_248
2000;209;35-49;88;95;183;SEC_209
2010;527;03-11;53;58;111;SEC_527
1997;536;50-64;107;101;208;SEC_536
2013;525;12-15;17;18;35;SEC_525
2006;118;18-24;86;78;164;SEC_118
2001;201;00-02;7;5;12;SEC_201
1996;632;50-64;105;99;204;SEC_632
2008;318;65-74;32;20;52;SEC_318
2016;121;75 i +;73;42;115;SEC_121
1996;214;16-17;9;5;14;SEC_214
2012;127;65-74;32;19;51;SEC_127
2006;607;25-34;77;107;184;SEC_607
1994;531;03-11;31;32;63;SEC_531
1999;501;75 i +;20;11;31;SEC_501
2008;533;25-34;135;164;299;SEC_533
1996;434;00-02;4;5;9;SEC_434
2014;615;03-11;29;21;50;SEC_615
2000;116;12-15;27;23;50;SEC_116
2005;321;65-74;80;74;154;SEC_321
2009;425;18-24;52;49;101;SEC_425
2003;232;65-74;63;46;109;SEC_232
2007;114;50-64;185;150;335;SEC_114
2007;414;00-02;15;11;26;SEC_414
2012;521;18-24;22;25;47;SEC_521
2014;321;03-11;70;78;148;SEC_321
1994;440;16-17;23;21;44;SEC_440
2000;239;50-64;119;70;189;SEC_239
1997;509;18-24;44;52;96;SEC_509
2013;433;75 i +;92;50;142;SEC_433
1994;102;65-74;69;52;121;SEC_102
2004;415;50-64;52;57;109;SEC_415
2008;134;75 i +;68;35;103;SEC_134
2000;628;16-17;16;12;28;SEC_628
1999;436;75 i +;30;22;52;SEC_436
1999;627;25-34;80;95;175;SEC_627
2002;229;75 i +;48;21;69;SEC_229
1998;515;75 i +;25;11;36;SEC_515
2002;119;03-11;27;40;67;SEC_119
2006;411;12-15;16;9;25;SEC_411
2005;210;25-34;74;75;149;SEC_210
2008;208;50-64;184;137;321;SEC_208
2014;236;12-15;14;15;29;SEC_236
2003;101;50-64;116;132;248;SEC_101
2014;316;12-15;21;28;49;SEC_316
2009;212;50-64;100;111;211;SEC_212
1999;118;25-34;121;141;262;SEC_118
2000;536;65-74;78;64;142;SEC_536
2007;438;50-64;68;62;130;SEC_438
2006;519;16-17;7;4;11;SEC_519
2014;243;35-49;213;217;430;SEC_243
2012;237;35-49;178;215;393;SEC_237
2012;603;75 i +;21;22;43;SEC_603
2005;612;25-34;98;104;202;SEC_612
2002;249;35-49;116;119;235;SEC_249
1997;626;00-02;13;12;25;SEC_626
2011;239;18-24;42;48;90;SEC_239
2000;433;65-74;48;43;91;SEC_433
2016;520;00-02;9;12;21;SEC_520
2013;210;00-02;5;10;15;SEC_210
2008;103;16-17;9;4;13;SEC_103
2007;213;00-02;18;15;33;SEC_213
2013;510;35-49;128;149;277;SEC_510
2014;608;18-24;37;42;79;SEC_608
1997;526;03-11;20;26;46;SEC_526
2003;115;65-74;75;42;117;SEC_115
2001;206;65-74;66;61;127;SEC_206
2004;227;25-34;84;63;147;SEC_227
1995;125;75 i +;22;15;37;SEC_125
1999;524;03-11;37;43;80;SEC_524
2016;532;50-64;119;86;205;SEC_532
1995;629;35-49;60;58;118;SEC_629
2011;313;50-64;219;190;409;SEC_313
1999;411;18-24;60;57;117;SEC_411
1997;137;35-49;181;155;336;SEC_137
2003;126;75 i +;54;23;77;SEC_126
2011;229;16-17;12;11;23;SEC_229
2006;424;65-74;41;30;71;SEC_424
2013;631;35-49;118;132;250;SEC_631
1995;109;25-34;98;99;197;SEC_109
1994;207;12-15;15;20;35;SEC_207
2016;205;75 i +;76;49;125;SEC_205
2003;608;00-02;7;7;14;SEC_608
1997;203;12-15;7;18;25;SEC_203
1996;527;50-64;105;98;203;SEC_527
1996;219;03-11;48;37;85;SEC_219
2012;301;25-34;188;201;389;SEC_301
2008;205;75 i +;68;48;116;SEC_205
2003;506;50-64;251;223;474;SEC_506
1996;616;50-64;123;130;253;SEC_616
1997;302;50-64;133;158;291;SEC_302
2004;240;50-64;49;47;96;SEC_240
2007;525;50-64;65;65;130;SEC_525
2001;120;18-24;66;98;164;SEC_120
1999;414;00-02;7;9;16;SEC_414
2016;119;03-11;45;39;84;SEC_119
1998;413;65-74;43;40;83;SEC_413
1998;218;18-24;37;41;78;SEC_218
2010;218;25-34;56;89;145;SEC_218
2014;119;75 i +;91;47;138;SEC_119
2003;535;16-17;12;15;27;SEC_535
2012;238;35-49;122;136;258;SEC_238
2004;120;12-15;36;38;74;SEC_120
2009;316;75 i +;73;31;104;SEC_316
2014;607;16-17;3;11;14;SEC_607
2000;604;12-15;10;12;22;SEC_604
1994;117;75 i +;43;17;60;SEC_117
2006;217;16-17;7;9;16;SEC_217
2013;210;75 i +;106;42;148;SEC_210
2007;120;75 i +;65;26;91;SEC_120
2016;416;50-64;112;107;219;SEC_416
2015;122;00-02;16;17;33;SEC_122
2012;247;35-49;166;192;358;SEC_247
2010;502;50-64;136;127;263;SEC_502
2011;233;16-17;9;9;18;SEC_233
1995;229;50-64;75;67;142;SEC_229
2012;613;12-15;13;23;36;SEC_613
1994;504;50-64;159;157;316;SEC_504
2008;407;12-15;11;11;22;SEC_407
2014;606;16-17;5;5;10;SEC_606
2002;311;25-34;130;159;289;SEC_311
2002;121;65-74;93;60;153;SEC_121
2003;615;12-15;6;10;16;SEC_615
2003;248;03-11;41;40;81;SEC_248
1998;104;16-17;6;7;13;SEC_104
2002;518;18-24;47;41;88;SEC_518
2004;612;35-49;75;84;159;SEC_612
2015;624;00-02;16;11;27;SEC_624
1997;229;75 i +;42;17;59;SEC_229
1998;322;16-17;22;13;35;SEC_322
2004;240;75 i +;48;32;80;SEC_240
2009;624;50-64;132;106;238;SEC_624
2016;109;50-64;132;119;251;SEC_109
1998;421;16-17;14;9;23;SEC_421
2011;235;18-24;59;46;105;SEC_235
2010;140;03-11;32;39;71;SEC_140
1999;306;00-02;14;21;35;SEC_306
2007;613;65-74;82;104;186;SEC_613
2012;132;25-34;143;146;289;SEC_132
1998;209;35-49;85;87;172;SEC_209
2005;134;16-17;12;9;21;SEC_134
2013;122;00-02;12;15;27;SEC_122
2012;119;18-24;37;39;76;SEC_119
2004;519;35-49;71;79;150;SEC_519
1994;207;03-11;22;20;42;SEC_207
2013;430;65-74;36;27;63;SEC_430
2004;408;03-11;27;38;65;SEC_408
2003;429;75 i +;34;25;59;SEC_429
2012;128;25-34;91;81;172;SEC_128
2004;428;65-74;41;23;64;SEC_428
2000;214;18-24;34;27;61;SEC_214
2012;228;16-17;4;9;13;SEC_228
1999;401;65-74;108;87;195;SEC_401
2005;418;35-49;132;154;286;SEC_418
2002;529;35-49;117;118;235;SEC_529
1999;611;35-49;112;136;248;SEC_611
1998;613;18-24;108;94;202;SEC_613
1998;615;25-34;97;118;215;SEC_615
2003;537;50-64;135;119;254;SEC_537
2002;521;12-15;15;13;28;SEC_521
1995;228;25-34;60;65;125;SEC_228
2000;320;75 i +;20;12;32;SEC_320
2009;301;65-74;135;117;252;SEC_301
2016;104;75 i +;79;40;119;SEC_104
2009;103;35-49;91;94;185;SEC_103
2002;512;25-34;64;94;158;SEC_512
1999;107;50-64;192;188;380;SEC_107
2005;502;03-11;43;49;92;SEC_502
2006;632;35-49;86;95;181;SEC_632
2007;505;75 i +;59;42;101;SEC_505
1997;513;65-74;41;37;78;SEC_513
1999;203;75 i +;53;26;79;SEC_203
2014;503;35-49;82;61;143;SEC_503
2007;140;65-74;63;55;118;SEC_140
1998;531;03-11;23;29;52;SEC_531
2016;105;65-74;65;74;139;SEC_105
2000;128;50-64;104;91;195;SEC_128
2012;116;50-64;146;125;271;SEC_116
2016;611;18-24;45;49;94;SEC_611
1997;617;35-49;102;111;213;SEC_617
2016;140;65-74;48;45;93;SEC_140
2008;518;50-64;78;62;140;SEC_518
2014;513;75 i +;95;55;150;SEC_513
2008;511;35-49;85;89;174;SEC_511
1998;211;75 i +;81;43;124;SEC_211
2015;320;75 i +;1;1;2;SEC_320
2000;312;75 i +;46;30;76;SEC_312
2011;432;65-74;68;67;135;SEC_432
1998;509;00-02;7;10;17;SEC_509
2011;101;16-17;16;15;31;SEC_101
1996;403;25-34;77;100;177;SEC_403
2008;107;12-15;15;23;38;SEC_107
2009;113;75 i +;55;38;93;SEC_113
2005;122;00-02;12;16;28;SEC_122
2011;126;00-02;10;9;19;SEC_126
1997;409;03-11;18;23;41;SEC_409
2010;415;35-49;109;133;242;SEC_415
2007;404;50-64;107;104;211;SEC_404
1999;415;18-24;35;33;68;SEC_415
1997;434;12-15;10;13;23;SEC_434
1998;502;00-02;12;6;18;SEC_502
2015;531;00-02;10;13;23;SEC_531
1996;216;75 i +;42;29;71;SEC_216
1994;220;03-11;21;35;56;SEC_220
2010;211;35-49;169;191;360;SEC_211
1997;309;25-34;61;54;115;SEC_309
1999;211;25-34;108;115;223;SEC_211
2015;513;16-17;16;17;33;SEC_513
2006;420;00-02;32;27;59;SEC_420
2009;423;25-34;108;101;209;SEC_423
2006;616;25-34;214;230;444;SEC_616
2012;604;00-02;10;13;23;SEC_604
1997;501;18-24;121;143;264;SEC_501
2012;436;25-34;89;94;183;SEC_436
1997;612;35-49;76;77;153;SEC_612
1995;434;75 i +;57;30;87;SEC_434
2002;432;03-11;28;36;64;SEC_432
2009;238;65-74;41;38;79;SEC_238
1996;604;50-64;91;77;168;SEC_604
2014;240;25-34;122;149;271;SEC_240
2008;417;18-24;38;34;72;SEC_417
2008;101;35-49;250;259;509;SEC_101
2008;406;35-49;151;169;320;SEC_406
2011;423;00-02;16;22;38;SEC_423
1995;603;50-64;74;79;153;SEC_603
2008;625;75 i +;42;20;62;SEC_625
2002;507;16-17;8;12;20;SEC_507
2015;514;75 i +;98;60;158;SEC_514
1998;421;25-34;120;130;250;SEC_421
2001;305;50-64;106;113;219;SEC_305
2006;523;00-02;19;18;37;SEC_523
2001;201;03-11;21;27;48;SEC_201
2000;103;03-11;28;20;48;SEC_103
2005;435;03-11;42;43;85;SEC_435
2006;123;03-11;42;50;92;SEC_123
2011;404;50-64;101;104;205;SEC_404
1999;612;00-02;9;8;17;SEC_612
2014;430;50-64;68;81;149;SEC_430
1996;206;00-02;5;6;11;SEC_206
2002;207;12-15;10;9;19;SEC_207
2009;614;12-15;14;18;32;SEC_614
2016;210;00-02;7;7;14;SEC_210
2011;120;18-24;79;71;150;SEC_120
1999;323;35-49;434;403;837;SEC_323
2000;434;00-02;7;2;9;SEC_434
2007;138;00-02;7;9;16;SEC_138
2002;428;35-49;59;58;117;SEC_428
1998;534;25-34;81;80;161;SEC_534
1994;522;35-49;71;66;137;SEC_522
2008;506;16-17;18;26;44;SEC_506
2003;625;50-64;159;171;330;SEC_625
2002;310;65-74;35;35;70;SEC_310
1999;615;16-17;9;3;12;SEC_615
2007;238;75 i +;66;41;107;SEC_238
2015;207;35-49;259;232;491;SEC_207
1997;610;03-11;32;42;74;SEC_610
1994;125;65-74;51;38;89;SEC_125
1995;248;75 i +;66;42;108;SEC_248
2010;427;25-34;106;116;222;SEC_427
2007;205;16-17;7;10;17;SEC_205
1999;249;75 i +;56;32;88;SEC_249
2009;615;50-64;104;61;165;SEC_615
2013;128;65-74;62;48;110;SEC_128
1998;519;12-15;12;10;22;SEC_519
1996;402;00-02;3;2;5;SEC_402
2015;320;75 i +;50;31;81;SEC_320
2004;406;35-49;140;132;272;SEC_406
2000;226;16-17;10;7;17;SEC_226
2006;418;50-64;105;90;195;SEC_418
2013;612;16-17;7;13;20;SEC_612
2016;617;18-24;36;34;70;SEC_617
2003;245;35-49;120;124;244;SEC_245
1998;416;00-02;8;9;17;SEC_416
1994;440;00-02;8;7;15;SEC_440
2004;243;50-64;110;90;200;SEC_243
2007;504;65-74;87;84;171;SEC_504
2005;407;35-49;115;128;243;SEC_407
1998;525;00-02;9;5;14;SEC_525
2012;315;18-24;64;58;122;SEC_315
2004;427;65-74;66;33;99;SEC_427
1999;129;65-74;45;32;77;SEC_129
1997;239;50-64;133;97;230;SEC_239
2002;228;25-34;84;98;182;SEC_228
2009;402;12-15;11;10;21;SEC_402
2012;124;25-34;59;48;107;SEC_124
2010;121;75 i +;89;47;136;SEC_121
2000;101;16-17;24;16;40;SEC_101
1999;402;18-24;35;37;72;SEC_402
1996;434;18-24;23;22;45;SEC_434
1999;221;00-02;12;10;22;SEC_221
1998;324;12-15;26;17;43;SEC_324
2000;513;50-64;80;68;148;SEC_513
2000;235;00-02;14;11;25;SEC_235
2005;309;16-17;10;6;16;SEC_309
2009;114;12-15;27;23;50;SEC_114
2012;111;65-74;67;47;114;SEC_111
2008;411;12-15;16;15;31;SEC_411
1996;524;75 i +;45;28;73;SEC_524
1998;110;25-34;88;93;181;SEC_110
2011;527;12-15;30;20;50;SEC_527
2004;510;12-15;14;18;32;SEC_510
2005;510;75 i +;58;24;82;SEC_510
2012;232;12-15;18;17;35;SEC_232
2004;316;18-24;178;189;367;SEC_316
1995;318;18-24;36;56;92;SEC_318
2011;436;50-64;53;65;118;SEC_436
2013;506;65-74;147;144;291;SEC_506
1999;604;65-74;29;30;59;SEC_604
2015;528;35-49;163;152;315;SEC_528
2002;224;50-64;35;40;75;SEC_224
2005;604;50-64;69;55;124;SEC_604
2007;525;65-74;67;48;115;SEC_525
1995;322;75 i +;38;16;54;SEC_322
2006;128;16-17;8;14;22;SEC_128
1997;319;18-24;45;55;100;SEC_319
2005;632;75 i +;30;18;48;SEC_632
1997;417;16-17;8;2;10;SEC_417
2000;113;50-64;110;130;240;SEC_113
1995;107;65-74;77;55;132;SEC_107
1994;435;65-74;110;88;198;SEC_435
2011;612;03-11;37;36;73;SEC_612
2008;630;25-34;85;104;189;SEC_630
2013;309;12-15;10;23;33;SEC_309
2002;606;00-02;17;15;32;SEC_606
2000;425;35-49;76;86;162;SEC_425
2010;534;65-74;56;50;106;SEC_534
2003;508;03-11;19;23;42;SEC_508
1998;428;18-24;21;23;44;SEC_428
1994;248;16-17;9;17;26;SEC_248
2011;209;16-17;6;8;14;SEC_209
1994;604;03-11;34;34;68;SEC_604
1998;427;03-11;16;28;44;SEC_427
2006;627;03-11;34;24;58;SEC_627
1999;535;50-64;145;150;295;SEC_535
2011;538;16-17;10;14;24;SEC_538
2012;236;35-49;124;114;238;SEC_236
2003;130;03-11;37;34;71;SEC_130
2003;217;50-64;35;37;72;SEC_217
2009;530;75 i +;97;60;157;SEC_530
2000;133;00-02;5;4;9;SEC_133
2015;205;75 i +;79;51;130;SEC_205
1995;111;18-24;68;93;161;SEC_111
1998;523;03-11;25;39;64;SEC_523
1999;534;35-49;78;74;152;SEC_534
1997;507;16-17;17;12;29;SEC_507
1998;517;16-17;12;14;26;SEC_517
1994;505;18-24;166;161;327;SEC_505
2015;525;25-34;80;63;143;SEC_525
1999;410;18-24;86;103;189;SEC_410
1998;227;16-17;4;5;9;SEC_227
1994;105;75 i +;42;22;64;SEC_105
2005;311;00-02;20;22;42;SEC_311
2016;233;35-49;131;147;278;SEC_233
2003;412;25-34;134;176;310;SEC_412
2005;128;03-11;23;25;48;SEC_128
1999;204;12-15;6;12;18;SEC_204
2005;618;65-74;21;28;49;SEC_618
2008;427;35-49;119;115;234;SEC_427
1998;505;00-02;9;2;11;SEC_505
2008;241;35-49;111;106;217;SEC_241
2006;114;50-64;189;164;353;SEC_114
2011;425;16-17;5;9;14;SEC_425
2012;442;25-34;43;50;93;SEC_442
2004;419;65-74;44;37;81;SEC_419
1996;139;03-11;20;39;59;SEC_139
2006;304;25-34;148;150;298;SEC_304
2004;513;00-02;12;10;22;SEC_513
2009;622;25-34;56;71;127;SEC_622
1997;605;50-64;125;105;230;SEC_605
1995;502;12-15;46;30;76;SEC_502
2002;133;18-24;44;52;96;SEC_133
2012;422;03-11;45;62;107;SEC_422
2000;318;16-17;15;9;24;SEC_318
2000;402;16-17;4;7;11;SEC_402
2008;604;18-24;21;39;60;SEC_604
2014;303;25-34;109;102;211;SEC_303
2004;507;12-15;20;15;35;SEC_507
2010;302;65-74;66;73;139;SEC_302
2012;203;65-74;31;36;67;SEC_203
2003;238;12-15;10;9;19;SEC_238
2000;404;12-15;16;18;34;SEC_404
2010;126;50-64;94;75;169;SEC_126
2006;106;50-64;242;237;479;SEC_106
1995;304;35-49;88;90;178;SEC_304
2001;408;50-64;70;56;126;SEC_408
2000;403;50-64;143;130;273;SEC_403
2010;535;35-49;93;99;192;SEC_535
2011;612;50-64;68;68;136;SEC_612
1999;425;35-49;76;80;156;SEC_425
2005;440;75 i +;56;37;93;SEC_440
2009;427;65-74;48;25;73;SEC_427
2001;111;65-74;49;48;97;SEC_111
2011;209;18-24;33;48;81;SEC_209
2000;526;16-17;4;5;9;SEC_526
2011;426;16-17;7;12;19;SEC_426
2012;243;00-02;19;23;42;SEC_243
2000;442;25-34;47;46;93;SEC_442
2002;615;50-64;155;123;278;SEC_615
1998;438;03-11;22;26;48;SEC_438
2000;322;75 i +;47;21;68;SEC_322
2014;217;35-49;179;222;401;SEC_217
2008;628;03-11;28;48;76;SEC_628
1999;319;12-15;16;18;34;SEC_319
2010;418;65-74;75;63;138;SEC_418
2008;223;65-74;65;53;118;SEC_223
2013;406;18-24;56;49;105;SEC_406
2006;532;03-11;48;31;79;SEC_532
2009;118;75 i +;56;32;88;SEC_118
2004;137;35-49;164;162;326;SEC_137
2002;510;50-64;111;92;203;SEC_510
1997;247;75 i +;58;30;88;SEC_247
2006;631;75 i +;44;23;67;SEC_631
1998;203;35-49;51;61;112;SEC_203
2002;212;16-17;8;14;22;SEC_212
1999;129;18-24;65;63;128;SEC_129
2000;247;25-34;96;107;203;SEC_247
2011;306;12-15;30;32;62;SEC_306
2005;324;16-17;9;12;21;SEC_324
2003;511;18-24;27;32;59;SEC_511
2014;425;18-24;38;41;79;SEC_425
1995;305;03-11;78;65;143;SEC_305
2013;616;35-49;280;273;553;SEC_616
2011;124;65-74;31;28;59;SEC_124
2004;519;65-74;47;36;83;SEC_519
2015;120;18-24;69;62;131;SEC_120
1995;242;75 i +;59;35;94;SEC_242
1999;615;00-02;5;5;10;SEC_615
1994;108;03-11;57;51;108;SEC_108
2011;234;18-24;36;40;76;SEC_234
2007;118;25-34;163;184;347;SEC_118
1995;527;65-74;66;45;111;SEC_527
2014;404;35-49;162;184;346;SEC_404
2013;319;35-49;261;271;532;SEC_319
2013;615;16-17;8;13;21;SEC_615
2004;620;65-74;32;42;74;SEC_620
2011;228;03-11;37;35;72;SEC_228
2007;614;65-74;68;65;133;SEC_614
2009;610;03-11;45;50;95;SEC_610
2005;427;25-34;103;134;237;SEC_427
2004;531;25-34;100;105;205;SEC_531
2015;523;25-34;87;102;189;SEC_523
1998;537;75 i +;50;25;75;SEC_537
1995;436;12-15;12;18;30;SEC_436
1997;229;12-15;6;11;17;SEC_229
2003;319;50-64;117;124;241;SEC_319
2003;225;75 i +;49;33;82;SEC_225
2000;503;16-17;12;16;28;SEC_503
2012;615;75 i +;43;38;81;SEC_615
2015;507;65-74;57;45;102;SEC_507
2014;517;25-34;147;166;313;SEC_517
1998;315;75 i +;51;29;80;SEC_315
1997;523;65-74;96;78;174;SEC_523
1999;621;16-17;24;37;61;SEC_621
1994;126;75 i +;35;16;51;SEC_126
2015;406;18-24;62;54;116;SEC_406
2002;243;12-15;20;22;42;SEC_243
2010;622;16-17;7;9;16;SEC_622
2013;607;50-64;85;86;171;SEC_607
2016;537;65-74;88;68;156;SEC_537
2013;116;16-17;12;13;25;SEC_116
2005;322;16-17;8;13;21;SEC_322
1997;523;50-64;150;143;293;SEC_523
2012;534;35-49;125;137;262;SEC_534
2006;219;03-11;56;45;101;SEC_219
2009;128;03-11;27;35;62;SEC_128
2013;504;03-11;25;39;64;SEC_504
1995;303;50-64;228;228;456;SEC_303
2003;135;18-24;87;108;195;SEC_135
1999;311;25-34;114;146;260;SEC_311
2005;132;00-02;32;20;52;SEC_132
2005;220;50-64;64;47;111;SEC_220
2002;625;00-02;10;10;20;SEC_625
1997;210;16-17;10;6;16;SEC_210
2003;429;18-24;34;31;65;SEC_429
2016;318;25-34;51;49;100;SEC_318
2006;237;00-02;21;24;45;SEC_237
2005;441;25-34;140;159;299;SEC_441
2001;230;65-74;53;43;96;SEC_230
2006;435;18-24;50;71;121;SEC_435
1999;302;03-11;51;51;102;SEC_302
1997;212;75 i +;60;34;94;SEC_212
1997;503;00-02;4;12;16;SEC_503
2012;220;16-17;10;3;13;SEC_220
2013;211;65-74;43;35;78;SEC_211
2005;312;25-34;181;159;340;SEC_312
2003;102;00-02;25;24;49;SEC_102
2009;515;65-74;28;27;55;SEC_515
2003;221;12-15;27;25;52;SEC_221
1999;533;65-74;60;63;123;SEC_533
1996;102;35-49;161;153;314;SEC_102
2015;326;16-17;6;5;11;SEC_326
2004;246;00-02;16;17;33;SEC_246
2001;138;16-17;5;12;17;SEC_138
1994;530;16-17;18;19;37;SEC_530
2012;318;75 i +;31;21;52;SEC_318
2005;325;65-74;120;85;205;SEC_325
2011;205;50-64;104;96;200;SEC_205
1994;434;75 i +;54;27;81;SEC_434
2008;240;12-15;13;16;29;SEC_240
2014;243;16-17;13;19;32;SEC_243
2001;126;18-24;59;47;106;SEC_126
2006;616;12-15;65;71;136;SEC_616
2012;311;12-15;29;26;55;SEC_311
1995;320;00-02;6;9;15;SEC_320
2004;606;25-34;94;99;193;SEC_606
2014;239;50-64;92;77;169;SEC_239
1997;233;25-34;75;68;143;SEC_233
2003;441;00-02;18;13;31;SEC_441
1995;427;75 i +;52;34;86;SEC_427
1997;610;00-02;7;12;19;SEC_610
1999;523;03-11;29;44;73;SEC_523
2009;612;35-49;110;137;247;SEC_612
1995;235;50-64;155;152;307;SEC_235
2002;525;12-15;18;12;30;SEC_525
1997;607;75 i +;33;13;46;SEC_607
2004;522;25-34;100;101;201;SEC_522
1994;604;65-74;30;26;56;SEC_604
2000;606;75 i +;37;22;59;SEC_606
2013;123;50-64;129;114;243;SEC_123
2015;246;75 i +;73;48;121;SEC_246
2008;422;50-64;77;73;150;SEC_422
2012;310;25-34;90;68;158;SEC_310
2011;310;18-24;25;31;56;SEC_310
1995;526;75 i +;27;11;38;SEC_526
1998;531;75 i +;45;23;68;SEC_531
2010;316;03-11;45;59;104;SEC_316
2003;303;03-11;37;42;79;SEC_303
2004;215;75 i +;74;45;119;SEC_215
2006;425;00-02;11;12;23;SEC_425
2007;511;00-02;8;10;18;SEC_511
2014;320;12-15;2;5;7;SEC_320
2006;305;25-34;109;122;231;SEC_305
1999;315;00-02;12;20;32;SEC_315
2013;121;65-74;25;18;43;SEC_121
2010;525;35-49;102;121;223;SEC_525
2010;427;65-74;41;25;66;SEC_427
2010;232;18-24;44;38;82;SEC_232
2004;503;65-74;34;23;57;SEC_503
2004;123;35-49;143;158;301;SEC_123
1999;603;12-15;7;14;21;SEC_603
2010;622;50-64;98;86;184;SEC_622
2010;428;25-34;67;71;138;SEC_428
2009;220;00-02;20;17;37;SEC_220
2009;308;16-17;18;19;37;SEC_308
2010;324;25-34;104;114;218;SEC_324
2010;538;16-17;10;8;18;SEC_538
2005;421;35-49;114;134;248;SEC_421
2008;247;35-49;166;191;357;SEC_247
2011;106;18-24;64;70;134;SEC_106
2011;119;18-24;36;44;80;SEC_119
2007;601;03-11;41;42;83;SEC_601
2016;138;16-17;9;6;15;SEC_138
2006;320;35-49;120;140;260;SEC_320
2016;248;35-49;171;168;339;SEC_248
2005;537;75 i +;72;40;112;SEC_537
1997;208;03-11;45;45;90;SEC_208
2013;525;35-49;125;126;251;SEC_525
2007;111;25-34;83;82;165;SEC_111
2006;524;25-34;157;157;314;SEC_524
2001;437;18-24;39;36;75;SEC_437
2015;321;16-17;27;25;52;SEC_321
2006;132;12-15;34;42;76;SEC_132
2010;104;35-49;103;133;236;SEC_104
2014;627;03-11;29;29;58;SEC_627
2011;622;35-49;91;96;187;SEC_622
2010;533;00-02;16;20;36;SEC_533
2005;111;03-11;15;34;49;SEC_111
1994;135;12-15;48;65;113;SEC_135
2010;104;03-11;40;33;73;SEC_104
2000;228;35-49;44;49;93;SEC_228
2004;442;16-17;8;8;16;SEC_442
2012;249;16-17;11;9;20;SEC_249
2012;118;16-17;13;16;29;SEC_118
2010;529;65-74;68;51;119;SEC_529
2013;248;03-11;58;54;112;SEC_248
2005;520;16-17;8;12;20;SEC_520
2007;237;50-64;89;92;181;SEC_237
1996;122;25-34;80;88;168;SEC_122
2001;320;35-49;61;61;122;SEC_320
2006;504;65-74;86;87;173;SEC_504
1998;235;00-02;13;14;27;SEC_235
2008;306;18-24;57;68;125;SEC_306
1997;110;35-49;172;138;310;SEC_110
2002;416;00-02;12;12;24;SEC_416
2007;312;35-49;194;204;398;SEC_312
2013;301;12-15;37;40;77;SEC_301
2010;113;18-24;67;74;141;SEC_113
2010;606;16-17;14;6;20;SEC_606
2015;108;50-64;145;126;271;SEC_108
2012;429;03-11;25;23;48;SEC_429
2006;419;75 i +;44;29;73;SEC_419
2013;608;50-64;137;111;248;SEC_608
1995;112;35-49;198;201;399;SEC_112
2010;517;03-11;57;69;126;SEC_517
2001;412;03-11;40;46;86;SEC_412
1999;240;25-34;64;58;122;SEC_240
2012;302;75 i +;68;37;105;SEC_302
2007;311;75 i +;95;51;146;SEC_311
1996;212;00-02;7;12;19;SEC_212
2016;602;00-02;12;20;32;SEC_602
2015;530;18-24;60;70;130;SEC_530
1995;324;03-11;45;35;80;SEC_324
2007;213;35-49;125;116;241;SEC_213
1994;431;50-64;154;136;290;SEC_431
2002;538;35-49;118;108;226;SEC_538
1997;121;03-11;32;25;57;SEC_121
2005;534;50-64;92;83;175;SEC_534
2008;128;03-11;29;31;60;SEC_128
2001;319;75 i +;26;21;47;SEC_319
2013;307;50-64;182;143;325;SEC_307
2008;535;75 i +;41;30;71;SEC_535
1998;307;00-02;12;14;26;SEC_307
2013;625;25-34;77;93;170;SEC_625
2016;621;75 i +;51;43;94;SEC_621
2003;426;50-64;81;70;151;SEC_426
2003;247;00-02;20;13;33;SEC_247
1995;532;75 i +;51;33;84;SEC_532
1999;235;75 i +;69;44;113;SEC_235
2001;124;12-15;18;17;35;SEC_124
1999;417;25-34;57;58;115;SEC_417
2006;123;25-34;128;101;229;SEC_123
2016;433;50-64;163;157;320;SEC_433
2000;620;35-49;63;60;123;SEC_620
2009;407;18-24;36;49;85;SEC_407
2002;219;65-74;81;60;141;SEC_219
2005;106;35-49;203;177;380;SEC_106
2015;131;35-49;153;174;327;SEC_131
2004;615;00-02;11;2;13;SEC_615
2004;312;12-15;32;26;58;SEC_312
1997;406;25-34;103;104;207;SEC_406
1998;620;65-74;15;23;38;SEC_620
2000;308;03-11;44;45;89;SEC_308
1996;508;35-49;49;52;101;SEC_508
2000;128;25-34;112;104;216;SEC_128
1995;528;35-49;101;79;180;SEC_528
1996;130;50-64;122;103;225;SEC_130
2011;406;65-74;74;63;137;SEC_406
2015;403;00-02;17;10;27;SEC_403
2013;126;00-02;12;12;24;SEC_126
2016;106;35-49;181;197;378;SEC_106
2009;518;25-34;97;107;204;SEC_518
2016;616;00-02;22;23;45;SEC_616
2008;407;03-11;42;40;82;SEC_407
2009;417;65-74;29;21;50;SEC_417
1996;424;65-74;26;26;52;SEC_424
2004;228;65-74;43;37;80;SEC_228
2008;239;75 i +;97;60;157;SEC_239
2007;607;25-34;81;106;187;SEC_607
1995;416;35-49;48;44;92;SEC_416
2011;229;00-02;12;13;25;SEC_229
1995;632;16-17;29;26;55;SEC_632
2004;316;12-15;46;52;98;SEC_316
1994;505;00-02;18;10;28;SEC_505
2004;214;12-15;12;4;16;SEC_214
2005;139;12-15;13;14;27;SEC_139
2006;219;50-64;93;72;165;SEC_219
1994;128;16-17;24;19;43;SEC_128
2003;605;12-15;7;7;14;SEC_605
2011;228;25-34;77;74;151;SEC_228
1997;219;25-34;88;91;179;SEC_219
2014;234;25-34;83;73;156;SEC_234
1994;538;18-24;75;91;166;SEC_538
2011;616;25-34;279;302;581;SEC_616
2013;422;03-11;44;65;109;SEC_422
1998;105;75 i +;46;28;74;SEC_105
2010;617;00-02;14;19;33;SEC_617
2010;133;18-24;27;30;57;SEC_133
2005;619;65-74;102;92;194;SEC_619
2007;303;18-24;43;46;89;SEC_303
2006;440;75 i +;58;38;96;SEC_440
2008;536;16-17;10;4;14;SEC_536
1999;241;25-34;61;56;117;SEC_241
2003;109;12-15;20;13;33;SEC_109
1995;206;03-11;26;21;47;SEC_206
2009;616;00-02;44;39;83;SEC_616
2012;414;00-02;11;14;25;SEC_414
1997;615;12-15;16;6;22;SEC_615
2002;503;03-11;29;40;69;SEC_503
2001;607;03-11;31;29;60;SEC_607
2013;419;35-49;253;312;565;SEC_419
1999;316;16-17;62;65;127;SEC_316
2015;617;75 i +;63;40;103;SEC_617
2000;613;16-17;8;5;13;SEC_613
2010;322;75 i +;65;44;109;SEC_322
2015;616;03-11;108;105;213;SEC_616
2005;226;12-15;13;18;31;SEC_226
2015;315;35-49;256;253;509;SEC_315
2006;127;65-74;40;38;78;SEC_127
2001;515;03-11;17;16;33;SEC_515
2004;101;35-49;201;183;384;SEC_101
2006;426;12-15;12;24;36;SEC_426
1999;425;18-24;50;33;83;SEC_425
2007;102;03-11;62;70;132;SEC_102
2000;431;75 i +;63;41;104;SEC_431
1996;120;16-17;12;25;37;SEC_120
2006;623;25-34;134;154;288;SEC_623
2000;614;35-49;82;71;153;SEC_614
2012;610;35-49;135;148;283;SEC_610
2003;627;35-49;119;98;217;SEC_627
2006;617;00-02;5;12;17;SEC_617
2014;226;65-74;81;70;151;SEC_226
1994;320;12-15;13;23;36;SEC_320
1998;616;50-64;146;154;300;SEC_616
2009;519;75 i +;35;25;60;SEC_519
1996;627;25-34;60;78;138;SEC_627
2015;249;75 i +;73;42;115;SEC_249
2001;108;16-17;14;10;24;SEC_108
2012;316;65-74;91;99;190;SEC_316
1994;629;16-17;12;9;21;SEC_629
1998;307;03-11;43;64;107;SEC_307
1994;526;75 i +;26;12;38;SEC_526
2016;523;12-15;25;23;48;SEC_523
2013;506;16-17;20;16;36;SEC_506
1999;530;35-49;108;108;216;SEC_530
2011;104;65-74;45;35;80;SEC_104
2014;610;12-15;19;29;48;SEC_610
2013;601;03-11;77;89;166;SEC_601
2002;606;35-49;98;111;209;SEC_606
2012;502;12-15;29;29;58;SEC_502
1994;248;50-64;105;110;215;SEC_248
2009;439;03-11;55;65;120;SEC_439
1998;311;50-64;139;130;269;SEC_311
1994;436;03-11;33;33;66;SEC_436
1994;321;50-64;140;161;301;SEC_321
2009;121;75 i +;86;47;133;SEC_121
1996;245;75 i +;61;29;90;SEC_245
2013;105;50-64;156;109;265;SEC_105
1996;536;12-15;13;15;28;SEC_536
2011;531;16-17;11;13;24;SEC_531
2010;613;35-49;146;161;307;SEC_613
2007;616;16-17;26;43;69;SEC_616
2005;317;12-15;16;21;37;SEC_317
2011;222;50-64;67;59;126;SEC_222
2007;215;03-11;27;44;71;SEC_215
2012;521;35-49;104;111;215;SEC_521
1998;122;03-11;31;16;47;SEC_122
2006;515;00-02;8;13;21;SEC_515
2016;402;12-15;14;18;32;SEC_402
2000;415;03-11;21;23;44;SEC_415
2008;604;75 i +;27;16;43;SEC_604
2003;117;18-24;120;128;248;SEC_117
2013;602;25-34;81;72;153;SEC_602
2012;322;00-02;19;30;49;SEC_322
1998;441;75 i +;55;43;98;SEC_441
2005;510;12-15;14;17;31;SEC_510
2014;418;35-49;154;175;329;SEC_418
2014;248;03-11;56;53;109;SEC_248
2006;317;65-74;34;26;60;SEC_317
1994;429;16-17;8;13;21;SEC_429
1999;608;50-64;104;75;179;SEC_608
1995;123;00-02;8;22;30;SEC_123
2006;309;25-34;107;119;226;SEC_309
2002;533;03-11;30;18;48;SEC_533
2002;523;03-11;28;45;73;SEC_523
2012;226;03-11;50;37;87;SEC_226
2007;113;50-64;204;205;409;SEC_113
2015;611;18-24;50;58;108;SEC_611
2012;310;00-02;16;12;28;SEC_310
2008;509;16-17;5;6;11;SEC_509
2012;132;75 i +;101;68;169;SEC_132
2006;620;50-64;73;75;148;SEC_620
2016;303;75 i +;143;117;260;SEC_303
2000;124;50-64;72;72;144;SEC_124
2015;139;03-11;33;34;67;SEC_139
2008;220;00-02;15;11;26;SEC_220
2010;201;50-64;71;53;124;SEC_201
2004;429;18-24;28;34;62;SEC_429
2004;124;65-74;41;41;82;SEC_124
2010;535;75 i +;42;36;78;SEC_535
2013;135;12-15;30;26;56;SEC_135
2005;239;75 i +;89;55;144;SEC_239
1998;436;00-02;11;17;28;SEC_436
2004;111;50-64;106;85;191;SEC_111
2015;121;03-11;35;50;85;SEC_121
1999;132;25-34;165;170;335;SEC_132
2014;525;16-17;8;9;17;SEC_525
2002;607;25-34;93;101;194;SEC_607
2010;523;16-17;9;10;19;SEC_523
2000;241;12-15;15;8;23;SEC_241
2011;135;75 i +;78;55;133;SEC_135
1999;102;75 i +;77;37;114;SEC_102
2011;414;75 i +;62;49;111;SEC_414
1996;410;65-74;103;102;205;SEC_410
2008;420;18-24;65;75;140;SEC_420
2005;624;65-74;54;57;111;SEC_624
2016;322;16-17;14;16;30;SEC_322
2007;203;18-24;45;32;77;SEC_203
2006;102;25-34;119;126;245;SEC_102
2016;112;25-34;92;96;188;SEC_112
1996;419;35-49;52;68;120;SEC_419
1997;317;50-64;61;74;135;SEC_317
2002;514;00-02;10;10;20;SEC_514
2004;140;16-17;4;6;10;SEC_140
1999;437;16-17;6;9;15;SEC_437
1998;217;25-34;50;62;112;SEC_217
2016;239;12-15;14;18;32;SEC_239
2006;415;35-49;85;116;201;SEC_415
2009;523;03-11;50;45;95;SEC_523
2010;208;25-34;127;135;262;SEC_208
2003;246;25-34;128;124;252;SEC_246
2000;615;03-11;12;22;34;SEC_615
2006;301;03-11;93;91;184;SEC_301
2010;621;25-34;119;139;258;SEC_621
2008;314;75 i +;94;48;142;SEC_314
2005;323;35-49;357;356;713;SEC_323
1998;308;12-15;29;37;66;SEC_308
2008;404;03-11;58;70;128;SEC_404
2002;116;75 i +;64;38;102;SEC_116
2005;201;65-74;53;47;100;SEC_201
2008;435;18-24;59;63;122;SEC_435
1997;512;50-64;105;108;213;SEC_512
2010;409;00-02;12;11;23;SEC_409
2016;122;18-24;24;23;47;SEC_122
2010;418;00-02;26;12;38;SEC_418
2014;507;16-17;2;9;11;SEC_507
2015;304;12-15;82;47;129;SEC_304
1997;625;35-49;222;195;417;SEC_625
2000;112;18-24;93;79;172;SEC_112
1994;614;25-34;81;76;157;SEC_614
1998;504;16-17;9;7;16;SEC_504
2002;607;16-17;6;13;19;SEC_607
1995;111;16-17;12;23;35;SEC_111
2005;424;25-34;54;70;124;SEC_424
2006;112;65-74;64;50;114;SEC_112
2009;521;00-02;14;12;26;SEC_521
2016;407;50-64;86;74;160;SEC_407
1996;526;25-34;58;56;114;SEC_526
1996;532;35-49;129;99;228;SEC_532
2003;428;75 i +;24;19;43;SEC_428
2010;508;18-24;28;27;55;SEC_508
2007;514;65-74;53;41;94;SEC_514
1999;135;18-24;86;106;192;SEC_135
2005;308;75 i +;79;52;131;SEC_308
2005;528;16-17;26;6;32;SEC_528
2002;109;35-49;128;121;249;SEC_109
2007;439;65-74;61;57;118;SEC_439
2008;425;03-11;35;45;80;SEC_425
1999;416;65-74;58;57;115;SEC_416
1998;420;00-02;11;13;24;SEC_420
2011;526;12-15;10;15;25;SEC_526
1994;612;50-64;148;181;329;SEC_612
2010;413;50-64;38;45;83;SEC_413
2015;107;35-49;202;213;415;SEC_107
1996;319;50-64;61;62;123;SEC_319
2003;506;12-15;30;41;71;SEC_506
1998;432;25-34;82;83;165;SEC_432
1995;112;75 i +;61;16;77;SEC_112
2005;116;65-74;70;76;146;SEC_116
2007;403;35-49;110;117;227;SEC_403
2000;431;65-74;86;71;157;SEC_431
2007;232;75 i +;67;38;105;SEC_232
2011;517;00-02;24;24;48;SEC_517
2000;140;12-15;8;12;20;SEC_140
2001;233;12-15;11;10;21;SEC_233
2007;237;03-11;55;55;110;SEC_237
2005;233;00-02;10;10;20;SEC_233
1996;209;75 i +;71;34;105;SEC_209
1994;602;00-02;7;4;11;SEC_602
2008;512;35-49;112;119;231;SEC_512
2008;623;35-49;136;142;278;SEC_623
2007;505;12-15;25;12;37;SEC_505
1998;232;25-34;73;72;145;SEC_232
1996;101;00-02;24;18;42;SEC_101
1999;506;35-49;232;194;426;SEC_506
2006;243;50-64;110;98;208;SEC_243
2015;140;12-15;13;21;34;SEC_140
2015;612;18-24;25;36;61;SEC_612
2009;516;50-64;36;48;84;SEC_516
2011;204;12-15;13;4;17;SEC_204
1998;119;18-24;122;131;253;SEC_119
2014;237;35-49;176;191;367;SEC_237
2007;218;00-02;13;15;28;SEC_218
1999;610;16-17;9;13;22;SEC_610
2010;122;18-24;33;17;50;SEC_122
2011;113;35-49;181;186;367;SEC_113
2003;613;03-11;34;34;68;SEC_613
2012;108;12-15;31;26;57;SEC_108
1999;237;00-02;14;9;23;SEC_237
1994;107;12-15;58;63;121;SEC_107
2008;624;50-64;143;111;254;SEC_624
1997;521;65-74;44;39;83;SEC_521
1994;434;00-02;4;5;9;SEC_434
2007;325;65-74;99;78;177;SEC_325
1998;435;12-15;10;27;37;SEC_435
2012;123;12-15;14;29;43;SEC_123
2003;421;65-74;99;73;172;SEC_421
2010;412;18-24;48;61;109;SEC_412
2011;219;75 i +;86;51;137;SEC_219
2013;433;16-17;18;23;41;SEC_433
2005;512;12-15;17;12;29;SEC_512
2007;426;35-49;120;134;254;SEC_426
2013;122;18-24;34;15;49;SEC_122
2001;103;25-34;57;53;110;SEC_103
2009;132;03-11;94;66;160;SEC_132
2009;624;03-11;33;40;73;SEC_624
2015;441;03-11;84;75;159;SEC_441
2001;501;00-02;13;6;19;SEC_501
2010;608;12-15;8;12;20;SEC_608
1996;420;16-17;10;16;26;SEC_420
2012;527;12-15;24;24;48;SEC_527
2006;131;65-74;57;59;116;SEC_131
2015;526;50-64;138;132;270;SEC_526
2003;519;12-15;5;10;15;SEC_519
2009;603;25-34;54;55;109;SEC_603
1997;226;18-24;64;55;119;SEC_226
2010;111;50-64;103;65;168;SEC_111
2007;432;12-15;15;28;43;SEC_432
1998;524;25-34;117;105;222;SEC_524
1997;530;12-15;22;26;48;SEC_530
1995;620;18-24;77;58;135;SEC_620
2010;421;25-34;105;110;215;SEC_421
2008;224;35-49;79;89;168;SEC_224
2006;312;16-17;16;12;28;SEC_312
2014;221;75 i +;116;80;196;SEC_221
2012;305;25-34;108;122;230;SEC_305
1995;417;18-24;42;48;90;SEC_417
2013;117;12-15;35;39;74;SEC_117
2003;216;00-02;17;15;32;SEC_216
2014;134;03-11;63;68;131;SEC_134
2006;504;12-15;11;9;20;SEC_504
1999;618;03-11;13;20;33;SEC_618
1996;608;16-17;16;17;33;SEC_608
2004;435;75 i +;99;50;149;SEC_435
1998;120;35-49;221;226;447;SEC_120
1998;213;75 i +;28;14;42;SEC_213
2010;126;03-11;40;41;81;SEC_126
2009;137;25-34;129;118;247;SEC_137
1998;602;50-64;92;82;174;SEC_602
2013;608;75 i +;89;62;151;SEC_608
1996;532;50-64;149;159;308;SEC_532
1995;236;75 i +;41;35;76;SEC_236
2009;411;50-64;99;72;171;SEC_411
2000;139;25-34;76;82;158;SEC_139
2014;249;75 i +;73;39;112;SEC_249
2000;409;00-02;13;5;18;SEC_409
1994;420;75 i +;62;38;100;SEC_420
2007;405;65-74;86;65;151;SEC_405
2009;228;75 i +;46;31;77;SEC_228
1994;517;50-64;134;128;262;SEC_517
2000;613;12-15;17;16;33;SEC_613
2006;404;25-34;117;130;247;SEC_404
2015;242;75 i +;76;55;131;SEC_242
2014;226;18-24;52;69;121;SEC_226
1998;430;75 i +;50;24;74;SEC_430
2003;431;12-15;25;18;43;SEC_431
2007;620;25-34;42;45;87;SEC_620
2002;427;35-49;83;95;178;SEC_427
2012;415;12-15;10;13;23;SEC_415
2012;306;18-24;50;67;117;SEC_306
2009;315;35-49;211;230;441;SEC_315
2015;320;25-34;62;70;132;SEC_320
1996;132;50-64;168;202;370;SEC_132
2016;416;18-24;60;69;129;SEC_416
2002;425;25-34;89;83;172;SEC_425
2007;235;16-17;12;14;26;SEC_235
2012;533;25-34;85;98;183;SEC_533
2013;402;35-49;117;114;231;SEC_402
2000;626;25-34;79;117;196;SEC_626
2002;620;12-15;14;17;31;SEC_620
1997;621;18-24;161;198;359;SEC_621
2006;429;75 i +;36;22;58;SEC_429
1996;402;35-49;74;69;143;SEC_402
2007;402;00-02;7;13;20;SEC_402
2003;123;00-02;21;14;35;SEC_123
1996;320;18-24;77;92;169;SEC_320
2014;314;25-34;167;174;341;SEC_314
2011;622;00-02;8;11;19;SEC_622
1995;321;25-34;142;150;292;SEC_321
2011;608;65-74;53;29;82;SEC_608
2004;412;03-11;47;42;89;SEC_412
2003;129;50-64;117;103;220;SEC_129
2000;611;35-49;118;154;272;SEC_611
2008;221;65-74;64;56;120;SEC_221
1995;115;12-15;40;40;80;SEC_115
2016;134;50-64;147;113;260;SEC_134
2001;424;00-02;11;7;18;SEC_424
2015;317;50-64;84;69;153;SEC_317
2010;106;65-74;63;74;137;SEC_106
2015;134;75 i +;81;41;122;SEC_134
2003;239;25-34;89;126;215;SEC_239
2015;137;12-15;25;26;51;SEC_137
2005;236;16-17;10;8;18;SEC_236
1997;104;65-74;73;54;127;SEC_104
2001;625;18-24;106;126;232;SEC_625
2008;517;12-15;21;20;41;SEC_517
2009;417;50-64;59;46;105;SEC_417
2002;517;18-24;56;57;113;SEC_517
2001;627;03-11;25;31;56;SEC_627
2004;211;18-24;56;59;115;SEC_211
2011;245;65-74;52;26;78;SEC_245
2014;317;18-24;41;37;78;SEC_317
2006;308;25-34;179;164;343;SEC_308
2014;420;16-17;24;15;39;SEC_420
2009;319;00-02;42;51;93;SEC_319
2003;625;18-24;96;97;193;SEC_625
2015;209;00-02;12;15;27;SEC_209
1995;213;16-17;23;17;40;SEC_213
2007;602;16-17;5;3;8;SEC_602
2005;416;25-34;64;82;146;SEC_416
2010;433;12-15;22;26;48;SEC_433
2008;413;75 i +;43;32;75;SEC_413
1995;411;18-24;69;83;152;SEC_411
2003;504;03-11;20;28;48;SEC_504
1999;225;50-64;55;41;96;SEC_225
2005;608;75 i +;38;19;57;SEC_608
2000;131;65-74;61;53;114;SEC_131
2013;248;18-24;46;54;100;SEC_248
1996;501;65-74;19;21;40;SEC_501
2016;402;25-34;80;63;143;SEC_402
2008;239;03-11;44;49;93;SEC_239
2008;625;25-34;100;129;229;SEC_625
2015;212;16-17;16;13;29;SEC_212
2007;308;65-74;93;90;183;SEC_308
2016;239;65-74;59;30;89;SEC_239
2001;623;75 i +;52;27;79;SEC_623
2002;401;75 i +;53;29;82;SEC_401
1994;630;50-64;74;82;156;SEC_630
2002;426;65-74;52;42;94;SEC_426
1995;218;12-15;17;17;34;SEC_218
1998;110;03-11;38;44;82;SEC_110
2012;140;03-11;36;44;80;SEC_140
2000;414;50-64;78;77;155;SEC_414
2008;401;00-02;14;17;31;SEC_401
2010;324;03-11;58;55;113;SEC_324
2013;220;16-17;14;10;24;SEC_220
2015;318;65-74;43;39;82;SEC_318
2006;620;18-24;25;22;47;SEC_620
2000;122;65-74;50;48;98;SEC_122
1994;238;00-02;6;7;13;SEC_238
2011;632;03-11;55;50;105;SEC_632
2015;402;12-15;11;23;34;SEC_402
2000;322;00-02;12;10;22;SEC_322
1995;519;75 i +;18;11;29;SEC_519
2011;610;50-64;107;68;175;SEC_610
2006;615;35-49;62;77;139;SEC_615
2003;631;03-11;33;40;73;SEC_631
1994;517;12-15;24;26;50;SEC_517
2007;301;65-74;127;116;243;SEC_301
1999;406;03-11;42;37;79;SEC_406
2008;525;16-17;3;11;14;SEC_525
1995;604;35-49;67;67;134;SEC_604
2010;415;65-74;24;29;53;SEC_415
2004;236;50-64;93;76;169;SEC_236
2007;130;12-15;11;12;23;SEC_130
2002;609;03-11;27;29;56;SEC_609
2004;606;16-17;12;12;24;SEC_606
1997;302;75 i +;45;21;66;SEC_302
1995;505;35-49;158;109;267;SEC_505
1995;311;12-15;33;33;66;SEC_311
1998;439;50-64;103;95;198;SEC_439
1994;619;16-17;32;24;56;SEC_619
1996;208;25-34;115;141;256;SEC_208
2012;130;65-74;59;34;93;SEC_130
2001;218;03-11;29;15;44;SEC_218
2011;204;50-64;45;40;85;SEC_204
1995;435;35-49;81;92;173;SEC_435
2011;501;16-17;9;8;17;SEC_501
2016;501;50-64;116;76;192;SEC_501
2000;410;50-64;199;178;377;SEC_410
2007;219;12-15;26;16;42;SEC_219
2004;117;50-64;206;215;421;SEC_117
1999;232;35-49;98;78;176;SEC_232
2013;231;65-74;46;29;75;SEC_231
2008;311;12-15;17;26;43;SEC_311
2000;229;03-11;25;21;46;SEC_229
2010;311;16-17;8;10;18;SEC_311
2016;135;65-74;79;79;158;SEC_135
2005;519;00-02;11;8;19;SEC_519
2000;529;00-02;13;17;30;SEC_529
1994;237;03-11;37;27;64;SEC_237
2006;248;35-49;153;185;338;SEC_248
2003;216;03-11;46;40;86;SEC_216
1994;116;75 i +;48;17;65;SEC_116
2007;202;03-11;26;23;49;SEC_202
2001;116;03-11;51;47;98;SEC_116
2007;621;16-17;18;14;32;SEC_621
1995;107;75 i +;44;26;70;SEC_107
1994;438;16-17;13;9;22;SEC_438
2007;219;50-64;85;76;161;SEC_219
2004;610;03-11;41;46;87;SEC_610
2013;312;75 i +;74;51;125;SEC_312
1995;304;00-02;8;11;19;SEC_304
1996;123;00-02;6;21;27;SEC_123
2005;112;50-64;162;158;320;SEC_112
2014;122;35-49;114;113;227;SEC_122
1999;124;25-34;62;58;120;SEC_124
1994;628;18-24;135;124;259;SEC_628
1999;408;03-11;25;19;44;SEC_408
2005;114;18-24;57;70;127;SEC_114
2012;410;18-24;56;52;108;SEC_410
2012;534;00-02;10;22;32;SEC_534
1994;139;18-24;60;64;124;SEC_139
1995;521;03-11;35;39;74;SEC_521
1999;314;00-02;25;28;53;SEC_314
2014;619;03-11;48;40;88;SEC_619
1995;315;35-49;173;181;354;SEC_315
1995;243;65-74;99;87;186;SEC_243
2012;424;18-24;19;24;43;SEC_424
1997;425;18-24;55;48;103;SEC_425
1995;503;03-11;57;45;102;SEC_503
2001;615;50-64;162;133;295;SEC_615
2003;244;00-02;8;8;16;SEC_244
2006;217;35-49;77;107;184;SEC_217
2009;136;50-64;113;104;217;SEC_136
2000;601;12-15;17;20;37;SEC_601
1998;406;35-49;127;126;253;SEC_406
2014;523;35-49;168;174;342;SEC_523
2008;618;18-24;18;18;36;SEC_618
2008;308;16-17;18;17;35;SEC_308
1996;310;03-11;50;49;99;SEC_310
2014;419;00-02;33;29;62;SEC_419
1994;603;18-24;72;74;146;SEC_603
2008;234;00-02;10;19;29;SEC_234
2010;512;12-15;21;16;37;SEC_512
1996;404;00-02;9;15;24;SEC_404
2007;514;00-02;11;14;25;SEC_514
2012;412;35-49;171;192;363;SEC_412
2010;617;03-11;33;37;70;SEC_617
2005;128;00-02;9;11;20;SEC_128
2014;414;18-24;68;78;146;SEC_414
1995;122;12-15;14;12;26;SEC_122
1996;538;65-74;73;70;143;SEC_538
2009;425;12-15;11;19;30;SEC_425
2013;441;00-02;24;20;44;SEC_441
2013;402;50-64;62;68;130;SEC_402
1994;244;35-49;61;55;116;SEC_244
2013;119;12-15;10;16;26;SEC_119
2014;209;50-64;107;90;197;SEC_209
2013;248;12-15;12;23;35;SEC_248
1994;411;18-24;70;91;161;SEC_411
2005;301;18-24;85;105;190;SEC_301
2003;319;25-34;154;160;314;SEC_319
1997;604;50-64;93;76;169;SEC_604
2014;327;35-49;111;111;222;SEC_327
1999;416;16-17;4;7;11;SEC_416
1997;529;25-34;88;104;192;SEC_529
2000;220;50-64;71;53;124;SEC_220
1999;441;16-17;32;26;58;SEC_441
2011;439;50-64;55;63;118;SEC_439
2012;230;03-11;50;45;95;SEC_230
2007;316;12-15;35;42;77;SEC_316
2015;233;35-49;131;149;280;SEC_233
2008;215;35-49;123;131;254;SEC_215
2007;122;16-17;9;3;12;SEC_122
2013;125;00-02;21;30;51;SEC_125
2002;503;12-15;24;20;44;SEC_503
2001;535;12-15;22;27;49;SEC_535
2010;125;35-49;218;227;445;SEC_125
2006;117;18-24;102;100;202;SEC_117
1999;401;50-64;105;92;197;SEC_401
2009;317;18-24;48;41;89;SEC_317
1999;606;18-24;51;51;102;SEC_606
1996;438;75 i +;32;14;46;SEC_438
2014;511;75 i +;137;91;228;SEC_511
1997;138;18-24;53;55;108;SEC_138
2004;437;35-49;102;103;205;SEC_437
1998;534;16-17;9;9;18;SEC_534
1997;404;35-49;112;121;233;SEC_404
2005;103;75 i +;40;24;64;SEC_103
1999;242;25-34;83;84;167;SEC_242
2016;513;00-02;17;24;41;SEC_513
2011;620;65-74;53;54;107;SEC_620
1994;427;12-15;18;10;28;SEC_427
2015;216;12-15;23;17;40;SEC_216
2000;511;65-74;54;46;100;SEC_511
2014;401;12-15;19;20;39;SEC_401
2015;514;25-34;86;99;185;SEC_514
2016;118;75 i +;58;54;112;SEC_118
1995;215;35-49;76;71;147;SEC_215
2008;514;18-24;45;35;80;SEC_514
2002;404;00-02;20;21;41;SEC_404
2006;512;50-64;68;64;132;SEC_512
1995;110;00-02;10;14;24;SEC_110
2013;118;12-15;33;23;56;SEC_118
2002;218;03-11;28;21;49;SEC_218
2010;320;18-24;26;30;56;SEC_320
2010;304;18-24;83;66;149;SEC_304
2015;503;16-17;10;8;18;SEC_503
2008;230;75 i +;59;25;84;SEC_230
1996;240;12-15;16;14;30;SEC_240
1999;223;18-24;41;38;79;SEC_223
2009;526;12-15;12;20;32;SEC_526
2014;220;12-15;26;20;46;SEC_220
1995;216;00-02;9;8;17;SEC_216
2008;417;65-74;35;23;58;SEC_417
2015;305;00-02;22;15;37;SEC_305
2013;406;35-49;142;166;308;SEC_406
2008;630;75 i +;36;21;57;SEC_630
2003;436;65-74;36;25;61;SEC_436
1995;122;50-64;136;135;271;SEC_122
2003;531;16-17;4;8;12;SEC_531
2007;517;50-64;86;82;168;SEC_517
2010;314;25-34;217;224;441;SEC_314
1997;237;12-15;23;14;37;SEC_237
2007;105;75 i +;63;34;97;SEC_105
2016;110;18-24;23;30;53;SEC_110
2012;136;65-74;55;55;110;SEC_136
2010;506;03-11;59;79;138;SEC_506
2003;236;25-34;109;129;238;SEC_236
2011;525;25-34;82;98;180;SEC_525
2007;227;12-15;11;8;19;SEC_227
1994;401;03-11;60;55;115;SEC_401
2007;308;25-34;171;154;325;SEC_308
2007;313;00-02;30;30;60;SEC_313
2006;315;00-02;27;23;50;SEC_315
2007;408;16-17;6;6;12;SEC_408
2015;320;00-02;20;17;37;SEC_320
2004;312;18-24;55;56;111;SEC_312
2015;201;03-11;69;85;154;SEC_201
2016;529;35-49;181;169;350;SEC_529
1994;606;50-64;136;128;264;SEC_606
2002;206;18-24;35;34;69;SEC_206
2006;234;75 i +;76;45;121;SEC_234
2008;320;75 i +;37;14;51;SEC_320
2000;511;03-11;18;21;39;SEC_511
2011;416;12-15;6;15;21;SEC_416
1996;523;12-15;34;26;60;SEC_523
2003;630;00-02;12;9;21;SEC_630
2012;313;12-15;32;40;72;SEC_313
1997;239;35-49;93;80;173;SEC_239
2007;204;50-64;42;42;84;SEC_204
2006;426;25-34;116;156;272;SEC_426
1999;123;03-11;41;55;96;SEC_123
2005;221;18-24;39;42;81;SEC_221
1999;629;35-49;68;56;124;SEC_629
2008;504;03-11;32;30;62;SEC_504
1998;301;65-74;102;86;188;SEC_301
2015;624;65-74;109;103;212;SEC_624
2005;518;00-02;13;17;30;SEC_518
2010;209;50-64;83;77;160;SEC_209
2008;313;12-15;27;23;50;SEC_313
2013;223;12-15;24;11;35;SEC_223
2016;320;25-34;33;29;62;SEC_320
2007;608;12-15;19;16;35;SEC_608
2006;105;16-17;17;16;33;SEC_105
2001;232;16-17;4;4;8;SEC_232
2004;236;65-74;72;58;130;SEC_236
2011;318;16-17;6;9;15;SEC_318
1995;509;50-64;91;99;190;SEC_509
2012;413;65-74;22;16;38;SEC_413
2005;517;12-15;21;29;50;SEC_517
2010;210;16-17;4;3;7;SEC_210
2016;223;03-11;58;51;109;SEC_223
2001;214;12-15;9;6;15;SEC_214
2001;233;00-02;8;10;18;SEC_233
2005;216;16-17;2;8;10;SEC_216
2011;401;75 i +;93;48;141;SEC_401
2006;517;25-34;125;162;287;SEC_517
1997;213;25-34;58;73;131;SEC_213
1997;238;03-11;17;23;40;SEC_238
2013;210;03-11;29;27;56;SEC_210
2002;501;75 i +;17;10;27;SEC_501
1999;631;75 i +;32;20;52;SEC_631
2004;201;50-64;69;47;116;SEC_201
2014;305;03-11;57;64;121;SEC_305
2015;606;50-64;89;82;171;SEC_606
2011;237;65-74;62;48;110;SEC_237
2006;205;18-24;48;45;93;SEC_205
2006;440;35-49;76;89;165;SEC_440
2002;130;18-24;35;26;61;SEC_130
2004;408;35-49;103;119;222;SEC_408
2002;534;18-24;39;53;92;SEC_534
1997;530;03-11;40;46;86;SEC_530
2006;249;16-17;8;10;18;SEC_249
2004;320;75 i +;31;13;44;SEC_320
1996;211;75 i +;60;35;95;SEC_211
1995;234;75 i +;67;33;100;SEC_234
2012;537;50-64;119;102;221;SEC_537
2005;132;12-15;37;42;79;SEC_132
2004;249;16-17;8;12;20;SEC_249
2007;607;18-24;42;44;86;SEC_607
2003;313;16-17;18;14;32;SEC_313
2011;519;25-34;69;53;122;SEC_519
2010;433;25-34;119;144;263;SEC_433
2004;226;35-49;123;140;263;SEC_226
2011;204;18-24;40;27;67;SEC_204
1999;609;25-34;85;108;193;SEC_609
2013;307;25-34;101;92;193;SEC_307
2011;625;12-15;16;15;31;SEC_625
2006;231;50-64;85;61;146;SEC_231
2003;525;65-74;69;49;118;SEC_525
2004;414;25-34;87;95;182;SEC_414
2015;529;75 i +;95;60;155;SEC_529
2001;414;35-49;93;86;179;SEC_414
2009;627;16-17;4;11;15;SEC_627
1995;401;03-11;56;47;103;SEC_401
2002;522;00-02;9;15;24;SEC_522
1995;220;03-11;23;32;55;SEC_220
2005;130;50-64;61;52;113;SEC_130
2007;125;18-24;62;70;132;SEC_125
2014;423;75 i +;76;55;131;SEC_423
2004;606;18-24;44;38;82;SEC_606
1998;605;12-15;8;7;15;SEC_605
2003;106;00-02;31;19;50;SEC_106
2001;116;16-17;15;13;28;SEC_116
2015;606;35-49;129;129;258;SEC_606
2008;629;16-17;5;3;8;SEC_629
2003;607;65-74;82;84;166;SEC_607
2009;116;03-11;62;62;124;SEC_116
2014;223;75 i +;66;42;108;SEC_223
2012;316;00-02;18;15;33;SEC_316
2001;403;75 i +;51;32;83;SEC_403
2013;616;12-15;40;57;97;SEC_616
1999;411;16-17;20;8;28;SEC_411
1994;202;00-02;6;10;16;SEC_202
1997;316;35-49;469;402;871;SEC_316
1997;404;25-34;104;117;221;SEC_404
1998;414;65-74;69;64;133;SEC_414
2003;621;00-02;12;19;31;SEC_621
2014;411;00-02;10;7;17;SEC_411
1997;505;25-34;130;129;259;SEC_505
2010;626;03-11;32;39;71;SEC_626
2001;130;50-64;92;67;159;SEC_130
2013;318;35-49;91;85;176;SEC_318
2015;421;16-17;8;10;18;SEC_421
2001;630;03-11;26;32;58;SEC_630
2015;425;12-15;14;26;40;SEC_425
2016;249;25-34;76;88;164;SEC_249
2009;604;00-02;8;13;21;SEC_604
1996;533;50-64;102;91;193;SEC_533
1994;323;65-74;53;33;86;SEC_323
2012;626;00-02;8;10;18;SEC_626
1997;315;03-11;51;67;118;SEC_315
2006;244;35-49;89;91;180;SEC_244
1999;245;00-02;10;12;22;SEC_245
2015;607;16-17;5;8;13;SEC_607
2011;434;75 i +;58;23;81;SEC_434
1999;317;12-15;14;14;28;SEC_317
2010;626;35-49;103;104;207;SEC_626
2007;235;12-15;25;20;45;SEC_235
2001;213;12-15;27;14;41;SEC_213
2001;120;65-74;55;36;91;SEC_120
1997;524;75 i +;48;28;76;SEC_524
1995;218;75 i +;40;18;58;SEC_218
2007;116;75 i +;65;46;111;SEC_116
2000;436;35-49;72;80;152;SEC_436
2003;114;03-11;51;46;97;SEC_114
2001;523;00-02;13;10;23;SEC_523
1999;317;50-64;59;63;122;SEC_317
2009;511;65-74;43;27;70;SEC_511
2010;231;16-17;7;11;18;SEC_231
1999;105;35-49;173;137;310;SEC_105
2015;134;25-34;93;95;188;SEC_134
2000;442;50-64;64;56;120;SEC_442
2010;430;75 i +;54;30;84;SEC_430
2015;406;16-17;13;9;22;SEC_406
2013;217;25-34;113;149;262;SEC_217
2013;533;12-15;31;29;60;SEC_533
2003;240;18-24;39;40;79;SEC_240
2016;119;16-17;4;10;14;SEC_119
2004;525;12-15;10;14;24;SEC_525
2011;301;03-11;122;136;258;SEC_301
2003;244;50-64;56;41;97;SEC_244
2006;613;50-64;164;119;283;SEC_613
2004;434;50-64;45;46;91;SEC_434
1994;508;65-74;39;36;75;SEC_508
2004;441;03-11;66;48;114;SEC_441
2000;310;16-17;11;10;21;SEC_310
1998;213;03-11;26;29;55;SEC_213
2008;104;50-64;75;55;130;SEC_104
1998;409;00-02;2;12;14;SEC_409
1994;508;75 i +;20;10;30;SEC_508
2004;407;18-24;37;55;92;SEC_407
2003;212;03-11;40;61;101;SEC_212
2016;508;16-17;11;13;24;SEC_508
2006;135;65-74;75;59;134;SEC_135
2002;118;12-15;45;31;76;SEC_118
2011;223;12-15;26;18;44;SEC_223
2008;303;03-11;45;51;96;SEC_303
2006;124;16-17;9;9;18;SEC_124
2005;245;75 i +;67;30;97;SEC_245
2006;219;18-24;50;56;106;SEC_219
2005;111;16-17;9;9;18;SEC_111
2013;621;00-02;20;18;38;SEC_621
1994;433;12-15;23;19;42;SEC_433
2006;427;75 i +;54;42;96;SEC_427
2013;205;00-02;13;7;20;SEC_205
2009;503;00-02;10;8;18;SEC_503
1999;318;03-11;45;45;90;SEC_318
1995;106;50-64;116;125;241;SEC_106
1995;203;25-34;55;57;112;SEC_203
2006;510;16-17;7;11;18;SEC_510
2003;520;03-11;25;31;56;SEC_520
2007;324;65-74;35;36;71;SEC_324
2000;240;65-74;63;46;109;SEC_240
2014;608;03-11;51;46;97;SEC_608
2012;218;18-24;37;29;66;SEC_218
1998;232;16-17;9;7;16;SEC_232
1996;439;18-24;49;47;96;SEC_439
2014;134;35-49;183;164;347;SEC_134
2014;627;75 i +;48;33;81;SEC_627
2002;431;00-02;22;26;48;SEC_431
2010;121;50-64;44;47;91;SEC_121
2012;139;25-34;68;72;140;SEC_139
2010;108;75 i +;116;73;189;SEC_108
1997;206;50-64;103;86;189;SEC_206
2003;537;18-24;64;73;137;SEC_537
2003;310;25-34;92;115;207;SEC_310
2012;209;18-24;40;49;89;SEC_209
1999;440;50-64;167;150;317;SEC_440
2004;630;65-74;31;30;61;SEC_630
1995;219;12-15;12;30;42;SEC_219
2010;216;03-11;53;41;94;SEC_216
2011;513;03-11;34;29;63;SEC_513
2003;122;16-17;5;8;13;SEC_122
2007;416;12-15;18;16;34;SEC_416
2013;135;16-17;13;10;23;SEC_135
1994;139;25-34;64;82;146;SEC_139
2001;245;00-02;18;6;24;SEC_245
2004;322;16-17;10;11;21;SEC_322
1994;512;25-34;73;82;155;SEC_512
2013;239;65-74;52;40;92;SEC_239
2009;218;12-15;18;8;26;SEC_218
2000;225;25-34;30;42;72;SEC_225
2001;128;35-49;94;90;184;SEC_128
2006;430;00-02;21;18;39;SEC_430
1995;616;75 i +;21;15;36;SEC_616
2008;314;00-02;28;30;58;SEC_314
1999;210;25-34;62;66;128;SEC_210
2007;128;50-64;100;76;176;SEC_128
2003;508;65-74;38;32;70;SEC_508
1999;532;65-74;84;75;159;SEC_532
2001;610;16-17;8;11;19;SEC_610
2009;107;25-34;143;164;307;SEC_107
1995;418;35-49;104;107;211;SEC_418
1999;204;25-34;48;40;88;SEC_204
2003;437;12-15;11;21;32;SEC_437
1997;502;18-24;94;126;220;SEC_502
2012;530;35-49;190;211;401;SEC_530
2008;115;18-24;39;50;89;SEC_115
1995;627;18-24;93;100;193;SEC_627
2015;618;16-17;12;19;31;SEC_618
1995;521;75 i +;30;13;43;SEC_521
2005;114;50-64;189;167;356;SEC_114
2001;132;03-11;64;81;145;SEC_132
1998;221;65-74;65;67;132;SEC_221
2014;308;03-11;100;102;202;SEC_308
2012;120;65-74;68;67;135;SEC_120
2007;234;50-64;57;51;108;SEC_234
2009;313;12-15;26;26;52;SEC_313
2012;524;18-24;55;62;117;SEC_524
2005;121;50-64;38;44;82;SEC_121
2016;631;03-11;44;49;93;SEC_631
2012;628;03-11;45;44;89;SEC_628
2011;433;75 i +;43;24;67;SEC_433
2006;202;50-64;61;63;124;SEC_202
1997;124;16-17;11;14;25;SEC_124
2004;529;75 i +;77;48;125;SEC_529
2007;608;50-64;83;65;148;SEC_608
2007;307;18-24;48;56;104;SEC_307
1996;417;12-15;11;16;27;SEC_417
2002;617;75 i +;26;24;50;SEC_617
2013;302;12-15;12;18;30;SEC_302
2002;509;25-34;63;84;147;SEC_509
1997;116;16-17;24;22;46;SEC_116
2005;511;12-15;12;11;23;SEC_511
2007;122;18-24;34;15;49;SEC_122
2006;530;25-34;124;163;287;SEC_530
2001;315;03-11;52;57;109;SEC_315
2002;120;12-15;41;43;84;SEC_120
1996;503;00-02;4;15;19;SEC_503
2014;513;65-74;64;44;108;SEC_513
2001;222;35-49;81;71;152;SEC_222
2015;125;03-11;83;73;156;SEC_125
2002;301;18-24;95;111;206;SEC_301
2016;419;03-11;68;115;183;SEC_419
2011;117;65-74;93;90;183;SEC_117
2008;121;16-17;10;6;16;SEC_121
2010;401;75 i +;94;45;139;SEC_401
2013;113;18-24;49;59;108;SEC_113
2014;105;50-64;143;109;252;SEC_105
2003;317;12-15;13;19;32;SEC_317
2006;215;65-74;50;29;79;SEC_215
2002;616;16-17;39;52;91;SEC_616
2004;248;25-34;111;125;236;SEC_248
2009;108;65-74;59;47;106;SEC_108
1997;421;16-17;15;12;27;SEC_421
1995;322;50-64;109;102;211;SEC_322
1994;244;25-34;50;57;107;SEC_244
2004;122;12-15;14;7;21;SEC_122
2015;535;25-34;47;43;90;SEC_535
2010;422;25-34;100;126;226;SEC_422
2011;321;03-11;83;87;170;SEC_321
2003;629;75 i +;27;14;41;SEC_629
2003;510;03-11;38;44;82;SEC_510
2001;502;18-24;100;82;182;SEC_502
1999;112;65-74;52;51;103;SEC_112
2001;442;00-02;8;4;12;SEC_442
2013;507;16-17;3;11;14;SEC_507
2004;614;12-15;11;17;28;SEC_614
2013;130;03-11;48;35;83;SEC_130
1994;512;35-49;60;71;131;SEC_512
2009;504;75 i +;71;55;126;SEC_504
2011;240;12-15;12;13;25;SEC_240
2002;132;18-24;110;131;241;SEC_132
2009;419;35-49;116;157;273;SEC_419
2009;406;25-34;132;129;261;SEC_406
2006;209;50-64;70;64;134;SEC_209
1996;236;16-17;12;4;16;SEC_236
2001;222;18-24;45;61;106;SEC_222
2004;303;12-15;17;18;35;SEC_303
2007;536;25-34;74;80;154;SEC_536
1998;515;50-64;48;56;104;SEC_515
2003;123;35-49;137;149;286;SEC_123
2012;238;03-11;30;33;63;SEC_238
2014;425;35-49;129;140;269;SEC_425
2003;407;18-24;39;46;85;SEC_407
2011;618;65-74;40;44;84;SEC_618
2006;110;18-24;68;48;116;SEC_110
2009;214;50-64;48;51;99;SEC_214
2015;427;25-34;140;129;269;SEC_427
1995;104;65-74;69;49;118;SEC_104
2004;414;12-15;14;15;29;SEC_414
1997;323;18-24;198;190;388;SEC_323
2004;235;65-74;85;68;153;SEC_235
2013;518;25-34;69;65;134;SEC_518
1994;501;12-15;51;59;110;SEC_501
1995;606;00-02;12;8;20;SEC_606
2015;243;35-49;215;202;417;SEC_243
1995;213;35-49;99;99;198;SEC_213
2002;125;00-02;18;20;38;SEC_125
2012;414;18-24;37;29;66;SEC_414
2001;606;00-02;13;19;32;SEC_606
2007;137;75 i +;55;26;81;SEC_137
2001;227;75 i +;46;27;73;SEC_227
2001;112;03-11;63;72;135;SEC_112
2005;301;25-34;296;287;583;SEC_301
2002;303;00-02;21;18;39;SEC_303
2003;104;35-49;81;103;184;SEC_104
2010;207;12-15;9;10;19;SEC_207
2003;108;75 i +;89;52;141;SEC_108
1994;536;18-24;61;66;127;SEC_536
2012;213;35-49;119;111;230;SEC_213
2012;407;35-49;117;133;250;SEC_407
2013;323;65-74;75;85;160;SEC_323
2015;327;12-15;25;24;49;SEC_327
2004;534;12-15;13;7;20;SEC_534
1995;216;16-17;20;19;39;SEC_216
2007;318;50-64;97;99;196;SEC_318
1994;314;18-24;117;118;235;SEC_314
2005;131;35-49;145;152;297;SEC_131
2006;536;00-02;10;11;21;SEC_536
2014;239;35-49;138;147;285;SEC_239
2003;632;00-02;19;15;34;SEC_632
1998;124;35-49;109;91;200;SEC_124
1997;616;25-34;135;146;281;SEC_616
2002;613;50-64;189;168;357;SEC_613
2003;211;00-02;18;18;36;SEC_211
1994;223;35-49;97;100;197;SEC_223
2014;433;65-74;62;45;107;SEC_433
2009;505;25-34;94;94;188;SEC_505
2015;212;50-64;114;106;220;SEC_212
1994;323;50-64;127;142;269;SEC_323
2004;312;35-49;175;220;395;SEC_312
2008;519;65-74;38;26;64;SEC_519
2011;602;50-64;35;29;64;SEC_602
2009;405;16-17;5;5;10;SEC_405
2009;538;25-34;112;119;231;SEC_538
2003;438;03-11;28;32;60;SEC_438
2010;442;00-02;8;10;18;SEC_442
1995;205;25-34;69;62;131;SEC_205
1994;230;03-11;17;23;40;SEC_230
2014;320;03-11;75;73;148;SEC_320
2009;112;00-02;18;21;39;SEC_112
2016;249;00-02;14;11;25;SEC_249
2004;531;00-02;14;11;25;SEC_531
1997;209;35-49;79;86;165;SEC_209
2016;503;65-74;54;69;123;SEC_503
2000;513;25-34;62;64;126;SEC_513
1998;133;18-24;55;61;116;SEC_133
1999;527;16-17;13;6;19;SEC_527
2008;140;16-17;4;9;13;SEC_140
2013;403;18-24;30;40;70;SEC_403
2011;423;03-11;45;35;80;SEC_423
2006;627;25-34;88;75;163;SEC_627
2011;515;35-49;82;95;177;SEC_515
2007;217;25-34;73;91;164;SEC_217
2000;613;50-64;205;186;391;SEC_613
2007;208;00-02;14;16;30;SEC_208
2008;519;12-15;8;9;17;SEC_519
1996;233;35-49;53;53;106;SEC_233
1999;601;03-11;45;48;93;SEC_601
2003;217;12-15;9;10;19;SEC_217
2003;118;03-11;65;67;132;SEC_118
2002;132;03-11;68;84;152;SEC_132
2006;249;00-02;23;23;46;SEC_249
1995;513;18-24;45;47;92;SEC_513
1998;226;50-64;93;90;183;SEC_226
2002;503;75 i +;30;13;43;SEC_503
2003;316;35-49;312;247;559;SEC_316
2001;241;75 i +;51;33;84;SEC_241
2008;308;50-64;212;197;409;SEC_308
1996;630;16-17;20;34;54;SEC_630
2015;134;35-49;174;165;339;SEC_134
2003;416;18-24;35;35;70;SEC_416
1995;424;50-64;71;71;142;SEC_424
1999;228;65-74;44;36;80;SEC_228
1998;436;03-11;23;28;51;SEC_436
2001;521;75 i +;41;26;67;SEC_521
2006;311;12-15;12;23;35;SEC_311
2001;501;75 i +;19;11;30;SEC_501
2001;526;00-02;6;9;15;SEC_526
2011;244;75 i +;53;30;83;SEC_244
2005;246;50-64;72;61;133;SEC_246
2011;115;65-74;50;62;112;SEC_115
2010;436;35-49;120;162;282;SEC_436
1998;629;75 i +;24;10;34;SEC_629
2004;615;75 i +;21;15;36;SEC_615
2006;225;16-17;4;4;8;SEC_225
1997;522;50-64;68;66;134;SEC_522
2002;121;25-34;78;77;155;SEC_121
2004;408;50-64;79;61;140;SEC_408
2015;136;65-74;60;63;123;SEC_136
2013;247;12-15;26;22;48;SEC_247
1998;406;18-24;92;98;190;SEC_406
2008;432;16-17;20;15;35;SEC_432
2011;241;18-24;44;35;79;SEC_241
1996;306;65-74;101;76;177;SEC_306
2007;534;16-17;5;6;11;SEC_534
2005;411;12-15;15;11;26;SEC_411
2015;131;75 i +;70;63;133;SEC_131
2003;433;25-34;117;112;229;SEC_433
1996;601;35-49;149;148;297;SEC_601
2007;130;65-74;81;55;136;SEC_130
2013;425;16-17;9;10;19;SEC_425
1995;214;25-34;68;65;133;SEC_214
1996;604;00-02;14;14;28;SEC_604
1994;512;50-64;112;112;224;SEC_512
1998;108;03-11;48;44;92;SEC_108
2006;104;75 i +;77;41;118;SEC_104
2001;245;25-34;98;100;198;SEC_245
2010;122;35-49;111;108;219;SEC_122
2008;123;25-34;101;93;194;SEC_123
2007;113;16-17;13;16;29;SEC_113
2014;609;16-17;13;4;17;SEC_609
2010;431;25-34;146;190;336;SEC_431
2013;613;18-24;27;38;65;SEC_613
1999;235;16-17;10;7;17;SEC_235
2001;631;12-15;12;8;20;SEC_631
1999;311;18-24;70;77;147;SEC_311
1994;112;03-11;67;66;133;SEC_112
2010;104;25-34;60;62;122;SEC_104
1996;603;16-17;9;12;21;SEC_603
1994;126;25-34;84;95;179;SEC_126
1996;611;50-64;226;232;458;SEC_611
1998;101;12-15;33;35;68;SEC_101
2009;626;65-74;63;50;113;SEC_626
2000;131;03-11;45;49;94;SEC_131
2011;127;75 i +;48;34;82;SEC_127
2000;428;03-11;17;15;32;SEC_428
2005;302;18-24;51;60;111;SEC_302
2009;307;18-24;47;64;111;SEC_307
2004;413;00-02;5;6;11;SEC_413
1996;406;12-15;33;35;68;SEC_406
2015;240;65-74;58;36;94;SEC_240
2000;135;65-74;61;54;115;SEC_135
2010;532;03-11;66;59;125;SEC_532
2009;612;00-02;14;21;35;SEC_612
2010;108;35-49;207;172;379;SEC_108
2003;438;12-15;18;14;32;SEC_438
2004;120;00-02;15;25;40;SEC_120
2006;209;12-15;10;15;25;SEC_209
2007;124;65-74;35;35;70;SEC_124
1998;412;35-49;179;180;359;SEC_412
2010;115;50-64;135;128;263;SEC_115
1996;421;00-02;9;11;20;SEC_421
1995;413;00-02;10;9;19;SEC_413
2007;129;16-17;6;9;15;SEC_129
1996;501;35-49;168;133;301;SEC_501
2011;207;50-64;75;62;137;SEC_207
1994;308;50-64;141;139;280;SEC_308
2016;224;35-49;157;149;306;SEC_224
2002;626;25-34;83;108;191;SEC_626
1995;240;16-17;12;9;21;SEC_240
1995;434;65-74;68;47;115;SEC_434
1997;516;12-15;14;3;17;SEC_516
2004;116;65-74;61;70;131;SEC_116
2016;317;03-11;64;60;124;SEC_317
1994;537;50-64;146;136;282;SEC_537
1998;231;65-74;89;73;162;SEC_231
2015;531;18-24;45;41;86;SEC_531
2015;213;18-24;32;36;68;SEC_213
1998;608;35-49;91;89;180;SEC_608
2004;236;35-49;127;134;261;SEC_236
1998;232;00-02;11;7;18;SEC_232
1998;603;65-74;24;23;47;SEC_603
2011;106;03-11;72;58;130;SEC_106
2007;506;00-02;18;22;40;SEC_506
1998;131;25-34;125;122;247;SEC_131
1998;414;25-34;83;73;156;SEC_414
1998;412;75 i +;49;32;81;SEC_412
2007;131;12-15;16;24;40;SEC_131
2005;505;16-17;6;4;10;SEC_505
2013;411;03-11;32;27;59;SEC_411
2002;508;12-15;13;6;19;SEC_508
1999;115;18-24;68;89;157;SEC_115
2015;531;12-15;19;8;27;SEC_531
1996;613;12-15;16;19;35;SEC_613
2004;601;18-24;54;66;120;SEC_601
2010;503;25-34;72;70;142;SEC_503
2002;214;50-64;60;46;106;SEC_214
2014;430;65-74;39;30;69;SEC_430
1999;517;50-64;94;90;184;SEC_517
2009;612;75 i +;53;39;92;SEC_612
2006;128;25-34;94;98;192;SEC_128
2014;409;00-02;34;26;60;SEC_409
2016;243;18-24;54;80;134;SEC_243
2016;102;18-24;47;49;96;SEC_102
2007;618;16-17;4;7;11;SEC_618
2012;626;50-64;84;73;157;SEC_626
1997;510;35-49;83;91;174;SEC_510
2009;442;75 i +;28;18;46;SEC_442
2000;221;00-02;14;13;27;SEC_221
2001;626;00-02;8;15;23;SEC_626
2008;217;12-15;15;14;29;SEC_217
2014;326;03-11;54;49;103;SEC_326
2014;630;75 i +;41;27;68;SEC_630
2010;428;00-02;17;11;28;SEC_428
2001;106;03-11;58;64;122;SEC_106
2003;234;75 i +;76;38;114;SEC_234
1995;534;12-15;16;21;37;SEC_534
2011;319;25-34;138;153;291;SEC_319
2001;208;03-11;43;41;84;SEC_208
1997;324;16-17;5;4;9;SEC_324
1996;407;00-02;7;12;19;SEC_407
2006;538;65-74;81;68;149;SEC_538
1994;244;75 i +;37;20;57;SEC_244
2000;312;16-17;12;13;25;SEC_312
2004;222;25-34;91;132;223;SEC_222
2010;247;50-64;104;90;194;SEC_247
2000;429;00-02;4;6;10;SEC_429
2002;226;03-11;28;40;68;SEC_226
1996;324;18-24;35;63;98;SEC_324
2011;234;03-11;27;41;68;SEC_234
1998;629;50-64;67;58;125;SEC_629
2010;306;12-15;28;34;62;SEC_306
2013;416;65-74;74;46;120;SEC_416
2009;623;65-74;90;89;179;SEC_623
2012;241;25-34;64;59;123;SEC_241
2010;423;16-17;13;8;21;SEC_423
2007;114;00-02;12;20;32;SEC_114
2007;413;18-24;26;28;54;SEC_413
2008;437;50-64;72;51;123;SEC_437
2003;502;00-02;14;18;32;SEC_502
1998;427;75 i +;41;32;73;SEC_427
2011;140;03-11;35;45;80;SEC_140
2009;223;03-11;47;47;94;SEC_223
2002;501;12-15;19;13;32;SEC_501
2004;315;50-64;130;147;277;SEC_315
2010;511;35-49;98;100;198;SEC_511
2005;234;50-64;60;51;111;SEC_234
1999;604;25-34;65;89;154;SEC_604
2008;244;16-17;8;3;11;SEC_244
1996;607;00-02;11;4;15;SEC_607
2003;410;25-34;136;171;307;SEC_410
2000;303;65-74;111;115;226;SEC_303
2010;410;03-11;57;78;135;SEC_410
2003;518;50-64;106;71;177;SEC_518
1998;140;65-74;59;55;114;SEC_140
2002;323;65-74;77;56;133;SEC_323
2003;606;18-24;48;40;88;SEC_606
2003;216;12-15;9;18;27;SEC_216
1997;110;65-74;54;49;103;SEC_110
2005;216;00-02;28;18;46;SEC_216
2003;132;75 i +;71;35;106;SEC_132
2009;407;75 i +;83;55;138;SEC_407
2014;302;12-15;11;20;31;SEC_302
2001;208;16-17;20;22;42;SEC_208
2000;229;35-49;62;54;116;SEC_229
2011;529;25-34;116;99;215;SEC_529
2005;233;12-15;11;13;24;SEC_233
2005;415;03-11;29;30;59;SEC_415
2016;214;75 i +;118;66;184;SEC_214
2013;113;12-15;14;25;39;SEC_113
2006;609;12-15;10;11;21;SEC_609
2002;441;03-11;61;48;109;SEC_441
2010;435;25-34;119;131;250;SEC_435
2012;108;16-17;9;10;19;SEC_108
2009;506;35-49;191;187;378;SEC_506
2001;435;03-11;25;29;54;SEC_435
1999;415;12-15;9;11;20;SEC_415
2014;242;65-74;67;49;116;SEC_242
2003;503;00-02;8;8;16;SEC_503
1994;218;25-34;55;51;106;SEC_218
2013;110;65-74;101;92;193;SEC_110
2012;319;50-64;151;123;274;SEC_319
2012;601;00-02;22;12;34;SEC_601
1996;433;18-24;53;64;117;SEC_433
2012;410;00-02;19;20;39;SEC_410
2008;621;65-74;52;66;118;SEC_621
2013;419;18-24;89;95;184;SEC_419
1994;249;16-17;9;19;28;SEC_249
1998;419;25-34;78;88;166;SEC_419
1999;616;25-34;212;233;445;SEC_616
2003;230;03-11;37;40;77;SEC_230
2007;431;16-17;12;19;31;SEC_431
1999;138;75 i +;19;12;31;SEC_138
2000;209;03-11;20;37;57;SEC_209
1994;140;25-34;73;77;150;SEC_140
2007;126;00-02;8;14;22;SEC_126
1998;108;50-64;112;102;214;SEC_108
2000;101;65-74;35;48;83;SEC_101
2005;312;50-64;183;145;328;SEC_312
1996;112;50-64;125;112;237;SEC_112
2016;105;03-11;47;57;104;SEC_105
2009;215;03-11;34;39;73;SEC_215
2016;247;50-64;127;108;235;SEC_247
2001;606;16-17;5;6;11;SEC_606
1997;402;03-11;19;20;39;SEC_402
2013;231;50-64;81;67;148;SEC_231
1998;217;18-24;20;21;41;SEC_217
2008;305;25-34;111;140;251;SEC_305
2009;440;00-02;7;20;27;SEC_440
2001;416;50-64;71;54;125;SEC_416
1996;218;65-74;44;32;76;SEC_218
2001;431;00-02;20;16;36;SEC_431
1994;133;25-34;66;73;139;SEC_133
1998;506;12-15;38;44;82;SEC_506
2009;404;16-17;12;16;28;SEC_404
1996;221;25-34;97;93;190;SEC_221
2006;240;03-11;23;30;53;SEC_240
2004;407;16-17;7;11;18;SEC_407
1999;207;75 i +;55;33;88;SEC_207
1994;438;75 i +;29;16;45;SEC_438
2016;135;75 i +;82;56;138;SEC_135
2012;532;50-64;99;72;171;SEC_532
2000;323;00-02;54;40;94;SEC_323
1999;427;03-11;16;29;45;SEC_427
1998;224;65-74;40;36;76;SEC_224
2014;233;12-15;12;22;34;SEC_233
2000;138;75 i +;19;13;32;SEC_138
2003;622;50-64;89;87;176;SEC_622
2000;220;00-02;7;10;17;SEC_220
1999;434;50-64;40;42;82;SEC_434
2005;140;16-17;6;6;12;SEC_140
2015;231;35-49;172;178;350;SEC_231
2007;519;00-02;12;15;27;SEC_519
2001;238;16-17;5;7;12;SEC_238
1996;607;12-15;18;21;39;SEC_607
1999;528;25-34;117;118;235;SEC_528
2009;233;12-15;13;21;34;SEC_233
2001;615;65-74;43;43;86;SEC_615
2016;412;50-64;162;132;294;SEC_412
2008;433;03-11;53;54;107;SEC_433
2011;227;03-11;32;18;50;SEC_227
2013;501;35-49;118;114;232;SEC_501
2008;222;16-17;10;18;28;SEC_222
1994;139;12-15;28;26;54;SEC_139
1998;432;75 i +;31;27;58;SEC_432
2014;627;00-02;6;17;23;SEC_627
2014;125;25-34;99;105;204;SEC_125
2013;209;03-11;25;40;65;SEC_209
2005;113;16-17;22;13;35;SEC_113
1994;441;03-11;146;132;278;SEC_441
2002;213;75 i +;39;19;58;SEC_213
2000;523;75 i +;82;35;117;SEC_523
2014;437;12-15;33;36;69;SEC_437
2004;620;25-34;45;40;85;SEC_620
2009;418;03-11;63;55;118;SEC_418
2006;402;00-02;10;10;20;SEC_402
2003;244;75 i +;45;33;78;SEC_244
1995;409;12-15;24;20;44;SEC_409
2003;402;16-17;5;9;14;SEC_402
2010;515;18-24;30;37;67;SEC_515
1997;416;03-11;19;23;42;SEC_416
2001;236;12-15;19;17;36;SEC_236
2002;313;16-17;18;20;38;SEC_313
2000;413;25-34;44;57;101;SEC_413
2007;217;50-64;37;47;84;SEC_217
2014;418;25-34;77;107;184;SEC_418
1995;433;75 i +;36;21;57;SEC_433
1999;439;18-24;40;40;80;SEC_439
2011;613;65-74;126;119;245;SEC_613
1995;126;75 i +;36;15;51;SEC_126
2006;215;35-49;129;116;245;SEC_215
2005;429;00-02;4;8;12;SEC_429
2011;116;50-64;153;126;279;SEC_116
2004;242;18-24;45;48;93;SEC_242
2004;425;03-11;25;31;56;SEC_425
2000;313;03-11;76;53;129;SEC_313
2011;308;16-17;18;21;39;SEC_308
2009;128;75 i +;50;32;82;SEC_128
2009;629;35-49;57;67;124;SEC_629
2002;103;03-11;29;28;57;SEC_103
1999;419;65-74;37;36;73;SEC_419
1997;615;65-74;33;25;58;SEC_615
2000;502;35-49;149;135;284;SEC_502
1996;604;75 i +;19;11;30;SEC_604
1999;126;65-74;70;48;118;SEC_126
1999;429;75 i +;32;27;59;SEC_429
2003;620;50-64;81;75;156;SEC_620
2008;619;16-17;6;9;15;SEC_619
2012;406;35-49;133;161;294;SEC_406
1996;526;03-11;22;31;53;SEC_526
1998;609;00-02;7;8;15;SEC_609
1997;236;35-49;86;80;166;SEC_236
2015;223;18-24;62;51;113;SEC_223
2013;410;35-49;192;162;354;SEC_410
2002;224;18-24;26;28;54;SEC_224
1998;408;65-74;47;48;95;SEC_408
2006;417;18-24;40;31;71;SEC_417
1997;537;18-24;76;76;152;SEC_537
2004;315;65-74;58;43;101;SEC_315
2016;501;03-11;19;35;54;SEC_501
2012;243;25-34;123;101;224;SEC_243
1995;622;35-49;118;119;237;SEC_622
2006;140;18-24;37;39;76;SEC_140
2015;106;18-24;44;50;94;SEC_106
2011;129;03-11;39;54;93;SEC_129
2010;623;75 i +;61;33;94;SEC_623
1994;425;00-02;14;8;22;SEC_425
2008;413;35-49;70;92;162;SEC_413
2016;129;50-64;88;83;171;SEC_129
2013;125;18-24;49;50;99;SEC_125
2007;510;65-74;65;47;112;SEC_510
1995;402;16-17;11;13;24;SEC_402
2001;406;50-64;123;120;243;SEC_406
1998;209;25-34;76;91;167;SEC_209
2006;102;75 i +;81;49;130;SEC_102
2012;318;50-64;103;106;209;SEC_318
1996;516;18-24;46;33;79;SEC_516
2015;234;18-24;38;38;76;SEC_234
2006;631;18-24;34;25;59;SEC_631
2009;437;03-11;35;33;68;SEC_437
1995;207;25-34;53;51;104;SEC_207
2001;433;75 i +;49;20;69;SEC_433
2009;129;35-49;133;149;282;SEC_129
1995;620;03-11;28;25;53;SEC_620
2007;242;50-64;93;92;185;SEC_242
2005;605;00-02;5;7;12;SEC_605
2009;248;00-02;17;20;37;SEC_248
2002;520;65-74;54;55;109;SEC_520
2016;201;65-74;49;31;80;SEC_201
2007;537;03-11;48;41;89;SEC_537
1999;537;03-11;44;28;72;SEC_537
2015;102;25-34;71;58;129;SEC_102
1994;501;65-74;16;18;34;SEC_501
2005;420;00-02;28;25;53;SEC_420
1997;101;65-74;33;37;70;SEC_101
2001;318;00-02;13;16;29;SEC_318
1994;214;65-74;41;35;76;SEC_214
1998;133;65-74;54;50;104;SEC_133
2001;626;35-49;96;93;189;SEC_626
2011;628;35-49;104;96;200;SEC_628
1994;303;25-34;127;154;281;SEC_303
2009;234;75 i +;79;45;124;SEC_234
2004;414;03-11;39;36;75;SEC_414
2012;617;65-74;64;39;103;SEC_617
2007;631;65-74;61;56;117;SEC_631
2001;617;18-24;50;69;119;SEC_617
2013;423;35-49;112;117;229;SEC_423
2009;223;75 i +;65;43;108;SEC_223
2013;632;12-15;28;16;44;SEC_632
2005;407;03-11;36;33;69;SEC_407
1998;441;03-11;100;77;177;SEC_441
2012;126;25-34;70;57;127;SEC_126
1998;625;18-24;112;126;238;SEC_625
1994;614;12-15;25;32;57;SEC_614
2006;323;18-24;123;134;257;SEC_323
1994;139;75 i +;24;7;31;SEC_139
2016;245;18-24;56;47;103;SEC_245
2005;623;65-74;60;71;131;SEC_623
2001;203;16-17;2;10;12;SEC_203
2004;122;65-74;56;61;117;SEC_122
2009;245;65-74;53;37;90;SEC_245
1998;140;03-11;16;16;32;SEC_140
2000;535;65-74;41;37;78;SEC_535
2012;425;03-11;33;50;83;SEC_425
1998;222;16-17;11;12;23;SEC_222
1995;306;75 i +;57;32;89;SEC_306
2007;118;00-02;30;26;56;SEC_118
2002;136;25-34;101;113;214;SEC_136
1996;140;50-64;131;116;247;SEC_140
2001;418;35-49;98;122;220;SEC_418
2000;527;25-34;84;92;176;SEC_527
2006;442;03-11;27;23;50;SEC_442
2010;238;25-34;73;93;166;SEC_238
2014;110;65-74;112;96;208;SEC_110
2003;204;50-64;35;41;76;SEC_204
2014;523;65-74;76;54;130;SEC_523
2016;128;50-64;79;82;161;SEC_128
1995;131;18-24;123;133;256;SEC_131
2013;125;75 i +;54;52;106;SEC_125
2001;434;50-64;43;44;87;SEC_434
2011;302;75 i +;71;37;108;SEC_302
1996;309;00-02;7;9;16;SEC_309
2006;509;65-74;41;39;80;SEC_509
2002;537;25-34;111;106;217;SEC_537
2009;228;03-11;26;29;55;SEC_228
2000;212;50-64;141;114;255;SEC_212
1998;516;03-11;16;19;35;SEC_516
2000;612;75 i +;45;22;67;SEC_612
2002;305;25-34;119;123;242;SEC_305
2000;133;75 i +;45;33;78;SEC_133
2005;215;00-02;6;12;18;SEC_215
2004;107;35-49;194;170;364;SEC_107
2002;617;65-74;61;51;112;SEC_617
1996;426;75 i +;53;27;80;SEC_426
2015;319;50-64;140;134;274;SEC_319
2010;314;03-11;80;93;173;SEC_314
1994;434;03-11;29;25;54;SEC_434
2011;308;35-49;274;247;521;SEC_308
2009;107;65-74;98;89;187;SEC_107
2010;108;50-64;137;125;262;SEC_108
1996;313;65-74;61;65;126;SEC_313
1998;622;25-34;86;94;180;SEC_622
2004;508;50-64;50;49;99;SEC_508
2001;608;25-34;74;97;171;SEC_608
2012;113;75 i +;62;41;103;SEC_113
1999;243;35-49;139;133;272;SEC_243
2001;112;75 i +;65;19;84;SEC_112
1997;419;16-17;4;14;18;SEC_419
2011;527;35-49;135;153;288;SEC_527
2007;430;16-17;5;8;13;SEC_430
2006;616;16-17;34;38;72;SEC_616
1996;233;12-15;8;7;15;SEC_233
1994;422;16-17;7;15;22;SEC_422
1995;505;65-74;45;40;85;SEC_505
2011;127;12-15;10;10;20;SEC_127
2007;605;12-15;9;3;12;SEC_605
1999;529;50-64;121;124;245;SEC_529
2005;243;25-34;138;126;264;SEC_243
2007;216;18-24;51;55;106;SEC_216
1995;615;18-24;103;124;227;SEC_615
1996;121;75 i +;38;20;58;SEC_121
2003;323;16-17;38;27;65;SEC_323
2016;212;75 i +;77;49;126;SEC_212
2013;419;50-64;115;145;260;SEC_419
2016;621;16-17;10;17;27;SEC_621
2009;426;35-49;158;156;314;SEC_426
2015;327;35-49;131;137;268;SEC_327
2008;245;65-74;55;42;97;SEC_245
2001;502;12-15;21;26;47;SEC_502
1998;307;50-64;160;143;303;SEC_307
1995;208;75 i +;95;58;153;SEC_208
2010;321;50-64;306;277;583;SEC_321
2007;210;50-64;86;78;164;SEC_210
2000;624;03-11;36;33;69;SEC_624
2006;504;50-64;129;92;221;SEC_504
2001;240;75 i +;42;22;64;SEC_240
2002;201;75 i +;42;17;59;SEC_201
2003;503;25-34;75;81;156;SEC_503
1994;128;50-64;92;100;192;SEC_128
2012;136;12-15;16;25;41;SEC_136
1996;229;75 i +;40;15;55;SEC_229
2009;617;00-02;16;18;34;SEC_617
2013;431;18-24;68;64;132;SEC_431
2008;213;50-64;79;87;166;SEC_213
1995;606;75 i +;30;12;42;SEC_606
2000;513;65-74;51;50;101;SEC_513
2001;442;03-11;22;23;45;SEC_442
2007;239;12-15;15;21;36;SEC_239
2000;205;18-24;44;44;88;SEC_205
2009;628;75 i +;46;39;85;SEC_628
2004;309;12-15;15;12;27;SEC_309
2007;239;75 i +;93;60;153;SEC_239
1994;421;65-74;62;43;105;SEC_421
2006;303;18-24;44;44;88;SEC_303
2008;530;03-11;45;50;95;SEC_530
2009;130;12-15;16;18;34;SEC_130
2000;518;03-11;30;26;56;SEC_518
1994;415;50-64;61;73;134;SEC_415
2014;232;18-24;39;42;81;SEC_232
2012;247;25-34;119;121;240;SEC_247
1997;615;75 i +;22;11;33;SEC_615
1994;503;75 i +;16;7;23;SEC_503
2015;116;00-02;22;12;34;SEC_116
2015;126;00-02;10;12;22;SEC_126
1998;431;03-11;33;41;74;SEC_431
2005;320;16-17;12;6;18;SEC_320
2013;412;03-11;53;56;109;SEC_412
2006;521;50-64;167;137;304;SEC_521
1994;112;35-49;203;207;410;SEC_112
2007;624;00-02;12;17;29;SEC_624
2006;507;00-02;16;12;28;SEC_507
1995;504;03-11;33;43;76;SEC_504
2010;123;18-24;43;36;79;SEC_123
2009;135;16-17;4;8;12;SEC_135
1998;201;75 i +;39;11;50;SEC_201
2001;316;50-64;205;227;432;SEC_316
2007;602;50-64;53;37;90;SEC_602
2011;534;25-34;77;86;163;SEC_534
2005;226;16-17;7;15;22;SEC_226
2002;406;65-74;84;79;163;SEC_406
2010;537;00-02;14;13;27;SEC_537
2001;428;25-34;53;63;116;SEC_428
2001;530;18-24;46;82;128;SEC_530
2001;425;65-74;75;62;137;SEC_425
2008;109;50-64;125;127;252;SEC_109
1996;314;75 i +;55;18;73;SEC_314
2006;110;03-11;32;34;66;SEC_110
1995;108;25-34;101;95;196;SEC_108
2001;424;25-34;35;65;100;SEC_424
2005;603;35-49;50;61;111;SEC_603
2003;509;25-34;67;88;155;SEC_509
2011;611;16-17;8;17;25;SEC_611
2003;309;00-02;11;16;27;SEC_309
2010;137;16-17;16;14;30;SEC_137
2002;421;25-34;113;114;227;SEC_421
2004;531;12-15;13;15;28;SEC_531
2014;416;25-34;97;110;207;SEC_416
2006;623;16-17;8;7;15;SEC_623
1998;113;65-74;49;35;84;SEC_113
2012;243;75 i +;110;71;181;SEC_243
1998;308;03-11;40;45;85;SEC_308
2001;108;50-64;103;102;205;SEC_108
2011;619;12-15;15;22;37;SEC_619
1996;140;03-11;19;19;38;SEC_140
2015;630;18-24;22;25;47;SEC_630
2009;536;12-15;15;16;31;SEC_536
1998;404;50-64;138;119;257;SEC_404
1999;228;03-11;20;18;38;SEC_228
2001;320;50-64;102;92;194;SEC_320
2015;610;00-02;10;12;22;SEC_610
1996;217;18-24;19;26;45;SEC_217
2003;514;75 i +;31;14;45;SEC_514
2010;127;18-24;39;35;74;SEC_127
2011;203;25-34;88;109;197;SEC_203
1994;442;12-15;12;15;27;SEC_442
2011;420;65-74;73;43;116;SEC_420
2008;240;50-64;61;39;100;SEC_240
2009;319;18-24;59;67;126;SEC_319
2002;131;50-64;171;185;356;SEC_131
2001;511;35-49;57;62;119;SEC_511
1999;514;25-34;54;52;106;SEC_514
2001;432;25-34;88;99;187;SEC_432
1999;211;75 i +;85;44;129;SEC_211
1998;529;03-11;20;35;55;SEC_529
2003;538;25-34;111;110;221;SEC_538
2006;325;18-24;57;58;115;SEC_325
2006;519;35-49;70;99;169;SEC_519
1997;602;50-64;94;86;180;SEC_602
2004;104;35-49;86;105;191;SEC_104
1999;517;25-34;99;99;198;SEC_517
2010;220;03-11;42;34;76;SEC_220
1998;624;03-11;36;38;74;SEC_624
2004;304;35-49;134;180;314;SEC_304
2014;211;00-02;14;25;39;SEC_211
2004;214;00-02;10;12;22;SEC_214
1995;216;50-64;150;123;273;SEC_216
2009;507;65-74;47;43;90;SEC_507
2005;124;16-17;9;8;17;SEC_124
2000;102;65-74;98;71;169;SEC_102
2002;205;16-17;6;8;14;SEC_205
2013;229;25-34;161;147;308;SEC_229
2010;325;25-34;117;144;261;SEC_325
2015;237;18-24;41;53;94;SEC_237
2002;601;65-74;66;75;141;SEC_601
2011;214;16-17;9;3;12;SEC_214
2001;530;35-49;119;130;249;SEC_530
1994;243;65-74;94;80;174;SEC_243
2004;436;35-49;92;111;203;SEC_436
1997;305;12-15;32;42;74;SEC_305
2009;501;16-17;10;7;17;SEC_501
1994;102;35-49;197;172;369;SEC_102
2013;242;12-15;14;15;29;SEC_242
2008;106;65-74;62;54;116;SEC_106
2013;506;00-02;24;20;44;SEC_506
1999;114;18-24;110;114;224;SEC_114
2003;246;03-11;35;45;80;SEC_246
2010;428;75 i +;36;24;60;SEC_428
1996;425;75 i +;44;22;66;SEC_425
1997;532;18-24;83;98;181;SEC_532
2014;427;18-24;70;84;154;SEC_427
2008;325;16-17;17;13;30;SEC_325
1995;101;75 i +;16;6;22;SEC_101
1995;409;18-24;45;55;100;SEC_409
2006;302;03-11;32;47;79;SEC_302
1995;404;50-64;160;142;302;SEC_404
1994;307;65-74;65;53;118;SEC_307
2000;139;12-15;11;15;26;SEC_139
2009;431;65-74;68;47;115;SEC_431
2012;526;03-11;23;25;48;SEC_526
2012;515;65-74;26;30;56;SEC_515
2007;322;00-02;39;16;55;SEC_322
2002;513;03-11;21;23;44;SEC_513
2000;529;25-34;100;98;198;SEC_529
2005;236;35-49;128;131;259;SEC_236
2006;210;65-74;65;53;118;SEC_210
2002;308;12-15;29;34;63;SEC_308
2015;228;00-02;32;27;59;SEC_228
2015;425;18-24;36;43;79;SEC_425
2011;134;16-17;13;19;32;SEC_134
2007;608;16-17;6;9;15;SEC_608
1996;624;75 i +;23;11;34;SEC_624
2006;432;16-17;12;13;25;SEC_432
2011;123;75 i +;98;63;161;SEC_123
2012;607;18-24;36;35;71;SEC_607
2008;135;25-34;129;145;274;SEC_135
2004;526;03-11;27;30;57;SEC_526
1994;623;12-15;58;71;129;SEC_623
2001;440;16-17;10;3;13;SEC_440
1997;229;16-17;2;7;9;SEC_229
2016;234;35-49;147;134;281;SEC_234
2004;325;50-64;203;184;387;SEC_325
2014;228;75 i +;133;83;216;SEC_228
2003;110;25-34;116;118;234;SEC_110
2001;534;18-24;44;56;100;SEC_534
1999;319;65-74;32;28;60;SEC_319
1994;415;25-34;66;59;125;SEC_415
2011;428;50-64;52;44;96;SEC_428
2011;303;16-17;6;9;15;SEC_303
2013;412;16-17;18;11;29;SEC_412
2001;324;16-17;11;9;20;SEC_324
1999;231;03-11;29;32;61;SEC_231
1997;420;18-24;65;71;136;SEC_420
2005;505;18-24;51;35;86;SEC_505
2010;116;65-74;96;88;184;SEC_116
2005;440;18-24;39;23;62;SEC_440
2007;106;25-34;168;186;354;SEC_106
2003;409;00-02;7;5;12;SEC_409
2008;128;16-17;8;13;21;SEC_128
2016;513;16-17;16;16;32;SEC_513
1995;531;03-11;33;32;65;SEC_531
2009;601;16-17;15;11;26;SEC_601
2011;312;18-24;63;55;118;SEC_312
2010;529;12-15;22;20;42;SEC_529
2014;243;12-15;21;28;49;SEC_243
2004;434;75 i +;60;25;85;SEC_434
2003;118;65-74;44;43;87;SEC_118
1996;416;00-02;12;6;18;SEC_416
2009;209;12-15;11;13;24;SEC_209
2000;414;25-34;75;73;148;SEC_414
2008;507;00-02;12;13;25;SEC_507
1994;307;16-17;35;39;74;SEC_307
1999;613;16-17;10;5;15;SEC_613
1997;107;50-64;188;194;382;SEC_107
2008;246;25-34;128;140;268;SEC_246
1998;442;35-49;56;56;112;SEC_442
2006;212;03-11;53;59;112;SEC_212
1999;409;75 i +;23;10;33;SEC_409
2012;217;75 i +;43;23;66;SEC_217
2011;236;65-74;63;41;104;SEC_236
2005;415;65-74;33;25;58;SEC_415
2012;442;03-11;30;20;50;SEC_442
2002;429;00-02;6;3;9;SEC_429
2011;409;25-34;65;56;121;SEC_409
2013;137;25-34;105;101;206;SEC_137
2004;107;03-11;54;54;108;SEC_107
2006;205;12-15;14;12;26;SEC_205
1995;630;18-24;80;76;156;SEC_630
2006;223;00-02;18;20;38;SEC_223
2012;114;03-11;50;71;121;SEC_114
2006;504;35-49;94;99;193;SEC_504
2003;313;03-11;65;63;128;SEC_313
2006;502;00-02;13;18;31;SEC_502
2003;604;75 i +;26;13;39;SEC_604
2009;528;25-34;126;146;272;SEC_528
2016;318;50-64;110;100;210;SEC_318
2006;114;75 i +;72;40;112;SEC_114
2003;512;35-49;87;100;187;SEC_512
2009;608;03-11;24;24;48;SEC_608
1996;628;50-64;127;147;274;SEC_628
2016;138;75 i +;49;37;86;SEC_138
1998;137;00-02;13;15;28;SEC_137
2011;114;35-49;174;200;374;SEC_114
2009;504;16-17;7;3;10;SEC_504
2007;518;50-64;88;65;153;SEC_518
2001;429;35-49;64;71;135;SEC_429
2013;630;12-15;14;16;30;SEC_630
1997;427;25-34;72;73;145;SEC_427
2010;611;03-11;86;92;178;SEC_611
2016;416;65-74;68;54;122;SEC_416
1997;627;75 i +;17;10;27;SEC_627
1997;629;00-02;4;12;16;SEC_629
2013;325;12-15;27;32;59;SEC_325
2000;209;50-64;85;67;152;SEC_209
2011;509;18-24;34;49;83;SEC_509
1999;311;35-49;125;108;233;SEC_311
1999;439;75 i +;42;21;63;SEC_439
2003;442;03-11;26;21;47;SEC_442
2004;526;35-49;74;91;165;SEC_526
1996;523;65-74;89;79;168;SEC_523
2016;303;00-02;23;23;46;SEC_303
2008;128;12-15;17;13;30;SEC_128
2002;127;50-64;54;49;103;SEC_127
2013;514;35-49;162;199;361;SEC_514
2009;203;00-02;9;10;19;SEC_203
2005;313;12-15;31;29;60;SEC_313
2000;232;25-34;91;83;174;SEC_232
1995;616;25-34;105;117;222;SEC_616
1997;104;25-34;64;87;151;SEC_104
2002;433;75 i +;46;22;68;SEC_433
2007;201;50-64;59;39;98;SEC_201
2005;137;35-49;163;156;319;SEC_137
1999;625;75 i +;16;8;24;SEC_625
2010;133;00-02;13;11;24;SEC_133
2004;311;12-15;13;24;37;SEC_311
2010;437;16-17;9;15;24;SEC_437
2011;433;35-49;148;173;321;SEC_433
2009;623;25-34;92;137;229;SEC_623
2006;520;75 i +;52;29;81;SEC_520
1995;248;35-49;97;85;182;SEC_248
2008;526;03-11;25;27;52;SEC_526
2006;620;35-49;63;57;120;SEC_620
2009;224;25-34;64;66;130;SEC_224
2006;426;16-17;7;2;9;SEC_426
2006;238;03-11;34;31;65;SEC_238
2003;412;16-17;16;21;37;SEC_412
2009;118;12-15;24;35;59;SEC_118
2015;601;00-02;19;31;50;SEC_601
2006;514;16-17;4;3;7;SEC_514
1994;431;35-49;129;136;265;SEC_431
1998;501;35-49;151;122;273;SEC_501
2014;309;65-74;44;42;86;SEC_309
1995;627;75 i +;17;13;30;SEC_627
2009;316;03-11;45;61;106;SEC_316
2004;607;12-15;19;13;32;SEC_607
1996;438;18-24;66;49;115;SEC_438
1996;433;00-02;17;12;29;SEC_433
1998;629;00-02;7;9;16;SEC_629
1995;236;12-15;20;18;38;SEC_236
1999;110;16-17;16;12;28;SEC_110
2009;536;03-11;38;35;73;SEC_536
1995;226;65-74;89;71;160;SEC_226
1997;616;16-17;49;47;96;SEC_616
1998;526;25-34;60;56;116;SEC_526
1998;606;35-49;87;97;184;SEC_606
1999;103;16-17;14;9;23;SEC_103
2001;521;35-49;94;79;173;SEC_521
2011;238;03-11;30;32;62;SEC_238
2009;226;35-49;147;151;298;SEC_226
1997;601;75 i +;66;23;89;SEC_601
2015;613;03-11;41;50;91;SEC_613
1994;416;50-64;101;101;202;SEC_416
2010;226;03-11;44;32;76;SEC_226
2003;106;16-17;21;15;36;SEC_106
2016;309;03-11;69;70;139;SEC_309
2004;423;03-11;36;31;67;SEC_423
1998;522;65-74;42;38;80;SEC_522
2004;530;75 i +;90;44;134;SEC_530
2002;205;00-02;9;4;13;SEC_205
2015;440;12-15;11;17;28;SEC_440
2009;415;25-34;106;116;222;SEC_415
2010;421;00-02;14;21;35;SEC_421
2009;527;03-11;63;53;116;SEC_527
2009;412;18-24;56;69;125;SEC_412
1994;423;65-74;56;34;90;SEC_423
2011;615;35-49;87;106;193;SEC_615
2006;603;25-34;56;59;115;SEC_603
2002;434;65-74;51;30;81;SEC_434
2009;627;12-15;10;15;25;SEC_627
2014;431;50-64;105;96;201;SEC_431
2012;513;18-24;25;23;48;SEC_513
2000;632;00-02;19;13;32;SEC_632
2004;411;16-17;6;2;8;SEC_411
2000;619;50-64;171;151;322;SEC_619
1998;221;03-11;42;50;92;SEC_221
2008;104;00-02;11;6;17;SEC_104
2006;533;18-24;62;44;106;SEC_533
1997;238;35-49;65;72;137;SEC_238
2000;304;18-24;50;53;103;SEC_304
2005;133;00-02;11;13;24;SEC_133
2001;137;12-15;28;23;51;SEC_137
1999;510;12-15;15;17;32;SEC_510
2008;106;75 i +;70;37;107;SEC_106
2007;627;75 i +;43;22;65;SEC_627
2002;503;18-24;55;62;117;SEC_503
1999;410;12-15;25;20;45;SEC_410
2010;304;25-34;260;243;503;SEC_304
2014;624;25-34;53;53;106;SEC_624
2005;239;12-15;13;16;29;SEC_239
1995;318;16-17;18;13;31;SEC_318
1996;612;18-24;101;116;217;SEC_612
1996;506;12-15;58;58;116;SEC_506
2002;113;16-17;18;14;32;SEC_113
1996;531;18-24;50;58;108;SEC_531
2016;107;18-24;35;51;86;SEC_107
2007;429;65-74;37;28;65;SEC_429
2000;248;75 i +;64;40;104;SEC_248
2006;205;03-11;30;27;57;SEC_205
1998;420;50-64;123;110;233;SEC_420
1995;522;18-24;47;50;97;SEC_522
2001;607;35-49;99;97;196;SEC_607
1995;433;25-34;101;105;206;SEC_433
2007;127;16-17;9;9;18;SEC_127
1998;628;75 i +;33;14;47;SEC_628
1997;125;00-02;9;9;18;SEC_125
2006;513;16-17;3;6;9;SEC_513
2011;408;50-64;76;77;153;SEC_408
2006;108;03-11;55;43;98;SEC_108
2010;614;65-74;72;76;148;SEC_614
2013;615;35-49;95;110;205;SEC_615
2016;535;35-49;91;91;182;SEC_535
2005;617;12-15;20;15;35;SEC_617
1996;435;18-24;60;56;116;SEC_435
1994;319;75 i +;32;18;50;SEC_319
2005;208;18-24;65;69;134;SEC_208
2002;412;16-17;20;19;39;SEC_412
2000;622;00-02;11;14;25;SEC_622
1997;526;18-24;33;48;81;SEC_526
2015;201;16-17;6;11;17;SEC_201
2010;419;25-34;71;79;150;SEC_419
1994;220;18-24;49;45;94;SEC_220
2004;304;12-15;15;19;34;SEC_304
2006;507;18-24;40;37;77;SEC_507
2014;327;12-15;19;19;38;SEC_327
2000;628;12-15;20;23;43;SEC_628
1994;605;65-74;32;23;55;SEC_605
2007;244;12-15;13;9;22;SEC_244
2010;414;65-74;48;47;95;SEC_414
2010;227;12-15;15;15;30;SEC_227
1996;405;16-17;10;8;18;SEC_405
2013;608;16-17;7;10;17;SEC_608
2011;530;03-11;46;66;112;SEC_530
2005;430;65-74;53;40;93;SEC_430
1998;627;12-15;36;32;68;SEC_627
2013;310;35-49;112;115;227;SEC_310
2007;119;65-74;57;57;114;SEC_119
2009;248;65-74;43;48;91;SEC_248
1994;525;18-24;51;63;114;SEC_525
2001;228;18-24;33;30;63;SEC_228
1997;129;35-49;96;104;200;SEC_129
2008;109;18-24;45;35;80;SEC_109
2016;117;16-17;19;14;33;SEC_117
2013;249;50-64;91;80;171;SEC_249
1994;214;35-49;58;62;120;SEC_214
2001;247;65-74;78;61;139;SEC_247
1999;305;18-24;75;75;150;SEC_305
2004;403;03-11;23;17;40;SEC_403
2010;128;03-11;31;40;71;SEC_128
1999;227;00-02;8;6;14;SEC_227
1996;240;00-02;3;7;10;SEC_240
2011;130;18-24;25;39;64;SEC_130
2012;204;35-49;85;86;171;SEC_204
1994;538;65-74;71;57;128;SEC_538
1999;309;12-15;11;9;20;SEC_309
2000;407;03-11;24;31;55;SEC_407
1994;532;75 i +;41;29;70;SEC_532
2016;302;03-11;50;41;91;SEC_302
1994;316;16-17;53;54;107;SEC_316
1997;605;03-11;13;13;26;SEC_605
2002;301;50-64;197;182;379;SEC_301
2011;615;18-24;22;24;46;SEC_615
2000;509;75 i +;38;16;54;SEC_509
2011;506;03-11;62;81;143;SEC_506
1996;624;03-11;36;43;79;SEC_624
2004;306;12-15;23;29;52;SEC_306
1996;232;03-11;33;27;60;SEC_232
2009;619;18-24;39;50;89;SEC_619
2009;220;03-11;35;35;70;SEC_220
2005;516;50-64;47;41;88;SEC_516
2012;118;50-64;218;182;400;SEC_118
1996;528;16-17;10;21;31;SEC_528
1998;319;25-34;57;65;122;SEC_319
2015;324;12-15;23;25;48;SEC_324
2003;241;18-24;36;26;62;SEC_241
1994;427;03-11;21;33;54;SEC_427
1995;433;50-64;94;99;193;SEC_433
2008;505;03-11;28;31;59;SEC_505
2012;436;65-74;29;24;53;SEC_436
1997;622;35-49;120;114;234;SEC_622
2014;314;50-64;281;261;542;SEC_314
2006;249;35-49;128;138;266;SEC_249
2000;429;75 i +;33;23;56;SEC_429
2000;244;35-49;67;76;143;SEC_244
2008;423;35-49;109;113;222;SEC_423
2013;606;35-49;132;136;268;SEC_606
2014;511;16-17;20;24;44;SEC_511
1999;209;12-15;10;9;19;SEC_209
2004;619;03-11;41;43;84;SEC_619
1999;244;50-64;54;46;100;SEC_244
1994;134;12-15;25;39;64;SEC_134
1995;126;25-34;78;102;180;SEC_126
2010;441;50-64;246;221;467;SEC_441
2001;308;03-11;55;57;112;SEC_308
2006;304;03-11;51;55;106;SEC_304
1996;605;18-24;53;70;123;SEC_605
2010;102;50-64;163;142;305;SEC_102
2008;133;50-64;101;81;182;SEC_133
2012;315;03-11;74;87;161;SEC_315
2015;114;75 i +;106;72;178;SEC_114
2014;137;65-74;83;73;156;SEC_137
2012;238;16-17;5;11;16;SEC_238
1994;236;50-64;125;128;253;SEC_236
2011;518;12-15;16;19;35;SEC_518
1994;245;50-64;111;104;215;SEC_245
1995;229;75 i +;42;19;61;SEC_229
2014;419;25-34;143;181;324;SEC_419
2008;302;65-74;66;62;128;SEC_302
1995;244;16-17;7;6;13;SEC_244
2010;429;16-17;2;8;10;SEC_429
2004;325;03-11;68;66;134;SEC_325
2000;434;75 i +;55;33;88;SEC_434
2010;248;00-02;15;23;38;SEC_248
2015;617;50-64;81;72;153;SEC_617
2008;427;50-64;65;61;126;SEC_427
2001;616;16-17;46;50;96;SEC_616
2009;237;35-49;173;197;370;SEC_237
2011;228;18-24;46;39;85;SEC_228
2006;405;50-64;66;58;124;SEC_405
1996;212;35-49;110;110;220;SEC_212
2014;419;35-49;234;306;540;SEC_419
2006;432;75 i +;59;39;98;SEC_432
2007;134;12-15;17;22;39;SEC_134
2001;404;50-64;126;103;229;SEC_404
2008;607;16-17;9;8;17;SEC_607
2005;507;16-17;9;4;13;SEC_507
2014;528;75 i +;67;55;122;SEC_528
2016;601;03-11;76;85;161;SEC_601
2010;319;75 i +;50;30;80;SEC_319
2016;242;75 i +;67;54;121;SEC_242
2009;248;25-34;111;111;222;SEC_248
2004;120;16-17;22;24;46;SEC_120
2006;517;75 i +;47;24;71;SEC_517
2009;608;75 i +;50;31;81;SEC_608
2001;438;03-11;22;26;48;SEC_438
2011;118;12-15;35;23;58;SEC_118
2004;129;00-02;14;18;32;SEC_129
1994;235;65-74;110;75;185;SEC_235
2016;305;16-17;14;13;27;SEC_305
2014;538;12-15;22;31;53;SEC_538
2009;515;12-15;8;16;24;SEC_515
2008;618;03-11;35;37;72;SEC_618
2007;616;18-24;125;130;255;SEC_616
2013;440;03-11;34;44;78;SEC_440
2004;123;65-74;63;64;127;SEC_123
2008;520;16-17;3;9;12;SEC_520
2009;402;25-34;85;83;168;SEC_402
2012;104;16-17;5;7;12;SEC_104
2001;406;00-02;9;14;23;SEC_406
2016;114;25-34;60;65;125;SEC_114
2011;223;25-34;118;107;225;SEC_223
2008;628;65-74;59;68;127;SEC_628
2012;241;50-64;82;71;153;SEC_241
2007;601;00-02;17;17;34;SEC_601
2012;235;18-24;68;47;115;SEC_235
1994;313;18-24;109;122;231;SEC_313
2016;324;18-24;32;40;72;SEC_324
2006;302;12-15;20;23;43;SEC_302
2010;414;50-64;71;57;128;SEC_414
2009;606;50-64;78;60;138;SEC_606
2003;236;16-17;12;11;23;SEC_236
2007;530;16-17;12;10;22;SEC_530
2009;517;12-15;18;21;39;SEC_517
2007;501;18-24;33;31;64;SEC_501
2006;525;50-64;68;65;133;SEC_525
2004;321;50-64;272;276;548;SEC_321
1998;128;12-15;18;18;36;SEC_128
2002;215;00-02;6;13;19;SEC_215
2016;615;35-49;99;101;200;SEC_615
2003;121;12-15;8;17;25;SEC_121
1999;523;65-74;88;74;162;SEC_523
2000;524;12-15;17;18;35;SEC_524
2006;506;12-15;32;44;76;SEC_506
2001;533;35-49;81;91;172;SEC_533
2015;607;18-24;30;34;64;SEC_607
1996;311;75 i +;73;37;110;SEC_311
2006;623;03-11;54;51;105;SEC_623
1996;220;50-64;82;77;159;SEC_220
1998;514;12-15;11;11;22;SEC_514
1995;525;18-24;50;62;112;SEC_525
2007;210;75 i +;98;53;151;SEC_210
2006;226;16-17;4;12;16;SEC_226
1999;603;00-02;8;3;11;SEC_603
2004;245;16-17;10;17;27;SEC_245
2014;104;50-64;79;69;148;SEC_104
2010;408;18-24;38;34;72;SEC_408
2012;614;35-49;102;116;218;SEC_614
2009;623;18-24;44;47;91;SEC_623
2015;132;50-64;239;216;455;SEC_132
1997;421;12-15;17;18;35;SEC_421
2016;602;50-64;91;105;196;SEC_602
2000;529;75 i +;66;37;103;SEC_529
2003;508;12-15;8;12;20;SEC_508
1998;230;35-49;48;56;104;SEC_230
2016;403;00-02;17;14;31;SEC_403
2003;108;65-74;80;71;151;SEC_108
2012;413;25-34;59;54;113;SEC_413
2011;630;03-11;28;32;60;SEC_630
2013;312;18-24;59;49;108;SEC_312
2014;529;16-17;15;13;28;SEC_529
2013;233;65-74;45;25;70;SEC_233
2009;524;12-15;20;26;46;SEC_524
1995;538;00-02;2;9;11;SEC_538
1998;506;25-34;147;148;295;SEC_506
2001;206;03-11;25;26;51;SEC_206
1994;130;16-17;12;5;17;SEC_130
1996;209;03-11;23;35;58;SEC_209
2004;105;12-15;25;40;65;SEC_105
2000;244;75 i +;44;42;86;SEC_244
2008;138;12-15;12;9;21;SEC_138
2007;422;18-24;46;69;115;SEC_422
2005;219;35-49;148;161;309;SEC_219
2008;439;00-02;22;27;49;SEC_439
1997;325;18-24;117;132;249;SEC_325
2000;619;25-34;104;125;229;SEC_619
2002;602;00-02;7;5;12;SEC_602
2007;425;25-34;86;74;160;SEC_425
2011;412;16-17;17;20;37;SEC_412
2002;626;18-24;39;39;78;SEC_626
1996;406;16-17;22;21;43;SEC_406
2012;437;35-49;89;122;211;SEC_437
2015;410;16-17;19;19;38;SEC_410
2011;203;12-15;10;11;21;SEC_203
2007;302;03-11;40;51;91;SEC_302
1998;241;03-11;34;23;57;SEC_241
2010;201;18-24;23;39;62;SEC_201
2007;308;16-17;14;17;31;SEC_308
2015;409;03-11;72;79;151;SEC_409
2014;130;18-24;26;38;64;SEC_130
2012;526;12-15;9;16;25;SEC_526
2000;212;35-49;112;113;225;SEC_212
2001;617;16-17;16;8;24;SEC_617
1998;605;03-11;13;19;32;SEC_605
2015;307;50-64;179;124;303;SEC_307
1994;244;03-11;16;13;29;SEC_244
2013;113;50-64;215;174;389;SEC_113
2009;214;65-74;40;33;73;SEC_214
2012;225;25-34;54;54;108;SEC_225
2005;503;35-49;99;76;175;SEC_503
1996;202;35-49;63;51;114;SEC_202
2010;140;65-74;62;56;118;SEC_140
2010;205;03-11;29;36;65;SEC_205
2014;232;25-34;73;71;144;SEC_232
2014;214;35-49;299;313;612;SEC_214
2016;538;65-74;67;33;100;SEC_538
1994;441;35-49;288;285;573;SEC_441
2003;611;16-17;18;10;28;SEC_611
2010;239;25-34;110;132;242;SEC_239
2007;203;00-02;14;18;32;SEC_203
2002;207;16-17;4;3;7;SEC_207
2005;537;00-02;15;8;23;SEC_537
2004;214;25-34;102;112;214;SEC_214
2014;119;00-02;16;12;28;SEC_119
2009;207;03-11;27;28;55;SEC_207
1995;304;12-15;15;12;27;SEC_304
1995;309;65-74;29;23;52;SEC_309
1997;609;03-11;29;32;61;SEC_609
1999;401;75 i +;36;17;53;SEC_401
2012;111;16-17;6;10;16;SEC_111
2005;131;03-11;41;49;90;SEC_131
2015;537;75 i +;83;56;139;SEC_537
2012;122;75 i +;56;45;101;SEC_122
2011;425;03-11;33;39;72;SEC_425
2012;314;12-15;43;31;74;SEC_314
2006;506;35-49;181;186;367;SEC_506
2008;202;35-49;93;101;194;SEC_202
2005;616;75 i +;43;22;65;SEC_616
2009;440;16-17;6;9;15;SEC_440
2011;231;12-15;19;21;40;SEC_231
2014;320;16-17;0;1;1;SEC_320
1999;513;18-24;39;37;76;SEC_513
2013;118;35-49;180;204;384;SEC_118
1995;609;12-15;27;22;49;SEC_609
2007;502;03-11;46;58;104;SEC_502
2004;123;03-11;36;59;95;SEC_123
1996;324;65-74;57;35;92;SEC_324
2011;121;18-24;25;29;54;SEC_121
1998;613;50-64;206;212;418;SEC_613
2012;228;03-11;33;34;67;SEC_228
1996;414;00-02;8;11;19;SEC_414
2008;129;75 i +;51;33;84;SEC_129
2015;249;18-24;41;40;81;SEC_249
1994;110;35-49;195;162;357;SEC_110
1998;431;75 i +;64;36;100;SEC_431
1999;313;00-02;24;26;50;SEC_313
2003;201;35-49;61;55;116;SEC_201
2003;135;35-49;184;171;355;SEC_135
1998;408;18-24;41;56;97;SEC_408
1995;527;12-15;15;19;34;SEC_527
2014;125;50-64;152;137;289;SEC_125
2008;206;00-02;12;10;22;SEC_206
1996;225;65-74;59;39;98;SEC_225
2007;117;18-24;99;91;190;SEC_117
2015;315;18-24;51;62;113;SEC_315
2015;432;50-64;125;105;230;SEC_432
2006;529;00-02;19;20;39;SEC_529
1997;311;03-11;42;38;80;SEC_311
2006;415;16-17;9;8;17;SEC_415
2000;630;12-15;19;15;34;SEC_630
2009;524;18-24;41;49;90;SEC_524
2012;225;03-11;15;22;37;SEC_225
2001;239;00-02;9;17;26;SEC_239
2009;407;35-49;132;153;285;SEC_407
2003;322;50-64;99;88;187;SEC_322
2011;131;18-24;50;48;98;SEC_131
2016;234;75 i +;59;41;100;SEC_234
2006;407;16-17;6;15;21;SEC_407
2001;538;03-11;28;39;67;SEC_538
2010;513;00-02;22;10;32;SEC_513
2017;223;75 i +;63;39;102;SEC_223
2017;425;65-74;45;30;75;SEC_425
2017;224;75 i +;71;32;103;SEC_224
2017;114;50-64;145;113;258;SEC_114
2017;315;35-49;249;253;502;SEC_315
2017;234;35-49;144;142;286;SEC_234
2017;504;35-49;131;133;264;SEC_504
2017;403;12-15;25;15;40;SEC_403
2017;109;50-64;134;112;246;SEC_109
2017;123;18-24;31;49;80;SEC_123
2017;304;75 i +;123;58;181;SEC_304
2017;302;16-17;6;8;14;SEC_302
2017;243;50-64;171;159;330;SEC_243
2017;123;00-02;11;11;22;SEC_123
2017;423;03-11;40;39;79;SEC_423
2017;126;75 i +;80;70;150;SEC_126
2017;402;16-17;8;9;17;SEC_402
2017;238;65-74;40;34;74;SEC_238
2017;304;50-64;211;215;426;SEC_304
2017;123;25-34;77;63;140;SEC_123
2017;320;16-17;16;16;32;SEC_320
2017;139;75 i +;46;29;75;SEC_139
2017;517;18-24;91;100;191;SEC_517
2017;426;12-15;16;23;39;SEC_426
2017;411;00-02;7;13;20;SEC_411
2017;242;03-11;49;56;105;SEC_242
2017;514;12-15;27;31;58;SEC_514
2017;502;25-34;90;100;190;SEC_502
2017;324;65-74;47;31;78;SEC_324
2017;627;75 i +;48;42;90;SEC_627
2017;513;18-24;58;64;122;SEC_513
2017;606;16-17;9;12;21;SEC_606
2017;127;00-02;9;8;17;SEC_127
2017;134;25-34;82;86;168;SEC_134
2017;307;75 i +;102;61;163;SEC_307
2017;514;16-17;7;18;25;SEC_514
2017;625;12-15;21;23;44;SEC_625
2017;619;25-34;42;63;105;SEC_619
2017;248;75 i +;69;45;114;SEC_248
2017;616;03-11;115;107;222;SEC_616
2017;618;16-17;12;15;27;SEC_618
2017;220;50-64;179;159;338;SEC_220
2017;320;25-34;25;31;56;SEC_320
2017;216;25-34;80;88;168;SEC_216
2017;325;12-15;36;38;74;SEC_325
2017;211;12-15;19;36;55;SEC_211
2017;101;65-74;81;84;165;SEC_101
2017;437;18-24;60;77;137;SEC_437
2017;140;35-49;126;134;260;SEC_140
2017;111;00-02;5;5;10;SEC_111
2017;125;03-11;70;79;149;SEC_125
2017;619;03-11;44;53;97;SEC_619
2017;302;35-49;178;191;369;SEC_302
2017;118;35-49;181;187;368;SEC_118
2017;523;50-64;116;117;233;SEC_523
2017;113;75 i +;62;50;112;SEC_113
2017;123;12-15;20;24;44;SEC_123
2017;102;50-64;149;133;282;SEC_102
2017;325;16-17;10;15;25;SEC_325
2017;111;03-11;30;19;49;SEC_111
2017;242;65-74;64;42;106;SEC_242
2017;404;35-49;156;168;324;SEC_404
2017;247;50-64;121;106;227;SEC_247
2017;238;12-15;12;19;31;SEC_238
2017;236;25-34;76;91;167;SEC_236
2017;237;65-74;52;49;101;SEC_237
2017;613;18-24;27;39;66;SEC_613
2017;234;18-24;42;52;94;SEC_234
2017;520;35-49;90;93;183;SEC_520
2017;105;50-64;128;105;233;SEC_105
2017;525;03-11;49;42;91;SEC_525
2017;228;35-49;301;316;617;SEC_228
2017;535;25-34;54;47;101;SEC_535
2017;615;18-24;22;22;44;SEC_615
2017;320;75 i +;63;43;106;SEC_320
2017;246;12-15;27;25;52;SEC_246
2017;508;75 i +;80;49;129;SEC_508
2017;316;35-49;169;179;348;SEC_316
2017;321;18-24;69;73;142;SEC_321
2017;606;65-74;53;30;83;SEC_606
2017;317;00-02;15;15;30;SEC_317
2017;630;18-24;16;32;48;SEC_630
2017;625;75 i +;72;53;125;SEC_625
2017;423;65-74;47;36;83;SEC_423
2017;524;65-74;50;38;88;SEC_524
2017;440;03-11;42;52;94;SEC_440
2017;102;65-74;130;115;245;SEC_102
2017;124;16-17;7;7;14;SEC_124
2017;506;25-34;96;101;197;SEC_506
2017;307;12-15;13;15;28;SEC_307
2017;626;16-17;5;12;17;SEC_626
2017;111;65-74;68;44;112;SEC_111
2017;425;75 i +;74;45;119;SEC_425
2017;124;50-64;92;74;166;SEC_124
2017;313;50-64;198;165;363;SEC_313
2017;324;03-11;59;71;130;SEC_324
2017;321;00-02;21;36;57;SEC_321
2017;610;75 i +;84;93;177;SEC_610
2017;228;25-34;193;185;378;SEC_228
2017;526;03-11;85;92;177;SEC_526
2017;627;35-49;92;99;191;SEC_627
2017;524;35-49;164;190;354;SEC_524
2017;211;16-17;10;18;28;SEC_211
2017;117;12-15;31;35;66;SEC_117
2017;128;65-74;64;42;106;SEC_128
2017;243;18-24;52;79;131;SEC_243
2017;436;50-64;144;138;282;SEC_436
2017;111;12-15;11;18;29;SEC_111
2017;205;18-24;33;44;77;SEC_205
2017;313;12-15;37;42;79;SEC_313
2017;132;25-34;131;144;275;SEC_132
2017;318;00-02;6;8;14;SEC_318
2017;611;12-15;42;32;74;SEC_611
2017;502;50-64;137;133;270;SEC_502
2017;533;65-74;85;60;145;SEC_533
2017;613;50-64;74;78;152;SEC_613
2017;605;12-15;30;27;57;SEC_605
2017;407;16-17;8;13;21;SEC_407
2017;609;50-64;55;58;113;SEC_609
2017;228;65-74;96;60;156;SEC_228
2017;105;18-24;30;27;57;SEC_105
2017;316;00-02;24;24;48;SEC_316
2017;110;18-24;22;28;50;SEC_110
2017;127;65-74;27;23;50;SEC_127
2017;237;35-49;169;178;347;SEC_237
2017;312;03-11;56;70;126;SEC_312
2017;114;25-34;68;60;128;SEC_114
2017;607;18-24;27;45;72;SEC_607
2017;121;25-34;44;52;96;SEC_121
2017;325;50-64;210;151;361;SEC_325
2017;239;75 i +;89;50;139;SEC_239
2017;243;00-02;24;16;40;SEC_243
2017;440;18-24;41;34;75;SEC_440
2017;319;03-11;89;116;205;SEC_319
2017;127;18-24;25;22;47;SEC_127
2017;119;16-17;4;7;11;SEC_119
2017;140;25-34;74;54;128;SEC_140
2017;111;16-17;7;10;17;SEC_111
2017;617;35-49;115;122;237;SEC_617
2017;618;50-64;108;103;211;SEC_618
2017;602;35-49;155;143;298;SEC_602
2017;228;12-15;41;57;98;SEC_228
2017;427;65-74;48;33;81;SEC_427
2017;239;50-64;112;98;210;SEC_239
2017;134;35-49;169;178;347;SEC_134
2017;204;25-34;140;133;273;SEC_204
2017;320;25-34;64;68;132;SEC_320
2017;306;35-49;203;184;387;SEC_306
2017;124;75 i +;49;41;90;SEC_124
2017;605;50-64;146;111;257;SEC_605
2017;419;65-74;72;49;121;SEC_419
2017;101;12-15;75;81;156;SEC_101
2017;622;50-64;81;83;164;SEC_622
2017;314;25-34;145;168;313;SEC_314
2017;115;00-02;11;14;25;SEC_115
2017;525;18-24;42;34;76;SEC_525
2017;534;03-11;40;51;91;SEC_534
2017;624;35-49;102;135;237;SEC_624
2017;243;35-49;187;197;384;SEC_243
2017;120;50-64;208;184;392;SEC_120
2017;237;00-02;17;20;37;SEC_237
2017;314;12-15;32;42;74;SEC_314
2017;224;12-15;22;19;41;SEC_224
2017;511;75 i +;145;95;240;SEC_511
2017;229;35-49;251;260;511;SEC_229
2017;119;75 i +;101;71;172;SEC_119
2017;112;18-24;55;55;110;SEC_112
2017;624;03-11;46;45;91;SEC_624
2017;627;03-11;25;37;62;SEC_627
2017;532;50-64;111;83;194;SEC_532
2017;238;50-64;68;65;133;SEC_238
2017;404;16-17;12;19;31;SEC_404
2017;104;25-34;46;50;96;SEC_104
2017;410;03-11;50;44;94;SEC_410
2017;432;25-34;73;93;166;SEC_432
2017;122;12-15;21;16;37;SEC_122
2017;324;25-34;83;63;146;SEC_324
2017;112;25-34;95;99;194;SEC_112
2017;521;35-49;88;112;200;SEC_521
2017;232;75 i +;75;48;123;SEC_232
2017;103;75 i +;53;31;84;SEC_103
2017;528;18-24;56;40;96;SEC_528
2017;309;16-17;5;14;19;SEC_309
2017;117;65-74;122;108;230;SEC_117
2017;232;35-49;128;133;261;SEC_232
2017;631;18-24;28;26;54;SEC_631
2017;621;35-49;154;190;344;SEC_621
2017;511;03-11;85;101;186;SEC_511
2017;423;75 i +;75;59;134;SEC_423
2017;436;25-34;108;115;223;SEC_436
2017;324;75 i +;39;28;67;SEC_324
2017;140;50-64;93;74;167;SEC_140
2017;245;65-74;57;29;86;SEC_245
2017;305;65-74;86;78;164;SEC_305
2017;119;03-11;43;37;80;SEC_119
2017;618;18-24;38;56;94;SEC_618
2017;234;03-11;45;38;83;SEC_234
2017;534;16-17;11;7;18;SEC_534
2017;211;25-34;101;131;232;SEC_211
2017;609;35-49;103;95;198;SEC_609
2017;236;18-24;44;37;81;SEC_236
2017;303;18-24;42;50;92;SEC_303
2017;309;65-74;46;41;87;SEC_309
2017;136;50-64;124;94;218;SEC_136
2017;614;50-64;76;75;151;SEC_614
2017;326;65-74;18;12;30;SEC_326
2017;134;00-02;18;18;36;SEC_134
2017;239;12-15;16;14;30;SEC_239
2017;326;35-49;227;277;504;SEC_326
2017;627;50-64;105;80;185;SEC_627
2017;211;00-02;15;23;38;SEC_211
2017;105;16-17;4;11;15;SEC_105
2017;242;35-49;148;154;302;SEC_242
2017;607;65-74;62;27;89;SEC_607
2017;403;00-02;15;13;28;SEC_403
2017;119;00-02;20;10;30;SEC_119
2017;409;35-49;220;240;460;SEC_409
2017;302;18-24;37;45;82;SEC_302
2017;425;18-24;36;47;83;SEC_425
2017;135;65-74;83;79;162;SEC_135
2017;513;00-02;24;36;60;SEC_513
2017;131;65-74;120;118;238;SEC_131
2017;530;03-11;75;95;170;SEC_530
2017;528;00-02;13;15;28;SEC_528
2017;134;75 i +;97;44;141;SEC_134
2017;229;75 i +;85;50;135;SEC_229
2017;229;16-17;22;18;40;SEC_229
2017;627;00-02;8;11;19;SEC_627
2017;108;50-64;154;138;292;SEC_108
2017;125;00-02;17;18;35;SEC_125
2017;632;00-02;11;17;28;SEC_632
2017;627;25-34;43;54;97;SEC_627
2017;233;03-11;46;46;92;SEC_233
2017;207;75 i +;107;57;164;SEC_207
2017;108;75 i +;93;55;148;SEC_108
2017;511;16-17;13;19;32;SEC_511
2017;404;18-24;47;63;110;SEC_404
2017;626;25-34;50;40;90;SEC_626
2017;138;25-34;38;54;92;SEC_138
2017;301;75 i +;158;101;259;SEC_301
2017;410;75 i +;160;110;270;SEC_410
2017;139;18-24;39;43;82;SEC_139
2017;123;50-64;138;120;258;SEC_123
2017;528;65-74;53;43;96;SEC_528
2017;609;75 i +;49;46;95;SEC_609
2017;501;75 i +;45;41;86;SEC_501
2017;237;03-11;71;61;132;SEC_237
2017;107;35-49;181;205;386;SEC_107
2017;248;50-64;124;115;239;SEC_248
2017;425;16-17;5;10;15;SEC_425
2017;104;35-49;116;112;228;SEC_104
2017;212;75 i +;78;50;128;SEC_212
2017;312;75 i +;102;67;169;SEC_312
2017;202;35-49;238;275;513;SEC_202
2017;525;00-02;14;22;36;SEC_525
2017;601;16-17;13;19;32;SEC_601
2017;402;00-02;13;14;27;SEC_402
2017;201;50-64;108;98;206;SEC_201
2017;412;25-34;98;85;183;SEC_412
2017;302;12-15;15;11;26;SEC_302
2017;406;75 i +;77;64;141;SEC_406
2017;624;25-34;51;44;95;SEC_624
2017;108;25-34;112;92;204;SEC_108
2017;426;75 i +;47;29;76;SEC_426
2017;517;35-49;257;298;555;SEC_517
2017;202;03-11;60;79;139;SEC_202
2017;309;00-02;14;18;32;SEC_309
2017;119;18-24;26;34;60;SEC_119
2017;416;50-64;121;110;231;SEC_416
2017;231;16-17;22;15;37;SEC_231
2017;507;50-64;81;74;155;SEC_507
2017;208;75 i +;210;120;330;SEC_208
2017;121;50-64;85;86;171;SEC_121
2017;102;35-49;160;167;327;SEC_102
2017;104;50-64;77;83;160;SEC_104
2017;103;00-02;14;11;25;SEC_103
2017;102;25-34;65;69;134;SEC_102
2017;615;16-17;10;4;14;SEC_615
2017;505;16-17;6;6;12;SEC_505
2017;321;25-34;128;125;253;SEC_321
2017;431;65-74;53;52;105;SEC_431
2017;632;50-64;85;73;158;SEC_632
2017;224;00-02;22;27;49;SEC_224
2017;240;12-15;29;32;61;SEC_240
2017;237;25-34;115;109;224;SEC_237
2017;325;75 i +;185;95;280;SEC_325
2017;405;65-74;79;57;136;SEC_405
2017;102;03-11;55;48;103;SEC_102
2017;207;25-34;153;131;284;SEC_207
2017;320;65-74;85;77;162;SEC_320
2017;125;35-49;212;223;435;SEC_125
2017;613;25-34;48;49;97;SEC_613
2017;623;03-11;52;51;103;SEC_623
2017;248;35-49;156;164;320;SEC_248
2017;320;75 i +;1;4;5;SEC_320
2017;247;18-24;45;37;82;SEC_247
2017;303;75 i +;150;119;269;SEC_303
2017;510;25-34;77;85;162;SEC_510
2017;406;25-34;105;93;198;SEC_406
2017;622;12-15;11;12;23;SEC_622
2017;411;65-74;64;43;107;SEC_411
2017;221;35-49;261;268;529;SEC_221
2017;441;25-34;163;156;319;SEC_441
2017;608;12-15;32;27;59;SEC_608
2017;138;16-17;6;6;12;SEC_138
2017;122;35-49;122;113;235;SEC_122
2017;311;50-64;124;129;253;SEC_311
2017;124;12-15;18;15;33;SEC_124
2017;210;35-49;97;86;183;SEC_210
2017;109;16-17;7;15;22;SEC_109
2017;412;00-02;8;17;25;SEC_412
2017;432;00-02;15;12;27;SEC_432
2017;422;50-64;104;107;211;SEC_422
2017;223;16-17;10;12;22;SEC_223
2017;403;50-64;108;111;219;SEC_403
2017;606;75 i +;84;67;151;SEC_606
2017;113;25-34;92;101;193;SEC_113
2017;104;75 i +;74;42;116;SEC_104
2017;210;16-17;7;6;13;SEC_210
2017;313;03-11;76;78;154;SEC_313
2017;128;03-11;37;57;94;SEC_128
2017;309;18-24;32;36;68;SEC_309
2017;511;18-24;91;99;190;SEC_511
2017;326;00-02;46;55;101;SEC_326
2017;425;00-02;12;10;22;SEC_425
2017;615;65-74;100;51;151;SEC_615
2017;138;03-11;19;30;49;SEC_138
2017;129;03-11;38;58;96;SEC_129
2017;532;18-24;51;52;103;SEC_532
2017;430;12-15;24;17;41;SEC_430
2017;607;03-11;36;40;76;SEC_607
2017;133;25-34;58;45;103;SEC_133
2017;621;75 i +;57;49;106;SEC_621
2017;115;50-64;115;130;245;SEC_115
2017;212;18-24;60;62;122;SEC_212
2017;513;75 i +;104;58;162;SEC_513
2017;327;03-11;49;60;109;SEC_327
2017;504;75 i +;98;78;176;SEC_504
2017;521;16-17;8;6;14;SEC_521
2017;139;12-15;11;18;29;SEC_139
2017;110;50-64;115;91;206;SEC_110
2017;126;35-49;110;110;220;SEC_126
2017;217;35-49;183;212;395;SEC_217
2017;326;50-64;41;66;107;SEC_326
2017;532;25-34;108;99;207;SEC_532
2017;614;00-02;11;10;21;SEC_614
2017;315;65-74;78;86;164;SEC_315
2017;320;00-02;8;4;12;SEC_320
2017;310;75 i +;41;22;63;SEC_310
2017;136;00-02;15;15;30;SEC_136
2017;606;50-64;85;91;176;SEC_606
2017;128;35-49;152;155;307;SEC_128
2017;423;12-15;23;20;43;SEC_423
2017;505;12-15;17;13;30;SEC_505
2017;324;18-24;34;42;76;SEC_324
2017;208;65-74;129;82;211;SEC_208
2017;209;75 i +;74;50;124;SEC_209
2017;323;65-74;122;133;255;SEC_323
2017;304;12-15;82;47;129;SEC_304
2017;217;75 i +;63;45;108;SEC_217
2017;226;65-74;87;75;162;SEC_226
2017;616;00-02;26;25;51;SEC_616
2017;248;25-34;111;108;219;SEC_248
2017;207;03-11;77;74;151;SEC_207
2017;243;16-17;14;14;28;SEC_243
2017;535;12-15;12;16;28;SEC_535
2017;138;12-15;12;6;18;SEC_138
2017;505;75 i +;95;93;188;SEC_505
2017;535;75 i +;71;70;141;SEC_535
2017;427;18-24;84;74;158;SEC_427
2017;238;25-34;84;86;170;SEC_238
2017;229;18-24;98;66;164;SEC_229
2017;505;35-49;134;125;259;SEC_505
2017;423;35-49;132;133;265;SEC_423
2017;437;12-15;31;33;64;SEC_437
2017;609;00-02;11;10;21;SEC_609
2017;619;35-49;128;132;260;SEC_619
2017;308;50-64;214;206;420;SEC_308
2017;517;12-15;43;36;79;SEC_517
2017;441;00-02;35;23;58;SEC_441
2017;322;65-74;58;59;117;SEC_322
2017;508;18-24;63;64;127;SEC_508
2017;613;35-49;134;147;281;SEC_613
2017;301;03-11;161;158;319;SEC_301
2017;139;65-74;58;57;115;SEC_139
2017;422;18-24;50;57;107;SEC_422
2017;208;35-49;170;152;322;SEC_208
2017;204;16-17;11;14;25;SEC_204
2017;524;50-64;105;83;188;SEC_524
2017;315;12-15;31;40;71;SEC_315
2017;314;50-64;278;242;520;SEC_314
2017;246;50-64;103;102;205;SEC_246
2017;610;50-64;86;86;172;SEC_610
2017;420;18-24;96;87;183;SEC_420
2017;626;50-64;71;75;146;SEC_626
2017;209;03-11;33;37;70;SEC_209
2017;404;03-11;70;68;138;SEC_404
2017;403;16-17;7;5;12;SEC_403
2017;120;00-02;25;19;44;SEC_120
2017;530;16-17;14;16;30;SEC_530
2017;223;18-24;69;54;123;SEC_223
2017;318;35-49;84;73;157;SEC_318
2017;626;18-24;31;29;60;SEC_626
2017;213;35-49;125;115;240;SEC_213
2017;503;00-02;4;8;12;SEC_503
2017;501;00-02;14;7;21;SEC_501
2017;118;65-74;138;142;280;SEC_118
2017;311;35-49;195;216;411;SEC_311
2017;137;18-24;52;54;106;SEC_137
2017;207;12-15;31;27;58;SEC_207
2017;602;18-24;46;51;97;SEC_602
2017;317;18-24;39;49;88;SEC_317
2017;421;12-15;28;20;48;SEC_421
2017;229;03-11;70;89;159;SEC_229
2017;214;35-49;313;320;633;SEC_214
2017;511;12-15;42;48;90;SEC_511
2017;209;16-17;8;7;15;SEC_209
2017;139;16-17;10;10;20;SEC_139
2017;109;25-34;69;66;135;SEC_109
2017;246;16-17;6;9;15;SEC_246
2017;612;35-49;109;142;251;SEC_612
2017;532;16-17;14;9;23;SEC_532
2017;129;65-74;69;47;116;SEC_129
2017;436;18-24;75;70;145;SEC_436
2017;507;75 i +;49;25;74;SEC_507
2017;101;50-64;239;239;478;SEC_101
2017;617;03-11;33;55;88;SEC_617
2017;205;00-02;11;12;23;SEC_205
2017;302;50-64;135;103;238;SEC_302
2017;209;18-24;33;31;64;SEC_209
2017;420;12-15;43;36;79;SEC_420
2017;201;03-11;74;95;169;SEC_201
2017;618;75 i +;93;83;176;SEC_618
2017;104;65-74;47;32;79;SEC_104
2017;103;18-24;21;22;43;SEC_103
2017;402;65-74;33;25;58;SEC_402
2017;122;50-64;57;56;113;SEC_122
2017;327;12-15;24;26;50;SEC_327
2017;422;65-74;51;32;83;SEC_422
2017;418;03-11;76;51;127;SEC_418
2017;602;16-17;12;20;32;SEC_602
2017;615;03-11;30;32;62;SEC_615
2017;236;00-02;11;13;24;SEC_236
2017;216;65-74;76;61;137;SEC_216
2017;530;12-15;23;25;48;SEC_530
2017;107;12-15;26;39;65;SEC_107
2017;427;75 i +;90;47;137;SEC_427
2017;234;75 i +;64;38;102;SEC_234
2017;122;00-02;19;16;35;SEC_122
2017;207;35-49;245;237;482;SEC_207
2017;248;18-24;37;54;91;SEC_248
2017;231;75 i +;87;37;124;SEC_231
2017;140;75 i +;62;51;113;SEC_140
2017;320;03-11;13;4;17;SEC_320
2017;420;35-49;224;279;503;SEC_420
2017;621;65-74;142;133;275;SEC_621
2017;314;03-11;92;103;195;SEC_314
2017;508;35-49;182;188;370;SEC_508
2017;249;75 i +;67;38;105;SEC_249
2017;605;18-24;51;49;100;SEC_605
2017;320;35-49;38;49;87;SEC_320
2017;242;12-15;13;18;31;SEC_242
2017;116;12-15;24;22;46;SEC_116
2017;204;65-74;68;52;120;SEC_204
2017;534;75 i +;67;52;119;SEC_534
2017;204;75 i +;110;62;172;SEC_204
2017;611;50-64;143;150;293;SEC_611
2017;416;00-02;21;26;47;SEC_416
2017;106;12-15;31;27;58;SEC_106
2017;305;25-34;139;103;242;SEC_305
2017;236;50-64;85;80;165;SEC_236
2017;441;50-64;245;199;444;SEC_441
2017;111;25-34;49;31;80;SEC_111
2017;224;25-34;123;99;222;SEC_224
2017;533;18-24;77;74;151;SEC_533
2017;531;03-11;37;45;82;SEC_531
2017;518;75 i +;88;55;143;SEC_518
2017;307;65-74;128;115;243;SEC_307
2017;116;75 i +;104;88;192;SEC_116
2017;601;75 i +;142;121;263;SEC_601
2017;510;18-24;46;29;75;SEC_510
2017;110;35-49;125;121;246;SEC_110
2017;440;16-17;5;11;16;SEC_440
2017;616;65-74;124;102;226;SEC_616
2017;319;35-49;255;258;513;SEC_319
2017;529;16-17;12;23;35;SEC_529
2017;435;65-74;37;30;67;SEC_435
2017;212;65-74;64;47;111;SEC_212
2017;127;12-15;14;16;30;SEC_127
2017;247;00-02;15;19;34;SEC_247
2017;301;18-24;87;90;177;SEC_301
2017;530;35-49;250;251;501;SEC_530
2017;501;18-24;31;29;60;SEC_501
2017;114;03-11;52;61;113;SEC_114
2017;320;50-64;118;119;237;SEC_320
2017;135;12-15;14;26;40;SEC_135
2017;618;12-15;35;27;62;SEC_618
2017;137;16-17;15;17;32;SEC_137
2017;614;18-24;23;35;58;SEC_614
2017;302;25-34;101;89;190;SEC_302
2017;518;25-34;66;64;130;SEC_518
2017;423;00-02;17;25;42;SEC_423
2017;606;12-15;19;19;38;SEC_606
2017;505;65-74;153;92;245;SEC_505
2017;534;18-24;33;39;72;SEC_534
2017;314;65-74;137;127;264;SEC_314
2017;432;75 i +;85;56;141;SEC_432
2017;533;12-15;37;32;69;SEC_533
2017;610;00-02;11;12;23;SEC_610
2017;204;50-64;145;135;280;SEC_204
2017;537;65-74;83;60;143;SEC_537
2017;135;50-64;161;141;302;SEC_135
2017;623;50-64;111;114;225;SEC_623
2017;310;00-02;14;14;28;SEC_310
2017;207;16-17;10;19;29;SEC_207
2017;514;03-11;52;74;126;SEC_514
2017;418;25-34;89;101;190;SEC_418
2017;105;03-11;48;57;105;SEC_105
2017;612;03-11;44;34;78;SEC_612
2017;416;75 i +;96;50;146;SEC_416
2017;502;35-49;180;190;370;SEC_502
2017;304;03-11;194;234;428;SEC_304
2017;237;18-24;43;55;98;SEC_237
2017;245;16-17;16;11;27;SEC_245
2017;416;18-24;62;62;124;SEC_416
2017;202;12-15;30;29;59;SEC_202
2017;432;03-11;52;53;105;SEC_432
2017;404;12-15;26;21;47;SEC_404
2017;245;50-64;96;98;194;SEC_245
2017;409;65-74;85;75;160;SEC_409
2017;123;03-11;44;50;94;SEC_123
2017;412;03-11;44;66;110;SEC_412
2017;131;12-15;11;23;34;SEC_131
2017;243;75 i +;109;68;177;SEC_243
2017;209;00-02;9;20;29;SEC_209
2017;530;65-74;67;34;101;SEC_530
2017;304;65-74;88;72;160;SEC_304
2017;504;18-24;25;28;53;SEC_504
2017;401;03-11;38;57;95;SEC_401
2017;612;16-17;7;13;20;SEC_612
2017;112;35-49;210;201;411;SEC_112
2017;301;35-49;423;418;841;SEC_301
2017;529;12-15;22;23;45;SEC_529
2017;121;18-24;40;29;69;SEC_121
2017;614;16-17;10;4;14;SEC_614
2017;140;18-24;31;44;75;SEC_140
2017;221;12-15;33;37;70;SEC_221
2017;210;18-24;34;30;64;SEC_210
2017;207;18-24;71;74;145;SEC_207
2017;245;18-24;47;52;99;SEC_245
2017;120;35-49;187;182;369;SEC_120
2017;507;00-02;9;14;23;SEC_507
2017;118;03-11;69;76;145;SEC_118
2017;437;35-49;210;195;405;SEC_437
2017;531;65-74;44;25;69;SEC_531
2017;529;75 i +;96;61;157;SEC_529
2017;528;16-17;12;17;29;SEC_528
2017;135;75 i +;92;54;146;SEC_135
2017;101;75 i +;68;44;112;SEC_101
2017;535;35-49;91;88;179;SEC_535
2017;507;65-74;56;44;100;SEC_507
2017;132;50-64;243;218;461;SEC_132
2017;213;03-11;44;49;93;SEC_213
2017;216;16-17;15;13;28;SEC_216
2017;233;25-34;79;78;157;SEC_233
2017;601;03-11;73;90;163;SEC_601
2017;406;03-11;57;56;113;SEC_406
2017;305;75 i +;82;46;128;SEC_305
2017;621;00-02;20;24;44;SEC_621
2017;503;18-24;27;27;54;SEC_503
2017;526;35-49;280;275;555;SEC_526
2017;401;35-49;121;110;231;SEC_401
2017;422;00-02;12;20;32;SEC_422
2017;109;12-15;19;13;32;SEC_109
2017;106;16-17;11;14;25;SEC_106
2017;212;03-11;62;62;124;SEC_212
2017;441;75 i +;118;80;198;SEC_441
2017;427;00-02;29;30;59;SEC_427
2017;223;65-74;60;36;96;SEC_223
2017;108;00-02;16;17;33;SEC_108
2017;119;12-15;15;20;35;SEC_119
2017;211;65-74;43;37;80;SEC_211
2017;410;00-02;25;21;46;SEC_410
2017;530;18-24;70;75;145;SEC_530
2017;630;75 i +;41;32;73;SEC_630
2017;208;18-24;45;54;99;SEC_208
2017;534;65-74;57;47;104;SEC_534
2017;617;12-15;17;19;36;SEC_617
2017;524;16-17;8;13;21;SEC_524
2017;127;75 i +;41;33;74;SEC_127
2017;517;75 i +;97;61;158;SEC_517
2017;137;12-15;42;24;66;SEC_137
2017;426;65-74;42;34;76;SEC_426
2017;319;25-34;92;91;183;SEC_319
2017;111;75 i +;68;47;115;SEC_111
2017;407;18-24;43;32;75;SEC_407
2017;627;65-74;97;87;184;SEC_627
2017;510;75 i +;77;42;119;SEC_510
2017;433;35-49;229;222;451;SEC_433
2017;619;18-24;33;42;75;SEC_619
2017;518;03-11;51;48;99;SEC_518
2017;101;03-11;181;200;381;SEC_101
2017;625;65-74;109;96;205;SEC_625
2017;533;16-17;24;15;39;SEC_533
2017;130;25-34;56;73;129;SEC_130
2017;433;16-17;19;15;34;SEC_433
2017;249;65-74;47;35;82;SEC_249
2017;411;25-34;70;66;136;SEC_411
2017;505;03-11;38;45;83;SEC_505
2017;507;16-17;9;14;23;SEC_507
2017;221;16-17;15;16;31;SEC_221
2017;103;12-15;12;12;24;SEC_103
2017;321;75 i +;128;88;216;SEC_321
2017;313;75 i +;91;73;164;SEC_313
2017;510;16-17;11;6;17;SEC_510
2017;441;16-17;16;23;39;SEC_441
2017;630;00-02;18;10;28;SEC_630
2017;232;03-11;43;52;95;SEC_232
2017;208;00-02;15;28;43;SEC_208
2017;226;50-64;193;148;341;SEC_226
2017;309;75 i +;48;27;75;SEC_309
2017;630;12-15;13;8;21;SEC_630
2017;133;03-11;41;39;80;SEC_133
2017;521;12-15;8;21;29;SEC_521
2017;533;75 i +;130;78;208;SEC_533
2017;237;12-15;19;30;49;SEC_237
2017;310;12-15;16;18;34;SEC_310
2017;416;65-74;55;54;109;SEC_416
2017;243;03-11;61;73;134;SEC_243
2017;421;65-74;67;44;111;SEC_421
2017;612;18-24;28;46;74;SEC_612
2017;320;00-02;6;19;25;SEC_320
2017;622;16-17;3;10;13;SEC_622
2017;131;50-64;126;123;249;SEC_131
2017;327;18-24;43;47;90;SEC_327
2017;507;35-49;107;109;216;SEC_507
2017;416;35-49;187;180;367;SEC_416
2017;317;03-11;58;58;116;SEC_317
2017;409;25-34;141;157;298;SEC_409
2017;422;16-17;9;10;19;SEC_422
2017;109;35-49;129;132;261;SEC_109
2017;609;12-15;12;15;27;SEC_609
2017;208;25-34;129;115;244;SEC_208
2017;212;25-34;108;110;218;SEC_212
2017;128;75 i +;60;42;102;SEC_128
2017;432;35-49;139;152;291;SEC_432
2017;537;03-11;49;53;102;SEC_537
2017;129;35-49;126;135;261;SEC_129
2017;632;35-49;107;132;239;SEC_632
2017;621;16-17;9;15;24;SEC_621
2017;441;12-15;38;35;73;SEC_441
2017;421;03-11;41;57;98;SEC_421
2017;502;18-24;49;57;106;SEC_502
2017;228;50-64;174;174;348;SEC_228
2017;611;65-74;98;64;162;SEC_611
2017;110;75 i +;81;57;138;SEC_110
2017;210;03-11;27;29;56;SEC_210
2017;302;00-02;16;18;34;SEC_302
2017;323;16-17;18;22;40;SEC_323
2017;616;50-64;227;213;440;SEC_616
2017;105;75 i +;59;45;104;SEC_105
2017;305;12-15;30;24;54;SEC_305
2017;301;25-34;142;171;313;SEC_301
2017;104;00-02;17;17;34;SEC_104
2017;327;65-74;73;67;140;SEC_327
2017;124;35-49;94;93;187;SEC_124
2017;122;03-11;33;46;79;SEC_122
2017;314;00-02;32;33;65;SEC_314
2017;601;00-02;18;27;45;SEC_601
2017;228;16-17;19;29;48;SEC_228
2017;115;25-34;63;85;148;SEC_115
2017;133;18-24;17;22;39;SEC_133
2017;138;00-02;6;7;13;SEC_138
2017;414;03-11;101;81;182;SEC_414
2017;124;65-74;46;29;75;SEC_124
2017;513;35-49;195;200;395;SEC_513
2017;502;12-15;18;34;52;SEC_502
2017;202;50-64;140;144;284;SEC_202
2017;113;00-02;19;19;38;SEC_113
2017;435;18-24;47;63;110;SEC_435
2017;531;25-34;74;75;149;SEC_531
2017;433;25-34;149;145;294;SEC_433
2017;205;65-74;58;37;95;SEC_205
2017;116;18-24;51;39;90;SEC_116
2017;405;00-02;24;32;56;SEC_405
2017;211;18-24;51;77;128;SEC_211
2017;103;50-64;75;71;146;SEC_103
2017;106;03-11;58;66;124;SEC_106
2017;523;35-49;197;181;378;SEC_523
2017;128;25-34;69;77;146;SEC_128
2017;431;18-24;81;56;137;SEC_431
2017;326;12-15;20;14;34;SEC_326
2017;229;00-02;24;33;57;SEC_229
2017;524;00-02;25;17;42;SEC_524
2017;440;12-15;20;13;33;SEC_440
2017;518;35-49;148;146;294;SEC_518
2017;404;50-64;120;114;234;SEC_404
2017;112;12-15;40;32;72;SEC_112
2017;431;25-34;132;134;266;SEC_431
2017;609;18-24;30;30;60;SEC_609
2017;436;00-02;27;20;47;SEC_436
2017;441;35-49;223;236;459;SEC_441
2017;504;03-11;28;44;72;SEC_504
2017;520;00-02;11;20;31;SEC_520
2017;224;35-49;161;143;304;SEC_224
2017;234;00-02;15;20;35;SEC_234
2017;118;50-64;179;132;311;SEC_118
2017;533;50-64;165;149;314;SEC_533
2017;246;00-02;16;10;26;SEC_246
2017;201;16-17;15;13;28;SEC_201
2017;538;12-15;26;33;59;SEC_538
2017;210;75 i +;81;43;124;SEC_210
2017;130;16-17;9;9;18;SEC_130
2017;131;25-34;76;72;148;SEC_131
2017;220;25-34;152;172;324;SEC_220
2017;407;75 i +;84;44;128;SEC_407
2017;106;00-02;21;21;42;SEC_106
2017;619;75 i +;117;90;207;SEC_619
2017;107;25-34;100;108;208;SEC_107
2017;518;50-64;94;92;186;SEC_518
2017;425;25-34;82;69;151;SEC_425
2017;612;75 i +;88;66;154;SEC_612
2017;609;16-17;6;6;12;SEC_609
2017;618;00-02;7;7;14;SEC_618
2017;422;35-49;160;167;327;SEC_422
2017;246;35-49;181;193;374;SEC_246
2017;133;12-15;12;13;25;SEC_133
2017;112;50-64;177;148;325;SEC_112
2017;418;12-15;20;27;47;SEC_418
2017;217;65-74;65;59;124;SEC_217
2017;506;65-74;180;137;317;SEC_506
2017;139;03-11;28;33;61;SEC_139
2017;420;25-34;153;132;285;SEC_420
2017;421;16-17;17;14;31;SEC_421
2017;616;25-34;102;125;227;SEC_616
2017;320;65-74;3;3;6;SEC_320
2017;210;12-15;20;18;38;SEC_210
2017;625;35-49;111;110;221;SEC_625
2017;503;50-64;111;72;183;SEC_503
2017;140;16-17;9;5;14;SEC_140
2017;316;03-11;57;74;131;SEC_316
2017;414;18-24;78;73;151;SEC_414
2017;526;25-34;157;154;311;SEC_526
2017;318;75 i +;51;28;79;SEC_318
2017;201;25-34;169;138;307;SEC_201
2017;601;18-24;72;68;140;SEC_601
2017;312;16-17;11;15;26;SEC_312
2017;216;75 i +;85;53;138;SEC_216
2017;435;00-02;30;20;50;SEC_435
2017;205;03-11;37;35;72;SEC_205
2017;529;35-49;190;170;360;SEC_529
2017;127;25-34;56;54;110;SEC_127
2017;602;03-11;59;67;126;SEC_602
2017;111;35-49;87;87;174;SEC_111
2017;625;18-24;26;35;61;SEC_625
2017;129;12-15;18;24;42;SEC_129
2017;420;16-17;16;27;43;SEC_420
2017;538;65-74;72;33;105;SEC_538
2017;239;65-74;57;28;85;SEC_239
2017;313;00-02;33;17;50;SEC_313
2017;418;16-17;13;13;26;SEC_418
2017;108;16-17;13;14;27;SEC_108
2017;532;03-11;74;70;144;SEC_532
2017;414;25-34;165;158;323;SEC_414
2017;316;18-24;72;62;134;SEC_316
2017;630;16-17;13;7;20;SEC_630
2017;506;18-24;57;60;117;SEC_506
2017;213;75 i +;51;43;94;SEC_213
2017;502;03-11;71;74;145;SEC_502
2017;317;25-34;82;89;171;SEC_317
2017;130;35-49;142;123;265;SEC_130
2017;608;35-49;133;172;305;SEC_608
2017;213;25-34;84;75;159;SEC_213
2017;245;75 i +;64;44;108;SEC_245
2017;113;65-74;106;105;211;SEC_113
2017;308;03-11;87;70;157;SEC_308
2017;102;00-02;16;16;32;SEC_102
2017;116;35-49;161;154;315;SEC_116
2017;226;75 i +;122;71;193;SEC_226
2017;502;16-17;18;14;32;SEC_502
2017;242;50-64;102;99;201;SEC_242
2017;416;12-15;29;32;61;SEC_416
2017;209;35-49;132;110;242;SEC_209
2017;140;03-11;54;54;108;SEC_140
2017;623;18-24;41;46;87;SEC_623
2017;314;18-24;74;81;155;SEC_314
2017;511;65-74;100;65;165;SEC_511
2017;220;12-15;36;30;66;SEC_220
2017;111;50-64;93;70;163;SEC_111
2017;611;00-02;17;20;37;SEC_611
2017;321;12-15;40;35;75;SEC_321
2017;606;35-49;137;121;258;SEC_606
2017;303;35-49;202;212;414;SEC_303
2017;130;75 i +;100;55;155;SEC_130
2017;249;18-24;46;47;93;SEC_249
2017;414;00-02;34;38;72;SEC_414
2017;407;65-74;45;29;74;SEC_407
2017;307;16-17;7;10;17;SEC_307
2017;136;12-15;25;25;50;SEC_136
2017;137;25-34;94;81;175;SEC_137
2017;532;12-15;27;26;53;SEC_532
2017;204;00-02;25;19;44;SEC_204
2017;303;25-34;103;99;202;SEC_303
2017;622;65-74;64;46;110;SEC_622
2017;249;16-17;15;8;23;SEC_249
2017;605;03-11;80;71;151;SEC_605
2017;234;12-15;18;13;31;SEC_234
2017;204;12-15;28;22;50;SEC_204
2017;249;35-49;132;123;255;SEC_249
2017;214;00-02;46;40;86;SEC_214
2017;133;65-74;58;44;102;SEC_133
2017;437;65-74;77;58;135;SEC_437
2017;431;16-17;15;16;31;SEC_431
2017;407;12-15;15;22;37;SEC_407
2017;101;25-34;159;162;321;SEC_101
2017;421;35-49;155;165;320;SEC_421
2017;325;65-74;136;111;247;SEC_325
2017;523;16-17;12;11;23;SEC_523
2017;605;35-49;187;191;378;SEC_605
2017;403;18-24;37;47;84;SEC_403
2017;624;16-17;9;6;15;SEC_624
2017;615;25-34;33;36;69;SEC_615
2017;627;12-15;11;13;24;SEC_627
2017;305;35-49;165;187;352;SEC_305
2017;114;65-74;115;85;200;SEC_114
2017;524;12-15;30;21;51;SEC_524
2017;532;35-49;187;191;378;SEC_532
2017;523;75 i +;90;68;158;SEC_523
2017;503;35-49;85;68;153;SEC_503
2017;112;00-02;21;17;38;SEC_112
2017;248;65-74;43;41;84;SEC_248
2017;223;03-11;62;55;117;SEC_223
2017;514;65-74;54;30;84;SEC_514
2017;224;65-74;48;34;82;SEC_224
2017;214;50-64;187;172;359;SEC_214
2017;214;65-74;77;53;130;SEC_214
2017;613;00-02;16;8;24;SEC_613
2017;422;03-11;59;52;111;SEC_422
2017;217;12-15;25;26;51;SEC_217
2017;108;65-74;65;59;124;SEC_108
2017;437;03-11;68;81;149;SEC_437
2017;233;12-15;7;14;21;SEC_233
2017;234;65-74;41;23;64;SEC_234
2017;208;03-11;34;36;70;SEC_208
2017;201;75 i +;60;45;105;SEC_201
2017;501;03-11;24;33;57;SEC_501
2017;521;50-64;81;66;147;SEC_521
2017;622;18-24;18;37;55;SEC_622
2017;315;00-02;24;25;49;SEC_315
2017;137;75 i +;56;48;104;SEC_137
2017;531;35-49;122;128;250;SEC_531
2017;118;16-17;17;10;27;SEC_118
2017;410;25-34;96;113;209;SEC_410
2017;608;00-02;12;10;22;SEC_608
2017;416;03-11;62;78;140;SEC_416
2017;501;35-49;105;128;233;SEC_501
2017;538;00-02;20;14;34;SEC_538
2017;436;65-74;56;54;110;SEC_436
2017;614;12-15;19;19;38;SEC_614
2017;236;12-15;17;23;40;SEC_236
2017;613;12-15;16;17;33;SEC_613
2017;425;03-11;42;44;86;SEC_425
2017;432;18-24;47;52;99;SEC_432
2017;431;12-15;35;44;79;SEC_431
2017;103;35-49;105;113;218;SEC_103
2017;419;16-17;24;18;42;SEC_419
2017;503;65-74;59;68;127;SEC_503
2017;419;75 i +;110;75;185;SEC_419
2017;508;50-64;133;134;267;SEC_508
2017;132;00-02;22;20;42;SEC_132
2017;421;00-02;16;15;31;SEC_421
2017;405;03-11;75;73;148;SEC_405
2017;224;03-11;62;68;130;SEC_224
2017;506;35-49;174;182;356;SEC_506
2017;112;03-11;62;59;121;SEC_112
2017;523;18-24;48;52;100;SEC_523
2017;313;35-49;233;212;445;SEC_313
2017;323;12-15;38;41;79;SEC_323
2017;128;50-64;85;87;172;SEC_128
2017;412;35-49;163;183;346;SEC_412
2017;431;00-02;23;30;53;SEC_431
2017;314;35-49;271;280;551;SEC_314
2017;611;16-17;18;15;33;SEC_611
2017;607;75 i +;104;91;195;SEC_607
2017;411;18-24;36;32;68;SEC_411
2017;514;00-02;14;21;35;SEC_514
2017;617;18-24;24;35;59;SEC_617
2017;520;03-11;42;26;68;SEC_520
2017;209;12-15;17;20;37;SEC_209
2017;605;00-02;29;18;47;SEC_605
2017;631;16-17;8;13;21;SEC_631
2017;530;25-34;138;110;248;SEC_530
2017;432;50-64;122;102;224;SEC_432
2017;405;25-34;139;107;246;SEC_405
2017;431;75 i +;85;39;124;SEC_431
2017;116;00-02;15;12;27;SEC_116
2017;430;65-74;34;28;62;SEC_430
2017;110;16-17;1;7;8;SEC_110
2017;136;16-17;10;9;19;SEC_136
2017;631;35-49;133;124;257;SEC_631
2017;508;03-11;65;71;136;SEC_508
2017;308;00-02;23;29;52;SEC_308
2017;537;50-64;132;106;238;SEC_537
2017;622;75 i +;36;21;57;SEC_622
2017;502;75 i +;141;85;226;SEC_502
2017;513;65-74;48;40;88;SEC_513
2017;311;65-74;63;43;106;SEC_311
2017;126;25-34;64;51;115;SEC_126
2017;626;65-74;74;54;128;SEC_626
2017;213;12-15;19;24;43;SEC_213
2017;618;25-34;53;44;97;SEC_618
2017;423;50-64;89;77;166;SEC_423
2017;403;35-49;138;141;279;SEC_403
2017;622;25-34;47;35;82;SEC_622
2017;433;00-02;28;37;65;SEC_433
2017;137;03-11;72;58;130;SEC_137
2017;236;75 i +;97;48;145;SEC_236
2017;303;50-64;123;128;251;SEC_303
2017;630;50-64;82;64;146;SEC_630
2017;617;50-64;84;79;163;SEC_617
2017;613;75 i +;95;89;184;SEC_613
2017;306;65-74;88;72;160;SEC_306
2017;619;00-02;9;10;19;SEC_619
2017;518;00-02;17;13;30;SEC_518
2017;126;03-11;31;35;66;SEC_126
2017;501;65-74;117;116;233;SEC_501
2017;108;12-15;22;18;40;SEC_108
2017;127;16-17;6;4;10;SEC_127
2017;322;75 i +;79;41;120;SEC_322
2017;514;18-24;72;66;138;SEC_514
2017;601;12-15;34;37;71;SEC_601
2017;423;25-34;64;59;123;SEC_423
2017;605;16-17;15;13;28;SEC_605
2017;514;25-34;106;87;193;SEC_514
2017;426;35-49;115;165;280;SEC_426
2017;104;03-11;33;26;59;SEC_104
2017;611;35-49;233;243;476;SEC_611
2017;216;18-24;52;45;97;SEC_216
2017;107;16-17;16;11;27;SEC_107
2017;511;00-02;37;50;87;SEC_511
2017;212;35-49;206;199;405;SEC_212
2017;305;16-17;14;16;30;SEC_305
2017;531;75 i +;53;35;88;SEC_531
2017;406;12-15;27;34;61;SEC_406
2017;621;12-15;22;26;48;SEC_621
2017;517;16-17;17;29;46;SEC_517
2017;538;03-11;51;53;104;SEC_538
2017;324;16-17;14;12;26;SEC_324
2017;510;35-49;117;127;244;SEC_510
2017;103;03-11;34;34;68;SEC_103
2017;435;16-17;8;8;16;SEC_435
2017;124;25-34;66;65;131;SEC_124
2017;312;00-02;31;29;60;SEC_312
2017;528;03-11;53;53;106;SEC_528
2017;132;75 i +;115;78;193;SEC_132
2017;534;12-15;16;21;37;SEC_534
2017;420;00-02;24;35;59;SEC_420
2017;120;75 i +;68;45;113;SEC_120
2017;120;12-15;19;42;61;SEC_120
2017;418;65-74;56;40;96;SEC_418
2017;110;03-11;41;31;72;SEC_110
2017;319;00-02;25;32;57;SEC_319
2017;242;18-24;53;39;92;SEC_242
2017;401;00-02;20;13;33;SEC_401
2017;529;50-64;101;97;198;SEC_529
2017;510;03-11;52;40;92;SEC_510
2017;135;25-34;95;110;205;SEC_135
2017;537;18-24;58;51;109;SEC_537
2017;325;35-49;191;185;376;SEC_325
2017;307;03-11;54;40;94;SEC_307
2017;524;18-24;46;54;100;SEC_524
2017;307;25-34;56;79;135;SEC_307
2017;525;50-64;62;65;127;SEC_525
2017;140;65-74;54;46;100;SEC_140
2017;221;75 i +;113;78;191;SEC_221
2017;303;16-17;14;12;26;SEC_303
2017;616;16-17;28;25;53;SEC_616
2017;131;35-49;152;172;324;SEC_131
2017;427;25-34;156;128;284;SEC_427
2017;507;18-24;24;48;72;SEC_507
2017;106;65-74;137;139;276;SEC_106
2017;612;00-02;10;8;18;SEC_612
2017;303;00-02;23;19;42;SEC_303
2017;117;00-02;18;25;43;SEC_117
2017;136;65-74;64;68;132;SEC_136
2017;423;18-24;47;30;77;SEC_423
2017;129;50-64;95;85;180;SEC_129
2017;136;35-49;161;161;322;SEC_136
2017;610;65-74;127;71;198;SEC_610
2017;632;65-74;50;38;88;SEC_632
2017;535;50-64;103;85;188;SEC_535
2017;312;12-15;18;24;42;SEC_312
2017;538;25-34;95;81;176;SEC_538
2017;517;50-64;196;154;350;SEC_517
2017;632;75 i +;53;37;90;SEC_632
2017;630;35-49;97;105;202;SEC_630
2017;323;00-02;23;20;43;SEC_323
2017;409;16-17;13;12;25;SEC_409
2017;514;75 i +;95;59;154;SEC_514
2017;118;75 i +;64;62;126;SEC_118
2017;201;00-02;32;43;75;SEC_201
2017;606;18-24;29;31;60;SEC_606
2017;626;03-11;38;40;78;SEC_626
2017;537;35-49;154;134;288;SEC_537
2017;232;65-74;51;36;87;SEC_232
2017;130;00-02;15;17;32;SEC_130
2017;232;18-24;48;54;102;SEC_232
2017;327;00-02;12;24;36;SEC_327
2017;317;75 i +;47;24;71;SEC_317
2017;508;16-17;16;9;25;SEC_508
2017;508;25-34;118;107;225;SEC_508
2017;231;50-64;98;102;200;SEC_231
2017;313;18-24;64;59;123;SEC_313
2017;205;50-64;101;104;205;SEC_205
2017;406;35-49;162;158;320;SEC_406
2017;114;75 i +;114;79;193;SEC_114
2017;503;03-11;18;22;40;SEC_503
2017;310;50-64;99;72;171;SEC_310
2017;243;12-15;20;33;53;SEC_243
2017;324;00-02;20;10;30;SEC_324
2017;521;25-34;45;38;83;SEC_521
2017;525;75 i +;78;36;114;SEC_525
2017;425;35-49;135;143;278;SEC_425
2017;247;25-34;99;90;189;SEC_247
2017;321;03-11;58;75;133;SEC_321
2017;301;16-17;21;18;39;SEC_301
2017;426;03-11;48;40;88;SEC_426
2017;318;12-15;7;16;23;SEC_318
2017;504;12-15;14;10;24;SEC_504
2017;237;75 i +;88;47;135;SEC_237
2017;435;75 i +;66;25;91;SEC_435
2017;128;12-15;16;15;31;SEC_128
2017;236;03-11;43;51;94;SEC_236
2017;317;16-17;10;13;23;SEC_317
2017;311;75 i +;94;62;156;SEC_311
2017;109;65-74;81;66;147;SEC_109
2017;617;65-74;60;42;102;SEC_617
2017;246;25-34;98;93;191;SEC_246
2017;610;18-24;31;42;73;SEC_610
2017;538;16-17;11;15;26;SEC_538
2017;618;35-49;127;114;241;SEC_618
2017;137;00-02;19;23;42;SEC_137
2017;212;16-17;15;16;31;SEC_212
2017;308;65-74;122;103;225;SEC_308
2017;107;03-11;67;64;131;SEC_107
2017;327;50-64;163;129;292;SEC_327
2017;521;18-24;20;24;44;SEC_521
2017;624;75 i +;58;63;121;SEC_624
2017;405;16-17;26;15;41;SEC_405
2017;248;16-17;7;11;18;SEC_248
2017;120;65-74;100;97;197;SEC_120
2017;611;75 i +;112;97;209;SEC_611
2017;110;65-74;120;93;213;SEC_110
2017;535;03-11;33;31;64;SEC_535
2017;511;25-34;175;162;337;SEC_511
2017;308;16-17;26;20;46;SEC_308
2017;419;35-49;235;302;537;SEC_419
2017;301;65-74;133;117;250;SEC_301
2017;601;65-74;143;98;241;SEC_601
2017;226;12-15;39;34;73;SEC_226
2017;433;75 i +;65;39;104;SEC_433
2017;621;18-24;44;48;92;SEC_621
2017;513;03-11;73;74;147;SEC_513
2017;412;75 i +;117;85;202;SEC_412
2017;126;16-17;13;11;24;SEC_126
2017;322;18-24;49;44;93;SEC_322
2017;402;12-15;18;16;34;SEC_402
2017;103;25-34;49;39;88;SEC_103
2017;312;18-24;67;53;120;SEC_312
2017;535;18-24;30;29;59;SEC_535
2017;534;00-02;18;24;42;SEC_534
2017;324;12-15;27;21;48;SEC_324
2017;119;35-49;122;143;265;SEC_119
2017;216;12-15;34;27;61;SEC_216
2017;537;25-34;99;95;194;SEC_537
2017;246;65-74;40;33;73;SEC_246
2017;401;16-17;8;13;21;SEC_401
2017;528;25-34;72;66;138;SEC_528
2017;106;18-24;41;53;94;SEC_106
2017;323;03-11;65;101;166;SEC_323
2017;302;65-74;121;114;235;SEC_302
2017;116;65-74;117;81;198;SEC_116
2017;105;35-49;141;140;281;SEC_105
2017;421;75 i +;90;73;163;SEC_421
2017;125;65-74;108;88;196;SEC_125
2017;126;12-15;22;16;38;SEC_126
2017;430;00-02;20;13;33;SEC_430
2017;615;75 i +;58;58;116;SEC_615
2017;135;00-02;12;22;34;SEC_135
2017;202;75 i +;79;65;144;SEC_202
2017;133;75 i +;67;31;98;SEC_133
2017;312;50-64;156;165;321;SEC_312
2017;508;00-02;18;19;37;SEC_508
2017;205;16-17;8;13;21;SEC_205
2017;213;65-74;55;34;89;SEC_213
2017;615;50-64;50;45;95;SEC_615
2017;505;25-34;55;54;109;SEC_505
2017;321;65-74;180;162;342;SEC_321
2017;245;35-49;147;153;300;SEC_245
2017;431;03-11;102;92;194;SEC_431
2017;405;50-64;158;156;314;SEC_405
2017;305;50-64;210;177;387;SEC_305
2017;506;03-11;50;55;105;SEC_506
2017;410;65-74;101;85;186;SEC_410
2017;609;65-74;83;58;141;SEC_609
2017;537;16-17;14;9;23;SEC_537
2017;236;16-17;5;13;18;SEC_236
2017;623;12-15;23;37;60;SEC_623
2017;313;65-74;126;101;227;SEC_313
2017;514;35-49;188;186;374;SEC_514
2017;614;03-11;37;48;85;SEC_614
2017;613;16-17;11;13;24;SEC_613
2017;229;12-15;38;26;64;SEC_229
2017;209;65-74;34;36;70;SEC_209
2017;414;16-17;19;14;33;SEC_414
2017;134;12-15;22;29;51;SEC_134
2017;113;16-17;8;13;21;SEC_113
2017;504;50-64;72;73;145;SEC_504
2017;630;65-74;74;64;138;SEC_630
2017;132;65-74;121;126;247;SEC_132
2017;308;35-49;251;222;473;SEC_308
2017;231;00-02;25;21;46;SEC_231
2017;238;18-24;39;48;87;SEC_238
2017;228;75 i +;137;89;226;SEC_228
2017;118;00-02;15;20;35;SEC_118
2017;249;00-02;16;13;29;SEC_249
2017;223;00-02;22;14;36;SEC_223
2017;405;75 i +;150;93;243;SEC_405
2017;242;00-02;19;17;36;SEC_242
2017;507;25-34;52;59;111;SEC_507
2017;315;03-11;84;79;163;SEC_315
2017;420;65-74;89;70;159;SEC_420
2017;517;00-02;35;38;73;SEC_517
2017;127;03-11;37;32;69;SEC_127
2017;247;65-74;57;37;94;SEC_247
2017;201;35-49;236;247;483;SEC_201
2017;109;03-11;46;47;93;SEC_109
2017;221;50-64;171;161;332;SEC_221
2017;409;18-24;87;69;156;SEC_409
2017;106;35-49;180;207;387;SEC_106
2017;436;75 i +;71;49;120;SEC_436
2017;315;25-34;117;116;233;SEC_315
2017;217;50-64;130;143;273;SEC_217
2017;121;65-74;24;24;48;SEC_121
2017;611;18-24;46;54;100;SEC_611
2017;127;35-49;95;89;184;SEC_127
2017;324;50-64;75;81;156;SEC_324
2017;513;50-64;126;138;264;SEC_513
2017;521;00-02;6;4;10;SEC_521
2017;507;03-11;34;27;61;SEC_507
2017;202;18-24;62;83;145;SEC_202
2017;632;16-17;13;6;19;SEC_632
2017;221;00-02;28;31;59;SEC_221
2017;320;12-15;38;36;74;SEC_320
2017;119;50-64;135;94;229;SEC_119
2017;132;16-17;16;21;37;SEC_132
2017;406;65-74;77;65;142;SEC_406
2017;226;35-49;238;229;467;SEC_226
2017;538;75 i +;104;62;166;SEC_538
2017;326;16-17;7;7;14;SEC_326
2017;107;50-64;152;125;277;SEC_107
2017;327;16-17;13;12;25;SEC_327
2017;609;25-34;37;41;78;SEC_609
2017;112;16-17;16;20;36;SEC_112
2017;431;50-64;130;109;239;SEC_431
2017;307;35-49;144;143;287;SEC_307
2017;130;12-15;19;13;32;SEC_130
2017;608;75 i +;102;69;171;SEC_608
2017;104;12-15;12;18;30;SEC_104
2017;121;03-11;32;53;85;SEC_121
2017;504;00-02;9;18;27;SEC_504
2017;104;16-17;8;10;18;SEC_104
2017;122;16-17;6;13;19;SEC_122
2017;504;25-34;72;60;132;SEC_504
2017;228;18-24;100;87;187;SEC_228
2017;410;18-24;58;73;131;SEC_410
2017;412;16-17;9;13;22;SEC_412
2017;130;03-11;56;45;101;SEC_130
2017;525;16-17;6;7;13;SEC_525
2017;134;18-24;51;45;96;SEC_134
2017;129;16-17;7;13;20;SEC_129
2017;531;00-02;7;12;19;SEC_531
2017;221;65-74;83;69;152;SEC_221
2017;627;16-17;7;2;9;SEC_627
2017;537;00-02;19;12;31;SEC_537
2017;504;65-74;93;65;158;SEC_504
2017;238;75 i +;55;38;93;SEC_238
2017;433;65-74;70;60;130;SEC_433
2017;316;65-74;167;159;326;SEC_316
2017;625;25-34;55;64;119;SEC_625
2017;319;75 i +;43;37;80;SEC_319
2017;626;75 i +;69;45;114;SEC_626
2017;216;00-02;20;13;33;SEC_216
2017;113;12-15;20;37;57;SEC_113
2017;401;18-24;59;59;118;SEC_401
2017;323;18-24;75;54;129;SEC_323
2017;246;18-24;48;44;92;SEC_246
2017;309;12-15;19;32;51;SEC_309
2017;229;65-74;52;32;84;SEC_229
2017;403;75 i +;101;82;183;SEC_403
2017;228;00-02;33;29;62;SEC_228
2017;308;25-34;97;98;195;SEC_308
2017;524;25-34;118;103;221;SEC_524
2017;528;12-15;23;21;44;SEC_528
2017;316;25-34;156;154;310;SEC_316
2017;125;18-24;43;56;99;SEC_125
2017;430;25-34;80;87;167;SEC_430
2017;122;18-24;27;22;49;SEC_122
2017;133;00-02;9;11;20;SEC_133
2017;409;12-15;29;36;65;SEC_409
2017;116;50-64;146;124;270;SEC_116
2017;213;16-17;4;12;16;SEC_213
2017;605;25-34;89;78;167;SEC_605
2017;249;03-11;33;42;75;SEC_249
2017;211;35-49;195;196;391;SEC_211
2017;311;12-15;32;27;59;SEC_311
2017;412;12-15;32;24;56;SEC_412
2017;427;03-11;84;117;201;SEC_427
2017;402;50-64;88;74;162;SEC_402
2017;124;03-11;40;39;79;SEC_124
2017;320;03-11;68;71;139;SEC_320
2017;610;16-17;11;19;30;SEC_610
2017;249;12-15;15;16;31;SEC_249
2017;213;18-24;31;41;72;SEC_213
2017;416;16-17;18;19;37;SEC_416
2017;116;16-17;12;13;25;SEC_116
2017;121;12-15;16;10;26;SEC_121
2017;210;65-74;60;48;108;SEC_210
2017;601;25-34;107;115;222;SEC_601
2017;123;65-74;66;57;123;SEC_123
2017;520;65-74;43;41;84;SEC_520
2017;131;18-24;41;32;73;SEC_131
2017;211;75 i +;74;37;111;SEC_211
2017;617;75 i +;70;42;112;SEC_617
2017;320;18-24;49;42;91;SEC_320
2017;501;12-15;17;23;40;SEC_501
2017;523;12-15;26;19;45;SEC_523
2017;322;16-17;14;19;33;SEC_322
2017;402;25-34;74;53;127;SEC_402
2017;319;16-17;14;15;29;SEC_319
2017;243;65-74;57;49;106;SEC_243
2017;245;03-11;51;57;108;SEC_245
2017;525;65-74;38;36;74;SEC_525
2017;418;75 i +;87;67;154;SEC_418
2017;112;65-74;100;88;188;SEC_112
2017;237;50-64;133;110;243;SEC_237
2017;247;75 i +;75;46;121;SEC_247
2017;308;75 i +;105;91;196;SEC_308
2017;437;25-34;95;121;216;SEC_437
2017;322;50-64;119;95;214;SEC_322
2017;108;03-11;65;64;129;SEC_108
2017;113;50-64;198;154;352;SEC_113
2017;412;65-74;112;92;204;SEC_412
2017;433;12-15;30;35;65;SEC_433
2017;306;03-11;64;60;124;SEC_306
2017;613;03-11;35;49;84;SEC_613
2017;138;18-24;27;19;46;SEC_138
2017;307;18-24;32;38;70;SEC_307
2017;131;00-02;12;18;30;SEC_131
2017;432;12-15;18;16;34;SEC_432
2017;425;12-15;17;20;37;SEC_425
2017;136;03-11;55;54;109;SEC_136
2017;506;00-02;16;19;35;SEC_506
2017;506;12-15;26;35;61;SEC_506
2017;324;35-49;162;185;347;SEC_324
2017;210;25-34;42;47;89;SEC_210
2017;136;18-24;45;40;85;SEC_136
2017;612;65-74;85;58;143;SEC_612
2017;214;16-17;18;22;40;SEC_214
2017;234;50-64;89;84;173;SEC_234
2017;233;16-17;3;16;19;SEC_233
2017;505;18-24;26;18;44;SEC_505
2017;440;75 i +;84;72;156;SEC_440
2017;309;25-34;83;74;157;SEC_309
2017;526;00-02;30;24;54;SEC_526
2017;123;35-49;152;136;288;SEC_123
2017;537;75 i +;88;63;151;SEC_537
2017;514;50-64;121;125;246;SEC_514
2017;411;75 i +;97;77;174;SEC_411
2017;316;75 i +;85;55;140;SEC_316
2017;615;00-02;13;5;18;SEC_615
2017;630;03-11;22;43;65;SEC_630
2017;205;35-49;111;107;218;SEC_205
2017;403;03-11;52;54;106;SEC_403
2017;419;12-15;31;42;73;SEC_419
2017;631;75 i +;75;52;127;SEC_631
2017;312;65-74;131;73;204;SEC_312
2017;211;03-11;60;69;129;SEC_211
2017;126;00-02;14;15;29;SEC_126
2017;513;12-15;20;30;50;SEC_513
2017;631;50-64;74;76;150;SEC_631
2017;238;16-17;5;4;9;SEC_238
2017;632;18-24;39;34;73;SEC_632
2017;220;65-74;64;34;98;SEC_220
2017;306;00-02;22;34;56;SEC_306
2017;535;65-74;101;71;172;SEC_535
2017;622;03-11;33;33;66;SEC_622
2017;114;35-49;183;199;382;SEC_114
2017;239;03-11;41;34;75;SEC_239
2017;418;35-49;152;191;343;SEC_418
2017;105;25-34;61;76;137;SEC_105
2017;107;75 i +;115;66;181;SEC_107
2017;312;35-49;233;257;490;SEC_312
2017;114;18-24;53;45;98;SEC_114
2017;202;25-34;147;170;317;SEC_202
2017;608;18-24;33;33;66;SEC_608
2017;208;16-17;7;15;22;SEC_208
2017;130;50-64;93;95;188;SEC_130
2017;410;35-49;188;158;346;SEC_410
2017;248;12-15;24;14;38;SEC_248
2017;217;16-17;5;12;17;SEC_217
2017;317;65-74;28;31;59;SEC_317
2017;226;00-02;31;28;59;SEC_226
2017;125;12-15;31;29;60;SEC_125
2017;233;35-49;133;143;276;SEC_233
2017;625;03-11;28;32;60;SEC_625
2017;402;75 i +;59;42;101;SEC_402
2017;423;16-17;9;11;20;SEC_423
2017;624;18-24;25;31;56;SEC_624
2017;625;16-17;9;14;23;SEC_625
2017;612;12-15;15;19;34;SEC_612
2017;232;00-02;19;19;38;SEC_232
2017;529;65-74;46;33;79;SEC_529
2017;435;50-64;84;97;181;SEC_435
2017;623;65-74;138;104;242;SEC_623
2017;122;75 i +;74;63;137;SEC_122
2017;407;03-11;48;40;88;SEC_407
2017;315;18-24;64;61;125;SEC_315
2017;216;35-49;154;154;308;SEC_216
2017;526;75 i +;92;60;152;SEC_526
2017;407;35-49;122;148;270;SEC_407
2017;518;16-17;8;12;20;SEC_518
2017;202;16-17;21;15;36;SEC_202
2017;129;25-34;56;67;123;SEC_129
2017;320;18-24;4;4;8;SEC_320
2017;108;35-49;162;175;337;SEC_108
2017;411;12-15;19;18;37;SEC_411
2017;517;03-11;102;100;202;SEC_517
2017;119;65-74;123;110;233;SEC_119
2017;116;25-34;64;68;132;SEC_116
2017;325;25-34;83;78;161;SEC_325
2017;326;18-24;22;23;45;SEC_326
2017;538;35-49;168;168;336;SEC_538
2017;239;25-34;84;102;186;SEC_239
2017;223;50-64;117;104;221;SEC_223
2017;602;75 i +;86;93;179;SEC_602
2017;321;35-49;231;204;435;SEC_321
2017;140;12-15;11;22;33;SEC_140
2017;410;50-64;157;145;302;SEC_410
2017;323;75 i +;68;38;106;SEC_323
2017;608;50-64;145;119;264;SEC_608
2017;306;16-17;20;19;39;SEC_306
2017;411;03-11;32;28;60;SEC_411
2017;128;18-24;28;22;50;SEC_128
2017;132;35-49;216;259;475;SEC_132
2017;136;25-34;72;62;134;SEC_136
2017;302;75 i +;72;48;120;SEC_302
2017;414;12-15;23;28;51;SEC_414
2017;430;03-11;56;58;114;SEC_430
2017;321;50-64;280;239;519;SEC_321
2017;130;18-24;30;29;59;SEC_130
2017;419;03-11;74;118;192;SEC_419
2017;310;65-74;54;59;113;SEC_310
2017;626;35-49;106;96;202;SEC_626
2017;607;12-15;20;11;31;SEC_607
2017;131;75 i +;80;55;135;SEC_131
2017;402;18-24;43;26;69;SEC_402
2017;217;25-34;96;121;217;SEC_217
2017;631;25-34;52;46;98;SEC_631
2017;135;16-17;14;14;28;SEC_135
2017;317;50-64;84;74;158;SEC_317
2017;138;50-64;90;73;163;SEC_138
2017;135;03-11;45;56;101;SEC_135
2017;538;50-64;126;114;240;SEC_538
2017;309;50-64;105;86;191;SEC_309
2017;523;00-02;18;24;42;SEC_523
2017;521;75 i +;78;60;138;SEC_521
2017;614;75 i +;81;54;135;SEC_614
2017;602;25-34;59;62;121;SEC_602
2017;314;75 i +;89;59;148;SEC_314
2017;632;03-11;35;51;86;SEC_632
2017;535;00-02;8;4;12;SEC_535
2017;426;00-02;19;16;35;SEC_426
2017;311;16-17;10;20;30;SEC_311
2017;212;12-15;22;27;49;SEC_212
2017;207;00-02;26;24;50;SEC_207
2017;322;00-02;16;25;41;SEC_322
2017;135;18-24;48;38;86;SEC_135
2017;326;03-11;80;77;157;SEC_326
2017;121;16-17;5;10;15;SEC_121
2017;137;50-64;163;142;305;SEC_137
2017;117;75 i +;97;58;155;SEC_117
2017;243;25-34;127;130;257;SEC_243
2017;520;50-64;84;69;153;SEC_520
2017;214;03-11;96;101;197;SEC_214
2017;430;18-24;42;62;104;SEC_430
2017;503;12-15;4;7;11;SEC_503
2017;221;03-11;90;90;180;SEC_221
2017;529;00-02;18;21;39;SEC_529
2017;122;65-74;47;26;73;SEC_122
2017;236;65-74;57;35;92;SEC_236
2017;107;18-24;43;54;97;SEC_107
2017;315;16-17;9;15;24;SEC_315
2017;249;50-64;99;91;190;SEC_249
2017;407;50-64;94;72;166;SEC_407
2017;436;03-11;72;58;130;SEC_436
2017;319;12-15;39;37;76;SEC_319
2017;120;16-17;13;22;35;SEC_120
2017;436;12-15;31;35;66;SEC_436
2017;115;35-49;160;155;315;SEC_115
2017;532;00-02;20;21;41;SEC_532
2017;525;12-15;20;16;36;SEC_525
2017;317;35-49;141;185;326;SEC_317
2017;306;25-34;114;119;233;SEC_306
2017;617;25-34;54;48;102;SEC_617
2017;538;18-24;44;52;96;SEC_538
2017;612;50-64;71;71;142;SEC_612
2017;325;03-11;64;62;126;SEC_325
2017;529;25-34;104;82;186;SEC_529
2017;238;03-11;48;42;90;SEC_238
2017;323;50-64;201;169;370;SEC_323
2017;521;03-11;41;32;73;SEC_521
2017;518;65-74;59;37;96;SEC_518
2017;315;50-64;182;156;338;SEC_315
2017;231;12-15;19;29;48;SEC_231
2017;419;25-34;151;161;312;SEC_419
2017;409;75 i +;122;80;202;SEC_409
2017;233;65-74;32;20;52;SEC_233
2017;138;65-74;59;51;110;SEC_138
2017;431;35-49;197;232;429;SEC_431
2017;406;16-17;11;13;24;SEC_406
2017;631;00-02;4;14;18;SEC_631
2017;118;25-34;89;69;158;SEC_118
2017;419;50-64;155;158;313;SEC_419
2017;232;12-15;8;17;25;SEC_232
2017;420;50-64;206;181;387;SEC_420
2017;320;12-15;3;3;6;SEC_320
2017;220;03-11;77;72;149;SEC_220
2017;441;18-24;99;58;157;SEC_441
2017;531;12-15;19;12;31;SEC_531
2017;437;50-64;152;147;299;SEC_437
2017;306;18-24;68;56;124;SEC_306
2017;140;00-02;11;15;26;SEC_140
2017;501;16-17;12;11;23;SEC_501
2017;325;00-02;11;23;34;SEC_325
2017;631;65-74;114;84;198;SEC_631
2017;213;50-64;97;81;178;SEC_213
2017;435;35-49;129;180;309;SEC_435
2017;402;03-11;43;49;92;SEC_402
2017;106;25-34;99;106;205;SEC_106
2017;622;00-02;6;7;13;SEC_622
2017;427;35-49;231;230;461;SEC_427
2017;245;25-34;102;89;191;SEC_245
2017;305;00-02;22;18;40;SEC_305
2017;217;03-11;58;58;116;SEC_217
2017;212;00-02;20;24;44;SEC_212
2017;414;50-64;165;145;310;SEC_414
2017;624;12-15;18;21;39;SEC_624
2017;204;18-24;76;71;147;SEC_204
2017;407;00-02;14;19;33;SEC_407
2017;501;25-34;40;40;80;SEC_501
2017;505;50-64;91;93;184;SEC_505
2017;229;50-64;170;149;319;SEC_229
2017;619;65-74;93;72;165;SEC_619
2017;233;00-02;12;11;23;SEC_233
2017;246;75 i +;66;51;117;SEC_246
2017;201;18-24;30;50;80;SEC_201
2017;134;65-74;71;64;135;SEC_134
2017;115;65-74;80;72;152;SEC_115
2017;322;25-34;98;96;194;SEC_322
2017;430;35-49;147;180;327;SEC_430
2017;115;03-11;57;55;112;SEC_115
2017;310;35-49;97;118;215;SEC_310
2017;430;16-17;9;11;20;SEC_430
2017;240;16-17;14;12;26;SEC_240
2017;322;12-15;23;28;51;SEC_322
2017;419;18-24;77;90;167;SEC_419
2017;534;35-49;126;122;248;SEC_534
2017;126;65-74;90;67;157;SEC_126
2017;422;12-15;14;28;42;SEC_422
2017;502;65-74;92;85;177;SEC_502
2017;304;00-02;81;93;174;SEC_304
2017;211;50-64;127;96;223;SEC_211
2017;621;25-34;74;76;150;SEC_621
2017;132;18-24;52;64;116;SEC_132
2017;129;00-02;10;14;24;SEC_129
2017;401;12-15;21;21;42;SEC_401
2017;630;25-34;53;42;95;SEC_630
2017;231;25-34;104;91;195;SEC_231
2017;529;03-11;53;62;115;SEC_529
2017;310;16-17;6;8;14;SEC_310
2017;239;18-24;39;40;79;SEC_239
2017;114;00-02;19;11;30;SEC_114
2017;436;35-49;204;218;422;SEC_436
2017;240;03-11;87;61;148;SEC_240
2017;530;50-64;144;131;275;SEC_530
2017;430;75 i +;55;35;90;SEC_430
2017;506;75 i +;113;94;207;SEC_506
2017;134;50-64;151;121;272;SEC_134
2017;301;12-15;66;60;126;SEC_301
2017;505;00-02;8;17;25;SEC_505
2017;302;03-11;53;48;101;SEC_302
2017;607;50-64;98;88;186;SEC_607
2017;128;00-02;17;22;39;SEC_128
2017;133;50-64;80;79;159;SEC_133
2017;117;03-11;65;67;132;SEC_117
2017;534;50-64;83;74;157;SEC_534
2017;209;25-34;75;80;155;SEC_209
2017;401;75 i +;94;53;147;SEC_401
2017;521;65-74;111;99;210;SEC_521
2017;427;50-64;139;135;274;SEC_427
2017;123;16-17;10;6;16;SEC_123
2017;525;25-34;68;56;124;SEC_525
2017;220;16-17;11;8;19;SEC_220
2017;611;25-34;105;104;209;SEC_611
2017;238;35-49;135;111;246;SEC_238
2017;513;16-17;14;14;28;SEC_513
2017;224;18-24;39;46;85;SEC_224
2017;520;75 i +;63;37;100;SEC_520
2017;610;03-11;42;40;82;SEC_610
2017;125;16-17;12;14;26;SEC_125
2017;228;03-11;102;107;209;SEC_228
2017;128;16-17;9;6;15;SEC_128
2017;139;00-02;8;12;20;SEC_139
2017;412;18-24;62;63;125;SEC_412
2017;231;35-49;183;182;365;SEC_231
2017;322;35-49;184;187;371;SEC_322
2017;433;50-64;173;158;331;SEC_433
2017;520;18-24;27;33;60;SEC_520
2017;240;35-49;229;208;437;SEC_240
2017;223;12-15;24;24;48;SEC_223
2017;517;65-74;77;56;133;SEC_517
2017;506;16-17;17;24;41;SEC_506
2017;405;12-15;26;29;55;SEC_405
2017;421;50-64;107;94;201;SEC_421
2017;117;18-24;66;59;125;SEC_117
2017;139;35-49;106;120;226;SEC_139
2017;237;16-17;13;13;26;SEC_237
2017;404;00-02;12;22;34;SEC_404
2017;124;18-24;27;22;49;SEC_124
2017;245;12-15;15;33;48;SEC_245
2017;118;12-15;33;24;57;SEC_118
2017;223;25-34;97;108;205;SEC_223
2017;216;03-11;57;66;123;SEC_216
2017;216;50-64;116;102;218;SEC_216
2017;508;12-15;27;27;54;SEC_508
2017;303;12-15;25;25;50;SEC_303
2017;435;25-34;105;101;206;SEC_435
2017;319;50-64;153;141;294;SEC_319
2017;205;12-15;22;21;43;SEC_205
2017;426;50-64;81;85;166;SEC_426
2017;426;25-34;105;85;190;SEC_426
2017;602;12-15;20;25;45;SEC_602
2017;436;16-17;24;19;43;SEC_436
2017;242;16-17;11;9;20;SEC_242
2017;327;25-34;88;84;172;SEC_327
2017;601;35-49;198;275;473;SEC_601
2017;311;18-24;55;48;103;SEC_311
2017;249;25-34;72;92;164;SEC_249
2017;607;25-34;59;69;128;SEC_607
2017;304;25-34;289;252;541;SEC_304
2017;632;25-34;43;53;96;SEC_632
2017;301;00-02;44;48;92;SEC_301
2017;248;03-11;59;66;125;SEC_248
2017;120;18-24;69;59;128;SEC_120
2017;535;16-17;5;13;18;SEC_535
2017;208;12-15;23;28;51;SEC_208
2017;233;75 i +;60;31;91;SEC_233
2017;414;75 i +;89;62;151;SEC_414
2017;406;50-64;129;124;253;SEC_406
2017;607;00-02;10;9;19;SEC_607
2017;226;03-11;83;87;170;SEC_226
2017;321;16-17;14;21;35;SEC_321
2017;526;18-24;88;79;167;SEC_526
2017;608;16-17;9;11;20;SEC_608
2017;214;18-24;114;95;209;SEC_214
2017;205;75 i +;73;51;124;SEC_205
2017;623;75 i +;82;62;144;SEC_623
2017;510;65-74;59;47;106;SEC_510
2017;220;35-49;245;208;453;SEC_220
2017;508;65-74;58;36;94;SEC_508
2017;406;00-02;20;14;34;SEC_406
2017;205;25-34;79;69;148;SEC_205
2017;111;18-24;22;25;47;SEC_111
2017;534;25-34;89;64;153;SEC_534
2017;303;03-11;70;59;129;SEC_303
2017;501;50-64;107;84;191;SEC_501
2017;210;00-02;7;7;14;SEC_210
2017;409;00-02;26;29;55;SEC_409
2017;117;50-64;241;212;453;SEC_117
2017;306;12-15;29;30;59;SEC_306
2017;613;65-74;123;60;183;SEC_613
2017;130;65-74;41;29;70;SEC_130
2017;233;50-64;88;77;165;SEC_233
2017;101;00-02;70;51;121;SEC_101
2017;318;18-24;23;29;52;SEC_318
2017;310;25-34;70;62;132;SEC_310
2017;610;35-49;141;108;249;SEC_610
2017;401;50-64;137;116;253;SEC_401
2017;624;65-74;120;88;208;SEC_624
2017;231;65-74;40;27;67;SEC_231
2017;105;00-02;10;17;27;SEC_105
2017;107;00-02;24;13;37;SEC_107
2017;207;65-74;84;66;150;SEC_207
2017;607;35-49;103;121;224;SEC_607
2017;626;12-15;15;16;31;SEC_626
2017;510;12-15;19;16;35;SEC_510
2017;309;35-49;168;173;341;SEC_309
2017;105;12-15;28;23;51;SEC_105
2017;624;00-02;15;7;22;SEC_624
2017;404;65-74;65;49;114;SEC_404
2017;533;03-11;99;90;189;SEC_533
2017;220;75 i +;102;50;152;SEC_220
2017;242;75 i +;73;59;132;SEC_242
2017;507;12-15;16;19;35;SEC_507
2017;318;25-34;40;47;87;SEC_318
2017;102;16-17;20;17;37;SEC_102
2017;134;03-11;59;58;117;SEC_134
2017;435;03-11;53;77;130;SEC_435
2017;513;25-34;96;114;210;SEC_513
2017;239;35-49;142;156;298;SEC_239
2017;120;25-34;100;112;212;SEC_120
2017;323;25-34;91;107;198;SEC_323
2017;625;50-64;163;128;291;SEC_625
2017;132;12-15;36;27;63;SEC_132
2017;623;00-02;10;15;25;SEC_623
2017;134;16-17;18;14;32;SEC_134
2017;220;18-24;69;78;147;SEC_220
2017;202;65-74;70;46;116;SEC_202
2017;523;03-11;58;55;113;SEC_523
2017;530;75 i +;88;75;163;SEC_530
2017;523;25-34;85;97;182;SEC_523
2017;532;75 i +;102;68;170;SEC_532
2017;306;50-64;149;154;303;SEC_306
2017;401;65-74;53;47;100;SEC_401
2017;615;12-15;16;12;28;SEC_615
2017;312;25-34;156;155;311;SEC_312
2017;133;35-49;102;118;220;SEC_133
2017;411;50-64;99;73;172;SEC_411
2017;311;03-11;49;76;125;SEC_311
2017;318;16-17;8;8;16;SEC_318
2017;526;16-17;10;22;32;SEC_526
2017;320;50-64;17;16;33;SEC_320
2017;411;35-49;93;102;195;SEC_411
2017;411;16-17;7;9;16;SEC_411
2017;532;65-74;78;51;129;SEC_532
2017;118;18-24;66;54;120;SEC_118
2017;427;12-15;28;26;54;SEC_427
2017;435;12-15;23;19;42;SEC_435
2017;605;75 i +;125;125;250;SEC_605
2017;313;25-34;111;113;224;SEC_313
2017;247;03-11;78;79;157;SEC_247
2017;610;25-34;46;55;101;SEC_610
2017;301;50-64;234;225;459;SEC_301
2017;115;12-15;16;18;34;SEC_115
2017;125;50-64;135;135;270;SEC_125
2017;506;50-64;182;149;331;SEC_506
2017;240;00-02;25;19;44;SEC_240
2017;209;50-64;109;85;194;SEC_209
2017;306;75 i +;97;59;156;SEC_306
2017;418;00-02;12;17;29;SEC_418
2017;511;35-49;267;306;573;SEC_511
2017;614;35-49;109;106;215;SEC_614
2017;137;65-74;94;77;171;SEC_137
2017;322;03-11;63;62;125;SEC_322
2017;433;03-11;106;111;217;SEC_433
2017;619;12-15;19;18;37;SEC_619
2017;240;18-24;78;68;146;SEC_240
2017;440;50-64;82;83;165;SEC_440
2017;308;12-15;43;53;96;SEC_308
2017;221;18-24;88;92;180;SEC_221
2017;204;03-11;63;69;132;SEC_204
2017;326;25-34;131;91;222;SEC_326
2017;221;25-34;145;173;318;SEC_221
2017;132;03-11;90;72;162;SEC_132
2017;422;75 i +;78;38;116;SEC_422
2017;117;35-49;206;212;418;SEC_117
2017;529;18-24;46;64;110;SEC_529
2017;632;12-15;21;20;41;SEC_632
2017;115;75 i +;71;40;111;SEC_115
2017;606;00-02;15;20;35;SEC_606
2017;311;25-34;101;115;216;SEC_311
2017;517;25-34;158;173;331;SEC_517
2017;247;12-15;32;25;57;SEC_247
2017;404;75 i +;84;58;142;SEC_404
2017;125;25-34;90;83;173;SEC_125
2017;214;75 i +;119;64;183;SEC_214
2017;440;25-34;65;70;135;SEC_440
2017;238;00-02;11;16;27;SEC_238
2017;226;25-34;144;159;303;SEC_226
2017;305;18-24;60;59;119;SEC_305
2017;410;16-17;14;24;38;SEC_410
2017;207;50-64;177;139;316;SEC_207
2017;504;16-17;8;5;13;SEC_504
2017;524;75 i +;77;32;109;SEC_524
2017;137;35-49;184;156;340;SEC_137
2017;437;75 i +;113;79;192;SEC_437
2017;401;25-34;85;92;177;SEC_401
2017;136;75 i +;76;40;116;SEC_136
2017;503;25-34;39;44;83;SEC_503
2017;433;18-24;100;65;165;SEC_433
2017;240;65-74;58;40;98;SEC_240
2017;602;65-74;81;43;124;SEC_602
2017;623;35-49;155;160;315;SEC_623
2017;131;03-11;57;52;109;SEC_131
2017;214;25-34;186;194;380;SEC_214
2017;232;16-17;12;5;17;SEC_232
2017;405;35-49;233;226;459;SEC_405
2017;248;00-02;18;21;39;SEC_248
2017;528;35-49;167;169;336;SEC_528
2017;327;75 i +;37;21;58;SEC_327
2017;119;25-34;76;57;133;SEC_119
2017;320;35-49;182;194;376;SEC_320
2017;201;65-74;49;27;76;SEC_201
2017;204;35-49;195;193;388;SEC_204
2017;531;16-17;7;5;12;SEC_531
2017;108;18-24;56;52;108;SEC_108
2017;110;12-15;20;17;37;SEC_110
2017;427;16-17;14;19;33;SEC_427
2017;440;35-49;126;119;245;SEC_440
2017;101;18-24;72;70;142;SEC_101
2017;409;03-11;83;81;164;SEC_409
2017;102;12-15;27;28;55;SEC_102
2017;607;16-17;4;5;9;SEC_607
2017;618;65-74;102;67;169;SEC_618
2017;105;65-74;80;71;151;SEC_105
2017;113;35-49;219;213;432;SEC_113
2017;533;25-34;160;137;297;SEC_533
2017;109;18-24;38;33;71;SEC_109
2017;526;65-74;62;47;109;SEC_526
2017;526;50-64;146;138;284;SEC_526
2017;129;75 i +;104;70;174;SEC_129
2017;316;16-17;11;18;29;SEC_316
2017;208;50-64;168;145;313;SEC_208
2017;403;65-74;82;54;136;SEC_403
2017;502;00-02;19;19;38;SEC_502
2017;109;00-02;9;11;20;SEC_109
2017;109;75 i +;66;43;109;SEC_109
2017;425;50-64;84;91;175;SEC_425
2017;406;18-24;68;58;126;SEC_406
2017;116;03-11;54;52;106;SEC_116
2017;524;03-11;54;67;121;SEC_524
2017;525;35-49;126;120;246;SEC_525
2017;402;35-49;121;117;238;SEC_402
2017;622;35-49;101;106;207;SEC_622
2017;101;16-17;22;19;41;SEC_101
2017;121;75 i +;69;40;109;SEC_121
2017;201;12-15;28;32;60;SEC_201
2017;224;50-64;116;100;216;SEC_224
2017;520;25-34;63;65;128;SEC_520
2017;615;35-49;103;103;206;SEC_615
2017;619;50-64;138;131;269;SEC_619
2017;610;12-15;23;25;48;SEC_610
2017;631;12-15;11;12;23;SEC_631
2017;602;50-64;97;103;200;SEC_602
2017;422;25-34;77;86;163;SEC_422
2017;608;65-74;72;55;127;SEC_608
2017;601;50-64;184;164;348;SEC_601
2017;139;25-34;59;58;117;SEC_139
2017;621;03-11;56;51;107;SEC_621
2017;326;75 i +;4;6;10;SEC_326
2017;223;35-49;144;154;298;SEC_223
2017;217;18-24;57;58;115;SEC_217
2017;213;00-02;15;9;24;SEC_213
2017;131;16-17;8;13;21;SEC_131
2017;606;03-11;43;53;96;SEC_606
2017;608;25-34;60;69;129;SEC_608
2017;311;00-02;21;22;43;SEC_311
2017;240;75 i +;114;73;187;SEC_240
2017;304;16-17;62;27;89;SEC_304
2017;441;03-11;82;91;173;SEC_441
2017;440;65-74;73;55;128;SEC_440
2017;440;00-02;16;10;26;SEC_440
2017;441;65-74;134;116;250;SEC_441
2017;304;18-24;90;79;169;SEC_304
2017;530;00-02;41;37;78;SEC_530
2017;240;25-34;155;133;288;SEC_240
2017;619;16-17;12;9;21;SEC_619
2017;533;00-02;22;31;53;SEC_533
2017;426;18-24;57;41;98;SEC_426
2017;231;03-11;62;68;130;SEC_231
2017;309;03-11;66;65;131;SEC_309
2017;602;00-02;10;14;24;SEC_602
2017;138;75 i +;48;39;87;SEC_138
2017;609;03-11;37;41;78;SEC_609
2017;608;03-11;54;45;99;SEC_608
2017;232;25-34;89;83;172;SEC_232
2017;113;03-11;79;95;174;SEC_113
2017;414;65-74;52;52;104;SEC_414
2017;432;16-17;10;9;19;SEC_432
2017;418;18-24;53;56;109;SEC_418
2017;239;16-17;6;10;16;SEC_239
2017;617;00-02;12;18;30;SEC_617
2017;623;16-17;12;11;23;SEC_623
2017;537;12-15;23;17;40;SEC_537
2017;323;35-49;227;224;451;SEC_323
2017;135;35-49;159;179;338;SEC_135
2017;318;50-64;107;99;206;SEC_318
2017;528;50-64;118;86;204;SEC_528
2017;217;00-02;17;19;36;SEC_217
2017;621;50-64;146;92;238;SEC_621
2017;418;50-64;116;119;235;SEC_418
2017;520;12-15;16;22;38;SEC_520
2017;106;50-64;223;156;379;SEC_106
2017;412;50-64;170;130;300;SEC_412
2017;421;25-34;84;66;150;SEC_421
2017;528;75 i +;77;55;132;SEC_528
2017;103;16-17;9;12;21;SEC_103
2017;623;25-34;45;53;98;SEC_623
2017;233;18-24;31;48;79;SEC_233
2017;220;00-02;36;29;65;SEC_220
2017;240;50-64;159;138;297;SEC_240
2017;124;00-02;11;9;20;SEC_124
2017;531;18-24;50;47;97;SEC_531
2017;239;00-02;13;10;23;SEC_239
2017;410;12-15;24;38;62;SEC_410
2017;234;25-34;91;77;168;SEC_234
2017;123;75 i +;87;71;158;SEC_123
2017;518;12-15;20;16;36;SEC_518
2017;246;03-11;65;62;127;SEC_246
2017;531;50-64;80;84;164;SEC_531
2017;426;16-17;8;9;17;SEC_426
2017;631;03-11;42;49;91;SEC_631
2017;416;25-34;118;110;228;SEC_416
2017;202;00-02;31;30;61;SEC_202
2017;526;12-15;35;34;69;SEC_526
2017;316;12-15;25;30;55;SEC_316
2017;122;25-34;51;44;95;SEC_122
2017;214;12-15;40;58;98;SEC_214
2017;117;16-17;21;21;42;SEC_117
2017;327;35-49;145;155;300;SEC_327
2017;234;16-17;6;5;11;SEC_234
2017;318;03-11;24;26;50;SEC_318
2017;404;25-34;110;100;210;SEC_404
2017;102;18-24;40;46;86;SEC_102
2017;229;25-34;157;152;309;SEC_229
2017;618;03-11;36;45;81;SEC_618
2017;419;00-02;37;38;75;SEC_419
2017;247;35-49;172;176;348;SEC_247
2017;606;25-34;55;69;124;SEC_606
2017;226;18-24;71;80;151;SEC_226
2017;107;65-74;99;77;176;SEC_107
2017;231;18-24;55;56;111;SEC_231
2017;307;50-64;157;112;269;SEC_307
2017;305;03-11;61;66;127;SEC_305
2017;616;12-15;42;44;86;SEC_616
2017;245;00-02;14;18;32;SEC_245
2017;414;35-49;258;249;507;SEC_414
2017;112;75 i +;79;42;121;SEC_112
2017;510;50-64;102;86;188;SEC_510
2017;314;16-17;15;10;25;SEC_314
2017;110;25-34;66;57;123;SEC_110
2017;614;25-34;40;53;93;SEC_614
2017;236;35-49;126;135;261;SEC_236
2017;407;25-34;70;65;135;SEC_407
2017;304;35-49;523;508;1031;SEC_304
2017;420;75 i +;127;84;211;SEC_420
2017;605;65-74;140;91;231;SEC_605
2017;129;18-24;33;34;67;SEC_129
2017;113;18-24;50;62;112;SEC_113
2017;115;18-24;38;44;82;SEC_115
2017;533;35-49;231;257;488;SEC_533
2017;510;00-02;18;14;32;SEC_510
2017;103;65-74;39;32;71;SEC_103
2017;115;16-17;11;16;27;SEC_115
2017;307;00-02;12;10;22;SEC_307
2017;138;35-49;83;69;152;SEC_138
2017;242;25-34;92;83;175;SEC_242
2017;320;16-17;3;2;5;SEC_320
2017;133;16-17;5;10;15;SEC_133
2017;617;16-17;9;6;15;SEC_617
2017;126;50-64;82;68;150;SEC_126
2017;232;50-64;92;91;183;SEC_232
2017;319;18-24;61;60;121;SEC_319
2017;121;35-49;119;120;239;SEC_121
2017;310;03-11;50;42;92;SEC_310
2017;616;35-49;287;269;556;SEC_616
2017;325;18-24;62;56;118;SEC_325
2017;106;75 i +;72;44;116;SEC_106
2017;420;03-11;95;73;168;SEC_420
2017;403;25-34;80;74;154;SEC_403
2017;315;75 i +;65;50;115;SEC_315
2017;614;65-74;90;68;158;SEC_614
2017;523;65-74;69;53;122;SEC_523
2017;125;75 i +;72;67;139;SEC_125
2017;421;18-24;36;52;88;SEC_421
2017;126;18-24;30;32;62;SEC_126
2017;503;75 i +;43;21;64;SEC_503
2017;117;25-34;106;98;204;SEC_117
2017;104;18-24;35;26;61;SEC_104
2017;120;03-11;61;64;125;SEC_120
2017;101;35-49;470;468;938;SEC_101
2017;224;16-17;6;8;14;SEC_224
2017;316;50-64;326;253;579;SEC_316
2017;409;50-64;171;151;322;SEC_409
2017;437;00-02;14;27;41;SEC_437
2017;625;00-02;11;12;23;SEC_625
2017;313;16-17;19;19;38;SEC_313
2017;437;16-17;15;14;29;SEC_437
2017;127;50-64;95;77;172;SEC_127
2017;121;00-02;7;14;21;SEC_121
2017;139;50-64;85;90;175;SEC_139
2017;432;65-74;96;89;185;SEC_432
2017;520;16-17;7;8;15;SEC_520
2017;308;18-24;82;96;178;SEC_308
2017;110;00-02;10;14;24;SEC_110
2017;611;03-11;81;94;175;SEC_611
2017;616;75 i +;66;35;101;SEC_616
2017;616;18-24;69;99;168;SEC_616
2017;627;18-24;21;23;44;SEC_627
2017;624;50-64;70;72;142;SEC_624
2017;612;25-34;47;36;83;SEC_612
2017;303;65-74;109;77;186;SEC_303
2017;210;50-64;85;86;171;SEC_210
2017;518;18-24;45;50;95;SEC_518
2017;318;65-74;49;45;94;SEC_318
2017;511;50-64;202;157;359;SEC_511
2017;114;12-15;24;29;53;SEC_114
2017;430;50-64;92;83;175;SEC_430
2017;405;18-24;71;86;157;SEC_405
2017;226;16-17;23;14;37;SEC_226
2017;102;75 i +;125;96;221;SEC_102
2017;212;50-64;106;104;210;SEC_212
2017;503;16-17;3;4;7;SEC_503
2017;247;16-17;17;8;25;SEC_247
2017;114;16-17;8;16;24;SEC_114
2017;626;00-02;13;12;25;SEC_626
2017;310;18-24;30;28;58;SEC_310
2017;317;12-15;21;28;49;SEC_317
2017;319;65-74;92;71;163;SEC_319
2018;129;00-02;8;16;24;SEC_129
2018;106;12-15;27;25;52;SEC_106
2018;308;16-17;19;19;38;SEC_308
2018;433;35-49;231;227;458;SEC_433
2018;214;50-64;191;190;381;SEC_214
2018;242;00-02;17;19;36;SEC_242
2018;526;35-49;282;276;558;SEC_526
2018;312;25-34;163;156;319;SEC_312
2018;210;35-49;101;93;194;SEC_210
2018;308;50-64;214;207;421;SEC_308
2018;131;65-74;127;117;244;SEC_131
2018;632;65-74;47;40;87;SEC_632
2018;130;50-64;99;91;190;SEC_130
2018;104;00-02;11;13;24;SEC_104
2018;615;50-64;50;47;97;SEC_615
2018;619;50-64;143;136;279;SEC_619
2018;139;16-17;10;10;20;SEC_139
2018;507;00-02;9;13;22;SEC_507
2018;402;75 i +;57;43;100;SEC_402
2018;436;03-11;83;63;146;SEC_436
2018;514;03-11;51;64;115;SEC_514
2018;513;65-74;50;35;85;SEC_513
2018;318;18-24;33;27;60;SEC_318
2018;322;12-15;30;22;52;SEC_322
2018;436;25-34;108;115;223;SEC_436
2018;303;25-34;100;96;196;SEC_303
2018;409;00-02;29;26;55;SEC_409
2018;112;12-15;36;32;68;SEC_112
2018;212;00-02;14;20;34;SEC_212
2018;622;25-34;49;35;84;SEC_622
2018;530;12-15;24;32;56;SEC_530
2018;121;03-11;32;49;81;SEC_121
2018;502;25-34;87;94;181;SEC_502
2018;430;03-11;59;57;116;SEC_430
2018;602;03-11;53;63;116;SEC_602
2018;316;35-49;170;183;353;SEC_316
2018;135;03-11;54;58;112;SEC_135
2018;216;75 i +;87;58;145;SEC_216
2018;229;18-24;101;88;189;SEC_229
2018;213;16-17;6;11;17;SEC_213
2018;612;16-17;7;14;21;SEC_612
2018;537;65-74;79;53;132;SEC_537
2018;131;03-11;60;46;106;SEC_131
2018;325;03-11;49;60;109;SEC_325
2018;207;50-64;182;154;336;SEC_207
2018;422;25-34;84;83;167;SEC_422
2018;249;00-02;15;10;25;SEC_249
2018;416;25-34;125;112;237;SEC_416
2018;606;12-15;19;20;39;SEC_606
2018;513;50-64;137;143;280;SEC_513
2018;233;18-24;32;54;86;SEC_233
2018;435;03-11;55;65;120;SEC_435
2018;607;75 i +;114;91;205;SEC_607
2018;224;25-34;121;107;228;SEC_224
2018;418;00-02;10;24;34;SEC_418
2018;625;50-64;144;114;258;SEC_625
2018;226;00-02;26;22;48;SEC_226
2018;308;00-02;27;26;53;SEC_308
2018;518;25-34;78;70;148;SEC_518
2018;325;25-34;84;80;164;SEC_325
2018;210;65-74;60;51;111;SEC_210
2018;236;16-17;4;13;17;SEC_236
2018;305;00-02;16;19;35;SEC_305
2018;130;35-49;139;133;272;SEC_130
2018;537;75 i +;89;61;150;SEC_537
2018;610;18-24;43;49;92;SEC_610
2018;406;35-49;164;151;315;SEC_406
2018;520;16-17;7;6;13;SEC_520
2018;609;03-11;36;38;74;SEC_609
2018;217;00-02;19;17;36;SEC_217
2018;523;00-02;16;18;34;SEC_523
2018;135;18-24;56;45;101;SEC_135
2018;411;00-02;9;16;25;SEC_411
2018;324;35-49;169;186;355;SEC_324
2018;117;16-17;18;23;41;SEC_117
2018;213;03-11;48;44;92;SEC_213
2018;521;75 i +;85;71;156;SEC_521
2018;120;25-34;98;114;212;SEC_120
2018;213;50-64;97;77;174;SEC_213
2018;141;16-17;7;11;18;SEC_141
2018;412;65-74;111;88;199;SEC_412
2018;308;12-15;49;50;99;SEC_308
2018;418;03-11;75;52;127;SEC_418
2018;533;16-17;13;15;28;SEC_533
2018;525;50-64;63;67;130;SEC_525
2018;436;35-49;202;222;424;SEC_436
2018;212;12-15;21;34;55;SEC_212
2018;318;50-64;113;89;202;SEC_318
2018;427;35-49;224;236;460;SEC_427
2018;614;50-64;82;78;160;SEC_614
2018;526;12-15;33;36;69;SEC_526
2018;420;12-15;44;36;80;SEC_420
2018;441;35-49;218;245;463;SEC_441
2018;123;75 i +;93;67;160;SEC_123
2018;328;12-15;53;43;96;SEC_328
2018;529;50-64;116;100;216;SEC_529
2018;106;50-64;216;151;367;SEC_106
2018;437;16-17;17;18;35;SEC_437
2018;504;35-49;137;125;262;SEC_504
2018;605;00-02;23;29;52;SEC_605
2018;531;03-11;42;40;82;SEC_531
2018;602;65-74;73;37;110;SEC_602
2018;528;75 i +;80;52;132;SEC_528
2018;102;12-15;22;30;52;SEC_102
2018;237;35-49;177;179;356;SEC_237
2018;324;25-34;84;81;165;SEC_324
2018;231;18-24;59;59;118;SEC_231
2018;601;75 i +;161;125;286;SEC_601
2018;611;18-24;47;57;104;SEC_611
2018;609;50-64;60;64;124;SEC_609
2018;320;35-49;54;72;126;SEC_320
2018;619;12-15;20;20;40;SEC_619
2018;609;12-15;13;15;28;SEC_609
2018;307;16-17;8;9;17;SEC_307
2018;140;18-24;37;44;81;SEC_140
2018;410;00-02;17;20;37;SEC_410
2018;115;50-64;127;134;261;SEC_115
2018;412;03-11;38;54;92;SEC_412
2018;517;16-17;22;30;52;SEC_517
2018;514;16-17;12;9;21;SEC_514
2018;502;16-17;16;12;28;SEC_502
2018;410;50-64;153;153;306;SEC_410
2018;108;00-02;15;18;33;SEC_108
2018;632;75 i +;58;33;91;SEC_632
2018;238;35-49;138;122;260;SEC_238
2018;302;50-64;131;108;239;SEC_302
2018;616;35-49;276;251;527;SEC_616
2018;535;75 i +;77;77;154;SEC_535
2018;237;12-15;21;36;57;SEC_237
2018;608;03-11;55;49;104;SEC_608
2018;625;18-24;25;35;60;SEC_625
2018;601;16-17;16;22;38;SEC_601
2018;240;16-17;13;18;31;SEC_240
2018;436;16-17;15;25;40;SEC_436
2018;210;50-64;81;79;160;SEC_210
2018;101;18-24;57;49;106;SEC_101
2018;320;12-15;4;2;6;SEC_320
2018;140;25-34;74;60;134;SEC_140
2018;625;25-34;59;63;122;SEC_625
2018;118;12-15;44;28;72;SEC_118
2018;223;12-15;26;26;52;SEC_223
2018;217;50-64;134;136;270;SEC_217
2018;414;25-34;179;154;333;SEC_414
2018;504;16-17;9;4;13;SEC_504
2018;421;12-15;30;17;47;SEC_421
2018;506;35-49;183;176;359;SEC_506
2018;311;00-02;22;22;44;SEC_311
2018;239;35-49;145;152;297;SEC_239
2018;310;12-15;19;17;36;SEC_310
2018;510;00-02;10;13;23;SEC_510
2018;234;12-15;13;10;23;SEC_234
2018;440;50-64;90;93;183;SEC_440
2018;325;65-74;136;111;247;SEC_325
2018;329;03-11;98;113;211;SEC_329
2018;133;25-34;61;54;115;SEC_133
2018;619;18-24;27;41;68;SEC_619
2018;107;00-02;26;14;40;SEC_107
2018;221;75 i +;115;73;188;SEC_221
2018;615;03-11;37;32;69;SEC_615
2018;405;18-24;84;92;176;SEC_405
2018;248;00-02;16;14;30;SEC_248
2018;104;35-49;108;109;217;SEC_104
2018;212;16-17;14;19;33;SEC_212
2018;506;03-11;50;57;107;SEC_506
2018;124;03-11;36;34;70;SEC_124
2018;122;12-15;24;20;44;SEC_122
2018;243;03-11;56;73;129;SEC_243
2018;621;03-11;55;56;111;SEC_621
2018;507;03-11;33;34;67;SEC_507
2018;105;00-02;18;12;30;SEC_105
2018;533;65-74;82;62;144;SEC_533
2018;107;12-15;28;37;65;SEC_107
2018;601;12-15;33;39;72;SEC_601
2018;221;18-24;79;91;170;SEC_221
2018;106;16-17;17;19;36;SEC_106
2018;247;16-17;18;14;32;SEC_247
2018;605;50-64;147;122;269;SEC_605
2018;423;65-74;45;31;76;SEC_423
2018;121;18-24;38;35;73;SEC_121
2018;501;25-34;33;40;73;SEC_501
2018;315;75 i +;68;60;128;SEC_315
2018;119;75 i +;109;73;182;SEC_119
2018;619;03-11;46;52;98;SEC_619
2018;513;03-11;69;76;145;SEC_513
2018;426;12-15;21;22;43;SEC_426
2018;627;35-49;89;100;189;SEC_627
2018;231;75 i +;84;39;123;SEC_231
2018;320;12-15;37;38;75;SEC_320
2018;301;75 i +;145;99;244;SEC_301
2018;517;65-74;78;57;135;SEC_517
2018;108;50-64;146;138;284;SEC_108
2018;614;16-17;11;6;17;SEC_614
2018;616;12-15;45;44;89;SEC_616
2018;530;25-34;150;124;274;SEC_530
2018;416;50-64;131;112;243;SEC_416
2018;229;65-74;46;31;77;SEC_229
2018;533;50-64;173;159;332;SEC_533
2018;208;65-74;124;88;212;SEC_208
2018;530;35-49;265;258;523;SEC_530
2018;313;65-74;130;103;233;SEC_313
2018;141;25-34;45;51;96;SEC_141
2018;510;50-64;105;96;201;SEC_510
2018;426;00-02;19;16;35;SEC_426
2018;437;75 i +;118;80;198;SEC_437
2018;104;50-64;83;88;171;SEC_104
2018;224;12-15;22;24;46;SEC_224
2018;524;50-64;117;102;219;SEC_524
2018;323;16-17;19;18;37;SEC_323
2018;117;25-34;106;104;210;SEC_117
2018;614;00-02;3;7;10;SEC_614
2018;602;18-24;43;55;98;SEC_602
2018;240;65-74;56;44;100;SEC_240
2018;243;35-49;190;202;392;SEC_243
2018;114;75 i +;114;88;202;SEC_114
2018;305;35-49;177;207;384;SEC_305
2018;631;03-11;39;49;88;SEC_631
2018;427;12-15;32;39;71;SEC_427
2018;403;18-24;38;45;83;SEC_403
2018;602;00-02;12;10;22;SEC_602
2018;313;50-64;197;162;359;SEC_313
2018;207;12-15;35;36;71;SEC_207
2018;306;16-17;21;16;37;SEC_306
2018;133;75 i +;66;31;97;SEC_133
2018;624;18-24;25;37;62;SEC_624
2018;323;50-64;193;161;354;SEC_323
2018;115;00-02;10;11;21;SEC_115
2018;531;65-74;43;24;67;SEC_531
2018;405;16-17;17;21;38;SEC_405
2018;605;25-34;76;76;152;SEC_605
2018;202;65-74;63;42;105;SEC_202
2018;307;12-15;16;20;36;SEC_307
2018;601;03-11;67;83;150;SEC_601
2018;229;12-15;35;38;73;SEC_229
2018;423;00-02;22;21;43;SEC_423
2018;431;12-15;45;40;85;SEC_431
2018;411;25-34;65;61;126;SEC_411
2018;202;25-34;148;158;306;SEC_202
2018;530;50-64;148;136;284;SEC_530
2018;411;50-64;92;74;166;SEC_411
2018;224;00-02;17;23;40;SEC_224
2018;114;03-11;45;60;105;SEC_114
2018;101;75 i +;61;40;101;SEC_101
2018;205;50-64;101;108;209;SEC_205
2018;631;12-15;12;17;29;SEC_631
2018;529;75 i +;89;60;149;SEC_529
2018;229;25-34;153;144;297;SEC_229
2018;133;16-17;8;8;16;SEC_133
2018;610;65-74;118;66;184;SEC_610
2018;121;75 i +;66;34;100;SEC_121
2018;249;65-74;45;32;77;SEC_249
2018;130;00-02;13;21;34;SEC_130
2018;129;25-34;63;59;122;SEC_129
2018;307;00-02;11;8;19;SEC_307
2018;525;35-49;128;122;250;SEC_525
2018;411;75 i +;100;71;171;SEC_411
2018;130;16-17;12;6;18;SEC_130
2018;320;03-11;62;58;120;SEC_320
2018;207;25-34;150;132;282;SEC_207
2018;224;35-49;170;152;322;SEC_224
2018;127;75 i +;38;32;70;SEC_127
2018;317;50-64;92;88;180;SEC_317
2018;123;25-34;78;61;139;SEC_123
2018;318;16-17;3;7;10;SEC_318
2018;111;25-34;47;34;81;SEC_111
2018;414;18-24;83;88;171;SEC_414
2018;409;50-64;167;156;323;SEC_409
2018;326;25-34;106;82;188;SEC_326
2018;120;12-15;18;43;61;SEC_120
2018;538;75 i +;102;60;162;SEC_538
2018;114;12-15;26;25;51;SEC_114
2018;427;25-34;144;130;274;SEC_427
2018;317;00-02;24;18;42;SEC_317
2018;422;18-24;58;53;111;SEC_422
2018;216;65-74;85;65;150;SEC_216
2018;128;00-02;17;17;34;SEC_128
2018;113;25-34;80;95;175;SEC_113
2018;221;12-15;31;37;68;SEC_221
2018;524;18-24;53;63;116;SEC_524
2018;134;65-74;71;62;133;SEC_134
2018;518;18-24;37;53;90;SEC_518
2018;210;03-11;30;36;66;SEC_210
2018;521;50-64;78;65;143;SEC_521
2018;320;03-11;20;13;33;SEC_320
2018;111;00-02;4;8;12;SEC_111
2018;406;03-11;59;48;107;SEC_406
2018;616;03-11;114;108;222;SEC_616
2018;317;65-74;24;31;55;SEC_317
2018;321;00-02;23;37;60;SEC_321
2018;211;03-11;59;71;130;SEC_211
2018;115;03-11;53;52;105;SEC_115
2018;507;50-64;77;79;156;SEC_507
2018;138;25-34;32;52;84;SEC_138
2018;427;00-02;27;28;55;SEC_427
2018;301;18-24;43;43;86;SEC_301
2018;412;00-02;17;26;43;SEC_412
2018;116;12-15;27;19;46;SEC_116
2018;131;50-64;128;117;245;SEC_131
2018;224;75 i +;69;30;99;SEC_224
2018;101;65-74;72;82;154;SEC_101
2018;131;12-15;15;18;33;SEC_131
2018;505;03-11;44;43;87;SEC_505
2018;535;12-15;14;19;33;SEC_535
2018;421;18-24;50;59;109;SEC_421
2018;208;03-11;30;43;73;SEC_208
2018;304;65-74;66;52;118;SEC_304
2018;611;35-49;222;244;466;SEC_611
2018;613;35-49;136;155;291;SEC_613
2018;405;03-11;84;81;165;SEC_405
2018;630;18-24;22;29;51;SEC_630
2018;242;75 i +;77;58;135;SEC_242
2018;103;50-64;72;68;140;SEC_103
2018;602;12-15;21;29;50;SEC_602
2018;411;16-17;10;10;20;SEC_411
2018;406;18-24;71;59;130;SEC_406
2018;320;50-64;126;122;248;SEC_320
2018;312;03-11;60;73;133;SEC_312
2018;245;25-34;96;83;179;SEC_245
2018;616;50-64;236;210;446;SEC_616
2018;501;00-02;11;7;18;SEC_501
2018;140;16-17;11;7;18;SEC_140
2018;538;35-49;166;163;329;SEC_538
2018;529;03-11;52;54;106;SEC_529
2018;303;50-64;119;134;253;SEC_303
2018;107;35-49;191;202;393;SEC_107
2018;108;18-24;56;52;108;SEC_108
2018;136;00-02;13;14;27;SEC_136
2018;521;03-11;37;33;70;SEC_521
2018;204;65-74;65;56;121;SEC_204
2018;531;75 i +;51;35;86;SEC_531
2018;621;12-15;24;27;51;SEC_621
2018;613;65-74;110;41;151;SEC_613
2018;232;03-11;48;47;95;SEC_232
2018;505;35-49;132;129;261;SEC_505
2018;305;12-15;25;28;53;SEC_305
2018;139;03-11;26;35;61;SEC_139
2018;325;16-17;12;24;36;SEC_325
2018;421;35-49;162;169;331;SEC_421
2018;608;25-34;47;64;111;SEC_608
2018;615;25-34;31;37;68;SEC_615
2018;212;75 i +;73;44;117;SEC_212
2018;137;12-15;38;26;64;SEC_137
2018;210;75 i +;77;43;120;SEC_210
2018;311;50-64;141;137;278;SEC_311
2018;506;16-17;17;20;37;SEC_506
2018;533;25-34;159;131;290;SEC_533
2018;421;25-34;84;88;172;SEC_421
2018;625;12-15;20;22;42;SEC_625
2018;233;50-64;99;80;179;SEC_233
2018;312;35-49;244;276;520;SEC_312
2018;532;03-11;64;71;135;SEC_532
2018;303;65-74;114;69;183;SEC_303
2018;329;00-02;31;42;73;SEC_329
2018;303;18-24;49;56;105;SEC_303
2018;221;35-49;251;267;518;SEC_221
2018;435;16-17;10;5;15;SEC_435
2018;528;25-34;80;80;160;SEC_528
2018;523;16-17;11;10;21;SEC_523
2018;242;12-15;17;16;33;SEC_242
2018;622;12-15;19;14;33;SEC_622
2018;520;03-11;39;30;69;SEC_520
2018;125;75 i +;74;69;143;SEC_125
2018;505;75 i +;106;98;204;SEC_505
2018;409;65-74;86;69;155;SEC_409
2018;113;18-24;46;63;109;SEC_113
2018;202;50-64;150;147;297;SEC_202
2018;503;35-49;85;77;162;SEC_503
2018;122;65-74;46;26;72;SEC_122
2018;420;75 i +;127;78;205;SEC_420
2018;421;03-11;44;50;94;SEC_421
2018;412;12-15;22;33;55;SEC_412
2018;216;25-34;84;86;170;SEC_216
2018;606;18-24;29;36;65;SEC_606
2018;419;65-74;64;45;109;SEC_419
2018;233;16-17;5;11;16;SEC_233
2018;406;12-15;19;35;54;SEC_406
2018;601;35-49;209;263;472;SEC_601
2018;329;25-34;74;69;143;SEC_329
2018;122;16-17;7;6;13;SEC_122
2018;513;25-34;110;112;222;SEC_513
2018;440;65-74;68;48;116;SEC_440
2018;526;50-64;149;146;295;SEC_526
2018;133;50-64;89;85;174;SEC_133
2018;328;16-17;53;10;63;SEC_328
2018;303;00-02;17;18;35;SEC_303
2018;425;03-11;44;40;84;SEC_425
2018;138;03-11;18;31;49;SEC_138
2018;246;50-64;96;104;200;SEC_246
2018;242;03-11;48;55;103;SEC_242
2018;405;35-49;228;223;451;SEC_405
2018;607;18-24;27;40;67;SEC_607
2018;306;12-15;27;32;59;SEC_306
2018;112;65-74;99;96;195;SEC_112
2018;226;03-11;76;93;169;SEC_226
2018;135;50-64;164;145;309;SEC_135
2018;321;75 i +;132;90;222;SEC_321
2018;418;25-34;91;112;203;SEC_418
2018;521;25-34;36;31;67;SEC_521
2018;441;12-15;33;40;73;SEC_441
2018;134;25-34;77;82;159;SEC_134
2018;605;16-17;17;14;31;SEC_605
2018;432;25-34;86;92;178;SEC_432
2018;130;12-15;21;18;39;SEC_130
2018;440;03-11;36;49;85;SEC_440
2018;123;18-24;33;46;79;SEC_123
2018;435;00-02;23;25;48;SEC_435
2018;132;18-24;60;74;134;SEC_132
2018;239;65-74;54;28;82;SEC_239
2018;611;12-15;36;45;81;SEC_611
2018;412;75 i +;126;96;222;SEC_412
2018;524;75 i +;69;30;99;SEC_524
2018;524;00-02;20;26;46;SEC_524
2018;616;65-74;130;108;238;SEC_616
2018;129;18-24;28;42;70;SEC_129
2018;630;00-02;15;7;22;SEC_630
2018;231;00-02;23;23;46;SEC_231
2018;216;35-49;159;168;327;SEC_216
2018;631;50-64;71;72;143;SEC_631
2018;528;50-64;115;93;208;SEC_528
2018;441;00-02;29;28;57;SEC_441
2018;316;12-15;30;30;60;SEC_316
2018;121;25-34;50;52;102;SEC_121
2018;405;65-74;79;53;132;SEC_405
2018;506;25-34;88;104;192;SEC_506
2018;234;75 i +;65;39;104;SEC_234
2018;248;65-74;43;37;80;SEC_248
2018;304;03-11;83;107;190;SEC_304
2018;414;12-15;31;33;64;SEC_414
2018;524;03-11;68;72;140;SEC_524
2018;124;18-24;24;21;45;SEC_124
2018;103;18-24;22;25;47;SEC_103
2018;134;03-11;63;54;117;SEC_134
2018;315;16-17;9;12;21;SEC_315
2018;526;00-02;30;21;51;SEC_526
2018;103;03-11;34;32;66;SEC_103
2018;627;50-64;105;74;179;SEC_627
2018;538;16-17;13;16;29;SEC_538
2018;529;18-24;56;68;124;SEC_529
2018;328;03-11;133;147;280;SEC_328
2018;238;03-11;53;43;96;SEC_238
2018;123;03-11;47;45;92;SEC_123
2018;630;16-17;8;5;13;SEC_630
2018;126;50-64;76;66;142;SEC_126
2018;504;12-15;11;18;29;SEC_504
2018;317;35-49;146;181;327;SEC_317
2018;129;35-49;128;142;270;SEC_129
2018;118;65-74;145;140;285;SEC_118
2018;601;00-02;26;20;46;SEC_601
2018;109;50-64;140;115;255;SEC_109
2018;128;16-17;5;9;14;SEC_128
2018;125;03-11;68;76;144;SEC_125
2018;141;00-02;32;28;60;SEC_141
2018;237;18-24;45;57;102;SEC_237
2018;311;25-34;115;120;235;SEC_311
2018;607;25-34;58;67;125;SEC_607
2018;426;25-34;116;92;208;SEC_426
2018;328;25-34;106;92;198;SEC_328
2018;320;16-17;24;17;41;SEC_320
2018;422;75 i +;81;41;122;SEC_422
2018;329;50-64;123;121;244;SEC_329
2018;118;25-34;90;67;157;SEC_118
2018;609;18-24;29;35;64;SEC_609
2018;121;16-17;5;9;14;SEC_121
2018;440;16-17;5;13;18;SEC_440
2018;106;65-74;140;137;277;SEC_106
2018;513;00-02;25;30;55;SEC_513
2018;416;12-15;25;38;63;SEC_416
2018;221;00-02;27;28;55;SEC_221
2018;318;03-11;23;28;51;SEC_318
2018;126;35-49;112;120;232;SEC_126
2018;138;75 i +;50;36;86;SEC_138
2018;216;00-02;14;13;27;SEC_216
2018;248;75 i +;65;47;112;SEC_248
2018;502;03-11;72;75;147;SEC_502
2018;503;12-15;6;4;10;SEC_503
2018;320;65-74;86;69;155;SEC_320
2018;602;50-64;107;103;210;SEC_602
2018;217;25-34;98;131;229;SEC_217
2018;412;18-24;54;54;108;SEC_412
2018;511;12-15;39;47;86;SEC_511
2018;109;75 i +;74;51;125;SEC_109
2018;605;12-15;35;31;66;SEC_605
2018;530;03-11;71;97;168;SEC_530
2018;418;65-74;52;46;98;SEC_418
2018;212;65-74;62;42;104;SEC_212
2018;410;18-24;60;88;148;SEC_410
2018;132;50-64;243;228;471;SEC_132
2018;320;75 i +;67;52;119;SEC_320
2018;405;25-34;177;114;291;SEC_405
2018;302;16-17;7;7;14;SEC_302
2018;328;50-64;79;99;178;SEC_328
2018;136;35-49;158;161;319;SEC_136
2018;229;03-11;74;95;169;SEC_229
2018;232;65-74;55;33;88;SEC_232
2018;401;03-11;44;53;97;SEC_401
2018;411;12-15;19;13;32;SEC_411
2018;630;75 i +;47;34;81;SEC_630
2018;311;03-11;55;79;134;SEC_311
2018;103;35-49;106;112;218;SEC_103
2018;507;75 i +;52;29;81;SEC_507
2018;212;18-24;57;64;121;SEC_212
2018;621;75 i +;63;55;118;SEC_621
2018;436;65-74;58;56;114;SEC_436
2018;407;03-11;49;53;102;SEC_407
2018;210;25-34;42;42;84;SEC_210
2018;211;00-02;18;20;38;SEC_211
2018;618;50-64;117;119;236;SEC_618
2018;440;00-02;15;13;28;SEC_440
2018;326;50-64;52;68;120;SEC_326
2018;320;65-74;3;5;8;SEC_320
2018;325;50-64;214;156;370;SEC_325
2018;110;12-15;18;12;30;SEC_110
2018;122;18-24;32;26;58;SEC_122
2018;320;50-64;24;29;53;SEC_320
2018;242;65-74;56;41;97;SEC_242
2018;610;00-02;13;13;26;SEC_610
2018;410;03-11;59;51;110;SEC_410
2018;425;18-24;48;47;95;SEC_425
2018;517;18-24;89;108;197;SEC_517
2018;226;12-15;39;32;71;SEC_226
2018;626;25-34;48;44;92;SEC_626
2018;208;12-15;23;23;46;SEC_208
2018;507;12-15;18;14;32;SEC_507
2018;609;16-17;4;8;12;SEC_609
2018;313;03-11;71;73;144;SEC_313
2018;533;75 i +;130;69;199;SEC_533
2018;117;12-15;37;37;74;SEC_117
2018;538;12-15;25;36;61;SEC_538
2018;302;75 i +;73;54;127;SEC_302
2018;313;25-34;111;118;229;SEC_313
2018;608;75 i +;105;67;172;SEC_608
2018;101;03-11;70;67;137;SEC_101
2018;632;35-49;108;130;238;SEC_632
2018;205;35-49;106;109;215;SEC_205
2018;616;18-24;77;96;173;SEC_616
2018;526;18-24;86;75;161;SEC_526
2018;314;00-02;23;28;51;SEC_314
2018;138;65-74;57;53;110;SEC_138
2018;307;18-24;30;35;65;SEC_307
2018;614;12-15;25;16;41;SEC_614
2018;234;03-11;44;38;82;SEC_234
2018;107;65-74;101;72;173;SEC_107
2018;223;18-24;62;59;121;SEC_223
2018;247;50-64;125;108;233;SEC_247
2018;418;35-49;171;188;359;SEC_418
2018;529;65-74;40;30;70;SEC_529
2018;632;50-64;94;80;174;SEC_632
2018;223;25-34;112;112;224;SEC_223
2018;631;75 i +;77;64;141;SEC_631
2018;242;50-64;112;101;213;SEC_242
2018;106;25-34;88;106;194;SEC_106
2018;327;75 i +;39;26;65;SEC_327
2018;208;75 i +;210;118;328;SEC_208
2018;247;25-34;103;104;207;SEC_247
2018;223;35-49;147;151;298;SEC_223
2018;201;75 i +;59;40;99;SEC_201
2018;212;50-64;105;117;222;SEC_212
2018;507;18-24;25;48;73;SEC_507
2018;615;00-02;8;4;12;SEC_615
2018;132;16-17;21;18;39;SEC_132
2018;216;18-24;52;46;98;SEC_216
2018;248;18-24;46;60;106;SEC_248
2018;508;00-02;20;27;47;SEC_508
2018;502;50-64;140;140;280;SEC_502
2018;214;16-17;14;31;45;SEC_214
2018;224;03-11;68;67;135;SEC_224
2018;139;12-15;14;19;33;SEC_139
2018;616;25-34;103;134;237;SEC_616
2018;229;50-64;168;163;331;SEC_229
2018;425;25-34;86;78;164;SEC_425
2018;223;00-02;27;15;42;SEC_223
2018;318;00-02;8;8;16;SEC_318
2018;326;75 i +;6;7;13;SEC_326
2018;104;18-24;38;33;71;SEC_104
2018;319;00-02;20;26;46;SEC_319
2018;440;12-15;17;16;33;SEC_440
2018;402;25-34;81;63;144;SEC_402
2018;139;25-34;64;61;125;SEC_139
2018;231;12-15;13;33;46;SEC_231
2018;107;18-24;51;53;104;SEC_107
2018;517;03-11;109;101;210;SEC_517
2018;308;65-74;123;103;226;SEC_308
2018;501;50-64;109;88;197;SEC_501
2018;401;12-15;26;20;46;SEC_401
2018;301;12-15;22;21;43;SEC_301
2018;507;65-74;52;40;92;SEC_507
2018;614;65-74;87;61;148;SEC_614
2018;220;16-17;16;9;25;SEC_220
2018;430;75 i +;54;37;91;SEC_430
2018;309;65-74;53;41;94;SEC_309
2018;621;35-49;158;189;347;SEC_621
2018;524;65-74;50;40;90;SEC_524
2018;137;18-24;56;52;108;SEC_137
2018;114;65-74;117;77;194;SEC_114
2018;535;35-49;88;88;176;SEC_535
2018;618;65-74;91;59;150;SEC_618
2018;307;50-64;157;108;265;SEC_307
2018;632;00-02;7;15;22;SEC_632
2018;242;16-17;8;10;18;SEC_242
2018;403;16-17;9;6;15;SEC_403
2018;102;03-11;54;43;97;SEC_102
2018;418;12-15;31;29;60;SEC_418
2018;401;50-64;144;116;260;SEC_401
2018;112;75 i +;83;42;125;SEC_112
2018;135;65-74;89;85;174;SEC_135
2018;514;00-02;17;27;44;SEC_514
2018;129;03-11;33;55;88;SEC_129
2018;209;12-15;17;22;39;SEC_209
2018;326;65-74;17;16;33;SEC_326
2018;531;50-64;85;83;168;SEC_531
2018;626;75 i +;72;41;113;SEC_626
2018;538;25-34;87;87;174;SEC_538
2018;521;35-49;90;111;201;SEC_521
2018;440;18-24;43;37;80;SEC_440
2018;327;03-11;49;59;108;SEC_327
2018;318;35-49;83;75;158;SEC_318
2018;329;12-15;37;33;70;SEC_329
2018;422;35-49;165;168;333;SEC_422
2018;431;03-11;94;87;181;SEC_431
2018;322;25-34;98;95;193;SEC_322
2018;120;75 i +;64;52;116;SEC_120
2018;127;00-02;7;8;15;SEC_127
2018;106;00-02;14;16;30;SEC_106
2018;602;16-17;14;14;28;SEC_602
2018;302;25-34;113;101;214;SEC_302
2018;520;50-64;79;67;146;SEC_520
2018;134;35-49;158;178;336;SEC_134
2018;538;18-24;49;57;106;SEC_538
2018;416;16-17;21;12;33;SEC_416
2018;305;03-11;63;64;127;SEC_305
2018;105;35-49;144;137;281;SEC_105
2018;623;16-17;15;12;27;SEC_623
2018;526;03-11;86;91;177;SEC_526
2018;113;50-64;180;151;331;SEC_113
2018;301;50-64;132;103;235;SEC_301
2018;425;50-64;94;102;196;SEC_425
2018;127;35-49;98;80;178;SEC_127
2018;111;18-24;28;27;55;SEC_111
2018;123;35-49;146;130;276;SEC_123
2018;524;25-34;116;116;232;SEC_524
2018;205;00-02;8;8;16;SEC_205
2018;403;03-11;48;57;105;SEC_403
2018;416;00-02;25;25;50;SEC_416
2018;611;65-74;89;59;148;SEC_611
2018;114;25-34;67;69;136;SEC_114
2018;102;25-34;71;70;141;SEC_102
2018;623;00-02;15;16;31;SEC_623
2018;632;25-34;40;51;91;SEC_632
2018;534;75 i +;69;51;120;SEC_534
2018;201;00-02;30;47;77;SEC_201
2018;414;00-02;38;30;68;SEC_414
2018;511;03-11;100;116;216;SEC_511
2018;234;65-74;34;28;62;SEC_234
2018;326;18-24;27;26;53;SEC_326
2018;245;35-49;139;159;298;SEC_245
2018;309;03-11;65;61;126;SEC_309
2018;313;16-17;20;25;45;SEC_313
2018;109;16-17;9;7;16;SEC_109
2018;514;12-15;30;40;70;SEC_514
2018;423;75 i +;78;59;137;SEC_423
2018;502;65-74;88;83;171;SEC_502
2018;630;25-34;47;43;90;SEC_630
2018;420;03-11;89;89;178;SEC_420
2018;508;50-64;141;138;279;SEC_508
2018;306;18-24;67;64;131;SEC_306
2018;534;12-15;21;17;38;SEC_534
2018;606;03-11;38;51;89;SEC_606
2018;119;65-74;133;111;244;SEC_119
2018;302;65-74;122;106;228;SEC_302
2018;110;16-17;9;9;18;SEC_110
2018;238;25-34;82;90;172;SEC_238
2018;631;16-17;5;8;13;SEC_631
2018;101;25-34;105;101;206;SEC_101
2018;613;16-17;13;8;21;SEC_613
2018;214;75 i +;117;63;180;SEC_214
2018;129;75 i +;108;64;172;SEC_129
2018;306;75 i +;91;55;146;SEC_306
2018;236;12-15;21;20;41;SEC_236
2018;122;03-11;50;54;104;SEC_122
2018;534;25-34;85;70;155;SEC_534
2018;407;00-02;16;18;34;SEC_407
2018;128;12-15;19;20;39;SEC_128
2018;425;65-74;39;29;68;SEC_425
2018;110;35-49;130;116;246;SEC_110
2018;621;65-74;148;133;281;SEC_621
2018;306;50-64;164;161;325;SEC_306
2018;220;35-49;246;199;445;SEC_220
2018;630;35-49;98;110;208;SEC_630
2018;237;00-02;18;18;36;SEC_237
2018;612;00-02;7;9;16;SEC_612
2018;513;35-49;181;205;386;SEC_513
2018;441;25-34;160;158;318;SEC_441
2018;624;03-11;48;43;91;SEC_624
2018;130;75 i +;96;53;149;SEC_130
2018;528;18-24;54;40;94;SEC_528
2018;311;12-15;22;30;52;SEC_311
2018;221;50-64;191;172;363;SEC_221
2018;127;18-24;19;23;42;SEC_127
2018;615;18-24;22;24;46;SEC_615
2018;435;18-24;40;59;99;SEC_435
2018;234;00-02;16;19;35;SEC_234
2018;136;50-64;123;98;221;SEC_136
2018;303;12-15;23;26;49;SEC_303
2018;404;65-74;68;49;117;SEC_404
2018;431;65-74;56;53;109;SEC_431
2018;327;00-02;10;22;32;SEC_327
2018;623;35-49;152;155;307;SEC_623
2018;123;50-64;143;130;273;SEC_123
2018;533;18-24;88;78;166;SEC_533
2018;211;12-15;17;30;47;SEC_211
2018;313;35-49;220;215;435;SEC_313
2018;622;00-02;10;7;17;SEC_622
2018;630;65-74;79;63;142;SEC_630
2018;407;65-74;51;24;75;SEC_407
2018;538;03-11;50;45;95;SEC_538
2018;304;35-49;303;284;587;SEC_304
2018;126;65-74;86;63;149;SEC_126
2018;505;16-17;9;7;16;SEC_505
2018;137;50-64;161;147;308;SEC_137
2018;217;65-74;67;63;130;SEC_217
2018;602;75 i +;93;98;191;SEC_602
2018;240;35-49;235;213;448;SEC_240
2018;526;75 i +;95;59;154;SEC_526
2018;506;75 i +;120;97;217;SEC_506
2018;503;50-64;107;67;174;SEC_503
2018;508;12-15;31;30;61;SEC_508
2018;437;65-74;75;56;131;SEC_437
2018;110;25-34;62;60;122;SEC_110
2018;208;18-24;49;58;107;SEC_208
2018;319;16-17;13;19;32;SEC_319
2018;304;16-17;8;13;21;SEC_304
2018;316;25-34;161;150;311;SEC_316
2018;606;16-17;6;7;13;SEC_606
2018;525;75 i +;71;36;107;SEC_525
2018;220;03-11;69;63;132;SEC_220
2018;320;16-17;3;2;5;SEC_320
2018;315;18-24;64;60;124;SEC_315
2018;207;35-49;252;231;483;SEC_207
2018;236;18-24;39;38;77;SEC_236
2018;430;65-74;32;23;55;SEC_430
2018;523;12-15;26;24;50;SEC_523
2018;420;25-34;163;156;319;SEC_420
2018;430;50-64;105;95;200;SEC_430
2018;102;35-49;147;165;312;SEC_102
2018;118;03-11;54;81;135;SEC_118
2018;608;18-24;41;37;78;SEC_608
2018;504;75 i +;106;83;189;SEC_504
2018;526;16-17;15;15;30;SEC_526
2018;132;25-34;137;142;279;SEC_132
2018;209;18-24;39;36;75;SEC_209
2018;114;35-49;173;184;357;SEC_114
2018;324;50-64;94;89;183;SEC_324
2018;409;75 i +;116;83;199;SEC_409
2018;320;25-34;41;43;84;SEC_320
2018;104;75 i +;73;40;113;SEC_104
2018;140;35-49;128;132;260;SEC_140
2018;616;75 i +;64;39;103;SEC_616
2018;420;16-17;22;27;49;SEC_420
2018;323;18-24;74;61;135;SEC_323
2018;111;65-74;63;40;103;SEC_111
2018;327;65-74;82;77;159;SEC_327
2018;309;50-64;105;94;199;SEC_309
2018;141;12-15;44;52;96;SEC_141
2018;324;12-15;24;24;48;SEC_324
2018;514;65-74;49;35;84;SEC_514
2018;116;25-34;67;71;138;SEC_116
2018;132;03-11;91;75;166;SEC_132
2018;632;18-24;37;33;70;SEC_632
2018;140;65-74;55;40;95;SEC_140
2018;407;25-34;67;67;134;SEC_407
2018;607;00-02;9;5;14;SEC_607
2018;524;35-49;175;186;361;SEC_524
2018;622;65-74;62;42;104;SEC_622
2018;132;00-02;17;22;39;SEC_132
2018;233;25-34;95;86;181;SEC_233
2018;116;03-11;55;53;108;SEC_116
2018;301;03-11;63;49;112;SEC_301
2018;405;75 i +;145;89;234;SEC_405
2018;433;03-11;99;102;201;SEC_433
2018;232;35-49;127;136;263;SEC_232
2018;123;65-74;61;65;126;SEC_123
2018;404;75 i +;84;58;142;SEC_404
2018;141;65-74;11;14;25;SEC_141
2018;328;00-02;45;48;93;SEC_328
2018;246;00-02;16;17;33;SEC_246
2018;129;12-15;22;19;41;SEC_129
2018;306;25-34;122;129;251;SEC_306
2018;226;25-34;138;175;313;SEC_226
2018;116;35-49;161;166;327;SEC_116
2018;501;35-49;103;117;220;SEC_501
2018;426;50-64;92;86;178;SEC_426
2018;208;16-17;8;17;25;SEC_208
2018;118;16-17;16;7;23;SEC_118
2018;427;03-11;80;108;188;SEC_427
2018;317;03-11;60;60;120;SEC_317
2018;131;16-17;3;15;18;SEC_131
2018;401;35-49;127;120;247;SEC_401
2018;102;00-02;17;18;35;SEC_102
2018;312;75 i +;110;72;182;SEC_312
2018;529;35-49;194;167;361;SEC_529
2018;245;16-17;10;15;25;SEC_245
2018;624;12-15;17;18;35;SEC_624
2018;537;25-34;98;95;193;SEC_537
2018;517;00-02;27;36;63;SEC_517
2018;108;03-11;64;65;129;SEC_108
2018;311;65-74;69;42;111;SEC_311
2018;531;12-15;20;13;33;SEC_531
2018;531;16-17;10;8;18;SEC_531
2018;109;12-15;19;17;36;SEC_109
2018;210;18-24;36;31;67;SEC_210
2018;137;75 i +;63;55;118;SEC_137
2018;605;35-49;189;184;373;SEC_605
2018;621;16-17;6;10;16;SEC_621
2018;615;16-17;9;4;13;SEC_615
2018;124;65-74;50;28;78;SEC_124
2018;613;00-02;12;8;20;SEC_613
2018;328;65-74;25;17;42;SEC_328
2018;316;75 i +;90;56;146;SEC_316
2018;523;18-24;54;60;114;SEC_523
2018;506;00-02;12;16;28;SEC_506
2018;517;12-15;44;39;83;SEC_517
2018;108;12-15;21;18;39;SEC_108
2018;115;35-49;154;155;309;SEC_115
2018;134;16-17;6;11;17;SEC_134
2018;205;12-15;17;22;39;SEC_205
2018;312;16-17;13;13;26;SEC_312
2018;109;65-74;74;66;140;SEC_109
2018;511;65-74;101;61;162;SEC_511
2018;607;03-11;37;39;76;SEC_607
2018;141;35-49;250;250;500;SEC_141
2018;606;65-74;56;29;85;SEC_606
2018;320;35-49;176;189;365;SEC_320
2018;630;50-64;79;61;140;SEC_630
2018;618;18-24;38;59;97;SEC_618
2018;410;16-17;12;20;32;SEC_410
2018;402;03-11;39;55;94;SEC_402
2018;311;16-17;16;19;35;SEC_311
2018;606;35-49;124;111;235;SEC_606
2018;118;35-49;186;188;374;SEC_118
2018;430;00-02;24;17;41;SEC_430
2018;304;12-15;33;20;53;SEC_304
2018;617;50-64;79;82;161;SEC_617
2018;626;12-15;17;13;30;SEC_626
2018;621;50-64;145;84;229;SEC_621
2018;130;25-34;60;65;125;SEC_130
2018;201;35-49;259;266;525;SEC_201
2018;228;03-11;100;100;200;SEC_228
2018;135;25-34;90;97;187;SEC_135
2018;201;16-17;9;10;19;SEC_201
2018;322;75 i +;78;39;117;SEC_322
2018;120;00-02;21;21;42;SEC_120
2018;316;00-02;22;24;46;SEC_316
2018;111;50-64;93;76;169;SEC_111
2018;532;16-17;18;9;27;SEC_532
2018;107;50-64;145;134;279;SEC_107
2018;505;25-34;63;40;103;SEC_505
2018;325;00-02;16;25;41;SEC_325
2018;404;03-11;68;68;136;SEC_404
2018;314;03-11;102;100;202;SEC_314
2018;315;25-34;113;130;243;SEC_315
2018;239;00-02;11;13;24;SEC_239
2018;112;50-64;170;144;314;SEC_112
2018;238;65-74;41;30;71;SEC_238
2018;410;12-15;30;32;62;SEC_410
2018;402;16-17;6;8;14;SEC_402
2018;138;16-17;3;7;10;SEC_138
2018;125;18-24;49;64;113;SEC_125
2018;223;50-64;119;107;226;SEC_223
2018;612;03-11;44;29;73;SEC_612
2018;309;18-24;37;40;77;SEC_309
2018;323;12-15;39;43;82;SEC_323
2018;245;00-02;19;19;38;SEC_245
2018;122;25-34;64;56;120;SEC_122
2018;622;35-49;96;109;205;SEC_622
2018;207;18-24;70;72;142;SEC_207
2018;229;75 i +;83;43;126;SEC_229
2018;236;00-02;13;10;23;SEC_236
2018;304;00-02;40;31;71;SEC_304
2018;624;16-17;7;13;20;SEC_624
2018;506;18-24;51;58;109;SEC_506
2018;310;50-64;104;72;176;SEC_310
2018;249;16-17;13;5;18;SEC_249
2018;403;75 i +;103;83;186;SEC_403
2018;404;50-64;122;122;244;SEC_404
2018;124;75 i +;51;42;93;SEC_124
2018;511;50-64;205;159;364;SEC_511
2018;508;75 i +;81;49;130;SEC_508
2018;403;50-64;108;107;215;SEC_403
2018;328;75 i +;33;10;43;SEC_328
2018;318;75 i +;50;27;77;SEC_318
2018;521;00-02;7;6;13;SEC_521
2018;238;00-02;13;8;21;SEC_238
2018;101;16-17;17;12;29;SEC_101
2018;248;35-49;166;164;330;SEC_248
2018;619;35-49;121;130;251;SEC_619
2018;432;16-17;12;7;19;SEC_432
2018;319;03-11;75;105;180;SEC_319
2018;502;12-15;19;34;53;SEC_502
2018;423;25-34;78;70;148;SEC_423
2018;118;75 i +;76;68;144;SEC_118
2018;117;18-24;65;55;120;SEC_117
2018;309;35-49;178;184;362;SEC_309
2018;329;35-49;257;249;506;SEC_329
2018;613;18-24;23;39;62;SEC_613
2018;112;35-49;209;204;413;SEC_112
2018;524;16-17;10;10;20;SEC_524
2018;407;12-15;15;17;32;SEC_407
2018;228;25-34;198;189;387;SEC_228
2018;245;18-24;50;60;110;SEC_245
2018;625;75 i +;77;54;131;SEC_625
2018;435;25-34;109;107;216;SEC_435
2018;105;25-34;71;85;156;SEC_105
2018;402;35-49;123;120;243;SEC_402
2018;617;00-02;11;10;21;SEC_617
2018;423;16-17;15;14;29;SEC_423
2018;303;03-11;69;61;130;SEC_303
2018;433;00-02;30;43;73;SEC_433
2018;426;18-24;51;41;92;SEC_426
2018;411;03-11;37;31;68;SEC_411
2018;321;18-24;80;74;154;SEC_321
2018;402;12-15;22;13;35;SEC_402
2018;133;00-02;11;13;24;SEC_133
2018;316;50-64;304;229;533;SEC_316
2018;248;12-15;30;13;43;SEC_248
2018;615;35-49;101;99;200;SEC_615
2018;110;65-74;124;80;204;SEC_110
2018;209;03-11;41;40;81;SEC_209
2018;422;65-74;41;30;71;SEC_422
2018;625;16-17;12;14;26;SEC_625
2018;610;25-34;52;63;115;SEC_610
2018;105;03-11;52;55;107;SEC_105
2018;320;18-24;44;49;93;SEC_320
2018;107;75 i +;109;75;184;SEC_107
2018;208;25-34;115;131;246;SEC_208
2018;105;12-15;24;22;46;SEC_105
2018;201;50-64;109;94;203;SEC_201
2018;503;00-02;4;5;9;SEC_503
2018;236;50-64;94;86;180;SEC_236
2018;207;16-17;15;18;33;SEC_207
2018;236;03-11;43;54;97;SEC_236
2018;310;16-17;9;5;14;SEC_310
2018;420;18-24;94;97;191;SEC_420
2018;410;35-49;198;179;377;SEC_410
2018;120;18-24;70;64;134;SEC_120
2018;609;35-49;108;89;197;SEC_609
2018;518;65-74;59;40;99;SEC_518
2018;120;35-49;191;182;373;SEC_120
2018;618;75 i +;96;86;182;SEC_618
2018;109;35-49;124;123;247;SEC_109
2018;135;12-15;17;26;43;SEC_135
2018;506;50-64;168;154;322;SEC_506
2018;109;18-24;34;39;73;SEC_109
2018;533;03-11;101;91;192;SEC_533
2018;508;25-34;128;119;247;SEC_508
2018;138;50-64;90;64;154;SEC_138
2018;115;12-15;23;21;44;SEC_115
2018;315;12-15;24;43;67;SEC_315
2018;503;75 i +;43;27;70;SEC_503
2018;601;50-64;184;172;356;SEC_601
2018;323;35-49;232;226;458;SEC_323
2018;305;50-64;201;173;374;SEC_305
2018;501;03-11;28;29;57;SEC_501
2018;247;75 i +;72;50;122;SEC_247
2018;127;12-15;20;17;37;SEC_127
2018;221;16-17;24;21;45;SEC_221
2018;503;65-74;69;69;138;SEC_503
2018;320;00-02;14;4;18;SEC_320
2018;214;65-74;81;49;130;SEC_214
2018;220;25-34;144;162;306;SEC_220
2018;107;16-17;10;19;29;SEC_107
2018;323;03-11;67;99;166;SEC_323
2018;210;00-02;5;8;13;SEC_210
2018;605;75 i +;141;126;267;SEC_605
2018;119;00-02;16;10;26;SEC_119
2018;506;65-74;180;123;303;SEC_506
2018;616;00-02;28;22;50;SEC_616
2018;238;18-24;42;58;100;SEC_238
2018;436;18-24;88;92;180;SEC_436
2018;528;12-15;21;26;47;SEC_528
2018;416;03-11;61;75;136;SEC_416
2018;402;18-24;38;35;73;SEC_402
2018;623;03-11;57;49;106;SEC_623
2018;316;18-24;62;61;123;SEC_316
2018;243;18-24;68;81;149;SEC_243
2018;412;25-34;112;103;215;SEC_412
2018;437;12-15;32;29;61;SEC_437
2018;624;50-64;72;85;157;SEC_624
2018;318;12-15;14;17;31;SEC_318
2018;329;18-24;35;37;72;SEC_329
2018;402;00-02;13;20;33;SEC_402
2018;518;00-02;14;17;31;SEC_518
2018;437;35-49;221;191;412;SEC_437
2018;207;00-02;25;22;47;SEC_207
2018;113;03-11;67;84;151;SEC_113
2018;411;35-49;103;112;215;SEC_411
2018;231;25-34;111;93;204;SEC_231
2018;213;65-74;54;38;92;SEC_213
2018;223;03-11;66;56;122;SEC_223
2018;328;35-49;293;272;565;SEC_328
2018;420;65-74;96;69;165;SEC_420
2018;126;16-17;11;12;23;SEC_126
2018;317;16-17;7;12;19;SEC_317
2018;228;50-64;177;179;356;SEC_228
2018;431;00-02;31;30;61;SEC_431
2018;216;03-11;55;65;120;SEC_216
2018;214;03-11;111;117;228;SEC_214
2018;239;25-34;88;98;186;SEC_239
2018;504;50-64;74;78;152;SEC_504
2018;118;18-24;64;53;117;SEC_118
2018;226;65-74;87;71;158;SEC_226
2018;614;25-34;41;50;91;SEC_614
2018;513;12-15;26;29;55;SEC_513
2018;233;75 i +;58;26;84;SEC_233
2018;135;00-02;14;24;38;SEC_135
2018;131;18-24;39;36;75;SEC_131
2018;623;18-24;38;46;84;SEC_623
2018;116;16-17;9;8;17;SEC_116
2018;139;65-74;63;51;114;SEC_139
2018;403;00-02;10;11;21;SEC_403
2018;313;00-02;28;14;42;SEC_313
2018;406;25-34;123;94;217;SEC_406
2018;239;18-24;45;45;90;SEC_239
2018;510;16-17;10;9;19;SEC_510
2018;619;75 i +;117;87;204;SEC_619
2018;303;16-17;9;14;23;SEC_303
2018;106;35-49;184;189;373;SEC_106
2018;205;16-17;12;13;25;SEC_205
2018;237;50-64;141;115;256;SEC_237
2018;617;18-24;28;39;67;SEC_617
2018;426;75 i +;44;22;66;SEC_426
2018;242;25-34;95;90;185;SEC_242
2018;618;25-34;46;50;96;SEC_618
2018;419;03-11;87;116;203;SEC_419
2018;236;75 i +;91;50;141;SEC_236
2018;236;65-74;55;30;85;SEC_236
2018;240;00-02;30;23;53;SEC_240
2018;517;35-49;258;290;548;SEC_517
2018;624;35-49;103;131;234;SEC_624
2018;107;25-34;90;103;193;SEC_107
2018;122;00-02;14;13;27;SEC_122
2018;136;25-34;74;69;143;SEC_136
2018;302;00-02;26;19;45;SEC_302
2018;133;03-11;35;31;66;SEC_133
2018;223;65-74;54;31;85;SEC_223
2018;312;50-64;164;159;323;SEC_312
2018;326;35-49;247;279;526;SEC_326
2018;608;00-02;15;10;25;SEC_608
2018;510;65-74;64;40;104;SEC_510
2018;312;65-74;119;64;183;SEC_312
2018;441;65-74;140;121;261;SEC_441
2018;507;35-49;104;102;206;SEC_507
2018;119;25-34;70;60;130;SEC_119
2018;102;65-74;127;112;239;SEC_102
2018;108;75 i +;89;52;141;SEC_108
2018;510;18-24;46;36;82;SEC_510
2018;525;25-34;64;46;110;SEC_525
2018;136;75 i +;80;43;123;SEC_136
2018;217;03-11;65;54;119;SEC_217
2018;202;00-02;29;28;57;SEC_202
2018;327;50-64;157;127;284;SEC_327
2018;322;50-64;108;98;206;SEC_322
2018;533;12-15;37;41;78;SEC_533
2018;306;35-49;189;176;365;SEC_306
2018;112;18-24;61;61;122;SEC_112
2018;412;35-49;148;192;340;SEC_412
2018;217;16-17;12;13;25;SEC_217
2018;140;00-02;10;14;24;SEC_140
2018;135;75 i +;94;55;149;SEC_135
2018;246;18-24;53;55;108;SEC_246
2018;140;50-64;99;83;182;SEC_140
2018;523;03-11;56;60;116;SEC_523
2018;124;35-49;96;92;188;SEC_124
2018;502;18-24;59;62;121;SEC_502
2018;113;75 i +;69;59;128;SEC_113
2018;406;75 i +;79;68;147;SEC_406
2018;423;50-64;97;75;172;SEC_423
2018;249;25-34;92;100;192;SEC_249
2018;419;12-15;33;47;80;SEC_419
2018;535;16-17;3;13;16;SEC_535
2018;201;18-24;25;53;78;SEC_201
2018;419;35-49;233;285;518;SEC_419
2018;310;75 i +;44;25;69;SEC_310
2018;101;50-64;192;186;378;SEC_101
2018;245;50-64;102;94;196;SEC_245
2018;245;03-11;50;55;105;SEC_245
2018;308;75 i +;113;91;204;SEC_308
2018;201;03-11;76;96;172;SEC_201
2018;427;75 i +;87;39;126;SEC_427
2018;105;50-64;132;106;238;SEC_105
2018;103;75 i +;55;33;88;SEC_103
2018;231;16-17;14;17;31;SEC_231
2018;128;18-24;28;23;51;SEC_128
2018;505;00-02;8;13;21;SEC_505
2018;412;16-17;16;19;35;SEC_412
2018;234;35-49;130;141;271;SEC_234
2018;305;18-24;56;66;122;SEC_305
2018;204;16-17;17;12;29;SEC_204
2018;134;00-02;12;20;32;SEC_134
2018;114;18-24;48;47;95;SEC_114
2018;433;16-17;16;23;39;SEC_433
2018;532;12-15;25;30;55;SEC_532
2018;243;65-74;52;50;102;SEC_243
2018;612;75 i +;100;71;171;SEC_612
2018;243;50-64;180;154;334;SEC_243
2018;315;65-74;86;85;171;SEC_315
2018;319;25-34;82;86;168;SEC_319
2018;621;00-02;17;17;34;SEC_621
2018;320;25-34;65;62;127;SEC_320
2018;421;50-64;113;97;210;SEC_421
2018;528;00-02;11;22;33;SEC_528
2018;537;16-17;16;5;21;SEC_537
2018;240;25-34;154;145;299;SEC_240
2018;119;50-64;124;94;218;SEC_119
2018;510;25-34;75;79;154;SEC_510
2018;243;75 i +;108;64;172;SEC_243
2018;115;16-17;9;13;22;SEC_115
2018;214;18-24;100;93;193;SEC_214
2018;624;75 i +;62;71;133;SEC_624
2018;209;65-74;37;35;72;SEC_209
2018;315;00-02;27;27;54;SEC_315
2018;537;50-64;131;111;242;SEC_537
2018;240;12-15;37;34;71;SEC_240
2018;612;65-74;76;54;130;SEC_612
2018;437;00-02;18;27;45;SEC_437
2018;529;16-17;8;17;25;SEC_529
2018;506;12-15;25;34;59;SEC_506
2018;132;65-74;141;125;266;SEC_132
2018;232;16-17;7;6;13;SEC_232
2018;423;35-49;135;138;273;SEC_423
2018;233;65-74;27;22;49;SEC_233
2018;430;12-15;23;22;45;SEC_430
2018;213;18-24;33;44;77;SEC_213
2018;105;18-24;30;30;60;SEC_105
2018;534;18-24;36;39;75;SEC_534
2018;210;16-17;4;8;12;SEC_210
2018;128;35-49;155;160;315;SEC_128
2018;505;65-74;138;86;224;SEC_505
2018;113;16-17;8;18;26;SEC_113
2018;214;35-49;324;307;631;SEC_214
2018;505;18-24;25;21;46;SEC_505
2018;525;65-74;36;37;73;SEC_525
2018;409;35-49;239;265;504;SEC_409
2018;425;00-02;13;10;23;SEC_425
2018;245;12-15;21;29;50;SEC_245
2018;132;35-49;218;254;472;SEC_132
2018;237;65-74;54;48;102;SEC_237
2018;404;35-49;168;175;343;SEC_404
2018;207;75 i +;104;57;161;SEC_207
2018;325;75 i +;179;104;283;SEC_325
2018;316;16-17;9;15;24;SEC_316
2018;520;12-15;17;22;39;SEC_520
2018;213;35-49;129;114;243;SEC_213
2018;607;16-17;4;4;8;SEC_607
2018;211;18-24;48;73;121;SEC_211
2018;432;03-11;55;58;113;SEC_432
2018;538;65-74;66;27;93;SEC_538
2018;325;35-49;189;174;363;SEC_325
2018;521;16-17;6;8;14;SEC_521
2018;407;35-49;126;148;274;SEC_407
2018;610;16-17;10;13;23;SEC_610
2018;610;50-64;93;87;180;SEC_610
2018;605;65-74;128;85;213;SEC_605
2018;609;25-34;36;43;79;SEC_609
2018;621;18-24;39;50;89;SEC_621
2018;310;00-02;15;13;28;SEC_310
2018;623;50-64;111;113;224;SEC_623
2018;248;25-34;97;106;203;SEC_248
2018;213;25-34;80;70;150;SEC_213
2018;204;03-11;64;69;133;SEC_204
2018;137;03-11;76;51;127;SEC_137
2018;520;35-49;97;85;182;SEC_520
2018;120;16-17;11;24;35;SEC_120
2018;233;35-49;136;134;270;SEC_233
2018;209;35-49;144;105;249;SEC_209
2018;622;16-17;3;7;10;SEC_622
2018;520;25-34;66;77;143;SEC_520
2018;108;35-49;165;173;338;SEC_108
2018;113;00-02;18;19;37;SEC_113
2018;239;75 i +;92;47;139;SEC_239
2018;319;35-49;244;238;482;SEC_319
2018;517;50-64;201;173;374;SEC_517
2018;121;12-15;17;16;33;SEC_121
2018;615;75 i +;71;55;126;SEC_615
2018;249;12-15;14;17;31;SEC_249
2018;437;25-34;109;133;242;SEC_437
2018;301;35-49;168;166;334;SEC_301
2018;611;75 i +;110;105;215;SEC_611
2018;327;18-24;40;51;91;SEC_327
2018;624;25-34;51;46;97;SEC_624
2018;623;65-74;130;101;231;SEC_623
2018;630;12-15;12;15;27;SEC_630
2018;517;25-34;179;181;360;SEC_517
2018;404;16-17;14;17;31;SEC_404
2018;109;25-34;67;60;127;SEC_109
2018;523;25-34;102;114;216;SEC_523
2018;133;18-24;21;25;46;SEC_133
2018;237;25-34;105;119;224;SEC_237
2018;211;25-34;112;133;245;SEC_211
2018;518;16-17;10;8;18;SEC_518
2018;141;03-11;116;128;244;SEC_141
2018;308;03-11;80;71;151;SEC_308
2018;226;18-24;65;80;145;SEC_226
2018;106;75 i +;76;50;126;SEC_106
2018;324;18-24;37;50;87;SEC_324
2018;118;00-02;18;16;34;SEC_118
2018;126;12-15;18;14;32;SEC_126
2018;326;12-15;25;18;43;SEC_326
2018;426;16-17;5;7;12;SEC_426
2018;133;65-74;58;41;99;SEC_133
2018;309;00-02;17;21;38;SEC_309
2018;237;16-17;13;16;29;SEC_237
2018;432;18-24;56;47;103;SEC_432
2018;409;16-17;22;17;39;SEC_409
2018;311;35-49;191;217;408;SEC_311
2018;125;25-34;83;88;171;SEC_125
2018;537;12-15;22;23;45;SEC_537
2018;228;75 i +;143;90;233;SEC_228
2018;524;12-15;27;29;56;SEC_524
2018;616;16-17;22;26;48;SEC_616
2018;307;35-49;137;138;275;SEC_307
2018;532;00-02;17;21;38;SEC_532
2018;517;75 i +;88;59;147;SEC_517
2018;220;00-02;31;30;61;SEC_220
2018;234;50-64;95;86;181;SEC_234
2018;236;35-49;123;132;255;SEC_236
2018;401;16-17;9;10;19;SEC_401
2018;221;25-34;162;172;334;SEC_221
2018;520;00-02;13;14;27;SEC_520
2018;238;75 i +;50;35;85;SEC_238
2018;425;35-49;125;118;243;SEC_425
2018;322;65-74;61;58;119;SEC_322
2018;112;03-11;60;61;121;SEC_112
2018;521;65-74;110;88;198;SEC_521
2018;134;12-15;24;30;54;SEC_134
2018;302;03-11;54;53;107;SEC_302
2018;437;18-24;66;84;150;SEC_437
2018;322;03-11;54;59;113;SEC_322
2018;508;03-11;68;80;148;SEC_508
2018;130;65-74;42;25;67;SEC_130
2018;211;75 i +;77;40;117;SEC_211
2018;530;18-24;62;80;142;SEC_530
2018;232;75 i +;70;50;120;SEC_232
2018;319;18-24;56;54;110;SEC_319
2018;204;75 i +;109;59;168;SEC_204
2018;431;50-64;134;109;243;SEC_431
2018;139;75 i +;46;35;81;SEC_139
2018;212;35-49;210;196;406;SEC_212
2018;510;03-11;47;40;87;SEC_510
2018;124;16-17;7;6;13;SEC_124
2018;613;50-64;83;84;167;SEC_613
2018;615;12-15;12;10;22;SEC_615
2018;608;35-49;137;168;305;SEC_608
2018;126;03-11;29;40;69;SEC_126
2018;234;16-17;9;6;15;SEC_234
2018;405;50-64;166;167;333;SEC_405
2018;324;65-74;44;30;74;SEC_324
2018;328;18-24;52;41;93;SEC_328
2018;432;65-74;95;83;178;SEC_432
2018;610;03-11;37;45;82;SEC_610
2018;119;03-11;41;34;75;SEC_119
2018;537;35-49;156;135;291;SEC_537
2018;106;18-24;45;51;96;SEC_106
2018;534;50-64;76;74;150;SEC_534
2018;537;18-24;55;55;110;SEC_537
2018;237;03-11;72;62;134;SEC_237
2018;226;50-64;195;147;342;SEC_226
2018;129;50-64;101;100;201;SEC_129
2018;419;75 i +;121;69;190;SEC_419
2018;125;12-15;35;35;70;SEC_125
2018;208;00-02;14;18;32;SEC_208
2018;128;65-74;64;42;106;SEC_128
2018;115;65-74;82;74;156;SEC_115
2018;314;25-34;127;182;309;SEC_314
2018;110;50-64;107;86;193;SEC_110
2018;606;00-02;9;21;30;SEC_606
2018;412;50-64;173;129;302;SEC_412
2018;216;50-64;123;102;225;SEC_216
2018;405;00-02;23;29;52;SEC_405
2018;231;50-64;112;104;216;SEC_231
2018;513;18-24;61;67;128;SEC_513
2018;624;00-02;11;7;18;SEC_624
2018;621;25-34;69;68;137;SEC_621
2018;406;16-17;12;13;25;SEC_406
2018;106;03-11;61;69;130;SEC_106
2018;116;65-74;121;81;202;SEC_116
2018;614;03-11;32;48;80;SEC_614
2018;533;00-02;25;28;53;SEC_533
2018;233;03-11;49;61;110;SEC_233
2018;124;00-02;11;13;24;SEC_124
2018;406;65-74;66;58;124;SEC_406
2018;112;00-02;20;16;36;SEC_112
2018;501;75 i +;57;42;99;SEC_501
2018;625;35-49;116;109;225;SEC_625
2018;216;12-15;32;31;63;SEC_216
2018;535;00-02;6;4;10;SEC_535
2018;136;65-74;65;68;133;SEC_136
2018;125;50-64;140;140;280;SEC_125
2018;137;35-49;187;155;342;SEC_137
2018;326;03-11;88;97;185;SEC_326
2018;627;03-11;24;36;60;SEC_627
2018;127;03-11;28;27;55;SEC_127
2018;317;75 i +;42;24;66;SEC_317
2018;324;75 i +;41;28;69;SEC_324
2018;247;18-24;48;36;84;SEC_247
2018;612;25-34;46;42;88;SEC_612
2018;534;65-74;52;48;100;SEC_534
2018;319;12-15;46;46;92;SEC_319
2018;202;03-11;70;77;147;SEC_202
2018;124;50-64;95;75;170;SEC_124
2018;220;50-64;178;155;333;SEC_220
2018;105;65-74;82;70;152;SEC_105
2018;229;35-49;257;258;515;SEC_229
2018;310;03-11;43;46;89;SEC_310
2018;534;16-17;9;10;19;SEC_534
2018;631;25-34;50;52;102;SEC_631
2018;228;18-24;97;96;193;SEC_228
2018;315;03-11;82;75;157;SEC_315
2018;414;35-49;267;257;524;SEC_414
2018;135;35-49;163;189;352;SEC_135
2018;319;50-64;167;148;315;SEC_319
2018;201;12-15;34;36;70;SEC_201
2018;511;00-02;32;40;72;SEC_511
2018;622;03-11;27;27;54;SEC_622
2018;625;00-02;15;10;25;SEC_625
2018;238;16-17;7;4;11;SEC_238
2018;314;75 i +;87;66;153;SEC_314
2018;104;03-11;36;26;62;SEC_104
2018;307;03-11;56;41;97;SEC_307
2018;626;00-02;11;14;25;SEC_626
2018;518;03-11;51;44;95;SEC_518
2018;631;18-24;32;28;60;SEC_631
2018;618;12-15;37;27;64;SEC_618
2018;514;35-49;191;179;370;SEC_514
2018;531;18-24;52;51;103;SEC_531
2018;535;25-34;58;62;120;SEC_535
2018;624;65-74;116;79;195;SEC_624
2018;126;00-02;15;11;26;SEC_126
2018;511;16-17;20;16;36;SEC_511
2018;107;03-11;68;60;128;SEC_107
2018;611;03-11;77;96;173;SEC_611
2018;141;18-24;20;23;43;SEC_141
2018;419;50-64;161;175;336;SEC_419
2018;112;16-17;17;17;34;SEC_112
2018;322;16-17;15;18;33;SEC_322
2018;316;03-11;49;75;124;SEC_316
2018;138;00-02;7;10;17;SEC_138
2018;248;50-64;124;112;236;SEC_248
2018;426;35-49;120;162;282;SEC_426
2018;231;35-49;178;184;362;SEC_231
2018;529;00-02;16;16;32;SEC_529
2018;302;12-15;16;10;26;SEC_302
2018;126;18-24;34;31;65;SEC_126
2018;404;25-34;115;100;215;SEC_404
2018;115;18-24;40;54;94;SEC_115
2018;249;75 i +;68;39;107;SEC_249
2018;220;18-24;73;72;145;SEC_220
2018;309;16-17;11;12;23;SEC_309
2018;136;03-11;61;58;119;SEC_136
2018;249;35-49;121;119;240;SEC_249
2018;125;00-02;13;15;28;SEC_125
2018;613;03-11;39;50;89;SEC_613
2018;504;03-11;31;44;75;SEC_504
2018;211;50-64;124;100;224;SEC_211
2018;224;65-74;49;37;86;SEC_224
2018;127;50-64;100;82;182;SEC_127
2018;421;16-17;18;17;35;SEC_421
2018;432;75 i +;80;55;135;SEC_432
2018;409;03-11;85;87;172;SEC_409
2018;217;18-24;55;62;117;SEC_217
2018;321;16-17;13;18;31;SEC_321
2018;205;75 i +;69;51;120;SEC_205
2018;301;25-34;74;91;165;SEC_301
2018;209;25-34;86;86;172;SEC_209
2018;407;75 i +;79;48;127;SEC_407
2018;139;00-02;9;6;15;SEC_139
2018;508;16-17;16;11;27;SEC_508
2018;247;03-11;75;67;142;SEC_247
2018;631;00-02;8;12;20;SEC_631
2018;202;18-24;68;83;151;SEC_202
2018;128;03-11;42;53;95;SEC_128
2018;314;12-15;36;41;77;SEC_314
2018;514;50-64;131;125;256;SEC_514
2018;530;65-74;58;37;95;SEC_530
2018;301;16-17;9;8;17;SEC_301
2018;533;35-49;242;262;504;SEC_533
2018;414;50-64;169;142;311;SEC_414
2018;221;03-11;83;88;171;SEC_221
2018;532;75 i +;102;66;168;SEC_532
2018;246;65-74;35;31;66;SEC_246
2018;245;65-74;53;35;88;SEC_245
2018;247;65-74;53;39;92;SEC_247
2018;102;50-64;149;131;280;SEC_102
2018;134;75 i +;105;49;154;SEC_134
2018;601;65-74;127;92;219;SEC_601
2018;117;65-74;130;113;243;SEC_117
2018;217;35-49;191;210;401;SEC_217
2018;132;75 i +;111;83;194;SEC_132
2018;101;12-15;39;39;78;SEC_101
2018;503;16-17;3;7;10;SEC_503
2018;435;65-74;38;29;67;SEC_435
2018;431;25-34;128;140;268;SEC_431
2018;327;16-17;18;8;26;SEC_327
2018;105;75 i +;58;47;105;SEC_105
2018;612;18-24;29;40;69;SEC_612
2018;121;35-49;125;125;250;SEC_121
2018;228;12-15;44;57;101;SEC_228
2018;224;50-64;122;96;218;SEC_224
2018;414;03-11;95;90;185;SEC_414
2018;520;75 i +;63;41;104;SEC_520
2018;329;65-74;31;40;71;SEC_329
2018;321;25-34;131;138;269;SEC_321
2018;608;12-15;26;26;52;SEC_608
2018;127;65-74;27;23;50;SEC_127
2018;104;16-17;4;7;11;SEC_104
2018;139;50-64;80;96;176;SEC_139
2018;240;03-11;82;60;142;SEC_240
2018;503;25-34;33;44;77;SEC_503
2018;531;00-02;5;17;22;SEC_531
2018;531;35-49;123;134;257;SEC_531
2018;243;16-17;7;12;19;SEC_243
2018;136;12-15;22;26;48;SEC_136
2018;430;35-49;144;180;324;SEC_430
2018;115;25-34;57;96;153;SEC_115
2018;502;00-02;20;13;33;SEC_502
2018;505;50-64;105;102;207;SEC_505
2018;224;18-24;39;44;83;SEC_224
2018;425;16-17;7;10;17;SEC_425
2018;310;18-24;34;29;63;SEC_310
2018;324;03-11;64;63;127;SEC_324
2018;228;65-74;78;51;129;SEC_228
2018;502;75 i +;136;90;226;SEC_502
2018;128;50-64;82;84;166;SEC_128
2018;217;12-15;16;26;42;SEC_217
2018;121;00-02;9;17;26;SEC_121
2018;116;00-02;9;12;21;SEC_116
2018;423;03-11;46;45;91;SEC_423
2018;324;16-17;14;11;25;SEC_324
2018;314;16-17;14;15;29;SEC_314
2018;111;03-11;36;19;55;SEC_111
2018;418;75 i +;84;70;154;SEC_418
2018;418;18-24;56;55;111;SEC_418
2018;626;03-11;34;39;73;SEC_626
2018;125;35-49;214;213;427;SEC_125
2018;430;16-17;15;8;23;SEC_430
2018;133;35-49;98;114;212;SEC_133
2018;537;03-11;55;47;102;SEC_537
2018;535;50-64;105;86;191;SEC_535
2018;305;16-17;16;13;29;SEC_305
2018;521;12-15;11;20;31;SEC_521
2018;627;00-02;6;9;15;SEC_627
2018;321;12-15;43;39;82;SEC_321
2018;125;16-17;11;13;24;SEC_125
2018;623;12-15;21;38;59;SEC_623
2018;425;12-15;17;21;38;SEC_425
2018;137;16-17;17;17;34;SEC_137
2018;404;18-24;56;70;126;SEC_404
2018;223;16-17;12;10;22;SEC_223
2018;607;50-64;105;92;197;SEC_607
2018;238;12-15;12;16;28;SEC_238
2018;108;16-17;18;12;30;SEC_108
2018;137;00-02;16;21;37;SEC_137
2018;135;16-17;12;13;25;SEC_135
2018;612;50-64;73;73;146;SEC_612
2018;504;18-24;28;32;60;SEC_504
2018;421;00-02;16;18;34;SEC_421
2018;240;75 i +;106;67;173;SEC_240
2018;433;12-15;37;31;68;SEC_433
2018;608;65-74;72;50;122;SEC_608
2018;123;00-02;12;14;26;SEC_123
2018;426;03-11;51;50;101;SEC_426
2018;404;12-15;32;25;57;SEC_404
2018;613;25-34;48;52;100;SEC_613
2018;431;35-49;214;235;449;SEC_431
2018;110;75 i +;83;66;149;SEC_110
2018;535;65-74;95;60;155;SEC_535
2018;304;50-64;130;137;267;SEC_304
2018;202;35-49;236;269;505;SEC_202
2018;232;00-02;19;16;35;SEC_232
2018;327;35-49;141;144;285;SEC_327
2018;605;03-11;77;66;143;SEC_605
2018;326;16-17;5;6;11;SEC_326
2018;502;35-49;179;195;374;SEC_502
2018;619;65-74;88;77;165;SEC_619
2018;204;50-64;158;140;298;SEC_204
2018;302;18-24;36;46;82;SEC_302
2018;114;50-64;153;126;279;SEC_114
2018;305;65-74;98;84;182;SEC_305
2018;405;12-15;31;21;52;SEC_405
2018;608;50-64;146;130;276;SEC_608
2018;202;75 i +;81;65;146;SEC_202
2018;525;16-17;16;7;23;SEC_525
2018;525;12-15;21;12;33;SEC_525
2018;240;18-24;78;79;157;SEC_240
2018;441;50-64;244;199;443;SEC_441
2018;139;35-49;105;114;219;SEC_139
2018;416;18-24;60;68;128;SEC_416
2018;602;35-49;149;139;288;SEC_602
2018;507;25-34;56;69;125;SEC_507
2018;301;65-74;89;72;161;SEC_301
2018;323;65-74;129;133;262;SEC_323
2018;411;18-24;42;46;88;SEC_411
2018;205;03-11;40;29;69;SEC_205
2018;102;18-24;48;50;98;SEC_102
2018;243;12-15;29;36;65;SEC_243
2018;208;50-64;165;129;294;SEC_208
2018;124;12-15;19;15;34;SEC_124
2018;538;00-02;23;19;42;SEC_538
2018;249;50-64;100;97;197;SEC_249
2018;140;03-11;51;52;103;SEC_140
2018;119;35-49;116;136;252;SEC_119
2018;220;12-15;36;33;69;SEC_220
2018;232;18-24;53;53;106;SEC_232
2018;610;75 i +;93;92;185;SEC_610
2018;220;75 i +;100;47;147;SEC_220
2018;229;00-02;30;37;67;SEC_229
2018;514;75 i +;90;60;150;SEC_514
2018;208;35-49;165;154;319;SEC_208
2018;314;50-64;284;227;511;SEC_314
2018;630;03-11;30;44;74;SEC_630
2018;134;50-64;147;119;266;SEC_134
2018;127;16-17;8;8;16;SEC_127
2018;138;18-24;34;17;51;SEC_138
2018;419;16-17;21;22;43;SEC_419
2018;201;65-74;52;31;83;SEC_201
2018;310;25-34;74;63;137;SEC_310
2018;323;00-02;20;21;41;SEC_323
2018;535;03-11;32;25;57;SEC_535
2018;525;03-11;47;48;95;SEC_525
2018;626;50-64;74;74;148;SEC_626
2018;538;50-64;129;118;247;SEC_538
2018;440;35-49;111;110;221;SEC_440
2018;132;12-15;39;26;65;SEC_132
2018;315;35-49;244;253;497;SEC_315
2018;126;75 i +;81;71;152;SEC_126
2018;532;35-49;180;196;376;SEC_532
2018;111;35-49;91;93;184;SEC_111
2018;321;35-49;233;204;437;SEC_321
2018;433;25-34;154;150;304;SEC_433
2018;532;25-34;115;94;209;SEC_532
2018;207;65-74;82;62;144;SEC_207
2018;103;25-34;53;47;100;SEC_103
2018;427;65-74;49;33;82;SEC_427
2018;242;18-24;49;42;91;SEC_242
2018;117;50-64;236;209;445;SEC_117
2018;532;65-74;70;48;118;SEC_532
2018;304;75 i +;88;48;136;SEC_304
2018;309;75 i +;50;25;75;SEC_309
2018;249;18-24;43;47;90;SEC_249
2018;511;25-34;190;163;353;SEC_511
2018;214;25-34;192;194;386;SEC_214
2018;322;00-02;20;30;50;SEC_322
2018;441;75 i +;115;84;199;SEC_441
2018;435;12-15;19;27;46;SEC_435
2018;246;25-34;88;99;187;SEC_246
2018;623;25-34;58;64;122;SEC_623
2018;320;18-24;10;9;19;SEC_320
2018;534;35-49;137;127;264;SEC_534
2018;307;65-74;129;116;245;SEC_307
2018;529;25-34;109;100;209;SEC_529
2018;301;00-02;20;5;25;SEC_301
2018;508;18-24;65;58;123;SEC_508
2018;204;18-24;69;75;144;SEC_204
2018;632;03-11;37;46;83;SEC_632
2018;609;75 i +;60;56;116;SEC_609
2018;103;12-15;12;11;23;SEC_103
2018;606;75 i +;81;62;143;SEC_606
2018;317;18-24;44;58;102;SEC_317
2018;122;35-49;132;132;264;SEC_122
2018;606;25-34;61;58;119;SEC_606
2018;137;25-34;84;75;159;SEC_137
2018;211;16-17;11;19;30;SEC_211
2018;320;00-02;5;13;18;SEC_320
2018;407;16-17;9;15;24;SEC_407
2018;248;16-17;11;8;19;SEC_248
2018;137;65-74;97;67;164;SEC_137
2018;311;75 i +;91;60;151;SEC_311
2018;528;65-74;51;41;92;SEC_528
2018;311;18-24;57;61;118;SEC_311
2018;435;35-49;119;179;298;SEC_435
2018;117;75 i +;98;66;164;SEC_117
2018;242;35-49;144;152;296;SEC_242
2018;432;35-49;141;151;292;SEC_432
2018;622;75 i +;38;25;63;SEC_622
2018;607;65-74;48;23;71;SEC_607
2018;313;18-24;60;59;119;SEC_313
2018;233;12-15;8;17;25;SEC_233
2018;402;50-64;102;80;182;SEC_402
2018;136;16-17;11;12;23;SEC_136
2018;627;25-34;38;54;92;SEC_627
2018;246;12-15;37;20;57;SEC_246
2018;627;12-15;11;13;24;SEC_627
2018;513;75 i +;104;63;167;SEC_513
2018;418;16-17;11;17;28;SEC_418
2018;432;50-64;128;106;234;SEC_432
2018;247;12-15;34;30;64;SEC_247
2018;501;65-74;109;111;220;SEC_501
2018;419;00-02;31;37;68;SEC_419
2018;308;18-24;84;97;181;SEC_308
2018;528;35-49;163;153;316;SEC_528
2018;601;18-24;71;75;146;SEC_601
2018;441;16-17;14;18;32;SEC_441
2018;532;50-64;124;82;206;SEC_532
2018;607;35-49;101;128;229;SEC_607
2018;530;75 i +;93;68;161;SEC_530
2018;507;16-17;7;10;17;SEC_507
2018;310;65-74;47;62;109;SEC_310
2018;432;12-15;21;17;38;SEC_432
2018;302;35-49;174;186;360;SEC_302
2018;109;00-02;14;11;25;SEC_109
2018;420;35-49;220;270;490;SEC_420
2018;411;65-74;62;42;104;SEC_411
2018;122;50-64;64;62;126;SEC_122
2018;111;75 i +;72;49;121;SEC_111
2018;611;50-64;153;157;310;SEC_611
2018;327;12-15;22;30;52;SEC_327
2018;317;12-15;21;30;51;SEC_317
2018;104;25-34;43;42;85;SEC_104
2018;501;12-15;11;20;31;SEC_501
2018;234;18-24;40;57;97;SEC_234
2018;104;65-74;43;33;76;SEC_104
2018;406;50-64;139;126;265;SEC_406
2018;104;12-15;14;19;33;SEC_104
2018;609;65-74;73;46;119;SEC_609
2018;310;35-49;101;123;224;SEC_310
2018;321;03-11;55;80;135;SEC_321
2018;305;25-34;135;98;233;SEC_305
2018;314;65-74;145;129;274;SEC_314
2018;601;25-34;107;123;230;SEC_601
2018;117;03-11;60;73;133;SEC_117
2018;205;18-24;38;43;81;SEC_205
2018;523;65-74;63;43;106;SEC_523
2018;440;75 i +;84;77;161;SEC_440
2018;602;25-34;61;68;129;SEC_602
2018;319;75 i +;47;36;83;SEC_319
2018;231;65-74;34;26;60;SEC_231
2018;102;16-17;17;10;27;SEC_102
2018;201;25-34;150;133;283;SEC_201
2018;510;35-49;124;130;254;SEC_510
2018;617;65-74;66;45;111;SEC_617
2018;626;65-74;71;55;126;SEC_626
2018;232;25-34;82;84;166;SEC_232
2018;111;12-15;9;21;30;SEC_111
2018;232;12-15;11;19;30;SEC_232
2018;214;00-02;48;42;90;SEC_214
2018;233;00-02;12;15;27;SEC_233
2018;318;25-34;39;51;90;SEC_318
2018;626;16-17;4;10;14;SEC_626
2018;228;16-17;16;27;43;SEC_228
2018;622;18-24;20;39;59;SEC_622
2018;247;35-49;172;160;332;SEC_247
2018;617;25-34;53;47;100;SEC_617
2018;329;16-17;13;17;30;SEC_329
2018;305;75 i +;79;46;125;SEC_305
2018;401;25-34;89;83;172;SEC_401
2018;409;12-15;26;34;60;SEC_409
2018;224;16-17;9;9;18;SEC_224
2018;508;65-74;57;33;90;SEC_508
2018;504;00-02;13;18;31;SEC_504
2018;130;03-11;46;44;90;SEC_130
2018;113;35-49;221;196;417;SEC_113
2018;209;16-17;8;8;16;SEC_209
2018;139;18-24;37;42;79;SEC_139
2018;306;03-11;58;63;121;SEC_306
2018;108;25-34;117;97;214;SEC_108
2018;236;25-34;84;90;174;SEC_236
2018;433;18-24;98;68;166;SEC_433
2018;401;00-02;13;13;26;SEC_401
2018;403;65-74;74;53;127;SEC_403
2018;410;65-74;104;80;184;SEC_410
2018;129;16-17;6;18;24;SEC_129
2018;608;16-17;14;10;24;SEC_608
2018;440;25-34;59;66;125;SEC_440
2018;626;18-24;29;30;59;SEC_626
2018;204;12-15;22;25;47;SEC_204
2018;501;18-24;36;36;72;SEC_501
2018;520;18-24;31;40;71;SEC_520
2018;410;25-34;100;112;212;SEC_410
2018;123;12-15;18;20;38;SEC_123
2018;627;16-17;7;8;15;SEC_627
2018;325;12-15;37;30;67;SEC_325
2018;510;75 i +;77;43;120;SEC_510
2018;101;35-49;215;229;444;SEC_101
2018;103;16-17;8;8;16;SEC_103
2018;617;12-15;11;21;32;SEC_617
2018;314;35-49;277;288;565;SEC_314
2018;403;12-15;22;15;37;SEC_403
2018;422;00-02;20;18;38;SEC_422
2018;323;25-34;90;86;176;SEC_323
2018;309;25-34;94;68;162;SEC_309
2018;403;25-34;82;78;160;SEC_403
2018;304;25-34;166;159;325;SEC_304
2018;102;75 i +;134;96;230;SEC_102
2018;103;00-02;14;12;26;SEC_103
2018;240;50-64;167;147;314;SEC_240
2018;117;35-49;208;206;414;SEC_117
2018;437;50-64;152;142;294;SEC_437
2018;133;12-15;15;15;30;SEC_133
2018;217;75 i +;67;46;113;SEC_217
2018;220;65-74;69;42;111;SEC_220
2018;427;18-24;78;82;160;SEC_427
2018;308;25-34;97;99;196;SEC_308
2018;243;00-02;26;17;43;SEC_243
2018;205;25-34;73;81;154;SEC_205
2018;523;50-64;121;123;244;SEC_523
2018;209;75 i +;67;46;113;SEC_209
2018;619;00-02;8;13;21;SEC_619
2018;508;35-49;185;186;371;SEC_508
2018;617;03-11;31;59;90;SEC_617
2018;212;25-34;128;136;264;SEC_212
2018;530;16-17;12;11;23;SEC_530
2018;234;25-34;98;104;202;SEC_234
2018;140;12-15;14;25;39;SEC_140
2018;514;18-24;74;71;145;SEC_514
2018;221;65-74;76;67;143;SEC_221
2018;423;12-15;21;20;41;SEC_423
2018;119;16-17;5;10;15;SEC_119
2018;632;12-15;23;26;49;SEC_632
2018;436;00-02;25;33;58;SEC_436
2018;246;35-49;177;191;368;SEC_246
2018;612;35-49;111;140;251;SEC_612
2018;614;35-49;102;108;210;SEC_614
2018;525;18-24;47;34;81;SEC_525
2018;537;00-02;17;14;31;SEC_537
2018;530;00-02;37;40;77;SEC_530
2018;422;12-15;16;23;39;SEC_422
2018;414;75 i +;88;55;143;SEC_414
2018;613;12-15;15;24;39;SEC_613
2018;523;35-49;190;181;371;SEC_523
2018;619;16-17;9;6;15;SEC_619
2018;609;00-02;14;11;25;SEC_609
2018;116;50-64;144;124;268;SEC_116
2018;246;03-11;62;58;120;SEC_246
2018;418;50-64;123;128;251;SEC_418
2018;211;65-74;39;39;78;SEC_211
2018;113;65-74;116;103;219;SEC_113
2018;401;75 i +;88;53;141;SEC_401
2018;316;65-74;188;177;365;SEC_316
2018;131;25-34;78;66;144;SEC_131
2018;211;35-49;182;196;378;SEC_211
2018;513;16-17;8;21;29;SEC_513
2018;232;50-64;98;100;198;SEC_232
2018;243;25-34;141;134;275;SEC_243
2018;632;16-17;14;6;20;SEC_632
2018;614;18-24;22;31;53;SEC_614
2018;205;65-74;54;34;88;SEC_205
2018;214;12-15;47;55;102;SEC_214
2018;518;50-64;99;101;200;SEC_518
2018;510;12-15;15;17;32;SEC_510
2018;430;18-24;41;61;102;SEC_430
2018;619;25-34;53;67;120;SEC_619
2018;610;35-49;131;99;230;SEC_610
2018;128;25-34;66;75;141;SEC_128
2018;141;75 i +;12;5;17;SEC_141
2018;404;00-02;17;20;37;SEC_404
2018;419;18-24;86;96;182;SEC_419
2018;309;12-15;16;34;50;SEC_309
2018;312;12-15;23;29;52;SEC_312
2018;304;18-24;60;47;107;SEC_304
2018;239;12-15;19;13;32;SEC_239
2018;627;18-24;23;20;43;SEC_627
2018;401;18-24;52;61;113;SEC_401
2018;130;18-24;33;34;67;SEC_130
2018;631;65-74;113;73;186;SEC_631
2018;511;18-24;84;116;200;SEC_511
2018;307;25-34;59;72;131;SEC_307
2018;437;03-11;75;80;155;SEC_437
2018;414;65-74;56;53;109;SEC_414
2018;322;35-49;199;177;376;SEC_322
2018;126;25-34;68;48;116;SEC_126
2018;521;18-24;22;20;42;SEC_521
2018;414;16-17;12;12;24;SEC_414
2018;312;00-02;27;25;52;SEC_312
2018;120;50-64;212;188;400;SEC_120
2018;526;65-74;59;47;106;SEC_526
2018;124;25-34;68;66;134;SEC_124
2018;317;25-34;83;98;181;SEC_317
2018;231;03-11;62;64;126;SEC_231
2018;118;50-64;169;130;299;SEC_118
2018;402;65-74;31;26;57;SEC_402
2018;307;75 i +;111;64;175;SEC_307
2018;426;65-74;41;38;79;SEC_426
2018;321;50-64;270;238;508;SEC_321
2018;134;18-24;60;57;117;SEC_134
2018;618;35-49;121;103;224;SEC_618
2018;113;12-15;26;35;61;SEC_113
2018;420;00-02;22;40;62;SEC_420
2018;433;50-64;190;165;355;SEC_433
2018;618;00-02;10;4;14;SEC_618
2018;625;03-11;27;34;61;SEC_625
2018;433;75 i +;63;42;105;SEC_433
2018;209;00-02;10;19;29;SEC_209
2018;318;65-74;48;50;98;SEC_318
2018;228;35-49;311;316;627;SEC_228
2018;128;75 i +;63;41;104;SEC_128
2018;406;00-02;15;25;40;SEC_406
2018;327;25-34;84;76;160;SEC_327
2018;247;00-02;18;21;39;SEC_247
2018;435;50-64;87;112;199;SEC_435
2018;425;75 i +;73;44;117;SEC_425
2018;239;03-11;39;34;73;SEC_239
2018;505;12-15;15;18;33;SEC_505
2018;228;00-02;34;31;65;SEC_228
2018;503;03-11;16;24;40;SEC_503
2018;407;18-24;52;33;85;SEC_407
2018;503;18-24;21;26;47;SEC_503
2018;116;75 i +;102;87;189;SEC_116
2018;523;75 i +;98;69;167;SEC_523
2018;239;50-64;117;102;219;SEC_239
2018;433;65-74;66;65;131;SEC_433
2018;315;50-64;195;162;357;SEC_315
2018;246;75 i +;74;47;121;SEC_246
2018;631;35-49;131;122;253;SEC_631
2018;431;16-17;11;21;32;SEC_431
2018;103;65-74;41;32;73;SEC_103
2018;323;75 i +;63;47;110;SEC_323
2018;526;25-34;157;147;304;SEC_526
2018;131;75 i +;80;55;135;SEC_131
2018;441;03-11;89;89;178;SEC_441
2018;210;12-15;22;16;38;SEC_210
2018;131;00-02;19;18;37;SEC_131
2018;120;03-11;59;53;112;SEC_120
2018;114;00-02;19;11;30;SEC_114
2018;531;25-34;73;68;141;SEC_531
2018;422;03-11;63;63;126;SEC_422
2018;427;50-64;143;138;281;SEC_427
2018;432;00-02;18;16;34;SEC_432
2018;121;50-64;90;94;184;SEC_121
2018;612;12-15;20;20;40;SEC_612
2018;504;25-34;72;55;127;SEC_504
2018;422;50-64;110;114;224;SEC_422
2018;529;12-15;27;31;58;SEC_529
2018;101;00-02;33;30;63;SEC_101
2018;535;18-24;31;34;65;SEC_535
2018;409;18-24;84;78;162;SEC_409
2018;131;35-49;148;163;311;SEC_131
2018;226;16-17;21;13;34;SEC_226
2018;528;16-17;14;16;30;SEC_528
2018;622;50-64;86;80;166;SEC_622
2018;504;65-74;84;54;138;SEC_504
2018;249;03-11;35;45;80;SEC_249
2018;114;16-17;9;14;23;SEC_114
2018;204;35-49;209;212;421;SEC_204
2018;308;35-49;250;213;463;SEC_308
2018;617;35-49;114;119;233;SEC_617
2018;123;16-17;10;10;20;SEC_123
2018;216;16-17;16;15;31;SEC_216
2018;416;35-49;175;171;346;SEC_416
2018;419;25-34;156;176;332;SEC_419
2018;239;16-17;9;12;21;SEC_239
2018;213;00-02;18;11;29;SEC_213
2018;110;03-11;38;37;75;SEC_110
2018;534;00-02;20;20;40;SEC_534
2018;112;25-34;108;107;215;SEC_112
2018;618;16-17;12;14;26;SEC_618
2018;320;75 i +;1;3;4;SEC_320
2018;136;18-24;46;45;91;SEC_136
2018;121;65-74;21;21;42;SEC_121
2018;427;16-17;16;7;23;SEC_427
2018;127;25-34;51;50;101;SEC_127
2018;322;18-24;44;50;94;SEC_322
2018;303;75 i +;157;122;279;SEC_303
2018;129;65-74;65;44;109;SEC_129
2018;213;75 i +;54;44;98;SEC_213
2018;525;00-02;18;15;33;SEC_525
2018;108;65-74;66;59;125;SEC_108
2018;246;16-17;7;9;16;SEC_246
2018;120;65-74;108;98;206;SEC_120
2018;611;16-17;18;10;28;SEC_611
2018;111;16-17;4;11;15;SEC_111
2018;436;12-15;28;34;62;SEC_436
2018;409;25-34;148;169;317;SEC_409
2018;534;03-11;47;51;98;SEC_534
2018;518;75 i +;89;51;140;SEC_518
2018;614;75 i +;84;58;142;SEC_614
2018;520;65-74;49;38;87;SEC_520
2018;605;18-24;56;51;107;SEC_605
2018;423;18-24;46;43;89;SEC_423
2018;238;50-64;76;70;146;SEC_238
2018;401;65-74;56;51;107;SEC_401
2018;105;16-17;7;14;21;SEC_105
2018;223;75 i +;63;45;108;SEC_223
2018;518;12-15;18;18;36;SEC_518
2018;420;50-64;213;192;405;SEC_420
2018;314;18-24;75;70;145;SEC_314
2018;618;03-11;27;47;74;SEC_618
2018;325;18-24;58;53;111;SEC_325
2018;421;75 i +;88;72;160;SEC_421
2018;615;65-74;90;46;136;SEC_615
2018;626;35-49;108;102;210;SEC_626
2018;326;00-02;40;54;94;SEC_326
2018;416;75 i +;96;51;147;SEC_416
2018;138;12-15;14;9;23;SEC_138
2018;514;25-34;116;99;215;SEC_514
2018;319;65-74;90;74;164;SEC_319
2018;306;00-02;18;31;49;SEC_306
2018;435;75 i +;63;23;86;SEC_435
2018;329;75 i +;21;14;35;SEC_329
2018;226;75 i +;123;75;198;SEC_226
2018;611;25-34;111;112;223;SEC_611
2018;245;75 i +;68;41;109;SEC_245
2018;324;00-02;21;8;29;SEC_324
2018;625;65-74;117;109;226;SEC_625
2018;623;75 i +;97;65;162;SEC_623
2018;110;00-02;8;13;21;SEC_110
2018;212;03-11;62;64;126;SEC_212
2018;617;75 i +;69;40;109;SEC_617
2018;611;00-02;22;19;41;SEC_611
2018;110;18-24;24;31;55;SEC_110
2018;204;25-34;134;120;254;SEC_204
2018;109;03-11;48;43;91;SEC_109
2018;431;75 i +;82;38;120;SEC_431
2018;421;65-74;65;47;112;SEC_421
2018;303;35-49;199;214;413;SEC_303
2018;306;65-74;91;77;168;SEC_306
2018;407;50-64;89;80;169;SEC_407
2018;138;35-49;87;72;159;SEC_138
2018;140;75 i +;59;48;107;SEC_140
2018;202;12-15;25;35;60;SEC_202
2018;607;12-15;17;12;29;SEC_607
2018;122;75 i +;82;63;145;SEC_122
2018;226;35-49;238;238;476;SEC_226
2018;207;03-11;73;69;142;SEC_207
2018;141;50-64;64;64;128;SEC_141
2018;119;18-24;24;34;58;SEC_119
2018;410;75 i +;153;109;262;SEC_410
2018;312;18-24;77;58;135;SEC_312
2018;202;16-17;19;14;33;SEC_202
2018;532;18-24;59;58;117;SEC_532
2018;213;12-15;19;20;39;SEC_213
2018;119;12-15;19;18;37;SEC_119
2018;501;16-17;12;15;27;SEC_501
2018;313;75 i +;98;74;172;SEC_313
2018;518;35-49;144;151;295;SEC_518
2018;627;65-74;101;88;189;SEC_627
2018;115;75 i +;70;40;110;SEC_115
2018;431;18-24;73;66;139;SEC_431
2018;528;03-11;53;52;105;SEC_528
2018;321;65-74;196;158;354;SEC_321
2018;248;03-11;51;65;116;SEC_248
2018;416;65-74;55;48;103;SEC_416
2018;403;35-49;144;149;293;SEC_403
2018;116;18-24;60;37;97;SEC_116
2018;237;75 i +;76;48;124;SEC_237
2018;436;75 i +;72;53;125;SEC_436
2018;511;35-49;277;323;600;SEC_511
2018;617;16-17;9;6;15;SEC_617
2018;313;12-15;40;38;78;SEC_313
2018;209;50-64;110;89;199;SEC_209
2018;117;00-02;27;21;48;SEC_117
2018;422;16-17;11;14;25;SEC_422
2018;441;18-24;88;65;153;SEC_441
2018;125;65-74;106;84;190;SEC_125
2018;606;50-64;88;99;187;SEC_606
2018;511;75 i +;140;94;234;SEC_511
2018;204;00-02;25;18;43;SEC_204
2018;610;12-15;27;25;52;SEC_610
2018;613;75 i +;106;98;204;SEC_613
2018;229;16-17;22;16;38;SEC_229
2018;436;50-64;154;139;293;SEC_436
2018;627;75 i +;54;49;103;SEC_627
2018;430;25-34;87;99;186;SEC_430
2019;237;35-49;194;187;381;SEC_237
2019;430;50-64;111;95;206;SEC_430
2019;414;35-49;260;279;539;SEC_414
2019;122;00-02;17;12;29;SEC_122
2019;436;03-11;72;71;143;SEC_436
2019;537;35-49;168;156;324;SEC_537
2019;602;75 i +;102;99;201;SEC_602
2019;613;75 i +;124;101;225;SEC_613
2019;319;18-24;61;64;125;SEC_319
2019;508;50-64;141;143;284;SEC_508
2019;508;00-02;22;34;56;SEC_508
2019;119;18-24;26;31;57;SEC_119
2019;204;00-02;24;23;47;SEC_204
2019;318;03-11;24;31;55;SEC_318
2019;312;12-15;24;33;57;SEC_312
2019;324;00-02;18;9;27;SEC_324
2019;437;50-64;159;143;302;SEC_437
2019;221;00-02;34;33;67;SEC_221
2019;249;03-11;44;47;91;SEC_249
2019;625;16-17;15;8;23;SEC_625
2019;305;65-74;110;97;207;SEC_305
2019;505;00-02;10;10;20;SEC_505
2019;201;65-74;51;33;84;SEC_201
2019;104;12-15;15;16;31;SEC_104
2019;109;03-11;48;41;89;SEC_109
2019;630;75 i +;49;35;84;SEC_630
2019;116;50-64;148;125;273;SEC_116
2019;304;75 i +;89;48;137;SEC_304
2019;135;03-11;51;62;113;SEC_135
2019;538;03-11;57;48;105;SEC_538
2019;238;50-64;85;75;160;SEC_238
2019;246;65-74;35;31;66;SEC_246
2019;407;00-02;12;19;31;SEC_407
2019;303;18-24;51;66;117;SEC_303
2019;431;65-74;61;54;115;SEC_431
2019;328;35-49;297;282;579;SEC_328
2019;412;75 i +;134;95;229;SEC_412
2019;435;12-15;17;35;52;SEC_435
2019;535;50-64;102;94;196;SEC_535
2019;113;50-64;180;147;327;SEC_113
2019;224;00-02;18;19;37;SEC_224
2019;233;25-34;95;106;201;SEC_233
2019;402;16-17;9;8;17;SEC_402
2019;110;75 i +;90;69;159;SEC_110
2019;132;16-17;21;9;30;SEC_132
2019;208;65-74;122;88;210;SEC_208
2019;120;16-17;12;17;29;SEC_120
2019;433;35-49;229;229;458;SEC_433
2019;108;25-34;116;101;217;SEC_108
2019;128;16-17;10;8;18;SEC_128
2019;107;75 i +;117;76;193;SEC_107
2019;116;18-24;65;57;122;SEC_116
2019;106;12-15;23;25;48;SEC_106
2019;411;16-17;9;11;20;SEC_411
2019;221;16-17;20;24;44;SEC_221
2019;324;18-24;45;49;94;SEC_324
2019;621;03-11;48;53;101;SEC_621
2019;425;18-24;52;52;104;SEC_425
2019;611;16-17;20;14;34;SEC_611
2019;534;75 i +;71;54;125;SEC_534
2019;231;00-02;28;27;55;SEC_231
2019;518;75 i +;93;49;142;SEC_518
2019;248;00-02;17;16;33;SEC_248
2019;418;16-17;13;16;29;SEC_418
2019;233;18-24;38;57;95;SEC_233
2019;249;18-24;56;45;101;SEC_249
2019;423;50-64;112;74;186;SEC_423
2019;116;03-11;56;54;110;SEC_116
2019;414;03-11;100;92;192;SEC_414
2019;404;25-34;107;92;199;SEC_404
2019;114;00-02;13;17;30;SEC_114
2019;130;25-34;67;64;131;SEC_130
2019;107;65-74;102;77;179;SEC_107
2019;216;16-17;14;19;33;SEC_216
2019;208;75 i +;228;123;351;SEC_208
2019;535;16-17;9;14;23;SEC_535
2019;242;00-02;15;19;34;SEC_242
2019;511;50-64;218;188;406;SEC_511
2019;131;65-74;123;113;236;SEC_131
2019;623;65-74;125;97;222;SEC_623
2019;631;50-64;75;77;152;SEC_631
2019;214;03-11;116;118;234;SEC_214
2019;131;75 i +;84;57;141;SEC_131
2019;204;16-17;20;11;31;SEC_204
2019;328;16-17;50;11;61;SEC_328
2019;427;03-11;79;102;181;SEC_427
2019;537;75 i +;92;62;154;SEC_537
2019;220;16-17;19;16;35;SEC_220
2019;102;00-02;20;14;34;SEC_102
2019;208;18-24;54;63;117;SEC_208
2019;626;65-74;66;52;118;SEC_626
2019;128;12-15;19;22;41;SEC_128
2019;426;16-17;6;12;18;SEC_426
2019;432;00-02;23;18;41;SEC_432
2019;117;75 i +;107;73;180;SEC_117
2019;202;65-74;61;49;110;SEC_202
2019;124;18-24;22;19;41;SEC_124
2019;514;35-49;194;193;387;SEC_514
2019;613;18-24;32;43;75;SEC_613
2019;308;35-49;228;212;440;SEC_308
2019;102;35-49;144;167;311;SEC_102
2019;213;65-74;51;36;87;SEC_213
2019;223;65-74;53;31;84;SEC_223
2019;601;25-34;114;135;249;SEC_601
2019;217;50-64;136;146;282;SEC_217
2019;243;25-34;147;144;291;SEC_243
2019;216;65-74;81;56;137;SEC_216
2019;108;16-17;15;7;22;SEC_108
2019;133;12-15;17;20;37;SEC_133
2019;228;16-17;19;36;55;SEC_228
2019;322;75 i +;79;42;121;SEC_322
2019;506;65-74;184;119;303;SEC_506
2019;310;75 i +;47;25;72;SEC_310
2019;631;18-24;31;31;62;SEC_631
2019;135;25-34;104;102;206;SEC_135
2019;233;00-02;14;15;29;SEC_233
2019;307;16-17;6;9;15;SEC_307
2019;121;00-02;5;18;23;SEC_121
2019;223;75 i +;65;46;111;SEC_223
2019;321;75 i +;135;95;230;SEC_321
2019;119;03-11;44;38;82;SEC_119
2019;303;12-15;30;33;63;SEC_303
2019;432;65-74;95;82;177;SEC_432
2019;112;35-49;214;209;423;SEC_112
2019;320;50-64;25;35;60;SEC_320
2019;418;00-02;15;21;36;SEC_418
2019;212;50-64;115;116;231;SEC_212
2019;528;18-24;54;51;105;SEC_528
2019;401;18-24;55;60;115;SEC_401
2019;317;18-24;53;58;111;SEC_317
2019;440;16-17;11;11;22;SEC_440
2019;524;18-24;59;74;133;SEC_524
2019;505;75 i +;118;111;229;SEC_505
2019;214;65-74;74;51;125;SEC_214
2019;243;65-74;52;50;102;SEC_243
2019;132;03-11;92;77;169;SEC_132
2019;315;00-02;23;25;48;SEC_315
2019;316;12-15;27;28;55;SEC_316
2019;405;50-64;164;160;324;SEC_405
2019;601;18-24;59;69;128;SEC_601
2019;404;75 i +;88;57;145;SEC_404
2019;105;25-34;71;85;156;SEC_105
2019;435;35-49;134;173;307;SEC_435
2019;605;35-49;185;180;365;SEC_605
2019;524;00-02;30;24;54;SEC_524
2019;216;18-24;52;50;102;SEC_216
2019;119;50-64;126;86;212;SEC_119
2019;103;35-49;101;108;209;SEC_103
2019;419;16-17;21;25;46;SEC_419
2019;602;03-11;57;67;124;SEC_602
2019;325;00-02;16;18;34;SEC_325
2019;242;35-49;148;156;304;SEC_242
2019;134;65-74;67;62;129;SEC_134
2019;233;35-49;139;136;275;SEC_233
2019;238;00-02;16;18;34;SEC_238
2019;313;35-49;224;224;448;SEC_313
2019;316;16-17;12;14;26;SEC_316
2019;301;50-64;138;102;240;SEC_301
2019;315;18-24;55;68;123;SEC_315
2019;532;12-15;24;30;54;SEC_532
2019;103;50-64;81;73;154;SEC_103
2019;124;65-74;51;31;82;SEC_124
2019;538;50-64;132;114;246;SEC_538
2019;613;65-74;93;35;128;SEC_613
2019;622;35-49;98;95;193;SEC_622
2019;411;75 i +;101;71;172;SEC_411
2019;315;25-34;132;129;261;SEC_315
2019;407;65-74;47;26;73;SEC_407
2019;101;25-34;107;97;204;SEC_101
2019;609;50-64;65;65;130;SEC_609
2019;140;16-17;11;16;27;SEC_140
2019;202;50-64;163;154;317;SEC_202
2019;326;25-34;95;73;168;SEC_326
2019;127;03-11;29;28;57;SEC_127
2019;204;12-15;27;25;52;SEC_204
2019;525;65-74;39;38;77;SEC_525
2019;321;12-15;36;37;73;SEC_321
2019;125;25-34;85;87;172;SEC_125
2019;303;75 i +;155;117;272;SEC_303
2019;249;65-74;40;32;72;SEC_249
2019;327;50-64;150;129;279;SEC_327
2019;309;00-02;19;15;34;SEC_309
2019;426;50-64;105;96;201;SEC_426
2019;125;12-15;45;30;75;SEC_125
2019;106;25-34;86;102;188;SEC_106
2019;423;75 i +;75;58;133;SEC_423
2019;612;00-02;6;10;16;SEC_612
2019;310;16-17;11;8;19;SEC_310
2019;618;75 i +;103;90;193;SEC_618
2019;525;12-15;26;13;39;SEC_525
2019;533;50-64;182;162;344;SEC_533
2019;627;16-17;7;7;14;SEC_627
2019;247;18-24;49;43;92;SEC_247
2019;631;65-74;108;63;171;SEC_631
2019;407;25-34;76;77;153;SEC_407
2019;521;00-02;12;8;20;SEC_521
2019;310;65-74;50;59;109;SEC_310
2019;217;35-49;193;224;417;SEC_217
2019;114;12-15;26;26;52;SEC_114
2019;324;12-15;21;23;44;SEC_324
2019;237;18-24;55;65;120;SEC_237
2019;214;50-64;212;214;426;SEC_214
2019;506;50-64;161;154;315;SEC_506
2019;106;16-17;22;14;36;SEC_106
2019;416;25-34;121;111;232;SEC_416
2019;127;16-17;7;10;17;SEC_127
2019;431;16-17;16;29;45;SEC_431
2019;520;18-24;37;40;77;SEC_520
2019;411;25-34;72;64;136;SEC_411
2019;621;75 i +;78;66;144;SEC_621
2019;412;12-15;26;34;60;SEC_412
2019;411;18-24;38;51;89;SEC_411
2019;533;16-17;14;11;25;SEC_533
2019;102;75 i +;138;112;250;SEC_102
2019;508;16-17;15;12;27;SEC_508
2019;221;50-64;202;179;381;SEC_221
2019;116;65-74;122;84;206;SEC_116
2019;531;65-74;41;28;69;SEC_531
2019;234;65-74;35;23;58;SEC_234
2019;249;50-64;107;99;206;SEC_249
2019;403;35-49;148;147;295;SEC_403
2019;139;75 i +;48;38;86;SEC_139
2019;537;12-15;26;19;45;SEC_537
2019;421;00-02;12;12;24;SEC_421
2019;246;03-11;68;56;124;SEC_246
2019;618;18-24;38;62;100;SEC_618
2019;530;16-17;12;17;29;SEC_530
2019;138;16-17;6;4;10;SEC_138
2019;619;25-34;53;68;121;SEC_619
2019;528;16-17;15;16;31;SEC_528
2019;523;25-34;111;114;225;SEC_523
2019;523;50-64;132;128;260;SEC_523
2019;526;12-15;32;47;79;SEC_526
2019;411;12-15;16;18;34;SEC_411
2019;127;25-34;48;52;100;SEC_127
2019;520;65-74;53;35;88;SEC_520
2019;201;75 i +;63;46;109;SEC_201
2019;201;16-17;11;14;25;SEC_201
2019;109;16-17;12;2;14;SEC_109
2019;107;16-17;12;19;31;SEC_107
2019;209;16-17;11;11;22;SEC_209
2019;433;75 i +;68;40;108;SEC_433
2019;130;75 i +;97;56;153;SEC_130
2019;325;75 i +;197;112;309;SEC_325
2019;520;50-64;83;72;155;SEC_520
2019;612;12-15;25;16;41;SEC_612
2019;606;00-02;7;22;29;SEC_606
2019;514;50-64;140;124;264;SEC_514
2019;112;12-15;34;28;62;SEC_112
2019;402;00-02;17;16;33;SEC_402
2019;223;03-11;58;55;113;SEC_223
2019;132;12-15;37;33;70;SEC_132
2019;508;18-24;71;58;129;SEC_508
2019;308;16-17;16;28;44;SEC_308
2019;112;65-74;101;106;207;SEC_112
2019;134;75 i +;108;48;156;SEC_134
2019;401;00-02;16;13;29;SEC_401
2019;615;03-11;35;30;65;SEC_615
2019;418;12-15;40;33;73;SEC_418
2019;131;50-64;126;115;241;SEC_131
2019;523;12-15;22;29;51;SEC_523
2019;626;12-15;15;12;27;SEC_626
2019;321;18-24;82;77;159;SEC_321
2019;615;12-15;13;12;25;SEC_615
2019;426;75 i +;40;22;62;SEC_426
2019;624;35-49;99;125;224;SEC_624
2019;525;18-24;38;27;65;SEC_525
2019;322;12-15;33;26;59;SEC_322
2019;615;35-49;100;99;199;SEC_615
2019;430;25-34;96;99;195;SEC_430
2019;622;75 i +;41;28;69;SEC_622
2019;320;16-17;25;19;44;SEC_320
2019;301;35-49;169;167;336;SEC_301
2019;630;18-24;26;30;56;SEC_630
2019;323;65-74;133;131;264;SEC_323
2019;523;18-24;50;58;108;SEC_523
2019;108;12-15;26;22;48;SEC_108
2019;416;35-49;186;168;354;SEC_416
2019;131;35-49;154;161;315;SEC_131
2019;611;12-15;33;56;89;SEC_611
2019;525;00-02;13;14;27;SEC_525
2019;133;75 i +;65;32;97;SEC_133
2019;533;75 i +;134;67;201;SEC_533
2019;136;25-34;71;72;143;SEC_136
2019;401;75 i +;93;56;149;SEC_401
2019;114;75 i +;121;90;211;SEC_114
2019;420;16-17;22;26;48;SEC_420
2019;617;16-17;10;12;22;SEC_617
2019;246;35-49;174;201;375;SEC_246
2019;105;00-02;16;15;31;SEC_105
2019;511;35-49;294;310;604;SEC_511
2019;402;25-34;86;69;155;SEC_402
2019;232;03-11;51;51;102;SEC_232
2019;403;03-11;47;63;110;SEC_403
2019;511;75 i +;143;100;243;SEC_511
2019;518;03-11;44;45;89;SEC_518
2019;523;03-11;59;59;118;SEC_523
2019;625;00-02;11;8;19;SEC_625
2019;420;25-34;171;167;338;SEC_420
2019;427;12-15;36;39;75;SEC_427
2019;129;65-74;59;44;103;SEC_129
2019;504;18-24;30;33;63;SEC_504
2019;328;75 i +;29;12;41;SEC_328
2019;304;50-64;136;147;283;SEC_304
2019;112;18-24;51;67;118;SEC_112
2019;239;65-74;46;28;74;SEC_239
2019;504;65-74;74;50;124;SEC_504
2019;432;12-15;27;22;49;SEC_432
2019;307;18-24;28;36;64;SEC_307
2019;615;18-24;26;24;50;SEC_615
2019;423;65-74;42;34;76;SEC_423
2019;405;35-49;233;245;478;SEC_405
2019;315;12-15;23;37;60;SEC_315
2019;503;16-17;3;5;8;SEC_503
2019;321;65-74;205;166;371;SEC_321
2019;430;03-11;59;58;117;SEC_430
2019;526;25-34;161;155;316;SEC_526
2019;525;50-64;67;68;135;SEC_525
2019;208;35-49;167;153;320;SEC_208
2019;316;25-34;166;149;315;SEC_316
2019;201;50-64;124;100;224;SEC_201
2019;137;65-74;103;64;167;SEC_137
2019;502;65-74;90;90;180;SEC_502
2019;136;50-64;120;102;222;SEC_136
2019;243;50-64;194;165;359;SEC_243
2019;507;03-11;33;33;66;SEC_507
2019;319;35-49;247;236;483;SEC_319
2019;407;03-11;47;56;103;SEC_407
2019;329;25-34;77;78;155;SEC_329
2019;517;35-49;261;279;540;SEC_517
2019;319;00-02;15;26;41;SEC_319
2019;140;75 i +;60;53;113;SEC_140
2019;109;35-49;120;122;242;SEC_109
2019;313;75 i +;102;74;176;SEC_313
2019;502;50-64;141;142;283;SEC_502
2019;609;75 i +;62;65;127;SEC_609
2019;518;00-02;21;17;38;SEC_518
2019;327;25-34;89;71;160;SEC_327
2019;110;25-34;54;52;106;SEC_110
2019;125;35-49;211;205;416;SEC_125
2019;110;35-49;128;131;259;SEC_110
2019;624;50-64;81;85;166;SEC_624
2019;213;16-17;7;14;21;SEC_213
2019;228;35-49;320;319;639;SEC_228
2019;119;35-49;116;142;258;SEC_119
2019;507;75 i +;52;32;84;SEC_507
2019;108;03-11;66;73;139;SEC_108
2019;216;75 i +;95;60;155;SEC_216
2019;611;65-74;76;50;126;SEC_611
2019;436;18-24;83;98;181;SEC_436
2019;226;00-02;21;21;42;SEC_226
2019;615;75 i +;82;60;142;SEC_615
2019;618;16-17;14;13;27;SEC_618
2019;324;03-11;64;60;124;SEC_324
2019;239;03-11;44;31;75;SEC_239
2019;304;03-11;89;105;194;SEC_304
2019;306;00-02;15;33;48;SEC_306
2019;102;18-24;53;53;106;SEC_102
2019;537;50-64;136;101;237;SEC_537
2019;610;35-49;126;105;231;SEC_610
2019;320;65-74;85;67;152;SEC_320
2019;315;35-49;238;252;490;SEC_315
2019;210;00-02;2;7;9;SEC_210
2019;418;50-64;141;146;287;SEC_418
2019;618;03-11;29;40;69;SEC_618
2019;135;65-74;93;88;181;SEC_135
2019;108;35-49;180;167;347;SEC_108
2019;229;12-15;30;38;68;SEC_229
2019;115;65-74;83;74;157;SEC_115
2019;314;75 i +;97;72;169;SEC_314
2019;421;35-49;164;167;331;SEC_421
2019;214;18-24;106;109;215;SEC_214
2019;217;65-74;63;62;125;SEC_217
2019;307;65-74;133;121;254;SEC_307
2019;136;00-02;11;16;27;SEC_136
2019;618;00-02;7;4;11;SEC_618
2019;326;35-49;310;324;634;SEC_326
2019;418;65-74;53;46;99;SEC_418
2019;312;75 i +;119;75;194;SEC_312
2019;104;65-74;42;33;75;SEC_104
2019;630;12-15;13;14;27;SEC_630
2019;216;50-64;116;102;218;SEC_216
2019;137;12-15;42;32;74;SEC_137
2019;423;16-17;13;15;28;SEC_423
2019;433;65-74;69;69;138;SEC_433
2019;616;00-02;28;29;57;SEC_616
2019;414;00-02;30;32;62;SEC_414
2019;431;00-02;28;36;64;SEC_431
2019;617;25-34;58;51;109;SEC_617
2019;617;35-49;108;115;223;SEC_617
2019;127;65-74;29;28;57;SEC_127
2019;325;03-11;53;63;116;SEC_325
2019;314;16-17;17;22;39;SEC_314
2019;610;12-15;22;20;42;SEC_610
2019;113;03-11;65;83;148;SEC_113
2019;431;12-15;48;37;85;SEC_431
2019;602;00-02;10;12;22;SEC_602
2019;506;03-11;52;58;110;SEC_506
2019;239;00-02;10;13;23;SEC_239
2019;314;25-34;138;183;321;SEC_314
2019;243;03-11;58;66;124;SEC_243
2019;136;35-49;168;154;322;SEC_136
2019;411;65-74;59;38;97;SEC_411
2019;122;12-15;23;23;46;SEC_122
2019;212;35-49;216;194;410;SEC_212
2019;120;75 i +;68;53;121;SEC_120
2019;220;03-11;86;68;154;SEC_220
2019;613;00-02;14;8;22;SEC_613
2019;247;35-49;182;160;342;SEC_247
2019;441;00-02;26;25;51;SEC_441
2019;233;50-64;100;82;182;SEC_233
2019;320;50-64;145;132;277;SEC_320
2019;306;65-74;92;85;177;SEC_306
2019;607;75 i +;124;87;211;SEC_607
2019;131;12-15;19;19;38;SEC_131
2019;436;50-64;157;155;312;SEC_436
2019;609;03-11;31;39;70;SEC_609
2019;202;16-17;18;20;38;SEC_202
2019;328;00-02;43;47;90;SEC_328
2019;141;00-02;38;37;75;SEC_141
2019;117;03-11;64;63;127;SEC_117
2019;630;16-17;3;6;9;SEC_630
2019;538;12-15;30;39;69;SEC_538
2019;201;00-02;19;56;75;SEC_201
2019;606;12-15;25;23;48;SEC_606
2019;140;00-02;8;14;22;SEC_140
2019;406;03-11;58;53;111;SEC_406
2019;113;65-74;127;113;240;SEC_113
2019;617;00-02;8;7;15;SEC_617
2019;135;16-17;7;12;19;SEC_135
2019;528;35-49;160;159;319;SEC_528
2019;327;03-11;44;59;103;SEC_327
2019;505;25-34;65;48;113;SEC_505
2019;612;03-11;37;26;63;SEC_612
2019;531;00-02;9;18;27;SEC_531
2019;231;65-74;34;22;56;SEC_231
2019;517;50-64;222;185;407;SEC_517
2019;414;75 i +;87;61;148;SEC_414
2019;601;12-15;35;40;75;SEC_601
2019;303;25-34;100;88;188;SEC_303
2019;621;18-24;40;51;91;SEC_621
2019;102;16-17;13;15;28;SEC_102
2019;247;25-34;104;108;212;SEC_247
2019;436;25-34;120;122;242;SEC_436
2019;132;25-34;158;158;316;SEC_132
2019;213;03-11;52;45;97;SEC_213
2019;630;35-49;94;107;201;SEC_630
2019;127;00-02;8;6;14;SEC_127
2019;529;00-02;20;19;39;SEC_529
2019;122;18-24;30;35;65;SEC_122
2019;243;35-49;193;206;399;SEC_243
2019;228;50-64;194;200;394;SEC_228
2019;615;50-64;55;59;114;SEC_615
2019;214;35-49;332;318;650;SEC_214
2019;205;12-15;16;18;34;SEC_205
2019;416;00-02;26;28;54;SEC_416
2019;121;65-74;20;21;41;SEC_121
2019;207;35-49;282;236;518;SEC_207
2019;123;16-17;10;11;21;SEC_123
2019;209;75 i +;71;46;117;SEC_209
2019;320;00-02;7;17;24;SEC_320
2019;601;50-64;192;190;382;SEC_601
2019;305;35-49;184;208;392;SEC_305
2019;520;16-17;10;10;20;SEC_520
2019;511;18-24;78;118;196;SEC_511
2019;430;12-15;29;25;54;SEC_430
2019;607;16-17;14;5;19;SEC_607
2019;126;18-24;44;32;76;SEC_126
2019;510;18-24;50;41;91;SEC_510
2019;525;75 i +;73;36;109;SEC_525
2019;416;50-64;127;129;256;SEC_416
2019;521;03-11;39;31;70;SEC_521
2019;129;03-11;32;50;82;SEC_129
2019;240;12-15;45;25;70;SEC_240
2019;134;16-17;6;12;18;SEC_134
2019;625;03-11;36;37;73;SEC_625
2019;141;03-11;140;159;299;SEC_141
2019;236;35-49;126;137;263;SEC_236
2019;320;03-11;23;22;45;SEC_320
2019;233;12-15;12;18;30;SEC_233
2019;320;35-49;67;89;156;SEC_320
2019;619;35-49;131;139;270;SEC_619
2019;213;25-34;69;77;146;SEC_213
2019;425;75 i +;74;42;116;SEC_425
2019;535;12-15;17;12;29;SEC_535
2019;609;00-02;12;9;21;SEC_609
2019;204;03-11;60;80;140;SEC_204
2019;601;16-17;17;21;38;SEC_601
2019;112;00-02;24;22;46;SEC_112
2019;423;35-49;137;134;271;SEC_423
2019;137;18-24;59;59;118;SEC_137
2019;403;25-34;89;83;172;SEC_403
2019;412;00-02;21;28;49;SEC_412
2019;138;03-11;23;29;52;SEC_138
2019;204;50-64;161;143;304;SEC_204
2019;630;65-74;83;62;145;SEC_630
2019;630;50-64;79;64;143;SEC_630
2019;505;50-64;108;106;214;SEC_505
2019;529;75 i +;88;63;151;SEC_529
2019;406;25-34;118;102;220;SEC_406
2019;311;16-17;15;15;30;SEC_311
2019;314;65-74;144;128;272;SEC_314
2019;435;00-02;23;27;50;SEC_435
2019;322;35-49;191;185;376;SEC_322
2019;521;25-34;38;35;73;SEC_521
2019;126;75 i +;86;76;162;SEC_126
2019;121;18-24;29;37;66;SEC_121
2019;613;03-11;39;48;87;SEC_613
2019;513;12-15;29;24;53;SEC_513
2019;121;25-34;53;57;110;SEC_121
2019;329;03-11;110;120;230;SEC_329
2019;112;16-17;22;15;37;SEC_112
2019;207;03-11;75;77;152;SEC_207
2019;623;16-17;9;23;32;SEC_623
2019;401;03-11;52;52;104;SEC_401
2019;130;35-49;132;136;268;SEC_130
2019;109;25-34;70;68;138;SEC_109
2019;412;03-11;38;54;92;SEC_412
2019;116;00-02;14;11;25;SEC_116
2019;606;18-24;33;39;72;SEC_606
2019;229;50-64;183;177;360;SEC_229
2019;326;75 i +;8;8;16;SEC_326
2019;101;18-24;57;49;106;SEC_101
2019;504;25-34;73;55;128;SEC_504
2019;139;00-02;9;10;19;SEC_139
2019;615;16-17;11;5;16;SEC_615
2019;323;16-17;18;16;34;SEC_323
2019;117;50-64;232;213;445;SEC_117
2019;211;00-02;21;19;40;SEC_211
2019;425;25-34;106;96;202;SEC_425
2019;236;18-24;35;40;75;SEC_236
2019;513;35-49;205;200;405;SEC_513
2019;404;12-15;33;21;54;SEC_404
2019;526;35-49;282;283;565;SEC_526
2019;533;18-24;95;82;177;SEC_533
2019;114;03-11;46;61;107;SEC_114
2019;418;03-11;68;52;120;SEC_418
2019;305;18-24;63;75;138;SEC_305
2019;240;18-24;78;76;154;SEC_240
2019;231;03-11;58;66;124;SEC_231
2019;234;25-34;106;108;214;SEC_234
2019;329;00-02;31;37;68;SEC_329
2019;431;35-49;227;252;479;SEC_431
2019;307;03-11;54;41;95;SEC_307
2019;602;18-24;48;55;103;SEC_602
2019;419;75 i +;116;68;184;SEC_419
2019;610;25-34;50;66;116;SEC_610
2019;617;12-15;12;19;31;SEC_617
2019;631;75 i +;81;71;152;SEC_631
2019;501;65-74;115;104;219;SEC_501
2019;514;16-17;17;13;30;SEC_514
2019;624;18-24;29;34;63;SEC_624
2019;304;12-15;28;17;45;SEC_304
2019;440;35-49;115;123;238;SEC_440
2019;606;25-34;62;59;121;SEC_606
2019;138;12-15;10;10;20;SEC_138
2019;305;00-02;17;18;35;SEC_305
2019;109;18-24;37;41;78;SEC_109
2019;308;12-15;51;39;90;SEC_308
2019;314;35-49;282;296;578;SEC_314
2019;435;16-17;16;7;23;SEC_435
2019;117;35-49;203;203;406;SEC_117
2019;602;50-64;108;102;210;SEC_602
2019;535;65-74;88;56;144;SEC_535
2019;133;25-34;65;60;125;SEC_133
2019;205;35-49;108;105;213;SEC_205
2019;211;25-34;127;136;263;SEC_211
2019;208;50-64;168;141;309;SEC_208
2019;436;16-17;12;22;34;SEC_436
2019;422;03-11;59;66;125;SEC_422
2019;120;03-11;64;53;117;SEC_120
2019;530;18-24;61;81;142;SEC_530
2019;435;03-11;67;66;133;SEC_435
2019;507;16-17;3;8;11;SEC_507
2019;325;16-17;16;30;46;SEC_325
2019;632;12-15;20;20;40;SEC_632
2019;402;18-24;36;37;73;SEC_402
2019;631;16-17;6;7;13;SEC_631
2019;128;18-24;28;28;56;SEC_128
2019;410;03-11;62;61;123;SEC_410
2019;613;12-15;17;24;41;SEC_613
2019;220;75 i +;93;47;140;SEC_220
2019;416;18-24;60;56;116;SEC_416
2019;108;50-64;145;152;297;SEC_108
2019;627;18-24;30;18;48;SEC_627
2019;501;18-24;34;34;68;SEC_501
2019;139;18-24;39;44;83;SEC_139
2019;328;50-64;91;108;199;SEC_328
2019;622;00-02;11;8;19;SEC_622
2019;508;75 i +;89;50;139;SEC_508
2019;425;35-49;130;119;249;SEC_425
2019;524;25-34;113;133;246;SEC_524
2019;528;12-15;19;30;49;SEC_528
2019;130;12-15;24;19;43;SEC_130
2019;305;25-34;133;100;233;SEC_305
2019;507;00-02;11;13;24;SEC_507
2019;118;16-17;15;7;22;SEC_118
2019;242;16-17;9;8;17;SEC_242
2019;535;18-24;29;34;63;SEC_535
2019;136;16-17;11;18;29;SEC_136
2019;621;16-17;10;11;21;SEC_621
2019;437;65-74;74;55;129;SEC_437
2019;532;16-17;16;13;29;SEC_532
2019;521;50-64;73;69;142;SEC_521
2019;310;12-15;16;19;35;SEC_310
2019;328;18-24;69;44;113;SEC_328
2019;410;00-02;19;11;30;SEC_410
2019;622;65-74;61;40;101;SEC_622
2019;404;65-74;69;52;121;SEC_404
2019;209;65-74;38;34;72;SEC_209
2019;224;03-11;63;67;130;SEC_224
2019;107;00-02;21;15;36;SEC_107
2019;205;50-64;104;113;217;SEC_205
2019;501;35-49;102;126;228;SEC_501
2019;422;00-02;25;15;40;SEC_422
2019;121;03-11;35;48;83;SEC_121
2019;224;16-17;7;14;21;SEC_224
2019;245;18-24;53;47;100;SEC_245
2019;602;12-15;19;25;44;SEC_602
2019;312;50-64;173;168;341;SEC_312
2019;224;25-34;110;116;226;SEC_224
2019;326;12-15;31;30;61;SEC_326
2019;609;65-74;71;38;109;SEC_609
2019;115;18-24;50;51;101;SEC_115
2019;139;16-17;6;13;19;SEC_139
2019;503;35-49;81;78;159;SEC_503
2019;122;03-11;49;56;105;SEC_122
2019;321;03-11;60;83;143;SEC_321
2019;614;18-24;28;34;62;SEC_614
2019;211;03-11;66;64;130;SEC_211
2019;627;25-34;37;45;82;SEC_627
2019;249;25-34;99;93;192;SEC_249
2019;503;25-34;35;43;78;SEC_503
2019;322;03-11;53;73;126;SEC_322
2019;402;65-74;31;22;53;SEC_402
2019;301;18-24;29;45;74;SEC_301
2019;403;18-24;36;42;78;SEC_403
2019;624;00-02;9;10;19;SEC_624
2019;208;00-02;15;16;31;SEC_208
2019;111;16-17;6;8;14;SEC_111
2019;119;65-74;130;107;237;SEC_119
2019;124;03-11;31;27;58;SEC_124
2019;109;50-64;143;113;256;SEC_109
2019;405;00-02;27;28;55;SEC_405
2019;110;12-15;17;11;28;SEC_110
2019;517;12-15;41;37;78;SEC_517
2019;139;25-34;73;64;137;SEC_139
2019;440;18-24;44;49;93;SEC_440
2019;613;16-17;8;8;16;SEC_613
2019;102;03-11;54;44;98;SEC_102
2019;502;03-11;84;72;156;SEC_502
2019;104;35-49;111;104;215;SEC_104
2019;137;75 i +;71;62;133;SEC_137
2019;315;75 i +;73;62;135;SEC_315
2019;622;03-11;28;28;56;SEC_622
2019;135;18-24;60;47;107;SEC_135
2019;212;12-15;25;29;54;SEC_212
2019;419;00-02;26;37;63;SEC_419
2019;211;12-15;23;22;45;SEC_211
2019;308;00-02;27;17;44;SEC_308
2019;306;75 i +;90;56;146;SEC_306
2019;531;50-64;93;87;180;SEC_531
2019;318;75 i +;56;36;92;SEC_318
2019;237;25-34;119;112;231;SEC_237
2019;121;50-64;98;99;197;SEC_121
2019;212;16-17;7;15;22;SEC_212
2019;616;35-49;271;242;513;SEC_616
2019;209;35-49;139;115;254;SEC_209
2019;315;50-64;198;165;363;SEC_315
2019;426;25-34;115;92;207;SEC_426
2019;623;50-64;120;108;228;SEC_623
2019;217;03-11;64;64;128;SEC_217
2019;530;12-15;29;39;68;SEC_530
2019;532;75 i +;108;66;174;SEC_532
2019;410;50-64;183;154;337;SEC_410
2019;138;18-24;28;24;52;SEC_138
2019;205;75 i +;71;47;118;SEC_205
2019;311;50-64;143;145;288;SEC_311
2019;504;00-02;11;11;22;SEC_504
2019;212;18-24;73;74;147;SEC_212
2019;532;65-74;64;43;107;SEC_532
2019;226;12-15;33;27;60;SEC_226
2019;239;16-17;13;14;27;SEC_239
2019;113;00-02;15;18;33;SEC_113
2019;623;12-15;29;34;63;SEC_623
2019;420;03-11;93;94;187;SEC_420
2019;104;50-64;93;95;188;SEC_104
2019;431;50-64;129;116;245;SEC_431
2019;419;18-24;94;103;197;SEC_419
2019;113;25-34;94;115;209;SEC_113
2019;605;12-15;33;29;62;SEC_605
2019;221;65-74;79;66;145;SEC_221
2019;104;25-34;43;48;91;SEC_104
2019;402;35-49;123;106;229;SEC_402
2019;533;12-15;38;39;77;SEC_533
2019;248;16-17;14;5;19;SEC_248
2019;114;16-17;12;15;27;SEC_114
2019;125;50-64;149;148;297;SEC_125
2019;507;35-49;101;104;205;SEC_507
2019;308;18-24;88;96;184;SEC_308
2019;517;25-34;185;179;364;SEC_517
2019;312;65-74;107;59;166;SEC_312
2019;420;12-15;42;30;72;SEC_420
2019;328;03-11;140;153;293;SEC_328
2019;623;75 i +;104;70;174;SEC_623
2019;103;25-34;56;46;102;SEC_103
2019;214;00-02;38;31;69;SEC_214
2019;616;18-24;84;96;180;SEC_616
2019;312;18-24;75;66;141;SEC_312
2019;423;00-02;19;17;36;SEC_423
2019;530;03-11;73;105;178;SEC_530
2019;201;18-24;37;59;96;SEC_201
2019;615;00-02;7;5;12;SEC_615
2019;610;50-64;99;92;191;SEC_610
2019;625;65-74;120;118;238;SEC_625
2019;406;18-24;76;68;144;SEC_406
2019;510;35-49;122;134;256;SEC_510
2019;122;25-34;69;58;127;SEC_122
2019;420;35-49;226;289;515;SEC_420
2019;101;12-15;36;45;81;SEC_101
2019;525;03-11;42;50;92;SEC_525
2019;127;50-64;97;83;180;SEC_127
2019;328;12-15;66;48;114;SEC_328
2019;133;18-24;24;25;49;SEC_133
2019;133;50-64;86;80;166;SEC_133
2019;409;35-49;265;266;531;SEC_409
2019;118;03-11;55;82;137;SEC_118
2019;537;16-17;17;8;25;SEC_537
2019;123;12-15;17;22;39;SEC_123
2019;510;16-17;12;7;19;SEC_510
2019;240;16-17;17;18;35;SEC_240
2019;409;75 i +;116;90;206;SEC_409
2019;506;00-02;13;13;26;SEC_506
2019;605;75 i +;163;132;295;SEC_605
2019;231;50-64;113;114;227;SEC_231
2019;606;16-17;8;11;19;SEC_606
2019;139;65-74;64;50;114;SEC_139
2019;419;35-49;241;274;515;SEC_419
2019;104;00-02;7;12;19;SEC_104
2019;502;25-34;104;95;199;SEC_502
2019;412;65-74;107;89;196;SEC_412
2019;231;75 i +;83;38;121;SEC_231
2019;407;75 i +;81;43;124;SEC_407
2019;524;65-74;47;40;87;SEC_524
2019;119;25-34;58;66;124;SEC_119
2019;609;25-34;43;41;84;SEC_609
2019;610;75 i +;104;104;208;SEC_610
2019;534;16-17;9;10;19;SEC_534
2019;323;35-49;227;238;465;SEC_323
2019;306;35-49;193;177;370;SEC_306
2019;249;12-15;12;20;32;SEC_249
2019;502;16-17;8;15;23;SEC_502
2019;609;16-17;7;8;15;SEC_609
2019;409;16-17;16;19;35;SEC_409
2019;130;50-64;111;95;206;SEC_130
2019;132;35-49;244;272;516;SEC_132
2019;441;16-17;23;18;41;SEC_441
2019;406;35-49;166;164;330;SEC_406
2019;521;16-17;5;12;17;SEC_521
2019;245;50-64;104;99;203;SEC_245
2019;507;12-15;18;18;36;SEC_507
2019;621;65-74;147;125;272;SEC_621
2019;612;50-64;80;79;159;SEC_612
2019;136;18-24;48;48;96;SEC_136
2019;315;65-74;88;93;181;SEC_315
2019;506;25-34;89;95;184;SEC_506
2019;631;12-15;16;14;30;SEC_631
2019;127;12-15;18;17;35;SEC_127
2019;128;03-11;40;52;92;SEC_128
2019;433;12-15;42;41;83;SEC_433
2019;319;25-34;106;95;201;SEC_319
2019;440;50-64;91;93;184;SEC_440
2019;124;25-34;67;70;137;SEC_124
2019;605;25-34;82;74;156;SEC_605
2019;240;65-74;58;43;101;SEC_240
2019;137;03-11;72;58;130;SEC_137
2019;402;75 i +;59;44;103;SEC_402
2019;306;25-34;128;144;272;SEC_306
2019;212;65-74;60;41;101;SEC_212
2019;630;00-02;13;9;22;SEC_630
2019;627;50-64;92;68;160;SEC_627
2019;116;25-34;77;76;153;SEC_116
2019;139;12-15;16;20;36;SEC_139
2019;626;25-34;47;46;93;SEC_626
2019;207;18-24;83;78;161;SEC_207
2019;239;18-24;56;44;100;SEC_239
2019;134;00-02;12;22;34;SEC_134
2019;105;65-74;84;69;153;SEC_105
2019;432;25-34;97;106;203;SEC_432
2019;127;75 i +;42;31;73;SEC_127
2019;242;50-64;117;116;233;SEC_242
2019;211;50-64;133;105;238;SEC_211
2019;609;12-15;17;16;33;SEC_609
2019;138;35-49;85;73;158;SEC_138
2019;320;35-49;179;194;373;SEC_320
2019;108;18-24;60;50;110;SEC_108
2019;321;35-49;224;208;432;SEC_321
2019;111;35-49;89;90;179;SEC_111
2019;119;00-02;16;5;21;SEC_119
2019;405;25-34;172;124;296;SEC_405
2019;517;16-17;19;21;40;SEC_517
2019;626;50-64;79;86;165;SEC_626
2019;319;65-74;90;73;163;SEC_319
2019;402;03-11;41;52;93;SEC_402
2019;313;16-17;21;20;41;SEC_313
2019;533;35-49;243;255;498;SEC_533
2019;105;03-11;47;49;96;SEC_105
2019;622;12-15;17;14;31;SEC_622
2019;245;35-49;145;154;299;SEC_245
2019;232;50-64;102;100;202;SEC_232
2019;309;18-24;28;51;79;SEC_309
2019;318;50-64;108;84;192;SEC_318
2019;313;25-34;125;133;258;SEC_313
2019;615;25-34;36;33;69;SEC_615
2019;508;25-34;142;127;269;SEC_508
2019;505;18-24;20;24;44;SEC_505
2019;110;50-64;112;84;196;SEC_110
2019;121;75 i +;63;34;97;SEC_121
2019;608;25-34;59;69;128;SEC_608
2019;627;65-74;105;91;196;SEC_627
2019;535;00-02;11;8;19;SEC_535
2019;119;16-17;8;9;17;SEC_119
2019;435;18-24;42;59;101;SEC_435
2019;521;35-49;96;105;201;SEC_521
2019;538;35-49;166;174;340;SEC_538
2019;202;00-02;29;28;57;SEC_202
2019;130;03-11;46;46;92;SEC_130
2019;234;00-02;15;16;31;SEC_234
2019;327;12-15;22;28;50;SEC_327
2019;133;03-11;39;25;64;SEC_133
2019;238;35-49;129;141;270;SEC_238
2019;406;16-17;14;13;27;SEC_406
2019;122;35-49;139;127;266;SEC_122
2019;123;35-49;150;126;276;SEC_123
2019;626;03-11;38;40;78;SEC_626
2019;303;03-11;64;60;124;SEC_303
2019;524;16-17;17;11;28;SEC_524
2019;134;03-11;62;62;124;SEC_134
2019;513;75 i +;106;66;172;SEC_513
2019;216;35-49;156;175;331;SEC_216
2019;125;03-11;57;78;135;SEC_125
2019;529;03-11;51;55;106;SEC_529
2019;606;03-11;40;52;92;SEC_606
2019;433;50-64;185;170;355;SEC_433
2019;245;16-17;8;19;27;SEC_245
2019;605;16-17;18;14;32;SEC_605
2019;124;00-02;10;8;18;SEC_124
2019;102;25-34;75;74;149;SEC_102
2019;136;75 i +;81;47;128;SEC_136
2019;141;65-74;21;19;40;SEC_141
2019;106;35-49;190;193;383;SEC_106
2019;129;75 i +;122;63;185;SEC_129
2019;619;16-17;9;9;18;SEC_619
2019;318;65-74;52;48;100;SEC_318
2019;426;18-24;44;48;92;SEC_426
2019;301;75 i +;157;106;263;SEC_301
2019;632;18-24;41;31;72;SEC_632
2019;525;35-49;134;126;260;SEC_525
2019;239;12-15;15;10;25;SEC_239
2019;320;18-24;50;43;93;SEC_320
2019;317;12-15;19;27;46;SEC_317
2019;221;25-34;179;169;348;SEC_221
2019;624;75 i +;77;73;150;SEC_624
2019;513;16-17;7;25;32;SEC_513
2019;327;35-49;142;137;279;SEC_327
2019;310;35-49;106;130;236;SEC_310
2019;101;50-64;191;188;379;SEC_101
2019;307;12-15;17;17;34;SEC_307
2019;401;50-64;145;117;262;SEC_401
2019;124;35-49;96;94;190;SEC_124
2019;306;03-11;54;67;121;SEC_306
2019;616;65-74;131;121;252;SEC_616
2019;140;18-24;44;39;83;SEC_140
2019;133;00-02;12;14;26;SEC_133
2019;118;25-34;95;85;180;SEC_118
2019;326;00-02;42;50;92;SEC_326
2019;305;03-11;59;67;126;SEC_305
2019;305;12-15;26;35;61;SEC_305
2019;441;12-15;38;36;74;SEC_441
2019;317;75 i +;42;26;68;SEC_317
2019;307;35-49;136;131;267;SEC_307
2019;322;18-24;62;57;119;SEC_322
2019;129;12-15;20;24;44;SEC_129
2019;423;12-15;21;17;38;SEC_423
2019;605;00-02;17;27;44;SEC_605
2019;249;35-49;124;130;254;SEC_249
2019;624;65-74;101;74;175;SEC_624
2019;216;03-11;56;64;120;SEC_216
2019;607;50-64;110;96;206;SEC_607
2019;226;75 i +;120;81;201;SEC_226
2019;237;12-15;33;35;68;SEC_237
2019;618;65-74;84;58;142;SEC_618
2019;123;75 i +;93;65;158;SEC_123
2019;327;65-74;95;83;178;SEC_327
2019;213;12-15;17;22;39;SEC_213
2019;605;65-74;113;75;188;SEC_605
2019;513;03-11;76;80;156;SEC_513
2019;510;25-34;75;86;161;SEC_510
2019;234;75 i +;63;39;102;SEC_234
2019;610;18-24;47;54;101;SEC_610
2019;535;03-11;30;25;55;SEC_535
2019;237;16-17;10;20;30;SEC_237
2019;202;03-11;69;79;148;SEC_202
2019;224;35-49;164;141;305;SEC_224
2019;605;50-64;155;129;284;SEC_605
2019;207;65-74;80;65;145;SEC_207
2019;518;12-15;20;21;41;SEC_518
2019;418;25-34;95;125;220;SEC_418
2019;621;50-64;128;87;215;SEC_621
2019;246;12-15;40;21;61;SEC_246
2019;213;00-02;13;13;26;SEC_213
2019;325;50-64;214;169;383;SEC_325
2019;232;25-34;95;108;203;SEC_232
2019;138;75 i +;54;43;97;SEC_138
2019;109;75 i +;76;53;129;SEC_109
2019;405;03-11;79;82;161;SEC_405
2019;503;00-02;2;6;8;SEC_503
2019;232;00-02;15;13;28;SEC_232
2019;531;03-11;44;51;95;SEC_531
2019;412;16-17;18;19;37;SEC_412
2019;207;50-64;197;152;349;SEC_207
2019;220;35-49;253;210;463;SEC_220
2019;610;03-11;38;46;84;SEC_610
2019;411;00-02;9;10;19;SEC_411
2019;246;00-02;18;17;35;SEC_246
2019;102;65-74;119;96;215;SEC_102
2019;430;16-17;16;4;20;SEC_430
2019;234;35-49;137;154;291;SEC_234
2019;236;12-15;20;19;39;SEC_236
2019;311;25-34;125;115;240;SEC_311
2019;202;75 i +;85;65;150;SEC_202
2019;320;75 i +;2;3;5;SEC_320
2019;128;65-74;62;39;101;SEC_128
2019;306;50-64;167;157;324;SEC_306
2019;423;18-24;41;40;81;SEC_423
2019;137;50-64;168;145;313;SEC_137
2019;418;18-24;60;55;115;SEC_418
2019;323;75 i +;66;48;114;SEC_323
2019;441;18-24;70;64;134;SEC_441
2019;441;25-34;159;147;306;SEC_441
2019;316;50-64;292;201;493;SEC_316
2019;608;35-49;130;168;298;SEC_608
2019;625;18-24;32;35;67;SEC_625
2019;531;16-17;13;6;19;SEC_531
2019;249;75 i +;71;39;110;SEC_249
2019;104;75 i +;73;40;113;SEC_104
2019;430;18-24;33;63;96;SEC_430
2019;128;50-64;81;87;168;SEC_128
2019;437;00-02;33;27;60;SEC_437
2019;113;35-49;204;199;403;SEC_113
2019;212;25-34;119;135;254;SEC_212
2019;316;35-49;181;207;388;SEC_316
2019;627;00-02;7;11;18;SEC_627
2019;103;65-74;41;34;75;SEC_103
2019;201;12-15;32;36;68;SEC_201
2019;209;50-64;120;98;218;SEC_209
2019;430;65-74;32;23;55;SEC_430
2019;220;25-34;177;169;346;SEC_220
2019;623;35-49;154;167;321;SEC_623
2019;513;18-24;68;75;143;SEC_513
2019;107;18-24;64;52;116;SEC_107
2019;430;75 i +;60;37;97;SEC_430
2019;136;12-15;21;24;45;SEC_136
2019;221;18-24;89;103;192;SEC_221
2019;407;50-64;94;88;182;SEC_407
2019;236;03-11;46;54;100;SEC_236
2019;510;75 i +;73;46;119;SEC_510
2019;321;16-17;22;17;39;SEC_321
2019;232;16-17;6;10;16;SEC_232
2019;518;50-64;95;96;191;SEC_518
2019;306;12-15;26;37;63;SEC_306
2019;228;25-34;212;200;412;SEC_228
2019;324;16-17;15;12;27;SEC_324
2019;304;65-74;75;54;129;SEC_304
2019;224;75 i +;69;26;95;SEC_224
2019;246;18-24;55;60;115;SEC_246
2019;520;03-11;39;39;78;SEC_520
2019;101;03-11;63;70;133;SEC_101
2019;508;12-15;31;38;69;SEC_508
2019;425;50-64;115;114;229;SEC_425
2019;242;75 i +;81;61;142;SEC_242
2019;209;03-11;40;44;84;SEC_209
2019;608;65-74;66;52;118;SEC_608
2019;420;75 i +;133;76;209;SEC_420
2019;326;65-74;20;28;48;SEC_326
2019;533;03-11;93;89;182;SEC_533
2019;616;16-17;22;24;46;SEC_616
2019;316;65-74;196;205;401;SEC_316
2019;116;16-17;11;15;26;SEC_116
2019;310;00-02;16;9;25;SEC_310
2019;305;16-17;15;8;23;SEC_305
2019;421;75 i +;95;72;167;SEC_421
2019;240;50-64;175;157;332;SEC_240
2019;621;12-15;21;23;44;SEC_621
2019;205;25-34;82;86;168;SEC_205
2019;223;00-02;21;17;38;SEC_223
2019;528;25-34;95;84;179;SEC_528
2019;401;12-15;24;22;46;SEC_401
2019;538;25-34;95;88;183;SEC_538
2019;416;12-15;31;34;65;SEC_416
2019;107;03-11;67;49;116;SEC_107
2019;228;65-74;71;53;124;SEC_228
2019;132;00-02;28;38;66;SEC_132
2019;526;65-74;65;45;110;SEC_526
2019;616;12-15;51;47;98;SEC_616
2019;115;16-17;10;10;20;SEC_115
2019;631;35-49;121;114;235;SEC_631
2019;518;16-17;13;9;22;SEC_518
2019;321;00-02;20;25;45;SEC_321
2019;238;16-17;9;6;15;SEC_238
2019;117;16-17;11;14;25;SEC_117
2019;110;18-24;25;24;49;SEC_110
2019;425;16-17;8;12;20;SEC_425
2019;309;25-34;90;77;167;SEC_309
2019;619;18-24;33;41;74;SEC_619
2019;631;00-02;9;10;19;SEC_631
2019;117;65-74;139;115;254;SEC_117
2019;508;35-49;202;192;394;SEC_508
2019;221;12-15;32;32;64;SEC_221
2019;409;03-11;93;88;181;SEC_409
2019;107;50-64;153;137;290;SEC_107
2019;317;50-64;94;89;183;SEC_317
2019;401;65-74;55;50;105;SEC_401
2019;608;03-11;56;49;105;SEC_608
2019;619;75 i +;124;89;213;SEC_619
2019;505;35-49;140;129;269;SEC_505
2019;245;03-11;49;57;106;SEC_245
2019;327;18-24;41;46;87;SEC_327
2019;245;65-74;51;35;86;SEC_245
2019;211;16-17;11;19;30;SEC_211
2019;433;00-02;30;32;62;SEC_433
2019;521;12-15;14;17;31;SEC_521
2019;302;50-64;133;111;244;SEC_302
2019;626;18-24;23;34;57;SEC_626
2019;502;12-15;24;36;60;SEC_502
2019;309;03-11;60;71;131;SEC_309
2019;247;75 i +;74;50;124;SEC_247
2019;407;35-49;131;152;283;SEC_407
2019;406;50-64;143;133;276;SEC_406
2019;502;18-24;59;59;118;SEC_502
2019;208;16-17;11;13;24;SEC_208
2019;311;03-11;64;82;146;SEC_311
2019;514;00-02;21;21;42;SEC_514
2019;128;25-34;69;74;143;SEC_128
2019;608;50-64;151;137;288;SEC_608
2019;308;75 i +;123;94;217;SEC_308
2019;625;35-49;126;107;233;SEC_625
2019;630;03-11;26;40;66;SEC_630
2019;538;75 i +;101;58;159;SEC_538
2019;419;25-34;155;180;335;SEC_419
2019;220;12-15;35;28;63;SEC_220
2019;404;35-49;171;176;347;SEC_404
2019;237;65-74;51;41;92;SEC_237
2019;303;65-74;103;74;177;SEC_303
2019;329;35-49;283;265;548;SEC_329
2019;212;03-11;66;63;129;SEC_212
2019;204;75 i +;115;59;174;SEC_204
2019;123;03-11;50;37;87;SEC_123
2019;245;00-02;19;25;44;SEC_245
2019;239;25-34;84;99;183;SEC_239
2019;213;18-24;35;49;84;SEC_213
2019;210;12-15;26;14;40;SEC_210
2019;412;35-49;158;209;367;SEC_412
2019;313;65-74;138;113;251;SEC_313
2019;301;25-34;87;97;184;SEC_301
2019;506;35-49;181;176;357;SEC_506
2019;610;65-74;106;52;158;SEC_610
2019;632;75 i +;57;39;96;SEC_632
2019;239;35-49;164;159;323;SEC_239
2019;632;50-64;96;82;178;SEC_632
2019;532;50-64;127;92;219;SEC_532
2019;141;50-64;86;96;182;SEC_141
2019;234;18-24;39;60;99;SEC_234
2019;113;75 i +;71;54;125;SEC_113
2019;437;75 i +;116;83;199;SEC_437
2019;623;00-02;16;15;31;SEC_623
2019;211;35-49;188;210;398;SEC_211
2019;422;65-74;45;32;77;SEC_422
2019;435;75 i +;58;23;81;SEC_435
2019;528;75 i +;82;54;136;SEC_528
2019;614;03-11;31;36;67;SEC_614
2019;526;18-24;87;70;157;SEC_526
2019;141;18-24;29;32;61;SEC_141
2019;520;00-02;11;10;21;SEC_520
2019;504;16-17;6;4;10;SEC_504
2019;101;35-49;223;241;464;SEC_101
2019;205;00-02;13;6;19;SEC_205
2019;507;25-34;60;77;137;SEC_507
2019;127;18-24;23;26;49;SEC_127
2019;311;12-15;21;25;46;SEC_311
2019;421;25-34;85;83;168;SEC_421
2019;110;16-17;13;13;26;SEC_110
2019;403;00-02;18;9;27;SEC_403
2019;614;00-02;2;8;10;SEC_614
2019;309;35-49;199;204;403;SEC_309
2019;507;65-74;46;34;80;SEC_507
2019;216;25-34;89;84;173;SEC_216
2019;122;50-64;69;77;146;SEC_122
2019;532;03-11;52;63;115;SEC_532
2019;534;03-11;52;47;99;SEC_534
2019;614;12-15;24;24;48;SEC_614
2019;425;00-02;16;11;27;SEC_425
2019;414;18-24;81;100;181;SEC_414
2019;324;25-34;84;96;180;SEC_324
2019;610;00-02;18;14;32;SEC_610
2019;140;25-34;75;67;142;SEC_140
2019;318;00-02;8;5;13;SEC_318
2019;237;03-11;71;66;137;SEC_237
2019;437;12-15;30;32;62;SEC_437
2019;140;65-74;57;33;90;SEC_140
2019;221;35-49;247;288;535;SEC_221
2019;118;12-15;45;26;71;SEC_118
2019;510;12-15;13;16;29;SEC_510
2019;129;00-02;6;17;23;SEC_129
2019;317;65-74;25;29;54;SEC_317
2019;607;35-49;95;113;208;SEC_607
2019;403;50-64;114;109;223;SEC_403
2019;501;12-15;11;17;28;SEC_501
2019;107;25-34;92;104;196;SEC_107
2019;414;50-64;177;147;324;SEC_414
2019;611;50-64;155;166;321;SEC_611
2019;301;03-11;65;53;118;SEC_301
2019;627;12-15;8;13;21;SEC_627
2019;632;65-74;47;41;88;SEC_632
2019;323;03-11;75;101;176;SEC_323
2019;411;35-49;118;114;232;SEC_411
2019;528;50-64;127;99;226;SEC_528
2019;207;75 i +;104;55;159;SEC_207
2019;532;18-24;59;57;116;SEC_532
2019;224;18-24;55;55;110;SEC_224
2019;623;18-24;43;45;88;SEC_623
2019;305;50-64;196;163;359;SEC_305
2019;231;12-15;20;31;51;SEC_231
2019;534;35-49;129;126;255;SEC_534
2019;249;16-17;8;6;14;SEC_249
2019;111;03-11;31;18;49;SEC_111
2019;111;75 i +;74;50;124;SEC_111
2019;614;65-74;79;55;134;SEC_614
2019;321;50-64;275;228;503;SEC_321
2019;216;12-15;32;30;62;SEC_216
2019;106;18-24;45;55;100;SEC_106
2019;409;18-24;85;91;176;SEC_409
2019;220;00-02;26;33;59;SEC_220
2019;425;12-15;17;25;42;SEC_425
2019;405;65-74;75;52;127;SEC_405
2019;113;18-24;48;57;105;SEC_113
2019;322;16-17;12;16;28;SEC_322
2019;618;35-49;103;96;199;SEC_618
2019;223;25-34;116;108;224;SEC_223
2019;437;25-34;122;135;257;SEC_437
2019;421;65-74;68;46;114;SEC_421
2019;533;65-74;78;56;134;SEC_533
2019;610;16-17;12;10;22;SEC_610
2019;506;12-15;20;37;57;SEC_506
2019;103;75 i +;54;32;86;SEC_103
2019;533;25-34;146;151;297;SEC_533
2019;532;00-02;21;26;47;SEC_532
2019;109;65-74;73;67;140;SEC_109
2019;103;18-24;30;29;59;SEC_103
2019;304;00-02;39;39;78;SEC_304
2019;503;65-74;75;65;140;SEC_503
2019;526;75 i +;95;62;157;SEC_526
2019;134;35-49;155;174;329;SEC_134
2019;513;00-02;22;33;55;SEC_513
2019;627;35-49;82;104;186;SEC_627
2019;322;65-74;62;60;122;SEC_322
2019;440;75 i +;87;75;162;SEC_440
2019;517;03-11;100;112;212;SEC_517
2019;632;35-49;111;128;239;SEC_632
2019;402;12-15;22;19;41;SEC_402
2019;123;18-24;41;49;90;SEC_123
2019;612;35-49;107;125;232;SEC_612
2019;627;75 i +;62;55;117;SEC_627
2019;503;18-24;23;27;50;SEC_503
2019;121;16-17;9;6;15;SEC_121
2019;421;50-64;121;102;223;SEC_421
2019;510;03-11;50;38;88;SEC_510
2019;306;18-24;75;73;148;SEC_306
2019;422;25-34;103;86;189;SEC_422
2019;130;16-17;9;7;16;SEC_130
2019;531;12-15;15;19;34;SEC_531
2019;320;18-24;10;9;19;SEC_320
2019;325;65-74;145;100;245;SEC_325
2019;510;65-74;64;41;105;SEC_510
2019;114;35-49;179;174;353;SEC_114
2019;314;03-11;104;104;208;SEC_314
2019;431;18-24;74;89;163;SEC_431
2019;316;03-11;50;79;129;SEC_316
2019;618;12-15;28;29;57;SEC_618
2019;128;75 i +;67;45;112;SEC_128
2019;405;16-17;17;20;37;SEC_405
2019;616;75 i +;73;39;112;SEC_616
2019;430;35-49;136;174;310;SEC_430
2019;134;50-64;156;117;273;SEC_134
2019;632;03-11;35;47;82;SEC_632
2019;301;00-02;13;14;27;SEC_301
2019;412;50-64;163;124;287;SEC_412
2019;325;12-15;36;29;65;SEC_325
2019;615;65-74;79;34;113;SEC_615
2019;427;18-24;73;70;143;SEC_427
2019;530;25-34;145;145;290;SEC_530
2019;140;12-15;17;25;42;SEC_140
2019;126;16-17;15;11;26;SEC_126
2019;427;50-64;147;151;298;SEC_427
2019;632;00-02;7;9;16;SEC_632
2019;304;35-49;313;287;600;SEC_304
2019;504;03-11;36;45;81;SEC_504
2019;506;18-24;56;69;125;SEC_506
2019;133;65-74;59;45;104;SEC_133
2019;505;16-17;8;5;13;SEC_505
2019;419;03-11;90;111;201;SEC_419
2019;242;65-74;51;46;97;SEC_242
2019;420;18-24;100;98;198;SEC_420
2019;228;03-11;109;98;207;SEC_228
2019;137;00-02;17;19;36;SEC_137
2019;319;16-17;14;19;33;SEC_319
2019;504;35-49;134;127;261;SEC_504
2019;501;50-64;103;91;194;SEC_501
2019;319;03-11;78;98;176;SEC_319
2019;621;00-02;13;20;33;SEC_621
2019;609;35-49;97;90;187;SEC_609
2019;106;75 i +;82;62;144;SEC_106
2019;422;35-49;174;177;351;SEC_422
2019;404;00-02;18;21;39;SEC_404
2019;535;75 i +;87;79;166;SEC_535
2019;303;50-64;121;127;248;SEC_303
2019;208;25-34;120;139;259;SEC_208
2019;407;16-17;11;13;24;SEC_407
2019;313;12-15;35;38;73;SEC_313
2019;211;18-24;49;81;130;SEC_211
2019;231;25-34;110;89;199;SEC_231
2019;318;35-49;84;78;162;SEC_318
2019;105;75 i +;62;53;115;SEC_105
2019;115;35-49;163;159;322;SEC_115
2019;130;18-24;26;34;60;SEC_130
2019;316;18-24;57;60;117;SEC_316
2019;140;03-11;56;51;107;SEC_140
2019;125;75 i +;75;74;149;SEC_125
2019;318;25-34;42;50;92;SEC_318
2019;323;25-34;98;87;185;SEC_323
2019;410;16-17;11;17;28;SEC_410
2019;503;12-15;5;5;10;SEC_503
2019;609;18-24;28;34;62;SEC_609
2019;204;35-49;203;200;403;SEC_204
2019;521;65-74;112;75;187;SEC_521
2019;414;25-34;184;171;355;SEC_414
2019;112;25-34;121;114;235;SEC_112
2019;325;35-49;196;180;376;SEC_325
2019;309;16-17;12;18;30;SEC_309
2019;221;03-11;81;96;177;SEC_221
2019;223;12-15;25;33;58;SEC_223
2019;302;25-34;104;97;201;SEC_302
2019;302;65-74;128;102;230;SEC_302
2019;216;00-02;13;8;21;SEC_216
2019;233;75 i +;58;28;86;SEC_233
2019;432;75 i +;80;55;135;SEC_432
2019;426;12-15;21;18;39;SEC_426
2019;202;12-15;30;36;66;SEC_202
2019;103;00-02;11;13;24;SEC_103
2019;101;16-17;21;17;38;SEC_101
2019;139;50-64;79;105;184;SEC_139
2019;437;16-17;17;22;39;SEC_437
2019;116;12-15;30;16;46;SEC_116
2019;306;16-17;22;12;34;SEC_306
2019;134;25-34;76;84;160;SEC_134
2019;601;03-11;67;81;148;SEC_601
2019;223;16-17;10;8;18;SEC_223
2019;616;50-64;245;215;460;SEC_616
2019;123;00-02;8;16;24;SEC_123
2019;303;00-02;18;20;38;SEC_303
2019;228;12-15;44;48;92;SEC_228
2019;605;18-24;59;55;114;SEC_605
2019;433;03-11;107;112;219;SEC_433
2019;435;25-34;109;117;226;SEC_435
2019;226;03-11;85;86;171;SEC_226
2019;307;50-64;148;97;245;SEC_307
2019;409;25-34;139;175;314;SEC_409
2019;120;12-15;16;48;64;SEC_120
2019;120;35-49;182;177;359;SEC_120
2019;607;03-11;34;39;73;SEC_607
2019;318;18-24;32;29;61;SEC_318
2019;101;65-74;67;75;142;SEC_101
2019;602;25-34;60;63;123;SEC_602
2019;320;00-02;9;7;16;SEC_320
2019;507;50-64;83;80;163;SEC_507
2019;622;16-17;7;8;15;SEC_622
2019;228;18-24;98;105;203;SEC_228
2019;201;35-49;273;287;560;SEC_201
2019;106;50-64;208;148;356;SEC_106
2019;248;25-34;109;119;228;SEC_248
2019;310;50-64;109;82;191;SEC_310
2019;317;03-11;61;61;122;SEC_317
2019;312;25-34;164;158;322;SEC_312
2019;103;12-15;13;6;19;SEC_103
2019;118;35-49;184;177;361;SEC_118
2019;245;12-15;20;22;42;SEC_245
2019;240;75 i +;106;66;172;SEC_240
2019;325;25-34;91;99;190;SEC_325
2019;329;65-74;34;45;79;SEC_329
2019;308;25-34;106;119;225;SEC_308
2019;127;35-49;102;81;183;SEC_127
2019;614;25-34;48;48;96;SEC_614
2019;427;00-02;25;27;52;SEC_427
2019;425;03-11;43;41;84;SEC_425
2019;625;50-64;136;107;243;SEC_625
2019;404;03-11;68;67;135;SEC_404
2019;131;16-17;5;15;20;SEC_131
2019;105;35-49;144;140;284;SEC_105
2019;112;03-11;53;69;122;SEC_112
2019;613;50-64;89;98;187;SEC_613
2019;532;35-49;176;184;360;SEC_532
2019;311;18-24;65;71;136;SEC_311
2019;220;65-74;73;45;118;SEC_220
2019;322;25-34;111;98;209;SEC_322
2019;236;00-02;12;13;25;SEC_236
2019;421;16-17;13;9;22;SEC_421
2019;308;50-64;229;204;433;SEC_308
2019;237;75 i +;76;50;126;SEC_237
2019;229;18-24;112;101;213;SEC_229
2019;626;75 i +;76;41;117;SEC_626
2019;317;25-34;95;116;211;SEC_317
2019;431;75 i +;78;37;115;SEC_431
2019;210;16-17;7;8;15;SEC_210
2019;416;65-74;56;48;104;SEC_416
2019;608;16-17;18;11;29;SEC_608
2019;404;16-17;13;11;24;SEC_404
2019;320;25-34;46;44;90;SEC_320
2019;317;35-49;147;183;330;SEC_317
2019;631;03-11;36;53;89;SEC_631
2019;511;65-74;93;59;152;SEC_511
2019;121;35-49;116;119;235;SEC_121
2019;631;25-34;60;51;111;SEC_631
2019;537;18-24;59;57;116;SEC_537
2019;617;65-74;60;44;104;SEC_617
2019;231;35-49;187;189;376;SEC_231
2019;619;65-74;83;85;168;SEC_619
2019;626;16-17;7;9;16;SEC_626
2019;204;65-74;59;57;116;SEC_204
2019;329;75 i +;23;19;42;SEC_329
2019;242;03-11;60;53;113;SEC_242
2019;612;25-34;56;50;106;SEC_612
2019;226;65-74;84;67;151;SEC_226
2019;242;12-15;14;23;37;SEC_242
2019;517;18-24;98;128;226;SEC_517
2019;526;03-11;94;102;196;SEC_526
2019;310;03-11;47;50;97;SEC_310
2019;623;03-11;53;56;109;SEC_623
2019;214;75 i +;121;60;181;SEC_214
2019;624;12-15;18;23;41;SEC_624
2019;209;18-24;42;40;82;SEC_209
2019;129;35-49;127;130;257;SEC_129
2019;315;16-17;14;17;31;SEC_315
2019;210;18-24;47;37;84;SEC_210
2019;125;16-17;11;14;25;SEC_125
2019;518;18-24;41;58;99;SEC_518
2019;204;18-24;72;72;144;SEC_204
2019;125;00-02;14;13;27;SEC_125
2019;624;16-17;11;12;23;SEC_624
2019;131;03-11;68;50;118;SEC_131
2019;114;65-74;105;82;187;SEC_114
2019;326;50-64;72;89;161;SEC_326
2019;118;65-74;151;140;291;SEC_118
2019;513;50-64;134;136;270;SEC_513
2019;528;65-74;52;42;94;SEC_528
2019;611;00-02;14;21;35;SEC_611
2019;105;50-64;124;90;214;SEC_105
2019;432;03-11;50;59;109;SEC_432
2019;208;12-15;20;19;39;SEC_208
2019;416;16-17;17;22;39;SEC_416
2019;427;16-17;17;14;31;SEC_427
2019;308;65-74;128;112;240;SEC_308
2019;419;65-74;69;44;113;SEC_419
2019;531;35-49;127;136;263;SEC_531
2019;534;12-15;17;22;39;SEC_534
2019;246;50-64;109;113;222;SEC_246
2019;248;75 i +;65;49;114;SEC_248
2019;440;12-15;16;19;35;SEC_440
2019;601;35-49;214;254;468;SEC_601
2019;122;16-17;8;7;15;SEC_122
2019;410;35-49;196;176;372;SEC_410
2019;426;65-74;41;35;76;SEC_426
2019;111;50-64;92;73;165;SEC_111
2019;441;35-49;224;245;469;SEC_441
2019;137;16-17;12;11;23;SEC_137
2019;118;75 i +;81;71;152;SEC_118
2019;619;50-64;138;126;264;SEC_619
2019;133;35-49;98;110;208;SEC_133
2019;210;25-34;50;48;98;SEC_210
2019;111;65-74;59;41;100;SEC_111
2019;441;50-64;240;194;434;SEC_441
2019;418;75 i +;86;67;153;SEC_418
2019;530;65-74;58;37;95;SEC_530
2019;607;18-24;29;40;69;SEC_607
2019;234;16-17;14;6;20;SEC_234
2019;120;50-64;207;197;404;SEC_120
2019;320;03-11;56;58;114;SEC_320
2019;403;65-74;78;47;125;SEC_403
2019;217;16-17;19;16;35;SEC_217
2019;404;50-64;130;128;258;SEC_404
2019;132;18-24;60;71;131;SEC_132
2019;616;03-11;101;100;201;SEC_616
2019;217;25-34;119;131;250;SEC_217
2019;316;00-02;20;24;44;SEC_316
2019;131;00-02;20;19;39;SEC_131
2019;401;35-49;147;125;272;SEC_401
2019;523;35-49;200;186;386;SEC_523
2019;524;03-11;70;81;151;SEC_524
2019;233;65-74;28;18;46;SEC_233
2019;504;50-64;77;83;160;SEC_504
2019;137;25-34;91;84;175;SEC_137
2019;625;75 i +;85;57;142;SEC_625
2019;111;18-24;28;30;58;SEC_111
2019;111;00-02;7;8;15;SEC_111
2019;608;00-02;16;11;27;SEC_608
2019;525;25-34;67;50;117;SEC_525
2019;104;16-17;1;9;10;SEC_104
2019;130;65-74;42;23;65;SEC_130
2019;238;12-15;16;21;37;SEC_238
2019;247;16-17;13;13;26;SEC_247
2019;101;75 i +;61;49;110;SEC_101
2019;626;00-02;6;12;18;SEC_626
2019;423;03-11;54;50;104;SEC_423
2019;530;35-49;276;275;551;SEC_530
2019;211;65-74;34;34;68;SEC_211
2019;432;16-17;10;9;19;SEC_432
2019;229;75 i +;84;43;127;SEC_229
2019;120;00-02;19;20;39;SEC_120
2019;501;25-34;43;46;89;SEC_501
2019;234;03-11;42;37;79;SEC_234
2019;329;12-15;38;49;87;SEC_329
2019;210;50-64;81;83;164;SEC_210
2019;232;75 i +;73;53;126;SEC_232
2019;625;25-34;49;58;107;SEC_625
2019;229;25-34;163;167;330;SEC_229
2019;427;75 i +;87;36;123;SEC_427
2019;612;16-17;5;10;15;SEC_612
2019;309;12-15;26;28;54;SEC_309
2019;622;50-64;92;86;178;SEC_622
2019;105;16-17;12;13;25;SEC_105
2019;129;25-34;68;60;128;SEC_129
2019;611;75 i +;125;108;233;SEC_611
2019;501;00-02;12;9;21;SEC_501
2019;440;65-74;63;50;113;SEC_440
2019;320;65-74;3;6;9;SEC_320
2019;405;12-15;32;23;55;SEC_405
2019;421;03-11;57;58;115;SEC_421
2019;207;16-17;16;21;37;SEC_207
2019;232;18-24;60;54;114;SEC_232
2019;240;35-49;250;233;483;SEC_240
2019;110;03-11;36;40;76;SEC_110
2019;504;12-15;13;22;35;SEC_504
2019;140;35-49;137;130;267;SEC_140
2019;537;65-74;73;53;126;SEC_537
2019;528;00-02;8;21;29;SEC_528
2019;117;12-15;36;41;77;SEC_117
2019;511;16-17;21;16;37;SEC_511
2019;617;50-64;83;82;165;SEC_617
2019;327;75 i +;43;29;72;SEC_327
2019;141;16-17;11;14;25;SEC_141
2019;237;50-64;151;119;270;SEC_237
2019;613;25-34;55;61;116;SEC_613
2019;224;12-15;22;18;40;SEC_224
2019;125;65-74;112;81;193;SEC_125
2019;414;12-15;37;35;72;SEC_414
2019;437;35-49;219;209;428;SEC_437
2019;302;16-17;9;7;16;SEC_302
2019;538;00-02;14;21;35;SEC_538
2019;303;16-17;9;10;19;SEC_303
2019;517;00-02;30;32;62;SEC_517
2019;113;16-17;7;13;20;SEC_113
2019;303;35-49;202;212;414;SEC_303
2019;537;00-02;19;10;29;SEC_537
2019;202;35-49;239;270;509;SEC_202
2019;537;25-34;100;104;204;SEC_537
2019;311;75 i +;92;56;148;SEC_311
2019;205;18-24;36;51;87;SEC_205
2019;112;50-64;182;140;322;SEC_112
2019;621;25-34;69;67;136;SEC_621
2019;202;18-24;76;86;162;SEC_202
2019;608;18-24;37;43;80;SEC_608
2019;525;16-17;13;10;23;SEC_525
2019;204;25-34;124;134;258;SEC_204
2019;321;25-34;132;154;286;SEC_321
2019;426;03-11;57;54;111;SEC_426
2019;514;25-34;126;116;242;SEC_514
2019;505;12-15;19;21;40;SEC_505
2019;129;16-17;6;17;23;SEC_129
2019;247;50-64;121;105;226;SEC_247
2019;207;00-02;19;36;55;SEC_207
2019;119;12-15;22;17;39;SEC_119
2019;324;50-64;91;91;182;SEC_324
2019;407;12-15;19;19;38;SEC_407
2019;308;03-11;73;75;148;SEC_308
2019;141;35-49;331;321;652;SEC_141
2019;111;25-34;40;34;74;SEC_111
2019;616;25-34;103;123;226;SEC_616
2019;419;12-15;35;50;85;SEC_419
2019;517;65-74;66;61;127;SEC_517
2019;214;12-15;44;56;100;SEC_214
2019;416;03-11;64;74;138;SEC_416
2019;141;75 i +;11;8;19;SEC_141
2019;606;65-74;55;26;81;SEC_606
2019;108;00-02;19;19;38;SEC_108
2019;209;00-02;9;13;22;SEC_209
2019;433;25-34;157;152;309;SEC_433
2019;433;16-17;20;22;42;SEC_433
2019;134;12-15;27;26;53;SEC_134
2019;313;18-24;71;77;148;SEC_313
2019;420;00-02;18;43;61;SEC_420
2019;421;12-15;27;19;46;SEC_421
2019;427;35-49;238;245;483;SEC_427
2019;131;25-34;77;71;148;SEC_131
2019;410;12-15;33;29;62;SEC_410
2019;312;16-17;12;13;25;SEC_312
2019;502;75 i +;147;88;235;SEC_502
2019;248;12-15;34;16;50;SEC_248
2019;427;25-34;156;136;292;SEC_427
2019;436;12-15;24;26;50;SEC_436
2019;533;00-02;34;29;63;SEC_533
2019;520;35-49;103;97;200;SEC_520
2019;229;00-02;28;31;59;SEC_229
2019;524;75 i +;74;33;107;SEC_524
2019;326;16-17;11;4;15;SEC_326
2019;123;50-64;146;129;275;SEC_123
2019;108;75 i +;88;58;146;SEC_108
2019;137;35-49;177;155;332;SEC_137
2019;607;25-34;62;62;124;SEC_607
2019;611;03-11;83;86;169;SEC_611
2019;606;35-49;133;116;249;SEC_606
2019;414;65-74;57;44;101;SEC_414
2019;124;50-64;93;79;172;SEC_124
2019;329;18-24;38;39;77;SEC_329
2019;236;16-17;10;11;21;SEC_236
2019;324;65-74;49;35;84;SEC_324
2019;518;35-49;144;147;291;SEC_518
2019;414;16-17;9;15;24;SEC_414
2019;405;18-24;86;87;173;SEC_405
2019;213;50-64;96;76;172;SEC_213
2019;114;18-24;55;45;100;SEC_114
2019;309;75 i +;52;29;81;SEC_309
2019;514;18-24;78;66;144;SEC_514
2019;138;65-74;60;54;114;SEC_138
2019;514;12-15;31;36;67;SEC_514
2019;329;50-64;134;135;269;SEC_329
2019;108;65-74;73;59;132;SEC_108
2019;319;50-64;182;170;352;SEC_319
2019;619;00-02;11;12;23;SEC_619
2019;208;03-11;37;51;88;SEC_208
2019;608;75 i +;109;63;172;SEC_608
2019;618;50-64;127;122;249;SEC_618
2019;504;75 i +;113;85;198;SEC_504
2019;326;03-11;113;113;226;SEC_326
2019;301;12-15;23;20;43;SEC_301
2019;323;00-02;11;21;32;SEC_323
2019;236;25-34;92;94;186;SEC_236
2019;612;65-74;65;36;101;SEC_612
2019;102;12-15;32;27;59;SEC_102
2019;421;18-24;59;56;115;SEC_421
2019;247;00-02;26;23;49;SEC_247
2019;109;12-15;16;21;37;SEC_109
2019;301;65-74;81;72;153;SEC_301
2019;607;65-74;43;26;69;SEC_607
2019;210;35-49;104;88;192;SEC_210
2019;325;18-24;63;55;118;SEC_325
2019;118;18-24;64;50;114;SEC_118
2019;422;18-24;62;54;116;SEC_422
2019;625;12-15;13;20;33;SEC_625
2019;116;35-49;161;167;328;SEC_116
2019;529;16-17;15;14;29;SEC_529
2019;441;03-11;83;87;170;SEC_441
2019;243;16-17;11;13;24;SEC_243
2019;632;16-17;12;12;24;SEC_632
2019;229;16-17;23;14;37;SEC_229
2019;538;65-74;66;33;99;SEC_538
2019;320;25-34;70;68;138;SEC_320
2019;534;50-64;77;80;157;SEC_534
2019;314;12-15;36;40;76;SEC_314
2019;313;03-11;80;75;155;SEC_313
2019;523;16-17;15;12;27;SEC_523
2019;602;65-74;65;37;102;SEC_602
2019;621;35-49;156;171;327;SEC_621
2019;435;50-64;93;118;211;SEC_435
2019;205;03-11;40;30;70;SEC_205
2019;614;35-49;101;108;209;SEC_614
2019;232;35-49;141;152;293;SEC_232
2019;246;16-17;11;12;23;SEC_246
2019;115;03-11;54;57;111;SEC_115
2019;406;12-15;17;34;51;SEC_406
2019;422;75 i +;79;40;119;SEC_422
2019;416;75 i +;97;55;152;SEC_416
2019;213;75 i +;56;43;99;SEC_213
2019;124;12-15;15;23;38;SEC_124
2019;530;75 i +;98;65;163;SEC_530
2019;236;65-74;51;29;80;SEC_236
2019;214;25-34;197;188;385;SEC_214
2019;126;03-11;40;38;78;SEC_126
2019;423;25-34;88;75;163;SEC_423
2019;409;65-74;92;64;156;SEC_409
2019;220;50-64;183;155;338;SEC_220
2019;214;16-17;19;25;44;SEC_214
2019;129;50-64;101;96;197;SEC_129
2019;513;25-34;125;128;253;SEC_513
2019;412;18-24;56;65;121;SEC_412
2019;238;25-34;92;108;200;SEC_238
2019;313;00-02;24;21;45;SEC_313
2019;534;25-34;86;78;164;SEC_534
2019;314;18-24;69;64;133;SEC_314
2019;502;00-02;24;16;40;SEC_502
2019;311;65-74;72;43;115;SEC_311
2019;601;75 i +;167;126;293;SEC_601
2019;410;18-24;63;94;157;SEC_410
2019;502;35-49;179;177;356;SEC_502
2019;242;18-24;52;62;114;SEC_242
2019;441;75 i +;113;102;215;SEC_441
2019;411;50-64;94;84;178;SEC_411
2019;314;00-02;20;32;52;SEC_314
2019;622;25-34;35;40;75;SEC_622
2019;622;18-24;19;39;58;SEC_622
2019;529;50-64;126;105;231;SEC_529
2019;406;75 i +;84;62;146;SEC_406
2019;534;18-24;46;37;83;SEC_534
2019;601;65-74;115;94;209;SEC_601
2019;503;50-64;95;64;159;SEC_503
2019;236;75 i +;89;49;138;SEC_236
2019;327;16-17;17;12;29;SEC_327
2019;242;25-34;102;102;204;SEC_242
2019;532;25-34;124;93;217;SEC_532
2019;106;65-74;153;136;289;SEC_106
2019;312;03-11;70;69;139;SEC_312
2019;237;00-02;19;21;40;SEC_237
2019;602;16-17;14;14;28;SEC_602
2019;529;65-74;41;32;73;SEC_529
2019;213;35-49;142;131;273;SEC_213
2019;138;50-64;95;66;161;SEC_138
2019;317;16-17;11;16;27;SEC_317
2019;624;03-11;49;42;91;SEC_624
2019;232;12-15;13;17;30;SEC_232
2019;223;18-24;57;60;117;SEC_223
2019;302;35-49;182;174;356;SEC_302
2019;248;03-11;44;66;110;SEC_248
2019;128;00-02;16;20;36;SEC_128
2019;437;18-24;72;85;157;SEC_437
2019;117;18-24;63;61;124;SEC_117
2019;126;35-49;121;115;236;SEC_126
2019;109;00-02;12;10;22;SEC_109
2019;136;03-11;60;52;112;SEC_136
2019;322;50-64;111;98;209;SEC_322
2019;607;12-15;11;13;24;SEC_607
2019;248;35-49;163;171;334;SEC_248
2019;323;12-15;42;41;83;SEC_323
2019;120;65-74;123;101;224;SEC_120
2019;311;35-49;199;245;444;SEC_311
2019;106;03-11;52;69;121;SEC_106
2019;618;25-34;49;46;95;SEC_618
2019;223;50-64;122;109;231;SEC_223
2019;440;25-34;65;79;144;SEC_440
2019;403;16-17;17;8;25;SEC_403
2019;329;16-17;21;15;36;SEC_329
2019;520;75 i +;60;43;103;SEC_520
2019;133;16-17;7;7;14;SEC_133
2019;320;16-17;1;2;3;SEC_320
2019;124;16-17;12;6;18;SEC_124
2019;131;18-24;33;40;73;SEC_131
2019;431;03-11;103;92;195;SEC_431
2019;402;50-64;87;85;172;SEC_402
2019;229;03-11;84;110;194;SEC_229
2019;410;65-74;108;87;195;SEC_410
2019;239;75 i +;97;48;145;SEC_239
2019;508;65-74;53;31;84;SEC_508
2019;326;18-24;30;35;65;SEC_326
2019;101;00-02;29;30;59;SEC_101
2019;538;18-24;58;63;121;SEC_538
2019;409;00-02;23;28;51;SEC_409
2019;245;25-34;101;98;199;SEC_245
2019;530;50-64;155;132;287;SEC_530
2019;121;12-15;15;16;31;SEC_121
2019;436;75 i +;74;51;125;SEC_436
2019;205;16-17;14;16;30;SEC_205
2019;135;35-49;159;180;339;SEC_135
2019;228;75 i +;146;87;233;SEC_228
2019;430;00-02;29;17;46;SEC_430
2019;217;00-02;21;21;42;SEC_217
2019;115;12-15;21;28;49;SEC_115
2019;511;12-15;47;53;100;SEC_511
2019;623;25-34;61;67;128;SEC_623
2019;116;75 i +;106;87;193;SEC_116
2019;224;50-64;124;104;228;SEC_224
2019;238;65-74;41;30;71;SEC_238
2019;302;75 i +;74;64;138;SEC_302
2019;104;18-24;34;36;70;SEC_104
2019;226;50-64;198;147;345;SEC_226
2019;135;75 i +;99;60;159;SEC_135
2019;528;03-11;57;53;110;SEC_528
2019;613;35-49;135;145;280;SEC_613
2019;524;35-49;184;176;360;SEC_524
2019;307;75 i +;117;75;192;SEC_307
2019;436;00-02;25;32;57;SEC_436
2019;318;16-17;1;9;10;SEC_318
2019;120;25-34;113;113;226;SEC_120
2019;110;65-74;117;76;193;SEC_110
2019;507;18-24;29;44;73;SEC_507
2019;520;12-15;18;17;35;SEC_520
2019;441;65-74;144;115;259;SEC_441
2019;212;75 i +;79;47;126;SEC_212
2019;135;00-02;22;16;38;SEC_135
2019;138;00-02;4;11;15;SEC_138
2019;229;35-49;266;265;531;SEC_229
2019;212;00-02;16;19;35;SEC_212
2019;313;50-64;199;157;356;SEC_313
2019;617;03-11;36;54;90;SEC_617
2019;232;65-74;55;33;88;SEC_232
2019;611;25-34;100;118;218;SEC_611
2019;611;18-24;55;61;116;SEC_611
2019;236;50-64;103;92;195;SEC_236
2019;425;65-74;37;30;67;SEC_425
2019;240;00-02;29;31;60;SEC_240
2019;118;00-02;21;20;41;SEC_118
2019;526;50-64;166;160;326;SEC_526
2019;406;00-02;18;23;41;SEC_406
2019;210;75 i +;80;44;124;SEC_210
2019;436;35-49;200;221;421;SEC_436
2019;224;65-74;47;41;88;SEC_224
2019;239;50-64;120;113;233;SEC_239
2019;238;03-11;48;43;91;SEC_238
2019;111;12-15;12;21;33;SEC_111
2019;113;12-15;28;36;64;SEC_113
2019;125;18-24;46;66;112;SEC_125
2019;318;12-15;17;17;34;SEC_318
2019;412;25-34;130;94;224;SEC_412
2019;511;25-34;190;184;374;SEC_511
2019;223;35-49;157;173;330;SEC_223
2019;501;03-11;29;33;62;SEC_501
2019;221;75 i +;116;81;197;SEC_221
2019;517;75 i +;95;58;153;SEC_517
2019;248;18-24;60;67;127;SEC_248
2019;139;35-49;108;111;219;SEC_139
2019;513;65-74;46;41;87;SEC_513
2019;626;35-49;106;104;210;SEC_626
2019;110;00-02;11;10;21;SEC_110
2019;535;35-49;89;85;174;SEC_535
2019;501;75 i +;64;51;115;SEC_501
2019;248;65-74;49;36;85;SEC_248
2019;112;75 i +;86;44;130;SEC_112
2019;611;35-49;237;257;494;SEC_611
2019;535;25-34;55;64;119;SEC_535
2019;410;25-34;100;118;218;SEC_410
2019;231;18-24;75;76;151;SEC_231
2019;523;00-02;18;16;34;SEC_523
2019;119;75 i +;113;82;195;SEC_119
2019;115;25-34;55;101;156;SEC_115
2019;524;50-64;129;107;236;SEC_524
2019;140;50-64;114;89;203;SEC_140
2019;135;12-15;20;21;41;SEC_135
2019;207;12-15;37;28;65;SEC_207
2019;128;35-49;165;160;325;SEC_128
2019;115;75 i +;69;45;114;SEC_115
2019;534;00-02;15;19;34;SEC_534
2019;132;65-74;139;126;265;SEC_132
2019;304;25-34;172;163;335;SEC_304
2019;433;18-24;84;78;162;SEC_433
2019;422;16-17;8;22;30;SEC_422
2019;440;03-11;38;46;84;SEC_440
2019;420;50-64;222;190;412;SEC_420
2019;217;18-24;48;67;115;SEC_217
2019;123;65-74;61;68;129;SEC_123
2019;614;16-17;9;7;16;SEC_614
2019;630;25-34;42;38;80;SEC_630
2019;506;16-17;14;13;27;SEC_506
2019;404;18-24;56;78;134;SEC_404
2019;606;75 i +;80;62;142;SEC_606
2019;523;65-74;58;41;99;SEC_523
2019;238;75 i +;46;36;82;SEC_238
2019;510;50-64;108;108;216;SEC_510
2019;307;00-02;10;7;17;SEC_307
2019;627;03-11;23;37;60;SEC_627
2019;534;65-74;50;43;93;SEC_534
2019;129;18-24;33;40;73;SEC_129
2019;124;75 i +;53;38;91;SEC_124
2019;328;25-34;107;94;201;SEC_328
2019;619;12-15;21;19;40;SEC_619
2019;305;75 i +;74;50;124;SEC_305
2019;432;35-49;148;164;312;SEC_432
2019;217;12-15;17;21;38;SEC_217
2019;141;25-34;59;70;129;SEC_141
2019;322;00-02;14;25;39;SEC_322
2019;231;16-17;5;18;23;SEC_231
2019;317;00-02;19;15;34;SEC_317
2019;314;50-64;280;223;503;SEC_314
2019;106;00-02;13;15;28;SEC_106
2019;323;50-64;196;164;360;SEC_323
2019;209;12-15;17;20;37;SEC_209
2019;510;00-02;11;13;24;SEC_510
2019;310;25-34;82;76;158;SEC_310
2019;246;25-34;104;113;217;SEC_246
2019;105;12-15;25;25;50;SEC_105
2019;243;75 i +;108;62;170;SEC_243
2019;319;75 i +;51;40;91;SEC_319
2019;126;65-74;81;60;141;SEC_126
2019;526;00-02;31;28;59;SEC_526
2019;243;18-24;62;82;144;SEC_243
2019;209;25-34;101;115;216;SEC_209
2019;309;65-74;54;41;95;SEC_309
2019;529;18-24;54;83;137;SEC_529
2019;122;75 i +;85;64;149;SEC_122
2019;401;16-17;11;13;24;SEC_401
2019;220;18-24;57;68;125;SEC_220
2019;126;12-15;14;20;34;SEC_126
2019;619;03-11;47;53;100;SEC_619
2019;210;03-11;32;29;61;SEC_210
2019;247;65-74;54;43;97;SEC_247
2019;409;50-64;176;177;353;SEC_409
2019;141;12-15;65;72;137;SEC_141
2019;138;25-34;40;50;90;SEC_138
2019;117;25-34;110;105;215;SEC_117
2019;319;12-15;48;52;100;SEC_319
2019;226;25-34;152;167;319;SEC_226
2019;407;18-24;55;38;93;SEC_407
2019;624;25-34;60;52;112;SEC_624
2019;426;35-49;124;160;284;SEC_426
2019;403;12-15;18;14;32;SEC_403
2019;422;12-15;26;20;46;SEC_422
2019;316;75 i +;99;60;159;SEC_316
2019;201;25-34;134;137;271;SEC_201
2019;130;00-02;15;19;34;SEC_130
2019;243;12-15;29;33;62;SEC_243
2019;248;50-64;122;111;233;SEC_248
2019;617;75 i +;71;45;116;SEC_617
2019;529;35-49;196;174;370;SEC_529
2019;606;50-64;102;103;205;SEC_606
2019;531;18-24;46;49;95;SEC_531
2019;419;50-64;185;215;400;SEC_419
2019;521;75 i +;87;81;168;SEC_521
2019;240;03-11;91;67;158;SEC_240
2019;312;35-49;265;274;539;SEC_312
2019;327;00-02;12;21;33;SEC_327
2019;601;00-02;26;19;45;SEC_601
2019;247;03-11;66;72;138;SEC_247
2019;249;00-02;11;18;29;SEC_249
2019;405;75 i +;151;87;238;SEC_405
2019;201;03-11;99;96;195;SEC_201
2019;529;25-34;125;108;233;SEC_529
2019;320;75 i +;68;59;127;SEC_320
2019;632;25-34;32;49;81;SEC_632
2019;202;25-34;165;176;341;SEC_202
2019;304;16-17;13;9;22;SEC_304
2019;436;65-74;58;55;113;SEC_436
2019;302;00-02;22;17;39;SEC_302
2019;514;03-11;55;67;122;SEC_514
2019;229;65-74;48;33;81;SEC_229
2019;523;75 i +;100;68;168;SEC_523
2019;514;65-74;44;34;78;SEC_514
2019;602;35-49;152;140;292;SEC_602
2019;431;25-34;144;137;281;SEC_431
2019;320;12-15;36;36;72;SEC_320
2019;605;03-11;81;64;145;SEC_605
2019;501;16-17;6;13;19;SEC_501
2019;411;03-11;43;39;82;SEC_411
2019;511;00-02;26;42;68;SEC_511
2019;217;75 i +;77;47;124;SEC_217
2019;315;03-11;88;78;166;SEC_315
2019;328;65-74;29;19;48;SEC_328
2019;103;16-17;6;7;13;SEC_103
2019;312;00-02;25;22;47;SEC_312
2019;302;03-11;60;56;116;SEC_302
2019;135;50-64;167;148;315;SEC_135
2019;614;75 i +;91;66;157;SEC_614
2019;114;25-34;64;80;144;SEC_114
2019;612;75 i +;107;86;193;SEC_612
2019;134;18-24;58;50;108;SEC_134
2019;114;50-64;161;133;294;SEC_114
2019;406;65-74;65;60;125;SEC_406
2019;234;50-64;108;102;210;SEC_234
2019;117;00-02;22;28;50;SEC_117
2019;226;16-17;24;18;42;SEC_226
2019;401;25-34;91;96;187;SEC_401
2019;107;35-49;194;201;395;SEC_107
2019;511;03-11;107;126;233;SEC_511
2019;243;00-02;16;17;33;SEC_243
2019;302;18-24;39;50;89;SEC_302
2019;226;35-49;242;236;478;SEC_226
2019;311;00-02;18;27;45;SEC_311
2019;607;00-02;10;8;18;SEC_607
2019;234;12-15;9;15;24;SEC_234
2019;614;50-64;85;85;170;SEC_614
2019;503;75 i +;45;33;78;SEC_503
2019;418;35-49;172;173;345;SEC_418
2019;608;12-15;20;25;45;SEC_608
2019;105;18-24;30;31;61;SEC_105
2019;506;75 i +;130;104;234;SEC_506
2019;210;65-74;53;49;102;SEC_210
2019;420;65-74;87;75;162;SEC_420
2019;529;12-15;27;32;59;SEC_529
2019;518;25-34;76;79;155;SEC_518
2019;102;50-64;153;136;289;SEC_102
2019;211;75 i +;86;43;129;SEC_211
2019;531;75 i +;52;33;85;SEC_531
2019;132;50-64;246;237;483;SEC_132
2019;304;18-24;59;52;111;SEC_304
2019;139;03-11;27;38;65;SEC_139
2019;520;25-34;68;70;138;SEC_520
2019;226;18-24;73;80;153;SEC_226
2019;521;18-24;24;24;48;SEC_521
2019;126;25-34;61;50;111;SEC_126
2019;310;18-24;31;31;62;SEC_310
2019;238;18-24;47;51;98;SEC_238
2019;505;65-74;124;69;193;SEC_505
2019;126;00-02;12;5;17;SEC_126
2019;207;25-34;152;152;304;SEC_207
2019;538;16-17;10;20;30;SEC_538
2019;324;35-49;167;177;344;SEC_324
2019;514;75 i +;94;54;148;SEC_514
2019;104;03-11;33;30;63;SEC_104
2019;324;75 i +;39;26;65;SEC_324
2019;115;00-02;11;11;22;SEC_115
2019;537;03-11;57;48;105;SEC_537
2019;530;00-02;39;33;72;SEC_530
2019;228;00-02;32;31;63;SEC_228
2019;437;03-11;63;80;143;SEC_437
2019;524;12-15;26;32;58;SEC_524
2019;247;12-15;40;32;72;SEC_247
2019;323;18-24;72;68;140;SEC_323
2019;302;12-15;20;16;36;SEC_302
2019;531;25-34;90;85;175;SEC_531
2019;320;12-15;8;4;12;SEC_320
2019;432;18-24;58;59;117;SEC_432
2019;118;50-64;161;131;292;SEC_118
2019;518;65-74;57;39;96;SEC_518
2019;435;65-74;38;35;73;SEC_435
2019;409;12-15;34;45;79;SEC_409
2019;508;03-11;70;74;144;SEC_508
2019;126;50-64;83;70;153;SEC_126
2019;240;25-34;167;161;328;SEC_240
2019;307;25-34;70;85;155;SEC_307
2019;309;50-64;110;94;204;SEC_309
2019;122;65-74;47;23;70;SEC_122
2019;136;65-74;71;68;139;SEC_136
2019;427;65-74;48;38;86;SEC_427
2019;612;18-24;29;46;75;SEC_612
2019;233;03-11;47;61;108;SEC_233
2019;123;25-34;79;68;147;SEC_123
2019;115;50-64;126;130;256;SEC_115
2019;617;18-24;28;32;60;SEC_617
2019;440;00-02;13;12;25;SEC_440
2019;422;50-64;121;110;231;SEC_422
2019;403;75 i +;105;90;195;SEC_403
2019;410;75 i +;155;106;261;SEC_410
2019;301;16-17;13;13;26;SEC_301
2019;503;03-11;15;24;39;SEC_503
2019;205;65-74;57;36;93;SEC_205
2019;120;18-24;63;73;136;SEC_120
2019;432;50-64;125;112;237;SEC_432
2019;245;75 i +;69;44;113;SEC_245
2019;233;16-17;7;9;16;SEC_233
2019;107;12-15;26;38;64;SEC_107
2019;103;03-11;37;34;71;SEC_103
2019;246;75 i +;80;49;129;SEC_246
2019;132;75 i +;119;86;205;SEC_132
2019;526;16-17;19;16;35;SEC_526
2019;505;03-11;38;42;80;SEC_505
2019;426;00-02;19;14;33;SEC_426
2020;614;18-24;29;31;60;SEC_614
2020;624;16-17;11;6;17;SEC_624
2020;223;18-24;50;51;101;SEC_223
2020;122;16-17;13;9;22;SEC_122
2020;602;00-02;9;14;23;SEC_602
2020;427;25-34;145;130;275;SEC_427
2020;407;50-64;98;100;198;SEC_407
2020;435;16-17;13;6;19;SEC_435
2020;525;18-24;44;28;72;SEC_525
2020;101;65-74;77;69;146;SEC_101
2020;425;75 i +;70;43;113;SEC_425
2020;411;75 i +;101;69;170;SEC_411
2020;109;25-34;68;65;133;SEC_109
2020;533;25-34;139;160;299;SEC_533
2020;308;16-17;26;28;54;SEC_308
2020;529;50-64;128;100;228;SEC_529
2020;615;75 i +;90;64;154;SEC_615
2020;632;50-64;87;79;166;SEC_632
2020;239;12-15;14;12;26;SEC_239
2020;524;35-49;191;176;367;SEC_524
2020;606;18-24;36;44;80;SEC_606
2020;115;35-49;159;164;323;SEC_115
2020;612;18-24;30;41;71;SEC_612
2020;317;00-02;20;16;36;SEC_317
2020;328;03-11;138;157;295;SEC_328
2020;514;65-74;44;34;78;SEC_514
2020;614;75 i +;89;67;156;SEC_614
2020;111;75 i +;78;52;130;SEC_111
2020;304;25-34;170;146;316;SEC_304
2020;506;75 i +;135;104;239;SEC_506
2020;102;50-64;145;138;283;SEC_102
2020;612;03-11;36;22;58;SEC_612
2020;328;18-24;67;45;112;SEC_328
2020;117;35-49;200;204;404;SEC_117
2020;521;16-17;6;14;20;SEC_521
2020;420;65-74;95;70;165;SEC_420
2020;529;25-34;112;102;214;SEC_529
2020;625;25-34;41;49;90;SEC_625
2020;313;65-74;134;112;246;SEC_313
2020;214;65-74;72;49;121;SEC_214
2020;630;00-02;6;6;12;SEC_630
2020;306;35-49;178;190;368;SEC_306
2020;632;16-17;9;17;26;SEC_632
2020;106;75 i +;80;70;150;SEC_106
2020;107;75 i +;118;79;197;SEC_107
2020;534;50-64;82;81;163;SEC_534
2020;228;16-17;25;23;48;SEC_228
2020;122;12-15;17;20;37;SEC_122
2020;105;12-15;30;26;56;SEC_105
2020;320;03-11;24;20;44;SEC_320
2020;608;00-02;15;10;25;SEC_608
2020;133;25-34;62;58;120;SEC_133
2020;403;03-11;50;58;108;SEC_403
2020;621;35-49;154;171;325;SEC_621
2020;605;12-15;36;30;66;SEC_605
2020;104;00-02;8;14;22;SEC_104
2020;605;50-64;173;137;310;SEC_605
2020;226;50-64;190;161;351;SEC_226
2020;140;25-34;64;65;129;SEC_140
2020;243;16-17;13;18;31;SEC_243
2020;530;65-74;52;41;93;SEC_530
2020;214;50-64;219;214;433;SEC_214
2020;613;18-24;30;39;69;SEC_613
2020;614;50-64;84;87;171;SEC_614
2020;626;75 i +;79;37;116;SEC_626
2020;528;35-49;158;156;314;SEC_528
2020;532;75 i +;102;62;164;SEC_532
2020;505;00-02;9;7;16;SEC_505
2020;606;65-74;47;23;70;SEC_606
2020;310;75 i +;47;25;72;SEC_310
2020;139;65-74;60;50;110;SEC_139
2020;220;03-11;78;78;156;SEC_220
2020;304;12-15;29;25;54;SEC_304
2020;524;75 i +;71;30;101;SEC_524
2020;425;18-24;48;48;96;SEC_425
2020;213;00-02;14;17;31;SEC_213
2020;231;00-02;20;24;44;SEC_231
2020;307;35-49;132;129;261;SEC_307
2020;126;50-64;82;72;154;SEC_126
2020;127;18-24;22;26;48;SEC_127
2020;319;75 i +;56;45;101;SEC_319
2020;214;18-24;104;97;201;SEC_214
2020;529;00-02;26;21;47;SEC_529
2020;532;65-74;61;39;100;SEC_532
2020;317;16-17;14;18;32;SEC_317
2020;133;65-74;58;45;103;SEC_133
2020;321;35-49;213;206;419;SEC_321
2020;238;03-11;45;40;85;SEC_238
2020;616;12-15;61;50;111;SEC_616
2020;124;75 i +;54;39;93;SEC_124
2020;133;12-15;17;18;35;SEC_133
2020;410;65-74;99;78;177;SEC_410
2020;317;35-49;156;169;325;SEC_317
2020;517;18-24;96;124;220;SEC_517
2020;314;65-74;140;133;273;SEC_314
2020;233;16-17;5;10;15;SEC_233
2020;611;12-15;35;53;88;SEC_611
2020;525;35-49;126;132;258;SEC_525
2020;430;03-11;58;55;113;SEC_430
2020;101;18-24;62;46;108;SEC_101
2020;306;25-34;139;132;271;SEC_306
2020;631;12-15;19;19;38;SEC_631
2020;404;18-24;61;64;125;SEC_404
2020;320;65-74;78;64;142;SEC_320
2020;605;16-17;18;17;35;SEC_605
2020;204;16-17;14;10;24;SEC_204
2020;245;00-02;17;18;35;SEC_245
2020;435;75 i +;52;23;75;SEC_435
2020;329;16-17;23;15;38;SEC_329
2020;437;12-15;34;36;70;SEC_437
2020;622;03-11;28;26;54;SEC_622
2020;308;75 i +;127;90;217;SEC_308
2020;427;50-64;157;162;319;SEC_427
2020;132;03-11;92;93;185;SEC_132
2020;537;03-11;57;46;103;SEC_537
2020;249;50-64;113;107;220;SEC_249
2020;305;65-74;105;94;199;SEC_305
2020;118;35-49;169;169;338;SEC_118
2020;528;75 i +;80;53;133;SEC_528
2020;618;18-24;44;57;101;SEC_618
2020;234;12-15;10;16;26;SEC_234
2020;212;25-34;132;132;264;SEC_212
2020;237;65-74;52;40;92;SEC_237
2020;533;00-02;32;26;58;SEC_533
2020;407;18-24;64;54;118;SEC_407
2020;502;75 i +;140;91;231;SEC_502
2020;414;65-74;53;41;94;SEC_414
2020;410;03-11;69;60;129;SEC_410
2020;106;16-17;16;11;27;SEC_106
2020;116;35-49;157;161;318;SEC_116
2020;405;50-64;173;169;342;SEC_405
2020;212;12-15;29;31;60;SEC_212
2020;123;03-11;51;43;94;SEC_123
2020;315;12-15;29;41;70;SEC_315
2020;517;75 i +;96;53;149;SEC_517
2020;114;35-49;169;180;349;SEC_114
2020;414;35-49;254;280;534;SEC_414
2020;240;50-64;175;169;344;SEC_240
2020;130;12-15;24;20;44;SEC_130
2020;138;16-17;7;2;9;SEC_138
2020;537;16-17;14;9;23;SEC_537
2020;532;18-24;57;56;113;SEC_532
2020;416;16-17;16;22;38;SEC_416
2020;238;50-64;87;77;164;SEC_238
2020;127;75 i +;40;29;69;SEC_127
2020;506;65-74;178;110;288;SEC_506
2020;248;16-17;12;6;18;SEC_248
2020;326;00-02;40;46;86;SEC_326
2020;139;18-24;34;50;84;SEC_139
2020;210;16-17;10;10;20;SEC_210
2020;510;03-11;48;39;87;SEC_510
2020;537;65-74;66;50;116;SEC_537
2020;631;16-17;4;10;14;SEC_631
2020;605;00-02;15;23;38;SEC_605
2020;406;25-34;105;87;192;SEC_406
2020;137;16-17;19;9;28;SEC_137
2020;422;50-64;124;116;240;SEC_422
2020;228;75 i +;144;75;219;SEC_228
2020;513;12-15;31;31;62;SEC_513
2020;523;03-11;61;56;117;SEC_523
2020;130;35-49;131;138;269;SEC_130
2020;433;03-11;104;116;220;SEC_433
2020;117;18-24;60;64;124;SEC_117
2020;240;65-74;71;44;115;SEC_240
2020;410;35-49;189;177;366;SEC_410
2020;232;00-02;13;14;27;SEC_232
2020;217;35-49;174;220;394;SEC_217
2020;619;75 i +;126;93;219;SEC_619
2020;605;65-74;101;65;166;SEC_605
2020;510;16-17;9;7;16;SEC_510
2020;504;00-02;12;8;20;SEC_504
2020;506;50-64;162;157;319;SEC_506
2020;121;35-49;120;117;237;SEC_121
2020;406;65-74;65;51;116;SEC_406
2020;238;18-24;38;41;79;SEC_238
2020;529;18-24;50;78;128;SEC_529
2020;204;35-49;208;218;426;SEC_204
2020;432;00-02;16;12;28;SEC_432
2020;313;18-24;69;75;144;SEC_313
2020;134;00-02;14;20;34;SEC_134
2020;535;12-15;16;16;32;SEC_535
2020;307;65-74;134;112;246;SEC_307
2020;107;50-64;146;130;276;SEC_107
2020;630;03-11;27;41;68;SEC_630
2020;403;35-49;150;141;291;SEC_403
2020;517;35-49;256;273;529;SEC_517
2020;248;25-34;109;122;231;SEC_248
2020;609;18-24;26;29;55;SEC_609
2020;534;16-17;9;6;15;SEC_534
2020;101;00-02;25;24;49;SEC_101
2020;309;00-02;20;16;36;SEC_309
2020;211;16-17;9;14;23;SEC_211
2020;422;12-15;26;25;51;SEC_422
2020;615;18-24;29;27;56;SEC_615
2020;406;75 i +;85;65;150;SEC_406
2020;520;00-02;12;9;21;SEC_520
2020;122;65-74;34;25;59;SEC_122
2020;325;65-74;131;87;218;SEC_325
2020;535;35-49;86;86;172;SEC_535
2020;305;35-49;186;187;373;SEC_305
2020;502;50-64;144;156;300;SEC_502
2020;528;50-64;120;103;223;SEC_528
2020;535;18-24;24;37;61;SEC_535
2020;418;75 i +;85;62;147;SEC_418
2020;531;50-64;100;92;192;SEC_531
2020;303;65-74;98;73;171;SEC_303
2020;614;03-11;27;36;63;SEC_614
2020;528;18-24;53;53;106;SEC_528
2020;239;50-64;119;123;242;SEC_239
2020;601;50-64;200;200;400;SEC_601
2020;130;50-64;116;105;221;SEC_130
2020;114;00-02;10;16;26;SEC_114
2020;105;35-49;128;139;267;SEC_105
2020;304;75 i +;90;56;146;SEC_304
2020;224;25-34;104;105;209;SEC_224
2020;232;03-11;62;48;110;SEC_232
2020;425;03-11;47;42;89;SEC_425
2020;506;35-49;174;170;344;SEC_506
2020;134;12-15;31;28;59;SEC_134
2020;324;50-64;90;92;182;SEC_324
2020;538;65-74;60;34;94;SEC_538
2020;502;65-74;84;72;156;SEC_502
2020;327;16-17;12;10;22;SEC_327
2020;601;35-49;213;236;449;SEC_601
2020;611;75 i +;127;106;233;SEC_611
2020;308;03-11;66;77;143;SEC_308
2020;320;25-34;37;40;77;SEC_320
2020;441;75 i +;113;106;219;SEC_441
2020;419;18-24;90;93;183;SEC_419
2020;103;03-11;38;37;75;SEC_103
2020;404;03-11;61;76;137;SEC_404
2020;525;65-74;38;34;72;SEC_525
2020;328;12-15;59;55;114;SEC_328
2020;119;35-49;115;142;257;SEC_119
2020;624;25-34;55;42;97;SEC_624
2020;535;50-64;101;91;192;SEC_535
2020;245;35-49;137;145;282;SEC_245
2020;115;25-34;59;101;160;SEC_115
2020;323;03-11;66;89;155;SEC_323
2020;503;03-11;13;23;36;SEC_503
2020;423;75 i +;70;51;121;SEC_423
2020;226;65-74;93;66;159;SEC_226
2020;105;18-24;26;37;63;SEC_105
2020;513;00-02;18;29;47;SEC_513
2020;621;12-15;16;24;40;SEC_621
2020;301;35-49;153;158;311;SEC_301
2020;514;16-17;15;22;37;SEC_514
2020;503;75 i +;48;37;85;SEC_503
2020;329;65-74;38;41;79;SEC_329
2020;141;75 i +;15;10;25;SEC_141
2020;420;75 i +;122;70;192;SEC_420
2020;402;18-24;32;31;63;SEC_402
2020;426;00-02;19;11;30;SEC_426
2020;405;65-74;67;50;117;SEC_405
2020;213;03-11;50;38;88;SEC_213
2020;401;50-64;137;117;254;SEC_401
2020;212;03-11;60;69;129;SEC_212
2020;514;25-34;120;95;215;SEC_514
2020;504;75 i +;118;80;198;SEC_504
2020;418;16-17;12;16;28;SEC_418
2020;609;65-74;58;35;93;SEC_609
2020;420;35-49;233;286;519;SEC_420
2020;213;18-24;33;49;82;SEC_213
2020;507;75 i +;52;33;85;SEC_507
2020;248;50-64;129;113;242;SEC_248
2020;409;12-15;30;39;69;SEC_409
2020;104;50-64;94;98;192;SEC_104
2020;622;16-17;7;5;12;SEC_622
2020;307;12-15;22;15;37;SEC_307
2020;103;25-34;53;47;100;SEC_103
2020;118;03-11;51;69;120;SEC_118
2020;619;25-34;57;66;123;SEC_619
2020;525;50-64;78;78;156;SEC_525
2020;213;35-49;136;125;261;SEC_213
2020;217;03-11;62;61;123;SEC_217
2020;503;16-17;2;3;5;SEC_503
2020;328;65-74;29;21;50;SEC_328
2020;317;12-15;22;27;49;SEC_317
2020;110;35-49;131;124;255;SEC_110
2020;108;35-49;181;164;345;SEC_108
2020;430;65-74;33;23;56;SEC_430
2020;224;03-11;57;63;120;SEC_224
2020;409;18-24;82;82;164;SEC_409
2020;116;50-64;146;131;277;SEC_116
2020;129;12-15;15;23;38;SEC_129
2020;605;03-11;77;61;138;SEC_605
2020;246;50-64;101;103;204;SEC_246
2020;231;16-17;7;13;20;SEC_231
2020;523;65-74;53;38;91;SEC_523
2020;422;35-49;179;171;350;SEC_422
2020;301;16-17;14;15;29;SEC_301
2020;610;00-02;16;9;25;SEC_610
2020;205;35-49;106;87;193;SEC_205
2020;220;12-15;42;30;72;SEC_220
2020;122;00-02;14;13;27;SEC_122
2020;617;35-49;111;114;225;SEC_617
2020;214;16-17;20;25;45;SEC_214
2020;125;25-34;88;88;176;SEC_125
2020;617;16-17;6;17;23;SEC_617
2020;518;75 i +;88;48;136;SEC_518
2020;316;75 i +;104;65;169;SEC_316
2020;309;25-34;81;81;162;SEC_309
2020;209;18-24;48;46;94;SEC_209
2020;414;50-64;198;154;352;SEC_414
2020;123;25-34;83;83;166;SEC_123
2020;239;18-24;52;49;101;SEC_239
2020;626;50-64;75;88;163;SEC_626
2020;631;18-24;36;26;62;SEC_631
2020;112;12-15;23;29;52;SEC_112
2020;324;25-34;92;99;191;SEC_324
2020;129;65-74;56;41;97;SEC_129
2020;614;65-74;75;42;117;SEC_614
2020;612;25-34;55;54;109;SEC_612
2020;602;65-74;51;37;88;SEC_602
2020;248;00-02;11;15;26;SEC_248
2020;318;12-15;13;14;27;SEC_318
2020;436;03-11;67;75;142;SEC_436
2020;202;18-24;76;86;162;SEC_202
2020;140;50-64;122;98;220;SEC_140
2020;420;16-17;16;18;34;SEC_420
2020;426;65-74;39;33;72;SEC_426
2020;521;25-34;42;36;78;SEC_521
2020;441;03-11;70;81;151;SEC_441
2020;433;25-34;168;162;330;SEC_433
2020;433;12-15;41;40;81;SEC_433
2020;315;35-49;227;245;472;SEC_315
2020;124;25-34;71;65;136;SEC_124
2020;412;50-64;166;127;293;SEC_412
2020;405;12-15;40;23;63;SEC_405
2020;534;65-74;47;39;86;SEC_534
2020;504;35-49;126;125;251;SEC_504
2020;423;35-49;133;127;260;SEC_423
2020;138;25-34;33;45;78;SEC_138
2020;436;18-24;85;92;177;SEC_436
2020;528;12-15;27;34;61;SEC_528
2020;505;75 i +;124;120;244;SEC_505
2020;321;75 i +;137;100;237;SEC_321
2020;131;00-02;17;11;28;SEC_131
2020;201;35-49;261;271;532;SEC_201
2020;124;50-64;94;76;170;SEC_124
2020;109;75 i +;74;53;127;SEC_109
2020;420;00-02;16;39;55;SEC_420
2020;202;35-49;232;272;504;SEC_202
2020;416;03-11;64;83;147;SEC_416
2020;229;16-17;16;12;28;SEC_229
2020;223;35-49;166;176;342;SEC_223
2020;608;25-34;60;78;138;SEC_608
2020;221;00-02;25;32;57;SEC_221
2020;440;03-11;42;43;85;SEC_440
2020;123;12-15;13;22;35;SEC_123
2020;407;35-49;128;146;274;SEC_407
2020;232;16-17;9;12;21;SEC_232
2020;433;65-74;72;65;137;SEC_433
2020;105;75 i +;59;47;106;SEC_105
2020;201;03-11;92;102;194;SEC_201
2020;202;12-15;31;35;66;SEC_202
2020;431;00-02;28;27;55;SEC_431
2020;108;50-64;147;147;294;SEC_108
2020;216;18-24;56;58;114;SEC_216
2020;435;18-24;46;63;109;SEC_435
2020;318;65-74;53;47;100;SEC_318
2020;441;65-74;143;126;269;SEC_441
2020;321;00-02;21;17;38;SEC_321
2020;243;25-34;137;126;263;SEC_243
2020;305;25-34;123;104;227;SEC_305
2020;236;50-64;100;96;196;SEC_236
2020;140;65-74;52;35;87;SEC_140
2020;224;65-74;48;46;94;SEC_224
2020;611;35-49;227;240;467;SEC_611
2020;247;35-49;175;163;338;SEC_247
2020;108;18-24;66;54;120;SEC_108
2020;630;18-24;23;30;53;SEC_630
2020;508;35-49;205;194;399;SEC_508
2020;404;35-49;174;171;345;SEC_404
2020;405;25-34;154;124;278;SEC_405
2020;323;25-34;102;87;189;SEC_323
2020;311;00-02;16;25;41;SEC_311
2020;217;65-74;64;60;124;SEC_217
2020;316;00-02;16;21;37;SEC_316
2020;112;75 i +;91;50;141;SEC_112
2020;315;00-02;16;28;44;SEC_315
2020;618;25-34;45;54;99;SEC_618
2020;609;03-11;37;34;71;SEC_609
2020;129;00-02;6;12;18;SEC_129
2020;616;00-02;20;29;49;SEC_616
2020;101;16-17;21;22;43;SEC_101
2020;108;16-17;8;6;14;SEC_108
2020;237;75 i +;77;46;123;SEC_237
2020;517;16-17;13;25;38;SEC_517
2020;125;00-02;14;15;29;SEC_125
2020;607;03-11;38;33;71;SEC_607
2020;422;00-02;25;13;38;SEC_422
2020;418;03-11;73;62;135;SEC_418
2020;607;25-34;57;59;116;SEC_607
2020;513;65-74;43;38;81;SEC_513
2020;426;35-49;127;157;284;SEC_426
2020;327;00-02;14;12;26;SEC_327
2020;632;03-11;29;41;70;SEC_632
2020;622;25-34;31;41;72;SEC_622
2020;329;18-24;39;47;86;SEC_329
2020;240;35-49;239;224;463;SEC_240
2020;238;65-74;37;32;69;SEC_238
2020;226;75 i +;118;78;196;SEC_226
2020;621;65-74;143;112;255;SEC_621
2020;131;18-24;27;42;69;SEC_131
2020;229;03-11;85;102;187;SEC_229
2020;302;00-02;15;11;26;SEC_302
2020;416;35-49;211;176;387;SEC_416
2020;531;03-11;39;42;81;SEC_531
2020;427;18-24;66;75;141;SEC_427
2020;224;50-64;138;106;244;SEC_224
2020;316;35-49;185;224;409;SEC_316
2020;623;50-64;119;112;231;SEC_623
2020;307;00-02;11;8;19;SEC_307
2020;121;75 i +;60;29;89;SEC_121
2020;327;75 i +;44;33;77;SEC_327
2020;137;50-64;168;144;312;SEC_137
2020;106;12-15;24;22;46;SEC_106
2020;113;18-24;47;54;101;SEC_113
2020;605;18-24;49;44;93;SEC_605
2020;305;03-11;53;56;109;SEC_305
2020;217;25-34;122;120;242;SEC_217
2020;249;00-02;8;16;24;SEC_249
2020;123;75 i +;91;64;155;SEC_123
2020;207;00-02;13;32;45;SEC_207
2020;213;12-15;15;24;39;SEC_213
2020;530;12-15;25;49;74;SEC_530
2020;119;50-64;117;96;213;SEC_119
2020;104;16-17;2;12;14;SEC_104
2020;613;50-64;98;106;204;SEC_613
2020;501;03-11;24;31;55;SEC_501
2020;614;16-17;11;10;21;SEC_614
2020;209;16-17;10;13;23;SEC_209
2020;321;16-17;19;18;37;SEC_321
2020;127;35-49;96;82;178;SEC_127
2020;609;12-15;14;23;37;SEC_609
2020;606;16-17;13;10;23;SEC_606
2020;615;12-15;15;14;29;SEC_615
2020;402;75 i +;56;43;99;SEC_402
2020;204;25-34;127;123;250;SEC_204
2020;128;75 i +;66;41;107;SEC_128
2020;414;18-24;78;99;177;SEC_414
2020;141;00-02;37;44;81;SEC_141
2020;216;50-64;117;105;222;SEC_216
2020;302;12-15;23;16;39;SEC_302
2020;314;03-11;102;106;208;SEC_314
2020;328;50-64;100;118;218;SEC_328
2020;205;18-24;41;50;91;SEC_205
2020;513;50-64;134;137;271;SEC_513
2020;510;12-15;17;18;35;SEC_510
2020;224;16-17;12;8;20;SEC_224
2020;221;03-11;77;85;162;SEC_221
2020;618;75 i +;114;89;203;SEC_618
2020;240;03-11;93;73;166;SEC_240
2020;120;25-34;115;113;228;SEC_120
2020;210;35-49;106;88;194;SEC_210
2020;137;35-49;171;147;318;SEC_137
2020;112;00-02;18;22;40;SEC_112
2020;213;50-64;99;79;178;SEC_213
2020;207;16-17;15;21;36;SEC_207
2020;423;03-11;58;63;121;SEC_423
2020;537;18-24;61;48;109;SEC_537
2020;103;65-74;39;37;76;SEC_103
2020;236;00-02;13;7;20;SEC_236
2020;402;35-49;111;106;217;SEC_402
2020;113;25-34;109;124;233;SEC_113
2020;329;12-15;42;55;97;SEC_329
2020;245;75 i +;69;39;108;SEC_245
2020;126;25-34;58;48;106;SEC_126
2020;238;12-15;18;23;41;SEC_238
2020;425;65-74;38;30;68;SEC_425
2020;201;16-17;12;21;33;SEC_201
2020;538;16-17;15;20;35;SEC_538
2020;526;12-15;36;48;84;SEC_526
2020;125;35-49;193;193;386;SEC_125
2020;210;75 i +;77;43;120;SEC_210
2020;114;75 i +;124;89;213;SEC_114
2020;204;12-15;31;32;63;SEC_204
2020;619;00-02;15;5;20;SEC_619
2020;216;16-17;16;18;34;SEC_216
2020;435;03-11;69;64;133;SEC_435
2020;135;03-11;50;71;121;SEC_135
2020;307;25-34;64;77;141;SEC_307
2020;631;50-64;80;77;157;SEC_631
2020;108;75 i +;76;56;132;SEC_108
2020;202;75 i +;82;61;143;SEC_202
2020;305;18-24;63;69;132;SEC_305
2020;436;12-15;19;23;42;SEC_436
2020;226;35-49;239;223;462;SEC_226
2020;609;75 i +;74;69;143;SEC_609
2020;310;16-17;7;7;14;SEC_310
2020;538;35-49;168;162;330;SEC_538
2020;504;50-64;76;88;164;SEC_504
2020;124;03-11;32;27;59;SEC_124
2020;123;65-74;71;67;138;SEC_123
2020;128;50-64;86;89;175;SEC_128
2020;403;25-34;84;88;172;SEC_403
2020;626;03-11;31;37;68;SEC_626
2020;525;12-15;26;13;39;SEC_525
2020;221;35-49;235;283;518;SEC_221
2020;308;12-15;49;34;83;SEC_308
2020;524;12-15;27;29;56;SEC_524
2020;504;65-74;64;44;108;SEC_504
2020;242;50-64;122;116;238;SEC_242
2020;431;65-74;55;57;112;SEC_431
2020;532;35-49;171;180;351;SEC_532
2020;322;50-64;113;100;213;SEC_322
2020;246;25-34;102;104;206;SEC_246
2020;322;75 i +;80;43;123;SEC_322
2020;325;35-49;191;184;375;SEC_325
2020;139;75 i +;52;39;91;SEC_139
2020;233;25-34;90;98;188;SEC_233
2020;301;12-15;34;26;60;SEC_301
2020;104;75 i +;67;40;107;SEC_104
2020;249;35-49;133;138;271;SEC_249
2020;530;16-17;12;19;31;SEC_530
2020;404;75 i +;90;54;144;SEC_404
2020;418;25-34;111;112;223;SEC_418
2020;323;00-02;12;18;30;SEC_323
2020;418;35-49;172;177;349;SEC_418
2020;401;12-15;28;29;57;SEC_401
2020;501;50-64;99;102;201;SEC_501
2020;325;12-15;35;32;67;SEC_325
2020;401;75 i +;84;52;136;SEC_401
2020;314;12-15;37;43;80;SEC_314
2020;624;00-02;7;11;18;SEC_624
2020;523;18-24;58;57;115;SEC_523
2020;513;25-34;117;127;244;SEC_513
2020;205;12-15;16;18;34;SEC_205
2020;440;00-02;7;11;18;SEC_440
2020;309;03-11;58;67;125;SEC_309
2020;324;12-15;20;16;36;SEC_324
2020;221;75 i +;122;77;199;SEC_221
2020;319;03-11;70;90;160;SEC_319
2020;534;00-02;12;15;27;SEC_534
2020;303;00-02;14;22;36;SEC_303
2020;617;25-34;57;52;109;SEC_617
2020;622;12-15;13;15;28;SEC_622
2020;138;65-74;58;57;115;SEC_138
2020;402;25-34;86;74;160;SEC_402
2020;226;12-15;38;29;67;SEC_226
2020;125;18-24;43;63;106;SEC_125
2020;505;65-74;112;52;164;SEC_505
2020;105;25-34;64;78;142;SEC_105
2020;248;75 i +;67;44;111;SEC_248
2020;625;03-11;33;31;64;SEC_625
2020;630;75 i +;51;36;87;SEC_630
2020;523;00-02;24;20;44;SEC_523
2020;239;25-34;82;108;190;SEC_239
2020;234;03-11;41;40;81;SEC_234
2020;530;35-49;274;265;539;SEC_530
2020;217;16-17;15;19;34;SEC_217
2020;207;50-64;222;166;388;SEC_207
2020;318;50-64;108;86;194;SEC_318
2020;411;65-74;51;36;87;SEC_411
2020;605;35-49;168;172;340;SEC_605
2020;237;03-11;68;63;131;SEC_237
2020;104;35-49;124;115;239;SEC_104
2020;418;12-15;45;31;76;SEC_418
2020;503;18-24;19;21;40;SEC_503
2020;431;25-34;137;143;280;SEC_431
2020;324;35-49;158;183;341;SEC_324
2020;610;12-15;19;18;37;SEC_610
2020;247;25-34;106;109;215;SEC_247
2020;514;75 i +;98;53;151;SEC_514
2020;525;25-34;73;73;146;SEC_525
2020;510;65-74;60;35;95;SEC_510
2020;313;25-34;120;123;243;SEC_313
2020;404;50-64;135;128;263;SEC_404
2020;421;75 i +;97;73;170;SEC_421
2020;320;00-02;6;10;16;SEC_320
2020;524;16-17;14;11;25;SEC_524
2020;213;16-17;14;14;28;SEC_213
2020;421;12-15;25;25;50;SEC_421
2020;617;12-15;16;20;36;SEC_617
2020;430;00-02;24;14;38;SEC_430
2020;621;18-24;35;50;85;SEC_621
2020;507;00-02;13;12;25;SEC_507
2020;625;50-64;131;97;228;SEC_625
2020;220;35-49;242;210;452;SEC_220
2020;324;16-17;16;15;31;SEC_324
2020;327;25-34;77;72;149;SEC_327
2020;317;03-11;48;55;103;SEC_317
2020;201;25-34;131;128;259;SEC_201
2020;612;50-64;79;82;161;SEC_612
2020;234;35-49;138;153;291;SEC_234
2020;210;65-74;50;44;94;SEC_210
2020;234;00-02;12;13;25;SEC_234
2020;312;25-34;162;132;294;SEC_312
2020;209;35-49;144;121;265;SEC_209
2020;135;35-49;158;177;335;SEC_135
2020;537;00-02;14;7;21;SEC_537
2020;228;12-15;37;58;95;SEC_228
2020;221;16-17;18;21;39;SEC_221
2020;207;03-11;72;74;146;SEC_207
2020;528;00-02;13;20;33;SEC_528
2020;127;16-17;8;7;15;SEC_127
2020;430;18-24;42;60;102;SEC_430
2020;307;75 i +;116;74;190;SEC_307
2020;623;35-49;151;163;314;SEC_623
2020;323;18-24;67;70;137;SEC_323
2020;141;18-24;32;34;66;SEC_141
2020;619;18-24;36;42;78;SEC_619
2020;120;12-15;18;40;58;SEC_120
2020;105;65-74;87;70;157;SEC_105
2020;126;35-49;123;115;238;SEC_126
2020;303;16-17;16;10;26;SEC_303
2020;102;16-17;17;17;34;SEC_102
2020;533;65-74;74;51;125;SEC_533
2020;309;65-74;64;40;104;SEC_309
2020;501;00-02;9;6;15;SEC_501
2020;242;75 i +;75;57;132;SEC_242
2020;306;50-64;177;151;328;SEC_306
2020;128;65-74;53;40;93;SEC_128
2020;419;03-11;96;106;202;SEC_419
2020;322;00-02;16;21;37;SEC_322
2020;406;18-24;71;51;122;SEC_406
2020;133;50-64;90;84;174;SEC_133
2020;502;00-02;30;15;45;SEC_502
2020;524;65-74;45;42;87;SEC_524
2020;437;03-11;65;94;159;SEC_437
2020;407;00-02;12;14;26;SEC_407
2020;237;50-64;140;118;258;SEC_237
2020;239;00-02;14;15;29;SEC_239
2020;305;75 i +;75;54;129;SEC_305
2020;106;65-74;165;126;291;SEC_106
2020;124;35-49;98;92;190;SEC_124
2020;618;03-11;30;34;64;SEC_618
2020;617;00-02;7;7;14;SEC_617
2020;304;65-74;71;46;117;SEC_304
2020;410;12-15;32;23;55;SEC_410
2020;301;18-24;30;43;73;SEC_301
2020;534;35-49;130;133;263;SEC_534
2020;427;00-02;27;31;58;SEC_427
2020;220;18-24;57;61;118;SEC_220
2020;430;12-15;33;26;59;SEC_430
2020;245;18-24;43;51;94;SEC_245
2020;423;16-17;12;10;22;SEC_423
2020;538;12-15;19;30;49;SEC_538
2020;303;75 i +;158;117;275;SEC_303
2020;432;12-15;31;24;55;SEC_432
2020;520;16-17;5;12;17;SEC_520
2020;129;16-17;13;11;24;SEC_129
2020;435;35-49;136;173;309;SEC_435
2020;425;50-64;115;113;228;SEC_425
2020;611;16-17;23;19;42;SEC_611
2020;140;12-15;16;24;40;SEC_140
2020;530;18-24;58;70;128;SEC_530
2020;329;35-49;273;254;527;SEC_329
2020;238;35-49;129;140;269;SEC_238
2020;117;25-34;102;89;191;SEC_117
2020;320;00-02;10;16;26;SEC_320
2020;217;75 i +;71;44;115;SEC_217
2020;523;12-15;24;29;53;SEC_523
2020;314;35-49;287;297;584;SEC_314
2020;223;50-64;127;110;237;SEC_223
2020;210;03-11;29;31;60;SEC_210
2020;525;00-02;13;12;25;SEC_525
2020;535;00-02;7;6;13;SEC_535
2020;324;75 i +;44;25;69;SEC_324
2020;404;65-74;64;52;116;SEC_404
2020;422;25-34;98;95;193;SEC_422
2020;532;03-11;54;66;120;SEC_532
2020;217;18-24;54;65;119;SEC_217
2020;513;18-24;56;73;129;SEC_513
2020;326;12-15;35;30;65;SEC_326
2020;409;75 i +;118;87;205;SEC_409
2020;420;25-34;170;184;354;SEC_420
2020;233;35-49;146;144;290;SEC_233
2020;208;75 i +;209;104;313;SEC_208
2020;437;25-34;120;123;243;SEC_437
2020;534;12-15;14;21;35;SEC_534
2020;138;50-64;98;65;163;SEC_138
2020;236;18-24;28;40;68;SEC_236
2020;247;75 i +;73;48;121;SEC_247
2020;510;18-24;45;41;86;SEC_510
2020;103;16-17;5;5;10;SEC_103
2020;238;75 i +;52;38;90;SEC_238
2020;611;18-24;57;56;113;SEC_611
2020;302;25-34;102;96;198;SEC_302
2020;601;25-34;105;129;234;SEC_601
2020;437;18-24;70;92;162;SEC_437
2020;431;35-49;225;246;471;SEC_431
2020;127;12-15;17;19;36;SEC_127
2020;529;12-15;26;34;60;SEC_529
2020;440;12-15;15;16;31;SEC_440
2020;433;75 i +;62;40;102;SEC_433
2020;410;25-34;97;107;204;SEC_410
2020;232;12-15;9;22;31;SEC_232
2020;616;03-11;94;98;192;SEC_616
2020;513;03-11;78;92;170;SEC_513
2020;314;75 i +;96;74;170;SEC_314
2020;538;50-64;138;118;256;SEC_538
2020;140;00-02;11;14;25;SEC_140
2020;510;35-49;114;137;251;SEC_510
2020;513;75 i +;102;64;166;SEC_513
2020;430;25-34;98;94;192;SEC_430
2020;311;50-64;145;146;291;SEC_311
2020;325;18-24;59;68;127;SEC_325
2020;213;25-34;75;91;166;SEC_213
2020;507;18-24;23;44;67;SEC_507
2020;103;12-15;13;9;22;SEC_103
2020;616;35-49;256;226;482;SEC_616
2020;506;18-24;54;67;121;SEC_506
2020;315;75 i +;74;58;132;SEC_315
2020;518;12-15;26;22;48;SEC_518
2020;624;12-15;22;30;52;SEC_624
2020;125;50-64;154;160;314;SEC_125
2020;128;25-34;70;75;145;SEC_128
2020;310;18-24;34;31;65;SEC_310
2020;602;18-24;43;54;97;SEC_602
2020;138;12-15;8;15;23;SEC_138
2020;632;35-49;109;125;234;SEC_632
2020;312;03-11;69;65;134;SEC_312
2020;208;16-17;10;12;22;SEC_208
2020;243;00-02;18;19;37;SEC_243
2020;524;25-34;106;129;235;SEC_524
2020;216;25-34;104;91;195;SEC_216
2020;121;50-64;94;99;193;SEC_121
2020;242;12-15;12;26;38;SEC_242
2020;627;50-64;84;69;153;SEC_627
2020;613;65-74;69;28;97;SEC_613
2020;104;18-24;30;33;63;SEC_104
2020;102;12-15;31;25;56;SEC_102
2020;616;50-64;250;223;473;SEC_616
2020;404;12-15;35;21;56;SEC_404
2020;403;65-74;72;42;114;SEC_403
2020;308;65-74;126;114;240;SEC_308
2020;202;00-02;30;26;56;SEC_202
2020;610;18-24;39;50;89;SEC_610
2020;138;35-49;84;77;161;SEC_138
2020;616;18-24;84;101;185;SEC_616
2020;310;65-74;51;57;108;SEC_310
2020;321;25-34;116;158;274;SEC_321
2020;320;18-24;61;50;111;SEC_320
2020;320;75 i +;3;5;8;SEC_320
2020;406;12-15;16;30;46;SEC_406
2020;211;75 i +;77;41;118;SEC_211
2020;304;16-17;17;8;25;SEC_304
2020;503;00-02;3;4;7;SEC_503
2020;411;12-15;14;18;32;SEC_411
2020;303;35-49;206;205;411;SEC_303
2020;502;25-34;97;87;184;SEC_502
2020;120;65-74;117;108;225;SEC_120
2020;237;25-34;112;113;225;SEC_237
2020;211;65-74;33;31;64;SEC_211
2020;313;75 i +;107;75;182;SEC_313
2020;314;00-02;19;30;49;SEC_314
2020;217;12-15;20;24;44;SEC_217
2020;115;18-24;50;48;98;SEC_115
2020;625;00-02;11;6;17;SEC_625
2020;231;35-49;184;192;376;SEC_231
2020;436;00-02;24;34;58;SEC_436
2020;511;25-34;187;194;381;SEC_511
2020;505;25-34;68;54;122;SEC_505
2020;246;65-74;43;35;78;SEC_246
2020;416;18-24;60;61;121;SEC_416
2020;320;16-17;0;1;1;SEC_320
2020;538;00-02;9;15;24;SEC_538
2020;440;25-34;58;80;138;SEC_440
2020;601;03-11;67;87;154;SEC_601
2020;508;12-15;36;40;76;SEC_508
2020;311;03-11;73;89;162;SEC_311
2020;129;18-24;29;52;81;SEC_129
2020;611;03-11;74;83;157;SEC_611
2020;101;35-49;210;231;441;SEC_101
2020;140;03-11;52;44;96;SEC_140
2020;423;25-34;99;81;180;SEC_423
2020;631;35-49;114;108;222;SEC_631
2020;129;35-49;129;129;258;SEC_129
2020;625;12-15;13;19;32;SEC_625
2020;124;16-17;10;6;16;SEC_124
2020;108;03-11;62;67;129;SEC_108
2020;302;50-64;133;117;250;SEC_302
2020;441;16-17;22;24;46;SEC_441
2020;419;00-02;23;37;60;SEC_419
2020;205;16-17;9;11;20;SEC_205
2020;125;16-17;13;15;28;SEC_125
2020;325;03-11;51;67;118;SEC_325
2020;127;65-74;29;31;60;SEC_127
2020;242;18-24;49;64;113;SEC_242
2020;137;75 i +;76;68;144;SEC_137
2020;317;75 i +;40;24;64;SEC_317
2020;407;25-34;89;89;178;SEC_407
2020;329;03-11;105;118;223;SEC_329
2020;311;65-74;69;41;110;SEC_311
2020;401;16-17;15;10;25;SEC_401
2020;414;03-11;97;94;191;SEC_414
2020;612;65-74;48;33;81;SEC_612
2020;313;50-64;208;151;359;SEC_313
2020;611;65-74;66;46;112;SEC_611
2020;110;03-11;39;38;77;SEC_110
2020;435;50-64;96;118;214;SEC_435
2020;524;00-02;25;19;44;SEC_524
2020;528;65-74;49;36;85;SEC_528
2020;228;25-34;200;188;388;SEC_228
2020;314;16-17;17;21;38;SEC_314
2020;630;16-17;9;8;17;SEC_630
2020;433;35-49;223;225;448;SEC_433
2020;626;65-74;62;46;108;SEC_626
2020;304;18-24;45;52;97;SEC_304
2020;529;65-74;41;33;74;SEC_529
2020;626;35-49;104;101;205;SEC_626
2020;601;12-15;42;43;85;SEC_601
2020;329;75 i +;20;24;44;SEC_329
2020;538;75 i +;98;54;152;SEC_538
2020;125;65-74;105;77;182;SEC_125
2020;116;12-15;32;18;50;SEC_116
2020;607;75 i +;122;87;209;SEC_607
2020;104;65-74;41;30;71;SEC_104
2020;502;12-15;26;24;50;SEC_502
2020;623;12-15;33;33;66;SEC_623
2020;416;50-64;127;137;264;SEC_416
2020;518;65-74;49;38;87;SEC_518
2020;405;75 i +;148;87;235;SEC_405
2020;412;12-15;26;31;57;SEC_412
2020;113;65-74;136;119;255;SEC_113
2020;410;50-64;177;157;334;SEC_410
2020;623;75 i +;106;82;188;SEC_623
2020;440;16-17;14;9;23;SEC_440
2020;132;35-49;276;306;582;SEC_132
2020;511;65-74;85;50;135;SEC_511
2020;319;18-24;58;68;126;SEC_319
2020;618;50-64;138;119;257;SEC_618
2020;324;18-24;45;43;88;SEC_324
2020;404;25-34;107;103;210;SEC_404
2020;416;00-02;19;26;45;SEC_416
2020;508;00-02;20;25;45;SEC_508
2020;115;00-02;10;10;20;SEC_115
2020;621;16-17;14;16;30;SEC_621
2020;501;35-49;98;116;214;SEC_501
2020;626;12-15;14;14;28;SEC_626
2020;141;25-34;61;65;126;SEC_141
2020;326;16-17;15;9;24;SEC_326
2020;502;35-49;182;166;348;SEC_502
2020;327;50-64;144;125;269;SEC_327
2020;419;65-74;65;46;111;SEC_419
2020;221;65-74;80;59;139;SEC_221
2020;508;50-64;143;140;283;SEC_508
2020;501;18-24;40;38;78;SEC_501
2020;121;03-11;36;45;81;SEC_121
2020;617;75 i +;66;42;108;SEC_617
2020;106;35-49;179;183;362;SEC_106
2020;128;35-49;155;152;307;SEC_128
2020;229;50-64;184;178;362;SEC_229
2020;531;35-49;121;132;253;SEC_531
2020;609;25-34;41;36;77;SEC_609
2020;525;16-17;7;6;13;SEC_525
2020;131;65-74;114;94;208;SEC_131
2020;610;03-11;43;48;91;SEC_610
2020;121;12-15;12;22;34;SEC_121
2020;136;16-17;12;13;25;SEC_136
2020;240;18-24;72;74;146;SEC_240
2020;319;35-49;245;229;474;SEC_319
2020;437;16-17;15;21;36;SEC_437
2020;236;35-49;122;124;246;SEC_236
2020;618;35-49;84;90;174;SEC_618
2020;518;35-49;141;137;278;SEC_518
2020;613;25-34;56;59;115;SEC_613
2020;432;18-24;48;67;115;SEC_432
2020;326;75 i +;8;9;17;SEC_326
2020;632;18-24;39;27;66;SEC_632
2020;323;50-64;191;171;362;SEC_323
2020;111;12-15;14;18;32;SEC_111
2020;526;35-49;287;292;579;SEC_526
2020;238;25-34;83;102;185;SEC_238
2020;508;18-24;70;52;122;SEC_508
2020;301;03-11;53;48;101;SEC_301
2020;136;00-02;10;14;24;SEC_136
2020;316;03-11;54;83;137;SEC_316
2020;220;16-17;16;19;35;SEC_220
2020;115;75 i +;71;52;123;SEC_115
2020;436;65-74;50;56;106;SEC_436
2020;223;00-02;14;15;29;SEC_223
2020;521;00-02;11;11;22;SEC_521
2020;320;25-34;68;67;135;SEC_320
2020;511;35-49;296;312;608;SEC_511
2020;320;16-17;29;18;47;SEC_320
2020;318;25-34;38;49;87;SEC_318
2020;526;65-74;58;50;108;SEC_526
2020;229;65-74;53;33;86;SEC_229
2020;420;12-15;47;35;82;SEC_420
2020;205;75 i +;69;42;111;SEC_205
2020;303;50-64;131;127;258;SEC_303
2020;520;25-34;58;68;126;SEC_520
2020;131;50-64;120;112;232;SEC_131
2020;315;50-64;198;172;370;SEC_315
2020;202;50-64;164;163;327;SEC_202
2020;310;35-49;108;126;234;SEC_310
2020;325;16-17;18;15;33;SEC_325
2020;120;75 i +;67;57;124;SEC_120
2020;503;50-64;94;60;154;SEC_503
2020;329;00-02;21;30;51;SEC_329
2020;405;16-17;13;13;26;SEC_405
2020;205;00-02;11;5;16;SEC_205
2020;621;50-64;124;97;221;SEC_621
2020;601;00-02;21;12;33;SEC_601
2020;127;03-11;27;26;53;SEC_127
2020;126;18-24;44;37;81;SEC_126
2020;121;16-17;12;4;16;SEC_121
2020;139;12-15;14;20;34;SEC_139
2020;507;50-64;77;77;154;SEC_507
2020;221;25-34;166;171;337;SEC_221
2020;532;12-15;24;25;49;SEC_532
2020;607;16-17;12;4;16;SEC_607
2020;113;03-11;75;80;155;SEC_113
2020;411;00-02;10;9;19;SEC_411
2020;120;03-11;67;53;120;SEC_120
2020;414;00-02;29;26;55;SEC_414
2020;532;25-34;131;100;231;SEC_532
2020;133;03-11;38;32;70;SEC_133
2020;623;16-17;8;21;29;SEC_623
2020;220;25-34;163;157;320;SEC_220
2020;619;12-15;19;25;44;SEC_619
2020;423;65-74;41;34;75;SEC_423
2020;426;75 i +;41;24;65;SEC_426
2020;243;50-64;184;169;353;SEC_243
2020;606;12-15;26;20;46;SEC_606
2020;411;16-17;6;14;20;SEC_411
2020;619;03-11;49;50;99;SEC_619
2020;247;03-11;59;72;131;SEC_247
2020;211;50-64;132;113;245;SEC_211
2020;114;03-11;44;66;110;SEC_114
2020;623;25-34;64;62;126;SEC_623
2020;502;03-11;80;71;151;SEC_502
2020;426;25-34;90;84;174;SEC_426
2020;632;00-02;3;8;11;SEC_632
2020;505;18-24;22;27;49;SEC_505
2020;425;35-49;136;117;253;SEC_425
2020;441;12-15;33;37;70;SEC_441
2020;505;12-15;22;23;45;SEC_505
2020;521;75 i +;94;87;181;SEC_521
2020;537;75 i +;92;63;155;SEC_537
2020;441;00-02;25;23;48;SEC_441
2020;228;50-64;189;207;396;SEC_228
2020;107;35-49;183;201;384;SEC_107
2020;126;12-15;15;18;33;SEC_126
2020;231;18-24;68;77;145;SEC_231
2020;204;00-02;20;25;45;SEC_204
2020;229;12-15;32;54;86;SEC_229
2020;407;03-11;47;59;106;SEC_407
2020;325;50-64;212;170;382;SEC_325
2020;627;00-02;7;10;17;SEC_627
2020;613;00-02;15;11;26;SEC_613
2020;632;65-74;48;38;86;SEC_632
2020;514;03-11;55;60;115;SEC_514
2020;131;35-49;143;159;302;SEC_131
2020;440;75 i +;85;77;162;SEC_440
2020;405;18-24;91;99;190;SEC_405
2020;117;50-64;219;206;425;SEC_117
2020;249;16-17;7;8;15;SEC_249
2020;518;00-02;17;20;37;SEC_518
2020;128;12-15;19;26;45;SEC_128
2020;504;25-34;69;50;119;SEC_504
2020;119;12-15;21;20;41;SEC_119
2020;234;25-34;101;119;220;SEC_234
2020;109;00-02;10;7;17;SEC_109
2020;210;00-02;6;6;12;SEC_210
2020;238;00-02;13;15;28;SEC_238
2020;113;12-15;32;43;75;SEC_113
2020;131;12-15;21;26;47;SEC_131
2020;135;18-24;53;42;95;SEC_135
2020;312;35-49;259;265;524;SEC_312
2020;513;35-49;202;196;398;SEC_513
2020;614;35-49;98;107;205;SEC_614
2020;246;00-02;15;18;33;SEC_246
2020;402;00-02;15;16;31;SEC_402
2020;140;16-17;6;15;21;SEC_140
2020;606;75 i +;80;54;134;SEC_606
2020;421;50-64;132;117;249;SEC_421
2020;322;16-17;10;19;29;SEC_322
2020;212;18-24;70;73;143;SEC_212
2020;410;16-17;10;17;27;SEC_410
2020;246;03-11;64;47;111;SEC_246
2020;608;03-11;56;49;105;SEC_608
2020;123;16-17;13;13;26;SEC_123
2020;209;12-15;20;15;35;SEC_209
2020;615;03-11;32;29;61;SEC_615
2020;421;16-17;15;6;21;SEC_421
2020;245;50-64;100;108;208;SEC_245
2020;124;12-15;17;26;43;SEC_124
2020;407;65-74;41;22;63;SEC_407
2020;102;75 i +;149;118;267;SEC_102
2020;111;50-64;94;76;170;SEC_111
2020;233;00-02;17;10;27;SEC_233
2020;605;25-34;78;67;145;SEC_605
2020;224;18-24;52;52;104;SEC_224
2020;615;35-49;102;88;190;SEC_615
2020;510;25-34;69;74;143;SEC_510
2020;412;03-11;43;67;110;SEC_412
2020;518;18-24;40;47;87;SEC_518
2020;504;12-15;12;21;33;SEC_504
2020;518;16-17;7;12;19;SEC_518
2020;513;16-17;15;13;28;SEC_513
2020;521;18-24;21;27;48;SEC_521
2020;306;18-24;60;66;126;SEC_306
2020;236;65-74;44;30;74;SEC_236
2020;626;00-02;7;15;22;SEC_626
2020;121;00-02;6;18;24;SEC_121
2020;109;16-17;10;7;17;SEC_109
2020;402;50-64;90;79;169;SEC_402
2020;437;35-49;208;206;414;SEC_437
2020;133;16-17;5;8;13;SEC_133
2020;231;03-11;68;73;141;SEC_231
2020;112;35-49;206;192;398;SEC_112
2020;601;18-24;57;67;124;SEC_601
2020;130;75 i +;100;51;151;SEC_130
2020;322;12-15;39;31;70;SEC_322
2020;115;16-17;11;13;24;SEC_115
2020;304;50-64;149;156;305;SEC_304
2020;526;18-24;88;74;162;SEC_526
2020;329;50-64;150;146;296;SEC_329
2020;234;75 i +;59;40;99;SEC_234
2020;531;12-15;16;19;35;SEC_531
2020;534;18-24;33;43;76;SEC_534
2020;607;50-64;109;98;207;SEC_607
2020;608;18-24;47;43;90;SEC_608
2020;119;18-24;27;32;59;SEC_119
2020;436;35-49;191;223;414;SEC_436
2020;403;00-02;13;11;24;SEC_403
2020;325;00-02;14;13;27;SEC_325
2020;532;00-02;19;18;37;SEC_532
2020;135;50-64;161;148;309;SEC_135
2020;208;18-24;58;63;121;SEC_208
2020;401;00-02;16;10;26;SEC_401
2020;621;03-11;50;55;105;SEC_621
2020;319;00-02;18;26;44;SEC_319
2020;105;16-17;15;10;25;SEC_105
2020;416;12-15;27;39;66;SEC_416
2020;602;03-11;49;62;111;SEC_602
2020;613;35-49;139;132;271;SEC_613
2020;234;18-24;40;51;91;SEC_234
2020;209;50-64;137;101;238;SEC_209
2020;237;00-02;21;21;42;SEC_237
2020;127;50-64;103;85;188;SEC_127
2020;410;75 i +;160;108;268;SEC_410
2020;125;75 i +;82;72;154;SEC_125
2020;435;00-02;14;22;36;SEC_435
2020;412;75 i +;137;97;234;SEC_412
2020;115;65-74;84;68;152;SEC_115
2020;109;03-11;49;40;89;SEC_109
2020;116;18-24;60;55;115;SEC_116
2020;619;16-17;14;10;24;SEC_619
2020;401;25-34;104;99;203;SEC_401
2020;208;35-49;160;166;326;SEC_208
2020;111;35-49;82;87;169;SEC_111
2020;233;75 i +;58;26;84;SEC_233
2020;503;35-49;76;76;152;SEC_503
2020;214;75 i +;112;64;176;SEC_214
2020;248;65-74;45;40;85;SEC_248
2020;311;25-34;117;106;223;SEC_311
2020;325;75 i +;182;109;291;SEC_325
2020;612;16-17;7;12;19;SEC_612
2020;419;12-15;36;51;87;SEC_419
2020;117;12-15;35;38;73;SEC_117
2020;136;12-15;23;24;47;SEC_136
2020;414;16-17;14;16;30;SEC_414
2020;323;35-49;215;221;436;SEC_323
2020;610;16-17;12;12;24;SEC_610
2020;532;16-17;17;16;33;SEC_532
2020;228;03-11;115;92;207;SEC_228
2020;102;18-24;50;52;102;SEC_102
2020;224;75 i +;71;23;94;SEC_224
2020;626;25-34;45;47;92;SEC_626
2020;406;00-02;19;24;43;SEC_406
2020;414;12-15;47;43;90;SEC_414
2020;436;50-64;164;160;324;SEC_436
2020;212;75 i +;75;45;120;SEC_212
2020;610;50-64;106;96;202;SEC_610
2020;411;03-11;39;35;74;SEC_411
2020;109;18-24;43;37;80;SEC_109
2020;212;50-64;133;121;254;SEC_212
2020;129;03-11;33;51;84;SEC_129
2020;137;25-34;76;76;152;SEC_137
2020;234;65-74;32;18;50;SEC_234
2020;322;03-11;47;74;121;SEC_322
2020;214;00-02;35;29;64;SEC_214
2020;216;00-02;7;17;24;SEC_216
2020;510;50-64;113;110;223;SEC_510
2020;613;12-15;19;26;45;SEC_613
2020;315;65-74;93;93;186;SEC_315
2020;435;65-74;39;33;72;SEC_435
2020;138;03-11;28;28;56;SEC_138
2020;423;50-64;113;85;198;SEC_423
2020;121;25-34;53;53;106;SEC_121
2020;532;50-64;129;101;230;SEC_532
2020;622;00-02;11;4;15;SEC_622
2020;231;50-64;133;122;255;SEC_231
2020;622;50-64;87;87;174;SEC_622
2020;232;75 i +;78;51;129;SEC_232
2020;103;50-64;83;77;160;SEC_103
2020;229;35-49;261;266;527;SEC_229
2020;141;16-17;26;19;45;SEC_141
2020;113;50-64;172;151;323;SEC_113
2020;514;00-02;17;21;38;SEC_514
2020;114;65-74;100;77;177;SEC_114
2020;312;65-74;103;53;156;SEC_312
2020;214;35-49;319;321;640;SEC_214
2020;316;50-64;258;169;427;SEC_316
2020;409;16-17;16;26;42;SEC_409
2020;419;75 i +;116;62;178;SEC_419
2020;326;35-49;326;337;663;SEC_326
2020;211;03-11;68;64;132;SEC_211
2020;328;16-17;54;15;69;SEC_328
2020;420;50-64;226;208;434;SEC_420
2020;119;00-02;11;5;16;SEC_119
2020;208;00-02;12;13;25;SEC_208
2020;104;12-15;23;18;41;SEC_104
2020;617;03-11;36;52;88;SEC_617
2020;138;75 i +;57;44;101;SEC_138
2020;123;00-02;12;10;22;SEC_123
2020;228;18-24;92;106;198;SEC_228
2020;410;18-24;63;91;154;SEC_410
2020;441;25-34;147;135;282;SEC_441
2020;119;75 i +;118;82;200;SEC_119
2020;134;35-49;163;168;331;SEC_134
2020;119;03-11;41;30;71;SEC_119
2020;115;50-64;124;122;246;SEC_115
2020;523;16-17;16;16;32;SEC_523
2020;246;12-15;33;24;57;SEC_246
2020;437;50-64;171;146;317;SEC_437
2020;308;50-64;222;197;419;SEC_308
2020;247;18-24;57;49;106;SEC_247
2020;226;03-11;85;83;168;SEC_226
2020;523;35-49;192;194;386;SEC_523
2020;137;03-11;54;54;108;SEC_137
2020;627;03-11;24;34;58;SEC_627
2020;320;18-24;13;7;20;SEC_320
2020;533;16-17;14;21;35;SEC_533
2020;105;00-02;13;12;25;SEC_105
2020;107;12-15;25;28;53;SEC_107
2020;316;12-15;24;30;54;SEC_316
2020;422;65-74;46;36;82;SEC_422
2020;323;65-74;138;125;263;SEC_323
2020;108;00-02;23;15;38;SEC_108
2020;535;25-34;52;61;113;SEC_535
2020;506;25-34;83;96;179;SEC_506
2020;209;00-02;12;12;24;SEC_209
2020;520;75 i +;59;43;102;SEC_520
2020;112;25-34;118;99;217;SEC_112
2020;624;18-24;27;39;66;SEC_624
2020;427;12-15;36;46;82;SEC_427
2020;615;00-02;7;8;15;SEC_615
2020;306;65-74;89;81;170;SEC_306
2020;137;12-15;41;32;73;SEC_137
2020;618;65-74;76;50;126;SEC_618
2020;313;12-15;34;37;71;SEC_313
2020;224;00-02;14;13;27;SEC_224
2020;623;65-74;120;80;200;SEC_623
2020;247;16-17;17;10;27;SEC_247
2020;132;75 i +;123;87;210;SEC_132
2020;224;35-49;164;155;319;SEC_224
2020;313;16-17;19;20;39;SEC_313
2020;601;65-74;107;88;195;SEC_601
2020;134;65-74;67;58;125;SEC_134
2020;306;12-15;26;35;61;SEC_306
2020;608;16-17;16;14;30;SEC_608
2020;529;35-49;190;161;351;SEC_529
2020;630;12-15;9;13;22;SEC_630
2020;508;65-74;53;29;82;SEC_508
2020;223;25-34;117;109;226;SEC_223
2020;601;75 i +;170;130;300;SEC_601
2020;124;00-02;13;7;20;SEC_124
2020;422;75 i +;71;36;107;SEC_422
2020;122;25-34;62;52;114;SEC_122
2020;132;25-34;167;176;343;SEC_132
2020;320;65-74;5;6;11;SEC_320
2020;624;03-11;44;38;82;SEC_624
2020;110;16-17;8;11;19;SEC_110
2020;118;50-64;162;126;288;SEC_118
2020;402;65-74;32;24;56;SEC_402
2020;511;50-64;226;197;423;SEC_511
2020;226;00-02;17;18;35;SEC_226
2020;616;16-17;20;21;41;SEC_616
2020;110;75 i +;101;66;167;SEC_110
2020;521;12-15;15;12;27;SEC_521
2020;320;12-15;28;35;63;SEC_320
2020;129;50-64;104;100;204;SEC_129
2020;602;50-64;104;103;207;SEC_602
2020;308;25-34;103;128;231;SEC_308
2020;425;25-34;100;92;192;SEC_425
2020;220;65-74;64;46;110;SEC_220
2020;106;00-02;9;10;19;SEC_106
2020;117;03-11;57;65;122;SEC_117
2020;303;18-24;45;57;102;SEC_303
2020;318;18-24;29;29;58;SEC_318
2020;326;50-64;91;100;191;SEC_326
2020;326;18-24;36;31;67;SEC_326
2020;221;12-15;34;35;69;SEC_221
2020;133;75 i +;61;33;94;SEC_133
2020;607;18-24;32;34;66;SEC_607
2020;104;03-11;38;46;84;SEC_104
2020;223;65-74;51;36;87;SEC_223
2020;531;18-24;41;42;83;SEC_531
2020;301;75 i +;160;95;255;SEC_301
2020;207;12-15;34;27;61;SEC_207
2020;317;50-64;97;98;195;SEC_317
2020;613;03-11;46;46;92;SEC_613
2020;320;75 i +;73;61;134;SEC_320
2020;302;18-24;35;50;85;SEC_302
2020;234;16-17;9;5;14;SEC_234
2020;312;50-64;172;171;343;SEC_312
2020;521;65-74;107;62;169;SEC_521
2020;616;75 i +;83;43;126;SEC_616
2020;138;00-02;4;12;16;SEC_138
2020;102;25-34;64;61;125;SEC_102
2020;514;35-49;182;195;377;SEC_514
2020;304;03-11;103;112;215;SEC_304
2020;320;03-11;49;54;103;SEC_320
2020;117;00-02;26;22;48;SEC_117
2020;529;75 i +;86;59;145;SEC_529
2020;526;00-02;32;25;57;SEC_526
2020;220;75 i +;94;47;141;SEC_220
2020;305;00-02;12;18;30;SEC_305
2020;209;65-74;35;31;66;SEC_209
2020;204;75 i +;111;52;163;SEC_204
2020;111;16-17;3;6;9;SEC_111
2020;111;25-34;43;36;79;SEC_111
2020;403;12-15;17;20;37;SEC_403
2020;602;25-34;60;59;119;SEC_602
2020;612;75 i +;121;87;208;SEC_612
2020;129;25-34;69;56;125;SEC_129
2020;108;12-15;26;29;55;SEC_108
2020;404;00-02;21;14;35;SEC_404
2020;135;00-02;17;13;30;SEC_135
2020;607;65-74;41;25;66;SEC_607
2020;242;03-11;57;55;112;SEC_242
2020;505;03-11;34;37;71;SEC_505
2020;501;16-17;7;11;18;SEC_501
2020;501;75 i +;67;57;124;SEC_501
2020;245;03-11;57;58;115;SEC_245
2020;405;35-49;246;237;483;SEC_405
2020;249;25-34;90;96;186;SEC_249
2020;327;12-15;24;30;54;SEC_327
2020;623;18-24;43;45;88;SEC_623
2020;311;12-15;20;33;53;SEC_311
2020;312;12-15;26;37;63;SEC_312
2020;321;18-24;82;77;159;SEC_321
2020;412;65-74;101;79;180;SEC_412
2020;210;12-15;21;12;33;SEC_210
2020;528;16-17;11;11;22;SEC_528
2020;221;18-24;88;96;184;SEC_221
2020;212;65-74;58;45;103;SEC_212
2020;120;50-64;210;185;395;SEC_120
2020;226;25-34;134;167;301;SEC_226
2020;313;35-49;213;219;432;SEC_313
2020;623;00-02;8;14;22;SEC_623
2020;622;65-74;60;36;96;SEC_622
2020;117;65-74;143;111;254;SEC_117
2020;311;18-24;60;73;133;SEC_311
2020;246;16-17;20;13;33;SEC_246
2020;236;75 i +;84;48;132;SEC_236
2020;608;35-49;126;154;280;SEC_608
2020;226;18-24;71;82;153;SEC_226
2020;232;65-74;49;41;90;SEC_232
2020;239;75 i +;97;49;146;SEC_239
2020;310;12-15;16;25;41;SEC_310
2020;534;75 i +;69;56;125;SEC_534
2020;406;35-49;171;166;337;SEC_406
2020;141;50-64;96;120;216;SEC_141
2020;242;16-17;8;8;16;SEC_242
2020;502;16-17;12;17;29;SEC_502
2020;320;35-49;167;182;349;SEC_320
2020;318;75 i +;49;35;84;SEC_318
2020;106;50-64;197;147;344;SEC_106
2020;131;16-17;7;8;15;SEC_131
2020;207;35-49;250;241;491;SEC_207
2020;416;65-74;52;44;96;SEC_416
2020;507;12-15;14;17;31;SEC_507
2020;102;35-49;139;154;293;SEC_102
2020;511;00-02;28;33;61;SEC_511
2020;613;75 i +;141;102;243;SEC_613
2020;139;25-34;59;49;108;SEC_139
2020;611;50-64;169;179;348;SEC_611
2020;609;16-17;8;4;12;SEC_609
2020;111;18-24;29;29;58;SEC_111
2020;209;03-11;37;39;76;SEC_209
2020;432;50-64;112;111;223;SEC_432
2020;430;75 i +;61;34;95;SEC_430
2020;511;75 i +;147;95;242;SEC_511
2020;618;12-15;21;26;47;SEC_618
2020;627;18-24;29;19;48;SEC_627
2020;440;50-64;93;93;186;SEC_440
2020;135;75 i +;95;59;154;SEC_135
2020;135;12-15;20;18;38;SEC_135
2020;133;00-02;12;11;23;SEC_133
2020;135;65-74;102;85;187;SEC_135
2020;233;18-24;34;50;84;SEC_233
2020;107;16-17;18;21;39;SEC_107
2020;631;25-34;59;53;112;SEC_631
2020;611;00-02;15;14;29;SEC_611
2020;212;00-02;20;18;38;SEC_212
2020;518;03-11;46;47;93;SEC_518
2020;506;12-15;16;34;50;SEC_506
2020;631;00-02;9;8;17;SEC_631
2020;111;65-74;49;38;87;SEC_111
2020;223;03-11;62;59;121;SEC_223
2020;427;75 i +;88;33;121;SEC_427
2020;301;00-02;9;9;18;SEC_301
2020;530;03-11;83;107;190;SEC_530
2020;239;35-49;172;152;324;SEC_239
2020;528;03-11;49;51;100;SEC_528
2020;237;18-24;52;66;118;SEC_237
2020;607;12-15;12;19;31;SEC_607
2020;232;50-64;104;102;206;SEC_232
2020;607;35-49;96;116;212;SEC_607
2020;616;65-74;126;117;243;SEC_616
2020;606;00-02;5;19;24;SEC_606
2020;530;75 i +;99;55;154;SEC_530
2020;321;03-11;53;80;133;SEC_321
2020;249;03-11;45;39;84;SEC_249
2020;432;35-49;147;163;310;SEC_432
2020;414;75 i +;89;62;151;SEC_414
2020;301;25-34;80;91;171;SEC_301
2020;210;18-24;37;37;74;SEC_210
2020;441;18-24;67;72;139;SEC_441
2020;514;50-64;139;128;267;SEC_514
2020;130;65-74;38;23;61;SEC_130
2020;606;03-11;34;55;89;SEC_606
2020;511;12-15;48;47;95;SEC_511
2020;507;65-74;42;30;72;SEC_507
2020;309;35-49;191;200;391;SEC_309
2020;120;18-24;57;71;128;SEC_120
2020;240;25-34;165;165;330;SEC_240
2020;431;16-17;20;23;43;SEC_431
2020;622;18-24;19;37;56;SEC_622
2020;514;18-24;72;66;138;SEC_514
2020;431;50-64;137;119;256;SEC_431
2020;314;18-24;73;57;130;SEC_314
2020;302;35-49;179;178;357;SEC_302
2020;204;03-11;60;80;140;SEC_204
2020;302;65-74;128;93;221;SEC_302
2020;217;50-64;143;149;292;SEC_217
2020;119;25-34;54;59;113;SEC_119
2020;440;65-74;59;46;105;SEC_440
2020;537;25-34;87;97;184;SEC_537
2020;236;16-17;7;5;12;SEC_236
2020;139;35-49;97;104;201;SEC_139
2020;409;35-49;275;262;537;SEC_409
2020;116;65-74;112;79;191;SEC_116
2020;430;50-64;111;91;202;SEC_430
2020;321;12-15;41;35;76;SEC_321
2020;312;16-17;10;9;19;SEC_312
2020;504;18-24;36;34;70;SEC_504
2020;407;75 i +;77;38;115;SEC_407
2020;624;65-74;91;58;149;SEC_624
2020;216;65-74;75;53;128;SEC_216
2020;109;50-64;137;111;248;SEC_109
2020;101;25-34;97;99;196;SEC_101
2020;517;25-34;157;186;343;SEC_517
2020;207;75 i +;106;50;156;SEC_207
2020;324;65-74;43;33;76;SEC_324
2020;314;25-34;133;176;309;SEC_314
2020;431;75 i +;78;38;116;SEC_431
2020;118;16-17;17;9;26;SEC_118
2020;205;03-11;36;26;62;SEC_205
2020;423;12-15;21;18;39;SEC_423
2020;101;75 i +;58;48;106;SEC_101
2020;112;50-64;173;146;319;SEC_112
2020;103;75 i +;64;33;97;SEC_103
2020;606;50-64;105;103;208;SEC_606
2020;247;00-02;25;26;51;SEC_247
2020;320;50-64;156;139;295;SEC_320
2020;126;65-74;76;48;124;SEC_126
2020;133;35-49;102;107;209;SEC_133
2020;116;16-17;11;17;28;SEC_116
2020;140;75 i +;61;48;109;SEC_140
2020;140;35-49;125;125;250;SEC_140
2020;432;16-17;11;10;21;SEC_432
2020;310;03-11;52;40;92;SEC_310
2020;122;75 i +;92;56;148;SEC_122
2020;613;16-17;7;9;16;SEC_613
2020;211;12-15;27;18;45;SEC_211
2020;505;50-64;107;96;203;SEC_505
2020;125;12-15;42;35;77;SEC_125
2020;128;16-17;9;6;15;SEC_128
2020;118;18-24;56;37;93;SEC_118
2020;307;18-24;27;36;63;SEC_307
2020;630;25-34;41;30;71;SEC_630
2020;242;65-74;49;42;91;SEC_242
2020;107;03-11;70;47;117;SEC_107
2020;520;35-49;93;96;189;SEC_520
2020;321;50-64;264;215;479;SEC_321
2020;208;03-11;38;52;90;SEC_208
2020;537;12-15;24;23;47;SEC_537
2020;533;03-11;95;82;177;SEC_533
2020;411;25-34;70;57;127;SEC_411
2020;237;35-49;197;177;374;SEC_237
2020;427;16-17;15;14;29;SEC_427
2020;321;65-74;215;165;380;SEC_321
2020;137;65-74;100;60;160;SEC_137
2020;107;25-34;91;94;185;SEC_107
2020;301;50-64;140;114;254;SEC_301
2020;243;03-11;60;61;121;SEC_243
2020;140;18-24;42;43;85;SEC_140
2020;406;50-64;144;133;277;SEC_406
2020;104;25-34;49;46;95;SEC_104
2020;220;50-64;187;155;342;SEC_220
2020;232;18-24;53;47;100;SEC_232
2020;420;03-11;84;89;173;SEC_420
2020;508;25-34;137;117;254;SEC_508
2020;112;16-17;20;14;34;SEC_112
2020;535;16-17;10;8;18;SEC_535
2020;625;75 i +;92;62;154;SEC_625
2020;409;50-64;164;173;337;SEC_409
2020;120;00-02;15;15;30;SEC_120
2020;240;16-17;16;16;32;SEC_240
2020;201;75 i +;64;48;112;SEC_201
2020;409;65-74;84;62;146;SEC_409
2020;409;00-02;22;27;49;SEC_409
2020;529;16-17;15;13;28;SEC_529
2020;618;00-02;6;3;9;SEC_618
2020;624;50-64;84;92;176;SEC_624
2020;121;18-24;37;38;75;SEC_121
2020;615;16-17;9;2;11;SEC_615
2020;537;50-64;134;97;231;SEC_537
2020;610;25-34;55;78;133;SEC_610
2020;606;25-34;55;64;119;SEC_606
2020;127;00-02;9;4;13;SEC_127
2020;441;35-49;226;230;456;SEC_441
2020;608;50-64;150;138;288;SEC_608
2020;102;00-02;21;10;31;SEC_102
2020;233;03-11;38;62;100;SEC_233
2020;318;03-11;23;28;51;SEC_318
2020;128;03-11;38;49;87;SEC_128
2020;440;35-49;110;122;232;SEC_440
2020;103;35-49;96;106;202;SEC_103
2020;538;18-24;54;70;124;SEC_538
2020;617;65-74;61;40;101;SEC_617
2020;625;16-17;10;9;19;SEC_625
2020;136;35-49;153;162;315;SEC_136
2020;510;00-02;10;13;23;SEC_510
2020;407;16-17;7;13;20;SEC_407
2020;307;50-64;141;95;236;SEC_307
2020;113;00-02;17;15;32;SEC_113
2020;318;16-17;6;13;19;SEC_318
2020;328;25-34;90;89;179;SEC_328
2020;124;65-74;53;37;90;SEC_124
2020;524;50-64;137;116;253;SEC_524
2020;619;35-49;131;132;263;SEC_619
2020;437;00-02;34;21;55;SEC_437
2020;626;16-17;11;9;20;SEC_626
2020;115;03-11;52;51;103;SEC_115
2020;322;25-34;108;90;198;SEC_322
2020;217;00-02;25;23;48;SEC_217
2020;619;65-74;89;84;173;SEC_619
2020;239;03-11;42;30;72;SEC_239
2020;231;75 i +;74;32;106;SEC_231
2020;407;12-15;25;20;45;SEC_407
2020;245;25-34;94;95;189;SEC_245
2020;436;75 i +;77;47;124;SEC_436
2020;208;12-15;20;21;41;SEC_208
2020;103;00-02;10;13;23;SEC_103
2020;240;12-15;49;26;75;SEC_240
2020;137;00-02;14;16;30;SEC_137
2020;101;03-11;64;74;138;SEC_101
2020;537;35-49;162;151;313;SEC_537
2020;402;03-11;41;46;87;SEC_402
2020;249;65-74;39;32;71;SEC_249
2020;436;16-17;16;17;33;SEC_436
2020;601;16-17;19;24;43;SEC_601
2020;316;25-34;146;128;274;SEC_316
2020;605;75 i +;164;136;300;SEC_605
2020;208;65-74;122;87;209;SEC_208
2020;431;18-24;71;84;155;SEC_431
2020;212;35-49;196;191;387;SEC_212
2020;319;50-64;181;174;355;SEC_319
2020;216;12-15;29;35;64;SEC_216
2020;204;50-64;160;137;297;SEC_204
2020;117;16-17;12;14;26;SEC_117
2020;432;03-11;52;56;108;SEC_432
2020;526;50-64;178;162;340;SEC_526
2020;113;35-49;225;208;433;SEC_113
2020;247;65-74;57;49;106;SEC_247
2020;305;16-17;13;13;26;SEC_305
2020;141;35-49;345;336;681;SEC_141
2020;102;03-11;49;43;92;SEC_102
2020;606;35-49;127;113;240;SEC_606
2020;240;00-02;26;24;50;SEC_240
2020;127;25-34;49;50;99;SEC_127
2020;208;50-64;175;132;307;SEC_208
2020;123;35-49;143;122;265;SEC_123
2020;245;16-17;11;15;26;SEC_245
2020;214;25-34;205;190;395;SEC_214
2020;615;25-34;35;32;67;SEC_615
2020;323;16-17;18;23;41;SEC_323
2020;136;03-11;53;51;104;SEC_136
2020;614;00-02;3;11;14;SEC_614
2020;535;65-74;82;53;135;SEC_535
2020;630;35-49;92;98;190;SEC_630
2020;312;75 i +;129;85;214;SEC_312
2020;404;16-17;14;11;25;SEC_404
2020;610;35-49;117;96;213;SEC_610
2020;614;12-15;23;20;43;SEC_614
2020;101;12-15;38;36;74;SEC_101
2020;116;00-02;18;10;28;SEC_116
2020;520;50-64;92;74;166;SEC_520
2020;205;25-34;83;85;168;SEC_205
2020;419;50-64;185;221;406;SEC_419
2020;508;16-17;17;9;26;SEC_508
2020;624;75 i +;76;81;157;SEC_624
2020;621;25-34;68;56;124;SEC_621
2020;609;50-64;64;65;129;SEC_609
2020;248;35-49;164;164;328;SEC_248
2020;533;35-49;239;249;488;SEC_533
2020;106;03-11;52;70;122;SEC_106
2020;130;00-02;13;11;24;SEC_130
2020;401;18-24;45;62;107;SEC_401
2020;402;16-17;10;4;14;SEC_402
2020;538;25-34;89;87;176;SEC_538
2020;403;50-64;111;116;227;SEC_403
2020;309;50-64;112;103;215;SEC_309
2020;209;25-34;97;99;196;SEC_209
2020;520;18-24;31;39;70;SEC_520
2020;526;25-34;148;145;293;SEC_526
2020;320;12-15;7;3;10;SEC_320
2020;126;03-11;38;33;71;SEC_126
2020;109;35-49;118;119;237;SEC_109
2020;231;12-15;20;29;49;SEC_231
2020;421;35-49;148;152;300;SEC_421
2020;105;03-11;40;44;84;SEC_105
2020;202;16-17;12;10;22;SEC_202
2020;435;25-34;94;107;201;SEC_435
2020;623;03-11;51;58;109;SEC_623
2020;602;16-17;12;13;25;SEC_602
2020;518;50-64;99;98;197;SEC_518
2020;236;03-11;35;51;86;SEC_236
2020;118;25-34;94;88;182;SEC_118
2020;246;35-49;173;191;364;SEC_246
2020;419;25-34;164;174;338;SEC_419
2020;107;65-74;105;74;179;SEC_107
2020;135;25-34;98;93;191;SEC_135
2020;327;18-24;45;42;87;SEC_327
2020;630;50-64;80;66;146;SEC_630
2020;422;03-11;53;66;119;SEC_422
2020;119;65-74;125;93;218;SEC_119
2020;249;18-24;52;46;98;SEC_249
2020;122;50-64;75;82;157;SEC_122
2020;612;12-15;27;14;41;SEC_612
2020;233;65-74;24;17;41;SEC_233
2020;426;12-15;24;21;45;SEC_426
2020;210;25-34;57;51;108;SEC_210
2020;502;18-24;58;58;116;SEC_502
2020;243;35-49;195;211;406;SEC_243
2020;236;25-34;89;80;169;SEC_236
2020;136;25-34;72;66;138;SEC_136
2020;306;03-11;52;63;115;SEC_306
2020;141;12-15;61;80;141;SEC_141
2020;249;75 i +;66;33;99;SEC_249
2020;521;03-11;37;29;66;SEC_521
2020;207;65-74;81;65;146;SEC_207
2020;503;25-34;36;49;85;SEC_503
2020;617;18-24;27;30;57;SEC_617
2020;627;35-49;85;99;184;SEC_627
2020;324;03-11;60;59;119;SEC_324
2020;401;65-74;59;48;107;SEC_401
2020;313;03-11;82;71;153;SEC_313
2020;405;03-11;90;75;165;SEC_405
2020;319;16-17;26;20;46;SEC_319
2020;405;00-02;24;27;51;SEC_405
2020;427;65-74;49;40;89;SEC_427
2020;209;75 i +;70;42;112;SEC_209
2020;411;18-24;36;49;85;SEC_411
2020;207;18-24;79;81;160;SEC_207
2020;418;00-02;15;23;38;SEC_418
2020;229;25-34;149;172;321;SEC_229
2020;223;16-17;14;12;26;SEC_223
2020;113;75 i +;78;54;132;SEC_113
2020;113;16-17;12;17;29;SEC_113
2020;612;35-49;112;124;236;SEC_612
2020;139;03-11;23;28;51;SEC_139
2020;530;25-34;123;144;267;SEC_530
2020;242;25-34;90;106;196;SEC_242
2020;432;75 i +;79;56;135;SEC_432
2020;421;25-34;89;87;176;SEC_421
2020;518;25-34;75;88;163;SEC_518
2020;117;75 i +;109;80;189;SEC_117
2020;328;75 i +;30;10;40;SEC_328
2020;211;35-49;204;207;411;SEC_211
2020;228;00-02;27;23;50;SEC_228
2020;231;65-74;34;30;64;SEC_231
2020;531;65-74;39;30;69;SEC_531
2020;201;50-64;129;105;234;SEC_201
2020;501;12-15;11;15;26;SEC_501
2020;432;25-34;97;102;199;SEC_432
2020;302;03-11;63;56;119;SEC_302
2020;524;03-11;71;79;150;SEC_524
2020;419;16-17;22;25;47;SEC_419
2020;622;75 i +;45;28;73;SEC_622
2020;315;16-17;10;19;29;SEC_315
2020;523;75 i +;96;67;163;SEC_523
2020;131;25-34;80;62;142;SEC_131
2020;426;16-17;10;11;21;SEC_426
2020;141;65-74;24;22;46;SEC_141
2020;535;03-11;31;20;51;SEC_535
2020;627;25-34;31;44;75;SEC_627
2020;249;12-15;13;22;35;SEC_249
2020;412;18-24;63;71;134;SEC_412
2020;229;00-02;29;35;64;SEC_229
2020;141;03-11;147;158;305;SEC_141
2020;411;50-64;96;85;181;SEC_411
2020;204;65-74;64;56;120;SEC_204
2020;316;65-74;217;227;444;SEC_316
2020;531;00-02;13;20;33;SEC_531
2020;122;03-11;48;54;102;SEC_122
2020;306;16-17;23;10;33;SEC_306
2020;134;50-64;154;121;275;SEC_134
2020;310;00-02;16;7;23;SEC_310
2020;615;65-74;71;25;96;SEC_615
2020;211;25-34;113;147;260;SEC_211
2020;326;65-74;23;28;51;SEC_326
2020;135;16-17;10;14;24;SEC_135
2020;242;35-49;150;159;309;SEC_242
2020;630;65-74;82;61;143;SEC_630
2020;130;18-24;34;31;65;SEC_130
2020;312;18-24;62;64;126;SEC_312
2020;517;00-02;25;26;51;SEC_517
2020;320;50-64;23;29;52;SEC_320
2020;425;00-02;15;12;27;SEC_425
2020;110;12-15;19;14;33;SEC_110
2020;246;18-24;49;52;101;SEC_246
2020;609;00-02;10;6;16;SEC_609
2020;305;50-64;201;171;372;SEC_305
2020;524;18-24;63;81;144;SEC_524
2020;124;18-24;23;19;42;SEC_124
2020;243;75 i +;113;60;173;SEC_243
2020;504;03-11;30;44;74;SEC_504
2020;214;12-15;44;48;92;SEC_214
2020;245;65-74;48;29;77;SEC_245
2020;136;75 i +;78;39;117;SEC_136
2020;103;18-24;30;31;61;SEC_103
2020;237;12-15;30;34;64;SEC_237
2020;412;25-34;124;96;220;SEC_412
2020;316;16-17;13;16;29;SEC_316
2020;533;50-64;191;169;360;SEC_533
2020;631;03-11;33;46;79;SEC_631
2020;302;16-17;6;6;12;SEC_302
2020;608;65-74;69;57;126;SEC_608
2020;632;75 i +;62;36;98;SEC_632
2020;508;75 i +;82;48;130;SEC_508
2020;626;18-24;25;34;59;SEC_626
2020;322;35-49;193;190;383;SEC_322
2020;131;75 i +;92;62;154;SEC_131
2020;418;18-24;49;59;108;SEC_418
2020;403;16-17;16;6;22;SEC_403
2020;420;18-24;92;112;204;SEC_420
2020;239;16-17;17;12;29;SEC_239
2020;205;50-64;102;106;208;SEC_205
2020;625;65-74;123;120;243;SEC_625
2020;419;35-49;237;269;506;SEC_419
2020;411;35-49;111;115;226;SEC_411
2020;412;35-49;171;203;374;SEC_412
2020;308;00-02;22;14;36;SEC_308
2020;304;00-02;36;29;65;SEC_304
2020;130;16-17;9;7;16;SEC_130
2020;440;18-24;43;48;91;SEC_440
2020;111;00-02;3;7;10;SEC_111
2020;205;65-74;56;38;94;SEC_205
2020;126;16-17;12;9;21;SEC_126
2020;433;00-02;33;32;65;SEC_433
2020;507;03-11;37;38;75;SEC_507
2020;530;00-02;28;30;58;SEC_530
2020;520;03-11;35;39;74;SEC_520
2020;248;03-11;42;63;105;SEC_248
2020;426;18-24;41;41;82;SEC_426
2020;208;25-34;120;131;251;SEC_208
2020;237;16-17;9;22;31;SEC_237
2020;202;65-74;66;52;118;SEC_202
2020;211;00-02;26;16;42;SEC_211
2020;309;16-17;6;17;23;SEC_309
2020;303;03-11;59;63;122;SEC_303
2020;242;00-02;12;22;34;SEC_242
2020;422;16-17;9;17;26;SEC_422
2020;631;65-74;91;52;143;SEC_631
2020;246;75 i +;66;41;107;SEC_246
2020;316;18-24;51;61;112;SEC_316
2020;128;18-24;28;30;58;SEC_128
2020;501;65-74;114;90;204;SEC_501
2020;617;50-64;87;85;172;SEC_617
2020;302;75 i +;72;66;138;SEC_302
2020;310;50-64;108;81;189;SEC_310
2020;627;12-15;11;14;25;SEC_627
2020;126;75 i +;96;76;172;SEC_126
2020;627;65-74;109;83;192;SEC_627
2020;236;12-15;27;18;45;SEC_236
2020;131;03-11;56;47;103;SEC_131
2020;319;25-34;99;94;193;SEC_319
2020;137;18-24;57;57;114;SEC_137
2020;304;35-49;308;309;617;SEC_304
2020;538;03-11;62;49;111;SEC_538
2020;310;25-34;78;73;151;SEC_310
2020;216;35-49;165;183;348;SEC_216
2020;625;18-24;36;38;74;SEC_625
2020;506;03-11;53;53;106;SEC_506
2020;232;25-34;96;111;207;SEC_232
2020;132;16-17;17;13;30;SEC_132
2020;130;03-11;40;50;90;SEC_130
2020;243;65-74;48;46;94;SEC_243
2020;202;25-34;153;162;315;SEC_202
2020;130;25-34;58;58;116;SEC_130
2020;432;65-74;99;72;171;SEC_432
2020;318;00-02;6;5;11;SEC_318
2020;229;18-24;102;103;205;SEC_229
2020;114;12-15;20;21;41;SEC_114
2020;126;00-02;9;6;15;SEC_126
2020;507;35-49;104;105;209;SEC_507
2020;118;75 i +;82;74;156;SEC_118
2020;243;18-24;57;74;131;SEC_243
2020;313;00-02;17;20;37;SEC_313
2020;107;18-24;55;56;111;SEC_107
2020;224;12-15;25;32;57;SEC_224
2020;231;25-34;119;99;218;SEC_231
2020;120;35-49;172;181;353;SEC_120
2020;114;16-17;16;13;29;SEC_114
2020;106;25-34;81;78;159;SEC_106
2020;615;50-64;60;67;127;SEC_615
2020;311;16-17;8;11;19;SEC_311
2020;108;65-74;78;60;138;SEC_108
2020;210;50-64;77;80;157;SEC_210
2020;309;18-24;28;48;76;SEC_309
2020;521;35-49;94;95;189;SEC_521
2020;614;25-34;45;49;94;SEC_614
2020;301;65-74;76;61;137;SEC_301
2020;511;16-17;20;24;44;SEC_511
2020;112;65-74;106;98;204;SEC_112
2020;112;18-24;61;70;131;SEC_112
2020;416;75 i +;92;49;141;SEC_416
2020;102;65-74;114;80;194;SEC_102
2020;110;65-74;107;75;182;SEC_110
2020;501;25-34;43;43;86;SEC_501
2020;530;50-64;161;142;303;SEC_530
2020;122;18-24;29;33;62;SEC_122
2020;510;75 i +;77;49;126;SEC_510
2020;234;50-64;110;100;210;SEC_234
2020;409;25-34;142;162;304;SEC_409
2020;139;00-02;6;9;15;SEC_139
2020;243;12-15;31;34;65;SEC_243
2020;507;16-17;4;6;10;SEC_507
2020;134;18-24;50;56;106;SEC_134
2020;531;16-17;11;9;20;SEC_531
2020;410;00-02;21;14;35;SEC_410
2020;138;18-24;30;23;53;SEC_138
2020;533;12-15;36;38;74;SEC_533
2020;625;35-49;120;104;224;SEC_625
2020;319;12-15;42;60;102;SEC_319
2020;118;00-02;16;9;25;SEC_118
2020;110;25-34;53;58;111;SEC_110
2020;425;12-15;13;21;34;SEC_425
2020;311;75 i +;90;51;141;SEC_311
2020;433;50-64;194;176;370;SEC_433
2020;506;16-17;11;19;30;SEC_506
2020;308;18-24;76;91;167;SEC_308
2020;118;12-15;45;32;77;SEC_118
2020;105;50-64;129;85;214;SEC_105
2020;406;03-11;64;51;115;SEC_406
2020;610;75 i +;120;108;228;SEC_610
2020;423;18-24;44;47;91;SEC_423
2020;602;12-15;25;27;52;SEC_602
2020;317;65-74;28;33;61;SEC_317
2020;245;12-15;18;23;41;SEC_245
2020;328;00-02;34;39;73;SEC_328
2020;514;12-15;38;33;71;SEC_514
2020;421;65-74;58;39;97;SEC_421
2020;608;12-15;18;21;39;SEC_608
2020;311;35-49;203;234;437;SEC_311
2020;535;75 i +;91;79;170;SEC_535
2020;528;25-34;93;84;177;SEC_528
2020;221;50-64;191;186;377;SEC_221
2020;110;00-02;5;17;22;SEC_110
2020;116;25-34;76;70;146;SEC_116
2020;248;12-15;31;18;49;SEC_248
2020;529;03-11;51;51;102;SEC_529
2020;132;50-64;249;250;499;SEC_132
2020;602;75 i +;113;93;206;SEC_602
2020;118;65-74;155;123;278;SEC_118
2020;618;16-17;18;13;31;SEC_618
2020;403;18-24;35;51;86;SEC_403
2020;121;65-74;23;22;45;SEC_121
2020;436;25-34;123;136;259;SEC_436
2020;327;65-74;101;84;185;SEC_327
2020;134;75 i +;93;48;141;SEC_134
2020;426;03-11;59;54;113;SEC_426
2020;525;75 i +;68;35;103;SEC_525
2020;427;03-11;86;98;184;SEC_427
2020;517;65-74;62;59;121;SEC_517
2020;430;16-17;10;10;20;SEC_430
2020;114;50-64;157;138;295;SEC_114
2020;119;16-17;8;6;14;SEC_119
2020;326;25-34;96;82;178;SEC_326
2020;122;35-49;130;116;246;SEC_122
2020;248;18-24;56;63;119;SEC_248
2020;507;25-34;61;78;139;SEC_507
2020;223;75 i +;66;46;112;SEC_223
2020;232;35-49;156;156;312;SEC_232
2020;114;25-34;71;72;143;SEC_114
2020;216;03-11;60;61;121;SEC_216
2020;422;18-24;56;61;117;SEC_422
2020;223;12-15;23;33;56;SEC_223
2020;306;75 i +;80;53;133;SEC_306
2020;421;18-24;51;57;108;SEC_421
2020;423;00-02;24;17;41;SEC_423
2020;534;25-34;92;83;175;SEC_534
2020;213;75 i +;55;42;97;SEC_213
2020;431;03-11;101;92;193;SEC_431
2020;503;12-15;8;5;13;SEC_503
2020;608;75 i +;96;56;152;SEC_608
2020;207;25-34;151;144;295;SEC_207
2020;315;03-11;86;70;156;SEC_315
2020;136;18-24;38;48;86;SEC_136
2020;416;25-34;110;104;214;SEC_416
2020;211;18-24;55;82;137;SEC_211
2020;437;65-74;77;55;132;SEC_437
2020;111;03-11;31;18;49;SEC_111
2020;406;16-17;16;17;33;SEC_406
2020;526;75 i +;90;54;144;SEC_526
2020;303;25-34;98;74;172;SEC_303
2020;309;75 i +;53;32;85;SEC_309
2020;402;12-15;16;20;36;SEC_402
2020;323;75 i +;69;54;123;SEC_323
2020;319;65-74;89;68;157;SEC_319
2020;616;25-34;96;114;210;SEC_616
2020;414;25-34;155;158;313;SEC_414
2020;112;03-11;57;60;117;SEC_112
2020;327;35-49;141;136;277;SEC_327
2020;627;75 i +;60;66;126;SEC_627
2020;430;35-49;135;166;301;SEC_430
2020;433;18-24;77;87;164;SEC_433
2020;247;12-15;29;38;67;SEC_247
2020;216;75 i +;97;56;153;SEC_216
2020;134;03-11;62;60;122;SEC_134
2020;109;65-74;73;71;144;SEC_109
2020;324;00-02;19;7;26;SEC_324
2020;627;16-17;3;4;7;SEC_627
2020;106;18-24;48;54;102;SEC_106
2020;132;18-24;61;67;128;SEC_132
2020;327;03-11;38;64;102;SEC_327
2020;611;25-34;100;127;227;SEC_611
2020;229;75 i +;77;36;113;SEC_229
2020;403;75 i +;110;83;193;SEC_403
2020;132;00-02;26;35;61;SEC_132
2020;520;65-74;54;31;85;SEC_520
2020;233;50-64;107;73;180;SEC_233
2020;214;03-11;97;113;210;SEC_214
2020;632;12-15;19;25;44;SEC_632
2020;239;65-74;39;24;63;SEC_239
2020;133;18-24;27;28;55;SEC_133
2020;109;12-15;17;17;34;SEC_109
2020;622;35-49;98;92;190;SEC_622
2020;401;03-11;51;53;104;SEC_401
2020;433;16-17;24;20;44;SEC_433
2020;107;00-02;17;20;37;SEC_107
2020;520;12-15;23;12;35;SEC_520
2020;116;03-11;56;52;108;SEC_116
2020;328;35-49;304;277;581;SEC_328
2020;120;16-17;8;21;29;SEC_120
2020;531;25-34;98;94;192;SEC_531
2020;511;18-24;89;105;194;SEC_511
2020;326;03-11;130;141;271;SEC_326
2020;431;12-15;44;41;85;SEC_431
2020;517;03-11;99;120;219;SEC_517
2020;531;75 i +;49;31;80;SEC_531
2020;226;16-17;20;18;38;SEC_226
2020;425;16-17;7;14;21;SEC_425
2020;129;75 i +;109;55;164;SEC_129
2020;621;75 i +;86;65;151;SEC_621
2020;523;50-64;134;128;262;SEC_523
2020;607;00-02;13;7;20;SEC_607
2020;115;12-15;19;28;47;SEC_115
2020;441;50-64;238;190;428;SEC_441
2020;309;12-15;27;28;55;SEC_309
2020;139;16-17;7;8;15;SEC_139
2020;409;03-11;92;81;173;SEC_409
2020;427;35-49;251;241;492;SEC_427
2020;314;50-64;291;207;498;SEC_314
2020;421;00-02;13;9;22;SEC_421
2020;306;00-02;16;24;40;SEC_306
2020;418;50-64;131;151;282;SEC_418
2020;526;16-17;16;21;37;SEC_526
2020;134;16-17;11;19;30;SEC_134
2020;523;25-34;116;114;230;SEC_523
2020;128;00-02;12;14;26;SEC_128
2020;312;00-02;20;19;39;SEC_312
2020;116;75 i +;116;89;205;SEC_116
2020;110;18-24;30;31;61;SEC_110
2020;233;12-15;20;23;43;SEC_233
2020;317;18-24;41;58;99;SEC_317
2020;110;50-64;105;84;189;SEC_110
2020;204;18-24;77;70;147;SEC_204
2020;323;12-15;47;40;87;SEC_323
2020;426;50-64;102;105;207;SEC_426
2020;534;03-11;47;55;102;SEC_534
2020;506;00-02;12;8;20;SEC_506
2020;212;16-17;8;15;23;SEC_212
2020;201;12-15;34;33;67;SEC_201
2020;521;50-64;68;75;143;SEC_521
2020;533;18-24;80;77;157;SEC_533
2020;526;03-11;88;107;195;SEC_526
2020;517;50-64;232;194;426;SEC_517
2020;412;16-17;8;21;29;SEC_412
2020;247;50-64;116;108;224;SEC_247
2020;631;75 i +;91;77;168;SEC_631
2020;412;00-02;20;25;45;SEC_412
2020;401;35-49;147;126;273;SEC_401
2020;418;65-74;55;43;98;SEC_418
2020;132;65-74;141;127;268;SEC_132
2020;307;16-17;4;11;15;SEC_307
2020;505;35-49;127;126;253;SEC_505
2020;320;35-49;67;83;150;SEC_320
2020;202;03-11;66;85;151;SEC_202
2020;132;12-15;47;34;81;SEC_132
2020;228;35-49;335;314;649;SEC_228
2020;240;75 i +;98;65;163;SEC_240
2020;315;18-24;59;68;127;SEC_315
2020;602;35-49;148;132;280;SEC_602
2020;305;12-15;30;35;65;SEC_305
2020;632;25-34;37;47;84;SEC_632
2020;525;03-11;41;54;95;SEC_525
2020;511;03-11;104;123;227;SEC_511
2020;610;65-74;85;44;129;SEC_610
2020;437;75 i +;113;73;186;SEC_437
2020;612;00-02;7;10;17;SEC_612
2020;125;03-11;50;67;117;SEC_125
2020;503;65-74;78;61;139;SEC_503
2020;136;50-64;117;102;219;SEC_136
2020;238;16-17;11;7;18;SEC_238
2020;317;25-34;102;98;200;SEC_317
2020;308;35-49;223;204;427;SEC_308
2020;108;25-34;106;95;201;SEC_108
2020;505;16-17;6;7;13;SEC_505
2020;307;03-11;50;42;92;SEC_307
2020;114;18-24;50;46;96;SEC_114
2020;508;03-11;67;76;143;SEC_508
2020;220;00-02;20;29;49;SEC_220
2020;619;50-64;134;120;254;SEC_619
2020;621;00-02;11;15;26;SEC_621
2020;322;18-24;60;50;110;SEC_322
2020;517;12-15;52;36;88;SEC_517
2020;421;03-11;52;57;109;SEC_421
2020;101;50-64;199;185;384;SEC_101
2020;201;18-24;36;60;96;SEC_201
2020;139;50-64;83;104;187;SEC_139
2020;303;12-15;24;34;58;SEC_303
2020;329;25-34;77;69;146;SEC_329
2020;136;65-74;73;67;140;SEC_136
2020;228;65-74;71;51;122;SEC_228
2020;134;25-34;79;83;162;SEC_134
2020;533;75 i +;128;66;194;SEC_533
2020;201;65-74;54;37;91;SEC_201
2020;325;25-34;90;92;182;SEC_325
2020;123;18-24;40;52;92;SEC_123
2020;435;12-15;21;37;58;SEC_435
2020;123;50-64;152;137;289;SEC_123
2020;213;65-74;54;34;88;SEC_213
2020;609;35-49;100;96;196;SEC_609
2020;504;16-17;6;9;15;SEC_504
2020;318;35-49;71;74;145;SEC_318
2020;322;65-74;59;58;117;SEC_322
2020;315;25-34;108;117;225;SEC_315
2020;201;00-02;19;45;64;SEC_201
2020;624;35-49;101;121;222;SEC_624
