AnyPadro;Seccio;GrupEdat;Dones;Homes;Total;IdSeccio
1994;303;18-24;150;155;305;SEC_303
1994;120;75 i +;31;18;49;SEC_120
1994;608;25-34;78;89;167;SEC_608
1994;112;50-64;118;105;223;SEC_112
1994;435;03-11;42;56;98;SEC_435
1994;631;03-11;51;35;86;SEC_631
1994;608;18-24;87;120;207;SEC_608
1994;123;18-24;74;61;135;SEC_123
1994;504;03-11;40;39;79;SEC_504
1994;307;18-24;106;92;198;SEC_307
1994;616;65-74;36;27;63;SEC_616
1994;632;12-15;41;43;84;SEC_632
1994;306;18-24;87;74;161;SEC_306
1994;302;75 i +;37;19;56;SEC_302
1994;501;18-24;115;121;236;SEC_501
1994;427;35-49;65;66;131;SEC_427
1994;503;00-02;11;15;26;SEC_503
1994;522;16-17;13;14;27;SEC_522
1994;520;65-74;49;44;93;SEC_520
1994;630;16-17;26;33;59;SEC_630
1994;426;25-34;84;84;168;SEC_426
1994;502;25-34;109;127;236;SEC_502
1994;102;00-02;15;11;26;SEC_102
1994;119;00-02;15;14;29;SEC_119
1994;606;35-49;79;74;153;SEC_606
1994;303;65-74;83;78;161;SEC_303
1994;132;18-24;130;160;290;SEC_132
1994;622;12-15;45;36;81;SEC_622
1994;436;35-49;62;84;146;SEC_436
1994;507;25-34;77;81;158;SEC_507
1994;226;25-34;76;74;150;SEC_226
1994;615;00-02;4;4;8;SEC_615
1994;220;50-64;99;81;180;SEC_220
1994;204;03-11;16;20;36;SEC_204
1994;410;50-64;220;199;419;SEC_410
1994;412;35-49;206;209;415;SEC_412
1994;411;00-02;11;9;20;SEC_411
1994;510;65-74;64;39;103;SEC_510
1994;423;03-11;33;34;67;SEC_423
1994;127;65-74;34;30;64;SEC_127
1994;518;18-24;70;79;149;SEC_518
1994;303;16-17;33;30;63;SEC_303
1994;240;50-64;90;80;170;SEC_240
1994;106;00-02;14;27;41;SEC_106
1994;525;25-34;71;83;154;SEC_525
1994;113;65-74;43;36;79;SEC_113
1994;621;65-74;33;21;54;SEC_621
1994;602;75 i +;13;9;22;SEC_602
1994;426;35-49;78;90;168;SEC_426
1994;320;16-17;16;19;35;SEC_320
1994;416;35-49;48;48;96;SEC_416
1994;138;35-49;119;116;235;SEC_138
1994;516;03-11;21;12;33;SEC_516
1994;610;35-49;170;100;270;SEC_610
1994;621;00-02;19;23;42;SEC_621
1994;235;18-24;90;66;156;SEC_235
1994;307;12-15;58;54;112;SEC_307
1994;520;00-02;7;7;14;SEC_520
1994;324;03-11;48;34;82;SEC_324
1994;243;03-11;51;42;93;SEC_243
1994;317;25-34;65;71;136;SEC_317
1994;521;18-24;134;125;259;SEC_521
1994;602;25-34;63;60;123;SEC_602
1994;509;03-11;29;27;56;SEC_509
1994;520;03-11;32;35;67;SEC_520
1994;422;18-24;59;48;107;SEC_422
1994;104;18-24;54;54;108;SEC_104
1994;316;25-34;108;65;173;SEC_316
1994;511;00-02;5;8;13;SEC_511
1994;429;25-34;33;40;73;SEC_429
1994;207;18-24;37;33;70;SEC_207
1994;420;25-34;111;131;242;SEC_420
1994;226;12-15;31;25;56;SEC_226
1994;521;00-02;4;6;10;SEC_521
1994;321;75 i +;56;37;93;SEC_321
1994;130;12-15;17;13;30;SEC_130
1994;213;00-02;4;8;12;SEC_213
1994;504;18-24;106;123;229;SEC_504
1994;632;35-49;115;110;225;SEC_632
1994;243;18-24;80;74;154;SEC_243
1994;418;18-24;78;76;154;SEC_418
1994;118;03-11;107;101;208;SEC_118
1994;235;25-34;128;123;251;SEC_235
1994;233;35-49;60;61;121;SEC_233
1994;406;18-24;83;84;167;SEC_406
1994;137;25-34;103;101;204;SEC_137
1994;511;50-64;89;85;174;SEC_511
1994;315;18-24;88;79;167;SEC_315
1994;527;25-34;79;95;174;SEC_527
1994;515;35-49;50;44;94;SEC_515
1994;624;18-24;137;157;294;SEC_624
1994;505;75 i +;37;23;60;SEC_505
1994;103;75 i +;40;24;64;SEC_103
1994;110;50-64;117;142;259;SEC_110
1994;527;75 i +;45;26;71;SEC_527
1994;136;00-02;16;18;34;SEC_136
1994;523;12-15;32;36;68;SEC_523
1994;213;16-17;15;25;40;SEC_213
1994;433;03-11;41;42;83;SEC_433
1994;507;75 i +;32;19;51;SEC_507
1994;518;35-49;84;89;173;SEC_518
1994;530;25-34;115;135;250;SEC_530
1994;224;65-74;46;28;74;SEC_224
1994;515;50-64;56;64;120;SEC_515
1994;505;12-15;46;31;77;SEC_505
1994;215;50-64;83;70;153;SEC_215
1994;441;65-74;99;84;183;SEC_441
1994;601;16-17;37;43;80;SEC_601
1994;110;12-15;41;46;87;SEC_110
1994;208;03-11;52;62;114;SEC_208
1994;515;18-24;37;37;74;SEC_515
1994;230;75 i +;30;14;44;SEC_230
1994;439;03-11;37;35;72;SEC_439
1994;603;03-11;21;31;52;SEC_603
1994;422;65-74;92;74;166;SEC_422
1994;525;03-11;32;37;69;SEC_525
1994;401;75 i +;31;12;43;SEC_401
1994;316;75 i +;22;12;34;SEC_316
1994;203;75 i +;42;24;66;SEC_203
1994;217;25-34;55;52;107;SEC_217
1994;107;50-64;188;207;395;SEC_107
1994;604;50-64;86;80;166;SEC_604
1994;129;18-24;105;100;205;SEC_129
1994;228;16-17;10;9;19;SEC_228
1994;605;35-49;68;36;104;SEC_605
1994;233;25-34;71;76;147;SEC_233
1994;534;75 i +;43;20;63;SEC_534
1994;413;00-02;9;8;17;SEC_413
1994;229;65-74;59;51;110;SEC_229
1994;226;18-24;65;59;124;SEC_226
1994;107;25-34;132;148;280;SEC_107
1994;306;50-64;141;119;260;SEC_306
1994;242;25-34;70;77;147;SEC_242
1994;617;18-24;96;139;235;SEC_617
1994;420;50-64;146;132;278;SEC_420
1994;206;65-74;59;42;101;SEC_206
1994;612;65-74;47;30;77;SEC_612
1994;526;18-24;51;49;100;SEC_526
1994;133;12-15;25;29;54;SEC_133
1994;109;03-11;49;56;105;SEC_109
1994;603;12-15;17;23;40;SEC_603
1994;410;12-15;45;36;81;SEC_410
1994;113;18-24;71;75;146;SEC_113
1994;630;25-34;53;61;114;SEC_630
1994;625;18-24;101;95;196;SEC_625
1994;320;18-24;96;113;209;SEC_320
1994;304;16-17;16;13;29;SEC_304
1994;523;16-17;14;18;32;SEC_523
1994;402;65-74;45;37;82;SEC_402
1994;507;18-24;66;70;136;SEC_507
1994;503;50-64;63;66;129;SEC_503
1994;406;03-11;57;52;109;SEC_406
1994;209;50-64;113;98;211;SEC_209
1994;512;12-15;11;16;27;SEC_512
1994;517;03-11;38;43;81;SEC_517
1994;317;00-02;9;7;16;SEC_317
1994;119;50-64;123;140;263;SEC_119
1994;115;65-74;74;52;126;SEC_115
1994;622;03-11;51;49;100;SEC_622
1994;138;18-24;57;54;111;SEC_138
1994;216;18-24;84;96;180;SEC_216
1994;104;16-17;5;7;12;SEC_104
1994;613;00-02;13;12;25;SEC_613
1994;533;50-64;121;112;233;SEC_533
1994;630;35-49;146;135;281;SEC_630
1994;230;65-74;66;39;105;SEC_230
1994;226;75 i +;72;33;105;SEC_226
1994;525;75 i +;32;16;48;SEC_525
1994;116;65-74;63;51;114;SEC_116
1994;313;12-15;83;62;145;SEC_313
1994;245;12-15;24;20;44;SEC_245
1994;437;18-24;56;61;117;SEC_437
1994;213;50-64;103;94;197;SEC_213
1994;420;35-49;94;93;187;SEC_420
1994;309;12-15;26;22;48;SEC_309
1994;223;18-24;74;72;146;SEC_223
1994;431;25-34;138;135;273;SEC_431
1994;401;16-17;14;25;39;SEC_401
1994;222;25-34;68;72;140;SEC_222
1994;422;03-11;36;41;77;SEC_422
1994;439;75 i +;45;22;67;SEC_439
1994;501;75 i +;21;8;29;SEC_501
1994;122;65-74;42;35;77;SEC_122
1994;607;00-02;11;12;23;SEC_607
1994;625;25-34;84;81;165;SEC_625
1994;103;16-17;14;11;25;SEC_103
1994;314;16-17;42;47;89;SEC_314
1994;307;75 i +;35;22;57;SEC_307
1994;622;18-24;82;78;160;SEC_622
1994;130;25-34;81;101;182;SEC_130
1994;230;50-64;93;95;188;SEC_230
1994;506;03-11;88;103;191;SEC_506
1994;113;35-49;184;182;366;SEC_113
1994;440;50-64;142;162;304;SEC_440
1994;438;25-34;78;83;161;SEC_438
1994;537;00-02;13;8;21;SEC_537
1994;611;00-02;16;15;31;SEC_611
1994;127;16-17;9;8;17;SEC_127
1994;534;16-17;16;16;32;SEC_534
1994;109;75 i +;50;23;73;SEC_109
1994;423;18-24;64;77;141;SEC_423
1994;537;18-24;96;100;196;SEC_537
1994;528;35-49;109;89;198;SEC_528
1994;121;65-74;84;69;153;SEC_121
1994;407;25-34;84;112;196;SEC_407
1994;242;65-74;78;85;163;SEC_242
1994;120;18-24;95;86;181;SEC_120
1994;233;00-02;10;4;14;SEC_233
1994;427;16-17;8;25;33;SEC_427
1994;432;12-15;41;38;79;SEC_432
1994;205;65-74;48;39;87;SEC_205
1994;410;75 i +;53;31;84;SEC_410
1994;412;50-64;179;180;359;SEC_412
1994;513;25-34;64;70;134;SEC_513
1994;603;35-49;68;56;124;SEC_603
1994;403;35-49;125;106;231;SEC_403
1994;303;35-49;142;128;270;SEC_303
1994;302;00-02;17;21;38;SEC_302
1994;432;35-49;160;151;311;SEC_432
1994;502;50-64;146;168;314;SEC_502
1994;418;50-64;121;112;233;SEC_418
1994;612;12-15;32;32;64;SEC_612
1994;436;50-64;81;63;144;SEC_436
1994;618;12-15;17;13;30;SEC_618
1994;307;03-11;71;77;148;SEC_307
1994;242;12-15;16;13;29;SEC_242
1994;217;12-15;10;9;19;SEC_217
1994;103;35-49;80;79;159;SEC_103
1994;202;35-49;67;64;131;SEC_202
1994;526;12-15;14;21;35;SEC_526
1994;530;12-15;18;26;44;SEC_530
1994;219;35-49;100;94;194;SEC_219
1994;525;65-74;39;40;79;SEC_525
1994;620;50-64;82;92;174;SEC_620
1994;115;00-02;10;22;32;SEC_115
1994;510;35-49;99;95;194;SEC_510
1994;425;35-49;87;83;170;SEC_425
1994;514;03-11;36;26;62;SEC_514
1994;231;50-64;123;123;246;SEC_231
1994;620;03-11;23;24;47;SEC_620
1994;138;12-15;24;37;61;SEC_138
1994;537;65-74;71;61;132;SEC_537
1994;619;65-74;48;52;100;SEC_619
1994;425;16-17;8;15;23;SEC_425
1994;615;03-11;29;26;55;SEC_615
1994;239;75 i +;69;29;98;SEC_239
1994;611;12-15;30;40;70;SEC_611
1994;419;16-17;9;15;24;SEC_419
1994;429;18-24;39;45;84;SEC_429
1994;223;25-34;97;104;201;SEC_223
1994;503;03-11;62;51;113;SEC_503
1994;506;65-74;65;56;121;SEC_506
1994;313;35-49;253;234;487;SEC_313
1994;437;65-74;38;37;75;SEC_437
1994;325;16-17;29;21;50;SEC_325
1994;209;00-02;3;13;16;SEC_209
1994;246;25-34;89;96;185;SEC_246
1994;530;03-11;50;56;106;SEC_530
1994;125;75 i +;22;14;36;SEC_125
1994;430;75 i +;40;17;57;SEC_430
1994;504;25-34;84;102;186;SEC_504
1994;426;50-64;89;81;170;SEC_426
1994;516;16-17;6;7;13;SEC_516
1994;435;00-02;8;12;20;SEC_435
1994;417;35-49;68;65;133;SEC_417
1994;630;65-74;23;21;44;SEC_630
1994;245;00-02;8;4;12;SEC_245
1994;221;25-34;98;96;194;SEC_221
1994;501;50-64;85;104;189;SEC_501
1994;531;65-74;50;37;87;SEC_531
1994;618;25-34;44;46;90;SEC_618
1994;317;75 i +;41;16;57;SEC_317
1994;210;25-34;54;74;128;SEC_210
1994;403;03-11;46;43;89;SEC_403
1994;507;16-17;12;17;29;SEC_507
1994;536;75 i +;26;26;52;SEC_536
1994;110;16-17;29;35;64;SEC_110
1994;531;00-02;14;11;25;SEC_531
1994;249;25-34;94;98;192;SEC_249
1994;243;00-02;17;22;39;SEC_243
1994;403;16-17;19;19;38;SEC_403
1994;611;18-24;170;182;352;SEC_611
1994;407;16-17;12;17;29;SEC_407
1994;520;35-49;86;88;174;SEC_520
1994;305;16-17;21;22;43;SEC_305
1994;104;65-74;71;52;123;SEC_104
1994;420;65-74;81;54;135;SEC_420
1994;527;35-49;85;90;175;SEC_527
1994;421;75 i +;38;32;70;SEC_421
1994;508;25-34;45;60;105;SEC_508
1994;415;35-49;60;62;122;SEC_415
1994;325;12-15;53;38;91;SEC_325
1994;612;16-17;23;27;50;SEC_612
1994;302;16-17;37;35;72;SEC_302
1994;316;50-64;95;111;206;SEC_316
1994;510;25-34;80;103;183;SEC_510
1994;532;03-11;45;44;89;SEC_532
1994;316;65-74;35;26;61;SEC_316
1994;224;35-49;57;48;105;SEC_224
1994;223;12-15;18;24;42;SEC_223
1994;436;25-34;75;86;161;SEC_436
1994;241;25-34;50;51;101;SEC_241
1994;136;25-34;96;102;198;SEC_136
1994;416;75 i +;21;10;31;SEC_416
1994;121;18-24;40;35;75;SEC_121
1994;109;18-24;57;61;118;SEC_109
1994;137;50-64;96;108;204;SEC_137
1994;418;75 i +;50;32;82;SEC_418
1994;212;18-24;81;91;172;SEC_212
1994;404;35-49;113;111;224;SEC_404
1994;502;18-24;97;129;226;SEC_502
1994;134;25-34;110;97;207;SEC_134
1994;136;16-17;19;27;46;SEC_136
1994;533;35-49;63;67;130;SEC_533
1994;515;25-34;61;58;119;SEC_515
1994;246;35-49;85;75;160;SEC_246
1994;534;03-11;26;32;58;SEC_534
1994;128;00-02;7;11;18;SEC_128
1994;116;12-15;51;56;107;SEC_116
1994;113;03-11;86;78;164;SEC_113
1994;301;18-24;136;137;273;SEC_301
1994;206;03-11;30;25;55;SEC_206
1994;602;65-74;23;21;44;SEC_602
1994;322;16-17;15;17;32;SEC_322
1994;302;50-64;121;122;243;SEC_302
1994;249;18-24;54;60;114;SEC_249
1994;418;65-74;74;50;124;SEC_418
1994;210;35-49;90;91;181;SEC_210
1994;304;50-64;123;114;237;SEC_304
1994;319;50-64;63;62;125;SEC_319
1994;627;00-02;9;17;26;SEC_627
1994;241;75 i +;39;22;61;SEC_241
1994;123;25-34;95;103;198;SEC_123
1994;211;25-34;121;123;244;SEC_211
1994;604;75 i +;21;10;31;SEC_604
1994;210;00-02;9;5;14;SEC_210
1994;217;75 i +;45;12;57;SEC_217
1994;201;12-15;16;14;30;SEC_201
1994;607;18-24;94;96;190;SEC_607
1994;423;35-49;77;66;143;SEC_423
1994;227;03-11;15;15;30;SEC_227
1994;428;25-34;59;58;117;SEC_428
1994;125;18-24;96;101;197;SEC_125
1994;624;50-64;125;131;256;SEC_624
1994;237;00-02;12;8;20;SEC_237
1994;248;00-02;13;4;17;SEC_248
1994;232;65-74;76;65;141;SEC_232
1994;315;35-49;175;183;358;SEC_315
1994;110;18-24;121;111;232;SEC_110
1994;213;75 i +;21;11;32;SEC_213
1994;124;12-15;24;30;54;SEC_124
1994;607;35-49;86;87;173;SEC_607
1994;613;03-11;43;42;85;SEC_613
1994;116;00-02;15;16;31;SEC_116
1994;417;65-74;42;31;73;SEC_417
1994;204;35-49;49;42;91;SEC_204
1994;321;03-11;105;108;213;SEC_321
1994;513;35-49;60;65;125;SEC_513
1994;118;18-24;119;131;250;SEC_118
1994;505;50-64;165;201;366;SEC_505
1994;208;18-24;94;112;206;SEC_208
1994;225;65-74;56;38;94;SEC_225
1994;631;16-17;22;35;57;SEC_631
1994;219;50-64;127;110;237;SEC_219
1994;524;03-11;36;56;92;SEC_524
1994;117;00-02;20;24;44;SEC_117
1994;426;00-02;14;12;26;SEC_426
1994;622;00-02;16;9;25;SEC_622
1994;412;65-74;74;70;144;SEC_412
1994;132;75 i +;57;25;82;SEC_132
1994;506;75 i +;43;22;65;SEC_506
1994;131;12-15;57;57;114;SEC_131
1994;209;16-17;10;10;20;SEC_209
1994;125;35-49;173;151;324;SEC_125
1994;527;50-64;114;106;220;SEC_527
1994;217;18-24;23;26;49;SEC_217
1994;244;65-74;45;52;97;SEC_244
1994;629;00-02;5;9;14;SEC_629
1994;217;35-49;49;52;101;SEC_217
1994;231;12-15;14;19;33;SEC_231
1994;223;50-64;129;129;258;SEC_223
1994;302;65-74;45;41;86;SEC_302
1994;630;75 i +;24;7;31;SEC_630
1994;220;75 i +;37;21;58;SEC_220
1994;426;75 i +;49;25;74;SEC_426
1994;501;25-34;69;61;130;SEC_501
1994;432;25-34;87;90;177;SEC_432
1994;102;50-64;179;183;362;SEC_102
1994;526;00-02;11;7;18;SEC_526
1994;219;75 i +;56;30;86;SEC_219
1994;112;65-74;53;35;88;SEC_112
1994;442;00-02;7;6;13;SEC_442
1994;210;16-17;9;18;27;SEC_210
1994;605;16-17;12;14;26;SEC_605
1994;231;00-02;8;9;17;SEC_231
1994;131;65-74;57;48;105;SEC_131
1994;518;16-17;16;15;31;SEC_518
1994;612;35-49;124;89;213;SEC_612
1994;122;35-49;73;45;118;SEC_122
1994;130;18-24;55;66;121;SEC_130
1994;627;50-64;72;91;163;SEC_627
1994;402;50-64;107;108;215;SEC_402
1994;130;50-64;142;116;258;SEC_130
1994;233;03-11;14;22;36;SEC_233
1994;130;03-11;30;31;61;SEC_130
1994;323;25-34;199;193;392;SEC_323
1994;114;16-17;29;35;64;SEC_114
1994;215;35-49;76;67;143;SEC_215
1994;109;65-74;40;41;81;SEC_109
1994;512;18-24;65;62;127;SEC_512
1994;624;00-02;10;13;23;SEC_624
1994;515;03-11;28;25;53;SEC_515
1994;206;00-02;10;6;16;SEC_206
1994;402;00-02;7;3;10;SEC_402
1994;320;25-34;54;61;115;SEC_320
1994;437;12-15;19;15;34;SEC_437
1994;130;00-02;9;3;12;SEC_130
1994;421;50-64;144;156;300;SEC_421
1994;319;12-15;32;34;66;SEC_319
1994;233;50-64;94;85;179;SEC_233
1994;629;65-74;28;26;54;SEC_629
1994;241;03-11;19;9;28;SEC_241
1994;110;75 i +;40;22;62;SEC_110
1994;246;18-24;62;54;116;SEC_246
1994;222;75 i +;33;21;54;SEC_222
1994;602;35-49;44;31;75;SEC_602
1994;508;50-64;70;67;137;SEC_508
1994;138;16-17;16;16;32;SEC_138
1994;513;16-17;5;12;17;SEC_513
1994;520;16-17;18;18;36;SEC_520
1994;228;75 i +;27;20;47;SEC_228
1994;117;16-17;41;57;98;SEC_117
1994;408;25-34;70;87;157;SEC_408
1994;110;03-11;61;47;108;SEC_110
1994;304;18-24;57;75;132;SEC_304
1994;517;18-24;76;89;165;SEC_517
1994;605;75 i +;21;11;32;SEC_605
1994;246;75 i +;59;29;88;SEC_246
1994;437;03-11;28;33;61;SEC_437
1994;229;25-34;51;51;102;SEC_229
1994;604;35-49;72;69;141;SEC_604
1994;140;03-11;27;27;54;SEC_140
1994;413;18-24;31;37;68;SEC_413
1994;510;00-02;7;12;19;SEC_510
1994;107;35-49;201;212;413;SEC_107
1994;313;50-64;159;158;317;SEC_313
1994;620;00-02;7;5;12;SEC_620
1994;247;12-15;28;17;45;SEC_247
1994;240;00-02;3;7;10;SEC_240
1994;113;50-64;89;86;175;SEC_113
1994;243;35-49;109;109;218;SEC_243
1994;212;00-02;11;18;29;SEC_212
1994;511;65-74;47;42;89;SEC_511
1994;512;03-11;30;32;62;SEC_512
1994;134;75 i +;53;24;77;SEC_134
1994;117;03-11;99;91;190;SEC_117
1994;618;35-49;78;67;145;SEC_618
1994;430;03-11;30;33;63;SEC_430
1994;411;12-15;31;25;56;SEC_411
1994;533;75 i +;41;25;66;SEC_533
1994;418;25-34;93;100;193;SEC_418
1994;309;35-49;83;75;158;SEC_309
1994;402;75 i +;41;22;63;SEC_402
1994;610;75 i +;31;20;51;SEC_610
1994;524;50-64;142;125;267;SEC_524
1994;611;03-11;67;46;113;SEC_611
1994;619;35-49;169;158;327;SEC_619
1994;325;03-11;56;53;109;SEC_325
1994;615;18-24;117;133;250;SEC_615
1994;533;65-74;40;37;77;SEC_533
1994;127;35-49;89;100;189;SEC_127
1994;617;03-11;57;54;111;SEC_617
1994;509;35-49;68;65;133;SEC_509
1994;632;03-11;48;66;114;SEC_632
1994;242;03-11;30;31;61;SEC_242
1994;631;35-49;170;126;296;SEC_631
1994;412;18-24;99;97;196;SEC_412
1994;213;35-49;93;109;202;SEC_213
1994;506;35-49;267;246;513;SEC_506
1994;430;00-02;8;11;19;SEC_430
1994;114;65-74;56;42;98;SEC_114
1994;314;35-49;311;334;645;SEC_314
1994;416;12-15;18;17;35;SEC_416
1994;104;00-02;11;8;19;SEC_104
1994;613;35-49;158;103;261;SEC_613
1994;617;35-49;109;113;222;SEC_617
1994;420;18-24;79;68;147;SEC_420
1994;308;03-11;56;54;110;SEC_308
1994;210;75 i +;45;27;72;SEC_210
1994;425;18-24;67;51;118;SEC_425
1994;316;12-15;98;119;217;SEC_316
1994;201;35-49;59;48;107;SEC_201
1994;606;03-11;51;49;100;SEC_606
1994;126;03-11;32;36;68;SEC_126
1994;206;50-64;109;97;206;SEC_206
1994;230;16-17;8;9;17;SEC_230
1994;528;16-17;17;19;36;SEC_528
1994;127;50-64;62;60;122;SEC_127
1994;305;65-74;78;56;134;SEC_305
1994;318;16-17;14;13;27;SEC_318
1994;527;16-17;14;12;26;SEC_527
1994;213;12-15;30;29;59;SEC_213
1994;615;35-49;120;84;204;SEC_615
1994;202;03-11;23;27;50;SEC_202
1994;211;00-02;10;17;27;SEC_211
1994;517;65-74;46;47;93;SEC_517
1994;116;18-24;149;133;282;SEC_116
1994;134;65-74;64;41;105;SEC_134
1994;520;75 i +;36;19;55;SEC_520
1994;206;18-24;44;57;101;SEC_206
1994;632;50-64;113;109;222;SEC_632
1994;118;65-74;50;31;81;SEC_118
1994;440;12-15;32;31;63;SEC_440
1994;602;12-15;14;7;21;SEC_602
1994;324;75 i +;46;15;61;SEC_324
1994;206;25-34;73;68;141;SEC_206
1994;214;00-02;5;6;11;SEC_214
1994;602;18-24;53;79;132;SEC_602
1994;122;25-34;95;104;199;SEC_122
1994;618;75 i +;23;10;33;SEC_618
1994;139;00-02;7;9;16;SEC_139
1994;134;16-17;15;27;42;SEC_134
1994;501;16-17;37;46;83;SEC_501
1994;139;16-17;15;20;35;SEC_139
1994;625;75 i +;11;5;16;SEC_625
1994;102;18-24;155;164;319;SEC_102
1994;136;65-74;57;46;103;SEC_136
1994;128;18-24;84;77;161;SEC_128
1994;120;12-15;37;47;84;SEC_120
1994;438;03-11;38;27;65;SEC_438
1994;122;18-24;61;79;140;SEC_122
1994;324;35-49;89;81;170;SEC_324
1994;610;00-02;8;14;22;SEC_610
1994;439;00-02;15;9;24;SEC_439
1994;426;16-17;15;18;33;SEC_426
1994;325;75 i +;92;44;136;SEC_325
1994;229;00-02;4;7;11;SEC_229
1994;437;75 i +;24;10;34;SEC_437
1994;112;16-17;22;24;46;SEC_112
1994;510;16-17;18;19;37;SEC_510
1994;419;50-64;76;75;151;SEC_419
1994;202;12-15;18;16;34;SEC_202
1994;213;25-34;57;72;129;SEC_213
1994;511;35-49;51;52;103;SEC_511
1994;605;25-34;58;68;126;SEC_605
1994;129;35-49;114;108;222;SEC_129
1994;626;50-64;130;125;255;SEC_626
1994;431;75 i +;55;30;85;SEC_431
1994;218;75 i +;40;16;56;SEC_218
1994;408;03-11;42;36;78;SEC_408
1994;418;00-02;7;10;17;SEC_418
1994;408;50-64;94;91;185;SEC_408
1994;201;75 i +;31;10;41;SEC_201
1994;524;00-02;16;18;34;SEC_524
1994;211;12-15;19;21;40;SEC_211
1994;429;35-49;81;80;161;SEC_429
1994;201;03-11;18;19;37;SEC_201
1994;505;25-34;88;99;187;SEC_505
1994;103;50-64;78;78;156;SEC_103
1994;425;25-34;76;98;174;SEC_425
1994;232;35-49;93;76;169;SEC_232
1994;305;50-64;99;108;207;SEC_305
1994;419;25-34;67;75;142;SEC_419
1994;105;50-64;78;84;162;SEC_105
1994;214;75 i +;32;16;48;SEC_214
1994;217;00-02;5;5;10;SEC_217
1994;307;25-34;96;78;174;SEC_307
1994;204;50-64;62;58;120;SEC_204
1994;308;18-24;102;100;202;SEC_308
1994;232;18-24;60;51;111;SEC_232
1994;526;03-11;22;29;51;SEC_526
1994;408;18-24;52;51;103;SEC_408
1994;603;16-17;12;17;29;SEC_603
1994;119;03-11;60;65;125;SEC_119
1994;515;12-15;9;6;15;SEC_515
1994;623;75 i +;42;24;66;SEC_623
1994;402;03-11;23;23;46;SEC_402
1994;312;00-02;14;14;28;SEC_312
1994;630;12-15;44;54;98;SEC_630
1994;502;65-74;82;66;148;SEC_502
1994;234;50-64;106;77;183;SEC_234
1994;138;65-74;17;17;34;SEC_138
1994;136;18-24;49;65;114;SEC_136
1994;311;03-11;39;51;90;SEC_311
1994;212;50-64;140;131;271;SEC_212
1994;435;16-17;20;12;32;SEC_435
1994;309;50-64;56;54;110;SEC_309
1994;126;50-64;130;149;279;SEC_126
1994;403;00-02;6;10;16;SEC_403
1994;625;50-64;94;106;200;SEC_625
1994;236;00-02;6;7;13;SEC_236
1994;248;25-34;74;105;179;SEC_248
1994;403;75 i +;40;17;57;SEC_403
1994;241;35-49;32;44;76;SEC_241
1994;132;50-64;163;172;335;SEC_132
1994;237;25-34;106;123;229;SEC_237
1994;614;03-11;26;42;68;SEC_614
1994;129;03-11;48;47;95;SEC_129
1994;528;00-02;9;12;21;SEC_528
1994;530;35-49;107;98;205;SEC_530
1994;304;35-49;90;90;180;SEC_304
1994;528;75 i +;30;16;46;SEC_528
1994;135;25-34;119;120;239;SEC_135
1994;609;16-17;28;13;41;SEC_609
1994;313;00-02;28;16;44;SEC_313
1994;206;12-15;17;13;30;SEC_206
1994;231;35-49;84;64;148;SEC_231
1994;113;75 i +;34;11;45;SEC_113
1994;139;65-74;29;21;50;SEC_139
1994;502;00-02;13;11;24;SEC_502
1994;623;35-49;232;202;434;SEC_623
1994;629;03-11;29;20;49;SEC_629
1994;234;35-49;64;62;126;SEC_234
1994;616;16-17;63;59;122;SEC_616
1994;221;18-24;87;65;152;SEC_221
1994;614;18-24;101;106;207;SEC_614
1994;401;65-74;75;70;145;SEC_401
1994;236;12-15;25;18;43;SEC_236
1994;532;00-02;10;12;22;SEC_532
1994;325;25-34;126;130;256;SEC_325
1994;405;50-64;144;133;277;SEC_405
1994;522;50-64;77;81;158;SEC_522
1994;516;65-74;30;19;49;SEC_516
1994;628;65-74;37;22;59;SEC_628
1994;531;35-49;76;75;151;SEC_531
1994;609;35-49;130;78;208;SEC_609
1994;102;03-11;59;56;115;SEC_102
1994;240;65-74;49;41;90;SEC_240
1994;216;50-64;155;123;278;SEC_216
1994;532;25-34;122;111;233;SEC_532
1994;114;75 i +;49;16;65;SEC_114
1994;517;35-49;91;81;172;SEC_517
1994;315;75 i +;44;22;66;SEC_315
1994;521;35-49;171;144;315;SEC_521
1994;611;16-17;26;20;46;SEC_611
1994;509;00-02;9;11;20;SEC_509
1994;324;12-15;19;26;45;SEC_324
1994;124;18-24;66;44;110;SEC_124
1994;521;50-64;119;152;271;SEC_521
1994;215;65-74;73;59;132;SEC_215
1994;109;25-34;93;90;183;SEC_109
1994;314;03-11;140;165;305;SEC_314
1994;123;03-11;45;44;89;SEC_123
1994;105;16-17;31;20;51;SEC_105
1994;312;50-64;119;139;258;SEC_312
1994;111;16-17;17;18;35;SEC_111
1994;628;12-15;34;55;89;SEC_628
1994;414;00-02;8;12;20;SEC_414
1994;208;16-17;20;18;38;SEC_208
1994;441;75 i +;43;21;64;SEC_441
1994;515;00-02;9;8;17;SEC_515
1994;409;12-15;28;23;51;SEC_409
1994;605;12-15;16;22;38;SEC_605
1994;436;65-74;33;33;66;SEC_436
1994;212;75 i +;61;30;91;SEC_212
1994;107;00-02;16;19;35;SEC_107
1994;131;00-02;19;23;42;SEC_131
1994;319;03-11;35;41;76;SEC_319
1994;405;18-24;57;62;119;SEC_405
1994;314;12-15;75;76;151;SEC_314
1994;137;75 i +;28;12;40;SEC_137
1994;615;75 i +;21;10;31;SEC_615
1994;236;65-74;84;66;150;SEC_236
1994;304;00-02;9;8;17;SEC_304
1994;135;35-49;188;187;375;SEC_135
1994;127;00-02;19;11;30;SEC_127
1994;601;50-64;160;172;332;SEC_601
1994;439;35-49;61;66;127;SEC_439
1994;209;18-24;49;54;103;SEC_209
1994;441;50-64;147;169;316;SEC_441
1994;124;75 i +;31;10;41;SEC_124
1994;202;18-24;48;56;104;SEC_202
1994;103;18-24;44;43;87;SEC_103
1994;111;25-34;87;91;178;SEC_111
1994;311;75 i +;52;34;86;SEC_311
1994;602;50-64;89;97;186;SEC_602
1994;115;75 i +;26;20;46;SEC_115
1994;433;50-64;99;96;195;SEC_433
1994;237;50-64;144;134;278;SEC_237
1994;112;00-02;21;21;42;SEC_112
1994;631;50-64;118;139;257;SEC_631
1994;315;00-02;14;18;32;SEC_315
1994;231;75 i +;72;30;102;SEC_231
1994;107;75 i +;42;21;63;SEC_107
1994;411;75 i +;31;20;51;SEC_411
1994;501;03-11;36;45;81;SEC_501
1994;207;25-34;58;52;110;SEC_207
1994;507;03-11;40;35;75;SEC_507
1994;412;16-17;31;35;66;SEC_412
1994;624;65-74;31;28;59;SEC_624
1994;536;03-11;27;27;54;SEC_536
1994;526;50-64;60;75;135;SEC_526
1994;514;00-02;10;9;19;SEC_514
1994;203;12-15;9;14;23;SEC_203
1994;322;65-74;49;48;97;SEC_322
1994;626;18-24;101;156;257;SEC_626
1994;107;18-24;131;149;280;SEC_107
1994;442;03-11;27;25;52;SEC_442
1994;140;65-74;53;48;101;SEC_140
1994;127;75 i +;28;13;41;SEC_127
1994;627;03-11;55;72;127;SEC_627
1994;514;75 i +;35;17;52;SEC_514
1994;303;12-15;32;27;59;SEC_303
1994;209;65-74;84;67;151;SEC_209
1994;318;50-64;50;48;98;SEC_318
1994;404;65-74;68;46;114;SEC_404
1994;247;75 i +;67;28;95;SEC_247
1994;115;16-17;13;32;45;SEC_115
1994;510;03-11;46;37;83;SEC_510
1994;402;18-24;64;59;123;SEC_402
1994;228;18-24;51;46;97;SEC_228
1994;415;75 i +;36;20;56;SEC_415
1994;226;50-64;112;86;198;SEC_226
1994;513;50-64;100;91;191;SEC_513
1994;428;35-49;36;42;78;SEC_428
1994;229;12-15;8;11;19;SEC_229
1994;414;35-49;82;79;161;SEC_414
1994;122;75 i +;35;14;49;SEC_122
1994;214;16-17;11;10;21;SEC_214
1994;521;03-11;42;40;82;SEC_521
1994;421;18-24;91;77;168;SEC_421
1994;219;16-17;4;13;17;SEC_219
1994;113;12-15;43;50;93;SEC_113
1994;137;03-11;64;60;124;SEC_137
1994;126;35-49;144;111;255;SEC_126
1994;412;00-02;14;16;30;SEC_412
1994;425;65-74;67;58;125;SEC_425
1994;119;35-49;218;184;402;SEC_119
1994;314;50-64;119;125;244;SEC_314
1994;234;12-15;15;14;29;SEC_234
1994;108;18-24;68;64;132;SEC_108
1994;102;75 i +;64;25;89;SEC_102
1994;432;16-17;20;26;46;SEC_432
1994;224;50-64;58;57;115;SEC_224
1994;405;12-15;14;13;27;SEC_405
1994;603;65-74;25;23;48;SEC_603
1994;211;16-17;9;13;22;SEC_211
1994;228;50-64;70;79;149;SEC_228
1994;249;12-15;18;23;41;SEC_249
1994;532;18-24;101;111;212;SEC_532
1994;133;75 i +;41;25;66;SEC_133
1994;529;18-24;63;76;139;SEC_529
1994;311;18-24;84;105;189;SEC_311
1994;124;00-02;2;11;13;SEC_124
1994;128;12-15;32;29;61;SEC_128
1994;433;75 i +;32;18;50;SEC_433
1994;609;00-02;7;9;16;SEC_609
1994;102;16-17;25;37;62;SEC_102
1994;606;16-17;14;17;31;SEC_606
1994;136;03-11;59;56;115;SEC_136
1994;246;50-64;116;119;235;SEC_246
1994;404;50-64;161;146;307;SEC_404
1994;628;50-64;119;140;259;SEC_628
1994;604;25-34;72;76;148;SEC_604
1994;524;75 i +;50;28;78;SEC_524
1994;620;25-34;41;57;98;SEC_620
1994;521;75 i +;33;12;45;SEC_521
1994;322;03-11;49;49;98;SEC_322
1994;612;75 i +;28;12;40;SEC_612
1994;517;00-02;12;13;25;SEC_517
1994;535;18-24;94;112;206;SEC_535
1994;513;03-11;26;22;48;SEC_513
1994;220;65-74;63;47;110;SEC_220
1994;432;00-02;10;10;20;SEC_432
1994;608;16-17;28;29;57;SEC_608
1994;319;18-24;35;42;77;SEC_319
1994;531;18-24;61;63;124;SEC_531
1994;602;03-11;22;19;41;SEC_602
1994;619;75 i +;38;18;56;SEC_619
1994;439;18-24;65;55;120;SEC_439
1994;510;18-24;91;81;172;SEC_510
1994;218;65-74;39;30;69;SEC_218
1994;406;35-49;150;156;306;SEC_406
1994;213;18-24;51;61;112;SEC_213
1994;529;25-34;99;107;206;SEC_529
1994;322;12-15;33;42;75;SEC_322
1994;208;65-74;135;110;245;SEC_208
1994;435;50-64;106;85;191;SEC_435
1994;118;12-15;74;77;151;SEC_118
1994;246;12-15;24;14;38;SEC_246
1994;316;03-11;199;219;418;SEC_316
1994;533;03-11;35;42;77;SEC_533
1994;429;12-15;22;24;46;SEC_429
1994;526;25-34;61;75;136;SEC_526
1994;311;65-74;88;79;167;SEC_311
1994;617;25-34;102;110;212;SEC_617
1994;529;16-17;13;14;27;SEC_529
1994;214;25-34;65;65;130;SEC_214
1994;123;12-15;37;30;67;SEC_123
1994;101;25-34;89;89;178;SEC_101
1994;221;35-49;102;105;207;SEC_221
1994;310;65-74;34;30;64;SEC_310
1994;114;25-34;133;163;296;SEC_114
1994;215;75 i +;67;34;101;SEC_215
1994;629;12-15;18;20;38;SEC_629
1994;107;16-17;43;38;81;SEC_107
1994;303;50-64;218;225;443;SEC_303
1994;521;25-34;69;74;143;SEC_521
1994;421;00-02;12;9;21;SEC_421
1994;105;65-74;52;42;94;SEC_105
1994;419;75 i +;36;18;54;SEC_419
1994;533;25-34;95;106;201;SEC_533
1994;630;18-24;69;70;139;SEC_630
1994;631;65-74;28;35;63;SEC_631
1994;538;16-17;23;13;36;SEC_538
1994;234;18-24;35;51;86;SEC_234
1994;113;25-34;98;89;187;SEC_113
1994;527;18-24;61;49;110;SEC_527
1994;305;75 i +;56;36;92;SEC_305
1994;236;25-34;84;97;181;SEC_236
1994;237;35-49;115;115;230;SEC_237
1994;138;00-02;6;15;21;SEC_138
1994;320;75 i +;22;17;39;SEC_320
1994;140;00-02;5;2;7;SEC_140
1994;621;12-15;72;74;146;SEC_621
1994;621;35-49;263;246;509;SEC_621
1994;213;03-11;37;46;83;SEC_213
1994;215;00-02;7;8;15;SEC_215
1994;112;12-15;54;45;99;SEC_112
1994;601;75 i +;61;18;79;SEC_601
1994;237;12-15;27;25;52;SEC_237
1994;246;00-02;16;7;23;SEC_246
1994;249;00-02;9;6;15;SEC_249
1994;420;16-17;21;19;40;SEC_420
1994;429;50-64;70;48;118;SEC_429
1994;516;50-64;80;73;153;SEC_516
1994;119;12-15;44;58;102;SEC_119
1994;211;50-64;129;100;229;SEC_211
1994;112;75 i +;58;17;75;SEC_112
1994;205;75 i +;35;16;51;SEC_205
1994;628;03-11;46;40;86;SEC_628
1994;609;03-11;34;42;76;SEC_609
1994;431;00-02;17;16;33;SEC_431
1994;414;75 i +;33;17;50;SEC_414
1994;209;35-49;79;94;173;SEC_209
1994;115;25-34;122;111;233;SEC_115
1994;103;12-15;26;23;49;SEC_103
1994;124;50-64;81;80;161;SEC_124
1994;128;25-34;87;95;182;SEC_128
1994;109;12-15;28;44;72;SEC_109
1994;236;35-49;100;86;186;SEC_236
1994;308;75 i +;53;32;85;SEC_308
1994;228;25-34;52;61;113;SEC_228
1994;607;50-64;167;161;328;SEC_607
1994;106;12-15;83;77;160;SEC_106
1994;305;00-02;22;9;31;SEC_305
1994;234;16-17;14;10;24;SEC_234
1994;204;16-17;8;4;12;SEC_204
1994;132;25-34;174;180;354;SEC_132
1994;309;65-74;28;23;51;SEC_309
1994;101;18-24;54;65;119;SEC_101
1994;216;25-34;87;79;166;SEC_216
1994;240;16-17;10;9;19;SEC_240
1994;238;75 i +;44;19;63;SEC_238
1994;247;65-74;79;66;145;SEC_247
1994;130;65-74;65;60;125;SEC_130
1994;527;65-74;61;45;106;SEC_527
1994;440;65-74;60;50;110;SEC_440
1994;247;25-34;110;100;210;SEC_247
1994;631;75 i +;26;15;41;SEC_631
1994;238;65-74;68;50;118;SEC_238
1994;406;12-15;40;38;78;SEC_406
1994;623;03-11;61;70;131;SEC_623
1994;507;00-02;9;10;19;SEC_507
1994;529;12-15;23;24;47;SEC_529
1994;428;75 i +;32;16;48;SEC_428
1994;224;12-15;11;11;22;SEC_224
1994;425;03-11;29;25;54;SEC_425
1994;417;25-34;54;59;113;SEC_417
1994;413;35-49;55;47;102;SEC_413
1994;512;00-02;8;9;17;SEC_512
1994;611;25-34;140;160;300;SEC_611
1994;312;35-49;141;110;251;SEC_312
1994;430;50-64;99;109;208;SEC_430
1994;118;50-64;98;108;206;SEC_118
1994;241;16-17;4;4;8;SEC_241
1994;222;50-64;77;88;165;SEC_222
1994;221;00-02;13;9;22;SEC_221
1994;227;18-24;50;44;94;SEC_227
1994;527;03-11;37;39;76;SEC_527
1994;312;12-15;19;25;44;SEC_312
1994;215;25-34;71;78;149;SEC_215
1994;249;35-49;82;83;165;SEC_249
1994;426;18-24;55;58;113;SEC_426
1994;132;16-17;41;46;87;SEC_132
1994;225;35-49;56;51;107;SEC_225
1994;311;35-49;136;107;243;SEC_311
1994;526;35-49;61;64;125;SEC_526
1994;422;12-15;20;26;46;SEC_422
1994;519;65-74;25;34;59;SEC_519
1994;411;50-64;124;124;248;SEC_411
1994;625;03-11;95;90;185;SEC_625
1994;408;12-15;23;26;49;SEC_408
1994;119;25-34;96;107;203;SEC_119
1994;413;25-34;45;58;103;SEC_413
1994;317;03-11;35;40;75;SEC_317
1994;315;65-74;57;44;101;SEC_315
1994;621;75 i +;18;11;29;SEC_621
1994;441;00-02;23;13;36;SEC_441
1994;507;35-49;88;91;179;SEC_507
1994;531;16-17;10;16;26;SEC_531
1994;246;65-74;82;62;144;SEC_246
1994;305;35-49;194;172;366;SEC_305
1994;315;50-64;106;112;218;SEC_315
1994;410;00-02;14;16;30;SEC_410
1994;239;16-17;14;19;33;SEC_239
1994;424;18-24;26;52;78;SEC_424
1994;424;25-34;41;49;90;SEC_424
1994;508;35-49;50;53;103;SEC_508
1994;535;12-15;34;39;73;SEC_535
1994;245;03-11;28;32;60;SEC_245
1994;248;03-11;36;42;78;SEC_248
1994;538;12-15;18;24;42;SEC_538
1994;513;65-74;35;34;69;SEC_513
1994;309;18-24;32;45;77;SEC_309
1994;212;65-74;68;60;128;SEC_212
1994;632;75 i +;23;11;34;SEC_632
1994;202;25-34;60;79;139;SEC_202
1994;309;03-11;23;31;54;SEC_309
1994;227;75 i +;41;22;63;SEC_227
1994;134;00-02;13;13;26;SEC_134
1994;437;50-64;99;98;197;SEC_437
1994;225;03-11;18;24;42;SEC_225
1994;320;00-02;7;8;15;SEC_320
1994;239;12-15;26;15;41;SEC_239
1994;211;35-49;81;91;172;SEC_211
1994;118;25-34;130;121;251;SEC_118
1994;442;75 i +;19;14;33;SEC_442
1994;408;16-17;11;20;31;SEC_408
1994;627;18-24;83;104;187;SEC_627
1994;231;18-24;65;59;124;SEC_231
1994;319;16-17;10;19;29;SEC_319
1994;507;50-64;76;91;167;SEC_507
1994;509;50-64;91;98;189;SEC_509
1994;234;25-34;89;96;185;SEC_234
1994;120;16-17;25;36;61;SEC_120
1994;511;25-34;58;75;133;SEC_511
1994;436;00-02;5;11;16;SEC_436
1994;133;35-49;106;95;201;SEC_133
1994;537;12-15;37;38;75;SEC_537
1994;625;00-02;8;20;28;SEC_625
1994;207;75 i +;40;17;57;SEC_207
1994;308;12-15;41;38;79;SEC_308
1994;218;16-17;8;10;18;SEC_218
1994;213;65-74;45;44;89;SEC_213
1994;601;03-11;58;66;124;SEC_601
1994;242;50-64;130;106;236;SEC_242
1994;125;00-02;13;11;24;SEC_125
1994;123;65-74;73;58;131;SEC_123
1994;502;75 i +;46;20;66;SEC_502
1994;524;12-15;29;26;55;SEC_524
1994;423;16-17;11;15;26;SEC_423
1994;101;00-02;14;20;34;SEC_101
1994;403;12-15;38;27;65;SEC_403
1994;114;50-64;175;196;371;SEC_114
1994;616;50-64;109;124;233;SEC_616
1994;136;50-64;107;99;206;SEC_136
1994;209;12-15;11;16;27;SEC_209
1994;212;03-11;39;46;85;SEC_212
1994;305;18-24;62;76;138;SEC_305
1994;618;03-11;21;31;52;SEC_618
1994;131;18-24;116;129;245;SEC_131
1994;114;00-02;23;19;42;SEC_114
1994;106;50-64;116;114;230;SEC_106
1994;119;65-74;53;47;100;SEC_119
1994;528;18-24;98;83;181;SEC_528
1994;519;16-17;5;6;11;SEC_519
1994;222;03-11;35;36;71;SEC_222
1994;404;18-24;93;83;176;SEC_404
1994;406;75 i +;45;34;79;SEC_406
1994;430;65-74;61;44;105;SEC_430
1994;504;65-74;60;53;113;SEC_504
1994;320;35-49;117;74;191;SEC_320
1994;125;12-15;27;48;75;SEC_125
1994;210;18-24;57;54;111;SEC_210
1994;138;50-64;71;72;143;SEC_138
1994;518;00-02;10;8;18;SEC_518
1994;513;12-15;14;16;30;SEC_513
1994;317;50-64;68;63;131;SEC_317
1994;532;16-17;22;28;50;SEC_532
1994;124;16-17;16;21;37;SEC_124
1994;209;25-34;77;91;168;SEC_209
1994;225;00-02;3;4;7;SEC_225
1994;422;35-49;87;102;189;SEC_422
1994;110;00-02;8;17;25;SEC_110
1994;318;65-74;22;17;39;SEC_318
1994;430;12-15;16;21;37;SEC_430
1994;301;03-11;53;77;130;SEC_301
1994;234;03-11;24;30;54;SEC_234
1994;218;00-02;5;5;10;SEC_218
1994;232;00-02;12;6;18;SEC_232
1994;120;65-74;62;54;116;SEC_120
1994;607;03-11;30;35;65;SEC_607
1994;631;18-24;140;143;283;SEC_631
1994;605;18-24;73;89;162;SEC_605
1994;318;03-11;53;55;108;SEC_318
1994;504;75 i +;48;29;77;SEC_504
1994;317;65-74;55;45;100;SEC_317
1994;610;18-24;154;171;325;SEC_610
1994;427;18-24;60;48;108;SEC_427
1994;627;16-17;38;23;61;SEC_627
1994;438;50-64;108;112;220;SEC_438
1994;123;50-64;113;123;236;SEC_123
1994;415;12-15;20;17;37;SEC_415
1994;311;12-15;34;33;67;SEC_311
1994;404;16-17;13;20;33;SEC_404
1994;114;35-49;217;199;416;SEC_114
1994;421;12-15;34;30;64;SEC_421
1994;627;65-74;34;19;53;SEC_627
1994;514;65-74;34;27;61;SEC_514
1994;515;16-17;8;11;19;SEC_515
1994;127;18-24;22;35;57;SEC_127
1994;416;25-34;61;70;131;SEC_416
1994;432;75 i +;24;14;38;SEC_432
1994;608;00-02;14;12;26;SEC_608
1994;102;25-34;115;143;258;SEC_102
1994;216;35-49;134;122;256;SEC_216
1994;210;03-11;19;30;49;SEC_210
1994;432;03-11;45;54;99;SEC_432
1994;315;16-17;30;22;52;SEC_315
1994;238;50-64;74;68;142;SEC_238
1994;609;50-64;91;133;224;SEC_609
1994;238;12-15;12;14;26;SEC_238
1994;502;35-49;170;160;330;SEC_502
1994;238;25-34;56;56;112;SEC_238
1994;325;65-74;104;96;200;SEC_325
1994;125;50-64;97;117;214;SEC_125
1994;507;65-74;37;31;68;SEC_507
1994;121;03-11;22;23;45;SEC_121
1994;120;50-64;96;105;201;SEC_120
1994;212;12-15;23;38;61;SEC_212
1994;536;16-17;16;12;28;SEC_536
1994;514;16-17;11;11;22;SEC_514
1994;402;25-34;56;83;139;SEC_402
1994;413;75 i +;27;13;40;SEC_413
1994;224;16-17;14;6;20;SEC_224
1994;106;65-74;43;34;77;SEC_106
1994;224;18-24;20;38;58;SEC_224
1994;314;00-02;26;34;60;SEC_314
1994;239;18-24;63;61;124;SEC_239
1994;317;16-17;12;16;28;SEC_317
1994;207;50-64;72;59;131;SEC_207
1994;139;50-64;72;80;152;SEC_139
1994;402;16-17;8;11;19;SEC_402
1994;304;65-74;105;71;176;SEC_304
1994;247;16-17;14;15;29;SEC_247
1994;240;12-15;16;12;28;SEC_240
1994;426;12-15;20;26;46;SEC_426
1994;105;35-49;166;165;331;SEC_105
1994;616;25-34;101;109;210;SEC_616
1994;631;25-34;86;79;165;SEC_631
1994;417;00-02;6;8;14;SEC_417
1994;503;65-74;25;17;42;SEC_503
1994;608;65-74;36;27;63;SEC_608
1994;102;12-15;46;51;97;SEC_102
1994;437;35-49;70;60;130;SEC_437
1994;227;35-49;60;52;112;SEC_227
1994;237;18-24;66;96;162;SEC_237
1994;621;16-17;40;54;94;SEC_621
1994;301;25-34;153;139;292;SEC_301
1994;426;03-11;23;34;57;SEC_426
1994;101;50-64;70;82;152;SEC_101
1994;409;00-02;7;6;13;SEC_409
1994;517;16-17;10;22;32;SEC_517
1994;306;00-02;17;10;27;SEC_306
1994;135;00-02;14;15;29;SEC_135
1994;121;35-49;47;47;94;SEC_121
1994;523;65-74;75;70;145;SEC_523
1994;614;35-49;121;102;223;SEC_614
1994;220;25-34;77;82;159;SEC_220
1994;132;35-49;257;257;514;SEC_132
1994;613;65-74;41;36;77;SEC_613
1994;117;18-24;122;120;242;SEC_117
1994;220;16-17;9;11;20;SEC_220
1994;418;03-11;41;52;93;SEC_418
1994;244;50-64;67;49;116;SEC_244
1994;519;18-24;42;41;83;SEC_519
1994;137;65-74;39;39;78;SEC_137
1994;402;35-49;75;75;150;SEC_402
1994;231;65-74;81;63;144;SEC_231
1994;421;25-34;93;106;199;SEC_421
1994;620;18-24;78;57;135;SEC_620
1994;127;25-34;85;67;152;SEC_127
1994;239;25-34;81;97;178;SEC_239
1994;626;12-15;26;30;56;SEC_626
1994;407;03-11;27;40;67;SEC_407
1994;521;65-74;38;43;81;SEC_521
1994;537;03-11;48;51;99;SEC_537
1994;301;65-74;80;64;144;SEC_301
1994;428;00-02;8;9;17;SEC_428
1994;624;03-11;43;44;87;SEC_624
1994;424;50-64;67;74;141;SEC_424
1994;407;50-64;125;126;251;SEC_407
1994;528;03-11;41;37;78;SEC_528
1994;203;65-74;63;47;110;SEC_203
1994;519;00-02;4;8;12;SEC_519
1994;434;25-34;42;43;85;SEC_434
1994;240;35-49;57;48;105;SEC_240
1994;411;65-74;66;65;131;SEC_411
1994;415;03-11;25;23;48;SEC_415
1994;626;25-34;103;107;210;SEC_626
1994;320;65-74;45;25;70;SEC_320
1994;131;50-64;101;116;217;SEC_131
1994;418;16-17;18;11;29;SEC_418
1994;249;65-74;67;54;121;SEC_249
1994;103;65-74;43;33;76;SEC_103
1994;221;03-11;31;50;81;SEC_221
1994;129;25-34;85;92;177;SEC_129
1994;221;75 i +;44;20;64;SEC_221
1994;240;18-24;45;35;80;SEC_240
1994;524;65-74;67;53;120;SEC_524
1994;227;65-74;51;36;87;SEC_227
1994;116;16-17;32;35;67;SEC_116
1994;514;18-24;44;38;82;SEC_514
1994;104;75 i +;54;30;84;SEC_104
1994;518;25-34;105;112;217;SEC_518
1994;219;03-11;42;44;86;SEC_219
1994;401;18-24;66;66;132;SEC_401
1994;632;25-34;89;111;200;SEC_632
1994;229;50-64;81;69;150;SEC_229
1994;128;65-74;38;39;77;SEC_128
1994;626;35-49;117;119;236;SEC_626
1994;529;65-74;70;61;131;SEC_529
1994;523;75 i +;71;27;98;SEC_523
1994;323;03-11;152;159;311;SEC_323
1994;625;65-74;17;19;36;SEC_625
1994;518;03-11;33;44;77;SEC_518
1994;522;00-02;7;8;15;SEC_522
1994;135;50-64;123;130;253;SEC_135
1994;132;00-02;30;29;59;SEC_132
1994;116;35-49;204;189;393;SEC_116
1994;531;50-64;101;107;208;SEC_531
1994;614;65-74;41;28;69;SEC_614
1994;202;16-17;10;6;16;SEC_202
1994;132;65-74;63;52;115;SEC_132
1994;235;03-11;37;33;70;SEC_235
1994;322;50-64;112;106;218;SEC_322
1994;620;12-15;25;25;50;SEC_620
1994;224;03-11;15;20;35;SEC_224
1994;632;65-74;37;30;67;SEC_632
1994;235;35-49;109;101;210;SEC_235
1994;534;35-49;88;86;174;SEC_534
1994;431;65-74;83;73;156;SEC_431
1994;409;65-74;27;25;52;SEC_409
1994;310;25-34;84;60;144;SEC_310
1994;322;35-49;130;123;253;SEC_322
1994;133;00-02;10;11;21;SEC_133
1994;219;18-24;69;59;128;SEC_219
1994;229;35-49;46;46;92;SEC_229
1994;440;35-49;113;91;204;SEC_440
1994;108;35-49;150;138;288;SEC_108
1994;315;03-11;73;79;152;SEC_315
1994;226;35-49;100;109;209;SEC_226
1994;618;00-02;1;5;6;SEC_618
1994;531;75 i +;38;21;59;SEC_531
1994;201;25-34;48;52;100;SEC_201
1994;524;35-49;93;100;193;SEC_524
1994;434;18-24;27;23;50;SEC_434
1994;111;18-24;78;93;171;SEC_111
1994;242;16-17;9;15;24;SEC_242
1994;630;00-02;10;4;14;SEC_630
1994;402;12-15;14;20;34;SEC_402
1994;616;35-49;188;190;378;SEC_616
1994;434;65-74;74;48;122;SEC_434
1994;138;25-34;64;55;119;SEC_138
1994;324;65-74;56;39;95;SEC_324
1994;111;35-49;118;106;224;SEC_111
1994;308;35-49;167;157;324;SEC_308
1994;414;25-34;69;75;144;SEC_414
1994;628;25-34;76;78;154;SEC_628
1994;442;50-64;58;62;120;SEC_442
1994;506;00-02;23;35;58;SEC_506
1994;631;00-02;9;11;20;SEC_631
1994;408;65-74;45;36;81;SEC_408
1994;140;35-49;94;89;183;SEC_140
1994;424;35-49;64;56;120;SEC_424
1994;228;00-02;8;6;14;SEC_228
1994;242;18-24;52;54;106;SEC_242
1994;509;16-17;14;14;28;SEC_509
1994;401;50-64;137;130;267;SEC_401
1994;410;65-74;90;95;185;SEC_410
1994;128;03-11;46;41;87;SEC_128
1994;416;18-24;37;54;91;SEC_416
1994;406;00-02;23;17;40;SEC_406
1994;502;12-15;50;33;83;SEC_502
1994;614;50-64;119;128;247;SEC_614
1994;120;35-49;218;235;453;SEC_120
1994;223;03-11;33;44;77;SEC_223
1994;611;65-74;75;50;125;SEC_611
1994;414;18-24;59;59;118;SEC_414
1994;225;16-17;4;7;11;SEC_225
1994;621;03-11;70;91;161;SEC_621
1994;203;50-64;81;80;161;SEC_203
1994;610;50-64;156;206;362;SEC_610
1994;423;00-02;9;7;16;SEC_423
1994;240;03-11;23;27;50;SEC_240
1994;129;75 i +;34;16;50;SEC_129
1994;235;12-15;19;29;48;SEC_235
1994;211;65-74;110;85;195;SEC_211
1994;114;03-11;70;62;132;SEC_114
1994;208;00-02;12;11;23;SEC_208
1994;429;75 i +;28;16;44;SEC_429
1994;115;50-64;104;98;202;SEC_115
1994;322;75 i +;36;17;53;SEC_322
1994;106;75 i +;20;21;41;SEC_106
1994;317;12-15;16;19;35;SEC_317
1994;216;75 i +;36;25;61;SEC_216
1994;525;00-02;9;6;15;SEC_525
1994;434;16-17;8;10;18;SEC_434
1994;316;00-02;18;20;38;SEC_316
1994;236;18-24;75;71;146;SEC_236
1994;418;35-49;105;113;218;SEC_418
1994;101;12-15;33;48;81;SEC_101
1994;320;50-64;101;121;222;SEC_320
1994;206;75 i +;52;27;79;SEC_206
1994;609;18-24;110;110;220;SEC_609
1994;423;12-15;20;19;39;SEC_423
1994;313;65-74;59;60;119;SEC_313
1994;223;75 i +;52;19;71;SEC_223
1994;322;18-24;92;71;163;SEC_322
1994;523;50-64;170;163;333;SEC_523
1994;228;65-74;53;30;83;SEC_228
1994;225;75 i +;19;21;40;SEC_225
1994;408;35-49;90;88;178;SEC_408
1994;121;00-02;12;5;17;SEC_121
1994;617;00-02;11;12;23;SEC_617
1994;532;65-74;85;81;166;SEC_532
1994;507;12-15;26;28;54;SEC_507
1994;433;65-74;54;39;93;SEC_433
1994;431;12-15;44;36;80;SEC_431
1994;217;65-74;43;36;79;SEC_217
1994;613;25-34;110;107;217;SEC_613
1994;140;18-24;73;74;147;SEC_140
1994;120;03-11;91;102;193;SEC_120
1994;535;25-34;58;67;125;SEC_535
1994;216;12-15;36;22;58;SEC_216
1994;229;18-24;39;31;70;SEC_229
1994;429;00-02;4;7;11;SEC_429
1994;225;25-34;35;29;64;SEC_225
1994;605;00-02;4;7;11;SEC_605
1994;324;00-02;5;9;14;SEC_324
1994;312;18-24;97;102;199;SEC_312
1994;124;25-34;63;54;117;SEC_124
1994;511;75 i +;31;10;41;SEC_511
1994;419;03-11;34;29;63;SEC_419
1994;629;25-34;55;61;116;SEC_629
1994;534;25-34;80;78;158;SEC_534
1994;535;03-11;60;64;124;SEC_535
1994;409;50-64;83;89;172;SEC_409
1994;530;18-24;81;82;163;SEC_530
1994;418;12-15;26;20;46;SEC_418
1994;305;25-34;88;106;194;SEC_305
1994;426;65-74;53;45;98;SEC_426
1994;535;16-17;26;27;53;SEC_535
1994;248;12-15;19;30;49;SEC_248
1994;322;25-34;89;110;199;SEC_322
1994;428;16-17;4;8;12;SEC_428
1994;108;25-34;106;107;213;SEC_108
1994;514;25-34;64;75;139;SEC_514
1994;136;35-49;144;146;290;SEC_136
1994;121;25-34;88;113;201;SEC_121
1994;533;00-02;10;7;17;SEC_533
1994;427;50-64;111;77;188;SEC_427
1994;440;18-24;124;105;229;SEC_440
1994;125;16-17;33;39;72;SEC_125
1994;503;35-49;139;145;284;SEC_503
1994;232;75 i +;69;27;96;SEC_232
1994;442;35-49;73;58;131;SEC_442
1994;111;12-15;16;31;47;SEC_111
1994;616;18-24;166;178;344;SEC_616
1994;218;12-15;20;20;40;SEC_218
1994;530;50-64;171;154;325;SEC_530
1994;103;03-11;29;25;54;SEC_103
1994;427;00-02;6;8;14;SEC_427
1994;506;50-64;159;191;350;SEC_506
1994;137;00-02;18;16;34;SEC_137
1994;424;75 i +;14;7;21;SEC_424
1994;520;18-24;64;64;128;SEC_520
1994;306;75 i +;55;34;89;SEC_306
1994;538;35-49;99;107;206;SEC_538
1994;538;25-34;106;98;204;SEC_538
1994;509;25-34;66;69;135;SEC_509
1994;106;18-24;120;129;249;SEC_106
1994;109;50-64;107;94;201;SEC_109
1994;527;00-02;8;8;16;SEC_527
1994;241;12-15;11;8;19;SEC_241
1994;236;03-11;32;29;61;SEC_236
1994;425;75 i +;41;22;63;SEC_425
1994;312;75 i +;20;10;30;SEC_312
1994;247;50-64;118;125;243;SEC_247
1994;504;16-17;15;25;40;SEC_504
1994;241;00-02;3;4;7;SEC_241
1994;118;75 i +;13;16;29;SEC_118
1994;536;65-74;57;54;111;SEC_536
1994;504;00-02;9;6;15;SEC_504
1994;407;65-74;74;70;144;SEC_407
1994;216;16-17;16;31;47;SEC_216
1994;222;18-24;44;65;109;SEC_222
1994;109;00-02;10;18;28;SEC_109
1994;416;00-02;5;9;14;SEC_416
1994;433;16-17;12;18;30;SEC_433
1994;201;65-74;42;34;76;SEC_201
1994;310;18-24;39;57;96;SEC_310
1994;119;75 i +;31;21;52;SEC_119
1994;628;75 i +;21;13;34;SEC_628
1994;137;18-24;92;100;192;SEC_137
1994;510;12-15;20;26;46;SEC_510
1994;514;12-15;14;22;36;SEC_514
1994;536;50-64;124;116;240;SEC_536
1994;140;50-64;124;116;240;SEC_140
1994;212;35-49;120;117;237;SEC_212
1994;536;25-34;72;89;161;SEC_536
1994;137;12-15;54;31;85;SEC_137
1994;219;25-34;91;99;190;SEC_219
1994;227;16-17;12;10;22;SEC_227
1994;442;25-34;58;51;109;SEC_442
1994;110;65-74;38;31;69;SEC_110
1994;302;03-11;61;53;114;SEC_302
1994;133;16-17;15;14;29;SEC_133
1994;630;03-11;39;43;82;SEC_630
1994;218;18-24;37;42;79;SEC_218
1994;510;75 i +;27;19;46;SEC_510
1994;124;65-74;32;30;62;SEC_124
1994;234;75 i +;69;33;102;SEC_234
1994;621;50-64;115;136;251;SEC_621
1994;305;12-15;37;32;69;SEC_305
1994;101;75 i +;17;7;24;SEC_101
1994;316;18-24;121;121;242;SEC_316
1994;202;50-64;77;73;150;SEC_202
1994;301;12-15;38;47;85;SEC_301
1994;626;03-11;46;42;88;SEC_626
1994;414;12-15;15;26;41;SEC_414
1994;305;03-11;72;70;142;SEC_305
1994;538;03-11;34;45;79;SEC_538
1994;411;03-11;39;22;61;SEC_411
1994;306;35-49;185;181;366;SEC_306
1994;522;75 i +;25;23;48;SEC_522
1994;216;00-02;7;10;17;SEC_216
1994;502;16-17;30;37;67;SEC_502
1994;508;00-02;8;9;17;SEC_508
1994;535;00-02;8;8;16;SEC_535
1994;525;16-17;17;14;31;SEC_525
1994;531;12-15;15;20;35;SEC_531
1994;203;25-34;53;58;111;SEC_203
1994;133;03-11;35;35;70;SEC_133
1994;414;65-74;62;47;109;SEC_414
1994;434;12-15;15;12;27;SEC_434
1994;522;12-15;17;20;37;SEC_522
1994;601;12-15;54;59;113;SEC_601
1994;601;00-02;11;14;25;SEC_601
1994;522;65-74;39;30;69;SEC_522
1994;134;03-11;63;72;135;SEC_134
1994;207;35-49;78;62;140;SEC_207
1994;411;25-34;76;75;151;SEC_411
1994;433;18-24;58;67;125;SEC_433
1994;401;00-02;16;4;20;SEC_401
1994;438;00-02;5;9;14;SEC_438
1994;518;50-64;145;136;281;SEC_518
1994;101;03-11;67;57;124;SEC_101
1994;239;35-49;93;77;170;SEC_239
1994;422;00-02;7;15;22;SEC_422
1994;316;35-49;473;473;946;SEC_316
1994;323;12-15;118;117;235;SEC_323
1994;117;50-64;125;134;259;SEC_117
1994;121;75 i +;26;20;46;SEC_121
1994;246;03-11;33;27;60;SEC_246
1994;104;12-15;15;17;32;SEC_104
1994;403;25-34;101;98;199;SEC_403
1994;609;65-74;32;26;58;SEC_609
1994;239;65-74;83;72;155;SEC_239
1994;303;00-02;11;15;26;SEC_303
1994;220;12-15;19;18;37;SEC_220
1994;249;03-11;22;28;50;SEC_249
1994;101;65-74;37;31;68;SEC_101
1994;234;65-74;88;56;144;SEC_234
1994;226;03-11;34;34;68;SEC_226
1994;109;16-17;21;14;35;SEC_109
1994;321;35-49;317;295;612;SEC_321
1994;201;18-24;46;53;99;SEC_201
1994;222;35-49;84;72;156;SEC_222
1994;619;03-11;57;72;129;SEC_619
1994;124;03-11;56;39;95;SEC_124
1994;108;12-15;24;28;52;SEC_108
1994;520;50-64;92;97;189;SEC_520
1994;533;12-15;14;14;28;SEC_533
1994;118;35-49;275;277;552;SEC_118
1994;103;00-02;6;7;13;SEC_103
1994;240;75 i +;42;16;58;SEC_240
1994;201;50-64;91;90;181;SEC_201
1994;206;16-17;11;13;24;SEC_206
1994;319;00-02;5;8;13;SEC_319
1994;613;12-15;24;24;48;SEC_613
1994;608;35-49;101;95;196;SEC_608
1994;407;75 i +;28;21;49;SEC_407
1994;302;25-34;122;124;246;SEC_302
1994;207;16-17;5;12;17;SEC_207
1994;301;00-02;13;17;30;SEC_301
1994;525;35-49;74;77;151;SEC_525
1994;114;12-15;66;54;120;SEC_114
1994;421;35-49;110;86;196;SEC_421
1994;628;16-17;24;33;57;SEC_628
1994;414;16-17;14;13;27;SEC_414
1994;503;25-34;78;64;142;SEC_503
1994;606;75 i +;32;13;45;SEC_606
1994;108;75 i +;72;39;111;SEC_108
1994;242;35-49;83;92;175;SEC_242
1994;520;25-34;79;67;146;SEC_520
1994;312;03-11;64;35;99;SEC_312
1994;523;25-34;108;104;212;SEC_523
1994;132;03-11;103;96;199;SEC_132
1994;319;25-34;68;65;133;SEC_319
1994;120;25-34;130;111;241;SEC_120
1994;412;75 i +;38;22;60;SEC_412
1994;439;12-15;16;18;34;SEC_439
1994;432;18-24;72;85;157;SEC_432
1994;624;75 i +;24;12;36;SEC_624
1994;105;03-11;54;67;121;SEC_105
1994;310;50-64;68;68;136;SEC_310
1994;126;00-02;14;5;19;SEC_126
1994;511;18-24;46;54;100;SEC_511
1994;611;35-49;147;101;248;SEC_611
1994;135;16-17;30;30;60;SEC_135
1994;232;16-17;9;14;23;SEC_232
1994;616;03-11;79;84;163;SEC_616
1994;519;75 i +;16;11;27;SEC_519
1994;135;75 i +;39;17;56;SEC_135
1994;110;25-34;88;85;173;SEC_110
1994;416;16-17;3;7;10;SEC_416
1994;506;18-24;181;185;366;SEC_506
1994;601;18-24;102;139;241;SEC_601
1994;106;16-17;35;60;95;SEC_106
1994;522;25-34;65;68;133;SEC_522
1994;433;35-49;84;85;169;SEC_433
1994;113;16-17;32;25;57;SEC_113
1994;301;75 i +;56;22;78;SEC_301
1994;604;18-24;70;80;150;SEC_604
1994;127;12-15;19;28;47;SEC_127
1994;519;35-49;35;36;71;SEC_519
1994;536;35-49;85;75;160;SEC_536
1994;321;25-34;130;137;267;SEC_321
1994;423;25-34;77;90;167;SEC_423
1994;503;16-17;26;23;49;SEC_503
1994;516;00-02;8;5;13;SEC_516
1994;248;18-24;56;64;120;SEC_248
1994;107;03-11;77;84;161;SEC_107
1994;135;18-24;67;98;165;SEC_135
1994;223;00-02;13;16;29;SEC_223
1994;521;12-15;43;45;88;SEC_521
1994;440;03-11;21;29;50;SEC_440
1994;243;25-34;145;156;301;SEC_243
1994;410;18-24;126;116;242;SEC_410
1994;315;25-34;135;116;251;SEC_315
1994;309;16-17;12;14;26;SEC_309
1994;419;35-49;65;68;133;SEC_419
1994;312;25-34;110;118;228;SEC_312
1994;319;65-74;36;26;62;SEC_319
1994;114;18-24;134;145;279;SEC_114
1994;203;18-24;40;39;79;SEC_203
1994;510;50-64;121;115;236;SEC_510
1994;629;18-24;53;63;116;SEC_629
1994;534;12-15;18;26;44;SEC_534
1994;135;65-74;56;47;103;SEC_135
1994;210;50-64;111;93;204;SEC_210
1994;218;03-11;24;39;63;SEC_218
1994;438;35-49;65;75;140;SEC_438
1994;204;00-02;3;7;10;SEC_204
1994;308;16-17;27;23;50;SEC_308
1994;504;35-49;126;123;249;SEC_504
1994;232;12-15;23;20;43;SEC_232
1994;310;12-15;27;33;60;SEC_310
1994;435;12-15;17;27;44;SEC_435
1994;428;03-11;18;13;31;SEC_428
1994;203;00-02;7;7;14;SEC_203
1994;613;50-64;166;221;387;SEC_613
1994;138;03-11;37;62;99;SEC_138
1994;428;50-64;62;46;108;SEC_428
1994;111;03-11;48;33;81;SEC_111
1994;609;25-34;70;81;151;SEC_609
1994;248;65-74;77;51;128;SEC_248
1994;234;00-02;9;10;19;SEC_234
1994;220;00-02;5;2;7;SEC_220
1994;616;75 i +;22;13;35;SEC_616
1994;207;00-02;5;6;11;SEC_207
1994;519;25-34;59;60;119;SEC_519
1994;219;12-15;18;24;42;SEC_219
1994;230;12-15;10;10;20;SEC_230
1994;229;16-17;6;10;16;SEC_229
1994;618;18-24;63;72;135;SEC_618
1994;245;18-24;42;65;107;SEC_245
1994;134;18-24;91;80;171;SEC_134
1994;133;50-64;86;79;165;SEC_133
1994;122;16-17;14;8;22;SEC_122
1994;529;00-02;7;13;20;SEC_529
1994;620;65-74;11;10;21;SEC_620
1994;130;35-49;66;68;134;SEC_130
1994;405;25-34;76;103;179;SEC_405
1994;618;50-64;66;75;141;SEC_618
1994;511;12-15;10;13;23;SEC_511
1994;442;18-24;52;48;100;SEC_442
1994;116;50-64;124;141;265;SEC_116
1994;205;50-64;90;94;184;SEC_205
1994;242;75 i +;59;30;89;SEC_242
1994;503;18-24;53;57;110;SEC_503
1994;321;65-74;83;63;146;SEC_321
1994;311;00-02;10;13;23;SEC_311
1994;307;35-49;241;232;473;SEC_307
1994;411;35-49;109;96;205;SEC_411
1994;538;75 i +;44;24;68;SEC_538
1994;205;35-49;96;84;180;SEC_205
1994;519;03-11;25;24;49;SEC_519
1994;121;16-17;7;10;17;SEC_121
1994;203;35-49;54;53;107;SEC_203
1994;424;03-11;27;20;47;SEC_424
1994;506;25-34;158;167;325;SEC_506
1994;534;50-64;99;105;204;SEC_534
1994;417;75 i +;17;10;27;SEC_417
1994;116;03-11;73;54;127;SEC_116
1994;208;50-64;245;211;456;SEC_208
1994;606;00-02;15;16;31;SEC_606
1994;132;12-15;66;94;160;SEC_132
1994;431;16-17;19;26;45;SEC_431
1994;403;18-24;74;90;164;SEC_403
1994;115;18-24;73;120;193;SEC_115
1994;532;50-64;161;162;323;SEC_532
1994;406;50-64;139;137;276;SEC_406
1994;245;16-17;10;15;25;SEC_245
1994;249;75 i +;48;24;72;SEC_249
1994;523;35-49;102;104;206;SEC_523
1994;227;25-34;53;50;103;SEC_227
1994;538;00-02;6;9;15;SEC_538
1994;517;25-34;99;112;211;SEC_517
1994;624;25-34;55;95;150;SEC_624
1994;131;16-17;34;40;74;SEC_131
1994;512;16-17;13;13;26;SEC_512
1994;506;16-17;48;49;97;SEC_506
1994;412;03-11;75;73;148;SEC_412
1994;223;65-74;60;48;108;SEC_223
1994;533;18-24;64;52;116;SEC_533
1994;129;16-17;21;22;43;SEC_129
1994;244;12-15;11;8;19;SEC_244
1994;622;35-49;124;118;242;SEC_622
1994;430;18-24;53;57;110;SEC_430
1994;222;12-15;22;25;47;SEC_222
1994;227;00-02;3;7;10;SEC_227
1994;416;65-74;50;36;86;SEC_416
1994;409;16-17;9;11;20;SEC_409
1994;516;35-49;43;53;96;SEC_516
1994;626;75 i +;20;12;32;SEC_626
1994;401;12-15;28;28;56;SEC_401
1994;129;00-02;19;5;24;SEC_129
1994;210;12-15;21;9;30;SEC_210
1994;205;12-15;23;22;45;SEC_205
1994;319;35-49;113;107;220;SEC_319
1994;415;18-24;36;40;76;SEC_415
1994;604;00-02;5;11;16;SEC_604
1994;117;25-34;120;126;246;SEC_117
1994;409;18-24;50;59;109;SEC_409
1994;233;18-24;45;45;90;SEC_233
1994;242;00-02;10;4;14;SEC_242
1994;121;12-15;11;10;21;SEC_121
1994;627;25-34;66;76;142;SEC_627
1994;201;16-17;4;17;21;SEC_201
1994;324;50-64;66;71;137;SEC_324
1994;621;25-34;109;105;214;SEC_621
1994;225;18-24;36;25;61;SEC_225
1994;526;65-74;42;32;74;SEC_526
1994;536;12-15;20;20;40;SEC_536
1994;424;12-15;10;22;32;SEC_424
1994;628;00-02;15;11;26;SEC_628
1994;429;65-74;45;39;84;SEC_429
1994;405;65-74;56;44;100;SEC_405
1994;245;25-34;69;68;137;SEC_245
1994;606;12-15;35;24;59;SEC_606
1994;325;18-24;127;144;271;SEC_325
1994;405;35-49;58;55;113;SEC_405
1994;307;50-64;134;132;266;SEC_307
1994;620;75 i +;13;3;16;SEC_620
1994;120;00-02;18;18;36;SEC_120
1994;627;12-15;54;58;112;SEC_627
1994;414;50-64;104;103;207;SEC_414
1994;514;35-49;64;65;129;SEC_514
1994;247;35-49;100;110;210;SEC_247
1994;209;75 i +;66;32;98;SEC_209
1994;505;65-74;46;41;87;SEC_505
1994;205;16-17;12;16;28;SEC_205
1994;215;16-17;9;9;18;SEC_215
1994;131;25-34;100;126;226;SEC_131
1994;513;75 i +;39;11;50;SEC_513
1994;601;25-34;95;109;204;SEC_601
1994;230;18-24;50;40;90;SEC_230
1994;422;75 i +;53;29;82;SEC_422
1994;439;25-34;108;110;218;SEC_439
1994;632;16-17;31;27;58;SEC_632
1994;537;75 i +;39;28;67;SEC_537
1994;226;00-02;6;5;11;SEC_226
1994;613;16-17;21;25;46;SEC_613
1994;629;35-49;62;57;119;SEC_629
1994;603;50-64;72;81;153;SEC_603
1994;137;16-17;17;26;43;SEC_137
1994;610;16-17;28;21;49;SEC_610
1994;615;25-34;67;72;139;SEC_615
1994;433;25-34;99;102;201;SEC_433
1994;626;00-02;5;12;17;SEC_626
1994;306;65-74;93;71;164;SEC_306
1994;243;50-64;161;153;314;SEC_243
1994;533;16-17;8;15;23;SEC_533
1994;227;12-15;14;10;24;SEC_227
1994;441;25-34;129;118;247;SEC_441
1994;608;50-64;114;99;213;SEC_608
1994;603;75 i +;9;8;17;SEC_603
1994;224;75 i +;27;12;39;SEC_224
1994;605;03-11;17;16;33;SEC_605
1994;237;16-17;12;14;26;SEC_237
1994;430;25-34;72;84;156;SEC_430
1994;310;35-49;107;129;236;SEC_310
1994;511;16-17;11;6;17;SEC_511
1994;417;16-17;6;17;23;SEC_417
1994;420;12-15;22;27;49;SEC_420
1994;520;12-15;17;27;44;SEC_520
1994;310;03-11;58;54;112;SEC_310
1994;532;35-49;134;116;250;SEC_532
1994;206;35-49;73;66;139;SEC_206
1994;117;12-15;67;74;141;SEC_117
1994;439;50-64;124;129;253;SEC_439
1994;233;16-17;2;10;12;SEC_233
1994;140;75 i +;35;19;54;SEC_140
1994;323;35-49;426;418;844;SEC_323
1994;417;03-11;28;26;54;SEC_417
1994;204;18-24;34;24;58;SEC_204
1994;403;50-64;157;160;317;SEC_403
1994;404;12-15;28;26;54;SEC_404
1994;435;35-49;83;97;180;SEC_435
1994;423;50-64;134;135;269;SEC_423
1994;304;75 i +;60;42;102;SEC_304
1994;529;75 i +;59;28;87;SEC_529
1994;128;75 i +;29;13;42;SEC_128
1994;528;65-74;57;56;113;SEC_528
1994;509;75 i +;36;14;50;SEC_509
1994;535;75 i +;26;16;42;SEC_535
1994;231;16-17;16;16;32;SEC_231
1994;220;35-49;68;57;125;SEC_220
1994;314;25-34;203;183;386;SEC_314
1994;509;65-74;25;29;54;SEC_509
1994;615;65-74;31;19;50;SEC_615
1994;215;12-15;14;21;35;SEC_215
1994;416;03-11;17;16;33;SEC_416
1994;421;03-11;24;44;68;SEC_421
1994;248;35-49;111;84;195;SEC_248
1994;245;75 i +;55;26;81;SEC_245
1994;308;00-02;8;9;17;SEC_308
1994;437;25-34;68;94;162;SEC_437
1994;221;50-64;125;129;254;SEC_221
1994;413;65-74;37;30;67;SEC_413
1994;524;18-24;106;85;191;SEC_524
1994;127;03-11;60;44;104;SEC_127
1994;235;16-17;14;23;37;SEC_235
1994;217;16-17;5;8;13;SEC_217
1994;205;00-02;9;5;14;SEC_205
1994;428;65-74;29;36;65;SEC_428
1994;318;75 i +;6;10;16;SEC_318
1994;404;75 i +;51;28;79;SEC_404
1994;606;65-74;55;40;95;SEC_606
1994;210;65-74;80;75;155;SEC_210
1994;201;00-02;4;4;8;SEC_201
1994;204;12-15;6;11;17;SEC_204
1994;240;25-34;46;62;108;SEC_240
1994;437;00-02;11;10;21;SEC_437
1994;115;12-15;44;44;88;SEC_115
1994;209;03-11;30;39;69;SEC_209
1994;125;25-34;85;89;174;SEC_125
1994;425;12-15;21;10;31;SEC_425
1994;122;00-02;13;5;18;SEC_122
1994;516;12-15;12;15;27;SEC_516
1994;523;18-24;88;79;167;SEC_523
1994;309;00-02;13;10;23;SEC_309
1994;123;16-17;17;24;41;SEC_123
1994;406;16-17;24;28;52;SEC_406
1994;524;25-34;114;108;222;SEC_524
1994;508;16-17;14;6;20;SEC_508
1994;505;35-49;175;125;300;SEC_505
1994;435;18-24;52;53;105;SEC_435
1994;534;18-24;68;75;143;SEC_534
1994;204;25-34;40;48;88;SEC_204
1994;131;35-49;217;215;432;SEC_131
1994;601;35-49;178;163;341;SEC_601
1994;129;50-64;104;117;221;SEC_129
1994;225;50-64;57;52;109;SEC_225
1994;221;16-17;17;21;38;SEC_221
1994;622;65-74;37;27;64;SEC_622
1994;303;75 i +;64;36;100;SEC_303
1994;105;18-24;65;73;138;SEC_105
1994;113;00-02;14;19;33;SEC_113
1994;107;65-74;79;52;131;SEC_107
1994;502;03-11;61;53;114;SEC_502
1994;605;50-64;116;126;242;SEC_605
1994;417;50-64;62;63;125;SEC_417
1994;611;75 i +;32;19;51;SEC_611
1994;248;75 i +;63;41;104;SEC_248
1994;624;12-15;38;41;79;SEC_624
1994;410;35-49;174;164;338;SEC_410
1994;617;65-74;42;46;88;SEC_617
1994;309;25-34;73;58;131;SEC_309
1994;134;50-64;90;94;184;SEC_134
1994;230;25-34;72;89;161;SEC_230
1994;318;12-15;28;30;58;SEC_318
1994;217;03-11;21;24;45;SEC_217
1994;534;65-74;50;40;90;SEC_534
1994;537;25-34;89;93;182;SEC_537
1994;625;12-15;77;78;155;SEC_625
1994;306;12-15;41;44;85;SEC_306
1994;126;12-15;27;26;53;SEC_126
1994;216;03-11;36;45;81;SEC_216
1994;202;75 i +;35;18;53;SEC_202
1994;612;03-11;40;45;85;SEC_612
1994;623;00-02;18;16;34;SEC_623
1994;535;35-49;159;144;303;SEC_535
1994;602;16-17;8;8;16;SEC_602
1994;615;12-15;20;24;44;SEC_615
1994;222;65-74;59;40;99;SEC_222
1994;208;25-34;123;148;271;SEC_208
1994;119;18-24;104;117;221;SEC_119
1994;535;50-64;105;136;241;SEC_535
1994;608;75 i +;22;8;30;SEC_608
1994;239;03-11;19;29;48;SEC_239
1994;235;00-02;12;12;24;SEC_235
1994;236;75 i +;41;39;80;SEC_236
1994;320;03-11;25;18;43;SEC_320
1994;237;65-74;80;54;134;SEC_237
1994;603;00-02;6;8;14;SEC_603
1994;227;50-64;75;68;143;SEC_227
1994;318;25-34;82;63;145;SEC_318
1994;205;25-34;68;71;139;SEC_205
1994;619;50-64;165;157;322;SEC_619
1994;105;12-15;50;43;93;SEC_105
1994;619;25-34;121;140;261;SEC_619
1994;530;75 i +;55;32;87;SEC_530
1994;604;12-15;22;28;50;SEC_604
1994;626;16-17;24;19;43;SEC_626
1994;122;50-64;128;134;262;SEC_122
1994;439;65-74;54;40;94;SEC_439
1994;118;00-02;20;27;47;SEC_118
1994;427;25-34;69;79;148;SEC_427
1994;411;16-17;27;12;39;SEC_411
1994;440;75 i +;38;28;66;SEC_440
1994;108;00-02;12;16;28;SEC_108
1994;321;00-02;24;18;42;SEC_321
1994;412;12-15;56;62;118;SEC_412
1994;105;00-02;20;19;39;SEC_105
1994;623;18-24;147;161;308;SEC_623
1994;408;00-02;7;6;13;SEC_408
1994;306;03-11;53;80;133;SEC_306
1994;224;00-02;3;8;11;SEC_224
1994;218;35-49;84;84;168;SEC_218
1994;239;50-64;141;123;264;SEC_239
1994;606;25-34;124;151;275;SEC_606
1994;407;18-24;57;68;125;SEC_407
1994;115;35-49;178;173;351;SEC_115
1994;117;35-49;275;272;547;SEC_117
1994;133;65-74;51;49;100;SEC_133
1994;203;16-17;7;7;14;SEC_203
1994;241;50-64;80;65;145;SEC_241
1994;310;75 i +;23;12;35;SEC_310
1994;436;18-24;58;46;104;SEC_436
1994;224;25-34;47;53;100;SEC_224
1994;321;18-24;134;133;267;SEC_321
1994;314;65-74;74;61;135;SEC_314
1994;422;50-64;108;100;208;SEC_422
1994;302;18-24;106;110;216;SEC_302
1994;238;03-11;19;31;50;SEC_238
1994;111;65-74;34;40;74;SEC_111
1994;417;12-15;18;19;37;SEC_417
1994;522;18-24;47;51;98;SEC_522
1994;603;25-34;59;55;114;SEC_603
1994;225;12-15;9;19;28;SEC_225
1994;123;00-02;14;21;35;SEC_123
1994;439;16-17;10;12;22;SEC_439
1994;128;35-49;122;107;229;SEC_128
1994;302;12-15;49;52;101;SEC_302
1994;430;16-17;12;9;21;SEC_430
1994;223;16-17;13;10;23;SEC_223
1994;325;00-02;14;22;36;SEC_325
1994;244;00-02;6;7;13;SEC_244
1994;303;03-11;41;42;83;SEC_303
1994;324;25-34;71;73;144;SEC_324
1994;608;03-11;42;60;102;SEC_608
1994;413;03-11;20;24;44;SEC_413
1994;528;50-64;135;135;270;SEC_528
1994;611;50-64;203;256;459;SEC_611
1994;513;00-02;3;8;11;SEC_513
1994;442;65-74;40;28;68;SEC_442
1994;413;50-64;56;61;117;SEC_413
1994;208;12-15;39;39;78;SEC_208
1994;509;18-24;55;72;127;SEC_509
1994;434;35-49;49;63;112;SEC_434
1994;309;75 i +;23;7;30;SEC_309
1994;627;75 i +;15;13;28;SEC_627
1994;139;03-11;26;44;70;SEC_139
1994;312;16-17;14;21;35;SEC_312
1994;512;65-74;48;39;87;SEC_512
1994;405;03-11;23;21;44;SEC_405
1994;119;16-17;52;47;99;SEC_119
1994;436;16-17;13;12;25;SEC_436
1994;229;03-11;16;22;38;SEC_229
1994;617;50-64;136;124;260;SEC_617
1994;214;03-11;20;26;46;SEC_214
1994;104;25-34;58;82;140;SEC_104
1994;617;16-17;27;26;53;SEC_617
1994;435;75 i +;79;33;112;SEC_435
1994;324;18-24;39;56;95;SEC_324
1994;612;18-24;130;152;282;SEC_612
1994;104;50-64;93;81;174;SEC_104
1994;436;12-15;14;20;34;SEC_436
1994;204;65-74;50;38;88;SEC_204
1994;506;12-15;78;70;148;SEC_506
1994;617;75 i +;19;15;34;SEC_617
1994;304;12-15;19;18;37;SEC_304
1994;301;50-64;206;215;421;SEC_301
1994;311;25-34;123;129;252;SEC_311
1994;607;12-15;21;28;49;SEC_607
1994;434;50-64;55;55;110;SEC_434
1994;427;65-74;47;54;101;SEC_427
1994;101;35-49;131;130;261;SEC_101
1994;620;16-17;12;10;22;SEC_620
1994;431;03-11;53;63;116;SEC_431
1994;236;16-17;8;10;18;SEC_236
1994;126;16-17;29;30;59;SEC_126
1994;623;25-34;108;105;213;SEC_623
1994;441;18-24;102;143;245;SEC_441
1994;615;16-17;26;22;48;SEC_615
1994;323;75 i +;34;11;45;SEC_323
1994;610;65-74;59;46;105;SEC_610
1994;122;03-11;24;22;46;SEC_122
1994;111;00-02;19;7;26;SEC_111
1994;437;16-17;11;12;23;SEC_437
1994;306;25-34;112;124;236;SEC_306
1994;405;00-02;5;13;18;SEC_405
1994;522;03-11;35;29;64;SEC_522
1994;235;75 i +;64;36;100;SEC_235
1994;535;65-74;40;31;71;SEC_535
1994;538;50-64;167;154;321;SEC_538
1994;205;18-24;46;42;88;SEC_205
1994;111;75 i +;32;17;49;SEC_111
1994;504;12-15;18;33;51;SEC_504
1994;608;12-15;34;27;61;SEC_608
1994;537;16-17;19;21;40;SEC_537
1994;607;65-74;46;43;89;SEC_607
1994;619;12-15;55;54;109;SEC_619
1994;621;18-24;141;182;323;SEC_621
1994;420;03-11;35;46;81;SEC_420
1994;622;75 i +;30;15;45;SEC_622
1994;232;50-64;106;98;204;SEC_232
1994;129;65-74;41;34;75;SEC_129
1994;501;35-49;186;173;359;SEC_501
1994;625;35-49;244;235;479;SEC_625
1994;244;18-24;39;28;67;SEC_244
1994;530;65-74;88;69;157;SEC_530
1994;431;18-24;88;85;173;SEC_431
1994;618;16-17;15;12;27;SEC_618
1994;211;18-24;51;69;120;SEC_211
1994;230;00-02;5;4;9;SEC_230
1994;140;16-17;20;18;38;SEC_140
1994;401;25-34;86;104;190;SEC_401
1994;228;03-11;12;18;30;SEC_228
1994;438;65-74;32;23;55;SEC_438
1994;509;12-15;20;15;35;SEC_509
1994;420;00-02;14;11;25;SEC_420
1994;519;12-15;5;19;24;SEC_519
1994;232;25-34;75;75;150;SEC_232
1994;508;18-24;43;38;81;SEC_508
1994;424;16-17;13;12;25;SEC_424
1994;534;00-02;6;8;14;SEC_534
1994;629;75 i +;21;6;27;SEC_629
1994;528;25-34;90;109;199;SEC_528
1994;505;16-17;32;34;66;SEC_505
1994;604;16-17;17;14;31;SEC_604
1994;529;03-11;25;37;62;SEC_529
1994;313;25-34;143;147;290;SEC_313
1994;525;50-64;100;85;185;SEC_525
1994;631;12-15;36;30;66;SEC_631
1994;324;16-17;10;20;30;SEC_324
1994;408;75 i +;23;19;42;SEC_408
1994;517;75 i +;53;30;83;SEC_517
1994;106;03-11;110;105;215;SEC_106
1994;237;75 i +;64;34;98;SEC_237
1994;323;16-17;69;74;143;SEC_323
1994;106;35-49;308;297;605;SEC_106
1994;436;75 i +;30;11;41;SEC_436
1994;318;35-49;119;129;248;SEC_318
1994;233;12-15;13;11;24;SEC_233
1994;313;16-17;42;30;72;SEC_313
1994;245;65-74;80;55;135;SEC_245
1994;438;12-15;12;21;33;SEC_438
1994;314;75 i +;42;12;54;SEC_314
1994;609;75 i +;27;15;42;SEC_609
1994;429;03-11;21;29;50;SEC_429
1994;430;35-49;69;69;138;SEC_430
1994;111;50-64;106;101;207;SEC_111
1994;249;50-64;125;106;231;SEC_249
1994;103;25-34;59;69;128;SEC_103
1994;623;50-64;146;164;310;SEC_623
1994;514;50-64;94;78;172;SEC_514
1994;105;25-34;94;77;171;SEC_105
1994;312;65-74;37;30;67;SEC_312
1994;313;75 i +;49;22;71;SEC_313
1994;212;16-17;19;23;42;SEC_212
1994;614;16-17;18;17;35;SEC_614
1994;117;65-74;63;46;109;SEC_117
1994;247;18-24;67;62;129;SEC_247
1994;228;35-49;46;49;95;SEC_228
1994;425;50-64;100;96;196;SEC_425
1994;413;16-17;4;8;12;SEC_413
1994;126;65-74;50;41;91;SEC_126
1994;424;00-02;4;4;8;SEC_424
1994;229;75 i +;40;15;55;SEC_229
1994;315;12-15;41;56;97;SEC_315
1994;537;35-49;140;116;256;SEC_537
1994;440;25-34;71;90;161;SEC_440
1994;409;75 i +;19;7;26;SEC_409
1994;112;18-24;110;108;218;SEC_112
1994;140;12-15;21;27;48;SEC_140
1994;616;00-02;11;15;26;SEC_616
1994;428;18-24;35;30;65;SEC_428
1994;125;03-11;50;39;89;SEC_125
1994;306;16-17;20;22;42;SEC_306
1994;238;35-49;73;75;148;SEC_238
1994;323;18-24;162;157;319;SEC_323
1994;403;65-74;47;46;93;SEC_403
1994;412;25-34;143;145;288;SEC_412
1994;243;16-17;14;17;31;SEC_243
1994;214;18-24;45;46;91;SEC_214
1994;409;35-49;71;69;140;SEC_409
1994;226;16-17;13;14;27;SEC_226
1994;221;12-15;25;25;50;SEC_221
1994;415;65-74;55;38;93;SEC_415
1994;130;75 i +;64;27;91;SEC_130
1994;108;16-17;23;19;42;SEC_108
1994;308;25-34;101;95;196;SEC_308
1994;247;03-11;39;52;91;SEC_247
1994;222;16-17;13;18;31;SEC_222
1994;109;35-49;142;150;292;SEC_109
1994;325;50-64;186;171;357;SEC_325
1994;218;50-64;73;67;140;SEC_218
1994;233;75 i +;69;34;103;SEC_233
1994;433;00-02;16;11;27;SEC_433
1994;323;00-02;29;43;72;SEC_323
1994;528;12-15;19;39;58;SEC_528
1994;325;35-49;211;179;390;SEC_325
1994;321;16-17;45;32;77;SEC_321
1994;501;00-02;8;7;15;SEC_501
1994;243;75 i +;76;40;116;SEC_243
1994;304;03-11;30;46;76;SEC_304
1994;401;35-49;121;122;243;SEC_401
1994;624;16-17;29;51;80;SEC_624
1994;404;03-11;50;48;98;SEC_404
1994;612;25-34;83;95;178;SEC_612
1994;419;12-15;12;24;36;SEC_419
1994;419;00-02;9;14;23;SEC_419
1994;138;75 i +;16;9;25;SEC_138
1994;619;18-24;100;106;206;SEC_619
1994;626;65-74;36;45;81;SEC_626
1994;414;03-11;29;51;80;SEC_414
1994;518;75 i +;48;20;68;SEC_518
1994;622;50-64;65;67;132;SEC_622
1994;134;35-49;155;157;312;SEC_134
1994;415;00-02;9;5;14;SEC_415
1994;606;18-24;82;75;157;SEC_606
1994;427;75 i +;56;34;90;SEC_427
1994;136;12-15;38;38;76;SEC_136
1994;246;16-17;9;16;25;SEC_246
1994;410;03-11;46;56;102;SEC_410
1994;413;12-15;9;16;25;SEC_413
1994;304;25-34;77;109;186;SEC_304
1994;204;75 i +;23;13;36;SEC_204
1994;409;03-11;28;28;56;SEC_409
1994;404;25-34;114;138;252;SEC_404
1994;410;16-17;34;38;72;SEC_410
1994;610;03-11;47;45;92;SEC_610
1994;121;50-64;112;94;206;SEC_121
1994;405;75 i +;24;19;43;SEC_405
1994;424;65-74;25;22;47;SEC_424
1994;214;50-64;86;68;154;SEC_214
1994;607;25-34;102;108;210;SEC_607
1994;610;25-34;88;121;209;SEC_610
1994;628;35-49;155;122;277;SEC_628
1994;515;75 i +;21;12;33;SEC_515
1994;613;18-24;192;170;362;SEC_613
1994;245;35-49;82;85;167;SEC_245
1994;311;16-17;25;16;41;SEC_311
1994;203;03-11;15;23;38;SEC_203
1994;231;25-34;83;84;167;SEC_231
1994;135;03-11;82;75;157;SEC_135
1994;137;35-49;191;164;355;SEC_137
1994;115;03-11;55;78;133;SEC_115
1994;212;25-34;119;112;231;SEC_212
1994;612;00-02;12;12;24;SEC_612
1994;241;18-24;34;27;61;SEC_241
1994;419;65-74;41;37;78;SEC_419
1994;524;16-17;11;21;32;SEC_524
1994;441;12-15;64;61;125;SEC_441
1994;116;25-34;124;119;243;SEC_116
1994;531;25-34;94;91;185;SEC_531
1994;601;65-74;38;35;73;SEC_601
1994;432;65-74;69;55;124;SEC_432
1994;126;18-24;131;121;252;SEC_126
1994;423;75 i +;36;23;59;SEC_423
1994;104;35-49;76;65;141;SEC_104
1994;512;75 i +;37;17;54;SEC_512
1994;232;03-11;26;35;61;SEC_232
1994;610;12-15;36;33;69;SEC_610
1994;521;16-17;30;36;66;SEC_521
1994;615;50-64;125;147;272;SEC_615
1994;508;03-11;25;20;45;SEC_508
1994;216;65-74;69;58;127;SEC_216
1994;317;18-24;43;61;104;SEC_317
1994;632;00-02;14;12;26;SEC_632
1994;222;00-02;10;15;25;SEC_222
1994;415;16-17;6;7;13;SEC_415
1994;106;25-34;128;131;259;SEC_106
1994;321;12-15;83;82;165;SEC_321
1994;322;00-02;15;13;28;SEC_322
1994;308;65-74;70;51;121;SEC_308
1994;215;03-11;29;23;52;SEC_215
1994;516;18-24;50;44;94;SEC_516
1994;406;65-74;56;55;111;SEC_406
1994;623;16-17;37;42;79;SEC_623
1994;625;16-17;36;46;82;SEC_625
1994;503;12-15;33;39;72;SEC_503
1994;202;65-74;37;31;68;SEC_202
1994;529;35-49;89;74;163;SEC_529
1994;422;25-34;79;88;167;SEC_422
1994;235;50-64;162;148;310;SEC_235
1994;241;65-74;59;45;104;SEC_241
1994;226;65-74;84;69;153;SEC_226
1994;536;00-02;8;8;16;SEC_536
1994;301;35-49;154;147;301;SEC_301
1994;318;18-24;26;42;68;SEC_318
1994;614;00-02;11;10;21;SEC_614
1994;207;65-74;77;52;129;SEC_207
1994;243;12-15;23;21;44;SEC_243
1994;518;65-74;48;49;97;SEC_518
1994;244;16-17;5;5;10;SEC_244
1994;406;25-34;100;104;204;SEC_406
1994;432;50-64;127;133;260;SEC_432
1994;623;65-74;49;30;79;SEC_623
1994;629;50-64;75;69;144;SEC_629
1994;122;12-15;18;14;32;SEC_122
1994;129;12-15;24;25;49;SEC_129
1994;518;12-15;26;23;49;SEC_518
1994;529;50-64;145;157;302;SEC_529
1994;214;12-15;17;12;29;SEC_214
1994;519;50-64;80;66;146;SEC_519
1994;301;16-17;35;28;63;SEC_301
1994;123;75 i +;61;25;86;SEC_123
1994;219;00-02;16;7;23;SEC_219
1994;421;16-17;17;24;41;SEC_421
1994;516;25-34;61;75;136;SEC_516
1994;318;00-02;10;14;24;SEC_318
1994;123;35-49;122;117;239;SEC_123
1994;618;65-74;26;20;46;SEC_618
1994;511;03-11;11;21;32;SEC_511
1994;441;16-17;42;42;84;SEC_441
1994;407;12-15;22;24;46;SEC_407
1994;409;25-34;59;55;114;SEC_409
1994;310;00-02;10;10;20;SEC_310
1994;526;16-17;6;11;17;SEC_526
1994;310;16-17;14;15;29;SEC_310
1994;438;18-24;69;70;139;SEC_438
1994;410;25-34;101;119;220;SEC_410
1994;238;16-17;7;7;14;SEC_238
1994;523;03-11;47;39;86;SEC_523
1994;532;12-15;26;33;59;SEC_532
1994;307;00-02;17;17;34;SEC_307
1994;247;00-02;10;15;25;SEC_247
1994;302;35-49;211;200;411;SEC_302
1994;620;35-49;79;67;146;SEC_620
1994;632;18-24;110;121;231;SEC_632
1994;118;16-17;67;65;132;SEC_118
1994;405;16-17;8;12;20;SEC_405
1994;404;00-02;16;13;29;SEC_404
1994;407;35-49;80;67;147;SEC_407
1994;208;35-49;187;162;349;SEC_208
1994;239;00-02;8;12;20;SEC_239
1994;139;35-49;100;100;200;SEC_139
1994;311;50-64;156;152;308;SEC_311
1994;619;00-02;15;16;31;SEC_619
1994;622;25-34;82;88;170;SEC_622
1994;133;18-24;72;74;146;SEC_133
1994;211;03-11;35;46;81;SEC_211
1994;313;03-11;96;97;193;SEC_313
1994;131;75 i +;33;12;45;SEC_131
1994;231;03-11;25;17;42;SEC_231
1994;616;12-15;75;79;154;SEC_616
1994;104;03-11;21;25;46;SEC_104
1994;516;75 i +;28;13;41;SEC_516
1994;407;00-02;7;8;15;SEC_407
1994;108;65-74;92;81;173;SEC_108
1994;131;03-11;65;61;126;SEC_131
1994;617;12-15;34;44;78;SEC_617
1994;124;35-49;119;107;226;SEC_124
1994;624;35-49;179;148;327;SEC_624
1994;435;25-34;69;88;157;SEC_435
1994;136;75 i +;36;23;59;SEC_136
1994;525;12-15;19;29;48;SEC_525
1994;527;12-15;18;23;41;SEC_527
1994;607;16-17;9;17;26;SEC_607
1994;101;16-17;18;12;30;SEC_101
1994;505;03-11;48;47;95;SEC_505
1994;523;00-02;8;15;23;SEC_523
1994;428;12-15;7;6;13;SEC_428
1994;228;12-15;12;8;20;SEC_228
1994;513;18-24;50;52;102;SEC_513
1994;221;65-74;50;54;104;SEC_221
1994;108;50-64;120;114;234;SEC_108
1994;622;16-17;17;21;38;SEC_622
1994;515;65-74;38;21;59;SEC_515
1994;217;50-64;59;58;117;SEC_217
1994;211;75 i +;53;32;85;SEC_211
1994;530;00-02;12;13;25;SEC_530
1994;442;16-17;9;13;22;SEC_442
1994;417;18-24;49;47;96;SEC_417
1994;205;03-11;37;40;77;SEC_205
1994;238;18-24;34;50;84;SEC_238
1994;112;25-34;124;116;240;SEC_112
1994;508;12-15;18;14;32;SEC_508
1994;607;75 i +;24;8;32;SEC_607
1994;219;65-74;96;59;155;SEC_219
1994;215;18-24;46;53;99;SEC_215
1994;419;18-24;54;57;111;SEC_419
1994;317;35-49;67;87;154;SEC_317
1994;614;75 i +;44;19;63;SEC_614
1994;627;35-49;191;182;373;SEC_627
1994;208;75 i +;84;52;136;SEC_208
1994;230;35-49;49;53;102;SEC_230
1994;613;75 i +;34;19;53;SEC_613
1994;233;65-74;61;39;100;SEC_233
1994;609;12-15;34;27;61;SEC_609
1994;531;03-11;31;32;63;SEC_531
1994;440;16-17;23;21;44;SEC_440
1994;102;65-74;69;52;121;SEC_102
1994;207;12-15;15;20;35;SEC_207
1994;117;75 i +;43;17;60;SEC_117
1994;504;50-64;159;157;316;SEC_504
1994;207;03-11;22;20;42;SEC_207
1994;220;03-11;21;35;56;SEC_220
1994;522;35-49;71;66;137;SEC_522
1994;125;65-74;51;38;89;SEC_125
1994;440;00-02;8;7;15;SEC_440
1994;435;65-74;110;88;198;SEC_435
1994;248;16-17;9;17;26;SEC_248
1994;604;03-11;34;34;68;SEC_604
1994;505;18-24;166;161;327;SEC_505
1994;105;75 i +;42;22;64;SEC_105
1994;108;03-11;57;51;108;SEC_108
1994;126;75 i +;35;16;51;SEC_126
1994;530;16-17;18;19;37;SEC_530
1994;434;75 i +;54;27;81;SEC_434
1994;604;65-74;30;26;56;SEC_604
1994;135;12-15;48;65;113;SEC_135
1994;431;50-64;154;136;290;SEC_431
1994;505;00-02;18;10;28;SEC_505
1994;128;16-17;24;19;43;SEC_128
1994;538;18-24;75;91;166;SEC_538
1994;320;12-15;13;23;36;SEC_320
1994;629;16-17;12;9;21;SEC_629
1994;526;75 i +;26;12;38;SEC_526
1994;248;50-64;105;110;215;SEC_248
1994;436;03-11;33;33;66;SEC_436
1994;321;50-64;140;161;301;SEC_321
1994;429;16-17;8;13;21;SEC_429
1994;614;25-34;81;76;157;SEC_614
1994;612;50-64;148;181;329;SEC_612
1994;602;00-02;7;4;11;SEC_602
1994;107;12-15;58;63;121;SEC_107
1994;434;00-02;4;5;9;SEC_434
1994;420;75 i +;62;38;100;SEC_420
1994;517;50-64;134;128;262;SEC_517
1994;630;50-64;74;82;156;SEC_630
1994;238;00-02;6;7;13;SEC_238
1994;517;12-15;24;26;50;SEC_517
1994;619;16-17;32;24;56;SEC_619
1994;237;03-11;37;27;64;SEC_237
1994;116;75 i +;48;17;65;SEC_116
1994;438;16-17;13;9;22;SEC_438
1994;628;18-24;135;124;259;SEC_628
1994;139;18-24;60;64;124;SEC_139
1994;603;18-24;72;74;146;SEC_603
1994;244;35-49;61;55;116;SEC_244
1994;411;18-24;70;91;161;SEC_411
1994;427;12-15;18;10;28;SEC_427
1994;401;03-11;60;55;115;SEC_401
1994;606;50-64;136;128;264;SEC_606
1994;202;00-02;6;10;16;SEC_202
1994;323;65-74;53;33;86;SEC_323
1994;508;65-74;39;36;75;SEC_508
1994;508;75 i +;20;10;30;SEC_508
1994;433;12-15;23;19;42;SEC_433
1994;139;25-34;64;82;146;SEC_139
1994;512;25-34;73;82;155;SEC_512
1994;244;25-34;50;57;107;SEC_244
1994;512;35-49;60;71;131;SEC_512
1994;501;12-15;51;59;110;SEC_501
1994;536;18-24;61;66;127;SEC_536
1994;314;18-24;117;118;235;SEC_314
1994;223;35-49;97;100;197;SEC_223
1994;323;50-64;127;142;269;SEC_323
1994;230;03-11;17;23;40;SEC_230
1994;512;50-64;112;112;224;SEC_512
1994;112;03-11;67;66;133;SEC_112
1994;126;25-34;84;95;179;SEC_126
1994;308;50-64;141;139;280;SEC_308
1994;537;50-64;146;136;282;SEC_537
1994;244;75 i +;37;20;57;SEC_244
1994;218;25-34;55;51;106;SEC_218
1994;249;16-17;9;19;28;SEC_249
1994;140;25-34;73;77;150;SEC_140
1994;133;25-34;66;73;139;SEC_133
1994;438;75 i +;29;16;45;SEC_438
1994;139;12-15;28;26;54;SEC_139
1994;441;03-11;146;132;278;SEC_441
1994;425;00-02;14;8;22;SEC_425
1994;501;65-74;16;18;34;SEC_501
1994;214;65-74;41;35;76;SEC_214
1994;303;25-34;127;154;281;SEC_303
1994;614;12-15;25;32;57;SEC_614
1994;139;75 i +;24;7;31;SEC_139
1994;434;03-11;29;25;54;SEC_434
1994;422;16-17;7;15;22;SEC_422
1994;128;50-64;92;100;192;SEC_128
1994;421;65-74;62;43;105;SEC_421
1994;415;50-64;61;73;134;SEC_415
1994;503;75 i +;16;7;23;SEC_503
1994;112;35-49;203;207;410;SEC_112
1994;442;12-15;12;15;27;SEC_442
1994;243;65-74;94;80;174;SEC_243
1994;102;35-49;197;172;369;SEC_102
1994;307;65-74;65;53;118;SEC_307
1994;623;12-15;58;71;129;SEC_623
1994;415;25-34;66;59;125;SEC_415
1994;307;16-17;35;39;74;SEC_307
1994;431;35-49;129;136;265;SEC_431
1994;416;50-64;101;101;202;SEC_416
1994;423;65-74;56;34;90;SEC_423
1994;319;75 i +;32;18;50;SEC_319
1994;220;18-24;49;45;94;SEC_220
1994;605;65-74;32;23;55;SEC_605
1994;525;18-24;51;63;114;SEC_525
1994;214;35-49;58;62;120;SEC_214
1994;538;65-74;71;57;128;SEC_538
1994;532;75 i +;41;29;70;SEC_532
1994;316;16-17;53;54;107;SEC_316
1994;427;03-11;21;33;54;SEC_427
1994;134;12-15;25;39;64;SEC_134
1994;236;50-64;125;128;253;SEC_236
1994;245;50-64;111;104;215;SEC_245
1994;235;65-74;110;75;185;SEC_235
1994;313;18-24;109;122;231;SEC_313
1994;130;16-17;12;5;17;SEC_130
1994;244;03-11;16;13;29;SEC_244
1994;441;35-49;288;285;573;SEC_441
1994;110;35-49;195;162;357;SEC_110
