AnyPadro;Seccio;GrupEdat;Dones;Homes;Total;IdSeccio
2019;237;35-49;194;187;381;SEC_237
2019;430;50-64;111;95;206;SEC_430
2019;414;35-49;260;279;539;SEC_414
2019;122;00-02;17;12;29;SEC_122
2019;436;03-11;72;71;143;SEC_436
2019;537;35-49;168;156;324;SEC_537
2019;602;75 i +;102;99;201;SEC_602
2019;613;75 i +;124;101;225;SEC_613
2019;319;18-24;61;64;125;SEC_319
2019;508;50-64;141;143;284;SEC_508
2019;508;00-02;22;34;56;SEC_508
2019;119;18-24;26;31;57;SEC_119
2019;204;00-02;24;23;47;SEC_204
2019;318;03-11;24;31;55;SEC_318
2019;312;12-15;24;33;57;SEC_312
2019;324;00-02;18;9;27;SEC_324
2019;437;50-64;159;143;302;SEC_437
2019;221;00-02;34;33;67;SEC_221
2019;249;03-11;44;47;91;SEC_249
2019;625;16-17;15;8;23;SEC_625
2019;305;65-74;110;97;207;SEC_305
2019;505;00-02;10;10;20;SEC_505
2019;201;65-74;51;33;84;SEC_201
2019;104;12-15;15;16;31;SEC_104
2019;109;03-11;48;41;89;SEC_109
2019;630;75 i +;49;35;84;SEC_630
2019;116;50-64;148;125;273;SEC_116
2019;304;75 i +;89;48;137;SEC_304
2019;135;03-11;51;62;113;SEC_135
2019;538;03-11;57;48;105;SEC_538
2019;238;50-64;85;75;160;SEC_238
2019;246;65-74;35;31;66;SEC_246
2019;407;00-02;12;19;31;SEC_407
2019;303;18-24;51;66;117;SEC_303
2019;431;65-74;61;54;115;SEC_431
2019;328;35-49;297;282;579;SEC_328
2019;412;75 i +;134;95;229;SEC_412
2019;435;12-15;17;35;52;SEC_435
2019;535;50-64;102;94;196;SEC_535
2019;113;50-64;180;147;327;SEC_113
2019;224;00-02;18;19;37;SEC_224
2019;233;25-34;95;106;201;SEC_233
2019;402;16-17;9;8;17;SEC_402
2019;110;75 i +;90;69;159;SEC_110
2019;132;16-17;21;9;30;SEC_132
2019;208;65-74;122;88;210;SEC_208
2019;120;16-17;12;17;29;SEC_120
2019;433;35-49;229;229;458;SEC_433
2019;108;25-34;116;101;217;SEC_108
2019;128;16-17;10;8;18;SEC_128
2019;107;75 i +;117;76;193;SEC_107
2019;116;18-24;65;57;122;SEC_116
2019;106;12-15;23;25;48;SEC_106
2019;411;16-17;9;11;20;SEC_411
2019;221;16-17;20;24;44;SEC_221
2019;324;18-24;45;49;94;SEC_324
2019;621;03-11;48;53;101;SEC_621
2019;425;18-24;52;52;104;SEC_425
2019;611;16-17;20;14;34;SEC_611
2019;534;75 i +;71;54;125;SEC_534
2019;231;00-02;28;27;55;SEC_231
2019;518;75 i +;93;49;142;SEC_518
2019;248;00-02;17;16;33;SEC_248
2019;418;16-17;13;16;29;SEC_418
2019;233;18-24;38;57;95;SEC_233
2019;249;18-24;56;45;101;SEC_249
2019;423;50-64;112;74;186;SEC_423
2019;116;03-11;56;54;110;SEC_116
2019;414;03-11;100;92;192;SEC_414
2019;404;25-34;107;92;199;SEC_404
2019;114;00-02;13;17;30;SEC_114
2019;130;25-34;67;64;131;SEC_130
2019;107;65-74;102;77;179;SEC_107
2019;216;16-17;14;19;33;SEC_216
2019;208;75 i +;228;123;351;SEC_208
2019;535;16-17;9;14;23;SEC_535
2019;242;00-02;15;19;34;SEC_242
2019;511;50-64;218;188;406;SEC_511
2019;131;65-74;123;113;236;SEC_131
2019;623;65-74;125;97;222;SEC_623
2019;631;50-64;75;77;152;SEC_631
2019;214;03-11;116;118;234;SEC_214
2019;131;75 i +;84;57;141;SEC_131
2019;204;16-17;20;11;31;SEC_204
2019;328;16-17;50;11;61;SEC_328
2019;427;03-11;79;102;181;SEC_427
2019;537;75 i +;92;62;154;SEC_537
2019;220;16-17;19;16;35;SEC_220
2019;102;00-02;20;14;34;SEC_102
2019;208;18-24;54;63;117;SEC_208
2019;626;65-74;66;52;118;SEC_626
2019;128;12-15;19;22;41;SEC_128
2019;426;16-17;6;12;18;SEC_426
2019;432;00-02;23;18;41;SEC_432
2019;117;75 i +;107;73;180;SEC_117
2019;202;65-74;61;49;110;SEC_202
2019;124;18-24;22;19;41;SEC_124
2019;514;35-49;194;193;387;SEC_514
2019;613;18-24;32;43;75;SEC_613
2019;308;35-49;228;212;440;SEC_308
2019;102;35-49;144;167;311;SEC_102
2019;213;65-74;51;36;87;SEC_213
2019;223;65-74;53;31;84;SEC_223
2019;601;25-34;114;135;249;SEC_601
2019;217;50-64;136;146;282;SEC_217
2019;243;25-34;147;144;291;SEC_243
2019;216;65-74;81;56;137;SEC_216
2019;108;16-17;15;7;22;SEC_108
2019;133;12-15;17;20;37;SEC_133
2019;228;16-17;19;36;55;SEC_228
2019;322;75 i +;79;42;121;SEC_322
2019;506;65-74;184;119;303;SEC_506
2019;310;75 i +;47;25;72;SEC_310
2019;631;18-24;31;31;62;SEC_631
2019;135;25-34;104;102;206;SEC_135
2019;233;00-02;14;15;29;SEC_233
2019;307;16-17;6;9;15;SEC_307
2019;121;00-02;5;18;23;SEC_121
2019;223;75 i +;65;46;111;SEC_223
2019;321;75 i +;135;95;230;SEC_321
2019;119;03-11;44;38;82;SEC_119
2019;303;12-15;30;33;63;SEC_303
2019;432;65-74;95;82;177;SEC_432
2019;112;35-49;214;209;423;SEC_112
2019;320;50-64;25;35;60;SEC_320
2019;418;00-02;15;21;36;SEC_418
2019;212;50-64;115;116;231;SEC_212
2019;528;18-24;54;51;105;SEC_528
2019;401;18-24;55;60;115;SEC_401
2019;317;18-24;53;58;111;SEC_317
2019;440;16-17;11;11;22;SEC_440
2019;524;18-24;59;74;133;SEC_524
2019;505;75 i +;118;111;229;SEC_505
2019;214;65-74;74;51;125;SEC_214
2019;243;65-74;52;50;102;SEC_243
2019;132;03-11;92;77;169;SEC_132
2019;315;00-02;23;25;48;SEC_315
2019;316;12-15;27;28;55;SEC_316
2019;405;50-64;164;160;324;SEC_405
2019;601;18-24;59;69;128;SEC_601
2019;404;75 i +;88;57;145;SEC_404
2019;105;25-34;71;85;156;SEC_105
2019;435;35-49;134;173;307;SEC_435
2019;605;35-49;185;180;365;SEC_605
2019;524;00-02;30;24;54;SEC_524
2019;216;18-24;52;50;102;SEC_216
2019;119;50-64;126;86;212;SEC_119
2019;103;35-49;101;108;209;SEC_103
2019;419;16-17;21;25;46;SEC_419
2019;602;03-11;57;67;124;SEC_602
2019;325;00-02;16;18;34;SEC_325
2019;242;35-49;148;156;304;SEC_242
2019;134;65-74;67;62;129;SEC_134
2019;233;35-49;139;136;275;SEC_233
2019;238;00-02;16;18;34;SEC_238
2019;313;35-49;224;224;448;SEC_313
2019;316;16-17;12;14;26;SEC_316
2019;301;50-64;138;102;240;SEC_301
2019;315;18-24;55;68;123;SEC_315
2019;532;12-15;24;30;54;SEC_532
2019;103;50-64;81;73;154;SEC_103
2019;124;65-74;51;31;82;SEC_124
2019;538;50-64;132;114;246;SEC_538
2019;613;65-74;93;35;128;SEC_613
2019;622;35-49;98;95;193;SEC_622
2019;411;75 i +;101;71;172;SEC_411
2019;315;25-34;132;129;261;SEC_315
2019;407;65-74;47;26;73;SEC_407
2019;101;25-34;107;97;204;SEC_101
2019;609;50-64;65;65;130;SEC_609
2019;140;16-17;11;16;27;SEC_140
2019;202;50-64;163;154;317;SEC_202
2019;326;25-34;95;73;168;SEC_326
2019;127;03-11;29;28;57;SEC_127
2019;204;12-15;27;25;52;SEC_204
2019;525;65-74;39;38;77;SEC_525
2019;321;12-15;36;37;73;SEC_321
2019;125;25-34;85;87;172;SEC_125
2019;303;75 i +;155;117;272;SEC_303
2019;249;65-74;40;32;72;SEC_249
2019;327;50-64;150;129;279;SEC_327
2019;309;00-02;19;15;34;SEC_309
2019;426;50-64;105;96;201;SEC_426
2019;125;12-15;45;30;75;SEC_125
2019;106;25-34;86;102;188;SEC_106
2019;423;75 i +;75;58;133;SEC_423
2019;612;00-02;6;10;16;SEC_612
2019;310;16-17;11;8;19;SEC_310
2019;618;75 i +;103;90;193;SEC_618
2019;525;12-15;26;13;39;SEC_525
2019;533;50-64;182;162;344;SEC_533
2019;627;16-17;7;7;14;SEC_627
2019;247;18-24;49;43;92;SEC_247
2019;631;65-74;108;63;171;SEC_631
2019;407;25-34;76;77;153;SEC_407
2019;521;00-02;12;8;20;SEC_521
2019;310;65-74;50;59;109;SEC_310
2019;217;35-49;193;224;417;SEC_217
2019;114;12-15;26;26;52;SEC_114
2019;324;12-15;21;23;44;SEC_324
2019;237;18-24;55;65;120;SEC_237
2019;214;50-64;212;214;426;SEC_214
2019;506;50-64;161;154;315;SEC_506
2019;106;16-17;22;14;36;SEC_106
2019;416;25-34;121;111;232;SEC_416
2019;127;16-17;7;10;17;SEC_127
2019;431;16-17;16;29;45;SEC_431
2019;520;18-24;37;40;77;SEC_520
2019;411;25-34;72;64;136;SEC_411
2019;621;75 i +;78;66;144;SEC_621
2019;412;12-15;26;34;60;SEC_412
2019;411;18-24;38;51;89;SEC_411
2019;533;16-17;14;11;25;SEC_533
2019;102;75 i +;138;112;250;SEC_102
2019;508;16-17;15;12;27;SEC_508
2019;221;50-64;202;179;381;SEC_221
2019;116;65-74;122;84;206;SEC_116
2019;531;65-74;41;28;69;SEC_531
2019;234;65-74;35;23;58;SEC_234
2019;249;50-64;107;99;206;SEC_249
2019;403;35-49;148;147;295;SEC_403
2019;139;75 i +;48;38;86;SEC_139
2019;537;12-15;26;19;45;SEC_537
2019;421;00-02;12;12;24;SEC_421
2019;246;03-11;68;56;124;SEC_246
2019;618;18-24;38;62;100;SEC_618
2019;530;16-17;12;17;29;SEC_530
2019;138;16-17;6;4;10;SEC_138
2019;619;25-34;53;68;121;SEC_619
2019;528;16-17;15;16;31;SEC_528
2019;523;25-34;111;114;225;SEC_523
2019;523;50-64;132;128;260;SEC_523
2019;526;12-15;32;47;79;SEC_526
2019;411;12-15;16;18;34;SEC_411
2019;127;25-34;48;52;100;SEC_127
2019;520;65-74;53;35;88;SEC_520
2019;201;75 i +;63;46;109;SEC_201
2019;201;16-17;11;14;25;SEC_201
2019;109;16-17;12;2;14;SEC_109
2019;107;16-17;12;19;31;SEC_107
2019;209;16-17;11;11;22;SEC_209
2019;433;75 i +;68;40;108;SEC_433
2019;130;75 i +;97;56;153;SEC_130
2019;325;75 i +;197;112;309;SEC_325
2019;520;50-64;83;72;155;SEC_520
2019;612;12-15;25;16;41;SEC_612
2019;606;00-02;7;22;29;SEC_606
2019;514;50-64;140;124;264;SEC_514
2019;112;12-15;34;28;62;SEC_112
2019;402;00-02;17;16;33;SEC_402
2019;223;03-11;58;55;113;SEC_223
2019;132;12-15;37;33;70;SEC_132
2019;508;18-24;71;58;129;SEC_508
2019;308;16-17;16;28;44;SEC_308
2019;112;65-74;101;106;207;SEC_112
2019;134;75 i +;108;48;156;SEC_134
2019;401;00-02;16;13;29;SEC_401
2019;615;03-11;35;30;65;SEC_615
2019;418;12-15;40;33;73;SEC_418
2019;131;50-64;126;115;241;SEC_131
2019;523;12-15;22;29;51;SEC_523
2019;626;12-15;15;12;27;SEC_626
2019;321;18-24;82;77;159;SEC_321
2019;615;12-15;13;12;25;SEC_615
2019;426;75 i +;40;22;62;SEC_426
2019;624;35-49;99;125;224;SEC_624
2019;525;18-24;38;27;65;SEC_525
2019;322;12-15;33;26;59;SEC_322
2019;615;35-49;100;99;199;SEC_615
2019;430;25-34;96;99;195;SEC_430
2019;622;75 i +;41;28;69;SEC_622
2019;320;16-17;25;19;44;SEC_320
2019;301;35-49;169;167;336;SEC_301
2019;630;18-24;26;30;56;SEC_630
2019;323;65-74;133;131;264;SEC_323
2019;523;18-24;50;58;108;SEC_523
2019;108;12-15;26;22;48;SEC_108
2019;416;35-49;186;168;354;SEC_416
2019;131;35-49;154;161;315;SEC_131
2019;611;12-15;33;56;89;SEC_611
2019;525;00-02;13;14;27;SEC_525
2019;133;75 i +;65;32;97;SEC_133
2019;533;75 i +;134;67;201;SEC_533
2019;136;25-34;71;72;143;SEC_136
2019;401;75 i +;93;56;149;SEC_401
2019;114;75 i +;121;90;211;SEC_114
2019;420;16-17;22;26;48;SEC_420
2019;617;16-17;10;12;22;SEC_617
2019;246;35-49;174;201;375;SEC_246
2019;105;00-02;16;15;31;SEC_105
2019;511;35-49;294;310;604;SEC_511
2019;402;25-34;86;69;155;SEC_402
2019;232;03-11;51;51;102;SEC_232
2019;403;03-11;47;63;110;SEC_403
2019;511;75 i +;143;100;243;SEC_511
2019;518;03-11;44;45;89;SEC_518
2019;523;03-11;59;59;118;SEC_523
2019;625;00-02;11;8;19;SEC_625
2019;420;25-34;171;167;338;SEC_420
2019;427;12-15;36;39;75;SEC_427
2019;129;65-74;59;44;103;SEC_129
2019;504;18-24;30;33;63;SEC_504
2019;328;75 i +;29;12;41;SEC_328
2019;304;50-64;136;147;283;SEC_304
2019;112;18-24;51;67;118;SEC_112
2019;239;65-74;46;28;74;SEC_239
2019;504;65-74;74;50;124;SEC_504
2019;432;12-15;27;22;49;SEC_432
2019;307;18-24;28;36;64;SEC_307
2019;615;18-24;26;24;50;SEC_615
2019;423;65-74;42;34;76;SEC_423
2019;405;35-49;233;245;478;SEC_405
2019;315;12-15;23;37;60;SEC_315
2019;503;16-17;3;5;8;SEC_503
2019;321;65-74;205;166;371;SEC_321
2019;430;03-11;59;58;117;SEC_430
2019;526;25-34;161;155;316;SEC_526
2019;525;50-64;67;68;135;SEC_525
2019;208;35-49;167;153;320;SEC_208
2019;316;25-34;166;149;315;SEC_316
2019;201;50-64;124;100;224;SEC_201
2019;137;65-74;103;64;167;SEC_137
2019;502;65-74;90;90;180;SEC_502
2019;136;50-64;120;102;222;SEC_136
2019;243;50-64;194;165;359;SEC_243
2019;507;03-11;33;33;66;SEC_507
2019;319;35-49;247;236;483;SEC_319
2019;407;03-11;47;56;103;SEC_407
2019;329;25-34;77;78;155;SEC_329
2019;517;35-49;261;279;540;SEC_517
2019;319;00-02;15;26;41;SEC_319
2019;140;75 i +;60;53;113;SEC_140
2019;109;35-49;120;122;242;SEC_109
2019;313;75 i +;102;74;176;SEC_313
2019;502;50-64;141;142;283;SEC_502
2019;609;75 i +;62;65;127;SEC_609
2019;518;00-02;21;17;38;SEC_518
2019;327;25-34;89;71;160;SEC_327
2019;110;25-34;54;52;106;SEC_110
2019;125;35-49;211;205;416;SEC_125
2019;110;35-49;128;131;259;SEC_110
2019;624;50-64;81;85;166;SEC_624
2019;213;16-17;7;14;21;SEC_213
2019;228;35-49;320;319;639;SEC_228
2019;119;35-49;116;142;258;SEC_119
2019;507;75 i +;52;32;84;SEC_507
2019;108;03-11;66;73;139;SEC_108
2019;216;75 i +;95;60;155;SEC_216
2019;611;65-74;76;50;126;SEC_611
2019;436;18-24;83;98;181;SEC_436
2019;226;00-02;21;21;42;SEC_226
2019;615;75 i +;82;60;142;SEC_615
2019;618;16-17;14;13;27;SEC_618
2019;324;03-11;64;60;124;SEC_324
2019;239;03-11;44;31;75;SEC_239
2019;304;03-11;89;105;194;SEC_304
2019;306;00-02;15;33;48;SEC_306
2019;102;18-24;53;53;106;SEC_102
2019;537;50-64;136;101;237;SEC_537
2019;610;35-49;126;105;231;SEC_610
2019;320;65-74;85;67;152;SEC_320
2019;315;35-49;238;252;490;SEC_315
2019;210;00-02;2;7;9;SEC_210
2019;418;50-64;141;146;287;SEC_418
2019;618;03-11;29;40;69;SEC_618
2019;135;65-74;93;88;181;SEC_135
2019;108;35-49;180;167;347;SEC_108
2019;229;12-15;30;38;68;SEC_229
2019;115;65-74;83;74;157;SEC_115
2019;314;75 i +;97;72;169;SEC_314
2019;421;35-49;164;167;331;SEC_421
2019;214;18-24;106;109;215;SEC_214
2019;217;65-74;63;62;125;SEC_217
2019;307;65-74;133;121;254;SEC_307
2019;136;00-02;11;16;27;SEC_136
2019;618;00-02;7;4;11;SEC_618
2019;326;35-49;310;324;634;SEC_326
2019;418;65-74;53;46;99;SEC_418
2019;312;75 i +;119;75;194;SEC_312
2019;104;65-74;42;33;75;SEC_104
2019;630;12-15;13;14;27;SEC_630
2019;216;50-64;116;102;218;SEC_216
2019;137;12-15;42;32;74;SEC_137
2019;423;16-17;13;15;28;SEC_423
2019;433;65-74;69;69;138;SEC_433
2019;616;00-02;28;29;57;SEC_616
2019;414;00-02;30;32;62;SEC_414
2019;431;00-02;28;36;64;SEC_431
2019;617;25-34;58;51;109;SEC_617
2019;617;35-49;108;115;223;SEC_617
2019;127;65-74;29;28;57;SEC_127
2019;325;03-11;53;63;116;SEC_325
2019;314;16-17;17;22;39;SEC_314
2019;610;12-15;22;20;42;SEC_610
2019;113;03-11;65;83;148;SEC_113
2019;431;12-15;48;37;85;SEC_431
2019;602;00-02;10;12;22;SEC_602
2019;506;03-11;52;58;110;SEC_506
2019;239;00-02;10;13;23;SEC_239
2019;314;25-34;138;183;321;SEC_314
2019;243;03-11;58;66;124;SEC_243
2019;136;35-49;168;154;322;SEC_136
2019;411;65-74;59;38;97;SEC_411
2019;122;12-15;23;23;46;SEC_122
2019;212;35-49;216;194;410;SEC_212
2019;120;75 i +;68;53;121;SEC_120
2019;220;03-11;86;68;154;SEC_220
2019;613;00-02;14;8;22;SEC_613
2019;247;35-49;182;160;342;SEC_247
2019;441;00-02;26;25;51;SEC_441
2019;233;50-64;100;82;182;SEC_233
2019;320;50-64;145;132;277;SEC_320
2019;306;65-74;92;85;177;SEC_306
2019;607;75 i +;124;87;211;SEC_607
2019;131;12-15;19;19;38;SEC_131
2019;436;50-64;157;155;312;SEC_436
2019;609;03-11;31;39;70;SEC_609
2019;202;16-17;18;20;38;SEC_202
2019;328;00-02;43;47;90;SEC_328
2019;141;00-02;38;37;75;SEC_141
2019;117;03-11;64;63;127;SEC_117
2019;630;16-17;3;6;9;SEC_630
2019;538;12-15;30;39;69;SEC_538
2019;201;00-02;19;56;75;SEC_201
2019;606;12-15;25;23;48;SEC_606
2019;140;00-02;8;14;22;SEC_140
2019;406;03-11;58;53;111;SEC_406
2019;113;65-74;127;113;240;SEC_113
2019;617;00-02;8;7;15;SEC_617
2019;135;16-17;7;12;19;SEC_135
2019;528;35-49;160;159;319;SEC_528
2019;327;03-11;44;59;103;SEC_327
2019;505;25-34;65;48;113;SEC_505
2019;612;03-11;37;26;63;SEC_612
2019;531;00-02;9;18;27;SEC_531
2019;231;65-74;34;22;56;SEC_231
2019;517;50-64;222;185;407;SEC_517
2019;414;75 i +;87;61;148;SEC_414
2019;601;12-15;35;40;75;SEC_601
2019;303;25-34;100;88;188;SEC_303
2019;621;18-24;40;51;91;SEC_621
2019;102;16-17;13;15;28;SEC_102
2019;247;25-34;104;108;212;SEC_247
2019;436;25-34;120;122;242;SEC_436
2019;132;25-34;158;158;316;SEC_132
2019;213;03-11;52;45;97;SEC_213
2019;630;35-49;94;107;201;SEC_630
2019;127;00-02;8;6;14;SEC_127
2019;529;00-02;20;19;39;SEC_529
2019;122;18-24;30;35;65;SEC_122
2019;243;35-49;193;206;399;SEC_243
2019;228;50-64;194;200;394;SEC_228
2019;615;50-64;55;59;114;SEC_615
2019;214;35-49;332;318;650;SEC_214
2019;205;12-15;16;18;34;SEC_205
2019;416;00-02;26;28;54;SEC_416
2019;121;65-74;20;21;41;SEC_121
2019;207;35-49;282;236;518;SEC_207
2019;123;16-17;10;11;21;SEC_123
2019;209;75 i +;71;46;117;SEC_209
2019;320;00-02;7;17;24;SEC_320
2019;601;50-64;192;190;382;SEC_601
2019;305;35-49;184;208;392;SEC_305
2019;520;16-17;10;10;20;SEC_520
2019;511;18-24;78;118;196;SEC_511
2019;430;12-15;29;25;54;SEC_430
2019;607;16-17;14;5;19;SEC_607
2019;126;18-24;44;32;76;SEC_126
2019;510;18-24;50;41;91;SEC_510
2019;525;75 i +;73;36;109;SEC_525
2019;416;50-64;127;129;256;SEC_416
2019;521;03-11;39;31;70;SEC_521
2019;129;03-11;32;50;82;SEC_129
2019;240;12-15;45;25;70;SEC_240
2019;134;16-17;6;12;18;SEC_134
2019;625;03-11;36;37;73;SEC_625
2019;141;03-11;140;159;299;SEC_141
2019;236;35-49;126;137;263;SEC_236
2019;320;03-11;23;22;45;SEC_320
2019;233;12-15;12;18;30;SEC_233
2019;320;35-49;67;89;156;SEC_320
2019;619;35-49;131;139;270;SEC_619
2019;213;25-34;69;77;146;SEC_213
2019;425;75 i +;74;42;116;SEC_425
2019;535;12-15;17;12;29;SEC_535
2019;609;00-02;12;9;21;SEC_609
2019;204;03-11;60;80;140;SEC_204
2019;601;16-17;17;21;38;SEC_601
2019;112;00-02;24;22;46;SEC_112
2019;423;35-49;137;134;271;SEC_423
2019;137;18-24;59;59;118;SEC_137
2019;403;25-34;89;83;172;SEC_403
2019;412;00-02;21;28;49;SEC_412
2019;138;03-11;23;29;52;SEC_138
2019;204;50-64;161;143;304;SEC_204
2019;630;65-74;83;62;145;SEC_630
2019;630;50-64;79;64;143;SEC_630
2019;505;50-64;108;106;214;SEC_505
2019;529;75 i +;88;63;151;SEC_529
2019;406;25-34;118;102;220;SEC_406
2019;311;16-17;15;15;30;SEC_311
2019;314;65-74;144;128;272;SEC_314
2019;435;00-02;23;27;50;SEC_435
2019;322;35-49;191;185;376;SEC_322
2019;521;25-34;38;35;73;SEC_521
2019;126;75 i +;86;76;162;SEC_126
2019;121;18-24;29;37;66;SEC_121
2019;613;03-11;39;48;87;SEC_613
2019;513;12-15;29;24;53;SEC_513
2019;121;25-34;53;57;110;SEC_121
2019;329;03-11;110;120;230;SEC_329
2019;112;16-17;22;15;37;SEC_112
2019;207;03-11;75;77;152;SEC_207
2019;623;16-17;9;23;32;SEC_623
2019;401;03-11;52;52;104;SEC_401
2019;130;35-49;132;136;268;SEC_130
2019;109;25-34;70;68;138;SEC_109
2019;412;03-11;38;54;92;SEC_412
2019;116;00-02;14;11;25;SEC_116
2019;606;18-24;33;39;72;SEC_606
2019;229;50-64;183;177;360;SEC_229
2019;326;75 i +;8;8;16;SEC_326
2019;101;18-24;57;49;106;SEC_101
2019;504;25-34;73;55;128;SEC_504
2019;139;00-02;9;10;19;SEC_139
2019;615;16-17;11;5;16;SEC_615
2019;323;16-17;18;16;34;SEC_323
2019;117;50-64;232;213;445;SEC_117
2019;211;00-02;21;19;40;SEC_211
2019;425;25-34;106;96;202;SEC_425
2019;236;18-24;35;40;75;SEC_236
2019;513;35-49;205;200;405;SEC_513
2019;404;12-15;33;21;54;SEC_404
2019;526;35-49;282;283;565;SEC_526
2019;533;18-24;95;82;177;SEC_533
2019;114;03-11;46;61;107;SEC_114
2019;418;03-11;68;52;120;SEC_418
2019;305;18-24;63;75;138;SEC_305
2019;240;18-24;78;76;154;SEC_240
2019;231;03-11;58;66;124;SEC_231
2019;234;25-34;106;108;214;SEC_234
2019;329;00-02;31;37;68;SEC_329
2019;431;35-49;227;252;479;SEC_431
2019;307;03-11;54;41;95;SEC_307
2019;602;18-24;48;55;103;SEC_602
2019;419;75 i +;116;68;184;SEC_419
2019;610;25-34;50;66;116;SEC_610
2019;617;12-15;12;19;31;SEC_617
2019;631;75 i +;81;71;152;SEC_631
2019;501;65-74;115;104;219;SEC_501
2019;514;16-17;17;13;30;SEC_514
2019;624;18-24;29;34;63;SEC_624
2019;304;12-15;28;17;45;SEC_304
2019;440;35-49;115;123;238;SEC_440
2019;606;25-34;62;59;121;SEC_606
2019;138;12-15;10;10;20;SEC_138
2019;305;00-02;17;18;35;SEC_305
2019;109;18-24;37;41;78;SEC_109
2019;308;12-15;51;39;90;SEC_308
2019;314;35-49;282;296;578;SEC_314
2019;435;16-17;16;7;23;SEC_435
2019;117;35-49;203;203;406;SEC_117
2019;602;50-64;108;102;210;SEC_602
2019;535;65-74;88;56;144;SEC_535
2019;133;25-34;65;60;125;SEC_133
2019;205;35-49;108;105;213;SEC_205
2019;211;25-34;127;136;263;SEC_211
2019;208;50-64;168;141;309;SEC_208
2019;436;16-17;12;22;34;SEC_436
2019;422;03-11;59;66;125;SEC_422
2019;120;03-11;64;53;117;SEC_120
2019;530;18-24;61;81;142;SEC_530
2019;435;03-11;67;66;133;SEC_435
2019;507;16-17;3;8;11;SEC_507
2019;325;16-17;16;30;46;SEC_325
2019;632;12-15;20;20;40;SEC_632
2019;402;18-24;36;37;73;SEC_402
2019;631;16-17;6;7;13;SEC_631
2019;128;18-24;28;28;56;SEC_128
2019;410;03-11;62;61;123;SEC_410
2019;613;12-15;17;24;41;SEC_613
2019;220;75 i +;93;47;140;SEC_220
2019;416;18-24;60;56;116;SEC_416
2019;108;50-64;145;152;297;SEC_108
2019;627;18-24;30;18;48;SEC_627
2019;501;18-24;34;34;68;SEC_501
2019;139;18-24;39;44;83;SEC_139
2019;328;50-64;91;108;199;SEC_328
2019;622;00-02;11;8;19;SEC_622
2019;508;75 i +;89;50;139;SEC_508
2019;425;35-49;130;119;249;SEC_425
2019;524;25-34;113;133;246;SEC_524
2019;528;12-15;19;30;49;SEC_528
2019;130;12-15;24;19;43;SEC_130
2019;305;25-34;133;100;233;SEC_305
2019;507;00-02;11;13;24;SEC_507
2019;118;16-17;15;7;22;SEC_118
2019;242;16-17;9;8;17;SEC_242
2019;535;18-24;29;34;63;SEC_535
2019;136;16-17;11;18;29;SEC_136
2019;621;16-17;10;11;21;SEC_621
2019;437;65-74;74;55;129;SEC_437
2019;532;16-17;16;13;29;SEC_532
2019;521;50-64;73;69;142;SEC_521
2019;310;12-15;16;19;35;SEC_310
2019;328;18-24;69;44;113;SEC_328
2019;410;00-02;19;11;30;SEC_410
2019;622;65-74;61;40;101;SEC_622
2019;404;65-74;69;52;121;SEC_404
2019;209;65-74;38;34;72;SEC_209
2019;224;03-11;63;67;130;SEC_224
2019;107;00-02;21;15;36;SEC_107
2019;205;50-64;104;113;217;SEC_205
2019;501;35-49;102;126;228;SEC_501
2019;422;00-02;25;15;40;SEC_422
2019;121;03-11;35;48;83;SEC_121
2019;224;16-17;7;14;21;SEC_224
2019;245;18-24;53;47;100;SEC_245
2019;602;12-15;19;25;44;SEC_602
2019;312;50-64;173;168;341;SEC_312
2019;224;25-34;110;116;226;SEC_224
2019;326;12-15;31;30;61;SEC_326
2019;609;65-74;71;38;109;SEC_609
2019;115;18-24;50;51;101;SEC_115
2019;139;16-17;6;13;19;SEC_139
2019;503;35-49;81;78;159;SEC_503
2019;122;03-11;49;56;105;SEC_122
2019;321;03-11;60;83;143;SEC_321
2019;614;18-24;28;34;62;SEC_614
2019;211;03-11;66;64;130;SEC_211
2019;627;25-34;37;45;82;SEC_627
2019;249;25-34;99;93;192;SEC_249
2019;503;25-34;35;43;78;SEC_503
2019;322;03-11;53;73;126;SEC_322
2019;402;65-74;31;22;53;SEC_402
2019;301;18-24;29;45;74;SEC_301
2019;403;18-24;36;42;78;SEC_403
2019;624;00-02;9;10;19;SEC_624
2019;208;00-02;15;16;31;SEC_208
2019;111;16-17;6;8;14;SEC_111
2019;119;65-74;130;107;237;SEC_119
2019;124;03-11;31;27;58;SEC_124
2019;109;50-64;143;113;256;SEC_109
2019;405;00-02;27;28;55;SEC_405
2019;110;12-15;17;11;28;SEC_110
2019;517;12-15;41;37;78;SEC_517
2019;139;25-34;73;64;137;SEC_139
2019;440;18-24;44;49;93;SEC_440
2019;613;16-17;8;8;16;SEC_613
2019;102;03-11;54;44;98;SEC_102
2019;502;03-11;84;72;156;SEC_502
2019;104;35-49;111;104;215;SEC_104
2019;137;75 i +;71;62;133;SEC_137
2019;315;75 i +;73;62;135;SEC_315
2019;622;03-11;28;28;56;SEC_622
2019;135;18-24;60;47;107;SEC_135
2019;212;12-15;25;29;54;SEC_212
2019;419;00-02;26;37;63;SEC_419
2019;211;12-15;23;22;45;SEC_211
2019;308;00-02;27;17;44;SEC_308
2019;306;75 i +;90;56;146;SEC_306
2019;531;50-64;93;87;180;SEC_531
2019;318;75 i +;56;36;92;SEC_318
2019;237;25-34;119;112;231;SEC_237
2019;121;50-64;98;99;197;SEC_121
2019;212;16-17;7;15;22;SEC_212
2019;616;35-49;271;242;513;SEC_616
2019;209;35-49;139;115;254;SEC_209
2019;315;50-64;198;165;363;SEC_315
2019;426;25-34;115;92;207;SEC_426
2019;623;50-64;120;108;228;SEC_623
2019;217;03-11;64;64;128;SEC_217
2019;530;12-15;29;39;68;SEC_530
2019;532;75 i +;108;66;174;SEC_532
2019;410;50-64;183;154;337;SEC_410
2019;138;18-24;28;24;52;SEC_138
2019;205;75 i +;71;47;118;SEC_205
2019;311;50-64;143;145;288;SEC_311
2019;504;00-02;11;11;22;SEC_504
2019;212;18-24;73;74;147;SEC_212
2019;532;65-74;64;43;107;SEC_532
2019;226;12-15;33;27;60;SEC_226
2019;239;16-17;13;14;27;SEC_239
2019;113;00-02;15;18;33;SEC_113
2019;623;12-15;29;34;63;SEC_623
2019;420;03-11;93;94;187;SEC_420
2019;104;50-64;93;95;188;SEC_104
2019;431;50-64;129;116;245;SEC_431
2019;419;18-24;94;103;197;SEC_419
2019;113;25-34;94;115;209;SEC_113
2019;605;12-15;33;29;62;SEC_605
2019;221;65-74;79;66;145;SEC_221
2019;104;25-34;43;48;91;SEC_104
2019;402;35-49;123;106;229;SEC_402
2019;533;12-15;38;39;77;SEC_533
2019;248;16-17;14;5;19;SEC_248
2019;114;16-17;12;15;27;SEC_114
2019;125;50-64;149;148;297;SEC_125
2019;507;35-49;101;104;205;SEC_507
2019;308;18-24;88;96;184;SEC_308
2019;517;25-34;185;179;364;SEC_517
2019;312;65-74;107;59;166;SEC_312
2019;420;12-15;42;30;72;SEC_420
2019;328;03-11;140;153;293;SEC_328
2019;623;75 i +;104;70;174;SEC_623
2019;103;25-34;56;46;102;SEC_103
2019;214;00-02;38;31;69;SEC_214
2019;616;18-24;84;96;180;SEC_616
2019;312;18-24;75;66;141;SEC_312
2019;423;00-02;19;17;36;SEC_423
2019;530;03-11;73;105;178;SEC_530
2019;201;18-24;37;59;96;SEC_201
2019;615;00-02;7;5;12;SEC_615
2019;610;50-64;99;92;191;SEC_610
2019;625;65-74;120;118;238;SEC_625
2019;406;18-24;76;68;144;SEC_406
2019;510;35-49;122;134;256;SEC_510
2019;122;25-34;69;58;127;SEC_122
2019;420;35-49;226;289;515;SEC_420
2019;101;12-15;36;45;81;SEC_101
2019;525;03-11;42;50;92;SEC_525
2019;127;50-64;97;83;180;SEC_127
2019;328;12-15;66;48;114;SEC_328
2019;133;18-24;24;25;49;SEC_133
2019;133;50-64;86;80;166;SEC_133
2019;409;35-49;265;266;531;SEC_409
2019;118;03-11;55;82;137;SEC_118
2019;537;16-17;17;8;25;SEC_537
2019;123;12-15;17;22;39;SEC_123
2019;510;16-17;12;7;19;SEC_510
2019;240;16-17;17;18;35;SEC_240
2019;409;75 i +;116;90;206;SEC_409
2019;506;00-02;13;13;26;SEC_506
2019;605;75 i +;163;132;295;SEC_605
2019;231;50-64;113;114;227;SEC_231
2019;606;16-17;8;11;19;SEC_606
2019;139;65-74;64;50;114;SEC_139
2019;419;35-49;241;274;515;SEC_419
2019;104;00-02;7;12;19;SEC_104
2019;502;25-34;104;95;199;SEC_502
2019;412;65-74;107;89;196;SEC_412
2019;231;75 i +;83;38;121;SEC_231
2019;407;75 i +;81;43;124;SEC_407
2019;524;65-74;47;40;87;SEC_524
2019;119;25-34;58;66;124;SEC_119
2019;609;25-34;43;41;84;SEC_609
2019;610;75 i +;104;104;208;SEC_610
2019;534;16-17;9;10;19;SEC_534
2019;323;35-49;227;238;465;SEC_323
2019;306;35-49;193;177;370;SEC_306
2019;249;12-15;12;20;32;SEC_249
2019;502;16-17;8;15;23;SEC_502
2019;609;16-17;7;8;15;SEC_609
2019;409;16-17;16;19;35;SEC_409
2019;130;50-64;111;95;206;SEC_130
2019;132;35-49;244;272;516;SEC_132
2019;441;16-17;23;18;41;SEC_441
2019;406;35-49;166;164;330;SEC_406
2019;521;16-17;5;12;17;SEC_521
2019;245;50-64;104;99;203;SEC_245
2019;507;12-15;18;18;36;SEC_507
2019;621;65-74;147;125;272;SEC_621
2019;612;50-64;80;79;159;SEC_612
2019;136;18-24;48;48;96;SEC_136
2019;315;65-74;88;93;181;SEC_315
2019;506;25-34;89;95;184;SEC_506
2019;631;12-15;16;14;30;SEC_631
2019;127;12-15;18;17;35;SEC_127
2019;128;03-11;40;52;92;SEC_128
2019;433;12-15;42;41;83;SEC_433
2019;319;25-34;106;95;201;SEC_319
2019;440;50-64;91;93;184;SEC_440
2019;124;25-34;67;70;137;SEC_124
2019;605;25-34;82;74;156;SEC_605
2019;240;65-74;58;43;101;SEC_240
2019;137;03-11;72;58;130;SEC_137
2019;402;75 i +;59;44;103;SEC_402
2019;306;25-34;128;144;272;SEC_306
2019;212;65-74;60;41;101;SEC_212
2019;630;00-02;13;9;22;SEC_630
2019;627;50-64;92;68;160;SEC_627
2019;116;25-34;77;76;153;SEC_116
2019;139;12-15;16;20;36;SEC_139
2019;626;25-34;47;46;93;SEC_626
2019;207;18-24;83;78;161;SEC_207
2019;239;18-24;56;44;100;SEC_239
2019;134;00-02;12;22;34;SEC_134
2019;105;65-74;84;69;153;SEC_105
2019;432;25-34;97;106;203;SEC_432
2019;127;75 i +;42;31;73;SEC_127
2019;242;50-64;117;116;233;SEC_242
2019;211;50-64;133;105;238;SEC_211
2019;609;12-15;17;16;33;SEC_609
2019;138;35-49;85;73;158;SEC_138
2019;320;35-49;179;194;373;SEC_320
2019;108;18-24;60;50;110;SEC_108
2019;321;35-49;224;208;432;SEC_321
2019;111;35-49;89;90;179;SEC_111
2019;119;00-02;16;5;21;SEC_119
2019;405;25-34;172;124;296;SEC_405
2019;517;16-17;19;21;40;SEC_517
2019;626;50-64;79;86;165;SEC_626
2019;319;65-74;90;73;163;SEC_319
2019;402;03-11;41;52;93;SEC_402
2019;313;16-17;21;20;41;SEC_313
2019;533;35-49;243;255;498;SEC_533
2019;105;03-11;47;49;96;SEC_105
2019;622;12-15;17;14;31;SEC_622
2019;245;35-49;145;154;299;SEC_245
2019;232;50-64;102;100;202;SEC_232
2019;309;18-24;28;51;79;SEC_309
2019;318;50-64;108;84;192;SEC_318
2019;313;25-34;125;133;258;SEC_313
2019;615;25-34;36;33;69;SEC_615
2019;508;25-34;142;127;269;SEC_508
2019;505;18-24;20;24;44;SEC_505
2019;110;50-64;112;84;196;SEC_110
2019;121;75 i +;63;34;97;SEC_121
2019;608;25-34;59;69;128;SEC_608
2019;627;65-74;105;91;196;SEC_627
2019;535;00-02;11;8;19;SEC_535
2019;119;16-17;8;9;17;SEC_119
2019;435;18-24;42;59;101;SEC_435
2019;521;35-49;96;105;201;SEC_521
2019;538;35-49;166;174;340;SEC_538
2019;202;00-02;29;28;57;SEC_202
2019;130;03-11;46;46;92;SEC_130
2019;234;00-02;15;16;31;SEC_234
2019;327;12-15;22;28;50;SEC_327
2019;133;03-11;39;25;64;SEC_133
2019;238;35-49;129;141;270;SEC_238
2019;406;16-17;14;13;27;SEC_406
2019;122;35-49;139;127;266;SEC_122
2019;123;35-49;150;126;276;SEC_123
2019;626;03-11;38;40;78;SEC_626
2019;303;03-11;64;60;124;SEC_303
2019;524;16-17;17;11;28;SEC_524
2019;134;03-11;62;62;124;SEC_134
2019;513;75 i +;106;66;172;SEC_513
2019;216;35-49;156;175;331;SEC_216
2019;125;03-11;57;78;135;SEC_125
2019;529;03-11;51;55;106;SEC_529
2019;606;03-11;40;52;92;SEC_606
2019;433;50-64;185;170;355;SEC_433
2019;245;16-17;8;19;27;SEC_245
2019;605;16-17;18;14;32;SEC_605
2019;124;00-02;10;8;18;SEC_124
2019;102;25-34;75;74;149;SEC_102
2019;136;75 i +;81;47;128;SEC_136
2019;141;65-74;21;19;40;SEC_141
2019;106;35-49;190;193;383;SEC_106
2019;129;75 i +;122;63;185;SEC_129
2019;619;16-17;9;9;18;SEC_619
2019;318;65-74;52;48;100;SEC_318
2019;426;18-24;44;48;92;SEC_426
2019;301;75 i +;157;106;263;SEC_301
2019;632;18-24;41;31;72;SEC_632
2019;525;35-49;134;126;260;SEC_525
2019;239;12-15;15;10;25;SEC_239
2019;320;18-24;50;43;93;SEC_320
2019;317;12-15;19;27;46;SEC_317
2019;221;25-34;179;169;348;SEC_221
2019;624;75 i +;77;73;150;SEC_624
2019;513;16-17;7;25;32;SEC_513
2019;327;35-49;142;137;279;SEC_327
2019;310;35-49;106;130;236;SEC_310
2019;101;50-64;191;188;379;SEC_101
2019;307;12-15;17;17;34;SEC_307
2019;401;50-64;145;117;262;SEC_401
2019;124;35-49;96;94;190;SEC_124
2019;306;03-11;54;67;121;SEC_306
2019;616;65-74;131;121;252;SEC_616
2019;140;18-24;44;39;83;SEC_140
2019;133;00-02;12;14;26;SEC_133
2019;118;25-34;95;85;180;SEC_118
2019;326;00-02;42;50;92;SEC_326
2019;305;03-11;59;67;126;SEC_305
2019;305;12-15;26;35;61;SEC_305
2019;441;12-15;38;36;74;SEC_441
2019;317;75 i +;42;26;68;SEC_317
2019;307;35-49;136;131;267;SEC_307
2019;322;18-24;62;57;119;SEC_322
2019;129;12-15;20;24;44;SEC_129
2019;423;12-15;21;17;38;SEC_423
2019;605;00-02;17;27;44;SEC_605
2019;249;35-49;124;130;254;SEC_249
2019;624;65-74;101;74;175;SEC_624
2019;216;03-11;56;64;120;SEC_216
2019;607;50-64;110;96;206;SEC_607
2019;226;75 i +;120;81;201;SEC_226
2019;237;12-15;33;35;68;SEC_237
2019;618;65-74;84;58;142;SEC_618
2019;123;75 i +;93;65;158;SEC_123
2019;327;65-74;95;83;178;SEC_327
2019;213;12-15;17;22;39;SEC_213
2019;605;65-74;113;75;188;SEC_605
2019;513;03-11;76;80;156;SEC_513
2019;510;25-34;75;86;161;SEC_510
2019;234;75 i +;63;39;102;SEC_234
2019;610;18-24;47;54;101;SEC_610
2019;535;03-11;30;25;55;SEC_535
2019;237;16-17;10;20;30;SEC_237
2019;202;03-11;69;79;148;SEC_202
2019;224;35-49;164;141;305;SEC_224
2019;605;50-64;155;129;284;SEC_605
2019;207;65-74;80;65;145;SEC_207
2019;518;12-15;20;21;41;SEC_518
2019;418;25-34;95;125;220;SEC_418
2019;621;50-64;128;87;215;SEC_621
2019;246;12-15;40;21;61;SEC_246
2019;213;00-02;13;13;26;SEC_213
2019;325;50-64;214;169;383;SEC_325
2019;232;25-34;95;108;203;SEC_232
2019;138;75 i +;54;43;97;SEC_138
2019;109;75 i +;76;53;129;SEC_109
2019;405;03-11;79;82;161;SEC_405
2019;503;00-02;2;6;8;SEC_503
2019;232;00-02;15;13;28;SEC_232
2019;531;03-11;44;51;95;SEC_531
2019;412;16-17;18;19;37;SEC_412
2019;207;50-64;197;152;349;SEC_207
2019;220;35-49;253;210;463;SEC_220
2019;610;03-11;38;46;84;SEC_610
2019;411;00-02;9;10;19;SEC_411
2019;246;00-02;18;17;35;SEC_246
2019;102;65-74;119;96;215;SEC_102
2019;430;16-17;16;4;20;SEC_430
2019;234;35-49;137;154;291;SEC_234
2019;236;12-15;20;19;39;SEC_236
2019;311;25-34;125;115;240;SEC_311
2019;202;75 i +;85;65;150;SEC_202
2019;320;75 i +;2;3;5;SEC_320
2019;128;65-74;62;39;101;SEC_128
2019;306;50-64;167;157;324;SEC_306
2019;423;18-24;41;40;81;SEC_423
2019;137;50-64;168;145;313;SEC_137
2019;418;18-24;60;55;115;SEC_418
2019;323;75 i +;66;48;114;SEC_323
2019;441;18-24;70;64;134;SEC_441
2019;441;25-34;159;147;306;SEC_441
2019;316;50-64;292;201;493;SEC_316
2019;608;35-49;130;168;298;SEC_608
2019;625;18-24;32;35;67;SEC_625
2019;531;16-17;13;6;19;SEC_531
2019;249;75 i +;71;39;110;SEC_249
2019;104;75 i +;73;40;113;SEC_104
2019;430;18-24;33;63;96;SEC_430
2019;128;50-64;81;87;168;SEC_128
2019;437;00-02;33;27;60;SEC_437
2019;113;35-49;204;199;403;SEC_113
2019;212;25-34;119;135;254;SEC_212
2019;316;35-49;181;207;388;SEC_316
2019;627;00-02;7;11;18;SEC_627
2019;103;65-74;41;34;75;SEC_103
2019;201;12-15;32;36;68;SEC_201
2019;209;50-64;120;98;218;SEC_209
2019;430;65-74;32;23;55;SEC_430
2019;220;25-34;177;169;346;SEC_220
2019;623;35-49;154;167;321;SEC_623
2019;513;18-24;68;75;143;SEC_513
2019;107;18-24;64;52;116;SEC_107
2019;430;75 i +;60;37;97;SEC_430
2019;136;12-15;21;24;45;SEC_136
2019;221;18-24;89;103;192;SEC_221
2019;407;50-64;94;88;182;SEC_407
2019;236;03-11;46;54;100;SEC_236
2019;510;75 i +;73;46;119;SEC_510
2019;321;16-17;22;17;39;SEC_321
2019;232;16-17;6;10;16;SEC_232
2019;518;50-64;95;96;191;SEC_518
2019;306;12-15;26;37;63;SEC_306
2019;228;25-34;212;200;412;SEC_228
2019;324;16-17;15;12;27;SEC_324
2019;304;65-74;75;54;129;SEC_304
2019;224;75 i +;69;26;95;SEC_224
2019;246;18-24;55;60;115;SEC_246
2019;520;03-11;39;39;78;SEC_520
2019;101;03-11;63;70;133;SEC_101
2019;508;12-15;31;38;69;SEC_508
2019;425;50-64;115;114;229;SEC_425
2019;242;75 i +;81;61;142;SEC_242
2019;209;03-11;40;44;84;SEC_209
2019;608;65-74;66;52;118;SEC_608
2019;420;75 i +;133;76;209;SEC_420
2019;326;65-74;20;28;48;SEC_326
2019;533;03-11;93;89;182;SEC_533
2019;616;16-17;22;24;46;SEC_616
2019;316;65-74;196;205;401;SEC_316
2019;116;16-17;11;15;26;SEC_116
2019;310;00-02;16;9;25;SEC_310
2019;305;16-17;15;8;23;SEC_305
2019;421;75 i +;95;72;167;SEC_421
2019;240;50-64;175;157;332;SEC_240
2019;621;12-15;21;23;44;SEC_621
2019;205;25-34;82;86;168;SEC_205
2019;223;00-02;21;17;38;SEC_223
2019;528;25-34;95;84;179;SEC_528
2019;401;12-15;24;22;46;SEC_401
2019;538;25-34;95;88;183;SEC_538
2019;416;12-15;31;34;65;SEC_416
2019;107;03-11;67;49;116;SEC_107
2019;228;65-74;71;53;124;SEC_228
2019;132;00-02;28;38;66;SEC_132
2019;526;65-74;65;45;110;SEC_526
2019;616;12-15;51;47;98;SEC_616
2019;115;16-17;10;10;20;SEC_115
2019;631;35-49;121;114;235;SEC_631
2019;518;16-17;13;9;22;SEC_518
2019;321;00-02;20;25;45;SEC_321
2019;238;16-17;9;6;15;SEC_238
2019;117;16-17;11;14;25;SEC_117
2019;110;18-24;25;24;49;SEC_110
2019;425;16-17;8;12;20;SEC_425
2019;309;25-34;90;77;167;SEC_309
2019;619;18-24;33;41;74;SEC_619
2019;631;00-02;9;10;19;SEC_631
2019;117;65-74;139;115;254;SEC_117
2019;508;35-49;202;192;394;SEC_508
2019;221;12-15;32;32;64;SEC_221
2019;409;03-11;93;88;181;SEC_409
2019;107;50-64;153;137;290;SEC_107
2019;317;50-64;94;89;183;SEC_317
2019;401;65-74;55;50;105;SEC_401
2019;608;03-11;56;49;105;SEC_608
2019;619;75 i +;124;89;213;SEC_619
2019;505;35-49;140;129;269;SEC_505
2019;245;03-11;49;57;106;SEC_245
2019;327;18-24;41;46;87;SEC_327
2019;245;65-74;51;35;86;SEC_245
2019;211;16-17;11;19;30;SEC_211
2019;433;00-02;30;32;62;SEC_433
2019;521;12-15;14;17;31;SEC_521
2019;302;50-64;133;111;244;SEC_302
2019;626;18-24;23;34;57;SEC_626
2019;502;12-15;24;36;60;SEC_502
2019;309;03-11;60;71;131;SEC_309
2019;247;75 i +;74;50;124;SEC_247
2019;407;35-49;131;152;283;SEC_407
2019;406;50-64;143;133;276;SEC_406
2019;502;18-24;59;59;118;SEC_502
2019;208;16-17;11;13;24;SEC_208
2019;311;03-11;64;82;146;SEC_311
2019;514;00-02;21;21;42;SEC_514
2019;128;25-34;69;74;143;SEC_128
2019;608;50-64;151;137;288;SEC_608
2019;308;75 i +;123;94;217;SEC_308
2019;625;35-49;126;107;233;SEC_625
2019;630;03-11;26;40;66;SEC_630
2019;538;75 i +;101;58;159;SEC_538
2019;419;25-34;155;180;335;SEC_419
2019;220;12-15;35;28;63;SEC_220
2019;404;35-49;171;176;347;SEC_404
2019;237;65-74;51;41;92;SEC_237
2019;303;65-74;103;74;177;SEC_303
2019;329;35-49;283;265;548;SEC_329
2019;212;03-11;66;63;129;SEC_212
2019;204;75 i +;115;59;174;SEC_204
2019;123;03-11;50;37;87;SEC_123
2019;245;00-02;19;25;44;SEC_245
2019;239;25-34;84;99;183;SEC_239
2019;213;18-24;35;49;84;SEC_213
2019;210;12-15;26;14;40;SEC_210
2019;412;35-49;158;209;367;SEC_412
2019;313;65-74;138;113;251;SEC_313
2019;301;25-34;87;97;184;SEC_301
2019;506;35-49;181;176;357;SEC_506
2019;610;65-74;106;52;158;SEC_610
2019;632;75 i +;57;39;96;SEC_632
2019;239;35-49;164;159;323;SEC_239
2019;632;50-64;96;82;178;SEC_632
2019;532;50-64;127;92;219;SEC_532
2019;141;50-64;86;96;182;SEC_141
2019;234;18-24;39;60;99;SEC_234
2019;113;75 i +;71;54;125;SEC_113
2019;437;75 i +;116;83;199;SEC_437
2019;623;00-02;16;15;31;SEC_623
2019;211;35-49;188;210;398;SEC_211
2019;422;65-74;45;32;77;SEC_422
2019;435;75 i +;58;23;81;SEC_435
2019;528;75 i +;82;54;136;SEC_528
2019;614;03-11;31;36;67;SEC_614
2019;526;18-24;87;70;157;SEC_526
2019;141;18-24;29;32;61;SEC_141
2019;520;00-02;11;10;21;SEC_520
2019;504;16-17;6;4;10;SEC_504
2019;101;35-49;223;241;464;SEC_101
2019;205;00-02;13;6;19;SEC_205
2019;507;25-34;60;77;137;SEC_507
2019;127;18-24;23;26;49;SEC_127
2019;311;12-15;21;25;46;SEC_311
2019;421;25-34;85;83;168;SEC_421
2019;110;16-17;13;13;26;SEC_110
2019;403;00-02;18;9;27;SEC_403
2019;614;00-02;2;8;10;SEC_614
2019;309;35-49;199;204;403;SEC_309
2019;507;65-74;46;34;80;SEC_507
2019;216;25-34;89;84;173;SEC_216
2019;122;50-64;69;77;146;SEC_122
2019;532;03-11;52;63;115;SEC_532
2019;534;03-11;52;47;99;SEC_534
2019;614;12-15;24;24;48;SEC_614
2019;425;00-02;16;11;27;SEC_425
2019;414;18-24;81;100;181;SEC_414
2019;324;25-34;84;96;180;SEC_324
2019;610;00-02;18;14;32;SEC_610
2019;140;25-34;75;67;142;SEC_140
2019;318;00-02;8;5;13;SEC_318
2019;237;03-11;71;66;137;SEC_237
2019;437;12-15;30;32;62;SEC_437
2019;140;65-74;57;33;90;SEC_140
2019;221;35-49;247;288;535;SEC_221
2019;118;12-15;45;26;71;SEC_118
2019;510;12-15;13;16;29;SEC_510
2019;129;00-02;6;17;23;SEC_129
2019;317;65-74;25;29;54;SEC_317
2019;607;35-49;95;113;208;SEC_607
2019;403;50-64;114;109;223;SEC_403
2019;501;12-15;11;17;28;SEC_501
2019;107;25-34;92;104;196;SEC_107
2019;414;50-64;177;147;324;SEC_414
2019;611;50-64;155;166;321;SEC_611
2019;301;03-11;65;53;118;SEC_301
2019;627;12-15;8;13;21;SEC_627
2019;632;65-74;47;41;88;SEC_632
2019;323;03-11;75;101;176;SEC_323
2019;411;35-49;118;114;232;SEC_411
2019;528;50-64;127;99;226;SEC_528
2019;207;75 i +;104;55;159;SEC_207
2019;532;18-24;59;57;116;SEC_532
2019;224;18-24;55;55;110;SEC_224
2019;623;18-24;43;45;88;SEC_623
2019;305;50-64;196;163;359;SEC_305
2019;231;12-15;20;31;51;SEC_231
2019;534;35-49;129;126;255;SEC_534
2019;249;16-17;8;6;14;SEC_249
2019;111;03-11;31;18;49;SEC_111
2019;111;75 i +;74;50;124;SEC_111
2019;614;65-74;79;55;134;SEC_614
2019;321;50-64;275;228;503;SEC_321
2019;216;12-15;32;30;62;SEC_216
2019;106;18-24;45;55;100;SEC_106
2019;409;18-24;85;91;176;SEC_409
2019;220;00-02;26;33;59;SEC_220
2019;425;12-15;17;25;42;SEC_425
2019;405;65-74;75;52;127;SEC_405
2019;113;18-24;48;57;105;SEC_113
2019;322;16-17;12;16;28;SEC_322
2019;618;35-49;103;96;199;SEC_618
2019;223;25-34;116;108;224;SEC_223
2019;437;25-34;122;135;257;SEC_437
2019;421;65-74;68;46;114;SEC_421
2019;533;65-74;78;56;134;SEC_533
2019;610;16-17;12;10;22;SEC_610
2019;506;12-15;20;37;57;SEC_506
2019;103;75 i +;54;32;86;SEC_103
2019;533;25-34;146;151;297;SEC_533
2019;532;00-02;21;26;47;SEC_532
2019;109;65-74;73;67;140;SEC_109
2019;103;18-24;30;29;59;SEC_103
2019;304;00-02;39;39;78;SEC_304
2019;503;65-74;75;65;140;SEC_503
2019;526;75 i +;95;62;157;SEC_526
2019;134;35-49;155;174;329;SEC_134
2019;513;00-02;22;33;55;SEC_513
2019;627;35-49;82;104;186;SEC_627
2019;322;65-74;62;60;122;SEC_322
2019;440;75 i +;87;75;162;SEC_440
2019;517;03-11;100;112;212;SEC_517
2019;632;35-49;111;128;239;SEC_632
2019;402;12-15;22;19;41;SEC_402
2019;123;18-24;41;49;90;SEC_123
2019;612;35-49;107;125;232;SEC_612
2019;627;75 i +;62;55;117;SEC_627
2019;503;18-24;23;27;50;SEC_503
2019;121;16-17;9;6;15;SEC_121
2019;421;50-64;121;102;223;SEC_421
2019;510;03-11;50;38;88;SEC_510
2019;306;18-24;75;73;148;SEC_306
2019;422;25-34;103;86;189;SEC_422
2019;130;16-17;9;7;16;SEC_130
2019;531;12-15;15;19;34;SEC_531
2019;320;18-24;10;9;19;SEC_320
2019;325;65-74;145;100;245;SEC_325
2019;510;65-74;64;41;105;SEC_510
2019;114;35-49;179;174;353;SEC_114
2019;314;03-11;104;104;208;SEC_314
2019;431;18-24;74;89;163;SEC_431
2019;316;03-11;50;79;129;SEC_316
2019;618;12-15;28;29;57;SEC_618
2019;128;75 i +;67;45;112;SEC_128
2019;405;16-17;17;20;37;SEC_405
2019;616;75 i +;73;39;112;SEC_616
2019;430;35-49;136;174;310;SEC_430
2019;134;50-64;156;117;273;SEC_134
2019;632;03-11;35;47;82;SEC_632
2019;301;00-02;13;14;27;SEC_301
2019;412;50-64;163;124;287;SEC_412
2019;325;12-15;36;29;65;SEC_325
2019;615;65-74;79;34;113;SEC_615
2019;427;18-24;73;70;143;SEC_427
2019;530;25-34;145;145;290;SEC_530
2019;140;12-15;17;25;42;SEC_140
2019;126;16-17;15;11;26;SEC_126
2019;427;50-64;147;151;298;SEC_427
2019;632;00-02;7;9;16;SEC_632
2019;304;35-49;313;287;600;SEC_304
2019;504;03-11;36;45;81;SEC_504
2019;506;18-24;56;69;125;SEC_506
2019;133;65-74;59;45;104;SEC_133
2019;505;16-17;8;5;13;SEC_505
2019;419;03-11;90;111;201;SEC_419
2019;242;65-74;51;46;97;SEC_242
2019;420;18-24;100;98;198;SEC_420
2019;228;03-11;109;98;207;SEC_228
2019;137;00-02;17;19;36;SEC_137
2019;319;16-17;14;19;33;SEC_319
2019;504;35-49;134;127;261;SEC_504
2019;501;50-64;103;91;194;SEC_501
2019;319;03-11;78;98;176;SEC_319
2019;621;00-02;13;20;33;SEC_621
2019;609;35-49;97;90;187;SEC_609
2019;106;75 i +;82;62;144;SEC_106
2019;422;35-49;174;177;351;SEC_422
2019;404;00-02;18;21;39;SEC_404
2019;535;75 i +;87;79;166;SEC_535
2019;303;50-64;121;127;248;SEC_303
2019;208;25-34;120;139;259;SEC_208
2019;407;16-17;11;13;24;SEC_407
2019;313;12-15;35;38;73;SEC_313
2019;211;18-24;49;81;130;SEC_211
2019;231;25-34;110;89;199;SEC_231
2019;318;35-49;84;78;162;SEC_318
2019;105;75 i +;62;53;115;SEC_105
2019;115;35-49;163;159;322;SEC_115
2019;130;18-24;26;34;60;SEC_130
2019;316;18-24;57;60;117;SEC_316
2019;140;03-11;56;51;107;SEC_140
2019;125;75 i +;75;74;149;SEC_125
2019;318;25-34;42;50;92;SEC_318
2019;323;25-34;98;87;185;SEC_323
2019;410;16-17;11;17;28;SEC_410
2019;503;12-15;5;5;10;SEC_503
2019;609;18-24;28;34;62;SEC_609
2019;204;35-49;203;200;403;SEC_204
2019;521;65-74;112;75;187;SEC_521
2019;414;25-34;184;171;355;SEC_414
2019;112;25-34;121;114;235;SEC_112
2019;325;35-49;196;180;376;SEC_325
2019;309;16-17;12;18;30;SEC_309
2019;221;03-11;81;96;177;SEC_221
2019;223;12-15;25;33;58;SEC_223
2019;302;25-34;104;97;201;SEC_302
2019;302;65-74;128;102;230;SEC_302
2019;216;00-02;13;8;21;SEC_216
2019;233;75 i +;58;28;86;SEC_233
2019;432;75 i +;80;55;135;SEC_432
2019;426;12-15;21;18;39;SEC_426
2019;202;12-15;30;36;66;SEC_202
2019;103;00-02;11;13;24;SEC_103
2019;101;16-17;21;17;38;SEC_101
2019;139;50-64;79;105;184;SEC_139
2019;437;16-17;17;22;39;SEC_437
2019;116;12-15;30;16;46;SEC_116
2019;306;16-17;22;12;34;SEC_306
2019;134;25-34;76;84;160;SEC_134
2019;601;03-11;67;81;148;SEC_601
2019;223;16-17;10;8;18;SEC_223
2019;616;50-64;245;215;460;SEC_616
2019;123;00-02;8;16;24;SEC_123
2019;303;00-02;18;20;38;SEC_303
2019;228;12-15;44;48;92;SEC_228
2019;605;18-24;59;55;114;SEC_605
2019;433;03-11;107;112;219;SEC_433
2019;435;25-34;109;117;226;SEC_435
2019;226;03-11;85;86;171;SEC_226
2019;307;50-64;148;97;245;SEC_307
2019;409;25-34;139;175;314;SEC_409
2019;120;12-15;16;48;64;SEC_120
2019;120;35-49;182;177;359;SEC_120
2019;607;03-11;34;39;73;SEC_607
2019;318;18-24;32;29;61;SEC_318
2019;101;65-74;67;75;142;SEC_101
2019;602;25-34;60;63;123;SEC_602
2019;320;00-02;9;7;16;SEC_320
2019;507;50-64;83;80;163;SEC_507
2019;622;16-17;7;8;15;SEC_622
2019;228;18-24;98;105;203;SEC_228
2019;201;35-49;273;287;560;SEC_201
2019;106;50-64;208;148;356;SEC_106
2019;248;25-34;109;119;228;SEC_248
2019;310;50-64;109;82;191;SEC_310
2019;317;03-11;61;61;122;SEC_317
2019;312;25-34;164;158;322;SEC_312
2019;103;12-15;13;6;19;SEC_103
2019;118;35-49;184;177;361;SEC_118
2019;245;12-15;20;22;42;SEC_245
2019;240;75 i +;106;66;172;SEC_240
2019;325;25-34;91;99;190;SEC_325
2019;329;65-74;34;45;79;SEC_329
2019;308;25-34;106;119;225;SEC_308
2019;127;35-49;102;81;183;SEC_127
2019;614;25-34;48;48;96;SEC_614
2019;427;00-02;25;27;52;SEC_427
2019;425;03-11;43;41;84;SEC_425
2019;625;50-64;136;107;243;SEC_625
2019;404;03-11;68;67;135;SEC_404
2019;131;16-17;5;15;20;SEC_131
2019;105;35-49;144;140;284;SEC_105
2019;112;03-11;53;69;122;SEC_112
2019;613;50-64;89;98;187;SEC_613
2019;532;35-49;176;184;360;SEC_532
2019;311;18-24;65;71;136;SEC_311
2019;220;65-74;73;45;118;SEC_220
2019;322;25-34;111;98;209;SEC_322
2019;236;00-02;12;13;25;SEC_236
2019;421;16-17;13;9;22;SEC_421
2019;308;50-64;229;204;433;SEC_308
2019;237;75 i +;76;50;126;SEC_237
2019;229;18-24;112;101;213;SEC_229
2019;626;75 i +;76;41;117;SEC_626
2019;317;25-34;95;116;211;SEC_317
2019;431;75 i +;78;37;115;SEC_431
2019;210;16-17;7;8;15;SEC_210
2019;416;65-74;56;48;104;SEC_416
2019;608;16-17;18;11;29;SEC_608
2019;404;16-17;13;11;24;SEC_404
2019;320;25-34;46;44;90;SEC_320
2019;317;35-49;147;183;330;SEC_317
2019;631;03-11;36;53;89;SEC_631
2019;511;65-74;93;59;152;SEC_511
2019;121;35-49;116;119;235;SEC_121
2019;631;25-34;60;51;111;SEC_631
2019;537;18-24;59;57;116;SEC_537
2019;617;65-74;60;44;104;SEC_617
2019;231;35-49;187;189;376;SEC_231
2019;619;65-74;83;85;168;SEC_619
2019;626;16-17;7;9;16;SEC_626
2019;204;65-74;59;57;116;SEC_204
2019;329;75 i +;23;19;42;SEC_329
2019;242;03-11;60;53;113;SEC_242
2019;612;25-34;56;50;106;SEC_612
2019;226;65-74;84;67;151;SEC_226
2019;242;12-15;14;23;37;SEC_242
2019;517;18-24;98;128;226;SEC_517
2019;526;03-11;94;102;196;SEC_526
2019;310;03-11;47;50;97;SEC_310
2019;623;03-11;53;56;109;SEC_623
2019;214;75 i +;121;60;181;SEC_214
2019;624;12-15;18;23;41;SEC_624
2019;209;18-24;42;40;82;SEC_209
2019;129;35-49;127;130;257;SEC_129
2019;315;16-17;14;17;31;SEC_315
2019;210;18-24;47;37;84;SEC_210
2019;125;16-17;11;14;25;SEC_125
2019;518;18-24;41;58;99;SEC_518
2019;204;18-24;72;72;144;SEC_204
2019;125;00-02;14;13;27;SEC_125
2019;624;16-17;11;12;23;SEC_624
2019;131;03-11;68;50;118;SEC_131
2019;114;65-74;105;82;187;SEC_114
2019;326;50-64;72;89;161;SEC_326
2019;118;65-74;151;140;291;SEC_118
2019;513;50-64;134;136;270;SEC_513
2019;528;65-74;52;42;94;SEC_528
2019;611;00-02;14;21;35;SEC_611
2019;105;50-64;124;90;214;SEC_105
2019;432;03-11;50;59;109;SEC_432
2019;208;12-15;20;19;39;SEC_208
2019;416;16-17;17;22;39;SEC_416
2019;427;16-17;17;14;31;SEC_427
2019;308;65-74;128;112;240;SEC_308
2019;419;65-74;69;44;113;SEC_419
2019;531;35-49;127;136;263;SEC_531
2019;534;12-15;17;22;39;SEC_534
2019;246;50-64;109;113;222;SEC_246
2019;248;75 i +;65;49;114;SEC_248
2019;440;12-15;16;19;35;SEC_440
2019;601;35-49;214;254;468;SEC_601
2019;122;16-17;8;7;15;SEC_122
2019;410;35-49;196;176;372;SEC_410
2019;426;65-74;41;35;76;SEC_426
2019;111;50-64;92;73;165;SEC_111
2019;441;35-49;224;245;469;SEC_441
2019;137;16-17;12;11;23;SEC_137
2019;118;75 i +;81;71;152;SEC_118
2019;619;50-64;138;126;264;SEC_619
2019;133;35-49;98;110;208;SEC_133
2019;210;25-34;50;48;98;SEC_210
2019;111;65-74;59;41;100;SEC_111
2019;441;50-64;240;194;434;SEC_441
2019;418;75 i +;86;67;153;SEC_418
2019;530;65-74;58;37;95;SEC_530
2019;607;18-24;29;40;69;SEC_607
2019;234;16-17;14;6;20;SEC_234
2019;120;50-64;207;197;404;SEC_120
2019;320;03-11;56;58;114;SEC_320
2019;403;65-74;78;47;125;SEC_403
2019;217;16-17;19;16;35;SEC_217
2019;404;50-64;130;128;258;SEC_404
2019;132;18-24;60;71;131;SEC_132
2019;616;03-11;101;100;201;SEC_616
2019;217;25-34;119;131;250;SEC_217
2019;316;00-02;20;24;44;SEC_316
2019;131;00-02;20;19;39;SEC_131
2019;401;35-49;147;125;272;SEC_401
2019;523;35-49;200;186;386;SEC_523
2019;524;03-11;70;81;151;SEC_524
2019;233;65-74;28;18;46;SEC_233
2019;504;50-64;77;83;160;SEC_504
2019;137;25-34;91;84;175;SEC_137
2019;625;75 i +;85;57;142;SEC_625
2019;111;18-24;28;30;58;SEC_111
2019;111;00-02;7;8;15;SEC_111
2019;608;00-02;16;11;27;SEC_608
2019;525;25-34;67;50;117;SEC_525
2019;104;16-17;1;9;10;SEC_104
2019;130;65-74;42;23;65;SEC_130
2019;238;12-15;16;21;37;SEC_238
2019;247;16-17;13;13;26;SEC_247
2019;101;75 i +;61;49;110;SEC_101
2019;626;00-02;6;12;18;SEC_626
2019;423;03-11;54;50;104;SEC_423
2019;530;35-49;276;275;551;SEC_530
2019;211;65-74;34;34;68;SEC_211
2019;432;16-17;10;9;19;SEC_432
2019;229;75 i +;84;43;127;SEC_229
2019;120;00-02;19;20;39;SEC_120
2019;501;25-34;43;46;89;SEC_501
2019;234;03-11;42;37;79;SEC_234
2019;329;12-15;38;49;87;SEC_329
2019;210;50-64;81;83;164;SEC_210
2019;232;75 i +;73;53;126;SEC_232
2019;625;25-34;49;58;107;SEC_625
2019;229;25-34;163;167;330;SEC_229
2019;427;75 i +;87;36;123;SEC_427
2019;612;16-17;5;10;15;SEC_612
2019;309;12-15;26;28;54;SEC_309
2019;622;50-64;92;86;178;SEC_622
2019;105;16-17;12;13;25;SEC_105
2019;129;25-34;68;60;128;SEC_129
2019;611;75 i +;125;108;233;SEC_611
2019;501;00-02;12;9;21;SEC_501
2019;440;65-74;63;50;113;SEC_440
2019;320;65-74;3;6;9;SEC_320
2019;405;12-15;32;23;55;SEC_405
2019;421;03-11;57;58;115;SEC_421
2019;207;16-17;16;21;37;SEC_207
2019;232;18-24;60;54;114;SEC_232
2019;240;35-49;250;233;483;SEC_240
2019;110;03-11;36;40;76;SEC_110
2019;504;12-15;13;22;35;SEC_504
2019;140;35-49;137;130;267;SEC_140
2019;537;65-74;73;53;126;SEC_537
2019;528;00-02;8;21;29;SEC_528
2019;117;12-15;36;41;77;SEC_117
2019;511;16-17;21;16;37;SEC_511
2019;617;50-64;83;82;165;SEC_617
2019;327;75 i +;43;29;72;SEC_327
2019;141;16-17;11;14;25;SEC_141
2019;237;50-64;151;119;270;SEC_237
2019;613;25-34;55;61;116;SEC_613
2019;224;12-15;22;18;40;SEC_224
2019;125;65-74;112;81;193;SEC_125
2019;414;12-15;37;35;72;SEC_414
2019;437;35-49;219;209;428;SEC_437
2019;302;16-17;9;7;16;SEC_302
2019;538;00-02;14;21;35;SEC_538
2019;303;16-17;9;10;19;SEC_303
2019;517;00-02;30;32;62;SEC_517
2019;113;16-17;7;13;20;SEC_113
2019;303;35-49;202;212;414;SEC_303
2019;537;00-02;19;10;29;SEC_537
2019;202;35-49;239;270;509;SEC_202
2019;537;25-34;100;104;204;SEC_537
2019;311;75 i +;92;56;148;SEC_311
2019;205;18-24;36;51;87;SEC_205
2019;112;50-64;182;140;322;SEC_112
2019;621;25-34;69;67;136;SEC_621
2019;202;18-24;76;86;162;SEC_202
2019;608;18-24;37;43;80;SEC_608
2019;525;16-17;13;10;23;SEC_525
2019;204;25-34;124;134;258;SEC_204
2019;321;25-34;132;154;286;SEC_321
2019;426;03-11;57;54;111;SEC_426
2019;514;25-34;126;116;242;SEC_514
2019;505;12-15;19;21;40;SEC_505
2019;129;16-17;6;17;23;SEC_129
2019;247;50-64;121;105;226;SEC_247
2019;207;00-02;19;36;55;SEC_207
2019;119;12-15;22;17;39;SEC_119
2019;324;50-64;91;91;182;SEC_324
2019;407;12-15;19;19;38;SEC_407
2019;308;03-11;73;75;148;SEC_308
2019;141;35-49;331;321;652;SEC_141
2019;111;25-34;40;34;74;SEC_111
2019;616;25-34;103;123;226;SEC_616
2019;419;12-15;35;50;85;SEC_419
2019;517;65-74;66;61;127;SEC_517
2019;214;12-15;44;56;100;SEC_214
2019;416;03-11;64;74;138;SEC_416
2019;141;75 i +;11;8;19;SEC_141
2019;606;65-74;55;26;81;SEC_606
2019;108;00-02;19;19;38;SEC_108
2019;209;00-02;9;13;22;SEC_209
2019;433;25-34;157;152;309;SEC_433
2019;433;16-17;20;22;42;SEC_433
2019;134;12-15;27;26;53;SEC_134
2019;313;18-24;71;77;148;SEC_313
2019;420;00-02;18;43;61;SEC_420
2019;421;12-15;27;19;46;SEC_421
2019;427;35-49;238;245;483;SEC_427
2019;131;25-34;77;71;148;SEC_131
2019;410;12-15;33;29;62;SEC_410
2019;312;16-17;12;13;25;SEC_312
2019;502;75 i +;147;88;235;SEC_502
2019;248;12-15;34;16;50;SEC_248
2019;427;25-34;156;136;292;SEC_427
2019;436;12-15;24;26;50;SEC_436
2019;533;00-02;34;29;63;SEC_533
2019;520;35-49;103;97;200;SEC_520
2019;229;00-02;28;31;59;SEC_229
2019;524;75 i +;74;33;107;SEC_524
2019;326;16-17;11;4;15;SEC_326
2019;123;50-64;146;129;275;SEC_123
2019;108;75 i +;88;58;146;SEC_108
2019;137;35-49;177;155;332;SEC_137
2019;607;25-34;62;62;124;SEC_607
2019;611;03-11;83;86;169;SEC_611
2019;606;35-49;133;116;249;SEC_606
2019;414;65-74;57;44;101;SEC_414
2019;124;50-64;93;79;172;SEC_124
2019;329;18-24;38;39;77;SEC_329
2019;236;16-17;10;11;21;SEC_236
2019;324;65-74;49;35;84;SEC_324
2019;518;35-49;144;147;291;SEC_518
2019;414;16-17;9;15;24;SEC_414
2019;405;18-24;86;87;173;SEC_405
2019;213;50-64;96;76;172;SEC_213
2019;114;18-24;55;45;100;SEC_114
2019;309;75 i +;52;29;81;SEC_309
2019;514;18-24;78;66;144;SEC_514
2019;138;65-74;60;54;114;SEC_138
2019;514;12-15;31;36;67;SEC_514
2019;329;50-64;134;135;269;SEC_329
2019;108;65-74;73;59;132;SEC_108
2019;319;50-64;182;170;352;SEC_319
2019;619;00-02;11;12;23;SEC_619
2019;208;03-11;37;51;88;SEC_208
2019;608;75 i +;109;63;172;SEC_608
2019;618;50-64;127;122;249;SEC_618
2019;504;75 i +;113;85;198;SEC_504
2019;326;03-11;113;113;226;SEC_326
2019;301;12-15;23;20;43;SEC_301
2019;323;00-02;11;21;32;SEC_323
2019;236;25-34;92;94;186;SEC_236
2019;612;65-74;65;36;101;SEC_612
2019;102;12-15;32;27;59;SEC_102
2019;421;18-24;59;56;115;SEC_421
2019;247;00-02;26;23;49;SEC_247
2019;109;12-15;16;21;37;SEC_109
2019;301;65-74;81;72;153;SEC_301
2019;607;65-74;43;26;69;SEC_607
2019;210;35-49;104;88;192;SEC_210
2019;325;18-24;63;55;118;SEC_325
2019;118;18-24;64;50;114;SEC_118
2019;422;18-24;62;54;116;SEC_422
2019;625;12-15;13;20;33;SEC_625
2019;116;35-49;161;167;328;SEC_116
2019;529;16-17;15;14;29;SEC_529
2019;441;03-11;83;87;170;SEC_441
2019;243;16-17;11;13;24;SEC_243
2019;632;16-17;12;12;24;SEC_632
2019;229;16-17;23;14;37;SEC_229
2019;538;65-74;66;33;99;SEC_538
2019;320;25-34;70;68;138;SEC_320
2019;534;50-64;77;80;157;SEC_534
2019;314;12-15;36;40;76;SEC_314
2019;313;03-11;80;75;155;SEC_313
2019;523;16-17;15;12;27;SEC_523
2019;602;65-74;65;37;102;SEC_602
2019;621;35-49;156;171;327;SEC_621
2019;435;50-64;93;118;211;SEC_435
2019;205;03-11;40;30;70;SEC_205
2019;614;35-49;101;108;209;SEC_614
2019;232;35-49;141;152;293;SEC_232
2019;246;16-17;11;12;23;SEC_246
2019;115;03-11;54;57;111;SEC_115
2019;406;12-15;17;34;51;SEC_406
2019;422;75 i +;79;40;119;SEC_422
2019;416;75 i +;97;55;152;SEC_416
2019;213;75 i +;56;43;99;SEC_213
2019;124;12-15;15;23;38;SEC_124
2019;530;75 i +;98;65;163;SEC_530
2019;236;65-74;51;29;80;SEC_236
2019;214;25-34;197;188;385;SEC_214
2019;126;03-11;40;38;78;SEC_126
2019;423;25-34;88;75;163;SEC_423
2019;409;65-74;92;64;156;SEC_409
2019;220;50-64;183;155;338;SEC_220
2019;214;16-17;19;25;44;SEC_214
2019;129;50-64;101;96;197;SEC_129
2019;513;25-34;125;128;253;SEC_513
2019;412;18-24;56;65;121;SEC_412
2019;238;25-34;92;108;200;SEC_238
2019;313;00-02;24;21;45;SEC_313
2019;534;25-34;86;78;164;SEC_534
2019;314;18-24;69;64;133;SEC_314
2019;502;00-02;24;16;40;SEC_502
2019;311;65-74;72;43;115;SEC_311
2019;601;75 i +;167;126;293;SEC_601
2019;410;18-24;63;94;157;SEC_410
2019;502;35-49;179;177;356;SEC_502
2019;242;18-24;52;62;114;SEC_242
2019;441;75 i +;113;102;215;SEC_441
2019;411;50-64;94;84;178;SEC_411
2019;314;00-02;20;32;52;SEC_314
2019;622;25-34;35;40;75;SEC_622
2019;622;18-24;19;39;58;SEC_622
2019;529;50-64;126;105;231;SEC_529
2019;406;75 i +;84;62;146;SEC_406
2019;534;18-24;46;37;83;SEC_534
2019;601;65-74;115;94;209;SEC_601
2019;503;50-64;95;64;159;SEC_503
2019;236;75 i +;89;49;138;SEC_236
2019;327;16-17;17;12;29;SEC_327
2019;242;25-34;102;102;204;SEC_242
2019;532;25-34;124;93;217;SEC_532
2019;106;65-74;153;136;289;SEC_106
2019;312;03-11;70;69;139;SEC_312
2019;237;00-02;19;21;40;SEC_237
2019;602;16-17;14;14;28;SEC_602
2019;529;65-74;41;32;73;SEC_529
2019;213;35-49;142;131;273;SEC_213
2019;138;50-64;95;66;161;SEC_138
2019;317;16-17;11;16;27;SEC_317
2019;624;03-11;49;42;91;SEC_624
2019;232;12-15;13;17;30;SEC_232
2019;223;18-24;57;60;117;SEC_223
2019;302;35-49;182;174;356;SEC_302
2019;248;03-11;44;66;110;SEC_248
2019;128;00-02;16;20;36;SEC_128
2019;437;18-24;72;85;157;SEC_437
2019;117;18-24;63;61;124;SEC_117
2019;126;35-49;121;115;236;SEC_126
2019;109;00-02;12;10;22;SEC_109
2019;136;03-11;60;52;112;SEC_136
2019;322;50-64;111;98;209;SEC_322
2019;607;12-15;11;13;24;SEC_607
2019;248;35-49;163;171;334;SEC_248
2019;323;12-15;42;41;83;SEC_323
2019;120;65-74;123;101;224;SEC_120
2019;311;35-49;199;245;444;SEC_311
2019;106;03-11;52;69;121;SEC_106
2019;618;25-34;49;46;95;SEC_618
2019;223;50-64;122;109;231;SEC_223
2019;440;25-34;65;79;144;SEC_440
2019;403;16-17;17;8;25;SEC_403
2019;329;16-17;21;15;36;SEC_329
2019;520;75 i +;60;43;103;SEC_520
2019;133;16-17;7;7;14;SEC_133
2019;320;16-17;1;2;3;SEC_320
2019;124;16-17;12;6;18;SEC_124
2019;131;18-24;33;40;73;SEC_131
2019;431;03-11;103;92;195;SEC_431
2019;402;50-64;87;85;172;SEC_402
2019;229;03-11;84;110;194;SEC_229
2019;410;65-74;108;87;195;SEC_410
2019;239;75 i +;97;48;145;SEC_239
2019;508;65-74;53;31;84;SEC_508
2019;326;18-24;30;35;65;SEC_326
2019;101;00-02;29;30;59;SEC_101
2019;538;18-24;58;63;121;SEC_538
2019;409;00-02;23;28;51;SEC_409
2019;245;25-34;101;98;199;SEC_245
2019;530;50-64;155;132;287;SEC_530
2019;121;12-15;15;16;31;SEC_121
2019;436;75 i +;74;51;125;SEC_436
2019;205;16-17;14;16;30;SEC_205
2019;135;35-49;159;180;339;SEC_135
2019;228;75 i +;146;87;233;SEC_228
2019;430;00-02;29;17;46;SEC_430
2019;217;00-02;21;21;42;SEC_217
2019;115;12-15;21;28;49;SEC_115
2019;511;12-15;47;53;100;SEC_511
2019;623;25-34;61;67;128;SEC_623
2019;116;75 i +;106;87;193;SEC_116
2019;224;50-64;124;104;228;SEC_224
2019;238;65-74;41;30;71;SEC_238
2019;302;75 i +;74;64;138;SEC_302
2019;104;18-24;34;36;70;SEC_104
2019;226;50-64;198;147;345;SEC_226
2019;135;75 i +;99;60;159;SEC_135
2019;528;03-11;57;53;110;SEC_528
2019;613;35-49;135;145;280;SEC_613
2019;524;35-49;184;176;360;SEC_524
2019;307;75 i +;117;75;192;SEC_307
2019;436;00-02;25;32;57;SEC_436
2019;318;16-17;1;9;10;SEC_318
2019;120;25-34;113;113;226;SEC_120
2019;110;65-74;117;76;193;SEC_110
2019;507;18-24;29;44;73;SEC_507
2019;520;12-15;18;17;35;SEC_520
2019;441;65-74;144;115;259;SEC_441
2019;212;75 i +;79;47;126;SEC_212
2019;135;00-02;22;16;38;SEC_135
2019;138;00-02;4;11;15;SEC_138
2019;229;35-49;266;265;531;SEC_229
2019;212;00-02;16;19;35;SEC_212
2019;313;50-64;199;157;356;SEC_313
2019;617;03-11;36;54;90;SEC_617
2019;232;65-74;55;33;88;SEC_232
2019;611;25-34;100;118;218;SEC_611
2019;611;18-24;55;61;116;SEC_611
2019;236;50-64;103;92;195;SEC_236
2019;425;65-74;37;30;67;SEC_425
2019;240;00-02;29;31;60;SEC_240
2019;118;00-02;21;20;41;SEC_118
2019;526;50-64;166;160;326;SEC_526
2019;406;00-02;18;23;41;SEC_406
2019;210;75 i +;80;44;124;SEC_210
2019;436;35-49;200;221;421;SEC_436
2019;224;65-74;47;41;88;SEC_224
2019;239;50-64;120;113;233;SEC_239
2019;238;03-11;48;43;91;SEC_238
2019;111;12-15;12;21;33;SEC_111
2019;113;12-15;28;36;64;SEC_113
2019;125;18-24;46;66;112;SEC_125
2019;318;12-15;17;17;34;SEC_318
2019;412;25-34;130;94;224;SEC_412
2019;511;25-34;190;184;374;SEC_511
2019;223;35-49;157;173;330;SEC_223
2019;501;03-11;29;33;62;SEC_501
2019;221;75 i +;116;81;197;SEC_221
2019;517;75 i +;95;58;153;SEC_517
2019;248;18-24;60;67;127;SEC_248
2019;139;35-49;108;111;219;SEC_139
2019;513;65-74;46;41;87;SEC_513
2019;626;35-49;106;104;210;SEC_626
2019;110;00-02;11;10;21;SEC_110
2019;535;35-49;89;85;174;SEC_535
2019;501;75 i +;64;51;115;SEC_501
2019;248;65-74;49;36;85;SEC_248
2019;112;75 i +;86;44;130;SEC_112
2019;611;35-49;237;257;494;SEC_611
2019;535;25-34;55;64;119;SEC_535
2019;410;25-34;100;118;218;SEC_410
2019;231;18-24;75;76;151;SEC_231
2019;523;00-02;18;16;34;SEC_523
2019;119;75 i +;113;82;195;SEC_119
2019;115;25-34;55;101;156;SEC_115
2019;524;50-64;129;107;236;SEC_524
2019;140;50-64;114;89;203;SEC_140
2019;135;12-15;20;21;41;SEC_135
2019;207;12-15;37;28;65;SEC_207
2019;128;35-49;165;160;325;SEC_128
2019;115;75 i +;69;45;114;SEC_115
2019;534;00-02;15;19;34;SEC_534
2019;132;65-74;139;126;265;SEC_132
2019;304;25-34;172;163;335;SEC_304
2019;433;18-24;84;78;162;SEC_433
2019;422;16-17;8;22;30;SEC_422
2019;440;03-11;38;46;84;SEC_440
2019;420;50-64;222;190;412;SEC_420
2019;217;18-24;48;67;115;SEC_217
2019;123;65-74;61;68;129;SEC_123
2019;614;16-17;9;7;16;SEC_614
2019;630;25-34;42;38;80;SEC_630
2019;506;16-17;14;13;27;SEC_506
2019;404;18-24;56;78;134;SEC_404
2019;606;75 i +;80;62;142;SEC_606
2019;523;65-74;58;41;99;SEC_523
2019;238;75 i +;46;36;82;SEC_238
2019;510;50-64;108;108;216;SEC_510
2019;307;00-02;10;7;17;SEC_307
2019;627;03-11;23;37;60;SEC_627
2019;534;65-74;50;43;93;SEC_534
2019;129;18-24;33;40;73;SEC_129
2019;124;75 i +;53;38;91;SEC_124
2019;328;25-34;107;94;201;SEC_328
2019;619;12-15;21;19;40;SEC_619
2019;305;75 i +;74;50;124;SEC_305
2019;432;35-49;148;164;312;SEC_432
2019;217;12-15;17;21;38;SEC_217
2019;141;25-34;59;70;129;SEC_141
2019;322;00-02;14;25;39;SEC_322
2019;231;16-17;5;18;23;SEC_231
2019;317;00-02;19;15;34;SEC_317
2019;314;50-64;280;223;503;SEC_314
2019;106;00-02;13;15;28;SEC_106
2019;323;50-64;196;164;360;SEC_323
2019;209;12-15;17;20;37;SEC_209
2019;510;00-02;11;13;24;SEC_510
2019;310;25-34;82;76;158;SEC_310
2019;246;25-34;104;113;217;SEC_246
2019;105;12-15;25;25;50;SEC_105
2019;243;75 i +;108;62;170;SEC_243
2019;319;75 i +;51;40;91;SEC_319
2019;126;65-74;81;60;141;SEC_126
2019;526;00-02;31;28;59;SEC_526
2019;243;18-24;62;82;144;SEC_243
2019;209;25-34;101;115;216;SEC_209
2019;309;65-74;54;41;95;SEC_309
2019;529;18-24;54;83;137;SEC_529
2019;122;75 i +;85;64;149;SEC_122
2019;401;16-17;11;13;24;SEC_401
2019;220;18-24;57;68;125;SEC_220
2019;126;12-15;14;20;34;SEC_126
2019;619;03-11;47;53;100;SEC_619
2019;210;03-11;32;29;61;SEC_210
2019;247;65-74;54;43;97;SEC_247
2019;409;50-64;176;177;353;SEC_409
2019;141;12-15;65;72;137;SEC_141
2019;138;25-34;40;50;90;SEC_138
2019;117;25-34;110;105;215;SEC_117
2019;319;12-15;48;52;100;SEC_319
2019;226;25-34;152;167;319;SEC_226
2019;407;18-24;55;38;93;SEC_407
2019;624;25-34;60;52;112;SEC_624
2019;426;35-49;124;160;284;SEC_426
2019;403;12-15;18;14;32;SEC_403
2019;422;12-15;26;20;46;SEC_422
2019;316;75 i +;99;60;159;SEC_316
2019;201;25-34;134;137;271;SEC_201
2019;130;00-02;15;19;34;SEC_130
2019;243;12-15;29;33;62;SEC_243
2019;248;50-64;122;111;233;SEC_248
2019;617;75 i +;71;45;116;SEC_617
2019;529;35-49;196;174;370;SEC_529
2019;606;50-64;102;103;205;SEC_606
2019;531;18-24;46;49;95;SEC_531
2019;419;50-64;185;215;400;SEC_419
2019;521;75 i +;87;81;168;SEC_521
2019;240;03-11;91;67;158;SEC_240
2019;312;35-49;265;274;539;SEC_312
2019;327;00-02;12;21;33;SEC_327
2019;601;00-02;26;19;45;SEC_601
2019;247;03-11;66;72;138;SEC_247
2019;249;00-02;11;18;29;SEC_249
2019;405;75 i +;151;87;238;SEC_405
2019;201;03-11;99;96;195;SEC_201
2019;529;25-34;125;108;233;SEC_529
2019;320;75 i +;68;59;127;SEC_320
2019;632;25-34;32;49;81;SEC_632
2019;202;25-34;165;176;341;SEC_202
2019;304;16-17;13;9;22;SEC_304
2019;436;65-74;58;55;113;SEC_436
2019;302;00-02;22;17;39;SEC_302
2019;514;03-11;55;67;122;SEC_514
2019;229;65-74;48;33;81;SEC_229
2019;523;75 i +;100;68;168;SEC_523
2019;514;65-74;44;34;78;SEC_514
2019;602;35-49;152;140;292;SEC_602
2019;431;25-34;144;137;281;SEC_431
2019;320;12-15;36;36;72;SEC_320
2019;605;03-11;81;64;145;SEC_605
2019;501;16-17;6;13;19;SEC_501
2019;411;03-11;43;39;82;SEC_411
2019;511;00-02;26;42;68;SEC_511
2019;217;75 i +;77;47;124;SEC_217
2019;315;03-11;88;78;166;SEC_315
2019;328;65-74;29;19;48;SEC_328
2019;103;16-17;6;7;13;SEC_103
2019;312;00-02;25;22;47;SEC_312
2019;302;03-11;60;56;116;SEC_302
2019;135;50-64;167;148;315;SEC_135
2019;614;75 i +;91;66;157;SEC_614
2019;114;25-34;64;80;144;SEC_114
2019;612;75 i +;107;86;193;SEC_612
2019;134;18-24;58;50;108;SEC_134
2019;114;50-64;161;133;294;SEC_114
2019;406;65-74;65;60;125;SEC_406
2019;234;50-64;108;102;210;SEC_234
2019;117;00-02;22;28;50;SEC_117
2019;226;16-17;24;18;42;SEC_226
2019;401;25-34;91;96;187;SEC_401
2019;107;35-49;194;201;395;SEC_107
2019;511;03-11;107;126;233;SEC_511
2019;243;00-02;16;17;33;SEC_243
2019;302;18-24;39;50;89;SEC_302
2019;226;35-49;242;236;478;SEC_226
2019;311;00-02;18;27;45;SEC_311
2019;607;00-02;10;8;18;SEC_607
2019;234;12-15;9;15;24;SEC_234
2019;614;50-64;85;85;170;SEC_614
2019;503;75 i +;45;33;78;SEC_503
2019;418;35-49;172;173;345;SEC_418
2019;608;12-15;20;25;45;SEC_608
2019;105;18-24;30;31;61;SEC_105
2019;506;75 i +;130;104;234;SEC_506
2019;210;65-74;53;49;102;SEC_210
2019;420;65-74;87;75;162;SEC_420
2019;529;12-15;27;32;59;SEC_529
2019;518;25-34;76;79;155;SEC_518
2019;102;50-64;153;136;289;SEC_102
2019;211;75 i +;86;43;129;SEC_211
2019;531;75 i +;52;33;85;SEC_531
2019;132;50-64;246;237;483;SEC_132
2019;304;18-24;59;52;111;SEC_304
2019;139;03-11;27;38;65;SEC_139
2019;520;25-34;68;70;138;SEC_520
2019;226;18-24;73;80;153;SEC_226
2019;521;18-24;24;24;48;SEC_521
2019;126;25-34;61;50;111;SEC_126
2019;310;18-24;31;31;62;SEC_310
2019;238;18-24;47;51;98;SEC_238
2019;505;65-74;124;69;193;SEC_505
2019;126;00-02;12;5;17;SEC_126
2019;207;25-34;152;152;304;SEC_207
2019;538;16-17;10;20;30;SEC_538
2019;324;35-49;167;177;344;SEC_324
2019;514;75 i +;94;54;148;SEC_514
2019;104;03-11;33;30;63;SEC_104
2019;324;75 i +;39;26;65;SEC_324
2019;115;00-02;11;11;22;SEC_115
2019;537;03-11;57;48;105;SEC_537
2019;530;00-02;39;33;72;SEC_530
2019;228;00-02;32;31;63;SEC_228
2019;437;03-11;63;80;143;SEC_437
2019;524;12-15;26;32;58;SEC_524
2019;247;12-15;40;32;72;SEC_247
2019;323;18-24;72;68;140;SEC_323
2019;302;12-15;20;16;36;SEC_302
2019;531;25-34;90;85;175;SEC_531
2019;320;12-15;8;4;12;SEC_320
2019;432;18-24;58;59;117;SEC_432
2019;118;50-64;161;131;292;SEC_118
2019;518;65-74;57;39;96;SEC_518
2019;435;65-74;38;35;73;SEC_435
2019;409;12-15;34;45;79;SEC_409
2019;508;03-11;70;74;144;SEC_508
2019;126;50-64;83;70;153;SEC_126
2019;240;25-34;167;161;328;SEC_240
2019;307;25-34;70;85;155;SEC_307
2019;309;50-64;110;94;204;SEC_309
2019;122;65-74;47;23;70;SEC_122
2019;136;65-74;71;68;139;SEC_136
2019;427;65-74;48;38;86;SEC_427
2019;612;18-24;29;46;75;SEC_612
2019;233;03-11;47;61;108;SEC_233
2019;123;25-34;79;68;147;SEC_123
2019;115;50-64;126;130;256;SEC_115
2019;617;18-24;28;32;60;SEC_617
2019;440;00-02;13;12;25;SEC_440
2019;422;50-64;121;110;231;SEC_422
2019;403;75 i +;105;90;195;SEC_403
2019;410;75 i +;155;106;261;SEC_410
2019;301;16-17;13;13;26;SEC_301
2019;503;03-11;15;24;39;SEC_503
2019;205;65-74;57;36;93;SEC_205
2019;120;18-24;63;73;136;SEC_120
2019;432;50-64;125;112;237;SEC_432
2019;245;75 i +;69;44;113;SEC_245
2019;233;16-17;7;9;16;SEC_233
2019;107;12-15;26;38;64;SEC_107
2019;103;03-11;37;34;71;SEC_103
2019;246;75 i +;80;49;129;SEC_246
2019;132;75 i +;119;86;205;SEC_132
2019;526;16-17;19;16;35;SEC_526
2019;505;03-11;38;42;80;SEC_505
2019;426;00-02;19;14;33;SEC_426
