AnyPadro;Seccio;GrupEdat;Dones;Homes;Total;IdSeccio
2010;518;25-34;91;106;197;SEC_518
2010;407;00-02;17;28;45;SEC_407
2010;430;65-74;50;44;94;SEC_430
2010;508;00-02;10;8;18;SEC_508
2010;203;35-49;113;115;228;SEC_203
2010;310;00-02;14;14;28;SEC_310
2010;140;50-64;81;76;157;SEC_140
2010;307;12-15;14;15;29;SEC_307
2010;243;25-34;125;114;239;SEC_243
2010;115;03-11;41;51;92;SEC_115
2010;307;25-34;107;102;209;SEC_307
2010;205;35-49;116;114;230;SEC_205
2010;301;65-74;138;119;257;SEC_301
2010;319;12-15;23;26;49;SEC_319
2010;117;65-74;88;86;174;SEC_117
2010;211;25-34;137;142;279;SEC_211
2010;124;18-24;28;30;58;SEC_124
2010;117;12-15;34;35;69;SEC_117
2010;104;18-24;23;25;48;SEC_104
2010;325;65-74;110;90;200;SEC_325
2010;402;50-64;63;67;130;SEC_402
2010;613;25-34;85;93;178;SEC_613
2010;239;18-24;44;50;94;SEC_239
2010;303;35-49;159;200;359;SEC_303
2010;312;12-15;25;34;59;SEC_312
2010;405;18-24;23;30;53;SEC_405
2010;506;18-24;59;78;137;SEC_506
2010;124;00-02;12;8;20;SEC_124
2010;426;50-64;82;65;147;SEC_426
2010;414;25-34;89;107;196;SEC_414
2010;209;00-02;8;13;21;SEC_209
2010;114;18-24;39;37;76;SEC_114
2010;507;35-49;106;113;219;SEC_507
2010;223;75 i +;69;41;110;SEC_223
2010;623;12-15;24;22;46;SEC_623
2010;212;25-34;147;146;293;SEC_212
2010;609;65-74;67;74;141;SEC_609
2010;130;65-74;66;44;110;SEC_130
2010;611;25-34;140;140;280;SEC_611
2010;126;00-02;9;13;22;SEC_126
2010;116;12-15;28;21;49;SEC_116
2010;618;25-34;26;30;56;SEC_618
2010;526;18-24;26;37;63;SEC_526
2010;529;18-24;51;61;112;SEC_529
2010;305;03-11;69;54;123;SEC_305
2010;249;65-74;56;34;90;SEC_249
2010;424;00-02;9;14;23;SEC_424
2010;228;65-74;47;29;76;SEC_228
2010;513;03-11;30;27;57;SEC_513
2010;619;65-74;107;92;199;SEC_619
2010;224;35-49;83;97;180;SEC_224
2010;120;16-17;27;19;46;SEC_120
2010;526;12-15;8;18;26;SEC_526
2010;133;03-11;44;34;78;SEC_133
2010;412;50-64;177;149;326;SEC_412
2010;236;65-74;67;48;115;SEC_236
2010;538;12-15;19;25;44;SEC_538
2010;203;03-11;26;47;73;SEC_203
2010;524;00-02;25;28;53;SEC_524
2010;533;50-64;57;59;116;SEC_533
2010;122;65-74;76;60;136;SEC_122
2010;104;00-02;10;12;22;SEC_104
2010;438;03-11;30;34;64;SEC_438
2010;107;75 i +;94;47;141;SEC_107
2010;510;00-02;18;12;30;SEC_510
2010;318;25-34;60;50;110;SEC_318
2010;511;16-17;6;13;19;SEC_511
2010;125;25-34;117;155;272;SEC_125
2010;530;12-15;22;27;49;SEC_530
2010;504;65-74;94;83;177;SEC_504
2010;628;18-24;35;33;68;SEC_628
2010;442;12-15;17;18;35;SEC_442
2010;129;18-24;38;36;74;SEC_129
2010;137;00-02;28;25;53;SEC_137
2010;234;25-34;114;88;202;SEC_234
2010;503;00-02;8;10;18;SEC_503
2010;230;25-34;105;105;210;SEC_230
2010;436;50-64;44;62;106;SEC_436
2010;248;25-34;102;111;213;SEC_248
2010;607;12-15;17;16;33;SEC_607
2010;308;35-49;277;245;522;SEC_308
2010;128;25-34;97;102;199;SEC_128
2010;530;00-02;22;33;55;SEC_530
2010;316;12-15;27;36;63;SEC_316
2010;236;16-17;13;6;19;SEC_236
2010;429;50-64;63;64;127;SEC_429
2010;505;03-11;34;34;68;SEC_505
2010;235;16-17;13;7;20;SEC_235
2010;314;75 i +;85;46;131;SEC_314
2010;407;75 i +;87;55;142;SEC_407
2010;306;00-02;32;20;52;SEC_306
2010;517;18-24;63;68;131;SEC_517
2010;240;03-11;30;23;53;SEC_240
2010;538;50-64;105;86;191;SEC_538
2010;534;35-49;125;120;245;SEC_534
2010;402;12-15;15;9;24;SEC_402
2010;404;75 i +;83;48;131;SEC_404
2010;517;25-34;126;149;275;SEC_517
2010;510;35-49;117;152;269;SEC_510
2010;312;65-74;114;103;217;SEC_312
2010;247;12-15;18;26;44;SEC_247
2010;424;75 i +;26;30;56;SEC_424
2010;114;35-49;180;204;384;SEC_114
2010;324;00-02;22;16;38;SEC_324
2010;424;35-49;71;83;154;SEC_424
2010;415;18-24;46;45;91;SEC_415
2010;417;00-02;11;22;33;SEC_417
2010;301;18-24;70;86;156;SEC_301
2010;231;35-49;155;176;331;SEC_231
2010;512;16-17;9;4;13;SEC_512
2010;114;25-34;122;119;241;SEC_114
2010;249;50-64;88;76;164;SEC_249
2010;137;35-49;175;168;343;SEC_137
2010;601;03-11;44;48;92;SEC_601
2010;505;25-34;81;90;171;SEC_505
2010;306;25-34;141;158;299;SEC_306
2010;217;35-49;91;125;216;SEC_217
2010;219;50-64;92;79;171;SEC_219
2010;132;75 i +;90;70;160;SEC_132
2010;616;12-15;63;73;136;SEC_616
2010;423;65-74;55;55;110;SEC_423
2010;235;18-24;63;55;118;SEC_235
2010;413;00-02;9;8;17;SEC_413
2010;512;50-64;59;67;126;SEC_512
2010;249;35-49;128;145;273;SEC_249
2010;311;65-74;68;62;130;SEC_311
2010;529;75 i +;89;62;151;SEC_529
2010;128;12-15;12;16;28;SEC_128
2010;610;35-49;144;142;286;SEC_610
2010;632;75 i +;42;31;73;SEC_632
2010;426;12-15;16;17;33;SEC_426
2010;242;25-34;88;113;201;SEC_242
2010;432;00-02;18;29;47;SEC_432
2010;437;65-74;48;27;75;SEC_437
2010;137;25-34;136;123;259;SEC_137
2010;201;65-74;50;38;88;SEC_201
2010;426;03-11;48;41;89;SEC_426
2010;249;12-15;19;22;41;SEC_249
2010;103;75 i +;44;32;76;SEC_103
2010;506;00-02;13;16;29;SEC_506
2010;536;18-24;34;28;62;SEC_536
2010;201;16-17;5;8;13;SEC_201
2010;410;35-49;169;166;335;SEC_410
2010;502;12-15;30;25;55;SEC_502
2010;438;16-17;6;9;15;SEC_438
2010;613;75 i +;73;44;117;SEC_613
2010;439;00-02;25;30;55;SEC_439
2010;408;00-02;22;13;35;SEC_408
2010;410;00-02;21;14;35;SEC_410
2010;213;75 i +;60;33;93;SEC_213
2010;503;18-24;29;34;63;SEC_503
2010;110;03-11;38;34;72;SEC_110
2010;307;03-11;33;33;66;SEC_307
2010;247;16-17;9;10;19;SEC_247
2010;320;50-64;90;80;170;SEC_320
2010;136;75 i +;62;31;93;SEC_136
2010;515;75 i +;36;11;47;SEC_515
2010;216;35-49;142;141;283;SEC_216
2010;137;12-15;25;23;48;SEC_137
2010;440;16-17;8;8;16;SEC_440
2010;310;50-64;86;99;185;SEC_310
2010;113;75 i +;57;42;99;SEC_113
2010;112;65-74;65;49;114;SEC_112
2010;501;75 i +;33;22;55;SEC_501
2010;414;35-49;122;125;247;SEC_414
2010;234;18-24;37;39;76;SEC_234
2010;124;03-11;34;32;66;SEC_124
2010;427;03-11;66;52;118;SEC_427
2010;506;12-15;28;25;53;SEC_506
2010;614;50-64;105;78;183;SEC_614
2010;502;00-02;28;20;48;SEC_502
2010;118;16-17;16;18;34;SEC_118
2010;116;75 i +;77;50;127;SEC_116
2010;536;12-15;15;16;31;SEC_536
2010;241;03-11;33;30;63;SEC_241
2010;132;16-17;15;15;30;SEC_132
2010;603;35-49;80;82;162;SEC_603
2010;119;12-15;19;13;32;SEC_119
2010;105;25-34;97;99;196;SEC_105
2010;627;18-24;35;51;86;SEC_627
2010;424;16-17;7;5;12;SEC_424
2010;108;65-74;59;48;107;SEC_108
2010;418;75 i +;71;48;119;SEC_418
2010;231;75 i +;82;52;134;SEC_231
2010;209;35-49;125;116;241;SEC_209
2010;212;65-74;72;46;118;SEC_212
2010;321;03-11;89;92;181;SEC_321
2010;416;50-64;55;54;109;SEC_416
2010;123;50-64;117;118;235;SEC_123
2010;237;25-34;134;138;272;SEC_237
2010;418;18-24;44;55;99;SEC_418
2010;417;75 i +;32;23;55;SEC_417
2010;124;25-34;64;63;127;SEC_124
2010;510;03-11;39;36;75;SEC_510
2010;538;35-49;157;152;309;SEC_538
2010;517;65-74;54;48;102;SEC_517
2010;323;50-64;392;351;743;SEC_323
2010;132;12-15;30;39;69;SEC_132
2010;510;16-17;7;9;16;SEC_510
2010;414;03-11;44;42;86;SEC_414
2010;118;25-34;120;147;267;SEC_118
2010;510;25-34;83;95;178;SEC_510
2010;309;12-15;13;22;35;SEC_309
2010;121;03-11;28;35;63;SEC_121
2010;525;12-15;16;20;36;SEC_525
2010;528;12-15;25;22;47;SEC_528
2010;133;16-17;3;9;12;SEC_133
2010;416;16-17;7;8;15;SEC_416
2010;415;00-02;21;26;47;SEC_415
2010;424;65-74;34;23;57;SEC_424
2010;606;00-02;19;19;38;SEC_606
2010;605;03-11;23;24;47;SEC_605
2010;406;18-24;72;55;127;SEC_406
2010;533;35-49;121;154;275;SEC_533
2010;204;65-74;25;17;42;SEC_204
2010;316;18-24;110;109;219;SEC_316
2010;509;50-64;59;58;117;SEC_509
2010;526;25-34;74;77;151;SEC_526
2010;416;03-11;42;48;90;SEC_416
2010;322;65-74;59;42;101;SEC_322
2010;119;65-74;80;78;158;SEC_119
2010;516;16-17;3;9;12;SEC_516
2010;307;35-49;139;119;258;SEC_307
2010;243;16-17;14;10;24;SEC_243
2010;401;03-11;43;60;103;SEC_401
2010;104;16-17;4;10;14;SEC_104
2010;527;65-74;47;28;75;SEC_527
2010;426;35-49;140;150;290;SEC_426
2010;421;16-17;8;17;25;SEC_421
2010;138;18-24;28;43;71;SEC_138
2010;107;65-74;99;96;195;SEC_107
2010;303;03-11;53;54;107;SEC_303
2010;431;12-15;29;40;69;SEC_431
2010;612;16-17;7;12;19;SEC_612
2010;610;50-64;117;68;185;SEC_610
2010;607;25-34;75;94;169;SEC_607
2010;441;03-11;77;70;147;SEC_441
2010;245;00-02;18;22;40;SEC_245
2010;214;18-24;38;44;82;SEC_214
2010;522;16-17;8;6;14;SEC_522
2010;406;12-15;26;28;54;SEC_406
2010;420;12-15;24;29;53;SEC_420
2010;205;00-02;10;9;19;SEC_205
2010;131;16-17;7;10;17;SEC_131
2010;303;18-24;44;40;84;SEC_303
2010;125;03-11;75;74;149;SEC_125
2010;247;18-24;54;71;125;SEC_247
2010;518;50-64;82;61;143;SEC_518
2010;608;75 i +;55;35;90;SEC_608
2010;605;18-24;15;9;24;SEC_605
2010;245;03-11;51;38;89;SEC_245
2010;212;16-17;10;15;25;SEC_212
2010;101;75 i +;45;42;87;SEC_101
2010;124;65-74;30;32;62;SEC_124
2010;510;75 i +;63;36;99;SEC_510
2010;605;12-15;4;10;14;SEC_605
2010;317;25-34;116;140;256;SEC_317
2010;433;65-74;30;29;59;SEC_433
2010;516;75 i +;41;19;60;SEC_516
2010;432;50-64;159;135;294;SEC_432
2010;430;12-15;15;27;42;SEC_430
2010;214;75 i +;30;25;55;SEC_214
2010;507;12-15;12;20;32;SEC_507
2010;215;35-49;138;136;274;SEC_215
2010;105;65-74;41;49;90;SEC_105
2010;112;12-15;23;30;53;SEC_112
2010;115;18-24;42;51;93;SEC_115
2010;402;65-74;45;36;81;SEC_402
2010;420;16-17;13;9;22;SEC_420
2010;435;18-24;63;48;111;SEC_435
2010;403;50-64;113;82;195;SEC_403
2010;430;00-02;21;25;46;SEC_430
2010;626;25-34;56;58;114;SEC_626
2010;135;35-49;181;170;351;SEC_135
2010;134;03-11;54;61;115;SEC_134
2010;134;25-34;113;119;232;SEC_134
2010;129;75 i +;61;38;99;SEC_129
2010;609;00-02;10;9;19;SEC_609
2010;617;75 i +;47;33;80;SEC_617
2010;128;18-24;37;36;73;SEC_128
2010;127;16-17;6;9;15;SEC_127
2010;415;25-34;106;104;210;SEC_415
2010;612;00-02;9;17;26;SEC_612
2010;421;75 i +;89;63;152;SEC_421
2010;440;25-34;81;70;151;SEC_440
2010;416;75 i +;48;41;89;SEC_416
2010;320;16-17;10;8;18;SEC_320
2010;526;03-11;28;27;55;SEC_526
2010;225;75 i +;52;20;72;SEC_225
2010;425;65-74;50;43;93;SEC_425
2010;219;18-24;58;53;111;SEC_219
2010;325;50-64;186;161;347;SEC_325
2010;502;25-34;152;148;300;SEC_502
2010;406;25-34;137;126;263;SEC_406
2010;204;75 i +;44;20;64;SEC_204
2010;216;12-15;25;18;43;SEC_216
2010;527;18-24;47;44;91;SEC_527
2010;112;18-24;46;64;110;SEC_112
2010;409;50-64;55;52;107;SEC_409
2010;522;12-15;7;21;28;SEC_522
2010;208;12-15;22;28;50;SEC_208
2010;505;18-24;35;22;57;SEC_505
2010;517;50-64;80;76;156;SEC_517
2010;134;35-49;165;155;320;SEC_134
2010;406;50-64;122;118;240;SEC_406
2010;535;03-11;27;37;64;SEC_535
2010;427;35-49;121;161;282;SEC_427
2010;532;50-64;109;71;180;SEC_532
2010;431;03-11;81;76;157;SEC_431
2010;401;65-74;56;54;110;SEC_401
2010;237;65-74;62;47;109;SEC_237
2010;603;12-15;17;13;30;SEC_603
2010;617;12-15;14;21;35;SEC_617
2010;248;03-11;58;48;106;SEC_248
2010;232;50-64;79;71;150;SEC_232
2010;519;16-17;4;9;13;SEC_519
2010;201;03-11;40;44;84;SEC_201
2010;414;00-02;22;14;36;SEC_414
2010;209;25-34;89;91;180;SEC_209
2010;627;12-15;13;12;25;SEC_627
2010;433;35-49;141;183;324;SEC_433
2010;306;03-11;70;66;136;SEC_306
2010;222;50-64;71;64;135;SEC_222
2010;442;16-17;3;4;7;SEC_442
2010;102;00-02;20;12;32;SEC_102
2010;417;18-24;35;20;55;SEC_417
2010;520;65-74;45;43;88;SEC_520
2010;121;35-49;116;119;235;SEC_121
2010;616;25-34;232;253;485;SEC_616
2010;414;18-24;33;38;71;SEC_414
2010;413;75 i +;45;26;71;SEC_413
2010;507;16-17;4;7;11;SEC_507
2010;245;18-24;52;49;101;SEC_245
2010;620;65-74;57;54;111;SEC_620
2010;422;12-15;16;15;31;SEC_422
2010;505;00-02;15;14;29;SEC_505
2010;630;65-74;51;45;96;SEC_630
2010;209;03-11;29;37;66;SEC_209
2010;241;00-02;13;13;26;SEC_241
2010;632;16-17;6;10;16;SEC_632
2010;515;65-74;29;29;58;SEC_515
2010;123;16-17;11;19;30;SEC_123
2010;420;18-24;55;62;117;SEC_420
2010;628;12-15;20;16;36;SEC_628
2010;114;00-02;12;25;37;SEC_114
2010;520;50-64;81;56;137;SEC_520
2010;206;16-17;8;9;17;SEC_206
2010;112;35-49;197;156;353;SEC_112
2010;628;03-11;40;51;91;SEC_628
2010;525;75 i +;66;42;108;SEC_525
2010;507;18-24;32;41;73;SEC_507
2010;225;35-49;59;59;118;SEC_225
2010;124;35-49;85;73;158;SEC_124
2010;511;03-11;28;32;60;SEC_511
2010;437;35-49;109;136;245;SEC_437
2010;112;75 i +;68;34;102;SEC_112
2010;107;16-17;8;12;20;SEC_107
2010;107;50-64;155;135;290;SEC_107
2010;527;50-64;88;92;180;SEC_527
2010;105;50-64;150;111;261;SEC_105
2010;604;12-15;11;12;23;SEC_604
2010;520;12-15;11;13;24;SEC_520
2010;610;03-11;42;54;96;SEC_610
2010;117;75 i +;74;45;119;SEC_117
2010;246;50-64;82;74;156;SEC_246
2010;321;65-74;95;105;200;SEC_321
2010;123;03-11;55;51;106;SEC_123
2010;135;75 i +;72;47;119;SEC_135
2010;204;00-02;12;8;20;SEC_204
2010;135;00-02;19;17;36;SEC_135
2010;504;00-02;11;17;28;SEC_504
2010;122;16-17;7;3;10;SEC_122
2010;321;16-17;16;24;40;SEC_321
2010;208;16-17;5;18;23;SEC_208
2010;115;35-49;149;149;298;SEC_115
2010;430;16-17;12;8;20;SEC_430
2010;212;03-11;60;58;118;SEC_212
2010;301;75 i +;131;78;209;SEC_301
2010;136;12-15;18;20;38;SEC_136
2010;120;75 i +;62;29;91;SEC_120
2010;207;65-74;30;31;61;SEC_207
2010;125;16-17;12;11;23;SEC_125
2010;505;12-15;9;8;17;SEC_505
2010;523;00-02;19;27;46;SEC_523
2010;104;50-64;77;57;134;SEC_104
2010;103;25-34;66;74;140;SEC_103
2010;108;12-15;21;26;47;SEC_108
2010;439;12-15;19;24;43;SEC_439
2010;501;12-15;12;20;32;SEC_501
2010;410;75 i +;129;103;232;SEC_410
2010;306;18-24;61;71;132;SEC_306
2010;228;00-02;20;15;35;SEC_228
2010;604;18-24;28;42;70;SEC_604
2010;501;35-49;106;107;213;SEC_501
2010;521;12-15;14;14;28;SEC_521
2010;423;50-64;75;58;133;SEC_423
2010;421;65-74;81;59;140;SEC_421
2010;204;50-64;44;35;79;SEC_204
2010;130;35-49;138;145;283;SEC_130
2010;319;18-24;46;63;109;SEC_319
2010;442;25-34;47;57;104;SEC_442
2010;602;00-02;9;6;15;SEC_602
2010;217;16-17;7;6;13;SEC_217
2010;512;25-34;88;91;179;SEC_512
2010;402;16-17;11;6;17;SEC_402
2010;221;65-74;56;49;105;SEC_221
2010;617;18-24;37;31;68;SEC_617
2010;106;35-49;182;176;358;SEC_106
2010;408;25-34;89;106;195;SEC_408
2010;528;00-02;19;24;43;SEC_528
2010;324;18-24;41;49;90;SEC_324
2010;401;12-15;27;33;60;SEC_401
2010;109;00-02;16;12;28;SEC_109
2010;313;35-49;230;223;453;SEC_313
2010;323;75 i +;89;32;121;SEC_323
2010;231;50-64;82;67;149;SEC_231
2010;305;25-34;122;130;252;SEC_305
2010;301;03-11;113;127;240;SEC_301
2010;109;35-49;117;119;236;SEC_109
2010;536;75 i +;75;43;118;SEC_536
2010;433;50-64;78;76;154;SEC_433
2010;630;03-11;32;28;60;SEC_630
2010;324;75 i +;49;29;78;SEC_324
2010;509;75 i +;32;19;51;SEC_509
2010;624;50-64;127;89;216;SEC_624
2010;134;18-24;47;56;103;SEC_134
2010;306;75 i +;100;66;166;SEC_306
2010;528;16-17;16;14;30;SEC_528
2010;122;12-15;18;12;30;SEC_122
2010;426;00-02;14;22;36;SEC_426
2010;139;75 i +;35;27;62;SEC_139
2010;133;50-64;102;82;184;SEC_133
2010;315;25-34;158;157;315;SEC_315
2010;237;18-24;69;53;122;SEC_237
2010;422;65-74;53;39;92;SEC_422
2010;534;75 i +;58;45;103;SEC_534
2010;245;25-34;118;119;237;SEC_245
2010;411;50-64;88;72;160;SEC_411
2010;125;75 i +;50;41;91;SEC_125
2010;536;50-64;79;56;135;SEC_536
2010;612;75 i +;53;40;93;SEC_612
2010;129;25-34;100;92;192;SEC_129
2010;227;03-11;29;21;50;SEC_227
2010;302;16-17;13;11;24;SEC_302
2010;430;25-34;120;120;240;SEC_430
2010;524;75 i +;73;43;116;SEC_524
2010;213;50-64;83;76;159;SEC_213
2010;243;50-64;124;113;237;SEC_243
2010;623;35-49;145;160;305;SEC_623
2010;437;25-34;83;91;174;SEC_437
2010;622;18-24;27;28;55;SEC_622
2010;503;50-64;118;93;211;SEC_503
2010;631;16-17;8;8;16;SEC_631
2010;138;16-17;6;4;10;SEC_138
2010;627;03-11;31;26;57;SEC_627
2010;125;65-74;67;67;134;SEC_125
2010;412;35-49;164;204;368;SEC_412
2010;631;03-11;35;42;77;SEC_631
2010;503;12-15;9;16;25;SEC_503
2010;303;12-15;17;25;42;SEC_303
2010;234;35-49;141;163;304;SEC_234
2010;424;50-64;49;50;99;SEC_424
2010;311;75 i +;102;61;163;SEC_311
2010;303;25-34;150;141;291;SEC_303
2010;439;25-34;109;126;235;SEC_439
2010;121;16-17;10;8;18;SEC_121
2010;234;75 i +;77;43;120;SEC_234
2010;206;03-11;39;29;68;SEC_206
2010;438;25-34;68;62;130;SEC_438
2010;310;12-15;9;10;19;SEC_310
2010;317;03-11;61;53;114;SEC_317
2010;604;35-49;82;102;184;SEC_604
2010;202;12-15;6;12;18;SEC_202
2010;612;50-64;79;65;144;SEC_612
2010;425;00-02;20;16;36;SEC_425
2010;604;25-34;47;76;123;SEC_604
2010;101;12-15;29;30;59;SEC_101
2010;615;65-74;81;93;174;SEC_615
2010;537;35-49;136;126;262;SEC_537
2010;405;03-11;28;32;60;SEC_405
2010;515;16-17;8;5;13;SEC_515
2010;417;65-74;32;22;54;SEC_417
2010;202;00-02;18;15;33;SEC_202
2010;623;65-74;92;101;193;SEC_623
2010;134;50-64;127;114;241;SEC_134
2010;140;25-34;82;101;183;SEC_140
2010;624;03-11;35;43;78;SEC_624
2010;120;65-74;57;65;122;SEC_120
2010;627;35-49;87;95;182;SEC_627
2010;529;25-34;112;104;216;SEC_529
2010;533;25-34;110;120;230;SEC_533
2010;513;16-17;5;7;12;SEC_513
2010;416;25-34;60;77;137;SEC_416
2010;417;35-49;88;93;181;SEC_417
2010;134;16-17;13;14;27;SEC_134
2010;325;03-11;62;70;132;SEC_325
2010;629;25-34;38;52;90;SEC_629
2010;416;65-74;52;30;82;SEC_416
2010;227;75 i +;55;34;89;SEC_227
2010;112;00-02;12;16;28;SEC_112
2010;108;25-34;108;103;211;SEC_108
2010;436;00-02;27;19;46;SEC_436
2010;615;03-11;39;22;61;SEC_615
2010;320;25-34;58;60;118;SEC_320
2010;426;75 i +;51;31;82;SEC_426
2010;312;00-02;27;38;65;SEC_312
2010;325;75 i +;185;93;278;SEC_325
2010;308;65-74;91;91;182;SEC_308
2010;525;25-34;82;97;179;SEC_525
2010;116;25-34;93;109;202;SEC_116
2010;615;50-64;98;52;150;SEC_615
2010;139;00-02;11;15;26;SEC_139
2010;301;00-02;53;52;105;SEC_301
2010;219;16-17;20;9;29;SEC_219
2010;435;35-49;116;158;274;SEC_435
2010;311;25-34;100;127;227;SEC_311
2010;407;12-15;10;11;21;SEC_407
2010;410;18-24;48;55;103;SEC_410
2010;607;65-74;103;78;181;SEC_607
2010;218;00-02;8;11;19;SEC_218
2010;226;00-02;25;24;49;SEC_226
2010;431;00-02;24;33;57;SEC_431
2010;626;18-24;28;23;51;SEC_626
2010;429;12-15;12;10;22;SEC_429
2010;604;16-17;7;9;16;SEC_604
2010;512;03-11;28;42;70;SEC_512
2010;102;75 i +;99;56;155;SEC_102
2010;318;12-15;16;14;30;SEC_318
2010;602;50-64;38;29;67;SEC_602
2010;313;00-02;31;33;64;SEC_313
2010;522;03-11;46;48;94;SEC_522
2010;111;16-17;3;6;9;SEC_111
2010;530;16-17;9;12;21;SEC_530
2010;103;65-74;42;31;73;SEC_103
2010;244;75 i +;53;30;83;SEC_244
2010;323;03-11;141;131;272;SEC_323
2010;118;12-15;26;29;55;SEC_118
2010;425;16-17;5;10;15;SEC_425
2010;209;16-17;3;8;11;SEC_209
2010;441;16-17;18;16;34;SEC_441
2010;406;03-11;47;61;108;SEC_406
2010;210;35-49;95;93;188;SEC_210
2010;229;03-11;28;26;54;SEC_229
2010;532;00-02;17;23;40;SEC_532
2010;517;35-49;151;198;349;SEC_517
2010;227;16-17;5;5;10;SEC_227
2010;431;65-74;66;47;113;SEC_431
2010;225;00-02;9;10;19;SEC_225
2010;235;03-11;73;81;154;SEC_235
2010;122;25-34;76;75;151;SEC_122
2010;248;65-74;43;39;82;SEC_248
2010;119;18-24;41;47;88;SEC_119
2010;432;12-15;12;18;30;SEC_432
2010;532;65-74;81;73;154;SEC_532
2010;627;75 i +;44;28;72;SEC_627
2010;302;03-11;37;41;78;SEC_302
2010;222;18-24;39;54;93;SEC_222
2010;435;00-02;25;23;48;SEC_435
2010;531;65-74;43;39;82;SEC_531
2010;624;75 i +;50;26;76;SEC_624
2010;201;00-02;18;17;35;SEC_201
2010;101;50-64;134;127;261;SEC_101
2010;513;35-49;96;93;189;SEC_513
2010;419;16-17;8;11;19;SEC_419
2010;433;03-11;57;64;121;SEC_433
2010;401;35-49;124;134;258;SEC_401
2010;501;16-17;10;7;17;SEC_501
2010;438;75 i +;42;34;76;SEC_438
2010;210;50-64;77;77;154;SEC_210
2010;408;50-64;78;72;150;SEC_408
2010;314;12-15;35;44;79;SEC_314
2010;217;18-24;29;30;59;SEC_217
2010;606;65-74;74;56;130;SEC_606
2010;303;75 i +;113;96;209;SEC_303
2010;629;18-24;26;15;41;SEC_629
2010;224;16-17;4;4;8;SEC_224
2010;108;16-17;10;18;28;SEC_108
2010;138;12-15;17;11;28;SEC_138
2010;505;16-17;12;6;18;SEC_505
2010;409;16-17;8;10;18;SEC_409
2010;613;16-17;13;12;25;SEC_613
2010;630;25-34;70;95;165;SEC_630
2010;509;18-24;30;44;74;SEC_509
2010;533;18-24;40;38;78;SEC_533
2010;302;00-02;21;26;47;SEC_302
2010;245;16-17;3;12;15;SEC_245
2010;223;03-11;57;53;110;SEC_223
2010;536;03-11;38;41;79;SEC_536
2010;302;12-15;14;23;37;SEC_302
2010;631;18-24;31;27;58;SEC_631
2010;248;16-17;14;17;31;SEC_248
2010;106;00-02;23;23;46;SEC_106
2010;244;25-34;66;60;126;SEC_244
2010;620;12-15;4;14;18;SEC_620
2010;321;12-15;37;28;65;SEC_321
2010;534;25-34;77;87;164;SEC_534
2010;609;25-34;63;63;126;SEC_609
2010;242;18-24;36;49;85;SEC_242
2010;402;00-02;20;18;38;SEC_402
2010;218;50-64;73;66;139;SEC_218
2010;512;75 i +;49;27;76;SEC_512
2010;309;50-64;88;71;159;SEC_309
2010;220;65-74;36;23;59;SEC_220
2010;625;00-02;7;16;23;SEC_625
2010;226;65-74;51;40;91;SEC_226
2010;604;50-64;60;58;118;SEC_604
2010;536;00-02;8;11;19;SEC_536
2010;619;25-34;72;71;143;SEC_619
2010;244;12-15;9;8;17;SEC_244
2010;233;16-17;6;12;18;SEC_233
2010;207;75 i +;67;22;89;SEC_207
2010;522;35-49;106;104;210;SEC_522
2010;118;75 i +;52;35;87;SEC_118
2010;207;35-49;82;81;163;SEC_207
2010;231;65-74;60;38;98;SEC_231
2010;621;00-02;17;18;35;SEC_621
2010;302;75 i +;68;36;104;SEC_302
2010;109;12-15;15;16;31;SEC_109
2010;627;16-17;3;6;9;SEC_627
2010;107;03-11;67;72;139;SEC_107
2010;319;16-17;16;18;34;SEC_319
2010;235;25-34;148;157;305;SEC_235
2010;602;18-24;15;20;35;SEC_602
2010;131;12-15;21;19;40;SEC_131
2010;121;25-34;72;62;134;SEC_121
2010;603;50-64;55;44;99;SEC_603
2010;402;35-49;112;105;217;SEC_402
2010;432;18-24;48;57;105;SEC_432
2010;319;03-11;97;107;204;SEC_319
2010;119;03-11;31;40;71;SEC_119
2010;516;25-34;60;61;121;SEC_516
2010;425;50-64;79;71;150;SEC_425
2010;503;75 i +;39;17;56;SEC_503
2010;406;35-49;139;164;303;SEC_406
2010;620;75 i +;27;22;49;SEC_620
2010;238;16-17;6;6;12;SEC_238
2010;126;25-34;79;57;136;SEC_126
2010;629;12-15;5;12;17;SEC_629
2010;625;03-11;36;36;72;SEC_625
2010;227;65-74;36;35;71;SEC_227
2010;441;12-15;41;35;76;SEC_441
2010;208;35-49;168;166;334;SEC_208
2010;628;16-17;13;9;22;SEC_628
2010;501;03-11;39;42;81;SEC_501
2010;520;16-17;12;6;18;SEC_520
2010;102;25-34;86;104;190;SEC_102
2010;628;25-34;61;71;132;SEC_628
2010;614;00-02;15;18;33;SEC_614
2010;315;35-49;216;236;452;SEC_315
2010;321;35-49;260;232;492;SEC_321
2010;121;00-02;14;22;36;SEC_121
2010;133;75 i +;63;35;98;SEC_133
2010;211;16-17;10;17;27;SEC_211
2010;630;18-24;31;29;60;SEC_630
2010;535;18-24;36;35;71;SEC_535
2010;612;03-11;37;39;76;SEC_612
2010;517;12-15;20;23;43;SEC_517
2010;302;50-64;169;139;308;SEC_302
2010;421;03-11;52;39;91;SEC_421
2010;203;65-74;39;34;73;SEC_203
2010;316;50-64;388;354;742;SEC_316
2010;102;18-24;47;53;100;SEC_102
2010;407;50-64;76;71;147;SEC_407
2010;239;65-74;70;43;113;SEC_239
2010;603;16-17;3;4;7;SEC_603
2010;528;18-24;55;45;100;SEC_528
2010;520;00-02;16;5;21;SEC_520
2010;619;75 i +;73;48;121;SEC_619
2010;508;03-11;28;28;56;SEC_508
2010;318;18-24;41;38;79;SEC_318
2010;309;75 i +;35;19;54;SEC_309
2010;408;12-15;12;18;30;SEC_408
2010;610;16-17;6;13;19;SEC_610
2010;430;18-24;32;43;75;SEC_430
2010;137;50-64;167;126;293;SEC_137
2010;225;18-24;16;20;36;SEC_225
2010;610;00-02;11;11;22;SEC_610
2010;514;35-49;97;111;208;SEC_514
2010;435;75 i +;93;41;134;SEC_435
2010;113;50-64;226;192;418;SEC_113
2010;313;65-74;85;76;161;SEC_313
2010;305;50-64;189;166;355;SEC_305
2010;311;50-64;112;94;206;SEC_311
2010;238;12-15;9;17;26;SEC_238
2010;510;50-64;82;73;155;SEC_510
2010;504;03-11;31;33;64;SEC_504
2010;245;12-15;21;23;44;SEC_245
2010;530;75 i +;93;65;158;SEC_530
2010;135;50-64;163;142;305;SEC_135
2010;242;00-02;12;20;32;SEC_242
2010;246;12-15;28;26;54;SEC_246
2010;240;35-49;97;101;198;SEC_240
2010;416;00-02;13;16;29;SEC_416
2010;425;35-49;118;125;243;SEC_425
2010;221;16-17;17;7;24;SEC_221
2010;419;03-11;44;43;87;SEC_419
2010;523;25-34;128;147;275;SEC_523
2010;436;18-24;35;41;76;SEC_436
2010;249;25-34;107;127;234;SEC_249
2010;130;03-11;47;38;85;SEC_130
2010;315;03-11;75;69;144;SEC_315
2010;204;18-24;31;24;55;SEC_204
2010;314;00-02;26;45;71;SEC_314
2010;429;65-74;26;21;47;SEC_429
2010;238;00-02;16;12;28;SEC_238
2010;433;16-17;11;11;22;SEC_433
2010;623;25-34;83;102;185;SEC_623
2010;606;12-15;17;25;42;SEC_606
2010;221;18-24;51;47;98;SEC_221
2010;428;16-17;4;7;11;SEC_428
2010;324;12-15;21;30;51;SEC_324
2010;324;50-64;72;66;138;SEC_324
2010;246;35-49;148;184;332;SEC_246
2010;303;00-02;23;21;44;SEC_303
2010;244;50-64;52;50;102;SEC_244
2010;111;25-34;64;59;123;SEC_111
2010;437;50-64;69;58;127;SEC_437
2010;307;75 i +;79;58;137;SEC_307
2010;117;50-64;239;222;461;SEC_117
2010;309;65-74;39;35;74;SEC_309
2010;410;12-15;22;34;56;SEC_410
2010;301;50-64;186;183;369;SEC_301
2010;501;50-64;151;133;284;SEC_501
2010;205;18-24;38;40;78;SEC_205
2010;406;00-02;20;20;40;SEC_406
2010;102;65-74;113;114;227;SEC_102
2010;402;18-24;39;32;71;SEC_402
2010;628;65-74;79;68;147;SEC_628
2010;244;00-02;10;15;25;SEC_244
2010;409;03-11;29;24;53;SEC_409
2010;506;16-17;15;18;33;SEC_506
2010;136;35-49;136;171;307;SEC_136
2010;214;16-17;15;6;21;SEC_214
2010;409;25-34;56;67;123;SEC_409
2010;215;75 i +;70;33;103;SEC_215
2010;424;18-24;24;27;51;SEC_424
2010;203;50-64;60;53;113;SEC_203
2010;316;75 i +;74;27;101;SEC_316
2010;412;75 i +;92;82;174;SEC_412
2010;601;50-64;119;103;222;SEC_601
2010;436;65-74;34;25;59;SEC_436
2010;524;50-64;96;87;183;SEC_524
2010;119;00-02;11;13;24;SEC_119
2010;404;35-49;152;181;333;SEC_404
2010;109;18-24;38;28;66;SEC_109
2010;403;35-49;113;137;250;SEC_403
2010;312;35-49;227;224;451;SEC_312
2010;405;65-74;75;50;125;SEC_405
2010;609;03-11;31;29;60;SEC_609
2010;209;18-24;39;56;95;SEC_209
2010;629;50-64;48;49;97;SEC_629
2010;120;25-34;104;125;229;SEC_120
2010;130;16-17;10;3;13;SEC_130
2010;245;75 i +;79;40;119;SEC_245
2010;207;50-64;79;60;139;SEC_207
2010;629;35-49;56;68;124;SEC_629
2010;117;25-34;151;167;318;SEC_117
2010;237;03-11;65;68;133;SEC_237
2010;523;65-74;88;71;159;SEC_523
2010;309;16-17;6;7;13;SEC_309
2010;213;12-15;11;19;30;SEC_213
2010;533;75 i +;50;37;87;SEC_533
2010;431;35-49;185;223;408;SEC_431
2010;419;50-64;53;52;105;SEC_419
2010;438;18-24;29;27;56;SEC_438
2010;136;50-64;118;102;220;SEC_136
2010;205;25-34;90;84;174;SEC_205
2010;411;35-49;110;111;221;SEC_411
2010;624;12-15;15;12;27;SEC_624
2010;115;12-15;24;19;43;SEC_115
2010;129;65-74;65;69;134;SEC_129
2010;613;50-64;106;64;170;SEC_613
2010;612;25-34;61;82;143;SEC_612
2010;614;16-17;9;10;19;SEC_614
2010;115;65-74;42;53;95;SEC_115
2010;222;75 i +;45;28;73;SEC_222
2010;509;03-11;40;37;77;SEC_509
2010;603;18-24;15;25;40;SEC_603
2010;606;03-11;47;47;94;SEC_606
2010;608;18-24;24;34;58;SEC_608
2010;628;50-64;110;82;192;SEC_628
2010;526;35-49;84;82;166;SEC_526
2010;525;00-02;19;24;43;SEC_525
2010;617;35-49;103;114;217;SEC_617
2010;513;25-34;63;73;136;SEC_513
2010;409;35-49;87;98;185;SEC_409
2010;130;12-15;12;19;31;SEC_130
2010;516;18-24;32;36;68;SEC_516
2010;417;03-11;29;33;62;SEC_417
2010;225;25-34;46;53;99;SEC_225
2010;419;65-74;51;34;85;SEC_419
2010;406;65-74;72;63;135;SEC_406
2010;625;50-64;201;178;379;SEC_625
2010;137;75 i +;51;34;85;SEC_137
2010;318;00-02;6;9;15;SEC_318
2010;523;12-15;23;28;51;SEC_523
2010;203;12-15;12;11;23;SEC_203
2010;115;16-17;4;13;17;SEC_115
2010;521;75 i +;56;41;97;SEC_521
2010;409;65-74;38;27;65;SEC_409
2010;617;50-64;86;78;164;SEC_617
2010;306;65-74;60;48;108;SEC_306
2010;432;35-49;118;137;255;SEC_432
2010;405;75 i +;79;53;132;SEC_405
2010;534;18-24;36;39;75;SEC_534
2010;115;25-34;106;101;207;SEC_115
2010;242;75 i +;85;55;140;SEC_242
2010;312;03-11;51;61;112;SEC_312
2010;411;65-74;67;64;131;SEC_411
2010;208;50-64;189;147;336;SEC_208
2010;524;25-34;135;131;266;SEC_524
2010;318;16-17;4;15;19;SEC_318
2010;411;03-11;39;29;68;SEC_411
2010;415;12-15;13;18;31;SEC_415
2010;111;65-74;66;50;116;SEC_111
2010;515;35-49;78;101;179;SEC_515
2010;405;35-49;98;105;203;SEC_405
2010;110;12-15;13;13;26;SEC_110
2010;514;65-74;42;27;69;SEC_514
2010;116;50-64;161;131;292;SEC_116
2010;139;25-34;73;102;175;SEC_139
2010;212;00-02;25;21;46;SEC_212
2010;240;12-15;10;15;25;SEC_240
2010;609;50-64;87;51;138;SEC_609
2010;617;25-34;61;77;138;SEC_617
2010;214;25-34;98;121;219;SEC_214
2010;235;12-15;28;35;63;SEC_235
2010;430;50-64;63;62;125;SEC_430
2010;408;75 i +;47;36;83;SEC_408
2010;310;03-11;37;40;77;SEC_310
2010;415;75 i +;34;22;56;SEC_415
2010;408;65-74;50;28;78;SEC_408
2010;204;25-34;49;61;110;SEC_204
2010;504;25-34;81;81;162;SEC_504
2010;620;16-17;6;4;10;SEC_620
2010;603;03-11;33;42;75;SEC_603
2010;215;50-64;88;77;165;SEC_215
2010;419;18-24;35;41;76;SEC_419
2010;218;35-49;94;101;195;SEC_218
2010;132;03-11;85;79;164;SEC_132
2010;532;35-49;166;169;335;SEC_532
2010;323;25-34;223;245;468;SEC_323
2010;306;50-64;173;142;315;SEC_306
2010;140;00-02;13;18;31;SEC_140
2010;216;65-74;73;55;128;SEC_216
2010;608;16-17;9;5;14;SEC_608
2010;134;12-15;18;23;41;SEC_134
2010;302;25-34;122;130;252;SEC_302
2010;247;00-02;26;24;50;SEC_247
2010;207;03-11;34;27;61;SEC_207
2010;310;25-34;94;86;180;SEC_310
2010;431;75 i +;90;41;131;SEC_431
2010;415;50-64;56;47;103;SEC_415
2010;622;65-74;42;35;77;SEC_622
2010;434;16-17;6;7;13;SEC_434
2010;235;00-02;27;28;55;SEC_235
2010;314;50-64;264;252;516;SEC_314
2010;417;12-15;16;16;32;SEC_417
2010;523;03-11;52;51;103;SEC_523
2010;605;65-74;70;67;137;SEC_605
2010;535;16-17;11;11;22;SEC_535
2010;538;65-74;74;46;120;SEC_538
2010;420;35-49;182;192;374;SEC_420
2010;213;03-11;27;55;82;SEC_213
2010;315;18-24;59;66;125;SEC_315
2010;233;25-34;110;125;235;SEC_233
2010;615;75 i +;32;27;59;SEC_615
2010;111;18-24;35;31;66;SEC_111
2010;122;75 i +;56;36;92;SEC_122
2010;626;50-64;86;81;167;SEC_626
2010;132;65-74;101;90;191;SEC_132
2010;519;50-64;37;24;61;SEC_519
2010;618;16-17;2;4;6;SEC_618
2010;307;18-24;42;55;97;SEC_307
2010;110;75 i +;70;35;105;SEC_110
2010;220;12-15;19;11;30;SEC_220
2010;230;18-24;37;42;79;SEC_230
2010;223;65-74;61;51;112;SEC_223
2010;240;16-17;9;7;16;SEC_240
2010;216;75 i +;72;53;125;SEC_216
2010;136;16-17;8;7;15;SEC_136
2010;233;75 i +;55;34;89;SEC_233
2010;421;50-64;78;71;149;SEC_421
2010;206;00-02;10;17;27;SEC_206
2010;244;03-11;26;28;54;SEC_244
2010;427;18-24;34;36;70;SEC_427
2010;241;35-49;116;110;226;SEC_241
2010;622;03-11;27;38;65;SEC_622
2010;423;25-34;105;110;215;SEC_423
2010;213;65-74;48;47;95;SEC_213
2010;619;16-17;9;10;19;SEC_619
2010;516;50-64;40;48;88;SEC_516
2010;308;25-34;146;143;289;SEC_308
2010;307;50-64;207;153;360;SEC_307
2010;106;16-17;15;15;30;SEC_106
2010;217;75 i +;42;26;68;SEC_217
2010;229;25-34;79;65;144;SEC_229
2010;522;25-34;79;89;168;SEC_522
2010;631;75 i +;52;27;79;SEC_631
2010;244;18-24;28;29;57;SEC_244
2010;128;16-17;10;4;14;SEC_128
2010;519;18-24;23;31;54;SEC_519
2010;604;03-11;26;35;61;SEC_604
2010;221;25-34;81;99;180;SEC_221
2010;315;50-64;160;166;326;SEC_315
2010;313;75 i +;96;57;153;SEC_313
2010;139;35-49;101;128;229;SEC_139
2010;608;03-11;25;25;50;SEC_608
2010;311;03-11;63;71;134;SEC_311
2010;139;65-74;44;33;77;SEC_139
2010;103;16-17;5;3;8;SEC_103
2010;124;16-17;3;6;9;SEC_124
2010;521;50-64;139;103;242;SEC_521
2010;132;18-24;82;86;168;SEC_132
2010;505;35-49;130;123;253;SEC_505
2010;514;16-17;10;4;14;SEC_514
2010;505;50-64;149;88;237;SEC_505
2010;208;65-74;125;92;217;SEC_208
2010;511;75 i +;56;28;84;SEC_511
2010;233;18-24;39;44;83;SEC_233
2010;425;12-15;8;18;26;SEC_425
2010;612;18-24;27;29;56;SEC_612
2010;241;12-15;23;15;38;SEC_241
2010;509;65-74;44;33;77;SEC_509
2010;407;35-49;121;146;267;SEC_407
2010;530;65-74;83;62;145;SEC_530
2010;135;25-34;120;132;252;SEC_135
2010;129;50-64;101;88;189;SEC_129
2010;431;50-64;108;105;213;SEC_431
2010;507;50-64;90;73;163;SEC_507
2010;627;65-74;45;61;106;SEC_627
2010;623;18-24;35;38;73;SEC_623
2010;238;75 i +;68;38;106;SEC_238
2010;618;12-15;8;17;25;SEC_618
2010;212;75 i +;72;50;122;SEC_212
2010;241;50-64;61;55;116;SEC_241
2010;625;16-17;7;12;19;SEC_625
2010;628;75 i +;46;36;82;SEC_628
2010;433;18-24;62;54;116;SEC_433
2010;409;75 i +;31;24;55;SEC_409
2010;106;75 i +;71;32;103;SEC_106
2010;126;75 i +;65;35;100;SEC_126
2010;120;50-64;195;194;389;SEC_120
2010;310;75 i +;45;25;70;SEC_310
2010;503;16-17;7;9;16;SEC_503
2010;531;16-17;10;11;21;SEC_531
2010;206;65-74;51;33;84;SEC_206
2010;249;16-17;10;12;22;SEC_249
2010;419;00-02;15;24;39;SEC_419
2010;529;35-49;175;165;340;SEC_529
2010;209;65-74;55;33;88;SEC_209
2010;605;50-64;54;34;88;SEC_605
2010;436;25-34;108;132;240;SEC_436
2010;202;03-11;28;40;68;SEC_202
2010;235;65-74;78;64;142;SEC_235
2010;129;35-49;133;143;276;SEC_129
2010;606;50-64;71;62;133;SEC_606
2010;322;35-49;169;146;315;SEC_322
2010;627;50-64;163;137;300;SEC_627
2010;110;00-02;20;15;35;SEC_110
2010;523;75 i +;96;62;158;SEC_523
2010;238;18-24;42;37;79;SEC_238
2010;418;16-17;13;15;28;SEC_418
2010;138;00-02;11;9;20;SEC_138
2010;309;03-11;41;56;97;SEC_309
2010;434;50-64;59;62;121;SEC_434
2010;418;12-15;26;30;56;SEC_418
2010;249;00-02;19;16;35;SEC_249
2010;123;65-74;56;47;103;SEC_123
2010;323;35-49;333;347;680;SEC_323
2010;531;00-02;11;18;29;SEC_531
2010;223;12-15;23;20;43;SEC_223
2010;535;50-64;132;103;235;SEC_535
2010;218;75 i +;35;22;57;SEC_218
2010;229;16-17;8;9;17;SEC_229
2010;127;35-49;105;105;210;SEC_127
2010;615;00-02;9;9;18;SEC_615
2010;230;03-11;50;34;84;SEC_230
2010;507;65-74;46;43;89;SEC_507
2010;304;16-17;44;12;56;SEC_304
2010;531;12-15;21;24;45;SEC_531
2010;110;18-24;44;37;81;SEC_110
2010;501;65-74;58;63;121;SEC_501
2010;409;18-24;23;32;55;SEC_409
2010;526;65-74;28;32;60;SEC_526
2010;513;75 i +;51;31;82;SEC_513
2010;514;12-15;18;15;33;SEC_514
2010;422;16-17;8;14;22;SEC_422
2010;322;00-02;18;25;43;SEC_322
2010;528;65-74;57;55;112;SEC_528
2010;218;03-11;15;31;46;SEC_218
2010;138;25-34;65;68;133;SEC_138
2010;233;50-64;61;64;125;SEC_233
2010;125;12-15;23;36;59;SEC_125
2010;611;75 i +;83;53;136;SEC_611
2010;426;65-74;38;35;73;SEC_426
2010;629;65-74;37;28;65;SEC_629
2010;508;75 i +;38;21;59;SEC_508
2010;236;25-34;89;80;169;SEC_236
2010;239;16-17;13;11;24;SEC_239
2010;119;75 i +;82;48;130;SEC_119
2010;620;03-11;19;21;40;SEC_620
2010;219;00-02;18;22;40;SEC_219
2010;225;12-15;3;5;8;SEC_225
2010;423;12-15;11;18;29;SEC_423
2010;507;25-34;74;82;156;SEC_507
2010;220;35-49;126;124;250;SEC_220
2010;305;00-02;27;26;53;SEC_305
2010;304;00-02;42;48;90;SEC_304
2010;536;25-34;63;76;139;SEC_536
2010;136;65-74;59;46;105;SEC_136
2010;240;00-02;17;22;39;SEC_240
2010;230;50-64;50;43;93;SEC_230
2010;623;16-17;8;15;23;SEC_623
2010;136;03-11;60;49;109;SEC_136
2010;440;50-64;98;79;177;SEC_440
2010;525;50-64;67;71;138;SEC_525
2010;420;65-74;75;54;129;SEC_420
2010;205;65-74;51;37;88;SEC_205
2010;122;50-64;66;50;116;SEC_122
2010;325;12-15;32;29;61;SEC_325
2010;514;25-34;57;78;135;SEC_514
2010;629;03-11;30;15;45;SEC_629
2010;139;12-15;15;27;42;SEC_139
2010;616;16-17;27;32;59;SEC_616
2010;521;25-34;57;61;118;SEC_521
2010;133;12-15;11;13;24;SEC_133
2010;508;25-34;61;58;119;SEC_508
2010;508;65-74;31;26;57;SEC_508
2010;414;12-15;17;17;34;SEC_414
2010;109;16-17;11;9;20;SEC_109
2010;137;03-11;73;59;132;SEC_137
2010;220;16-17;12;12;24;SEC_220
2010;602;75 i +;31;25;56;SEC_602
2010;207;00-02;12;12;24;SEC_207
2010;537;16-17;11;12;23;SEC_537
2010;630;50-64;115;93;208;SEC_630
2010;105;35-49;144;124;268;SEC_105
2010;603;65-74;49;44;93;SEC_603
2010;206;18-24;39;31;70;SEC_206
2010;246;75 i +;83;49;132;SEC_246
2010;629;75 i +;31;21;52;SEC_629
2010;421;12-15;24;17;41;SEC_421
2010;209;12-15;15;14;29;SEC_209
2010;413;03-11;21;28;49;SEC_413
2010;440;35-49;114;118;232;SEC_440
2010;403;65-74;89;80;169;SEC_403
2010;524;03-11;54;52;106;SEC_524
2010;115;00-02;23;28;51;SEC_115
2010;403;18-24;41;44;85;SEC_403
2010;423;35-49;108;137;245;SEC_423
2010;618;65-74;41;46;87;SEC_618
2010;105;16-17;10;11;21;SEC_105
2010;619;00-02;16;18;34;SEC_619
2010;609;35-49;96;95;191;SEC_609
2010;111;12-15;10;18;28;SEC_111
2010;205;16-17;9;5;14;SEC_205
2010;623;50-64;170;126;296;SEC_623
2010;109;50-64;122;118;240;SEC_109
2010;403;12-15;14;20;34;SEC_403
2010;436;16-17;13;12;25;SEC_436
2010;319;25-34;163;173;336;SEC_319
2010;508;50-64;42;44;86;SEC_508
2010;401;18-24;57;60;117;SEC_401
2010;319;50-64;142;138;280;SEC_319
2010;232;03-11;34;38;72;SEC_232
2010;113;25-34;151;131;282;SEC_113
2010;102;12-15;24;28;52;SEC_102
2010;616;50-64;269;243;512;SEC_616
2010;605;35-49;73;75;148;SEC_605
2010;108;00-02;21;20;41;SEC_108
2010;436;12-15;14;15;29;SEC_436
2010;130;50-64;57;57;114;SEC_130
2010;604;00-02;7;12;19;SEC_604
2010;202;25-34;104;120;224;SEC_202
2010;119;35-49;124;141;265;SEC_119
2010;624;16-17;8;9;17;SEC_624
2010;632;50-64;84;73;157;SEC_632
2010;631;35-49;116;126;242;SEC_631
2010;224;00-02;18;14;32;SEC_224
2010;220;50-64;61;59;120;SEC_220
2010;103;18-24;21;17;38;SEC_103
2010;320;75 i +;36;17;53;SEC_320
2010;601;18-24;38;47;85;SEC_601
2010;438;12-15;14;15;29;SEC_438
2010;107;00-02;30;26;56;SEC_107
2010;130;18-24;29;41;70;SEC_130
2010;627;25-34;73;87;160;SEC_627
2010;215;25-34;84;81;165;SEC_215
2010;210;75 i +;112;53;165;SEC_210
2010;408;03-11;42;36;78;SEC_408
2010;632;00-02;13;24;37;SEC_632
2010;218;12-15;14;10;24;SEC_218
2010;438;65-74;63;47;110;SEC_438
2010;418;35-49;170;178;348;SEC_418
2010;522;00-02;23;20;43;SEC_522
2010;221;03-11;46;33;79;SEC_221
2010;216;00-02;16;24;40;SEC_216
2010;512;18-24;34;44;78;SEC_512
2010;405;12-15;14;14;28;SEC_405
2010;140;35-49;114;144;258;SEC_140
2010;610;75 i +;59;39;98;SEC_610
2010;108;18-24;39;43;82;SEC_108
2010;316;35-49;156;127;283;SEC_316
2010;220;25-34;82;88;170;SEC_220
2010;532;12-15;27;16;43;SEC_532
2010;227;18-24;18;14;32;SEC_227
2010;202;18-24;25;27;52;SEC_202
2010;243;03-11;64;64;128;SEC_243
2010;314;35-49;284;286;570;SEC_314
2010;125;00-02;31;33;64;SEC_125
2010;129;12-15;24;17;41;SEC_129
2010;214;65-74;44;33;77;SEC_214
2010;322;25-34;136;121;257;SEC_322
2010;121;18-24;25;24;49;SEC_121
2010;303;50-64;125;109;234;SEC_303
2010;410;50-64;163;139;302;SEC_410
2010;519;03-11;25;38;63;SEC_519
2010;629;16-17;3;2;5;SEC_629
2010;616;00-02;47;38;85;SEC_616
2010;229;00-02;13;14;27;SEC_229
2010;315;65-74;66;55;121;SEC_315
2010;201;25-34;115;106;221;SEC_201
2010;518;00-02;13;14;27;SEC_518
2010;442;50-64;50;50;100;SEC_442
2010;135;65-74;79;73;152;SEC_135
2010;240;18-24;29;29;58;SEC_240
2010;105;00-02;21;16;37;SEC_105
2010;306;16-17;22;14;36;SEC_306
2010;407;65-74;60;35;95;SEC_407
2010;203;75 i +;53;29;82;SEC_203
2010;134;75 i +;76;35;111;SEC_134
2010;531;18-24;42;37;79;SEC_531
2010;213;00-02;16;20;36;SEC_213
2010;506;65-74;107;117;224;SEC_506
2010;631;00-02;13;17;30;SEC_631
2010;320;65-74;61;58;119;SEC_320
2010;124;50-64;100;82;182;SEC_124
2010;131;00-02;17;23;40;SEC_131
2010;113;65-74;59;56;115;SEC_113
2010;515;12-15;10;12;22;SEC_515
2010;131;18-24;52;59;111;SEC_131
2010;226;35-49;160;161;321;SEC_226
2010;607;75 i +;56;51;107;SEC_607
2010;112;03-11;69;57;126;SEC_112
2010;402;75 i +;53;46;99;SEC_402
2010;311;12-15;25;29;54;SEC_311
2010;223;16-17;14;14;28;SEC_223
2010;510;12-15;16;22;38;SEC_510
2010;313;18-24;76;66;142;SEC_313
2010;131;65-74;76;69;145;SEC_131
2010;606;35-49;136;146;282;SEC_606
2010;401;50-64;114;91;205;SEC_401
2010;303;65-74;133;120;253;SEC_303
2010;106;25-34;159;172;331;SEC_106
2010;615;25-34;55;44;99;SEC_615
2010;120;18-24;79;73;152;SEC_120
2010;509;16-17;11;16;27;SEC_509
2010;132;00-02;32;20;52;SEC_132
2010;206;35-49;113;117;230;SEC_206
2010;101;35-49;269;284;553;SEC_101
2010;305;35-49;195;192;387;SEC_305
2010;507;03-11;35;49;84;SEC_507
2010;632;18-24;29;35;64;SEC_632
2010;427;50-64;67;54;121;SEC_427
2010;217;12-15;15;12;27;SEC_217
2010;318;65-74;38;26;64;SEC_318
2010;238;35-49;117;121;238;SEC_238
2010;411;16-17;10;7;17;SEC_411
2010;438;00-02;15;13;28;SEC_438
2010;207;16-17;5;4;9;SEC_207
2010;229;12-15;25;17;42;SEC_229
2010;236;00-02;11;18;29;SEC_236
2010;413;12-15;15;12;27;SEC_413
2010;614;25-34;56;74;130;SEC_614
2010;402;03-11;24;41;65;SEC_402
2010;403;25-34;99;109;208;SEC_403
2010;205;50-64;96;92;188;SEC_205
2010;206;25-34;63;109;172;SEC_206
2010;222;12-15;22;13;35;SEC_222
2010;423;75 i +;72;51;123;SEC_423
2010;412;65-74;107;91;198;SEC_412
2010;429;18-24;27;29;56;SEC_429
2010;318;50-64;100;106;206;SEC_318
2010;304;12-15;50;37;87;SEC_304
2010;404;16-17;17;18;35;SEC_404
2010;621;75 i +;45;23;68;SEC_621
2010;135;03-11;53;56;109;SEC_135
2010;406;75 i +;76;53;129;SEC_406
2010;114;12-15;35;25;60;SEC_114
2010;223;18-24;58;52;110;SEC_223
2010;608;65-74;60;40;100;SEC_608
2010;232;35-49;123;127;250;SEC_232
2010;105;18-24;43;58;101;SEC_105
2010;202;65-74;32;34;66;SEC_202
2010;429;03-11;20;16;36;SEC_429
2010;618;50-64;61;36;97;SEC_618
2010;611;65-74;140;131;271;SEC_611
2010;602;25-34;35;44;79;SEC_602
2010;602;35-49;82;80;162;SEC_602
2010;513;50-64;58;50;108;SEC_513
2010;603;00-02;22;12;34;SEC_603
2010;216;25-34;113;111;224;SEC_216
2010;208;75 i +;223;120;343;SEC_208
2010;308;16-17;18;20;38;SEC_308
2010;224;75 i +;40;21;61;SEC_224
2010;602;16-17;5;5;10;SEC_602
2010;412;25-34;119;157;276;SEC_412
2010;228;25-34;72;75;147;SEC_228
2010;320;12-15;14;13;27;SEC_320
2010;601;65-74;109;94;203;SEC_601
2010;214;12-15;15;12;27;SEC_214
2010;440;18-24;26;30;56;SEC_440
2010;236;75 i +;90;60;150;SEC_236
2010;102;35-49;173;183;356;SEC_102
2010;210;00-02;8;7;15;SEC_210
2010;109;03-11;45;37;82;SEC_109
2010;315;00-02;33;31;64;SEC_315
2010;229;50-64;65;55;120;SEC_229
2010;413;35-49;79;93;172;SEC_413
2010;505;65-74;116;138;254;SEC_505
2010;622;75 i +;30;16;46;SEC_622
2010;316;65-74;72;74;146;SEC_316
2010;516;35-49;113;101;214;SEC_516
2010;514;50-64;49;54;103;SEC_514
2010;217;00-02;12;14;26;SEC_217
2010;402;25-34;88;74;162;SEC_402
2010;130;25-34;64;57;121;SEC_130
2010;436;03-11;43;60;103;SEC_436
2010;530;18-24;49;52;101;SEC_530
2010;525;16-17;13;9;22;SEC_525
2010;308;03-11;96;122;218;SEC_308
2010;229;18-24;35;33;68;SEC_229
2010;606;75 i +;83;52;135;SEC_606
2010;221;75 i +;72;53;125;SEC_221
2010;408;35-49;122;122;244;SEC_408
2010;615;18-24;18;19;37;SEC_615
2010;218;18-24;22;38;60;SEC_218
2010;237;35-49;180;215;395;SEC_237
2010;534;12-15;11;14;25;SEC_534
2010;244;16-17;8;5;13;SEC_244
2010;237;75 i +;87;52;139;SEC_237
2010;434;03-11;27;32;59;SEC_434
2010;118;50-64;217;199;416;SEC_118
2010;204;03-11;20;20;40;SEC_204
2010;631;25-34;92;79;171;SEC_631
2010;206;50-64;67;69;136;SEC_206
2010;518;12-15;21;22;43;SEC_518
2010;202;16-17;4;7;11;SEC_202
2010;621;35-49;153;161;314;SEC_621
2010;432;75 i +;70;49;119;SEC_432
2010;520;18-24;34;32;66;SEC_520
2010;420;00-02;32;21;53;SEC_420
2010;248;75 i +;65;47;112;SEC_248
2010;216;18-24;43;52;95;SEC_216
2010;624;00-02;15;16;31;SEC_624
2010;220;00-02;19;18;37;SEC_220
2010;502;18-24;61;71;132;SEC_502
2010;404;50-64;100;94;194;SEC_404
2010;508;16-17;4;6;10;SEC_508
2010;136;25-34;116;107;223;SEC_136
2010;527;25-34;159;126;285;SEC_527
2010;227;50-64;64;55;119;SEC_227
2010;442;18-24;26;28;54;SEC_442
2010;211;03-11;56;57;113;SEC_211
2010;532;25-34;138;148;286;SEC_532
2010;217;50-64;41;56;97;SEC_217
2010;230;16-17;6;12;18;SEC_230
2010;437;18-24;42;51;93;SEC_437
2010;107;35-49;199;210;409;SEC_107
2010;632;03-11;58;48;106;SEC_632
2010;611;12-15;16;31;47;SEC_611
2010;412;00-02;14;25;39;SEC_412
2010;116;18-24;44;46;90;SEC_116
2010;211;00-02;22;26;48;SEC_211
2010;314;18-24;68;123;191;SEC_314
2010;118;35-49;191;171;362;SEC_118
2010;312;18-24;68;61;129;SEC_312
2010;431;18-24;59;54;113;SEC_431
2010;505;75 i +;62;50;112;SEC_505
2010;426;18-24;41;42;83;SEC_426
2010;531;35-49;121;147;268;SEC_531
2010;518;65-74;74;52;126;SEC_518
2010;104;65-74;47;37;84;SEC_104
2010;319;65-74;42;49;91;SEC_319
2010;602;65-74;61;58;119;SEC_602
2010;522;18-24;35;33;68;SEC_522
2010;441;25-34;194;176;370;SEC_441
2010;209;75 i +;79;68;147;SEC_209
2010;430;35-49;131;155;286;SEC_430
2010;234;50-64;62;62;124;SEC_234
2010;110;25-34;97;108;205;SEC_110
2010;246;18-24;40;38;78;SEC_246
2010;239;12-15;17;13;30;SEC_239
2010;321;18-24;91;96;187;SEC_321
2010;233;35-49;127;134;261;SEC_233
2010;608;25-34;52;55;107;SEC_608
2010;623;03-11;56;74;130;SEC_623
2010;225;03-11;16;18;34;SEC_225
2010;235;50-64;101;97;198;SEC_235
2010;521;35-49;94;111;205;SEC_521
2010;631;50-64;117;87;204;SEC_631
2010;518;16-17;11;9;20;SEC_518
2010;129;00-02;24;24;48;SEC_129
2010;122;03-11;40;42;82;SEC_122
2010;125;50-64;155;150;305;SEC_125
2010;535;12-15;9;12;21;SEC_535
2010;247;35-49;163;192;355;SEC_247
2010;520;75 i +;54;43;97;SEC_520
2010;612;65-74;110;91;201;SEC_612
2010;118;65-74;72;79;151;SEC_118
2010;524;12-15;18;21;39;SEC_524
2010;246;00-02;17;21;38;SEC_246
2010;504;50-64;98;75;173;SEC_504
2010;616;65-74;87;86;173;SEC_616
2010;210;25-34;55;60;115;SEC_210
2010;133;35-49;103;104;207;SEC_133
2010;138;50-64;102;90;192;SEC_138
2010;614;12-15;8;16;24;SEC_614
2010;210;18-24;14;22;36;SEC_210
2010;305;12-15;30;25;55;SEC_305
2010;107;18-24;51;62;113;SEC_107
2010;404;18-24;51;68;119;SEC_404
2010;108;03-11;62;51;113;SEC_108
2010;124;75 i +;40;36;76;SEC_124
2010;506;75 i +;91;65;156;SEC_506
2010;422;03-11;51;45;96;SEC_422
2010;238;65-74;37;37;74;SEC_238
2010;128;50-64;95;69;164;SEC_128
2010;249;75 i +;76;44;120;SEC_249
2010;103;03-11;32;37;69;SEC_103
2010;321;75 i +;115;63;178;SEC_321
2010;207;18-24;19;25;44;SEC_207
2010;524;18-24;49;53;102;SEC_524
2010;538;03-11;53;48;101;SEC_538
2010;222;03-11;37;38;75;SEC_222
2010;116;00-02;23;23;46;SEC_116
2010;114;65-74;109;103;212;SEC_114
2010;441;75 i +;101;66;167;SEC_441
2010;127;00-02;5;13;18;SEC_127
2010;611;16-17;21;18;39;SEC_611
2010;135;16-17;14;7;21;SEC_135
2010;435;65-74;40;33;73;SEC_435
2010;211;65-74;57;38;95;SEC_211
2010;528;35-49;175;146;321;SEC_528
2010;215;16-17;7;8;15;SEC_215
2010;211;12-15;17;24;41;SEC_211
2010;628;00-02;16;15;31;SEC_628
2010;213;16-17;9;9;18;SEC_213
2010;105;75 i +;59;35;94;SEC_105
2010;128;65-74;52;54;106;SEC_128
2010;307;00-02;12;18;30;SEC_307
2010;236;35-49;132;129;261;SEC_236
2010;126;35-49;99;113;212;SEC_126
2010;419;75 i +;39;31;70;SEC_419
2010;607;00-02;13;16;29;SEC_607
2010;602;12-15;12;13;25;SEC_602
2010;601;12-15;14;19;33;SEC_601
2010;520;35-49;105;98;203;SEC_520
2010;313;50-64;219;177;396;SEC_313
2010;532;75 i +;81;58;139;SEC_532
2010;614;18-24;27;39;66;SEC_614
2010;229;75 i +;53;40;93;SEC_229
2010;423;18-24;27;42;69;SEC_423
2010;138;65-74;45;40;85;SEC_138
2010;518;18-24;49;44;93;SEC_518
2010;433;75 i +;41;24;65;SEC_433
2010;302;35-49;139;170;309;SEC_302
2010;314;16-17;19;24;43;SEC_314
2010;537;12-15;17;12;29;SEC_537
2010;606;25-34;95;94;189;SEC_606
2010;620;18-24;25;27;52;SEC_620
2010;518;03-11;51;51;102;SEC_518
2010;527;35-49;135;154;289;SEC_527
2010;121;65-74;34;19;53;SEC_121
2010;322;16-17;13;10;23;SEC_322
2010;310;65-74;40;31;71;SEC_310
2010;624;35-49;98;131;229;SEC_624
2010;630;00-02;8;12;20;SEC_630
2010;215;00-02;12;19;31;SEC_215
2010;312;75 i +;72;40;112;SEC_312
2010;243;18-24;60;68;128;SEC_243
2010;109;75 i +;67;43;110;SEC_109
2010;241;25-34;83;75;158;SEC_241
2010;631;65-74;89;85;174;SEC_631
2010;239;03-11;43;50;93;SEC_239
2010;626;12-15;16;19;35;SEC_626
2010;409;12-15;5;10;15;SEC_409
2010;214;50-64;46;41;87;SEC_214
2010;413;25-34;66;58;124;SEC_413
2010;529;00-02;24;26;50;SEC_529
2010;531;25-34;81;102;183;SEC_531
2010;515;03-11;26;33;59;SEC_515
2010;106;50-64;270;222;492;SEC_106
2010;413;18-24;23;28;51;SEC_413
2010;509;00-02;22;15;37;SEC_509
2010;232;25-34;92;81;173;SEC_232
2010;428;65-74;20;12;32;SEC_428
2010;247;25-34;122;127;249;SEC_247
2010;113;03-11;51;77;128;SEC_113
2010;131;75 i +;62;53;115;SEC_131
2010;502;75 i +;126;66;192;SEC_502
2010;110;35-49;118;113;231;SEC_110
2010;440;03-11;38;40;78;SEC_440
2010;524;65-74;62;43;105;SEC_524
2010;613;12-15;13;22;35;SEC_613
2010;515;50-64;37;32;69;SEC_515
2010;611;35-49;233;274;507;SEC_611
2010;243;65-74;79;57;136;SEC_243
2010;130;00-02;18;19;37;SEC_130
2010;533;65-74;59;29;88;SEC_533
2010;134;00-02;21;22;43;SEC_134
2010;239;00-02;19;20;39;SEC_239
2010;618;00-02;4;5;9;SEC_618
2010;322;03-11;61;60;121;SEC_322
2010;509;35-49;93;115;208;SEC_509
2010;239;75 i +;94;63;157;SEC_239
2010;536;65-74;44;44;88;SEC_536
2010;112;16-17;22;12;34;SEC_112
2010;411;75 i +;96;61;157;SEC_411
2010;220;18-24;35;38;73;SEC_220
2010;630;35-49;72;90;162;SEC_630
2010;112;50-64;171;166;337;SEC_112
2010;608;50-64;77;58;135;SEC_608
2010;102;03-11;58;73;131;SEC_102
2010;239;35-49;143;152;295;SEC_239
2010;504;75 i +;76;62;138;SEC_504
2010;440;65-74;88;80;168;SEC_440
2010;223;25-34;119;121;240;SEC_223
2010;203;00-02;11;8;19;SEC_203
2010;236;03-11;43;40;83;SEC_236
2010;604;75 i +;33;23;56;SEC_604
2010;234;12-15;21;21;42;SEC_234
2010;213;35-49;121;125;246;SEC_213
2010;136;18-24;43;34;77;SEC_136
2010;309;35-49;128;136;264;SEC_309
2010;204;35-49;69;83;152;SEC_204
2010;228;75 i +;45;35;80;SEC_228
2010;131;50-64;175;158;333;SEC_131
2010;513;65-74;51;37;88;SEC_513
2010;437;00-02;20;17;37;SEC_437
2010;520;25-34;54;75;129;SEC_520
2010;240;75 i +;62;37;99;SEC_240
2010;404;03-11;54;53;107;SEC_404
2010;113;12-15;24;29;53;SEC_113
2010;301;35-49;340;336;676;SEC_301
2010;507;00-02;13;16;29;SEC_507
2010;632;12-15;20;19;39;SEC_632
2010;226;75 i +;83;47;130;SEC_226
2010;524;35-49;166;189;355;SEC_524
2010;201;12-15;9;17;26;SEC_201
2010;404;12-15;26;40;66;SEC_404
2010;211;75 i +;87;43;130;SEC_211
2010;314;65-74;78;87;165;SEC_314
2010;114;03-11;47;65;112;SEC_114
2010;128;75 i +;54;33;87;SEC_128
2010;434;25-34;49;49;98;SEC_434
2010;320;35-49;151;151;302;SEC_320
2010;420;75 i +;77;49;126;SEC_420
2010;208;00-02;14;15;29;SEC_208
2010;435;03-11;58;60;118;SEC_435
2010;222;25-34;85;108;193;SEC_222
2010;230;12-15;16;21;37;SEC_230
2010;211;18-24;55;52;107;SEC_211
2010;202;35-49;85;116;201;SEC_202
2010;214;35-49;133;137;270;SEC_214
2010;439;16-17;11;10;21;SEC_439
2010;207;25-34;69;81;150;SEC_207
2010;424;25-34;62;69;131;SEC_424
2010;503;35-49;84;58;142;SEC_503
2010;101;16-17;19;12;31;SEC_101
2010;310;35-49;106;112;218;SEC_310
2010;237;16-17;13;11;24;SEC_237
2010;430;03-11;40;46;86;SEC_430
2010;441;65-74;103;94;197;SEC_441
2010;120;03-11;62;96;158;SEC_120
2010;128;35-49;133;144;277;SEC_128
2010;412;12-15;27;24;51;SEC_412
2010;429;25-34;39;53;92;SEC_429
2010;429;75 i +;52;28;80;SEC_429
2010;304;65-74;78;54;132;SEC_304
2010;212;50-64;103;111;214;SEC_212
2010;538;75 i +;87;58;145;SEC_538
2010;233;00-02;29;15;44;SEC_233
2010;512;35-49;116;111;227;SEC_512
2010;225;16-17;2;2;4;SEC_225
2010;216;50-64;119;96;215;SEC_216
2010;523;18-24;62;54;116;SEC_523
2010;429;00-02;9;11;20;SEC_429
2010;240;25-34;72;81;153;SEC_240
2010;110;16-17;8;9;17;SEC_110
2010;223;00-02;19;19;38;SEC_223
2010;126;18-24;35;21;56;SEC_126
2010;211;50-64;85;78;163;SEC_211
2010;123;25-34;99;86;185;SEC_123
2010;227;35-49;91;93;184;SEC_227
2010;301;25-34;187;178;365;SEC_301
2010;511;12-15;18;11;29;SEC_511
2010;222;35-49;127;138;265;SEC_222
2010;133;25-34;73;71;144;SEC_133
2010;528;50-64;97;79;176;SEC_528
2010;417;50-64;54;41;95;SEC_417
2010;619;03-11;47;47;94;SEC_619
2010;504;35-49;108;124;232;SEC_504
2010;116;03-11;64;60;124;SEC_116
2010;531;03-11;38;34;72;SEC_531
2010;222;16-17;8;6;14;SEC_222
2010;246;03-11;49;58;107;SEC_246
2010;237;00-02;26;26;52;SEC_237
2010;214;00-02;14;13;27;SEC_214
2010;534;03-11;34;37;71;SEC_534
2010;115;75 i +;85;42;127;SEC_115
2010;511;25-34;55;66;121;SEC_511
2010;420;50-64;99;96;195;SEC_420
2010;101;65-74;58;49;107;SEC_101
2010;325;00-02;16;18;34;SEC_325
2010;212;18-24;55;56;111;SEC_212
2010;422;75 i +;84;49;133;SEC_422
2010;504;18-24;20;37;57;SEC_504
2010;109;65-74;50;48;98;SEC_109
2010;534;00-02;8;15;23;SEC_534
2010;248;50-64;98;90;188;SEC_248
2010;601;16-17;19;13;32;SEC_601
2010;434;35-49;72;77;149;SEC_434
2010;518;35-49;144;134;278;SEC_518
2010;609;75 i +;31;29;60;SEC_609
2010;613;03-11;45;49;94;SEC_613
2010;405;50-64;48;58;106;SEC_405
2010;234;65-74;48;33;81;SEC_234
2010;203;16-17;2;7;9;SEC_203
2010;123;00-02;22;17;39;SEC_123
2010;626;75 i +;55;43;98;SEC_626
2010;129;16-17;11;10;21;SEC_129
2010;632;25-34;59;75;134;SEC_632
2010;625;65-74;77;59;136;SEC_625
2010;321;25-34;179;145;324;SEC_321
2010;618;35-49;78;74;152;SEC_618
2010;403;00-02;22;17;39;SEC_403
2010;528;75 i +;61;42;103;SEC_528
2010;526;00-02;7;10;17;SEC_526
2010;607;16-17;9;14;23;SEC_607
2010;224;50-64;47;57;104;SEC_224
2010;411;25-34;83;67;150;SEC_411
2010;105;12-15;12;9;21;SEC_105
2010;602;03-11;20;18;38;SEC_602
2010;616;35-49;345;359;704;SEC_616
2010;621;50-64;183;165;348;SEC_621
2010;219;65-74;60;47;107;SEC_219
2010;208;03-11;50;56;106;SEC_208
2010;432;25-34;98;112;210;SEC_432
2010;215;65-74;43;22;65;SEC_215
2010;137;18-24;54;50;104;SEC_137
2010;103;35-49;97;99;196;SEC_103
2010;610;18-24;32;39;71;SEC_610
2010;223;50-64;92;98;190;SEC_223
2010;232;65-74;57;51;108;SEC_232
2010;412;03-11;68;44;112;SEC_412
2010;617;65-74;65;40;105;SEC_617
2010;632;65-74;64;48;112;SEC_632
2010;138;03-11;27;27;54;SEC_138
2010;532;16-17;16;9;25;SEC_532
2010;322;50-64;103;100;203;SEC_322
2010;325;35-49;202;171;373;SEC_325
2010;318;35-49;102;88;190;SEC_318
2010;618;03-11;37;37;74;SEC_618
2010;310;18-24;28;38;66;SEC_310
2010;309;18-24;36;33;69;SEC_309
2010;620;00-02;5;3;8;SEC_620
2010;245;50-64;82;77;159;SEC_245
2010;315;12-15;24;29;53;SEC_315
2010;219;03-11;59;46;105;SEC_219
2010;308;50-64;208;200;408;SEC_308
2010;140;75 i +;57;41;98;SEC_140
2010;203;25-34;99;120;219;SEC_203
2010;130;75 i +;90;65;155;SEC_130
2010;502;03-11;47;81;128;SEC_502
2010;124;12-15;11;13;24;SEC_124
2010;111;00-02;16;6;22;SEC_111
2010;307;65-74;92;86;178;SEC_307
2010;419;12-15;16;16;32;SEC_419
2010;512;65-74;66;52;118;SEC_512
2010;414;16-17;11;6;17;SEC_414
2010;201;75 i +;63;36;99;SEC_201
2010;530;35-49;190;183;373;SEC_530
2010;311;18-24;51;54;105;SEC_311
2010;620;25-34;37;37;74;SEC_620
2010;519;25-34;68;71;139;SEC_519
2010;324;16-17;7;9;16;SEC_324
2010;621;65-74;75;89;164;SEC_621
2010;101;03-11;115;111;226;SEC_101
2010;620;35-49;57;62;119;SEC_620
2010;239;50-64;88;75;163;SEC_239
2010;305;75 i +;99;55;154;SEC_305
2010;309;00-02;28;21;49;SEC_309
2010;429;35-49;65;74;139;SEC_429
2010;225;50-64;54;41;95;SEC_225
2010;412;16-17;17;18;35;SEC_412
2010;608;00-02;10;10;20;SEC_608
2010;518;75 i +;78;46;124;SEC_518
2010;219;35-49;190;154;344;SEC_219
2010;537;18-24;66;49;115;SEC_537
2010;619;18-24;30;47;77;SEC_619
2010;416;12-15;11;10;21;SEC_416
2010;511;65-74;44;25;69;SEC_511
2010;439;75 i +;54;43;97;SEC_439
2010;607;03-11;46;28;74;SEC_607
2010;106;12-15;23;26;49;SEC_106
2010;522;50-64;69;57;126;SEC_522
2010;234;16-17;13;7;20;SEC_234
2010;441;18-24;100;98;198;SEC_441
2010;231;03-11;57;67;124;SEC_231
2010;139;18-24;26;27;53;SEC_139
2010;536;35-49;105;117;222;SEC_536
2010;316;16-17;24;23;47;SEC_316
2010;140;16-17;4;8;12;SEC_140
2010;607;35-49;129;133;262;SEC_607
2010;517;75 i +;63;32;95;SEC_517
2010;410;65-74;120;88;208;SEC_410
2010;305;65-74;53;61;114;SEC_305
2010;206;75 i +;80;45;125;SEC_206
2010;308;00-02;32;20;52;SEC_308
2010;117;03-11;71;80;151;SEC_117
2010;425;25-34;73;99;172;SEC_425
2010;236;18-24;40;62;102;SEC_236
2010;622;35-49;99;94;193;SEC_622
2010;131;03-11;43;54;97;SEC_131
2010;621;03-11;48;67;115;SEC_621
2010;205;75 i +;84;52;136;SEC_205
2010;528;25-34;123;129;252;SEC_528
2010;523;35-49;185;180;365;SEC_523
2010;117;18-24;68;61;129;SEC_117
2010;243;35-49;197;181;378;SEC_243
2010;508;35-49;74;88;162;SEC_508
2010;306;35-49;186;206;392;SEC_306
2010;117;16-17;13;17;30;SEC_117
2010;317;75 i +;59;26;85;SEC_317
2010;513;12-15;10;12;22;SEC_513
2010;438;50-64;66;73;139;SEC_438
2010;221;12-15;19;18;37;SEC_221
2010;135;18-24;57;51;108;SEC_135
2010;404;00-02;26;27;53;SEC_404
2010;624;65-74;76;91;167;SEC_624
2010;526;16-17;9;10;19;SEC_526
2010;228;50-64;37;47;84;SEC_228
2010;242;35-49;115;133;248;SEC_242
2010;216;16-17;12;13;25;SEC_216
2010;432;03-11;48;38;86;SEC_432
2010;244;65-74;31;23;54;SEC_244
2010;436;75 i +;31;23;54;SEC_436
2010;323;16-17;30;27;57;SEC_323
2010;132;50-64;224;211;435;SEC_132
2010;111;75 i +;55;46;101;SEC_111
2010;219;75 i +;92;49;141;SEC_219
2010;234;03-11;29;47;76;SEC_234
2010;608;35-49;83;111;194;SEC_608
2010;439;03-11;57;54;111;SEC_439
2010;504;12-15;14;18;32;SEC_504
2010;235;35-49;200;217;417;SEC_235
2010;131;35-49;155;180;335;SEC_131
2010;132;35-49;217;276;493;SEC_132
2010;228;03-11;26;31;57;SEC_228
2010;248;35-49;186;180;366;SEC_248
2010;601;25-34;90;116;206;SEC_601
2010;241;16-17;8;7;15;SEC_241
2010;232;16-17;9;8;17;SEC_232
2010;410;16-17;12;14;26;SEC_410
2010;510;65-74;57;57;114;SEC_510
2010;521;16-17;3;6;9;SEC_521
2010;621;18-24;44;40;84;SEC_621
2010;525;18-24;44;40;84;SEC_525
2010;435;50-64;88;78;166;SEC_435
2010;401;00-02;20;24;44;SEC_401
2010;625;35-49;113;114;227;SEC_625
2010;621;12-15;26;28;54;SEC_621
2010;526;50-64;54;51;105;SEC_526
2010;221;50-64;86;82;168;SEC_221
2010;508;12-15;10;9;19;SEC_508
2010;605;00-02;12;13;25;SEC_605
2010;427;00-02;19;25;44;SEC_427
2010;527;00-02;26;27;53;SEC_527
2010;132;25-34;162;188;350;SEC_132
2010;405;00-02;14;14;28;SEC_405
2010;525;65-74;51;32;83;SEC_525
2010;210;12-15;15;9;24;SEC_210
2010;418;50-64;103;87;190;SEC_418
2010;133;65-74;45;34;79;SEC_133
2010;302;18-24;46;36;82;SEC_302
2010;113;35-49;170;180;350;SEC_113
2010;223;35-49;145;159;304;SEC_223
2010;208;18-24;53;42;95;SEC_208
2010;411;18-24;41;33;74;SEC_411
2010;420;25-34;142;151;293;SEC_420
2010;425;18-24;39;42;81;SEC_425
2010;113;16-17;13;15;28;SEC_113
2010;532;18-24;62;52;114;SEC_532
2010;509;12-15;18;25;43;SEC_509
2010;606;18-24;41;48;89;SEC_606
2010;519;00-02;4;7;11;SEC_519
2010;529;50-64;86;91;177;SEC_529
2010;204;16-17;6;6;12;SEC_204
2010;417;25-34;79;79;158;SEC_417
2010;304;50-64;127;123;250;SEC_304
2010;615;16-17;4;7;11;SEC_615
2010;224;03-11;25;25;50;SEC_224
2010;421;35-49;156;175;331;SEC_421
2010;227;00-02;11;16;27;SEC_227
2010;437;75 i +;48;34;82;SEC_437
2010;230;75 i +;55;25;80;SEC_230
2010;217;65-74;19;14;33;SEC_217
2010;117;00-02;23;25;48;SEC_117
2010;612;35-49;111;139;250;SEC_612
2010;516;65-74;35;22;57;SEC_516
2010;230;35-49;127;141;268;SEC_230
2010;438;35-49;104;113;217;SEC_438
2010;514;03-11;33;33;66;SEC_514
2010;308;18-24;62;71;133;SEC_308
2010;537;75 i +;80;49;129;SEC_537
2010;229;35-49;108;117;225;SEC_229
2010;317;00-02;20;23;43;SEC_317
2010;614;03-11;39;30;69;SEC_614
2010;120;00-02;20;24;44;SEC_120
2010;520;03-11;38;38;76;SEC_520
2010;530;03-11;54;64;118;SEC_530
2010;241;65-74;33;30;63;SEC_241
2010;310;16-17;9;9;18;SEC_310
2010;611;18-24;55;61;116;SEC_611
2010;626;16-17;7;6;13;SEC_626
2010;418;25-34;106;119;225;SEC_418
2010;218;65-74;39;33;72;SEC_218
2010;308;12-15;37;37;74;SEC_308
2010;136;00-02;19;20;39;SEC_136
2010;601;35-49;129;172;301;SEC_601
2010;312;25-34;171;179;350;SEC_312
2010;536;16-17;2;9;11;SEC_536
2010;616;75 i +;56;37;93;SEC_616
2010;226;18-24;52;51;103;SEC_226
2010;116;35-49;166;172;338;SEC_116
2010;237;50-64;101;107;208;SEC_237
2010;243;75 i +;102;70;172;SEC_243
2010;432;16-17;8;12;20;SEC_432
2010;615;12-15;12;14;26;SEC_615
2010;610;25-34;68;73;141;SEC_610
2010;308;75 i +;101;52;153;SEC_308
2010;604;65-74;48;34;82;SEC_604
2010;220;75 i +;56;36;92;SEC_220
2010;317;12-15;24;18;42;SEC_317
2010;233;12-15;14;18;32;SEC_233
2010;527;12-15;26;19;45;SEC_527
2010;227;25-34;72;57;129;SEC_227
2010;611;00-02;20;26;46;SEC_611
2010;111;03-11;23;39;62;SEC_111
2010;614;75 i +;51;36;87;SEC_614
2010;242;50-64;91;89;180;SEC_242
2010;325;18-24;45;51;96;SEC_325
2010;419;35-49;110;134;244;SEC_419
2010;232;12-15;14;14;28;SEC_232
2010;415;16-17;6;7;13;SEC_415
2010;205;12-15;15;18;33;SEC_205
2010;535;65-74;80;91;171;SEC_535
2010;206;12-15;15;21;36;SEC_206
2010;435;16-17;12;12;24;SEC_435
2010;535;00-02;6;14;20;SEC_535
2010;510;18-24;34;43;77;SEC_510
2010;135;12-15;23;19;42;SEC_135
2010;605;16-17;1;2;3;SEC_605
2010;622;25-34;56;68;124;SEC_622
2010;214;03-11;39;27;66;SEC_214
2010;107;12-15;18;28;46;SEC_107
2010;107;25-34;142;152;294;SEC_107
2010;313;03-11;89;90;179;SEC_313
2010;121;12-15;15;16;31;SEC_121
2010;114;75 i +;83;47;130;SEC_114
2010;127;65-74;37;29;66;SEC_127
2010;533;12-15;13;11;24;SEC_533
2010;516;00-02;17;16;33;SEC_516
2010;304;75 i +;102;51;153;SEC_304
2010;403;16-17;9;12;21;SEC_403
2010;439;35-49;145;169;314;SEC_439
2010;119;50-64;172;130;302;SEC_119
2010;433;00-02;28;29;57;SEC_433
2010;221;00-02;15;19;34;SEC_221
2010;241;75 i +;71;37;108;SEC_241
2010;519;35-49;84;119;203;SEC_519
2010;109;25-34;99;87;186;SEC_109
2010;425;75 i +;75;51;126;SEC_425
2010;114;16-17;11;11;22;SEC_114
2010;601;75 i +;55;50;105;SEC_601
2010;615;35-49;85;94;179;SEC_615
2010;611;50-64;115;94;209;SEC_611
2010;630;16-17;4;6;10;SEC_630
2010;422;50-64;78;85;163;SEC_422
2010;230;00-02;13;23;36;SEC_230
2010;529;03-11;56;62;118;SEC_529
2010;319;00-02;32;45;77;SEC_319
2010;522;65-74;29;23;52;SEC_522
2010;618;75 i +;22;16;38;SEC_618
2010;122;00-02;11;20;31;SEC_122
2010;120;12-15;30;38;68;SEC_120
2010;504;16-17;4;2;6;SEC_504
2010;601;00-02;21;26;47;SEC_601
2010;533;03-11;50;43;93;SEC_533
2010;224;25-34;63;70;133;SEC_224
2010;404;65-74;77;55;132;SEC_404
2010;407;25-34;90;99;189;SEC_407
2010;428;03-11;37;21;58;SEC_428
2010;125;18-24;70;52;122;SEC_125
2010;609;18-24;28;25;53;SEC_609
2010;242;65-74;75;63;138;SEC_242
2010;530;25-34;134;130;264;SEC_530
2010;127;12-15;9;11;20;SEC_127
2010;422;18-24;56;58;114;SEC_422
2010;114;50-64;163;119;282;SEC_114
2010;502;16-17;11;11;22;SEC_502
2010;618;18-24;19;23;42;SEC_618
2010;235;75 i +;86;57;143;SEC_235
2010;322;18-24;44;49;93;SEC_322
2010;233;65-74;58;30;88;SEC_233
2010;521;65-74;76;98;174;SEC_521
2010;622;12-15;10;20;30;SEC_622
2010;529;16-17;18;14;32;SEC_529
2010;225;65-74;27;16;43;SEC_225
2010;630;12-15;5;18;23;SEC_630
2010;605;25-34;54;61;115;SEC_605
2010;140;18-24;21;39;60;SEC_140
2010;517;16-17;12;11;23;SEC_517
2010;248;12-15;31;23;54;SEC_248
2010;530;50-64;88;85;173;SEC_530
2010;619;50-64;141;120;261;SEC_619
2010;442;75 i +;28;20;48;SEC_442
2010;318;75 i +;29;17;46;SEC_318
2010;613;65-74;119;124;243;SEC_613
2010;534;50-64;83;74;157;SEC_534
2010;524;16-17;14;19;33;SEC_524
2010;204;12-15;12;4;16;SEC_204
2010;533;16-17;5;11;16;SEC_533
2010;319;35-49;269;255;524;SEC_319
2010;313;25-34;148;149;297;SEC_313
2010;316;00-02;15;14;29;SEC_316
2010;201;35-49;119;134;253;SEC_201
2010;123;75 i +;89;65;154;SEC_123
2010;434;75 i +;62;25;87;SEC_434
2010;202;50-64;68;59;127;SEC_202
2010;538;25-34;90;119;209;SEC_538
2010;127;50-64;72;71;143;SEC_127
2010;432;65-74;71;66;137;SEC_432
2010;437;12-15;18;12;30;SEC_437
2010;411;12-15;14;18;32;SEC_411
2010;502;35-49;172;200;372;SEC_502
2010;242;16-17;6;2;8;SEC_242
2010;219;12-15;26;25;51;SEC_219
2010;215;18-24;46;44;90;SEC_215
2010;625;25-34;87;113;200;SEC_625
2010;625;18-24;51;58;109;SEC_625
2010;301;16-17;20;24;44;SEC_301
2010;221;35-49;134;139;273;SEC_221
2010;203;18-24;38;40;78;SEC_203
2010;501;00-02;12;15;27;SEC_501
2010;240;50-64;56;39;95;SEC_240
2010;249;18-24;41;47;88;SEC_249
2010;434;12-15;16;16;32;SEC_434
2010;246;16-17;13;8;21;SEC_246
2010;212;12-15;24;34;58;SEC_212
2010;323;12-15;60;60;120;SEC_323
2010;527;75 i +;56;32;88;SEC_527
2010;410;25-34;136;127;263;SEC_410
2010;440;12-15;16;14;30;SEC_440
2010;405;25-34;58;61;119;SEC_405
2010;111;35-49;99;98;197;SEC_111
2010;526;75 i +;36;21;57;SEC_526
2010;616;03-11;109;151;260;SEC_616
2010;401;16-17;12;7;19;SEC_401
2010;439;65-74;60;38;98;SEC_439
2010;244;35-49;111;125;236;SEC_244
2010;101;00-02;36;37;73;SEC_101
2010;312;50-64;152;149;301;SEC_312
2010;514;00-02;17;11;28;SEC_514
2010;439;18-24;47;60;107;SEC_439
2010;128;00-02;17;25;42;SEC_128
2010;210;03-11;26;27;53;SEC_210
2010;525;03-11;42;39;81;SEC_525
2010;236;12-15;20;19;39;SEC_236
2010;137;65-74;65;71;136;SEC_137
2010;139;16-17;7;7;14;SEC_139
2010;241;18-24;46;41;87;SEC_241
2010;404;25-34;117;105;222;SEC_404
2010;440;75 i +;58;48;106;SEC_440
2010;232;00-02;9;13;22;SEC_232
2010;215;03-11;35;38;73;SEC_215
2010;232;75 i +;73;43;116;SEC_232
2010;607;50-64;73;70;143;SEC_607
2010;423;00-02;18;19;37;SEC_423
2010;622;00-02;7;16;23;SEC_622
2010;427;12-15;23;17;40;SEC_427
2010;101;18-24;46;46;92;SEC_101
2010;503;65-74;40;42;82;SEC_503
2010;120;35-49;230;214;444;SEC_120
2010;522;75 i +;38;26;64;SEC_522
2010;427;16-17;10;11;21;SEC_427
2010;102;16-17;11;11;22;SEC_102
2010;506;50-64;237;190;427;SEC_506
2010;118;18-24;73;53;126;SEC_118
2010;236;50-64;92;71;163;SEC_236
2010;624;18-24;40;32;72;SEC_624
2010;226;25-34;113;120;233;SEC_226
2010;242;12-15;20;15;35;SEC_242
2010;424;03-11;19;34;53;SEC_424
2010;624;25-34;69;97;166;SEC_624
2010;603;75 i +;22;24;46;SEC_603
2010;321;00-02;17;19;36;SEC_321
2010;117;35-49;210;219;429;SEC_117
2010;503;03-11;28;23;51;SEC_503
2010;401;25-34;96;97;193;SEC_401
2010;506;35-49;182;179;361;SEC_506
2010;514;18-24;41;27;68;SEC_514
2010;511;18-24;22;28;50;SEC_511
2010;609;12-15;18;19;37;SEC_609
2010;103;50-64;63;59;122;SEC_103
2010;631;12-15;15;12;27;SEC_631
2010;324;65-74;38;34;72;SEC_324
2010;210;65-74;56;46;102;SEC_210
2010;617;16-17;3;8;11;SEC_617
2010;313;16-17;16;9;25;SEC_313
2010;245;35-49;146;158;304;SEC_245
2010;626;00-02;6;10;16;SEC_626
2010;603;25-34;42;57;99;SEC_603
2010;416;35-49;95;91;186;SEC_416
2010;514;75 i +;43;29;72;SEC_514
2010;322;12-15;29;30;59;SEC_322
2010;304;03-11;105;104;209;SEC_304
2010;325;16-17;16;15;31;SEC_325
2010;535;25-34;63;55;118;SEC_535
2010;422;35-49;123;144;267;SEC_422
2010;217;03-11;28;39;67;SEC_217
2010;228;12-15;6;15;21;SEC_228
2010;222;00-02;15;16;31;SEC_222
2010;320;03-11;66;58;124;SEC_320
2010;501;18-24;35;29;64;SEC_501
2010;511;00-02;12;10;22;SEC_511
2010;411;00-02;15;14;29;SEC_411
2010;101;25-34;129;111;240;SEC_101
2010;237;12-15;32;25;57;SEC_237
2010;228;35-49;89;98;187;SEC_228
2010;437;03-11;39;38;77;SEC_437
2010;613;18-24;30;30;60;SEC_613
2010;324;35-49;141;163;304;SEC_324
2010;233;03-11;32;43;75;SEC_233
2010;226;16-17;10;7;17;SEC_226
2010;105;03-11;42;55;97;SEC_105
2010;619;35-49;136;145;281;SEC_619
2010;305;16-17;23;15;38;SEC_305
2010;224;65-74;19;13;32;SEC_224
2010;106;18-24;63;72;135;SEC_106
2010;538;00-02;21;10;31;SEC_538
2010;605;75 i +;44;31;75;SEC_605
2010;519;12-15;11;11;22;SEC_519
2010;502;65-74;90;83;173;SEC_502
2010;513;18-24;29;25;54;SEC_513
2010;317;18-24;42;46;88;SEC_317
2010;231;00-02;18;21;39;SEC_231
2010;139;03-11;32;40;72;SEC_139
2010;627;00-02;11;12;23;SEC_627
2010;537;50-64;113;102;215;SEC_537
2010;238;50-64;71;65;136;SEC_238
2010;531;75 i +;47;31;78;SEC_531
2010;118;03-11;78;56;134;SEC_118
2010;134;65-74;57;52;109;SEC_134
2010;126;12-15;18;18;36;SEC_126
2010;442;03-11;30;28;58;SEC_442
2010;231;12-15;21;20;41;SEC_231
2010;426;16-17;11;17;28;SEC_426
2010;607;18-24;34;40;74;SEC_607
2010;228;18-24;42;39;81;SEC_228
2010;403;03-11;39;39;78;SEC_403
2010;317;35-49;141;157;298;SEC_317
2010;123;12-15;14;27;41;SEC_123
2010;418;03-11;61;53;114;SEC_418
2010;521;03-11;24;34;58;SEC_521
2010;230;65-74;32;24;56;SEC_230
2010;623;00-02;17;13;30;SEC_623
2010;414;75 i +;59;47;106;SEC_414
2010;245;65-74;49;32;81;SEC_245
2010;613;00-02;17;19;36;SEC_613
2010;119;16-17;8;9;17;SEC_119
2010;323;18-24;114;85;199;SEC_323
2010;247;65-74;61;60;121;SEC_247
2010;531;50-64;90;79;169;SEC_531
2010;305;18-24;88;70;158;SEC_305
2010;517;00-02;26;19;45;SEC_517
2010;527;16-17;13;6;19;SEC_527
2010;228;16-17;14;6;20;SEC_228
2010;213;18-24;38;33;71;SEC_213
2010;406;16-17;12;12;24;SEC_406
2010;415;03-11;33;46;79;SEC_415
2010;127;03-11;35;37;72;SEC_127
2010;224;18-24;29;20;49;SEC_224
2010;610;65-74;118;128;246;SEC_610
2010;614;35-49;107;112;219;SEC_614
2010;515;00-02;6;11;17;SEC_515
2010;427;75 i +;63;33;96;SEC_427
2010;442;35-49;75;82;157;SEC_442
2010;307;16-17;12;9;21;SEC_307
2010;138;35-49;89;62;151;SEC_138
2010;112;25-34;123;90;213;SEC_112
2010;246;65-74;38;35;73;SEC_246
2010;123;35-49;155;169;324;SEC_123
2010;323;00-02;32;56;88;SEC_323
2010;428;50-64;46;45;91;SEC_428
2010;103;12-15;16;13;29;SEC_103
2010;311;35-49;171;198;369;SEC_311
2010;538;18-24;46;47;93;SEC_538
2010;126;16-17;6;5;11;SEC_126
2010;243;00-02;24;27;51;SEC_243
2010;519;75 i +;37;26;63;SEC_519
2010;441;35-49;191;217;408;SEC_441
2010;240;65-74;34;34;68;SEC_240
2010;407;03-11;45;47;92;SEC_407
2010;243;12-15;18;27;45;SEC_243
2010;217;25-34;70;71;141;SEC_217
2010;431;16-17;19;20;39;SEC_431
2010;413;65-74;21;22;43;SEC_413
2010;413;16-17;15;8;23;SEC_413
2010;516;03-11;34;40;74;SEC_516
2010;140;12-15;12;22;34;SEC_140
2010;405;16-17;5;7;12;SEC_405
2010;119;25-34;92;88;180;SEC_119
2010;501;25-34;69;81;150;SEC_501
2010;312;16-17;15;7;22;SEC_312
2010;537;25-34;102;119;221;SEC_537
2010;408;16-17;5;10;15;SEC_408
2010;534;16-17;9;7;16;SEC_534
2010;131;25-34;107;125;232;SEC_131
2010;303;16-17;9;9;18;SEC_303
2010;315;75 i +;67;32;99;SEC_315
2010;428;18-24;28;24;52;SEC_428
2010;320;00-02;16;18;34;SEC_320
2010;104;75 i +;88;41;129;SEC_104
2010;630;75 i +;40;26;66;SEC_630
2010;103;00-02;10;15;25;SEC_103
2010;434;65-74;25;12;37;SEC_434
2010;126;65-74;79;86;165;SEC_126
2010;434;00-02;8;18;26;SEC_434
2010;421;18-24;39;49;88;SEC_421
2010;127;75 i +;45;28;73;SEC_127
2010;621;16-17;13;14;27;SEC_621
2010;417;16-17;6;7;13;SEC_417
2010;247;03-11;61;66;127;SEC_247
2010;139;50-64;84;92;176;SEC_139
2010;625;12-15;16;13;29;SEC_625
2010;519;65-74;36;21;57;SEC_519
2010;629;00-02;5;5;10;SEC_629
2010;311;00-02;22;23;45;SEC_311
2010;515;25-34;65;70;135;SEC_515
2010;234;00-02;14;22;36;SEC_234
2010;110;65-74;74;78;152;SEC_110
2010;610;12-15;20;26;46;SEC_610
2010;238;03-11;36;34;70;SEC_238
2010;318;03-11;28;37;65;SEC_318
2010;317;50-64;65;66;131;SEC_317
2010;218;16-17;13;4;17;SEC_218
2010;512;00-02;19;13;32;SEC_512
2010;509;25-34;75;91;166;SEC_509
2010;248;18-24;51;48;99;SEC_248
2010;420;03-11;66;83;149;SEC_420
2010;224;12-15;13;13;26;SEC_224
2010;528;03-11;54;57;111;SEC_528
2010;226;50-64;97;77;174;SEC_226
2010;523;50-64;96;102;198;SEC_523
2010;113;00-02;28;36;64;SEC_113
2010;609;16-17;5;7;12;SEC_609
2010;537;03-11;57;36;93;SEC_537
2010;416;18-24;33;31;64;SEC_416
2010;316;25-34;147;198;345;SEC_316
2010;118;00-02;19;31;50;SEC_118
2010;441;00-02;20;25;45;SEC_441
2010;612;12-15;12;20;32;SEC_612
2010;315;16-17;11;10;21;SEC_315
2010;127;25-34;61;59;120;SEC_127
2010;301;12-15;40;35;75;SEC_301
2010;537;65-74;79;75;154;SEC_537
2010;212;35-49;194;187;381;SEC_212
2010;521;00-02;15;12;27;SEC_521
2010;249;03-11;37;38;75;SEC_249
2010;116;16-17;15;7;22;SEC_116
2010;317;16-17;12;12;24;SEC_317
2010;626;65-74;66;49;115;SEC_626
2010;628;35-49;100;106;206;SEC_628
2010;304;35-49;258;261;519;SEC_304
2010;440;00-02;9;19;28;SEC_440
2010;422;00-02;12;20;32;SEC_422
2010;106;03-11;69;70;139;SEC_106
2010;229;65-74;41;28;69;SEC_229
2010;313;12-15;28;34;62;SEC_313
2010;213;25-34;80;119;199;SEC_213
2010;620;50-64;59;55;114;SEC_620
2010;435;12-15;15;19;34;SEC_435
2010;506;25-34;119;122;241;SEC_506
2010;442;65-74;35;31;66;SEC_442
2010;428;12-15;10;14;24;SEC_428
2010;507;75 i +;46;22;68;SEC_507
2010;425;03-11;27;37;64;SEC_425
2010;104;12-15;17;13;30;SEC_104
2010;426;25-34;100;122;222;SEC_426
2010;619;12-15;12;24;36;SEC_619
2010;219;25-34;101;116;217;SEC_219
2010;309;25-34;111;109;220;SEC_309
2010;246;25-34;136;116;252;SEC_246
2010;231;25-34;110;118;228;SEC_231
2010;323;65-74;85;105;190;SEC_323
2010;403;75 i +;86;59;145;SEC_403
2010;632;35-49;101;114;215;SEC_632
2010;521;18-24;31;25;56;SEC_521
2010;625;75 i +;43;29;72;SEC_625
2010;110;50-64;158;128;286;SEC_110
2010;434;18-24;30;34;64;SEC_434
2010;407;16-17;6;10;16;SEC_407
2010;407;18-24;40;39;79;SEC_407
2010;215;12-15;22;18;40;SEC_215
2010;423;03-11;45;36;81;SEC_423
2010;222;65-74;40;37;77;SEC_222
2010;516;12-15;12;22;34;SEC_516
2010;202;75 i +;46;28;74;SEC_202
2010;424;12-15;8;16;24;SEC_424
2010;317;65-74;32;31;63;SEC_317
2010;242;03-11;29;33;62;SEC_242
2010;428;35-49;72;81;153;SEC_428
2010;511;50-64;48;46;94;SEC_511
2010;226;12-15;13;17;30;SEC_226
2010;129;03-11;36;58;94;SEC_129
2010;616;18-24;119;133;252;SEC_616
2010;439;50-64;55;57;112;SEC_439
2010;231;18-24;40;35;75;SEC_231
2010;247;75 i +;72;46;118;SEC_247
2010;138;75 i +;37;27;64;SEC_138
2010;527;03-11;53;58;111;SEC_527
2010;218;25-34;56;89;145;SEC_218
2010;502;50-64;136;127;263;SEC_502
2010;140;03-11;32;39;71;SEC_140
2010;415;35-49;109;133;242;SEC_415
2010;211;35-49;169;191;360;SEC_211
2010;427;25-34;106;116;222;SEC_427
2010;121;75 i +;89;47;136;SEC_121
2010;534;65-74;56;50;106;SEC_534
2010;302;65-74;66;73;139;SEC_302
2010;126;50-64;94;75;169;SEC_126
2010;535;35-49;93;99;192;SEC_535
2010;418;65-74;75;63;138;SEC_418
2010;622;16-17;7;9;16;SEC_622
2010;316;03-11;45;59;104;SEC_316
2010;525;35-49;102;121;223;SEC_525
2010;427;65-74;41;25;66;SEC_427
2010;232;18-24;44;38;82;SEC_232
2010;622;50-64;98;86;184;SEC_622
2010;428;25-34;67;71;138;SEC_428
2010;324;25-34;104;114;218;SEC_324
2010;538;16-17;10;8;18;SEC_538
2010;104;35-49;103;133;236;SEC_104
2010;533;00-02;16;20;36;SEC_533
2010;104;03-11;40;33;73;SEC_104
2010;529;65-74;68;51;119;SEC_529
2010;113;18-24;67;74;141;SEC_113
2010;606;16-17;14;6;20;SEC_606
2010;517;03-11;57;69;126;SEC_517
2010;617;00-02;14;19;33;SEC_617
2010;133;18-24;27;30;57;SEC_133
2010;322;75 i +;65;44;109;SEC_322
2010;613;35-49;146;161;307;SEC_613
2010;201;50-64;71;53;124;SEC_201
2010;535;75 i +;42;36;78;SEC_535
2010;523;16-17;9;10;19;SEC_523
2010;208;25-34;127;135;262;SEC_208
2010;621;25-34;119;139;258;SEC_621
2010;409;00-02;12;11;23;SEC_409
2010;418;00-02;26;12;38;SEC_418
2010;508;18-24;28;27;55;SEC_508
2010;413;50-64;38;45;83;SEC_413
2010;122;18-24;33;17;50;SEC_122
2010;412;18-24;48;61;109;SEC_412
2010;608;12-15;8;12;20;SEC_608
2010;111;50-64;103;65;168;SEC_111
2010;421;25-34;105;110;215;SEC_421
2010;126;03-11;40;41;81;SEC_126
2010;106;65-74;63;74;137;SEC_106
2010;433;12-15;22;26;48;SEC_433
2010;324;03-11;58;55;113;SEC_324
2010;415;65-74;24;29;53;SEC_415
2010;311;16-17;8;10;18;SEC_311
2010;512;12-15;21;16;37;SEC_512
2010;617;03-11;33;37;70;SEC_617
2010;125;35-49;218;227;445;SEC_125
2010;320;18-24;26;30;56;SEC_320
2010;304;18-24;83;66;149;SEC_304
2010;314;25-34;217;224;441;SEC_314
2010;506;03-11;59;79;138;SEC_506
2010;209;50-64;83;77;160;SEC_209
2010;210;16-17;4;3;7;SEC_210
2010;433;25-34;119;144;263;SEC_433
2010;626;03-11;32;39;71;SEC_626
2010;626;35-49;103;104;207;SEC_626
2010;231;16-17;7;11;18;SEC_231
2010;430;75 i +;54;30;84;SEC_430
2010;121;50-64;44;47;91;SEC_121
2010;108;75 i +;116;73;189;SEC_108
2010;216;03-11;53;41;94;SEC_216
2010;401;75 i +;94;45;139;SEC_401
2010;422;25-34;100;126;226;SEC_422
2010;207;12-15;9;10;19;SEC_207
2010;442;00-02;8;10;18;SEC_442
2010;436;35-49;120;162;282;SEC_436
2010;122;35-49;111;108;219;SEC_122
2010;431;25-34;146;190;336;SEC_431
2010;104;25-34;60;62;122;SEC_104
2010;532;03-11;66;59;125;SEC_532
2010;108;35-49;207;172;379;SEC_108
2010;115;50-64;135;128;263;SEC_115
2010;503;25-34;72;70;142;SEC_503
2010;428;00-02;17;11;28;SEC_428
2010;247;50-64;104;90;194;SEC_247
2010;306;12-15;28;34;62;SEC_306
2010;423;16-17;13;8;21;SEC_423
2010;511;35-49;98;100;198;SEC_511
2010;410;03-11;57;78;135;SEC_410
2010;435;25-34;119;131;250;SEC_435
2010;515;18-24;30;37;67;SEC_515
2010;623;75 i +;61;33;94;SEC_623
2010;238;25-34;73;93;166;SEC_238
2010;314;03-11;80;93;173;SEC_314
2010;108;50-64;137;125;262;SEC_108
2010;321;50-64;306;277;583;SEC_321
2010;123;18-24;43;36;79;SEC_123
2010;537;00-02;14;13;27;SEC_537
2010;137;16-17;16;14;30;SEC_137
2010;127;18-24;39;35;74;SEC_127
2010;220;03-11;42;34;76;SEC_220
2010;325;25-34;117;144;261;SEC_325
2010;428;75 i +;36;24;60;SEC_428
2010;116;65-74;96;88;184;SEC_116
2010;529;12-15;22;20;42;SEC_529
2010;611;03-11;86;92;178;SEC_611
2010;133;00-02;13;11;24;SEC_133
2010;437;16-17;9;15;24;SEC_437
2010;226;03-11;44;32;76;SEC_226
2010;421;00-02;14;21;35;SEC_421
2010;304;25-34;260;243;503;SEC_304
2010;614;65-74;72;76;148;SEC_614
2010;419;25-34;71;79;150;SEC_419
2010;414;65-74;48;47;95;SEC_414
2010;227;12-15;15;15;30;SEC_227
2010;128;03-11;31;40;71;SEC_128
2010;441;50-64;246;221;467;SEC_441
2010;102;50-64;163;142;305;SEC_102
2010;429;16-17;2;8;10;SEC_429
2010;248;00-02;15;23;38;SEC_248
2010;319;75 i +;50;30;80;SEC_319
2010;414;50-64;71;57;128;SEC_414
2010;408;18-24;38;34;72;SEC_408
2010;201;18-24;23;39;62;SEC_201
2010;140;65-74;62;56;118;SEC_140
2010;205;03-11;29;36;65;SEC_205
2010;239;25-34;110;132;242;SEC_239
2010;513;00-02;22;10;32;SEC_513
