AnyPadro,CodiDistricte,Districte,CodiBarri,Barri,Seccio,GrupEdat,Dones,Homes,Total
1996,3,Districte III,6,Santa Eulàlia,322,03-11,45,48,93
1995,1,Districte I,1,Centre,111,35-49,119,102,221
2003,2,Districte II,5,Collblanc,212,50-64,125,115,240
1999,4,Districte IV,8,les Planes,438,18-24,39,38,77
1998,4,Districte IV,7,la Florida,423,00-02,6,10,16
2010,5,Districte V,10,Pubilla Cases,518,25-34,91,106,197
2014,4,Districte IV,7,la Florida,406,75 i +,79,63,142
2006,6,Districte VI,11,el Gornal,632,03-11,52,42,94
2009,6,Districte VI,12,Bellvitge,602,65-74,58,62,120
2016,6,Districte VI,12,Bellvitge,611,12-15,42,29,71
2014,2,Districte II,4,la Torrassa,211,75 i +,82,35,117
2014,3,Districte III,6,Santa Eulàlia,306,35-49,195,194,389
1999,1,Districte I,1,Centre,130,65-74,82,73,155
2001,2,Districte II,4,la Torrassa,240,00-02,7,11,18
1998,3,Districte III,6,Santa Eulàlia,315,65-74,51,33,84
2012,4,Districte IV,8,les Planes,401,75 i +,93,44,137
2012,2,Districte II,4,la Torrassa,242,75 i +,94,64,158
2012,5,Districte V,10,Pubilla Cases,529,03-11,63,52,115
2009,5,Districte V,10,Pubilla Cases,516,00-02,19,12,31
1996,4,Districte IV,8,les Planes,434,16-17,12,7,19
2000,5,Districte V,10,Pubilla Cases,520,25-34,76,69,145
2005,1,Districte I,3,Sant Josep,117,75 i +,63,37,100
1999,2,Districte II,4,la Torrassa,240,03-11,15,24,39
2004,4,Districte IV,7,la Florida,424,00-02,4,10,14
2012,2,Districte II,4,la Torrassa,233,75 i +,56,38,94
1999,1,Districte I,1,Centre,109,75 i +,46,23,69
2013,3,Districte III,6,Santa Eulàlia,310,00-02,17,11,28
2005,6,Districte VI,12,Bellvitge,609,00-02,12,9,21
2009,4,Districte IV,7,la Florida,408,00-02,27,14,41
2006,5,Districte V,10,Pubilla Cases,519,18-24,41,26,67
2003,1,Districte I,1,Centre,107,75 i +,73,29,102
2002,1,Districte I,1,Centre,135,35-49,185,172,357
1998,5,Districte V,10,Pubilla Cases,522,00-02,5,5,10
2013,1,Districte I,1,Centre,109,00-02,14,20,34
2015,1,Districte I,1,Centre,113,25-34,100,102,202
1997,3,Districte III,6,Santa Eulàlia,306,00-02,19,14,33
1995,1,Districte I,1,Centre,105,18-24,76,78,154
2011,6,Districte VI,12,Bellvitge,621,25-34,101,123,224
2009,6,Districte VI,12,Bellvitge,605,12-15,4,7,11
2014,1,Districte I,3,Sant Josep,127,00-02,20,8,28
2006,4,Districte IV,7,la Florida,416,75 i +,52,33,85
2015,2,Districte II,4,la Torrassa,217,12-15,16,28,44
2012,6,Districte VI,12,Bellvitge,623,12-15,19,27,46
2001,3,Districte III,6,Santa Eulàlia,314,03-11,80,109,189
2001,4,Districte IV,8,les Planes,433,50-64,71,73,144
2012,4,Districte IV,8,les Planes,435,65-74,35,25,60
2014,2,Districte II,5,Collblanc,210,18-24,27,25,52
1995,6,Districte VI,11,el Gornal,629,18-24,49,61,110
2007,1,Districte I,1,Centre,108,25-34,115,117,232
1996,4,Districte IV,8,les Planes,442,25-34,56,49,105
2005,2,Districte II,5,Collblanc,244,00-02,6,5,11
1999,2,Districte II,5,Collblanc,207,50-64,59,48,107
1995,1,Districte I,1,Centre,102,12-15,38,36,74
2008,6,Districte VI,11,el Gornal,626,18-24,34,25,59
2006,5,Districte V,10,Pubilla Cases,516,00-02,13,11,24
2002,4,Districte IV,8,les Planes,419,50-64,69,71,140
2011,2,Districte II,5,Collblanc,214,65-74,45,27,72
1997,4,Districte IV,8,les Planes,418,25-34,83,104,187
2006,4,Districte IV,7,la Florida,428,16-17,8,6,14
2013,1,Districte I,3,Sant Josep,106,12-15,21,21,42
2010,4,Districte IV,7,la Florida,407,00-02,17,28,45
1994,3,Districte III,6,Santa Eulàlia,303,18-24,150,155,305
2000,4,Districte IV,7,la Florida,409,12-15,8,10,18
2012,1,Districte I,1,Centre,102,75 i +,103,69,172
1994,1,Districte I,3,Sant Josep,120,75 i +,31,18,49
2001,2,Districte II,5,Collblanc,244,16-17,2,3,5
2010,4,Districte IV,7,la Florida,430,65-74,50,44,94
1996,1,Districte I,3,Sant Josep,115,18-24,70,119,189
2000,2,Districte II,4,la Torrassa,236,50-64,110,91,201
2004,1,Districte I,3,Sant Josep,120,18-24,72,81,153
1996,1,Districte I,1,Centre,102,03-11,53,58,111
2010,5,Districte V,10,Pubilla Cases,508,00-02,10,8,18
2002,6,Districte VI,12,Bellvitge,601,12-15,14,23,37
2011,6,Districte VI,12,Bellvitge,621,16-17,16,13,29
1996,4,Districte IV,8,les Planes,418,18-24,68,58,126
2009,1,Districte I,3,Sant Josep,125,35-49,207,237,444
2007,3,Districte III,6,Santa Eulàlia,309,18-24,27,29,56
2013,2,Districte II,5,Collblanc,204,75 i +,114,56,170
2014,2,Districte II,4,la Torrassa,238,50-64,66,63,129
2014,4,Districte IV,7,la Florida,409,16-17,12,18,30
2000,4,Districte IV,7,la Florida,427,18-24,54,43,97
1998,2,Districte II,4,la Torrassa,242,75 i +,48,46,94
2004,1,Districte I,3,Sant Josep,125,16-17,10,14,24
1999,4,Districte IV,7,la Florida,430,03-11,25,39,64
2013,1,Districte I,3,Sant Josep,127,35-49,101,100,201
2011,1,Districte I,1,Centre,111,65-74,66,49,115
2006,3,Districte III,6,Santa Eulàlia,322,25-34,161,166,327
1996,5,Districte V,10,Pubilla Cases,529,00-02,4,9,13
2016,5,Districte V,10,Pubilla Cases,531,12-15,19,14,33
2015,2,Districte II,5,Collblanc,216,50-64,110,100,210
1996,3,Districte III,6,Santa Eulàlia,302,65-74,47,44,91
2001,4,Districte IV,8,les Planes,429,75 i +,33,21,54
1998,2,Districte II,4,la Torrassa,243,35-49,137,125,262
1997,4,Districte IV,8,les Planes,439,25-34,102,103,205
2011,1,Districte I,3,Sant Josep,139,18-24,27,29,56
2008,1,Districte I,1,Centre,101,00-02,52,54,106
2013,1,Districte I,3,Sant Josep,119,65-74,101,97,198
2011,5,Districte V,10,Pubilla Cases,527,16-17,10,5,15
2005,2,Districte II,4,la Torrassa,246,18-24,56,43,99
2011,2,Districte II,5,Collblanc,226,25-34,104,116,220
2006,1,Districte I,3,Sant Josep,140,35-49,107,115,222
2005,6,Districte VI,12,Bellvitge,613,35-49,100,108,208
2005,4,Districte IV,8,les Planes,439,18-24,58,64,122
2012,3,Districte III,6,Santa Eulàlia,317,75 i +,58,19,77
2009,1,Districte I,1,Centre,110,35-49,119,102,221
2001,5,Districte V,9,Can Serra,506,25-34,152,182,334
2000,5,Districte V,9,Can Serra,535,12-15,32,28,60
1995,2,Districte II,5,Collblanc,244,18-24,31,24,55
1999,2,Districte II,5,Collblanc,208,25-34,120,145,265
2010,2,Districte II,5,Collblanc,203,35-49,113,115,228
1998,2,Districte II,4,la Torrassa,211,65-74,96,76,172
1995,4,Districte IV,7,la Florida,426,16-17,17,18,35
2012,4,Districte IV,7,la Florida,425,65-74,44,43,87
1998,5,Districte V,10,Pubilla Cases,528,00-02,10,11,21
1996,5,Districte V,10,Pubilla Cases,514,65-74,33,34,67
2012,5,Districte V,10,Pubilla Cases,509,12-15,20,20,40
1997,4,Districte IV,7,la Florida,424,03-11,16,11,27
2001,2,Districte II,5,Collblanc,213,25-34,73,84,157
1996,1,Districte I,3,Sant Josep,114,03-11,62,42,104
2015,5,Districte V,10,Pubilla Cases,528,16-17,13,8,21
1995,4,Districte IV,7,la Florida,408,25-34,82,93,175
2007,4,Districte IV,7,la Florida,409,12-15,10,11,21
1995,5,Districte V,9,Can Serra,503,65-74,23,19,42
1995,3,Districte III,6,Santa Eulàlia,314,03-11,123,164,287
2012,1,Districte I,1,Centre,131,50-64,165,143,308
1995,1,Districte I,3,Sant Josep,136,18-24,52,70,122
1998,4,Districte IV,7,la Florida,426,00-02,10,10,20
2014,5,Districte V,9,Can Serra,507,03-11,38,39,77
2008,5,Districte V,10,Pubilla Cases,517,50-64,89,79,168
2013,1,Districte I,2,Sanfeliu,129,12-15,13,28,41
1996,2,Districte II,4,la Torrassa,217,16-17,4,7,11
2003,5,Districte V,10,Pubilla Cases,509,12-15,8,12,20
2005,5,Districte V,10,Pubilla Cases,530,18-24,58,67,125
1995,3,Districte III,6,Santa Eulàlia,315,18-24,93,78,171
1997,2,Districte II,4,la Torrassa,231,25-34,96,81,177
2009,3,Districte III,6,Santa Eulàlia,311,50-64,115,95,210
2008,4,Districte IV,7,la Florida,414,03-11,40,37,77
2000,3,Districte III,6,Santa Eulàlia,313,25-34,151,143,294
1997,2,Districte II,5,Collblanc,224,16-17,8,6,14
1994,6,Districte VI,11,el Gornal,608,25-34,78,89,167
2004,1,Districte I,3,Sant Josep,119,12-15,17,23,40
1997,2,Districte II,5,Collblanc,206,03-11,30,28,58
2010,3,Districte III,6,Santa Eulàlia,310,00-02,14,14,28
2013,2,Districte II,4,la Torrassa,231,35-49,157,185,342
2011,5,Districte V,10,Pubilla Cases,524,35-49,157,190,347
2000,4,Districte IV,8,les Planes,437,25-34,65,87,152
1996,5,Districte V,9,Can Serra,503,25-34,70,54,124
2012,2,Districte II,5,Collblanc,209,12-15,16,13,29
1994,1,Districte I,1,Centre,112,50-64,118,105,223
2011,1,Districte I,1,Centre,107,03-11,71,81,152
1999,1,Districte I,3,Sant Josep,121,50-64,61,42,103
1994,4,Districte IV,8,les Planes,435,03-11,42,56,98
2007,2,Districte II,4,la Torrassa,217,35-49,81,106,187
2010,1,Districte I,3,Sant Josep,140,50-64,81,76,157
1995,2,Districte II,5,Collblanc,221,35-49,98,103,201
2010,3,Districte III,6,Santa Eulàlia,307,12-15,14,15,29
2002,4,Districte IV,7,la Florida,423,75 i +,51,27,78
2014,3,Districte III,6,Santa Eulàlia,319,03-11,95,112,207
2014,5,Districte V,10,Pubilla Cases,533,25-34,142,148,290
2005,3,Districte III,6,Santa Eulàlia,316,00-02,16,14,30
2004,1,Districte I,1,Centre,101,16-17,20,10,30
2014,3,Districte III,6,Santa Eulàlia,323,25-34,99,116,215
1995,2,Districte II,4,la Torrassa,246,50-64,110,102,212
2009,6,Districte VI,12,Bellvitge,619,50-64,140,124,264
2002,4,Districte IV,7,la Florida,430,12-15,9,16,25
2009,6,Districte VI,12,Bellvitge,612,18-24,27,32,59
2012,5,Districte V,10,Pubilla Cases,526,16-17,3,5,8
2005,3,Districte III,6,Santa Eulàlia,306,16-17,16,11,27
1999,5,Districte V,10,Pubilla Cases,515,75 i +,26,13,39
2016,4,Districte IV,7,la Florida,410,35-49,171,161,332
2008,3,Districte III,6,Santa Eulàlia,319,75 i +,44,29,73
1994,6,Districte VI,12,Bellvitge,631,03-11,51,35,86
2000,5,Districte V,10,Pubilla Cases,511,75 i +,41,15,56
2008,2,Districte II,4,la Torrassa,229,18-24,34,40,74
1996,4,Districte IV,8,les Planes,433,35-49,81,81,162
1998,3,Districte III,6,Santa Eulàlia,302,16-17,17,20,37
2010,2,Districte II,4,la Torrassa,243,25-34,125,114,239
2009,5,Districte V,10,Pubilla Cases,534,16-17,13,9,22
2003,2,Districte II,5,Collblanc,214,65-74,40,36,76
2008,6,Districte VI,12,Bellvitge,625,16-17,11,11,22
1997,1,Districte I,1,Centre,103,75 i +,43,24,67
2009,4,Districte IV,7,la Florida,430,25-34,115,133,248
2009,4,Districte IV,7,la Florida,428,03-11,35,23,58
2005,4,Districte IV,7,la Florida,426,50-64,75,65,140
2000,5,Districte V,10,Pubilla Cases,511,35-49,49,56,105
2007,1,Districte I,1,Centre,111,03-11,22,38,60
1995,3,Districte III,6,Santa Eulàlia,304,65-74,100,72,172
2000,6,Districte VI,11,el Gornal,626,35-49,105,102,207
2000,4,Districte IV,7,la Florida,417,25-34,56,57,113
1998,5,Districte V,9,Can Serra,506,75 i +,56,30,86
2002,1,Districte I,1,Centre,110,50-64,171,166,337
1997,3,Districte III,6,Santa Eulàlia,324,00-02,12,10,22
2009,2,Districte II,5,Collblanc,214,03-11,45,25,70
1996,3,Districte III,6,Santa Eulàlia,305,00-02,15,14,29
2010,1,Districte I,3,Sant Josep,115,03-11,41,51,92
2016,3,Districte III,6,Santa Eulàlia,313,03-11,78,81,159
2001,5,Districte V,10,Pubilla Cases,509,75 i +,39,17,56
2011,1,Districte I,3,Sant Josep,120,00-02,22,26,48
2009,6,Districte VI,11,el Gornal,632,16-17,4,9,13
1996,4,Districte IV,8,les Planes,433,03-11,46,27,73
2004,3,Districte III,6,Santa Eulàlia,304,50-64,116,97,213
2006,1,Districte I,1,Centre,134,25-34,99,115,214
1996,6,Districte VI,12,Bellvitge,610,03-11,36,42,78
1996,4,Districte IV,7,la Florida,408,00-02,9,7,16
2008,3,Districte III,6,Santa Eulàlia,308,25-34,151,151,302
1995,1,Districte I,1,Centre,133,00-02,6,10,16
2010,3,Districte III,6,Santa Eulàlia,307,25-34,107,102,209
2009,1,Districte I,3,Sant Josep,138,65-74,43,40,83
1997,1,Districte I,3,Sant Josep,106,18-24,129,171,300
2014,4,Districte IV,7,la Florida,409,35-49,216,232,448
2011,2,Districte II,4,la Torrassa,238,50-64,68,68,136
2002,1,Districte I,3,Sant Josep,139,16-17,6,7,13
2015,1,Districte I,1,Centre,112,18-24,57,60,117
2005,4,Districte IV,7,la Florida,426,12-15,15,18,33
2002,5,Districte V,10,Pubilla Cases,520,75 i +,43,32,75
2003,2,Districte II,5,Collblanc,222,25-34,87,112,199
2003,2,Districte II,5,Collblanc,227,65-74,45,38,83
2008,5,Districte V,10,Pubilla Cases,531,50-64,89,78,167
2001,4,Districte IV,8,les Planes,441,16-17,34,28,62
1997,5,Districte V,10,Pubilla Cases,527,03-11,39,28,67
2007,5,Districte V,10,Pubilla Cases,508,50-64,35,41,76
2006,2,Districte II,5,Collblanc,221,75 i +,50,39,89
2011,4,Districte IV,7,la Florida,408,18-24,33,37,70
2008,6,Districte VI,11,el Gornal,608,25-34,55,67,122
2006,3,Districte III,6,Santa Eulàlia,307,03-11,31,31,62
2011,2,Districte II,4,la Torrassa,236,00-02,12,17,29
1998,6,Districte VI,12,Bellvitge,630,50-64,93,104,197
1994,6,Districte VI,11,el Gornal,608,18-24,87,120,207
2001,5,Districte V,10,Pubilla Cases,536,35-49,82,88,170
2008,5,Districte V,10,Pubilla Cases,531,65-74,52,47,99
2013,4,Districte IV,7,la Florida,407,00-02,14,15,29
1997,1,Districte I,3,Sant Josep,106,00-02,16,14,30
2004,1,Districte I,1,Centre,131,18-24,72,61,133
2003,4,Districte IV,7,la Florida,407,35-49,109,103,212
2013,3,Districte III,6,Santa Eulàlia,316,00-02,21,19,40
2011,5,Districte V,10,Pubilla Cases,527,65-74,46,29,75
2004,1,Districte I,1,Centre,110,18-24,57,53,110
2015,4,Districte IV,7,la Florida,403,16-17,8,10,18
2004,6,Districte VI,11,el Gornal,629,12-15,9,8,17
2001,1,Districte I,3,Sant Josep,140,03-11,13,16,29
1994,1,Districte I,1,Centre,123,18-24,74,61,135
1996,5,Districte V,9,Can Serra,502,75 i +,50,24,74
2008,6,Districte VI,11,el Gornal,622,12-15,11,17,28
2004,3,Districte III,6,Santa Eulàlia,303,18-24,47,47,94
2004,2,Districte II,4,la Torrassa,211,65-74,80,44,124
2007,5,Districte V,10,Pubilla Cases,534,12-15,14,15,29
2009,4,Districte IV,8,les Planes,439,75 i +,52,42,94
2008,4,Districte IV,7,la Florida,414,50-64,71,62,133
2005,2,Districte II,5,Collblanc,220,75 i +,50,37,87
1996,5,Districte V,10,Pubilla Cases,538,50-64,163,129,292
2002,4,Districte IV,7,la Florida,410,35-49,141,162,303
2004,4,Districte IV,7,la Florida,409,00-02,7,7,14
2002,3,Districte III,6,Santa Eulàlia,302,25-34,147,173,320
2003,6,Districte VI,12,Bellvitge,623,12-15,15,22,37
2014,6,Districte VI,12,Bellvitge,612,18-24,26,36,62
2014,3,Districte III,13,Granvia Sud,312,75 i +,85,50,135
2003,5,Districte V,10,Pubilla Cases,528,18-24,52,65,117
1997,4,Districte IV,7,la Florida,416,16-17,11,6,17
2001,5,Districte V,10,Pubilla Cases,526,50-64,55,57,112
2000,4,Districte IV,7,la Florida,424,12-15,10,8,18
2015,5,Districte V,9,Can Serra,501,50-64,117,81,198
2014,2,Districte II,5,Collblanc,205,18-24,30,43,73
1999,6,Districte VI,12,Bellvitge,612,03-11,35,36,71
1998,2,Districte II,5,Collblanc,219,65-74,76,64,140
1997,1,Districte I,1,Centre,105,00-02,10,18,28
2006,6,Districte VI,12,Bellvitge,624,50-64,159,129,288
2011,5,Districte V,10,Pubilla Cases,508,18-24,30,23,53
2008,3,Districte III,6,Santa Eulàlia,316,16-17,19,25,44
2007,3,Districte III,6,Santa Eulàlia,307,12-15,13,17,30
2002,1,Districte I,3,Sant Josep,139,35-49,80,99,179
1996,3,Districte III,6,Santa Eulàlia,302,25-34,131,135,266
2007,2,Districte II,4,la Torrassa,241,00-02,7,12,19
1996,5,Districte V,10,Pubilla Cases,514,75 i +,29,15,44
2005,5,Districte V,10,Pubilla Cases,525,16-17,11,7,18
2009,5,Districte V,10,Pubilla Cases,511,50-64,50,45,95
2011,4,Districte IV,7,la Florida,406,18-24,61,48,109
2012,6,Districte VI,12,Bellvitge,614,50-64,98,74,172
1995,4,Districte IV,7,la Florida,421,18-24,83,74,157
2003,4,Districte IV,8,les Planes,434,03-11,25,21,46
1997,2,Districte II,4,la Torrassa,246,35-49,91,85,176
2006,4,Districte IV,7,la Florida,425,18-24,35,39,74
2006,2,Districte II,5,Collblanc,216,25-34,110,123,233
2014,1,Districte I,1,Centre,110,35-49,118,112,230
2013,1,Districte I,1,Centre,105,00-02,17,22,39
2009,2,Districte II,5,Collblanc,219,18-24,58,52,110
2000,2,Districte II,4,la Torrassa,248,16-17,13,11,24
2001,2,Districte II,4,la Torrassa,230,25-34,75,76,151
1997,4,Districte IV,7,la Florida,415,12-15,14,13,27
2001,3,Districte III,6,Santa Eulàlia,304,75 i +,91,38,129
1994,5,Districte V,9,Can Serra,504,03-11,40,39,79
2013,6,Districte VI,12,Bellvitge,618,00-02,15,7,22
2016,1,Districte I,3,Sant Josep,106,50-64,225,165,390
2012,5,Districte V,9,Can Serra,505,35-49,133,137,270
2010,2,Districte II,5,Collblanc,205,35-49,116,114,230
2012,1,Districte I,3,Sant Josep,137,18-24,51,52,103
1996,5,Districte V,9,Can Serra,501,18-24,129,143,272
2006,3,Districte III,6,Santa Eulàlia,312,25-34,157,156,313
2012,5,Districte V,10,Pubilla Cases,508,12-15,7,8,15
2000,4,Districte IV,7,la Florida,403,16-17,13,9,22
2013,4,Districte IV,8,les Planes,420,18-24,84,69,153
1998,4,Districte IV,7,la Florida,404,75 i +,55,30,85
2007,6,Districte VI,12,Bellvitge,607,16-17,8,4,12
2013,4,Districte IV,7,la Florida,421,50-64,80,73,153
2007,5,Districte V,9,Can Serra,506,35-49,178,179,357
2003,1,Districte I,1,Centre,101,12-15,22,22,44
2012,6,Districte VI,12,Bellvitge,619,35-49,125,133,258
2009,4,Districte IV,8,les Planes,437,65-74,45,31,76
2007,4,Districte IV,8,les Planes,419,18-24,55,48,103
2012,2,Districte II,5,Collblanc,227,03-11,29,19,48
2007,1,Districte I,1,Centre,105,65-74,36,38,74
2001,5,Districte V,10,Pubilla Cases,518,25-34,93,100,193
2006,1,Districte I,3,Sant Josep,126,16-17,3,4,7
1994,3,Districte III,6,Santa Eulàlia,307,18-24,106,92,198
2001,2,Districte II,4,la Torrassa,228,12-15,11,9,20
2008,3,Districte III,6,Santa Eulàlia,302,50-64,172,157,329
1998,3,Districte III,6,Santa Eulàlia,320,65-74,24,11,35
2016,4,Districte IV,7,la Florida,422,25-34,89,89,178
2005,1,Districte I,1,Centre,103,25-34,66,78,144
2008,6,Districte VI,12,Bellvitge,610,03-11,49,48,97
1999,1,Districte I,3,Sant Josep,126,16-17,10,7,17
2008,2,Districte II,5,Collblanc,213,25-34,98,142,240
2012,2,Districte II,4,la Torrassa,239,12-15,23,28,51
2007,1,Districte I,1,Centre,133,03-11,30,37,67
2011,1,Districte I,3,Sant Josep,140,18-24,25,37,62
2010,3,Districte III,6,Santa Eulàlia,301,65-74,138,119,257
2003,1,Districte I,3,Sant Josep,122,75 i +,44,20,64
1996,1,Districte I,1,Centre,110,75 i +,42,22,64
2001,6,Districte VI,12,Bellvitge,628,75 i +,36,17,53
1999,5,Districte V,10,Pubilla Cases,527,18-24,40,48,88
2016,3,Districte III,6,Santa Eulàlia,301,35-49,417,420,837
2006,4,Districte IV,7,la Florida,432,12-15,23,24,47
2014,1,Districte I,3,Sant Josep,115,75 i +,71,38,109
2005,5,Districte V,10,Pubilla Cases,512,65-74,58,57,115
2002,3,Districte III,6,Santa Eulàlia,309,00-02,8,11,19
2013,2,Districte II,4,la Torrassa,217,18-24,68,58,126
2011,6,Districte VI,12,Bellvitge,624,75 i +,54,25,79
2004,1,Districte I,3,Sant Josep,136,16-17,9,8,17
2016,4,Districte IV,7,la Florida,406,25-34,92,89,181
2009,2,Districte II,4,la Torrassa,247,18-24,56,65,121
2004,2,Districte II,4,la Torrassa,230,00-02,14,6,20
2008,4,Districte IV,8,les Planes,401,75 i +,95,44,139
2006,6,Districte VI,12,Bellvitge,602,03-11,14,22,36
2007,6,Districte VI,12,Bellvitge,613,18-24,38,37,75
1998,5,Districte V,10,Pubilla Cases,530,03-11,47,39,86
2013,6,Districte VI,11,el Gornal,626,75 i +,65,46,111
2016,2,Districte II,4,la Torrassa,239,18-24,36,35,71
2016,2,Districte II,5,Collblanc,212,18-24,54,52,106
2015,5,Districte V,10,Pubilla Cases,508,18-24,58,69,127
2011,3,Districte III,6,Santa Eulàlia,325,00-02,19,27,46
1995,6,Districte VI,12,Bellvitge,625,35-49,240,230,470
1999,5,Districte V,10,Pubilla Cases,525,18-24,43,55,98
1999,4,Districte IV,8,les Planes,435,03-11,32,29,61
2000,4,Districte IV,7,la Florida,427,25-34,69,74,143
2003,1,Districte I,1,Centre,101,00-02,31,18,49
2002,2,Districte II,4,la Torrassa,246,65-74,71,58,129
2001,6,Districte VI,12,Bellvitge,621,65-74,47,40,87
2013,1,Districte I,1,Centre,108,03-11,60,56,116
2002,2,Districte II,4,la Torrassa,230,16-17,5,8,13
2008,2,Districte II,4,la Torrassa,246,12-15,22,15,37
2007,5,Districte V,10,Pubilla Cases,511,75 i +,55,34,89
2016,2,Districte II,4,la Torrassa,217,75 i +,64,41,105
2005,4,Districte IV,8,les Planes,401,35-49,147,133,280
2015,4,Districte IV,7,la Florida,402,35-49,139,121,260
2011,1,Districte I,1,Centre,104,00-02,10,12,22
2003,2,Districte II,5,Collblanc,244,12-15,10,10,20
2006,5,Districte V,10,Pubilla Cases,537,35-49,135,139,274
1998,5,Districte V,10,Pubilla Cases,508,16-17,11,7,18
1998,4,Districte IV,8,les Planes,439,35-49,59,67,126
2016,3,Districte III,6,Santa Eulàlia,303,25-34,105,93,198
1995,5,Districte V,10,Pubilla Cases,523,16-17,13,18,31
1997,4,Districte IV,7,la Florida,409,18-24,42,45,87
2016,4,Districte IV,8,les Planes,401,65-74,46,40,86
2010,3,Districte III,6,Santa Eulàlia,319,12-15,23,26,49
2010,1,Districte I,3,Sant Josep,117,65-74,88,86,174
2004,4,Districte IV,8,les Planes,442,00-02,9,6,15
2016,5,Districte V,9,Can Serra,503,75 i +,41,20,61
2004,3,Districte III,6,Santa Eulàlia,311,65-74,84,54,138
2010,2,Districte II,4,la Torrassa,211,25-34,137,142,279
2013,2,Districte II,5,Collblanc,209,16-17,5,8,13
1998,3,Districte III,6,Santa Eulàlia,322,35-49,121,118,239
2000,2,Districte II,4,la Torrassa,228,75 i +,39,21,60
2007,3,Districte III,6,Santa Eulàlia,301,25-34,262,260,522
2005,3,Districte III,6,Santa Eulàlia,305,00-02,23,16,39
2014,6,Districte VI,11,el Gornal,616,00-02,27,36,63
1997,1,Districte I,1,Centre,133,25-34,75,76,151
2001,2,Districte II,5,Collblanc,201,50-64,77,59,136
1999,1,Districte I,1,Centre,103,75 i +,47,23,70
2004,1,Districte I,1,Centre,128,50-64,101,79,180
2010,1,Districte I,1,Centre,124,18-24,28,30,58
2002,2,Districte II,5,Collblanc,204,16-17,4,6,10
2015,5,Districte V,10,Pubilla Cases,537,65-74,87,60,147
2010,1,Districte I,3,Sant Josep,117,12-15,34,35,69
2012,4,Districte IV,8,les Planes,437,00-02,17,15,32
2001,1,Districte I,1,Centre,123,65-74,84,78,162
1997,3,Districte III,6,Santa Eulàlia,318,35-49,127,133,260
2004,6,Districte VI,11,el Gornal,622,25-34,78,93,171
2012,5,Districte V,10,Pubilla Cases,512,25-34,80,66,146
1995,2,Districte II,4,la Torrassa,218,25-34,57,55,112
1996,3,Districte III,6,Santa Eulàlia,308,16-17,26,19,45
2006,4,Districte IV,7,la Florida,423,12-15,15,13,28
2005,2,Districte II,4,la Torrassa,234,12-15,13,21,34
2015,2,Districte II,5,Collblanc,207,03-11,79,76,155
2002,6,Districte VI,12,Bellvitge,623,00-02,20,24,44
2011,6,Districte VI,11,el Gornal,622,50-64,104,85,189
2004,6,Districte VI,12,Bellvitge,602,18-24,22,23,45
1997,1,Districte I,1,Centre,113,00-02,7,13,20
1995,3,Districte III,6,Santa Eulàlia,320,18-24,95,106,201
2004,6,Districte VI,12,Bellvitge,620,35-49,58,62,120
2007,4,Districte IV,7,la Florida,408,65-74,57,36,93
2006,6,Districte VI,12,Bellvitge,614,50-64,118,100,218
1994,6,Districte VI,11,el Gornal,616,65-74,36,27,63
2002,5,Districte V,10,Pubilla Cases,533,65-74,71,66,137
1999,3,Districte III,6,Santa Eulàlia,314,03-11,84,114,198
2005,4,Districte IV,8,les Planes,435,12-15,21,19,40
2007,2,Districte II,5,Collblanc,213,03-11,24,49,73
1996,5,Districte V,10,Pubilla Cases,512,12-15,11,9,20
2001,5,Districte V,9,Can Serra,502,16-17,15,18,33
2001,2,Districte II,4,la Torrassa,218,35-49,77,78,155
1999,4,Districte IV,8,les Planes,439,16-17,3,9,12
2007,1,Districte I,2,Sanfeliu,129,50-64,111,94,205
1999,2,Districte II,5,Collblanc,203,18-24,25,27,52
2011,5,Districte V,9,Can Serra,505,03-11,34,38,72
1996,2,Districte II,4,la Torrassa,228,75 i +,27,17,44
2013,2,Districte II,5,Collblanc,201,03-11,53,62,115
2003,4,Districte IV,8,les Planes,435,00-02,14,16,30
2005,5,Districte V,10,Pubilla Cases,516,16-17,4,6,10
2006,6,Districte VI,12,Bellvitge,618,18-24,22,18,40
2002,6,Districte VI,12,Bellvitge,618,75 i +,19,15,34
1994,6,Districte VI,11,el Gornal,632,12-15,41,43,84
2002,2,Districte II,4,la Torrassa,239,12-15,12,18,30
2000,6,Districte VI,12,Bellvitge,601,75 i +,64,27,91
2014,5,Districte V,10,Pubilla Cases,510,65-74,68,52,120
2007,2,Districte II,4,la Torrassa,230,75 i +,59,26,85
2002,3,Districte III,6,Santa Eulàlia,307,35-49,177,139,316
2016,5,Districte V,10,Pubilla Cases,537,12-15,25,10,35
2010,1,Districte I,1,Centre,104,18-24,23,25,48
1999,4,Districte IV,7,la Florida,417,16-17,5,11,16
2002,2,Districte II,4,la Torrassa,211,35-49,129,133,262
2010,3,Districte III,6,Santa Eulàlia,325,65-74,110,90,200
2002,4,Districte IV,7,la Florida,415,00-02,12,9,21
2014,5,Districte V,10,Pubilla Cases,530,18-24,60,65,125
1994,3,Districte III,6,Santa Eulàlia,306,18-24,87,74,161
1995,4,Districte IV,7,la Florida,424,16-17,9,11,20
2016,4,Districte IV,8,les Planes,441,75 i +,114,71,185
2003,3,Districte III,6,Santa Eulàlia,314,75 i +,81,39,120
2010,4,Districte IV,7,la Florida,402,50-64,63,67,130
1999,4,Districte IV,7,la Florida,427,35-49,69,66,135
1995,3,Districte III,6,Santa Eulàlia,325,25-34,143,134,277
2009,1,Districte I,2,Sanfeliu,118,16-17,17,12,29
1998,6,Districte VI,12,Bellvitge,624,00-02,11,10,21
2014,6,Districte VI,12,Bellvitge,621,12-15,18,28,46
2005,1,Districte I,3,Sant Josep,121,16-17,4,8,12
2014,1,Districte I,1,Centre,107,35-49,204,214,418
2010,6,Districte VI,12,Bellvitge,613,25-34,85,93,178
1995,5,Districte V,10,Pubilla Cases,515,75 i +,23,13,36
2006,5,Districte V,10,Pubilla Cases,525,00-02,13,12,25
2001,5,Districte V,10,Pubilla Cases,516,50-64,59,55,114
1994,3,Districte III,6,Santa Eulàlia,302,75 i +,37,19,56
1996,5,Districte V,9,Can Serra,504,35-49,103,97,200
2005,2,Districte II,5,Collblanc,203,00-02,13,15,28
2000,4,Districte IV,7,la Florida,409,75 i +,22,13,35
2007,2,Districte II,5,Collblanc,206,25-34,84,113,197
1997,4,Districte IV,7,la Florida,407,50-64,109,97,206
2004,1,Districte I,1,Centre,108,35-49,168,151,319
2012,5,Districte V,10,Pubilla Cases,532,65-74,82,64,146
1999,2,Districte II,5,Collblanc,214,75 i +,40,14,54
2005,3,Districte III,6,Santa Eulàlia,309,18-24,34,38,72
2000,4,Districte IV,7,la Florida,414,00-02,11,9,20
2002,4,Districte IV,7,la Florida,405,25-34,86,88,174
2001,2,Districte II,4,la Torrassa,245,18-24,39,45,84
2008,1,Districte I,1,Centre,111,35-49,94,99,193
2014,4,Districte IV,7,la Florida,411,18-24,32,28,60
1995,3,Districte III,6,Santa Eulàlia,318,50-64,53,51,104
1999,2,Districte II,4,la Torrassa,240,18-24,22,27,49
2003,6,Districte VI,11,el Gornal,622,00-02,9,8,17
1999,3,Districte III,6,Santa Eulàlia,304,50-64,107,102,209
1996,6,Districte VI,12,Bellvitge,625,65-74,18,23,41
2016,1,Districte I,1,Centre,108,50-64,145,132,277
2011,1,Districte I,2,Sanfeliu,116,35-49,162,170,332
2008,2,Districte II,4,la Torrassa,231,16-17,2,9,11
1996,5,Districte V,10,Pubilla Cases,520,16-17,11,15,26
2007,3,Districte III,6,Santa Eulàlia,307,16-17,11,16,27
2010,2,Districte II,4,la Torrassa,239,18-24,44,50,94
2000,1,Districte I,3,Sant Josep,114,35-49,162,160,322
2014,3,Districte III,6,Santa Eulàlia,301,50-64,212,194,406
2006,6,Districte VI,12,Bellvitge,601,75 i +,58,37,95
2007,3,Districte III,6,Santa Eulàlia,304,18-24,57,63,120
2001,4,Districte IV,8,les Planes,419,25-34,79,91,170
1998,4,Districte IV,7,la Florida,405,00-02,9,9,18
2003,2,Districte II,5,Collblanc,206,75 i +,66,32,98
2010,3,Districte III,6,Santa Eulàlia,303,35-49,159,200,359
1998,4,Districte IV,7,la Florida,402,03-11,20,20,40
2002,2,Districte II,5,Collblanc,244,16-17,4,5,9
2002,4,Districte IV,7,la Florida,416,16-17,6,6,12
2002,4,Districte IV,8,les Planes,441,18-24,119,117,236
2000,2,Districte II,5,Collblanc,244,65-74,47,29,76
1998,6,Districte VI,12,Bellvitge,612,35-49,68,77,145
1994,5,Districte V,9,Can Serra,501,18-24,115,121,236
1994,4,Districte IV,7,la Florida,427,35-49,65,66,131
1997,2,Districte II,5,Collblanc,206,75 i +,63,32,95
2012,1,Districte I,3,Sant Josep,114,25-34,95,98,193
1995,1,Districte I,1,Centre,112,16-17,24,21,45
2010,3,Districte III,6,Santa Eulàlia,312,12-15,25,34,59
2007,6,Districte VI,11,el Gornal,616,03-11,126,161,287
2001,1,Districte I,3,Sant Josep,140,16-17,7,7,14
1997,5,Districte V,10,Pubilla Cases,536,16-17,10,14,24
1994,5,Districte V,9,Can Serra,503,00-02,11,15,26
2008,5,Districte V,10,Pubilla Cases,511,16-17,7,9,16
2005,4,Districte IV,8,les Planes,429,18-24,31,34,65
2008,4,Districte IV,7,la Florida,412,50-64,178,157,335
2013,6,Districte VI,12,Bellvitge,619,12-15,21,15,36
2015,1,Districte I,3,Sant Josep,122,25-34,64,40,104
2003,1,Districte I,3,Sant Josep,139,35-49,77,99,176
2003,1,Districte I,1,Centre,101,75 i +,29,22,51
2004,1,Districte I,1,Centre,102,16-17,17,14,31
1997,2,Districte II,4,la Torrassa,238,16-17,5,12,17
2002,2,Districte II,4,la Torrassa,237,12-15,21,14,35
2009,4,Districte IV,7,la Florida,402,65-74,48,41,89
2015,5,Districte V,9,Can Serra,503,50-64,119,78,197
2003,6,Districte VI,12,Bellvitge,603,18-24,20,24,44
2016,1,Districte I,3,Sant Josep,121,50-64,73,85,158
1999,3,Districte III,6,Santa Eulàlia,320,25-34,68,84,152
2003,2,Districte II,4,la Torrassa,239,35-49,117,123,240
2005,4,Districte IV,7,la Florida,432,75 i +,59,40,99
1996,4,Districte IV,7,la Florida,408,65-74,48,42,90
1995,2,Districte II,4,la Torrassa,240,75 i +,41,16,57
2014,4,Districte IV,8,les Planes,420,25-34,142,149,291
1999,1,Districte I,1,Centre,123,16-17,11,12,23
2004,4,Districte IV,8,les Planes,433,25-34,120,129,249
2009,4,Districte IV,8,les Planes,418,00-02,25,14,39
1999,4,Districte IV,8,les Planes,436,65-74,30,22,52
2006,6,Districte VI,12,Bellvitge,631,65-74,58,51,109
2013,6,Districte VI,12,Bellvitge,615,00-02,12,12,24
2005,1,Districte I,1,Centre,103,18-24,34,30,64
1994,5,Districte V,10,Pubilla Cases,522,16-17,13,14,27
2015,3,Districte III,6,Santa Eulàlia,304,25-34,311,275,586
2006,3,Districte III,6,Santa Eulàlia,323,50-64,341,340,681
2016,2,Districte II,5,Collblanc,208,00-02,8,23,31
2007,3,Districte III,6,Santa Eulàlia,304,35-49,171,181,352
1995,2,Districte II,4,la Torrassa,246,35-49,86,83,169
2009,2,Districte II,5,Collblanc,220,50-64,63,58,121
1995,2,Districte II,5,Collblanc,225,18-24,28,26,54
1996,5,Districte V,10,Pubilla Cases,531,35-49,78,74,152
2002,5,Districte V,10,Pubilla Cases,510,16-17,8,7,15
2008,2,Districte II,4,la Torrassa,218,25-34,68,90,158
2000,4,Districte IV,7,la Florida,408,35-49,94,91,185
2002,1,Districte I,1,Centre,105,03-11,28,58,86
2008,6,Districte VI,12,Bellvitge,604,50-64,69,50,119
2001,2,Districte II,4,la Torrassa,235,03-11,29,37,66
1997,5,Districte V,10,Pubilla Cases,530,35-49,106,107,213
2004,3,Districte III,6,Santa Eulàlia,306,50-64,144,130,274
2013,5,Districte V,10,Pubilla Cases,537,75 i +,82,55,137
2007,2,Districte II,5,Collblanc,244,25-34,82,70,152
2006,2,Districte II,5,Collblanc,209,03-11,29,31,60
1997,1,Districte I,3,Sant Josep,114,03-11,52,40,92
1997,3,Districte III,6,Santa Eulàlia,317,75 i +,48,19,67
1996,3,Districte III,6,Santa Eulàlia,317,75 i +,44,16,60
2002,5,Districte V,10,Pubilla Cases,534,16-17,5,5,10
2012,2,Districte II,4,la Torrassa,246,16-17,19,13,32
2001,1,Districte I,1,Centre,130,65-74,90,77,167
1997,2,Districte II,4,la Torrassa,249,12-15,13,22,35
2010,4,Districte IV,7,la Florida,405,18-24,23,30,53
2015,3,Districte III,6,Santa Eulàlia,323,35-49,223,228,451
2014,3,Districte III,13,Granvia Sud,312,16-17,13,13,26
1998,1,Districte I,3,Sant Josep,114,18-24,110,117,227
2015,5,Districte V,10,Pubilla Cases,510,03-11,43,43,86
2000,4,Districte IV,8,les Planes,433,25-34,101,106,207
1999,1,Districte I,1,Centre,101,12-15,36,34,70
1999,1,Districte I,1,Centre,111,00-02,4,17,21
2008,2,Districte II,5,Collblanc,227,03-11,37,26,63
1996,6,Districte VI,12,Bellvitge,602,16-17,6,1,7
2000,2,Districte II,5,Collblanc,204,03-11,12,16,28
2012,5,Districte V,10,Pubilla Cases,519,16-17,5,3,8
2005,5,Districte V,10,Pubilla Cases,530,65-74,100,87,187
2006,5,Districte V,9,Can Serra,504,18-24,31,48,79
2010,5,Districte V,9,Can Serra,506,18-24,59,78,137
1996,4,Districte IV,7,la Florida,414,12-15,14,22,36
2015,4,Districte IV,8,les Planes,436,00-02,20,20,40
1995,2,Districte II,5,Collblanc,207,65-74,74,48,122
2011,2,Districte II,4,la Torrassa,246,25-34,111,101,212
2010,1,Districte I,1,Centre,124,00-02,12,8,20
1994,5,Districte V,10,Pubilla Cases,520,65-74,49,44,93
2001,3,Districte III,6,Santa Eulàlia,312,50-64,196,164,360
2004,2,Districte II,4,la Torrassa,237,12-15,15,21,36
2000,4,Districte IV,7,la Florida,416,16-17,7,3,10
2016,3,Districte III,6,Santa Eulàlia,320,18-24,5,3,8
1996,4,Districte IV,7,la Florida,422,16-17,8,13,21
2015,1,Districte I,1,Centre,131,65-74,113,111,224
2000,2,Districte II,4,la Torrassa,234,75 i +,82,32,114
1998,4,Districte IV,7,la Florida,428,00-02,4,4,8
2014,2,Districte II,4,la Torrassa,245,12-15,26,17,43
1994,6,Districte VI,12,Bellvitge,630,16-17,26,33,59
2016,3,Districte III,6,Santa Eulàlia,321,00-02,21,33,54
2002,6,Districte VI,12,Bellvitge,614,50-64,133,114,247
2005,1,Districte I,3,Sant Josep,127,25-34,66,76,142
2004,2,Districte II,4,la Torrassa,241,50-64,51,51,102
1997,2,Districte II,4,la Torrassa,240,50-64,73,72,145
2011,6,Districte VI,11,el Gornal,608,12-15,13,7,20
2013,1,Districte I,2,Sanfeliu,116,03-11,59,58,117
2005,4,Districte IV,8,les Planes,438,35-49,98,97,195
2013,1,Districte I,1,Centre,113,65-74,73,80,153
2006,2,Districte II,4,la Torrassa,243,00-02,18,28,46
2006,5,Districte V,10,Pubilla Cases,531,65-74,50,47,97
2007,6,Districte VI,12,Bellvitge,614,18-24,23,34,57
2016,1,Districte I,1,Centre,110,65-74,115,94,209
2008,2,Districte II,4,la Torrassa,230,65-74,35,34,69
1997,6,Districte VI,11,el Gornal,622,16-17,21,12,33
1995,1,Districte I,3,Sant Josep,120,65-74,63,54,117
1997,6,Districte VI,11,el Gornal,617,65-74,53,42,95
1998,6,Districte VI,12,Bellvitge,620,00-02,3,4,7
2015,6,Districte VI,11,el Gornal,622,65-74,54,49,103
1996,1,Districte I,1,Centre,135,65-74,58,51,109
1997,5,Districte V,10,Pubilla Cases,538,12-15,18,19,37
2008,6,Districte VI,12,Bellvitge,607,12-15,16,21,37
2004,6,Districte VI,12,Bellvitge,602,16-17,5,4,9
1997,4,Districte IV,8,les Planes,438,03-11,25,28,53
2006,5,Districte V,10,Pubilla Cases,522,25-34,80,114,194
2013,2,Districte II,4,la Torrassa,236,18-24,46,38,84
2005,5,Districte V,10,Pubilla Cases,526,25-34,69,97,166
2014,5,Districte V,9,Can Serra,506,65-74,161,156,317
2007,5,Districte V,10,Pubilla Cases,523,65-74,89,81,170
2010,4,Districte IV,7,la Florida,426,50-64,82,65,147
2009,5,Districte V,10,Pubilla Cases,532,16-17,16,7,23
1997,2,Districte II,5,Collblanc,213,12-15,12,24,36
2002,5,Districte V,10,Pubilla Cases,532,50-64,149,131,280
1997,6,Districte VI,12,Bellvitge,613,12-15,18,18,36
2003,6,Districte VI,12,Bellvitge,615,65-74,47,59,106
1997,6,Districte VI,12,Bellvitge,613,65-74,57,46,103
2007,5,Districte V,10,Pubilla Cases,519,65-74,38,25,63
2001,1,Districte I,1,Centre,128,16-17,11,8,19
2006,6,Districte VI,12,Bellvitge,602,75 i +,21,13,34
2008,1,Districte I,3,Sant Josep,127,16-17,7,6,13
1995,6,Districte VI,12,Bellvitge,627,03-11,46,71,117
2005,2,Districte II,5,Collblanc,227,03-11,29,25,54
2009,1,Districte I,1,Centre,104,25-34,54,66,120
1999,2,Districte II,5,Collblanc,210,65-74,91,66,157
2011,5,Districte V,10,Pubilla Cases,530,18-24,64,62,126
1996,4,Districte IV,8,les Planes,439,12-15,5,21,26
2016,4,Districte IV,7,la Florida,404,00-02,16,15,31
2011,1,Districte I,1,Centre,134,75 i +,77,39,116
2007,4,Districte IV,7,la Florida,423,03-11,40,26,66
2015,2,Districte II,4,la Torrassa,234,12-15,18,14,32
2001,2,Districte II,5,Collblanc,216,35-49,114,106,220
2005,2,Districte II,5,Collblanc,208,16-17,13,15,28
2010,4,Districte IV,7,la Florida,414,25-34,89,107,196
2001,3,Districte III,6,Santa Eulàlia,305,75 i +,78,45,123
2012,6,Districte VI,12,Bellvitge,628,16-17,15,6,21
2007,6,Districte VI,12,Bellvitge,604,12-15,11,12,23
1994,4,Districte IV,7,la Florida,426,25-34,84,84,168
2006,1,Districte I,1,Centre,112,75 i +,69,35,104
1997,1,Districte I,3,Sant Josep,136,18-24,61,72,133
2008,6,Districte VI,12,Bellvitge,630,50-64,128,94,222
1997,2,Districte II,5,Collblanc,220,75 i +,38,18,56
2011,5,Districte V,10,Pubilla Cases,534,50-64,84,78,162
2014,1,Districte I,1,Centre,103,18-24,20,16,36
2011,1,Districte I,3,Sant Josep,139,00-02,13,12,25
1995,1,Districte I,1,Centre,133,18-24,67,73,140
2005,2,Districte II,4,la Torrassa,243,75 i +,86,58,144
2001,6,Districte VI,12,Bellvitge,624,75 i +,27,11,38
1994,5,Districte V,9,Can Serra,502,25-34,109,127,236
2002,3,Districte III,6,Santa Eulàlia,315,03-11,50,54,104
2010,2,Districte II,5,Collblanc,209,00-02,8,13,21
1995,6,Districte VI,12,Bellvitge,612,12-15,26,24,50
1996,2,Districte II,5,Collblanc,222,25-34,74,62,136
2008,3,Districte III,6,Santa Eulàlia,307,25-34,123,114,237
2002,3,Districte III,6,Santa Eulàlia,303,50-64,196,147,343
1997,3,Districte III,6,Santa Eulàlia,303,65-74,91,102,193
2012,5,Districte V,9,Can Serra,507,00-02,12,12,24
2006,2,Districte II,5,Collblanc,221,35-49,127,125,252
2011,1,Districte I,3,Sant Josep,139,75 i +,35,27,62
1996,3,Districte III,6,Santa Eulàlia,316,03-11,146,159,305
2010,1,Districte I,3,Sant Josep,114,18-24,39,37,76
2011,4,Districte IV,8,les Planes,434,12-15,11,11,22
2009,2,Districte II,5,Collblanc,209,50-64,81,74,155
2011,2,Districte II,4,la Torrassa,247,00-02,33,28,61
1999,4,Districte IV,8,les Planes,434,00-02,7,5,12
2005,2,Districte II,4,la Torrassa,231,65-74,69,52,121
1994,1,Districte I,1,Centre,102,00-02,15,11,26
1994,1,Districte I,3,Sant Josep,119,00-02,15,14,29
2007,5,Districte V,10,Pubilla Cases,509,03-11,39,35,74
1996,1,Districte I,1,Centre,113,50-64,92,93,185
2008,2,Districte II,5,Collblanc,244,25-34,80,73,153
2011,1,Districte I,3,Sant Josep,115,18-24,40,54,94
1994,6,Districte VI,12,Bellvitge,606,35-49,79,74,153
2010,5,Districte V,9,Can Serra,507,35-49,106,113,219
2002,2,Districte II,4,la Torrassa,241,03-11,33,25,58
2001,4,Districte IV,7,la Florida,404,25-34,115,120,235
2010,2,Districte II,5,Collblanc,223,75 i +,69,41,110
2009,6,Districte VI,12,Bellvitge,623,50-64,177,146,323
1997,4,Districte IV,7,la Florida,416,65-74,61,49,110
2002,1,Districte I,1,Centre,110,16-17,15,11,26
2000,2,Districte II,4,la Torrassa,236,12-15,18,12,30
1994,3,Districte III,6,Santa Eulàlia,303,65-74,83,78,161
2000,4,Districte IV,7,la Florida,424,16-17,7,7,14
2002,3,Districte III,6,Santa Eulàlia,312,00-02,10,20,30
2010,6,Districte VI,12,Bellvitge,623,12-15,24,22,46
1996,5,Districte V,9,Can Serra,501,12-15,37,39,76
2002,3,Districte III,6,Santa Eulàlia,319,16-17,11,10,21
1998,2,Districte II,4,la Torrassa,234,16-17,8,10,18
2002,2,Districte II,5,Collblanc,216,16-17,10,13,23
2011,4,Districte IV,8,les Planes,419,65-74,49,28,77
2015,5,Districte V,9,Can Serra,505,25-34,55,51,106
1995,4,Districte IV,7,la Florida,405,18-24,54,56,110
2002,1,Districte I,1,Centre,110,18-24,63,67,130
1998,2,Districte II,4,la Torrassa,242,35-49,84,90,174
1995,5,Districte V,10,Pubilla Cases,513,03-11,23,24,47
2013,6,Districte VI,12,Bellvitge,609,03-11,38,31,69
1997,2,Districte II,4,la Torrassa,245,03-11,31,29,60
1995,4,Districte IV,8,les Planes,440,50-64,148,170,318
2003,5,Districte V,10,Pubilla Cases,531,50-64,79,71,150
2006,5,Districte V,10,Pubilla Cases,530,75 i +,91,53,144
2016,1,Districte I,1,Centre,133,12-15,11,13,24
2008,5,Districte V,10,Pubilla Cases,510,50-64,83,80,163
2015,4,Districte IV,7,la Florida,406,50-64,121,118,239
1994,1,Districte I,2,Sanfeliu,132,18-24,130,160,290
2003,1,Districte I,1,Centre,107,00-02,17,29,46
1996,5,Districte V,10,Pubilla Cases,537,18-24,80,78,158
2009,1,Districte I,3,Sant Josep,137,18-24,62,50,112
2002,5,Districte V,10,Pubilla Cases,536,75 i +,42,38,80
2001,6,Districte VI,12,Bellvitge,603,25-34,58,81,139
2010,2,Districte II,5,Collblanc,212,25-34,147,146,293
1994,6,Districte VI,11,el Gornal,622,12-15,45,36,81
2011,5,Districte V,10,Pubilla Cases,538,35-49,153,144,297
2011,1,Districte I,1,Centre,134,18-24,42,42,84
1999,2,Districte II,4,la Torrassa,228,75 i +,36,21,57
1999,6,Districte VI,12,Bellvitge,628,75 i +,34,12,46
2002,2,Districte II,5,Collblanc,205,35-49,87,94,181
2000,6,Districte VI,12,Bellvitge,605,12-15,8,6,14
2003,4,Districte IV,7,la Florida,424,50-64,63,51,114
2006,1,Districte I,3,Sant Josep,137,75 i +,52,25,77
1996,5,Districte V,10,Pubilla Cases,525,16-17,13,15,28
1994,4,Districte IV,8,les Planes,436,35-49,62,84,146
2003,4,Districte IV,8,les Planes,420,50-64,108,81,189
1997,2,Districte II,5,Collblanc,221,65-74,62,64,126
2007,4,Districte IV,7,la Florida,430,18-24,42,46,88
2009,4,Districte IV,7,la Florida,417,12-15,13,15,28
2012,5,Districte V,10,Pubilla Cases,533,00-02,17,23,40
2003,6,Districte VI,12,Bellvitge,631,12-15,20,9,29
2012,3,Districte III,6,Santa Eulàlia,301,75 i +,136,95,231
2000,4,Districte IV,7,la Florida,409,03-11,14,16,30
2003,2,Districte II,4,la Torrassa,242,65-74,91,59,150
2011,1,Districte I,1,Centre,135,35-49,187,181,368
2005,2,Districte II,4,la Torrassa,211,65-74,70,40,110
2007,4,Districte IV,7,la Florida,411,12-15,15,12,27
1994,5,Districte V,9,Can Serra,507,25-34,77,81,158
2006,6,Districte VI,11,el Gornal,608,00-02,9,10,19
1999,2,Districte II,5,Collblanc,224,35-49,60,60,120
2001,1,Districte I,2,Sanfeliu,132,12-15,41,36,77
2011,4,Districte IV,7,la Florida,417,75 i +,37,23,60
2014,6,Districte VI,11,el Gornal,616,65-74,107,97,204
2002,4,Districte IV,7,la Florida,409,16-17,4,3,7
2005,2,Districte II,4,la Torrassa,249,65-74,72,42,114
2008,3,Districte III,6,Santa Eulàlia,323,50-64,371,359,730
1997,4,Districte IV,7,la Florida,427,16-17,8,5,13
2012,6,Districte VI,12,Bellvitge,612,03-11,33,41,74
2004,2,Districte II,5,Collblanc,202,16-17,7,3,10
2003,4,Districte IV,7,la Florida,415,25-34,64,89,153
2009,3,Districte III,6,Santa Eulàlia,303,16-17,12,9,21
1997,1,Districte I,1,Centre,133,03-11,26,36,62
2014,1,Districte I,3,Sant Josep,121,18-24,35,35,70
2011,2,Districte II,4,la Torrassa,236,25-34,77,87,164
2005,3,Districte III,6,Santa Eulàlia,315,50-64,140,145,285
2001,6,Districte VI,12,Bellvitge,611,12-15,22,24,46
2009,3,Districte III,6,Santa Eulàlia,310,75 i +,39,28,67
2011,5,Districte V,9,Can Serra,507,35-49,103,109,212
1997,1,Districte I,3,Sant Josep,106,65-74,50,32,82
1995,1,Districte I,3,Sant Josep,139,18-24,65,71,136
1999,4,Districte IV,7,la Florida,402,65-74,49,68,117
2003,1,Districte I,3,Sant Josep,122,03-11,30,31,61
2016,5,Districte V,10,Pubilla Cases,532,16-17,14,13,27
2002,2,Districte II,5,Collblanc,207,75 i +,68,30,98
1995,1,Districte I,3,Sant Josep,136,16-17,18,17,35
2001,2,Districte II,4,la Torrassa,249,75 i +,55,36,91
2005,3,Districte III,6,Santa Eulàlia,307,25-34,110,106,216
2000,6,Districte VI,12,Bellvitge,604,16-17,7,7,14
2014,4,Districte IV,7,la Florida,416,75 i +,89,54,143
2003,4,Districte IV,7,la Florida,426,03-11,28,42,70
2003,6,Districte VI,12,Bellvitge,621,50-64,213,235,448
2000,1,Districte I,1,Centre,105,12-15,22,26,48
2014,1,Districte I,1,Centre,111,03-11,33,33,66
2012,1,Districte I,3,Sant Josep,119,00-02,13,13,26
2001,2,Districte II,4,la Torrassa,243,00-02,15,25,40
2002,1,Districte I,1,Centre,102,03-11,51,58,109
2002,2,Districte II,4,la Torrassa,211,50-64,73,64,137
2003,5,Districte V,10,Pubilla Cases,509,16-17,8,9,17
2004,1,Districte I,2,Sanfeliu,132,00-02,34,19,53
1994,2,Districte II,5,Collblanc,226,25-34,76,74,150
2000,5,Districte V,10,Pubilla Cases,520,65-74,54,60,114
2011,2,Districte II,5,Collblanc,215,75 i +,66,32,98
2014,4,Districte IV,7,la Florida,405,75 i +,131,99,230
2014,6,Districte VI,12,Bellvitge,615,75 i +,50,43,93
1994,6,Districte VI,12,Bellvitge,615,00-02,4,4,8
2008,6,Districte VI,12,Bellvitge,610,12-15,14,24,38
2013,5,Districte V,10,Pubilla Cases,530,75 i +,95,67,162
2013,3,Districte III,6,Santa Eulàlia,304,12-15,66,36,102
2011,2,Districte II,4,la Torrassa,245,16-17,2,9,11
2000,2,Districte II,4,la Torrassa,239,03-11,29,30,59
1996,4,Districte IV,7,la Florida,421,50-64,153,134,287
1995,2,Districte II,4,la Torrassa,242,03-11,32,29,61
2007,5,Districte V,9,Can Serra,521,35-49,83,96,179
2009,4,Districte IV,8,les Planes,433,65-74,37,31,68
2006,5,Districte V,10,Pubilla Cases,532,18-24,72,64,136
2004,5,Districte V,9,Can Serra,504,12-15,9,14,23
2007,5,Districte V,9,Can Serra,521,16-17,6,5,11
1997,1,Districte I,1,Centre,134,35-49,145,137,282
1999,3,Districte III,6,Santa Eulàlia,311,00-02,16,13,29
2014,5,Districte V,10,Pubilla Cases,514,35-49,166,181,347
1997,4,Districte IV,7,la Florida,414,75 i +,32,18,50
2000,5,Districte V,10,Pubilla Cases,530,65-74,113,84,197
2014,4,Districte IV,7,la Florida,407,25-34,67,72,139
2005,1,Districte I,3,Sant Josep,138,25-34,67,57,124
2000,3,Districte III,6,Santa Eulàlia,308,25-34,150,146,296
2003,2,Districte II,4,la Torrassa,235,65-74,93,73,166
2016,4,Districte IV,7,la Florida,404,12-15,21,19,40
2005,1,Districte I,1,Centre,131,65-74,62,55,117
2016,4,Districte IV,7,la Florida,427,50-64,148,127,275
2000,5,Districte V,10,Pubilla Cases,508,50-64,55,47,102
2004,4,Districte IV,8,les Planes,419,50-64,73,69,142
2005,5,Districte V,10,Pubilla Cases,518,12-15,16,23,39
1996,2,Districte II,4,la Torrassa,233,18-24,32,45,77
2004,4,Districte IV,7,la Florida,408,25-34,72,86,158
2011,2,Districte II,4,la Torrassa,231,00-02,14,27,41
2000,2,Districte II,5,Collblanc,216,12-15,12,17,29
2005,2,Districte II,4,la Torrassa,231,50-64,85,65,150
2013,2,Districte II,5,Collblanc,216,18-24,52,43,95
2011,4,Districte IV,8,les Planes,437,00-02,17,17,34
2003,5,Districte V,10,Pubilla Cases,527,18-24,56,59,115
2016,3,Districte III,6,Santa Eulàlia,316,35-49,162,160,322
2012,4,Districte IV,7,la Florida,430,65-74,43,31,74
2013,1,Districte I,1,Centre,109,65-74,55,53,108
2008,2,Districte II,5,Collblanc,225,75 i +,51,22,73
2001,1,Districte I,1,Centre,110,00-02,6,7,13
2012,6,Districte VI,12,Bellvitge,621,25-34,92,109,201
2002,4,Districte IV,7,la Florida,407,16-17,4,10,14
1996,3,Districte III,6,Santa Eulàlia,322,25-34,90,106,196
1998,2,Districte II,5,Collblanc,219,00-02,13,12,25
1997,4,Districte IV,7,la Florida,408,16-17,9,7,16
2007,2,Districte II,4,la Torrassa,240,65-74,45,42,87
2011,6,Districte VI,12,Bellvitge,615,50-64,81,44,125
2006,3,Districte III,6,Santa Eulàlia,322,16-17,9,8,17
2013,3,Districte III,6,Santa Eulàlia,320,35-49,213,221,434
2000,5,Districte V,10,Pubilla Cases,525,12-15,21,16,37
2015,5,Districte V,9,Can Serra,502,00-02,22,23,45
2000,1,Districte I,1,Centre,102,03-11,46,62,108
2002,2,Districte II,5,Collblanc,223,03-11,45,42,87
2001,2,Districte II,4,la Torrassa,231,25-34,95,90,185
2004,3,Districte III,6,Santa Eulàlia,310,18-24,60,44,104
2012,4,Districte IV,7,la Florida,405,75 i +,86,63,149
2015,2,Districte II,5,Collblanc,201,75 i +,64,47,111
2016,5,Districte V,10,Pubilla Cases,510,00-02,20,12,32
2004,2,Districte II,4,la Torrassa,229,00-02,7,11,18
2009,6,Districte VI,12,Bellvitge,601,03-11,41,43,84
2002,5,Districte V,10,Pubilla Cases,515,03-11,18,13,31
2010,6,Districte VI,12,Bellvitge,609,65-74,67,74,141
2012,5,Districte V,9,Can Serra,501,00-02,5,10,15
2002,4,Districte IV,7,la Florida,428,16-17,7,5,12
2012,4,Districte IV,8,les Planes,419,25-34,68,76,144
2008,4,Districte IV,7,la Florida,406,12-15,22,26,48
2006,1,Districte I,1,Centre,130,12-15,14,14,28
2016,3,Districte III,6,Santa Eulàlia,323,03-11,71,93,164
2016,6,Districte VI,11,el Gornal,616,25-34,100,125,225
2006,2,Districte II,5,Collblanc,203,00-02,15,14,29
1999,3,Districte III,6,Santa Eulàlia,311,75 i +,82,39,121
1999,5,Districte V,9,Can Serra,535,00-02,4,5,9
1995,2,Districte II,4,la Torrassa,217,00-02,4,6,10
1994,2,Districte II,5,Collblanc,220,50-64,99,81,180
2002,4,Districte IV,8,les Planes,440,50-64,145,130,275
2014,2,Districte II,5,Collblanc,205,12-15,16,18,34
2002,5,Districte V,10,Pubilla Cases,518,03-11,28,28,56
1996,6,Districte VI,12,Bellvitge,607,03-11,31,42,73
2000,3,Districte III,6,Santa Eulàlia,325,03-11,64,55,119
2004,1,Districte I,3,Sant Josep,119,50-64,190,179,369
2002,3,Districte III,6,Santa Eulàlia,310,18-24,58,55,113
2011,4,Districte IV,7,la Florida,417,00-02,14,23,37
2007,3,Districte III,6,Santa Eulàlia,318,25-34,67,60,127
1999,6,Districte VI,12,Bellvitge,609,00-02,10,4,14
2014,3,Districte III,6,Santa Eulàlia,317,50-64,80,75,155
1995,2,Districte II,5,Collblanc,205,18-24,43,45,88
2016,3,Districte III,13,Granvia Sud,312,25-34,164,155,319
2004,2,Districte II,5,Collblanc,207,50-64,62,57,119
2008,2,Districte II,4,la Torrassa,240,35-49,93,105,198
2004,2,Districte II,4,la Torrassa,235,12-15,21,20,41
2004,6,Districte VI,12,Bellvitge,618,35-49,67,65,132
2010,1,Districte I,1,Centre,130,65-74,66,44,110
1999,4,Districte IV,8,les Planes,437,35-49,83,72,155
2015,4,Districte IV,8,les Planes,420,50-64,177,171,348
2000,1,Districte I,1,Centre,128,16-17,12,10,22
2003,2,Districte II,5,Collblanc,219,25-34,99,117,216
2012,1,Districte I,3,Sant Josep,136,00-02,23,23,46
2010,6,Districte VI,12,Bellvitge,611,25-34,140,140,280
2007,4,Districte IV,8,les Planes,433,50-64,73,70,143
2005,2,Districte II,5,Collblanc,222,50-64,81,70,151
2002,4,Districte IV,8,les Planes,429,16-17,4,9,13
2002,1,Districte I,1,Centre,102,75 i +,68,38,106
2001,3,Districte III,6,Santa Eulàlia,323,12-15,76,59,135
2002,1,Districte I,3,Sant Josep,127,16-17,15,9,24
1999,6,Districte VI,12,Bellvitge,611,25-34,187,202,389
1996,6,Districte VI,12,Bellvitge,618,35-49,74,53,127
1995,2,Districte II,4,la Torrassa,249,00-02,8,9,17
2001,5,Districte V,10,Pubilla Cases,508,25-34,46,53,99
1994,2,Districte II,5,Collblanc,204,03-11,16,20,36
2010,1,Districte I,3,Sant Josep,126,00-02,9,13,22
2005,4,Districte IV,7,la Florida,409,03-11,25,17,42
1994,4,Districte IV,7,la Florida,410,50-64,220,199,419
1994,4,Districte IV,7,la Florida,412,35-49,206,209,415
2014,1,Districte I,3,Sant Josep,140,18-24,27,33,60
2006,4,Districte IV,7,la Florida,405,65-74,92,67,159
1997,4,Districte IV,7,la Florida,423,35-49,78,76,154
2010,1,Districte I,2,Sanfeliu,116,12-15,28,21,49
1999,2,Districte II,4,la Torrassa,218,03-11,23,21,44
2012,6,Districte VI,12,Bellvitge,605,50-64,50,37,87
2009,2,Districte II,4,la Torrassa,233,25-34,100,128,228
2015,4,Districte IV,7,la Florida,404,65-74,69,53,122
2006,4,Districte IV,8,les Planes,419,18-24,53,46,99
1996,6,Districte VI,12,Bellvitge,624,65-74,31,34,65
2007,2,Districte II,5,Collblanc,207,12-15,4,10,14
2006,1,Districte I,1,Centre,135,12-15,25,13,38
2008,1,Districte I,1,Centre,112,50-64,172,170,342
1995,6,Districte VI,12,Bellvitge,615,00-02,0,5,5
1999,4,Districte IV,7,la Florida,402,75 i +,43,24,67
2015,4,Districte IV,8,les Planes,401,18-24,52,45,97
2014,5,Districte V,9,Can Serra,503,12-15,9,8,17
2004,4,Districte IV,7,la Florida,417,50-64,56,46,102
2001,6,Districte VI,12,Bellvitge,603,75 i +,15,17,32
2010,6,Districte VI,12,Bellvitge,618,25-34,26,30,56
1996,3,Districte III,6,Santa Eulàlia,321,25-34,171,166,337
2001,5,Districte V,9,Can Serra,507,75 i +,37,22,59
2006,5,Districte V,10,Pubilla Cases,538,50-64,105,83,188
2008,4,Districte IV,8,les Planes,429,18-24,23,38,61
2001,4,Districte IV,8,les Planes,433,12-15,20,11,31
2001,2,Districte II,5,Collblanc,210,12-15,7,16,23
2012,5,Districte V,10,Pubilla Cases,524,16-17,8,7,15
1995,3,Districte III,6,Santa Eulàlia,316,25-34,87,64,151
2012,6,Districte VI,12,Bellvitge,624,12-15,12,14,26
1996,2,Districte II,4,la Torrassa,234,16-17,5,7,12
2002,4,Districte IV,8,les Planes,418,16-17,9,12,21
2008,5,Districte V,10,Pubilla Cases,525,12-15,20,17,37
1994,4,Districte IV,7,la Florida,411,00-02,11,9,20
2014,1,Districte I,3,Sant Josep,121,75 i +,78,43,121
2001,1,Districte I,3,Sant Josep,140,50-64,106,103,209
2016,3,Districte III,13,Granvia Sud,312,18-24,77,51,128
2008,1,Districte I,3,Sant Josep,139,25-34,93,113,206
2016,3,Districte III,6,Santa Eulàlia,301,03-11,153,165,318
2007,1,Districte I,1,Centre,103,75 i +,40,23,63
2006,6,Districte VI,12,Bellvitge,628,50-64,134,110,244
2002,6,Districte VI,12,Bellvitge,624,50-64,168,161,329
2003,4,Districte IV,8,les Planes,442,75 i +,28,21,49
1994,5,Districte V,10,Pubilla Cases,510,65-74,64,39,103
2015,6,Districte VI,12,Bellvitge,602,18-24,35,52,87
2008,4,Districte IV,8,les Planes,418,75 i +,63,42,105
1994,4,Districte IV,7,la Florida,423,03-11,33,34,67
2008,2,Districte II,5,Collblanc,210,18-24,20,25,45
1997,1,Districte I,3,Sant Josep,125,03-11,36,37,73
1996,1,Districte I,1,Centre,111,16-17,10,20,30
2000,2,Districte II,5,Collblanc,221,75 i +,33,31,64
2016,1,Districte I,3,Sant Josep,138,35-49,83,66,149
2016,1,Districte I,1,Centre,111,03-11,33,27,60
2016,4,Districte IV,8,les Planes,435,25-34,93,87,180
2010,5,Districte V,10,Pubilla Cases,526,18-24,26,37,63
1995,4,Districte IV,7,la Florida,415,12-15,21,16,37
2007,5,Districte V,9,Can Serra,521,25-34,61,96,157
2006,2,Districte II,4,la Torrassa,243,18-24,65,51,116
2006,1,Districte I,3,Sant Josep,139,25-34,94,101,195
1995,6,Districte VI,12,Bellvitge,628,12-15,34,45,79
2006,1,Districte I,2,Sanfeliu,118,35-49,188,169,357
1997,1,Districte I,3,Sant Josep,115,12-15,35,30,65
2003,4,Districte IV,8,les Planes,440,65-74,58,58,116
2006,2,Districte II,4,la Torrassa,232,18-24,39,42,81
1996,6,Districte VI,12,Bellvitge,612,16-17,14,17,31
2002,1,Districte I,3,Sant Josep,117,16-17,34,27,61
1995,3,Districte III,6,Santa Eulàlia,313,25-34,149,150,299
2004,5,Districte V,10,Pubilla Cases,522,75 i +,35,21,56
1995,4,Districte IV,7,la Florida,431,65-74,82,76,158
2008,4,Districte IV,7,la Florida,425,16-17,8,10,18
1997,1,Districte I,3,Sant Josep,138,35-49,117,120,237
2015,3,Districte III,6,Santa Eulàlia,303,00-02,25,23,48
2001,4,Districte IV,8,les Planes,441,12-15,62,50,112
1995,2,Districte II,4,la Torrassa,238,18-24,33,42,75
1996,5,Districte V,9,Can Serra,504,16-17,9,25,34
1998,2,Districte II,4,la Torrassa,239,75 i +,60,36,96
2013,2,Districte II,4,la Torrassa,240,16-17,18,13,31
1994,1,Districte I,3,Sant Josep,127,65-74,34,30,64
2011,4,Districte IV,7,la Florida,417,03-11,36,42,78
2001,3,Districte III,6,Santa Eulàlia,320,25-34,96,109,205
2004,3,Districte III,6,Santa Eulàlia,318,35-49,120,108,228
2008,5,Districte V,9,Can Serra,505,65-74,93,106,199
2015,1,Districte I,1,Centre,135,03-11,45,56,101
2011,4,Districte IV,7,la Florida,415,35-49,97,146,243
1999,2,Districte II,5,Collblanc,202,35-49,52,53,105
2007,1,Districte I,3,Sant Josep,119,35-49,122,122,244
2001,1,Districte I,1,Centre,107,25-34,163,196,359
2015,1,Districte I,3,Sant Josep,106,50-64,236,169,405
1998,3,Districte III,6,Santa Eulàlia,311,03-11,36,47,83
2016,5,Districte V,10,Pubilla Cases,525,00-02,15,24,39
2013,2,Districte II,5,Collblanc,213,00-02,11,12,23
2015,1,Districte I,1,Centre,104,35-49,110,115,225
2006,2,Districte II,5,Collblanc,216,50-64,140,112,252
2003,1,Districte I,3,Sant Josep,115,16-17,7,13,20
1997,6,Districte VI,12,Bellvitge,614,03-11,28,43,71
2004,5,Districte V,9,Can Serra,535,00-02,12,10,22
1994,5,Districte V,10,Pubilla Cases,518,18-24,70,79,149
1999,2,Districte II,5,Collblanc,222,35-49,71,68,139
2008,2,Districte II,5,Collblanc,201,18-24,29,40,69
2001,4,Districte IV,8,les Planes,441,35-49,241,240,481
1996,5,Districte V,9,Can Serra,502,03-11,51,44,95
1995,4,Districte IV,8,les Planes,420,18-24,78,72,150
2008,6,Districte VI,12,Bellvitge,620,03-11,14,24,38
2005,2,Districte II,4,la Torrassa,218,03-11,24,22,46
2008,1,Districte I,1,Centre,101,50-64,132,122,254
1998,1,Districte I,2,Sanfeliu,118,50-64,135,160,295
2007,5,Districte V,10,Pubilla Cases,534,18-24,33,40,73
2013,6,Districte VI,12,Bellvitge,623,75 i +,60,45,105
2011,5,Districte V,10,Pubilla Cases,524,03-11,57,62,119
2009,4,Districte IV,7,la Florida,423,03-11,46,31,77
2003,2,Districte II,4,la Torrassa,236,03-11,44,25,69
2014,5,Districte V,10,Pubilla Cases,526,65-74,76,56,132
2003,5,Districte V,10,Pubilla Cases,515,00-02,7,5,12
1994,3,Districte III,6,Santa Eulàlia,303,16-17,33,30,63
2002,5,Districte V,10,Pubilla Cases,509,16-17,5,7,12
2001,6,Districte VI,12,Bellvitge,627,75 i +,24,15,39
1999,2,Districte II,5,Collblanc,210,18-24,40,38,78
2002,1,Districte I,1,Centre,102,65-74,99,79,178
1997,4,Districte IV,7,la Florida,416,50-64,89,80,169
2010,5,Districte V,10,Pubilla Cases,529,18-24,51,61,112
1999,1,Districte I,1,Centre,105,25-34,73,90,163
2010,3,Districte III,6,Santa Eulàlia,305,03-11,69,54,123
2009,2,Districte II,5,Collblanc,210,75 i +,109,52,161
1997,4,Districte IV,8,les Planes,442,35-49,63,53,116
2007,5,Districte V,10,Pubilla Cases,527,75 i +,58,30,88
2002,1,Districte I,3,Sant Josep,140,25-34,82,100,182
2003,2,Districte II,5,Collblanc,213,12-15,24,15,39
2014,4,Districte IV,7,la Florida,404,03-11,80,62,142
2009,3,Districte III,6,Santa Eulàlia,306,12-15,29,31,60
2006,2,Districte II,4,la Torrassa,230,25-34,105,110,215
2007,2,Districte II,4,la Torrassa,236,50-64,101,79,180
1998,3,Districte III,6,Santa Eulàlia,306,35-49,180,171,351
1995,1,Districte I,3,Sant Josep,119,25-34,96,106,202
2014,1,Districte I,3,Sant Josep,115,12-15,16,29,45
2003,6,Districte VI,12,Bellvitge,609,35-49,71,63,134
2004,6,Districte VI,11,el Gornal,626,00-02,11,14,25
2015,5,Districte V,10,Pubilla Cases,523,35-49,176,178,354
1998,2,Districte II,4,la Torrassa,245,16-17,16,8,24
2016,3,Districte III,6,Santa Eulàlia,308,25-34,102,99,201
1998,1,Districte I,1,Centre,131,03-11,60,53,113
2001,2,Districte II,5,Collblanc,225,25-34,36,43,79
2016,5,Districte V,10,Pubilla Cases,528,50-64,105,80,185
1994,2,Districte II,4,la Torrassa,240,50-64,90,80,170
1994,1,Districte I,3,Sant Josep,106,00-02,14,27,41
2000,2,Districte II,4,la Torrassa,239,16-17,8,7,15
2004,3,Districte III,6,Santa Eulàlia,313,00-02,34,25,59
2008,3,Districte III,6,Santa Eulàlia,321,12-15,27,38,65
1999,5,Districte V,10,Pubilla Cases,537,35-49,111,110,221
2001,2,Districte II,5,Collblanc,207,03-11,15,20,35
1998,1,Districte I,1,Centre,103,12-15,18,15,33
2005,6,Districte VI,12,Bellvitge,603,12-15,13,13,26
2011,6,Districte VI,12,Bellvitge,603,35-49,80,79,159
1994,5,Districte V,10,Pubilla Cases,525,25-34,71,83,154
2002,1,Districte I,2,Sanfeliu,118,16-17,18,24,42
2002,4,Districte IV,7,la Florida,414,03-11,29,32,61
2013,2,Districte II,5,Collblanc,214,16-17,26,21,47
2012,6,Districte VI,11,el Gornal,632,65-74,60,48,108
2005,4,Districte IV,7,la Florida,406,75 i +,44,45,89
1995,6,Districte VI,12,Bellvitge,605,65-74,30,29,59
2011,3,Districte III,6,Santa Eulàlia,308,03-11,106,114,220
2009,1,Districte I,3,Sant Josep,127,00-02,5,11,16
2004,1,Districte I,3,Sant Josep,114,25-34,157,143,300
1999,2,Districte II,5,Collblanc,209,18-24,25,29,54
2016,2,Districte II,5,Collblanc,209,50-64,102,91,193
2004,4,Districte IV,7,la Florida,406,16-17,15,9,24
2009,2,Districte II,5,Collblanc,225,25-34,47,59,106
2012,5,Districte V,9,Can Serra,505,25-34,68,61,129
2013,3,Districte III,6,Santa Eulàlia,315,65-74,62,62,124
1996,1,Districte I,3,Sant Josep,119,18-24,137,135,272
2014,5,Districte V,10,Pubilla Cases,525,25-34,78,56,134
2007,2,Districte II,5,Collblanc,244,16-17,7,3,10
2014,1,Districte I,3,Sant Josep,121,50-64,55,73,128
2008,5,Districte V,9,Can Serra,502,00-02,31,21,52
2012,5,Districte V,10,Pubilla Cases,508,65-74,27,21,48
2014,4,Districte IV,7,la Florida,403,12-15,19,15,34
2015,5,Districte V,9,Can Serra,535,65-74,100,73,173
2001,5,Districte V,10,Pubilla Cases,520,25-34,64,75,139
2005,5,Districte V,9,Can Serra,507,00-02,16,13,29
2009,6,Districte VI,12,Bellvitge,620,12-15,5,9,14
2007,5,Districte V,10,Pubilla Cases,533,65-74,65,42,107
2003,1,Districte I,1,Centre,130,50-64,74,60,134
2016,5,Districte V,10,Pubilla Cases,523,03-11,57,51,108
1996,4,Districte IV,7,la Florida,423,25-34,82,80,162
2014,5,Districte V,10,Pubilla Cases,534,75 i +,68,49,117
2013,6,Districte VI,12,Bellvitge,613,03-11,44,53,97
2004,4,Districte IV,7,la Florida,421,16-17,6,5,11
2000,2,Districte II,4,la Torrassa,232,35-49,92,88,180
2015,6,Districte VI,12,Bellvitge,623,18-24,36,46,82
1994,1,Districte I,1,Centre,113,65-74,43,36,79
1994,6,Districte VI,12,Bellvitge,621,65-74,33,21,54
2016,5,Districte V,9,Can Serra,504,35-49,127,128,255
2005,4,Districte IV,7,la Florida,423,65-74,69,70,139
2014,5,Districte V,10,Pubilla Cases,511,12-15,34,37,71
2012,1,Districte I,1,Centre,111,00-02,10,5,15
2000,3,Districte III,6,Santa Eulàlia,304,03-11,32,43,75
2013,5,Districte V,9,Can Serra,521,00-02,15,10,25
1996,2,Districte II,5,Collblanc,225,75 i +,25,25,50
1996,6,Districte VI,12,Bellvitge,623,00-02,20,19,39
2010,2,Districte II,4,la Torrassa,249,65-74,56,34,90
2012,6,Districte VI,11,el Gornal,616,50-64,292,273,565
2009,5,Districte V,10,Pubilla Cases,512,00-02,13,16,29
2014,1,Districte I,1,Centre,104,16-17,10,8,18
2000,6,Districte VI,12,Bellvitge,611,65-74,81,76,157
1995,2,Districte II,5,Collblanc,220,00-02,3,4,7
2015,3,Districte III,13,Granvia Sud,320,35-49,198,190,388
1999,5,Districte V,10,Pubilla Cases,513,03-11,16,20,36
2015,6,Districte VI,12,Bellvitge,624,16-17,4,6,10
2010,4,Districte IV,7,la Florida,424,00-02,9,14,23
2000,3,Districte III,6,Santa Eulàlia,313,50-64,156,161,317
2011,2,Districte II,4,la Torrassa,234,35-49,135,144,279
2012,5,Districte V,10,Pubilla Cases,531,12-15,12,21,33
1996,4,Districte IV,7,la Florida,417,65-74,42,31,73
2012,2,Districte II,5,Collblanc,223,03-11,46,57,103
2003,6,Districte VI,12,Bellvitge,630,12-15,17,19,36
2010,2,Districte II,4,la Torrassa,228,65-74,47,29,76
1998,2,Districte II,4,la Torrassa,245,50-64,87,75,162
2005,3,Districte III,6,Santa Eulàlia,315,25-34,163,191,354
2015,3,Districte III,6,Santa Eulàlia,313,16-17,23,17,40
2008,2,Districte II,5,Collblanc,221,00-02,10,14,24
2006,6,Districte VI,12,Bellvitge,628,12-15,18,15,33
1998,4,Districte IV,8,les Planes,441,35-49,257,252,509
2015,4,Districte IV,8,les Planes,441,16-17,19,17,36
1999,3,Districte III,6,Santa Eulàlia,322,00-02,20,11,31
2015,6,Districte VI,12,Bellvitge,602,16-17,13,15,28
2000,2,Districte II,4,la Torrassa,248,25-34,92,109,201
1997,2,Districte II,4,la Torrassa,235,16-17,9,12,21
2011,1,Districte I,3,Sant Josep,114,65-74,120,100,220
2012,2,Districte II,5,Collblanc,216,03-11,47,44,91
2012,5,Districte V,10,Pubilla Cases,528,16-17,12,11,23
2002,3,Districte III,6,Santa Eulàlia,322,25-34,130,145,275
2005,2,Districte II,5,Collblanc,206,03-11,23,26,49
1997,1,Districte I,1,Centre,101,03-11,61,69,130
1995,5,Districte V,9,Can Serra,535,12-15,29,42,71
2012,2,Districte II,4,la Torrassa,247,75 i +,83,43,126
2013,3,Districte III,6,Santa Eulàlia,322,18-24,44,42,86
2007,4,Districte IV,7,la Florida,413,35-49,68,94,162
1997,2,Districte II,4,la Torrassa,236,25-34,78,84,162
2005,2,Districte II,5,Collblanc,209,35-49,120,122,242
2006,1,Districte I,1,Centre,101,75 i +,40,32,72
2004,6,Districte VI,12,Bellvitge,614,65-74,61,56,117
2013,1,Districte I,2,Sanfeliu,132,35-49,226,260,486
2006,6,Districte VI,12,Bellvitge,625,35-49,140,114,254
1995,1,Districte I,3,Sant Josep,136,00-02,15,8,23
2012,6,Districte VI,12,Bellvitge,614,00-02,8,17,25
2016,4,Districte IV,7,la Florida,409,12-15,25,28,53
2008,1,Districte I,1,Centre,103,25-34,70,94,164
1998,3,Districte III,6,Santa Eulàlia,306,25-34,112,107,219
2000,1,Districte I,2,Sanfeliu,116,50-64,176,173,349
2012,6,Districte VI,12,Bellvitge,609,65-74,74,76,150
2001,3,Districte III,6,Santa Eulàlia,317,12-15,13,18,31
2002,5,Districte V,10,Pubilla Cases,536,25-34,72,82,154
2003,5,Districte V,10,Pubilla Cases,530,03-11,40,47,87
1999,2,Districte II,4,la Torrassa,233,50-64,73,68,141
2008,1,Districte I,3,Sant Josep,114,65-74,93,92,185
2007,1,Districte I,1,Centre,124,75 i +,35,23,58
2003,3,Districte III,6,Santa Eulàlia,307,65-74,67,56,123
2005,2,Districte II,4,la Torrassa,238,65-74,50,40,90
2013,4,Districte IV,7,la Florida,423,65-74,52,41,93
2003,1,Districte I,3,Sant Josep,136,18-24,71,57,128
2005,4,Districte IV,7,la Florida,428,03-11,23,22,45
2006,5,Districte V,10,Pubilla Cases,537,16-17,13,8,21
2009,5,Districte V,10,Pubilla Cases,512,75 i +,46,25,71
2013,1,Districte I,2,Sanfeliu,116,65-74,112,99,211
2009,4,Districte IV,8,les Planes,436,65-74,34,19,53
2012,2,Districte II,5,Collblanc,205,00-02,13,9,22
2001,4,Districte IV,7,la Florida,409,50-64,66,61,127
2003,3,Districte III,6,Santa Eulàlia,302,18-24,59,65,124
2012,2,Districte II,4,la Torrassa,232,18-24,40,35,75
2012,5,Districte V,10,Pubilla Cases,514,50-64,52,56,108
2007,5,Districte V,10,Pubilla Cases,526,03-11,22,28,50
2001,4,Districte IV,7,la Florida,408,75 i +,36,21,57
1995,1,Districte I,2,Sanfeliu,132,75 i +,61,23,84
2001,4,Districte IV,7,la Florida,430,16-17,9,11,20
2011,6,Districte VI,12,Bellvitge,625,00-02,10,12,22
1994,6,Districte VI,12,Bellvitge,602,75 i +,13,9,22
1994,4,Districte IV,7,la Florida,426,35-49,78,90,168
2003,4,Districte IV,8,les Planes,419,65-74,42,42,84
1995,6,Districte VI,12,Bellvitge,604,12-15,15,22,37
2015,5,Districte V,10,Pubilla Cases,532,00-02,21,24,45
2005,4,Districte IV,8,les Planes,441,65-74,87,76,163
2014,4,Districte IV,7,la Florida,407,18-24,36,34,70
2007,6,Districte VI,12,Bellvitge,601,25-34,118,127,245
1999,1,Districte I,1,Centre,111,03-11,37,29,66
2015,4,Districte IV,7,la Florida,422,25-34,93,104,197
1997,1,Districte I,1,Centre,103,12-15,26,15,41
1998,3,Districte III,6,Santa Eulàlia,319,00-02,5,9,14
2007,1,Districte I,1,Centre,130,50-64,62,71,133
2004,3,Districte III,6,Santa Eulàlia,320,50-64,102,97,199
2010,5,Districte V,10,Pubilla Cases,513,03-11,30,27,57
2010,6,Districte VI,12,Bellvitge,619,65-74,107,92,199
2006,2,Districte II,4,la Torrassa,211,12-15,16,24,40
1996,1,Districte I,1,Centre,111,03-11,50,37,87
2008,2,Districte II,5,Collblanc,220,65-74,46,26,72
2007,2,Districte II,4,la Torrassa,245,18-24,31,44,75
2011,2,Districte II,5,Collblanc,219,18-24,59,52,111
2012,6,Districte VI,12,Bellvitge,614,65-74,80,72,152
2013,5,Districte V,10,Pubilla Cases,531,16-17,9,9,18
1997,4,Districte IV,7,la Florida,407,12-15,12,21,33
2015,5,Districte V,10,Pubilla Cases,526,12-15,24,30,54
2010,2,Districte II,5,Collblanc,224,35-49,83,97,180
2003,2,Districte II,5,Collblanc,207,16-17,3,4,7
2012,4,Districte IV,7,la Florida,411,65-74,72,59,131
2012,2,Districte II,5,Collblanc,223,50-64,90,90,180
2015,1,Districte I,1,Centre,128,25-34,70,78,148
2013,3,Districte III,6,Santa Eulàlia,323,03-11,86,89,175
2003,3,Districte III,6,Santa Eulàlia,319,35-49,157,152,309
2003,2,Districte II,4,la Torrassa,232,00-02,14,17,31
2006,6,Districte VI,12,Bellvitge,619,65-74,104,95,199
2000,6,Districte VI,12,Bellvitge,619,03-11,36,46,82
2014,6,Districte VI,12,Bellvitge,619,65-74,91,74,165
2008,2,Districte II,4,la Torrassa,235,16-17,12,9,21
1996,1,Districte I,1,Centre,130,03-11,25,27,52
2007,2,Districte II,5,Collblanc,202,18-24,22,41,63
2000,4,Districte IV,7,la Florida,405,00-02,16,12,28
2011,5,Districte V,10,Pubilla Cases,538,65-74,77,42,119
2016,5,Districte V,10,Pubilla Cases,533,03-11,91,89,180
1994,3,Districte III,6,Santa Eulàlia,320,16-17,16,19,35
2003,4,Districte IV,7,la Florida,406,03-11,40,43,83
2004,5,Districte V,9,Can Serra,507,35-49,89,90,179
2000,4,Districte IV,7,la Florida,424,50-64,66,56,122
1997,3,Districte III,6,Santa Eulàlia,304,12-15,15,14,29
2009,5,Districte V,10,Pubilla Cases,533,25-34,122,145,267
2007,4,Districte IV,7,la Florida,425,16-17,8,13,21
1997,5,Districte V,10,Pubilla Cases,520,35-49,93,76,169
2016,3,Districte III,6,Santa Eulàlia,321,25-34,129,128,257
1995,4,Districte IV,8,les Planes,419,25-34,75,79,154
2012,3,Districte III,6,Santa Eulàlia,324,35-49,155,168,323
2012,5,Districte V,10,Pubilla Cases,508,18-24,26,20,46
2016,6,Districte VI,12,Bellvitge,613,00-02,12,12,24
2002,5,Districte V,10,Pubilla Cases,537,18-24,66,68,134
2010,1,Districte I,3,Sant Josep,120,16-17,27,19,46
1999,5,Districte V,10,Pubilla Cases,508,25-34,41,60,101
2015,4,Districte IV,7,la Florida,409,35-49,219,241,460
1994,4,Districte IV,7,la Florida,416,35-49,48,48,96
2012,4,Districte IV,7,la Florida,410,50-64,152,128,280
1994,1,Districte I,3,Sant Josep,138,35-49,119,116,235
1994,5,Districte V,10,Pubilla Cases,516,03-11,21,12,33
2002,2,Districte II,4,la Torrassa,236,12-15,18,16,34
2004,5,Districte V,9,Can Serra,503,16-17,14,8,22
2010,5,Districte V,10,Pubilla Cases,526,12-15,8,18,26
2016,3,Districte III,6,Santa Eulàlia,307,75 i +,91,65,156
2000,3,Districte III,6,Santa Eulàlia,319,12-15,15,15,30
2010,1,Districte I,1,Centre,133,03-11,44,34,78
1995,5,Districte V,9,Can Serra,535,16-17,20,26,46
2005,4,Districte IV,7,la Florida,413,75 i +,42,26,68
2007,2,Districte II,4,la Torrassa,238,50-64,70,69,139
1994,6,Districte VI,12,Bellvitge,610,35-49,170,100,270
1995,4,Districte IV,8,les Planes,439,50-64,117,118,235
2011,5,Districte V,10,Pubilla Cases,527,00-02,18,21,39
1995,1,Districte I,2,Sanfeliu,129,00-02,17,5,22
2013,5,Districte V,10,Pubilla Cases,511,65-74,113,88,201
2006,4,Districte IV,7,la Florida,425,16-17,8,7,15
2015,6,Districte VI,12,Bellvitge,610,75 i +,74,69,143
2015,3,Districte III,6,Santa Eulàlia,309,65-74,43,46,89
1998,3,Districte III,6,Santa Eulàlia,302,03-11,50,48,98
2008,4,Districte IV,8,les Planes,437,75 i +,41,24,65
1997,5,Districte V,10,Pubilla Cases,519,03-11,18,28,46
2009,2,Districte II,4,la Torrassa,217,25-34,72,97,169
2016,3,Districte III,6,Santa Eulàlia,319,50-64,145,136,281
1994,6,Districte VI,12,Bellvitge,621,00-02,19,23,42
2008,1,Districte I,3,Sant Josep,139,12-15,14,19,33
2006,5,Districte V,9,Can Serra,521,03-11,25,34,59
1999,2,Districte II,4,la Torrassa,242,35-49,88,90,178
2008,1,Districte I,1,Centre,131,18-24,50,56,106
2006,5,Districte V,10,Pubilla Cases,514,75 i +,30,18,48
2004,5,Districte V,10,Pubilla Cases,519,16-17,3,3,6
1999,3,Districte III,6,Santa Eulàlia,324,16-17,10,9,19
2011,2,Districte II,5,Collblanc,208,16-17,8,15,23
2009,4,Districte IV,8,les Planes,435,50-64,79,78,157
2011,6,Districte VI,12,Bellvitge,609,75 i +,33,29,62
2002,2,Districte II,4,la Torrassa,246,16-17,11,7,18
1998,5,Districte V,10,Pubilla Cases,520,00-02,7,11,18
2011,1,Districte I,1,Centre,108,50-64,149,125,274
1999,4,Districte IV,8,les Planes,435,12-15,16,27,43
2001,1,Districte I,1,Centre,109,03-11,37,39,76
2012,1,Districte I,1,Centre,123,50-64,128,119,247
2010,4,Districte IV,7,la Florida,412,50-64,177,149,326
2010,2,Districte II,4,la Torrassa,236,65-74,67,48,115
2009,6,Districte VI,12,Bellvitge,609,16-17,4,7,11
1996,4,Districte IV,7,la Florida,407,25-34,95,112,207
2011,1,Districte I,1,Centre,130,50-64,62,63,125
2011,3,Districte III,6,Santa Eulàlia,307,18-24,30,48,78
2004,2,Districte II,4,la Torrassa,217,35-49,78,89,167
2008,1,Districte I,3,Sant Josep,115,65-74,59,42,101
2013,1,Districte I,3,Sant Josep,122,50-64,55,44,99
2016,3,Districte III,6,Santa Eulàlia,321,65-74,167,150,317
1996,2,Districte II,5,Collblanc,205,03-11,33,37,70
2007,4,Districte IV,7,la Florida,412,35-49,171,174,345
2008,5,Districte V,9,Can Serra,504,35-49,93,117,210
1994,2,Districte II,4,la Torrassa,235,18-24,90,66,156
1997,4,Districte IV,8,les Planes,419,35-49,49,71,120
2002,2,Districte II,5,Collblanc,221,65-74,77,65,142
2000,6,Districte VI,12,Bellvitge,611,18-24,78,75,153
2006,2,Districte II,4,la Torrassa,233,12-15,12,13,25
1999,5,Districte V,10,Pubilla Cases,517,18-24,41,61,102
1994,3,Districte III,6,Santa Eulàlia,307,12-15,58,54,112
2008,2,Districte II,5,Collblanc,223,50-64,106,87,193
2003,2,Districte II,5,Collblanc,226,12-15,15,20,35
2003,5,Districte V,9,Can Serra,501,12-15,15,14,29
1994,5,Districte V,10,Pubilla Cases,520,00-02,7,7,14
1997,4,Districte IV,7,la Florida,409,12-15,20,15,35
2009,3,Districte III,6,Santa Eulàlia,305,18-24,86,78,164
2006,2,Districte II,4,la Torrassa,246,25-34,129,138,267
2013,2,Districte II,5,Collblanc,223,03-11,49,57,106
1996,1,Districte I,1,Centre,110,16-17,24,31,55
2002,2,Districte II,4,la Torrassa,217,03-11,21,19,40
2013,1,Districte I,3,Sant Josep,120,75 i +,68,40,108
1995,1,Districte I,2,Sanfeliu,118,16-17,51,46,97
2004,2,Districte II,5,Collblanc,209,75 i +,86,53,139
2002,5,Districte V,9,Can Serra,535,75 i +,41,28,69
1998,2,Districte II,4,la Torrassa,243,65-74,102,87,189
2002,5,Districte V,10,Pubilla Cases,509,65-74,43,37,80
2002,2,Districte II,4,la Torrassa,217,35-49,66,77,143
1996,4,Districte IV,8,les Planes,440,16-17,20,18,38
1999,1,Districte I,1,Centre,130,75 i +,61,37,98
2005,5,Districte V,10,Pubilla Cases,531,03-11,32,46,78
1995,5,Districte V,9,Can Serra,501,03-11,32,42,74
2010,5,Districte V,10,Pubilla Cases,538,12-15,19,25,44
2003,2,Districte II,5,Collblanc,222,12-15,20,15,35
2010,2,Districte II,5,Collblanc,203,03-11,26,47,73
1998,2,Districte II,4,la Torrassa,218,03-11,17,24,41
2011,2,Districte II,5,Collblanc,205,00-02,10,8,18
2007,6,Districte VI,11,el Gornal,632,25-34,80,93,173
2009,1,Districte I,1,Centre,112,03-11,61,56,117
2009,6,Districte VI,12,Bellvitge,606,65-74,73,59,132
2008,2,Districte II,5,Collblanc,225,03-11,9,16,25
2016,3,Districte III,6,Santa Eulàlia,309,25-34,88,82,170
2003,5,Districte V,10,Pubilla Cases,517,75 i +,47,26,73
1999,5,Districte V,9,Can Serra,505,16-17,15,15,30
1998,3,Districte III,6,Santa Eulàlia,315,25-34,125,123,248
2003,4,Districte IV,7,la Florida,407,00-02,14,15,29
1996,4,Districte IV,7,la Florida,427,12-15,13,12,25
2007,4,Districte IV,8,les Planes,439,50-64,60,58,118
2007,5,Districte V,10,Pubilla Cases,523,16-17,14,13,27
2012,4,Districte IV,8,les Planes,437,18-24,32,44,76
2005,3,Districte III,6,Santa Eulàlia,307,50-64,215,187,402
2014,1,Districte I,1,Centre,123,16-17,9,16,25
1997,6,Districte VI,12,Bellvitge,619,65-74,69,56,125
2008,4,Districte IV,7,la Florida,428,16-17,4,8,12
2016,6,Districte VI,12,Bellvitge,627,50-64,115,78,193
2002,4,Districte IV,7,la Florida,406,75 i +,49,38,87
2003,5,Districte V,10,Pubilla Cases,514,12-15,15,8,23
2007,6,Districte VI,11,el Gornal,626,75 i +,44,39,83
2001,3,Districte III,6,Santa Eulàlia,304,18-24,48,48,96
1997,1,Districte I,1,Centre,105,16-17,31,25,56
2000,1,Districte I,3,Sant Josep,120,25-34,151,129,280
2012,3,Districte III,6,Santa Eulàlia,308,35-49,266,238,504
2016,3,Districte III,6,Santa Eulàlia,318,16-17,8,6,14
2016,2,Districte II,5,Collblanc,204,25-34,133,117,250
2016,3,Districte III,6,Santa Eulàlia,313,75 i +,96,69,165
2012,5,Districte V,10,Pubilla Cases,537,12-15,13,23,36
2012,2,Districte II,5,Collblanc,223,75 i +,63,46,109
2005,2,Districte II,5,Collblanc,206,00-02,7,17,24
2004,2,Districte II,4,la Torrassa,243,65-74,104,83,187
2012,1,Districte I,3,Sant Josep,125,12-15,27,30,57
2005,1,Districte I,1,Centre,101,65-74,50,48,98
1996,3,Districte III,6,Santa Eulàlia,301,75 i +,78,27,105
2006,2,Districte II,4,la Torrassa,211,75 i +,89,44,133
2011,3,Districte III,6,Santa Eulàlia,322,12-15,28,29,57
2008,2,Districte II,5,Collblanc,202,00-02,13,19,32
2000,5,Districte V,9,Can Serra,506,35-49,222,187,409
2012,5,Districte V,9,Can Serra,506,35-49,166,183,349
1994,3,Districte III,6,Santa Eulàlia,324,03-11,48,34,82
1997,3,Districte III,6,Santa Eulàlia,316,16-17,49,58,107
1994,2,Districte II,4,la Torrassa,243,03-11,51,42,93
2009,3,Districte III,6,Santa Eulàlia,323,35-49,328,344,672
2004,5,Districte V,10,Pubilla Cases,537,18-24,58,66,124
1996,2,Districte II,4,la Torrassa,238,75 i +,52,25,77
1998,2,Districte II,4,la Torrassa,234,65-74,86,55,141
2001,1,Districte I,3,Sant Josep,114,16-17,20,17,37
2013,5,Districte V,10,Pubilla Cases,533,65-74,105,63,168
2004,6,Districte VI,12,Bellvitge,619,00-02,11,17,28
2014,5,Districte V,9,Can Serra,501,12-15,28,23,51
1996,1,Districte I,2,Sanfeliu,132,65-74,64,59,123
2009,3,Districte III,6,Santa Eulàlia,325,75 i +,174,94,268
2015,1,Districte I,1,Centre,124,50-64,88,71,159
1995,1,Districte I,2,Sanfeliu,129,50-64,108,120,228
2015,3,Districte III,6,Santa Eulàlia,324,18-24,31,34,65
2004,5,Districte V,10,Pubilla Cases,509,35-49,92,99,191
2007,3,Districte III,6,Santa Eulàlia,323,16-17,31,24,55
2012,6,Districte VI,12,Bellvitge,619,50-64,144,129,273
2015,3,Districte III,6,Santa Eulàlia,320,03-11,11,7,18
2010,5,Districte V,10,Pubilla Cases,524,00-02,25,28,53
1994,3,Districte III,6,Santa Eulàlia,317,25-34,65,71,136
2006,3,Districte III,6,Santa Eulàlia,317,00-02,18,17,35
1998,5,Districte V,9,Can Serra,521,12-15,24,20,44
1996,1,Districte I,1,Centre,130,16-17,7,6,13
2012,5,Districte V,9,Can Serra,503,25-34,47,58,105
1997,2,Districte II,5,Collblanc,205,75 i +,29,16,45
2002,4,Districte IV,7,la Florida,411,35-49,90,89,179
2015,2,Districte II,4,la Torrassa,231,18-24,39,49,88
2006,4,Districte IV,7,la Florida,426,35-49,126,120,246
2007,4,Districte IV,7,la Florida,405,18-24,33,28,61
2015,2,Districte II,5,Collblanc,220,35-49,226,206,432
2007,1,Districte I,3,Sant Josep,114,75 i +,74,45,119
1995,2,Districte II,5,Collblanc,204,50-64,58,55,113
1998,3,Districte III,6,Santa Eulàlia,314,25-34,174,175,349
1999,1,Districte I,1,Centre,101,03-11,58,62,120
2005,4,Districte IV,7,la Florida,402,00-02,12,12,24
2016,5,Districte V,9,Can Serra,505,35-49,135,128,263
2005,2,Districte II,5,Collblanc,223,16-17,7,7,14
1997,4,Districte IV,8,les Planes,420,00-02,17,6,23
1996,3,Districte III,6,Santa Eulàlia,323,00-02,37,39,76
1994,5,Districte V,9,Can Serra,521,18-24,134,125,259
2015,2,Districte II,4,la Torrassa,239,12-15,17,17,34
2002,5,Districte V,10,Pubilla Cases,515,16-17,5,5,10
2006,1,Districte I,3,Sant Josep,117,16-17,22,12,34
1999,2,Districte II,4,la Torrassa,232,16-17,9,11,20
2002,1,Districte I,1,Centre,112,50-64,150,156,306
2014,3,Districte III,6,Santa Eulàlia,301,25-34,162,166,328
1998,5,Districte V,10,Pubilla Cases,532,16-17,10,15,25
2014,3,Districte III,6,Santa Eulàlia,307,18-24,29,39,68
2007,2,Districte II,4,la Torrassa,249,50-64,90,82,172
2000,6,Districte VI,11,el Gornal,629,75 i +,24,7,31
1998,1,Districte I,1,Centre,110,16-17,16,14,30
2008,1,Districte I,3,Sant Josep,136,65-74,64,43,107
2002,5,Districte V,10,Pubilla Cases,529,25-34,115,124,239
2010,5,Districte V,10,Pubilla Cases,533,50-64,57,59,116
1994,6,Districte VI,12,Bellvitge,602,25-34,63,60,123
2007,2,Districte II,4,la Torrassa,247,50-64,103,100,203
2004,2,Districte II,5,Collblanc,206,50-64,65,61,126
2014,1,Districte I,3,Sant Josep,126,65-74,87,82,169
1996,3,Districte III,6,Santa Eulàlia,312,00-02,11,14,25
2012,5,Districte V,9,Can Serra,506,03-11,58,79,137
2010,1,Districte I,3,Sant Josep,122,65-74,76,60,136
1997,3,Districte III,6,Santa Eulàlia,301,00-02,21,26,47
1996,2,Districte II,5,Collblanc,202,50-64,78,77,155
2010,1,Districte I,1,Centre,104,00-02,10,12,22
2009,2,Districte II,4,la Torrassa,233,75 i +,50,26,76
2007,3,Districte III,6,Santa Eulàlia,309,75 i +,33,18,51
2011,1,Districte I,2,Sanfeliu,132,65-74,97,102,199
2014,5,Districte V,10,Pubilla Cases,514,65-74,58,34,92
2005,3,Districte III,6,Santa Eulàlia,302,03-11,36,49,85
2010,4,Districte IV,8,les Planes,438,03-11,30,34,64
2014,4,Districte IV,8,les Planes,441,00-02,22,21,43
2004,1,Districte I,1,Centre,130,65-74,93,69,162
1999,2,Districte II,4,la Torrassa,232,03-11,31,26,57
2008,2,Districte II,4,la Torrassa,243,50-64,120,108,228
2011,3,Districte III,6,Santa Eulàlia,318,03-11,24,37,61
1997,1,Districte I,2,Sanfeliu,129,12-15,30,24,54
1999,2,Districte II,4,la Torrassa,246,65-74,75,58,133
2004,4,Districte IV,7,la Florida,412,35-49,172,179,351
2013,5,Districte V,9,Can Serra,504,25-34,68,60,128
2009,3,Districte III,6,Santa Eulàlia,308,75 i +,93,46,139
2003,3,Districte III,6,Santa Eulàlia,301,00-02,36,36,72
2003,6,Districte VI,12,Bellvitge,607,12-15,17,12,29
2008,4,Districte IV,8,les Planes,418,65-74,76,65,141
2010,1,Districte I,1,Centre,107,75 i +,94,47,141
1997,4,Districte IV,8,les Planes,419,18-24,44,54,98
2005,3,Districte III,6,Santa Eulàlia,321,12-15,38,52,90
1999,2,Districte II,5,Collblanc,208,75 i +,123,67,190
2006,6,Districte VI,12,Bellvitge,601,00-02,14,21,35
2014,5,Districte V,10,Pubilla Cases,523,00-02,22,16,38
1995,2,Districte II,5,Collblanc,220,35-49,70,61,131
2005,3,Districte III,6,Santa Eulàlia,320,75 i +,31,13,44
1996,5,Districte V,10,Pubilla Cases,515,12-15,13,5,18
2000,4,Districte IV,7,la Florida,409,50-64,71,65,136
1998,3,Districte III,6,Santa Eulàlia,323,75 i +,43,13,56
2000,6,Districte VI,12,Bellvitge,623,16-17,15,19,34
2016,4,Districte IV,7,la Florida,403,12-15,21,9,30
2015,1,Districte I,3,Sant Josep,114,00-02,11,14,25
2006,3,Districte III,6,Santa Eulàlia,305,03-11,63,47,110
2004,1,Districte I,3,Sant Josep,122,00-02,13,13,26
2016,1,Districte I,1,Centre,107,50-64,161,125,286
2009,3,Districte III,6,Santa Eulàlia,315,12-15,25,24,49
2004,4,Districte IV,7,la Florida,421,03-11,33,41,74
2015,2,Districte II,4,la Torrassa,237,35-49,178,188,366
2016,6,Districte VI,11,el Gornal,617,12-15,14,20,34
2011,4,Districte IV,7,la Florida,403,18-24,36,39,75
2015,5,Districte V,9,Can Serra,521,16-17,4,9,13
2012,3,Districte III,6,Santa Eulàlia,313,35-49,235,216,451
2015,5,Districte V,10,Pubilla Cases,537,16-17,10,17,27
2010,5,Districte V,10,Pubilla Cases,510,00-02,18,12,30
2011,4,Districte IV,8,les Planes,433,03-11,60,63,123
2011,6,Districte VI,11,el Gornal,629,03-11,27,12,39
1999,6,Districte VI,11,el Gornal,622,18-24,72,60,132
2006,4,Districte IV,7,la Florida,409,50-64,55,64,119
2005,3,Districte III,6,Santa Eulàlia,302,50-64,195,177,372
1994,5,Districte V,10,Pubilla Cases,509,03-11,29,27,56
2010,3,Districte III,6,Santa Eulàlia,318,25-34,60,50,110
2003,1,Districte I,1,Centre,104,18-24,21,28,49
2005,2,Districte II,4,la Torrassa,249,03-11,37,38,75
2001,4,Districte IV,8,les Planes,439,75 i +,40,25,65
2015,1,Districte I,3,Sant Josep,106,00-02,20,30,50
1999,1,Districte I,1,Centre,107,03-11,50,52,102
2002,6,Districte VI,12,Bellvitge,623,16-17,17,13,30
2004,6,Districte VI,12,Bellvitge,611,35-49,166,198,364
2006,5,Districte V,10,Pubilla Cases,519,03-11,30,34,64
1999,1,Districte I,1,Centre,135,50-64,135,157,292
2009,4,Districte IV,8,les Planes,435,18-24,64,55,119
2006,4,Districte IV,7,la Florida,432,18-24,48,64,112
1995,5,Districte V,10,Pubilla Cases,525,00-02,12,2,14
2015,5,Districte V,10,Pubilla Cases,508,25-34,105,115,220
1999,3,Districte III,6,Santa Eulàlia,311,50-64,141,117,258
2004,4,Districte IV,7,la Florida,416,65-74,54,53,107
1994,5,Districte V,10,Pubilla Cases,520,03-11,32,35,67
2011,2,Districte II,5,Collblanc,216,35-49,142,135,277
2009,5,Districte V,10,Pubilla Cases,508,03-11,27,22,49
2003,2,Districte II,4,la Torrassa,211,12-15,21,16,37
1996,4,Districte IV,7,la Florida,414,35-49,84,70,154
2002,3,Districte III,6,Santa Eulàlia,309,12-15,12,16,28
2011,6,Districte VI,12,Bellvitge,615,16-17,5,6,11
2012,3,Districte III,6,Santa Eulàlia,309,03-11,51,66,117
2011,6,Districte VI,12,Bellvitge,602,75 i +,30,29,59
2008,4,Districte IV,8,les Planes,433,16-17,9,11,20
2007,3,Districte III,6,Santa Eulàlia,321,75 i +,110,57,167
1995,4,Districte IV,7,la Florida,414,25-34,74,72,146
2007,2,Districte II,4,la Torrassa,249,00-02,25,18,43
2014,2,Districte II,5,Collblanc,216,50-64,120,100,220
1996,1,Districte I,1,Centre,124,16-17,13,9,22
1998,5,Districte V,9,Can Serra,504,18-24,81,106,187
2014,3,Districte III,6,Santa Eulàlia,321,25-34,145,135,280
2012,5,Districte V,9,Can Serra,521,03-11,31,39,70
2009,1,Districte I,3,Sant Josep,136,25-34,115,109,224
2006,5,Districte V,9,Can Serra,502,18-24,74,68,142
1996,4,Districte IV,7,la Florida,412,65-74,68,75,143
2015,6,Districte VI,11,el Gornal,617,03-11,31,51,82
2004,2,Districte II,5,Collblanc,210,35-49,72,84,156
2002,1,Districte I,3,Sant Josep,117,65-74,67,58,125
2005,1,Districte I,1,Centre,112,16-17,12,12,24
2010,5,Districte V,10,Pubilla Cases,511,16-17,6,13,19
1997,3,Districte III,6,Santa Eulàlia,323,12-15,83,84,167
2013,2,Districte II,5,Collblanc,205,65-74,50,36,86
1999,1,Districte I,2,Sanfeliu,118,65-74,41,37,78
1999,3,Districte III,6,Santa Eulàlia,311,03-11,34,41,75
2014,2,Districte II,5,Collblanc,208,16-17,9,12,21
1996,5,Districte V,10,Pubilla Cases,538,03-11,24,35,59
1994,4,Districte IV,7,la Florida,422,18-24,59,48,107
2007,2,Districte II,4,la Torrassa,238,12-15,16,14,30
2004,2,Districte II,4,la Torrassa,232,00-02,10,16,26
2008,6,Districte VI,12,Bellvitge,612,18-24,29,37,66
2005,2,Districte II,5,Collblanc,227,65-74,43,29,72
2008,6,Districte VI,12,Bellvitge,619,35-49,131,149,280
1999,3,Districte III,6,Santa Eulàlia,306,65-74,105,79,184
2007,4,Districte IV,7,la Florida,426,00-02,17,23,40
2016,5,Districte V,10,Pubilla Cases,511,03-11,84,104,188
2007,1,Districte I,1,Centre,108,35-49,161,149,310
2002,4,Districte IV,7,la Florida,408,16-17,6,4,10
2011,2,Districte II,5,Collblanc,207,00-02,12,13,25
2005,2,Districte II,4,la Torrassa,235,00-02,29,21,50
2011,2,Districte II,4,la Torrassa,229,65-74,34,26,60
2013,2,Districte II,5,Collblanc,220,35-49,240,237,477
1998,2,Districte II,5,Collblanc,214,35-49,49,52,101
1994,1,Districte I,1,Centre,104,18-24,54,54,108
2005,2,Districte II,5,Collblanc,222,65-74,41,40,81
2012,1,Districte I,1,Centre,124,00-02,9,8,17
1995,5,Districte V,10,Pubilla Cases,534,35-49,83,84,167
2006,6,Districte VI,12,Bellvitge,609,35-49,81,76,157
2005,5,Districte V,10,Pubilla Cases,532,35-49,154,149,303
2009,2,Districte II,5,Collblanc,207,65-74,34,29,63
2005,4,Districte IV,8,les Planes,418,25-34,117,148,265
2000,1,Districte I,1,Centre,130,03-11,39,39,78
2016,3,Districte III,6,Santa Eulàlia,310,18-24,25,29,54
1999,2,Districte II,5,Collblanc,209,75 i +,88,46,134
2014,4,Districte IV,7,la Florida,422,12-15,19,20,39
2001,1,Districte I,3,Sant Josep,114,12-15,19,15,34
2003,2,Districte II,5,Collblanc,216,25-34,106,113,219
1997,4,Districte IV,8,les Planes,418,00-02,12,14,26
2008,2,Districte II,5,Collblanc,210,35-49,96,91,187
2002,3,Districte III,6,Santa Eulàlia,312,35-49,165,202,367
2007,3,Districte III,6,Santa Eulàlia,324,16-17,5,6,11
2016,1,Districte I,3,Sant Josep,106,18-24,41,45,86
2010,1,Districte I,3,Sant Josep,125,25-34,117,155,272
2000,1,Districte I,3,Sant Josep,121,65-74,97,78,175
2008,5,Districte V,9,Can Serra,535,00-02,10,9,19
2008,2,Districte II,4,la Torrassa,211,50-64,84,80,164
1996,6,Districte VI,12,Bellvitge,631,03-11,44,28,72
1998,6,Districte VI,12,Bellvitge,607,03-11,32,32,64
1995,1,Districte I,3,Sant Josep,119,65-74,63,54,117
2016,2,Districte II,4,la Torrassa,242,18-24,50,30,80
2013,2,Districte II,4,la Torrassa,240,75 i +,125,75,200
2007,1,Districte I,1,Centre,131,16-17,10,6,16
2004,3,Districte III,6,Santa Eulàlia,310,16-17,6,11,17
2002,2,Districte II,5,Collblanc,207,25-34,45,48,93
2005,1,Districte I,1,Centre,130,25-34,98,97,195
2008,4,Districte IV,8,les Planes,434,75 i +,57,28,85
2001,2,Districte II,5,Collblanc,209,35-49,90,104,194
2016,1,Districte I,2,Sanfeliu,116,03-11,60,46,106
2014,5,Districte V,9,Can Serra,506,03-11,48,70,118
2006,6,Districte VI,12,Bellvitge,624,16-17,8,7,15
2012,4,Districte IV,8,les Planes,401,25-34,70,89,159
1994,3,Districte III,6,Santa Eulàlia,316,25-34,108,65,173
2001,5,Districte V,10,Pubilla Cases,517,18-24,49,63,112
1994,5,Districte V,10,Pubilla Cases,511,00-02,5,8,13
2009,5,Districte V,10,Pubilla Cases,512,03-11,29,50,79
1998,4,Districte IV,7,la Florida,432,50-64,139,149,288
2007,5,Districte V,10,Pubilla Cases,537,16-17,21,9,30
2015,1,Districte I,1,Centre,103,35-49,105,122,227
2003,2,Districte II,5,Collblanc,226,65-74,74,52,126
2009,3,Districte III,6,Santa Eulàlia,308,50-64,202,189,391
1997,4,Districte IV,8,les Planes,440,00-02,8,8,16
2000,3,Districte III,6,Santa Eulàlia,319,03-11,18,28,46
2008,3,Districte III,6,Santa Eulàlia,313,03-11,89,91,180
2004,6,Districte VI,11,el Gornal,632,03-11,42,38,80
2007,6,Districte VI,12,Bellvitge,623,16-17,3,16,19
2015,2,Districte II,4,la Torrassa,248,16-17,6,10,16
2016,1,Districte I,3,Sant Josep,106,75 i +,69,40,109
2012,2,Districte II,5,Collblanc,213,65-74,44,39,83
2004,6,Districte VI,12,Bellvitge,613,03-11,39,35,74
2012,5,Districte V,10,Pubilla Cases,515,03-11,26,26,52
2001,2,Districte II,4,la Torrassa,237,75 i +,70,38,108
1997,3,Districte III,6,Santa Eulàlia,312,00-02,9,15,24
2005,5,Districte V,10,Pubilla Cases,518,18-24,52,52,104
2001,3,Districte III,6,Santa Eulàlia,319,00-02,11,13,24
1999,2,Districte II,5,Collblanc,224,03-11,17,19,36
2016,4,Districte IV,7,la Florida,426,18-24,48,39,87
2005,4,Districte IV,7,la Florida,424,50-64,60,50,110
2016,6,Districte VI,12,Bellvitge,621,18-24,52,41,93
2015,3,Districte III,6,Santa Eulàlia,322,50-64,114,94,208
2012,5,Districte V,10,Pubilla Cases,538,00-02,17,16,33
2015,1,Districte I,3,Sant Josep,136,16-17,10,13,23
2003,2,Districte II,5,Collblanc,202,75 i +,32,23,55
2007,1,Districte I,2,Sanfeliu,132,00-02,33,21,54
2001,5,Districte V,10,Pubilla Cases,515,25-34,44,68,112
2012,1,Districte I,2,Sanfeliu,129,18-24,40,45,85
1996,6,Districte VI,12,Bellvitge,625,16-17,32,42,74
1999,3,Districte III,6,Santa Eulàlia,323,00-02,51,37,88
1994,4,Districte IV,8,les Planes,429,25-34,33,40,73
2009,2,Districte II,4,la Torrassa,249,50-64,89,76,165
2009,2,Districte II,4,la Torrassa,229,12-15,18,19,37
2006,2,Districte II,5,Collblanc,219,25-34,121,143,264
2000,2,Districte II,5,Collblanc,223,03-11,43,43,86
2015,1,Districte I,1,Centre,135,16-17,15,12,27
2008,4,Districte IV,7,la Florida,403,35-49,111,130,241
2012,1,Districte I,1,Centre,107,75 i +,104,51,155
1995,2,Districte II,4,la Torrassa,230,03-11,22,26,48
1995,3,Districte III,6,Santa Eulàlia,317,12-15,12,20,32
1995,6,Districte VI,12,Bellvitge,612,75 i +,28,10,38
2004,2,Districte II,4,la Torrassa,238,12-15,12,11,23
2008,2,Districte II,5,Collblanc,201,25-34,88,96,184
2004,1,Districte I,3,Sant Josep,126,16-17,8,8,16
2000,5,Districte V,10,Pubilla Cases,513,12-15,7,12,19
2013,1,Districte I,1,Centre,130,65-74,60,33,93
2007,4,Districte IV,7,la Florida,406,35-49,155,169,324
2004,6,Districte VI,12,Bellvitge,618,12-15,9,13,22
2012,4,Districte IV,7,la Florida,403,50-64,108,95,203
2000,4,Districte IV,7,la Florida,430,35-49,73,87,160
2010,5,Districte V,10,Pubilla Cases,530,12-15,22,27,49
2008,4,Districte IV,7,la Florida,406,65-74,82,57,139
2007,2,Districte II,5,Collblanc,223,75 i +,62,40,102
2000,5,Districte V,10,Pubilla Cases,531,25-34,89,87,176
1994,2,Districte II,5,Collblanc,207,18-24,37,33,70
1994,4,Districte IV,8,les Planes,420,25-34,111,131,242
2008,3,Districte III,6,Santa Eulàlia,317,65-74,32,32,64
2012,1,Districte I,1,Centre,101,25-34,104,80,184
2014,5,Districte V,10,Pubilla Cases,508,75 i +,71,41,112
2015,2,Districte II,4,la Torrassa,245,65-74,50,27,77
2009,6,Districte VI,11,el Gornal,617,65-74,69,41,110
2001,2,Districte II,4,la Torrassa,217,35-49,69,70,139
2006,2,Districte II,5,Collblanc,220,35-49,108,112,220
2008,2,Districte II,5,Collblanc,205,50-64,96,82,178
2010,5,Districte V,9,Can Serra,504,65-74,94,83,177
2011,4,Districte IV,7,la Florida,402,00-02,13,13,26
2012,4,Districte IV,8,les Planes,418,35-49,162,173,335
2006,4,Districte IV,7,la Florida,427,03-11,35,46,81
1999,4,Districte IV,7,la Florida,414,35-49,79,82,161
2015,2,Districte II,4,la Torrassa,231,16-17,11,10,21
2010,6,Districte VI,12,Bellvitge,628,18-24,35,33,68
2012,1,Districte I,1,Centre,134,03-11,53,63,116
1997,4,Districte IV,7,la Florida,402,35-49,75,66,141
1995,4,Districte IV,7,la Florida,414,12-15,15,24,39
2005,1,Districte I,3,Sant Josep,122,03-11,31,29,60
2006,5,Districte V,9,Can Serra,507,16-17,10,9,19
1997,1,Districte I,1,Centre,123,03-11,39,46,85
2008,3,Districte III,6,Santa Eulàlia,321,65-74,87,92,179
1995,4,Districte IV,8,les Planes,418,12-15,21,26,47
2010,4,Districte IV,8,les Planes,442,12-15,17,18,35
1994,2,Districte II,5,Collblanc,226,12-15,31,25,56
2009,1,Districte I,1,Centre,104,75 i +,84,43,127
2010,1,Districte I,2,Sanfeliu,129,18-24,38,36,74
2015,1,Districte I,3,Sant Josep,137,50-64,150,133,283
2013,1,Districte I,3,Sant Josep,115,50-64,128,114,242
2016,1,Districte I,3,Sant Josep,136,12-15,21,23,44
2009,5,Districte V,10,Pubilla Cases,522,18-24,61,45,106
2008,4,Districte IV,8,les Planes,442,75 i +,32,19,51
1996,4,Districte IV,8,les Planes,433,50-64,84,89,173
1994,5,Districte V,9,Can Serra,521,00-02,4,6,10
1995,4,Districte IV,7,la Florida,428,18-24,29,26,55
1999,2,Districte II,4,la Torrassa,236,35-49,86,85,171
2008,1,Districte I,1,Centre,130,75 i +,78,50,128
2010,1,Districte I,3,Sant Josep,137,00-02,28,25,53
2000,2,Districte II,5,Collblanc,220,65-74,69,56,125
2011,2,Districte II,5,Collblanc,201,65-74,50,36,86
2007,6,Districte VI,12,Bellvitge,605,35-49,68,66,134
2006,4,Districte IV,8,les Planes,437,12-15,16,21,37
1998,6,Districte VI,12,Bellvitge,615,18-24,75,86,161
1996,4,Districte IV,7,la Florida,424,16-17,6,12,18
1998,5,Districte V,10,Pubilla Cases,530,75 i +,64,28,92
1996,1,Districte I,3,Sant Josep,138,18-24,54,53,107
2015,1,Districte I,1,Centre,104,75 i +,85,41,126
1995,3,Districte III,6,Santa Eulàlia,306,25-34,120,130,250
1995,4,Districte IV,7,la Florida,421,35-49,95,81,176
2011,1,Districte I,2,Sanfeliu,132,03-11,98,71,169
1996,1,Districte I,1,Centre,135,50-64,129,139,268
2000,1,Districte I,1,Centre,110,12-15,27,20,47
1997,3,Districte III,6,Santa Eulàlia,304,50-64,114,108,222
2001,4,Districte IV,7,la Florida,422,16-17,4,11,15
2000,1,Districte I,3,Sant Josep,115,65-74,80,52,132
1996,2,Districte II,4,la Torrassa,232,18-24,50,53,103
2012,6,Districte VI,12,Bellvitge,631,00-02,20,15,35
2000,3,Districte III,6,Santa Eulàlia,319,18-24,44,51,95
1995,6,Districte VI,12,Bellvitge,623,75 i +,45,23,68
2012,2,Districte II,5,Collblanc,227,18-24,13,18,31
2005,3,Districte III,6,Santa Eulàlia,304,03-11,49,49,98
2001,4,Districte IV,7,la Florida,405,50-64,104,79,183
2016,1,Districte I,1,Centre,112,03-11,65,66,131
2012,4,Districte IV,7,la Florida,423,65-74,47,47,94
1994,3,Districte III,6,Santa Eulàlia,321,75 i +,56,37,93
2002,2,Districte II,4,la Torrassa,235,25-34,140,122,262
2014,1,Districte I,2,Sanfeliu,116,65-74,128,100,228
2002,3,Districte III,6,Santa Eulàlia,304,35-49,120,148,268
2016,5,Districte V,9,Can Serra,505,16-17,5,4,9
2001,4,Districte IV,7,la Florida,406,18-24,74,77,151
2001,4,Districte IV,7,la Florida,414,00-02,13,6,19
1999,6,Districte VI,12,Bellvitge,610,18-24,85,83,168
2006,4,Districte IV,8,les Planes,429,18-24,24,32,56
2008,3,Districte III,6,Santa Eulàlia,306,35-49,191,207,398
2004,4,Districte IV,7,la Florida,411,25-34,74,73,147
2013,6,Districte VI,11,el Gornal,626,16-17,11,12,23
1994,1,Districte I,1,Centre,130,12-15,17,13,30
2013,4,Districte IV,8,les Planes,436,65-74,65,55,120
1996,3,Districte III,6,Santa Eulàlia,311,18-24,87,87,174
2008,5,Districte V,10,Pubilla Cases,526,18-24,25,44,69
2016,3,Districte III,6,Santa Eulàlia,315,18-24,54,63,117
2016,3,Districte III,6,Santa Eulàlia,321,03-11,65,71,136
2013,6,Districte VI,12,Bellvitge,627,00-02,5,18,23
1999,6,Districte VI,12,Bellvitge,604,16-17,8,4,12
2003,4,Districte IV,7,la Florida,402,75 i +,39,27,66
1998,1,Districte I,1,Centre,103,25-34,58,60,118
2007,5,Districte V,10,Pubilla Cases,537,12-15,28,24,52
1997,1,Districte I,1,Centre,102,50-64,195,210,405
1994,2,Districte II,5,Collblanc,213,00-02,4,8,12
2014,1,Districte I,3,Sant Josep,119,16-17,12,9,21
2006,6,Districte VI,11,el Gornal,608,50-64,84,67,151
1995,3,Districte III,6,Santa Eulàlia,301,50-64,219,214,433
1995,2,Districte II,5,Collblanc,223,00-02,16,10,26
2016,1,Districte I,2,Sanfeliu,118,65-74,131,133,264
1997,5,Districte V,10,Pubilla Cases,512,25-34,71,79,150
2010,2,Districte II,4,la Torrassa,234,25-34,114,88,202
2013,3,Districte III,6,Santa Eulàlia,311,25-34,112,121,233
2005,5,Districte V,10,Pubilla Cases,537,50-64,143,112,255
2008,1,Districte I,1,Centre,107,75 i +,75,44,119
2009,2,Districte II,5,Collblanc,227,16-17,7,3,10
2005,5,Districte V,10,Pubilla Cases,508,65-74,37,31,68
1996,6,Districte VI,12,Bellvitge,610,18-24,118,137,255
1994,5,Districte V,9,Can Serra,504,18-24,106,123,229
2009,1,Districte I,1,Centre,134,03-11,53,58,111
2005,6,Districte VI,11,el Gornal,608,50-64,81,67,148
2012,5,Districte V,10,Pubilla Cases,514,25-34,60,57,117
1998,4,Districte IV,8,les Planes,433,25-34,105,110,215
2012,4,Districte IV,8,les Planes,434,03-11,31,38,69
2000,4,Districte IV,7,la Florida,411,12-15,12,8,20
2002,5,Districte V,10,Pubilla Cases,513,12-15,8,11,19
2013,5,Districte V,10,Pubilla Cases,514,12-15,33,35,68
1995,6,Districte VI,12,Bellvitge,613,35-49,130,79,209
1998,1,Districte I,1,Centre,130,50-64,114,92,206
2012,1,Districte I,3,Sant Josep,120,00-02,23,20,43
2011,2,Districte II,4,la Torrassa,228,35-49,102,108,210
2003,6,Districte VI,11,el Gornal,608,65-74,66,53,119
1999,1,Districte I,1,Centre,107,16-17,22,21,43
2007,4,Districte IV,8,les Planes,435,50-64,84,65,149
2003,3,Districte III,6,Santa Eulàlia,313,65-74,85,77,162
2010,5,Districte V,9,Can Serra,503,00-02,8,10,18
1994,6,Districte VI,11,el Gornal,632,35-49,115,110,225
2003,2,Districte II,5,Collblanc,203,35-49,92,112,204
2015,4,Districte IV,8,les Planes,440,50-64,71,84,155
2015,4,Districte IV,8,les Planes,440,03-11,38,51,89
2004,5,Districte V,10,Pubilla Cases,536,12-15,15,10,25
1998,2,Districte II,4,la Torrassa,232,35-49,80,68,148
1994,2,Districte II,4,la Torrassa,243,18-24,80,74,154
1995,4,Districte IV,8,les Planes,429,65-74,45,36,81
2001,3,Districte III,6,Santa Eulàlia,318,65-74,22,23,45
1996,2,Districte II,5,Collblanc,205,35-49,104,102,206
1998,6,Districte VI,12,Bellvitge,620,03-11,20,26,46
1996,4,Districte IV,8,les Planes,441,16-17,39,30,69
2005,2,Districte II,4,la Torrassa,249,75 i +,63,45,108
2010,2,Districte II,4,la Torrassa,230,25-34,105,105,210
2010,4,Districte IV,8,les Planes,436,50-64,44,62,106
2004,4,Districte IV,8,les Planes,419,12-15,13,13,26
1994,4,Districte IV,8,les Planes,418,18-24,78,76,154
2008,1,Districte I,1,Centre,111,25-34,79,62,141
2002,6,Districte VI,12,Bellvitge,627,00-02,13,9,22
2009,4,Districte IV,8,les Planes,439,65-74,61,47,108
2002,4,Districte IV,8,les Planes,419,25-34,99,102,201
2010,2,Districte II,4,la Torrassa,248,25-34,102,111,213
2001,1,Districte I,1,Centre,109,00-02,14,15,29
2000,6,Districte VI,12,Bellvitge,607,12-15,12,19,31
2008,4,Districte IV,7,la Florida,425,65-74,57,46,103
2006,1,Districte I,1,Centre,123,50-64,117,109,226
2010,6,Districte VI,12,Bellvitge,607,12-15,17,16,33
2015,6,Districte VI,11,el Gornal,626,16-17,11,5,16
1999,2,Districte II,5,Collblanc,226,00-02,7,6,13
1999,5,Districte V,9,Can Serra,505,25-34,136,149,285
2010,3,Districte III,6,Santa Eulàlia,308,35-49,277,245,522
1998,4,Districte IV,7,la Florida,428,50-64,42,38,80
2006,2,Districte II,5,Collblanc,216,12-15,22,17,39
1996,4,Districte IV,8,les Planes,401,75 i +,27,13,40
2016,1,Districte I,3,Sant Josep,137,18-24,49,49,98
2001,4,Districte IV,7,la Florida,411,75 i +,52,35,87
2007,4,Districte IV,7,la Florida,431,00-02,16,25,41
2013,5,Districte V,10,Pubilla Cases,530,65-74,61,58,119
2007,1,Districte I,1,Centre,133,75 i +,52,39,91
2010,1,Districte I,1,Centre,128,25-34,97,102,199
2000,3,Districte III,6,Santa Eulàlia,319,25-34,61,55,116
2010,5,Districte V,10,Pubilla Cases,530,00-02,22,33,55
2007,3,Districte III,6,Santa Eulàlia,314,25-34,197,230,427
1998,1,Districte I,1,Centre,123,00-02,10,15,25
1999,6,Districte VI,11,el Gornal,626,16-17,5,5,10
2014,4,Districte IV,7,la Florida,422,18-24,50,40,90
2012,2,Districte II,5,Collblanc,207,00-02,10,9,19
2009,1,Districte I,2,Sanfeliu,129,75 i +,58,36,94
2013,5,Districte V,9,Can Serra,507,35-49,97,117,214
2000,2,Districte II,5,Collblanc,215,25-34,58,68,126
1994,1,Districte I,2,Sanfeliu,118,03-11,107,101,208
1997,5,Districte V,10,Pubilla Cases,530,16-17,8,19,27
2010,3,Districte III,6,Santa Eulàlia,316,12-15,27,36,63
2013,1,Districte I,1,Centre,135,50-64,159,137,296
2003,3,Districte III,6,Santa Eulàlia,303,50-64,182,130,312
2008,6,Districte VI,12,Bellvitge,630,12-15,8,11,19
2013,5,Districte V,10,Pubilla Cases,520,50-64,85,55,140
2002,1,Districte I,2,Sanfeliu,132,50-64,182,207,389
1994,2,Districte II,4,la Torrassa,235,25-34,128,123,251
2003,3,Districte III,6,Santa Eulàlia,307,12-15,18,36,54
1999,6,Districte VI,12,Bellvitge,603,16-17,6,5,11
2003,4,Districte IV,8,les Planes,434,75 i +,60,25,85
2009,6,Districte VI,11,el Gornal,616,35-49,330,338,668
2004,5,Districte V,10,Pubilla Cases,530,03-11,43,53,96
2010,2,Districte II,4,la Torrassa,236,16-17,13,6,19
2006,4,Districte IV,7,la Florida,402,03-11,33,30,63
2003,2,Districte II,5,Collblanc,205,25-34,59,79,138
1997,2,Districte II,5,Collblanc,204,25-34,45,39,84
1994,2,Districte II,4,la Torrassa,233,35-49,60,61,121
2014,6,Districte VI,12,Bellvitge,614,16-17,3,9,12
1996,2,Districte II,5,Collblanc,209,35-49,79,88,167
2006,3,Districte III,6,Santa Eulàlia,321,35-49,266,256,522
2003,2,Districte II,4,la Torrassa,232,75 i +,64,36,100
2010,4,Districte IV,8,les Planes,429,50-64,63,64,127
1995,5,Districte V,10,Pubilla Cases,511,65-74,52,46,98
1999,3,Districte III,6,Santa Eulàlia,324,50-64,71,75,146
2002,1,Districte I,3,Sant Josep,138,25-34,65,60,125
2011,5,Districte V,9,Can Serra,521,50-64,130,96,226
1995,4,Districte IV,7,la Florida,424,18-24,36,55,91
2005,1,Districte I,1,Centre,130,16-17,7,11,18
1997,3,Districte III,6,Santa Eulàlia,309,65-74,27,27,54
2008,5,Districte V,9,Can Serra,506,65-74,96,108,204
2015,2,Districte II,4,la Torrassa,211,65-74,46,40,86
2002,4,Districte IV,7,la Florida,407,03-11,28,26,54
1995,6,Districte VI,12,Bellvitge,601,12-15,49,57,106
2003,5,Districte V,10,Pubilla Cases,533,65-74,71,63,134
2005,2,Districte II,5,Collblanc,222,35-49,101,125,226
2009,1,Districte I,1,Centre,102,16-17,14,17,31
2002,6,Districte VI,12,Bellvitge,609,12-15,9,10,19
2012,2,Districte II,4,la Torrassa,228,75 i +,45,33,78
2006,1,Districte I,1,Centre,105,00-02,24,17,41
1997,3,Districte III,6,Santa Eulàlia,309,03-11,27,27,54
1994,4,Districte IV,7,la Florida,406,18-24,83,84,167
1999,4,Districte IV,7,la Florida,406,75 i +,53,31,84
1994,1,Districte I,3,Sant Josep,137,25-34,103,101,204
2009,1,Districte I,3,Sant Josep,137,00-02,30,19,49
2007,1,Districte I,1,Centre,102,16-17,7,12,19
2013,4,Districte IV,8,les Planes,437,00-02,22,20,42
2013,1,Districte I,1,Centre,112,25-34,108,86,194
1994,5,Districte V,10,Pubilla Cases,511,50-64,89,85,174
2011,1,Districte I,1,Centre,133,00-02,17,11,28
1995,1,Districte I,1,Centre,135,75 i +,36,18,54
2001,6,Districte VI,12,Bellvitge,601,16-17,13,8,21
2013,2,Districte II,5,Collblanc,216,00-02,15,12,27
1999,4,Districte IV,8,les Planes,437,00-02,16,3,19
2005,2,Districte II,5,Collblanc,244,18-24,23,20,43
2002,4,Districte IV,7,la Florida,407,18-24,42,45,87
2016,6,Districte VI,12,Bellvitge,625,03-11,32,36,68
2003,3,Districte III,6,Santa Eulàlia,309,35-49,104,85,189
2004,6,Districte VI,12,Bellvitge,631,35-49,89,91,180
2016,1,Districte I,1,Centre,103,16-17,6,11,17
2011,1,Districte I,1,Centre,110,18-24,38,36,74
2014,2,Districte II,5,Collblanc,210,75 i +,96,41,137
2009,5,Districte V,10,Pubilla Cases,538,00-02,18,22,40
1995,3,Districte III,6,Santa Eulàlia,308,50-64,142,134,276
1998,2,Districte II,5,Collblanc,212,65-74,76,68,144
2008,5,Districte V,9,Can Serra,503,12-15,14,19,33
2003,5,Districte V,10,Pubilla Cases,538,16-17,10,8,18
2005,3,Districte III,6,Santa Eulàlia,316,16-17,34,33,67
1999,4,Districte IV,7,la Florida,414,65-74,66,66,132
2008,6,Districte VI,12,Bellvitge,614,35-49,97,108,205
2001,2,Districte II,5,Collblanc,207,65-74,47,35,82
2014,1,Districte I,1,Centre,110,03-11,45,37,82
2003,3,Districte III,6,Santa Eulàlia,320,18-24,28,31,59
1995,1,Districte I,3,Sant Josep,139,03-11,23,47,70
1996,6,Districte VI,12,Bellvitge,604,16-17,13,19,32
2000,1,Districte I,1,Centre,130,65-74,90,80,170
2013,4,Districte IV,7,la Florida,430,50-64,65,79,144
2013,4,Districte IV,7,la Florida,421,25-34,83,81,164
2011,5,Districte V,10,Pubilla Cases,508,50-64,46,38,84
2015,4,Districte IV,7,la Florida,414,65-74,60,49,109
2010,5,Districte V,9,Can Serra,505,03-11,34,34,68
2010,2,Districte II,4,la Torrassa,235,16-17,13,7,20
2004,2,Districte II,4,la Torrassa,236,03-11,40,27,67
1994,3,Districte III,6,Santa Eulàlia,315,18-24,88,79,167
1997,4,Districte IV,8,les Planes,438,00-02,9,5,14
2011,3,Districte III,6,Santa Eulàlia,304,00-02,44,55,99
2007,6,Districte VI,12,Bellvitge,614,75 i +,46,31,77
2012,4,Districte IV,7,la Florida,416,00-02,9,18,27
2007,5,Districte V,10,Pubilla Cases,516,12-15,11,19,30
2016,1,Districte I,1,Centre,110,25-34,55,60,115
2001,1,Districte I,3,Sant Josep,139,35-49,88,101,189
1995,3,Districte III,6,Santa Eulàlia,313,03-11,91,90,181
2012,6,Districte VI,11,el Gornal,617,12-15,15,17,32
1996,4,Districte IV,8,les Planes,439,16-17,9,6,15
1996,5,Districte V,10,Pubilla Cases,511,03-11,10,20,30
2012,1,Districte I,3,Sant Josep,117,25-34,145,148,293
2006,5,Districte V,9,Can Serra,506,03-11,67,63,130
2016,4,Districte IV,7,la Florida,416,25-34,119,101,220
2005,4,Districte IV,7,la Florida,402,65-74,54,58,112
2011,1,Districte I,1,Centre,128,25-34,82,95,177
2011,6,Districte VI,12,Bellvitge,602,00-02,5,7,12
1998,5,Districte V,9,Can Serra,521,25-34,81,92,173
1997,2,Districte II,4,la Torrassa,217,75 i +,46,16,62
2000,1,Districte I,3,Sant Josep,115,18-24,71,80,151
1998,4,Districte IV,7,la Florida,430,00-02,9,10,19
2011,6,Districte VI,12,Bellvitge,630,35-49,76,97,173
2011,2,Districte II,4,la Torrassa,237,00-02,24,32,56
2015,5,Districte V,9,Can Serra,501,25-34,45,43,88
2002,5,Districte V,10,Pubilla Cases,533,18-24,40,45,85
1995,4,Districte IV,8,les Planes,439,75 i +,40,21,61
1995,5,Districte V,10,Pubilla Cases,518,18-24,67,82,149
1998,4,Districte IV,8,les Planes,437,12-15,18,18,36
2009,5,Districte V,10,Pubilla Cases,532,03-11,52,49,101
2004,6,Districte VI,12,Bellvitge,627,75 i +,35,16,51
1999,1,Districte I,3,Sant Josep,119,16-17,17,12,29
2010,3,Districte III,6,Santa Eulàlia,314,75 i +,85,46,131
2013,1,Districte I,3,Sant Josep,126,12-15,21,18,39
2016,5,Districte V,10,Pubilla Cases,525,65-74,41,34,75
2007,1,Districte I,1,Centre,104,50-64,75,54,129
2002,2,Districte II,5,Collblanc,210,00-02,6,7,13
2011,5,Districte V,10,Pubilla Cases,538,50-64,99,84,183
1995,6,Districte VI,12,Bellvitge,615,03-11,25,22,47
2007,2,Districte II,4,la Torrassa,237,75 i +,79,39,118
2015,2,Districte II,5,Collblanc,224,35-49,149,154,303
2006,2,Districte II,4,la Torrassa,234,35-49,105,110,215
2015,2,Districte II,4,la Torrassa,247,50-64,127,110,237
2014,4,Districte IV,8,les Planes,433,00-02,40,25,65
2003,5,Districte V,10,Pubilla Cases,516,25-34,74,64,138
1994,5,Districte V,10,Pubilla Cases,527,25-34,79,95,174
2015,3,Districte III,6,Santa Eulàlia,319,03-11,92,121,213
2010,4,Districte IV,7,la Florida,407,75 i +,87,55,142
2015,6,Districte VI,12,Bellvitge,618,50-64,110,96,206
2002,5,Districte V,10,Pubilla Cases,531,18-24,36,47,83
2011,6,Districte VI,12,Bellvitge,631,16-17,8,7,15
2000,5,Districte V,9,Can Serra,504,75 i +,56,37,93
2000,5,Districte V,10,Pubilla Cases,512,65-74,44,37,81
2006,4,Districte IV,8,les Planes,434,75 i +,58,26,84
2002,5,Districte V,10,Pubilla Cases,531,12-15,15,7,22
2003,3,Districte III,6,Santa Eulàlia,303,25-34,161,182,343
2012,2,Districte II,5,Collblanc,224,35-49,82,86,168
1999,4,Districte IV,7,la Florida,406,65-74,68,78,146
2015,5,Districte V,9,Can Serra,504,75 i +,95,79,174
1998,2,Districte II,4,la Torrassa,241,16-17,4,5,9
2001,2,Districte II,5,Collblanc,214,35-49,53,60,113
1999,2,Districte II,5,Collblanc,222,65-74,47,41,88
2006,1,Districte I,1,Centre,111,18-24,32,30,62
2003,5,Districte V,10,Pubilla Cases,533,18-24,38,49,87
2002,2,Districte II,5,Collblanc,208,75 i +,126,77,203
2007,4,Districte IV,7,la Florida,431,65-74,75,56,131
2013,3,Districte III,6,Santa Eulàlia,318,25-34,49,50,99
1996,2,Districte II,4,la Torrassa,230,00-02,6,10,16
2014,3,Districte III,6,Santa Eulàlia,323,75 i +,62,22,84
1997,6,Districte VI,12,Bellvitge,630,65-74,31,18,49
2001,4,Districte IV,7,la Florida,414,65-74,70,57,127
2015,5,Districte V,9,Can Serra,502,18-24,52,41,93
2014,6,Districte VI,12,Bellvitge,609,18-24,22,28,50
2011,2,Districte II,4,la Torrassa,247,16-17,10,11,21
2009,3,Districte III,6,Santa Eulàlia,304,03-11,101,104,205
1997,2,Districte II,4,la Torrassa,239,18-24,47,55,102
1999,2,Districte II,4,la Torrassa,239,18-24,47,52,99
2004,2,Districte II,5,Collblanc,201,25-34,51,58,109
2016,1,Districte I,3,Sant Josep,119,25-34,70,62,132
2005,2,Districte II,5,Collblanc,221,00-02,6,10,16
2010,3,Districte III,6,Santa Eulàlia,306,00-02,32,20,52
2005,1,Districte I,1,Centre,104,35-49,93,112,205
2013,4,Districte IV,7,la Florida,406,03-11,52,61,113
2013,4,Districte IV,7,la Florida,432,18-24,31,40,71
2007,1,Districte I,3,Sant Josep,139,25-34,97,123,220
2004,4,Districte IV,7,la Florida,409,12-15,8,11,19
2005,5,Districte V,10,Pubilla Cases,519,35-49,73,89,162
1996,6,Districte VI,12,Bellvitge,606,50-64,133,119,252
2011,3,Districte III,6,Santa Eulàlia,323,16-17,30,30,60
2011,2,Districte II,5,Collblanc,203,18-24,36,31,67
2003,4,Districte IV,7,la Florida,417,25-34,55,71,126
2010,5,Districte V,10,Pubilla Cases,517,18-24,63,68,131
2005,5,Districte V,10,Pubilla Cases,508,25-34,69,65,134
2011,1,Districte I,3,Sant Josep,114,16-17,11,13,24
2001,2,Districte II,4,la Torrassa,243,25-34,134,136,270
2010,2,Districte II,4,la Torrassa,240,03-11,30,23,53
2000,4,Districte IV,7,la Florida,432,25-34,90,86,176
2003,1,Districte I,3,Sant Josep,126,00-02,15,12,27
2004,5,Districte V,10,Pubilla Cases,525,50-64,81,70,151
1996,1,Districte I,2,Sanfeliu,132,18-24,142,154,296
2007,5,Districte V,10,Pubilla Cases,538,16-17,7,7,14
2004,2,Districte II,4,la Torrassa,231,03-11,39,35,74
1998,4,Districte IV,7,la Florida,422,65-74,89,70,159
2006,5,Districte V,10,Pubilla Cases,526,50-64,63,54,117
2014,4,Districte IV,7,la Florida,421,00-02,16,20,36
2013,2,Districte II,4,la Torrassa,228,65-74,119,71,190
2000,3,Districte III,6,Santa Eulàlia,309,25-34,64,71,135
2016,1,Districte I,3,Sant Josep,126,65-74,93,74,167
2010,5,Districte V,10,Pubilla Cases,538,50-64,105,86,191
2005,2,Districte II,5,Collblanc,222,75 i +,37,19,56
2015,4,Districte IV,7,la Florida,402,00-02,7,21,28
2011,5,Districte V,10,Pubilla Cases,528,50-64,96,78,174
1994,5,Districte V,10,Pubilla Cases,515,35-49,50,44,94
1997,5,Districte V,9,Can Serra,501,65-74,17,22,39
2002,1,Districte I,2,Sanfeliu,116,00-02,17,15,32
2003,2,Districte II,5,Collblanc,216,50-64,152,129,281
2001,3,Districte III,6,Santa Eulàlia,311,03-11,32,47,79
1997,2,Districte II,5,Collblanc,221,35-49,105,91,196
2003,6,Districte VI,11,el Gornal,632,50-64,88,81,169
1994,6,Districte VI,12,Bellvitge,624,18-24,137,157,294
2004,2,Districte II,4,la Torrassa,239,00-02,13,10,23
1996,3,Districte III,6,Santa Eulàlia,319,65-74,31,27,58
1996,4,Districte IV,7,la Florida,422,12-15,27,17,44
2009,2,Districte II,4,la Torrassa,217,16-17,6,4,10
2005,2,Districte II,5,Collblanc,207,65-74,48,36,84
2002,6,Districte VI,12,Bellvitge,613,35-49,72,79,151
2014,3,Districte III,6,Santa Eulàlia,310,65-74,48,48,96
2002,4,Districte IV,7,la Florida,410,75 i +,78,56,134
2011,3,Districte III,6,Santa Eulàlia,320,18-24,30,32,62
1998,6,Districte VI,11,el Gornal,632,12-15,19,30,49
2005,5,Districte V,9,Can Serra,535,35-49,101,101,202
2014,3,Districte III,6,Santa Eulàlia,320,18-24,6,2,8
2010,5,Districte V,10,Pubilla Cases,534,35-49,125,120,245
1996,4,Districte IV,8,les Planes,437,18-24,54,54,108
2000,6,Districte VI,12,Bellvitge,604,03-11,27,32,59
2016,4,Districte IV,8,les Planes,436,50-64,144,136,280
2009,6,Districte VI,12,Bellvitge,631,65-74,74,75,149
2013,3,Districte III,6,Santa Eulàlia,313,12-15,42,37,79
2004,1,Districte I,1,Centre,133,65-74,44,35,79
2006,2,Districte II,5,Collblanc,210,03-11,25,23,48
1994,5,Districte V,9,Can Serra,505,75 i +,37,23,60
2002,2,Districte II,5,Collblanc,225,18-24,20,31,51
2008,4,Districte IV,7,la Florida,423,12-15,18,17,35
2009,2,Districte II,5,Collblanc,207,35-49,77,69,146
2003,2,Districte II,4,la Torrassa,235,12-15,19,18,37
2014,3,Districte III,6,Santa Eulàlia,324,65-74,52,44,96
2010,4,Districte IV,7,la Florida,402,12-15,15,9,24
2012,2,Districte II,5,Collblanc,221,35-49,122,137,259
1994,1,Districte I,1,Centre,103,75 i +,40,24,64
1999,3,Districte III,6,Santa Eulàlia,318,35-49,131,130,261
2015,1,Districte I,3,Sant Josep,121,12-15,12,18,30
2010,4,Districte IV,7,la Florida,404,75 i +,83,48,131
2008,2,Districte II,5,Collblanc,205,65-74,53,41,94
2000,1,Districte I,1,Centre,107,65-74,92,70,162
2002,4,Districte IV,8,les Planes,420,75 i +,77,41,118
1997,6,Districte VI,12,Bellvitge,610,50-64,208,224,432
2010,5,Districte V,10,Pubilla Cases,517,25-34,126,149,275
1996,1,Districte I,1,Centre,123,18-24,69,64,133
2000,4,Districte IV,8,les Planes,418,65-74,59,44,103
1999,6,Districte VI,11,el Gornal,622,12-15,21,23,44
2015,6,Districte VI,11,el Gornal,616,35-49,296,280,576
2004,4,Districte IV,7,la Florida,414,50-64,68,65,133
2012,5,Districte V,10,Pubilla Cases,536,18-24,25,30,55
2016,2,Districte II,5,Collblanc,204,50-64,141,136,277
1998,4,Districte IV,7,la Florida,414,03-11,25,32,57
1994,1,Districte I,1,Centre,110,50-64,117,142,259
2011,5,Districte V,10,Pubilla Cases,508,12-15,5,12,17
2016,2,Districte II,4,la Torrassa,240,35-49,215,203,418
2016,5,Districte V,10,Pubilla Cases,510,65-74,63,46,109
2015,3,Districte III,6,Santa Eulàlia,301,50-64,221,204,425
2008,4,Districte IV,8,les Planes,438,16-17,6,9,15
2008,5,Districte V,10,Pubilla Cases,512,16-17,11,8,19
1994,5,Districte V,10,Pubilla Cases,527,75 i +,45,26,71
2007,5,Districte V,10,Pubilla Cases,516,03-11,26,37,63
2015,3,Districte III,6,Santa Eulàlia,311,25-34,113,116,229
2001,1,Districte I,3,Sant Josep,125,12-15,19,20,39
2010,5,Districte V,10,Pubilla Cases,510,35-49,117,152,269
2000,1,Districte I,1,Centre,124,75 i +,34,24,58
2007,1,Districte I,1,Centre,103,12-15,9,7,16
2009,4,Districte IV,7,la Florida,424,03-11,19,29,48
2010,3,Districte III,6,Santa Eulàlia,312,65-74,114,103,217
2016,5,Districte V,10,Pubilla Cases,523,18-24,46,54,100
1998,6,Districte VI,12,Bellvitge,630,12-15,22,21,43
2012,5,Districte V,10,Pubilla Cases,513,50-64,64,53,117
2008,1,Districte I,1,Centre,102,25-34,110,109,219
2004,1,Districte I,1,Centre,130,75 i +,63,44,107
1998,4,Districte IV,8,les Planes,437,75 i +,21,17,38
2012,4,Districte IV,7,la Florida,421,35-49,160,162,322
2011,6,Districte VI,12,Bellvitge,631,75 i +,54,29,83
1999,4,Districte IV,7,la Florida,414,75 i +,42,25,67
1996,6,Districte VI,12,Bellvitge,615,65-74,27,21,48
2013,2,Districte II,4,la Torrassa,237,03-11,69,64,133
2008,5,Districte V,10,Pubilla Cases,511,12-15,12,18,30
2015,5,Districte V,9,Can Serra,503,35-49,89,64,153
1999,1,Districte I,1,Centre,103,50-64,63,63,126
2013,1,Districte I,3,Sant Josep,140,03-11,33,42,75
2014,4,Districte IV,8,les Planes,419,65-74,93,61,154
2015,4,Districte IV,8,les Planes,435,35-49,117,168,285
2014,6,Districte VI,11,el Gornal,632,75 i +,57,39,96
2003,5,Districte V,10,Pubilla Cases,514,00-02,10,14,24
2014,5,Districte V,10,Pubilla Cases,533,16-17,15,8,23
2006,1,Districte I,1,Centre,105,18-24,47,52,99
2009,6,Districte VI,12,Bellvitge,628,00-02,14,11,25
2000,1,Districte I,1,Centre,123,50-64,107,104,211
2012,5,Districte V,10,Pubilla Cases,537,18-24,59,53,112
2015,2,Districte II,4,la Torrassa,232,25-34,79,75,154
1996,6,Districte VI,11,el Gornal,622,03-11,47,49,96
2011,4,Districte IV,7,la Florida,422,50-64,79,89,168
2005,4,Districte IV,7,la Florida,406,00-02,10,23,33
2008,2,Districte II,5,Collblanc,213,75 i +,57,31,88
2002,1,Districte I,3,Sant Josep,127,12-15,18,22,40
2000,1,Districte I,3,Sant Josep,106,75 i +,47,26,73
2011,6,Districte VI,12,Bellvitge,611,35-49,231,285,516
2005,5,Districte V,9,Can Serra,505,25-34,111,125,236
2010,2,Districte II,4,la Torrassa,247,12-15,18,26,44
2012,5,Districte V,9,Can Serra,535,65-74,90,87,177
2002,2,Districte II,4,la Torrassa,211,65-74,91,55,146
2007,2,Districte II,5,Collblanc,208,50-64,189,145,334
1998,4,Districte IV,8,les Planes,418,50-64,126,118,244
1996,5,Districte V,10,Pubilla Cases,523,75 i +,81,33,114
2015,2,Districte II,4,la Torrassa,246,03-11,63,48,111
1995,2,Districte II,5,Collblanc,215,65-74,66,55,121
2011,3,Districte III,6,Santa Eulàlia,314,18-24,67,114,181
2000,1,Districte I,3,Sant Josep,115,25-34,94,128,222
2013,2,Districte II,5,Collblanc,202,18-24,51,65,116
2002,4,Districte IV,7,la Florida,404,18-24,60,57,117
1995,5,Districte V,9,Can Serra,535,00-02,7,12,19
1998,1,Districte I,3,Sant Josep,120,12-15,34,44,78
1994,1,Districte I,3,Sant Josep,136,00-02,16,18,34
2001,5,Districte V,10,Pubilla Cases,522,18-24,41,43,84
2001,5,Districte V,10,Pubilla Cases,511,18-24,26,29,55
2003,5,Districte V,10,Pubilla Cases,528,50-64,110,94,204
2013,5,Districte V,10,Pubilla Cases,518,50-64,77,75,152
1994,5,Districte V,10,Pubilla Cases,523,12-15,32,36,68
2003,3,Districte III,6,Santa Eulàlia,321,00-02,27,30,57
2007,1,Districte I,1,Centre,135,35-49,190,173,363
2010,4,Districte IV,7,la Florida,424,75 i +,26,30,56
2006,2,Districte II,5,Collblanc,215,16-17,5,3,8
1995,2,Districte II,4,la Torrassa,230,50-64,87,86,173
2011,1,Districte I,3,Sant Josep,120,03-11,55,91,146
1999,1,Districte I,2,Sanfeliu,129,03-11,41,31,72
2016,1,Districte I,1,Centre,102,35-49,165,172,337
2010,1,Districte I,3,Sant Josep,114,35-49,180,204,384
2015,3,Districte III,6,Santa Eulàlia,318,50-64,113,102,215
2016,6,Districte VI,12,Bellvitge,615,50-64,47,46,93
2013,6,Districte VI,12,Bellvitge,624,18-24,28,33,61
2005,6,Districte VI,12,Bellvitge,606,16-17,12,7,19
1994,2,Districte II,5,Collblanc,213,16-17,15,25,40
1996,5,Districte V,10,Pubilla Cases,530,12-15,20,33,53
2012,1,Districte I,1,Centre,130,35-49,133,139,272
2009,4,Districte IV,7,la Florida,412,65-74,108,88,196
2004,2,Districte II,5,Collblanc,202,12-15,7,12,19
2012,5,Districte V,9,Can Serra,535,75 i +,49,47,96
2014,2,Districte II,5,Collblanc,223,65-74,58,38,96
1994,4,Districte IV,8,les Planes,433,03-11,41,42,83
1994,5,Districte V,9,Can Serra,507,75 i +,32,19,51
2000,3,Districte III,6,Santa Eulàlia,313,75 i +,68,32,100
2005,5,Districte V,10,Pubilla Cases,525,75 i +,43,32,75
1995,4,Districte IV,7,la Florida,415,03-11,22,21,43
2009,5,Districte V,10,Pubilla Cases,528,75 i +,60,40,100
1997,5,Districte V,9,Can Serra,503,18-24,68,73,141
2010,3,Districte III,6,Santa Eulàlia,324,00-02,22,16,38
2004,3,Districte III,6,Santa Eulàlia,312,65-74,73,65,138
2008,3,Districte III,6,Santa Eulàlia,324,18-24,44,53,97
2007,2,Districte II,4,la Torrassa,242,03-11,36,31,67
2014,4,Districte IV,7,la Florida,410,16-17,14,18,32
2010,4,Districte IV,7,la Florida,424,35-49,71,83,154
2016,6,Districte VI,12,Bellvitge,609,65-74,85,65,150
2007,2,Districte II,5,Collblanc,215,65-74,50,25,75
2016,5,Districte V,10,Pubilla Cases,514,12-15,25,26,51
2006,5,Districte V,10,Pubilla Cases,531,18-24,34,51,85
2007,4,Districte IV,7,la Florida,412,65-74,103,98,201
2015,3,Districte III,6,Santa Eulàlia,326,50-64,38,52,90
2013,1,Districte I,1,Centre,134,50-64,126,117,243
2004,1,Districte I,3,Sant Josep,139,35-49,80,114,194
2014,4,Districte IV,8,les Planes,436,25-34,103,108,211
2007,4,Districte IV,8,les Planes,433,03-11,49,67,116
1996,4,Districte IV,8,les Planes,420,12-15,20,24,44
2011,2,Districte II,5,Collblanc,219,50-64,95,81,176
2003,1,Districte I,1,Centre,135,00-02,15,18,33
2002,2,Districte II,5,Collblanc,223,75 i +,77,28,105
2005,6,Districte VI,12,Bellvitge,602,65-74,43,60,103
2005,3,Districte III,6,Santa Eulàlia,318,50-64,86,91,177
2005,2,Districte II,5,Collblanc,209,50-64,66,66,132
1995,4,Districte IV,8,les Planes,436,00-02,6,8,14
2008,6,Districte VI,12,Bellvitge,624,00-02,14,19,33
2011,1,Districte I,1,Centre,133,12-15,17,14,31
2012,6,Districte VI,11,el Gornal,608,18-24,26,25,51
2007,6,Districte VI,11,el Gornal,626,50-64,102,85,187
2016,1,Districte I,3,Sant Josep,136,16-17,11,10,21
2007,3,Districte III,6,Santa Eulàlia,310,03-11,29,38,67
1997,6,Districte VI,12,Bellvitge,621,50-64,140,184,324
2010,4,Districte IV,7,la Florida,415,18-24,46,45,91
2004,4,Districte IV,8,les Planes,419,75 i +,39,27,66
2011,4,Districte IV,7,la Florida,417,50-64,52,45,97
2002,1,Districte I,1,Centre,107,35-49,181,164,345
2016,6,Districte VI,11,el Gornal,617,25-34,51,52,103
1994,5,Districte V,10,Pubilla Cases,518,35-49,84,89,173
2003,4,Districte IV,8,les Planes,418,25-34,113,142,255
1995,1,Districte I,3,Sant Josep,119,16-17,35,41,76
2015,5,Districte V,10,Pubilla Cases,518,16-17,11,14,25
1999,4,Districte IV,7,la Florida,405,50-64,118,86,204
2014,3,Districte III,6,Santa Eulàlia,316,25-34,179,218,397
1999,4,Districte IV,8,les Planes,433,50-64,77,74,151
2012,4,Districte IV,8,les Planes,437,16-17,6,5,11
2008,4,Districte IV,8,les Planes,433,65-74,41,37,78
2005,4,Districte IV,8,les Planes,401,00-02,18,20,38
2013,4,Districte IV,7,la Florida,403,50-64,109,94,203
1998,3,Districte III,6,Santa Eulàlia,307,16-17,30,26,56
2001,3,Districte III,6,Santa Eulàlia,318,50-64,65,65,130
2015,6,Districte VI,12,Bellvitge,609,16-17,10,8,18
2008,5,Districte V,10,Pubilla Cases,523,25-34,147,177,324
2007,4,Districte IV,7,la Florida,425,18-24,40,44,84
2011,4,Districte IV,7,la Florida,430,00-02,21,19,40
2016,4,Districte IV,8,les Planes,440,65-74,74,58,132
2007,1,Districte I,3,Sant Josep,115,50-64,126,136,262
2016,4,Districte IV,7,la Florida,425,03-11,42,45,87
2015,4,Districte IV,8,les Planes,419,16-17,19,29,48
2004,6,Districte VI,12,Bellvitge,618,75 i +,25,14,39
1996,4,Districte IV,7,la Florida,406,35-49,145,144,289
2009,4,Districte IV,7,la Florida,415,65-74,22,25,47
2013,3,Districte III,6,Santa Eulàlia,311,35-49,170,207,377
2013,2,Districte II,4,la Torrassa,234,12-15,11,10,21
2014,1,Districte I,1,Centre,102,35-49,164,171,335
2013,1,Districte I,3,Sant Josep,140,75 i +,60,42,102
2014,1,Districte I,3,Sant Josep,127,75 i +,45,29,74
2014,5,Districte V,9,Can Serra,535,12-15,4,22,26
2007,1,Districte I,3,Sant Josep,117,75 i +,69,41,110
2009,2,Districte II,5,Collblanc,224,65-74,22,13,35
2005,6,Districte VI,12,Bellvitge,609,16-17,2,8,10
2000,4,Districte IV,7,la Florida,403,65-74,79,65,144
2004,1,Districte I,3,Sant Josep,114,12-15,21,13,34
2006,5,Districte V,10,Pubilla Cases,511,18-24,21,22,43
2001,3,Districte III,6,Santa Eulàlia,302,65-74,59,42,101
2000,3,Districte III,6,Santa Eulàlia,319,75 i +,24,19,43
2011,3,Districte III,6,Santa Eulàlia,322,25-34,127,109,236
1995,5,Districte V,10,Pubilla Cases,515,18-24,37,41,78
2013,1,Districte I,1,Centre,105,03-11,58,63,121
2007,4,Districte IV,8,les Planes,438,18-24,46,32,78
1999,4,Districte IV,7,la Florida,431,50-64,116,112,228
1999,4,Districte IV,7,la Florida,416,35-49,51,65,116
2006,3,Districte III,6,Santa Eulàlia,311,75 i +,96,51,147
1995,4,Districte IV,7,la Florida,404,12-15,27,26,53
2013,5,Districte V,9,Can Serra,507,18-24,23,35,58
2007,2,Districte II,5,Collblanc,226,18-24,65,46,111
1995,1,Districte I,1,Centre,124,35-49,123,105,228
2008,5,Districte V,10,Pubilla Cases,538,50-64,98,78,176
2011,2,Districte II,4,la Torrassa,248,50-64,106,97,203
2013,1,Districte I,1,Centre,133,50-64,89,66,155
2009,5,Districte V,10,Pubilla Cases,510,00-02,12,12,24
1997,1,Districte I,1,Centre,112,25-34,118,110,228
2007,6,Districte VI,12,Bellvitge,624,12-15,12,19,31
2013,2,Districte II,4,la Torrassa,217,00-02,24,14,38
2004,5,Districte V,9,Can Serra,504,35-49,85,94,179
2003,2,Districte II,5,Collblanc,227,50-64,68,55,123
2009,1,Districte I,2,Sanfeliu,132,75 i +,81,65,146
1996,1,Districte I,1,Centre,134,25-34,105,99,204
2008,2,Districte II,5,Collblanc,209,18-24,47,48,95
1995,4,Districte IV,7,la Florida,407,35-49,73,70,143
2001,5,Districte V,10,Pubilla Cases,513,35-49,63,77,140
2000,2,Districte II,5,Collblanc,223,25-34,83,92,175
1998,4,Districte IV,7,la Florida,427,25-34,73,71,144
2008,6,Districte VI,12,Bellvitge,623,00-02,22,24,46
2008,3,Districte III,6,Santa Eulàlia,314,65-74,70,75,145
2004,6,Districte VI,12,Bellvitge,611,65-74,87,103,190
2004,2,Districte II,5,Collblanc,219,75 i +,86,49,135
2001,5,Districte V,10,Pubilla Cases,534,16-17,5,4,9
1998,5,Districte V,9,Can Serra,535,75 i +,36,20,56
2000,6,Districte VI,12,Bellvitge,619,16-17,16,18,34
1995,3,Districte III,6,Santa Eulàlia,325,75 i +,88,48,136
1999,2,Districte II,4,la Torrassa,247,65-74,79,65,144
2010,4,Districte IV,7,la Florida,417,00-02,11,22,33
2006,5,Districte V,10,Pubilla Cases,525,12-15,11,15,26
2013,1,Districte I,3,Sant Josep,120,65-74,81,63,144
2015,5,Districte V,9,Can Serra,506,16-17,13,17,30
1995,4,Districte IV,7,la Florida,404,65-74,56,48,104
2014,3,Districte III,6,Santa Eulàlia,315,03-11,82,89,171
1996,3,Districte III,6,Santa Eulàlia,316,25-34,91,72,163
2010,3,Districte III,6,Santa Eulàlia,301,18-24,70,86,156
2011,5,Districte V,10,Pubilla Cases,526,16-17,9,13,22
2007,4,Districte IV,7,la Florida,409,25-34,66,88,154
2006,2,Districte II,4,la Torrassa,233,35-49,101,117,218
1999,6,Districte VI,12,Bellvitge,614,25-34,102,108,210
2004,3,Districte III,6,Santa Eulàlia,309,50-64,71,70,141
2015,6,Districte VI,12,Bellvitge,624,75 i +,59,48,107
1995,4,Districte IV,7,la Florida,417,25-34,54,53,107
1997,2,Districte II,4,la Torrassa,211,75 i +,72,37,109
1995,5,Districte V,10,Pubilla Cases,522,25-34,59,63,122
2009,3,Districte III,6,Santa Eulàlia,322,65-74,54,44,98
2012,4,Districte IV,7,la Florida,405,03-11,28,35,63
1995,4,Districte IV,7,la Florida,407,25-34,88,111,199
1996,4,Districte IV,7,la Florida,415,75 i +,36,20,56
2001,4,Districte IV,7,la Florida,414,16-17,4,12,16
2012,3,Districte III,6,Santa Eulàlia,302,12-15,8,18,26
2013,6,Districte VI,12,Bellvitge,612,35-49,117,146,263
2015,4,Districte IV,8,les Planes,419,65-74,78,57,135
2005,4,Districte IV,7,la Florida,416,65-74,51,45,96
1998,4,Districte IV,8,les Planes,419,18-24,34,55,89
2014,4,Districte IV,7,la Florida,425,12-15,15,25,40
2003,2,Districte II,4,la Torrassa,218,00-02,5,6,11
1994,5,Districte V,10,Pubilla Cases,530,25-34,115,135,250
2011,2,Districte II,4,la Torrassa,236,03-11,51,43,94
2012,4,Districte IV,7,la Florida,431,16-17,15,21,36
1999,6,Districte VI,12,Bellvitge,605,50-64,113,94,207
2015,3,Districte III,6,Santa Eulàlia,302,00-02,13,17,30
2001,5,Districte V,10,Pubilla Cases,513,50-64,74,56,130
2002,3,Districte III,6,Santa Eulàlia,317,18-24,46,60,106
2005,1,Districte I,3,Sant Josep,106,75 i +,56,31,87
2000,5,Districte V,10,Pubilla Cases,509,18-24,48,33,81
2011,2,Districte II,5,Collblanc,221,75 i +,75,47,122
2016,5,Districte V,9,Can Serra,501,35-49,105,123,228
2009,2,Districte II,4,la Torrassa,249,25-34,111,115,226
1998,4,Districte IV,8,les Planes,434,18-24,33,20,53
1996,6,Districte VI,12,Bellvitge,623,16-17,35,34,69
2005,1,Districte I,1,Centre,112,25-34,150,144,294
2003,6,Districte VI,12,Bellvitge,606,35-49,105,114,219
2007,5,Districte V,10,Pubilla Cases,517,12-15,23,20,43
2008,1,Districte I,3,Sant Josep,117,50-64,239,226,465
2009,4,Districte IV,8,les Planes,419,03-11,45,58,103
2000,3,Districte III,6,Santa Eulàlia,316,16-17,61,66,127
2009,2,Districte II,4,la Torrassa,243,00-02,18,26,44
1999,3,Districte III,6,Santa Eulàlia,323,50-64,199,250,449
1996,5,Districte V,10,Pubilla Cases,522,12-15,25,18,43
1995,2,Districte II,5,Collblanc,210,18-24,50,59,109
1997,2,Districte II,4,la Torrassa,234,25-34,73,81,154
1995,5,Districte V,10,Pubilla Cases,532,03-11,41,41,82
1995,1,Districte I,2,Sanfeliu,129,12-15,27,25,52
2006,2,Districte II,5,Collblanc,244,16-17,3,5,8
2003,5,Districte V,9,Can Serra,503,03-11,27,32,59
2005,5,Districte V,10,Pubilla Cases,517,18-24,67,63,130
2013,2,Districte II,4,la Torrassa,228,75 i +,134,88,222
2012,3,Districte III,6,Santa Eulàlia,317,12-15,30,22,52
2003,5,Districte V,10,Pubilla Cases,520,35-49,76,65,141
1999,5,Districte V,10,Pubilla Cases,522,12-15,18,13,31
2003,2,Districte II,5,Collblanc,226,75 i +,77,47,124
1998,5,Districte V,10,Pubilla Cases,534,75 i +,45,22,67
2011,1,Districte I,3,Sant Josep,136,16-17,11,3,14
2015,4,Districte IV,8,les Planes,433,35-49,238,229,467
2001,4,Districte IV,7,la Florida,426,50-64,78,77,155
1999,5,Districte V,9,Can Serra,505,35-49,93,80,173
2003,1,Districte I,2,Sanfeliu,116,03-11,55,48,103
2008,1,Districte I,1,Centre,104,16-17,10,6,16
2003,1,Districte I,3,Sant Josep,140,25-34,86,97,183
2010,2,Districte II,4,la Torrassa,231,35-49,155,176,331
1997,2,Districte II,4,la Torrassa,239,12-15,15,18,33
2009,2,Districte II,4,la Torrassa,248,12-15,29,24,53
2003,1,Districte I,3,Sant Josep,119,12-15,12,23,35
2000,6,Districte VI,12,Bellvitge,623,12-15,30,22,52
2008,3,Districte III,6,Santa Eulàlia,317,03-11,55,52,107
1995,5,Districte V,10,Pubilla Cases,514,00-02,7,6,13
2011,6,Districte VI,11,el Gornal,629,35-49,54,74,128
2013,2,Districte II,4,la Torrassa,240,50-64,146,123,269
2009,1,Districte I,1,Centre,101,12-15,30,27,57
2011,5,Districte V,10,Pubilla Cases,511,35-49,96,98,194
2014,6,Districte VI,12,Bellvitge,607,35-49,100,124,224
1996,2,Districte II,5,Collblanc,227,35-49,56,48,104
2009,5,Districte V,10,Pubilla Cases,534,03-11,35,39,74
2004,4,Districte IV,7,la Florida,426,75 i +,51,34,85
2014,5,Districte V,10,Pubilla Cases,534,00-02,5,11,16
2013,6,Districte VI,12,Bellvitge,625,75 i +,59,38,97
1996,3,Districte III,6,Santa Eulàlia,311,25-34,126,122,248
1999,5,Districte V,10,Pubilla Cases,525,25-34,83,83,166
1999,1,Districte I,1,Centre,112,03-11,56,61,117
2006,3,Districte III,6,Santa Eulàlia,324,18-24,40,39,79
2010,5,Districte V,10,Pubilla Cases,512,16-17,9,4,13
2016,6,Districte VI,11,el Gornal,632,50-64,74,66,140
2011,2,Districte II,5,Collblanc,202,35-49,104,137,241
1999,3,Districte III,6,Santa Eulàlia,310,03-11,28,35,63
2005,5,Districte V,10,Pubilla Cases,509,75 i +,29,14,43
2016,3,Districte III,6,Santa Eulàlia,314,18-24,60,88,148
2011,5,Districte V,9,Can Serra,501,65-74,65,80,145
2006,6,Districte VI,12,Bellvitge,605,50-64,74,43,117
1994,2,Districte II,5,Collblanc,224,65-74,46,28,74
2001,3,Districte III,6,Santa Eulàlia,305,16-17,18,21,39
1994,5,Districte V,10,Pubilla Cases,515,50-64,56,64,120
2014,2,Districte II,5,Collblanc,221,03-11,86,80,166
2011,4,Districte IV,7,la Florida,424,75 i +,30,32,62
2010,1,Districte I,3,Sant Josep,114,25-34,122,119,241
2000,1,Districte I,1,Centre,108,65-74,84,77,161
2013,5,Districte V,10,Pubilla Cases,528,65-74,66,54,120
2014,2,Districte II,5,Collblanc,224,35-49,154,151,305
2010,2,Districte II,4,la Torrassa,249,50-64,88,76,164
1996,5,Districte V,10,Pubilla Cases,518,65-74,56,53,109
2001,6,Districte VI,12,Bellvitge,619,16-17,12,19,31
2000,3,Districte III,6,Santa Eulàlia,311,16-17,7,11,18
2016,5,Districte V,9,Can Serra,501,25-34,39,42,81
2003,4,Districte IV,8,les Planes,436,75 i +,30,19,49
2008,5,Districte V,10,Pubilla Cases,530,50-64,96,78,174
2016,6,Districte VI,12,Bellvitge,630,03-11,21,32,53
2007,5,Districte V,10,Pubilla Cases,515,50-64,46,34,80
2012,2,Districte II,4,la Torrassa,217,12-15,13,13,26
2007,5,Districte V,10,Pubilla Cases,518,03-11,50,45,95
2012,3,Districte III,6,Santa Eulàlia,325,25-34,104,127,231
2015,6,Districte VI,12,Bellvitge,621,00-02,12,17,29
2006,1,Districte I,1,Centre,102,35-49,161,183,344
2010,1,Districte I,3,Sant Josep,137,35-49,175,168,343
2004,6,Districte VI,12,Bellvitge,618,50-64,68,55,123
1998,2,Districte II,5,Collblanc,221,12-15,16,25,41
2008,1,Districte I,3,Sant Josep,119,50-64,185,148,333
2005,5,Districte V,10,Pubilla Cases,524,35-49,145,145,290
2002,1,Districte I,2,Sanfeliu,116,03-11,58,46,104
2002,4,Districte IV,7,la Florida,416,25-34,54,88,142
2004,5,Districte V,9,Can Serra,503,00-02,8,7,15
2006,4,Districte IV,8,les Planes,436,35-49,99,132,231
2009,3,Districte III,6,Santa Eulàlia,303,50-64,134,108,242
2002,5,Districte V,10,Pubilla Cases,528,50-64,113,98,211
2011,2,Districte II,5,Collblanc,210,18-24,18,18,36
1994,5,Districte V,9,Can Serra,505,12-15,46,31,77
2013,2,Districte II,4,la Torrassa,249,65-74,51,42,93
1995,4,Districte IV,8,les Planes,419,50-64,77,74,151
2002,6,Districte VI,11,el Gornal,622,12-15,19,15,34
2013,6,Districte VI,12,Bellvitge,602,00-02,19,17,36
2001,5,Districte V,10,Pubilla Cases,519,00-02,7,12,19
1998,1,Districte I,1,Centre,107,03-11,54,53,107
2006,3,Districte III,6,Santa Eulàlia,320,16-17,12,7,19
2013,3,Districte III,6,Santa Eulàlia,316,16-17,15,21,36
2014,1,Districte I,1,Centre,134,50-64,131,113,244
2014,5,Districte V,10,Pubilla Cases,511,50-64,192,143,335
2011,4,Districte IV,8,les Planes,440,00-02,9,12,21
1998,6,Districte VI,12,Bellvitge,625,16-17,35,35,70
2003,1,Districte I,1,Centre,110,12-15,15,23,38
2012,2,Districte II,4,la Torrassa,237,25-34,130,112,242
2014,2,Districte II,4,la Torrassa,238,16-17,9,11,20
2007,3,Districte III,6,Santa Eulàlia,306,00-02,20,22,42
1996,5,Districte V,9,Can Serra,502,25-34,107,127,234
2004,1,Districte I,2,Sanfeliu,129,25-34,130,123,253
2003,4,Districte IV,8,les Planes,439,18-24,26,50,76
1996,4,Districte IV,7,la Florida,424,35-49,54,53,107
1996,1,Districte I,1,Centre,134,50-64,112,106,218
2007,4,Districte IV,7,la Florida,422,12-15,15,25,40
2004,6,Districte VI,11,el Gornal,622,75 i +,42,15,57
2011,4,Districte IV,7,la Florida,413,18-24,24,26,50
2004,2,Districte II,5,Collblanc,216,50-64,150,126,276
2013,2,Districte II,4,la Torrassa,234,50-64,83,71,154
1994,2,Districte II,5,Collblanc,215,50-64,83,70,153
1998,1,Districte I,1,Centre,113,35-49,209,184,393
2012,4,Districte IV,8,les Planes,420,25-34,117,120,237
1999,6,Districte VI,11,el Gornal,608,00-02,6,8,14
1998,5,Districte V,9,Can Serra,507,65-74,37,36,73
1995,4,Districte IV,7,la Florida,423,12-15,27,16,43
2001,6,Districte VI,12,Bellvitge,618,03-11,17,24,41
1998,5,Districte V,10,Pubilla Cases,529,65-74,87,68,155
2013,2,Districte II,5,Collblanc,220,18-24,78,64,142
2000,1,Districte I,1,Centre,124,18-24,52,47,99
1995,2,Districte II,5,Collblanc,201,35-49,56,46,102
2003,5,Districte V,10,Pubilla Cases,519,16-17,5,5,10
1996,5,Districte V,10,Pubilla Cases,520,12-15,11,22,33
2012,5,Districte V,10,Pubilla Cases,508,35-49,85,93,178
2010,6,Districte VI,12,Bellvitge,601,03-11,44,48,92
2005,6,Districte VI,12,Bellvitge,625,00-02,10,14,24
1995,4,Districte IV,8,les Planes,440,18-24,118,102,220
2003,2,Districte II,5,Collblanc,220,65-74,69,53,122
1998,6,Districte VI,11,el Gornal,629,35-49,66,55,121
2011,4,Districte IV,7,la Florida,422,03-11,48,50,98
2002,2,Districte II,4,la Torrassa,228,16-17,4,2,6
2007,5,Districte V,10,Pubilla Cases,532,00-02,19,21,40
2005,1,Districte I,1,Centre,113,12-15,22,30,52
2012,1,Districte I,1,Centre,102,25-34,83,79,162
2015,4,Districte IV,8,les Planes,420,25-34,149,149,298
1996,6,Districte VI,12,Bellvitge,628,12-15,29,35,64
1998,4,Districte IV,7,la Florida,417,75 i +,21,13,34
2016,3,Districte III,6,Santa Eulàlia,326,18-24,19,21,40
1997,5,Districte V,10,Pubilla Cases,511,12-15,6,8,14
1994,4,Districte IV,8,les Planes,441,65-74,99,84,183
2011,6,Districte VI,11,el Gornal,626,35-49,104,103,207
2005,3,Districte III,6,Santa Eulàlia,323,18-24,123,153,276
2007,3,Districte III,6,Santa Eulàlia,317,03-11,61,39,100
2011,3,Districte III,6,Santa Eulàlia,324,18-24,36,47,83
2012,6,Districte VI,12,Bellvitge,624,25-34,61,75,136
2009,2,Districte II,4,la Torrassa,242,03-11,37,29,66
2012,4,Districte IV,7,la Florida,416,50-64,61,61,122
2016,4,Districte IV,7,la Florida,407,03-11,49,41,90
2003,5,Districte V,9,Can Serra,504,25-34,117,132,249
2005,5,Districte V,10,Pubilla Cases,531,50-64,86,68,154
2015,1,Districte I,2,Sanfeliu,129,25-34,53,66,119
1996,2,Districte II,5,Collblanc,204,16-17,3,8,11
2001,2,Districte II,4,la Torrassa,211,50-64,82,64,146
2012,6,Districte VI,12,Bellvitge,607,03-11,41,30,71
2003,2,Districte II,4,la Torrassa,242,50-64,92,95,187
2013,2,Districte II,4,la Torrassa,231,18-24,41,44,85
1998,4,Districte IV,7,la Florida,428,75 i +,28,18,46
2011,3,Districte III,6,Santa Eulàlia,302,50-64,163,130,293
2000,2,Districte II,5,Collblanc,244,12-15,7,3,10
2002,1,Districte I,1,Centre,131,16-17,11,16,27
2010,5,Districte V,9,Can Serra,505,25-34,81,90,171
2008,5,Districte V,10,Pubilla Cases,529,35-49,174,155,329
2003,2,Districte II,5,Collblanc,209,03-11,28,32,60
2012,2,Districte II,5,Collblanc,227,16-17,8,7,15
2005,4,Districte IV,8,les Planes,441,00-02,21,25,46
2001,1,Districte I,2,Sanfeliu,118,18-24,143,142,285
1995,6,Districte VI,12,Bellvitge,628,16-17,22,34,56
2009,3,Districte III,6,Santa Eulàlia,308,00-02,34,21,55
2007,1,Districte I,1,Centre,113,25-34,159,168,327
2009,1,Districte I,1,Centre,133,18-24,28,31,59
2012,2,Districte II,4,la Torrassa,231,65-74,47,36,83
2000,1,Districte I,1,Centre,113,25-34,95,106,201
2000,1,Districte I,1,Centre,113,00-02,9,13,22
2009,1,Districte I,3,Sant Josep,115,65-74,50,46,96
1997,3,Districte III,6,Santa Eulàlia,302,65-74,48,43,91
1998,2,Districte II,5,Collblanc,223,35-49,75,85,160
2011,1,Districte I,1,Centre,113,16-17,8,19,27
2010,3,Districte III,6,Santa Eulàlia,306,25-34,141,158,299
2010,2,Districte II,4,la Torrassa,217,35-49,91,125,216
2008,2,Districte II,4,la Torrassa,234,65-74,49,33,82
2013,6,Districte VI,11,el Gornal,616,00-02,31,32,63
1999,2,Districte II,4,la Torrassa,229,50-64,61,59,120
2002,6,Districte VI,11,el Gornal,626,00-02,6,22,28
2013,1,Districte I,1,Centre,112,16-17,11,18,29
2003,2,Districte II,4,la Torrassa,229,00-02,7,8,15
2007,4,Districte IV,7,la Florida,414,50-64,68,60,128
2011,3,Districte III,6,Santa Eulàlia,301,25-34,170,168,338
2013,1,Districte I,1,Centre,134,16-17,13,9,22
1999,5,Districte V,9,Can Serra,505,00-02,9,5,14
2000,4,Districte IV,7,la Florida,432,75 i +,36,32,68
1996,1,Districte I,3,Sant Josep,121,16-17,6,5,11
2012,1,Districte I,3,Sant Josep,137,25-34,111,100,211
2002,5,Districte V,10,Pubilla Cases,519,16-17,6,7,13
2015,5,Districte V,10,Pubilla Cases,518,65-74,62,33,95
1994,6,Districte VI,12,Bellvitge,601,16-17,37,43,80
2008,1,Districte I,2,Sanfeliu,116,35-49,169,172,341
2009,3,Districte III,6,Santa Eulàlia,325,03-11,68,67,135
2014,1,Districte I,1,Centre,124,00-02,10,11,21
1996,5,Districte V,10,Pubilla Cases,529,25-34,99,105,204
2004,6,Districte VI,12,Bellvitge,631,00-02,10,8,18
2010,2,Districte II,5,Collblanc,219,50-64,92,79,171
2009,6,Districte VI,12,Bellvitge,603,18-24,15,26,41
2012,5,Districte V,9,Can Serra,504,25-34,67,66,133
1998,3,Districte III,6,Santa Eulàlia,316,03-11,117,121,238
2009,6,Districte VI,12,Bellvitge,620,35-49,61,63,124
2009,2,Districte II,4,la Torrassa,243,75 i +,100,65,165
2011,1,Districte I,3,Sant Josep,117,75 i +,79,45,124
2009,1,Districte I,1,Centre,107,00-02,38,36,74
2005,4,Districte IV,8,les Planes,433,12-15,20,26,46
2008,4,Districte IV,8,les Planes,429,50-64,61,58,119
1994,1,Districte I,1,Centre,110,12-15,41,46,87
2000,4,Districte IV,8,les Planes,438,12-15,18,11,29
2002,1,Districte I,3,Sant Josep,115,03-11,47,58,105
1999,6,Districte VI,12,Bellvitge,631,65-74,45,46,91
2010,1,Districte I,2,Sanfeliu,132,75 i +,90,70,160
2005,4,Districte IV,8,les Planes,442,18-24,25,26,51
1997,6,Districte VI,12,Bellvitge,618,35-49,63,49,112
2010,6,Districte VI,11,el Gornal,616,12-15,63,73,136
2006,4,Districte IV,7,la Florida,413,12-15,19,11,30
2007,3,Districte III,6,Santa Eulàlia,313,65-74,84,73,157
2014,1,Districte I,1,Centre,104,75 i +,85,37,122
2009,6,Districte VI,12,Bellvitge,619,65-74,113,90,203
2016,2,Districte II,4,la Torrassa,248,18-24,37,49,86
2009,2,Districte II,5,Collblanc,209,00-02,7,14,21
1996,2,Districte II,4,la Torrassa,249,65-74,69,64,133
2012,4,Districte IV,7,la Florida,424,65-74,34,23,57
2000,2,Districte II,4,la Torrassa,249,75 i +,57,33,90
2002,1,Districte I,3,Sant Josep,136,75 i +,56,31,87
2013,5,Districte V,10,Pubilla Cases,525,03-11,46,56,102
2007,4,Districte IV,7,la Florida,417,18-24,38,32,70
2015,2,Districte II,5,Collblanc,212,18-24,47,45,92
2002,5,Districte V,10,Pubilla Cases,509,75 i +,35,16,51
2005,2,Districte II,4,la Torrassa,234,18-24,32,46,78
2007,4,Districte IV,7,la Florida,403,00-02,14,17,31
2000,5,Districte V,10,Pubilla Cases,533,00-02,6,8,14
2001,1,Districte I,1,Centre,134,00-02,22,13,35
2010,4,Districte IV,7,la Florida,423,65-74,55,55,110
1995,1,Districte I,1,Centre,109,18-24,51,59,110
2003,1,Districte I,1,Centre,128,18-24,44,43,87
2011,2,Districte II,5,Collblanc,202,25-34,92,106,198
2015,4,Districte IV,7,la Florida,410,50-64,143,134,277
1997,2,Districte II,5,Collblanc,206,65-74,58,52,110
2015,3,Districte III,6,Santa Eulàlia,326,25-34,159,119,278
2014,2,Districte II,5,Collblanc,213,65-74,58,42,100
2002,3,Districte III,6,Santa Eulàlia,311,00-02,7,20,27
1998,1,Districte I,1,Centre,111,12-15,18,16,34
1994,2,Districte II,5,Collblanc,208,03-11,52,62,114
2013,4,Districte IV,8,les Planes,437,18-24,51,73,124
2001,6,Districte VI,12,Bellvitge,610,00-02,10,17,27
2010,2,Districte II,4,la Torrassa,235,18-24,63,55,118
2011,2,Districte II,4,la Torrassa,232,00-02,16,16,32
2003,1,Districte I,3,Sant Josep,122,00-02,9,12,21
1996,5,Districte V,10,Pubilla Cases,533,35-49,63,66,129
2008,6,Districte VI,12,Bellvitge,613,00-02,19,24,43
2012,3,Districte III,6,Santa Eulàlia,308,12-15,46,54,100
1995,3,Districte III,6,Santa Eulàlia,311,35-49,130,109,239
1996,4,Districte IV,7,la Florida,407,12-15,12,16,28
2002,4,Districte IV,7,la Florida,424,12-15,8,5,13
2007,4,Districte IV,7,la Florida,422,03-11,42,46,88
1995,6,Districte VI,12,Bellvitge,606,50-64,140,130,270
1997,2,Districte II,4,la Torrassa,243,65-74,96,86,182
2009,5,Districte V,10,Pubilla Cases,525,12-15,18,18,36
2004,5,Districte V,10,Pubilla Cases,524,18-24,66,57,123
2012,4,Districte IV,8,les Planes,437,65-74,47,27,74
2002,2,Districte II,5,Collblanc,212,25-34,134,137,271
2000,2,Districte II,5,Collblanc,223,75 i +,71,28,99
2012,4,Districte IV,7,la Florida,415,25-34,88,99,187
2003,4,Districte IV,7,la Florida,422,50-64,85,71,156
2001,1,Districte I,1,Centre,123,25-34,109,103,212
2016,5,Districte V,10,Pubilla Cases,508,65-74,55,40,95
2010,4,Districte IV,7,la Florida,413,00-02,9,8,17
1998,5,Districte V,9,Can Serra,501,65-74,17,24,41
2014,6,Districte VI,12,Bellvitge,624,16-17,5,4,9
2007,5,Districte V,10,Pubilla Cases,531,18-24,32,49,81
2014,5,Districte V,9,Can Serra,502,75 i +,130,74,204
1997,4,Districte IV,8,les Planes,433,50-64,86,86,172
2002,4,Districte IV,8,les Planes,440,16-17,5,3,8
2004,2,Districte II,4,la Torrassa,211,50-64,73,77,150
2008,2,Districte II,4,la Torrassa,211,18-24,66,65,131
2002,2,Districte II,4,la Torrassa,229,35-49,66,78,144
2010,5,Districte V,10,Pubilla Cases,512,50-64,59,67,126
1995,4,Districte IV,7,la Florida,408,50-64,102,91,193
2012,1,Districte I,2,Sanfeliu,129,12-15,17,27,44
2001,1,Districte I,1,Centre,131,12-15,26,28,54
2003,4,Districte IV,7,la Florida,422,16-17,8,11,19
2003,3,Districte III,6,Santa Eulàlia,309,75 i +,26,17,43
1995,3,Districte III,6,Santa Eulàlia,321,00-02,21,19,40
1994,5,Districte V,10,Pubilla Cases,515,18-24,37,37,74
1995,5,Districte V,9,Can Serra,506,65-74,62,58,120
1997,4,Districte IV,7,la Florida,413,00-02,7,4,11
2004,5,Districte V,10,Pubilla Cases,524,50-64,101,87,188
2009,3,Districte III,6,Santa Eulàlia,305,25-34,123,136,259
2005,1,Districte I,3,Sant Josep,126,50-64,139,113,252
1994,2,Districte II,4,la Torrassa,230,75 i +,30,14,44
2001,5,Districte V,10,Pubilla Cases,513,00-02,11,12,23
2016,5,Districte V,9,Can Serra,535,12-15,10,20,30
2000,1,Districte I,1,Centre,104,16-17,4,2,6
2010,2,Districte II,4,la Torrassa,249,35-49,128,145,273
2006,6,Districte VI,12,Bellvitge,631,35-49,93,103,196
1996,5,Districte V,9,Can Serra,503,18-24,64,66,130
1998,3,Districte III,6,Santa Eulàlia,319,65-74,30,25,55
1998,6,Districte VI,12,Bellvitge,612,65-74,49,46,95
2003,6,Districte VI,12,Bellvitge,612,75 i +,44,20,64
1997,4,Districte IV,8,les Planes,420,50-64,128,121,249
1998,1,Districte I,2,Sanfeliu,129,25-34,108,109,217
2004,3,Districte III,6,Santa Eulàlia,322,25-34,158,171,329
2011,4,Districte IV,7,la Florida,404,12-15,27,36,63
2015,4,Districte IV,8,les Planes,419,25-34,139,170,309
2006,6,Districte VI,12,Bellvitge,615,16-17,4,6,10
1999,4,Districte IV,8,les Planes,438,35-49,71,64,135
1994,4,Districte IV,8,les Planes,439,03-11,37,35,72
2008,3,Districte III,6,Santa Eulàlia,321,25-34,180,172,352
2004,3,Districte III,6,Santa Eulàlia,322,12-15,16,16,32
2016,5,Districte V,10,Pubilla Cases,529,75 i +,96,56,152
2002,6,Districte VI,11,el Gornal,622,03-11,23,41,64
2003,3,Districte III,6,Santa Eulàlia,319,18-24,61,70,131
2012,6,Districte VI,12,Bellvitge,628,35-49,108,101,209
1994,6,Districte VI,12,Bellvitge,603,03-11,21,31,52
2002,1,Districte I,3,Sant Josep,126,00-02,17,14,31
2001,5,Districte V,10,Pubilla Cases,532,18-24,61,68,129
2006,5,Districte V,10,Pubilla Cases,513,03-11,32,22,54
2003,2,Districte II,4,la Torrassa,230,75 i +,50,23,73
1999,3,Districte III,6,Santa Eulàlia,304,00-02,6,12,18
2014,4,Districte IV,7,la Florida,414,25-34,148,134,282
2013,4,Districte IV,8,les Planes,420,35-49,222,268,490
1996,5,Districte V,9,Can Serra,505,12-15,35,26,61
2007,4,Districte IV,7,la Florida,404,12-15,21,30,51
2000,5,Districte V,9,Can Serra,506,03-11,68,85,153
2013,6,Districte VI,12,Bellvitge,610,25-34,55,59,114
1995,2,Districte II,4,la Torrassa,240,65-74,56,46,102
2016,6,Districte VI,12,Bellvitge,621,65-74,136,135,271
1996,6,Districte VI,11,el Gornal,632,03-11,40,48,88
2011,1,Districte I,3,Sant Josep,139,12-15,13,29,42
2007,6,Districte VI,12,Bellvitge,624,03-11,34,39,73
1997,2,Districte II,4,la Torrassa,242,75 i +,49,38,87
1995,4,Districte IV,7,la Florida,415,18-24,32,32,64
2007,1,Districte I,3,Sant Josep,138,75 i +,33,21,54
2006,4,Districte IV,8,les Planes,434,65-74,40,14,54
1999,1,Districte I,1,Centre,113,00-02,12,14,26
2001,6,Districte VI,12,Bellvitge,630,18-24,73,87,160
2010,3,Districte III,6,Santa Eulàlia,311,65-74,68,62,130
1999,5,Districte V,9,Can Serra,535,35-49,121,110,231
1994,4,Districte IV,7,la Florida,422,65-74,92,74,166
2012,5,Districte V,9,Can Serra,502,16-17,10,10,20
2012,1,Districte I,1,Centre,102,00-02,21,16,37
1994,5,Districte V,10,Pubilla Cases,525,03-11,32,37,69
2002,4,Districte IV,8,les Planes,438,25-34,91,102,193
2006,4,Districte IV,7,la Florida,416,35-49,82,100,182
2013,1,Districte I,1,Centre,113,25-34,129,127,256
1997,3,Districte III,6,Santa Eulàlia,319,75 i +,31,15,46
2009,3,Districte III,6,Santa Eulàlia,324,00-02,23,14,37
1995,1,Districte I,3,Sant Josep,117,75 i +,47,18,65
2001,5,Districte V,10,Pubilla Cases,531,25-34,78,79,157
2000,4,Districte IV,7,la Florida,416,75 i +,31,18,49
2009,5,Districte V,10,Pubilla Cases,519,50-64,40,27,67
2014,6,Districte VI,11,el Gornal,626,16-17,14,9,23
2015,2,Districte II,4,la Torrassa,247,65-74,63,40,103
2009,6,Districte VI,12,Bellvitge,618,16-17,5,4,9
2003,2,Districte II,5,Collblanc,212,65-74,83,66,149
1996,1,Districte I,1,Centre,111,50-64,111,111,222
2016,2,Districte II,5,Collblanc,223,50-64,112,105,217
2013,5,Districte V,10,Pubilla Cases,529,03-11,73,44,117
2012,4,Districte IV,7,la Florida,430,03-11,51,59,110
2006,2,Districte II,4,la Torrassa,247,35-49,143,168,311
2016,4,Districte IV,8,les Planes,433,00-02,27,37,64
2013,2,Districte II,5,Collblanc,207,65-74,77,56,133
2012,5,Districte V,10,Pubilla Cases,513,65-74,38,32,70
2013,6,Districte VI,12,Bellvitge,614,16-17,7,7,14
2007,5,Districte V,10,Pubilla Cases,528,12-15,18,22,40
2009,2,Districte II,5,Collblanc,202,00-02,16,23,39
1997,4,Districte IV,8,les Planes,439,12-15,6,17,23
2014,5,Districte V,10,Pubilla Cases,526,16-17,18,16,34
2004,4,Districte IV,8,les Planes,438,00-02,7,14,21
1999,3,Districte III,6,Santa Eulàlia,314,25-34,175,181,356
2013,1,Districte I,1,Centre,111,75 i +,61,41,102
2002,6,Districte VI,12,Bellvitge,623,75 i +,53,28,81
1998,5,Districte V,10,Pubilla Cases,534,35-49,79,80,159
2007,3,Districte III,6,Santa Eulàlia,314,03-11,69,88,157
2004,6,Districte VI,12,Bellvitge,613,00-02,14,15,29
1998,4,Districte IV,7,la Florida,423,65-74,65,45,110
2009,4,Districte IV,7,la Florida,428,65-74,21,12,33
2010,5,Districte V,10,Pubilla Cases,529,75 i +,89,62,151
1996,6,Districte VI,12,Bellvitge,619,03-11,54,66,120
2009,5,Districte V,10,Pubilla Cases,512,25-34,87,98,185
2012,2,Districte II,5,Collblanc,224,65-74,15,13,28
2000,1,Districte I,1,Centre,111,75 i +,39,27,66
2005,5,Districte V,10,Pubilla Cases,509,12-15,9,16,25
2013,4,Districte IV,7,la Florida,416,16-17,9,17,26
1996,5,Districte V,10,Pubilla Cases,533,03-11,29,26,55
2006,1,Districte I,3,Sant Josep,122,18-24,39,24,63
2005,2,Districte II,5,Collblanc,225,25-34,34,69,103
2011,4,Districte IV,7,la Florida,411,16-17,10,7,17
2002,4,Districte IV,7,la Florida,432,35-49,109,116,225
2000,5,Districte V,10,Pubilla Cases,512,25-34,74,83,157
2016,2,Districte II,4,la Torrassa,248,03-11,54,64,118
2008,3,Districte III,6,Santa Eulàlia,305,65-74,53,57,110
2015,3,Districte III,6,Santa Eulàlia,326,65-74,12,12,24
2004,4,Districte IV,8,les Planes,438,25-34,82,88,170
1998,4,Districte IV,7,la Florida,405,25-34,81,89,170
2004,5,Districte V,10,Pubilla Cases,516,12-15,13,14,27
2014,4,Districte IV,8,les Planes,419,50-64,125,141,266
2012,1,Districte I,3,Sant Josep,139,75 i +,36,27,63
2010,1,Districte I,1,Centre,128,12-15,12,16,28
2008,5,Districte V,9,Can Serra,503,65-74,39,34,73
1995,3,Districte III,6,Santa Eulàlia,311,75 i +,62,35,97
1998,1,Districte I,1,Centre,105,50-64,76,99,175
2003,4,Districte IV,8,les Planes,440,35-49,81,97,178
2010,6,Districte VI,12,Bellvitge,610,35-49,144,142,286
2001,2,Districte II,4,la Torrassa,217,00-02,4,6,10
1998,4,Districte IV,8,les Planes,437,65-74,47,38,85
2000,2,Districte II,5,Collblanc,214,12-15,7,7,14
2013,1,Districte I,3,Sant Josep,139,65-74,46,45,91
2002,5,Districte V,10,Pubilla Cases,537,03-11,41,40,81
1998,5,Districte V,10,Pubilla Cases,509,03-11,23,27,50
2008,1,Districte I,2,Sanfeliu,118,65-74,61,68,129
2012,1,Districte I,1,Centre,109,03-11,46,33,79
2004,1,Districte I,1,Centre,111,35-49,95,86,181
1997,5,Districte V,10,Pubilla Cases,529,75 i +,60,35,95
2011,1,Districte I,1,Centre,130,00-02,13,20,33
2001,6,Districte VI,12,Bellvitge,619,12-15,22,32,54
1996,2,Districte II,4,la Torrassa,243,25-34,140,141,281
2001,5,Districte V,10,Pubilla Cases,510,00-02,18,19,37
2015,5,Districte V,9,Can Serra,521,00-02,9,9,18
2008,4,Districte IV,8,les Planes,439,50-64,55,55,110
2005,6,Districte VI,11,el Gornal,608,35-49,93,83,176
1998,3,Districte III,6,Santa Eulàlia,302,18-24,125,126,251
2011,2,Districte II,5,Collblanc,222,35-49,133,156,289
2016,6,Districte VI,12,Bellvitge,619,18-24,33,42,75
2002,4,Districte IV,7,la Florida,404,75 i +,55,28,83
2003,2,Districte II,4,la Torrassa,231,12-15,17,13,30
1997,3,Districte III,6,Santa Eulàlia,323,50-64,159,184,343
1996,3,Districte III,6,Santa Eulàlia,318,25-34,77,65,142
2010,6,Districte VI,11,el Gornal,632,75 i +,42,31,73
1999,6,Districte VI,12,Bellvitge,620,12-15,15,12,27
2003,2,Districte II,5,Collblanc,219,50-64,99,82,181
1997,2,Districte II,5,Collblanc,216,75 i +,47,30,77
2007,4,Districte IV,8,les Planes,433,16-17,13,11,24
2011,5,Districte V,10,Pubilla Cases,523,03-11,55,55,110
1996,5,Districte V,10,Pubilla Cases,522,75 i +,27,21,48
2008,2,Districte II,4,la Torrassa,233,25-34,103,107,210
2004,3,Districte III,6,Santa Eulàlia,322,03-11,49,38,87
2003,4,Districte IV,8,les Planes,441,18-24,113,118,231
2003,4,Districte IV,8,les Planes,419,35-49,72,101,173
1994,4,Districte IV,8,les Planes,401,75 i +,31,12,43
2002,6,Districte VI,12,Bellvitge,628,50-64,144,136,280
2001,1,Districte I,1,Centre,107,16-17,14,20,34
1995,4,Districte IV,7,la Florida,428,03-11,20,12,32
2014,6,Districte VI,12,Bellvitge,623,25-34,58,69,127
2010,4,Districte IV,7,la Florida,426,12-15,16,17,33
2000,5,Districte V,10,Pubilla Cases,536,18-24,38,49,87
2014,6,Districte VI,11,el Gornal,622,50-64,97,78,175
2006,1,Districte I,3,Sant Josep,106,00-02,26,25,51
2000,6,Districte VI,12,Bellvitge,610,03-11,30,34,64
1994,3,Districte III,6,Santa Eulàlia,316,75 i +,22,12,34
2013,1,Districte I,3,Sant Josep,119,35-49,134,136,270
2000,4,Districte IV,8,les Planes,435,25-34,72,67,139
2010,2,Districte II,4,la Torrassa,242,25-34,88,113,201
2015,3,Districte III,6,Santa Eulàlia,311,12-15,27,29,56
2011,6,Districte VI,11,el Gornal,622,65-74,43,40,83
2003,3,Districte III,6,Santa Eulàlia,304,65-74,86,65,151
2011,2,Districte II,4,la Torrassa,246,50-64,87,80,167
1998,5,Districte V,10,Pubilla Cases,526,12-15,9,14,23
2001,2,Districte II,4,la Torrassa,231,75 i +,88,46,134
2005,6,Districte VI,12,Bellvitge,610,03-11,44,48,92
2012,6,Districte VI,11,el Gornal,629,35-49,53,80,133
2014,4,Districte IV,7,la Florida,426,25-34,90,90,180
1997,6,Districte VI,12,Bellvitge,625,00-02,8,7,15
2007,6,Districte VI,12,Bellvitge,613,16-17,7,7,14
1994,2,Districte II,5,Collblanc,203,75 i +,42,24,66
2009,6,Districte VI,12,Bellvitge,612,16-17,7,13,20
2006,2,Districte II,4,la Torrassa,229,75 i +,57,32,89
1996,1,Districte I,3,Sant Josep,106,25-34,130,133,263
2001,2,Districte II,4,la Torrassa,247,18-24,51,45,96
2005,5,Districte V,10,Pubilla Cases,513,35-49,77,94,171
2008,6,Districte VI,11,el Gornal,622,25-34,51,76,127
1998,1,Districte I,1,Centre,134,25-34,109,99,208
2001,5,Districte V,9,Can Serra,506,75 i +,65,39,104
2009,6,Districte VI,11,el Gornal,622,50-64,101,86,187
2012,3,Districte III,6,Santa Eulàlia,324,12-15,18,26,44
2005,4,Districte IV,7,la Florida,403,65-74,85,92,177
2014,3,Districte III,6,Santa Eulàlia,303,50-64,101,107,208
2006,1,Districte I,2,Sanfeliu,116,12-15,31,20,51
2009,4,Districte IV,7,la Florida,404,35-49,162,184,346
1998,1,Districte I,3,Sant Josep,114,12-15,32,36,68
2009,6,Districte VI,12,Bellvitge,605,75 i +,42,31,73
2003,6,Districte VI,12,Bellvitge,602,65-74,39,48,87
2004,2,Districte II,4,la Torrassa,238,35-49,90,103,193
2006,2,Districte II,5,Collblanc,225,50-64,54,35,89
2005,5,Districte V,9,Can Serra,521,03-11,24,30,54
1997,2,Districte II,5,Collblanc,201,12-15,14,8,22
2005,1,Districte I,3,Sant Josep,114,65-74,77,83,160
1996,2,Districte II,5,Collblanc,222,50-64,80,81,161
2009,5,Districte V,10,Pubilla Cases,530,35-49,173,165,338
2007,4,Districte IV,8,les Planes,439,16-17,11,11,22
2014,4,Districte IV,7,la Florida,427,75 i +,92,54,146
2005,6,Districte VI,12,Bellvitge,628,12-15,23,15,38
1996,3,Districte III,6,Santa Eulàlia,304,35-49,98,91,189
2006,2,Districte II,4,la Torrassa,248,65-74,51,49,100
1994,2,Districte II,4,la Torrassa,217,25-34,55,52,107
1998,2,Districte II,5,Collblanc,219,16-17,4,19,23
2015,2,Districte II,4,la Torrassa,243,03-11,66,86,152
1996,5,Districte V,9,Can Serra,504,65-74,58,60,118
2014,2,Districte II,5,Collblanc,201,25-34,169,145,314
2014,5,Districte V,9,Can Serra,504,65-74,89,74,163
2004,1,Districte I,3,Sant Josep,137,25-34,141,152,293
1995,4,Districte IV,8,les Planes,401,12-15,33,28,61
2005,1,Districte I,1,Centre,135,03-11,65,50,115
1997,4,Districte IV,8,les Planes,401,18-24,56,67,123
2013,6,Districte VI,12,Bellvitge,612,75 i +,63,46,109
2008,3,Districte III,6,Santa Eulàlia,304,03-11,83,82,165
2006,1,Districte I,1,Centre,101,16-17,6,13,19
1995,6,Districte VI,11,el Gornal,616,50-64,120,126,246
2009,5,Districte V,10,Pubilla Cases,534,12-15,10,17,27
2007,6,Districte VI,12,Bellvitge,609,16-17,12,2,14
2003,1,Districte I,1,Centre,101,25-34,187,202,389
2004,4,Districte IV,7,la Florida,432,65-74,62,63,125
2011,5,Districte V,9,Can Serra,502,12-15,26,33,59
2000,2,Districte II,4,la Torrassa,232,03-11,29,22,51
2009,2,Districte II,5,Collblanc,220,75 i +,53,36,89
2007,1,Districte I,3,Sant Josep,122,12-15,12,8,20
2004,1,Districte I,3,Sant Josep,125,65-74,51,58,109
2016,6,Districte VI,12,Bellvitge,601,18-24,59,55,114
2006,5,Districte V,10,Pubilla Cases,519,50-64,38,36,74
2006,4,Districte IV,7,la Florida,428,75 i +,33,22,55
1997,4,Districte IV,7,la Florida,417,18-24,38,44,82
2004,1,Districte I,1,Centre,107,16-17,14,13,27
2012,2,Districte II,5,Collblanc,208,65-74,110,80,190
2004,4,Districte IV,7,la Florida,424,18-24,31,39,70
2009,5,Districte V,10,Pubilla Cases,527,65-74,46,32,78
2013,4,Districte IV,7,la Florida,414,75 i +,87,65,152
2006,3,Districte III,6,Santa Eulàlia,323,16-17,31,30,61
2004,2,Districte II,4,la Torrassa,237,03-11,43,37,80
2015,5,Districte V,10,Pubilla Cases,514,18-24,44,60,104
1995,1,Districte I,3,Sant Josep,121,03-11,27,22,49
2008,6,Districte VI,12,Bellvitge,623,75 i +,53,30,83
2003,4,Districte IV,7,la Florida,415,12-15,7,13,20
2000,1,Districte I,1,Centre,133,12-15,16,16,32
1994,1,Districte I,1,Centre,107,50-64,188,207,395
2003,3,Districte III,6,Santa Eulàlia,302,75 i +,50,31,81
2001,5,Districte V,10,Pubilla Cases,510,65-74,60,55,115
2004,2,Districte II,5,Collblanc,221,03-11,47,36,83
2016,4,Districte IV,8,les Planes,440,25-34,66,70,136
1998,3,Districte III,6,Santa Eulàlia,316,25-34,100,84,184
2001,6,Districte VI,11,el Gornal,629,00-02,6,5,11
2000,6,Districte VI,11,el Gornal,626,03-11,37,31,68
2006,1,Districte I,1,Centre,101,50-64,128,118,246
1995,6,Districte VI,12,Bellvitge,619,25-34,118,134,252
2012,4,Districte IV,8,les Planes,441,00-02,25,22,47
2002,2,Districte II,5,Collblanc,223,25-34,88,128,216
2016,5,Districte V,10,Pubilla Cases,514,03-11,57,72,129
2008,1,Districte I,3,Sant Josep,119,12-15,10,17,27
2015,2,Districte II,4,la Torrassa,217,16-17,11,15,26
2007,4,Districte IV,7,la Florida,421,50-64,101,85,186
1996,4,Districte IV,8,les Planes,438,00-02,4,6,10
1999,4,Districte IV,7,la Florida,423,12-15,9,18,27
2007,6,Districte VI,12,Bellvitge,601,75 i +,61,44,105
2000,3,Districte III,6,Santa Eulàlia,302,65-74,63,46,109
2011,3,Districte III,6,Santa Eulàlia,312,16-17,10,11,21
2012,3,Districte III,6,Santa Eulàlia,321,65-74,111,122,233
2004,6,Districte VI,12,Bellvitge,630,16-17,9,7,16
1994,6,Districte VI,12,Bellvitge,604,50-64,86,80,166
2012,1,Districte I,2,Sanfeliu,118,12-15,32,23,55
2010,4,Districte IV,7,la Florida,432,00-02,18,29,47
2001,3,Districte III,6,Santa Eulàlia,324,75 i +,53,26,79
1995,3,Districte III,6,Santa Eulàlia,321,12-15,77,64,141
2002,2,Districte II,5,Collblanc,215,16-17,10,4,14
2002,2,Districte II,4,la Torrassa,231,16-17,8,3,11
1996,4,Districte IV,7,la Florida,423,18-24,55,61,116
2014,4,Districte IV,7,la Florida,426,75 i +,49,28,77
2013,3,Districte III,6,Santa Eulàlia,303,03-11,56,52,108
1997,1,Districte I,1,Centre,105,25-34,77,82,159
2012,6,Districte VI,12,Bellvitge,604,50-64,63,57,120
2006,1,Districte I,1,Centre,112,00-02,24,22,46
2003,6,Districte VI,11,el Gornal,629,50-64,59,46,105
2013,3,Districte III,6,Santa Eulàlia,310,25-34,77,67,144
2003,2,Districte II,5,Collblanc,226,00-02,8,9,17
2014,5,Districte V,10,Pubilla Cases,523,03-11,43,48,91
1998,5,Districte V,10,Pubilla Cases,522,16-17,10,10,20
1994,1,Districte I,2,Sanfeliu,129,18-24,105,100,205
1996,2,Districte II,5,Collblanc,203,03-11,12,22,34
2002,5,Districte V,10,Pubilla Cases,532,65-74,87,71,158
2015,1,Districte I,3,Sant Josep,117,18-24,65,58,123
2012,5,Districte V,10,Pubilla Cases,526,00-02,7,17,24
1998,6,Districte VI,11,el Gornal,626,03-11,39,33,72
2000,6,Districte VI,12,Bellvitge,620,75 i +,13,2,15
2008,1,Districte I,1,Centre,107,25-34,162,185,347
2016,2,Districte II,4,la Torrassa,231,12-15,21,31,52
2000,1,Districte I,2,Sanfeliu,118,65-74,41,36,77
2001,6,Districte VI,12,Bellvitge,618,65-74,27,22,49
1994,2,Districte II,4,la Torrassa,228,16-17,10,9,19
2016,4,Districte IV,7,la Florida,431,75 i +,94,38,132
2007,2,Districte II,4,la Torrassa,233,65-74,59,48,107
1994,6,Districte VI,12,Bellvitge,605,35-49,68,36,104
2002,1,Districte I,3,Sant Josep,125,25-34,148,158,306
2008,5,Districte V,10,Pubilla Cases,533,12-15,11,16,27
1999,1,Districte I,3,Sant Josep,140,35-49,76,70,146
1997,1,Districte I,3,Sant Josep,126,00-02,5,6,11
2016,1,Districte I,1,Centre,107,00-02,25,12,37
2016,2,Districte II,5,Collblanc,202,16-17,19,19,38
1999,1,Districte I,3,Sant Josep,138,03-11,25,35,60
2002,2,Districte II,5,Collblanc,219,00-02,16,14,30
2010,4,Districte IV,8,les Planes,437,65-74,48,27,75
1995,3,Districte III,6,Santa Eulàlia,307,25-34,97,73,170
2009,6,Districte VI,12,Bellvitge,603,16-17,6,6,12
2016,5,Districte V,10,Pubilla Cases,514,50-64,129,109,238
2014,1,Districte I,1,Centre,111,25-34,46,35,81
2011,5,Districte V,10,Pubilla Cases,538,75 i +,95,59,154
1997,6,Districte VI,11,el Gornal,608,25-34,89,116,205
2009,2,Districte II,4,la Torrassa,233,16-17,8,6,14
2007,2,Districte II,5,Collblanc,201,35-49,75,110,185
1999,2,Districte II,4,la Torrassa,239,16-17,10,7,17
2008,5,Districte V,10,Pubilla Cases,538,18-24,51,51,102
1997,1,Districte I,3,Sant Josep,125,18-24,102,112,214
2011,4,Districte IV,7,la Florida,430,75 i +,51,30,81
1994,2,Districte II,4,la Torrassa,233,25-34,71,76,147
2010,1,Districte I,3,Sant Josep,137,25-34,136,123,259
2005,2,Districte II,5,Collblanc,223,35-49,138,169,307
1995,1,Districte I,1,Centre,111,65-74,38,35,73
2012,2,Districte II,5,Collblanc,219,16-17,13,13,26
2010,2,Districte II,5,Collblanc,201,65-74,50,38,88
2008,2,Districte II,4,la Torrassa,229,00-02,9,10,19
1996,3,Districte III,6,Santa Eulàlia,316,16-17,33,54,87
2007,1,Districte I,1,Centre,133,12-15,9,9,18
2000,1,Districte I,3,Sant Josep,137,18-24,92,72,164
1996,6,Districte VI,12,Bellvitge,603,25-34,59,68,127
1995,5,Districte V,10,Pubilla Cases,536,03-11,26,26,52
1997,5,Districte V,10,Pubilla Cases,515,12-15,14,5,19
2010,4,Districte IV,7,la Florida,426,03-11,48,41,89
2013,3,Districte III,6,Santa Eulàlia,301,50-64,196,194,390
2002,3,Districte III,6,Santa Eulàlia,319,25-34,105,111,216
2012,1,Districte I,1,Centre,108,03-11,59,51,110
2011,4,Districte IV,8,les Planes,420,16-17,13,14,27
2006,3,Districte III,6,Santa Eulàlia,310,75 i +,40,26,66
1996,2,Districte II,4,la Torrassa,218,12-15,11,14,25
2003,3,Districte III,6,Santa Eulàlia,307,50-64,192,182,374
2007,4,Districte IV,7,la Florida,430,50-64,62,61,123
2001,1,Districte I,1,Centre,135,25-34,116,122,238
2007,2,Districte II,5,Collblanc,209,18-24,35,47,82
2003,2,Districte II,4,la Torrassa,228,65-74,46,42,88
2010,2,Districte II,4,la Torrassa,249,12-15,19,22,41
2011,4,Districte IV,8,les Planes,438,00-02,16,9,25
1999,4,Districte IV,7,la Florida,407,00-02,10,11,21
2008,4,Districte IV,7,la Florida,412,16-17,12,16,28
2015,2,Districte II,5,Collblanc,212,25-34,99,102,201
2011,2,Districte II,5,Collblanc,224,12-15,11,13,24
2007,6,Districte VI,12,Bellvitge,621,12-15,33,17,50
2002,5,Districte V,10,Pubilla Cases,534,35-49,89,89,178
1994,5,Districte V,10,Pubilla Cases,534,75 i +,43,20,63
2005,4,Districte IV,7,la Florida,410,16-17,9,14,23
2014,3,Districte III,6,Santa Eulàlia,315,65-74,65,69,134
2008,5,Districte V,10,Pubilla Cases,534,25-34,90,93,183
2015,3,Districte III,6,Santa Eulàlia,308,03-11,100,94,194
1998,3,Districte III,6,Santa Eulàlia,305,25-34,90,102,192
2006,4,Districte IV,7,la Florida,407,75 i +,71,49,120
2001,3,Districte III,6,Santa Eulàlia,308,18-24,75,71,146
2010,1,Districte I,1,Centre,103,75 i +,44,32,76
1998,3,Districte III,6,Santa Eulàlia,324,75 i +,49,19,68
2010,5,Districte V,9,Can Serra,506,00-02,13,16,29
2012,3,Districte III,6,Santa Eulàlia,313,75 i +,95,62,157
2002,5,Districte V,9,Can Serra,507,18-24,51,47,98
2015,2,Districte II,4,la Torrassa,229,75 i +,93,53,146
2006,1,Districte I,1,Centre,105,75 i +,60,33,93
2012,5,Districte V,9,Can Serra,501,75 i +,34,27,61
2003,5,Districte V,10,Pubilla Cases,524,35-49,124,131,255
2012,5,Districte V,10,Pubilla Cases,514,16-17,8,7,15
1994,4,Districte IV,7,la Florida,413,00-02,9,8,17
2011,1,Districte I,1,Centre,102,00-02,20,14,34
2016,1,Districte I,2,Sanfeliu,116,00-02,17,13,30
2013,2,Districte II,4,la Torrassa,248,75 i +,72,50,122
2002,1,Districte I,1,Centre,109,03-11,39,39,78
2000,1,Districte I,2,Sanfeliu,132,16-17,33,30,63
2012,4,Districte IV,7,la Florida,428,18-24,33,27,60
2012,3,Districte III,6,Santa Eulàlia,320,65-74,64,65,129
2000,1,Districte I,3,Sant Josep,106,65-74,57,44,101
2003,2,Districte II,4,la Torrassa,232,12-15,14,15,29
2006,2,Districte II,4,la Torrassa,231,03-11,45,36,81
2004,4,Districte IV,7,la Florida,415,03-11,23,27,50
2008,6,Districte VI,12,Bellvitge,605,18-24,22,12,34
2008,3,Districte III,6,Santa Eulàlia,320,00-02,16,17,33
1998,2,Districte II,4,la Torrassa,228,12-15,5,9,14
1998,1,Districte I,3,Sant Josep,140,18-24,63,61,124
2010,5,Districte V,10,Pubilla Cases,536,18-24,34,28,62
1998,6,Districte VI,12,Bellvitge,614,50-64,137,125,262
2015,6,Districte VI,12,Bellvitge,605,16-17,14,9,23
2000,1,Districte I,2,Sanfeliu,132,35-49,252,238,490
1996,4,Districte IV,7,la Florida,428,35-49,37,40,77
2014,3,Districte III,6,Santa Eulàlia,310,00-02,18,11,29
2007,6,Districte VI,11,el Gornal,617,18-24,39,32,71
2013,3,Districte III,6,Santa Eulàlia,309,75 i +,38,18,56
2003,4,Districte IV,7,la Florida,410,03-11,44,68,112
2010,2,Districte II,5,Collblanc,201,16-17,5,8,13
2011,3,Districte III,6,Santa Eulàlia,313,00-02,28,24,52
2012,1,Districte I,1,Centre,123,03-11,55,56,111
2009,5,Districte V,10,Pubilla Cases,509,65-74,38,33,71
2000,1,Districte I,1,Centre,133,65-74,57,42,99
2001,2,Districte II,5,Collblanc,210,75 i +,69,38,107
2000,1,Districte I,3,Sant Josep,114,03-11,49,39,88
2005,2,Districte II,4,la Torrassa,218,12-15,14,15,29
2011,1,Districte I,1,Centre,101,00-02,37,43,80
2007,2,Districte II,5,Collblanc,215,25-34,97,110,207
2016,2,Districte II,4,la Torrassa,236,18-24,48,40,88
2006,1,Districte I,1,Centre,109,00-02,15,13,28
2013,3,Districte III,6,Santa Eulàlia,326,50-64,28,35,63
2013,3,Districte III,6,Santa Eulàlia,322,35-49,195,183,378
1997,4,Districte IV,7,la Florida,412,35-49,192,193,385
2005,5,Districte V,10,Pubilla Cases,534,16-17,7,7,14
2001,6,Districte VI,12,Bellvitge,624,50-64,160,173,333
1998,6,Districte VI,12,Bellvitge,623,35-49,165,137,302
2000,2,Districte II,4,la Torrassa,245,18-24,45,44,89
2007,1,Districte I,3,Sant Josep,139,00-02,17,16,33
1998,1,Districte I,2,Sanfeliu,129,12-15,27,21,48
2011,4,Districte IV,8,les Planes,436,75 i +,28,24,52
1999,1,Districte I,3,Sant Josep,140,03-11,10,14,24
1997,2,Districte II,5,Collblanc,224,03-11,16,21,37
2005,1,Districte I,3,Sant Josep,117,18-24,101,103,204
2015,6,Districte VI,12,Bellvitge,621,25-34,72,90,162
2012,1,Districte I,3,Sant Josep,127,16-17,5,5,10
2014,5,Districte V,10,Pubilla Cases,531,00-02,11,14,25
2011,6,Districte VI,12,Bellvitge,607,18-24,42,38,80
2006,1,Districte I,1,Centre,130,25-34,84,79,163
2002,6,Districte VI,12,Bellvitge,619,75 i +,52,33,85
2002,6,Districte VI,12,Bellvitge,621,03-11,53,52,105
2009,1,Districte I,3,Sant Josep,119,00-02,10,15,25
1996,3,Districte III,6,Santa Eulàlia,303,18-24,120,134,254
1996,5,Districte V,9,Can Serra,504,75 i +,47,31,78
2014,5,Districte V,10,Pubilla Cases,526,12-15,27,34,61
2009,3,Districte III,6,Santa Eulàlia,314,16-17,14,32,46
2009,1,Districte I,1,Centre,133,50-64,99,85,184
2011,2,Districte II,5,Collblanc,201,03-11,51,54,105
2008,2,Districte II,4,la Torrassa,233,35-49,104,138,242
2006,1,Districte I,3,Sant Josep,138,16-17,6,7,13
2015,1,Districte I,3,Sant Josep,136,75 i +,68,40,108
2003,2,Districte II,4,la Torrassa,241,03-11,29,21,50
2012,4,Districte IV,7,la Florida,423,18-24,38,42,80
1997,5,Districte V,10,Pubilla Cases,534,16-17,12,11,23
2003,1,Districte I,3,Sant Josep,117,35-49,242,245,487
1995,1,Districte I,1,Centre,124,00-02,4,10,14
1999,1,Districte I,1,Centre,128,03-11,23,36,59
2005,4,Districte IV,8,les Planes,401,75 i +,74,46,120
2011,4,Districte IV,7,la Florida,431,03-11,82,79,161
1998,5,Districte V,9,Can Serra,503,12-15,28,24,52
2014,4,Districte IV,8,les Planes,440,65-74,88,64,152
2015,1,Districte I,2,Sanfeliu,116,25-34,68,68,136
1999,3,Districte III,6,Santa Eulàlia,316,12-15,94,100,194
2000,4,Districte IV,8,les Planes,441,50-64,184,180,364
2016,1,Districte I,3,Sant Josep,126,12-15,22,19,41
1994,2,Districte II,4,la Torrassa,229,65-74,59,51,110
1998,2,Districte II,4,la Torrassa,247,25-34,91,107,198
2000,2,Districte II,5,Collblanc,202,12-15,10,14,24
2008,5,Districte V,10,Pubilla Cases,514,25-34,56,99,155
1999,4,Districte IV,8,les Planes,419,35-49,57,72,129
2014,1,Districte I,1,Centre,131,50-64,134,127,261
2007,6,Districte VI,11,el Gornal,629,25-34,38,50,88
1994,2,Districte II,5,Collblanc,226,18-24,65,59,124
2001,4,Districte IV,7,la Florida,422,18-24,52,50,102
2002,6,Districte VI,12,Bellvitge,627,18-24,83,80,163
2001,4,Districte IV,8,les Planes,419,75 i +,39,18,57
2003,2,Districte II,5,Collblanc,221,16-17,8,11,19
2013,3,Districte III,6,Santa Eulàlia,303,50-64,107,105,212
2002,2,Districte II,5,Collblanc,205,03-11,32,28,60
2001,2,Districte II,4,la Torrassa,248,25-34,101,116,217
2008,2,Districte II,5,Collblanc,202,50-64,64,56,120
2001,5,Districte V,10,Pubilla Cases,534,75 i +,49,19,68
2015,3,Districte III,13,Granvia Sud,320,50-64,111,113,224
1998,4,Districte IV,8,les Planes,418,25-34,87,105,192
2004,6,Districte VI,12,Bellvitge,607,25-34,80,109,189
2002,2,Districte II,4,la Torrassa,211,12-15,23,17,40
1994,1,Districte I,1,Centre,107,25-34,132,148,280
2013,3,Districte III,6,Santa Eulàlia,307,00-02,16,13,29
1996,6,Districte VI,11,el Gornal,622,16-17,24,13,37
2004,2,Districte II,4,la Torrassa,217,18-24,22,28,50
1997,2,Districte II,5,Collblanc,212,50-64,141,116,257
1996,4,Districte IV,8,les Planes,441,00-02,15,10,25
2014,3,Districte III,6,Santa Eulàlia,301,65-74,143,113,256
2011,2,Districte II,4,la Torrassa,232,18-24,40,35,75
1994,3,Districte III,6,Santa Eulàlia,306,50-64,141,119,260
2011,6,Districte VI,12,Bellvitge,604,16-17,8,7,15
2001,3,Districte III,6,Santa Eulàlia,319,65-74,36,25,61
2014,4,Districte IV,7,la Florida,426,35-49,127,137,264
1998,2,Districte II,4,la Torrassa,237,18-24,62,62,124
2002,1,Districte I,1,Centre,103,65-74,41,43,84
2005,2,Districte II,4,la Torrassa,245,03-11,45,39,84
2015,3,Districte III,6,Santa Eulàlia,313,03-11,82,74,156
1997,2,Districte II,4,la Torrassa,228,35-49,40,54,94
2015,2,Districte II,5,Collblanc,220,18-24,78,66,144
2004,2,Districte II,4,la Torrassa,236,75 i +,76,45,121
1999,4,Districte IV,7,la Florida,421,12-15,4,15,19
2006,5,Districte V,10,Pubilla Cases,513,35-49,72,85,157
2008,4,Districte IV,7,la Florida,417,25-34,71,64,135
2014,2,Districte II,4,la Torrassa,231,35-49,165,180,345
2010,4,Districte IV,7,la Florida,410,35-49,169,166,335
2005,2,Districte II,4,la Torrassa,230,18-24,43,31,74
1996,4,Districte IV,7,la Florida,406,18-24,84,99,183
2005,5,Districte V,9,Can Serra,505,75 i +,49,42,91
2002,5,Districte V,10,Pubilla Cases,518,16-17,6,10,16
1996,3,Districte III,6,Santa Eulàlia,304,16-17,10,12,22
1998,4,Districte IV,7,la Florida,422,18-24,37,43,80
2004,2,Districte II,4,la Torrassa,241,12-15,22,14,36
2002,2,Districte II,4,la Torrassa,247,12-15,17,22,39
2008,2,Districte II,4,la Torrassa,211,12-15,22,26,48
2001,2,Districte II,5,Collblanc,208,65-74,140,124,264
1999,3,Districte III,6,Santa Eulàlia,318,75 i +,8,8,16
2016,5,Districte V,9,Can Serra,504,65-74,91,64,155
2014,4,Districte IV,8,les Planes,441,25-34,175,170,345
1999,3,Districte III,6,Santa Eulàlia,310,00-02,9,13,22
1994,2,Districte II,4,la Torrassa,242,25-34,70,77,147
1994,6,Districte VI,11,el Gornal,617,18-24,96,139,235
2005,2,Districte II,4,la Torrassa,249,50-64,89,79,168
2016,3,Districte III,6,Santa Eulàlia,316,75 i +,79,49,128
2016,4,Districte IV,7,la Florida,411,03-11,31,32,63
2008,4,Districte IV,7,la Florida,408,35-49,100,126,226
2003,6,Districte VI,12,Bellvitge,602,35-49,51,51,102
2001,4,Districte IV,7,la Florida,427,35-49,76,81,157
1997,5,Districte V,9,Can Serra,504,75 i +,50,34,84
2007,3,Districte III,6,Santa Eulàlia,318,16-17,8,8,16
2001,2,Districte II,4,la Torrassa,238,65-74,58,37,95
2006,6,Districte VI,12,Bellvitge,620,03-11,13,29,42
1999,1,Districte I,3,Sant Josep,137,18-24,86,85,171
1994,4,Districte IV,8,les Planes,420,50-64,146,132,278
2010,5,Districte V,9,Can Serra,502,12-15,30,25,55
2005,6,Districte VI,12,Bellvitge,606,18-24,39,37,76
2015,1,Districte I,1,Centre,124,25-34,57,50,107
2015,3,Districte III,6,Santa Eulàlia,315,12-15,26,33,59
2004,6,Districte VI,12,Bellvitge,611,50-64,188,145,333
2002,4,Districte IV,8,les Planes,429,12-15,8,17,25
1998,3,Districte III,6,Santa Eulàlia,307,75 i +,41,22,63
2000,4,Districte IV,7,la Florida,414,03-11,23,33,56
2007,6,Districte VI,12,Bellvitge,612,50-64,113,88,201
2016,4,Districte IV,7,la Florida,405,25-34,134,100,234
2011,2,Districte II,5,Collblanc,225,12-15,5,7,12
2013,6,Districte VI,11,el Gornal,626,25-34,54,47,101
2001,5,Districte V,10,Pubilla Cases,525,16-17,6,4,10
1998,4,Districte IV,8,les Planes,420,16-17,8,14,22
2011,6,Districte VI,11,el Gornal,616,16-17,27,38,65
2003,3,Districte III,6,Santa Eulàlia,324,00-02,12,15,27
1997,2,Districte II,5,Collblanc,206,00-02,3,9,12
1998,1,Districte I,1,Centre,105,35-49,184,145,329
2016,5,Districte V,9,Can Serra,506,00-02,11,15,26
1998,5,Districte V,10,Pubilla Cases,530,65-74,114,78,192
1998,4,Districte IV,8,les Planes,418,12-15,21,28,49
2010,4,Districte IV,8,les Planes,438,16-17,6,9,15
2001,4,Districte IV,8,les Planes,429,50-64,49,54,103
2007,3,Districte III,6,Santa Eulàlia,307,35-49,137,120,257
2011,2,Districte II,4,la Torrassa,235,00-02,28,25,53
2016,1,Districte I,1,Centre,105,18-24,30,29,59
2002,2,Districte II,5,Collblanc,220,18-24,47,35,82
1997,3,Districte III,6,Santa Eulàlia,306,75 i +,56,35,91
1998,4,Districte IV,7,la Florida,417,12-15,9,14,23
2004,3,Districte III,6,Santa Eulàlia,301,00-02,49,44,93
2006,1,Districte I,1,Centre,110,50-64,181,149,330
2000,6,Districte VI,12,Bellvitge,604,35-49,60,72,132
2004,1,Districte I,3,Sant Josep,121,75 i +,63,37,100
2003,4,Districte IV,8,les Planes,439,65-74,61,63,124
1996,6,Districte VI,12,Bellvitge,623,03-11,53,55,108
2015,5,Districte V,10,Pubilla Cases,524,75 i +,82,42,124
2009,3,Districte III,6,Santa Eulàlia,317,35-49,135,149,284
2007,5,Districte V,9,Can Serra,503,18-24,41,35,76
2009,6,Districte VI,12,Bellvitge,604,18-24,26,48,74
2001,3,Districte III,6,Santa Eulàlia,324,00-02,12,16,28
1998,5,Districte V,10,Pubilla Cases,530,00-02,10,16,26
2016,4,Districte IV,7,la Florida,422,65-74,53,31,84
2013,3,Districte III,6,Santa Eulàlia,302,18-24,35,43,78
2007,1,Districte I,1,Centre,124,18-24,36,35,71
1996,6,Districte VI,12,Bellvitge,601,25-34,93,132,225
2000,6,Districte VI,12,Bellvitge,612,12-15,12,17,29
1998,2,Districte II,4,la Torrassa,228,16-17,6,1,7
2001,4,Districte IV,7,la Florida,407,12-15,6,19,25
2004,5,Districte V,10,Pubilla Cases,522,16-17,9,15,24
1996,1,Districte I,1,Centre,130,25-34,68,93,161
2006,5,Districte V,10,Pubilla Cases,515,18-24,39,42,81
1997,4,Districte IV,7,la Florida,426,03-11,26,31,57
2011,5,Districte V,10,Pubilla Cases,513,12-15,14,14,28
2008,3,Districte III,6,Santa Eulàlia,309,12-15,13,18,31
2003,6,Districte VI,12,Bellvitge,621,25-34,139,165,304
2009,1,Districte I,1,Centre,123,50-64,109,111,220
1995,2,Districte II,4,la Torrassa,241,50-64,77,66,143
1995,2,Districte II,5,Collblanc,223,25-34,101,96,197
2006,2,Districte II,5,Collblanc,203,35-49,101,104,205
2002,4,Districte IV,7,la Florida,415,50-64,49,55,104
2002,6,Districte VI,12,Bellvitge,615,16-17,9,4,13
1996,4,Districte IV,7,la Florida,425,18-24,62,55,117
2009,6,Districte VI,12,Bellvitge,630,75 i +,38,22,60
2014,2,Districte II,4,la Torrassa,247,16-17,10,10,20
2002,1,Districte I,2,Sanfeliu,118,00-02,21,19,40
2011,2,Districte II,4,la Torrassa,235,65-74,78,59,137
1994,2,Districte II,5,Collblanc,206,65-74,59,42,101
1997,4,Districte IV,8,les Planes,442,25-34,57,52,109
1998,2,Districte II,4,la Torrassa,247,65-74,85,71,156
2009,2,Districte II,4,la Torrassa,241,25-34,80,79,159
2003,2,Districte II,5,Collblanc,204,25-34,45,55,100
2007,2,Districte II,4,la Torrassa,228,25-34,83,96,179
2013,2,Districte II,5,Collblanc,213,12-15,5,25,30
1997,1,Districte I,1,Centre,112,50-64,128,119,247
1998,4,Districte IV,7,la Florida,431,25-34,100,101,201
1999,1,Districte I,2,Sanfeliu,116,12-15,34,21,55
2010,6,Districte VI,12,Bellvitge,613,75 i +,73,44,117
2008,4,Districte IV,7,la Florida,417,16-17,7,6,13
1996,5,Districte V,10,Pubilla Cases,512,25-34,77,81,158
2016,6,Districte VI,11,el Gornal,622,18-24,17,34,51
1996,6,Districte VI,12,Bellvitge,620,75 i +,14,2,16
1999,4,Districte IV,8,les Planes,435,75 i +,102,46,148
2004,6,Districte VI,12,Bellvitge,624,50-64,171,158,329
2016,1,Districte I,1,Centre,112,16-17,17,12,29
2013,3,Districte III,6,Santa Eulàlia,324,03-11,64,48,112
1998,4,Districte IV,7,la Florida,407,03-11,20,29,49
2003,5,Districte V,10,Pubilla Cases,525,12-15,13,19,32
2012,2,Districte II,4,la Torrassa,243,12-15,21,29,50
2011,1,Districte I,1,Centre,123,03-11,47,52,99
1999,4,Districte IV,7,la Florida,416,00-02,6,6,12
2008,2,Districte II,5,Collblanc,212,35-49,179,185,364
2006,4,Districte IV,7,la Florida,411,25-34,70,84,154
1999,2,Districte II,4,la Torrassa,243,00-02,9,14,23
1996,2,Districte II,4,la Torrassa,242,75 i +,56,39,95
2005,3,Districte III,6,Santa Eulàlia,317,18-24,46,55,101
2011,5,Districte V,10,Pubilla Cases,528,65-74,65,52,117
2003,1,Districte I,1,Centre,107,25-34,160,211,371
2001,2,Districte II,5,Collblanc,201,35-49,53,52,105
2008,6,Districte VI,12,Bellvitge,624,16-17,11,12,23
2015,5,Districte V,10,Pubilla Cases,524,18-24,41,45,86
2008,1,Districte I,1,Centre,128,25-34,98,108,206
1996,3,Districte III,6,Santa Eulàlia,304,75 i +,68,42,110
1999,6,Districte VI,12,Bellvitge,625,12-15,39,46,85
2002,5,Districte V,9,Can Serra,535,00-02,10,8,18
2013,3,Districte III,6,Santa Eulàlia,326,16-17,5,2,7
2010,4,Districte IV,8,les Planes,439,00-02,25,30,55
2005,4,Districte IV,7,la Florida,421,00-02,16,13,29
2003,5,Districte V,10,Pubilla Cases,530,50-64,107,91,198
2003,2,Districte II,4,la Torrassa,235,25-34,145,144,289
2004,5,Districte V,9,Can Serra,502,03-11,41,45,86
1996,5,Districte V,10,Pubilla Cases,528,03-11,43,33,76
2007,5,Districte V,10,Pubilla Cases,536,03-11,39,30,69
1995,4,Districte IV,7,la Florida,403,50-64,163,165,328
2005,1,Districte I,3,Sant Josep,125,65-74,49,65,114
1998,6,Districte VI,12,Bellvitge,618,00-02,2,5,7
2003,5,Districte V,10,Pubilla Cases,515,65-74,32,29,61
1996,2,Districte II,4,la Torrassa,233,00-02,9,4,13
2016,5,Districte V,10,Pubilla Cases,529,65-74,45,36,81
2000,1,Districte I,1,Centre,111,50-64,109,94,203
1998,5,Districte V,10,Pubilla Cases,523,35-49,104,114,218
2012,3,Districte III,6,Santa Eulàlia,305,65-74,63,63,126
2004,4,Districte IV,8,les Planes,437,75 i +,34,19,53
1995,2,Districte II,4,la Torrassa,246,03-11,29,27,56
2011,5,Districte V,10,Pubilla Cases,510,25-34,74,74,148
2013,4,Districte IV,8,les Planes,435,03-11,65,57,122
2001,5,Districte V,10,Pubilla Cases,524,03-11,41,56,97
2014,2,Districte II,5,Collblanc,216,25-34,100,88,188
2002,6,Districte VI,12,Bellvitge,609,50-64,127,110,237
2010,4,Districte IV,7,la Florida,408,00-02,22,13,35
2009,4,Districte IV,8,les Planes,429,65-74,31,25,56
2010,4,Districte IV,7,la Florida,410,00-02,21,14,35
2009,1,Districte I,2,Sanfeliu,129,50-64,102,89,191
2008,2,Districte II,4,la Torrassa,242,16-17,12,11,23
2010,2,Districte II,5,Collblanc,213,75 i +,60,33,93
2004,6,Districte VI,11,el Gornal,632,16-17,18,9,27
2009,6,Districte VI,12,Bellvitge,623,35-49,143,158,301
2012,5,Districte V,10,Pubilla Cases,531,25-34,91,84,175
2005,3,Districte III,6,Santa Eulàlia,320,25-34,101,112,213
2013,5,Districte V,9,Can Serra,503,25-34,42,51,93
2002,2,Districte II,4,la Torrassa,218,18-24,25,41,66
2010,5,Districte V,9,Can Serra,503,18-24,29,34,63
1996,1,Districte I,1,Centre,112,25-34,113,115,228
2010,1,Districte I,1,Centre,110,03-11,38,34,72
1997,4,Districte IV,7,la Florida,414,25-34,81,83,164
2001,6,Districte VI,12,Bellvitge,627,00-02,15,5,20
2012,6,Districte VI,12,Bellvitge,613,50-64,81,61,142
1999,2,Districte II,4,la Torrassa,234,12-15,11,12,23
2006,5,Districte V,10,Pubilla Cases,532,35-49,147,155,302
1996,4,Districte IV,7,la Florida,405,65-74,62,60,122
2013,3,Districte III,6,Santa Eulàlia,301,35-49,379,401,780
2004,5,Districte V,10,Pubilla Cases,533,03-11,36,23,59
2002,1,Districte I,1,Centre,134,65-74,49,36,85
2005,4,Districte IV,7,la Florida,427,18-24,34,42,76
2015,4,Districte IV,8,les Planes,420,16-17,20,16,36
1998,4,Districte IV,7,la Florida,402,25-34,50,74,124
2009,2,Districte II,5,Collblanc,227,35-49,85,95,180
2011,5,Districte V,10,Pubilla Cases,537,75 i +,74,55,129
2003,4,Districte IV,7,la Florida,412,00-02,19,12,31
1994,6,Districte VI,12,Bellvitge,612,65-74,47,30,77
1996,6,Districte VI,11,el Gornal,617,50-64,134,113,247
2003,2,Districte II,5,Collblanc,219,75 i +,82,48,130
2005,4,Districte IV,7,la Florida,414,25-34,88,86,174
2012,4,Districte IV,7,la Florida,428,75 i +,33,24,57
2007,2,Districte II,5,Collblanc,207,50-64,70,60,130
2002,6,Districte VI,12,Bellvitge,606,18-24,42,50,92
2005,4,Districte IV,8,les Planes,441,03-11,65,53,118
1994,5,Districte V,10,Pubilla Cases,526,18-24,51,49,100
2005,4,Districte IV,8,les Planes,433,16-17,15,7,22
2015,6,Districte VI,12,Bellvitge,612,00-02,19,9,28
2012,5,Districte V,10,Pubilla Cases,516,00-02,11,15,26
2007,1,Districte I,3,Sant Josep,126,75 i +,58,28,86
1999,4,Districte IV,8,les Planes,419,25-34,80,91,171
1995,5,Districte V,10,Pubilla Cases,519,00-02,6,4,10
2001,6,Districte VI,11,el Gornal,622,00-02,13,10,23
2012,2,Districte II,5,Collblanc,210,35-49,103,97,200
2008,4,Districte IV,8,les Planes,438,35-49,88,101,189
2008,6,Districte VI,12,Bellvitge,611,25-34,172,178,350
2002,5,Districte V,10,Pubilla Cases,511,75 i +,43,25,68
2016,1,Districte I,3,Sant Josep,121,25-34,39,52,91
1999,2,Districte II,4,la Torrassa,238,25-34,57,53,110
2000,6,Districte VI,12,Bellvitge,613,65-74,69,55,124
2012,1,Districte I,1,Centre,102,12-15,28,27,55
2002,3,Districte III,6,Santa Eulàlia,316,50-64,231,250,481
2016,2,Districte II,5,Collblanc,220,16-17,7,10,17
2002,1,Districte I,1,Centre,105,18-24,72,72,144
2014,6,Districte VI,12,Bellvitge,627,12-15,16,12,28
2015,4,Districte IV,8,les Planes,433,25-34,131,114,245
2012,6,Districte VI,11,el Gornal,629,50-64,53,46,99
2006,6,Districte VI,12,Bellvitge,625,25-34,106,109,215
2009,2,Districte II,4,la Torrassa,232,12-15,23,10,33
2008,6,Districte VI,12,Bellvitge,603,12-15,11,8,19
2014,6,Districte VI,12,Bellvitge,605,35-49,201,197,398
1998,5,Districte V,10,Pubilla Cases,516,12-15,10,3,13
2016,2,Districte II,5,Collblanc,221,65-74,83,70,153
2007,3,Districte III,6,Santa Eulàlia,320,12-15,14,10,24
2002,2,Districte II,5,Collblanc,210,25-34,64,77,141
2009,1,Districte I,1,Centre,123,35-49,160,170,330
2004,3,Districte III,6,Santa Eulàlia,311,75 i +,88,49,137
2006,5,Districte V,10,Pubilla Cases,508,18-24,31,24,55
2010,3,Districte III,6,Santa Eulàlia,307,03-11,33,33,66
2007,3,Districte III,6,Santa Eulàlia,306,65-74,77,59,136
2007,4,Districte IV,8,les Planes,401,12-15,24,16,40
2003,6,Districte VI,12,Bellvitge,605,65-74,54,50,104
2005,1,Districte I,1,Centre,133,03-11,33,40,73
2012,6,Districte VI,12,Bellvitge,603,35-49,83,79,162
2011,2,Districte II,5,Collblanc,213,03-11,32,51,83
2014,2,Districte II,4,la Torrassa,242,00-02,15,15,30
2003,5,Districte V,10,Pubilla Cases,512,50-64,81,74,155
2001,4,Districte IV,7,la Florida,415,16-17,7,6,13
2014,1,Districte I,1,Centre,101,65-74,67,54,121
2015,6,Districte VI,12,Bellvitge,621,12-15,18,29,47
2008,4,Districte IV,8,les Planes,440,75 i +,56,48,104
2012,5,Districte V,10,Pubilla Cases,509,16-17,7,10,17
2005,2,Districte II,5,Collblanc,222,18-24,52,54,106
2005,5,Districte V,9,Can Serra,535,75 i +,45,25,70
1995,1,Districte I,1,Centre,107,18-24,125,154,279
2002,2,Districte II,4,la Torrassa,228,00-02,4,5,9
2016,2,Districte II,5,Collblanc,223,75 i +,59,39,98
2003,2,Districte II,5,Collblanc,225,03-11,6,16,22
2004,5,Districte V,10,Pubilla Cases,533,25-34,96,128,224
2013,5,Districte V,10,Pubilla Cases,534,50-64,81,72,153
1996,4,Districte IV,8,les Planes,419,16-17,6,13,19
2006,6,Districte VI,11,el Gornal,629,35-49,62,59,121
2014,4,Districte IV,8,les Planes,437,50-64,143,111,254
1997,5,Districte V,9,Can Serra,502,00-02,11,8,19
2000,2,Districte II,5,Collblanc,224,35-49,64,62,126
2008,1,Districte I,1,Centre,135,35-49,180,170,350
1998,6,Districte VI,11,el Gornal,617,25-34,104,129,233
2000,2,Districte II,4,la Torrassa,229,50-64,61,61,122
2013,1,Districte I,3,Sant Josep,119,00-02,20,14,34
1998,5,Districte V,9,Can Serra,535,18-24,86,104,190
2000,3,Districte III,6,Santa Eulàlia,310,75 i +,29,15,44
2004,1,Districte I,1,Centre,108,75 i +,90,54,144
2002,1,Districte I,3,Sant Josep,115,25-34,107,129,236
2000,6,Districte VI,11,el Gornal,626,50-64,130,107,237
1996,5,Districte V,10,Pubilla Cases,518,16-17,12,11,23
2004,1,Districte I,1,Centre,133,16-17,12,7,19
2016,5,Districte V,10,Pubilla Cases,534,75 i +,67,51,118
1997,4,Districte IV,8,les Planes,429,03-11,15,29,44
1997,4,Districte IV,7,la Florida,409,75 i +,16,9,25
1999,6,Districte VI,12,Bellvitge,605,00-02,3,5,8
2003,2,Districte II,5,Collblanc,215,12-15,9,13,22
1994,1,Districte I,1,Centre,133,12-15,25,29,54
1998,2,Districte II,4,la Torrassa,232,50-64,95,87,182
2007,6,Districte VI,11,el Gornal,622,03-11,19,32,51
2000,1,Districte I,2,Sanfeliu,118,12-15,43,44,87
1998,2,Districte II,4,la Torrassa,235,25-34,120,114,234
2013,2,Districte II,5,Collblanc,205,03-11,35,39,74
2008,3,Districte III,6,Santa Eulàlia,312,18-24,77,62,139
1994,1,Districte I,1,Centre,109,03-11,49,56,105
2006,4,Districte IV,7,la Florida,432,25-34,116,132,248
2000,1,Districte I,2,Sanfeliu,118,18-24,150,160,310
1999,6,Districte VI,11,el Gornal,617,25-34,106,132,238
2013,2,Districte II,5,Collblanc,220,00-02,31,31,62
2014,5,Districte V,9,Can Serra,521,35-49,98,105,203
2006,4,Districte IV,7,la Florida,405,18-24,32,18,50
2012,2,Districte II,5,Collblanc,214,35-49,133,154,287
2009,5,Districte V,10,Pubilla Cases,532,75 i +,78,59,137
2011,1,Districte I,1,Centre,113,50-64,227,189,416
2003,2,Districte II,5,Collblanc,219,00-02,12,12,24
1997,5,Districte V,9,Can Serra,502,50-64,152,165,317
2005,1,Districte I,2,Sanfeliu,129,03-11,38,46,84
2004,6,Districte VI,12,Bellvitge,620,03-11,18,27,45
1998,1,Districte I,1,Centre,102,75 i +,81,37,118
2013,5,Districte V,10,Pubilla Cases,524,75 i +,73,47,120
2000,4,Districte IV,8,les Planes,429,03-11,11,25,36
2013,2,Districte II,4,la Torrassa,245,65-74,47,24,71
2001,3,Districte III,6,Santa Eulàlia,309,75 i +,30,10,40
2009,6,Districte VI,12,Bellvitge,627,65-74,51,49,100
2012,4,Districte IV,7,la Florida,416,18-24,32,34,66
2013,3,Districte III,6,Santa Eulàlia,323,12-15,46,34,80
2016,6,Districte VI,12,Bellvitge,605,16-17,8,9,17
1995,1,Districte I,3,Sant Josep,138,65-74,19,20,39
1997,3,Districte III,6,Santa Eulàlia,318,18-24,42,55,97
2002,2,Districte II,5,Collblanc,209,12-15,18,25,43
1995,6,Districte VI,12,Bellvitge,628,50-64,129,145,274
2003,2,Districte II,5,Collblanc,201,25-34,54,57,111
1997,4,Districte IV,7,la Florida,408,18-24,44,53,97
1996,5,Districte V,10,Pubilla Cases,522,50-64,68,69,137
2012,1,Districte I,3,Sant Josep,139,12-15,14,20,34
2002,4,Districte IV,8,les Planes,439,50-64,78,57,135
2002,4,Districte IV,7,la Florida,417,65-74,36,34,70
1999,5,Districte V,10,Pubilla Cases,523,50-64,138,130,268
2013,5,Districte V,9,Can Serra,503,75 i +,43,20,63
2006,2,Districte II,5,Collblanc,205,16-17,8,10,18
2013,6,Districte VI,11,el Gornal,617,35-49,115,132,247
2009,3,Districte III,6,Santa Eulàlia,317,25-34,111,130,241
1996,4,Districte IV,7,la Florida,422,00-02,6,8,14
2016,4,Districte IV,7,la Florida,432,16-17,13,11,24
2006,1,Districte I,3,Sant Josep,119,00-02,15,13,28
2013,5,Districte V,10,Pubilla Cases,529,12-15,21,32,53
2005,5,Districte V,10,Pubilla Cases,515,16-17,8,14,22
2009,3,Districte III,6,Santa Eulàlia,303,75 i +,99,88,187
2003,4,Districte IV,8,les Planes,438,18-24,42,36,78
2006,6,Districte VI,12,Bellvitge,609,25-34,73,82,155
1997,6,Districte VI,12,Bellvitge,605,35-49,55,46,101
2005,5,Districte V,10,Pubilla Cases,527,25-34,117,146,263
1996,3,Districte III,6,Santa Eulàlia,312,12-15,14,30,44
1996,6,Districte VI,12,Bellvitge,603,75 i +,10,13,23
1996,4,Districte IV,8,les Planes,401,03-11,58,43,101
2000,5,Districte V,10,Pubilla Cases,528,00-02,9,10,19
1995,6,Districte VI,12,Bellvitge,631,18-24,134,144,278
2007,6,Districte VI,12,Bellvitge,602,65-74,52,71,123
2007,4,Districte IV,8,les Planes,439,35-49,145,154,299
2014,2,Districte II,5,Collblanc,214,00-02,31,31,62
1999,2,Districte II,4,la Torrassa,211,18-24,39,51,90
2015,1,Districte I,2,Sanfeliu,132,35-49,239,255,494
2012,5,Districte V,10,Pubilla Cases,510,00-02,15,17,32
2000,1,Districte I,1,Centre,131,75 i +,37,25,62
2010,2,Districte II,4,la Torrassa,247,16-17,9,10,19
2009,4,Districte IV,7,la Florida,428,18-24,32,28,60
1996,1,Districte I,1,Centre,131,75 i +,30,14,44
1998,1,Districte I,3,Sant Josep,106,75 i +,42,25,67
2008,6,Districte VI,12,Bellvitge,630,03-11,31,35,66
2016,1,Districte I,1,Centre,111,65-74,67,52,119
2012,2,Districte II,4,la Torrassa,217,18-24,35,19,54
1999,6,Districte VI,12,Bellvitge,601,16-17,15,23,38
1997,5,Districte V,9,Can Serra,505,18-24,140,133,273
2009,6,Districte VI,12,Bellvitge,624,18-24,38,26,64
2009,4,Districte IV,7,la Florida,407,65-74,58,36,94
2007,5,Districte V,10,Pubilla Cases,530,35-49,169,161,330
2000,1,Districte I,3,Sant Josep,122,50-64,111,98,209
2012,5,Districte V,10,Pubilla Cases,514,03-11,33,38,71
2015,4,Districte IV,7,la Florida,416,00-02,17,19,36
2003,4,Districte IV,8,les Planes,439,12-15,16,18,34
2004,5,Districte V,10,Pubilla Cases,518,18-24,39,55,94
2015,2,Districte II,4,la Torrassa,233,65-74,38,19,57
2014,2,Districte II,4,la Torrassa,238,75 i +,57,41,98
1997,1,Districte I,1,Centre,123,75 i +,55,36,91
1997,4,Districte IV,7,la Florida,416,12-15,12,13,25
1997,4,Districte IV,7,la Florida,432,75 i +,28,21,49
2011,4,Districte IV,7,la Florida,430,50-64,63,62,125
2008,6,Districte VI,12,Bellvitge,605,35-49,67,71,138
2001,2,Districte II,5,Collblanc,220,18-24,44,25,69
2000,3,Districte III,6,Santa Eulàlia,307,18-24,116,98,214
2016,1,Districte I,1,Centre,133,25-34,67,54,121
2008,6,Districte VI,12,Bellvitge,611,12-15,35,37,72
2004,5,Districte V,10,Pubilla Cases,523,35-49,152,145,297
1994,6,Districte VI,12,Bellvitge,603,12-15,17,23,40
2013,3,Districte III,6,Santa Eulàlia,301,75 i +,138,96,234
1996,2,Districte II,4,la Torrassa,246,35-49,88,86,174
2002,1,Districte I,1,Centre,103,50-64,63,55,118
2010,3,Districte III,6,Santa Eulàlia,320,50-64,90,80,170
1995,6,Districte VI,11,el Gornal,608,18-24,86,114,200
2000,1,Districte I,3,Sant Josep,139,75 i +,25,12,37
2012,2,Districte II,4,la Torrassa,230,25-34,95,90,185
2012,6,Districte VI,12,Bellvitge,619,75 i +,92,69,161
1998,5,Districte V,10,Pubilla Cases,533,16-17,6,6,12
2013,5,Districte V,9,Can Serra,505,35-49,135,130,265
2005,3,Districte III,6,Santa Eulàlia,307,75 i +,86,51,137
2011,3,Districte III,6,Santa Eulàlia,303,12-15,18,27,45
2005,5,Districte V,10,Pubilla Cases,524,00-02,19,19,38
2001,5,Districte V,9,Can Serra,501,50-64,154,182,336
2011,2,Districte II,5,Collblanc,225,75 i +,48,21,69
2015,3,Districte III,6,Santa Eulàlia,321,18-24,63,77,140
2010,1,Districte I,3,Sant Josep,136,75 i +,62,31,93
2016,6,Districte VI,12,Bellvitge,618,50-64,105,93,198
2015,5,Districte V,10,Pubilla Cases,513,25-34,98,86,184
2006,2,Districte II,5,Collblanc,226,03-11,41,35,76
2011,1,Districte I,1,Centre,135,18-24,50,49,99
2005,1,Districte I,3,Sant Josep,115,35-49,151,141,292
2013,1,Districte I,1,Centre,112,50-64,166,159,325
1999,5,Districte V,10,Pubilla Cases,512,65-74,44,29,73
2010,5,Districte V,10,Pubilla Cases,515,75 i +,36,11,47
2006,4,Districte IV,8,les Planes,420,35-49,167,184,351
1998,4,Districte IV,7,la Florida,417,35-49,54,60,114
2012,6,Districte VI,12,Bellvitge,619,16-17,5,10,15
2008,2,Districte II,4,la Torrassa,241,12-15,16,12,28
2008,4,Districte IV,8,les Planes,437,65-74,46,35,81
2016,4,Districte IV,8,les Planes,401,35-49,112,111,223
2011,4,Districte IV,8,les Planes,420,12-15,24,26,50
2002,1,Districte I,1,Centre,130,25-34,88,90,178
2003,1,Districte I,3,Sant Josep,115,18-24,68,65,133
2003,5,Districte V,10,Pubilla Cases,530,25-34,131,160,291
2004,6,Districte VI,12,Bellvitge,603,35-49,55,56,111
1994,4,Districte IV,7,la Florida,410,12-15,45,36,81
2008,4,Districte IV,7,la Florida,406,50-64,122,114,236
2013,6,Districte VI,12,Bellvitge,606,12-15,18,30,48
1995,4,Districte IV,8,les Planes,435,75 i +,79,32,111
2008,1,Districte I,3,Sant Josep,139,00-02,21,15,36
2007,5,Districte V,10,Pubilla Cases,538,12-15,13,18,31
2016,3,Districte III,6,Santa Eulàlia,327,18-24,48,44,92
2000,6,Districte VI,11,el Gornal,617,65-74,56,50,106
1998,1,Districte I,1,Centre,133,00-02,3,11,14
1996,2,Districte II,4,la Torrassa,231,50-64,110,101,211
2004,4,Districte IV,8,les Planes,438,16-17,12,7,19
2006,2,Districte II,4,la Torrassa,242,50-64,92,91,183
2015,6,Districte VI,11,el Gornal,608,50-64,142,116,258
2001,6,Districte VI,12,Bellvitge,628,35-49,104,78,182
2000,1,Districte I,1,Centre,134,18-24,47,81,128
2012,6,Districte VI,12,Bellvitge,611,16-17,8,18,26
2009,5,Districte V,10,Pubilla Cases,536,35-49,99,111,210
2006,2,Districte II,4,la Torrassa,236,16-17,8,11,19
2008,4,Districte IV,7,la Florida,410,25-34,102,121,223
2016,4,Districte IV,8,les Planes,435,50-64,86,90,176
1997,6,Districte VI,12,Bellvitge,609,16-17,12,9,21
2006,4,Districte IV,7,la Florida,421,00-02,17,11,28
2004,5,Districte V,9,Can Serra,506,03-11,65,72,137
2006,4,Districte IV,7,la Florida,421,65-74,90,61,151
2005,4,Districte IV,8,les Planes,433,35-49,132,143,275
2002,2,Districte II,5,Collblanc,215,18-24,33,46,79
2011,1,Districte I,1,Centre,112,16-17,21,11,32
2016,1,Districte I,3,Sant Josep,137,12-15,37,23,60
2007,5,Districte V,10,Pubilla Cases,515,03-11,19,28,47
2008,2,Districte II,5,Collblanc,222,65-74,38,35,73
2006,5,Districte V,10,Pubilla Cases,512,65-74,61,59,120
2008,2,Districte II,5,Collblanc,222,50-64,68,71,139
2005,2,Districte II,5,Collblanc,219,03-11,61,43,104
2009,2,Districte II,5,Collblanc,209,18-24,42,53,95
1995,2,Districte II,4,la Torrassa,237,16-17,13,15,28
2011,4,Districte IV,8,les Planes,429,16-17,7,4,11
2011,1,Districte I,2,Sanfeliu,116,25-34,89,100,189
2001,4,Districte IV,7,la Florida,421,35-49,79,90,169
2016,2,Districte II,5,Collblanc,216,03-11,51,71,122
2007,1,Districte I,3,Sant Josep,115,00-02,10,15,25
2001,2,Districte II,5,Collblanc,206,25-34,67,82,149
2011,1,Districte I,3,Sant Josep,117,50-64,238,219,457
2006,3,Districte III,6,Santa Eulàlia,317,25-34,124,137,261
1998,5,Districte V,10,Pubilla Cases,516,16-17,8,4,12
2003,4,Districte IV,7,la Florida,431,50-64,111,105,216
2013,3,Districte III,6,Santa Eulàlia,317,16-17,14,14,28
2016,3,Districte III,6,Santa Eulàlia,305,18-24,69,62,131
1999,6,Districte VI,12,Bellvitge,604,18-24,39,51,90
2016,1,Districte I,3,Sant Josep,120,25-34,100,109,209
2007,2,Districte II,4,la Torrassa,211,00-02,20,23,43
2015,2,Districte II,4,la Torrassa,217,18-24,65,49,114
2001,2,Districte II,4,la Torrassa,236,25-34,72,87,159
2013,1,Districte I,3,Sant Josep,106,65-74,80,103,183
2004,3,Districte III,6,Santa Eulàlia,302,12-15,16,13,29
2012,2,Districte II,4,la Torrassa,249,25-34,99,92,191
2014,2,Districte II,5,Collblanc,224,00-02,19,17,36
2011,2,Districte II,4,la Torrassa,246,35-49,149,180,329
2013,6,Districte VI,11,el Gornal,626,03-11,32,39,71
2007,2,Districte II,4,la Torrassa,249,03-11,34,41,75
2000,4,Districte IV,8,les Planes,420,03-11,46,39,85
2015,3,Districte III,6,Santa Eulàlia,324,65-74,52,34,86
2016,2,Districte II,4,la Torrassa,236,16-17,5,8,13
1995,3,Districte III,6,Santa Eulàlia,309,18-24,40,50,90
1997,1,Districte I,1,Centre,107,00-02,20,15,35
2015,1,Districte I,1,Centre,135,35-49,163,179,342
2004,5,Districte V,9,Can Serra,535,25-34,69,84,153
2004,4,Districte IV,7,la Florida,417,12-15,9,6,15
2015,2,Districte II,5,Collblanc,221,03-11,93,87,180
2005,3,Districte III,6,Santa Eulàlia,319,35-49,190,210,400
2015,1,Districte I,3,Sant Josep,138,16-17,13,7,20
1995,3,Districte III,6,Santa Eulàlia,323,35-49,417,418,835
1996,2,Districte II,5,Collblanc,220,35-49,65,60,125
2016,5,Districte V,10,Pubilla Cases,534,50-64,89,80,169
1995,1,Districte I,1,Centre,101,00-02,17,21,38
2011,6,Districte VI,12,Bellvitge,602,18-24,13,16,29
2002,2,Districte II,4,la Torrassa,246,00-02,10,13,23
2004,6,Districte VI,11,el Gornal,617,12-15,24,17,41
1996,2,Districte II,5,Collblanc,216,18-24,78,100,178
2016,3,Districte III,6,Santa Eulàlia,304,50-64,195,181,376
2001,6,Districte VI,12,Bellvitge,604,65-74,36,35,71
2012,2,Districte II,4,la Torrassa,237,16-17,18,9,27
2008,5,Districte V,9,Can Serra,503,50-64,116,100,216
2012,1,Districte I,3,Sant Josep,122,12-15,18,20,38
2004,3,Districte III,6,Santa Eulàlia,320,25-34,106,117,223
2009,6,Districte VI,12,Bellvitge,607,18-24,42,36,78
2015,4,Districte IV,7,la Florida,426,03-11,49,44,93
2001,4,Districte IV,7,la Florida,412,50-64,180,173,353
1995,5,Districte V,10,Pubilla Cases,532,00-02,12,10,22
1996,1,Districte I,1,Centre,109,35-49,138,138,276
1999,5,Districte V,10,Pubilla Cases,529,00-02,13,13,26
2002,5,Districte V,10,Pubilla Cases,512,35-49,77,80,157
2006,3,Districte III,6,Santa Eulàlia,321,12-15,34,44,78
2016,6,Districte VI,12,Bellvitge,609,50-64,53,55,108
1997,5,Districte V,10,Pubilla Cases,526,35-49,55,60,115
2007,1,Districte I,3,Sant Josep,120,00-02,15,39,54
2003,1,Districte I,1,Centre,131,12-15,26,17,43
2008,5,Districte V,10,Pubilla Cases,534,35-49,129,121,250
2015,2,Districte II,5,Collblanc,213,00-02,17,10,27
2016,6,Districte VI,11,el Gornal,622,35-49,95,108,203
1998,6,Districte VI,12,Bellvitge,628,65-74,47,39,86
1994,1,Districte I,1,Centre,113,18-24,71,75,146
1994,6,Districte VI,12,Bellvitge,630,25-34,53,61,114
2014,4,Districte IV,7,la Florida,432,50-64,136,115,251
1999,4,Districte IV,8,les Planes,438,25-34,86,95,181
2014,2,Districte II,4,la Torrassa,211,35-49,186,192,378
2004,6,Districte VI,11,el Gornal,608,65-74,69,55,124
1998,2,Districte II,4,la Torrassa,238,16-17,9,8,17
2003,5,Districte V,9,Can Serra,507,18-24,45,43,88
2004,6,Districte VI,12,Bellvitge,619,65-74,98,85,183
2012,2,Districte II,5,Collblanc,221,03-11,31,38,69
2016,4,Districte IV,7,la Florida,427,18-24,78,80,158
2007,4,Districte IV,7,la Florida,410,00-02,23,24,47
1998,4,Districte IV,8,les Planes,433,18-24,41,60,101
2015,3,Districte III,6,Santa Eulàlia,306,50-64,144,144,288
2001,1,Districte I,1,Centre,133,75 i +,43,33,76
2003,5,Districte V,10,Pubilla Cases,518,75 i +,51,29,80
2010,2,Districte II,5,Collblanc,216,35-49,142,141,283
2014,3,Districte III,6,Santa Eulàlia,309,18-24,35,33,68
2012,5,Districte V,10,Pubilla Cases,518,12-15,16,19,35
2006,2,Districte II,5,Collblanc,206,65-74,59,37,96
1996,5,Districte V,10,Pubilla Cases,510,75 i +,35,23,58
2006,2,Districte II,4,la Torrassa,230,18-24,49,40,89
2009,2,Districte II,4,la Torrassa,242,25-34,87,116,203
2003,2,Districte II,5,Collblanc,216,35-49,140,111,251
1994,6,Districte VI,12,Bellvitge,625,18-24,101,95,196
1998,3,Districte III,6,Santa Eulàlia,325,35-49,190,169,359
1998,2,Districte II,5,Collblanc,202,65-74,42,42,84
2009,1,Districte I,2,Sanfeliu,129,16-17,11,5,16
2013,4,Districte IV,7,la Florida,421,35-49,161,161,322
1999,5,Districte V,10,Pubilla Cases,513,16-17,5,2,7
2008,1,Districte I,3,Sant Josep,119,03-11,34,37,71
2007,5,Districte V,10,Pubilla Cases,509,50-64,64,52,116
2010,1,Districte I,3,Sant Josep,137,12-15,25,23,48
1996,5,Districte V,9,Can Serra,535,12-15,26,34,60
2014,3,Districte III,6,Santa Eulàlia,301,16-17,19,19,38
2010,4,Districte IV,8,les Planes,440,16-17,8,8,16
2010,3,Districte III,6,Santa Eulàlia,310,50-64,86,99,185
2000,4,Districte IV,7,la Florida,414,18-24,31,40,71
2015,2,Districte II,5,Collblanc,209,12-15,14,15,29
1998,4,Districte IV,7,la Florida,406,65-74,66,75,141
2016,1,Districte I,1,Centre,103,35-49,106,117,223
2015,4,Districte IV,7,la Florida,425,03-11,42,49,91
2014,4,Districte IV,8,les Planes,401,00-02,12,19,31
1997,4,Districte IV,7,la Florida,413,65-74,41,39,80
2010,1,Districte I,1,Centre,113,75 i +,57,42,99
1998,2,Districte II,5,Collblanc,226,35-49,105,91,196
2015,5,Districte V,10,Pubilla Cases,514,12-15,23,29,52
2011,2,Districte II,4,la Torrassa,230,65-74,32,19,51
2011,6,Districte VI,12,Bellvitge,619,65-74,102,85,187
2009,1,Districte I,3,Sant Josep,136,00-02,18,17,35
1999,1,Districte I,1,Centre,123,35-49,126,131,257
1999,5,Districte V,9,Can Serra,504,35-49,98,84,182
2006,2,Districte II,5,Collblanc,208,03-11,39,45,84
1997,4,Districte IV,7,la Florida,421,18-24,66,71,137
2015,1,Districte I,1,Centre,130,16-17,7,3,10
1999,6,Districte VI,11,el Gornal,608,35-49,85,88,173
2005,6,Districte VI,12,Bellvitge,612,00-02,15,13,28
2014,4,Districte IV,7,la Florida,410,50-64,138,124,262
2009,1,Districte I,3,Sant Josep,115,16-17,13,11,24
2013,5,Districte V,10,Pubilla Cases,518,12-15,18,21,39
1997,2,Districte II,5,Collblanc,207,00-02,8,6,14
1997,5,Districte V,10,Pubilla Cases,537,65-74,76,59,135
2015,4,Districte IV,7,la Florida,416,50-64,108,107,215
2005,1,Districte I,3,Sant Josep,122,18-24,35,24,59
2013,4,Districte IV,7,la Florida,425,12-15,12,16,28
1996,3,Districte III,6,Santa Eulàlia,317,12-15,12,17,29
2014,2,Districte II,4,la Torrassa,211,12-15,27,29,56
1995,5,Districte V,10,Pubilla Cases,537,50-64,149,135,284
2000,6,Districte VI,12,Bellvitge,603,35-49,51,57,108
2004,1,Districte I,2,Sanfeliu,116,18-24,70,58,128
1997,5,Districte V,9,Can Serra,535,65-74,34,28,62
2007,4,Districte IV,8,les Planes,440,35-49,84,99,183
2002,2,Districte II,4,la Torrassa,232,75 i +,71,35,106
1997,4,Districte IV,8,les Planes,401,00-02,8,11,19
2000,5,Districte V,10,Pubilla Cases,518,18-24,51,47,98
2015,6,Districte VI,12,Bellvitge,623,25-34,56,65,121
1998,4,Districte IV,7,la Florida,407,18-24,41,49,90
2002,6,Districte VI,11,el Gornal,632,25-34,99,112,211
2014,5,Districte V,10,Pubilla Cases,529,18-24,47,49,96
1995,1,Districte I,3,Sant Josep,137,00-02,15,11,26
2004,6,Districte VI,12,Bellvitge,615,12-15,7,9,16
2015,3,Districte III,6,Santa Eulàlia,324,00-02,21,24,45
1995,5,Districte V,10,Pubilla Cases,529,50-64,143,150,293
2009,1,Districte I,1,Centre,135,75 i +,71,43,114
2004,6,Districte VI,12,Bellvitge,618,65-74,22,25,47
2010,1,Districte I,1,Centre,112,65-74,65,49,114
1999,6,Districte VI,12,Bellvitge,630,35-49,111,89,200
1996,4,Districte IV,8,les Planes,436,35-49,56,73,129
2000,4,Districte IV,7,la Florida,423,03-11,33,26,59
2013,1,Districte I,1,Centre,110,50-64,130,107,237
2010,5,Districte V,9,Can Serra,501,75 i +,33,22,55
2006,1,Districte I,3,Sant Josep,137,16-17,20,11,31
2002,2,Districte II,5,Collblanc,201,12-15,9,13,22
2014,1,Districte I,1,Centre,135,12-15,27,21,48
1996,1,Districte I,3,Sant Josep,127,03-11,52,42,94
2005,2,Districte II,4,la Torrassa,241,12-15,20,13,33
2000,6,Districte VI,12,Bellvitge,621,18-24,125,158,283
1996,3,Districte III,6,Santa Eulàlia,320,03-11,20,22,42
2000,6,Districte VI,12,Bellvitge,623,75 i +,45,30,75
2013,6,Districte VI,12,Bellvitge,609,16-17,7,6,13
2012,2,Districte II,4,la Torrassa,218,65-74,39,41,80
2005,1,Districte I,3,Sant Josep,127,50-64,56,60,116
1996,5,Districte V,10,Pubilla Cases,537,16-17,23,18,41
1998,5,Districte V,10,Pubilla Cases,517,75 i +,54,28,82
2003,1,Districte I,1,Centre,105,00-02,13,14,27
2013,6,Districte VI,12,Bellvitge,618,65-74,103,84,187
2008,2,Districte II,5,Collblanc,202,75 i +,38,33,71
1997,3,Districte III,6,Santa Eulàlia,304,75 i +,72,40,112
2001,5,Districte V,9,Can Serra,506,16-17,17,23,40
1998,4,Districte IV,7,la Florida,426,35-49,80,82,162
2009,1,Districte I,1,Centre,128,18-24,36,36,72
2005,1,Districte I,3,Sant Josep,119,00-02,12,13,25
2007,6,Districte VI,12,Bellvitge,618,50-64,64,46,110
2000,3,Districte III,6,Santa Eulàlia,317,35-49,77,98,175
2016,4,Districte IV,8,les Planes,418,16-17,17,14,31
2004,5,Districte V,10,Pubilla Cases,530,50-64,107,90,197
2009,1,Districte I,1,Centre,102,35-49,164,182,346
1998,1,Districte I,3,Sant Josep,121,16-17,5,5,10
2006,5,Districte V,10,Pubilla Cases,514,00-02,11,12,23
1999,6,Districte VI,11,el Gornal,629,75 i +,25,7,32
2004,1,Districte I,1,Centre,130,25-34,101,99,200
2008,5,Districte V,10,Pubilla Cases,537,16-17,20,9,29
2000,4,Districte IV,8,les Planes,438,16-17,11,0,11
2000,5,Districte V,10,Pubilla Cases,532,18-24,61,69,130
2004,1,Districte I,3,Sant Josep,106,35-49,216,195,411
1998,6,Districte VI,11,el Gornal,622,00-02,5,14,19
2002,4,Districte IV,7,la Florida,412,65-74,97,97,194
2002,6,Districte VI,11,el Gornal,632,03-11,45,46,91
2006,6,Districte VI,12,Bellvitge,604,03-11,22,28,50
2004,1,Districte I,3,Sant Josep,138,03-11,25,19,44
2000,6,Districte VI,12,Bellvitge,625,35-49,198,169,367
2010,4,Districte IV,7,la Florida,414,35-49,122,125,247
1999,1,Districte I,1,Centre,133,16-17,11,12,23
2002,6,Districte VI,12,Bellvitge,610,75 i +,45,30,75
2005,6,Districte VI,12,Bellvitge,623,12-15,11,21,32
2010,2,Districte II,4,la Torrassa,234,18-24,37,39,76
2011,2,Districte II,5,Collblanc,220,65-74,36,23,59
2010,1,Districte I,1,Centre,124,03-11,34,32,66
1998,3,Districte III,6,Santa Eulàlia,311,00-02,11,10,21
2015,5,Districte V,10,Pubilla Cases,508,75 i +,74,49,123
1999,5,Districte V,9,Can Serra,504,75 i +,54,36,90
2004,5,Districte V,10,Pubilla Cases,509,18-24,39,31,70
1996,2,Districte II,5,Collblanc,202,65-74,43,37,80
2003,4,Districte IV,7,la Florida,427,16-17,4,7,11
2003,4,Districte IV,8,les Planes,435,03-11,37,37,74
1996,2,Districte II,4,la Torrassa,217,65-74,46,32,78
1998,2,Districte II,4,la Torrassa,237,12-15,19,12,31
2012,4,Districte IV,7,la Florida,432,03-11,45,42,87
2002,6,Districte VI,11,el Gornal,629,75 i +,28,9,37
1998,2,Districte II,5,Collblanc,212,25-34,127,107,234
2002,6,Districte VI,12,Bellvitge,621,50-64,209,230,439
1999,4,Districte IV,7,la Florida,427,50-64,76,53,129
1997,5,Districte V,10,Pubilla Cases,519,18-24,23,35,58
2007,1,Districte I,1,Centre,101,35-49,239,241,480
1994,3,Districte III,6,Santa Eulàlia,320,18-24,96,113,209
2013,2,Districte II,4,la Torrassa,236,12-15,15,12,27
2014,4,Districte IV,7,la Florida,402,50-64,66,70,136
2009,6,Districte VI,12,Bellvitge,618,03-11,36,40,76
2001,6,Districte VI,11,el Gornal,622,35-49,94,78,172
2010,4,Districte IV,7,la Florida,427,03-11,66,52,118
2008,5,Districte V,10,Pubilla Cases,523,50-64,100,100,200
2004,1,Districte I,3,Sant Josep,119,35-49,125,115,240
1999,2,Districte II,4,la Torrassa,211,16-17,9,9,18
2007,3,Districte III,6,Santa Eulàlia,311,65-74,79,71,150
2008,1,Districte I,1,Centre,113,75 i +,53,40,93
2014,1,Districte I,1,Centre,135,00-02,19,16,35
2001,2,Districte II,5,Collblanc,226,50-64,92,84,176
2008,4,Districte IV,8,les Planes,442,18-24,31,33,64
2008,6,Districte VI,12,Bellvitge,618,35-49,76,66,142
2003,4,Districte IV,8,les Planes,435,16-17,11,15,26
2002,2,Districte II,4,la Torrassa,229,65-74,54,46,100
2010,5,Districte V,9,Can Serra,506,12-15,28,25,53
2016,5,Districte V,10,Pubilla Cases,532,00-02,15,22,37
2002,4,Districte IV,8,les Planes,437,00-02,13,9,22
2000,6,Districte VI,12,Bellvitge,627,50-64,110,132,242
2016,1,Districte I,1,Centre,102,12-15,32,31,63
2002,5,Districte V,10,Pubilla Cases,532,75 i +,71,47,118
2013,6,Districte VI,12,Bellvitge,606,00-02,14,23,37
2016,2,Districte II,4,la Torrassa,211,35-49,193,198,391
2002,2,Districte II,4,la Torrassa,232,65-74,63,51,114
2001,1,Districte I,1,Centre,101,25-34,113,123,236
2002,6,Districte VI,11,el Gornal,632,16-17,6,13,19
2011,4,Districte IV,7,la Florida,425,50-64,81,75,156
1997,1,Districte I,1,Centre,135,16-17,19,32,51
1998,2,Districte II,4,la Torrassa,249,18-24,43,56,99
2010,6,Districte VI,12,Bellvitge,614,50-64,105,78,183
2004,1,Districte I,1,Centre,103,35-49,90,78,168
2010,5,Districte V,9,Can Serra,502,00-02,28,20,48
2016,5,Districte V,9,Can Serra,505,65-74,155,107,262
2011,3,Districte III,6,Santa Eulàlia,302,16-17,8,11,19
2002,5,Districte V,10,Pubilla Cases,518,25-34,94,97,191
2000,2,Districte II,5,Collblanc,210,18-24,36,34,70
2016,6,Districte VI,12,Bellvitge,627,12-15,13,11,24
2001,5,Districte V,9,Can Serra,501,18-24,94,104,198
2010,1,Districte I,2,Sanfeliu,118,16-17,16,18,34
2012,4,Districte IV,7,la Florida,426,75 i +,52,32,84
1997,2,Districte II,5,Collblanc,201,00-02,4,8,12
2011,3,Districte III,6,Santa Eulàlia,317,03-11,58,53,111
2013,3,Districte III,6,Santa Eulàlia,325,75 i +,188,99,287
2005,4,Districte IV,7,la Florida,403,16-17,7,7,14
1994,3,Districte III,6,Santa Eulàlia,304,16-17,16,13,29
2011,6,Districte VI,12,Bellvitge,625,35-49,114,103,217
2016,3,Districte III,6,Santa Eulàlia,326,16-17,6,5,11
2013,5,Districte V,9,Can Serra,503,18-24,24,30,54
2016,3,Districte III,6,Santa Eulàlia,317,18-24,40,49,89
2002,6,Districte VI,12,Bellvitge,604,12-15,9,15,24
2007,5,Districte V,9,Can Serra,503,12-15,12,17,29
2005,6,Districte VI,12,Bellvitge,602,03-11,18,21,39
2012,4,Districte IV,8,les Planes,401,12-15,21,32,53
1994,5,Districte V,10,Pubilla Cases,523,16-17,14,18,32
1997,1,Districte I,3,Sant Josep,106,03-11,78,70,148
2012,4,Districte IV,7,la Florida,421,50-64,79,81,160
2005,1,Districte I,1,Centre,107,00-02,22,24,46
2006,4,Districte IV,8,les Planes,440,03-11,36,38,74
2004,2,Districte II,4,la Torrassa,239,12-15,19,21,40
2012,5,Districte V,10,Pubilla Cases,519,12-15,13,19,32
1996,5,Districte V,10,Pubilla Cases,530,18-24,74,85,159
2008,4,Districte IV,7,la Florida,421,18-24,43,44,87
1997,2,Districte II,4,la Torrassa,245,35-49,85,91,176
2010,1,Districte I,2,Sanfeliu,116,75 i +,77,50,127
2000,3,Districte III,6,Santa Eulàlia,325,50-64,201,187,388
2009,5,Districte V,10,Pubilla Cases,512,18-24,39,44,83
1996,4,Districte IV,7,la Florida,402,25-34,48,73,121
2003,4,Districte IV,7,la Florida,409,50-64,59,58,117
1996,3,Districte III,6,Santa Eulàlia,303,75 i +,60,34,94
2016,5,Districte V,10,Pubilla Cases,511,16-17,10,25,35
2003,6,Districte VI,12,Bellvitge,623,03-11,48,43,91
1994,4,Districte IV,7,la Florida,402,65-74,45,37,82
1999,5,Districte V,10,Pubilla Cases,534,00-02,9,12,21
2003,6,Districte VI,11,el Gornal,629,18-24,22,32,54
2006,4,Districte IV,7,la Florida,423,50-64,86,72,158
2001,1,Districte I,1,Centre,110,16-17,13,13,26
2010,5,Districte V,10,Pubilla Cases,536,12-15,15,16,31
2012,2,Districte II,5,Collblanc,216,18-24,50,49,99
2014,6,Districte VI,12,Bellvitge,601,18-24,72,66,138
2007,3,Districte III,6,Santa Eulàlia,317,35-49,110,133,243
2010,2,Districte II,4,la Torrassa,241,03-11,33,30,63
2003,1,Districte I,1,Centre,105,65-74,50,33,83
1996,1,Districte I,1,Centre,109,75 i +,51,24,75
2001,5,Districte V,10,Pubilla Cases,530,25-34,129,139,268
1998,4,Districte IV,8,les Planes,442,25-34,57,48,105
1994,5,Districte V,9,Can Serra,507,18-24,66,70,136
2013,6,Districte VI,12,Bellvitge,623,25-34,69,78,147
1997,5,Districte V,10,Pubilla Cases,538,25-34,102,94,196
2004,1,Districte I,1,Centre,124,16-17,8,5,13
2015,5,Districte V,9,Can Serra,521,18-24,23,23,46
2010,1,Districte I,2,Sanfeliu,132,16-17,15,15,30
2015,2,Districte II,4,la Torrassa,233,03-11,45,45,90
2004,3,Districte III,6,Santa Eulàlia,324,12-15,13,18,31
1995,4,Districte IV,7,la Florida,412,75 i +,47,20,67
1994,5,Districte V,9,Can Serra,503,50-64,63,66,129
2012,5,Districte V,10,Pubilla Cases,511,75 i +,53,32,85
1999,4,Districte IV,7,la Florida,407,12-15,8,17,25
1999,3,Districte III,6,Santa Eulàlia,319,18-24,43,49,92
2016,4,Districte IV,8,les Planes,401,03-11,38,59,97
2004,4,Districte IV,8,les Planes,436,65-74,38,22,60
2000,2,Districte II,5,Collblanc,207,50-64,60,54,114
2014,6,Districte VI,12,Bellvitge,610,65-74,146,107,253
2009,6,Districte VI,11,el Gornal,632,03-11,55,43,98
2007,1,Districte I,3,Sant Josep,115,35-49,149,146,295
1999,2,Districte II,5,Collblanc,214,65-74,44,43,87
2001,2,Districte II,5,Collblanc,202,25-34,69,80,149
2013,1,Districte I,1,Centre,133,03-11,33,32,65
2014,5,Districte V,10,Pubilla Cases,510,25-34,66,76,142
1995,2,Districte II,5,Collblanc,225,50-64,58,50,108
1995,4,Districte IV,8,les Planes,440,75 i +,46,32,78
1994,4,Districte IV,7,la Florida,406,03-11,57,52,109
2014,1,Districte I,1,Centre,113,25-34,115,115,230
2014,2,Districte II,5,Collblanc,224,16-17,9,10,19
2001,4,Districte IV,7,la Florida,402,18-24,40,33,73
1995,4,Districte IV,8,les Planes,440,16-17,24,18,42
2007,5,Districte V,10,Pubilla Cases,508,18-24,28,25,53
2008,4,Districte IV,7,la Florida,411,00-02,13,11,24
2004,2,Districte II,5,Collblanc,226,75 i +,77,51,128
2001,1,Districte I,1,Centre,104,18-24,28,24,52
2013,4,Districte IV,7,la Florida,411,00-02,7,8,15
2015,3,Districte III,6,Santa Eulàlia,305,03-11,62,71,133
2014,4,Districte IV,7,la Florida,403,18-24,30,37,67
1999,1,Districte I,1,Centre,123,65-74,80,73,153
1997,4,Districte IV,7,la Florida,417,03-11,25,23,48
2007,2,Districte II,5,Collblanc,216,65-74,75,52,127
2014,2,Districte II,5,Collblanc,209,03-11,35,36,71
1997,1,Districte I,3,Sant Josep,127,50-64,54,48,102
1999,2,Districte II,4,la Torrassa,242,75 i +,50,47,97
2016,3,Districte III,6,Santa Eulàlia,309,16-17,4,14,18
1997,4,Districte IV,8,les Planes,434,18-24,30,20,50
2006,3,Districte III,6,Santa Eulàlia,316,00-02,21,15,36
2009,3,Districte III,6,Santa Eulàlia,314,12-15,34,46,80
2007,2,Districte II,5,Collblanc,212,03-11,60,62,122
2013,4,Districte IV,7,la Florida,421,16-17,13,14,27
2012,3,Districte III,6,Santa Eulàlia,308,65-74,98,90,188
1999,5,Districte V,10,Pubilla Cases,524,65-74,81,58,139
2015,6,Districte VI,12,Bellvitge,624,12-15,19,18,37
2012,4,Districte IV,7,la Florida,410,65-74,103,94,197
1996,1,Districte I,1,Centre,102,25-34,134,163,297
2005,5,Districte V,10,Pubilla Cases,512,16-17,3,9,12
1998,4,Districte IV,7,la Florida,409,75 i +,20,10,30
2006,1,Districte I,1,Centre,111,12-15,14,13,27
2009,1,Districte I,1,Centre,108,00-02,24,21,45
1999,2,Districte II,4,la Torrassa,234,35-49,79,75,154
2001,1,Districte I,1,Centre,134,18-24,44,71,115
2006,1,Districte I,1,Centre,113,65-74,47,41,88
2015,1,Districte I,1,Centre,135,25-34,85,94,179
1995,6,Districte VI,12,Bellvitge,610,18-24,149,150,299
1999,4,Districte IV,7,la Florida,432,16-17,11,19,30
1998,4,Districte IV,7,la Florida,426,25-34,78,82,160
2015,1,Districte I,3,Sant Josep,138,00-02,10,10,20
2009,1,Districte I,3,Sant Josep,138,25-34,74,70,144
2012,2,Districte II,4,la Torrassa,240,00-02,10,14,24
1998,6,Districte VI,12,Bellvitge,614,18-24,64,76,140
1997,4,Districte IV,7,la Florida,430,00-02,9,12,21
2003,4,Districte IV,7,la Florida,432,65-74,64,60,124
1994,2,Districte II,5,Collblanc,209,50-64,113,98,211
2001,2,Districte II,5,Collblanc,204,03-11,11,14,25
1998,2,Districte II,4,la Torrassa,233,35-49,57,61,118
1999,2,Districte II,4,la Torrassa,248,75 i +,61,38,99
1997,2,Districte II,5,Collblanc,204,18-24,22,23,45
1998,1,Districte I,3,Sant Josep,138,25-34,58,65,123
2013,1,Districte I,1,Centre,131,65-74,89,90,179
2001,1,Districte I,3,Sant Josep,106,18-24,142,159,301
1997,6,Districte VI,11,el Gornal,629,25-34,49,57,106
2015,1,Districte I,2,Sanfeliu,116,12-15,22,25,47
2009,1,Districte I,2,Sanfeliu,129,18-24,32,38,70
1995,2,Districte II,4,la Torrassa,242,35-49,92,90,182
2011,3,Districte III,6,Santa Eulàlia,312,35-49,224,258,482
2009,5,Districte V,9,Can Serra,505,00-02,14,15,29
1996,2,Districte II,5,Collblanc,222,65-74,54,49,103
2001,5,Districte V,10,Pubilla Cases,532,03-11,43,36,79
1998,2,Districte II,4,la Torrassa,230,16-17,3,5,8
1995,5,Districte V,10,Pubilla Cases,533,03-11,35,29,64
1999,2,Districte II,5,Collblanc,208,65-74,135,119,254
2006,3,Districte III,6,Santa Eulàlia,306,75 i +,98,64,162
2009,1,Districte I,1,Centre,105,75 i +,61,36,97
2010,6,Districte VI,12,Bellvitge,603,35-49,80,82,162
2008,2,Districte II,4,la Torrassa,249,35-49,135,156,291
1995,5,Districte V,10,Pubilla Cases,518,35-49,80,89,169
2015,3,Districte III,6,Santa Eulàlia,307,65-74,120,104,224
1996,4,Districte IV,7,la Florida,409,35-49,67,68,135
2001,3,Districte III,6,Santa Eulàlia,317,25-34,91,93,184
1994,5,Districte V,10,Pubilla Cases,512,12-15,11,16,27
2000,4,Districte IV,8,les Planes,439,75 i +,41,25,66
2015,4,Districte IV,8,les Planes,435,00-02,19,22,41
2003,2,Districte II,4,la Torrassa,234,16-17,6,7,13
2014,2,Districte II,4,la Torrassa,231,12-15,32,34,66
2000,6,Districte VI,11,el Gornal,629,03-11,16,16,32
2006,3,Districte III,6,Santa Eulàlia,306,16-17,15,16,31
2010,1,Districte I,3,Sant Josep,119,12-15,19,13,32
1997,3,Districte III,6,Santa Eulàlia,306,03-11,55,68,123
2005,5,Districte V,10,Pubilla Cases,530,35-49,172,173,345
2000,2,Districte II,5,Collblanc,244,00-02,5,2,7
2007,5,Districte V,10,Pubilla Cases,524,25-34,163,168,331
2004,2,Districte II,5,Collblanc,203,03-11,24,36,60
1996,1,Districte I,2,Sanfeliu,116,35-49,187,158,345
2007,1,Districte I,1,Centre,135,50-64,145,149,294
2003,1,Districte I,3,Sant Josep,138,03-11,29,25,54
2005,4,Districte IV,7,la Florida,408,18-24,42,48,90
2006,1,Districte I,1,Centre,128,03-11,24,30,54
1998,5,Districte V,9,Can Serra,507,75 i +,34,23,57
2007,4,Districte IV,7,la Florida,415,00-02,14,12,26
1994,5,Districte V,10,Pubilla Cases,517,03-11,38,43,81
2000,2,Districte II,4,la Torrassa,231,00-02,9,7,16
1994,3,Districte III,6,Santa Eulàlia,317,00-02,9,7,16
2000,6,Districte VI,12,Bellvitge,601,18-24,99,110,209
2002,1,Districte I,1,Centre,130,16-17,8,5,13
2010,1,Districte I,1,Centre,105,25-34,97,99,196
2010,6,Districte VI,12,Bellvitge,627,18-24,35,51,86
2006,6,Districte VI,12,Bellvitge,605,12-15,6,2,8
2006,4,Districte IV,7,la Florida,421,35-49,123,144,267
1999,6,Districte VI,12,Bellvitge,606,00-02,6,9,15
2001,4,Districte IV,7,la Florida,416,03-11,27,26,53
2012,6,Districte VI,12,Bellvitge,604,18-24,27,34,61
2005,4,Districte IV,7,la Florida,422,25-34,120,152,272
2004,2,Districte II,5,Collblanc,222,35-49,97,105,202
2011,1,Districte I,1,Centre,128,12-15,11,14,25
2001,5,Districte V,10,Pubilla Cases,527,00-02,16,13,29
2000,2,Districte II,4,la Torrassa,230,75 i +,45,24,69
2004,2,Districte II,5,Collblanc,244,75 i +,47,32,79
2004,4,Districte IV,7,la Florida,431,65-74,73,65,138
2008,1,Districte I,1,Centre,104,35-49,93,119,212
2005,5,Districte V,9,Can Serra,504,65-74,85,93,178
1997,2,Districte II,5,Collblanc,202,50-64,77,77,154
2016,1,Districte I,1,Centre,107,25-34,100,114,214
2002,4,Districte IV,7,la Florida,408,03-11,20,30,50
2012,1,Districte I,3,Sant Josep,106,03-11,67,52,119
1996,3,Districte III,6,Santa Eulàlia,317,65-74,54,45,99
2001,1,Districte I,1,Centre,124,25-34,63,66,129
2003,5,Districte V,10,Pubilla Cases,529,75 i +,80,43,123
2003,3,Districte III,6,Santa Eulàlia,314,12-15,38,66,104
2005,6,Districte VI,12,Bellvitge,625,16-17,18,20,38
2002,6,Districte VI,11,el Gornal,629,12-15,16,7,23
2006,1,Districte I,3,Sant Josep,121,50-64,33,37,70
1996,3,Districte III,6,Santa Eulàlia,315,25-34,133,132,265
1999,6,Districte VI,12,Bellvitge,611,65-74,80,76,156
2001,4,Districte IV,7,la Florida,408,25-34,61,66,127
2006,3,Districte III,6,Santa Eulàlia,304,16-17,10,12,22
1994,1,Districte I,3,Sant Josep,119,50-64,123,140,263
2014,5,Districte V,9,Can Serra,535,03-11,30,35,65
1995,2,Districte II,5,Collblanc,225,25-34,30,27,57
1995,1,Districte I,1,Centre,101,65-74,33,31,64
2005,1,Districte I,3,Sant Josep,106,50-64,227,234,461
2005,4,Districte IV,8,les Planes,434,18-24,25,32,57
2006,5,Districte V,10,Pubilla Cases,518,16-17,13,10,23
2013,3,Districte III,6,Santa Eulàlia,306,75 i +,100,65,165
1995,5,Districte V,10,Pubilla Cases,512,00-02,11,6,17
2011,2,Districte II,5,Collblanc,219,12-15,30,29,59
2004,2,Districte II,4,la Torrassa,235,03-11,53,44,97
2004,2,Districte II,5,Collblanc,221,12-15,24,22,46
1999,1,Districte I,3,Sant Josep,140,12-15,13,11,24
2015,5,Districte V,10,Pubilla Cases,533,25-34,138,135,273
1997,1,Districte I,2,Sanfeliu,129,25-34,102,96,198
2014,5,Districte V,10,Pubilla Cases,534,25-34,66,60,126
2005,2,Districte II,4,la Torrassa,249,25-34,109,117,226
2013,4,Districte IV,7,la Florida,427,16-17,16,14,30
2005,6,Districte VI,12,Bellvitge,604,65-74,41,37,78
1999,4,Districte IV,8,les Planes,433,03-11,44,33,77
2008,6,Districte VI,12,Bellvitge,604,65-74,42,40,82
1999,6,Districte VI,12,Bellvitge,628,03-11,39,32,71
2013,2,Districte II,4,la Torrassa,232,35-49,119,138,257
1998,1,Districte I,3,Sant Josep,115,75 i +,42,24,66
2007,2,Districte II,5,Collblanc,203,65-74,36,30,66
2006,1,Districte I,3,Sant Josep,136,25-34,133,123,256
2008,4,Districte IV,8,les Planes,442,03-11,30,27,57
2012,4,Districte IV,8,les Planes,439,16-17,15,10,25
1994,1,Districte I,3,Sant Josep,115,65-74,74,52,126
1997,5,Districte V,10,Pubilla Cases,527,18-24,50,41,91
1994,6,Districte VI,11,el Gornal,622,03-11,51,49,100
2007,5,Districte V,9,Can Serra,507,03-11,29,42,71
1998,6,Districte VI,12,Bellvitge,623,75 i +,43,29,72
2008,6,Districte VI,12,Bellvitge,601,12-15,30,25,55
1994,1,Districte I,3,Sant Josep,138,18-24,57,54,111
2016,6,Districte VI,12,Bellvitge,631,50-64,70,70,140
2009,4,Districte IV,7,la Florida,409,65-74,38,33,71
1995,1,Districte I,3,Sant Josep,125,65-74,58,40,98
2010,4,Districte IV,7,la Florida,424,16-17,7,5,12
2001,4,Districte IV,7,la Florida,412,12-15,22,30,52
1999,3,Districte III,6,Santa Eulàlia,325,65-74,122,98,220
2016,4,Districte IV,8,les Planes,436,12-15,30,36,66
2009,2,Districte II,5,Collblanc,204,35-49,68,80,148
2007,2,Districte II,5,Collblanc,205,75 i +,64,41,105
2004,3,Districte III,6,Santa Eulàlia,314,75 i +,92,44,136
2000,6,Districte VI,12,Bellvitge,615,00-02,13,6,19
1994,2,Districte II,5,Collblanc,216,18-24,84,96,180
2000,2,Districte II,4,la Torrassa,246,75 i +,74,37,111
2015,5,Districte V,10,Pubilla Cases,528,12-15,23,23,46
2005,5,Districte V,10,Pubilla Cases,524,75 i +,66,29,95
2015,5,Districte V,10,Pubilla Cases,514,35-49,171,180,351
2007,5,Districte V,10,Pubilla Cases,513,35-49,90,80,170
2010,1,Districte I,1,Centre,108,65-74,59,48,107
2014,6,Districte VI,12,Bellvitge,613,16-17,7,10,17
2000,6,Districte VI,12,Bellvitge,615,50-64,171,145,316
2013,2,Districte II,4,la Torrassa,245,16-17,9,11,20
2012,1,Districte I,1,Centre,101,50-64,147,144,291
2000,2,Districte II,5,Collblanc,216,25-34,87,100,187
2009,2,Districte II,5,Collblanc,226,65-74,54,38,92
2012,1,Districte I,3,Sant Josep,140,75 i +,61,42,103
2007,4,Districte IV,7,la Florida,417,35-49,75,83,158
2003,1,Districte I,1,Centre,109,03-11,40,41,81
2008,2,Districte II,5,Collblanc,207,75 i +,65,24,89
2007,4,Districte IV,8,les Planes,419,00-02,16,21,37
1994,1,Districte I,1,Centre,104,16-17,5,7,12
2004,1,Districte I,2,Sanfeliu,118,18-24,100,99,199
2008,4,Districte IV,7,la Florida,414,12-15,18,14,32
2006,4,Districte IV,8,les Planes,419,35-49,101,134,235
2003,4,Districte IV,7,la Florida,409,03-11,25,16,41
1996,5,Districte V,10,Pubilla Cases,514,25-34,60,56,116
2003,2,Districte II,4,la Torrassa,241,50-64,53,47,100
1996,6,Districte VI,12,Bellvitge,605,35-49,62,46,108
2002,4,Districte IV,7,la Florida,422,50-64,85,73,158
2009,5,Districte V,10,Pubilla Cases,520,12-15,17,11,28
2010,4,Districte IV,8,les Planes,418,75 i +,71,48,119
1998,2,Districte II,4,la Torrassa,234,03-11,19,30,49
1997,2,Districte II,5,Collblanc,209,03-11,17,32,49
2000,1,Districte I,1,Centre,110,18-24,84,90,174
1995,6,Districte VI,12,Bellvitge,621,65-74,36,25,61
2010,2,Districte II,4,la Torrassa,231,75 i +,82,52,134
2010,2,Districte II,5,Collblanc,209,35-49,125,116,241
1998,6,Districte VI,12,Bellvitge,605,00-02,1,5,6
2003,3,Districte III,6,Santa Eulàlia,319,16-17,11,9,20
2002,1,Districte I,3,Sant Josep,106,16-17,21,18,39
1998,4,Districte IV,7,la Florida,416,18-24,28,35,63
2004,5,Districte V,9,Can Serra,506,25-34,147,150,297
1994,6,Districte VI,12,Bellvitge,613,00-02,13,12,25
1998,4,Districte IV,8,les Planes,441,00-02,10,13,23
2002,3,Districte III,6,Santa Eulàlia,314,18-24,131,135,266
2015,6,Districte VI,12,Bellvitge,621,16-17,7,16,23
2000,2,Districte II,5,Collblanc,225,00-02,0,4,4
2013,2,Districte II,5,Collblanc,223,18-24,64,66,130
2006,5,Districte V,10,Pubilla Cases,533,16-17,10,9,19
2005,2,Districte II,4,la Torrassa,232,03-11,34,35,69
2008,2,Districte II,5,Collblanc,201,12-15,11,17,28
1997,2,Districte II,5,Collblanc,224,25-34,39,50,89
2008,6,Districte VI,12,Bellvitge,601,75 i +,58,50,108
1999,4,Districte IV,7,la Florida,409,50-64,76,69,145
2013,1,Districte I,3,Sant Josep,115,65-74,68,67,135
2016,2,Districte II,4,la Torrassa,238,16-17,8,14,22
2014,1,Districte I,1,Centre,104,03-11,31,40,71
1995,1,Districte I,3,Sant Josep,121,16-17,6,6,12
2010,2,Districte II,5,Collblanc,212,65-74,72,46,118
1999,1,Districte I,3,Sant Josep,138,18-24,47,53,100
2007,3,Districte III,6,Santa Eulàlia,323,12-15,54,56,110
2008,4,Districte IV,7,la Florida,430,12-15,21,23,44
2005,6,Districte VI,11,el Gornal,616,12-15,64,75,139
2000,3,Districte III,6,Santa Eulàlia,311,35-49,125,112,237
2005,1,Districte I,1,Centre,124,12-15,15,21,36
1998,4,Districte IV,7,la Florida,413,18-24,26,33,59
2002,2,Districte II,5,Collblanc,209,35-49,95,111,206
2004,4,Districte IV,8,les Planes,438,65-74,55,57,112
2004,2,Districte II,4,la Torrassa,243,16-17,13,12,25
2001,6,Districte VI,12,Bellvitge,630,35-49,95,72,167
1999,4,Districte IV,7,la Florida,402,50-64,94,77,171
2010,3,Districte III,6,Santa Eulàlia,321,03-11,89,92,181
2008,1,Districte I,1,Centre,123,50-64,111,110,221
2002,1,Districte I,3,Sant Josep,106,75 i +,51,26,77
2006,4,Districte IV,7,la Florida,415,50-64,55,49,104
2010,4,Districte IV,7,la Florida,416,50-64,55,54,109
1997,6,Districte VI,11,el Gornal,608,16-17,18,14,32
2016,2,Districte II,4,la Torrassa,238,25-34,81,86,167
1999,5,Districte V,10,Pubilla Cases,514,35-49,61,65,126
2014,3,Districte III,6,Santa Eulàlia,324,16-17,10,10,20
2008,4,Districte IV,7,la Florida,408,12-15,16,18,34
2001,3,Districte III,6,Santa Eulàlia,301,75 i +,78,40,118
2005,5,Districte V,10,Pubilla Cases,526,50-64,59,59,118
2003,5,Districte V,10,Pubilla Cases,526,65-74,31,32,63
2006,5,Districte V,10,Pubilla Cases,532,25-34,166,158,324
2010,1,Districte I,1,Centre,123,50-64,117,118,235
1997,2,Districte II,4,la Torrassa,242,50-64,118,102,220
2016,6,Districte VI,12,Bellvitge,607,35-49,109,132,241
2004,2,Districte II,4,la Torrassa,240,35-49,87,80,167
1995,5,Districte V,10,Pubilla Cases,515,65-74,39,21,60
2005,5,Districte V,9,Can Serra,506,16-17,18,19,37
2012,2,Districte II,5,Collblanc,220,03-11,50,43,93
2015,1,Districte I,3,Sant Josep,115,75 i +,69,39,108
2000,5,Districte V,10,Pubilla Cases,530,12-15,13,12,25
1999,4,Districte IV,7,la Florida,417,50-64,68,54,122
1994,5,Districte V,10,Pubilla Cases,533,50-64,121,112,233
2004,6,Districte VI,11,el Gornal,617,18-24,44,43,87
2011,3,Districte III,6,Santa Eulàlia,321,25-34,183,151,334
1997,3,Districte III,6,Santa Eulàlia,317,03-11,34,34,68
2014,6,Districte VI,12,Bellvitge,631,65-74,122,108,230
2014,4,Districte IV,8,les Planes,420,50-64,181,166,347
1995,5,Districte V,10,Pubilla Cases,516,50-64,76,73,149
2015,6,Districte VI,11,el Gornal,608,03-11,49,48,97
2015,2,Districte II,4,la Torrassa,242,65-74,62,47,109
2008,4,Districte IV,7,la Florida,402,35-49,110,104,214
2006,4,Districte IV,8,les Planes,435,00-02,15,21,36
2000,6,Districte VI,12,Bellvitge,602,12-15,9,7,16
2004,5,Districte V,10,Pubilla Cases,519,03-11,31,33,64
2015,1,Districte I,3,Sant Josep,122,03-11,43,52,95
2013,1,Districte I,3,Sant Josep,119,50-64,145,105,250
2001,5,Districte V,10,Pubilla Cases,513,12-15,7,11,18
2007,4,Districte IV,7,la Florida,404,25-34,118,149,267
2009,2,Districte II,4,la Torrassa,211,65-74,65,38,103
2008,3,Districte III,6,Santa Eulàlia,314,16-17,17,31,48
2006,4,Districte IV,7,la Florida,406,35-49,150,159,309
2013,3,Districte III,6,Santa Eulàlia,309,00-02,25,21,46
1996,3,Districte III,6,Santa Eulàlia,305,75 i +,63,36,99
2010,2,Districte II,4,la Torrassa,237,25-34,134,138,272
2002,6,Districte VI,12,Bellvitge,624,00-02,9,13,22
2010,4,Districte IV,8,les Planes,418,18-24,44,55,99
2014,3,Districte III,6,Santa Eulàlia,318,35-49,90,83,173
2015,3,Districte III,6,Santa Eulàlia,306,35-49,200,192,392
2012,2,Districte II,5,Collblanc,209,50-64,96,86,182
1998,4,Districte IV,7,la Florida,428,12-15,9,8,17
2015,1,Districte I,3,Sant Josep,125,12-15,22,28,50
2006,2,Districte II,4,la Torrassa,231,35-49,129,123,252
2000,4,Districte IV,8,les Planes,436,65-74,33,26,59
2003,1,Districte I,2,Sanfeliu,129,35-49,107,115,222
2006,2,Districte II,4,la Torrassa,235,18-24,63,73,136
2006,6,Districte VI,12,Bellvitge,631,12-15,18,14,32
2009,5,Districte V,10,Pubilla Cases,509,35-49,96,113,209
2006,1,Districte I,1,Centre,107,00-02,17,31,48
2014,3,Districte III,6,Santa Eulàlia,308,50-64,214,192,406
2009,4,Districte IV,7,la Florida,431,35-49,188,230,418
2001,4,Districte IV,8,les Planes,429,65-74,51,34,85
1998,3,Districte III,6,Santa Eulàlia,315,03-11,53,61,114
2003,1,Districte I,1,Centre,103,16-17,6,4,10
2000,1,Districte I,3,Sant Josep,120,50-64,132,142,274
2009,2,Districte II,5,Collblanc,219,25-34,125,146,271
2010,4,Districte IV,7,la Florida,417,75 i +,32,23,55
2014,3,Districte III,6,Santa Eulàlia,314,18-24,61,113,174
2009,2,Districte II,4,la Torrassa,249,00-02,23,17,40
2002,1,Districte I,1,Centre,101,18-24,85,81,166
2008,4,Districte IV,7,la Florida,416,25-34,72,92,164
1995,1,Districte I,3,Sant Josep,139,16-17,16,17,33
2000,5,Districte V,10,Pubilla Cases,511,00-02,11,7,18
2009,4,Districte IV,7,la Florida,421,75 i +,83,61,144
2004,1,Districte I,1,Centre,112,12-15,29,44,73
2011,3,Districte III,6,Santa Eulàlia,323,12-15,64,50,114
2013,1,Districte I,1,Centre,104,35-49,106,122,228
1995,3,Districte III,6,Santa Eulàlia,325,50-64,203,169,372
2006,1,Districte I,1,Centre,130,16-17,4,16,20
2012,4,Districte IV,8,les Planes,442,75 i +,31,20,51
2007,2,Districte II,4,la Torrassa,245,75 i +,67,34,101
2003,2,Districte II,4,la Torrassa,229,16-17,6,8,14
2014,2,Districte II,5,Collblanc,208,12-15,20,24,44
2002,2,Districte II,4,la Torrassa,211,00-02,17,27,44
1998,1,Districte I,1,Centre,133,16-17,12,8,20
2012,5,Districte V,10,Pubilla Cases,534,03-11,25,39,64
2003,2,Districte II,4,la Torrassa,239,65-74,97,67,164
2005,5,Districte V,10,Pubilla Cases,508,00-02,9,10,19
1999,3,Districte III,6,Santa Eulàlia,325,03-11,59,55,114
1997,1,Districte I,1,Centre,111,35-49,111,98,209
1998,1,Districte I,1,Centre,110,75 i +,48,24,72
2014,3,Districte III,13,Granvia Sud,320,35-49,195,188,383
2003,5,Districte V,10,Pubilla Cases,527,16-17,6,10,16
1999,1,Districte I,3,Sant Josep,106,35-49,266,236,502
2014,2,Districte II,5,Collblanc,224,03-11,53,67,120
2005,3,Districte III,6,Santa Eulàlia,312,18-24,62,60,122
2009,6,Districte VI,12,Bellvitge,618,75 i +,24,16,40
2010,1,Districte I,1,Centre,124,25-34,64,63,127
1994,6,Districte VI,12,Bellvitge,630,35-49,146,135,281
1999,4,Districte IV,7,la Florida,410,16-17,24,23,47
2002,4,Districte IV,7,la Florida,407,65-74,85,66,151
2012,6,Districte VI,12,Bellvitge,603,25-34,44,42,86
2016,6,Districte VI,11,el Gornal,608,75 i +,102,70,172
1999,4,Districte IV,8,les Planes,437,12-15,14,18,32
2004,5,Districte V,10,Pubilla Cases,515,18-24,19,21,40
2001,2,Districte II,5,Collblanc,224,75 i +,35,13,48
2016,4,Districte IV,7,la Florida,409,16-17,16,15,31
2005,1,Districte I,3,Sant Josep,114,03-11,49,51,100
2009,1,Districte I,1,Centre,124,25-34,62,80,142
2016,4,Districte IV,7,la Florida,421,03-11,40,54,94
2006,2,Districte II,4,la Torrassa,228,25-34,81,97,178
1996,4,Districte IV,7,la Florida,412,16-17,22,33,55
2007,2,Districte II,4,la Torrassa,238,03-11,36,36,72
1996,1,Districte I,3,Sant Josep,122,35-49,50,45,95
2006,1,Districte I,3,Sant Josep,127,75 i +,35,26,61
2011,1,Districte I,1,Centre,133,50-64,96,75,171
2009,5,Districte V,10,Pubilla Cases,532,25-34,137,139,276
1998,2,Districte II,4,la Torrassa,217,75 i +,47,16,63
2006,4,Districte IV,8,les Planes,439,16-17,9,12,21
2006,6,Districte VI,12,Bellvitge,618,75 i +,27,15,42
1994,2,Districte II,4,la Torrassa,230,65-74,66,39,105
1996,6,Districte VI,12,Bellvitge,615,25-34,78,90,168
1994,2,Districte II,5,Collblanc,226,75 i +,72,33,105
2002,6,Districte VI,12,Bellvitge,604,25-34,62,91,153
2005,6,Districte VI,12,Bellvitge,623,75 i +,55,29,84
2013,1,Districte I,1,Centre,133,00-02,13,13,26
2009,5,Districte V,10,Pubilla Cases,514,18-24,45,24,69
2015,4,Districte IV,8,les Planes,419,00-02,36,32,68
2001,2,Districte II,5,Collblanc,223,50-64,100,87,187
2014,5,Districte V,10,Pubilla Cases,531,35-49,116,127,243
1999,3,Districte III,6,Santa Eulàlia,304,65-74,92,72,164
1997,2,Districte II,5,Collblanc,223,50-64,128,113,241
1997,6,Districte VI,12,Bellvitge,619,18-24,100,102,202
2006,3,Districte III,6,Santa Eulàlia,306,03-11,55,55,110
1995,2,Districte II,5,Collblanc,226,12-15,27,24,51
1994,5,Districte V,10,Pubilla Cases,525,75 i +,32,16,48
2007,4,Districte IV,7,la Florida,413,03-11,16,19,35
2010,5,Districte V,10,Pubilla Cases,510,03-11,39,36,75
1995,4,Districte IV,8,les Planes,401,00-02,12,9,21
2010,5,Districte V,10,Pubilla Cases,538,35-49,157,152,309
2007,6,Districte VI,12,Bellvitge,630,50-64,130,95,225
2002,1,Districte I,1,Centre,108,50-64,108,102,210
2014,6,Districte VI,12,Bellvitge,625,18-24,30,34,64
2008,2,Districte II,5,Collblanc,213,65-74,49,43,92
2003,2,Districte II,5,Collblanc,224,03-11,21,27,48
1997,2,Districte II,4,la Torrassa,246,03-11,32,23,55
2007,2,Districte II,5,Collblanc,221,65-74,67,58,125
2009,1,Districte I,1,Centre,101,00-02,41,52,93
2006,1,Districte I,3,Sant Josep,106,75 i +,59,31,90
2003,3,Districte III,6,Santa Eulàlia,308,12-15,26,28,54
2001,3,Districte III,6,Santa Eulàlia,321,16-17,25,26,51
2000,5,Districte V,10,Pubilla Cases,532,16-17,12,13,25
1996,4,Districte IV,7,la Florida,425,12-15,20,13,33
2010,5,Districte V,10,Pubilla Cases,517,65-74,54,48,102
2009,1,Districte I,2,Sanfeliu,116,35-49,167,181,348
1995,1,Districte I,3,Sant Josep,121,18-24,38,34,72
2011,2,Districte II,5,Collblanc,210,03-11,30,25,55
1995,5,Districte V,10,Pubilla Cases,511,18-24,50,48,98
2016,2,Districte II,4,la Torrassa,231,00-02,23,21,44
2004,3,Districte III,6,Santa Eulàlia,315,00-02,18,20,38
2016,6,Districte VI,12,Bellvitge,605,75 i +,115,119,234
1997,1,Districte I,1,Centre,130,00-02,7,12,19
2002,5,Districte V,10,Pubilla Cases,514,18-24,36,40,76
2013,1,Districte I,1,Centre,128,12-15,10,14,24
2006,2,Districte II,4,la Torrassa,248,16-17,13,10,23
2000,4,Districte IV,8,les Planes,401,25-34,80,83,163
2005,4,Districte IV,7,la Florida,424,00-02,9,8,17
2015,5,Districte V,10,Pubilla Cases,530,50-64,138,128,266
2001,1,Districte I,3,Sant Josep,136,00-02,11,13,24
1999,4,Districte IV,7,la Florida,423,16-17,12,7,19
2010,3,Districte III,6,Santa Eulàlia,323,50-64,392,351,743
2013,5,Districte V,10,Pubilla Cases,514,50-64,103,89,192
2013,6,Districte VI,12,Bellvitge,631,00-02,17,15,32
2000,5,Districte V,10,Pubilla Cases,514,18-24,29,36,65
2004,1,Districte I,1,Centre,130,18-24,30,31,61
2008,6,Districte VI,11,el Gornal,617,25-34,76,88,164
1996,6,Districte VI,12,Bellvitge,621,50-64,130,166,296
2009,5,Districte V,10,Pubilla Cases,508,35-49,68,93,161
2010,1,Districte I,2,Sanfeliu,132,12-15,30,39,69
1997,4,Districte IV,7,la Florida,424,25-34,36,56,92
2007,2,Districte II,4,la Torrassa,218,16-17,6,10,16
2000,2,Districte II,4,la Torrassa,249,65-74,79,67,146
2001,2,Districte II,4,la Torrassa,211,35-49,114,110,224
2013,4,Districte IV,7,la Florida,406,65-74,78,65,143
1998,2,Districte II,5,Collblanc,204,12-15,7,10,17
2006,1,Districte I,1,Centre,110,65-74,63,49,112
1996,2,Districte II,5,Collblanc,207,35-49,71,62,133
1997,1,Districte I,1,Centre,131,18-24,111,135,246
1995,5,Districte V,10,Pubilla Cases,537,03-11,41,49,90
2001,1,Districte I,1,Centre,103,03-11,29,20,49
2006,6,Districte VI,12,Bellvitge,624,25-34,89,118,207
1999,1,Districte I,2,Sanfeliu,129,00-02,8,17,25
2001,2,Districte II,4,la Torrassa,246,03-11,31,36,67
2008,1,Districte I,1,Centre,123,18-24,45,36,81
2002,6,Districte VI,12,Bellvitge,623,35-49,120,115,235
1997,3,Districte III,6,Santa Eulàlia,307,00-02,6,15,21
2013,3,Districte III,6,Santa Eulàlia,322,16-17,21,21,42
2015,1,Districte I,3,Sant Josep,125,75 i +,64,63,127
1997,1,Districte I,2,Sanfeliu,116,65-74,62,59,121
2013,4,Districte IV,7,la Florida,412,12-15,18,18,36
2000,1,Districte I,1,Centre,130,25-34,90,100,190
2007,5,Districte V,9,Can Serra,504,50-64,130,93,223
2009,1,Districte I,1,Centre,124,50-64,98,82,180
2011,3,Districte III,6,Santa Eulàlia,323,35-49,326,347,673
2005,2,Districte II,5,Collblanc,204,75 i +,42,21,63
2013,5,Districte V,10,Pubilla Cases,513,25-34,96,97,193
2008,2,Districte II,5,Collblanc,206,65-74,56,31,87
2010,5,Districte V,10,Pubilla Cases,510,16-17,7,9,16
1995,3,Districte III,6,Santa Eulàlia,325,18-24,128,140,268
2004,3,Districte III,6,Santa Eulàlia,315,35-49,191,174,365
2010,4,Districte IV,7,la Florida,414,03-11,44,42,86
2002,4,Districte IV,8,les Planes,437,35-49,79,90,169
2015,4,Districte IV,8,les Planes,437,12-15,29,28,57
2000,4,Districte IV,7,la Florida,428,65-74,46,32,78
1994,1,Districte I,2,Sanfeliu,116,65-74,63,51,114
2014,5,Districte V,9,Can Serra,504,25-34,71,67,138
2014,3,Districte III,6,Santa Eulàlia,322,50-64,108,96,204
2013,4,Districte IV,7,la Florida,411,12-15,15,11,26
2014,3,Districte III,6,Santa Eulàlia,325,12-15,29,38,67
1995,5,Districte V,10,Pubilla Cases,529,35-49,82,70,152
2010,1,Districte I,2,Sanfeliu,118,25-34,120,147,267
1996,1,Districte I,3,Sant Josep,136,65-74,58,49,107
2002,2,Districte II,4,la Torrassa,217,25-34,43,45,88
2009,4,Districte IV,8,les Planes,433,50-64,80,76,156
2015,5,Districte V,10,Pubilla Cases,528,75 i +,69,56,125
2014,2,Districte II,5,Collblanc,202,18-24,65,64,129
2000,5,Districte V,10,Pubilla Cases,537,25-34,115,108,223
2012,5,Districte V,10,Pubilla Cases,519,25-34,52,45,97
2007,1,Districte I,3,Sant Josep,114,16-17,10,14,24
1997,2,Districte II,5,Collblanc,209,25-34,81,88,169
2013,2,Districte II,4,la Torrassa,231,25-34,123,120,243
2003,2,Districte II,5,Collblanc,225,12-15,5,6,11
2008,2,Districte II,4,la Torrassa,247,25-34,135,124,259
2015,6,Districte VI,12,Bellvitge,625,75 i +,62,43,105
2015,6,Districte VI,12,Bellvitge,618,25-34,47,51,98
2009,6,Districte VI,12,Bellvitge,623,12-15,19,30,49
1995,5,Districte V,9,Can Serra,506,12-15,65,65,130
2003,5,Districte V,10,Pubilla Cases,530,75 i +,78,41,119
2011,6,Districte VI,12,Bellvitge,611,18-24,64,62,126
2008,5,Districte V,10,Pubilla Cases,538,16-17,7,8,15
1994,3,Districte III,6,Santa Eulàlia,313,12-15,83,62,145
1996,4,Districte IV,7,la Florida,407,65-74,85,70,155
2012,1,Districte I,1,Centre,109,75 i +,72,44,116
2008,1,Districte I,3,Sant Josep,115,16-17,8,18,26
2001,2,Districte II,4,la Torrassa,211,03-11,41,41,82
2014,5,Districte V,10,Pubilla Cases,532,75 i +,95,58,153
2000,2,Districte II,5,Collblanc,219,50-64,105,87,192
2005,2,Districte II,4,la Torrassa,236,18-24,51,49,100
2000,2,Districte II,4,la Torrassa,233,35-49,69,72,141
2016,5,Districte V,10,Pubilla Cases,517,12-15,39,42,81
2006,5,Districte V,10,Pubilla Cases,525,03-11,31,31,62
2001,5,Districte V,10,Pubilla Cases,523,50-64,130,116,246
2001,4,Districte IV,7,la Florida,412,16-17,22,14,36
2002,2,Districte II,5,Collblanc,205,75 i +,41,24,65
1996,5,Districte V,10,Pubilla Cases,533,12-15,12,15,27
2005,2,Districte II,4,la Torrassa,229,18-24,30,42,72
1997,2,Districte II,4,la Torrassa,245,18-24,30,63,93
2006,6,Districte VI,12,Bellvitge,615,50-64,135,84,219
2005,6,Districte VI,11,el Gornal,629,00-02,11,7,18
2000,4,Districte IV,8,les Planes,434,25-34,34,37,71
1997,2,Districte II,5,Collblanc,221,03-11,34,46,80
2003,6,Districte VI,12,Bellvitge,601,03-11,40,46,86
2007,2,Districte II,5,Collblanc,227,18-24,18,13,31
2007,5,Districte V,10,Pubilla Cases,510,50-64,83,91,174
2000,6,Districte VI,12,Bellvitge,628,35-49,111,79,190
2011,2,Districte II,4,la Torrassa,228,00-02,11,17,28
2005,1,Districte I,3,Sant Josep,106,00-02,32,17,49
2011,6,Districte VI,12,Bellvitge,620,12-15,6,15,21
2015,2,Districte II,5,Collblanc,201,25-34,169,151,320
2006,4,Districte IV,8,les Planes,433,25-34,139,167,306
2013,1,Districte I,1,Centre,111,03-11,33,32,65
2004,4,Districte IV,7,la Florida,413,75 i +,38,21,59
2008,1,Districte I,3,Sant Josep,126,18-24,34,23,57
2007,4,Districte IV,7,la Florida,422,16-17,11,9,20
2013,3,Districte III,6,Santa Eulàlia,322,25-34,100,81,181
1995,4,Districte IV,8,les Planes,419,12-15,13,21,34
1997,6,Districte VI,12,Bellvitge,625,12-15,55,50,105
2004,1,Districte I,1,Centre,131,00-02,13,22,35
2013,1,Districte I,3,Sant Josep,122,75 i +,58,46,104
1994,2,Districte II,4,la Torrassa,245,12-15,24,20,44
2003,1,Districte I,1,Centre,131,25-34,119,154,273
1994,4,Districte IV,8,les Planes,437,18-24,56,61,117
2003,4,Districte IV,7,la Florida,427,35-49,93,106,199
2007,2,Districte II,5,Collblanc,244,35-49,90,99,189
2002,4,Districte IV,7,la Florida,425,18-24,38,44,82
1994,2,Districte II,5,Collblanc,213,50-64,103,94,197
2013,5,Districte V,10,Pubilla Cases,537,03-11,52,43,95
2014,4,Districte IV,7,la Florida,411,16-17,6,5,11
2002,6,Districte VI,11,el Gornal,608,18-24,43,48,91
2005,2,Districte II,4,la Torrassa,229,35-49,98,98,196
1994,4,Districte IV,8,les Planes,420,35-49,94,93,187
2015,1,Districte I,1,Centre,102,03-11,59,59,118
2000,5,Districte V,10,Pubilla Cases,527,50-64,76,74,150
2008,2,Districte II,4,la Torrassa,245,03-11,45,42,87
1995,5,Districte V,10,Pubilla Cases,520,25-34,70,68,138
1997,5,Districte V,10,Pubilla Cases,517,25-34,112,117,229
2012,6,Districte VI,12,Bellvitge,619,25-34,61,87,148
2009,5,Districte V,10,Pubilla Cases,522,35-49,101,118,219
2011,1,Districte I,1,Centre,111,03-11,29,39,68
2009,2,Districte II,5,Collblanc,212,65-74,71,51,122
2002,2,Districte II,5,Collblanc,204,50-64,37,39,76
2012,1,Districte I,1,Centre,104,65-74,46,33,79
2015,1,Districte I,2,Sanfeliu,129,12-15,11,28,39
2004,3,Districte III,6,Santa Eulàlia,324,50-64,68,77,145
2007,1,Districte I,1,Centre,123,50-64,111,106,217
2015,1,Districte I,1,Centre,110,65-74,115,91,206
1996,3,Districte III,6,Santa Eulàlia,310,18-24,42,55,97
2010,5,Districte V,10,Pubilla Cases,510,25-34,83,95,178
2001,4,Districte IV,8,les Planes,437,16-17,8,9,17
1996,5,Districte V,10,Pubilla Cases,534,12-15,12,18,30
2009,1,Districte I,1,Centre,109,50-64,124,121,245
2001,4,Districte IV,7,la Florida,412,65-74,96,100,196
2000,4,Districte IV,7,la Florida,413,35-49,47,59,106
2008,2,Districte II,4,la Torrassa,232,16-17,7,5,12
1999,2,Districte II,5,Collblanc,204,00-02,4,4,8
2016,1,Districte I,1,Centre,131,25-34,76,73,149
2001,5,Districte V,9,Can Serra,507,12-15,18,18,36
2016,1,Districte I,3,Sant Josep,136,75 i +,71,40,111
2007,4,Districte IV,8,les Planes,442,50-64,47,42,89
2003,4,Districte IV,7,la Florida,426,65-74,45,36,81
2003,4,Districte IV,8,les Planes,436,35-49,86,110,196
1998,1,Districte I,3,Sant Josep,121,03-11,34,24,58
2008,4,Districte IV,7,la Florida,402,50-64,64,67,131
2004,2,Districte II,5,Collblanc,205,50-64,92,78,170
2010,3,Districte III,6,Santa Eulàlia,309,12-15,13,22,35
2015,4,Districte IV,8,les Planes,418,25-34,79,95,174
2012,4,Districte IV,8,les Planes,429,35-49,54,64,118
1998,2,Districte II,4,la Torrassa,237,50-64,137,125,262
2006,4,Districte IV,7,la Florida,423,35-49,106,124,230
2010,1,Districte I,3,Sant Josep,121,03-11,28,35,63
2009,5,Districte V,10,Pubilla Cases,518,00-02,15,17,32
2006,5,Districte V,10,Pubilla Cases,534,75 i +,56,35,91
2015,5,Districte V,9,Can Serra,504,00-02,15,14,29
1997,2,Districte II,5,Collblanc,225,65-74,56,34,90
2006,2,Districte II,4,la Torrassa,230,03-11,38,34,72
1995,2,Districte II,5,Collblanc,222,18-24,39,71,110
1996,5,Districte V,10,Pubilla Cases,527,75 i +,45,22,67
1994,3,Districte III,6,Santa Eulàlia,309,12-15,26,22,48
2008,4,Districte IV,8,les Planes,401,16-17,16,11,27
2010,5,Districte V,10,Pubilla Cases,525,12-15,16,20,36
2000,4,Districte IV,8,les Planes,437,18-24,44,41,85
2007,4,Districte IV,7,la Florida,410,75 i +,113,99,212
2014,4,Districte IV,7,la Florida,421,16-17,9,9,18
2011,6,Districte VI,11,el Gornal,629,65-74,38,26,64
2002,4,Districte IV,7,la Florida,432,18-24,73,74,147
2013,2,Districte II,4,la Torrassa,248,50-64,94,101,195
2001,2,Districte II,5,Collblanc,208,18-24,62,68,130
2002,1,Districte I,3,Sant Josep,126,75 i +,46,26,72
2011,2,Districte II,4,la Torrassa,245,35-49,153,157,310
2012,2,Districte II,4,la Torrassa,211,00-02,14,25,39
1998,6,Districte VI,11,el Gornal,616,16-17,37,38,75
1994,2,Districte II,5,Collblanc,223,18-24,74,72,146
1997,2,Districte II,4,la Torrassa,236,12-15,15,16,31
2003,1,Districte I,1,Centre,104,16-17,8,5,13
2004,4,Districte IV,8,les Planes,438,50-64,83,70,153
2009,5,Districte V,9,Can Serra,521,18-24,34,26,60
1996,2,Districte II,5,Collblanc,227,16-17,8,4,12
1996,4,Districte IV,7,la Florida,417,50-64,68,59,127
2016,1,Districte I,1,Centre,134,00-02,17,18,35
1994,4,Districte IV,7,la Florida,431,25-34,138,135,273
1996,3,Districte III,6,Santa Eulàlia,307,65-74,69,61,130
2002,4,Districte IV,7,la Florida,402,00-02,5,11,16
2004,2,Districte II,5,Collblanc,209,25-34,84,80,164
1995,6,Districte VI,12,Bellvitge,607,18-24,77,80,157
2001,4,Districte IV,8,les Planes,418,03-11,33,41,74
2000,5,Districte V,10,Pubilla Cases,515,03-11,17,22,39
2014,2,Districte II,4,la Torrassa,228,16-17,20,23,43
2009,2,Districte II,5,Collblanc,206,16-17,9,13,22
2005,2,Districte II,4,la Torrassa,234,16-17,6,10,16
2006,1,Districte I,3,Sant Josep,140,16-17,7,3,10
2007,4,Districte IV,7,la Florida,412,03-11,65,41,106
1995,2,Districte II,5,Collblanc,205,12-15,26,24,50
2009,2,Districte II,4,la Torrassa,231,65-74,60,37,97
2009,6,Districte VI,12,Bellvitge,605,03-11,26,22,48
2003,5,Districte V,10,Pubilla Cases,524,00-02,19,13,32
1997,6,Districte VI,12,Bellvitge,611,65-74,76,64,140
2001,5,Districte V,9,Can Serra,503,65-74,30,21,51
2002,3,Districte III,6,Santa Eulàlia,313,75 i +,69,32,101
2009,4,Districte IV,7,la Florida,410,35-49,176,167,343
2010,5,Districte V,10,Pubilla Cases,528,12-15,25,22,47
2008,6,Districte VI,12,Bellvitge,607,75 i +,46,34,80
1995,2,Districte II,5,Collblanc,244,25-34,56,58,114
2007,6,Districte VI,12,Bellvitge,601,16-17,16,14,30
2005,6,Districte VI,12,Bellvitge,627,65-74,37,36,73
1999,4,Districte IV,8,les Planes,438,65-74,40,37,77
1998,3,Districte III,6,Santa Eulàlia,322,50-64,96,100,196
2016,3,Districte III,6,Santa Eulàlia,324,03-11,57,60,117
2006,3,Districte III,6,Santa Eulàlia,315,16-17,13,21,34
2015,6,Districte VI,12,Bellvitge,623,00-02,13,17,30
2016,5,Districte V,10,Pubilla Cases,533,16-17,23,13,36
1997,3,Districte III,6,Santa Eulàlia,321,12-15,58,57,115
1998,6,Districte VI,11,el Gornal,608,12-15,22,27,49
2015,2,Districte II,5,Collblanc,226,50-64,161,137,298
2000,6,Districte VI,12,Bellvitge,619,12-15,24,34,58
2005,2,Districte II,4,la Torrassa,211,75 i +,85,43,128
1999,4,Districte IV,7,la Florida,407,50-64,98,83,181
2013,2,Districte II,4,la Torrassa,249,25-34,91,88,179
2012,6,Districte VI,12,Bellvitge,611,12-15,23,30,53
2005,1,Districte I,3,Sant Josep,138,03-11,31,19,50
2006,2,Districte II,5,Collblanc,205,75 i +,63,34,97
1999,4,Districte IV,8,les Planes,441,25-34,120,134,254
2008,4,Districte IV,7,la Florida,424,35-49,75,87,162
1999,4,Districte IV,7,la Florida,405,75 i +,29,21,50
1999,4,Districte IV,7,la Florida,432,00-02,5,12,17
2016,4,Districte IV,8,les Planes,433,12-15,36,38,74
2003,1,Districte I,1,Centre,124,65-74,47,46,93
2011,6,Districte VI,12,Bellvitge,614,65-74,80,75,155
2004,2,Districte II,5,Collblanc,203,65-74,44,39,83
1999,5,Districte V,10,Pubilla Cases,519,75 i +,15,14,29
2003,2,Districte II,5,Collblanc,215,35-49,90,99,189
1999,1,Districte I,1,Centre,103,18-24,42,41,83
2003,6,Districte VI,12,Bellvitge,609,65-74,47,41,88
2004,6,Districte VI,11,el Gornal,617,00-02,8,16,24
1997,1,Districte I,3,Sant Josep,139,16-17,19,9,28
2002,2,Districte II,5,Collblanc,220,12-15,8,12,20
2001,5,Districte V,10,Pubilla Cases,513,65-74,55,51,106
1997,1,Districte I,1,Centre,105,75 i +,38,29,67
2004,1,Districte I,3,Sant Josep,140,35-49,91,97,188
2012,5,Districte V,10,Pubilla Cases,532,18-24,53,39,92
1994,4,Districte IV,8,les Planes,401,16-17,14,25,39
2010,1,Districte I,1,Centre,133,16-17,3,9,12
2012,4,Districte IV,7,la Florida,406,00-02,18,10,28
2001,6,Districte VI,12,Bellvitge,615,18-24,48,45,93
2009,6,Districte VI,12,Bellvitge,631,50-64,134,98,232
2007,2,Districte II,4,la Torrassa,248,12-15,32,21,53
1997,1,Districte I,3,Sant Josep,119,00-02,7,14,21
2001,6,Districte VI,12,Bellvitge,627,18-24,97,79,176
1998,5,Districte V,10,Pubilla Cases,538,12-15,18,17,35
1997,6,Districte VI,12,Bellvitge,628,65-74,46,37,83
2001,5,Districte V,10,Pubilla Cases,528,18-24,43,60,103
2002,2,Districte II,5,Collblanc,206,12-15,15,12,27
2000,1,Districte I,3,Sant Josep,138,65-74,35,34,69
2009,5,Districte V,9,Can Serra,521,35-49,88,103,191
2006,5,Districte V,10,Pubilla Cases,527,03-11,60,35,95
2008,2,Districte II,5,Collblanc,203,12-15,13,18,31
2015,3,Districte III,6,Santa Eulàlia,308,25-34,103,99,202
2009,4,Districte IV,7,la Florida,406,65-74,82,55,137
2004,1,Districte I,1,Centre,135,16-17,22,14,36
2008,1,Districte I,3,Sant Josep,139,03-11,27,46,73
2001,5,Districte V,9,Can Serra,504,50-64,153,140,293
1998,2,Districte II,4,la Torrassa,228,25-34,67,59,126
1998,6,Districte VI,11,el Gornal,608,18-24,62,81,143
2003,6,Districte VI,12,Bellvitge,615,25-34,87,107,194
2004,4,Districte IV,7,la Florida,426,00-02,18,20,38
1997,5,Districte V,10,Pubilla Cases,538,03-11,28,36,64
1999,4,Districte IV,7,la Florida,410,65-74,117,110,227
2012,5,Districte V,10,Pubilla Cases,533,35-49,127,137,264
1995,4,Districte IV,7,la Florida,428,35-49,36,43,79
2011,2,Districte II,4,la Torrassa,218,16-17,10,3,13
1996,6,Districte VI,12,Bellvitge,610,35-49,136,80,216
2006,5,Districte V,10,Pubilla Cases,520,25-34,66,78,144
1996,5,Districte V,9,Can Serra,501,16-17,23,26,49
1996,6,Districte VI,12,Bellvitge,611,18-24,123,129,252
2009,1,Districte I,3,Sant Josep,119,25-34,95,99,194
1997,3,Districte III,6,Santa Eulàlia,312,16-17,15,11,26
1998,1,Districte I,1,Centre,108,18-24,50,67,117
2012,1,Districte I,1,Centre,128,50-64,88,70,158
1995,4,Districte IV,7,la Florida,406,50-64,140,135,275
2009,2,Districte II,5,Collblanc,210,25-34,67,67,134
1995,4,Districte IV,7,la Florida,431,75 i +,59,35,94
2004,2,Districte II,4,la Torrassa,218,35-49,89,92,181
2012,1,Districte I,1,Centre,124,12-15,11,12,23
2015,2,Districte II,5,Collblanc,202,65-74,70,61,131
1994,2,Districte II,5,Collblanc,222,25-34,68,72,140
1995,1,Districte I,1,Centre,103,65-74,42,36,78
2011,4,Districte IV,8,les Planes,419,75 i +,44,33,77
2000,1,Districte I,3,Sant Josep,140,35-49,78,79,157
1995,5,Districte V,10,Pubilla Cases,532,18-24,110,109,219
1996,2,Districte II,4,la Torrassa,249,03-11,29,27,56
1997,1,Districte I,3,Sant Josep,137,50-64,109,115,224
2010,4,Districte IV,7,la Florida,416,16-17,7,8,15
2015,2,Districte II,5,Collblanc,214,35-49,316,297,613
1999,4,Districte IV,7,la Florida,426,12-15,11,14,25
2002,3,Districte III,6,Santa Eulàlia,325,65-74,129,102,231
2006,1,Districte I,1,Centre,108,18-24,44,46,90
2014,5,Districte V,9,Can Serra,501,03-11,23,42,65
2013,5,Districte V,9,Can Serra,502,25-34,115,109,224
2013,4,Districte IV,7,la Florida,412,50-64,162,152,314
2005,2,Districte II,5,Collblanc,213,65-74,52,46,98
1996,2,Districte II,4,la Torrassa,229,18-24,32,37,69
2001,3,Districte III,6,Santa Eulàlia,325,75 i +,135,69,204
2011,1,Districte I,1,Centre,124,12-15,10,12,22
1996,4,Districte IV,7,la Florida,426,12-15,10,18,28
2002,3,Districte III,6,Santa Eulàlia,322,18-24,72,56,128
2003,6,Districte VI,11,el Gornal,632,75 i +,30,14,44
2007,5,Districte V,10,Pubilla Cases,512,65-74,64,57,121
2009,2,Districte II,5,Collblanc,221,03-11,41,39,80
1995,5,Districte V,10,Pubilla Cases,522,65-74,40,35,75
2012,6,Districte VI,12,Bellvitge,603,16-17,8,8,16
2010,4,Districte IV,7,la Florida,415,00-02,21,26,47
1997,4,Districte IV,8,les Planes,418,75 i +,55,38,93
2006,5,Districte V,10,Pubilla Cases,513,00-02,10,12,22
2014,6,Districte VI,12,Bellvitge,624,50-64,88,56,144
1997,1,Districte I,3,Sant Josep,138,12-15,20,35,55
1994,4,Districte IV,7,la Florida,422,03-11,36,41,77
1994,4,Districte IV,8,les Planes,439,75 i +,45,22,67
1998,1,Districte I,3,Sant Josep,114,00-02,21,21,42
2007,3,Districte III,6,Santa Eulàlia,303,75 i +,94,75,169
2001,1,Districte I,3,Sant Josep,138,18-24,48,57,105
2016,1,Districte I,1,Centre,128,25-34,69,78,147
1994,5,Districte V,9,Can Serra,501,75 i +,21,8,29
2003,5,Districte V,10,Pubilla Cases,530,65-74,111,79,190
1998,5,Districte V,10,Pubilla Cases,525,25-34,82,79,161
2015,3,Districte III,6,Santa Eulàlia,316,03-11,61,63,124
1994,1,Districte I,3,Sant Josep,122,65-74,42,35,77
2010,4,Districte IV,7,la Florida,424,65-74,34,23,57
2007,5,Districte V,10,Pubilla Cases,532,18-24,69,57,126
2013,5,Districte V,10,Pubilla Cases,523,35-49,170,176,346
2001,1,Districte I,2,Sanfeliu,132,50-64,177,211,388
1998,1,Districte I,1,Centre,124,25-34,54,63,117
2005,4,Districte IV,7,la Florida,422,75 i +,73,49,122
2008,5,Districte V,10,Pubilla Cases,519,18-24,38,33,71
1999,2,Districte II,4,la Torrassa,231,18-24,45,54,99
2016,3,Districte III,6,Santa Eulàlia,322,03-11,74,65,139
1995,6,Districte VI,11,el Gornal,626,50-64,133,123,256
2006,5,Districte V,10,Pubilla Cases,538,16-17,10,12,22
1997,3,Districte III,6,Santa Eulàlia,316,65-74,37,31,68
2002,4,Districte IV,7,la Florida,426,16-17,11,10,21
2001,3,Districte III,6,Santa Eulàlia,308,00-02,22,33,55
2003,2,Districte II,5,Collblanc,219,16-17,19,11,30
2009,4,Districte IV,7,la Florida,428,12-15,9,10,19
1995,5,Districte V,10,Pubilla Cases,517,00-02,12,13,25
2004,1,Districte I,3,Sant Josep,127,03-11,25,26,51
2005,5,Districte V,10,Pubilla Cases,509,18-24,48,40,88
1997,6,Districte VI,12,Bellvitge,624,03-11,34,43,77
2004,4,Districte IV,7,la Florida,421,25-34,104,119,223
2007,6,Districte VI,12,Bellvitge,631,00-02,14,11,25
2011,6,Districte VI,12,Bellvitge,615,03-11,40,25,65
2012,2,Districte II,4,la Torrassa,247,65-74,53,44,97
2011,4,Districte IV,7,la Florida,404,65-74,74,45,119
2007,4,Districte IV,8,les Planes,437,00-02,19,11,30
2011,5,Districte V,9,Can Serra,502,25-34,133,149,282
1996,2,Districte II,5,Collblanc,225,35-49,53,38,91
1998,3,Districte III,6,Santa Eulàlia,315,00-02,13,19,32
2009,4,Districte IV,8,les Planes,436,75 i +,33,22,55
2009,3,Districte III,6,Santa Eulàlia,324,18-24,42,55,97
2013,4,Districte IV,7,la Florida,410,25-34,111,102,213
2006,2,Districte II,5,Collblanc,227,25-34,69,64,133
2003,2,Districte II,4,la Torrassa,233,35-49,95,95,190
1999,6,Districte VI,12,Bellvitge,628,35-49,113,79,192
1994,6,Districte VI,12,Bellvitge,607,00-02,11,12,23
2002,2,Districte II,4,la Torrassa,218,75 i +,39,16,55
2009,6,Districte VI,12,Bellvitge,620,25-34,42,45,87
1996,1,Districte I,1,Centre,101,25-34,98,106,204
1998,4,Districte IV,7,la Florida,403,65-74,65,55,120
2001,1,Districte I,1,Centre,102,65-74,97,75,172
2010,6,Districte VI,12,Bellvitge,606,00-02,19,19,38
2011,3,Districte III,6,Santa Eulàlia,312,25-34,182,174,356
2012,2,Districte II,4,la Torrassa,240,50-64,58,51,109
2016,1,Districte I,1,Centre,134,03-11,60,53,113
2007,4,Districte IV,8,les Planes,418,65-74,75,61,136
2010,6,Districte VI,12,Bellvitge,605,03-11,23,24,47
2013,4,Districte IV,7,la Florida,414,18-24,66,71,137
2011,5,Districte V,10,Pubilla Cases,525,03-11,41,44,85
2013,2,Districte II,5,Collblanc,202,03-11,75,80,155
2016,4,Districte IV,8,les Planes,420,35-49,225,284,509
2015,4,Districte IV,7,la Florida,431,03-11,88,85,173
1998,5,Districte V,10,Pubilla Cases,511,65-74,61,52,113
1995,3,Districte III,6,Santa Eulàlia,312,12-15,17,26,43
2016,3,Districte III,6,Santa Eulàlia,318,00-02,8,13,21
1996,1,Districte I,2,Sanfeliu,132,25-34,154,178,332
1999,2,Districte II,4,la Torrassa,234,25-34,73,78,151
1996,2,Districte II,5,Collblanc,220,75 i +,35,18,53
1998,5,Districte V,10,Pubilla Cases,522,75 i +,31,24,55
1994,6,Districte VI,12,Bellvitge,625,25-34,84,81,165
2009,2,Districte II,4,la Torrassa,242,18-24,36,53,89
1994,1,Districte I,1,Centre,103,16-17,14,11,25
1999,1,Districte I,1,Centre,124,75 i +,32,22,54
1997,5,Districte V,10,Pubilla Cases,528,18-24,70,84,154
2010,4,Districte IV,7,la Florida,406,18-24,72,55,127
2012,4,Districte IV,8,les Planes,401,50-64,117,94,211
2002,3,Districte III,6,Santa Eulàlia,321,16-17,22,30,52
2003,2,Districte II,4,la Torrassa,233,25-34,77,100,177
2010,5,Districte V,10,Pubilla Cases,533,35-49,121,154,275
2005,6,Districte VI,11,el Gornal,622,50-64,93,87,180
2001,6,Districte VI,12,Bellvitge,611,16-17,16,11,27
1996,5,Districte V,10,Pubilla Cases,518,50-64,138,125,263
2011,5,Districte V,10,Pubilla Cases,527,75 i +,57,28,85
1998,1,Districte I,1,Centre,123,65-74,82,70,152
2000,4,Districte IV,8,les Planes,441,25-34,128,152,280
2014,4,Districte IV,7,la Florida,410,18-24,54,68,122
1996,6,Districte VI,12,Bellvitge,623,25-34,111,109,220
2000,2,Districte II,4,la Torrassa,228,50-64,64,58,122
2005,2,Districte II,5,Collblanc,223,75 i +,69,38,107
2008,6,Districte VI,11,el Gornal,632,16-17,4,12,16
1994,3,Districte III,6,Santa Eulàlia,314,16-17,42,47,89
2005,5,Districte V,10,Pubilla Cases,508,03-11,20,20,40
2006,3,Districte III,6,Santa Eulàlia,319,35-49,198,208,406
2008,4,Districte IV,7,la Florida,416,16-17,9,4,13
2000,3,Districte III,6,Santa Eulàlia,309,16-17,5,6,11
2008,4,Districte IV,8,les Planes,429,16-17,8,3,11
2000,6,Districte VI,12,Bellvitge,624,65-74,45,37,82
1996,6,Districte VI,12,Bellvitge,630,18-24,82,79,161
1994,3,Districte III,6,Santa Eulàlia,307,75 i +,35,22,57
2012,1,Districte I,1,Centre,105,18-24,45,57,102
2007,5,Districte V,10,Pubilla Cases,509,25-34,85,102,187
2008,4,Districte IV,7,la Florida,408,16-17,13,7,20
2012,2,Districte II,4,la Torrassa,230,35-49,131,133,264
2003,4,Districte IV,8,les Planes,434,00-02,8,8,16
2005,1,Districte I,1,Centre,110,16-17,9,7,16
1999,1,Districte I,3,Sant Josep,114,16-17,22,17,39
2011,3,Districte III,6,Santa Eulàlia,321,65-74,108,109,217
2002,2,Districte II,4,la Torrassa,228,75 i +,45,21,66
2003,5,Districte V,10,Pubilla Cases,531,12-15,15,14,29
1998,6,Districte VI,12,Bellvitge,603,18-24,41,60,101
2005,6,Districte VI,11,el Gornal,632,12-15,12,19,31
1996,1,Districte I,3,Sant Josep,139,12-15,26,24,50
2009,2,Districte II,5,Collblanc,226,18-24,56,59,115
2008,6,Districte VI,12,Bellvitge,625,35-49,117,126,243
2013,1,Districte I,3,Sant Josep,119,75 i +,93,51,144
2004,5,Districte V,9,Can Serra,502,25-34,151,159,310
2000,5,Districte V,10,Pubilla Cases,537,35-49,116,122,238
2016,2,Districte II,4,la Torrassa,229,50-64,158,150,308
2006,5,Districte V,10,Pubilla Cases,537,25-34,113,125,238
2007,3,Districte III,6,Santa Eulàlia,319,03-11,83,81,164
1995,2,Districte II,4,la Torrassa,245,18-24,46,67,113
2013,2,Districte II,4,la Torrassa,240,18-24,71,70,141
2011,4,Districte IV,8,les Planes,440,50-64,91,79,170
1995,6,Districte VI,12,Bellvitge,615,75 i +,25,10,35
2011,6,Districte VI,12,Bellvitge,601,00-02,20,24,44
2001,6,Districte VI,12,Bellvitge,609,12-15,11,14,25
2009,1,Districte I,1,Centre,111,00-02,10,9,19
2016,2,Districte II,4,la Torrassa,249,03-11,38,52,90
2003,5,Districte V,9,Can Serra,535,50-64,142,133,275
2001,5,Districte V,9,Can Serra,504,25-34,118,123,241
2009,1,Districte I,3,Sant Josep,117,25-34,147,182,329
2006,6,Districte VI,12,Bellvitge,614,35-49,94,100,194
2006,2,Districte II,5,Collblanc,204,50-64,43,32,75
1996,4,Districte IV,8,les Planes,436,18-24,54,47,101
2006,1,Districte I,3,Sant Josep,115,00-02,13,18,31
2010,2,Districte II,5,Collblanc,204,65-74,25,17,42
2011,4,Districte IV,8,les Planes,440,35-49,114,116,230
1995,5,Districte V,9,Can Serra,521,65-74,46,44,90
2002,1,Districte I,3,Sant Josep,120,75 i +,51,23,74
2003,4,Districte IV,8,les Planes,440,12-15,5,11,16
2012,6,Districte VI,12,Bellvitge,618,35-49,73,71,144
1999,5,Districte V,10,Pubilla Cases,520,12-15,16,19,35
2015,1,Districte I,3,Sant Josep,106,03-11,56,60,116
1994,6,Districte VI,11,el Gornal,622,18-24,82,78,160
2012,1,Districte I,1,Centre,113,35-49,181,184,365
2004,4,Districte IV,8,les Planes,435,25-34,85,103,188
2007,1,Districte I,3,Sant Josep,119,12-15,12,14,26
2008,2,Districte II,4,la Torrassa,236,00-02,13,21,34
2006,2,Districte II,4,la Torrassa,246,16-17,9,14,23
2000,2,Districte II,5,Collblanc,204,16-17,2,6,8
1995,4,Districte IV,7,la Florida,411,25-34,79,79,158
2002,2,Districte II,4,la Torrassa,232,18-24,44,59,103
2007,5,Districte V,10,Pubilla Cases,534,50-64,83,75,158
2016,4,Districte IV,8,les Planes,419,65-74,78,55,133
2014,6,Districte VI,11,el Gornal,622,75 i +,36,14,50
1994,1,Districte I,1,Centre,130,25-34,81,101,182
1999,2,Districte II,4,la Torrassa,236,50-64,110,92,202
2010,3,Districte III,6,Santa Eulàlia,316,18-24,110,109,219
2012,5,Districte V,10,Pubilla Cases,524,65-74,54,38,92
1995,2,Districte II,5,Collblanc,224,25-34,53,61,114
2016,6,Districte VI,12,Bellvitge,615,65-74,102,56,158
1995,1,Districte I,1,Centre,105,12-15,39,40,79
2002,1,Districte I,3,Sant Josep,140,50-64,105,98,203
2014,1,Districte I,3,Sant Josep,136,35-49,167,173,340
1995,3,Districte III,6,Santa Eulàlia,312,35-49,132,109,241
2009,4,Districte IV,7,la Florida,422,50-64,77,81,158
2006,1,Districte I,3,Sant Josep,117,25-34,147,177,324
1996,5,Districte V,10,Pubilla Cases,525,50-64,98,87,185
1997,1,Districte I,3,Sant Josep,138,65-74,30,31,61
2005,5,Districte V,10,Pubilla Cases,529,35-49,140,133,273
1996,5,Districte V,9,Can Serra,521,00-02,7,8,15
2004,1,Districte I,3,Sant Josep,125,12-15,30,21,51
1996,2,Districte II,4,la Torrassa,241,75 i +,43,24,67
2007,1,Districte I,1,Centre,131,75 i +,63,41,104
1994,2,Districte II,4,la Torrassa,230,50-64,93,95,188
1995,2,Districte II,5,Collblanc,224,12-15,8,9,17
1997,2,Districte II,5,Collblanc,214,16-17,8,3,11
2010,5,Districte V,10,Pubilla Cases,509,50-64,59,58,117
2005,5,Districte V,10,Pubilla Cases,508,18-24,32,30,62
2002,1,Districte I,3,Sant Josep,122,16-17,6,2,8
2006,3,Districte III,6,Santa Eulàlia,322,65-74,53,47,100
2006,1,Districte I,3,Sant Josep,119,35-49,117,115,232
2008,5,Districte V,10,Pubilla Cases,516,00-02,12,9,21
2012,3,Districte III,6,Santa Eulàlia,313,25-34,124,123,247
1995,2,Districte II,5,Collblanc,222,12-15,24,21,45
2007,1,Districte I,3,Sant Josep,119,00-02,14,13,27
2000,1,Districte I,3,Sant Josep,126,35-49,63,55,118
2016,2,Districte II,4,la Torrassa,211,65-74,43,37,80
2000,4,Districte IV,7,la Florida,412,75 i +,62,41,103
2013,6,Districte VI,12,Bellvitge,623,00-02,9,16,25
2004,5,Districte V,10,Pubilla Cases,522,00-02,22,14,36
2005,2,Districte II,5,Collblanc,202,50-64,60,60,120
2000,6,Districte VI,12,Bellvitge,621,75 i +,28,17,45
1999,5,Districte V,9,Can Serra,503,12-15,28,19,47
2003,2,Districte II,5,Collblanc,201,65-74,47,54,101
1996,4,Districte IV,7,la Florida,404,65-74,60,58,118
2006,1,Districte I,1,Centre,111,25-34,78,86,164
2004,5,Districte V,10,Pubilla Cases,513,75 i +,43,21,64
2011,5,Districte V,10,Pubilla Cases,517,35-49,160,210,370
2013,4,Districte IV,7,la Florida,407,75 i +,94,51,145
2003,6,Districte VI,12,Bellvitge,609,12-15,15,10,25
1994,5,Districte V,9,Can Serra,506,03-11,88,103,191
1997,1,Districte I,1,Centre,131,35-49,193,172,365
2016,1,Districte I,3,Sant Josep,115,65-74,84,75,159
2007,3,Districte III,6,Santa Eulàlia,317,50-64,61,74,135
2002,3,Districte III,6,Santa Eulàlia,310,16-17,19,16,35
1998,1,Districte I,3,Sant Josep,117,75 i +,52,23,75
2007,6,Districte VI,12,Bellvitge,627,16-17,4,8,12
2015,3,Districte III,6,Santa Eulàlia,301,00-02,40,45,85
2006,2,Districte II,5,Collblanc,220,00-02,14,12,26
1996,5,Districte V,10,Pubilla Cases,513,03-11,18,22,40
1994,1,Districte I,1,Centre,113,35-49,184,182,366
1997,5,Districte V,10,Pubilla Cases,523,16-17,15,18,33
2011,2,Districte II,4,la Torrassa,218,50-64,74,68,142
2012,5,Districte V,10,Pubilla Cases,523,03-11,50,49,99
1998,1,Districte I,1,Centre,101,00-02,13,20,33
2000,2,Districte II,4,la Torrassa,246,35-49,90,103,193
2008,4,Districte IV,8,les Planes,419,50-64,60,56,116
2008,2,Districte II,5,Collblanc,209,65-74,56,45,101
1996,6,Districte VI,12,Bellvitge,611,35-49,112,110,222
2009,3,Districte III,6,Santa Eulàlia,323,75 i +,82,29,111
2001,5,Districte V,10,Pubilla Cases,519,65-74,45,42,87
1997,3,Districte III,6,Santa Eulàlia,313,12-15,58,50,108
1996,2,Districte II,5,Collblanc,212,75 i +,56,31,87
1994,4,Districte IV,8,les Planes,440,50-64,142,162,304
2004,3,Districte III,6,Santa Eulàlia,302,00-02,7,20,27
1994,4,Districte IV,8,les Planes,438,25-34,78,83,161
2005,5,Districte V,9,Can Serra,506,12-15,34,45,79
1999,4,Districte IV,8,les Planes,429,50-64,49,60,109
2001,3,Districte III,6,Santa Eulàlia,321,25-34,174,187,361
1999,3,Districte III,6,Santa Eulàlia,318,18-24,47,51,98
2010,5,Districte V,10,Pubilla Cases,526,25-34,74,77,151
2013,4,Districte IV,7,la Florida,431,12-15,29,32,61
2016,6,Districte VI,12,Bellvitge,623,25-34,51,62,113
2007,2,Districte II,5,Collblanc,225,03-11,12,14,26
1999,4,Districte IV,8,les Planes,418,35-49,91,102,193
2000,5,Districte V,10,Pubilla Cases,514,00-02,6,7,13
1998,1,Districte I,3,Sant Josep,136,25-34,98,89,187
2004,1,Districte I,1,Centre,110,16-17,13,10,23
2004,2,Districte II,5,Collblanc,216,18-24,68,60,128
2005,1,Districte I,3,Sant Josep,139,35-49,85,118,203
2004,4,Districte IV,8,les Planes,420,25-34,131,186,317
2010,4,Districte IV,7,la Florida,416,03-11,42,48,90
2000,6,Districte VI,11,el Gornal,617,12-15,21,17,38
1997,5,Districte V,10,Pubilla Cases,526,75 i +,29,17,46
2012,2,Districte II,4,la Torrassa,241,65-74,31,24,55
2002,3,Districte III,6,Santa Eulàlia,324,18-24,46,45,91
1995,4,Districte IV,7,la Florida,414,35-49,84,77,161
2008,2,Districte II,4,la Torrassa,246,35-49,118,171,289
1999,5,Districte V,10,Pubilla Cases,527,00-02,12,19,31
2014,1,Districte I,3,Sant Josep,125,65-74,92,89,181
2014,4,Districte IV,8,les Planes,435,35-49,111,163,274
1996,4,Districte IV,7,la Florida,402,12-15,11,19,30
1997,5,Districte V,10,Pubilla Cases,516,03-11,18,13,31
2000,2,Districte II,5,Collblanc,213,65-74,60,41,101
1999,2,Districte II,4,la Torrassa,242,03-11,30,30,60
2004,5,Districte V,9,Can Serra,504,65-74,86,87,173
1995,4,Districte IV,8,les Planes,436,65-74,32,32,64
2011,3,Districte III,6,Santa Eulàlia,311,25-34,114,128,242
1999,6,Districte VI,12,Bellvitge,611,16-17,13,13,26
2014,1,Districte I,2,Sanfeliu,132,12-15,33,30,63
2012,4,Districte IV,7,la Florida,421,03-11,53,49,102
2011,6,Districte VI,12,Bellvitge,619,75 i +,82,66,148
1997,2,Districte II,5,Collblanc,204,50-64,53,49,102
1998,3,Districte III,6,Santa Eulàlia,314,75 i +,66,32,98
2011,1,Districte I,3,Sant Josep,138,50-64,101,95,196
2015,6,Districte VI,12,Bellvitge,619,18-24,29,37,66
2006,1,Districte I,3,Sant Josep,125,35-49,145,188,333
1996,2,Districte II,5,Collblanc,202,75 i +,27,17,44
2005,5,Districte V,10,Pubilla Cases,534,03-11,34,37,71
1996,6,Districte VI,11,el Gornal,626,16-17,15,13,28
2004,5,Districte V,10,Pubilla Cases,525,00-02,11,6,17
2002,1,Districte I,2,Sanfeliu,132,75 i +,68,33,101
2016,3,Districte III,6,Santa Eulàlia,304,75 i +,117,59,176
2005,6,Districte VI,12,Bellvitge,615,00-02,9,6,15
2012,2,Districte II,5,Collblanc,207,18-24,26,25,51
2009,5,Districte V,10,Pubilla Cases,519,16-17,5,11,16
2005,5,Districte V,10,Pubilla Cases,532,50-64,126,99,225
2001,6,Districte VI,12,Bellvitge,609,25-34,82,106,188
2004,6,Districte VI,12,Bellvitge,603,50-64,78,61,139
2001,3,Districte III,6,Santa Eulàlia,321,03-11,84,95,179
1994,5,Districte V,10,Pubilla Cases,537,00-02,13,8,21
2016,2,Districte II,5,Collblanc,209,75 i +,78,51,129
2015,2,Districte II,4,la Torrassa,238,18-24,39,37,76
2001,3,Districte III,6,Santa Eulàlia,310,75 i +,29,17,46
2013,1,Districte I,3,Sant Josep,136,18-24,40,36,76
1997,1,Districte I,1,Centre,107,65-74,78,60,138
2011,2,Districte II,5,Collblanc,209,50-64,93,77,170
2006,4,Districte IV,7,la Florida,421,16-17,6,10,16
2016,5,Districte V,10,Pubilla Cases,530,12-15,24,28,52
1999,6,Districte VI,12,Bellvitge,623,12-15,33,30,63
1998,2,Districte II,4,la Torrassa,240,03-11,15,24,39
2012,2,Districte II,5,Collblanc,224,12-15,11,8,19
2012,2,Districte II,4,la Torrassa,217,00-02,9,15,24
1997,1,Districte I,3,Sant Josep,117,75 i +,47,19,66
2006,1,Districte I,3,Sant Josep,126,25-34,100,94,194
2004,1,Districte I,2,Sanfeliu,129,75 i +,41,20,61
2016,2,Districte II,4,la Torrassa,233,00-02,17,11,28
2004,4,Districte IV,8,les Planes,418,65-74,72,54,126
2010,3,Districte III,6,Santa Eulàlia,322,65-74,59,42,101
2013,2,Districte II,4,la Torrassa,234,65-74,36,27,63
2009,1,Districte I,3,Sant Josep,139,65-74,38,37,75
1994,6,Districte VI,12,Bellvitge,611,00-02,16,15,31
1997,4,Districte IV,8,les Planes,441,50-64,168,177,345
2010,1,Districte I,3,Sant Josep,119,65-74,80,78,158
2010,5,Districte V,10,Pubilla Cases,516,16-17,3,9,12
2011,2,Districte II,5,Collblanc,220,35-49,125,118,243
1995,5,Districte V,10,Pubilla Cases,527,50-64,111,100,211
1995,1,Districte I,1,Centre,134,50-64,98,103,201
2015,2,Districte II,4,la Torrassa,233,12-15,13,23,36
2008,3,Districte III,6,Santa Eulàlia,325,00-02,17,19,36
2014,6,Districte VI,12,Bellvitge,631,25-34,55,31,86
1994,1,Districte I,3,Sant Josep,127,16-17,9,8,17
2011,2,Districte II,5,Collblanc,208,25-34,132,127,259
1997,5,Districte V,10,Pubilla Cases,528,00-02,13,18,31
2013,1,Districte I,1,Centre,130,00-02,17,15,32
1998,2,Districte II,5,Collblanc,212,16-17,10,10,20
2001,1,Districte I,3,Sant Josep,114,18-24,101,93,194
2015,3,Districte III,6,Santa Eulàlia,314,65-74,112,99,211
2012,2,Districte II,5,Collblanc,205,03-11,31,37,68
2006,6,Districte VI,11,el Gornal,632,65-74,62,54,116
2002,2,Districte II,5,Collblanc,224,03-11,20,26,46
2008,3,Districte III,6,Santa Eulàlia,303,16-17,10,6,16
2001,1,Districte I,3,Sant Josep,139,12-15,10,16,26
2008,6,Districte VI,12,Bellvitge,615,25-34,68,65,133
1998,5,Districte V,10,Pubilla Cases,531,16-17,6,11,17
2006,1,Districte I,1,Centre,108,50-64,127,117,244
2013,2,Districte II,4,la Torrassa,245,18-24,50,36,86
2012,4,Districte IV,8,les Planes,435,12-15,19,24,43
2000,5,Districte V,10,Pubilla Cases,528,12-15,24,10,34
1996,4,Districte IV,7,la Florida,424,18-24,35,46,81
2015,2,Districte II,5,Collblanc,214,75 i +,122,72,194
2000,4,Districte IV,8,les Planes,440,03-11,23,27,50
2010,3,Districte III,6,Santa Eulàlia,307,35-49,139,119,258
1999,2,Districte II,4,la Torrassa,248,50-64,86,83,169
2004,2,Districte II,5,Collblanc,202,50-64,63,64,127
2007,3,Districte III,6,Santa Eulàlia,309,16-17,10,10,20
2013,4,Districte IV,7,la Florida,403,35-49,121,144,265
2009,2,Districte II,4,la Torrassa,211,03-11,49,59,108
2007,1,Districte I,1,Centre,110,00-02,12,6,18
2002,6,Districte VI,11,el Gornal,608,50-64,89,69,158
1994,5,Districte V,10,Pubilla Cases,534,16-17,16,16,32
2016,6,Districte VI,11,el Gornal,632,00-02,11,12,23
2009,2,Districte II,5,Collblanc,207,00-02,14,8,22
2016,1,Districte I,3,Sant Josep,120,75 i +,68,45,113
2014,6,Districte VI,11,el Gornal,616,18-24,86,90,176
2007,4,Districte IV,7,la Florida,407,75 i +,76,56,132
1999,5,Districte V,9,Can Serra,507,18-24,49,58,107
2010,2,Districte II,4,la Torrassa,243,16-17,14,10,24
1998,3,Districte III,6,Santa Eulàlia,316,18-24,142,170,312
2005,3,Districte III,6,Santa Eulàlia,319,03-11,71,74,145
2011,1,Districte I,1,Centre,109,00-02,19,18,37
2006,1,Districte I,3,Sant Josep,120,03-11,60,72,132
1996,3,Districte III,6,Santa Eulàlia,308,35-49,161,143,304
2010,4,Districte IV,8,les Planes,401,03-11,43,60,103
2000,5,Districte V,10,Pubilla Cases,529,50-64,117,105,222
2003,3,Districte III,6,Santa Eulàlia,313,00-02,34,21,55
2009,5,Districte V,10,Pubilla Cases,531,16-17,10,7,17
1995,4,Districte IV,7,la Florida,409,16-17,9,13,22
2014,1,Districte I,1,Centre,108,16-17,15,11,26
1994,1,Districte I,1,Centre,109,75 i +,50,23,73
1996,5,Districte V,9,Can Serra,521,75 i +,27,14,41
2004,1,Districte I,1,Centre,123,00-02,16,14,30
2011,1,Districte I,1,Centre,110,35-49,127,118,245
1999,4,Districte IV,8,les Planes,442,65-74,29,25,54
2002,5,Districte V,10,Pubilla Cases,522,25-34,64,87,151
2006,4,Districte IV,7,la Florida,424,35-49,55,73,128
2006,4,Districte IV,7,la Florida,407,35-49,111,145,256
1998,5,Districte V,10,Pubilla Cases,524,03-11,37,42,79
2014,4,Districte IV,7,la Florida,407,16-17,9,6,15
1994,4,Districte IV,7,la Florida,423,18-24,64,77,141
2003,5,Districte V,10,Pubilla Cases,531,75 i +,47,28,75
1997,2,Districte II,4,la Torrassa,228,16-17,7,2,9
2011,5,Districte V,10,Pubilla Cases,515,12-15,9,10,19
2006,6,Districte VI,12,Bellvitge,614,25-34,58,94,152
2000,5,Districte V,10,Pubilla Cases,515,12-15,13,14,27
2013,3,Districte III,6,Santa Eulàlia,305,16-17,16,16,32
2003,2,Districte II,5,Collblanc,222,75 i +,38,20,58
2001,2,Districte II,4,la Torrassa,235,16-17,6,9,15
2003,6,Districte VI,11,el Gornal,629,25-34,47,50,97
2001,2,Districte II,5,Collblanc,204,00-02,3,6,9
2008,5,Districte V,9,Can Serra,507,18-24,40,32,72
2015,2,Districte II,5,Collblanc,202,25-34,145,155,300
1995,5,Districte V,9,Can Serra,502,18-24,99,129,228
2013,4,Districte IV,7,la Florida,406,50-64,118,116,234
2001,3,Districte III,6,Santa Eulàlia,301,35-49,212,210,422
1995,4,Districte IV,8,les Planes,420,25-34,108,115,223
2013,3,Districte III,6,Santa Eulàlia,302,50-64,161,101,262
2013,3,Districte III,6,Santa Eulàlia,312,03-11,55,66,121
2015,1,Districte I,3,Sant Josep,120,50-64,199,200,399
2002,2,Districte II,4,la Torrassa,249,18-24,43,49,92
2011,3,Districte III,6,Santa Eulàlia,313,35-49,236,217,453
1998,1,Districte I,2,Sanfeliu,116,35-49,182,153,335
1995,6,Districte VI,11,el Gornal,608,50-64,116,94,210
2000,3,Districte III,6,Santa Eulàlia,314,25-34,181,196,377
2014,5,Districte V,9,Can Serra,507,65-74,57,50,107
2007,4,Districte IV,7,la Florida,408,12-15,15,11,26
2008,4,Districte IV,8,les Planes,440,03-11,36,34,70
1994,5,Districte V,10,Pubilla Cases,537,18-24,96,100,196
2009,6,Districte VI,12,Bellvitge,605,65-74,65,69,134
2012,4,Districte IV,7,la Florida,422,18-24,43,49,92
2011,1,Districte I,1,Centre,110,50-64,151,130,281
2011,3,Districte III,6,Santa Eulàlia,322,65-74,57,45,102
2010,1,Districte I,1,Centre,104,16-17,4,10,14
2002,5,Districte V,10,Pubilla Cases,515,12-15,12,17,29
2004,1,Districte I,1,Centre,124,18-24,46,43,89
2002,6,Districte VI,12,Bellvitge,625,50-64,151,159,310
1995,6,Districte VI,12,Bellvitge,624,12-15,32,33,65
2016,1,Districte I,3,Sant Josep,126,16-17,12,9,21
2009,2,Districte II,5,Collblanc,204,50-64,41,36,77
2000,6,Districte VI,12,Bellvitge,624,00-02,7,7,14
2010,5,Districte V,10,Pubilla Cases,527,65-74,47,28,75
1999,2,Districte II,5,Collblanc,203,12-15,6,9,15
1997,6,Districte VI,12,Bellvitge,612,18-24,93,111,204
2000,1,Districte I,3,Sant Josep,114,18-24,100,107,207
2010,4,Districte IV,7,la Florida,426,35-49,140,150,290
2000,6,Districte VI,12,Bellvitge,602,00-02,5,5,10
2004,4,Districte IV,7,la Florida,405,65-74,90,87,177
1997,1,Districte I,1,Centre,110,50-64,143,139,282
1994,5,Districte V,10,Pubilla Cases,528,35-49,109,89,198
2008,1,Districte I,2,Sanfeliu,132,03-11,88,67,155
2002,4,Districte IV,7,la Florida,430,16-17,11,5,16
2004,6,Districte VI,12,Bellvitge,609,12-15,19,7,26
2012,2,Districte II,5,Collblanc,222,03-11,38,41,79
2015,6,Districte VI,12,Bellvitge,601,75 i +,132,110,242
1997,6,Districte VI,12,Bellvitge,609,35-49,83,52,135
1999,5,Districte V,10,Pubilla Cases,509,12-15,13,11,24
1994,1,Districte I,3,Sant Josep,121,65-74,84,69,153
2009,4,Districte IV,7,la Florida,417,16-17,7,6,13
1994,4,Districte IV,7,la Florida,407,25-34,84,112,196
1999,2,Districte II,4,la Torrassa,241,50-64,54,55,109
2008,6,Districte VI,11,el Gornal,626,75 i +,50,42,92
2000,2,Districte II,5,Collblanc,212,12-15,16,26,42
2002,2,Districte II,5,Collblanc,227,75 i +,48,23,71
2007,6,Districte VI,12,Bellvitge,610,50-64,165,105,270
1994,2,Districte II,4,la Torrassa,242,65-74,78,85,163
1999,4,Districte IV,8,les Planes,429,12-15,8,12,20
1999,4,Districte IV,7,la Florida,404,00-02,20,18,38
1996,6,Districte VI,12,Bellvitge,621,75 i +,25,12,37
2013,4,Districte IV,7,la Florida,430,18-24,31,35,66
2016,5,Districte V,10,Pubilla Cases,514,18-24,59,58,117
2011,6,Districte VI,12,Bellvitge,604,00-02,7,11,18
2014,1,Districte I,1,Centre,107,50-64,148,130,278
1996,5,Districte V,10,Pubilla Cases,532,16-17,10,13,23
1994,1,Districte I,3,Sant Josep,120,18-24,95,86,181
2011,2,Districte II,5,Collblanc,221,03-11,28,36,64
1998,6,Districte VI,11,el Gornal,622,12-15,22,19,41
1995,5,Districte V,10,Pubilla Cases,534,25-34,79,80,159
1995,4,Districte IV,7,la Florida,413,25-34,45,60,105
1996,4,Districte IV,7,la Florida,413,16-17,3,8,11
2009,1,Districte I,1,Centre,134,25-34,113,135,248
2000,2,Districte II,4,la Torrassa,248,18-24,45,59,104
1996,2,Districte II,5,Collblanc,226,50-64,99,87,186
1999,2,Districte II,4,la Torrassa,218,35-49,72,75,147
2004,4,Districte IV,7,la Florida,431,16-17,12,15,27
2004,2,Districte II,4,la Torrassa,231,16-17,6,7,13
2009,1,Districte I,3,Sant Josep,125,16-17,19,9,28
2002,5,Districte V,10,Pubilla Cases,515,75 i +,23,11,34
2011,6,Districte VI,12,Bellvitge,605,65-74,71,66,137
2003,1,Districte I,3,Sant Josep,139,50-64,91,81,172
1997,3,Districte III,6,Santa Eulàlia,323,03-11,120,112,232
2001,4,Districte IV,8,les Planes,429,12-15,9,18,27
2012,1,Districte I,3,Sant Josep,114,18-24,39,28,67
2006,6,Districte VI,12,Bellvitge,607,18-24,30,41,71
1999,5,Districte V,10,Pubilla Cases,516,16-17,10,0,10
2007,6,Districte VI,11,el Gornal,629,18-24,25,19,44
1994,2,Districte II,4,la Torrassa,233,00-02,10,4,14
1997,3,Districte III,6,Santa Eulàlia,303,16-17,17,13,30
2000,2,Districte II,4,la Torrassa,230,25-34,72,66,138
1995,5,Districte V,9,Can Serra,503,12-15,29,36,65
2005,2,Districte II,5,Collblanc,219,18-24,55,67,122
2002,4,Districte IV,8,les Planes,439,00-02,21,17,38
1995,3,Districte III,6,Santa Eulàlia,315,65-74,54,51,105
1997,1,Districte I,3,Sant Josep,136,12-15,27,30,57
2003,6,Districte VI,11,el Gornal,617,50-64,108,86,194
2000,4,Districte IV,8,les Planes,439,50-64,89,71,160
2004,2,Districte II,4,la Torrassa,238,25-34,87,85,172
2005,4,Districte IV,8,les Planes,437,00-02,7,12,19
2000,3,Districte III,6,Santa Eulàlia,304,75 i +,85,38,123
2000,4,Districte IV,8,les Planes,435,75 i +,93,47,140
2005,5,Districte V,10,Pubilla Cases,530,50-64,105,90,195
2003,1,Districte I,3,Sant Josep,126,65-74,60,59,119
2011,5,Districte V,10,Pubilla Cases,532,03-11,63,59,122
1997,6,Districte VI,11,el Gornal,617,50-64,128,109,237
2010,4,Districte IV,7,la Florida,421,16-17,8,17,25
2010,1,Districte I,3,Sant Josep,138,18-24,28,43,71
2004,2,Districte II,4,la Torrassa,233,16-17,8,8,16
2008,1,Districte I,1,Centre,128,50-64,99,74,173
2001,3,Districte III,6,Santa Eulàlia,325,00-02,20,20,40
2013,3,Districte III,6,Santa Eulàlia,318,00-02,7,7,14
2013,6,Districte VI,12,Bellvitge,605,35-49,196,178,374
2008,5,Districte V,10,Pubilla Cases,518,16-17,8,17,25
2015,3,Districte III,6,Santa Eulàlia,302,35-49,155,175,330
2004,1,Districte I,3,Sant Josep,126,50-64,141,127,268
2008,1,Districte I,1,Centre,113,35-49,169,174,343
2002,1,Districte I,1,Centre,128,18-24,49,48,97
2005,2,Districte II,5,Collblanc,219,50-64,98,76,174
1994,4,Districte IV,7,la Florida,427,16-17,8,25,33
2003,1,Districte I,1,Centre,105,16-17,14,13,27
2001,4,Districte IV,7,la Florida,427,16-17,6,6,12
2004,5,Districte V,10,Pubilla Cases,538,16-17,9,7,16
1997,5,Districte V,9,Can Serra,504,16-17,9,16,25
2011,2,Districte II,5,Collblanc,219,00-02,16,21,37
2006,3,Districte III,6,Santa Eulàlia,307,16-17,8,16,24
1997,2,Districte II,5,Collblanc,204,75 i +,24,18,42
2001,6,Districte VI,12,Bellvitge,613,25-34,147,164,311
2016,1,Districte I,1,Centre,134,18-24,45,46,91
1996,2,Districte II,4,la Torrassa,232,75 i +,65,29,94
1997,6,Districte VI,12,Bellvitge,609,25-34,84,98,182
2005,3,Districte III,6,Santa Eulàlia,322,03-11,55,48,103
1994,4,Districte IV,7,la Florida,432,12-15,41,38,79
1996,2,Districte II,5,Collblanc,223,12-15,15,20,35
2002,5,Districte V,10,Pubilla Cases,519,25-34,60,61,121
1999,6,Districte VI,12,Bellvitge,606,75 i +,35,17,52
2002,2,Districte II,5,Collblanc,214,03-11,19,18,37
2011,2,Districte II,5,Collblanc,216,03-11,48,41,89
2005,2,Districte II,4,la Torrassa,229,25-34,84,90,174
2008,2,Districte II,5,Collblanc,244,75 i +,55,31,86
1998,1,Districte I,1,Centre,101,25-34,110,115,225
2009,2,Districte II,4,la Torrassa,241,65-74,35,40,75
1995,1,Districte I,1,Centre,111,03-11,50,34,84
2012,2,Districte II,5,Collblanc,203,35-49,105,131,236
2016,4,Districte IV,8,les Planes,436,25-34,95,106,201
2002,2,Districte II,5,Collblanc,216,75 i +,58,39,97
2006,3,Districte III,6,Santa Eulàlia,305,65-74,57,59,116
2004,5,Districte V,10,Pubilla Cases,530,12-15,25,27,52
2012,2,Districte II,5,Collblanc,201,75 i +,64,41,105
1995,5,Districte V,10,Pubilla Cases,516,12-15,18,11,29
2014,2,Districte II,5,Collblanc,207,75 i +,115,51,166
2002,6,Districte VI,12,Bellvitge,605,03-11,8,18,26
2007,6,Districte VI,12,Bellvitge,603,18-24,15,22,37
2014,5,Districte V,9,Can Serra,535,18-24,33,31,64
2008,2,Districte II,5,Collblanc,224,75 i +,36,24,60
2016,1,Districte I,3,Sant Josep,138,50-64,90,76,166
2004,1,Districte I,1,Centre,134,75 i +,66,31,97
2000,3,Districte III,6,Santa Eulàlia,324,12-15,15,20,35
2001,2,Districte II,5,Collblanc,224,16-17,4,4,8
1999,4,Districte IV,8,les Planes,439,12-15,7,18,25
2006,3,Districte III,6,Santa Eulàlia,315,50-64,148,145,293
1997,5,Districte V,10,Pubilla Cases,534,18-24,59,70,129
2010,1,Districte I,1,Centre,107,65-74,99,96,195
2000,4,Districte IV,8,les Planes,439,03-11,30,25,55
1999,2,Districte II,4,la Torrassa,249,65-74,73,71,144
2016,3,Districte III,6,Santa Eulàlia,322,18-24,44,50,94
2011,2,Districte II,4,la Torrassa,232,16-17,11,8,19
2002,4,Districte IV,7,la Florida,425,65-74,71,58,129
1997,1,Districte I,1,Centre,111,50-64,115,107,222
2000,2,Districte II,4,la Torrassa,242,00-02,6,5,11
2012,3,Districte III,6,Santa Eulàlia,324,03-11,62,46,108
1998,4,Districte IV,8,les Planes,439,03-11,36,28,64
1998,1,Districte I,3,Sant Josep,125,50-64,111,140,251
1997,3,Districte III,6,Santa Eulàlia,319,50-64,67,67,134
2014,5,Districte V,10,Pubilla Cases,513,00-02,17,22,39
2015,2,Districte II,4,la Torrassa,229,35-49,244,215,459
1994,2,Districte II,5,Collblanc,205,65-74,48,39,87
2007,1,Districte I,2,Sanfeliu,132,25-34,174,220,394
1994,4,Districte IV,7,la Florida,410,75 i +,53,31,84
2006,5,Districte V,10,Pubilla Cases,513,18-24,25,19,44
2005,6,Districte VI,11,el Gornal,622,75 i +,41,10,51
2007,4,Districte IV,7,la Florida,414,75 i +,64,44,108
2005,1,Districte I,2,Sanfeliu,132,50-64,212,216,428
1997,4,Districte IV,7,la Florida,409,00-02,1,11,12
2015,3,Districte III,6,Santa Eulàlia,326,35-49,177,228,405
2004,4,Districte IV,7,la Florida,405,03-11,21,25,46
2005,5,Districte V,9,Can Serra,502,75 i +,79,49,128
2005,5,Districte V,10,Pubilla Cases,508,16-17,3,4,7
2011,6,Districte VI,12,Bellvitge,613,12-15,13,24,37
2012,3,Districte III,6,Santa Eulàlia,315,16-17,11,14,25
2002,1,Districte I,1,Centre,102,35-49,155,155,310
2010,3,Districte III,6,Santa Eulàlia,303,03-11,53,54,107
2004,3,Districte III,6,Santa Eulàlia,306,00-02,20,17,37
1995,3,Districte III,6,Santa Eulàlia,312,00-02,13,12,25
1996,4,Districte IV,8,les Planes,401,35-49,120,113,233
1994,4,Districte IV,7,la Florida,412,50-64,179,180,359
2009,4,Districte IV,8,les Planes,441,35-49,182,203,385
2014,5,Districte V,10,Pubilla Cases,518,00-02,15,22,37
2012,5,Districte V,10,Pubilla Cases,533,12-15,15,7,22
2012,2,Districte II,4,la Torrassa,230,65-74,30,16,46
2006,4,Districte IV,7,la Florida,427,16-17,9,7,16
2005,2,Districte II,4,la Torrassa,235,65-74,79,68,147
1995,5,Districte V,10,Pubilla Cases,536,18-24,57,58,115
1995,4,Districte IV,7,la Florida,408,16-17,11,20,31
2006,5,Districte V,10,Pubilla Cases,513,12-15,7,12,19
1999,5,Districte V,9,Can Serra,504,12-15,15,16,31
2008,4,Districte IV,7,la Florida,431,18-24,58,61,119
2001,1,Districte I,3,Sant Josep,138,75 i +,22,15,37
2002,2,Districte II,5,Collblanc,209,25-34,81,76,157
2002,4,Districte IV,7,la Florida,406,35-49,134,135,269
2001,2,Districte II,5,Collblanc,227,12-15,8,6,14
2012,1,Districte I,1,Centre,111,18-24,31,26,57
2005,5,Districte V,10,Pubilla Cases,519,65-74,45,32,77
2011,3,Districte III,6,Santa Eulàlia,304,65-74,80,53,133
2011,6,Districte VI,12,Bellvitge,619,03-11,41,45,86
2008,6,Districte VI,12,Bellvitge,609,16-17,8,4,12
2010,4,Districte IV,7,la Florida,431,12-15,29,40,69
1998,4,Districte IV,7,la Florida,417,00-02,9,6,15
2008,3,Districte III,6,Santa Eulàlia,314,12-15,36,51,87
1995,1,Districte I,3,Sant Josep,121,50-64,101,78,179
1994,5,Districte V,10,Pubilla Cases,513,25-34,64,70,134
2006,1,Districte I,1,Centre,111,16-17,14,3,17
2010,6,Districte VI,12,Bellvitge,612,16-17,7,12,19
2002,6,Districte VI,11,el Gornal,608,65-74,63,58,121
1998,1,Districte I,1,Centre,112,16-17,25,14,39
2004,4,Districte IV,7,la Florida,407,65-74,76,58,134
2016,5,Districte V,10,Pubilla Cases,523,65-74,71,54,125
2006,3,Districte III,6,Santa Eulàlia,309,00-02,6,15,21
2007,5,Districte V,10,Pubilla Cases,514,50-64,56,54,110
2014,3,Districte III,6,Santa Eulàlia,319,35-49,258,275,533
1995,1,Districte I,1,Centre,109,00-02,11,14,25
2013,5,Districte V,9,Can Serra,502,75 i +,128,73,201
2006,1,Districte I,1,Centre,112,12-15,33,32,65
2016,1,Districte I,1,Centre,113,03-11,75,88,163
1999,3,Districte III,6,Santa Eulàlia,305,16-17,16,23,39
1997,5,Districte V,9,Can Serra,535,50-64,135,161,296
2005,2,Districte II,4,la Torrassa,243,00-02,17,24,41
2002,5,Districte V,10,Pubilla Cases,512,00-02,4,14,18
2000,5,Districte V,10,Pubilla Cases,538,12-15,14,16,30
1996,1,Districte I,3,Sant Josep,139,00-02,12,16,28
2004,6,Districte VI,11,el Gornal,617,03-11,30,39,69
1998,3,Districte III,6,Santa Eulàlia,311,12-15,15,14,29
2001,4,Districte IV,7,la Florida,415,03-11,22,27,49
2008,1,Districte I,1,Centre,102,00-02,20,16,36
2011,5,Districte V,9,Can Serra,502,03-11,47,73,120
2016,6,Districte VI,11,el Gornal,622,12-15,9,12,21
2002,5,Districte V,10,Pubilla Cases,513,35-49,68,85,153
2000,1,Districte I,3,Sant Josep,137,35-49,159,148,307
2009,4,Districte IV,7,la Florida,405,03-11,25,29,54
2010,6,Districte VI,12,Bellvitge,610,50-64,117,68,185
2005,6,Districte VI,11,el Gornal,622,18-24,36,45,81
1994,6,Districte VI,12,Bellvitge,603,35-49,68,56,124
2004,2,Districte II,5,Collblanc,225,75 i +,50,30,80
2012,3,Districte III,6,Santa Eulàlia,303,16-17,9,12,21
2001,4,Districte IV,8,les Planes,438,16-17,11,4,15
2009,1,Districte I,1,Centre,105,35-49,141,139,280
1999,4,Districte IV,7,la Florida,408,18-24,35,49,84
2001,4,Districte IV,7,la Florida,422,75 i +,65,41,106
1999,5,Districte V,10,Pubilla Cases,509,65-74,35,34,69
1999,2,Districte II,5,Collblanc,220,03-11,17,20,37
1998,2,Districte II,4,la Torrassa,240,25-34,55,60,115
1994,4,Districte IV,7,la Florida,403,35-49,125,106,231
2012,4,Districte IV,8,les Planes,433,65-74,33,29,62
2005,3,Districte III,6,Santa Eulàlia,316,18-24,179,175,354
2002,1,Districte I,3,Sant Josep,122,75 i +,47,22,69
1999,5,Districte V,10,Pubilla Cases,518,50-64,125,100,225
2009,5,Districte V,9,Can Serra,503,03-11,28,27,55
1994,3,Districte III,6,Santa Eulàlia,303,35-49,142,128,270
2012,1,Districte I,1,Centre,107,12-15,27,21,48
2015,4,Districte IV,7,la Florida,410,12-15,23,37,60
1997,6,Districte VI,12,Bellvitge,607,00-02,8,12,20
1997,2,Districte II,4,la Torrassa,239,75 i +,63,37,100
2010,6,Districte VI,12,Bellvitge,607,25-34,75,94,169
2005,4,Districte IV,8,les Planes,441,75 i +,78,67,145
2015,6,Districte VI,12,Bellvitge,615,12-15,19,15,34
2010,4,Districte IV,8,les Planes,441,03-11,77,70,147
2006,1,Districte I,2,Sanfeliu,129,18-24,46,37,83
2012,2,Districte II,4,la Torrassa,233,12-15,11,26,37
2002,4,Districte IV,8,les Planes,418,18-24,55,60,115
2012,6,Districte VI,12,Bellvitge,615,16-17,8,8,16
2013,5,Districte V,10,Pubilla Cases,530,18-24,58,61,119
1997,1,Districte I,3,Sant Josep,106,50-64,126,155,281
2005,2,Districte II,4,la Torrassa,217,12-15,12,9,21
2012,3,Districte III,6,Santa Eulàlia,313,18-24,64,52,116
2003,3,Districte III,6,Santa Eulàlia,323,35-49,384,354,738
2001,1,Districte I,3,Sant Josep,127,18-24,34,37,71
2016,5,Districte V,10,Pubilla Cases,537,25-34,108,89,197
2009,4,Districte IV,7,la Florida,409,25-34,52,76,128
1999,4,Districte IV,7,la Florida,424,75 i +,18,11,29
2009,4,Districte IV,8,les Planes,420,00-02,28,28,56
2010,2,Districte II,4,la Torrassa,245,00-02,18,22,40
1996,2,Districte II,5,Collblanc,222,16-17,13,14,27
2011,5,Districte V,10,Pubilla Cases,514,25-34,59,66,125
2011,4,Districte IV,7,la Florida,414,18-24,42,37,79
2004,4,Districte IV,7,la Florida,427,16-17,6,8,14
2016,2,Districte II,4,la Torrassa,234,65-74,41,26,67
1994,3,Districte III,6,Santa Eulàlia,302,00-02,17,21,38
2002,6,Districte VI,11,el Gornal,632,18-24,55,55,110
1997,4,Districte IV,7,la Florida,411,12-15,26,12,38
2005,5,Districte V,10,Pubilla Cases,518,65-74,87,79,166
2003,6,Districte VI,12,Bellvitge,619,16-17,10,18,28
2009,1,Districte I,1,Centre,110,18-24,42,46,88
2009,3,Districte III,6,Santa Eulàlia,314,18-24,80,133,213
1999,3,Districte III,6,Santa Eulàlia,321,18-24,168,146,314
1994,4,Districte IV,7,la Florida,432,35-49,160,151,311
2003,5,Districte V,10,Pubilla Cases,526,35-49,78,94,172
1996,5,Districte V,10,Pubilla Cases,537,65-74,77,60,137
1996,1,Districte I,3,Sant Josep,106,35-49,306,265,571
2014,1,Districte I,1,Centre,123,50-64,130,121,251
1996,3,Districte III,6,Santa Eulàlia,313,12-15,68,49,117
2011,3,Districte III,6,Santa Eulàlia,316,35-49,142,122,264
2015,3,Districte III,6,Santa Eulàlia,306,75 i +,97,65,162
1996,6,Districte VI,12,Bellvitge,621,16-17,46,38,84
2000,5,Districte V,10,Pubilla Cases,537,12-15,15,24,39
2014,2,Districte II,5,Collblanc,204,03-11,58,57,115
1995,2,Districte II,5,Collblanc,206,16-17,6,10,16
2009,2,Districte II,5,Collblanc,206,00-02,15,14,29
2015,2,Districte II,4,la Torrassa,211,00-02,14,29,43
2013,1,Districte I,1,Centre,107,65-74,101,88,189
2013,2,Districte II,4,la Torrassa,229,12-15,36,31,67
1996,1,Districte I,1,Centre,135,12-15,40,43,83
2009,2,Districte II,5,Collblanc,203,18-24,29,36,65
2003,6,Districte VI,12,Bellvitge,601,65-74,74,80,154
2015,2,Districte II,4,la Torrassa,211,50-64,119,88,207
2001,2,Districte II,5,Collblanc,220,50-64,71,52,123
2012,6,Districte VI,12,Bellvitge,607,12-15,18,20,38
1994,5,Districte V,9,Can Serra,502,50-64,146,168,314
2016,2,Districte II,5,Collblanc,212,03-11,68,68,136
2001,2,Districte II,4,la Torrassa,231,35-49,102,121,223
2003,1,Districte I,3,Sant Josep,126,16-17,7,6,13
1994,4,Districte IV,8,les Planes,418,50-64,121,112,233
2004,4,Districte IV,8,les Planes,429,03-11,10,22,32
2006,4,Districte IV,8,les Planes,441,50-64,224,223,447
2001,2,Districte II,4,la Torrassa,228,16-17,3,5,8
2016,6,Districte VI,12,Bellvitge,611,25-34,105,107,212
1995,4,Districte IV,7,la Florida,421,50-64,158,146,304
2013,1,Districte I,3,Sant Josep,117,35-49,213,218,431
2001,1,Districte I,3,Sant Josep,115,12-15,16,27,43
2004,5,Districte V,9,Can Serra,535,35-49,103,105,208
1997,6,Districte VI,12,Bellvitge,615,35-49,75,48,123
2014,2,Districte II,5,Collblanc,213,00-02,18,15,33
2005,3,Districte III,6,Santa Eulàlia,323,16-17,34,31,65
2004,2,Districte II,5,Collblanc,212,50-64,122,109,231
2008,5,Districte V,9,Can Serra,507,50-64,83,70,153
1994,6,Districte VI,12,Bellvitge,612,12-15,32,32,64
1999,2,Districte II,4,la Torrassa,236,75 i +,58,38,96
2011,5,Districte V,10,Pubilla Cases,519,00-02,8,12,20
2008,4,Districte IV,7,la Florida,424,50-64,52,54,106
1998,1,Districte I,3,Sant Josep,115,25-34,99,112,211
2012,3,Districte III,6,Santa Eulàlia,311,18-24,47,48,95
1999,1,Districte I,3,Sant Josep,122,16-17,8,7,15
1999,5,Districte V,10,Pubilla Cases,533,25-34,82,84,166
2009,6,Districte VI,12,Bellvitge,625,18-24,58,72,130
2003,1,Districte I,3,Sant Josep,137,75 i +,51,26,77
2006,2,Districte II,4,la Torrassa,235,25-34,171,195,366
1995,2,Districte II,5,Collblanc,226,16-17,14,7,21
2003,6,Districte VI,11,el Gornal,617,12-15,19,14,33
2000,2,Districte II,5,Collblanc,201,50-64,77,65,142
2005,3,Districte III,6,Santa Eulàlia,324,50-64,71,72,143
2011,6,Districte VI,12,Bellvitge,628,03-11,42,46,88
1999,1,Districte I,1,Centre,109,18-24,56,51,107
2010,2,Districte II,5,Collblanc,214,18-24,38,44,82
2004,2,Districte II,4,la Torrassa,217,00-02,9,9,18
2013,6,Districte VI,12,Bellvitge,627,35-49,96,94,190
1996,6,Districte VI,12,Bellvitge,603,00-02,9,7,16
2002,4,Districte IV,7,la Florida,402,75 i +,38,32,70
2006,6,Districte VI,12,Bellvitge,631,25-34,86,116,202
2007,2,Districte II,5,Collblanc,224,75 i +,34,22,56
2002,1,Districte I,1,Centre,128,16-17,7,8,15
2014,5,Districte V,10,Pubilla Cases,518,18-24,27,48,75
2002,5,Districte V,10,Pubilla Cases,538,03-11,32,32,64
2004,3,Districte III,6,Santa Eulàlia,311,50-64,128,100,228
1998,3,Districte III,6,Santa Eulàlia,313,65-74,77,71,148
2013,5,Districte V,9,Can Serra,505,25-34,58,57,115
2001,4,Districte IV,8,les Planes,419,00-02,16,16,32
1996,2,Districte II,5,Collblanc,224,12-15,10,13,23
1996,4,Districte IV,7,la Florida,427,16-17,11,5,16
2003,5,Districte V,9,Can Serra,501,65-74,29,34,63
1998,2,Districte II,5,Collblanc,201,18-24,35,37,72
1996,3,Districte III,6,Santa Eulàlia,319,03-11,30,34,64
2011,2,Districte II,4,la Torrassa,211,12-15,20,28,48
1998,5,Districte V,10,Pubilla Cases,522,03-11,20,18,38
1995,5,Districte V,10,Pubilla Cases,522,16-17,7,9,16
1999,6,Districte VI,12,Bellvitge,621,18-24,149,172,321
1999,6,Districte VI,12,Bellvitge,612,16-17,14,10,24
2011,1,Districte I,3,Sant Josep,126,65-74,87,87,174
2007,2,Districte II,5,Collblanc,206,03-11,25,39,64
1996,6,Districte VI,12,Bellvitge,601,12-15,47,38,85
1994,4,Districte IV,8,les Planes,436,50-64,81,63,144
2015,6,Districte VI,12,Bellvitge,605,50-64,140,105,245
2015,2,Districte II,4,la Torrassa,245,75 i +,67,47,114
2009,2,Districte II,4,la Torrassa,211,12-15,19,26,45
1996,6,Districte VI,12,Bellvitge,624,16-17,19,22,41
1995,1,Districte I,3,Sant Josep,126,16-17,25,23,48
2006,2,Districte II,4,la Torrassa,228,50-64,50,47,97
2000,6,Districte VI,12,Bellvitge,612,16-17,8,11,19
2008,4,Districte IV,8,les Planes,435,25-34,142,137,279
2010,5,Districte V,10,Pubilla Cases,522,16-17,8,6,14
2009,4,Districte IV,8,les Planes,429,03-11,21,21,42
2009,1,Districte I,2,Sanfeliu,118,03-11,79,59,138
1997,1,Districte I,1,Centre,124,12-15,29,25,54
2002,2,Districte II,4,la Torrassa,239,16-17,6,8,14
2015,1,Districte I,1,Centre,130,00-02,26,15,41
2008,4,Districte IV,8,les Planes,439,25-34,107,152,259
2009,2,Districte II,4,la Torrassa,241,00-02,12,12,24
2002,2,Districte II,4,la Torrassa,242,16-17,5,11,16
2007,6,Districte VI,11,el Gornal,622,35-49,77,87,164
1998,1,Districte I,1,Centre,124,65-74,44,35,79
2004,1,Districte I,2,Sanfeliu,132,03-11,70,83,153
2008,4,Districte IV,7,la Florida,409,65-74,44,37,81
2002,3,Districte III,6,Santa Eulàlia,314,25-34,178,198,376
2015,3,Districte III,6,Santa Eulàlia,322,12-15,28,31,59
2010,4,Districte IV,7,la Florida,406,12-15,26,28,54
1996,3,Districte III,6,Santa Eulàlia,306,50-64,130,107,237
2004,2,Districte II,5,Collblanc,207,12-15,9,7,16
2012,4,Districte IV,7,la Florida,411,16-17,5,7,12
2001,2,Districte II,5,Collblanc,210,35-49,77,76,153
2013,6,Districte VI,11,el Gornal,622,03-11,29,39,68
2010,4,Districte IV,8,les Planes,420,12-15,24,29,53
2001,4,Districte IV,7,la Florida,411,25-34,68,83,151
2000,3,Districte III,6,Santa Eulàlia,324,16-17,13,4,17
2012,5,Districte V,10,Pubilla Cases,530,25-34,148,149,297
1995,5,Districte V,10,Pubilla Cases,511,12-15,7,8,15
1994,6,Districte VI,12,Bellvitge,618,12-15,17,13,30
1995,1,Districte I,1,Centre,109,50-64,101,99,200
1997,2,Districte II,5,Collblanc,221,25-34,90,90,180
1994,3,Districte III,6,Santa Eulàlia,307,03-11,71,77,148
1999,2,Districte II,5,Collblanc,215,16-17,8,8,16
2006,4,Districte IV,7,la Florida,406,18-24,77,60,137
1997,4,Districte IV,8,les Planes,440,75 i +,53,34,87
2010,2,Districte II,5,Collblanc,205,00-02,10,9,19
1997,5,Districte V,9,Can Serra,505,35-49,120,94,214
2001,1,Districte I,1,Centre,104,03-11,35,23,58
2009,3,Districte III,6,Santa Eulàlia,305,00-02,26,26,52
2011,3,Districte III,6,Santa Eulàlia,301,65-74,140,112,252
2011,1,Districte I,1,Centre,124,35-49,80,79,159
2005,2,Districte II,5,Collblanc,219,25-34,121,124,245
2002,5,Districte V,9,Can Serra,502,12-15,25,24,49
2007,5,Districte V,9,Can Serra,506,65-74,99,102,201
1999,5,Districte V,9,Can Serra,506,00-02,18,18,36
2006,6,Districte VI,12,Bellvitge,615,00-02,6,10,16
1999,6,Districte VI,12,Bellvitge,611,00-02,11,15,26
1995,1,Districte I,1,Centre,133,65-74,50,44,94
2015,4,Districte IV,7,la Florida,422,50-64,93,100,193
2010,1,Districte I,1,Centre,131,16-17,7,10,17
2013,5,Districte V,10,Pubilla Cases,530,35-49,220,229,449
2013,3,Districte III,6,Santa Eulàlia,304,18-24,81,75,156
2011,4,Districte IV,7,la Florida,423,12-15,16,15,31
2011,3,Districte III,6,Santa Eulàlia,302,12-15,15,18,33
2008,4,Districte IV,8,les Planes,401,03-11,55,66,121
2000,5,Districte V,10,Pubilla Cases,529,03-11,25,31,56
2016,5,Districte V,9,Can Serra,521,50-64,91,70,161
2006,1,Districte I,1,Centre,104,03-11,42,38,80
2003,5,Districte V,10,Pubilla Cases,508,16-17,9,5,14
2015,6,Districte VI,12,Bellvitge,624,50-64,76,54,130
2001,4,Districte IV,7,la Florida,413,65-74,48,32,80
2000,2,Districte II,4,la Torrassa,239,25-34,97,108,205
2000,3,Districte III,6,Santa Eulàlia,317,16-17,8,9,17
2000,1,Districte I,3,Sant Josep,114,00-02,23,17,40
2004,2,Districte II,5,Collblanc,244,35-49,77,88,165
2013,1,Districte I,3,Sant Josep,121,75 i +,84,45,129
2001,6,Districte VI,11,el Gornal,608,35-49,85,92,177
1996,4,Districte IV,7,la Florida,427,75 i +,41,30,71
2000,5,Districte V,10,Pubilla Cases,519,18-24,15,26,41
2013,4,Districte IV,7,la Florida,405,18-24,62,62,124
1997,5,Districte V,10,Pubilla Cases,524,35-49,95,105,200
2002,5,Districte V,10,Pubilla Cases,528,03-11,42,31,73
1997,4,Districte IV,7,la Florida,404,18-24,68,66,134
2008,2,Districte II,5,Collblanc,224,25-34,66,63,129
2004,1,Districte I,3,Sant Josep,138,65-74,34,36,70
1995,1,Districte I,1,Centre,134,18-24,91,82,173
2005,4,Districte IV,8,les Planes,420,12-15,23,27,50
1998,2,Districte II,5,Collblanc,244,25-34,57,61,118
2004,1,Districte I,3,Sant Josep,119,03-11,25,32,57
2007,2,Districte II,4,la Torrassa,232,35-49,116,115,231
2013,5,Districte V,10,Pubilla Cases,511,16-17,16,16,32
1998,6,Districte VI,12,Bellvitge,601,18-24,101,127,228
1996,3,Districte III,6,Santa Eulàlia,318,35-49,126,137,263
2003,3,Districte III,6,Santa Eulàlia,310,50-64,76,87,163
1996,5,Districte V,10,Pubilla Cases,536,50-64,109,96,205
1997,3,Districte III,6,Santa Eulàlia,308,18-24,102,93,195
2011,1,Districte I,1,Centre,130,75 i +,94,61,155
2004,5,Districte V,9,Can Serra,504,25-34,109,142,251
2002,6,Districte VI,12,Bellvitge,618,00-02,5,7,12
2005,3,Districte III,6,Santa Eulàlia,311,03-11,46,61,107
2016,5,Districte V,9,Can Serra,504,00-02,12,16,28
2006,1,Districte I,2,Sanfeliu,118,25-34,163,184,347
2000,5,Districte V,10,Pubilla Cases,530,25-34,122,138,260
1996,1,Districte I,1,Centre,102,00-02,11,15,26
1994,2,Districte II,4,la Torrassa,242,12-15,16,13,29
1999,3,Districte III,6,Santa Eulàlia,313,50-64,153,153,306
1996,4,Districte IV,8,les Planes,419,03-11,25,26,51
1995,4,Districte IV,8,les Planes,418,25-34,84,96,180
2012,5,Districte V,10,Pubilla Cases,534,50-64,85,74,159
2006,3,Districte III,6,Santa Eulàlia,321,25-34,180,158,338
2007,2,Districte II,4,la Torrassa,241,12-15,13,10,23
2009,3,Districte III,6,Santa Eulàlia,309,16-17,5,4,9
2000,3,Districte III,6,Santa Eulàlia,307,75 i +,48,34,82
2000,4,Districte IV,7,la Florida,403,35-49,107,100,207
2010,3,Districte III,6,Santa Eulàlia,303,18-24,44,40,84
1994,2,Districte II,4,la Torrassa,217,12-15,10,9,19
2016,3,Districte III,13,Granvia Sud,320,03-11,65,70,135
2008,2,Districte II,4,la Torrassa,245,35-49,146,130,276
1997,1,Districte I,1,Centre,107,25-34,150,171,321
1996,6,Districte VI,12,Bellvitge,604,65-74,30,26,56
2005,2,Districte II,5,Collblanc,202,12-15,12,16,28
2012,5,Districte V,10,Pubilla Cases,528,35-49,181,156,337
1998,2,Districte II,5,Collblanc,244,65-74,55,38,93
1995,5,Districte V,10,Pubilla Cases,537,65-74,78,65,143
1999,1,Districte I,3,Sant Josep,117,16-17,31,41,72
1994,1,Districte I,1,Centre,103,35-49,80,79,159
2000,6,Districte VI,11,el Gornal,622,65-74,41,28,69
2003,2,Districte II,5,Collblanc,205,75 i +,46,26,72
2007,2,Districte II,4,la Torrassa,217,12-15,9,11,20
2006,1,Districte I,1,Centre,133,25-34,84,93,177
2010,1,Districte I,3,Sant Josep,125,03-11,75,74,149
2015,6,Districte VI,12,Bellvitge,601,35-49,215,276,491
2008,5,Districte V,9,Can Serra,502,18-24,68,68,136
1995,6,Districte VI,12,Bellvitge,628,25-34,76,81,157
2005,5,Districte V,10,Pubilla Cases,520,00-02,6,9,15
1999,1,Districte I,3,Sant Josep,115,00-02,19,17,36
2006,4,Districte IV,7,la Florida,408,03-11,32,39,71
1996,2,Districte II,4,la Torrassa,246,65-74,82,69,151
2001,2,Districte II,4,la Torrassa,236,16-17,9,6,15
2006,3,Districte III,6,Santa Eulàlia,318,12-15,9,24,33
2006,3,Districte III,6,Santa Eulàlia,325,50-64,200,183,383
2004,4,Districte IV,8,les Planes,429,00-02,5,8,13
2012,2,Districte II,4,la Torrassa,249,00-02,19,19,38
2004,2,Districte II,4,la Torrassa,233,03-11,19,39,58
1995,2,Districte II,5,Collblanc,221,65-74,51,60,111
1997,5,Districte V,10,Pubilla Cases,519,35-49,38,41,79
2013,4,Districte IV,7,la Florida,432,25-34,91,85,176
2011,6,Districte VI,12,Bellvitge,627,75 i +,45,32,77
2005,1,Districte I,1,Centre,131,16-17,18,12,30
2013,3,Districte III,6,Santa Eulàlia,305,12-15,32,26,58
2013,2,Districte II,4,la Torrassa,231,12-15,31,27,58
1995,2,Districte II,4,la Torrassa,249,75 i +,50,25,75
2015,6,Districte VI,12,Bellvitge,606,12-15,20,21,41
2011,2,Districte II,5,Collblanc,216,16-17,19,9,28
2008,3,Districte III,6,Santa Eulàlia,320,65-74,45,48,93
1999,1,Districte I,1,Centre,105,65-74,49,38,87
2009,6,Districte VI,12,Bellvitge,619,16-17,10,11,21
1995,4,Districte IV,8,les Planes,420,50-64,141,129,270
1995,6,Districte VI,11,el Gornal,629,75 i +,25,9,34
2015,2,Districte II,4,la Torrassa,217,00-02,23,13,36
1995,5,Districte V,9,Can Serra,502,16-17,23,28,51
2004,5,Districte V,9,Can Serra,507,00-02,11,12,23
2002,2,Districte II,5,Collblanc,206,16-17,6,6,12
2007,2,Districte II,4,la Torrassa,229,03-11,41,27,68
1997,4,Districte IV,7,la Florida,410,16-17,20,18,38
1997,2,Districte II,5,Collblanc,224,50-64,55,40,95
2004,3,Districte III,6,Santa Eulàlia,307,00-02,10,14,24
1998,1,Districte I,3,Sant Josep,138,00-02,4,7,11
1995,6,Districte VI,12,Bellvitge,610,50-64,179,222,401
2005,1,Districte I,1,Centre,104,25-34,82,80,162
2011,4,Districte IV,7,la Florida,427,25-34,102,109,211
2001,1,Districte I,1,Centre,111,50-64,108,94,202
2014,6,Districte VI,11,el Gornal,617,12-15,17,11,28
2015,1,Districte I,1,Centre,109,00-02,12,13,25
2013,5,Districte V,10,Pubilla Cases,514,03-11,60,61,121
2011,2,Districte II,4,la Torrassa,245,50-64,78,73,151
1997,3,Districte III,6,Santa Eulàlia,325,16-17,29,21,50
2014,1,Districte I,1,Centre,101,00-02,22,33,55
2006,4,Districte IV,7,la Florida,407,03-11,38,34,72
1999,5,Districte V,10,Pubilla Cases,519,25-34,55,46,101
2011,1,Districte I,3,Sant Josep,117,16-17,19,19,38
2000,5,Districte V,10,Pubilla Cases,513,75 i +,41,16,57
2007,4,Districte IV,7,la Florida,411,50-64,98,76,174
2015,2,Districte II,4,la Torrassa,237,75 i +,84,47,131
2012,5,Districte V,10,Pubilla Cases,529,75 i +,95,67,162
2008,6,Districte VI,12,Bellvitge,605,25-34,49,65,114
2003,4,Districte IV,7,la Florida,421,75 i +,60,36,96
2006,2,Districte II,5,Collblanc,213,35-49,123,123,246
2010,2,Districte II,4,la Torrassa,247,18-24,54,71,125
2004,4,Districte IV,7,la Florida,411,75 i +,75,55,130
1999,5,Districte V,10,Pubilla Cases,515,50-64,52,54,106
2016,4,Districte IV,7,la Florida,406,50-64,131,125,256
2000,6,Districte VI,12,Bellvitge,627,18-24,94,91,185
2006,3,Districte III,6,Santa Eulàlia,306,00-02,24,18,42
2013,5,Districte V,10,Pubilla Cases,517,75 i +,103,71,174
2006,4,Districte IV,7,la Florida,416,03-11,37,34,71
2011,2,Districte II,4,la Torrassa,236,35-49,138,121,259
2016,2,Districte II,5,Collblanc,202,00-02,25,31,56
1994,2,Districte II,5,Collblanc,202,35-49,67,64,131
2004,1,Districte I,1,Centre,110,12-15,15,25,40
2008,6,Districte VI,12,Bellvitge,605,00-02,10,9,19
2004,2,Districte II,5,Collblanc,226,18-24,41,48,89
1995,5,Districte V,10,Pubilla Cases,534,16-17,9,18,27
2014,6,Districte VI,12,Bellvitge,606,12-15,16,24,40
2003,3,Districte III,6,Santa Eulàlia,321,35-49,285,285,570
1997,1,Districte I,3,Sant Josep,122,35-49,56,50,106
1994,5,Districte V,10,Pubilla Cases,526,12-15,14,21,35
2001,1,Districte I,1,Centre,103,16-17,10,5,15
1996,5,Districte V,10,Pubilla Cases,533,25-34,84,100,184
1995,4,Districte IV,7,la Florida,403,16-17,16,15,31
2012,5,Districte V,9,Can Serra,501,03-11,37,47,84
2006,4,Districte IV,7,la Florida,409,18-24,31,43,74
2007,6,Districte VI,12,Bellvitge,625,00-02,8,10,18
2003,3,Districte III,6,Santa Eulàlia,307,35-49,172,142,314
2010,5,Districte V,10,Pubilla Cases,518,50-64,82,61,143
2013,4,Districte IV,7,la Florida,407,03-11,46,54,100
1994,5,Districte V,10,Pubilla Cases,530,12-15,18,26,44
2007,4,Districte IV,7,la Florida,405,12-15,6,9,15
2006,4,Districte IV,8,les Planes,436,75 i +,31,20,51
2016,2,Districte II,5,Collblanc,224,16-17,7,13,20
2000,2,Districte II,4,la Torrassa,248,35-49,107,114,221
2005,2,Districte II,4,la Torrassa,246,16-17,5,13,18
2015,3,Districte III,6,Santa Eulàlia,319,00-02,27,27,54
2001,3,Districte III,6,Santa Eulàlia,314,65-74,64,55,119
2016,4,Districte IV,7,la Florida,411,16-17,8,7,15
2007,6,Districte VI,12,Bellvitge,607,03-11,43,36,79
1994,2,Districte II,5,Collblanc,219,35-49,100,94,194
1999,1,Districte I,1,Centre,109,00-02,14,9,23
2013,4,Districte IV,7,la Florida,431,16-17,10,12,22
1997,2,Districte II,5,Collblanc,220,50-64,82,70,152
2007,1,Districte I,3,Sant Josep,119,50-64,189,160,349
1994,5,Districte V,10,Pubilla Cases,525,65-74,39,40,79
1994,6,Districte VI,12,Bellvitge,620,50-64,82,92,174
2007,1,Districte I,1,Centre,101,65-74,52,52,104
2003,2,Districte II,4,la Torrassa,217,18-24,28,31,59
2003,3,Districte III,6,Santa Eulàlia,323,18-24,149,196,345
2003,3,Districte III,6,Santa Eulàlia,312,75 i +,61,30,91
2010,6,Districte VI,11,el Gornal,608,75 i +,55,35,90
2012,5,Districte V,9,Can Serra,507,12-15,12,16,28
2014,5,Districte V,9,Can Serra,501,75 i +,37,30,67
1999,5,Districte V,10,Pubilla Cases,519,18-24,14,28,42
2015,2,Districte II,5,Collblanc,210,16-17,9,5,14
2002,3,Districte III,6,Santa Eulàlia,318,25-34,59,69,128
2000,3,Districte III,6,Santa Eulàlia,304,65-74,86,73,159
2007,5,Districte V,10,Pubilla Cases,523,12-15,18,27,45
2001,5,Districte V,10,Pubilla Cases,529,16-17,12,10,22
2001,1,Districte I,3,Sant Josep,122,65-74,45,50,95
2013,4,Districte IV,7,la Florida,403,00-02,25,17,42
2004,1,Districte I,1,Centre,110,25-34,112,134,246
2001,2,Districte II,5,Collblanc,225,35-49,43,46,89
1998,2,Districte II,5,Collblanc,213,35-49,94,91,185
1998,4,Districte IV,7,la Florida,405,65-74,82,64,146
2012,3,Districte III,6,Santa Eulàlia,325,18-24,53,50,103
1994,1,Districte I,3,Sant Josep,115,00-02,10,22,32
2003,6,Districte VI,12,Bellvitge,627,75 i +,29,15,44
2015,6,Districte VI,12,Bellvitge,614,00-02,11,10,21
2014,1,Districte I,1,Centre,113,03-11,71,95,166
2014,3,Districte III,6,Santa Eulàlia,306,50-64,162,140,302
2011,1,Districte I,3,Sant Josep,120,50-64,196,198,394
2002,6,Districte VI,12,Bellvitge,631,65-74,53,55,108
1996,4,Districte IV,8,les Planes,440,50-64,151,174,325
1998,2,Districte II,5,Collblanc,224,75 i +,41,14,55
2009,2,Districte II,4,la Torrassa,239,75 i +,95,61,156
2014,2,Districte II,4,la Torrassa,243,25-34,120,80,200
2009,2,Districte II,5,Collblanc,227,50-64,68,55,123
2014,3,Districte III,6,Santa Eulàlia,318,00-02,6,7,13
2000,1,Districte I,3,Sant Josep,136,25-34,99,110,209
1997,4,Districte IV,7,la Florida,414,65-74,68,63,131
2002,1,Districte I,3,Sant Josep,119,12-15,17,22,39
2009,4,Districte IV,7,la Florida,427,00-02,19,18,37
2005,2,Districte II,4,la Torrassa,236,25-34,104,114,218
2004,4,Districte IV,8,les Planes,439,35-49,119,137,256
2008,4,Districte IV,7,la Florida,431,65-74,70,55,125
2003,5,Districte V,10,Pubilla Cases,511,03-11,27,27,54
2001,6,Districte VI,12,Bellvitge,609,50-64,138,121,259
1995,5,Districte V,10,Pubilla Cases,509,65-74,26,26,52
2011,1,Districte I,3,Sant Josep,114,00-02,11,26,37
1998,6,Districte VI,12,Bellvitge,628,50-64,132,152,284
2010,6,Districte VI,12,Bellvitge,605,18-24,15,9,24
1997,5,Districte V,10,Pubilla Cases,530,00-02,14,12,26
2015,3,Districte III,6,Santa Eulàlia,315,25-34,130,130,260
2007,4,Districte IV,8,les Planes,440,65-74,74,80,154
2002,5,Districte V,10,Pubilla Cases,533,12-15,25,20,45
2003,3,Districte III,6,Santa Eulàlia,315,03-11,49,55,104
1998,6,Districte VI,12,Bellvitge,625,75 i +,17,7,24
2002,6,Districte VI,12,Bellvitge,604,03-11,24,26,50
2016,3,Districte III,6,Santa Eulàlia,311,65-74,64,45,109
1997,6,Districte VI,12,Bellvitge,605,16-17,9,11,20
1994,5,Districte V,10,Pubilla Cases,510,35-49,99,95,194
1994,4,Districte IV,7,la Florida,425,35-49,87,83,170
2012,3,Districte III,6,Santa Eulàlia,320,50-64,83,82,165
1998,4,Districte IV,7,la Florida,428,03-11,19,15,34
2015,5,Districte V,10,Pubilla Cases,513,18-24,45,54,99
1995,1,Districte I,3,Sant Josep,115,03-11,48,73,121
2007,4,Districte IV,8,les Planes,418,12-15,27,17,44
2011,1,Districte I,3,Sant Josep,122,16-17,10,5,15
1998,5,Districte V,10,Pubilla Cases,526,75 i +,30,15,45
2007,6,Districte VI,12,Bellvitge,602,18-24,21,23,44
1999,4,Districte IV,7,la Florida,423,00-02,7,11,18
2014,6,Districte VI,11,el Gornal,626,00-02,9,12,21
1997,1,Districte I,3,Sant Josep,122,50-64,129,118,247
2006,5,Districte V,9,Can Serra,502,75 i +,121,64,185
2009,2,Districte II,4,la Torrassa,248,03-11,52,44,96
2014,1,Districte I,1,Centre,131,65-74,104,107,211
2008,5,Districte V,10,Pubilla Cases,528,00-02,19,21,40
2003,4,Districte IV,7,la Florida,413,65-74,42,36,78
2014,4,Districte IV,7,la Florida,423,65-74,49,47,96
1995,3,Districte III,6,Santa Eulàlia,303,25-34,153,168,321
1998,3,Districte III,6,Santa Eulàlia,314,16-17,37,39,76
1999,4,Districte IV,8,les Planes,429,35-49,70,66,136
2003,4,Districte IV,7,la Florida,428,03-11,20,23,43
1996,5,Districte V,9,Can Serra,502,16-17,26,14,40
2012,2,Districte II,4,la Torrassa,229,03-11,33,35,68
1996,5,Districte V,10,Pubilla Cases,536,03-11,32,24,56
2004,5,Districte V,10,Pubilla Cases,525,65-74,75,55,130
2006,2,Districte II,4,la Torrassa,229,35-49,104,106,210
2000,6,Districte VI,12,Bellvitge,606,25-34,113,100,213
2006,1,Districte I,3,Sant Josep,139,00-02,12,13,25
2007,2,Districte II,5,Collblanc,223,35-49,143,169,312
2007,3,Districte III,6,Santa Eulàlia,319,12-15,21,23,44
2010,2,Districte II,4,la Torrassa,245,03-11,51,38,89
2008,1,Districte I,1,Centre,107,03-11,62,64,126
1998,4,Districte IV,7,la Florida,404,03-11,54,37,91
2006,1,Districte I,3,Sant Josep,127,18-24,42,37,79
2000,2,Districte II,5,Collblanc,219,03-11,41,38,79
1996,1,Districte I,1,Centre,109,03-11,51,46,97
2009,2,Districte II,5,Collblanc,213,03-11,34,55,89
2003,2,Districte II,5,Collblanc,204,75 i +,37,21,58
2013,6,Districte VI,12,Bellvitge,605,50-64,135,98,233
2011,2,Districte II,5,Collblanc,213,16-17,9,10,19
2000,2,Districte II,5,Collblanc,221,50-64,105,89,194
2007,6,Districte VI,12,Bellvitge,605,00-02,9,7,16
2004,5,Districte V,10,Pubilla Cases,532,12-15,18,26,44
1995,4,Districte IV,7,la Florida,423,75 i +,38,22,60
1996,4,Districte IV,7,la Florida,409,12-15,23,15,38
2010,2,Districte II,5,Collblanc,212,16-17,10,15,25
2002,2,Districte II,5,Collblanc,204,18-24,18,23,41
2010,1,Districte I,1,Centre,101,75 i +,45,42,87
2010,1,Districte I,1,Centre,124,65-74,30,32,62
2014,5,Districte V,10,Pubilla Cases,532,65-74,76,61,137
2003,1,Districte I,3,Sant Josep,115,50-64,117,127,244
2004,6,Districte VI,11,el Gornal,617,16-17,6,8,14
1998,5,Districte V,10,Pubilla Cases,511,16-17,3,6,9
2016,5,Districte V,10,Pubilla Cases,513,12-15,19,29,48
1997,1,Districte I,3,Sant Josep,140,00-02,5,6,11
2005,2,Districte II,4,la Torrassa,240,18-24,32,33,65
1996,4,Districte IV,7,la Florida,423,16-17,12,13,25
2014,2,Districte II,5,Collblanc,210,50-64,79,78,157
2009,3,Districte III,6,Santa Eulàlia,316,18-24,125,119,244
2009,4,Districte IV,7,la Florida,422,18-24,53,59,112
1996,1,Districte I,1,Centre,112,03-11,64,68,132
2006,2,Districte II,4,la Torrassa,239,16-17,12,7,19
1995,5,Districte V,10,Pubilla Cases,537,12-15,32,30,62
2008,1,Districte I,1,Centre,131,35-49,142,170,312
2003,1,Districte I,3,Sant Josep,121,00-02,14,4,18
2007,6,Districte VI,11,el Gornal,608,18-24,26,32,58
2014,5,Districte V,10,Pubilla Cases,513,35-49,194,205,399
2013,1,Districte I,3,Sant Josep,127,75 i +,42,33,75
2006,1,Districte I,1,Centre,109,50-64,119,130,249
2012,2,Districte II,4,la Torrassa,234,35-49,130,145,275
2000,5,Districte V,10,Pubilla Cases,529,16-17,10,7,17
2007,1,Districte I,1,Centre,108,03-11,56,46,102
2009,4,Districte IV,8,les Planes,420,12-15,25,29,54
2010,5,Districte V,10,Pubilla Cases,510,75 i +,63,36,99
2010,6,Districte VI,12,Bellvitge,605,12-15,4,10,14
1996,3,Districte III,6,Santa Eulàlia,309,03-11,27,28,55
1998,3,Districte III,6,Santa Eulàlia,304,03-11,33,50,83
2010,3,Districte III,6,Santa Eulàlia,317,25-34,116,140,256
2005,1,Districte I,3,Sant Josep,120,00-02,9,32,41
2009,4,Districte IV,7,la Florida,428,25-34,61,71,132
2002,3,Districte III,6,Santa Eulàlia,320,50-64,104,101,205
1995,4,Districte IV,7,la Florida,411,16-17,22,17,39
2011,2,Districte II,5,Collblanc,202,50-64,71,53,124
2013,3,Districte III,6,Santa Eulàlia,322,50-64,111,95,206
2005,1,Districte I,1,Centre,124,65-74,39,40,79
1996,4,Districte IV,7,la Florida,431,50-64,133,119,252
2013,3,Districte III,6,Santa Eulàlia,301,65-74,147,118,265
2004,5,Districte V,10,Pubilla Cases,534,03-11,32,31,63
2006,6,Districte VI,11,el Gornal,626,35-49,83,99,182
2006,5,Districte V,9,Can Serra,505,50-64,191,140,331
1995,3,Districte III,6,Santa Eulàlia,317,25-34,68,76,144
1999,2,Districte II,4,la Torrassa,234,75 i +,80,32,112
2007,1,Districte I,3,Sant Josep,139,18-24,28,42,70
2013,2,Districte II,4,la Torrassa,239,50-64,103,75,178
2007,3,Districte III,6,Santa Eulàlia,318,03-11,29,39,68
2011,5,Districte V,10,Pubilla Cases,537,65-74,87,73,160
2006,6,Districte VI,11,el Gornal,629,12-15,7,5,12
2015,2,Districte II,5,Collblanc,201,35-49,227,227,454
2010,4,Districte IV,8,les Planes,433,65-74,30,29,59
2016,3,Districte III,6,Santa Eulàlia,309,18-24,29,30,59
1999,4,Districte IV,7,la Florida,409,16-17,9,9,18
1995,4,Districte IV,8,les Planes,429,00-02,2,6,8
1999,5,Districte V,10,Pubilla Cases,534,65-74,56,50,106
2014,5,Districte V,9,Can Serra,502,00-02,22,22,44
1999,4,Districte IV,7,la Florida,425,00-02,9,8,17
2013,5,Districte V,10,Pubilla Cases,510,03-11,46,37,83
2012,6,Districte VI,12,Bellvitge,603,65-74,59,47,106
1994,5,Districte V,10,Pubilla Cases,514,03-11,36,26,62
2002,4,Districte IV,7,la Florida,421,00-02,13,15,28
2006,4,Districte IV,8,les Planes,436,65-74,35,19,54
2016,2,Districte II,4,la Torrassa,237,50-64,122,110,232
2010,5,Districte V,10,Pubilla Cases,516,75 i +,41,19,60
2001,5,Districte V,10,Pubilla Cases,516,35-49,55,67,122
2010,4,Districte IV,7,la Florida,432,50-64,159,135,294
2016,1,Districte I,3,Sant Josep,127,03-11,33,29,62
2002,4,Districte IV,7,la Florida,423,25-34,75,99,174
2007,4,Districte IV,7,la Florida,432,16-17,13,15,28
2015,2,Districte II,4,la Torrassa,231,12-15,26,30,56
2015,5,Districte V,10,Pubilla Cases,508,50-64,130,115,245
2006,1,Districte I,2,Sanfeliu,129,16-17,7,12,19
2012,1,Districte I,3,Sant Josep,117,75 i +,75,47,122
2010,4,Districte IV,7,la Florida,430,12-15,15,27,42
2005,4,Districte IV,8,les Planes,419,50-64,65,66,131
1997,2,Districte II,4,la Torrassa,232,16-17,11,10,21
2016,4,Districte IV,7,la Florida,409,18-24,82,73,155
2003,2,Districte II,5,Collblanc,225,50-64,59,39,98
2012,1,Districte I,1,Centre,108,35-49,194,166,360
2003,5,Districte V,10,Pubilla Cases,511,00-02,13,10,23
1999,3,Districte III,6,Santa Eulàlia,320,16-17,6,6,12
2005,5,Districte V,10,Pubilla Cases,514,00-02,11,11,22
2000,6,Districte VI,12,Bellvitge,609,03-11,22,30,52
2000,4,Districte IV,7,la Florida,425,16-17,5,9,14
2005,6,Districte VI,12,Bellvitge,624,18-24,43,45,88
1995,2,Districte II,4,la Torrassa,234,25-34,84,89,173
2005,2,Districte II,5,Collblanc,227,75 i +,53,34,87
2004,5,Districte V,10,Pubilla Cases,526,12-15,11,19,30
1994,2,Districte II,4,la Torrassa,231,50-64,123,123,246
2005,4,Districte IV,7,la Florida,415,00-02,11,12,23
1995,2,Districte II,5,Collblanc,244,35-49,53,59,112
2016,3,Districte III,6,Santa Eulàlia,319,16-17,13,15,28
1998,1,Districte I,3,Sant Josep,136,50-64,99,93,192
2002,4,Districte IV,8,les Planes,441,65-74,88,84,172
2015,3,Districte III,6,Santa Eulàlia,311,03-11,56,74,130
2014,6,Districte VI,12,Bellvitge,623,75 i +,61,47,108
2007,4,Districte IV,7,la Florida,427,75 i +,54,41,95
2014,5,Districte V,10,Pubilla Cases,525,18-24,47,39,86
2000,6,Districte VI,12,Bellvitge,605,75 i +,24,17,41
1995,5,Districte V,10,Pubilla Cases,512,25-34,80,85,165
2000,2,Districte II,4,la Torrassa,229,12-15,6,9,15
2015,1,Districte I,3,Sant Josep,117,16-17,17,15,32
2005,3,Districte III,6,Santa Eulàlia,312,03-11,49,59,108
2001,3,Districte III,6,Santa Eulàlia,310,35-49,101,108,209
2011,2,Districte II,4,la Torrassa,242,16-17,9,4,13
1994,6,Districte VI,12,Bellvitge,620,03-11,23,24,47
2009,6,Districte VI,12,Bellvitge,614,18-24,26,34,60
1997,2,Districte II,5,Collblanc,213,00-02,10,7,17
2000,1,Districte I,3,Sant Josep,127,12-15,23,21,44
1997,3,Districte III,6,Santa Eulàlia,316,75 i +,27,16,43
2001,1,Districte I,1,Centre,107,03-11,37,56,93
2010,2,Districte II,5,Collblanc,214,75 i +,30,25,55
2001,4,Districte IV,8,les Planes,420,18-24,58,64,122
1994,1,Districte I,3,Sant Josep,138,12-15,24,37,61
2002,6,Districte VI,12,Bellvitge,615,25-34,79,110,189
2001,5,Districte V,10,Pubilla Cases,527,12-15,21,18,39
2003,5,Districte V,10,Pubilla Cases,510,00-02,16,6,22
1999,6,Districte VI,11,el Gornal,622,16-17,12,17,29
2006,3,Districte III,6,Santa Eulàlia,316,18-24,174,171,345
2001,5,Districte V,10,Pubilla Cases,517,12-15,22,16,38
2006,3,Districte III,6,Santa Eulàlia,303,25-34,144,167,311
2003,4,Districte IV,7,la Florida,432,00-02,9,8,17
2005,1,Districte I,3,Sant Josep,126,25-34,108,109,217
2008,4,Districte IV,8,les Planes,441,35-49,196,209,405
2006,2,Districte II,4,la Torrassa,229,25-34,73,80,153
1998,5,Districte V,10,Pubilla Cases,520,65-74,50,56,106
1999,4,Districte IV,8,les Planes,438,50-64,101,99,200
2010,5,Districte V,9,Can Serra,507,12-15,12,20,32
1994,5,Districte V,10,Pubilla Cases,537,65-74,71,61,132
2008,5,Districte V,9,Can Serra,505,25-34,104,101,205
2015,5,Districte V,9,Can Serra,507,75 i +,45,21,66
2013,5,Districte V,9,Can Serra,535,35-49,90,86,176
2008,6,Districte VI,11,el Gornal,632,35-49,97,105,202
2011,6,Districte VI,12,Bellvitge,621,12-15,23,34,57
2016,2,Districte II,5,Collblanc,208,12-15,15,29,44
2011,2,Districte II,5,Collblanc,207,12-15,9,12,21
2009,1,Districte I,3,Sant Josep,139,35-49,103,130,233
2002,1,Districte I,1,Centre,112,03-11,61,69,130
2001,2,Districte II,4,la Torrassa,247,25-34,102,110,212
1997,4,Districte IV,8,les Planes,436,25-34,73,89,162
2008,2,Districte II,4,la Torrassa,241,00-02,11,13,24
2000,4,Districte IV,7,la Florida,402,25-34,68,76,144
1997,4,Districte IV,8,les Planes,418,18-24,65,63,128
1999,1,Districte I,2,Sanfeliu,132,03-11,74,82,156
1996,4,Districte IV,7,la Florida,416,65-74,54,42,96
2016,6,Districte VI,12,Bellvitge,609,75 i +,44,38,82
2010,2,Districte II,5,Collblanc,215,35-49,138,136,274
2012,2,Districte II,5,Collblanc,214,50-64,52,48,100
2004,3,Districte III,6,Santa Eulàlia,301,65-74,115,125,240
1996,3,Districte III,6,Santa Eulàlia,319,18-24,39,52,91
2013,3,Districte III,6,Santa Eulàlia,306,03-11,73,46,119
2009,1,Districte I,1,Centre,109,75 i +,71,41,112
2000,2,Districte II,5,Collblanc,227,16-17,8,8,16
2009,5,Districte V,9,Can Serra,507,03-11,35,43,78
2009,4,Districte IV,7,la Florida,416,25-34,54,81,135
1999,3,Districte III,6,Santa Eulàlia,312,12-15,23,22,45
1996,6,Districte VI,12,Bellvitge,602,25-34,75,85,160
2010,1,Districte I,1,Centre,105,65-74,41,49,90
1999,2,Districte II,5,Collblanc,208,16-17,9,18,27
2016,4,Districte IV,7,la Florida,402,16-17,7,9,16
1994,6,Districte VI,12,Bellvitge,619,65-74,48,52,100
2004,5,Districte V,9,Can Serra,503,18-24,42,53,95
2001,1,Districte I,1,Centre,131,50-64,170,183,353
2005,5,Districte V,10,Pubilla Cases,522,35-49,97,96,193
2013,5,Districte V,9,Can Serra,501,18-24,35,30,65
1999,1,Districte I,1,Centre,111,16-17,9,6,15
2012,1,Districte I,1,Centre,112,50-64,171,164,335
2008,1,Districte I,1,Centre,134,03-11,52,57,109
2010,1,Districte I,1,Centre,112,12-15,23,30,53
2005,4,Districte IV,7,la Florida,416,75 i +,49,34,83
2002,6,Districte VI,11,el Gornal,632,75 i +,27,14,41
2002,5,Districte V,9,Can Serra,504,50-64,149,131,280
2012,1,Districte I,3,Sant Josep,140,25-34,69,87,156
2008,3,Districte III,6,Santa Eulàlia,322,18-24,37,45,82
2003,1,Districte I,1,Centre,124,25-34,80,70,150
1997,5,Districte V,9,Can Serra,503,75 i +,15,10,25
2006,2,Districte II,4,la Torrassa,248,50-64,89,83,172
2010,1,Districte I,3,Sant Josep,115,18-24,42,51,93
1998,5,Districte V,10,Pubilla Cases,533,00-02,11,3,14
2007,2,Districte II,4,la Torrassa,246,03-11,51,44,95
2005,6,Districte VI,11,el Gornal,622,25-34,77,87,164
2013,4,Districte IV,7,la Florida,422,65-74,48,27,75
1996,6,Districte VI,12,Bellvitge,631,25-34,91,93,184
2008,4,Districte IV,7,la Florida,430,16-17,7,11,18
2003,3,Districte III,6,Santa Eulàlia,321,18-24,132,119,251
1998,2,Districte II,4,la Torrassa,218,65-74,46,33,79
1994,4,Districte IV,7,la Florida,425,16-17,8,15,23
1999,3,Districte III,6,Santa Eulàlia,323,12-15,73,65,138
2001,3,Districte III,6,Santa Eulàlia,304,35-49,110,130,240
1998,3,Districte III,6,Santa Eulàlia,311,65-74,91,72,163
1999,1,Districte I,3,Sant Josep,121,75 i +,47,27,74
1996,4,Districte IV,8,les Planes,401,00-02,9,10,19
2003,1,Districte I,1,Centre,128,65-74,50,52,102
2016,2,Districte II,4,la Torrassa,248,25-34,97,102,199
1998,4,Districte IV,7,la Florida,414,00-02,4,11,15
2014,1,Districte I,1,Centre,123,12-15,17,22,39
2012,1,Districte I,2,Sanfeliu,118,00-02,26,28,54
2014,2,Districte II,5,Collblanc,210,00-02,6,6,12
2013,5,Districte V,9,Can Serra,521,25-34,53,47,100
1994,6,Districte VI,12,Bellvitge,615,03-11,29,26,55
2006,1,Districte I,3,Sant Josep,127,35-49,101,100,201
1996,2,Districte II,4,la Torrassa,228,35-49,38,52,90
2004,4,Districte IV,8,les Planes,442,75 i +,32,22,54
2005,4,Districte IV,7,la Florida,407,75 i +,62,44,106
2009,2,Districte II,4,la Torrassa,237,18-24,59,50,109
1996,6,Districte VI,12,Bellvitge,601,65-74,49,41,90
2005,2,Districte II,5,Collblanc,214,35-49,89,100,189
2015,2,Districte II,5,Collblanc,220,65-74,64,35,99
1997,1,Districte I,1,Centre,109,75 i +,49,23,72
2013,3,Districte III,6,Santa Eulàlia,321,18-24,75,88,163
1999,2,Districte II,4,la Torrassa,237,12-15,14,13,27
2010,4,Districte IV,7,la Florida,402,65-74,45,36,81
2006,4,Districte IV,8,les Planes,438,25-34,91,90,181
2004,2,Districte II,5,Collblanc,222,50-64,81,71,152
2004,4,Districte IV,7,la Florida,431,25-34,162,219,381
1999,2,Districte II,4,la Torrassa,249,03-11,20,27,47
2003,4,Districte IV,7,la Florida,407,50-64,81,73,154
2006,6,Districte VI,12,Bellvitge,602,50-64,56,37,93
2008,1,Districte I,2,Sanfeliu,129,03-11,48,54,102
1999,2,Districte II,4,la Torrassa,233,00-02,5,11,16
2012,3,Districte III,6,Santa Eulàlia,302,50-64,157,118,275
2013,4,Districte IV,7,la Florida,405,25-34,139,149,288
1997,1,Districte I,3,Sant Josep,139,12-15,16,24,40
2002,6,Districte VI,12,Bellvitge,620,00-02,4,9,13
2007,4,Districte IV,7,la Florida,430,35-49,109,148,257
1994,2,Districte II,4,la Torrassa,239,75 i +,69,29,98
2013,5,Districte V,10,Pubilla Cases,529,16-17,12,12,24
2014,3,Districte III,6,Santa Eulàlia,315,18-24,55,59,114
2014,5,Districte V,10,Pubilla Cases,531,03-11,38,34,72
2004,1,Districte I,1,Centre,128,35-49,89,104,193
2005,6,Districte VI,12,Bellvitge,631,65-74,54,54,108
2011,2,Districte II,4,la Torrassa,246,65-74,35,37,72
2004,6,Districte VI,12,Bellvitge,610,35-49,99,98,197
2002,5,Districte V,10,Pubilla Cases,536,18-24,29,37,66
2014,1,Districte I,2,Sanfeliu,118,03-11,81,70,151
2012,2,Districte II,4,la Torrassa,238,18-24,31,36,67
2003,2,Districte II,5,Collblanc,221,75 i +,42,31,73
1996,1,Districte I,1,Centre,133,16-17,14,20,34
2014,3,Districte III,6,Santa Eulàlia,309,03-11,59,70,129
2007,1,Districte I,3,Sant Josep,106,12-15,26,28,54
1995,1,Districte I,2,Sanfeliu,118,50-64,106,125,231
2002,3,Districte III,6,Santa Eulàlia,320,16-17,4,8,12
2005,5,Districte V,10,Pubilla Cases,519,03-11,30,34,64
1999,3,Districte III,6,Santa Eulàlia,313,16-17,33,22,55
1999,1,Districte I,1,Centre,110,18-24,89,96,185
2011,2,Districte II,5,Collblanc,223,75 i +,69,47,116
2015,6,Districte VI,12,Bellvitge,623,16-17,12,8,20
2001,4,Districte IV,7,la Florida,425,03-11,23,32,55
1995,3,Districte III,6,Santa Eulàlia,309,50-64,55,58,113
2001,1,Districte I,1,Centre,103,12-15,12,8,20
1996,4,Districte IV,8,les Planes,429,16-17,16,9,25
1999,2,Districte II,5,Collblanc,226,16-17,13,14,27
2009,3,Districte III,6,Santa Eulàlia,304,16-17,21,10,31
2014,6,Districte VI,12,Bellvitge,613,25-34,54,60,114
2009,5,Districte V,10,Pubilla Cases,509,25-34,85,110,195
2003,2,Districte II,4,la Torrassa,231,00-02,13,15,28
1994,6,Districte VI,12,Bellvitge,611,12-15,30,40,70
2014,4,Districte IV,7,la Florida,427,50-64,140,123,263
2000,1,Districte I,2,Sanfeliu,116,25-34,146,140,286
1997,2,Districte II,5,Collblanc,207,25-34,55,45,100
2012,2,Districte II,5,Collblanc,202,03-11,31,33,64
2005,1,Districte I,3,Sant Josep,106,25-34,161,198,359
1997,2,Districte II,5,Collblanc,223,35-49,81,88,169
2004,2,Districte II,5,Collblanc,220,65-74,63,44,107
2012,2,Districte II,4,la Torrassa,211,16-17,13,16,29
2003,1,Districte I,1,Centre,111,12-15,16,17,33
2015,1,Districte I,3,Sant Josep,114,50-64,150,121,271
2001,1,Districte I,1,Centre,109,16-17,14,9,23
2010,4,Districte IV,8,les Planes,420,16-17,13,9,22
2003,1,Districte I,3,Sant Josep,137,25-34,139,152,291
2010,4,Districte IV,8,les Planes,435,18-24,63,48,111
1998,6,Districte VI,12,Bellvitge,630,18-24,83,91,174
2010,4,Districte IV,7,la Florida,403,50-64,113,82,195
2008,5,Districte V,10,Pubilla Cases,530,00-02,28,26,54
1998,1,Districte I,2,Sanfeliu,129,18-24,83,72,155
1994,4,Districte IV,8,les Planes,419,16-17,9,15,24
2012,2,Districte II,5,Collblanc,226,35-49,174,167,341
2005,6,Districte VI,12,Bellvitge,605,65-74,63,67,130
2013,1,Districte I,3,Sant Josep,121,18-24,26,34,60
2002,5,Districte V,10,Pubilla Cases,518,50-64,108,72,180
2003,4,Districte IV,8,les Planes,438,50-64,91,76,167
2005,1,Districte I,1,Centre,131,12-15,18,19,37
2001,4,Districte IV,8,les Planes,436,18-24,39,46,85
2001,6,Districte VI,12,Bellvitge,620,16-17,7,8,15
2004,6,Districte VI,12,Bellvitge,619,75 i +,49,42,91
2002,1,Districte I,3,Sant Josep,114,00-02,12,18,30
2006,3,Districte III,6,Santa Eulàlia,325,03-11,74,68,142
1999,1,Districte I,2,Sanfeliu,118,00-02,16,25,41
2016,2,Districte II,4,la Torrassa,240,50-64,149,141,290
2007,4,Districte IV,8,les Planes,420,50-64,105,87,192
1995,1,Districte I,1,Centre,103,00-02,4,8,12
1997,2,Districte II,4,la Torrassa,249,00-02,10,13,23
2002,5,Districte V,10,Pubilla Cases,537,00-02,17,8,25
2016,2,Districte II,5,Collblanc,204,35-49,195,193,388
2011,6,Districte VI,12,Bellvitge,625,65-74,82,64,146
2004,4,Districte IV,7,la Florida,406,75 i +,46,39,85
2015,4,Districte IV,7,la Florida,430,18-24,46,49,95
1995,4,Districte IV,8,les Planes,442,18-24,46,46,92
2010,4,Districte IV,7,la Florida,430,00-02,21,25,46
2014,1,Districte I,3,Sant Josep,139,12-15,10,19,29
2012,2,Districte II,5,Collblanc,221,50-64,94,83,177
1995,5,Districte V,9,Can Serra,505,16-17,34,15,49
1999,2,Districte II,5,Collblanc,203,35-49,56,60,116
1994,4,Districte IV,8,les Planes,429,18-24,39,45,84
1998,5,Districte V,10,Pubilla Cases,533,25-34,84,96,180
2005,4,Districte IV,7,la Florida,405,00-02,10,12,22
2003,6,Districte VI,12,Bellvitge,623,35-49,118,111,229
2007,6,Districte VI,11,el Gornal,626,16-17,14,3,17
2005,2,Districte II,5,Collblanc,207,12-15,7,8,15
2001,1,Districte I,1,Centre,133,18-24,47,49,96
2003,2,Districte II,5,Collblanc,224,16-17,2,7,9
2014,5,Districte V,10,Pubilla Cases,537,18-24,50,44,94
2007,6,Districte VI,11,el Gornal,626,35-49,89,108,197
2016,3,Districte III,6,Santa Eulàlia,301,18-24,91,86,177
2000,6,Districte VI,11,el Gornal,626,65-74,58,61,119
2014,3,Districte III,6,Santa Eulàlia,324,75 i +,48,25,73
2016,2,Districte II,4,la Torrassa,228,75 i +,139,92,231
1994,2,Districte II,5,Collblanc,223,25-34,97,104,201
2005,1,Districte I,3,Sant Josep,139,18-24,34,39,73
2004,5,Districte V,9,Can Serra,521,65-74,59,58,117
2006,6,Districte VI,12,Bellvitge,611,25-34,175,184,359
1997,6,Districte VI,12,Bellvitge,619,03-11,52,59,111
2004,2,Districte II,4,la Torrassa,229,18-24,29,32,61
2000,1,Districte I,1,Centre,110,16-17,11,9,20
2009,2,Districte II,4,la Torrassa,239,12-15,20,13,33
1995,5,Districte V,10,Pubilla Cases,517,50-64,134,118,252
2013,5,Districte V,10,Pubilla Cases,530,50-64,114,110,224
2004,5,Districte V,9,Can Serra,521,18-24,45,45,90
2014,2,Districte II,4,la Torrassa,231,03-11,55,68,123
2010,6,Districte VI,11,el Gornal,626,25-34,56,58,114
2013,2,Districte II,5,Collblanc,214,12-15,45,39,84
1994,5,Districte V,9,Can Serra,503,03-11,62,51,113
1998,2,Districte II,4,la Torrassa,242,50-64,114,103,217
2000,2,Districte II,5,Collblanc,222,50-64,78,74,152
2016,1,Districte I,2,Sanfeliu,118,16-17,19,13,32
1997,4,Districte IV,7,la Florida,426,35-49,79,85,164
2001,3,Districte III,6,Santa Eulàlia,325,16-17,11,18,29
1994,5,Districte V,9,Can Serra,506,65-74,65,56,121
1995,2,Districte II,4,la Torrassa,247,65-74,80,66,146
2008,6,Districte VI,12,Bellvitge,619,65-74,109,87,196
2002,1,Districte I,1,Centre,131,35-49,158,148,306
1999,4,Districte IV,7,la Florida,406,50-64,142,123,265
2012,4,Districte IV,8,les Planes,438,16-17,9,6,15
1998,5,Districte V,10,Pubilla Cases,537,16-17,9,16,25
2013,2,Districte II,4,la Torrassa,242,03-11,46,53,99
2005,6,Districte VI,12,Bellvitge,613,65-74,76,83,159
2016,2,Districte II,4,la Torrassa,238,00-02,13,13,26
2009,5,Districte V,9,Can Serra,506,12-15,34,27,61
1996,1,Districte I,2,Sanfeliu,116,03-11,56,52,108
1999,3,Districte III,6,Santa Eulàlia,309,18-24,39,47,86
1994,3,Districte III,6,Santa Eulàlia,313,35-49,253,234,487
1995,4,Districte IV,8,les Planes,433,35-49,80,83,163
2013,5,Districte V,9,Can Serra,502,00-02,24,21,45
1994,4,Districte IV,8,les Planes,437,65-74,38,37,75
1997,5,Districte V,9,Can Serra,501,75 i +,25,10,35
2013,3,Districte III,6,Santa Eulàlia,306,00-02,18,22,40
2002,6,Districte VI,12,Bellvitge,611,12-15,33,27,60
1995,6,Districte VI,12,Bellvitge,630,75 i +,25,7,32
2004,5,Districte V,10,Pubilla Cases,514,16-17,17,10,27
2008,1,Districte I,3,Sant Josep,138,03-11,30,27,57
2011,6,Districte VI,12,Bellvitge,623,50-64,164,121,285
1999,5,Districte V,10,Pubilla Cases,517,65-74,70,58,128
2015,5,Districte V,10,Pubilla Cases,538,65-74,69,39,108
2015,1,Districte I,3,Sant Josep,117,03-11,69,83,152
2014,3,Districte III,6,Santa Eulàlia,301,03-11,156,158,314
2000,6,Districte VI,11,el Gornal,608,03-11,29,42,71
1999,4,Districte IV,8,les Planes,418,16-17,11,7,18
2004,3,Districte III,6,Santa Eulàlia,314,16-17,20,24,44
1997,2,Districte II,5,Collblanc,225,25-34,33,33,66
2011,1,Districte I,1,Centre,135,16-17,20,8,28
2012,6,Districte VI,12,Bellvitge,623,50-64,160,116,276
2000,1,Districte I,1,Centre,123,03-11,39,59,98
1999,2,Districte II,5,Collblanc,209,00-02,10,7,17
1995,2,Districte II,5,Collblanc,223,65-74,66,52,118
2005,3,Districte III,6,Santa Eulàlia,316,12-15,45,45,90
2016,2,Districte II,4,la Torrassa,243,12-15,21,36,57
1998,4,Districte IV,7,la Florida,432,16-17,16,22,38
2005,3,Districte III,6,Santa Eulàlia,301,65-74,119,115,234
1995,4,Districte IV,7,la Florida,428,00-02,5,4,9
2001,3,Districte III,6,Santa Eulàlia,315,12-15,20,27,47
2009,5,Districte V,10,Pubilla Cases,524,65-74,64,42,106
2012,3,Districte III,6,Santa Eulàlia,307,16-17,5,3,8
2003,1,Districte I,1,Centre,109,00-02,11,13,24
2011,5,Districte V,10,Pubilla Cases,536,18-24,32,28,60
2001,2,Districte II,5,Collblanc,226,00-02,10,6,16
2014,4,Districte IV,7,la Florida,431,18-24,57,64,121
2013,4,Districte IV,7,la Florida,405,35-49,233,234,467
2005,2,Districte II,4,la Torrassa,231,00-02,16,15,31
1994,3,Districte III,6,Santa Eulàlia,325,16-17,29,21,50
2000,2,Districte II,4,la Torrassa,247,50-64,103,100,203
2006,5,Districte V,10,Pubilla Cases,529,03-11,31,44,75
2004,1,Districte I,3,Sant Josep,117,16-17,20,21,41
1995,1,Districte I,3,Sant Josep,106,18-24,127,131,258
1995,1,Districte I,3,Sant Josep,127,18-24,26,32,58
2004,1,Districte I,2,Sanfeliu,132,50-64,207,223,430
2000,4,Districte IV,8,les Planes,433,18-24,45,57,102
2007,2,Districte II,5,Collblanc,220,00-02,12,10,22
2013,3,Districte III,6,Santa Eulàlia,326,03-11,38,36,74
2011,1,Districte I,1,Centre,105,75 i +,57,35,92
2015,4,Districte IV,8,les Planes,418,75 i +,83,63,146
1995,2,Districte II,5,Collblanc,222,50-64,81,90,171
2008,6,Districte VI,12,Bellvitge,623,65-74,88,85,173
2013,3,Districte III,6,Santa Eulàlia,326,00-02,29,21,50
1999,3,Districte III,6,Santa Eulàlia,325,25-34,161,161,322
2008,5,Districte V,10,Pubilla Cases,508,18-24,30,24,54
2015,1,Districte I,1,Centre,123,25-34,73,62,135
2007,6,Districte VI,11,el Gornal,632,75 i +,39,26,65
2006,1,Districte I,3,Sant Josep,121,12-15,18,16,34
2005,5,Districte V,10,Pubilla Cases,514,16-17,9,6,15
2002,1,Districte I,1,Centre,134,35-49,146,120,266
1996,3,Districte III,6,Santa Eulàlia,317,25-34,74,82,156
2004,6,Districte VI,12,Bellvitge,613,18-24,40,41,81
2012,6,Districte VI,12,Bellvitge,615,25-34,59,34,93
1998,2,Districte II,4,la Torrassa,243,12-15,22,12,34
1995,4,Districte IV,7,la Florida,402,12-15,10,14,24
2013,1,Districte I,1,Centre,107,25-34,100,141,241
2015,1,Districte I,1,Centre,110,35-49,123,112,235
1994,2,Districte II,5,Collblanc,209,00-02,3,13,16
2007,4,Districte IV,8,les Planes,420,16-17,16,14,30
2001,4,Districte IV,8,les Planes,401,12-15,26,25,51
2001,3,Districte III,6,Santa Eulàlia,316,03-11,78,85,163
2005,3,Districte III,6,Santa Eulàlia,316,75 i +,79,24,103
2011,5,Districte V,10,Pubilla Cases,524,12-15,22,22,44
2016,5,Districte V,10,Pubilla Cases,528,00-02,16,14,30
2013,5,Districte V,10,Pubilla Cases,508,50-64,115,84,199
1998,2,Districte II,4,la Torrassa,248,03-11,31,34,65
2000,2,Districte II,5,Collblanc,223,35-49,91,97,188
2004,4,Districte IV,8,les Planes,440,25-34,85,96,181
2015,3,Districte III,6,Santa Eulàlia,302,03-11,51,43,94
2008,6,Districte VI,11,el Gornal,608,12-15,16,15,31
2005,4,Districte IV,7,la Florida,407,12-15,9,18,27
1997,2,Districte II,4,la Torrassa,232,18-24,48,50,98
1997,3,Districte III,6,Santa Eulàlia,309,18-24,41,50,91
2013,5,Districte V,10,Pubilla Cases,534,16-17,4,8,12
1994,2,Districte II,4,la Torrassa,246,25-34,89,96,185
2005,1,Districte I,1,Centre,130,18-24,28,18,46
2015,4,Districte IV,7,la Florida,421,03-11,51,52,103
2002,1,Districte I,3,Sant Josep,119,35-49,137,120,257
1996,4,Districte IV,7,la Florida,423,35-49,70,75,145
2015,6,Districte VI,12,Bellvitge,619,00-02,14,14,28
1997,1,Districte I,3,Sant Josep,115,35-49,167,153,320
2015,1,Districte I,1,Centre,109,35-49,127,123,250
1999,6,Districte VI,12,Bellvitge,630,03-11,26,30,56
1994,5,Districte V,10,Pubilla Cases,530,03-11,50,56,106
2008,6,Districte VI,12,Bellvitge,621,50-64,210,184,394
1998,2,Districte II,4,la Torrassa,236,18-24,52,38,90
2010,1,Districte I,1,Centre,135,35-49,181,170,351
2008,4,Districte IV,8,les Planes,439,18-24,59,57,116
2014,4,Districte IV,7,la Florida,404,00-02,20,25,45
2012,3,Districte III,6,Santa Eulàlia,311,16-17,13,16,29
2016,1,Districte I,1,Centre,105,00-02,15,14,29
2015,5,Districte V,10,Pubilla Cases,523,12-15,21,18,39
2007,4,Districte IV,7,la Florida,414,03-11,35,39,74
1998,6,Districte VI,12,Bellvitge,631,75 i +,28,18,46
1997,1,Districte I,1,Centre,123,16-17,20,17,37
2000,5,Districte V,10,Pubilla Cases,538,65-74,94,90,184
2001,2,Districte II,5,Collblanc,226,12-15,25,17,42
2005,2,Districte II,5,Collblanc,204,03-11,17,17,34
2009,4,Districte IV,7,la Florida,416,00-02,16,10,26
2003,1,Districte I,1,Centre,124,03-11,20,33,53
2006,6,Districte VI,11,el Gornal,626,75 i +,38,37,75
1998,5,Districte V,10,Pubilla Cases,516,25-34,66,57,123
2011,4,Districte IV,8,les Planes,420,25-34,135,130,265
2015,4,Districte IV,7,la Florida,407,75 i +,98,54,152
2003,1,Districte I,3,Sant Josep,136,65-74,61,41,102
2004,2,Districte II,4,la Torrassa,241,75 i +,61,31,92
2003,5,Districte V,9,Can Serra,521,12-15,13,14,27
2002,3,Districte III,6,Santa Eulàlia,325,00-02,19,22,41
1994,1,Districte I,3,Sant Josep,125,75 i +,22,14,36
2010,1,Districte I,1,Centre,134,03-11,54,61,115
2015,6,Districte VI,12,Bellvitge,631,25-34,55,40,95
1999,2,Districte II,5,Collblanc,225,03-11,9,12,21
2009,5,Districte V,9,Can Serra,501,50-64,147,144,291
2014,1,Districte I,2,Sanfeliu,116,16-17,13,9,22
2001,2,Districte II,5,Collblanc,209,25-34,77,82,159
2008,5,Districte V,9,Can Serra,501,50-64,155,154,309
1999,1,Districte I,1,Centre,107,65-74,90,71,161
2014,6,Districte VI,12,Bellvitge,614,03-11,38,51,89
2012,2,Districte II,4,la Torrassa,246,12-15,19,28,47
2009,4,Districte IV,7,la Florida,408,18-24,41,34,75
2003,4,Districte IV,7,la Florida,410,65-74,136,124,260
2009,5,Districte V,10,Pubilla Cases,511,00-02,14,7,21
2001,4,Districte IV,8,les Planes,440,25-34,89,107,196
1998,1,Districte I,3,Sant Josep,120,18-24,93,93,186
2013,2,Districte II,4,la Torrassa,239,16-17,10,10,20
2007,5,Districte V,10,Pubilla Cases,518,16-17,13,14,27
2013,1,Districte I,1,Centre,111,65-74,73,53,126
2006,6,Districte VI,12,Bellvitge,620,25-34,46,41,87
1997,1,Districte I,1,Centre,105,12-15,19,32,51
1997,1,Districte I,1,Centre,111,00-02,2,10,12
2007,1,Districte I,3,Sant Josep,121,65-74,48,31,79
2016,2,Districte II,4,la Torrassa,245,65-74,50,30,80
2003,4,Districte IV,8,les Planes,433,50-64,65,73,138
2016,4,Districte IV,7,la Florida,407,65-74,49,28,77
2006,4,Districte IV,7,la Florida,421,12-15,12,21,33
2007,5,Districte V,10,Pubilla Cases,529,00-02,32,24,56
2010,1,Districte I,1,Centre,134,25-34,113,119,232
2012,3,Districte III,6,Santa Eulàlia,320,75 i +,38,20,58
2005,1,Districte I,1,Centre,108,75 i +,99,53,152
1998,1,Districte I,1,Centre,109,75 i +,46,25,71
2006,2,Districte II,4,la Torrassa,217,50-64,38,42,80
1998,2,Districte II,5,Collblanc,225,75 i +,39,38,77
2012,4,Districte IV,7,la Florida,403,18-24,40,40,80
2012,1,Districte I,2,Sanfeliu,129,25-34,87,82,169
1997,5,Districte V,9,Can Serra,535,75 i +,34,22,56
2004,1,Districte I,3,Sant Josep,119,65-74,67,51,118
1995,5,Districte V,10,Pubilla Cases,519,65-74,29,36,65
2004,4,Districte IV,8,les Planes,429,25-34,39,56,95
2011,2,Districte II,5,Collblanc,244,16-17,7,4,11
2002,6,Districte VI,12,Bellvitge,615,18-24,46,38,84
2004,4,Districte IV,7,la Florida,404,65-74,88,70,158
2010,1,Districte I,2,Sanfeliu,129,75 i +,61,38,99
2008,5,Districte V,10,Pubilla Cases,531,12-15,21,17,38
2001,1,Districte I,1,Centre,101,18-24,68,67,135
2004,4,Districte IV,7,la Florida,424,50-64,61,50,111
1995,5,Districte V,10,Pubilla Cases,515,50-64,56,61,117
2016,4,Districte IV,7,la Florida,432,25-34,71,80,151
2014,3,Districte III,6,Santa Eulàlia,311,12-15,28,26,54
2001,1,Districte I,2,Sanfeliu,118,25-34,136,151,287
2006,1,Districte I,1,Centre,111,75 i +,43,36,79
2007,5,Districte V,9,Can Serra,507,35-49,91,109,200
2000,2,Districte II,5,Collblanc,206,75 i +,67,35,102
1998,4,Districte IV,7,la Florida,421,00-02,7,14,21
1997,2,Districte II,5,Collblanc,215,00-02,13,7,20
2005,5,Districte V,10,Pubilla Cases,522,18-24,45,43,88
2002,2,Districte II,4,la Torrassa,248,16-17,15,11,26
2015,5,Districte V,10,Pubilla Cases,533,50-64,143,142,285
1997,6,Districte VI,12,Bellvitge,601,03-11,45,52,97
1995,4,Districte IV,7,la Florida,430,03-11,24,37,61
1994,4,Districte IV,7,la Florida,430,75 i +,40,17,57
2010,6,Districte VI,12,Bellvitge,609,00-02,10,9,19
2016,3,Districte III,6,Santa Eulàlia,308,03-11,96,80,176
1994,5,Districte V,9,Can Serra,504,25-34,84,102,186
2014,5,Districte V,10,Pubilla Cases,523,16-17,4,14,18
2003,2,Districte II,5,Collblanc,210,00-02,2,7,9
1996,6,Districte VI,11,el Gornal,629,12-15,11,19,30
2011,4,Districte IV,7,la Florida,407,75 i +,97,55,152
2001,2,Districte II,5,Collblanc,202,16-17,5,7,12
1998,4,Districte IV,8,les Planes,437,18-24,43,38,81
2005,3,Districte III,6,Santa Eulàlia,309,75 i +,27,16,43
2012,5,Districte V,10,Pubilla Cases,532,25-34,125,115,240
1994,4,Districte IV,7,la Florida,426,50-64,89,81,170
2000,4,Districte IV,8,les Planes,435,03-11,23,32,55
1996,6,Districte VI,11,el Gornal,617,25-34,106,126,232
2003,2,Districte II,4,la Torrassa,246,16-17,5,9,14
2011,2,Districte II,5,Collblanc,205,03-11,32,31,63
2003,5,Districte V,10,Pubilla Cases,514,65-74,56,46,102
1995,4,Districte IV,7,la Florida,408,12-15,19,25,44
2015,5,Districte V,9,Can Serra,506,00-02,22,13,35
1995,3,Districte III,6,Santa Eulàlia,310,12-15,28,28,56
2000,2,Districte II,4,la Torrassa,233,50-64,69,63,132
1999,6,Districte VI,12,Bellvitge,601,50-64,179,165,344
2010,6,Districte VI,11,el Gornal,617,75 i +,47,33,80
2016,2,Districte II,5,Collblanc,214,16-17,32,20,52
2000,3,Districte III,6,Santa Eulàlia,320,12-15,6,7,13
2010,1,Districte I,1,Centre,128,18-24,37,36,73
1999,2,Districte II,4,la Torrassa,241,16-17,3,4,7
2011,2,Districte II,5,Collblanc,213,25-34,73,105,178
2004,5,Districte V,10,Pubilla Cases,511,16-17,3,5,8
2012,5,Districte V,9,Can Serra,503,65-74,42,46,88
2003,2,Districte II,4,la Torrassa,232,35-49,107,113,220
2000,4,Districte IV,7,la Florida,415,25-34,69,66,135
2004,6,Districte VI,12,Bellvitge,613,12-15,11,16,27
1999,6,Districte VI,12,Bellvitge,623,65-74,49,39,88
2012,1,Districte I,1,Centre,105,50-64,152,107,259
2012,4,Districte IV,7,la Florida,408,50-64,70,80,150
2010,1,Districte I,3,Sant Josep,127,16-17,6,9,15
1996,2,Districte II,4,la Torrassa,230,16-17,7,6,13
2006,2,Districte II,5,Collblanc,244,65-74,36,21,57
2001,1,Districte I,1,Centre,102,00-02,20,18,38
1999,6,Districte VI,12,Bellvitge,603,75 i +,10,12,22
2008,1,Districte I,1,Centre,109,03-11,46,31,77
1999,1,Districte I,1,Centre,123,75 i +,60,41,101
2015,2,Districte II,5,Collblanc,208,00-02,9,19,28
2001,1,Districte I,3,Sant Josep,125,50-64,143,149,292
1998,5,Districte V,10,Pubilla Cases,517,03-11,38,38,76
2001,1,Districte I,1,Centre,110,50-64,168,165,333
2012,2,Districte II,4,la Torrassa,247,03-11,64,69,133
2012,2,Districte II,4,la Torrassa,228,12-15,9,10,19
2013,1,Districte I,3,Sant Josep,138,35-49,88,72,160
2010,4,Districte IV,7,la Florida,415,25-34,106,104,210
2002,1,Districte I,1,Centre,101,35-49,183,182,365
1998,1,Districte I,1,Centre,123,12-15,23,21,44
2016,3,Districte III,6,Santa Eulàlia,310,50-64,93,77,170
2010,6,Districte VI,12,Bellvitge,612,00-02,9,17,26
1998,6,Districte VI,12,Bellvitge,607,18-24,50,56,106
2011,4,Districte IV,8,les Planes,439,35-49,153,164,317
1995,4,Districte IV,8,les Planes,437,12-15,14,14,28
2002,4,Districte IV,7,la Florida,412,12-15,16,32,48
1994,5,Districte V,10,Pubilla Cases,516,16-17,6,7,13
1995,2,Districte II,5,Collblanc,226,75 i +,73,32,105
2001,5,Districte V,10,Pubilla Cases,522,50-64,61,53,114
1994,4,Districte IV,8,les Planes,435,00-02,8,12,20
2007,6,Districte VI,12,Bellvitge,621,00-02,15,20,35
2014,2,Districte II,5,Collblanc,216,03-11,54,69,123
2007,4,Districte IV,7,la Florida,430,75 i +,53,37,90
1997,5,Districte V,10,Pubilla Cases,510,00-02,8,5,13
2009,6,Districte VI,12,Bellvitge,631,00-02,15,15,30
2015,1,Districte I,1,Centre,110,50-64,115,99,214
1998,4,Districte IV,8,les Planes,440,00-02,9,8,17
2007,4,Districte IV,7,la Florida,423,50-64,77,64,141
2005,2,Districte II,4,la Torrassa,217,65-74,29,27,56
2011,6,Districte VI,12,Bellvitge,630,50-64,114,89,203
2016,4,Districte IV,7,la Florida,405,03-11,77,72,149
2003,3,Districte III,6,Santa Eulàlia,317,75 i +,53,30,83
2006,2,Districte II,4,la Torrassa,231,25-34,108,129,237
2014,6,Districte VI,12,Bellvitge,601,65-74,156,113,269
1994,4,Districte IV,7,la Florida,417,35-49,68,65,133
2005,1,Districte I,3,Sant Josep,139,50-64,92,87,179
1998,5,Districte V,10,Pubilla Cases,515,16-17,5,0,5
2000,4,Districte IV,7,la Florida,426,75 i +,52,35,87
2014,1,Districte I,2,Sanfeliu,118,75 i +,54,44,98
2011,1,Districte I,1,Centre,124,25-34,69,60,129
1994,6,Districte VI,12,Bellvitge,630,65-74,23,21,44
2009,3,Districte III,6,Santa Eulàlia,306,50-64,160,140,300
2015,6,Districte VI,12,Bellvitge,613,65-74,141,93,234
2010,4,Districte IV,7,la Florida,421,75 i +,89,63,152
1998,1,Districte I,1,Centre,124,50-64,82,78,160
2016,6,Districte VI,12,Bellvitge,607,03-11,38,39,77
2012,5,Districte V,10,Pubilla Cases,519,50-64,43,33,76
2008,4,Districte IV,7,la Florida,422,18-24,51,51,102
2004,2,Districte II,4,la Torrassa,249,03-11,31,34,65
2001,5,Districte V,10,Pubilla Cases,515,16-17,9,3,12
2005,1,Districte I,1,Centre,135,00-02,18,16,34
2008,4,Districte IV,7,la Florida,407,75 i +,78,59,137
2009,5,Districte V,10,Pubilla Cases,531,25-34,92,117,209
2012,5,Districte V,10,Pubilla Cases,523,18-24,34,47,81
2003,1,Districte I,3,Sant Josep,127,18-24,44,39,83
2008,5,Districte V,10,Pubilla Cases,534,65-74,55,56,111
1994,2,Districte II,4,la Torrassa,245,00-02,8,4,12
2000,4,Districte IV,7,la Florida,404,00-02,24,16,40
2004,5,Districte V,10,Pubilla Cases,510,75 i +,56,30,86
2001,2,Districte II,5,Collblanc,215,75 i +,56,42,98
2002,2,Districte II,5,Collblanc,202,16-17,4,9,13
1994,2,Districte II,5,Collblanc,221,25-34,98,96,194
2001,2,Districte II,5,Collblanc,226,18-24,47,50,97
2000,2,Districte II,4,la Torrassa,211,35-49,107,108,215
2006,5,Districte V,9,Can Serra,535,16-17,8,15,23
2004,5,Districte V,10,Pubilla Cases,510,25-34,86,106,192
2015,5,Districte V,10,Pubilla Cases,530,65-74,64,42,106
1996,1,Districte I,1,Centre,124,75 i +,30,14,44
1994,5,Districte V,9,Can Serra,501,50-64,85,104,189
2009,5,Districte V,10,Pubilla Cases,510,25-34,81,92,173
1996,1,Districte I,1,Centre,103,18-24,44,38,82
1999,1,Districte I,1,Centre,113,12-15,46,39,85
2014,2,Districte II,5,Collblanc,214,18-24,96,74,170
2009,2,Districte II,5,Collblanc,215,00-02,9,10,19
2012,5,Districte V,10,Pubilla Cases,529,25-34,97,99,196
2005,1,Districte I,1,Centre,110,00-02,11,10,21
2002,2,Districte II,5,Collblanc,244,03-11,23,23,46
2006,3,Districte III,6,Santa Eulàlia,308,18-24,74,80,154
2010,4,Districte IV,8,les Planes,440,25-34,81,70,151
2008,2,Districte II,5,Collblanc,222,25-34,102,115,217
2003,5,Districte V,9,Can Serra,521,50-64,169,171,340
2016,4,Districte IV,7,la Florida,426,35-49,117,164,281
2002,1,Districte I,3,Sant Josep,139,65-74,36,27,63
2006,2,Districte II,5,Collblanc,203,65-74,38,29,67
2011,2,Districte II,5,Collblanc,220,75 i +,56,38,94
1995,1,Districte I,1,Centre,124,16-17,17,11,28
2010,4,Districte IV,7,la Florida,416,75 i +,48,41,89
2000,6,Districte VI,12,Bellvitge,613,35-49,75,73,148
2013,4,Districte IV,7,la Florida,411,35-49,90,96,186
2000,4,Districte IV,8,les Planes,429,65-74,52,35,87
2003,2,Districte II,4,la Torrassa,239,75 i +,84,60,144
2000,4,Districte IV,7,la Florida,407,00-02,12,10,22
1999,2,Districte II,5,Collblanc,215,18-24,29,38,67
2006,3,Districte III,6,Santa Eulàlia,307,65-74,68,58,126
2006,3,Districte III,6,Santa Eulàlia,319,00-02,37,39,76
2003,1,Districte I,3,Sant Josep,120,65-74,53,51,104
1999,6,Districte VI,11,el Gornal,608,18-24,55,74,129
2011,2,Districte II,4,la Torrassa,233,03-11,36,36,72
2009,4,Districte IV,8,les Planes,401,12-15,24,24,48
2008,4,Districte IV,7,la Florida,427,25-34,106,116,222
2002,1,Districte I,2,Sanfeliu,132,65-74,86,86,172
2003,3,Districte III,6,Santa Eulàlia,324,65-74,44,33,77
1995,4,Districte IV,8,les Planes,433,18-24,56,67,123
1998,2,Districte II,5,Collblanc,203,25-34,61,59,120
2012,1,Districte I,1,Centre,130,50-64,65,67,132
2010,3,Districte III,6,Santa Eulàlia,320,16-17,10,8,18
1999,5,Districte V,9,Can Serra,505,50-64,235,222,457
2001,1,Districte I,1,Centre,103,50-64,62,58,120
2006,2,Districte II,5,Collblanc,213,75 i +,49,25,74
2007,4,Districte IV,8,les Planes,434,12-15,14,13,27
2009,3,Districte III,6,Santa Eulàlia,304,12-15,50,30,80
2001,4,Districte IV,8,les Planes,439,35-49,76,77,153
2015,2,Districte II,4,la Torrassa,233,18-24,29,41,70
1997,6,Districte VI,11,el Gornal,616,03-11,79,85,164
2008,1,Districte I,3,Sant Josep,126,65-74,69,79,148
2010,5,Districte V,10,Pubilla Cases,526,03-11,28,27,55
2010,2,Districte II,5,Collblanc,225,75 i +,52,20,72
2016,3,Districte III,6,Santa Eulàlia,316,18-24,70,71,141
2009,5,Districte V,10,Pubilla Cases,515,00-02,7,8,15
2009,2,Districte II,5,Collblanc,209,75 i +,79,61,140
2009,5,Districte V,9,Can Serra,521,12-15,12,11,23
2015,1,Districte I,3,Sant Josep,115,12-15,18,22,40
2010,4,Districte IV,7,la Florida,425,65-74,50,43,93
1996,3,Districte III,6,Santa Eulàlia,310,35-49,107,117,224
1997,3,Districte III,6,Santa Eulàlia,315,16-17,14,25,39
1994,5,Districte V,10,Pubilla Cases,531,65-74,50,37,87
1997,2,Districte II,4,la Torrassa,248,50-64,92,94,186
1998,6,Districte VI,11,el Gornal,622,18-24,68,73,141
2011,2,Districte II,4,la Torrassa,241,12-15,26,17,43
2008,6,Districte VI,12,Bellvitge,603,00-02,10,11,21
2000,6,Districte VI,12,Bellvitge,618,00-02,3,5,8
2015,1,Districte I,3,Sant Josep,122,35-49,117,117,234
2016,3,Districte III,6,Santa Eulàlia,310,16-17,6,9,15
2007,5,Districte V,10,Pubilla Cases,513,18-24,33,19,52
2014,4,Districte IV,7,la Florida,412,25-34,101,105,206
2003,1,Districte I,3,Sant Josep,138,12-15,14,15,29
2008,5,Districte V,9,Can Serra,503,00-02,13,7,20
1998,5,Districte V,9,Can Serra,501,12-15,24,21,45
2002,6,Districte VI,12,Bellvitge,624,18-24,64,69,133
2011,4,Districte IV,8,les Planes,438,16-17,4,9,13
2005,1,Districte I,3,Sant Josep,138,12-15,12,15,27
1994,6,Districte VI,12,Bellvitge,618,25-34,44,46,90
1996,6,Districte VI,11,el Gornal,629,65-74,34,28,62
2006,4,Districte IV,7,la Florida,430,12-15,16,12,28
2002,2,Districte II,4,la Torrassa,230,12-15,11,17,28
2013,2,Districte II,4,la Torrassa,232,50-64,89,68,157
1994,3,Districte III,6,Santa Eulàlia,317,75 i +,41,16,57
2002,4,Districte IV,8,les Planes,418,50-64,120,91,211
2005,1,Districte I,3,Sant Josep,127,65-74,40,38,78
1996,4,Districte IV,7,la Florida,422,18-24,44,42,86
2002,4,Districte IV,7,la Florida,432,50-64,159,154,313
2006,4,Districte IV,7,la Florida,415,65-74,26,27,53
2002,4,Districte IV,8,les Planes,401,65-74,99,70,169
1995,6,Districte VI,11,el Gornal,617,03-11,55,53,108
2009,3,Districte III,6,Santa Eulàlia,318,03-11,28,38,66
2005,4,Districte IV,7,la Florida,416,16-17,9,9,18
2010,2,Districte II,5,Collblanc,219,18-24,58,53,111
1999,5,Districte V,10,Pubilla Cases,531,03-11,24,27,51
1994,2,Districte II,5,Collblanc,210,25-34,54,74,128
1996,5,Districte V,10,Pubilla Cases,526,18-24,41,51,92
2007,6,Districte VI,12,Bellvitge,614,03-11,33,28,61
2007,3,Districte III,6,Santa Eulàlia,322,50-64,104,101,205
2006,4,Districte IV,7,la Florida,430,75 i +,56,36,92
2002,3,Districte III,6,Santa Eulàlia,305,50-64,112,121,233
2001,4,Districte IV,7,la Florida,421,50-64,133,96,229
2002,2,Districte II,4,la Torrassa,235,65-74,99,81,180
2004,2,Districte II,4,la Torrassa,238,75 i +,74,32,106
2007,6,Districte VI,11,el Gornal,617,16-17,11,8,19
2016,6,Districte VI,12,Bellvitge,602,12-15,23,27,50
1994,4,Districte IV,7,la Florida,403,03-11,46,43,89
1996,1,Districte I,3,Sant Josep,119,00-02,5,10,15
2010,3,Districte III,6,Santa Eulàlia,325,50-64,186,161,347
2015,3,Districte III,6,Santa Eulàlia,327,65-74,59,51,110
2000,4,Districte IV,7,la Florida,415,16-17,6,4,10
2003,2,Districte II,5,Collblanc,203,12-15,8,16,24
1994,5,Districte V,9,Can Serra,507,16-17,12,17,29
2008,2,Districte II,4,la Torrassa,247,50-64,107,94,201
1997,2,Districte II,5,Collblanc,213,65-74,61,49,110
2011,3,Districte III,6,Santa Eulàlia,306,00-02,26,16,42
1995,6,Districte VI,12,Bellvitge,611,03-11,61,45,106
2007,2,Districte II,4,la Torrassa,249,25-34,115,105,220
2003,1,Districte I,3,Sant Josep,126,35-49,62,71,133
2012,4,Districte IV,8,les Planes,441,35-49,206,219,425
1998,2,Districte II,5,Collblanc,213,50-64,87,97,184
2001,4,Districte IV,7,la Florida,417,03-11,24,16,40
2016,2,Districte II,5,Collblanc,204,12-15,28,19,47
2015,1,Districte I,3,Sant Josep,136,12-15,24,24,48
2004,1,Districte I,3,Sant Josep,117,25-34,185,192,377
2004,1,Districte I,3,Sant Josep,127,35-49,110,110,220
2013,4,Districte IV,8,les Planes,420,03-11,100,82,182
2010,5,Districte V,9,Can Serra,502,25-34,152,148,300
2004,1,Districte I,1,Centre,105,35-49,157,125,282
1995,1,Districte I,3,Sant Josep,125,16-17,20,39,59
2012,6,Districte VI,12,Bellvitge,623,35-49,157,181,338
2003,5,Districte V,10,Pubilla Cases,510,35-49,92,112,204
1996,5,Districte V,9,Can Serra,504,18-24,105,111,216
2000,5,Districte V,9,Can Serra,501,75 i +,19,11,30
1994,5,Districte V,10,Pubilla Cases,536,75 i +,26,26,52
2003,6,Districte VI,12,Bellvitge,628,35-49,94,88,182
2010,4,Districte IV,7,la Florida,406,25-34,137,126,263
2000,2,Districte II,5,Collblanc,215,75 i +,62,41,103
2013,5,Districte V,10,Pubilla Cases,524,03-11,59,57,116
2008,2,Districte II,4,la Torrassa,234,75 i +,79,44,123
2006,1,Districte I,1,Centre,103,16-17,4,3,7
2001,1,Districte I,3,Sant Josep,138,25-34,62,58,120
2000,3,Districte III,6,Santa Eulàlia,317,50-64,58,55,113
1995,6,Districte VI,12,Bellvitge,614,03-11,23,39,62
2010,2,Districte II,5,Collblanc,204,75 i +,44,20,64
2005,6,Districte VI,12,Bellvitge,603,03-11,23,25,48
2013,4,Districte IV,7,la Florida,416,25-34,103,99,202
2005,3,Districte III,6,Santa Eulàlia,304,00-02,20,18,38
1995,2,Districte II,5,Collblanc,225,03-11,18,28,46
1998,2,Districte II,5,Collblanc,209,00-02,7,7,14
2013,3,Districte III,6,Santa Eulàlia,307,35-49,132,125,257
1994,1,Districte I,1,Centre,110,16-17,29,35,64
1996,5,Districte V,10,Pubilla Cases,528,12-15,16,21,37
2008,2,Districte II,4,la Torrassa,238,16-17,10,8,18
2014,5,Districte V,9,Can Serra,521,25-34,49,46,95
2005,6,Districte VI,11,el Gornal,632,25-34,87,95,182
2016,5,Districte V,10,Pubilla Cases,518,12-15,21,20,41
1999,1,Districte I,3,Sant Josep,106,50-64,148,175,323
1995,4,Districte IV,7,la Florida,413,50-64,62,56,118
2010,2,Districte II,5,Collblanc,216,12-15,25,18,43
2008,4,Districte IV,7,la Florida,427,00-02,24,22,46
2005,5,Districte V,10,Pubilla Cases,529,12-15,26,27,53
2007,1,Districte I,1,Centre,130,35-49,123,131,254
2008,4,Districte IV,7,la Florida,428,03-11,29,20,49
2004,1,Districte I,3,Sant Josep,115,50-64,119,128,247
2001,2,Districte II,4,la Torrassa,246,16-17,9,5,14
1999,4,Districte IV,7,la Florida,426,25-34,69,72,141
2001,2,Districte II,5,Collblanc,221,03-11,35,41,76
2004,5,Districte V,10,Pubilla Cases,532,16-17,16,14,30
2014,1,Districte I,3,Sant Josep,137,75 i +,57,41,98
1999,2,Districte II,5,Collblanc,224,25-34,46,51,97
2004,1,Districte I,3,Sant Josep,138,75 i +,30,16,46
2000,2,Districte II,4,la Torrassa,231,75 i +,93,47,140
2012,4,Districte IV,7,la Florida,430,16-17,8,11,19
2011,4,Districte IV,8,les Planes,429,65-74,24,22,46
2008,5,Districte V,10,Pubilla Cases,527,35-49,136,159,295
2005,2,Districte II,5,Collblanc,216,35-49,135,126,261
1994,5,Districte V,10,Pubilla Cases,531,00-02,14,11,25
1995,5,Districte V,9,Can Serra,521,35-49,163,123,286
2009,5,Districte V,10,Pubilla Cases,527,18-24,64,46,110
1995,5,Districte V,10,Pubilla Cases,530,12-15,19,28,47
1999,6,Districte VI,12,Bellvitge,624,35-49,105,73,178
2016,1,Districte I,2,Sanfeliu,118,00-02,13,17,30
1995,2,Districte II,5,Collblanc,222,35-49,75,70,145
2008,3,Districte III,6,Santa Eulàlia,320,18-24,34,33,67
2011,2,Districte II,5,Collblanc,226,18-24,49,53,102
2006,4,Districte IV,8,les Planes,401,18-24,59,71,130
2011,4,Districte IV,8,les Planes,441,16-17,21,7,28
2007,2,Districte II,5,Collblanc,219,25-34,110,128,238
2000,5,Districte V,10,Pubilla Cases,520,75 i +,43,25,68
2009,4,Districte IV,7,la Florida,422,25-34,104,128,232
1994,2,Districte II,4,la Torrassa,249,25-34,94,98,192
2000,1,Districte I,3,Sant Josep,127,35-49,100,97,197
2004,5,Districte V,10,Pubilla Cases,528,03-11,46,43,89
2003,2,Districte II,4,la Torrassa,245,16-17,7,9,16
2011,2,Districte II,4,la Torrassa,234,12-15,17,14,31
2002,6,Districte VI,11,el Gornal,632,65-74,59,51,110
2013,6,Districte VI,11,el Gornal,622,00-02,6,10,16
2014,2,Districte II,4,la Torrassa,217,50-64,116,122,238
2001,2,Districte II,5,Collblanc,223,75 i +,74,29,103
2009,5,Districte V,9,Can Serra,503,50-64,116,103,219
1995,1,Districte I,1,Centre,109,35-49,148,143,291
2005,5,Districte V,9,Can Serra,507,75 i +,37,18,55
1994,2,Districte II,4,la Torrassa,243,00-02,17,22,39
1996,5,Districte V,10,Pubilla Cases,536,65-74,72,65,137
2016,1,Districte I,1,Centre,124,16-17,5,4,9
2006,2,Districte II,5,Collblanc,222,50-64,74,69,143
1995,2,Districte II,4,la Torrassa,241,75 i +,41,22,63
2007,5,Districte V,9,Can Serra,535,16-17,9,12,21
2008,6,Districte VI,12,Bellvitge,602,16-17,5,7,12
2014,1,Districte I,1,Centre,113,50-64,212,165,377
1996,5,Districte V,9,Can Serra,503,65-74,27,19,46
2003,4,Districte IV,8,les Planes,401,65-74,97,67,164
2004,3,Districte III,6,Santa Eulàlia,308,16-17,19,22,41
1994,4,Districte IV,7,la Florida,403,16-17,19,19,38
2000,6,Districte VI,11,el Gornal,632,18-24,65,72,137
2011,1,Districte I,3,Sant Josep,121,12-15,20,16,36
1997,5,Districte V,10,Pubilla Cases,522,00-02,5,6,11
2000,4,Districte IV,7,la Florida,406,18-24,73,77,150
1995,2,Districte II,4,la Torrassa,230,25-34,81,88,169
2015,2,Districte II,5,Collblanc,208,18-24,50,51,101
2012,2,Districte II,4,la Torrassa,232,50-64,86,74,160
1996,5,Districte V,9,Can Serra,535,16-17,17,27,44
2002,5,Districte V,9,Can Serra,503,65-74,34,20,54
1998,1,Districte I,3,Sant Josep,115,16-17,23,19,42
2002,4,Districte IV,7,la Florida,428,00-02,4,5,9
2016,6,Districte VI,11,el Gornal,608,03-11,48,45,93
1999,1,Districte I,1,Centre,135,35-49,174,161,335
2004,1,Districte I,3,Sant Josep,117,00-02,22,29,51
2001,2,Districte II,4,la Torrassa,235,25-34,127,110,237
2014,1,Districte I,1,Centre,112,03-11,66,66,132
2001,2,Districte II,4,la Torrassa,234,12-15,14,13,27
2016,5,Districte V,10,Pubilla Cases,518,75 i +,86,58,144
2011,6,Districte VI,12,Bellvitge,610,65-74,123,118,241
2015,1,Districte I,3,Sant Josep,121,65-74,23,22,45
2007,1,Districte I,3,Sant Josep,139,12-15,15,14,29
2014,4,Districte IV,8,les Planes,418,16-17,9,19,28
2009,4,Districte IV,7,la Florida,407,03-11,45,39,84
1994,6,Districte VI,12,Bellvitge,611,18-24,170,182,352
2016,2,Districte II,5,Collblanc,214,35-49,306,304,610
2004,3,Districte III,6,Santa Eulàlia,321,35-49,288,278,566
2002,4,Districte IV,8,les Planes,433,25-34,115,104,219
2005,5,Districte V,10,Pubilla Cases,528,75 i +,54,42,96
2013,2,Districte II,5,Collblanc,214,65-74,92,61,153
2006,4,Districte IV,8,les Planes,433,16-17,16,9,25
1996,2,Districte II,5,Collblanc,207,00-02,9,7,16
1994,4,Districte IV,7,la Florida,407,16-17,12,17,29
1997,4,Districte IV,7,la Florida,426,12-15,9,18,27
2014,4,Districte IV,7,la Florida,416,18-24,64,62,126
1994,5,Districte V,10,Pubilla Cases,520,35-49,86,88,174
2006,2,Districte II,4,la Torrassa,239,12-15,13,19,32
2014,1,Districte I,1,Centre,102,12-15,35,29,64
1997,1,Districte I,2,Sanfeliu,118,18-24,154,166,320
2001,3,Districte III,6,Santa Eulàlia,320,65-74,27,12,39
2004,1,Districte I,3,Sant Josep,137,75 i +,55,30,85
2005,5,Districte V,10,Pubilla Cases,510,50-64,105,86,191
2003,2,Districte II,4,la Torrassa,229,12-15,16,10,26
2015,5,Districte V,9,Can Serra,535,03-11,31,31,62
1996,6,Districte VI,12,Bellvitge,620,18-24,71,48,119
2004,1,Districte I,1,Centre,113,12-15,31,32,63
2004,2,Districte II,4,la Torrassa,247,65-74,71,62,133
1994,3,Districte III,6,Santa Eulàlia,305,16-17,21,22,43
2002,1,Districte I,1,Centre,108,35-49,158,130,288
2009,2,Districte II,4,la Torrassa,229,50-64,60,54,114
1997,4,Districte IV,8,les Planes,440,65-74,50,47,97
2007,1,Districte I,3,Sant Josep,127,75 i +,40,31,71
2008,3,Districte III,6,Santa Eulàlia,303,18-24,41,37,78
2011,5,Districte V,9,Can Serra,504,75 i +,86,69,155
2008,1,Districte I,3,Sant Josep,127,75 i +,44,29,73
2011,4,Districte IV,7,la Florida,407,50-64,78,76,154
2014,4,Districte IV,7,la Florida,402,75 i +,58,42,100
1995,6,Districte VI,12,Bellvitge,625,75 i +,12,6,18
2012,5,Districte V,9,Can Serra,535,35-49,85,99,184
2014,6,Districte VI,12,Bellvitge,606,25-34,66,64,130
2005,6,Districte VI,12,Bellvitge,628,18-24,44,43,87
2003,4,Districte IV,7,la Florida,410,12-15,16,19,35
1997,2,Districte II,4,la Torrassa,243,12-15,28,16,44
2008,5,Districte V,10,Pubilla Cases,534,16-17,7,9,16
2005,3,Districte III,6,Santa Eulàlia,305,03-11,66,46,112
2000,4,Districte IV,8,les Planes,418,50-64,126,108,234
1994,1,Districte I,1,Centre,104,65-74,71,52,123
2008,3,Districte III,6,Santa Eulàlia,306,00-02,22,26,48
2003,5,Districte V,9,Can Serra,505,18-24,73,41,114
1995,1,Districte I,3,Sant Josep,106,03-11,98,96,194
2001,1,Districte I,1,Centre,109,25-34,88,81,169
2014,1,Districte I,1,Centre,107,00-02,22,13,35
1999,5,Districte V,10,Pubilla Cases,513,25-34,61,62,123
2010,5,Districte V,10,Pubilla Cases,527,18-24,47,44,91
2000,2,Districte II,4,la Torrassa,234,00-02,11,5,16
1999,6,Districte VI,12,Bellvitge,609,12-15,14,12,26
2010,1,Districte I,1,Centre,112,18-24,46,64,110
2008,6,Districte VI,12,Bellvitge,614,00-02,17,13,30
2011,2,Districte II,5,Collblanc,209,75 i +,78,68,146
2001,2,Districte II,4,la Torrassa,217,25-34,39,59,98
2013,1,Districte I,3,Sant Josep,127,25-34,66,54,120
2003,2,Districte II,5,Collblanc,223,75 i +,75,31,106
2001,4,Districte IV,7,la Florida,424,65-74,36,43,79
2000,5,Districte V,10,Pubilla Cases,525,50-64,91,81,172
2003,5,Districte V,10,Pubilla Cases,533,00-02,9,15,24
2008,6,Districte VI,12,Bellvitge,627,65-74,46,50,96
2013,2,Districte II,4,la Torrassa,236,00-02,13,17,30
2010,4,Districte IV,7,la Florida,409,50-64,55,52,107
2000,6,Districte VI,12,Bellvitge,631,50-64,174,168,342
2005,3,Districte III,6,Santa Eulàlia,310,18-24,58,42,100
2006,2,Districte II,5,Collblanc,219,35-49,153,173,326
1995,5,Districte V,10,Pubilla Cases,529,16-17,9,8,17
2001,5,Districte V,10,Pubilla Cases,534,03-11,30,29,59
2004,5,Districte V,9,Can Serra,503,12-15,10,18,28
2004,5,Districte V,10,Pubilla Cases,534,25-34,100,142,242
2003,1,Districte I,1,Centre,123,50-64,105,100,205
2003,4,Districte IV,8,les Planes,418,50-64,116,98,214
2016,1,Districte I,1,Centre,128,16-17,10,8,18
2006,1,Districte I,1,Centre,113,00-02,20,28,48
2002,2,Districte II,5,Collblanc,210,03-11,23,18,41
2005,5,Districte V,10,Pubilla Cases,517,65-74,71,64,135
1999,4,Districte IV,8,les Planes,401,16-17,15,17,32
2010,5,Districte V,10,Pubilla Cases,522,12-15,7,21,28
1998,2,Districte II,4,la Torrassa,238,12-15,12,14,26
2001,2,Districte II,4,la Torrassa,211,75 i +,77,52,129
2012,1,Districte I,3,Sant Josep,136,35-49,167,167,334
2008,6,Districte VI,12,Bellvitge,625,00-02,10,11,21
2003,1,Districte I,1,Centre,102,25-34,143,162,305
2010,2,Districte II,5,Collblanc,208,12-15,22,28,50
2013,6,Districte VI,12,Bellvitge,621,25-34,85,107,192
1995,2,Districte II,5,Collblanc,209,16-17,8,10,18
1999,3,Districte III,6,Santa Eulàlia,303,65-74,95,108,203
2011,4,Districte IV,7,la Florida,432,75 i +,71,51,122
2008,3,Districte III,6,Santa Eulàlia,306,03-11,55,58,113
2000,2,Districte II,5,Collblanc,216,75 i +,50,37,87
2004,2,Districte II,4,la Torrassa,239,25-34,95,134,229
2010,5,Districte V,9,Can Serra,505,18-24,35,22,57
2008,2,Districte II,4,la Torrassa,233,00-02,21,18,39
1998,3,Districte III,6,Santa Eulàlia,305,00-02,9,16,25
2010,5,Districte V,10,Pubilla Cases,517,50-64,80,76,156
2014,1,Districte I,2,Sanfeliu,129,00-02,14,21,35
2000,5,Districte V,10,Pubilla Cases,522,00-02,10,8,18
2000,4,Districte IV,8,les Planes,439,16-17,5,10,15
1997,4,Districte IV,8,les Planes,440,25-34,71,96,167
2000,5,Districte V,10,Pubilla Cases,531,35-49,80,83,163
1995,6,Districte VI,12,Bellvitge,623,03-11,57,60,117
2002,3,Districte III,6,Santa Eulàlia,314,12-15,47,60,107
1994,4,Districte IV,8,les Planes,420,65-74,81,54,135
2014,2,Districte II,4,la Torrassa,217,16-17,13,12,25
2000,1,Districte I,1,Centre,111,00-02,7,17,24
1999,3,Districte III,6,Santa Eulàlia,321,75 i +,84,42,126
1996,6,Districte VI,12,Bellvitge,610,00-02,6,12,18
2012,2,Districte II,5,Collblanc,212,25-34,122,132,254
1994,5,Districte V,10,Pubilla Cases,527,35-49,85,90,175
2010,1,Districte I,1,Centre,134,35-49,165,155,320
2013,4,Districte IV,7,la Florida,432,75 i +,71,50,121
2006,1,Districte I,1,Centre,123,16-17,12,14,26
1997,4,Districte IV,7,la Florida,403,12-15,31,20,51
2013,1,Districte I,1,Centre,128,18-24,26,27,53
2015,4,Districte IV,7,la Florida,402,18-24,32,20,52
1998,1,Districte I,3,Sant Josep,140,16-17,8,5,13
1997,3,Districte III,6,Santa Eulàlia,306,12-15,39,30,69
2011,2,Districte II,5,Collblanc,208,03-11,43,55,98
1999,5,Districte V,10,Pubilla Cases,509,50-64,79,86,165
2004,2,Districte II,5,Collblanc,214,18-24,35,37,72
1994,4,Districte IV,7,la Florida,421,75 i +,38,32,70
2000,6,Districte VI,12,Bellvitge,615,18-24,55,54,109
2016,3,Districte III,6,Santa Eulàlia,307,35-49,140,135,275
2011,5,Districte V,10,Pubilla Cases,537,03-11,59,35,94
2014,4,Districte IV,7,la Florida,403,65-74,91,58,149
2012,1,Districte I,3,Sant Josep,137,50-64,151,134,285
2006,2,Districte II,4,la Torrassa,228,00-02,9,19,28
1994,5,Districte V,10,Pubilla Cases,508,25-34,45,60,105
2016,3,Districte III,6,Santa Eulàlia,327,50-64,171,127,298
2004,6,Districte VI,12,Bellvitge,627,12-15,12,25,37
1999,1,Districte I,1,Centre,108,00-02,19,14,33
2015,4,Districte IV,8,les Planes,401,16-17,8,21,29
2015,6,Districte VI,12,Bellvitge,601,03-11,79,96,175
2002,6,Districte VI,12,Bellvitge,631,75 i +,32,18,50
1999,1,Districte I,3,Sant Josep,119,50-64,161,169,330
2014,6,Districte VI,12,Bellvitge,611,50-64,117,122,239
2010,4,Districte IV,7,la Florida,406,50-64,122,118,240
2007,2,Districte II,4,la Torrassa,241,65-74,39,40,79
2004,5,Districte V,10,Pubilla Cases,524,65-74,77,58,135
2009,6,Districte VI,12,Bellvitge,614,16-17,7,11,18
1996,1,Districte I,3,Sant Josep,136,18-24,55,72,127
2014,5,Districte V,10,Pubilla Cases,538,50-64,106,87,193
1998,4,Districte IV,8,les Planes,436,16-17,6,7,13
2000,2,Districte II,5,Collblanc,213,16-17,9,13,22
2005,5,Districte V,9,Can Serra,521,00-02,6,14,20
1997,4,Districte IV,8,les Planes,437,65-74,40,38,78
1998,4,Districte IV,7,la Florida,422,03-11,31,41,72
2007,4,Districte IV,7,la Florida,425,75 i +,59,47,106
2014,3,Districte III,6,Santa Eulàlia,317,00-02,17,15,32
2008,1,Districte I,1,Centre,124,18-24,34,31,65
2005,2,Districte II,4,la Torrassa,232,25-34,110,115,225
2007,2,Districte II,4,la Torrassa,242,00-02,16,15,31
2004,1,Districte I,3,Sant Josep,126,00-02,16,14,30
2010,5,Districte V,9,Can Serra,535,03-11,27,37,64
2007,5,Districte V,10,Pubilla Cases,513,03-11,37,30,67
2014,6,Districte VI,12,Bellvitge,624,35-49,102,129,231
2006,2,Districte II,5,Collblanc,206,00-02,8,17,25
1994,4,Districte IV,7,la Florida,415,35-49,60,62,122
2008,5,Districte V,10,Pubilla Cases,524,75 i +,64,40,104
2011,5,Districte V,10,Pubilla Cases,514,16-17,11,5,16
2001,1,Districte I,1,Centre,133,00-02,4,10,14
1997,4,Districte IV,7,la Florida,422,25-34,75,78,153
1996,4,Districte IV,8,les Planes,434,65-74,73,45,118
2001,2,Districte II,4,la Torrassa,237,03-11,36,30,66
1994,3,Districte III,6,Santa Eulàlia,325,12-15,53,38,91
2010,4,Districte IV,7,la Florida,427,35-49,121,161,282
1995,5,Districte V,10,Pubilla Cases,518,75 i +,49,21,70
1996,6,Districte VI,12,Bellvitge,605,03-11,16,15,31
2004,5,Districte V,10,Pubilla Cases,508,18-24,34,37,71
2014,6,Districte VI,12,Bellvitge,630,03-11,26,35,61
2009,1,Districte I,3,Sant Josep,119,16-17,10,13,23
2010,5,Districte V,10,Pubilla Cases,532,50-64,109,71,180
2009,3,Districte III,6,Santa Eulàlia,318,00-02,10,11,21
2012,2,Districte II,4,la Torrassa,246,75 i +,76,45,121
2001,5,Districte V,10,Pubilla Cases,510,12-15,16,18,34
2011,5,Districte V,9,Can Serra,535,25-34,55,55,110
1996,3,Districte III,6,Santa Eulàlia,303,50-64,222,220,442
2010,4,Districte IV,7,la Florida,431,03-11,81,76,157
1995,6,Districte VI,12,Bellvitge,630,03-11,40,39,79
1994,6,Districte VI,12,Bellvitge,612,16-17,23,27,50
1997,4,Districte IV,8,les Planes,419,65-74,41,35,76
2006,6,Districte VI,11,el Gornal,622,65-74,35,29,64
1999,2,Districte II,4,la Torrassa,230,35-49,46,67,113
2000,1,Districte I,2,Sanfeliu,116,75 i +,56,25,81
2014,4,Districte IV,7,la Florida,405,18-24,71,63,134
2009,6,Districte VI,12,Bellvitge,625,75 i +,44,24,68
2014,4,Districte IV,8,les Planes,435,50-64,84,84,168
1997,4,Districte IV,7,la Florida,428,18-24,18,22,40
2010,4,Districte IV,8,les Planes,401,65-74,56,54,110
2002,6,Districte VI,12,Bellvitge,615,00-02,12,5,17
2011,1,Districte I,3,Sant Josep,106,75 i +,77,33,110
1998,3,Districte III,6,Santa Eulàlia,304,16-17,9,7,16
2012,6,Districte VI,12,Bellvitge,621,50-64,173,131,304
1994,3,Districte III,6,Santa Eulàlia,302,16-17,37,35,72
2002,4,Districte IV,7,la Florida,415,12-15,10,6,16
2004,1,Districte I,1,Centre,113,25-34,126,140,266
2016,4,Districte IV,7,la Florida,407,12-15,17,23,40
1996,5,Districte V,9,Can Serra,502,12-15,42,25,67
2011,1,Districte I,1,Centre,123,65-74,54,50,104
2012,2,Districte II,4,la Torrassa,249,35-49,141,149,290
2009,2,Districte II,5,Collblanc,202,25-34,100,117,217
2000,4,Districte IV,8,les Planes,435,50-64,77,66,143
2006,4,Districte IV,7,la Florida,403,18-24,64,52,116
2005,2,Districte II,4,la Torrassa,218,50-64,81,67,148
2007,2,Districte II,4,la Torrassa,243,25-34,136,138,274
2014,2,Districte II,4,la Torrassa,229,65-74,63,30,93
1994,3,Districte III,6,Santa Eulàlia,316,50-64,95,111,206
2003,5,Districte V,10,Pubilla Cases,515,18-24,21,17,38
2007,2,Districte II,5,Collblanc,220,50-64,62,51,113
1996,3,Districte III,6,Santa Eulàlia,303,65-74,81,95,176
2011,6,Districte VI,12,Bellvitge,601,12-15,13,17,30
2016,4,Districte IV,7,la Florida,411,18-24,33,24,57
2003,2,Districte II,4,la Torrassa,247,65-74,79,62,141
2003,5,Districte V,10,Pubilla Cases,527,12-15,26,18,44
2009,4,Districte IV,8,les Planes,401,16-17,21,4,25
2009,5,Districte V,10,Pubilla Cases,525,16-17,8,11,19
1997,5,Districte V,9,Can Serra,503,03-11,49,46,95
1997,1,Districte I,1,Centre,123,12-15,27,25,52
2002,2,Districte II,4,la Torrassa,238,75 i +,64,29,93
2001,3,Districte III,6,Santa Eulàlia,309,03-11,23,34,57
1999,4,Districte IV,8,les Planes,441,00-02,10,14,24
2001,6,Districte VI,12,Bellvitge,609,16-17,4,5,9
2013,6,Districte VI,12,Bellvitge,611,35-49,238,283,521
2012,2,Districte II,4,la Torrassa,240,12-15,10,10,20
1999,4,Districte IV,7,la Florida,403,16-17,20,14,34
1994,5,Districte V,10,Pubilla Cases,510,25-34,80,103,183
2016,1,Districte I,3,Sant Josep,127,00-02,14,6,20
1999,1,Districte I,3,Sant Josep,139,35-49,94,92,186
2001,5,Districte V,10,Pubilla Cases,514,50-64,58,45,103
2005,2,Districte II,5,Collblanc,214,50-64,55,47,102
1995,6,Districte VI,12,Bellvitge,624,75 i +,23,14,37
1998,2,Districte II,5,Collblanc,215,50-64,85,61,146
2010,2,Districte II,4,la Torrassa,237,65-74,62,47,109
1997,5,Districte V,9,Can Serra,504,12-15,22,14,36
2014,5,Districte V,10,Pubilla Cases,528,35-49,171,160,331
1998,6,Districte VI,12,Bellvitge,618,25-34,45,66,111
2003,6,Districte VI,12,Bellvitge,613,65-74,71,72,143
2003,2,Districte II,5,Collblanc,213,75 i +,37,23,60
2002,2,Districte II,4,la Torrassa,239,18-24,49,40,89
2014,2,Districte II,4,la Torrassa,237,50-64,108,107,215
2015,1,Districte I,3,Sant Josep,120,35-49,195,191,386
2003,2,Districte II,5,Collblanc,219,18-24,45,58,103
2010,6,Districte VI,12,Bellvitge,603,12-15,17,13,30
2011,1,Districte I,1,Centre,111,00-02,11,6,17
2013,4,Districte IV,8,les Planes,435,18-24,37,47,84
2003,2,Districte II,4,la Torrassa,232,03-11,41,22,63
2007,4,Districte IV,7,la Florida,412,12-15,32,34,66
2011,2,Districte II,5,Collblanc,226,65-74,48,38,86
2004,4,Districte IV,8,les Planes,440,00-02,11,9,20
2005,3,Districte III,6,Santa Eulàlia,303,12-15,17,16,33
2012,6,Districte VI,12,Bellvitge,631,35-49,117,137,254
1999,5,Districte V,9,Can Serra,506,16-17,22,27,49
1998,5,Districte V,10,Pubilla Cases,523,16-17,18,19,37
2006,5,Districte V,10,Pubilla Cases,512,12-15,21,10,31
2007,3,Districte III,6,Santa Eulàlia,315,18-24,66,67,133
2008,1,Districte I,3,Sant Josep,115,03-11,36,40,76
2002,4,Districte IV,8,les Planes,434,03-11,23,21,44
1997,6,Districte VI,12,Bellvitge,605,18-24,51,66,117
2001,2,Districte II,4,la Torrassa,238,18-24,28,29,57
2003,3,Districte III,6,Santa Eulàlia,303,65-74,126,140,266
1994,5,Districte V,10,Pubilla Cases,532,03-11,45,44,89
2012,3,Districte III,6,Santa Eulàlia,305,35-49,183,177,360
2006,2,Districte II,5,Collblanc,219,12-15,24,13,37
1994,3,Districte III,6,Santa Eulàlia,316,65-74,35,26,61
2007,1,Districte I,1,Centre,124,12-15,6,13,19
2011,5,Districte V,10,Pubilla Cases,514,75 i +,47,32,79
2002,1,Districte I,1,Centre,112,12-15,27,35,62
2009,4,Districte IV,8,les Planes,418,35-49,172,171,343
2000,6,Districte VI,12,Bellvitge,627,03-11,25,45,70
1996,1,Districte I,3,Sant Josep,120,65-74,65,45,110
1998,1,Districte I,1,Centre,123,35-49,130,126,256
2007,5,Districte V,10,Pubilla Cases,509,16-17,8,3,11
1994,2,Districte II,5,Collblanc,224,35-49,57,48,105
2009,6,Districte VI,12,Bellvitge,620,16-17,11,5,16
2005,2,Districte II,4,la Torrassa,230,65-74,40,39,79
1998,4,Districte IV,7,la Florida,431,12-15,26,28,54
1997,6,Districte VI,12,Bellvitge,613,16-17,11,12,23
1996,2,Districte II,5,Collblanc,208,00-02,11,11,22
2003,2,Districte II,5,Collblanc,202,12-15,7,9,16
1995,4,Districte IV,8,les Planes,438,65-74,29,26,55
1994,2,Districte II,5,Collblanc,223,12-15,18,24,42
2008,2,Districte II,5,Collblanc,206,25-34,86,120,206
2016,6,Districte VI,12,Bellvitge,625,12-15,25,25,50
2007,2,Districte II,4,la Torrassa,241,35-49,113,96,209
1995,4,Districte IV,7,la Florida,423,00-02,9,5,14
1996,1,Districte I,1,Centre,113,12-15,48,44,92
1994,4,Districte IV,8,les Planes,436,25-34,75,86,161
2002,1,Districte I,1,Centre,110,35-49,131,108,239
1999,1,Districte I,1,Centre,133,35-49,95,81,176
2012,5,Districte V,10,Pubilla Cases,520,50-64,82,58,140
1999,1,Districte I,1,Centre,135,12-15,33,31,64
2013,3,Districte III,6,Santa Eulàlia,304,50-64,146,124,270
2005,3,Districte III,6,Santa Eulàlia,325,03-11,68,66,134
2003,1,Districte I,3,Sant Josep,138,35-49,91,84,175
2014,6,Districte VI,12,Bellvitge,627,35-49,93,97,190
2008,1,Districte I,1,Centre,113,12-15,18,27,45
2009,2,Districte II,5,Collblanc,226,03-11,42,39,81
2011,2,Districte II,4,la Torrassa,236,12-15,19,17,36
2014,1,Districte I,1,Centre,108,65-74,61,53,114
2006,5,Districte V,10,Pubilla Cases,510,00-02,9,14,23
2016,3,Districte III,6,Santa Eulàlia,308,12-15,42,46,88
1998,1,Districte I,3,Sant Josep,106,65-74,55,38,93
1996,2,Districte II,4,la Torrassa,238,50-64,72,68,140
2002,5,Districte V,10,Pubilla Cases,517,03-11,46,48,94
2005,3,Districte III,6,Santa Eulàlia,325,50-64,194,179,373
1995,3,Districte III,6,Santa Eulàlia,308,65-74,72,60,132
2009,4,Districte IV,7,la Florida,427,12-15,21,22,43
2015,2,Districte II,5,Collblanc,207,50-64,170,150,320
2002,5,Districte V,10,Pubilla Cases,536,35-49,85,91,176
2000,6,Districte VI,12,Bellvitge,625,16-17,38,20,58
2016,2,Districte II,5,Collblanc,205,65-74,52,37,89
2000,6,Districte VI,11,el Gornal,629,16-17,5,9,14
2012,6,Districte VI,12,Bellvitge,620,16-17,3,5,8
2007,4,Districte IV,8,les Planes,419,16-17,9,7,16
2008,5,Districte V,10,Pubilla Cases,531,03-11,34,37,71
2011,2,Districte II,5,Collblanc,209,65-74,52,32,84
2004,5,Districte V,10,Pubilla Cases,509,00-02,8,12,20
1994,2,Districte II,4,la Torrassa,241,25-34,50,51,101
1998,3,Districte III,6,Santa Eulàlia,320,50-64,86,80,166
1994,1,Districte I,3,Sant Josep,136,25-34,96,102,198
2002,3,Districte III,6,Santa Eulàlia,306,25-34,124,130,254
1995,1,Districte I,1,Centre,111,25-34,85,92,177
2008,1,Districte I,1,Centre,112,12-15,38,22,60
2003,2,Districte II,4,la Torrassa,248,35-49,135,148,283
2006,5,Districte V,10,Pubilla Cases,536,16-17,9,4,13
2008,3,Districte III,6,Santa Eulàlia,309,18-24,25,33,58
2009,4,Districte IV,7,la Florida,411,16-17,9,7,16
1995,4,Districte IV,8,les Planes,440,12-15,22,19,41
1996,4,Districte IV,8,les Planes,440,00-02,10,7,17
2016,2,Districte II,5,Collblanc,209,03-11,32,37,69
2002,3,Districte III,6,Santa Eulàlia,324,00-02,11,15,26
1997,2,Districte II,5,Collblanc,210,35-49,81,88,169
2006,2,Districte II,5,Collblanc,244,75 i +,51,35,86
2014,6,Districte VI,12,Bellvitge,631,18-24,33,26,59
1994,4,Districte IV,7,la Florida,416,75 i +,21,10,31
1996,2,Districte II,5,Collblanc,208,50-64,215,183,398
2012,4,Districte IV,7,la Florida,425,16-17,9,7,16
2000,1,Districte I,2,Sanfeliu,132,03-11,69,86,155
2005,4,Districte IV,7,la Florida,430,00-02,15,9,24
2000,3,Districte III,6,Santa Eulàlia,301,12-15,36,48,84
2008,4,Districte IV,8,les Planes,441,65-74,82,79,161
2011,2,Districte II,5,Collblanc,203,16-17,4,6,10
2005,5,Districte V,10,Pubilla Cases,520,03-11,27,33,60
2005,5,Districte V,10,Pubilla Cases,527,18-24,55,49,104
2004,4,Districte IV,7,la Florida,405,35-49,70,82,152
2011,6,Districte VI,12,Bellvitge,614,16-17,6,10,16
1997,3,Districte III,6,Santa Eulàlia,324,75 i +,46,17,63
2013,2,Districte II,4,la Torrassa,246,50-64,89,84,173
2013,3,Districte III,6,Santa Eulàlia,301,16-17,15,22,37
1999,3,Districte III,6,Santa Eulàlia,323,65-74,65,39,104
2015,4,Districte IV,8,les Planes,418,50-64,114,117,231
2004,2,Districte II,4,la Torrassa,245,03-11,39,33,72
1999,5,Districte V,10,Pubilla Cases,517,12-15,11,15,26
1999,1,Districte I,1,Centre,130,12-15,7,7,14
1999,1,Districte I,3,Sant Josep,140,75 i +,46,26,72
1996,1,Districte I,1,Centre,103,75 i +,39,23,62
2008,4,Districte IV,7,la Florida,409,00-02,15,14,29
1999,5,Districte V,10,Pubilla Cases,509,35-49,68,62,130
2009,4,Districte IV,8,les Planes,418,12-15,27,35,62
1995,4,Districte IV,7,la Florida,403,75 i +,40,19,59
2011,4,Districte IV,7,la Florida,402,65-74,45,33,78
2011,4,Districte IV,7,la Florida,421,16-17,8,14,22
2006,2,Districte II,4,la Torrassa,233,03-11,23,36,59
2009,3,Districte III,6,Santa Eulàlia,303,03-11,42,50,92
1997,5,Districte V,10,Pubilla Cases,533,16-17,9,6,15
1998,5,Districte V,10,Pubilla Cases,520,25-34,71,66,137
2014,5,Districte V,10,Pubilla Cases,517,18-24,72,85,157
1999,3,Districte III,6,Santa Eulàlia,325,00-02,18,15,33
2008,3,Districte III,6,Santa Eulàlia,306,16-17,20,14,34
1996,1,Districte I,3,Sant Josep,115,25-34,106,113,219
2011,3,Districte III,6,Santa Eulàlia,305,12-15,31,22,53
1996,1,Districte I,3,Sant Josep,140,25-34,75,83,158
2012,6,Districte VI,11,el Gornal,626,12-15,20,17,37
2011,6,Districte VI,12,Bellvitge,623,65-74,99,105,204
1998,3,Districte III,6,Santa Eulàlia,308,50-64,149,152,301
1999,1,Districte I,1,Centre,124,00-02,7,10,17
2016,1,Districte I,3,Sant Josep,120,65-74,93,86,179
1999,4,Districte IV,7,la Florida,430,00-02,8,6,14
1999,6,Districte VI,12,Bellvitge,618,16-17,8,5,13
2012,2,Districte II,4,la Torrassa,246,18-24,50,37,87
2015,5,Districte V,9,Can Serra,505,12-15,16,12,28
2010,6,Districte VI,11,el Gornal,617,12-15,14,21,35
2010,2,Districte II,4,la Torrassa,248,03-11,58,48,106
2016,6,Districte VI,12,Bellvitge,618,35-49,134,122,256
2007,5,Districte V,10,Pubilla Cases,530,18-24,59,54,113
2007,5,Districte V,9,Can Serra,502,25-34,147,160,307
1999,2,Districte II,4,la Torrassa,248,16-17,9,12,21
2004,1,Districte I,1,Centre,108,03-11,54,48,102
2005,6,Districte VI,12,Bellvitge,627,00-02,13,8,21
2008,2,Districte II,4,la Torrassa,246,18-24,45,49,94
2013,6,Districte VI,12,Bellvitge,613,00-02,11,14,25
2000,1,Districte I,3,Sant Josep,137,50-64,137,141,278
1999,4,Districte IV,8,les Planes,433,00-02,6,18,24
2003,2,Districte II,5,Collblanc,219,03-11,62,44,106
2014,4,Districte IV,7,la Florida,407,00-02,15,11,26
2012,6,Districte VI,12,Bellvitge,606,03-11,51,46,97
2000,1,Districte I,1,Centre,109,18-24,60,55,115
2016,6,Districte VI,11,el Gornal,608,35-49,132,178,310
1998,2,Districte II,5,Collblanc,220,35-49,58,65,123
2003,1,Districte I,1,Centre,123,03-11,35,58,93
2001,4,Districte IV,7,la Florida,409,35-49,73,62,135
2009,2,Districte II,4,la Torrassa,233,18-24,41,40,81
2014,1,Districte I,1,Centre,112,35-49,189,183,372
2002,2,Districte II,5,Collblanc,203,00-02,12,13,25
2002,6,Districte VI,12,Bellvitge,612,18-24,47,57,104
2003,2,Districte II,4,la Torrassa,217,03-11,17,17,34
2009,3,Districte III,6,Santa Eulàlia,303,00-02,31,27,58
2011,4,Districte IV,7,la Florida,414,35-49,136,128,264
2004,4,Districte IV,8,les Planes,441,16-17,32,27,59
1994,1,Districte I,3,Sant Josep,121,18-24,40,35,75
2002,3,Districte III,6,Santa Eulàlia,304,50-64,114,105,219
2015,1,Districte I,3,Sant Josep,127,50-64,87,79,166
2009,2,Districte II,4,la Torrassa,218,00-02,8,7,15
2016,4,Districte IV,7,la Florida,427,35-49,234,232,466
2007,4,Districte IV,7,la Florida,432,00-02,20,11,31
2001,1,Districte I,1,Centre,128,75 i +,40,25,65
1996,3,Districte III,6,Santa Eulàlia,303,25-34,169,179,348
2015,1,Districte I,1,Centre,128,12-15,15,19,34
1997,4,Districte IV,7,la Florida,423,16-17,14,13,27
2005,6,Districte VI,12,Bellvitge,619,03-11,32,42,74
2015,3,Districte III,6,Santa Eulàlia,308,65-74,117,109,226
1997,6,Districte VI,12,Bellvitge,623,65-74,49,38,87
2002,6,Districte VI,12,Bellvitge,601,25-34,126,148,274
2013,4,Districte IV,7,la Florida,405,75 i +,134,100,234
1995,1,Districte I,3,Sant Josep,138,35-49,117,120,237
1997,4,Districte IV,7,la Florida,404,12-15,26,20,46
2009,1,Districte I,1,Centre,123,00-02,25,19,44
2001,1,Districte I,1,Centre,134,16-17,18,11,29
2012,5,Districte V,10,Pubilla Cases,512,12-15,10,18,28
1996,3,Districte III,6,Santa Eulàlia,312,25-34,123,135,258
2004,6,Districte VI,12,Bellvitge,631,25-34,107,128,235
1997,2,Districte II,4,la Torrassa,235,03-11,30,29,59
2002,2,Districte II,5,Collblanc,223,00-02,10,8,18
2005,1,Districte I,3,Sant Josep,117,03-11,84,74,158
2014,1,Districte I,3,Sant Josep,115,03-11,51,49,100
1997,5,Districte V,10,Pubilla Cases,537,12-15,26,23,49
2016,6,Districte VI,12,Bellvitge,631,18-24,30,28,58
2001,5,Districte V,10,Pubilla Cases,523,18-24,64,73,137
2015,1,Districte I,1,Centre,112,16-17,9,13,22
1997,2,Districte II,4,la Torrassa,217,03-11,18,17,35
2002,6,Districte VI,11,el Gornal,616,00-02,41,46,87
2011,2,Districte II,5,Collblanc,203,65-74,34,36,70
2011,1,Districte I,1,Centre,108,75 i +,118,72,190
2004,6,Districte VI,12,Bellvitge,615,25-34,83,92,175
2004,3,Districte III,6,Santa Eulàlia,317,18-24,48,54,102
1998,4,Districte IV,7,la Florida,430,35-49,63,75,138
1995,5,Districte V,10,Pubilla Cases,526,50-64,58,77,135
2013,1,Districte I,1,Centre,131,00-02,17,16,33
1995,5,Districte V,10,Pubilla Cases,515,35-49,51,46,97
2010,2,Districte II,4,la Torrassa,232,50-64,79,71,150
1998,4,Districte IV,7,la Florida,403,35-49,101,88,189
2000,1,Districte I,3,Sant Josep,137,16-17,13,11,24
2002,1,Districte I,3,Sant Josep,126,25-34,118,129,247
2002,5,Districte V,10,Pubilla Cases,531,35-49,71,86,157
1994,1,Districte I,1,Centre,109,18-24,57,61,118
2000,2,Districte II,4,la Torrassa,236,18-24,45,41,86
2000,5,Districte V,10,Pubilla Cases,531,18-24,31,49,80
2000,2,Districte II,5,Collblanc,219,35-49,102,117,219
1999,2,Districte II,4,la Torrassa,242,00-02,10,6,16
2001,4,Districte IV,7,la Florida,402,35-49,70,80,150
2000,2,Districte II,5,Collblanc,216,50-64,152,123,275
2011,4,Districte IV,8,les Planes,437,18-24,43,55,98
2012,5,Districte V,10,Pubilla Cases,513,35-49,103,83,186
2007,4,Districte IV,8,les Planes,438,25-34,91,93,184
2015,3,Districte III,6,Santa Eulàlia,316,75 i +,79,42,121
2002,4,Districte IV,7,la Florida,421,65-74,98,80,178
2009,1,Districte I,1,Centre,109,16-17,9,11,20
2011,5,Districte V,10,Pubilla Cases,517,65-74,59,40,99
2010,5,Districte V,10,Pubilla Cases,519,16-17,4,9,13
2007,6,Districte VI,12,Bellvitge,607,35-49,126,131,257
2010,2,Districte II,5,Collblanc,201,03-11,40,44,84
2015,5,Districte V,10,Pubilla Cases,508,00-02,21,21,42
2009,2,Districte II,5,Collblanc,222,50-64,77,62,139
2004,3,Districte III,6,Santa Eulàlia,310,35-49,102,105,207
1999,6,Districte VI,12,Bellvitge,621,75 i +,29,15,44
2014,4,Districte IV,8,les Planes,420,18-24,76,75,151
2004,1,Districte I,3,Sant Josep,121,25-34,84,84,168
2016,3,Districte III,6,Santa Eulàlia,307,12-15,10,16,26
2006,2,Districte II,4,la Torrassa,238,18-24,28,41,69
2009,4,Districte IV,7,la Florida,412,12-15,30,27,57
1994,1,Districte I,3,Sant Josep,137,50-64,96,108,204
1994,4,Districte IV,8,les Planes,418,75 i +,50,32,82
2007,2,Districte II,5,Collblanc,207,00-02,19,7,26
2014,5,Districte V,10,Pubilla Cases,524,50-64,84,83,167
2008,6,Districte VI,12,Bellvitge,609,75 i +,29,26,55
2008,5,Districte V,10,Pubilla Cases,513,75 i +,44,26,70
2004,2,Districte II,4,la Torrassa,240,16-17,4,4,8
2013,2,Districte II,4,la Torrassa,237,12-15,21,27,48
2004,6,Districte VI,11,el Gornal,608,16-17,7,8,15
2012,1,Districte I,1,Centre,112,03-11,74,59,133
2014,5,Districte V,10,Pubilla Cases,530,65-74,62,50,112
1994,2,Districte II,5,Collblanc,212,18-24,81,91,172
2013,2,Districte II,4,la Torrassa,229,00-02,38,35,73
1995,6,Districte VI,12,Bellvitge,601,25-34,97,125,222
2000,2,Districte II,4,la Torrassa,247,75 i +,66,34,100
2010,4,Districte IV,7,la Florida,414,00-02,22,14,36
1994,4,Districte IV,7,la Florida,404,35-49,113,111,224
1999,2,Districte II,5,Collblanc,222,18-24,39,51,90
2000,2,Districte II,5,Collblanc,207,03-11,14,18,32
2002,3,Districte III,6,Santa Eulàlia,321,65-74,84,79,163
2002,2,Districte II,4,la Torrassa,230,75 i +,50,25,75
2006,6,Districte VI,12,Bellvitge,613,00-02,13,18,31
2010,2,Districte II,5,Collblanc,209,25-34,89,91,180
2010,6,Districte VI,12,Bellvitge,627,12-15,13,12,25
2001,4,Districte IV,7,la Florida,411,18-24,70,50,120
1995,2,Districte II,4,la Torrassa,249,18-24,55,59,114
2000,1,Districte I,3,Sant Josep,126,25-34,119,139,258
1999,3,Districte III,6,Santa Eulàlia,320,18-24,29,41,70
2013,1,Districte I,3,Sant Josep,126,65-74,92,87,179
2010,4,Districte IV,8,les Planes,433,35-49,141,183,324
2003,1,Districte I,2,Sanfeliu,129,03-11,38,26,64
2011,1,Districte I,3,Sant Josep,127,25-34,69,61,130
1999,1,Districte I,3,Sant Josep,121,65-74,97,77,174
2012,5,Districte V,10,Pubilla Cases,520,12-15,14,16,30
2008,4,Districte IV,7,la Florida,402,18-24,35,29,64
2010,3,Districte III,6,Santa Eulàlia,306,03-11,70,66,136
2013,3,Districte III,6,Santa Eulàlia,320,18-24,51,48,99
2005,3,Districte III,6,Santa Eulàlia,316,50-64,289,334,623
2001,1,Districte I,3,Sant Josep,140,65-74,70,63,133
2013,6,Districte VI,12,Bellvitge,625,16-17,6,4,10
1996,2,Districte II,5,Collblanc,212,03-11,38,55,93
1996,5,Districte V,10,Pubilla Cases,513,50-64,98,92,190
2004,4,Districte IV,7,la Florida,424,25-34,65,77,142
1995,1,Districte I,1,Centre,135,03-11,75,72,147
1996,4,Districte IV,7,la Florida,430,50-64,100,105,205
2001,2,Districte II,4,la Torrassa,241,00-02,4,6,10
2006,6,Districte VI,11,el Gornal,617,12-15,15,16,31
1997,4,Districte IV,7,la Florida,411,03-11,34,22,56
2001,3,Districte III,6,Santa Eulàlia,323,18-24,203,218,421
2006,5,Districte V,10,Pubilla Cases,509,18-24,45,47,92
2016,3,Districte III,6,Santa Eulàlia,323,18-24,63,60,123
2010,2,Districte II,5,Collblanc,222,50-64,71,64,135
2003,2,Districte II,5,Collblanc,207,25-34,49,52,101
2001,4,Districte IV,7,la Florida,405,12-15,12,7,19
1996,2,Districte II,5,Collblanc,206,18-24,37,50,87
2010,4,Districte IV,8,les Planes,442,16-17,3,4,7
2006,6,Districte VI,12,Bellvitge,614,65-74,66,63,129
2001,3,Districte III,6,Santa Eulàlia,303,18-24,66,64,130
1996,1,Districte I,1,Centre,124,00-02,6,11,17
2007,2,Districte II,4,la Torrassa,248,65-74,51,48,99
2003,4,Districte IV,8,les Planes,441,25-34,123,159,282
2009,1,Districte I,3,Sant Josep,114,00-02,14,23,37
2002,3,Districte III,6,Santa Eulàlia,322,12-15,24,21,45
2002,4,Districte IV,7,la Florida,409,00-02,9,4,13
1999,4,Districte IV,8,les Planes,442,12-15,9,9,18
1997,1,Districte I,1,Centre,113,18-24,77,79,156
2006,2,Districte II,4,la Torrassa,230,12-15,17,20,37
2010,1,Districte I,1,Centre,102,00-02,20,12,32
2009,1,Districte I,3,Sant Josep,106,65-74,59,58,117
1996,5,Districte V,10,Pubilla Cases,525,03-11,31,32,63
2016,4,Districte IV,7,la Florida,412,35-49,159,182,341
2009,5,Districte V,9,Can Serra,504,25-34,99,91,190
2010,4,Districte IV,7,la Florida,417,18-24,35,20,55
2010,5,Districte V,10,Pubilla Cases,520,65-74,45,43,88
2015,1,Districte I,1,Centre,113,18-24,49,57,106
2002,1,Districte I,1,Centre,105,16-17,14,11,25
2011,2,Districte II,5,Collblanc,226,35-49,176,163,339
2007,6,Districte VI,12,Bellvitge,611,75 i +,72,47,119
2016,1,Districte I,3,Sant Josep,140,12-15,10,21,31
2008,2,Districte II,4,la Torrassa,234,35-49,127,139,266
2003,3,Districte III,6,Santa Eulàlia,317,25-34,135,141,276
2002,1,Districte I,3,Sant Josep,136,18-24,61,60,121
2000,1,Districte I,3,Sant Josep,125,00-02,11,14,25
1997,1,Districte I,1,Centre,102,25-34,140,157,297
2003,6,Districte VI,12,Bellvitge,612,12-15,16,11,27
2006,4,Districte IV,7,la Florida,416,50-64,55,52,107
2007,4,Districte IV,8,les Planes,437,25-34,80,108,188
2013,4,Districte IV,7,la Florida,411,50-64,86,73,159
2014,3,Districte III,6,Santa Eulàlia,303,12-15,18,17,35
2002,3,Districte III,6,Santa Eulàlia,312,50-64,206,152,358
2013,2,Districte II,5,Collblanc,220,75 i +,101,69,170
2000,4,Districte IV,7,la Florida,425,25-34,91,83,174
2014,5,Districte V,10,Pubilla Cases,525,00-02,19,24,43
2011,4,Districte IV,8,les Planes,434,16-17,9,5,14
1997,3,Districte III,6,Santa Eulàlia,314,25-34,169,164,333
2014,5,Districte V,10,Pubilla Cases,517,00-02,29,29,58
2016,2,Districte II,5,Collblanc,221,75 i +,115,78,193
2001,4,Districte IV,7,la Florida,410,18-24,91,104,195
2009,1,Districte I,1,Centre,124,18-24,27,28,55
1994,5,Districte V,9,Can Serra,502,18-24,97,129,226
2009,2,Districte II,5,Collblanc,205,25-34,87,81,168
2012,6,Districte VI,12,Bellvitge,601,35-49,140,176,316
2010,1,Districte I,3,Sant Josep,121,35-49,116,119,235
1999,4,Districte IV,8,les Planes,433,16-17,10,12,22
2002,1,Districte I,2,Sanfeliu,132,16-17,22,26,48
1997,5,Districte V,10,Pubilla Cases,522,75 i +,31,23,54
2008,4,Districte IV,7,la Florida,424,75 i +,24,24,48
2010,6,Districte VI,11,el Gornal,616,25-34,232,253,485
2009,3,Districte III,6,Santa Eulàlia,320,25-34,64,69,133
1999,5,Districte V,10,Pubilla Cases,513,50-64,91,79,170
2005,5,Districte V,10,Pubilla Cases,516,65-74,48,36,84
2009,3,Districte III,6,Santa Eulàlia,315,50-64,161,158,319
1997,3,Districte III,6,Santa Eulàlia,315,65-74,53,41,94
2015,1,Districte I,1,Centre,128,18-24,26,23,49
2005,2,Districte II,4,la Torrassa,231,16-17,9,8,17
2012,1,Districte I,2,Sanfeliu,116,35-49,163,170,333
2003,4,Districte IV,7,la Florida,428,65-74,46,31,77
2001,2,Districte II,4,la Torrassa,241,12-15,15,9,24
2002,5,Districte V,10,Pubilla Cases,537,50-64,141,120,261
1997,1,Districte I,1,Centre,108,65-74,91,88,179
2007,5,Districte V,10,Pubilla Cases,529,75 i +,76,42,118
2004,1,Districte I,3,Sant Josep,138,00-02,7,6,13
2005,5,Districte V,10,Pubilla Cases,538,16-17,8,10,18
2000,1,Districte I,3,Sant Josep,127,65-74,45,40,85
2008,3,Districte III,6,Santa Eulàlia,302,12-15,23,28,51
2005,4,Districte IV,7,la Florida,408,03-11,34,50,84
1995,5,Districte V,10,Pubilla Cases,520,00-02,10,5,15
1994,1,Districte I,1,Centre,134,25-34,110,97,207
1998,5,Districte V,10,Pubilla Cases,520,12-15,17,18,35
2003,6,Districte VI,12,Bellvitge,604,50-64,80,63,143
2015,6,Districte VI,12,Bellvitge,612,03-11,42,40,82
2016,6,Districte VI,12,Bellvitge,601,35-49,196,271,467
2012,4,Districte IV,7,la Florida,427,65-74,34,23,57
1999,1,Districte I,1,Centre,135,16-17,20,19,39
2009,2,Districte II,5,Collblanc,201,16-17,5,7,12
2009,5,Districte V,10,Pubilla Cases,512,12-15,17,13,30
2003,1,Districte I,3,Sant Josep,122,25-34,90,98,188
2004,2,Districte II,4,la Torrassa,232,25-34,95,109,204
2012,5,Districte V,9,Can Serra,501,25-34,60,54,114
1996,1,Districte I,1,Centre,134,65-74,54,38,92
2013,4,Districte IV,8,les Planes,436,12-15,40,37,77
2007,4,Districte IV,7,la Florida,410,50-64,164,155,319
2012,5,Districte V,10,Pubilla Cases,513,03-11,39,33,72
2012,5,Districte V,10,Pubilla Cases,516,03-11,32,34,66
2013,5,Districte V,10,Pubilla Cases,524,50-64,92,88,180
2007,6,Districte VI,12,Bellvitge,619,18-24,46,58,104
2008,3,Districte III,6,Santa Eulàlia,305,12-15,40,23,63
2012,3,Districte III,6,Santa Eulàlia,310,03-11,37,42,79
2004,5,Districte V,10,Pubilla Cases,513,50-64,67,52,119
1995,4,Districte IV,7,la Florida,427,65-74,57,55,112
2016,5,Districte V,10,Pubilla Cases,524,00-02,21,25,46
2004,2,Districte II,5,Collblanc,212,35-49,148,160,308
2011,2,Districte II,4,la Torrassa,211,50-64,100,88,188
2010,4,Districte IV,7,la Florida,414,18-24,33,38,71
2012,3,Districte III,6,Santa Eulàlia,302,25-34,109,116,225
1999,6,Districte VI,12,Bellvitge,620,25-34,59,61,120
2008,4,Districte IV,7,la Florida,428,50-64,43,39,82
2016,2,Districte II,5,Collblanc,226,12-15,43,34,77
1999,1,Districte I,1,Centre,107,00-02,15,14,29
1995,6,Districte VI,12,Bellvitge,619,75 i +,39,18,57
2004,1,Districte I,3,Sant Josep,121,50-64,42,43,85
2011,2,Districte II,5,Collblanc,227,50-64,67,55,122
2001,2,Districte II,4,la Torrassa,234,35-49,83,81,164
1997,5,Districte V,9,Can Serra,535,03-11,41,42,83
1995,6,Districte VI,12,Bellvitge,609,25-34,65,81,146
2009,2,Districte II,5,Collblanc,224,12-15,12,13,25
1999,3,Districte III,6,Santa Eulàlia,304,35-49,99,107,206
2002,2,Districte II,5,Collblanc,207,65-74,51,36,87
1994,1,Districte I,3,Sant Josep,136,16-17,19,27,46
2012,1,Districte I,3,Sant Josep,126,00-02,10,12,22
1996,5,Districte V,10,Pubilla Cases,528,65-74,65,52,117
2013,4,Districte IV,7,la Florida,414,35-49,253,271,524
2006,2,Districte II,4,la Torrassa,236,18-24,57,47,104
2006,3,Districte III,6,Santa Eulàlia,307,25-34,118,112,230
2006,6,Districte VI,12,Bellvitge,621,12-15,32,22,54
2007,6,Districte VI,12,Bellvitge,631,18-24,30,22,52
2006,5,Districte V,10,Pubilla Cases,513,75 i +,41,20,61
2012,2,Districte II,5,Collblanc,210,65-74,57,47,104
2004,6,Districte VI,12,Bellvitge,620,00-02,1,7,8
2006,1,Districte I,3,Sant Josep,106,25-34,178,188,366
2002,1,Districte I,1,Centre,134,75 i +,65,31,96
2005,5,Districte V,10,Pubilla Cases,512,03-11,24,38,62
2006,2,Districte II,5,Collblanc,226,35-49,134,147,281
2009,3,Districte III,6,Santa Eulàlia,306,18-24,59,71,130
1995,3,Districte III,6,Santa Eulàlia,304,75 i +,67,37,104
2001,5,Districte V,10,Pubilla Cases,530,16-17,9,10,19
2001,1,Districte I,1,Centre,130,18-24,36,29,65
1999,5,Districte V,9,Can Serra,504,25-34,106,116,222
2006,2,Districte II,4,la Torrassa,231,00-02,18,25,43
1997,5,Districte V,9,Can Serra,521,25-34,74,78,152
2006,1,Districte I,3,Sant Josep,139,35-49,98,120,218
2003,2,Districte II,4,la Torrassa,235,18-24,58,72,130
2012,2,Districte II,5,Collblanc,205,12-15,21,19,40
2012,3,Districte III,6,Santa Eulàlia,312,35-49,224,257,481
2015,1,Districte I,1,Centre,110,18-24,23,32,55
2000,3,Districte III,6,Santa Eulàlia,303,75 i +,76,41,117
1998,4,Districte IV,8,les Planes,439,00-02,11,12,23
2012,2,Districte II,4,la Torrassa,229,35-49,114,119,233
1999,5,Districte V,9,Can Serra,501,18-24,113,137,250
2011,2,Districte II,5,Collblanc,227,75 i +,52,34,86
2013,3,Districte III,6,Santa Eulàlia,309,35-49,145,148,293
2002,2,Districte II,4,la Torrassa,218,50-64,71,65,136
2013,6,Districte VI,11,el Gornal,617,75 i +,59,38,97
1998,2,Districte II,4,la Torrassa,211,16-17,6,13,19
2009,6,Districte VI,12,Bellvitge,631,03-11,32,40,72
2013,5,Districte V,10,Pubilla Cases,524,18-24,45,52,97
2012,5,Districte V,10,Pubilla Cases,510,25-34,65,80,145
2003,4,Districte IV,7,la Florida,407,12-15,11,21,32
2010,4,Districte IV,7,la Florida,413,75 i +,45,26,71
2008,2,Districte II,5,Collblanc,215,12-15,17,10,27
2006,1,Districte I,1,Centre,105,35-49,155,130,285
2010,5,Districte V,9,Can Serra,507,16-17,4,7,11
1994,5,Districte V,10,Pubilla Cases,533,35-49,63,67,130
2010,2,Districte II,4,la Torrassa,245,18-24,52,49,101
2009,1,Districte I,3,Sant Josep,127,18-24,31,39,70
2001,2,Districte II,5,Collblanc,216,65-74,82,70,152
2012,6,Districte VI,12,Bellvitge,624,00-02,12,10,22
1998,5,Districte V,10,Pubilla Cases,532,00-02,16,9,25
1998,6,Districte VI,11,el Gornal,617,16-17,13,21,34
1998,6,Districte VI,11,el Gornal,632,16-17,15,23,38
1996,2,Districte II,4,la Torrassa,211,65-74,109,78,187
2006,4,Districte IV,7,la Florida,414,35-49,102,112,214
2016,4,Districte IV,7,la Florida,425,00-02,10,14,24
2004,3,Districte III,6,Santa Eulàlia,307,18-24,68,67,135
2002,2,Districte II,5,Collblanc,208,25-34,125,146,271
2007,2,Districte II,5,Collblanc,219,16-17,10,10,20
2013,3,Districte III,6,Santa Eulàlia,304,25-34,282,232,514
1995,3,Districte III,6,Santa Eulàlia,316,03-11,174,179,353
2002,1,Districte I,3,Sant Josep,139,12-15,10,13,23
1996,2,Districte II,5,Collblanc,219,18-24,51,56,107
1997,1,Districte I,3,Sant Josep,106,35-49,289,255,544
2002,5,Districte V,10,Pubilla Cases,538,18-24,39,50,89
2001,1,Districte I,3,Sant Josep,106,00-02,21,18,39
2004,2,Districte II,5,Collblanc,227,16-17,1,2,3
1998,4,Districte IV,7,la Florida,425,75 i +,47,25,72
2000,1,Districte I,1,Centre,108,12-15,24,16,40
2006,2,Districte II,4,la Torrassa,238,35-49,109,120,229
2008,3,Districte III,6,Santa Eulàlia,301,00-02,50,54,104
2010,6,Districte VI,12,Bellvitge,620,65-74,57,54,111
2016,5,Districte V,10,Pubilla Cases,525,12-15,18,16,34
2012,5,Districte V,10,Pubilla Cases,534,16-17,4,6,10
2003,3,Districte III,6,Santa Eulàlia,302,03-11,39,47,86
2015,2,Districte II,5,Collblanc,214,18-24,106,75,181
2004,1,Districte I,3,Sant Josep,137,00-02,22,19,41
2015,6,Districte VI,12,Bellvitge,630,25-34,45,43,88
1994,5,Districte V,10,Pubilla Cases,515,25-34,61,58,119
2003,5,Districte V,10,Pubilla Cases,528,03-11,36,35,71
1997,2,Districte II,4,la Torrassa,229,50-64,63,67,130
2003,1,Districte I,2,Sanfeliu,132,50-64,205,215,420
1999,1,Districte I,3,Sant Josep,136,18-24,64,78,142
2011,3,Districte III,6,Santa Eulàlia,313,65-74,88,72,160
1999,6,Districte VI,12,Bellvitge,620,18-24,65,45,110
2016,6,Districte VI,12,Bellvitge,625,75 i +,67,52,119
2012,1,Districte I,1,Centre,104,25-34,57,53,110
2011,6,Districte VI,12,Bellvitge,605,25-34,42,48,90
2009,2,Districte II,4,la Torrassa,231,16-17,5,9,14
2001,6,Districte VI,12,Bellvitge,612,65-74,49,56,105
2011,1,Districte I,1,Centre,102,03-11,66,73,139
2014,6,Districte VI,12,Bellvitge,625,16-17,8,11,19
2012,6,Districte VI,11,el Gornal,608,25-34,41,52,93
2009,6,Districte VI,12,Bellvitge,620,50-64,66,60,126
2012,4,Districte IV,8,les Planes,442,00-02,9,8,17
2015,6,Districte VI,12,Bellvitge,630,75 i +,41,27,68
2000,2,Districte II,5,Collblanc,205,03-11,32,28,60
2009,4,Districte IV,7,la Florida,411,18-24,42,36,78
2001,6,Districte VI,12,Bellvitge,611,65-74,86,86,172
2004,2,Districte II,4,la Torrassa,246,03-11,31,40,71
2014,6,Districte VI,12,Bellvitge,602,25-34,67,67,134
1994,2,Districte II,4,la Torrassa,246,35-49,85,75,160
2013,3,Districte III,6,Santa Eulàlia,313,16-17,6,14,20
2012,5,Districte V,10,Pubilla Cases,517,25-34,99,159,258
1995,4,Districte IV,7,la Florida,416,25-34,63,70,133
2012,4,Districte IV,8,les Planes,433,16-17,11,8,19
1995,2,Districte II,5,Collblanc,210,12-15,15,15,30
2010,4,Districte IV,7,la Florida,422,12-15,16,15,31
2007,6,Districte VI,12,Bellvitge,630,75 i +,35,19,54
2012,1,Districte I,1,Centre,130,18-24,29,34,63
1998,2,Districte II,5,Collblanc,208,25-34,110,141,251
2008,1,Districte I,1,Centre,134,35-49,155,161,316
2002,4,Districte IV,7,la Florida,431,50-64,116,108,224
1997,5,Districte V,10,Pubilla Cases,515,00-02,7,5,12
2009,2,Districte II,5,Collblanc,202,50-64,63,59,122
2010,5,Districte V,9,Can Serra,505,00-02,15,14,29
1998,5,Districte V,9,Can Serra,504,12-15,20,15,35
2013,5,Districte V,10,Pubilla Cases,511,18-24,85,83,168
2000,4,Districte IV,7,la Florida,428,00-02,5,4,9
2005,5,Districte V,10,Pubilla Cases,524,18-24,58,50,108
1999,4,Districte IV,7,la Florida,422,75 i +,63,41,104
2005,4,Districte IV,7,la Florida,413,25-34,51,72,123
2010,6,Districte VI,12,Bellvitge,630,65-74,51,45,96
1998,2,Districte II,4,la Torrassa,233,16-17,6,3,9
2005,1,Districte I,1,Centre,128,65-74,50,54,104
2003,4,Districte IV,7,la Florida,411,12-15,16,11,27
2008,6,Districte VI,12,Bellvitge,601,65-74,98,95,193
1994,5,Districte V,10,Pubilla Cases,534,03-11,26,32,58
2015,2,Districte II,4,la Torrassa,239,65-74,57,37,94
1995,1,Districte I,1,Centre,133,50-64,86,86,172
1999,1,Districte I,1,Centre,111,75 i +,42,25,67
1999,3,Districte III,6,Santa Eulàlia,308,03-11,41,43,84
1994,1,Districte I,1,Centre,128,00-02,7,11,18
2014,4,Districte IV,7,la Florida,410,03-11,53,58,111
2003,4,Districte IV,8,les Planes,420,18-24,57,82,139
2008,4,Districte IV,8,les Planes,440,18-24,32,32,64
2002,5,Districte V,9,Can Serra,504,16-17,5,14,19
2002,1,Districte I,1,Centre,111,25-34,75,104,179
2016,2,Districte II,4,la Torrassa,238,35-49,132,106,238
1994,1,Districte I,2,Sanfeliu,116,12-15,51,56,107
2006,2,Districte II,5,Collblanc,225,18-24,32,28,60
1998,6,Districte VI,12,Bellvitge,610,25-34,123,144,267
2014,3,Districte III,6,Santa Eulàlia,317,75 i +,51,21,72
1994,1,Districte I,1,Centre,113,03-11,86,78,164
2000,1,Districte I,1,Centre,105,03-11,39,63,102
2003,5,Districte V,9,Can Serra,505,50-64,216,176,392
1999,5,Districte V,9,Can Serra,507,65-74,39,37,76
1995,1,Districte I,3,Sant Josep,115,35-49,174,171,345
2010,2,Districte II,5,Collblanc,209,03-11,29,37,66
2005,1,Districte I,1,Centre,109,75 i +,65,35,100
2011,4,Districte IV,7,la Florida,426,35-49,127,146,273
2001,4,Districte IV,8,les Planes,437,75 i +,25,15,40
2014,5,Districte V,10,Pubilla Cases,518,35-49,140,143,283
2000,6,Districte VI,11,el Gornal,626,00-02,12,14,26
1996,6,Districte VI,12,Bellvitge,610,12-15,30,27,57
1998,1,Districte I,3,Sant Josep,139,25-34,84,71,155
2006,4,Districte IV,7,la Florida,421,18-24,24,32,56
2010,2,Districte II,4,la Torrassa,241,00-02,13,13,26
1996,3,Districte III,6,Santa Eulàlia,319,12-15,27,31,58
2007,2,Districte II,4,la Torrassa,228,00-02,7,15,22
1996,1,Districte I,1,Centre,113,00-02,13,15,28
2011,3,Districte III,6,Santa Eulàlia,309,25-34,112,104,216
2013,3,Districte III,6,Santa Eulàlia,319,18-24,35,47,82
2001,6,Districte VI,11,el Gornal,616,75 i +,33,21,54
2010,6,Districte VI,11,el Gornal,632,16-17,6,10,16
1996,2,Districte II,4,la Torrassa,246,75 i +,64,33,97
2001,2,Districte II,5,Collblanc,225,00-02,2,5,7
2000,2,Districte II,4,la Torrassa,245,75 i +,73,36,109
2010,5,Districte V,10,Pubilla Cases,515,65-74,29,29,58
2010,1,Districte I,1,Centre,123,16-17,11,19,30
2009,4,Districte IV,8,les Planes,435,12-15,15,22,37
2016,3,Districte III,6,Santa Eulàlia,307,50-64,160,116,276
2007,4,Districte IV,8,les Planes,434,65-74,33,14,47
1998,1,Districte I,3,Sant Josep,115,12-15,26,32,58
2000,2,Districte II,4,la Torrassa,236,75 i +,67,39,106
1997,5,Districte V,10,Pubilla Cases,515,18-24,32,33,65
2012,1,Districte I,3,Sant Josep,106,16-17,6,8,14
1997,1,Districte I,1,Centre,110,16-17,14,17,31
1995,2,Districte II,5,Collblanc,214,75 i +,35,17,52
2004,1,Districte I,1,Centre,111,75 i +,47,33,80
2008,4,Districte IV,7,la Florida,424,00-02,9,13,22
1997,5,Districte V,10,Pubilla Cases,534,25-34,73,78,151
2016,4,Districte IV,8,les Planes,419,00-02,32,33,65
2014,1,Districte I,2,Sanfeliu,132,03-11,94,76,170
2016,6,Districte VI,12,Bellvitge,624,35-49,106,152,258
2014,1,Districte I,1,Centre,105,12-15,14,24,38
2002,2,Districte II,5,Collblanc,213,12-15,21,14,35
2007,1,Districte I,1,Centre,130,00-02,14,11,25
2012,3,Districte III,6,Santa Eulàlia,306,16-17,22,19,41
2013,2,Districte II,5,Collblanc,202,65-74,64,63,127
2012,2,Districte II,4,la Torrassa,217,50-64,48,62,110
2005,1,Districte I,3,Sant Josep,119,25-34,96,126,222
2002,6,Districte VI,12,Bellvitge,619,65-74,82,80,162
1995,4,Districte IV,7,la Florida,421,25-34,101,115,216
2007,3,Districte III,6,Santa Eulàlia,308,75 i +,82,50,132
1998,5,Districte V,10,Pubilla Cases,519,65-74,40,42,82
1996,5,Districte V,9,Can Serra,501,00-02,10,11,21
1998,2,Districte II,4,la Torrassa,234,12-15,12,10,22
2006,1,Districte I,3,Sant Josep,119,16-17,10,12,22
2004,3,Districte III,6,Santa Eulàlia,313,18-24,109,81,190
2003,2,Districte II,5,Collblanc,226,50-64,95,88,183
2010,4,Districte IV,8,les Planes,420,18-24,55,62,117
1999,2,Districte II,5,Collblanc,221,65-74,67,70,137
2010,6,Districte VI,12,Bellvitge,628,12-15,20,16,36
2004,1,Districte I,2,Sanfeliu,129,35-49,117,116,233
2010,1,Districte I,3,Sant Josep,114,00-02,12,25,37
2008,5,Districte V,10,Pubilla Cases,511,03-11,29,26,55
2009,1,Districte I,2,Sanfeliu,118,65-74,65,70,135
2008,5,Districte V,10,Pubilla Cases,527,03-11,67,51,118
2007,6,Districte VI,12,Bellvitge,606,35-49,123,139,262
2013,1,Districte I,3,Sant Josep,106,03-11,61,56,117
2009,4,Districte IV,7,la Florida,404,65-74,71,59,130
1994,3,Districte III,6,Santa Eulàlia,301,18-24,136,137,273
1997,5,Districte V,10,Pubilla Cases,524,65-74,71,52,123
2002,4,Districte IV,8,les Planes,434,35-49,62,55,117
1996,5,Districte V,9,Can Serra,501,03-11,33,39,72
2011,4,Districte IV,8,les Planes,440,16-17,9,3,12
1998,2,Districte II,4,la Torrassa,235,12-15,16,10,26
2011,6,Districte VI,11,el Gornal,632,50-64,84,71,155
2008,1,Districte I,3,Sant Josep,106,18-24,82,71,153
2002,4,Districte IV,8,les Planes,420,03-11,51,47,98
2016,3,Districte III,6,Santa Eulàlia,304,18-24,79,73,152
2000,5,Districte V,10,Pubilla Cases,514,65-74,49,38,87
2004,2,Districte II,4,la Torrassa,246,35-49,100,143,243
2007,5,Districte V,10,Pubilla Cases,531,16-17,10,10,20
1995,4,Districte IV,7,la Florida,404,75 i +,62,27,89
2007,6,Districte VI,12,Bellvitge,610,00-02,11,14,25
2000,1,Districte I,3,Sant Josep,119,50-64,167,175,342
1996,6,Districte VI,12,Bellvitge,614,25-34,84,85,169
2000,3,Districte III,6,Santa Eulàlia,316,12-15,84,84,168
2012,1,Districte I,1,Centre,110,25-34,81,79,160
2008,3,Districte III,6,Santa Eulàlia,312,50-64,167,141,308
1997,5,Districte V,9,Can Serra,502,03-11,49,39,88
2002,3,Districte III,6,Santa Eulàlia,310,25-34,94,105,199
2012,2,Districte II,5,Collblanc,227,35-49,92,91,183
2006,5,Districte V,10,Pubilla Cases,525,18-24,44,39,83
2000,1,Districte I,1,Centre,123,75 i +,63,43,106
2007,1,Districte I,2,Sanfeliu,118,12-15,29,35,64
1995,5,Districte V,10,Pubilla Cases,516,75 i +,31,12,43
1995,3,Districte III,6,Santa Eulàlia,304,50-64,114,112,226
2013,3,Districte III,6,Santa Eulàlia,314,25-34,175,160,335
2013,3,Districte III,6,Santa Eulàlia,305,75 i +,88,52,140
1996,4,Districte IV,7,la Florida,415,65-74,51,30,81
2004,5,Districte V,10,Pubilla Cases,524,16-17,10,13,23
2010,5,Districte V,10,Pubilla Cases,520,50-64,81,56,137
2016,1,Districte I,3,Sant Josep,114,75 i +,106,73,179
1994,2,Districte II,5,Collblanc,206,03-11,30,25,55
1999,1,Districte I,3,Sant Josep,127,12-15,22,21,43
1998,2,Districte II,4,la Torrassa,218,00-02,8,4,12
1996,1,Districte I,3,Sant Josep,139,25-34,79,70,149
2007,3,Districte III,6,Santa Eulàlia,324,12-15,18,22,40
2008,3,Districte III,6,Santa Eulàlia,314,18-24,91,137,228
1994,6,Districte VI,12,Bellvitge,602,65-74,23,21,44
2002,6,Districte VI,12,Bellvitge,619,03-11,34,42,76
2008,4,Districte IV,7,la Florida,432,35-49,131,115,246
2009,6,Districte VI,12,Bellvitge,612,03-11,41,41,82
1998,1,Districte I,1,Centre,135,75 i +,46,20,66
2009,2,Districte II,4,la Torrassa,237,00-02,27,21,48
1997,4,Districte IV,7,la Florida,415,35-49,62,70,132
1998,2,Districte II,5,Collblanc,207,50-64,70,50,120
1996,5,Districte V,10,Pubilla Cases,514,16-17,7,11,18
1997,4,Districte IV,7,la Florida,424,00-02,6,4,10
2007,6,Districte VI,12,Bellvitge,627,18-24,46,59,105
1998,1,Districte I,2,Sanfeliu,129,75 i +,38,20,58
2007,4,Districte IV,7,la Florida,415,12-15,14,14,28
2008,1,Districte I,1,Centre,133,25-34,87,84,171
2000,2,Districte II,4,la Torrassa,247,03-11,24,40,64
1999,5,Districte V,10,Pubilla Cases,513,65-74,46,46,92
2004,5,Districte V,10,Pubilla Cases,518,35-49,112,127,239
1994,3,Districte III,6,Santa Eulàlia,322,16-17,15,17,32
2015,3,Districte III,6,Santa Eulàlia,325,65-74,128,107,235
2003,1,Districte I,3,Sant Josep,140,18-24,41,50,91
2015,2,Districte II,5,Collblanc,204,65-74,63,47,110
2001,2,Districte II,5,Collblanc,204,18-24,20,19,39
2009,6,Districte VI,11,el Gornal,616,75 i +,52,36,88
2007,5,Districte V,9,Can Serra,501,00-02,4,13,17
2016,5,Districte V,9,Can Serra,501,00-02,11,8,19
2008,3,Districte III,6,Santa Eulàlia,313,18-24,76,68,144
2006,4,Districte IV,8,les Planes,435,16-17,17,12,29
2010,2,Districte II,5,Collblanc,206,16-17,8,9,17
2009,2,Districte II,5,Collblanc,225,50-64,49,36,85
1998,4,Districte IV,7,la Florida,426,65-74,59,50,109
1995,5,Districte V,9,Can Serra,507,50-64,77,99,176
2005,4,Districte IV,7,la Florida,432,18-24,55,66,121
2014,4,Districte IV,7,la Florida,405,25-34,123,118,241
2015,4,Districte IV,7,la Florida,402,16-17,10,5,15
2001,1,Districte I,1,Centre,123,16-17,12,13,25
1998,2,Districte II,5,Collblanc,204,00-02,4,4,8
1995,2,Districte II,5,Collblanc,215,18-24,47,47,94
2016,5,Districte V,10,Pubilla Cases,524,12-15,23,18,41
2001,5,Districte V,10,Pubilla Cases,537,35-49,121,120,241
2009,2,Districte II,5,Collblanc,207,18-24,20,22,42
2004,2,Districte II,5,Collblanc,205,35-49,89,98,187
2000,5,Districte V,10,Pubilla Cases,514,35-49,65,77,142
2000,2,Districte II,4,la Torrassa,246,12-15,14,15,29
2015,6,Districte VI,12,Bellvitge,609,75 i +,45,34,79
1999,5,Districte V,10,Pubilla Cases,537,16-17,15,15,30
2015,2,Districte II,5,Collblanc,214,65-74,93,56,149
2011,6,Districte VI,12,Bellvitge,618,03-11,38,37,75
2006,2,Districte II,4,la Torrassa,247,18-24,62,59,121
2011,3,Districte III,6,Santa Eulàlia,316,03-11,43,54,97
2004,4,Districte IV,7,la Florida,426,35-49,105,116,221
2004,3,Districte III,6,Santa Eulàlia,319,00-02,33,26,59
2000,1,Districte I,1,Centre,110,65-74,62,46,108
2005,2,Districte II,4,la Torrassa,240,12-15,13,14,27
1998,4,Districte IV,8,les Planes,418,35-49,97,98,195
2006,2,Districte II,4,la Torrassa,211,03-11,48,57,105
2012,6,Districte VI,12,Bellvitge,625,75 i +,55,36,91
2009,1,Districte I,2,Sanfeliu,132,16-17,20,22,42
1996,4,Districte IV,7,la Florida,432,50-64,131,144,275
2013,3,Districte III,6,Santa Eulàlia,320,03-11,88,84,172
2002,2,Districte II,5,Collblanc,226,35-49,114,113,227
2003,5,Districte V,10,Pubilla Cases,522,12-15,13,12,25
2007,4,Districte IV,8,les Planes,401,50-64,93,94,187
2010,1,Districte I,1,Centre,112,35-49,197,156,353
2006,2,Districte II,5,Collblanc,214,50-64,52,39,91
2013,2,Districte II,5,Collblanc,220,03-11,70,71,141
1999,2,Districte II,4,la Torrassa,247,12-15,16,19,35
2008,4,Districte IV,7,la Florida,402,03-11,33,34,67
2003,4,Districte IV,8,les Planes,438,75 i +,29,15,44
2014,1,Districte I,1,Centre,123,35-49,158,154,312
1998,4,Districte IV,7,la Florida,416,16-17,9,8,17
2011,2,Districte II,4,la Torrassa,240,00-02,9,15,24
1997,4,Districte IV,8,les Planes,401,50-64,121,109,230
2007,1,Districte I,1,Centre,112,50-64,169,169,338
2007,3,Districte III,6,Santa Eulàlia,301,03-11,102,99,201
2011,5,Districte V,9,Can Serra,535,18-24,34,33,67
2005,4,Districte IV,8,les Planes,434,25-34,54,59,113
2011,5,Districte V,9,Can Serra,521,75 i +,58,48,106
2005,2,Districte II,4,la Torrassa,245,25-34,105,112,217
2013,5,Districte V,10,Pubilla Cases,537,65-74,80,64,144
2014,3,Districte III,6,Santa Eulàlia,327,16-17,16,12,28
2000,2,Districte II,4,la Torrassa,231,50-64,92,73,165
1994,3,Districte III,6,Santa Eulàlia,302,50-64,121,122,243
1996,2,Districte II,5,Collblanc,244,65-74,49,47,96
1999,6,Districte VI,12,Bellvitge,620,35-49,63,57,120
1994,2,Districte II,4,la Torrassa,249,18-24,54,60,114
2001,6,Districte VI,12,Bellvitge,601,50-64,167,170,337
2016,3,Districte III,6,Santa Eulàlia,316,00-02,22,25,47
2004,3,Districte III,6,Santa Eulàlia,321,12-15,47,56,103
2002,3,Districte III,6,Santa Eulàlia,320,03-11,28,30,58
2008,5,Districte V,10,Pubilla Cases,533,16-17,6,6,12
2014,6,Districte VI,11,el Gornal,632,12-15,30,13,43
1995,2,Districte II,4,la Torrassa,235,12-15,17,20,37
2010,6,Districte VI,12,Bellvitge,628,03-11,40,51,91
1999,2,Districte II,5,Collblanc,201,75 i +,39,15,54
2000,1,Districte I,1,Centre,105,35-49,165,138,303
2014,1,Districte I,3,Sant Josep,122,75 i +,65,48,113
1994,4,Districte IV,8,les Planes,418,65-74,74,50,124
2010,5,Districte V,10,Pubilla Cases,525,75 i +,66,42,108
1996,5,Districte V,10,Pubilla Cases,531,75 i +,41,24,65
2016,5,Districte V,9,Can Serra,521,35-49,86,102,188
1997,4,Districte IV,7,la Florida,432,12-15,25,30,55
1994,2,Districte II,5,Collblanc,210,35-49,90,91,181
2014,3,Districte III,6,Santa Eulàlia,325,75 i +,187,93,280
2000,3,Districte III,6,Santa Eulàlia,320,25-34,80,92,172
1997,3,Districte III,6,Santa Eulàlia,319,12-15,22,31,53
2015,4,Districte IV,8,les Planes,420,00-02,33,39,72
2014,2,Districte II,5,Collblanc,207,25-34,153,133,286
2008,2,Districte II,5,Collblanc,225,35-49,50,59,109
2013,5,Districte V,10,Pubilla Cases,524,25-34,99,115,214
2005,5,Districte V,10,Pubilla Cases,524,16-17,12,14,26
2008,5,Districte V,9,Can Serra,503,16-17,5,10,15
2008,2,Districte II,5,Collblanc,224,50-64,41,50,91
2000,6,Districte VI,12,Bellvitge,624,12-15,18,17,35
1999,1,Districte I,3,Sant Josep,114,75 i +,60,22,82
1994,3,Districte III,6,Santa Eulàlia,304,50-64,123,114,237
2006,4,Districte IV,7,la Florida,409,00-02,13,6,19
2012,4,Districte IV,8,les Planes,439,65-74,57,31,88
2005,3,Districte III,6,Santa Eulàlia,318,18-24,46,46,92
2010,5,Districte V,9,Can Serra,507,18-24,32,41,73
2007,2,Districte II,4,la Torrassa,230,25-34,104,107,211
2000,1,Districte I,1,Centre,105,16-17,10,17,27
2005,1,Districte I,1,Centre,102,16-17,13,12,25
2000,1,Districte I,3,Sant Josep,119,12-15,26,21,47
1998,5,Districte V,10,Pubilla Cases,509,25-34,67,75,142
2016,4,Districte IV,8,les Planes,418,75 i +,84,70,154
2006,3,Districte III,6,Santa Eulàlia,319,50-64,138,132,270
2010,2,Districte II,5,Collblanc,225,35-49,59,59,118
2007,3,Districte III,6,Santa Eulàlia,323,65-74,82,70,152
2015,5,Districte V,10,Pubilla Cases,528,00-02,14,14,28
2000,1,Districte I,1,Centre,101,75 i +,28,12,40
2008,2,Districte II,4,la Torrassa,228,12-15,15,14,29
1996,6,Districte VI,11,el Gornal,626,75 i +,22,18,40
2002,6,Districte VI,12,Bellvitge,630,00-02,12,7,19
2001,4,Districte IV,8,les Planes,437,12-15,10,20,30
1995,6,Districte VI,12,Bellvitge,604,50-64,87,81,168
1994,3,Districte III,6,Santa Eulàlia,319,50-64,63,62,125
2001,1,Districte I,3,Sant Josep,115,65-74,79,49,128
2013,2,Districte II,4,la Torrassa,229,35-49,230,248,478
2015,2,Districte II,4,la Torrassa,240,18-24,76,77,153
1997,2,Districte II,4,la Torrassa,233,65-74,55,33,88
2004,4,Districte IV,8,les Planes,429,75 i +,31,21,52
2006,4,Districte IV,8,les Planes,435,35-49,110,148,258
2002,5,Districte V,9,Can Serra,507,75 i +,37,19,56
2014,4,Districte IV,7,la Florida,412,75 i +,101,81,182
2000,1,Districte I,1,Centre,110,35-49,145,132,277
1994,6,Districte VI,12,Bellvitge,627,00-02,9,17,26
2006,3,Districte III,6,Santa Eulàlia,309,03-11,31,54,85
1995,5,Districte V,10,Pubilla Cases,538,12-15,18,23,41
2001,3,Districte III,6,Santa Eulàlia,305,12-15,43,34,77
1998,6,Districte VI,11,el Gornal,616,75 i +,28,17,45
1999,2,Districte II,5,Collblanc,226,03-11,24,29,53
2014,3,Districte III,6,Santa Eulàlia,307,65-74,120,101,221
1995,3,Districte III,6,Santa Eulàlia,316,75 i +,28,13,41
1997,6,Districte VI,12,Bellvitge,623,00-02,16,18,34
2012,4,Districte IV,8,les Planes,436,18-24,41,37,78
2010,1,Districte I,1,Centre,124,35-49,85,73,158
1997,6,Districte VI,12,Bellvitge,603,12-15,10,14,24
2004,6,Districte VI,12,Bellvitge,621,16-17,14,14,28
2015,5,Districte V,9,Can Serra,507,16-17,6,9,15
2001,6,Districte VI,11,el Gornal,608,75 i +,34,13,47
2012,3,Districte III,6,Santa Eulàlia,320,00-02,21,12,33
2014,3,Districte III,6,Santa Eulàlia,320,25-34,29,30,59
2011,5,Districte V,10,Pubilla Cases,533,25-34,107,108,215
1999,1,Districte I,1,Centre,134,75 i +,70,30,100
2002,2,Districte II,5,Collblanc,201,50-64,69,51,120
2012,4,Districte IV,7,la Florida,416,12-15,8,18,26
2009,2,Districte II,5,Collblanc,225,18-24,18,23,41
2007,6,Districte VI,11,el Gornal,616,75 i +,49,33,82
2003,2,Districte II,5,Collblanc,201,50-64,69,46,115
2011,3,Districte III,6,Santa Eulàlia,313,25-34,125,133,258
1998,4,Districte IV,8,les Planes,441,50-64,181,183,364
2008,4,Districte IV,8,les Planes,434,12-15,14,13,27
2008,2,Districte II,4,la Torrassa,234,16-17,5,11,16
2004,4,Districte IV,7,la Florida,423,00-02,13,9,22
2007,4,Districte IV,7,la Florida,402,25-34,82,81,163
2016,3,Districte III,6,Santa Eulàlia,307,03-11,49,36,85
1994,2,Districte II,4,la Torrassa,241,75 i +,39,22,61
2006,3,Districte III,6,Santa Eulàlia,305,00-02,26,17,43
1998,3,Districte III,6,Santa Eulàlia,305,18-24,69,68,137
2009,5,Districte V,10,Pubilla Cases,517,00-02,28,18,46
2010,5,Districte V,10,Pubilla Cases,511,03-11,28,32,60
2004,2,Districte II,5,Collblanc,215,25-34,83,87,170
2004,4,Districte IV,7,la Florida,405,00-02,9,12,21
1995,6,Districte VI,11,el Gornal,632,50-64,115,105,220
1997,4,Districte IV,7,la Florida,423,65-74,61,44,105
2010,4,Districte IV,8,les Planes,437,35-49,109,136,245
1998,6,Districte VI,12,Bellvitge,614,75 i +,35,14,49
2009,6,Districte VI,12,Bellvitge,620,75 i +,21,18,39
2003,4,Districte IV,7,la Florida,404,03-11,55,56,111
2013,2,Districte II,5,Collblanc,213,16-17,4,13,17
1996,5,Districte V,10,Pubilla Cases,512,65-74,50,33,83
2015,4,Districte IV,7,la Florida,422,00-02,22,15,37
2009,6,Districte VI,12,Bellvitge,628,50-64,113,88,201
2014,2,Districte II,4,la Torrassa,217,12-15,13,28,41
2016,3,Districte III,6,Santa Eulàlia,323,16-17,24,20,44
2014,4,Districte IV,7,la Florida,412,35-49,157,179,336
2011,5,Districte V,9,Can Serra,501,25-34,65,64,129
2005,3,Districte III,6,Santa Eulàlia,319,16-17,11,13,24
2009,1,Districte I,3,Sant Josep,122,12-15,18,8,26
2010,1,Districte I,1,Centre,112,75 i +,68,34,102
2009,1,Districte I,3,Sant Josep,114,50-64,178,127,305
1999,2,Districte II,5,Collblanc,209,50-64,90,72,162
2005,6,Districte VI,12,Bellvitge,620,03-11,16,28,44
1998,2,Districte II,5,Collblanc,210,00-02,6,3,9
1995,2,Districte II,4,la Torrassa,239,16-17,14,13,27
1999,3,Districte III,6,Santa Eulàlia,322,12-15,22,15,37
1996,1,Districte I,1,Centre,112,65-74,55,41,96
1999,4,Districte IV,7,la Florida,432,35-49,137,121,258
2001,1,Districte I,3,Sant Josep,115,50-64,121,125,246
2015,2,Districte II,5,Collblanc,201,65-74,58,33,91
2010,1,Districte I,1,Centre,107,16-17,8,12,20
1996,3,Districte III,6,Santa Eulàlia,325,16-17,35,24,59
2002,5,Districte V,10,Pubilla Cases,508,50-64,54,46,100
2014,6,Districte VI,12,Bellvitge,605,25-34,83,97,180
1995,6,Districte VI,12,Bellvitge,624,16-17,30,34,64
1996,3,Districte III,6,Santa Eulàlia,302,16-17,30,30,60
2009,2,Districte II,5,Collblanc,216,03-11,50,34,84
2005,4,Districte IV,8,les Planes,429,16-17,7,8,15
2013,5,Districte V,9,Can Serra,503,03-11,16,24,40
2009,2,Districte II,4,la Torrassa,241,50-64,55,52,107
2006,4,Districte IV,7,la Florida,411,65-74,70,57,127
2002,1,Districte I,1,Centre,135,65-74,63,59,122
1999,3,Districte III,6,Santa Eulàlia,317,03-11,27,31,58
2016,1,Districte I,3,Sant Josep,114,12-15,27,28,55
2003,2,Districte II,5,Collblanc,227,35-49,67,59,126
2004,6,Districte VI,11,el Gornal,608,75 i +,39,19,58
2006,4,Districte IV,7,la Florida,415,12-15,9,18,27
1999,4,Districte IV,8,les Planes,439,35-49,68,67,135
2011,4,Districte IV,7,la Florida,407,03-11,47,51,98
2004,2,Districte II,5,Collblanc,216,75 i +,63,43,106
2016,6,Districte VI,12,Bellvitge,614,50-64,69,80,149
2016,2,Districte II,4,la Torrassa,211,75 i +,77,34,111
2000,2,Districte II,5,Collblanc,201,75 i +,39,18,57
2005,4,Districte IV,8,les Planes,441,12-15,35,50,85
2001,6,Districte VI,11,el Gornal,622,03-11,24,47,71
2007,1,Districte I,1,Centre,112,16-17,13,20,33
2003,1,Districte I,2,Sanfeliu,118,00-02,21,15,36
1995,1,Districte I,1,Centre,133,16-17,13,18,31
2001,4,Districte IV,7,la Florida,414,18-24,28,46,74
2014,2,Districte II,5,Collblanc,202,03-11,65,83,148
1997,4,Districte IV,7,la Florida,426,25-34,83,82,165
2014,1,Districte I,3,Sant Josep,119,50-64,140,105,245
1996,2,Districte II,4,la Torrassa,248,16-17,12,15,27
2012,4,Districte IV,7,la Florida,417,50-64,50,40,90
2003,2,Districte II,5,Collblanc,204,00-02,1,5,6
2002,3,Districte III,6,Santa Eulàlia,309,03-11,24,39,63
1996,4,Districte IV,8,les Planes,434,35-49,58,58,116
2005,2,Districte II,5,Collblanc,202,18-24,41,36,77
1996,4,Districte IV,7,la Florida,409,03-11,26,25,51
2009,6,Districte VI,12,Bellvitge,604,65-74,50,38,88
2015,1,Districte I,3,Sant Josep,137,16-17,15,14,29
2003,5,Districte V,9,Can Serra,535,25-34,72,90,162
2013,2,Districte II,5,Collblanc,212,50-64,107,101,208
2006,2,Districte II,4,la Torrassa,235,00-02,35,23,58
2006,4,Districte IV,7,la Florida,417,50-64,54,56,110
1995,1,Districte I,1,Centre,108,00-02,11,13,24
2008,2,Districte II,4,la Torrassa,241,03-11,29,31,60
1997,1,Districte I,2,Sanfeliu,118,03-11,88,73,161
2000,5,Districte V,9,Can Serra,504,12-15,11,20,31
2015,1,Districte I,3,Sant Josep,138,25-34,38,58,96
2005,4,Districte IV,8,les Planes,418,00-02,19,13,32
2005,2,Districte II,4,la Torrassa,241,16-17,9,8,17
2006,5,Districte V,9,Can Serra,506,18-24,69,76,145
1994,1,Districte I,1,Centre,123,25-34,95,103,198
2013,4,Districte IV,8,les Planes,437,12-15,28,26,54
1994,2,Districte II,4,la Torrassa,211,25-34,121,123,244
2004,2,Districte II,5,Collblanc,210,50-64,95,80,175
1998,4,Districte IV,7,la Florida,407,65-74,89,77,166
2004,1,Districte I,1,Centre,130,16-17,6,3,9
2004,6,Districte VI,11,el Gornal,608,25-34,73,89,162
2007,6,Districte VI,12,Bellvitge,603,25-34,50,60,110
2007,2,Districte II,4,la Torrassa,228,16-17,12,8,20
2011,1,Districte I,1,Centre,130,35-49,137,145,282
1995,2,Districte II,4,la Torrassa,234,35-49,70,68,138
2010,1,Districte I,1,Centre,107,50-64,155,135,290
2013,6,Districte VI,12,Bellvitge,627,16-17,6,8,14
2006,3,Districte III,6,Santa Eulàlia,313,65-74,89,79,168
1995,1,Districte I,3,Sant Josep,106,12-15,74,66,140
2006,6,Districte VI,12,Bellvitge,619,18-24,46,57,103
1996,3,Districte III,6,Santa Eulàlia,305,35-49,202,183,385
2004,2,Districte II,4,la Torrassa,249,00-02,18,16,34
1994,6,Districte VI,12,Bellvitge,604,75 i +,21,10,31
2009,2,Districte II,5,Collblanc,224,16-17,7,3,10
2009,4,Districte IV,7,la Florida,431,18-24,57,67,124
2000,2,Districte II,5,Collblanc,209,00-02,13,9,22
2004,4,Districte IV,8,les Planes,442,25-34,50,65,115
1996,5,Districte V,10,Pubilla Cases,509,50-64,87,89,176
2011,5,Districte V,10,Pubilla Cases,516,03-11,32,30,62
1997,2,Districte II,5,Collblanc,202,35-49,62,47,109
1999,4,Districte IV,7,la Florida,426,65-74,61,47,108
2000,4,Districte IV,8,les Planes,440,75 i +,52,34,86
2003,4,Districte IV,8,les Planes,418,18-24,52,64,116
2015,2,Districte II,4,la Torrassa,228,25-34,168,167,335
2004,4,Districte IV,7,la Florida,416,25-34,67,89,156
1999,5,Districte V,10,Pubilla Cases,515,35-49,61,45,106
2007,4,Districte IV,8,les Planes,441,12-15,32,32,64
2004,2,Districte II,4,la Torrassa,234,65-74,65,37,102
2016,6,Districte VI,12,Bellvitge,610,35-49,128,108,236
1999,1,Districte I,1,Centre,104,25-34,67,86,153
1995,2,Districte II,5,Collblanc,208,50-64,230,204,434
2011,1,Districte I,3,Sant Josep,139,16-17,5,5,10
2008,5,Districte V,9,Can Serra,502,03-11,49,65,114
2007,3,Districte III,6,Santa Eulàlia,322,18-24,38,52,90
2006,2,Districte II,4,la Torrassa,233,25-34,89,101,190
2000,3,Districte III,6,Santa Eulàlia,309,35-49,99,77,176
1996,3,Districte III,6,Santa Eulàlia,306,00-02,18,14,32
2001,4,Districte IV,7,la Florida,415,75 i +,45,28,73
2005,4,Districte IV,7,la Florida,428,18-24,36,26,62
1997,5,Districte V,9,Can Serra,521,18-24,115,135,250
2005,3,Districte III,6,Santa Eulàlia,319,18-24,69,72,141
2014,4,Districte IV,8,les Planes,437,25-34,115,111,226
2001,5,Districte V,10,Pubilla Cases,526,25-34,60,74,134
1998,4,Districte IV,7,la Florida,411,00-02,8,7,15
2006,2,Districte II,4,la Torrassa,249,18-24,47,52,99
1995,1,Districte I,1,Centre,112,03-11,58,66,124
2016,4,Districte IV,7,la Florida,410,18-24,60,71,131
2006,2,Districte II,5,Collblanc,216,35-49,138,143,281
2003,1,Districte I,1,Centre,128,25-34,116,103,219
1995,1,Districte I,2,Sanfeliu,132,18-24,129,151,280
2008,4,Districte IV,7,la Florida,422,25-34,117,129,246
2013,6,Districte VI,12,Bellvitge,614,50-64,77,69,146
2014,2,Districte II,5,Collblanc,205,50-64,104,103,207
2016,3,Districte III,6,Santa Eulàlia,318,12-15,6,21,27
1997,2,Districte II,4,la Torrassa,230,03-11,22,31,53
2014,4,Districte IV,7,la Florida,432,12-15,23,11,34
1998,2,Districte II,4,la Torrassa,232,65-74,80,54,134
1995,2,Districte II,5,Collblanc,221,12-15,21,21,42
2007,6,Districte VI,12,Bellvitge,609,03-11,34,28,62
1999,1,Districte I,3,Sant Josep,140,65-74,62,58,120
2008,6,Districte VI,12,Bellvitge,620,25-34,36,45,81
2004,6,Districte VI,12,Bellvitge,604,75 i +,26,14,40
1997,4,Districte IV,8,les Planes,442,03-11,21,21,42
1995,1,Districte I,1,Centre,104,25-34,58,86,144
2011,2,Districte II,4,la Torrassa,243,35-49,214,201,415
1999,6,Districte VI,11,el Gornal,617,50-64,126,95,221
2016,5,Districte V,9,Can Serra,506,25-34,97,107,204
2008,6,Districte VI,11,el Gornal,617,35-49,101,107,208
2009,4,Districte IV,8,les Planes,429,16-17,7,4,11
2001,2,Districte II,5,Collblanc,220,75 i +,40,27,67
2011,4,Districte IV,7,la Florida,415,12-15,11,20,31
2016,6,Districte VI,12,Bellvitge,615,25-34,40,41,81
1996,3,Districte III,6,Santa Eulàlia,314,18-24,127,147,274
2006,6,Districte VI,12,Bellvitge,611,12-15,43,28,71
2006,6,Districte VI,12,Bellvitge,619,03-11,32,45,77
2002,2,Districte II,5,Collblanc,214,18-24,39,33,72
2004,4,Districte IV,7,la Florida,410,12-15,16,20,36
1997,2,Districte II,5,Collblanc,212,35-49,103,115,218
2003,3,Districte III,6,Santa Eulàlia,316,18-24,175,198,373
2008,6,Districte VI,12,Bellvitge,606,00-02,13,12,25
2003,5,Districte V,10,Pubilla Cases,516,50-64,53,51,104
1999,1,Districte I,1,Centre,105,75 i +,45,24,69
2010,5,Districte V,10,Pubilla Cases,527,50-64,88,92,180
2012,3,Districte III,6,Santa Eulàlia,323,12-15,61,58,119
1998,6,Districte VI,12,Bellvitge,631,50-64,155,175,330
2010,1,Districte I,1,Centre,105,50-64,150,111,261
2007,5,Districte V,10,Pubilla Cases,510,00-02,10,18,28
2016,1,Districte I,3,Sant Josep,122,12-15,20,13,33
2015,2,Districte II,4,la Torrassa,248,00-02,16,18,34
1999,5,Districte V,10,Pubilla Cases,533,35-49,67,71,138
2015,1,Districte I,1,Centre,105,75 i +,62,40,102
1998,3,Districte III,6,Santa Eulàlia,318,65-74,22,17,39
1999,3,Districte III,6,Santa Eulàlia,303,00-02,16,21,37
2010,6,Districte VI,12,Bellvitge,604,12-15,11,12,23
2012,1,Districte I,1,Centre,131,00-02,17,15,32
2002,6,Districte VI,12,Bellvitge,605,16-17,7,2,9
1997,1,Districte I,3,Sant Josep,127,16-17,8,18,26
2001,4,Districte IV,8,les Planes,433,65-74,49,43,92
2014,6,Districte VI,12,Bellvitge,601,50-64,177,169,346
2009,2,Districte II,4,la Torrassa,243,35-49,204,195,399
1996,2,Districte II,4,la Torrassa,235,00-02,14,10,24
2012,4,Districte IV,8,les Planes,441,12-15,37,40,77
2009,1,Districte I,3,Sant Josep,126,18-24,36,22,58
1994,2,Districte II,5,Collblanc,210,00-02,9,5,14
2011,5,Districte V,10,Pubilla Cases,530,16-17,7,9,16
1999,1,Districte I,1,Centre,105,18-24,89,71,160
2014,1,Districte I,3,Sant Josep,121,12-15,8,18,26
2000,2,Districte II,5,Collblanc,225,12-15,9,8,17
2016,4,Districte IV,7,la Florida,414,12-15,23,23,46
2009,1,Districte I,3,Sant Josep,106,00-02,20,23,43
2015,4,Districte IV,7,la Florida,422,03-11,60,60,120
2014,2,Districte II,5,Collblanc,221,00-02,26,34,60
2005,1,Districte I,1,Centre,112,35-49,199,176,375
2007,4,Districte IV,8,les Planes,441,65-74,76,80,156
2009,2,Districte II,5,Collblanc,205,12-15,13,17,30
2000,5,Districte V,9,Can Serra,502,16-17,17,18,35
1998,2,Districte II,4,la Torrassa,241,75 i +,44,30,74
1995,1,Districte I,1,Centre,131,03-11,64,66,130
2007,3,Districte III,6,Santa Eulàlia,324,35-49,119,129,248
2000,4,Districte IV,8,les Planes,401,00-02,11,13,24
1994,2,Districte II,4,la Torrassa,217,75 i +,45,12,57
2013,4,Districte IV,8,les Planes,440,50-64,81,79,160
1997,4,Districte IV,7,la Florida,402,75 i +,38,25,63
2015,6,Districte VI,12,Bellvitge,619,03-11,52,46,98
2009,6,Districte VI,11,el Gornal,632,75 i +,40,28,68
2009,5,Districte V,10,Pubilla Cases,528,35-49,171,140,311
2007,1,Districte I,1,Centre,104,65-74,54,36,90
2002,1,Districte I,3,Sant Josep,121,75 i +,51,37,88
2007,3,Districte III,6,Santa Eulàlia,302,00-02,14,18,32
1997,6,Districte VI,12,Bellvitge,611,75 i +,45,28,73
2015,6,Districte VI,11,el Gornal,626,18-24,28,29,57
2015,6,Districte VI,12,Bellvitge,625,18-24,31,32,63
2000,4,Districte IV,7,la Florida,425,03-11,24,32,56
1995,1,Districte I,1,Centre,101,18-24,59,62,121
2007,1,Districte I,1,Centre,130,75 i +,74,49,123
1996,3,Districte III,6,Santa Eulàlia,315,03-11,63,72,135
2000,4,Districte IV,8,les Planes,438,25-34,85,101,186
2004,3,Districte III,6,Santa Eulàlia,314,25-34,205,219,424
2002,5,Districte V,9,Can Serra,507,12-15,21,15,36
2005,4,Districte IV,7,la Florida,409,12-15,10,14,24
2008,3,Districte III,6,Santa Eulàlia,324,00-02,22,14,36
2012,4,Districte IV,8,les Planes,439,00-02,24,16,40
2004,5,Districte V,9,Can Serra,521,25-34,85,110,195
2013,2,Districte II,4,la Torrassa,239,18-24,36,41,77
2002,5,Districte V,10,Pubilla Cases,524,75 i +,60,29,89
2011,1,Districte I,3,Sant Josep,137,65-74,71,67,138
2001,5,Districte V,9,Can Serra,504,00-02,8,8,16
2015,3,Districte III,6,Santa Eulàlia,317,12-15,17,25,42
1994,2,Districte II,5,Collblanc,201,12-15,16,14,30
1996,2,Districte II,4,la Torrassa,247,16-17,19,9,28
2014,1,Districte I,3,Sant Josep,138,25-34,48,60,108
2016,2,Districte II,5,Collblanc,212,50-64,112,108,220
2008,2,Districte II,5,Collblanc,216,50-64,130,101,231
2011,6,Districte VI,12,Bellvitge,603,00-02,18,18,36
2013,6,Districte VI,12,Bellvitge,610,18-24,34,46,80
2002,5,Districte V,9,Can Serra,501,18-24,81,79,160
2013,2,Districte II,4,la Torrassa,245,25-34,94,75,169
2010,5,Districte V,10,Pubilla Cases,520,12-15,11,13,24
2002,3,Districte III,6,Santa Eulàlia,308,25-34,170,166,336
2005,5,Districte V,10,Pubilla Cases,538,35-49,126,122,248
2005,1,Districte I,1,Centre,105,12-15,23,38,61
1997,6,Districte VI,11,el Gornal,629,65-74,35,31,66
2012,3,Districte III,6,Santa Eulàlia,312,12-15,18,31,49
2013,3,Districte III,6,Santa Eulàlia,308,65-74,109,92,201
2007,5,Districte V,10,Pubilla Cases,524,75 i +,64,34,98
1999,4,Districte IV,7,la Florida,428,16-17,4,4,8
1999,2,Districte II,5,Collblanc,225,18-24,15,30,45
1995,2,Districte II,4,la Torrassa,241,65-74,62,48,110
2002,4,Districte IV,7,la Florida,414,16-17,8,7,15
2015,6,Districte VI,12,Bellvitge,615,35-49,98,107,205
2009,4,Districte IV,8,les Planes,401,00-02,16,21,37
2007,2,Districte II,5,Collblanc,221,75 i +,55,41,96
1998,1,Districte I,1,Centre,135,16-17,20,26,46
2016,5,Districte V,10,Pubilla Cases,510,18-24,41,29,70
1996,2,Districte II,5,Collblanc,207,12-15,15,16,31
2012,3,Districte III,6,Santa Eulàlia,312,00-02,26,26,52
2008,2,Districte II,4,la Torrassa,246,03-11,44,41,85
2005,2,Districte II,4,la Torrassa,242,18-24,40,49,89
1994,6,Districte VI,12,Bellvitge,607,18-24,94,96,190
2005,4,Districte IV,7,la Florida,425,16-17,12,9,21
2009,4,Districte IV,7,la Florida,426,03-11,54,47,101
2016,3,Districte III,6,Santa Eulàlia,308,65-74,121,104,225
2004,6,Districte VI,12,Bellvitge,619,16-17,15,9,24
2006,1,Districte I,3,Sant Josep,115,18-24,40,47,87
2002,6,Districte VI,12,Bellvitge,625,03-11,41,43,84
1994,4,Districte IV,7,la Florida,423,35-49,77,66,143
1996,4,Districte IV,8,les Planes,401,12-15,23,31,54
2004,6,Districte VI,12,Bellvitge,609,00-02,12,7,19
2016,6,Districte VI,12,Bellvitge,607,00-02,14,11,25
1999,3,Districte III,6,Santa Eulàlia,319,50-64,65,75,140
2012,5,Districte V,10,Pubilla Cases,532,16-17,12,17,29
2002,5,Districte V,10,Pubilla Cases,525,16-17,10,8,18
1994,2,Districte II,5,Collblanc,227,03-11,15,15,30
2005,1,Districte I,1,Centre,103,12-15,15,5,20
2010,6,Districte VI,12,Bellvitge,610,03-11,42,54,96
2011,2,Districte II,4,la Torrassa,217,25-34,59,71,130
2004,4,Districte IV,7,la Florida,409,65-74,41,33,74
2011,4,Districte IV,7,la Florida,409,00-02,13,13,26
2011,4,Districte IV,7,la Florida,410,00-02,15,17,32
1997,1,Districte I,1,Centre,108,25-34,98,96,194
2016,3,Districte III,6,Santa Eulàlia,319,03-11,90,114,204
2007,1,Districte I,1,Centre,128,12-15,18,14,32
2005,5,Districte V,10,Pubilla Cases,517,03-11,49,69,118
2002,1,Districte I,3,Sant Josep,125,03-11,33,42,75
1998,3,Districte III,6,Santa Eulàlia,324,00-02,11,10,21
2001,5,Districte V,9,Can Serra,501,03-11,30,40,70
1998,1,Districte I,3,Sant Josep,125,75 i +,27,23,50
2004,6,Districte VI,12,Bellvitge,624,35-49,80,104,184
1999,1,Districte I,3,Sant Josep,126,50-64,150,166,316
2010,1,Districte I,3,Sant Josep,117,75 i +,74,45,119
2011,6,Districte VI,12,Bellvitge,607,25-34,63,89,152
2011,2,Districte II,4,la Torrassa,240,75 i +,60,38,98
2007,1,Districte I,2,Sanfeliu,116,50-64,177,147,324
1998,6,Districte VI,12,Bellvitge,604,18-24,48,61,109
2014,3,Districte III,6,Santa Eulàlia,301,18-24,77,91,168
2002,5,Districte V,9,Can Serra,504,00-02,9,6,15
1999,6,Districte VI,12,Bellvitge,631,50-64,166,175,341
2000,4,Districte IV,8,les Planes,436,03-11,24,23,47
2012,1,Districte I,1,Centre,105,25-34,88,87,175
2007,4,Districte IV,7,la Florida,422,00-02,20,17,37
2005,2,Districte II,5,Collblanc,213,75 i +,48,28,76
2013,5,Districte V,9,Can Serra,503,12-15,12,10,22
2004,4,Districte IV,7,la Florida,431,00-02,28,25,53
2006,5,Districte V,10,Pubilla Cases,526,18-24,18,33,51
2006,4,Districte IV,8,les Planes,442,12-15,8,10,18
2008,5,Districte V,9,Can Serra,507,65-74,45,41,86
2009,4,Districte IV,7,la Florida,415,03-11,31,50,81
2012,4,Districte IV,7,la Florida,421,12-15,19,19,38
2008,5,Districte V,10,Pubilla Cases,508,65-74,40,25,65
2015,1,Districte I,1,Centre,130,25-34,55,64,119
2012,6,Districte VI,12,Bellvitge,625,03-11,38,54,92
2012,3,Districte III,6,Santa Eulàlia,324,25-34,92,98,190
2016,2,Districte II,5,Collblanc,214,00-02,43,40,83
2001,4,Districte IV,7,la Florida,431,16-17,14,14,28
1995,3,Districte III,6,Santa Eulàlia,311,03-11,42,45,87
1998,4,Districte IV,8,les Planes,419,75 i +,40,20,60
2010,2,Districte II,4,la Torrassa,246,50-64,82,74,156
2011,5,Districte V,10,Pubilla Cases,508,25-34,52,53,105
1999,2,Districte II,5,Collblanc,214,35-49,46,51,97
2004,1,Districte I,3,Sant Josep,138,35-49,90,79,169
2015,6,Districte VI,12,Bellvitge,614,16-17,4,11,15
2011,1,Districte I,3,Sant Josep,122,12-15,13,12,25
2004,1,Districte I,3,Sant Josep,138,18-24,40,54,94
2002,2,Districte II,5,Collblanc,201,18-24,27,30,57
2007,4,Districte IV,8,les Planes,420,75 i +,69,35,104
2008,5,Districte V,9,Can Serra,521,25-34,61,84,145
1994,4,Districte IV,7,la Florida,428,25-34,59,58,117
1996,1,Districte I,3,Sant Josep,114,18-24,125,122,247
1995,3,Districte III,6,Santa Eulàlia,309,16-17,11,11,22
2001,1,Districte I,1,Centre,130,25-34,92,102,194
2013,5,Districte V,9,Can Serra,502,03-11,58,60,118
2002,2,Districte II,4,la Torrassa,218,16-17,4,6,10
2002,3,Districte III,6,Santa Eulàlia,308,03-11,66,75,141
2004,2,Districte II,4,la Torrassa,218,65-74,36,25,61
1995,1,Districte I,1,Centre,131,12-15,57,43,100
2011,3,Districte III,6,Santa Eulàlia,309,16-17,9,12,21
2007,5,Districte V,10,Pubilla Cases,509,65-74,42,36,78
2015,3,Districte III,6,Santa Eulàlia,321,25-34,140,145,285
1998,6,Districte VI,12,Bellvitge,627,50-64,100,117,217
1994,1,Districte I,3,Sant Josep,125,18-24,96,101,197
2011,5,Districte V,9,Can Serra,504,25-34,74,72,146
1997,1,Districte I,3,Sant Josep,120,00-02,10,17,27
2006,5,Districte V,10,Pubilla Cases,526,12-15,14,17,31
2015,6,Districte VI,12,Bellvitge,627,12-15,15,9,24
1999,4,Districte IV,7,la Florida,412,65-74,91,91,182
1996,2,Districte II,5,Collblanc,226,18-24,68,57,125
1996,5,Districte V,10,Pubilla Cases,510,00-02,7,10,17
2008,6,Districte VI,12,Bellvitge,603,65-74,39,45,84
2011,1,Districte I,2,Sanfeliu,132,75 i +,101,69,170
2011,2,Districte II,5,Collblanc,215,00-02,13,17,30
2004,5,Districte V,9,Can Serra,506,65-74,84,84,168
2004,2,Districte II,5,Collblanc,213,25-34,94,101,195
2007,1,Districte I,2,Sanfeliu,118,03-11,71,55,126
2010,3,Districte III,6,Santa Eulàlia,321,65-74,95,105,200
2015,2,Districte II,4,la Torrassa,232,50-64,92,90,182
1998,3,Districte III,6,Santa Eulàlia,325,18-24,116,123,239
2016,6,Districte VI,12,Bellvitge,618,18-24,41,47,88
2011,1,Districte I,3,Sant Josep,126,75 i +,70,37,107
1997,2,Districte II,5,Collblanc,223,18-24,49,47,96
2008,1,Districte I,3,Sant Josep,122,50-64,72,50,122
2000,5,Districte V,10,Pubilla Cases,525,03-11,30,25,55
2015,5,Districte V,9,Can Serra,503,12-15,7,9,16
2007,1,Districte I,3,Sant Josep,114,25-34,148,142,290
2011,5,Districte V,10,Pubilla Cases,522,25-34,77,86,163
2016,5,Districte V,10,Pubilla Cases,538,75 i +,101,59,160
2006,2,Districte II,5,Collblanc,203,25-34,88,112,200
2006,5,Districte V,10,Pubilla Cases,527,12-15,20,20,40
2005,1,Districte I,1,Centre,133,18-24,39,32,71
2000,1,Districte I,1,Centre,105,75 i +,48,23,71
2006,2,Districte II,4,la Torrassa,239,18-24,37,51,88
1997,2,Districte II,5,Collblanc,201,35-49,62,43,105
2006,5,Districte V,10,Pubilla Cases,524,03-11,51,47,98
1999,4,Districte IV,7,la Florida,416,18-24,29,34,63
1999,5,Districte V,10,Pubilla Cases,529,12-15,13,12,25
1998,5,Districte V,9,Can Serra,507,12-15,17,17,34
2010,1,Districte I,1,Centre,123,03-11,55,51,106
2008,4,Districte IV,7,la Florida,404,00-02,27,27,54
2001,6,Districte VI,12,Bellvitge,623,65-74,50,48,98
2012,2,Districte II,5,Collblanc,201,35-49,156,162,318
2004,5,Districte V,10,Pubilla Cases,512,16-17,4,8,12
2008,2,Districte II,5,Collblanc,212,18-24,58,71,129
2001,1,Districte I,1,Centre,112,16-17,15,18,33
2004,1,Districte I,3,Sant Josep,115,65-74,70,44,114
1996,6,Districte VI,11,el Gornal,617,16-17,17,18,35
2005,1,Districte I,1,Centre,128,35-49,96,104,200
2007,5,Districte V,10,Pubilla Cases,510,75 i +,67,36,103
2005,2,Districte II,4,la Torrassa,246,65-74,65,49,114
2010,1,Districte I,1,Centre,135,75 i +,72,47,119
2013,3,Districte III,6,Santa Eulàlia,315,75 i +,54,39,93
1995,5,Districte V,10,Pubilla Cases,520,03-11,32,37,69
1998,2,Districte II,4,la Torrassa,246,03-11,30,28,58
2009,4,Districte IV,8,les Planes,440,25-34,80,79,159
2000,3,Districte III,6,Santa Eulàlia,316,35-49,401,330,731
1995,6,Districte VI,12,Bellvitge,613,25-34,109,123,232
2014,5,Districte V,9,Can Serra,505,35-49,138,128,266
1997,6,Districte VI,12,Bellvitge,624,12-15,32,30,62
2011,6,Districte VI,11,el Gornal,608,16-17,9,6,15
2000,1,Districte I,3,Sant Josep,137,75 i +,45,23,68
2005,4,Districte IV,7,la Florida,402,03-11,32,33,65
2000,2,Districte II,5,Collblanc,224,16-17,3,8,11
2011,4,Districte IV,8,les Planes,401,35-49,140,136,276
2014,1,Districte I,1,Centre,113,12-15,13,27,40
2003,2,Districte II,5,Collblanc,202,35-49,72,78,150
2014,5,Districte V,10,Pubilla Cases,533,00-02,29,34,63
2000,5,Districte V,9,Can Serra,503,03-11,26,40,66
2008,1,Districte I,1,Centre,133,12-15,7,14,21
2008,3,Districte III,6,Santa Eulàlia,314,03-11,67,89,156
1994,6,Districte VI,12,Bellvitge,624,50-64,125,131,256
1999,5,Districte V,10,Pubilla Cases,515,18-24,30,22,52
2011,4,Districte IV,7,la Florida,403,16-17,7,5,12
2002,4,Districte IV,7,la Florida,413,35-49,50,69,119
2000,2,Districte II,5,Collblanc,204,50-64,48,39,87
2008,1,Districte I,1,Centre,112,25-34,147,114,261
2006,6,Districte VI,12,Bellvitge,628,75 i +,40,27,67
1994,2,Districte II,4,la Torrassa,237,00-02,12,8,20
2014,2,Districte II,5,Collblanc,221,65-74,90,74,164
2004,6,Districte VI,12,Bellvitge,605,75 i +,31,21,52
2012,4,Districte IV,8,les Planes,401,65-74,51,52,103
2006,1,Districte I,3,Sant Josep,137,03-11,47,56,103
2012,4,Districte IV,7,la Florida,430,25-34,98,109,207
1994,2,Districte II,4,la Torrassa,248,00-02,13,4,17
2008,4,Districte IV,8,les Planes,419,35-49,118,144,262
2012,1,Districte I,1,Centre,108,18-24,42,44,86
2001,4,Districte IV,8,les Planes,436,35-49,74,93,167
2013,4,Districte IV,7,la Florida,402,16-17,8,3,11
2004,5,Districte V,10,Pubilla Cases,533,75 i +,33,28,61
2015,2,Districte II,4,la Torrassa,229,00-02,26,32,58
2012,4,Districte IV,7,la Florida,404,18-24,47,66,113
2008,4,Districte IV,7,la Florida,422,35-49,131,160,291
2002,1,Districte I,1,Centre,101,16-17,14,19,33
1995,3,Districte III,6,Santa Eulàlia,318,25-34,80,59,139
1996,6,Districte VI,12,Bellvitge,627,18-24,98,103,201
2000,4,Districte IV,8,les Planes,437,50-64,78,64,142
1996,1,Districte I,2,Sanfeliu,118,35-49,276,260,536
1999,4,Districte IV,7,la Florida,425,50-64,91,86,177
1998,5,Districte V,10,Pubilla Cases,511,25-34,59,75,134
1999,5,Districte V,10,Pubilla Cases,538,00-02,12,7,19
2013,2,Districte II,5,Collblanc,221,50-64,155,138,293
2002,2,Districte II,5,Collblanc,225,65-74,39,30,69
2001,4,Districte IV,7,la Florida,432,75 i +,38,32,70
2005,1,Districte I,3,Sant Josep,119,65-74,59,51,110
1995,5,Districte V,10,Pubilla Cases,525,12-15,14,31,45
1997,1,Districte I,1,Centre,128,75 i +,30,20,50
2014,2,Districte II,5,Collblanc,213,12-15,4,31,35
1998,5,Districte V,10,Pubilla Cases,527,35-49,74,102,176
1996,2,Districte II,5,Collblanc,215,25-34,79,70,149
1998,2,Districte II,5,Collblanc,227,65-74,59,46,105
2007,6,Districte VI,12,Bellvitge,615,00-02,8,12,20
2000,4,Districte IV,7,la Florida,411,25-34,65,77,142
2013,6,Districte VI,12,Bellvitge,601,35-49,216,278,494
2010,2,Districte II,5,Collblanc,204,00-02,12,8,20
1998,5,Districte V,10,Pubilla Cases,522,18-24,31,44,75
2015,4,Districte IV,7,la Florida,409,65-74,92,72,164
1996,4,Districte IV,8,les Planes,441,75 i +,44,33,77
1997,3,Districte III,6,Santa Eulàlia,325,75 i +,128,65,193
2003,1,Districte I,1,Centre,109,65-74,54,43,97
2002,4,Districte IV,7,la Florida,415,35-49,72,80,152
2014,5,Districte V,10,Pubilla Cases,528,12-15,25,21,46
2016,2,Districte II,4,la Torrassa,232,16-17,9,9,18
1998,2,Districte II,5,Collblanc,207,03-11,19,16,35
2002,2,Districte II,5,Collblanc,220,16-17,5,6,11
1998,1,Districte I,2,Sanfeliu,132,18-24,147,164,311
2015,1,Districte I,3,Sant Josep,121,35-49,122,122,244
2003,4,Districte IV,7,la Florida,403,03-11,22,20,42
2011,5,Districte V,9,Can Serra,507,00-02,15,10,25
2009,4,Districte IV,8,les Planes,437,75 i +,41,29,70
2008,5,Districte V,9,Can Serra,535,18-24,44,45,89
1995,4,Districte IV,8,les Planes,434,16-17,9,10,19
1999,2,Districte II,5,Collblanc,220,50-64,76,59,135
2015,1,Districte I,1,Centre,130,35-49,142,133,275
2001,1,Districte I,1,Centre,109,35-49,126,128,254
1994,2,Districte II,4,la Torrassa,232,65-74,76,65,141
1998,1,Districte I,3,Sant Josep,106,03-11,69,70,139
2010,1,Districte I,1,Centre,135,00-02,19,17,36
2008,2,Districte II,4,la Torrassa,229,75 i +,55,38,93
2009,3,Districte III,6,Santa Eulàlia,308,03-11,98,120,218
2013,1,Districte I,3,Sant Josep,117,75 i +,73,50,123
2014,6,Districte VI,11,el Gornal,608,12-15,25,17,42
2009,1,Districte I,3,Sant Josep,117,50-64,236,226,462
1996,5,Districte V,10,Pubilla Cases,526,00-02,13,3,16
2007,1,Districte I,1,Centre,124,00-02,13,14,27
2009,1,Districte I,1,Centre,113,03-11,48,74,122
1999,4,Districte IV,7,la Florida,428,65-74,46,34,80
2007,6,Districte VI,11,el Gornal,622,00-02,9,13,22
2002,4,Districte IV,7,la Florida,430,35-49,93,93,186
2005,6,Districte VI,12,Bellvitge,624,25-34,99,134,233
2016,1,Districte I,1,Centre,104,18-24,33,29,62
2009,5,Districte V,10,Pubilla Cases,516,65-74,38,23,61
1995,4,Districte IV,8,les Planes,433,65-74,55,36,91
2015,2,Districte II,4,la Torrassa,234,16-17,8,10,18
1998,1,Districte I,1,Centre,124,18-24,54,49,103
1999,4,Districte IV,7,la Florida,422,00-02,11,10,21
2001,6,Districte VI,11,el Gornal,626,18-24,40,46,86
2000,4,Districte IV,7,la Florida,427,16-17,8,8,16
1998,3,Districte III,6,Santa Eulàlia,312,75 i +,42,32,74
2004,2,Districte II,4,la Torrassa,238,00-02,10,11,21
2000,1,Districte I,1,Centre,102,00-02,20,21,41
2009,4,Districte IV,7,la Florida,430,18-24,40,49,89
2010,5,Districte V,9,Can Serra,504,00-02,11,17,28
1999,5,Districte V,10,Pubilla Cases,526,12-15,8,10,18
2001,4,Districte IV,7,la Florida,422,25-34,78,76,154
2008,2,Districte II,5,Collblanc,221,18-24,51,48,99
2016,1,Districte I,3,Sant Josep,139,75 i +,41,25,66
2003,4,Districte IV,8,les Planes,440,50-64,141,122,263
2015,3,Districte III,6,Santa Eulàlia,327,50-64,173,140,313
2016,2,Districte II,5,Collblanc,209,12-15,14,19,33
2002,2,Districte II,5,Collblanc,222,16-17,6,8,14
1994,3,Districte III,6,Santa Eulàlia,315,35-49,175,183,358
2006,4,Districte IV,8,les Planes,434,00-02,8,8,16
2008,1,Districte I,1,Centre,133,35-49,89,104,193
2007,6,Districte VI,11,el Gornal,617,00-02,11,10,21
2013,2,Districte II,5,Collblanc,204,16-17,14,9,23
2012,3,Districte III,6,Santa Eulàlia,319,03-11,96,118,214
2000,1,Districte I,3,Sant Josep,126,18-24,66,49,115
2000,1,Districte I,1,Centre,131,35-49,157,149,306
2012,3,Districte III,6,Santa Eulàlia,307,25-34,106,92,198
2009,2,Districte II,5,Collblanc,201,25-34,102,98,200
2009,5,Districte V,9,Can Serra,535,12-15,13,15,28
2000,3,Districte III,6,Santa Eulàlia,310,03-11,29,33,62
2010,1,Districte I,3,Sant Josep,122,16-17,7,3,10
2006,6,Districte VI,11,el Gornal,626,16-17,12,5,17
1997,2,Districte II,5,Collblanc,201,25-34,49,65,114
2010,3,Districte III,6,Santa Eulàlia,321,16-17,16,24,40
2000,2,Districte II,4,la Torrassa,211,12-15,14,18,32
1997,5,Districte V,10,Pubilla Cases,517,18-24,57,72,129
2003,6,Districte VI,12,Bellvitge,628,03-11,33,37,70
1995,6,Districte VI,12,Bellvitge,611,00-02,16,13,29
2001,1,Districte I,1,Centre,101,03-11,53,61,114
2013,3,Districte III,6,Santa Eulàlia,324,18-24,31,37,68
2012,2,Districte II,4,la Torrassa,234,50-64,76,75,151
2009,5,Districte V,9,Can Serra,501,75 i +,30,18,48
1996,1,Districte I,3,Sant Josep,126,18-24,115,109,224
1999,2,Districte II,5,Collblanc,207,18-24,29,28,57
2003,6,Districte VI,11,el Gornal,632,12-15,16,18,34
2014,4,Districte IV,7,la Florida,432,03-11,50,45,95
2010,2,Districte II,5,Collblanc,208,16-17,5,18,23
2010,1,Districte I,3,Sant Josep,115,35-49,149,149,298
1996,1,Districte I,3,Sant Josep,138,50-64,80,73,153
2001,6,Districte VI,12,Bellvitge,604,18-24,35,45,80
2006,5,Districte V,10,Pubilla Cases,520,12-15,15,12,27
1995,4,Districte IV,7,la Florida,426,25-34,88,91,179
2009,5,Districte V,10,Pubilla Cases,527,75 i +,57,31,88
1999,4,Districte IV,7,la Florida,413,18-24,24,24,48
1998,4,Districte IV,7,la Florida,407,16-17,6,9,15
2015,5,Districte V,10,Pubilla Cases,533,03-11,80,96,176
2006,1,Districte I,1,Centre,128,00-02,9,11,20
2003,1,Districte I,3,Sant Josep,114,25-34,151,144,295
2013,1,Districte I,3,Sant Josep,137,18-24,53,50,103
2015,3,Districte III,6,Santa Eulàlia,311,50-64,114,96,210
2008,1,Districte I,3,Sant Josep,125,12-15,23,25,48
1995,5,Districte V,9,Can Serra,501,12-15,47,48,95
2014,1,Districte I,1,Centre,104,12-15,12,20,32
1994,1,Districte I,1,Centre,110,18-24,121,111,232
2015,5,Districte V,10,Pubilla Cases,538,50-64,111,93,204
1997,6,Districte VI,11,el Gornal,622,65-74,43,26,69
1997,1,Districte I,3,Sant Josep,137,75 i +,35,12,47
2007,2,Districte II,5,Collblanc,216,35-49,146,147,293
2000,4,Districte IV,8,les Planes,418,18-24,57,51,108
1996,2,Districte II,4,la Torrassa,239,00-02,9,13,22
2000,2,Districte II,5,Collblanc,221,65-74,75,72,147
2013,1,Districte I,1,Centre,130,25-34,57,43,100
1997,2,Districte II,5,Collblanc,215,50-64,90,70,160
2001,3,Districte III,6,Santa Eulàlia,320,16-17,3,5,8
1998,5,Districte V,9,Can Serra,501,75 i +,21,11,32
2000,2,Districte II,4,la Torrassa,229,18-24,28,26,54
1999,1,Districte I,1,Centre,113,65-74,50,33,83
2003,5,Districte V,9,Can Serra,501,75 i +,17,6,23
1999,5,Districte V,10,Pubilla Cases,523,35-49,104,115,219
2009,1,Districte I,1,Centre,112,16-17,16,20,36
2014,2,Districte II,4,la Torrassa,236,18-24,55,36,91
2011,2,Districte II,5,Collblanc,212,16-17,4,14,18
1998,4,Districte IV,7,la Florida,430,18-24,49,39,88
2014,6,Districte VI,12,Bellvitge,619,18-24,33,36,69
2000,6,Districte VI,11,el Gornal,622,75 i +,36,10,46
2002,1,Districte I,3,Sant Josep,106,12-15,37,32,69
2015,2,Districte II,4,la Torrassa,240,50-64,144,148,292
2007,1,Districte I,3,Sant Josep,125,50-64,178,158,336
2015,6,Districte VI,11,el Gornal,616,00-02,25,25,50
2008,2,Districte II,4,la Torrassa,237,16-17,11,12,23
2012,2,Districte II,5,Collblanc,212,00-02,27,22,49
2001,5,Districte V,9,Can Serra,502,25-34,107,137,244
2004,4,Districte IV,7,la Florida,431,18-24,77,83,160
2009,5,Districte V,10,Pubilla Cases,518,18-24,53,57,110
2015,6,Districte VI,12,Bellvitge,630,65-74,75,65,140
2001,6,Districte VI,12,Bellvitge,619,75 i +,50,34,84
1997,3,Districte III,6,Santa Eulàlia,308,12-15,29,33,62
1997,6,Districte VI,12,Bellvitge,630,16-17,21,26,47
1997,4,Districte IV,8,les Planes,435,35-49,69,100,169
2015,1,Districte I,1,Centre,128,65-74,62,41,103
2010,4,Districte IV,7,la Florida,430,16-17,12,8,20
2010,2,Districte II,5,Collblanc,212,03-11,60,58,118
1997,4,Districte IV,7,la Florida,431,25-34,103,109,212
2005,5,Districte V,10,Pubilla Cases,511,50-64,45,45,90
2012,5,Districte V,10,Pubilla Cases,513,16-17,5,8,13
1996,5,Districte V,10,Pubilla Cases,530,03-11,45,41,86
2011,6,Districte VI,12,Bellvitge,605,50-64,53,35,88
2010,3,Districte III,6,Santa Eulàlia,301,75 i +,131,78,209
1998,4,Districte IV,8,les Planes,437,35-49,75,75,150
2007,6,Districte VI,11,el Gornal,608,03-11,24,28,52
2016,5,Districte V,10,Pubilla Cases,537,00-02,22,14,36
1998,1,Districte I,2,Sanfeliu,132,03-11,83,76,159
2000,4,Districte IV,8,les Planes,441,75 i +,74,51,125
1999,2,Districte II,5,Collblanc,206,12-15,12,16,28
2013,1,Districte I,3,Sant Josep,117,00-02,18,34,52
2005,5,Districte V,10,Pubilla Cases,513,18-24,30,11,41
2012,6,Districte VI,12,Bellvitge,624,75 i +,57,31,88
1998,6,Districte VI,12,Bellvitge,611,75 i +,51,32,83
1996,2,Districte II,5,Collblanc,227,12-15,9,9,18
1998,4,Districte IV,7,la Florida,405,35-49,47,66,113
2008,3,Districte III,6,Santa Eulàlia,312,16-17,14,14,28
2004,1,Districte I,2,Sanfeliu,132,25-34,176,214,390
2008,4,Districte IV,7,la Florida,425,35-49,118,130,248
2013,1,Districte I,1,Centre,102,16-17,9,18,27
2005,4,Districte IV,7,la Florida,421,65-74,93,67,160
2008,4,Districte IV,7,la Florida,426,75 i +,56,32,88
2004,1,Districte I,2,Sanfeliu,116,03-11,53,43,96
2010,1,Districte I,3,Sant Josep,136,12-15,18,20,38
2013,2,Districte II,4,la Torrassa,231,03-11,62,64,126
2009,5,Districte V,10,Pubilla Cases,532,35-49,155,164,319
1995,1,Districte I,2,Sanfeliu,116,03-11,63,52,115
2010,1,Districte I,3,Sant Josep,120,75 i +,62,29,91
2011,2,Districte II,5,Collblanc,219,25-34,99,112,211
1999,2,Districte II,5,Collblanc,221,03-11,43,50,93
2014,3,Districte III,6,Santa Eulàlia,315,16-17,16,24,40
1995,1,Districte I,1,Centre,130,25-34,78,96,174
1998,4,Districte IV,8,les Planes,419,35-49,55,70,125
2007,6,Districte VI,12,Bellvitge,623,75 i +,56,31,87
1994,2,Districte II,5,Collblanc,213,75 i +,21,11,32
2004,4,Districte IV,8,les Planes,420,16-17,8,16,24
2011,6,Districte VI,12,Bellvitge,606,65-74,70,50,120
1999,2,Districte II,5,Collblanc,202,16-17,3,7,10
2005,6,Districte VI,12,Bellvitge,604,12-15,11,12,23
2008,5,Districte V,9,Can Serra,504,75 i +,65,52,117
2010,2,Districte II,5,Collblanc,207,65-74,30,31,61
1997,5,Districte V,9,Can Serra,507,65-74,37,34,71
1996,4,Districte IV,8,les Planes,433,65-74,59,38,97
1995,2,Districte II,5,Collblanc,227,25-34,50,43,93
2016,1,Districte I,1,Centre,134,16-17,20,10,30
2013,1,Districte I,3,Sant Josep,120,03-11,50,94,144
2012,1,Districte I,1,Centre,107,00-02,16,23,39
1999,6,Districte VI,12,Bellvitge,613,18-24,78,81,159
2013,1,Districte I,3,Sant Josep,127,50-64,80,73,153
2010,1,Districte I,3,Sant Josep,125,16-17,12,11,23
2011,4,Districte IV,7,la Florida,432,25-34,81,108,189
2013,2,Districte II,5,Collblanc,210,65-74,56,50,106
1999,1,Districte I,1,Centre,111,35-49,99,89,188
1995,5,Districte V,9,Can Serra,521,16-17,28,34,62
2005,3,Districte III,6,Santa Eulàlia,307,18-24,58,62,120
2002,1,Districte I,3,Sant Josep,117,00-02,26,32,58
2010,5,Districte V,9,Can Serra,505,12-15,9,8,17
2001,2,Districte II,5,Collblanc,210,25-34,58,66,124
2002,5,Districte V,10,Pubilla Cases,517,12-15,18,19,37
1999,5,Districte V,10,Pubilla Cases,509,75 i +,40,14,54
2013,5,Districte V,9,Can Serra,521,75 i +,60,51,111
2003,3,Districte III,6,Santa Eulàlia,324,12-15,16,18,34
2012,5,Districte V,10,Pubilla Cases,508,25-34,56,70,126
2005,4,Districte IV,8,les Planes,401,18-24,56,66,122
2008,5,Districte V,10,Pubilla Cases,536,18-24,26,25,51
1995,6,Districte VI,12,Bellvitge,619,16-17,25,30,55
2000,2,Districte II,5,Collblanc,220,12-15,6,8,14
2013,6,Districte VI,12,Bellvitge,609,50-64,59,40,99
2006,1,Districte I,1,Centre,105,65-74,35,33,68
2001,3,Districte III,6,Santa Eulàlia,314,16-17,36,37,73
2012,2,Districte II,4,la Torrassa,247,18-24,52,58,110
1997,2,Districte II,5,Collblanc,212,03-11,37,50,87
2004,1,Districte I,1,Centre,111,03-11,16,27,43
2009,5,Districte V,10,Pubilla Cases,508,16-17,6,8,14
1995,2,Districte II,5,Collblanc,202,35-49,61,61,122
2006,5,Districte V,10,Pubilla Cases,518,65-74,84,72,156
2004,3,Districte III,6,Santa Eulàlia,318,12-15,23,22,45
2007,2,Districte II,5,Collblanc,214,75 i +,29,18,47
2013,3,Districte III,6,Santa Eulàlia,327,50-64,169,135,304
2011,4,Districte IV,7,la Florida,421,18-24,45,47,92
2010,5,Districte V,10,Pubilla Cases,523,00-02,19,27,46
2013,6,Districte VI,12,Bellvitge,621,12-15,17,31,48
1997,6,Districte VI,12,Bellvitge,621,75 i +,24,13,37
2001,3,Districte III,6,Santa Eulàlia,311,18-24,50,68,118
2008,2,Districte II,5,Collblanc,223,03-11,48,54,102
1994,1,Districte I,1,Centre,124,12-15,24,30,54
2005,6,Districte VI,12,Bellvitge,609,75 i +,30,23,53
2013,2,Districte II,5,Collblanc,209,18-24,37,43,80
2014,2,Districte II,5,Collblanc,221,12-15,34,35,69
2004,2,Districte II,5,Collblanc,208,50-64,199,155,354
2009,3,Districte III,6,Santa Eulàlia,321,65-74,88,99,187
1997,1,Districte I,1,Centre,105,03-11,50,68,118
1994,6,Districte VI,12,Bellvitge,607,35-49,86,87,173
1999,6,Districte VI,11,el Gornal,629,03-11,20,18,38
2005,2,Districte II,4,la Torrassa,237,12-15,17,17,34
2001,2,Districte II,5,Collblanc,220,16-17,7,5,12
2010,1,Districte I,1,Centre,104,50-64,77,57,134
2008,6,Districte VI,12,Bellvitge,605,50-64,60,32,92
2014,5,Districte V,10,Pubilla Cases,518,65-74,62,32,94
2013,1,Districte I,1,Centre,111,25-34,41,43,84
2015,1,Districte I,1,Centre,123,50-64,127,120,247
1996,2,Districte II,4,la Torrassa,236,50-64,119,116,235
2002,2,Districte II,4,la Torrassa,238,12-15,11,12,23
2005,5,Districte V,9,Can Serra,504,00-02,10,10,20
2006,6,Districte VI,11,el Gornal,616,50-64,235,242,477
1998,2,Districte II,4,la Torrassa,241,18-24,33,21,54
2004,4,Districte IV,8,les Planes,420,18-24,71,74,145
2002,3,Districte III,6,Santa Eulàlia,302,75 i +,51,27,78
2008,4,Districte IV,7,la Florida,415,50-64,52,40,92
1999,2,Districte II,5,Collblanc,201,35-49,51,51,102
2012,1,Districte I,1,Centre,131,18-24,49,46,95
1995,3,Districte III,6,Santa Eulàlia,305,50-64,98,119,217
2008,1,Districte I,3,Sant Josep,140,35-49,114,151,265
1994,6,Districte VI,12,Bellvitge,613,03-11,43,42,85
1996,4,Districte IV,7,la Florida,421,16-17,16,18,34
2009,4,Districte IV,7,la Florida,432,35-49,118,127,245
2016,3,Districte III,6,Santa Eulàlia,315,00-02,26,18,44
2004,2,Districte II,5,Collblanc,216,35-49,138,116,254
2003,1,Districte I,3,Sant Josep,121,75 i +,56,40,96
2015,6,Districte VI,12,Bellvitge,609,35-49,108,105,213
1994,1,Districte I,2,Sanfeliu,116,00-02,15,16,31
1997,5,Districte V,9,Can Serra,507,03-11,34,34,68
2001,4,Districte IV,8,les Planes,442,75 i +,29,23,52
1997,2,Districte II,5,Collblanc,226,25-34,65,73,138
2004,4,Districte IV,7,la Florida,405,18-24,31,29,60
1994,4,Districte IV,7,la Florida,417,65-74,42,31,73
2003,2,Districte II,5,Collblanc,208,25-34,127,127,254
2011,6,Districte VI,12,Bellvitge,610,16-17,12,13,25
1996,3,Districte III,6,Santa Eulàlia,315,35-49,164,165,329
2007,2,Districte II,4,la Torrassa,236,12-15,21,15,36
2000,1,Districte I,3,Sant Josep,115,50-64,115,125,240
2002,3,Districte III,6,Santa Eulàlia,311,50-64,127,108,235
1994,2,Districte II,5,Collblanc,204,35-49,49,42,91
2006,6,Districte VI,12,Bellvitge,611,18-24,64,57,121
2001,5,Districte V,9,Can Serra,504,75 i +,51,39,90
2011,6,Districte VI,12,Bellvitge,603,50-64,50,42,92
2004,2,Districte II,5,Collblanc,205,03-11,31,23,54
1997,6,Districte VI,12,Bellvitge,627,18-24,105,106,211
2003,1,Districte I,1,Centre,113,16-17,27,24,51
2003,5,Districte V,10,Pubilla Cases,520,16-17,6,8,14
2005,3,Districte III,6,Santa Eulàlia,317,50-64,65,80,145
2003,5,Districte V,10,Pubilla Cases,531,25-34,88,105,193
2005,5,Districte V,10,Pubilla Cases,538,65-74,82,72,154
1994,3,Districte III,6,Santa Eulàlia,321,03-11,105,108,213
2009,5,Districte V,10,Pubilla Cases,520,00-02,19,9,28
2008,1,Districte I,3,Sant Josep,125,25-34,127,168,295
2013,5,Districte V,10,Pubilla Cases,518,35-49,136,147,283
1997,5,Districte V,10,Pubilla Cases,513,00-02,6,6,12
2008,3,Districte III,6,Santa Eulàlia,302,35-49,131,165,296
2006,2,Districte II,4,la Torrassa,237,18-24,65,60,125
2009,1,Districte I,3,Sant Josep,136,75 i +,63,36,99
2012,4,Districte IV,7,la Florida,416,25-34,56,56,112
1996,5,Districte V,10,Pubilla Cases,509,18-24,51,57,108
2010,1,Districte I,1,Centre,103,25-34,66,74,140
2012,6,Districte VI,12,Bellvitge,605,00-02,10,14,24
2014,1,Districte I,2,Sanfeliu,129,50-64,85,81,166
2004,1,Districte I,3,Sant Josep,117,18-24,109,111,220
1997,1,Districte I,1,Centre,101,18-24,68,62,130
2005,4,Districte IV,8,les Planes,419,12-15,11,11,22
1996,3,Districte III,6,Santa Eulàlia,325,18-24,113,136,249
1999,3,Districte III,6,Santa Eulàlia,321,00-02,37,24,61
2004,3,Districte III,6,Santa Eulàlia,301,12-15,35,41,76
2001,5,Districte V,10,Pubilla Cases,527,65-74,69,45,114
2007,3,Districte III,6,Santa Eulàlia,325,35-49,196,172,368
2007,3,Districte III,6,Santa Eulàlia,305,75 i +,101,56,157
1999,3,Districte III,6,Santa Eulàlia,322,35-49,107,112,219
1998,1,Districte I,1,Centre,131,12-15,31,32,63
2011,5,Districte V,9,Can Serra,506,75 i +,102,67,169
2011,2,Districte II,5,Collblanc,208,75 i +,233,122,355
2002,6,Districte VI,12,Bellvitge,614,75 i +,31,19,50
2010,1,Districte I,1,Centre,108,12-15,21,26,47
2005,3,Districte III,6,Santa Eulàlia,306,65-74,88,64,152
2014,4,Districte IV,8,les Planes,440,25-34,59,58,117
2000,6,Districte VI,12,Bellvitge,628,25-34,103,102,205
2014,1,Districte I,1,Centre,109,12-15,26,22,48
2016,2,Districte II,5,Collblanc,216,65-74,69,52,121
2000,2,Districte II,5,Collblanc,226,35-49,110,94,204
1996,6,Districte VI,12,Bellvitge,620,65-74,13,16,29
2001,2,Districte II,5,Collblanc,207,18-24,29,31,60
2003,1,Districte I,3,Sant Josep,119,03-11,30,38,68
2015,6,Districte VI,12,Bellvitge,625,35-49,113,110,223
2006,6,Districte VI,12,Bellvitge,614,18-24,26,39,65
2016,6,Districte VI,12,Bellvitge,619,03-11,51,52,103
2011,2,Districte II,5,Collblanc,244,03-11,28,30,58
2001,2,Districte II,4,la Torrassa,231,50-64,93,77,170
2015,6,Districte VI,11,el Gornal,632,03-11,41,55,96
2000,3,Districte III,6,Santa Eulàlia,310,00-02,9,11,20
1994,5,Districte V,10,Pubilla Cases,513,35-49,60,65,125
2001,3,Districte III,6,Santa Eulàlia,319,03-11,21,32,53
2004,2,Districte II,5,Collblanc,215,03-11,30,34,64
1994,1,Districte I,2,Sanfeliu,118,18-24,119,131,250
1997,2,Districte II,4,la Torrassa,231,00-02,8,10,18
2008,1,Districte I,2,Sanfeliu,129,12-15,19,16,35
2009,6,Districte VI,12,Bellvitge,630,25-34,80,100,180
2014,1,Districte I,1,Centre,107,03-11,74,83,157
1997,2,Districte II,5,Collblanc,214,25-34,61,69,130
2016,4,Districte IV,8,les Planes,435,18-24,33,50,83
2002,3,Districte III,6,Santa Eulàlia,325,18-24,87,77,164
2003,3,Districte III,6,Santa Eulàlia,313,25-34,177,161,338
2010,4,Districte IV,8,les Planes,439,12-15,19,24,43
2007,5,Districte V,9,Can Serra,501,16-17,9,11,20
2015,5,Districte V,10,Pubilla Cases,514,50-64,118,105,223
2007,2,Districte II,4,la Torrassa,245,03-11,46,39,85
2007,5,Districte V,10,Pubilla Cases,508,35-49,55,78,133
2006,2,Districte II,5,Collblanc,226,50-64,89,82,171
2008,6,Districte VI,12,Bellvitge,602,35-49,66,75,141
2015,5,Districte V,9,Can Serra,506,12-15,32,34,66
2005,6,Districte VI,11,el Gornal,617,35-49,91,98,189
2002,3,Districte III,6,Santa Eulàlia,314,50-64,183,200,383
2003,1,Districte I,3,Sant Josep,137,03-11,56,64,120
2001,4,Districte IV,7,la Florida,412,25-34,110,144,254
1995,1,Districte I,3,Sant Josep,119,35-49,203,171,374
2008,5,Districte V,9,Can Serra,507,25-34,68,96,164
2006,1,Districte I,1,Centre,107,12-15,16,27,43
2003,2,Districte II,5,Collblanc,226,16-17,12,8,20
2007,4,Districte IV,8,les Planes,441,35-49,212,199,411
1996,2,Districte II,4,la Torrassa,240,16-17,4,5,9
2011,3,Districte III,6,Santa Eulàlia,319,00-02,29,39,68
1994,5,Districte V,9,Can Serra,505,50-64,165,201,366
2009,5,Districte V,9,Can Serra,505,75 i +,60,48,108
2003,3,Districte III,6,Santa Eulàlia,311,00-02,15,25,40
2011,4,Districte IV,7,la Florida,431,50-64,109,107,216
1999,2,Districte II,4,la Torrassa,242,18-24,38,36,74
1995,6,Districte VI,12,Bellvitge,606,35-49,74,79,153
2009,1,Districte I,1,Centre,128,35-49,133,137,270
1999,5,Districte V,10,Pubilla Cases,529,35-49,82,85,167
2011,4,Districte IV,7,la Florida,411,75 i +,96,71,167
2004,5,Districte V,10,Pubilla Cases,511,03-11,27,24,51
2010,5,Districte V,9,Can Serra,501,12-15,12,20,32
2000,5,Districte V,10,Pubilla Cases,510,75 i +,47,28,75
2002,2,Districte II,5,Collblanc,225,75 i +,47,32,79
2008,3,Districte III,6,Santa Eulàlia,304,18-24,61,61,122
1996,5,Districte V,10,Pubilla Cases,523,16-17,10,20,30
2004,3,Districte III,6,Santa Eulàlia,318,00-02,4,12,16
2012,5,Districte V,9,Can Serra,521,65-74,84,97,181
1997,4,Districte IV,7,la Florida,432,50-64,137,141,278
2016,1,Districte I,1,Centre,135,12-15,18,27,45
2013,1,Districte I,3,Sant Josep,117,50-64,236,214,450
2004,3,Districte III,6,Santa Eulàlia,314,00-02,23,32,55
1999,5,Districte V,9,Can Serra,507,35-49,82,79,161
2004,6,Districte VI,12,Bellvitge,609,18-24,34,26,60
2004,4,Districte IV,7,la Florida,413,35-49,57,75,132
2006,4,Districte IV,7,la Florida,414,25-34,95,84,179
1994,2,Districte II,5,Collblanc,208,18-24,94,112,206
1996,1,Districte I,1,Centre,101,65-74,34,37,71
2016,1,Districte I,3,Sant Josep,139,50-64,91,83,174
1996,2,Districte II,5,Collblanc,214,12-15,9,16,25
1999,4,Districte IV,7,la Florida,424,35-49,46,46,92
2015,2,Districte II,5,Collblanc,220,16-17,9,13,22
2010,4,Districte IV,7,la Florida,410,75 i +,129,103,232
2007,4,Districte IV,7,la Florida,409,35-49,88,82,170
2006,1,Districte I,1,Centre,107,65-74,100,87,187
2008,2,Districte II,5,Collblanc,202,65-74,34,32,66
2003,1,Districte I,1,Centre,133,65-74,50,34,84
2009,4,Districte IV,8,les Planes,442,12-15,16,15,31
1995,3,Districte III,6,Santa Eulàlia,302,35-49,209,192,401
2011,6,Districte VI,12,Bellvitge,627,00-02,9,17,26
2015,1,Districte I,1,Centre,111,50-64,99,71,170
2009,2,Districte II,5,Collblanc,224,75 i +,40,22,62
1995,1,Districte I,3,Sant Josep,140,16-17,16,20,36
2015,1,Districte I,1,Centre,112,35-49,193,178,371
2007,4,Districte IV,7,la Florida,428,75 i +,36,24,60
2003,5,Districte V,10,Pubilla Cases,515,12-15,12,14,26
2007,6,Districte VI,12,Bellvitge,624,75 i +,36,23,59
2008,6,Districte VI,12,Bellvitge,611,35-49,205,272,477
2011,4,Districte IV,7,la Florida,431,12-15,25,29,54
2012,1,Districte I,1,Centre,133,00-02,17,12,29
2000,1,Districte I,1,Centre,103,16-17,7,9,16
2012,2,Districte II,5,Collblanc,205,25-34,73,63,136
1994,2,Districte II,5,Collblanc,225,65-74,56,38,94
2011,6,Districte VI,11,el Gornal,632,18-24,26,34,60
2016,5,Districte V,10,Pubilla Cases,508,35-49,175,191,366
2002,2,Districte II,4,la Torrassa,242,25-34,75,84,159
2002,5,Districte V,10,Pubilla Cases,531,03-11,22,39,61
1996,2,Districte II,5,Collblanc,224,18-24,32,27,59
2009,5,Districte V,10,Pubilla Cases,520,35-49,95,92,187
2007,1,Districte I,1,Centre,113,65-74,49,45,94
2004,5,Districte V,10,Pubilla Cases,536,18-24,37,40,77
2015,5,Districte V,10,Pubilla Cases,533,16-17,19,13,32
1996,6,Districte VI,12,Bellvitge,628,18-24,114,124,238
1996,3,Districte III,6,Santa Eulàlia,323,65-74,48,35,83
2003,5,Districte V,10,Pubilla Cases,527,03-11,38,22,60
2013,1,Districte I,3,Sant Josep,125,16-17,10,12,22
2012,2,Districte II,5,Collblanc,226,16-17,9,9,18
2010,3,Districte III,6,Santa Eulàlia,306,18-24,61,71,132
2014,1,Districte I,3,Sant Josep,138,75 i +,43,32,75
2003,6,Districte VI,12,Bellvitge,605,35-49,48,45,93
2013,1,Districte I,1,Centre,103,65-74,35,26,61
2007,1,Districte I,1,Centre,133,65-74,47,34,81
2005,3,Districte III,6,Santa Eulàlia,315,12-15,24,30,54
2002,5,Districte V,10,Pubilla Cases,528,18-24,46,70,116
2010,2,Districte II,4,la Torrassa,228,00-02,20,15,35
2012,2,Districte II,5,Collblanc,204,12-15,12,4,16
1996,1,Districte I,3,Sant Josep,139,16-17,15,11,26
2008,6,Districte VI,11,el Gornal,616,00-02,35,35,70
2004,6,Districte VI,12,Bellvitge,601,65-74,75,86,161
2004,2,Districte II,5,Collblanc,223,16-17,5,7,12
2010,6,Districte VI,12,Bellvitge,604,18-24,28,42,70
1996,4,Districte IV,8,les Planes,429,00-02,2,9,11
2014,6,Districte VI,11,el Gornal,617,50-64,80,63,143
2004,5,Districte V,9,Can Serra,506,35-49,183,186,369
2004,1,Districte I,1,Centre,101,65-74,45,43,88
1994,6,Districte VI,12,Bellvitge,631,16-17,22,35,57
2010,5,Districte V,9,Can Serra,501,35-49,106,107,213
2010,5,Districte V,9,Can Serra,521,12-15,14,14,28
1996,6,Districte VI,11,el Gornal,622,75 i +,35,12,47
1998,2,Districte II,5,Collblanc,221,75 i +,42,29,71
2013,5,Districte V,10,Pubilla Cases,525,00-02,23,19,42
2016,5,Districte V,10,Pubilla Cases,523,16-17,12,10,22
2016,3,Districte III,6,Santa Eulàlia,302,25-34,94,92,186
1996,4,Districte IV,7,la Florida,428,65-74,35,35,70
1997,2,Districte II,5,Collblanc,220,03-11,20,27,47
1997,1,Districte I,3,Sant Josep,120,16-17,17,22,39
1996,3,Districte III,6,Santa Eulàlia,305,12-15,29,36,65
2016,2,Districte II,4,la Torrassa,237,16-17,8,19,27
2005,2,Districte II,5,Collblanc,219,00-02,15,19,34
1995,1,Districte I,3,Sant Josep,127,03-11,55,40,95
2008,1,Districte I,1,Centre,105,16-17,8,21,29
2007,1,Districte I,1,Centre,109,25-34,82,78,160
1994,2,Districte II,5,Collblanc,219,50-64,127,110,237
2001,1,Districte I,3,Sant Josep,115,25-34,100,128,228
2006,1,Districte I,3,Sant Josep,136,18-24,45,38,83
2012,1,Districte I,3,Sant Josep,120,12-15,33,45,78
1996,1,Districte I,1,Centre,109,00-02,10,13,23
2014,2,Districte II,5,Collblanc,209,16-17,5,7,12
2009,5,Districte V,10,Pubilla Cases,537,18-24,60,42,102
2011,5,Districte V,10,Pubilla Cases,519,75 i +,40,31,71
2015,6,Districte VI,12,Bellvitge,610,65-74,142,100,242
1994,5,Districte V,10,Pubilla Cases,524,03-11,36,56,92
2009,6,Districte VI,12,Bellvitge,628,03-11,35,49,84
2004,2,Districte II,5,Collblanc,226,65-74,74,49,123
2007,1,Districte I,1,Centre,107,16-17,11,21,32
1997,4,Districte IV,7,la Florida,417,50-64,72,56,128
2002,1,Districte I,1,Centre,123,00-02,16,13,29
2006,6,Districte VI,12,Bellvitge,601,35-49,131,153,284
1999,1,Districte I,1,Centre,102,00-02,17,19,36
2008,1,Districte I,1,Centre,131,25-34,129,140,269
2013,4,Districte IV,7,la Florida,403,03-11,50,43,93
2007,4,Districte IV,7,la Florida,407,25-34,103,118,221
2002,1,Districte I,3,Sant Josep,138,03-11,29,36,65
2005,3,Districte III,6,Santa Eulàlia,324,35-49,114,119,233
2001,5,Districte V,9,Can Serra,505,00-02,9,3,12
2010,4,Districte IV,7,la Florida,423,50-64,75,58,133
2003,4,Districte IV,7,la Florida,413,16-17,3,6,9
2001,1,Districte I,1,Centre,104,16-17,3,3,6
1997,4,Districte IV,8,les Planes,434,50-64,48,45,93
2004,5,Districte V,10,Pubilla Cases,517,75 i +,50,23,73
2011,2,Districte II,5,Collblanc,207,03-11,34,28,62
2006,3,Districte III,6,Santa Eulàlia,320,75 i +,33,15,48
2008,1,Districte I,1,Centre,101,16-17,11,14,25
2007,5,Districte V,10,Pubilla Cases,522,00-02,20,26,46
2013,5,Districte V,10,Pubilla Cases,528,03-11,53,53,106
1998,2,Districte II,4,la Torrassa,245,35-49,97,90,187
2005,2,Districte II,4,la Torrassa,229,16-17,10,6,16
2007,3,Districte III,6,Santa Eulàlia,319,25-34,188,209,397
2000,2,Districte II,4,la Torrassa,236,25-34,72,77,149
2005,5,Districte V,9,Can Serra,501,18-24,51,61,112
2005,5,Districte V,10,Pubilla Cases,515,18-24,27,30,57
2007,3,Districte III,6,Santa Eulàlia,322,65-74,58,47,105
1994,1,Districte I,3,Sant Josep,117,00-02,20,24,44
2005,5,Districte V,10,Pubilla Cases,513,50-64,56,46,102
2000,4,Districte IV,7,la Florida,425,50-64,89,80,169
2013,3,Districte III,6,Santa Eulàlia,327,00-02,10,13,23
1994,4,Districte IV,7,la Florida,426,00-02,14,12,26
1994,6,Districte VI,11,el Gornal,622,00-02,16,9,25
2016,5,Districte V,10,Pubilla Cases,534,18-24,35,28,63
2008,1,Districte I,1,Centre,134,50-64,126,108,234
1999,5,Districte V,9,Can Serra,521,35-49,115,77,192
2003,2,Districte II,5,Collblanc,204,03-11,17,11,28
2012,3,Districte III,6,Santa Eulàlia,303,50-64,116,106,222
1996,6,Districte VI,12,Bellvitge,609,25-34,72,86,158
2011,6,Districte VI,12,Bellvitge,627,25-34,76,82,158
2002,1,Districte I,3,Sant Josep,119,65-74,72,55,127
2015,6,Districte VI,12,Bellvitge,624,25-34,54,52,106
1994,4,Districte IV,7,la Florida,412,65-74,74,70,144
2016,3,Districte III,6,Santa Eulàlia,323,00-02,24,26,50
2010,4,Districte IV,7,la Florida,421,65-74,81,59,140
2009,1,Districte I,1,Centre,101,18-24,48,45,93
2005,6,Districte VI,12,Bellvitge,602,18-24,20,27,47
2016,1,Districte I,3,Sant Josep,127,75 i +,41,35,76
2015,2,Districte II,5,Collblanc,210,00-02,8,9,17
1999,2,Districte II,4,la Torrassa,230,25-34,81,75,156
2005,2,Districte II,5,Collblanc,215,16-17,6,8,14
2010,2,Districte II,5,Collblanc,204,50-64,44,35,79
2011,3,Districte III,6,Santa Eulàlia,303,18-24,48,37,85
1997,2,Districte II,4,la Torrassa,246,65-74,79,61,140
1999,2,Districte II,4,la Torrassa,239,75 i +,58,46,104
2003,4,Districte IV,7,la Florida,426,18-24,53,59,112
1995,2,Districte II,4,la Torrassa,236,03-11,34,28,62
1994,1,Districte I,2,Sanfeliu,132,75 i +,57,25,82
2014,3,Districte III,13,Granvia Sud,320,65-74,94,83,177
1999,2,Districte II,5,Collblanc,202,03-11,13,21,34
2005,4,Districte IV,7,la Florida,404,03-11,59,56,115
2003,5,Districte V,10,Pubilla Cases,514,50-64,53,41,94
2004,5,Districte V,9,Can Serra,507,65-74,36,34,70
2012,1,Districte I,2,Sanfeliu,132,00-02,23,32,55
1998,4,Districte IV,7,la Florida,408,25-34,69,88,157
2005,4,Districte IV,7,la Florida,408,50-64,84,69,153
2015,4,Districte IV,8,les Planes,441,65-74,122,101,223
2015,6,Districte VI,12,Bellvitge,631,65-74,120,98,218
2010,1,Districte I,1,Centre,130,35-49,138,145,283
2001,2,Districte II,5,Collblanc,223,12-15,15,11,26
1994,5,Districte V,9,Can Serra,506,75 i +,43,22,65
2006,5,Districte V,10,Pubilla Cases,520,03-11,25,40,65
2007,4,Districte IV,8,les Planes,433,25-34,143,187,330
2014,5,Districte V,10,Pubilla Cases,518,25-34,74,56,130
2011,4,Districte IV,7,la Florida,406,16-17,7,16,23
1997,5,Districte V,10,Pubilla Cases,512,35-49,70,65,135
2001,6,Districte VI,11,el Gornal,622,50-64,80,79,159
2013,2,Districte II,4,la Torrassa,229,50-64,121,114,235
1999,1,Districte I,2,Sanfeliu,116,35-49,162,139,301
2006,2,Districte II,5,Collblanc,204,16-17,8,6,14
1996,6,Districte VI,12,Bellvitge,627,12-15,47,44,91
2010,3,Districte III,6,Santa Eulàlia,319,18-24,46,63,109
2009,5,Districte V,10,Pubilla Cases,524,25-34,143,147,290
2009,2,Districte II,4,la Torrassa,228,18-24,41,55,96
2001,2,Districte II,4,la Torrassa,229,65-74,55,47,102
2006,3,Districte III,6,Santa Eulàlia,312,00-02,17,21,38
1995,4,Districte IV,7,la Florida,404,18-24,79,72,151
1995,3,Districte III,6,Santa Eulàlia,318,65-74,21,17,38
2002,4,Districte IV,7,la Florida,423,35-49,92,94,186
2002,1,Districte I,2,Sanfeliu,129,25-34,98,128,226
2016,1,Districte I,1,Centre,131,50-64,130,111,241
2016,6,Districte VI,12,Bellvitge,609,18-24,28,29,57
2009,4,Districte IV,8,les Planes,438,12-15,10,15,25
2008,4,Districte IV,7,la Florida,412,65-74,109,94,203
1997,6,Districte VI,12,Bellvitge,631,75 i +,25,17,42
2008,5,Districte V,10,Pubilla Cases,510,00-02,15,11,26
2001,4,Districte IV,7,la Florida,411,03-11,30,25,55
1999,2,Districte II,4,la Torrassa,247,50-64,101,95,196
1996,1,Districte I,3,Sant Josep,126,50-64,146,167,313
2015,5,Districte V,10,Pubilla Cases,525,18-24,35,41,76
2016,5,Districte V,10,Pubilla Cases,523,35-49,186,180,366
2002,5,Districte V,10,Pubilla Cases,536,50-64,94,75,169
2006,5,Districte V,10,Pubilla Cases,537,65-74,71,69,140
2004,2,Districte II,5,Collblanc,204,00-02,9,4,13
1995,2,Districte II,5,Collblanc,214,65-74,42,35,77
2015,2,Districte II,4,la Torrassa,237,16-17,9,21,30
2010,4,Districte IV,8,les Planes,442,25-34,47,57,104
2006,2,Districte II,4,la Torrassa,236,35-49,123,132,255
1998,1,Districte I,1,Centre,102,50-64,206,215,421
2005,2,Districte II,5,Collblanc,202,75 i +,31,28,59
2013,1,Districte I,1,Centre,135,03-11,43,60,103
2005,1,Districte I,3,Sant Josep,136,16-17,10,10,20
2012,3,Districte III,6,Santa Eulàlia,320,25-34,53,73,126
2004,2,Districte II,5,Collblanc,244,03-11,17,21,38
1996,4,Districte IV,8,les Planes,441,50-64,164,168,332
2011,4,Districte IV,7,la Florida,416,75 i +,51,45,96
2007,5,Districte V,10,Pubilla Cases,524,12-15,22,23,45
1998,1,Districte I,1,Centre,103,03-11,24,24,48
1996,2,Districte II,5,Collblanc,206,03-11,26,20,46
1998,3,Districte III,6,Santa Eulàlia,325,00-02,19,14,33
2014,1,Districte I,1,Centre,105,03-11,55,57,112
2014,5,Districte V,10,Pubilla Cases,538,18-24,44,49,93
2006,4,Districte IV,7,la Florida,404,65-74,82,65,147
2014,5,Districte V,10,Pubilla Cases,514,75 i +,89,61,150
2012,2,Districte II,5,Collblanc,206,65-74,47,34,81
1995,5,Districte V,9,Can Serra,521,50-64,121,170,291
2014,2,Districte II,5,Collblanc,214,50-64,156,144,300
2016,4,Districte IV,7,la Florida,416,03-11,62,72,134
1994,1,Districte I,1,Centre,131,12-15,57,57,114
2012,1,Districte I,3,Sant Josep,126,65-74,89,90,179
2000,6,Districte VI,12,Bellvitge,630,00-02,6,8,14
1995,5,Districte V,10,Pubilla Cases,526,00-02,12,8,20
2003,1,Districte I,1,Centre,102,03-11,59,68,127
2006,3,Districte III,6,Santa Eulàlia,308,65-74,95,83,178
2011,2,Districte II,5,Collblanc,222,03-11,37,38,75
2000,4,Districte IV,7,la Florida,415,18-24,35,35,70
2004,4,Districte IV,8,les Planes,441,00-02,24,20,44
2001,5,Districte V,10,Pubilla Cases,523,03-11,33,44,77
1997,3,Districte III,6,Santa Eulàlia,320,00-02,3,5,8
2010,6,Districte VI,12,Bellvitge,602,00-02,9,6,15
2007,5,Districte V,10,Pubilla Cases,510,25-34,82,103,185
2015,5,Districte V,9,Can Serra,506,50-64,203,147,350
2009,3,Districte III,6,Santa Eulàlia,301,00-02,57,57,114
2010,2,Districte II,4,la Torrassa,217,16-17,7,6,13
2016,5,Districte V,10,Pubilla Cases,518,03-11,54,51,105
1999,2,Districte II,4,la Torrassa,217,25-34,42,60,102
1995,3,Districte III,6,Santa Eulàlia,322,65-74,54,57,111
2016,2,Districte II,5,Collblanc,212,65-74,63,46,109
2009,6,Districte VI,12,Bellvitge,602,35-49,70,71,141
2016,5,Districte V,10,Pubilla Cases,534,16-17,4,9,13
2012,6,Districte VI,12,Bellvitge,630,16-17,4,6,10
2003,4,Districte IV,7,la Florida,413,35-49,49,67,116
2016,2,Districte II,5,Collblanc,208,50-64,167,146,313
2006,6,Districte VI,11,el Gornal,626,18-24,28,27,55
2005,1,Districte I,1,Centre,110,75 i +,58,29,87
1994,2,Districte II,5,Collblanc,209,16-17,10,10,20
2000,1,Districte I,1,Centre,104,25-34,77,84,161
2005,5,Districte V,9,Can Serra,507,12-15,14,14,28
2008,2,Districte II,5,Collblanc,214,25-34,110,113,223
2001,4,Districte IV,7,la Florida,408,16-17,9,7,16
2016,4,Districte IV,7,la Florida,426,16-17,15,8,23
2014,4,Districte IV,8,les Planes,436,03-11,81,73,154
2005,4,Districte IV,8,les Planes,429,50-64,56,56,112
2005,3,Districte III,6,Santa Eulàlia,315,75 i +,66,33,99
2002,4,Districte IV,7,la Florida,422,03-11,33,37,70
1998,2,Districte II,4,la Torrassa,248,65-74,79,56,135
2011,5,Districte V,10,Pubilla Cases,536,35-49,108,120,228
2014,4,Districte IV,7,la Florida,421,65-74,80,54,134
2004,5,Districte V,10,Pubilla Cases,508,16-17,6,4,10
2009,6,Districte VI,12,Bellvitge,614,50-64,101,87,188
2008,6,Districte VI,11,el Gornal,608,18-24,23,32,55
2007,1,Districte I,3,Sant Josep,121,50-64,41,42,83
2010,5,Districte V,10,Pubilla Cases,512,25-34,88,91,179
2013,2,Districte II,5,Collblanc,226,35-49,248,237,485
2014,3,Districte III,6,Santa Eulàlia,318,16-17,10,7,17
2000,1,Districte I,3,Sant Josep,121,12-15,8,8,16
2010,4,Districte IV,7,la Florida,402,16-17,11,6,17
2012,3,Districte III,6,Santa Eulàlia,309,75 i +,41,15,56
2012,5,Districte V,10,Pubilla Cases,528,12-15,21,22,43
2013,3,Districte III,6,Santa Eulàlia,321,50-64,302,260,562
2007,3,Districte III,6,Santa Eulàlia,305,50-64,163,160,323
1996,5,Districte V,10,Pubilla Cases,508,50-64,64,59,123
2003,1,Districte I,1,Centre,113,25-34,117,138,255
2006,1,Districte I,3,Sant Josep,122,16-17,10,1,11
2007,1,Districte I,3,Sant Josep,115,75 i +,75,37,112
1997,4,Districte IV,7,la Florida,411,16-17,13,11,24
2015,1,Districte I,1,Centre,131,00-02,21,13,34
2008,5,Districte V,9,Can Serra,504,18-24,31,51,82
2004,3,Districte III,6,Santa Eulàlia,307,12-15,12,32,44
2002,6,Districte VI,12,Bellvitge,604,00-02,4,9,13
1999,5,Districte V,9,Can Serra,504,65-74,70,67,137
2008,4,Districte IV,8,les Planes,441,16-17,14,24,38
1995,3,Districte III,6,Santa Eulàlia,303,35-49,128,119,247
1995,6,Districte VI,12,Bellvitge,624,03-11,38,46,84
2015,2,Districte II,5,Collblanc,220,75 i +,94,60,154
1999,2,Districte II,5,Collblanc,213,12-15,17,18,35
2012,6,Districte VI,11,el Gornal,629,75 i +,30,25,55
1996,1,Districte I,1,Centre,104,00-02,7,8,15
2016,6,Districte VI,12,Bellvitge,611,00-02,24,17,41
1998,4,Districte IV,7,la Florida,408,75 i +,33,17,50
2011,2,Districte II,5,Collblanc,216,50-64,117,101,218
2013,5,Districte V,10,Pubilla Cases,538,75 i +,96,64,160
2012,1,Districte I,1,Centre,103,12-15,17,19,36
2006,4,Districte IV,7,la Florida,403,35-49,100,115,215
2015,2,Districte II,5,Collblanc,204,12-15,29,17,46
1995,2,Districte II,4,la Torrassa,238,00-02,3,10,13
2009,6,Districte VI,12,Bellvitge,618,00-02,3,7,10
2004,6,Districte VI,12,Bellvitge,621,65-74,51,47,98
2007,6,Districte VI,12,Bellvitge,609,18-24,31,31,62
2008,2,Districte II,4,la Torrassa,240,00-02,16,10,26
2003,3,Districte III,6,Santa Eulàlia,301,35-49,245,221,466
1997,6,Districte VI,12,Bellvitge,618,18-24,57,54,111
2013,1,Districte I,1,Centre,128,00-02,18,12,30
2010,2,Districte II,5,Collblanc,221,65-74,56,49,105
1997,2,Districte II,5,Collblanc,216,18-24,82,94,176
2011,6,Districte VI,11,el Gornal,617,50-64,88,82,170
2000,3,Districte III,6,Santa Eulàlia,318,25-34,54,62,116
2009,4,Districte IV,8,les Planes,429,75 i +,51,24,75
2007,2,Districte II,4,la Torrassa,247,00-02,22,29,51
2001,2,Districte II,4,la Torrassa,211,16-17,10,4,14
2008,6,Districte VI,11,el Gornal,632,18-24,36,43,79
1998,4,Districte IV,7,la Florida,402,35-49,71,66,137
2013,4,Districte IV,7,la Florida,402,75 i +,60,44,104
2001,1,Districte I,1,Centre,113,35-49,188,162,350
2008,4,Districte IV,7,la Florida,411,16-17,9,8,17
2012,4,Districte IV,8,les Planes,434,16-17,9,6,15
2005,4,Districte IV,7,la Florida,430,35-49,110,122,232
1998,2,Districte II,4,la Torrassa,238,35-49,56,70,126
2016,5,Districte V,10,Pubilla Cases,537,03-11,44,49,93
2008,6,Districte VI,12,Bellvitge,627,12-15,6,12,18
1994,1,Districte I,3,Sant Josep,125,35-49,173,151,324
2007,2,Districte II,4,la Torrassa,231,03-11,51,45,96
2015,6,Districte VI,12,Bellvitge,606,25-34,62,68,130
2016,4,Districte IV,7,la Florida,409,00-02,33,30,63
2015,5,Districte V,10,Pubilla Cases,528,65-74,59,46,105
2002,4,Districte IV,7,la Florida,425,35-49,81,97,178
2013,6,Districte VI,11,el Gornal,617,18-24,34,34,68
2014,1,Districte I,3,Sant Josep,115,35-49,151,147,298
2012,2,Districte II,5,Collblanc,221,18-24,47,34,81
2009,5,Districte V,10,Pubilla Cases,511,75 i +,52,31,83
2012,4,Districte IV,8,les Planes,434,50-64,59,68,127
2009,6,Districte VI,11,el Gornal,608,50-64,82,57,139
2011,4,Districte IV,8,les Planes,439,12-15,22,24,46
2015,4,Districte IV,8,les Planes,437,18-24,59,60,119
2010,6,Districte VI,11,el Gornal,617,18-24,37,31,68
2002,1,Districte I,3,Sant Josep,140,75 i +,52,27,79
2001,5,Districte V,10,Pubilla Cases,509,18-24,41,30,71
2001,2,Districte II,5,Collblanc,225,18-24,15,28,43
1995,6,Districte VI,12,Bellvitge,624,25-34,62,100,162
2001,3,Districte III,6,Santa Eulàlia,312,12-15,30,21,51
2008,2,Districte II,4,la Torrassa,240,16-17,9,11,20
2011,2,Districte II,5,Collblanc,204,00-02,12,5,17
2000,2,Districte II,5,Collblanc,226,65-74,84,57,141
2004,6,Districte VI,12,Bellvitge,611,18-24,77,56,133
2014,2,Districte II,4,la Torrassa,243,03-11,68,83,151
2001,2,Districte II,4,la Torrassa,232,03-11,31,25,56
2010,1,Districte I,3,Sant Josep,106,35-49,182,176,358
2001,5,Districte V,10,Pubilla Cases,525,03-11,21,22,43
2016,4,Districte IV,8,les Planes,437,65-74,81,60,141
1995,1,Districte I,1,Centre,109,75 i +,53,22,75
1998,5,Districte V,9,Can Serra,506,18-24,172,175,347
2005,1,Districte I,2,Sanfeliu,129,16-17,10,14,24
1999,1,Districte I,3,Sant Josep,139,75 i +,23,10,33
1994,5,Districte V,10,Pubilla Cases,527,50-64,114,106,220
2012,2,Districte II,5,Collblanc,208,16-17,11,13,24
2009,2,Districte II,4,la Torrassa,211,50-64,78,75,153
2001,1,Districte I,1,Centre,133,16-17,8,9,17
2003,6,Districte VI,12,Bellvitge,615,00-02,11,3,14
1995,1,Districte I,1,Centre,130,75 i +,60,26,86
2012,3,Districte III,6,Santa Eulàlia,322,50-64,112,93,205
1998,1,Districte I,2,Sanfeliu,118,25-34,124,128,252
2013,6,Districte VI,12,Bellvitge,631,25-34,60,45,105
1994,2,Districte II,4,la Torrassa,217,18-24,23,26,49
2011,3,Districte III,6,Santa Eulàlia,318,65-74,35,25,60
2003,5,Districte V,10,Pubilla Cases,511,25-34,54,70,124
2007,4,Districte IV,8,les Planes,420,00-02,28,34,62
2015,4,Districte IV,7,la Florida,426,12-15,12,21,33
2009,1,Districte I,2,Sanfeliu,129,12-15,21,14,35
2014,5,Districte V,10,Pubilla Cases,537,50-64,117,103,220
2003,2,Districte II,4,la Torrassa,245,03-11,37,34,71
2002,3,Districte III,6,Santa Eulàlia,325,75 i +,127,74,201
1995,5,Districte V,10,Pubilla Cases,531,18-24,55,57,112
2015,1,Districte I,1,Centre,124,16-17,5,5,10
2001,2,Districte II,5,Collblanc,203,12-15,8,9,17
2012,5,Districte V,10,Pubilla Cases,519,75 i +,42,30,72
2009,4,Districte IV,7,la Florida,415,12-15,14,19,33
2000,1,Districte I,1,Centre,108,00-02,14,16,30
1996,6,Districte VI,12,Bellvitge,606,75 i +,29,14,43
1999,1,Districte I,1,Centre,113,16-17,25,28,53
1994,2,Districte II,5,Collblanc,244,65-74,45,52,97
2009,6,Districte VI,12,Bellvitge,621,00-02,21,15,36
2003,5,Districte V,10,Pubilla Cases,509,35-49,84,80,164
1996,1,Districte I,1,Centre,105,65-74,54,41,95
2010,4,Districte IV,7,la Florida,408,25-34,89,106,195
2010,5,Districte V,10,Pubilla Cases,528,00-02,19,24,43
2005,3,Districte III,6,Santa Eulàlia,303,65-74,134,137,271
2006,2,Districte II,5,Collblanc,209,75 i +,81,53,134
2005,3,Districte III,6,Santa Eulàlia,322,12-15,18,22,40
1994,6,Districte VI,11,el Gornal,629,00-02,5,9,14
1997,3,Districte III,6,Santa Eulàlia,311,35-49,127,102,229
2010,3,Districte III,6,Santa Eulàlia,324,18-24,41,49,90
2014,1,Districte I,3,Sant Josep,137,18-24,46,51,97
1999,3,Districte III,6,Santa Eulàlia,302,35-49,161,125,286
2007,6,Districte VI,11,el Gornal,629,12-15,8,9,17
2014,2,Districte II,4,la Torrassa,211,25-34,97,111,208
2012,5,Districte V,10,Pubilla Cases,514,65-74,36,27,63
2008,4,Districte IV,7,la Florida,421,65-74,82,60,142
2008,2,Districte II,5,Collblanc,226,75 i +,85,51,136
2014,5,Districte V,10,Pubilla Cases,524,00-02,14,15,29
2003,1,Districte I,1,Centre,133,25-34,84,104,188
2002,5,Districte V,9,Can Serra,521,35-49,83,73,156
2010,4,Districte IV,8,les Planes,401,12-15,27,33,60
2002,5,Districte V,10,Pubilla Cases,531,25-34,94,103,197
1996,4,Districte IV,7,la Florida,408,25-34,82,96,178
2000,6,Districte VI,12,Bellvitge,605,18-24,34,39,73
1996,1,Districte I,1,Centre,103,03-11,29,24,53
1997,3,Districte III,6,Santa Eulàlia,321,25-34,168,162,330
2008,2,Districte II,5,Collblanc,227,65-74,36,31,67
2002,2,Districte II,5,Collblanc,209,65-74,67,53,120
1994,2,Districte II,4,la Torrassa,217,35-49,49,52,101
2009,4,Districte IV,8,les Planes,442,35-49,74,76,150
2007,6,Districte VI,11,el Gornal,622,18-24,28,30,58
1998,3,Districte III,6,Santa Eulàlia,321,25-34,177,179,356
1994,2,Districte II,4,la Torrassa,231,12-15,14,19,33
1998,6,Districte VI,12,Bellvitge,620,25-34,60,54,114
2014,1,Districte I,1,Centre,131,25-34,65,80,145
2010,1,Districte I,1,Centre,109,00-02,16,12,28
2003,3,Districte III,6,Santa Eulàlia,324,03-11,44,39,83
2000,2,Districte II,5,Collblanc,216,18-24,63,59,122
1994,2,Districte II,5,Collblanc,223,50-64,129,129,258
1997,6,Districte VI,12,Bellvitge,612,03-11,35,30,65
2000,6,Districte VI,12,Bellvitge,614,12-15,10,25,35
1996,3,Districte III,6,Santa Eulàlia,306,35-49,183,175,358
2005,3,Districte III,6,Santa Eulàlia,316,03-11,47,66,113
1994,3,Districte III,6,Santa Eulàlia,302,65-74,45,41,86
2000,5,Districte V,10,Pubilla Cases,533,16-17,6,10,16
1998,5,Districte V,10,Pubilla Cases,510,50-64,113,115,228
2000,3,Districte III,6,Santa Eulàlia,306,65-74,100,83,183
2000,6,Districte VI,12,Bellvitge,615,75 i +,24,12,36
2000,3,Districte III,6,Santa Eulàlia,310,50-64,73,76,149
1997,6,Districte VI,12,Bellvitge,606,75 i +,31,13,44
2014,4,Districte IV,7,la Florida,402,16-17,11,7,18
2004,6,Districte VI,12,Bellvitge,621,35-49,132,118,250
2008,3,Districte III,6,Santa Eulàlia,318,75 i +,27,14,41
1994,6,Districte VI,12,Bellvitge,630,75 i +,24,7,31
2013,6,Districte VI,12,Bellvitge,609,18-24,19,22,41
1994,2,Districte II,5,Collblanc,220,75 i +,37,21,58
2003,2,Districte II,5,Collblanc,203,16-17,6,3,9
2012,5,Districte V,10,Pubilla Cases,525,16-17,9,13,22
2001,6,Districte VI,11,el Gornal,629,35-49,63,54,117
2012,4,Districte IV,7,la Florida,422,75 i +,79,54,133
1995,6,Districte VI,12,Bellvitge,606,18-24,69,65,134
2009,5,Districte V,9,Can Serra,505,18-24,39,18,57
2016,4,Districte IV,7,la Florida,403,35-49,122,138,260
1999,2,Districte II,5,Collblanc,221,35-49,100,101,201
2000,2,Districte II,4,la Torrassa,249,12-15,12,16,28
2014,1,Districte I,3,Sant Josep,125,18-24,44,50,94
2006,3,Districte III,6,Santa Eulàlia,314,35-49,317,282,599
1994,4,Districte IV,7,la Florida,426,75 i +,49,25,74
2000,2,Districte II,4,la Torrassa,235,75 i +,74,45,119
1996,4,Districte IV,7,la Florida,430,25-34,75,74,149
2006,6,Districte VI,12,Bellvitge,606,12-15,20,16,36
2016,5,Districte V,10,Pubilla Cases,520,25-34,51,63,114
2014,3,Districte III,6,Santa Eulàlia,306,75 i +,101,63,164
2008,4,Districte IV,7,la Florida,427,18-24,51,35,86
2014,5,Districte V,10,Pubilla Cases,532,03-11,64,61,125
1996,3,Districte III,6,Santa Eulàlia,306,12-15,40,30,70
2007,6,Districte VI,12,Bellvitge,620,65-74,43,46,89
2001,5,Districte V,10,Pubilla Cases,514,18-24,24,36,60
2006,4,Districte IV,7,la Florida,410,50-64,173,159,332
1996,5,Districte V,9,Can Serra,535,25-34,47,61,108
2004,5,Districte V,9,Can Serra,506,12-15,32,44,76
1994,5,Districte V,9,Can Serra,501,25-34,69,61,130
1994,4,Districte IV,7,la Florida,432,25-34,87,90,177
1994,1,Districte I,1,Centre,102,50-64,179,183,362
1994,5,Districte V,10,Pubilla Cases,526,00-02,11,7,18
2014,1,Districte I,3,Sant Josep,136,75 i +,65,34,99
1996,3,Districte III,6,Santa Eulàlia,312,18-24,71,84,155
2004,4,Districte IV,7,la Florida,415,00-02,10,12,22
2002,4,Districte IV,7,la Florida,403,65-74,77,76,153
2005,2,Districte II,5,Collblanc,202,03-11,24,30,54
2007,1,Districte I,1,Centre,105,35-49,151,135,286
2006,5,Districte V,10,Pubilla Cases,508,50-64,37,36,73
2012,2,Districte II,4,la Torrassa,234,25-34,99,94,193
2003,6,Districte VI,12,Bellvitge,604,12-15,13,18,31
2007,1,Districte I,3,Sant Josep,136,35-49,131,148,279
1996,1,Districte I,3,Sant Josep,138,12-15,21,30,51
1996,2,Districte II,4,la Torrassa,236,18-24,59,52,111
2011,5,Districte V,9,Can Serra,504,03-11,32,36,68
2011,2,Districte II,4,la Torrassa,218,03-11,19,27,46
2003,2,Districte II,5,Collblanc,212,00-02,13,20,33
2001,5,Districte V,9,Can Serra,521,18-24,77,78,155
1997,2,Districte II,4,la Torrassa,217,16-17,3,7,10
2007,4,Districte IV,7,la Florida,417,16-17,7,3,10
2008,4,Districte IV,7,la Florida,425,75 i +,66,45,111
2014,1,Districte I,1,Centre,109,16-17,9,8,17
2003,6,Districte VI,12,Bellvitge,621,75 i +,38,18,56
1999,6,Districte VI,12,Bellvitge,625,35-49,206,174,380
2011,5,Districte V,10,Pubilla Cases,533,75 i +,57,39,96
2012,2,Districte II,4,la Torrassa,230,18-24,30,47,77
1995,2,Districte II,5,Collblanc,201,25-34,50,55,105
2008,5,Districte V,10,Pubilla Cases,522,18-24,62,49,111
2015,4,Districte IV,7,la Florida,407,12-15,19,23,42
2009,2,Districte II,5,Collblanc,204,25-34,60,70,130
2001,4,Districte IV,8,les Planes,441,25-34,131,153,284
2014,3,Districte III,6,Santa Eulàlia,316,03-11,51,65,116
1995,5,Districte V,10,Pubilla Cases,520,75 i +,38,20,58
1999,6,Districte VI,12,Bellvitge,614,03-11,27,42,69
2005,4,Districte IV,8,les Planes,442,50-64,56,45,101
2004,4,Districte IV,8,les Planes,440,35-49,74,94,168
1998,4,Districte IV,8,les Planes,435,16-17,7,10,17
2000,3,Districte III,6,Santa Eulàlia,302,16-17,14,14,28
1996,4,Districte IV,7,la Florida,412,75 i +,45,23,68
2008,2,Districte II,5,Collblanc,212,25-34,144,179,323
1997,4,Districte IV,7,la Florida,404,16-17,12,13,25
2007,4,Districte IV,7,la Florida,404,35-49,143,164,307
2014,6,Districte VI,12,Bellvitge,609,03-11,41,40,81
2009,5,Districte V,10,Pubilla Cases,525,03-11,37,34,71
2000,6,Districte VI,12,Bellvitge,620,00-02,3,6,9
2000,6,Districte VI,12,Bellvitge,607,25-34,101,105,206
2002,6,Districte VI,11,el Gornal,632,50-64,89,79,168
2006,3,Districte III,6,Santa Eulàlia,304,18-24,47,64,111
2010,3,Districte III,6,Santa Eulàlia,313,35-49,230,223,453
2016,4,Districte IV,7,la Florida,402,65-74,38,31,69
2002,3,Districte III,6,Santa Eulàlia,320,18-24,25,34,59
1994,2,Districte II,5,Collblanc,219,75 i +,56,30,86
2012,5,Districte V,10,Pubilla Cases,512,35-49,110,112,222
2002,2,Districte II,5,Collblanc,206,25-34,77,87,164
2003,3,Districte III,6,Santa Eulàlia,306,25-34,128,134,262
1994,1,Districte I,1,Centre,112,65-74,53,35,88
2016,3,Districte III,6,Santa Eulàlia,311,35-49,183,210,393
2012,6,Districte VI,12,Bellvitge,602,35-49,78,86,164
1995,2,Districte II,4,la Torrassa,211,00-02,7,14,21
2007,4,Districte IV,8,les Planes,420,12-15,25,30,55
2004,1,Districte I,3,Sant Josep,120,65-74,46,48,94
2000,1,Districte I,1,Centre,130,75 i +,60,40,100
1994,4,Districte IV,8,les Planes,442,00-02,7,6,13
2000,1,Districte I,1,Centre,109,65-74,56,51,107
2013,1,Districte I,1,Centre,103,18-24,23,13,36
1996,4,Districte IV,7,la Florida,415,35-49,61,67,128
2008,6,Districte VI,12,Bellvitge,611,16-17,18,17,35
2011,6,Districte VI,12,Bellvitge,607,50-64,80,73,153
2000,4,Districte IV,8,les Planes,434,50-64,45,44,89
1994,2,Districte II,5,Collblanc,210,16-17,9,18,27
2009,5,Districte V,10,Pubilla Cases,515,03-11,23,28,51
2015,1,Districte I,1,Centre,107,75 i +,115,61,176
1995,1,Districte I,1,Centre,133,75 i +,42,27,69
2001,4,Districte IV,7,la Florida,417,00-02,7,5,12
2015,1,Districte I,2,Sanfeliu,118,65-74,116,122,238
2001,2,Districte II,4,la Torrassa,246,25-34,109,106,215
2005,5,Districte V,9,Can Serra,521,12-15,13,12,25
2010,3,Districte III,6,Santa Eulàlia,323,75 i +,89,32,121
1994,6,Districte VI,12,Bellvitge,605,16-17,12,14,26
2004,6,Districte VI,11,el Gornal,617,65-74,65,53,118
2016,2,Districte II,4,la Torrassa,231,65-74,40,31,71
2001,5,Districte V,10,Pubilla Cases,514,65-74,54,39,93
1996,6,Districte VI,12,Bellvitge,604,03-11,29,38,67
2001,2,Districte II,4,la Torrassa,238,00-02,11,9,20
2006,3,Districte III,6,Santa Eulàlia,310,03-11,29,37,66
1999,3,Districte III,6,Santa Eulàlia,313,75 i +,60,27,87
2009,6,Districte VI,12,Bellvitge,602,25-34,35,41,76
1999,4,Districte IV,7,la Florida,422,50-64,78,82,160
1996,2,Districte II,5,Collblanc,215,65-74,68,49,117
2011,1,Districte I,1,Centre,105,00-02,17,20,37
1995,4,Districte IV,7,la Florida,431,50-64,145,129,274
1996,1,Districte I,3,Sant Josep,138,25-34,64,63,127
1995,2,Districte II,4,la Torrassa,217,75 i +,46,14,60
2012,1,Districte I,3,Sant Josep,114,75 i +,95,61,156
2013,6,Districte VI,12,Bellvitge,605,75 i +,99,82,181
2007,1,Districte I,2,Sanfeliu,116,16-17,12,12,24
2010,2,Districte II,4,la Torrassa,231,50-64,82,67,149
2010,3,Districte III,6,Santa Eulàlia,305,25-34,122,130,252
2007,1,Districte I,1,Centre,102,18-24,51,50,101
2009,4,Districte IV,7,la Florida,411,35-49,116,126,242
2009,1,Districte I,1,Centre,123,12-15,17,24,41
2011,4,Districte IV,8,les Planes,434,50-64,54,58,112
2006,5,Districte V,10,Pubilla Cases,516,65-74,44,30,74
2004,5,Districte V,10,Pubilla Cases,523,18-24,62,68,130
1996,5,Districte V,10,Pubilla Cases,528,75 i +,33,19,52
2007,2,Districte II,5,Collblanc,213,75 i +,56,28,84
2004,3,Districte III,6,Santa Eulàlia,324,35-49,99,113,212
2008,6,Districte VI,12,Bellvitge,604,25-34,47,71,118
1994,2,Districte II,4,la Torrassa,231,00-02,8,9,17
2006,1,Districte I,2,Sanfeliu,116,65-74,71,73,144
2004,6,Districte VI,12,Bellvitge,628,18-24,48,41,89
2001,4,Districte IV,7,la Florida,430,18-24,38,36,74
2015,1,Districte I,1,Centre,107,03-11,65,77,142
2004,2,Districte II,5,Collblanc,226,03-11,38,36,74
1996,4,Districte IV,7,la Florida,430,16-17,12,9,21
1995,2,Districte II,5,Collblanc,204,75 i +,27,16,43
2000,3,Districte III,6,Santa Eulàlia,315,35-49,172,170,342
2015,1,Districte I,2,Sanfeliu,132,18-24,65,82,147
2007,3,Districte III,6,Santa Eulàlia,320,65-74,37,35,72
2009,1,Districte I,1,Centre,123,03-11,50,54,104
2002,4,Districte IV,7,la Florida,402,16-17,9,6,15
2009,4,Districte IV,7,la Florida,416,16-17,6,8,14
2015,1,Districte I,1,Centre,130,65-74,44,27,71
2012,1,Districte I,1,Centre,128,65-74,58,52,110
2005,2,Districte II,4,la Torrassa,235,75 i +,85,49,134
2008,2,Districte II,5,Collblanc,215,65-74,44,29,73
2002,3,Districte III,6,Santa Eulàlia,320,65-74,28,19,47
1996,1,Districte I,3,Sant Josep,137,35-49,188,160,348
2005,4,Districte IV,7,la Florida,415,75 i +,38,22,60
2010,3,Districte III,6,Santa Eulàlia,301,03-11,113,127,240
2010,1,Districte I,1,Centre,109,35-49,117,119,236
2014,3,Districte III,6,Santa Eulàlia,303,00-02,28,23,51
2014,5,Districte V,10,Pubilla Cases,538,25-34,99,92,191
2010,5,Districte V,10,Pubilla Cases,536,75 i +,75,43,118
2009,4,Districte IV,8,les Planes,437,25-34,72,113,185
2011,1,Districte I,1,Centre,123,35-49,150,163,313
2013,2,Districte II,5,Collblanc,207,25-34,170,145,315
2006,4,Districte IV,8,les Planes,418,35-49,146,161,307
2014,1,Districte I,1,Centre,112,00-02,23,18,41
2006,4,Districte IV,8,les Planes,442,00-02,14,6,20
2014,5,Districte V,10,Pubilla Cases,510,75 i +,68,43,111
2010,4,Districte IV,8,les Planes,433,50-64,78,76,154
2010,6,Districte VI,12,Bellvitge,630,03-11,32,28,60
2016,6,Districte VI,11,el Gornal,616,50-64,232,210,442
2006,5,Districte V,9,Can Serra,506,00-02,14,23,37
2003,4,Districte IV,7,la Florida,423,16-17,6,14,20
2001,2,Districte II,4,la Torrassa,217,65-74,44,34,78
1999,5,Districte V,9,Can Serra,501,03-11,32,40,72
1997,6,Districte VI,12,Bellvitge,615,16-17,7,12,19
1999,2,Districte II,4,la Torrassa,249,50-64,107,84,191
1995,2,Districte II,4,la Torrassa,245,03-11,28,29,57
2004,5,Districte V,10,Pubilla Cases,515,25-34,56,76,132
2007,6,Districte VI,12,Bellvitge,618,00-02,9,10,19
2006,4,Districte IV,8,les Planes,439,03-11,46,53,99
2006,5,Districte V,10,Pubilla Cases,536,03-11,36,26,62
2009,3,Districte III,6,Santa Eulàlia,318,25-34,65,63,128
1995,3,Districte III,6,Santa Eulàlia,309,75 i +,23,10,33
2008,5,Districte V,10,Pubilla Cases,522,16-17,7,6,13
2008,1,Districte I,3,Sant Josep,138,65-74,37,35,72
2007,4,Districte IV,8,les Planes,435,00-02,17,29,46
2005,1,Districte I,1,Centre,113,18-24,85,81,166
2012,2,Districte II,5,Collblanc,202,18-24,26,34,60
2011,4,Districte IV,8,les Planes,437,25-34,70,98,168
1998,2,Districte II,5,Collblanc,202,18-24,42,42,84
2013,2,Districte II,4,la Torrassa,238,03-11,36,37,73
2008,4,Districte IV,7,la Florida,415,12-15,14,18,32
2010,3,Districte III,6,Santa Eulàlia,324,75 i +,49,29,78
2007,2,Districte II,4,la Torrassa,234,16-17,6,13,19
2007,5,Districte V,10,Pubilla Cases,529,16-17,10,18,28
2012,2,Districte II,5,Collblanc,215,00-02,18,21,39
2011,4,Districte IV,8,les Planes,433,65-74,31,28,59
1994,1,Districte I,1,Centre,131,65-74,57,48,105
2006,4,Districte IV,8,les Planes,429,12-15,9,13,22
2015,2,Districte II,5,Collblanc,212,35-49,198,183,381
2005,6,Districte VI,12,Bellvitge,614,18-24,25,36,61
1995,4,Districte IV,8,les Planes,442,35-49,74,56,130
2000,1,Districte I,2,Sanfeliu,132,00-02,18,21,39
2012,5,Districte V,10,Pubilla Cases,510,50-64,82,74,156
2005,2,Districte II,5,Collblanc,223,03-11,46,51,97
2001,4,Districte IV,8,les Planes,419,35-49,61,83,144
1995,2,Districte II,4,la Torrassa,239,25-34,91,90,181
2010,5,Districte V,10,Pubilla Cases,509,75 i +,32,19,51
1995,5,Districte V,10,Pubilla Cases,537,25-34,102,103,205
2011,2,Districte II,5,Collblanc,203,35-49,105,133,238
2015,1,Districte I,1,Centre,130,50-64,80,81,161
2014,6,Districte VI,12,Bellvitge,624,75 i +,52,37,89
1998,3,Districte III,6,Santa Eulàlia,309,35-49,89,69,158
2011,5,Districte V,10,Pubilla Cases,514,18-24,42,20,62
1999,1,Districte I,1,Centre,124,65-74,49,36,85
2015,1,Districte I,1,Centre,107,50-64,155,127,282
2005,4,Districte IV,8,les Planes,441,35-49,231,226,457
2011,1,Districte I,1,Centre,101,50-64,147,136,283
2000,2,Districte II,5,Collblanc,212,18-24,58,55,113
1996,2,Districte II,5,Collblanc,225,50-64,58,46,104
2004,4,Districte IV,7,la Florida,410,03-11,46,72,118
2012,2,Districte II,4,la Torrassa,236,12-15,18,10,28
2013,3,Districte III,6,Santa Eulàlia,305,00-02,20,18,38
2002,3,Districte III,6,Santa Eulàlia,308,16-17,16,21,37
2010,6,Districte VI,12,Bellvitge,624,50-64,127,89,216
2013,2,Districte II,5,Collblanc,223,00-02,20,17,37
2015,1,Districte I,2,Sanfeliu,116,65-74,120,90,210
2001,4,Districte IV,7,la Florida,424,35-49,44,50,94
1998,3,Districte III,6,Santa Eulàlia,322,75 i +,38,20,58
2014,4,Districte IV,7,la Florida,403,03-11,52,44,96
2000,3,Districte III,6,Santa Eulàlia,307,25-34,113,104,217
2008,2,Districte II,5,Collblanc,208,65-74,121,99,220
2008,2,Districte II,5,Collblanc,209,16-17,8,14,22
2001,4,Districte IV,8,les Planes,442,18-24,23,27,50
1998,4,Districte IV,7,la Florida,404,25-34,103,126,229
2004,5,Districte V,10,Pubilla Cases,528,50-64,112,93,205
2010,1,Districte I,1,Centre,134,18-24,47,56,103
2008,6,Districte VI,12,Bellvitge,613,16-17,8,11,19
1999,4,Districte IV,7,la Florida,427,16-17,11,9,20
2009,3,Districte III,6,Santa Eulàlia,320,50-64,96,79,175
2006,2,Districte II,5,Collblanc,208,16-17,11,13,24
2000,5,Districte V,9,Can Serra,505,75 i +,44,31,75
2005,1,Districte I,3,Sant Josep,122,65-74,63,65,128
2016,5,Districte V,10,Pubilla Cases,532,25-34,112,100,212
2007,1,Districte I,1,Centre,109,00-02,14,14,28
2001,2,Districte II,5,Collblanc,212,50-64,134,117,251
1997,1,Districte I,1,Centre,135,03-11,71,51,122
2003,4,Districte IV,7,la Florida,413,03-11,20,18,38
2014,6,Districte VI,12,Bellvitge,615,16-17,6,8,14
2012,5,Districte V,10,Pubilla Cases,538,16-17,10,17,27
2000,2,Districte II,4,la Torrassa,236,00-02,8,9,17
1999,1,Districte I,3,Sant Josep,120,25-34,123,116,239
2014,1,Districte I,1,Centre,111,35-49,103,93,196
1999,4,Districte IV,7,la Florida,421,03-11,30,30,60
2000,2,Districte II,4,la Torrassa,231,12-15,17,15,32
1995,4,Districte IV,7,la Florida,431,35-49,124,140,264
2003,2,Districte II,5,Collblanc,226,18-24,47,50,97
1997,5,Districte V,10,Pubilla Cases,516,18-24,39,31,70
2004,6,Districte VI,12,Bellvitge,630,03-11,21,32,53
2008,2,Districte II,5,Collblanc,212,16-17,12,14,26
2013,5,Districte V,10,Pubilla Cases,520,75 i +,53,42,95
2003,2,Districte II,5,Collblanc,213,18-24,37,48,85
1995,5,Districte V,10,Pubilla Cases,524,18-24,92,74,166
1998,5,Districte V,10,Pubilla Cases,537,18-24,76,80,156
2001,6,Districte VI,12,Bellvitge,619,35-49,152,151,303
2001,2,Districte II,4,la Torrassa,243,16-17,14,8,22
2010,3,Districte III,6,Santa Eulàlia,306,75 i +,100,66,166
1997,4,Districte IV,7,la Florida,427,18-24,40,46,86
2009,4,Districte IV,7,la Florida,425,25-34,87,91,178
2010,5,Districte V,10,Pubilla Cases,528,16-17,16,14,30
2011,2,Districte II,5,Collblanc,222,18-24,36,47,83
2007,3,Districte III,6,Santa Eulàlia,324,18-24,41,48,89
2001,4,Districte IV,8,les Planes,440,00-02,7,5,12
2014,2,Districte II,5,Collblanc,201,18-24,42,36,78
2014,6,Districte VI,12,Bellvitge,625,35-49,114,116,230
1994,5,Districte V,10,Pubilla Cases,518,16-17,16,15,31
2004,2,Districte II,5,Collblanc,226,25-34,119,120,239
2007,2,Districte II,5,Collblanc,223,00-02,17,21,38
2000,2,Districte II,5,Collblanc,227,75 i +,46,25,71
2005,2,Districte II,4,la Torrassa,237,00-02,21,19,40
2006,2,Districte II,4,la Torrassa,237,25-34,150,156,306
1998,2,Districte II,4,la Torrassa,211,25-34,106,106,212
1999,1,Districte I,3,Sant Josep,139,16-17,10,14,24
1995,4,Districte IV,8,les Planes,433,16-17,10,14,24
2003,4,Districte IV,8,les Planes,442,25-34,48,63,111
2014,1,Districte I,1,Centre,111,12-15,13,19,32
2000,2,Districte II,4,la Torrassa,242,16-17,7,12,19
1995,2,Districte II,5,Collblanc,202,16-17,12,10,22
1995,2,Districte II,4,la Torrassa,246,16-17,8,14,22
2008,2,Districte II,5,Collblanc,244,18-24,30,21,51
2011,5,Districte V,10,Pubilla Cases,509,35-49,100,113,213
2003,4,Districte IV,7,la Florida,403,12-15,9,16,25
2014,6,Districte VI,12,Bellvitge,605,12-15,26,27,53
2006,2,Districte II,5,Collblanc,221,03-11,40,35,75
1999,4,Districte IV,8,les Planes,437,18-24,42,37,79
2002,2,Districte II,4,la Torrassa,239,25-34,85,109,194
2003,6,Districte VI,11,el Gornal,608,12-15,14,16,30
2001,2,Districte II,5,Collblanc,209,00-02,10,6,16
2000,4,Districte IV,7,la Florida,411,00-02,7,8,15
2009,5,Districte V,9,Can Serra,507,00-02,13,17,30
2012,5,Districte V,10,Pubilla Cases,511,65-74,31,20,51
2008,2,Districte II,4,la Torrassa,236,75 i +,86,56,142
2007,4,Districte IV,8,les Planes,437,65-74,50,36,86
2001,3,Districte III,6,Santa Eulàlia,302,18-24,88,85,173
1994,6,Districte VI,12,Bellvitge,612,35-49,124,89,213
1996,2,Districte II,5,Collblanc,201,12-15,13,9,22
2016,1,Districte I,2,Sanfeliu,132,35-49,222,258,480
2007,2,Districte II,5,Collblanc,204,75 i +,45,19,64
2012,2,Districte II,5,Collblanc,224,00-02,9,12,21
1996,3,Districte III,6,Santa Eulàlia,323,50-64,154,165,319
2003,4,Districte IV,7,la Florida,430,50-64,74,56,130
1996,2,Districte II,4,la Torrassa,247,18-24,74,58,132
2008,6,Districte VI,12,Bellvitge,627,50-64,167,153,320
2014,2,Districte II,4,la Torrassa,229,12-15,39,30,69
2005,1,Districte I,1,Centre,134,18-24,49,73,122
2008,5,Districte V,9,Can Serra,507,35-49,99,115,214
2010,1,Districte I,3,Sant Josep,122,12-15,18,12,30
2001,5,Districte V,9,Can Serra,502,00-02,10,17,27
1996,4,Districte IV,7,la Florida,427,50-64,97,62,159
2003,1,Districte I,2,Sanfeliu,118,25-34,152,180,332
2005,5,Districte V,10,Pubilla Cases,510,25-34,81,100,181
2010,4,Districte IV,7,la Florida,426,00-02,14,22,36
2008,5,Districte V,10,Pubilla Cases,520,35-49,100,100,200
2011,5,Districte V,10,Pubilla Cases,510,65-74,54,52,106
1999,2,Districte II,5,Collblanc,227,65-74,54,42,96
2011,2,Districte II,5,Collblanc,207,65-74,32,28,60
2013,6,Districte VI,12,Bellvitge,605,18-24,39,35,74
2007,2,Districte II,5,Collblanc,216,12-15,32,16,48
1996,1,Districte I,1,Centre,113,75 i +,33,15,48
1995,1,Districte I,1,Centre,103,75 i +,39,23,62
2005,5,Districte V,10,Pubilla Cases,513,03-11,32,25,57
2001,4,Districte IV,8,les Planes,441,75 i +,78,54,132
2014,4,Districte IV,7,la Florida,412,50-64,166,150,316
1997,1,Districte I,3,Sant Josep,136,65-74,59,58,117
2012,2,Districte II,4,la Torrassa,234,12-15,13,13,26
1994,1,Districte I,3,Sant Josep,122,35-49,73,45,118
1997,1,Districte I,3,Sant Josep,121,65-74,97,79,176
2002,2,Districte II,5,Collblanc,204,00-02,3,5,8
2003,5,Districte V,9,Can Serra,506,35-49,185,176,361
1997,4,Districte IV,7,la Florida,410,25-34,119,122,241
2002,1,Districte I,2,Sanfeliu,116,12-15,20,24,44
1999,2,Districte II,5,Collblanc,244,12-15,7,4,11
2010,1,Districte I,3,Sant Josep,139,75 i +,35,27,62
2004,2,Districte II,5,Collblanc,225,25-34,39,53,92
1997,4,Districte IV,7,la Florida,426,75 i +,53,27,80
1995,4,Districte IV,7,la Florida,414,18-24,54,59,113
2001,3,Districte III,6,Santa Eulàlia,323,65-74,79,59,138
1998,5,Districte V,10,Pubilla Cases,531,18-24,38,50,88
2006,1,Districte I,1,Centre,101,12-15,29,31,60
2013,6,Districte VI,12,Bellvitge,612,00-02,16,14,30
2000,4,Districte IV,8,les Planes,418,16-17,9,17,26
1998,2,Districte II,5,Collblanc,204,75 i +,28,17,45
2010,1,Districte I,1,Centre,133,50-64,102,82,184
2004,5,Districte V,10,Pubilla Cases,530,00-02,17,15,32
1999,4,Districte IV,8,les Planes,433,12-15,18,14,32
1999,6,Districte VI,12,Bellvitge,618,65-74,29,17,46
2011,2,Districte II,4,la Torrassa,239,50-64,91,80,171
1999,5,Districte V,10,Pubilla Cases,518,00-02,11,7,18
2012,3,Districte III,6,Santa Eulàlia,320,16-17,7,5,12
2007,1,Districte I,1,Centre,131,18-24,52,63,115
2015,5,Districte V,10,Pubilla Cases,523,65-74,74,55,129
2003,3,Districte III,6,Santa Eulàlia,322,35-49,110,110,220
2006,4,Districte IV,7,la Florida,410,12-15,29,23,52
2005,1,Districte I,1,Centre,104,18-24,24,22,46
2007,3,Districte III,6,Santa Eulàlia,309,35-49,103,107,210
1998,2,Districte II,4,la Torrassa,232,03-11,24,22,46
1996,2,Districte II,5,Collblanc,202,00-02,5,6,11
2005,4,Districte IV,8,les Planes,438,25-34,94,94,188
2013,1,Districte I,2,Sanfeliu,132,00-02,30,31,61
1995,3,Districte III,6,Santa Eulàlia,321,50-64,152,177,329
2015,5,Districte V,10,Pubilla Cases,508,35-49,180,214,394
1994,1,Districte I,1,Centre,130,18-24,55,66,121
2003,1,Districte I,3,Sant Josep,137,00-02,15,20,35
2007,5,Districte V,10,Pubilla Cases,526,75 i +,35,21,56
2011,5,Districte V,10,Pubilla Cases,512,50-64,63,61,124
1996,6,Districte VI,12,Bellvitge,606,16-17,14,15,29
2010,3,Districte III,6,Santa Eulàlia,315,25-34,158,157,315
1998,5,Districte V,10,Pubilla Cases,520,35-49,84,67,151
2012,5,Districte V,10,Pubilla Cases,513,00-02,18,12,30
1997,5,Districte V,10,Pubilla Cases,533,12-15,12,15,27
2014,4,Districte IV,7,la Florida,422,25-34,90,88,178
2011,1,Districte I,1,Centre,124,16-17,2,4,6
2013,1,Districte I,2,Sanfeliu,118,50-64,213,174,387
1994,6,Districte VI,12,Bellvitge,627,50-64,72,91,163
2001,2,Districte II,5,Collblanc,203,65-74,47,37,84
2015,2,Districte II,4,la Torrassa,237,03-11,69,69,138
2003,3,Districte III,6,Santa Eulàlia,311,65-74,91,55,146
1997,5,Districte V,10,Pubilla Cases,517,35-49,94,95,189
1996,4,Districte IV,8,les Planes,440,03-11,20,23,43
2008,5,Districte V,10,Pubilla Cases,534,00-02,11,9,20
2006,4,Districte IV,7,la Florida,414,50-64,70,61,131
1994,4,Districte IV,7,la Florida,402,50-64,107,108,215
1998,5,Districte V,10,Pubilla Cases,529,16-17,9,14,23
2015,4,Districte IV,8,les Planes,440,75 i +,72,61,133
2015,5,Districte V,10,Pubilla Cases,511,03-11,89,112,201
2012,6,Districte VI,12,Bellvitge,624,16-17,7,7,14
2000,3,Districte III,6,Santa Eulàlia,303,18-24,85,71,156
2016,6,Districte VI,12,Bellvitge,623,18-24,41,43,84
2012,6,Districte VI,12,Bellvitge,607,35-49,114,130,244
2004,5,Districte V,10,Pubilla Cases,513,65-74,58,46,104
2012,2,Districte II,5,Collblanc,219,03-11,49,56,105
1997,4,Districte IV,8,les Planes,434,75 i +,49,33,82
2007,2,Districte II,5,Collblanc,206,50-64,69,67,136
2014,1,Districte I,1,Centre,135,75 i +,74,47,121
2005,5,Districte V,10,Pubilla Cases,509,03-11,33,38,71
2003,1,Districte I,1,Centre,109,50-64,104,105,209
2008,3,Districte III,6,Santa Eulàlia,308,35-49,263,260,523
2011,1,Districte I,2,Sanfeliu,116,03-11,58,61,119
2011,4,Districte IV,7,la Florida,413,00-02,9,11,20
2003,1,Districte I,3,Sant Josep,114,16-17,4,9,13
2013,6,Districte VI,11,el Gornal,622,18-24,26,33,59
2010,2,Districte II,4,la Torrassa,237,18-24,69,53,122
2008,2,Districte II,4,la Torrassa,243,25-34,130,154,284
1998,4,Districte IV,7,la Florida,427,16-17,9,5,14
2000,6,Districte VI,12,Bellvitge,603,12-15,7,18,25
2003,5,Districte V,10,Pubilla Cases,527,65-74,66,45,111
2000,1,Districte I,3,Sant Josep,136,03-11,39,44,83
2010,4,Districte IV,7,la Florida,422,65-74,53,39,92
2000,3,Districte III,6,Santa Eulàlia,322,25-34,102,106,208
2009,1,Districte I,1,Centre,131,18-24,50,59,109
2011,3,Districte III,6,Santa Eulàlia,321,12-15,47,34,81
2008,5,Districte V,10,Pubilla Cases,523,75 i +,110,48,158
2004,4,Districte IV,8,les Planes,419,03-11,44,44,88
2005,1,Districte I,3,Sant Josep,140,50-64,95,90,185
2016,5,Districte V,9,Can Serra,507,35-49,103,109,212
2013,3,Districte III,6,Santa Eulàlia,314,00-02,32,28,60
2000,5,Districte V,10,Pubilla Cases,527,18-24,46,42,88
2000,2,Districte II,4,la Torrassa,211,03-11,43,40,83
2001,6,Districte VI,12,Bellvitge,618,00-02,4,6,10
1998,1,Districte I,1,Centre,124,00-02,6,9,15
2007,4,Districte IV,8,les Planes,435,65-74,51,34,85
2014,1,Districte I,3,Sant Josep,126,75 i +,70,52,122
2016,4,Districte IV,7,la Florida,422,18-24,50,45,95
2011,5,Districte V,10,Pubilla Cases,526,25-34,67,83,150
2008,2,Districte II,5,Collblanc,220,25-34,79,104,183
2012,6,Districte VI,11,el Gornal,626,16-17,5,10,15
2012,1,Districte I,1,Centre,104,00-02,10,11,21
2013,5,Districte V,10,Pubilla Cases,524,00-02,17,21,38
2005,2,Districte II,4,la Torrassa,242,65-74,91,58,149
1999,2,Districte II,4,la Torrassa,235,12-15,15,10,25
2001,2,Districte II,4,la Torrassa,217,16-17,6,6,12
2003,1,Districte I,1,Centre,105,50-64,108,116,224
2007,3,Districte III,6,Santa Eulàlia,303,35-49,145,163,308
1999,5,Districte V,10,Pubilla Cases,532,35-49,105,95,200
1997,3,Districte III,6,Santa Eulàlia,313,35-49,247,226,473
2004,5,Districte V,9,Can Serra,502,18-24,81,69,150
2013,5,Districte V,10,Pubilla Cases,528,00-02,21,12,33
2001,2,Districte II,4,la Torrassa,248,16-17,15,9,24
2001,2,Districte II,4,la Torrassa,238,03-11,19,15,34
2002,4,Districte IV,7,la Florida,415,65-74,41,31,72
1999,2,Districte II,5,Collblanc,202,00-02,1,6,7
1994,1,Districte I,1,Centre,130,50-64,142,116,258
2005,1,Districte I,1,Centre,134,65-74,51,44,95
1999,5,Districte V,10,Pubilla Cases,529,75 i +,64,38,102
2014,3,Districte III,6,Santa Eulàlia,308,12-15,42,50,92
2005,1,Districte I,1,Centre,123,16-17,5,7,12
1995,3,Districte III,6,Santa Eulàlia,320,12-15,17,12,29
2004,1,Districte I,2,Sanfeliu,132,75 i +,63,40,103
2000,2,Districte II,5,Collblanc,225,35-49,43,41,84
2010,5,Districte V,10,Pubilla Cases,534,75 i +,58,45,103
2010,2,Districte II,4,la Torrassa,245,25-34,118,119,237
1994,2,Districte II,4,la Torrassa,233,03-11,14,22,36
2007,1,Districte I,3,Sant Josep,127,35-49,103,110,213
2013,1,Districte I,3,Sant Josep,119,18-24,30,37,67
2009,4,Districte IV,7,la Florida,422,75 i +,81,47,128
2002,4,Districte IV,8,les Planes,401,25-34,78,85,163
1998,1,Districte I,1,Centre,128,65-74,47,42,89
1996,5,Districte V,10,Pubilla Cases,515,16-17,5,5,10
2014,4,Districte IV,7,la Florida,425,65-74,50,35,85
1996,2,Districte II,4,la Torrassa,247,65-74,83,64,147
1995,5,Districte V,10,Pubilla Cases,516,65-74,31,21,52
2010,4,Districte IV,7,la Florida,411,50-64,88,72,160
2000,1,Districte I,3,Sant Josep,137,25-34,118,109,227
2008,1,Districte I,2,Sanfeliu,132,50-64,231,209,440
2001,1,Districte I,1,Centre,113,00-02,6,16,22
1998,2,Districte II,4,la Torrassa,248,75 i +,60,42,102
2011,4,Districte IV,7,la Florida,405,75 i +,85,54,139
2009,1,Districte I,3,Sant Josep,138,03-11,34,22,56
2011,2,Districte II,4,la Torrassa,243,75 i +,105,73,178
2009,2,Districte II,5,Collblanc,244,12-15,12,11,23
2012,3,Districte III,6,Santa Eulàlia,307,18-24,30,48,78
2011,5,Districte V,10,Pubilla Cases,525,65-74,53,32,85
2004,4,Districte IV,8,les Planes,435,00-02,14,16,30
1998,2,Districte II,4,la Torrassa,234,75 i +,83,33,116
1996,2,Districte II,5,Collblanc,225,03-11,14,18,32
2000,4,Districte IV,7,la Florida,404,35-49,114,127,241
2006,4,Districte IV,7,la Florida,413,25-34,44,57,101
2003,6,Districte VI,12,Bellvitge,603,65-74,24,22,46
2008,2,Districte II,4,la Torrassa,217,65-74,21,16,37
2007,2,Districte II,4,la Torrassa,246,35-49,114,165,279
2014,5,Districte V,9,Can Serra,505,00-02,15,10,25
2007,1,Districte I,3,Sant Josep,106,18-24,105,81,186
2014,6,Districte VI,12,Bellvitge,602,65-74,105,78,183
2014,6,Districte VI,12,Bellvitge,611,00-02,31,24,55
1995,5,Districte V,9,Can Serra,506,35-49,269,239,508
1997,6,Districte VI,11,el Gornal,629,75 i +,23,11,34
2000,2,Districte II,5,Collblanc,223,18-24,42,44,86
2011,2,Districte II,4,la Torrassa,239,35-49,135,150,285
2016,2,Districte II,5,Collblanc,205,03-11,32,28,60
2012,5,Districte V,9,Can Serra,535,18-24,38,32,70
2001,6,Districte VI,12,Bellvitge,621,35-49,175,134,309
2011,2,Districte II,4,la Torrassa,228,50-64,39,48,87
2005,6,Districte VI,12,Bellvitge,611,35-49,188,229,417
2003,5,Districte V,10,Pubilla Cases,508,00-02,11,7,18
1994,1,Districte I,1,Centre,130,03-11,30,31,61
2005,4,Districte IV,8,les Planes,436,16-17,8,15,23
2013,4,Districte IV,7,la Florida,421,65-74,82,57,139
2015,4,Districte IV,8,les Planes,441,75 i +,112,67,179
2014,4,Districte IV,7,la Florida,430,16-17,5,12,17
2000,5,Districte V,10,Pubilla Cases,514,75 i +,35,15,50
2003,1,Districte I,1,Centre,112,03-11,63,66,129
2005,5,Districte V,9,Can Serra,504,18-24,38,49,87
2005,5,Districte V,10,Pubilla Cases,526,65-74,32,37,69
1998,2,Districte II,5,Collblanc,201,25-34,58,65,123
2003,3,Districte III,6,Santa Eulàlia,305,65-74,69,59,128
2011,1,Districte I,3,Sant Josep,126,50-64,84,65,149
2001,6,Districte VI,12,Bellvitge,625,12-15,32,44,76
2007,3,Districte III,6,Santa Eulàlia,319,65-74,47,41,88
2002,6,Districte VI,12,Bellvitge,614,12-15,10,26,36
2014,2,Districte II,4,la Torrassa,249,03-11,41,47,88
2011,5,Districte V,10,Pubilla Cases,525,12-15,17,16,33
2007,3,Districte III,6,Santa Eulàlia,301,18-24,72,76,148
2000,3,Districte III,6,Santa Eulàlia,323,18-24,222,219,441
2014,3,Districte III,6,Santa Eulàlia,307,03-11,45,37,82
2009,4,Districte IV,7,la Florida,402,18-24,41,28,69
2012,1,Districte I,1,Centre,104,50-64,72,64,136
2004,6,Districte VI,12,Bellvitge,625,50-64,164,179,343
2012,1,Districte I,3,Sant Josep,114,35-49,175,200,375
2002,2,Districte II,5,Collblanc,203,65-74,49,37,86
2010,1,Districte I,3,Sant Josep,125,75 i +,50,41,91
2002,6,Districte VI,12,Bellvitge,609,25-34,85,106,191
2003,2,Districte II,4,la Torrassa,238,65-74,53,43,96
2008,1,Districte I,1,Centre,112,65-74,70,46,116
2005,6,Districte VI,12,Bellvitge,602,00-02,6,7,13
2013,2,Districte II,5,Collblanc,208,25-34,141,102,243
1999,5,Districte V,10,Pubilla Cases,510,18-24,55,49,104
2014,5,Districte V,10,Pubilla Cases,531,16-17,9,14,23
2006,4,Districte IV,8,les Planes,420,18-24,64,73,137
2006,6,Districte VI,12,Bellvitge,625,16-17,18,15,33
2010,5,Districte V,10,Pubilla Cases,536,50-64,79,56,135
1999,4,Districte IV,8,les Planes,420,16-17,9,11,20
2015,5,Districte V,10,Pubilla Cases,510,65-74,60,48,108
2004,1,Districte I,1,Centre,108,25-34,105,105,210
2016,4,Districte IV,8,les Planes,420,12-15,39,33,72
2002,1,Districte I,3,Sant Josep,137,75 i +,50,26,76
2013,5,Districte V,10,Pubilla Cases,510,12-15,18,17,35
2000,2,Districte II,4,la Torrassa,246,00-02,6,16,22
2009,2,Districte II,4,la Torrassa,248,16-17,13,13,26
2005,1,Districte I,2,Sanfeliu,116,75 i +,63,45,108
2010,6,Districte VI,12,Bellvitge,612,75 i +,53,40,93
2005,5,Districte V,9,Can Serra,507,65-74,38,35,73
1994,3,Districte III,6,Santa Eulàlia,323,25-34,199,193,392
2012,4,Districte IV,8,les Planes,401,16-17,12,11,23
1995,6,Districte VI,12,Bellvitge,605,18-24,62,87,149
1997,2,Districte II,5,Collblanc,215,18-24,40,45,85
2015,2,Districte II,4,la Torrassa,242,16-17,12,9,21
2006,4,Districte IV,7,la Florida,412,12-15,26,25,51
2004,6,Districte VI,12,Bellvitge,604,18-24,35,36,71
2015,2,Districte II,4,la Torrassa,238,35-49,127,111,238
2013,6,Districte VI,12,Bellvitge,610,00-02,12,16,28
2001,5,Districte V,9,Can Serra,502,35-49,150,131,281
2001,4,Districte IV,7,la Florida,411,12-15,17,6,23
1994,1,Districte I,3,Sant Josep,114,16-17,29,35,64
1994,2,Districte II,5,Collblanc,215,35-49,76,67,143
2003,1,Districte I,3,Sant Josep,140,75 i +,53,28,81
2010,1,Districte I,2,Sanfeliu,129,25-34,100,92,192
1999,5,Districte V,10,Pubilla Cases,514,18-24,33,34,67
1994,1,Districte I,1,Centre,109,65-74,40,41,81
1995,6,Districte VI,12,Bellvitge,613,50-64,190,233,423
2013,4,Districte IV,8,les Planes,441,12-15,32,36,68
2008,5,Districte V,10,Pubilla Cases,515,16-17,11,12,23
2014,6,Districte VI,12,Bellvitge,609,50-64,54,38,92
2008,4,Districte IV,7,la Florida,431,35-49,183,228,411
1994,5,Districte V,10,Pubilla Cases,512,18-24,65,62,127
2009,2,Districte II,4,la Torrassa,231,18-24,33,29,62
2002,3,Districte III,6,Santa Eulàlia,321,50-64,242,253,495
2010,2,Districte II,5,Collblanc,227,03-11,29,21,50
2003,5,Districte V,10,Pubilla Cases,513,35-49,71,87,158
2003,1,Districte I,1,Centre,133,50-64,91,77,168
1996,6,Districte VI,12,Bellvitge,624,25-34,72,111,183
2013,6,Districte VI,12,Bellvitge,602,12-15,20,29,49
2004,1,Districte I,3,Sant Josep,126,35-49,71,75,146
1998,5,Districte V,10,Pubilla Cases,520,50-64,90,98,188
2003,6,Districte VI,12,Bellvitge,604,03-11,25,23,48
1998,1,Districte I,3,Sant Josep,140,00-02,5,7,12
2004,3,Districte III,6,Santa Eulàlia,308,25-34,184,178,362
2001,3,Districte III,6,Santa Eulàlia,307,50-64,176,173,349
2003,5,Districte V,10,Pubilla Cases,536,18-24,30,32,62
2009,1,Districte I,1,Centre,111,50-64,95,68,163
2005,2,Districte II,4,la Torrassa,249,18-24,45,56,101
1998,2,Districte II,5,Collblanc,225,00-02,4,4,8
2000,5,Districte V,10,Pubilla Cases,514,12-15,15,9,24
2012,1,Districte I,1,Centre,101,16-17,14,15,29
2002,2,Districte II,4,la Torrassa,240,00-02,12,12,24
2012,4,Districte IV,7,la Florida,415,03-11,34,41,75
2002,5,Districte V,10,Pubilla Cases,515,35-49,61,62,123
2015,3,Districte III,6,Santa Eulàlia,307,25-34,65,91,156
2006,3,Districte III,6,Santa Eulàlia,318,18-24,47,42,89
1996,2,Districte II,4,la Torrassa,230,03-11,19,28,47
1995,1,Districte I,3,Sant Josep,117,18-24,114,144,258
2001,4,Districte IV,8,les Planes,434,12-15,16,16,32
1994,6,Districte VI,12,Bellvitge,624,00-02,10,13,23
1998,2,Districte II,5,Collblanc,205,75 i +,32,19,51
1996,5,Districte V,10,Pubilla Cases,523,35-49,111,108,219
2008,1,Districte I,3,Sant Josep,117,12-15,34,26,60
2013,3,Districte III,6,Santa Eulàlia,327,35-49,109,117,226
1996,2,Districte II,4,la Torrassa,238,18-24,26,37,63
2013,4,Districte IV,7,la Florida,421,00-02,12,21,33
2014,5,Districte V,9,Can Serra,501,00-02,8,11,19
2012,2,Districte II,4,la Torrassa,236,25-34,70,81,151
2001,6,Districte VI,12,Bellvitge,610,12-15,16,21,37
2007,4,Districte IV,8,les Planes,429,16-17,4,8,12
1995,2,Districte II,5,Collblanc,209,18-24,47,46,93
2016,3,Districte III,13,Granvia Sud,312,50-64,154,161,315
2000,4,Districte IV,8,les Planes,419,50-64,72,75,147
1994,5,Districte V,10,Pubilla Cases,515,03-11,28,25,53
1999,3,Districte III,6,Santa Eulàlia,322,16-17,20,8,28
1998,5,Districte V,10,Pubilla Cases,514,18-24,36,39,75
2014,1,Districte I,1,Centre,128,16-17,4,4,8
2015,3,Districte III,6,Santa Eulàlia,309,12-15,17,30,47
2001,4,Districte IV,7,la Florida,427,65-74,78,48,126
2010,3,Districte III,6,Santa Eulàlia,302,16-17,13,11,24
2015,6,Districte VI,11,el Gornal,632,25-34,52,49,101
2013,5,Districte V,9,Can Serra,503,50-64,121,87,208
2006,1,Districte I,1,Centre,111,50-64,98,78,176
2005,5,Districte V,10,Pubilla Cases,533,75 i +,35,32,67
2006,1,Districte I,3,Sant Josep,120,16-17,22,16,38
2015,3,Districte III,6,Santa Eulàlia,325,35-49,186,185,371
2005,3,Districte III,6,Santa Eulàlia,306,35-49,183,200,383
1997,5,Districte V,9,Can Serra,502,35-49,153,135,288
2001,5,Districte V,10,Pubilla Cases,522,12-15,11,12,23
2000,1,Districte I,2,Sanfeliu,116,16-17,21,11,32
2011,5,Districte V,10,Pubilla Cases,518,03-11,47,49,96
1995,3,Districte III,6,Santa Eulàlia,308,75 i +,55,33,88
2003,4,Districte IV,7,la Florida,406,35-49,125,132,257
2010,4,Districte IV,7,la Florida,430,25-34,120,120,240
2000,5,Districte V,10,Pubilla Cases,512,12-15,20,19,39
2005,6,Districte VI,12,Bellvitge,613,50-64,176,130,306
1999,5,Districte V,10,Pubilla Cases,537,12-15,18,26,44
2008,5,Districte V,10,Pubilla Cases,509,00-02,17,20,37
2006,1,Districte I,1,Centre,130,03-11,39,40,79
2012,1,Districte I,3,Sant Josep,122,00-02,16,22,38
2015,1,Districte I,1,Centre,101,00-02,37,34,71
2006,6,Districte VI,12,Bellvitge,624,00-02,5,15,20
2012,4,Districte IV,8,les Planes,435,03-11,56,50,106
1997,1,Districte I,1,Centre,108,16-17,11,13,24
2013,5,Districte V,9,Can Serra,506,03-11,45,68,113
2006,3,Districte III,6,Santa Eulàlia,305,50-64,144,151,295
2012,4,Districte IV,7,la Florida,402,18-24,32,31,63
2011,4,Districte IV,8,les Planes,435,65-74,38,29,67
2006,1,Districte I,1,Centre,109,25-34,78,71,149
2007,2,Districte II,4,la Torrassa,248,25-34,112,134,246
2013,2,Districte II,4,la Torrassa,232,03-11,33,43,76
1997,4,Districte IV,7,la Florida,405,16-17,6,7,13
2011,5,Districte V,9,Can Serra,535,00-02,12,10,22
2008,6,Districte VI,12,Bellvitge,628,25-34,59,83,142
2012,3,Districte III,6,Santa Eulàlia,310,65-74,37,37,74
1996,4,Districte IV,7,la Florida,413,18-24,35,37,72
1996,3,Districte III,6,Santa Eulàlia,301,50-64,217,209,426
2002,2,Districte II,5,Collblanc,221,12-15,18,24,42
1999,4,Districte IV,8,les Planes,418,12-15,19,26,45
1997,1,Districte I,1,Centre,130,03-11,36,29,65
2011,4,Districte IV,7,la Florida,405,35-49,95,109,204
2012,4,Districte IV,7,la Florida,404,25-34,116,90,206
2011,5,Districte V,10,Pubilla Cases,529,50-64,86,86,172
2008,2,Districte II,4,la Torrassa,242,35-49,127,134,261
2010,5,Districte V,10,Pubilla Cases,524,75 i +,73,43,116
2016,3,Districte III,6,Santa Eulàlia,309,35-49,162,159,321
1995,1,Districte I,1,Centre,135,18-24,68,90,158
1998,1,Districte I,3,Sant Josep,119,25-34,102,110,212
2016,2,Districte II,5,Collblanc,202,50-64,134,128,262
1997,4,Districte IV,7,la Florida,424,35-49,54,51,105
1997,4,Districte IV,7,la Florida,415,50-64,54,61,115
2004,4,Districte IV,8,les Planes,401,03-11,49,45,94
2012,5,Districte V,9,Can Serra,501,18-24,34,29,63
1999,3,Districte III,6,Santa Eulàlia,305,35-49,207,186,393
2000,4,Districte IV,7,la Florida,403,03-11,19,31,50
2006,4,Districte IV,7,la Florida,412,00-02,23,14,37
1999,3,Districte III,6,Santa Eulàlia,320,75 i +,19,9,28
2015,4,Districte IV,7,la Florida,431,12-15,31,48,79
2016,3,Districte III,6,Santa Eulàlia,324,75 i +,36,24,60
2001,1,Districte I,3,Sant Josep,125,18-24,62,91,153
2009,6,Districte VI,12,Bellvitge,621,18-24,45,50,95
2014,2,Districte II,4,la Torrassa,233,50-64,66,60,126
2000,4,Districte IV,7,la Florida,405,50-64,111,77,188
1998,1,Districte I,3,Sant Josep,114,75 i +,56,19,75
1997,6,Districte VI,11,el Gornal,626,12-15,17,15,32
1996,2,Districte II,4,la Torrassa,228,00-02,8,5,13
2002,3,Districte III,6,Santa Eulàlia,306,00-02,24,26,50
2007,4,Districte IV,7,la Florida,427,18-24,39,37,76
2003,3,Districte III,6,Santa Eulàlia,302,12-15,21,12,33
1996,1,Districte I,1,Centre,131,65-74,55,51,106
1995,1,Districte I,3,Sant Josep,127,65-74,39,29,68
2002,4,Districte IV,7,la Florida,431,18-24,92,75,167
2003,4,Districte IV,7,la Florida,413,75 i +,37,17,54
2015,6,Districte VI,12,Bellvitge,627,25-34,49,60,109
1998,3,Districte III,6,Santa Eulàlia,302,50-64,143,175,318
2016,6,Districte VI,11,el Gornal,616,35-49,301,277,578
2016,2,Districte II,4,la Torrassa,234,12-15,15,7,22
2008,5,Districte V,9,Can Serra,505,18-24,41,24,65
2001,2,Districte II,4,la Torrassa,234,00-02,9,5,14
2004,5,Districte V,10,Pubilla Cases,524,03-11,54,55,109
2008,1,Districte I,3,Sant Josep,137,75 i +,54,28,82
2013,6,Districte VI,12,Bellvitge,618,50-64,112,97,209
2013,4,Districte IV,7,la Florida,430,00-02,18,18,36
1998,2,Districte II,5,Collblanc,220,16-17,11,5,16
2008,3,Districte III,6,Santa Eulàlia,317,25-34,113,139,252
1995,2,Districte II,4,la Torrassa,241,16-17,5,5,10
1995,6,Districte VI,12,Bellvitge,619,12-15,53,44,97
2010,2,Districte II,5,Collblanc,213,50-64,83,76,159
2015,2,Districte II,5,Collblanc,214,16-17,23,19,42
2011,2,Districte II,5,Collblanc,216,65-74,75,54,129
2010,2,Districte II,4,la Torrassa,243,50-64,124,113,237
1996,2,Districte II,5,Collblanc,203,50-64,73,66,139
2014,2,Districte II,4,la Torrassa,247,75 i +,83,42,125
2013,5,Districte V,9,Can Serra,503,35-49,89,70,159
2007,5,Districte V,10,Pubilla Cases,531,00-02,14,17,31
2001,2,Districte II,4,la Torrassa,243,75 i +,84,50,134
1997,2,Districte II,5,Collblanc,216,16-17,22,10,32
2002,1,Districte I,1,Centre,111,75 i +,42,30,72
2003,3,Districte III,6,Santa Eulàlia,311,50-64,124,104,228
2010,6,Districte VI,12,Bellvitge,623,35-49,145,160,305
2014,4,Districte IV,7,la Florida,425,00-02,14,14,28
2009,3,Districte III,6,Santa Eulàlia,308,25-34,141,136,277
2016,1,Districte I,3,Sant Josep,127,12-15,14,12,26
1995,2,Districte II,5,Collblanc,204,25-34,40,44,84
1999,6,Districte VI,12,Bellvitge,612,65-74,56,57,113
2011,2,Districte II,4,la Torrassa,242,03-11,31,39,70
2014,5,Districte V,10,Pubilla Cases,530,75 i +,95,71,166
2004,1,Districte I,1,Centre,103,12-15,15,7,22
2014,3,Districte III,6,Santa Eulàlia,316,35-49,158,134,292
2016,3,Districte III,13,Granvia Sud,312,65-74,139,80,219
2011,2,Districte II,4,la Torrassa,229,03-11,31,31,62
2001,4,Districte IV,7,la Florida,423,50-64,94,103,197
2007,3,Districte III,6,Santa Eulàlia,314,16-17,15,36,51
2012,3,Districte III,6,Santa Eulàlia,301,12-15,40,43,83
2003,3,Districte III,6,Santa Eulàlia,315,65-74,54,45,99
2008,6,Districte VI,12,Bellvitge,606,12-15,17,19,36
2009,2,Districte II,4,la Torrassa,246,35-49,130,190,320
2003,6,Districte VI,11,el Gornal,616,03-11,141,157,298
2007,2,Districte II,5,Collblanc,206,65-74,58,36,94
2013,2,Districte II,4,la Torrassa,238,00-02,12,19,31
2010,4,Districte IV,8,les Planes,437,25-34,83,91,174
2001,5,Districte V,10,Pubilla Cases,511,65-74,51,40,91
2003,6,Districte VI,12,Bellvitge,601,35-49,122,130,252
1995,4,Districte IV,8,les Planes,433,00-02,16,10,26
2006,1,Districte I,3,Sant Josep,136,75 i +,64,44,108
2004,4,Districte IV,7,la Florida,408,65-74,58,49,107
2013,3,Districte III,6,Santa Eulàlia,321,03-11,74,80,154
2008,1,Districte I,3,Sant Josep,117,16-17,18,18,36
2011,2,Districte II,5,Collblanc,202,18-24,30,30,60
2016,6,Districte VI,12,Bellvitge,621,00-02,17,20,37
2001,6,Districte VI,12,Bellvitge,619,03-11,36,45,81
1995,2,Districte II,4,la Torrassa,232,03-11,27,34,61
2002,1,Districte I,3,Sant Josep,122,35-49,69,94,163
2014,4,Districte IV,8,les Planes,420,65-74,84,69,153
2014,5,Districte V,9,Can Serra,535,65-74,102,87,189
2011,4,Districte IV,8,les Planes,420,35-49,174,178,352
2011,1,Districte I,1,Centre,110,03-11,42,36,78
2008,6,Districte VI,11,el Gornal,632,65-74,62,47,109
2000,4,Districte IV,7,la Florida,407,18-24,37,48,85
1997,5,Districte V,10,Pubilla Cases,515,75 i +,26,11,37
2006,4,Districte IV,7,la Florida,422,00-02,16,23,39
1996,6,Districte VI,12,Bellvitge,625,03-11,70,81,151
2000,6,Districte VI,12,Bellvitge,624,75 i +,27,12,39
1998,2,Districte II,4,la Torrassa,241,35-49,62,63,125
1997,4,Districte IV,8,les Planes,433,75 i +,41,20,61
2013,6,Districte VI,12,Bellvitge,621,35-49,166,184,350
1997,2,Districte II,4,la Torrassa,247,12-15,9,20,29
2004,5,Districte V,10,Pubilla Cases,523,12-15,19,21,40
2002,5,Districte V,10,Pubilla Cases,514,35-49,62,80,142
2007,2,Districte II,4,la Torrassa,232,12-15,16,12,28
2008,1,Districte I,1,Centre,109,12-15,14,19,33
2003,6,Districte VI,12,Bellvitge,624,12-15,19,13,32
2016,3,Districte III,6,Santa Eulàlia,314,03-11,84,96,180
2002,5,Districte V,10,Pubilla Cases,532,00-02,19,13,32
1997,1,Districte I,1,Centre,130,35-49,63,71,134
2008,1,Districte I,2,Sanfeliu,118,35-49,187,169,356
2014,5,Districte V,9,Can Serra,505,12-15,17,8,25
2014,2,Districte II,4,la Torrassa,233,18-24,34,29,63
2013,2,Districte II,5,Collblanc,224,18-24,35,44,79
2005,6,Districte VI,12,Bellvitge,606,03-11,37,47,84
2000,4,Districte IV,7,la Florida,426,12-15,15,19,34
2012,4,Districte IV,7,la Florida,427,35-49,124,154,278
2003,6,Districte VI,11,el Gornal,632,03-11,37,38,75
2003,4,Districte IV,7,la Florida,425,18-24,42,37,79
2010,6,Districte VI,11,el Gornal,622,18-24,27,28,55
1996,6,Districte VI,11,el Gornal,629,03-11,30,18,48
2002,6,Districte VI,12,Bellvitge,603,35-49,53,50,103
2001,1,Districte I,3,Sant Josep,119,00-02,8,12,20
2013,2,Districte II,5,Collblanc,224,50-64,109,85,194
2005,2,Districte II,4,la Torrassa,245,16-17,9,17,26
2014,4,Districte IV,7,la Florida,407,03-11,47,48,95
1997,3,Districte III,6,Santa Eulàlia,308,16-17,19,19,38
2016,5,Districte V,10,Pubilla Cases,534,12-15,14,18,32
2006,5,Districte V,10,Pubilla Cases,526,65-74,30,36,66
1997,2,Districte II,5,Collblanc,201,65-74,38,44,82
2002,1,Districte I,1,Centre,108,16-17,16,8,24
2016,5,Districte V,9,Can Serra,507,03-11,40,32,72
2003,4,Districte IV,7,la Florida,415,75 i +,43,27,70
2015,3,Districte III,6,Santa Eulàlia,310,00-02,19,15,34
2005,1,Districte I,1,Centre,109,65-74,52,36,88
1996,3,Districte III,6,Santa Eulàlia,315,75 i +,45,20,65
2014,4,Districte IV,7,la Florida,431,00-02,26,29,55
1999,4,Districte IV,8,les Planes,420,50-64,122,108,230
2006,2,Districte II,5,Collblanc,205,25-34,89,74,163
2002,1,Districte I,3,Sant Josep,115,12-15,20,23,43
2010,5,Districte V,9,Can Serra,503,50-64,118,93,211
2003,6,Districte VI,12,Bellvitge,615,18-24,35,25,60
2015,3,Districte III,6,Santa Eulàlia,314,12-15,34,34,68
2012,2,Districte II,4,la Torrassa,248,25-34,97,107,204
2011,4,Districte IV,7,la Florida,405,65-74,77,46,123
2001,2,Districte II,5,Collblanc,244,12-15,6,7,13
2005,6,Districte VI,12,Bellvitge,630,16-17,6,8,14
1994,2,Districte II,5,Collblanc,206,00-02,10,6,16
1995,1,Districte I,1,Centre,107,50-64,185,196,381
2001,5,Districte V,10,Pubilla Cases,519,25-34,58,60,118
2011,4,Districte IV,7,la Florida,408,16-17,8,7,15
2010,6,Districte VI,12,Bellvitge,631,16-17,8,8,16
1994,4,Districte IV,7,la Florida,402,00-02,7,3,10
2006,1,Districte I,3,Sant Josep,126,03-11,36,35,71
2001,2,Districte II,5,Collblanc,203,50-64,54,63,117
1996,3,Districte III,6,Santa Eulàlia,323,18-24,181,180,361
1994,3,Districte III,6,Santa Eulàlia,320,25-34,54,61,115
2013,2,Districte II,4,la Torrassa,211,50-64,115,108,223
2003,1,Districte I,3,Sant Josep,119,75 i +,58,51,109
1999,6,Districte VI,12,Bellvitge,611,03-11,65,59,124
1994,4,Districte IV,8,les Planes,437,12-15,19,15,34
1995,5,Districte V,10,Pubilla Cases,522,50-64,78,81,159
2002,5,Districte V,10,Pubilla Cases,519,65-74,47,38,85
1996,5,Districte V,10,Pubilla Cases,532,03-11,39,36,75
2003,4,Districte IV,7,la Florida,415,50-64,51,59,110
1998,6,Districte VI,11,el Gornal,626,65-74,55,63,118
1996,4,Districte IV,7,la Florida,409,16-17,8,13,21
2001,4,Districte IV,7,la Florida,413,16-17,2,3,5
1998,5,Districte V,10,Pubilla Cases,529,25-34,105,95,200
2011,1,Districte I,1,Centre,109,03-11,41,39,80
2016,1,Districte I,1,Centre,131,00-02,17,14,31
2011,4,Districte IV,8,les Planes,442,16-17,5,5,10
2003,2,Districte II,4,la Torrassa,245,18-24,40,46,86
1997,4,Districte IV,7,la Florida,422,50-64,90,88,178
2004,5,Districte V,10,Pubilla Cases,537,75 i +,64,38,102
2009,4,Districte IV,8,les Planes,438,75 i +,40,29,69
2014,5,Districte V,9,Can Serra,503,16-17,4,6,10
2014,1,Districte I,3,Sant Josep,106,16-17,14,13,27
2011,2,Districte II,4,la Torrassa,237,75 i +,87,52,139
2012,3,Districte III,6,Santa Eulàlia,325,50-64,194,150,344
2011,1,Districte I,1,Centre,101,75 i +,50,42,92
2010,1,Districte I,3,Sant Josep,138,16-17,6,4,10
2007,4,Districte IV,8,les Planes,441,18-24,117,98,215
1996,2,Districte II,5,Collblanc,221,00-02,15,10,25
2007,2,Districte II,5,Collblanc,212,50-64,103,106,209
2008,1,Districte I,3,Sant Josep,140,25-34,87,125,212
2001,2,Districte II,4,la Torrassa,249,00-02,11,4,15
2007,4,Districte IV,7,la Florida,424,65-74,38,24,62
2000,5,Districte V,9,Can Serra,507,03-11,22,28,50
2014,4,Districte IV,7,la Florida,421,18-24,33,46,79
2004,4,Districte IV,7,la Florida,406,65-74,77,78,155
2016,2,Districte II,4,la Torrassa,217,03-11,60,52,112
2002,5,Districte V,10,Pubilla Cases,519,00-02,6,4,10
2002,1,Districte I,3,Sant Josep,106,18-24,143,144,287
2006,2,Districte II,5,Collblanc,226,75 i +,87,53,140
2009,4,Districte IV,7,la Florida,409,35-49,88,93,181
2009,2,Districte II,4,la Torrassa,236,75 i +,88,57,145
1995,5,Districte V,10,Pubilla Cases,513,65-74,37,32,69
2011,1,Districte I,3,Sant Josep,114,25-34,105,107,212
2000,4,Districte IV,7,la Florida,430,18-24,36,28,64
2004,5,Districte V,10,Pubilla Cases,534,16-17,8,11,19
2002,6,Districte VI,12,Bellvitge,602,75 i +,20,11,31
2003,6,Districte VI,12,Bellvitge,631,25-34,109,133,242
1999,3,Districte III,6,Santa Eulàlia,325,12-15,24,26,50
1995,6,Districte VI,11,el Gornal,622,16-17,28,19,47
2010,6,Districte VI,12,Bellvitge,627,03-11,31,26,57
2011,4,Districte IV,8,les Planes,440,03-11,38,49,87
1997,4,Districte IV,8,les Planes,401,25-34,78,96,174
2000,5,Districte V,10,Pubilla Cases,526,12-15,6,13,19
1999,1,Districte I,3,Sant Josep,136,65-74,54,55,109
2016,2,Districte II,4,la Torrassa,247,12-15,24,20,44
1998,1,Districte I,1,Centre,134,18-24,58,77,135
1996,3,Districte III,6,Santa Eulàlia,320,12-15,9,14,23
2004,2,Districte II,5,Collblanc,225,00-02,0,2,2
2009,2,Districte II,5,Collblanc,219,35-49,170,147,317
1999,4,Districte IV,7,la Florida,409,65-74,37,40,77
1999,6,Districte VI,12,Bellvitge,618,35-49,61,50,111
1996,3,Districte III,6,Santa Eulàlia,308,18-24,98,89,187
2009,2,Districte II,4,la Torrassa,241,12-15,18,13,31
1994,1,Districte I,1,Centre,130,00-02,9,3,12
2011,3,Districte III,6,Santa Eulàlia,301,12-15,36,37,73
2003,4,Districte IV,7,la Florida,404,35-49,124,154,278
2012,3,Districte III,6,Santa Eulàlia,307,35-49,126,124,250
2001,1,Districte I,1,Centre,101,16-17,19,18,37
2016,1,Districte I,1,Centre,134,75 i +,88,41,129
2008,4,Districte IV,7,la Florida,408,00-02,18,11,29
2008,3,Districte III,6,Santa Eulàlia,325,12-15,33,30,63
2016,2,Districte II,5,Collblanc,216,75 i +,87,53,140
2013,3,Districte III,6,Santa Eulàlia,306,50-64,168,142,310
2002,5,Districte V,9,Can Serra,503,25-34,73,72,145
2014,5,Districte V,10,Pubilla Cases,529,00-02,23,15,38
2008,2,Districte II,5,Collblanc,205,35-49,98,93,191
1994,4,Districte IV,7,la Florida,421,50-64,144,156,300
2006,2,Districte II,4,la Torrassa,247,25-34,124,126,250
2012,1,Districte I,1,Centre,134,35-49,177,170,347
2009,3,Districte III,6,Santa Eulàlia,324,25-34,119,104,223
2006,5,Districte V,9,Can Serra,535,65-74,55,68,123
1996,6,Districte VI,11,el Gornal,632,12-15,28,40,68
2011,1,Districte I,2,Sanfeliu,129,65-74,69,71,140
1998,2,Districte II,4,la Torrassa,242,16-17,8,5,13
2011,3,Districte III,6,Santa Eulàlia,318,50-64,105,107,212
2000,1,Districte I,1,Centre,107,75 i +,67,36,103
1995,3,Districte III,6,Santa Eulàlia,301,75 i +,60,25,85
2002,3,Districte III,6,Santa Eulàlia,321,35-49,301,277,578
2010,1,Districte I,3,Sant Josep,125,65-74,67,67,134
2011,4,Districte IV,7,la Florida,422,16-17,7,10,17
2001,5,Districte V,10,Pubilla Cases,516,18-24,29,26,55
1995,6,Districte VI,12,Bellvitge,631,35-49,150,108,258
2007,5,Districte V,10,Pubilla Cases,522,50-64,62,56,118
2002,3,Districte III,6,Santa Eulàlia,322,65-74,58,54,112
2005,2,Districte II,5,Collblanc,244,12-15,10,7,17
2014,6,Districte VI,12,Bellvitge,630,18-24,24,20,44
1995,3,Districte III,6,Santa Eulàlia,322,00-02,15,10,25
1995,3,Districte III,6,Santa Eulàlia,319,25-34,67,65,132
2012,5,Districte V,10,Pubilla Cases,527,65-74,44,23,67
2007,2,Districte II,5,Collblanc,205,50-64,96,76,172
2005,4,Districte IV,7,la Florida,425,03-11,26,28,54
2007,3,Districte III,6,Santa Eulàlia,325,16-17,10,15,25
2015,1,Districte I,2,Sanfeliu,118,25-34,90,75,165
2006,5,Districte V,9,Can Serra,502,35-49,148,160,308
1995,1,Districte I,1,Centre,135,65-74,61,49,110
1999,1,Districte I,1,Centre,131,75 i +,39,22,61
2015,1,Districte I,1,Centre,124,00-02,8,9,17
1999,1,Districte I,3,Sant Josep,138,35-49,111,101,212
1994,3,Districte III,6,Santa Eulàlia,319,12-15,32,34,66
2010,4,Districte IV,7,la Florida,412,35-49,164,204,368
2012,1,Districte I,3,Sant Josep,114,12-15,31,19,50
2002,1,Districte I,2,Sanfeliu,116,18-24,81,70,151
2008,4,Districte IV,8,les Planes,442,25-34,57,76,133
2016,5,Districte V,10,Pubilla Cases,510,75 i +,77,43,120
2009,3,Districte III,6,Santa Eulàlia,322,00-02,23,22,45
2005,2,Districte II,4,la Torrassa,247,50-64,101,101,202
2002,2,Districte II,5,Collblanc,205,50-64,85,74,159
2009,4,Districte IV,7,la Florida,402,00-02,13,17,30
2006,1,Districte I,1,Centre,107,03-11,52,58,110
1999,2,Districte II,5,Collblanc,225,25-34,29,31,60
1996,2,Districte II,4,la Torrassa,217,12-15,13,12,25
2007,4,Districte IV,8,les Planes,437,75 i +,36,23,59
2011,5,Districte V,10,Pubilla Cases,533,18-24,41,36,77
2013,6,Districte VI,11,el Gornal,632,65-74,54,45,99
1995,3,Districte III,6,Santa Eulàlia,308,03-11,55,51,106
2016,6,Districte VI,12,Bellvitge,631,16-17,6,10,16
2000,5,Districte V,10,Pubilla Cases,517,25-34,92,111,203
2011,1,Districte I,3,Sant Josep,139,03-11,36,42,78
2015,4,Districte IV,7,la Florida,421,65-74,75,50,125
1998,5,Districte V,10,Pubilla Cases,522,12-15,22,12,34
2005,1,Districte I,1,Centre,133,12-15,9,15,24
2005,6,Districte VI,12,Bellvitge,624,50-64,163,142,305
2015,6,Districte VI,11,el Gornal,626,65-74,72,58,130
2008,3,Districte III,6,Santa Eulàlia,302,25-34,139,156,295
2010,6,Districte VI,12,Bellvitge,631,03-11,35,42,77
2000,5,Districte V,10,Pubilla Cases,532,35-49,114,90,204
2013,2,Districte II,5,Collblanc,210,12-15,13,9,22
2006,3,Districte III,6,Santa Eulàlia,301,12-15,38,46,84
1998,1,Districte I,2,Sanfeliu,116,75 i +,55,16,71
2005,6,Districte VI,12,Bellvitge,610,25-34,105,111,216
1999,1,Districte I,1,Centre,133,12-15,15,20,35
2010,5,Districte V,9,Can Serra,503,12-15,9,16,25
2002,6,Districte VI,12,Bellvitge,620,03-11,21,26,47
1997,5,Districte V,10,Pubilla Cases,519,25-34,64,57,121
2004,5,Districte V,10,Pubilla Cases,516,65-74,46,32,78
1998,2,Districte II,4,la Torrassa,237,16-17,10,16,26
2012,6,Districte VI,11,el Gornal,616,00-02,51,51,102
2011,1,Districte I,1,Centre,135,03-11,47,59,106
2013,1,Districte I,1,Centre,124,25-34,54,47,101
2008,1,Districte I,3,Sant Josep,106,16-17,14,17,31
2006,4,Districte IV,7,la Florida,421,03-11,34,32,66
2014,4,Districte IV,7,la Florida,409,25-34,135,164,299
1997,2,Districte II,5,Collblanc,209,50-64,97,87,184
2002,2,Districte II,5,Collblanc,219,35-49,125,125,250
2016,4,Districte IV,7,la Florida,431,00-02,27,28,55
2015,6,Districte VI,11,el Gornal,626,00-02,7,7,14
2007,1,Districte I,2,Sanfeliu,129,35-49,129,144,273
2014,2,Districte II,5,Collblanc,216,65-74,75,49,124
1994,2,Districte II,4,la Torrassa,233,50-64,94,85,179
2012,2,Districte II,4,la Torrassa,211,75 i +,98,41,139
1995,6,Districte VI,12,Bellvitge,602,00-02,5,4,9
1995,1,Districte I,1,Centre,102,18-24,140,162,302
2014,5,Districte V,10,Pubilla Cases,538,00-02,16,20,36
2005,2,Districte II,4,la Torrassa,248,50-64,84,74,158
1996,3,Districte III,6,Santa Eulàlia,312,75 i +,23,11,34
2001,1,Districte I,3,Sant Josep,114,35-49,162,158,320
2009,6,Districte VI,12,Bellvitge,605,16-17,4,2,6
2016,4,Districte IV,7,la Florida,414,75 i +,87,57,144
2004,4,Districte IV,7,la Florida,432,00-02,10,9,19
2011,1,Districte I,3,Sant Josep,120,12-15,34,45,79
2008,3,Districte III,6,Santa Eulàlia,323,35-49,336,345,681
2015,3,Districte III,6,Santa Eulàlia,319,65-74,79,66,145
2012,5,Districte V,10,Pubilla Cases,531,75 i +,48,35,83
2002,6,Districte VI,12,Bellvitge,624,03-11,34,26,60
2007,5,Districte V,10,Pubilla Cases,512,12-15,19,12,31
2002,5,Districte V,9,Can Serra,501,00-02,13,16,29
1996,4,Districte IV,8,les Planes,439,65-74,56,51,107
2000,1,Districte I,1,Centre,134,75 i +,64,33,97
2013,1,Districte I,3,Sant Josep,114,50-64,143,124,267
2008,4,Districte IV,8,les Planes,440,12-15,24,14,38
2010,3,Districte III,6,Santa Eulàlia,303,12-15,17,25,42
1999,1,Districte I,2,Sanfeliu,116,03-11,52,52,104
1998,6,Districte VI,12,Bellvitge,606,18-24,46,52,98
1999,1,Districte I,1,Centre,105,00-02,5,16,21
2010,2,Districte II,4,la Torrassa,234,35-49,141,163,304
2013,3,Districte III,6,Santa Eulàlia,305,25-34,110,128,238
2007,6,Districte VI,12,Bellvitge,618,65-74,27,34,61
1994,6,Districte VI,11,el Gornal,629,65-74,28,26,54
2009,2,Districte II,4,la Torrassa,249,03-11,41,42,83
1994,2,Districte II,4,la Torrassa,241,03-11,19,9,28
1998,2,Districte II,4,la Torrassa,241,00-02,9,6,15
2014,4,Districte IV,7,la Florida,410,35-49,182,156,338
1998,6,Districte VI,12,Bellvitge,618,16-17,7,5,12
1998,6,Districte VI,12,Bellvitge,609,03-11,25,30,55
2016,1,Districte I,3,Sant Josep,115,00-02,16,14,30
2016,6,Districte VI,12,Bellvitge,627,18-24,20,24,44
2002,1,Districte I,3,Sant Josep,127,65-74,48,41,89
2004,2,Districte II,5,Collblanc,201,16-17,7,5,12
2005,1,Districte I,3,Sant Josep,125,16-17,15,20,35
1996,3,Districte III,6,Santa Eulàlia,325,50-64,191,168,359
1999,4,Districte IV,7,la Florida,407,25-34,76,99,175
1999,5,Districte V,9,Can Serra,503,75 i +,23,10,33
2014,6,Districte VI,11,el Gornal,632,25-34,52,56,108
1995,3,Districte III,6,Santa Eulàlia,308,35-49,165,155,320
2005,2,Districte II,4,la Torrassa,217,75 i +,42,19,61
2014,1,Districte I,2,Sanfeliu,129,12-15,11,28,39
2006,4,Districte IV,7,la Florida,407,00-02,6,12,18
2001,1,Districte I,1,Centre,101,12-15,32,22,54
2007,3,Districte III,6,Santa Eulàlia,305,35-49,209,183,392
2015,4,Districte IV,7,la Florida,411,18-24,34,26,60
1996,2,Districte II,4,la Torrassa,237,75 i +,67,32,99
1998,2,Districte II,5,Collblanc,226,03-11,33,31,64
2016,6,Districte VI,12,Bellvitge,612,00-02,17,13,30
2006,3,Districte III,6,Santa Eulàlia,311,35-49,151,176,327
1995,5,Districte V,9,Can Serra,506,18-24,189,185,374
2008,1,Districte I,2,Sanfeliu,118,00-02,28,28,56
1997,6,Districte VI,12,Bellvitge,624,50-64,152,181,333
2009,1,Districte I,3,Sant Josep,136,03-11,56,49,105
2008,4,Districte IV,7,la Florida,408,65-74,54,37,91
2012,3,Districte III,6,Santa Eulàlia,324,16-17,11,10,21
2006,2,Districte II,5,Collblanc,227,00-02,11,6,17
1997,4,Districte IV,8,les Planes,433,16-17,11,12,23
2014,4,Districte IV,8,les Planes,420,75 i +,137,88,225
2016,3,Districte III,6,Santa Eulàlia,324,25-34,88,59,147
2004,2,Districte II,5,Collblanc,221,18-24,42,59,101
2010,4,Districte IV,7,la Florida,424,50-64,49,50,99
2002,5,Districte V,10,Pubilla Cases,513,75 i +,48,16,64
2013,3,Districte III,6,Santa Eulàlia,310,50-64,96,92,188
1994,1,Districte I,1,Centre,110,75 i +,40,22,62
2001,4,Districte IV,8,les Planes,435,00-02,11,12,23
2014,5,Districte V,10,Pubilla Cases,533,35-49,252,268,520
2002,1,Districte I,3,Sant Josep,117,25-34,182,200,382
2009,1,Districte I,1,Centre,111,16-17,9,5,14
2006,1,Districte I,1,Centre,107,25-34,160,180,340
2015,4,Districte IV,7,la Florida,421,50-64,99,76,175
2001,6,Districte VI,12,Bellvitge,601,03-11,38,44,82
2004,5,Districte V,10,Pubilla Cases,536,75 i +,45,39,84
2010,3,Districte III,6,Santa Eulàlia,311,75 i +,102,61,163
2006,4,Districte IV,7,la Florida,412,65-74,104,104,208
2001,5,Districte V,10,Pubilla Cases,528,25-34,109,114,223
2006,6,Districte VI,11,el Gornal,622,18-24,30,41,71
2009,6,Districte VI,11,el Gornal,617,16-17,9,8,17
1995,3,Districte III,6,Santa Eulàlia,319,03-11,31,37,68
2016,4,Districte IV,7,la Florida,404,50-64,110,105,215
2009,2,Districte II,4,la Torrassa,231,75 i +,82,53,135
2016,6,Districte VI,12,Bellvitge,613,12-15,18,15,33
1996,2,Districte II,4,la Torrassa,242,25-34,77,84,161
2008,3,Districte III,6,Santa Eulàlia,316,65-74,64,60,124
2004,6,Districte VI,11,el Gornal,616,12-15,68,75,143
2006,4,Districte IV,7,la Florida,422,03-11,46,46,92
2010,3,Districte III,6,Santa Eulàlia,303,25-34,150,141,291
1994,2,Districte II,4,la Torrassa,246,18-24,62,54,116
2008,1,Districte I,1,Centre,104,18-24,15,20,35
2010,4,Districte IV,8,les Planes,439,25-34,109,126,235
2001,1,Districte I,3,Sant Josep,114,00-02,14,13,27
2014,2,Districte II,4,la Torrassa,229,35-49,237,228,465
1995,2,Districte II,4,la Torrassa,230,35-49,44,52,96
2012,6,Districte VI,12,Bellvitge,624,65-74,92,111,203
1994,2,Districte II,5,Collblanc,222,75 i +,33,21,54
2010,1,Districte I,3,Sant Josep,121,16-17,10,8,18
2005,4,Districte IV,7,la Florida,416,50-64,54,57,111
1998,6,Districte VI,12,Bellvitge,621,25-34,127,125,252
2011,5,Districte V,10,Pubilla Cases,519,03-11,26,32,58
2011,6,Districte VI,12,Bellvitge,607,16-17,13,7,20
2002,4,Districte IV,8,les Planes,401,03-11,43,37,80
2000,4,Districte IV,7,la Florida,423,25-34,81,90,171
2012,2,Districte II,4,la Torrassa,236,75 i +,101,59,160
2009,5,Districte V,10,Pubilla Cases,524,03-11,58,49,107
2001,4,Districte IV,8,les Planes,441,00-02,14,17,31
2013,6,Districte VI,12,Bellvitge,624,00-02,14,9,23
2010,2,Districte II,4,la Torrassa,234,75 i +,77,43,120
2016,3,Districte III,6,Santa Eulàlia,315,75 i +,61,45,106
2002,2,Districte II,5,Collblanc,220,35-49,97,90,187
1995,2,Districte II,5,Collblanc,220,75 i +,39,19,58
2010,2,Districte II,5,Collblanc,206,03-11,39,29,68
2002,2,Districte II,4,la Torrassa,238,00-02,9,11,20
2014,5,Districte V,9,Can Serra,503,00-02,7,7,14
1996,5,Districte V,10,Pubilla Cases,517,00-02,7,10,17
2014,3,Districte III,13,Granvia Sud,312,35-49,202,229,431
2005,2,Districte II,4,la Torrassa,217,50-64,32,35,67
2006,1,Districte I,3,Sant Josep,125,00-02,28,27,55
2014,1,Districte I,3,Sant Josep,127,16-17,6,6,12
1995,5,Districte V,9,Can Serra,506,16-17,44,42,86
2001,4,Districte IV,7,la Florida,425,35-49,69,82,151
2005,2,Districte II,5,Collblanc,244,65-74,38,21,59
2004,4,Districte IV,7,la Florida,412,65-74,95,100,195
2002,1,Districte I,1,Centre,108,18-24,48,50,98
2007,4,Districte IV,8,les Planes,434,25-34,52,65,117
1995,4,Districte IV,7,la Florida,403,65-74,49,45,94
1997,5,Districte V,10,Pubilla Cases,522,25-34,47,55,102
2004,4,Districte IV,7,la Florida,428,25-34,57,68,125
2014,2,Districte II,4,la Torrassa,228,03-11,96,105,201
2004,2,Districte II,4,la Torrassa,232,16-17,9,9,18
2006,2,Districte II,5,Collblanc,244,03-11,22,20,42
2003,5,Districte V,10,Pubilla Cases,532,16-17,15,15,30
2006,2,Districte II,5,Collblanc,212,35-49,176,174,350
2010,4,Districte IV,8,les Planes,438,25-34,68,62,130
2015,6,Districte VI,12,Bellvitge,618,00-02,10,12,22
1999,5,Districte V,9,Can Serra,507,00-02,8,9,17
1999,3,Districte III,6,Santa Eulàlia,306,03-11,58,48,106
2002,1,Districte I,2,Sanfeliu,118,35-49,206,158,364
2013,4,Districte IV,8,les Planes,436,00-02,20,29,49
2001,3,Districte III,6,Santa Eulàlia,321,12-15,38,54,92
2008,2,Districte II,4,la Torrassa,248,18-24,55,43,98
2009,6,Districte VI,12,Bellvitge,631,25-34,95,93,188
2015,1,Districte I,1,Centre,133,65-74,59,43,102
2016,6,Districte VI,12,Bellvitge,606,16-17,10,16,26
2000,3,Districte III,6,Santa Eulàlia,309,50-64,66,69,135
2004,1,Districte I,1,Centre,101,12-15,17,29,46
2007,4,Districte IV,8,les Planes,439,00-02,16,28,44
2006,3,Districte III,6,Santa Eulàlia,321,00-02,20,30,50
2000,5,Districte V,10,Pubilla Cases,518,65-74,68,72,140
2004,1,Districte I,3,Sant Josep,139,16-17,5,7,12
2013,1,Districte I,2,Sanfeliu,132,25-34,151,149,300
2003,5,Districte V,10,Pubilla Cases,525,50-64,83,73,156
2006,5,Districte V,10,Pubilla Cases,517,18-24,64,58,122
2006,5,Districte V,10,Pubilla Cases,509,00-02,12,20,32
2015,5,Districte V,10,Pubilla Cases,525,03-11,46,49,95
1998,4,Districte IV,8,les Planes,434,50-64,46,44,90
2016,3,Districte III,6,Santa Eulàlia,326,03-11,68,65,133
2000,3,Districte III,6,Santa Eulàlia,313,18-24,142,110,252
2014,1,Districte I,3,Sant Josep,139,16-17,8,10,18
1994,6,Districte VI,12,Bellvitge,602,35-49,44,31,75
2010,3,Districte III,6,Santa Eulàlia,310,12-15,9,10,19
2008,6,Districte VI,12,Bellvitge,624,75 i +,41,28,69
2003,3,Districte III,6,Santa Eulàlia,317,16-17,8,13,21
2009,1,Districte I,1,Centre,128,50-64,93,70,163
2016,2,Districte II,5,Collblanc,226,25-34,127,147,274
2004,5,Districte V,10,Pubilla Cases,530,25-34,131,178,309
2001,5,Districte V,10,Pubilla Cases,538,65-74,92,94,186
2007,5,Districte V,9,Can Serra,501,25-34,89,119,208
2003,1,Districte I,1,Centre,110,16-17,16,10,26
2000,1,Districte I,3,Sant Josep,138,12-15,16,28,44
2001,1,Districte I,3,Sant Josep,121,35-49,77,104,181
2009,1,Districte I,1,Centre,128,25-34,98,99,197
2004,1,Districte I,2,Sanfeliu,132,35-49,245,243,488
2006,5,Districte V,10,Pubilla Cases,530,18-24,51,55,106
1997,5,Districte V,9,Can Serra,504,18-24,92,107,199
1999,2,Districte II,5,Collblanc,206,18-24,35,39,74
2009,5,Districte V,10,Pubilla Cases,509,12-15,20,26,46
2013,1,Districte I,2,Sanfeliu,118,65-74,88,104,192
2013,4,Districte IV,8,les Planes,418,65-74,63,54,117
2008,5,Districte V,9,Can Serra,501,12-15,15,20,35
2016,1,Districte I,3,Sant Josep,117,75 i +,94,56,150
1995,5,Districte V,9,Can Serra,504,50-64,159,155,314
1995,4,Districte IV,7,la Florida,414,75 i +,33,18,51
2014,3,Districte III,6,Santa Eulàlia,326,35-49,149,190,339
2014,2,Districte II,4,la Torrassa,211,03-11,48,55,103
1998,4,Districte IV,8,les Planes,442,18-24,31,38,69
2005,5,Districte V,10,Pubilla Cases,531,00-02,13,7,20
2008,2,Districte II,5,Collblanc,215,00-02,12,15,27
1994,5,Districte V,10,Pubilla Cases,508,50-64,70,67,137
1994,1,Districte I,3,Sant Josep,138,16-17,16,16,32
2000,6,Districte VI,11,el Gornal,629,35-49,60,59,119
1997,6,Districte VI,12,Bellvitge,606,00-02,10,15,25
2010,3,Districte III,6,Santa Eulàlia,317,03-11,61,53,114
2016,1,Districte I,1,Centre,130,03-11,55,41,96
2001,4,Districte IV,8,les Planes,442,65-74,30,23,53
2011,3,Districte III,6,Santa Eulàlia,321,18-24,86,90,176
1998,5,Districte V,10,Pubilla Cases,510,35-49,88,86,174
2007,4,Districte IV,7,la Florida,422,75 i +,74,46,120
2003,5,Districte V,10,Pubilla Cases,537,12-15,25,16,41
2013,5,Districte V,10,Pubilla Cases,538,12-15,17,25,42
2013,4,Districte IV,7,la Florida,412,65-74,112,87,199
2012,2,Districte II,4,la Torrassa,240,75 i +,60,37,97
2008,1,Districte I,1,Centre,131,50-64,185,175,360
2001,2,Districte II,5,Collblanc,215,16-17,6,5,11
1994,5,Districte V,10,Pubilla Cases,513,16-17,5,12,17
1999,4,Districte IV,8,les Planes,437,03-11,25,32,57
2014,1,Districte I,3,Sant Josep,114,25-34,62,67,129
2009,5,Districte V,10,Pubilla Cases,511,16-17,8,9,17
2015,6,Districte VI,12,Bellvitge,625,00-02,6,14,20
1998,3,Districte III,6,Santa Eulàlia,325,12-15,25,25,50
2009,5,Districte V,10,Pubilla Cases,534,35-49,123,108,231
2011,3,Districte III,6,Santa Eulàlia,313,18-24,66,60,126
2003,5,Districte V,10,Pubilla Cases,529,18-24,51,56,107
1994,5,Districte V,10,Pubilla Cases,520,16-17,18,18,36
2002,4,Districte IV,7,la Florida,416,65-74,56,59,115
1994,2,Districte II,4,la Torrassa,228,75 i +,27,20,47
1994,1,Districte I,3,Sant Josep,117,16-17,41,57,98
2008,3,Districte III,6,Santa Eulàlia,319,00-02,42,54,96
2008,5,Districte V,10,Pubilla Cases,518,12-15,17,22,39
2009,1,Districte I,3,Sant Josep,122,65-74,79,68,147
2007,1,Districte I,2,Sanfeliu,116,12-15,30,21,51
1999,3,Districte III,6,Santa Eulàlia,305,03-11,67,44,111
1995,2,Districte II,4,la Torrassa,232,16-17,11,15,26
1997,6,Districte VI,12,Bellvitge,625,50-64,115,132,247
2004,1,Districte I,1,Centre,134,65-74,44,39,83
2004,4,Districte IV,7,la Florida,416,12-15,8,17,25
1995,3,Districte III,6,Santa Eulàlia,301,35-49,143,150,293
1996,1,Districte I,3,Sant Josep,126,03-11,28,30,58
2001,2,Districte II,5,Collblanc,216,25-34,100,100,200
2010,6,Districte VI,12,Bellvitge,604,35-49,82,102,184
2012,4,Districte IV,7,la Florida,411,75 i +,96,78,174
1994,4,Districte IV,7,la Florida,408,25-34,70,87,157
1994,1,Districte I,1,Centre,110,03-11,61,47,108
1994,3,Districte III,6,Santa Eulàlia,304,18-24,57,75,132
1999,6,Districte VI,11,el Gornal,622,25-34,84,98,182
2014,4,Districte IV,8,les Planes,435,18-24,36,43,79
1996,4,Districte IV,7,la Florida,410,00-02,13,12,25
2011,2,Districte II,5,Collblanc,210,50-64,75,79,154
2010,2,Districte II,5,Collblanc,202,12-15,6,12,18
1997,4,Districte IV,7,la Florida,425,03-11,26,26,52
2014,2,Districte II,5,Collblanc,205,65-74,53,33,86
2006,1,Districte I,3,Sant Josep,115,75 i +,70,41,111
2003,5,Districte V,10,Pubilla Cases,520,18-24,36,42,78
2001,4,Districte IV,7,la Florida,426,12-15,17,17,34
1998,2,Districte II,5,Collblanc,223,75 i +,56,27,83
2003,2,Districte II,5,Collblanc,205,12-15,12,17,29
2013,4,Districte IV,7,la Florida,410,50-64,146,119,265
2003,2,Districte II,5,Collblanc,222,50-64,79,73,152
1997,6,Districte VI,12,Bellvitge,607,35-49,85,89,174
2000,5,Districte V,10,Pubilla Cases,524,18-24,64,61,125
2003,2,Districte II,5,Collblanc,212,18-24,59,50,109
2002,1,Districte I,1,Centre,108,00-02,14,8,22
2011,1,Districte I,3,Sant Josep,137,12-15,32,24,56
2014,3,Districte III,6,Santa Eulàlia,325,03-11,57,67,124
1999,1,Districte I,3,Sant Josep,120,12-15,42,43,85
2011,4,Districte IV,7,la Florida,415,00-02,16,19,35
2000,1,Districte I,1,Centre,134,12-15,27,35,62
2005,3,Districte III,6,Santa Eulàlia,310,35-49,112,91,203
2006,6,Districte VI,12,Bellvitge,621,25-34,130,165,295
1999,6,Districte VI,12,Bellvitge,607,25-34,101,113,214
2008,5,Districte V,10,Pubilla Cases,525,18-24,51,39,90
2012,5,Districte V,10,Pubilla Cases,509,00-02,8,19,27
2007,4,Districte IV,7,la Florida,422,25-34,124,145,269
2007,6,Districte VI,12,Bellvitge,611,12-15,33,29,62
2010,6,Districte VI,12,Bellvitge,612,50-64,79,65,144
2008,6,Districte VI,11,el Gornal,632,25-34,77,90,167
2004,4,Districte IV,7,la Florida,422,16-17,11,13,24
2000,5,Districte V,9,Can Serra,503,50-64,81,98,179
2014,6,Districte VI,11,el Gornal,622,65-74,54,47,101
2011,4,Districte IV,7,la Florida,410,50-64,163,132,295
2008,5,Districte V,10,Pubilla Cases,528,25-34,122,150,272
2002,5,Districte V,10,Pubilla Cases,526,16-17,3,6,9
2006,1,Districte I,3,Sant Josep,126,00-02,12,11,23
2012,5,Districte V,10,Pubilla Cases,522,65-74,30,18,48
2003,6,Districte VI,12,Bellvitge,610,75 i +,48,36,84
2014,3,Districte III,6,Santa Eulàlia,313,18-24,55,48,103
2015,4,Districte IV,8,les Planes,435,50-64,84,87,171
1997,5,Districte V,10,Pubilla Cases,514,03-11,36,19,55
2000,2,Districte II,5,Collblanc,208,35-49,191,168,359
2006,6,Districte VI,12,Bellvitge,610,18-24,34,46,80
2006,6,Districte VI,11,el Gornal,632,25-34,87,93,180
2003,2,Districte II,5,Collblanc,201,03-11,20,33,53
2013,3,Districte III,6,Santa Eulàlia,311,75 i +,101,50,151
2008,3,Districte III,6,Santa Eulàlia,325,03-11,68,68,136
1994,5,Districte V,10,Pubilla Cases,517,18-24,76,89,165
1999,2,Districte II,5,Collblanc,222,25-34,62,67,129
2001,2,Districte II,4,la Torrassa,240,18-24,28,34,62
2015,6,Districte VI,12,Bellvitge,624,35-49,112,147,259
1997,5,Districte V,10,Pubilla Cases,508,03-11,21,19,40
2011,5,Districte V,10,Pubilla Cases,509,65-74,39,32,71
2004,2,Districte II,4,la Torrassa,242,25-34,87,115,202
2009,5,Districte V,10,Pubilla Cases,537,35-49,126,121,247
2007,2,Districte II,5,Collblanc,203,75 i +,54,31,85
2016,5,Districte V,9,Can Serra,521,18-24,21,25,46
1999,2,Districte II,4,la Torrassa,229,18-24,31,25,56
2002,1,Districte I,1,Centre,103,16-17,8,6,14
1994,6,Districte VI,12,Bellvitge,605,75 i +,21,11,32
2000,2,Districte II,5,Collblanc,213,12-15,22,20,42
2012,6,Districte VI,12,Bellvitge,621,35-49,161,180,341
2011,2,Districte II,5,Collblanc,210,65-74,56,50,106
2013,5,Districte V,9,Can Serra,505,03-11,39,35,74
2005,5,Districte V,10,Pubilla Cases,536,25-34,68,78,146
2006,1,Districte I,3,Sant Josep,115,35-49,142,135,277
2001,2,Districte II,5,Collblanc,205,25-34,66,72,138
1997,3,Districte III,6,Santa Eulàlia,306,18-24,78,80,158
2002,3,Districte III,6,Santa Eulàlia,301,00-02,25,30,55
2007,1,Districte I,3,Sant Josep,119,16-17,8,16,24
1994,2,Districte II,4,la Torrassa,246,75 i +,59,29,88
2004,2,Districte II,5,Collblanc,207,75 i +,65,28,93
2016,2,Districte II,4,la Torrassa,242,00-02,17,15,32
2016,1,Districte I,1,Centre,113,50-64,206,145,351
2005,1,Districte I,3,Sant Josep,138,18-24,38,55,93
2009,5,Districte V,9,Can Serra,535,75 i +,41,33,74
2003,3,Districte III,6,Santa Eulàlia,308,50-64,190,178,368
1995,1,Districte I,1,Centre,102,65-74,79,56,135
1997,4,Districte IV,7,la Florida,403,35-49,107,88,195
1995,6,Districte VI,12,Bellvitge,611,65-74,78,53,131
1995,6,Districte VI,11,el Gornal,608,75 i +,24,10,34
2002,2,Districte II,4,la Torrassa,249,75 i +,55,36,91
1999,4,Districte IV,8,les Planes,440,03-11,22,33,55
2000,4,Districte IV,8,les Planes,438,00-02,7,16,23
2012,6,Districte VI,12,Bellvitge,621,16-17,15,10,25
2014,2,Districte II,5,Collblanc,220,25-34,130,128,258
2005,6,Districte VI,12,Bellvitge,607,16-17,8,8,16
2002,4,Districte IV,7,la Florida,425,75 i +,63,31,94
1995,2,Districte II,5,Collblanc,209,03-11,26,37,63
2010,4,Districte IV,7,la Florida,425,00-02,20,16,36
2006,2,Districte II,5,Collblanc,220,25-34,81,83,164
1995,6,Districte VI,12,Bellvitge,606,12-15,37,22,59
2001,6,Districte VI,12,Bellvitge,613,12-15,17,18,35
2006,3,Districte III,6,Santa Eulàlia,317,03-11,53,37,90
2009,2,Districte II,4,la Torrassa,237,50-64,99,103,202
2012,2,Districte II,4,la Torrassa,238,25-34,66,81,147
2013,4,Districte IV,8,les Planes,419,16-17,16,21,37
2011,5,Districte V,10,Pubilla Cases,517,75 i +,62,39,101
2001,4,Districte IV,7,la Florida,411,00-02,10,8,18
1998,4,Districte IV,8,les Planes,435,18-24,41,52,93
2013,4,Districte IV,7,la Florida,403,75 i +,86,74,160
1997,6,Districte VI,11,el Gornal,608,03-11,41,51,92
2009,4,Districte IV,8,les Planes,429,25-34,52,61,113
2012,1,Districte I,3,Sant Josep,125,18-24,56,47,103
1998,5,Districte V,10,Pubilla Cases,536,03-11,31,22,53
2007,5,Districte V,10,Pubilla Cases,534,65-74,57,54,111
2002,4,Districte IV,7,la Florida,417,12-15,17,5,22
2013,6,Districte VI,12,Bellvitge,618,18-24,45,41,86
1996,3,Districte III,6,Santa Eulàlia,307,35-49,230,203,433
2011,1,Districte I,2,Sanfeliu,132,50-64,233,217,450
2005,4,Districte IV,7,la Florida,412,35-49,185,190,375
1994,4,Districte IV,8,les Planes,437,03-11,28,33,61
2005,6,Districte VI,11,el Gornal,617,03-11,35,45,80
2007,2,Districte II,5,Collblanc,219,75 i +,88,55,143
1994,2,Districte II,4,la Torrassa,229,25-34,51,51,102
1996,6,Districte VI,11,el Gornal,629,75 i +,20,11,31
1994,6,Districte VI,12,Bellvitge,604,35-49,72,69,141
2013,6,Districte VI,12,Bellvitge,610,35-49,130,142,272
2004,4,Districte IV,7,la Florida,428,75 i +,24,24,48
2001,2,Districte II,5,Collblanc,219,00-02,14,11,25
2007,2,Districte II,5,Collblanc,214,25-34,93,112,205
1999,5,Districte V,9,Can Serra,505,03-11,37,26,63
2003,6,Districte VI,11,el Gornal,632,18-24,42,60,102
2006,1,Districte I,1,Centre,124,50-64,86,71,157
1996,3,Districte III,6,Santa Eulàlia,312,35-49,125,110,235
1999,2,Districte II,5,Collblanc,223,65-74,76,71,147
1997,5,Districte V,9,Can Serra,505,12-15,29,27,56
1999,2,Districte II,5,Collblanc,216,00-02,11,3,14
2011,5,Districte V,10,Pubilla Cases,515,50-64,36,32,68
2006,4,Districte IV,7,la Florida,431,25-34,158,191,349
1996,2,Districte II,5,Collblanc,207,25-34,55,44,99
2007,2,Districte II,4,la Torrassa,248,03-11,53,51,104
1996,6,Districte VI,12,Bellvitge,619,65-74,61,54,115
2010,6,Districte VI,12,Bellvitge,604,25-34,47,76,123
2008,1,Districte I,1,Centre,101,65-74,58,45,103
2005,1,Districte I,1,Centre,104,75 i +,70,42,112
1996,6,Districte VI,12,Bellvitge,618,18-24,59,68,127
2009,1,Districte I,3,Sant Josep,125,75 i +,46,37,83
1996,4,Districte IV,7,la Florida,414,16-17,10,16,26
2002,1,Districte I,1,Centre,123,16-17,10,9,19
1997,1,Districte I,1,Centre,104,75 i +,56,26,82
2010,1,Districte I,1,Centre,101,12-15,29,30,59
2010,6,Districte VI,12,Bellvitge,615,65-74,81,93,174
2016,2,Districte II,4,la Torrassa,249,18-24,34,42,76
1996,3,Districte III,6,Santa Eulàlia,324,35-49,86,74,160
2009,5,Districte V,9,Can Serra,505,12-15,11,8,19
1996,5,Districte V,9,Can Serra,505,50-64,200,232,432
2015,3,Districte III,6,Santa Eulàlia,319,35-49,262,272,534
2012,4,Districte IV,8,les Planes,434,75 i +,54,26,80
1994,1,Districte I,3,Sant Josep,140,03-11,27,27,54
1996,2,Districte II,5,Collblanc,203,12-15,10,15,25
2011,1,Districte I,1,Centre,108,35-49,205,172,377
2011,2,Districte II,5,Collblanc,220,50-64,68,57,125
2006,4,Districte IV,8,les Planes,433,18-24,75,48,123
2003,1,Districte I,1,Centre,104,00-02,7,6,13
2009,2,Districte II,4,la Torrassa,238,75 i +,65,37,102
2005,6,Districte VI,12,Bellvitge,630,03-11,21,29,50
2001,2,Districte II,5,Collblanc,225,12-15,9,6,15
1995,6,Districte VI,12,Bellvitge,630,16-17,20,32,52
2005,2,Districte II,4,la Torrassa,233,75 i +,55,23,78
1994,4,Districte IV,7,la Florida,413,18-24,31,37,68
2008,2,Districte II,4,la Torrassa,240,75 i +,62,35,97
2013,2,Districte II,4,la Torrassa,217,75 i +,74,49,123
2001,1,Districte I,1,Centre,135,03-11,55,40,95
2007,3,Districte III,6,Santa Eulàlia,313,12-15,35,22,57
2007,2,Districte II,5,Collblanc,209,35-49,125,124,249
2004,4,Districte IV,7,la Florida,411,18-24,47,50,97
2008,2,Districte II,4,la Torrassa,228,35-49,83,108,191
2015,2,Districte II,4,la Torrassa,248,75 i +,68,50,118
2001,4,Districte IV,7,la Florida,414,03-11,25,34,59
2012,4,Districte IV,7,la Florida,414,65-74,45,41,86
2005,4,Districte IV,7,la Florida,404,75 i +,63,32,95
2015,4,Districte IV,8,les Planes,435,75 i +,75,37,112
1997,4,Districte IV,7,la Florida,413,03-11,23,24,47
1994,5,Districte V,10,Pubilla Cases,510,00-02,7,12,19
2005,2,Districte II,5,Collblanc,244,16-17,4,6,10
2012,5,Districte V,10,Pubilla Cases,510,16-17,10,10,20
2000,5,Districte V,10,Pubilla Cases,533,18-24,35,44,79
2016,5,Districte V,10,Pubilla Cases,513,75 i +,101,57,158
2008,2,Districte II,5,Collblanc,223,75 i +,63,40,103
2014,4,Districte IV,8,les Planes,437,00-02,22,15,37
2009,2,Districte II,4,la Torrassa,232,00-02,13,15,28
2010,5,Districte V,10,Pubilla Cases,537,35-49,136,126,262
2012,5,Districte V,9,Can Serra,535,00-02,8,10,18
2009,5,Districte V,10,Pubilla Cases,519,12-15,8,12,20
2013,3,Districte III,6,Santa Eulàlia,306,16-17,20,19,39
2007,1,Districte I,1,Centre,124,25-34,65,70,135
2015,6,Districte VI,12,Bellvitge,627,65-74,87,87,174
2016,4,Districte IV,7,la Florida,414,25-34,152,149,301
2015,6,Districte VI,12,Bellvitge,618,12-15,25,31,56
2008,3,Districte III,6,Santa Eulàlia,317,12-15,21,25,46
1998,6,Districte VI,12,Bellvitge,613,35-49,81,73,154
2013,5,Districte V,10,Pubilla Cases,525,75 i +,67,34,101
1994,1,Districte I,1,Centre,107,35-49,201,212,413
2003,1,Districte I,1,Centre,107,65-74,97,76,173
2011,6,Districte VI,12,Bellvitge,602,25-34,38,39,77
2008,6,Districte VI,12,Bellvitge,620,12-15,9,7,16
2014,5,Districte V,10,Pubilla Cases,524,75 i +,75,43,118
2014,2,Districte II,5,Collblanc,213,75 i +,46,35,81
2011,6,Districte VI,11,el Gornal,629,16-17,4,5,9
1994,3,Districte III,6,Santa Eulàlia,313,50-64,159,158,317
1996,6,Districte VI,11,el Gornal,617,35-49,105,108,213
2002,5,Districte V,9,Can Serra,505,00-02,15,14,29
2002,2,Districte II,4,la Torrassa,231,00-02,15,18,33
2001,1,Districte I,3,Sant Josep,139,18-24,54,49,103
1994,6,Districte VI,12,Bellvitge,620,00-02,7,5,12
2003,6,Districte VI,12,Bellvitge,630,18-24,58,63,121
2007,1,Districte I,1,Centre,131,50-64,179,175,354
2005,2,Districte II,5,Collblanc,222,12-15,21,21,42
2006,1,Districte I,3,Sant Josep,120,75 i +,62,26,88
2016,1,Districte I,3,Sant Josep,106,12-15,31,27,58
2009,3,Districte III,6,Santa Eulàlia,322,25-34,150,133,283
2001,5,Districte V,9,Can Serra,521,16-17,9,10,19
2011,6,Districte VI,12,Bellvitge,627,50-64,157,127,284
2006,6,Districte VI,12,Bellvitge,609,65-74,42,45,87
1997,5,Districte V,10,Pubilla Cases,523,03-11,28,37,65
1999,2,Districte II,4,la Torrassa,246,50-64,86,69,155
2015,3,Districte III,6,Santa Eulàlia,308,18-24,74,81,155
2013,3,Districte III,6,Santa Eulàlia,309,50-64,100,74,174
2015,4,Districte IV,8,les Planes,441,12-15,32,39,71
2009,2,Districte II,5,Collblanc,220,12-15,18,15,33
2000,4,Districte IV,7,la Florida,405,18-24,40,40,80
2005,1,Districte I,3,Sant Josep,119,35-49,113,120,233
2006,4,Districte IV,8,les Planes,436,00-02,16,20,36
2012,4,Districte IV,7,la Florida,416,35-49,91,107,198
2007,2,Districte II,5,Collblanc,209,65-74,57,49,106
2000,6,Districte VI,12,Bellvitge,623,65-74,55,44,99
1996,4,Districte IV,7,la Florida,431,25-34,108,110,218
2001,4,Districte IV,8,les Planes,401,75 i +,48,25,73
2006,5,Districte V,10,Pubilla Cases,518,12-15,19,24,43
1997,4,Districte IV,7,la Florida,403,65-74,59,53,112
2002,5,Districte V,10,Pubilla Cases,527,75 i +,55,27,82
2004,5,Districte V,10,Pubilla Cases,513,16-17,6,4,10
2008,2,Districte II,5,Collblanc,212,03-11,58,56,114
2016,2,Districte II,5,Collblanc,202,03-11,68,72,140
2004,3,Districte III,6,Santa Eulàlia,316,50-64,269,301,570
2010,4,Districte IV,7,la Florida,405,03-11,28,32,60
2000,5,Districte V,10,Pubilla Cases,531,12-15,10,14,24
2016,3,Districte III,6,Santa Eulàlia,317,12-15,16,28,44
2014,5,Districte V,10,Pubilla Cases,534,03-11,30,38,68
2001,2,Districte II,4,la Torrassa,249,35-49,102,112,214
2002,5,Districte V,10,Pubilla Cases,508,65-74,38,33,71
2014,6,Districte VI,11,el Gornal,617,18-24,30,31,61
2013,1,Districte I,2,Sanfeliu,132,18-24,72,75,147
2008,6,Districte VI,12,Bellvitge,618,16-17,4,5,9
2011,2,Districte II,4,la Torrassa,218,00-02,11,12,23
2001,5,Districte V,10,Pubilla Cases,519,50-64,50,42,92
2001,3,Districte III,6,Santa Eulàlia,302,00-02,11,21,32
1995,3,Districte III,6,Santa Eulàlia,324,25-34,69,71,140
2014,1,Districte I,1,Centre,123,25-34,78,60,138
2011,5,Districte V,10,Pubilla Cases,522,65-74,29,13,42
2003,5,Districte V,10,Pubilla Cases,511,16-17,1,8,9
2007,4,Districte IV,7,la Florida,426,50-64,71,62,133
1998,4,Districte IV,8,les Planes,429,35-49,70,66,136
2005,1,Districte I,3,Sant Josep,120,16-17,24,17,41
1998,1,Districte I,3,Sant Josep,138,50-64,86,70,156
1997,6,Districte VI,12,Bellvitge,621,25-34,115,121,236
1994,2,Districte II,4,la Torrassa,247,12-15,28,17,45
2008,2,Districte II,4,la Torrassa,240,25-34,68,74,142
2007,1,Districte I,1,Centre,111,50-64,104,73,177
2010,5,Districte V,10,Pubilla Cases,515,16-17,8,5,13
2004,2,Districte II,4,la Torrassa,235,35-49,146,157,303
2008,3,Districte III,6,Santa Eulàlia,305,75 i +,100,50,150
2002,5,Districte V,10,Pubilla Cases,517,25-34,106,120,226
2002,2,Districte II,5,Collblanc,210,12-15,10,12,22
2015,6,Districte VI,11,el Gornal,622,50-64,94,75,169
1998,6,Districte VI,11,el Gornal,617,03-11,42,45,87
2004,5,Districte V,10,Pubilla Cases,522,18-24,53,48,101
1996,5,Districte V,10,Pubilla Cases,511,50-64,77,71,148
2010,4,Districte IV,7,la Florida,417,65-74,32,22,54
1997,6,Districte VI,11,el Gornal,617,16-17,13,16,29
2000,3,Districte III,6,Santa Eulàlia,316,18-24,177,184,361
2001,4,Districte IV,8,les Planes,419,16-17,7,4,11
2004,4,Districte IV,8,les Planes,438,03-11,27,32,59
2013,1,Districte I,3,Sant Josep,126,25-34,64,53,117
2006,1,Districte I,1,Centre,105,50-64,126,114,240
2005,2,Districte II,4,la Torrassa,237,75 i +,68,34,102
2013,2,Districte II,5,Collblanc,223,50-64,90,92,182
2000,2,Districte II,4,la Torrassa,241,25-34,69,56,125
2005,5,Districte V,10,Pubilla Cases,508,50-64,43,42,85
2010,2,Districte II,5,Collblanc,202,00-02,18,15,33
1997,5,Districte V,10,Pubilla Cases,537,25-34,113,111,224
1998,3,Districte III,6,Santa Eulàlia,310,50-64,73,71,144
1997,2,Districte II,5,Collblanc,225,00-02,3,5,8
2012,1,Districte I,1,Centre,130,25-34,63,48,111
2002,1,Districte I,3,Sant Josep,137,18-24,85,62,147
2002,2,Districte II,5,Collblanc,216,03-11,38,37,75
2002,2,Districte II,5,Collblanc,209,50-64,79,71,150
2016,3,Districte III,6,Santa Eulàlia,317,00-02,15,13,28
2003,1,Districte I,3,Sant Josep,126,12-15,13,11,24
2016,6,Districte VI,12,Bellvitge,612,16-17,6,10,16
2009,3,Districte III,6,Santa Eulàlia,311,35-49,165,198,363
2003,6,Districte VI,12,Bellvitge,614,18-24,27,39,66
2009,2,Districte II,5,Collblanc,213,65-74,50,44,94
2006,1,Districte I,1,Centre,123,00-02,13,13,26
2000,1,Districte I,1,Centre,102,18-24,83,98,181
2000,5,Districte V,9,Can Serra,501,03-11,32,42,74
1995,6,Districte VI,12,Bellvitge,601,00-02,14,12,26
2012,6,Districte VI,12,Bellvitge,610,75 i +,68,56,124
2013,5,Districte V,10,Pubilla Cases,520,65-74,48,42,90
2007,3,Districte III,6,Santa Eulàlia,323,18-24,135,132,267
2004,4,Districte IV,7,la Florida,431,12-15,25,20,45
2004,4,Districte IV,7,la Florida,407,35-49,115,102,217
2000,1,Districte I,1,Centre,133,25-34,81,89,170
2011,5,Districte V,10,Pubilla Cases,522,00-02,23,20,43
2012,6,Districte VI,12,Bellvitge,610,16-17,14,18,32
2016,1,Districte I,1,Centre,112,75 i +,78,39,117
2016,3,Districte III,6,Santa Eulàlia,322,65-74,57,55,112
2009,3,Districte III,6,Santa Eulàlia,323,16-17,23,24,47
1997,6,Districte VI,12,Bellvitge,609,12-15,11,18,29
2010,6,Districte VI,12,Bellvitge,623,65-74,92,101,193
2010,1,Districte I,1,Centre,134,50-64,127,114,241
2011,5,Districte V,10,Pubilla Cases,534,03-11,29,33,62
1995,2,Districte II,5,Collblanc,223,35-49,91,96,187
2009,2,Districte II,5,Collblanc,224,35-49,87,93,180
2007,3,Districte III,6,Santa Eulàlia,319,00-02,34,51,85
2015,2,Districte II,4,la Torrassa,243,18-24,52,72,124
2003,1,Districte I,1,Centre,104,75 i +,65,42,107
1998,2,Districte II,5,Collblanc,216,35-49,118,111,229
2009,5,Districte V,10,Pubilla Cases,516,03-11,27,39,66
1994,2,Districte II,4,la Torrassa,240,00-02,3,7,10
1995,2,Districte II,5,Collblanc,202,25-34,53,82,135
2016,1,Districte I,3,Sant Josep,120,16-17,19,19,38
2015,3,Districte III,6,Santa Eulàlia,308,16-17,19,26,45
2003,6,Districte VI,12,Bellvitge,620,75 i +,15,8,23
2001,2,Districte II,5,Collblanc,226,03-11,28,31,59
2016,2,Districte II,4,la Torrassa,232,50-64,98,88,186
2003,1,Districte I,1,Centre,135,65-74,66,60,126
2000,3,Districte III,6,Santa Eulàlia,324,25-34,73,97,170
2004,1,Districte I,1,Centre,110,00-02,12,9,21
1996,4,Districte IV,7,la Florida,424,00-02,5,4,9
2004,2,Districte II,4,la Torrassa,236,00-02,22,11,33
1994,1,Districte I,1,Centre,113,50-64,89,86,175
1997,2,Districte II,5,Collblanc,216,65-74,79,67,146
2001,5,Districte V,10,Pubilla Cases,526,75 i +,34,16,50
1997,1,Districte I,3,Sant Josep,119,65-74,67,57,124
2009,4,Districte IV,7,la Florida,423,16-17,4,9,13
2011,2,Districte II,4,la Torrassa,235,25-34,137,141,278
2016,4,Districte IV,7,la Florida,411,12-15,17,16,33
2012,2,Districte II,4,la Torrassa,247,12-15,27,25,52
2004,2,Districte II,4,la Torrassa,218,25-34,63,81,144
2010,1,Districte I,3,Sant Josep,140,25-34,82,101,183
1994,2,Districte II,4,la Torrassa,243,35-49,109,109,218
1995,2,Districte II,5,Collblanc,214,00-02,5,8,13
1996,5,Districte V,9,Can Serra,506,00-02,19,22,41
2015,4,Districte IV,7,la Florida,404,35-49,165,186,351
2001,6,Districte VI,12,Bellvitge,623,50-64,213,194,407
1998,5,Districte V,10,Pubilla Cases,525,35-49,68,71,139
2007,4,Districte IV,8,les Planes,418,35-49,158,179,337
2000,4,Districte IV,7,la Florida,410,35-49,154,150,304
2002,2,Districte II,4,la Torrassa,249,00-02,14,8,22
2003,3,Districte III,6,Santa Eulàlia,303,00-02,14,16,30
1995,6,Districte VI,11,el Gornal,626,12-15,19,25,44
2002,4,Districte IV,8,les Planes,420,16-17,9,9,18
2015,4,Districte IV,7,la Florida,414,16-17,14,18,32
2005,2,Districte II,4,la Torrassa,231,12-15,13,13,26
2008,5,Districte V,10,Pubilla Cases,536,03-11,37,35,72
2009,6,Districte VI,12,Bellvitge,613,12-15,17,18,35
2007,2,Districte II,4,la Torrassa,239,18-24,39,54,93
1997,1,Districte I,3,Sant Josep,126,25-34,91,109,200
2005,6,Districte VI,12,Bellvitge,627,18-24,54,65,119
2011,2,Districte II,5,Collblanc,212,18-24,74,56,130
1999,5,Districte V,10,Pubilla Cases,530,12-15,16,19,35
2010,6,Districte VI,12,Bellvitge,624,03-11,35,43,78
2007,5,Districte V,9,Can Serra,521,03-11,29,37,66
2016,6,Districte VI,12,Bellvitge,609,35-49,109,96,205
2007,6,Districte VI,12,Bellvitge,618,35-49,73,71,144
2007,5,Districte V,10,Pubilla Cases,518,18-24,59,50,109
1998,5,Districte V,10,Pubilla Cases,523,25-34,111,108,219
1998,4,Districte IV,8,les Planes,439,75 i +,45,21,66
2000,2,Districte II,4,la Torrassa,218,50-64,77,62,139
1997,4,Districte IV,7,la Florida,416,18-24,33,40,73
2010,1,Districte I,3,Sant Josep,120,65-74,57,65,122
2014,1,Districte I,3,Sant Josep,136,18-24,43,31,74
2007,2,Districte II,5,Collblanc,201,00-02,8,9,17
2016,1,Districte I,1,Centre,113,12-15,20,36,56
1994,2,Districte II,5,Collblanc,212,00-02,11,18,29
1996,2,Districte II,5,Collblanc,221,75 i +,43,25,68
2015,5,Districte V,10,Pubilla Cases,511,12-15,32,31,63
1995,3,Districte III,6,Santa Eulàlia,307,75 i +,37,19,56
2000,3,Districte III,6,Santa Eulàlia,315,03-11,51,58,109
2011,3,Districte III,6,Santa Eulàlia,304,12-15,63,32,95
2002,5,Districte V,10,Pubilla Cases,523,12-15,14,19,33
2015,6,Districte VI,11,el Gornal,632,75 i +,60,40,100
1994,5,Districte V,10,Pubilla Cases,511,65-74,47,42,89
2011,2,Districte II,4,la Torrassa,247,25-34,127,133,260
1996,1,Districte I,3,Sant Josep,119,35-49,190,163,353
2005,6,Districte VI,12,Bellvitge,619,16-17,12,16,28
2008,6,Districte VI,12,Bellvitge,603,75 i +,22,19,41
2007,5,Districte V,9,Can Serra,503,35-49,83,69,152
2006,4,Districte IV,7,la Florida,403,16-17,7,10,17
2002,1,Districte I,2,Sanfeliu,118,75 i +,51,23,74
2014,5,Districte V,10,Pubilla Cases,517,16-17,21,21,42
1999,1,Districte I,3,Sant Josep,120,16-17,18,20,38
2005,3,Districte III,6,Santa Eulàlia,316,25-34,135,159,294
2006,2,Districte II,5,Collblanc,223,18-24,46,55,101
2001,3,Districte III,6,Santa Eulàlia,311,35-49,124,118,242
1997,5,Districte V,10,Pubilla Cases,519,00-02,4,9,13
1996,2,Districte II,4,la Torrassa,232,65-74,70,67,137
2011,2,Districte II,5,Collblanc,213,75 i +,59,36,95
2009,5,Districte V,10,Pubilla Cases,528,50-64,86,72,158
2002,1,Districte I,2,Sanfeliu,118,03-11,65,66,131
1999,4,Districte IV,7,la Florida,402,12-15,10,15,25
2006,3,Districte III,6,Santa Eulàlia,313,75 i +,69,44,113
2016,4,Districte IV,8,les Planes,435,35-49,122,170,292
1999,6,Districte VI,12,Bellvitge,621,03-11,62,60,122
1995,1,Districte I,3,Sant Josep,121,00-02,9,5,14
2015,3,Districte III,6,Santa Eulàlia,301,03-11,159,158,317
2005,4,Districte IV,7,la Florida,402,50-64,69,67,136
1999,3,Districte III,6,Santa Eulàlia,318,00-02,9,10,19
2003,2,Districte II,4,la Torrassa,248,25-34,100,100,200
2008,1,Districte I,3,Sant Josep,115,35-49,141,144,285
1997,5,Districte V,10,Pubilla Cases,511,65-74,61,48,109
2003,3,Districte III,6,Santa Eulàlia,305,12-15,29,29,58
2008,1,Districte I,1,Centre,112,16-17,12,25,37
2006,5,Districte V,9,Can Serra,501,16-17,10,8,18
2011,2,Districte II,5,Collblanc,206,75 i +,81,45,126
2005,4,Districte IV,8,les Planes,440,00-02,10,8,18
2005,5,Districte V,10,Pubilla Cases,525,03-11,32,31,63
2005,3,Districte III,6,Santa Eulàlia,307,12-15,16,30,46
2011,1,Districte I,3,Sant Josep,126,12-15,15,17,32
2007,2,Districte II,5,Collblanc,225,18-24,29,33,62
2000,3,Districte III,6,Santa Eulàlia,303,00-02,19,13,32
2006,6,Districte VI,12,Bellvitge,606,18-24,42,51,93
1997,6,Districte VI,11,el Gornal,616,18-24,176,193,369
1997,6,Districte VI,12,Bellvitge,628,00-02,6,7,13
2002,2,Districte II,5,Collblanc,212,75 i +,70,38,108
2014,6,Districte VI,12,Bellvitge,606,00-02,10,21,31
1994,5,Districte V,10,Pubilla Cases,512,03-11,30,32,62
2014,3,Districte III,6,Santa Eulàlia,324,25-34,83,72,155
2014,1,Districte I,3,Sant Josep,120,18-24,64,67,131
2003,2,Districte II,4,la Torrassa,237,35-49,135,168,303
2013,6,Districte VI,12,Bellvitge,621,18-24,44,36,80
2005,2,Districte II,4,la Torrassa,234,65-74,69,39,108
2002,2,Districte II,5,Collblanc,222,18-24,45,49,94
2002,1,Districte I,3,Sant Josep,106,35-49,236,207,443
2015,2,Districte II,4,la Torrassa,234,03-11,36,36,72
1995,1,Districte I,3,Sant Josep,139,00-02,9,13,22
2001,4,Districte IV,8,les Planes,439,03-11,31,30,61
2016,6,Districte VI,11,el Gornal,617,03-11,36,46,82
2013,2,Districte II,5,Collblanc,202,25-34,158,171,329
1996,1,Districte I,3,Sant Josep,119,12-15,42,38,80
2005,2,Districte II,4,la Torrassa,239,25-34,115,126,241
2014,1,Districte I,3,Sant Josep,106,50-64,250,196,446
1995,1,Districte I,3,Sant Josep,120,03-11,91,94,185
2004,1,Districte I,1,Centre,130,35-49,106,124,230
2008,2,Districte II,5,Collblanc,219,16-17,10,8,18
1997,1,Districte I,3,Sant Josep,122,16-17,9,8,17
2004,3,Districte III,6,Santa Eulàlia,311,16-17,12,13,25
1994,1,Districte I,1,Centre,134,75 i +,53,24,77
2003,4,Districte IV,7,la Florida,423,75 i +,51,28,79
2016,1,Districte I,3,Sant Josep,120,00-02,27,14,41
1996,6,Districte VI,12,Bellvitge,611,00-02,12,10,22
2007,5,Districte V,10,Pubilla Cases,520,00-02,12,10,22
2000,4,Districte IV,7,la Florida,413,75 i +,32,13,45
2012,5,Districte V,10,Pubilla Cases,523,12-15,14,23,37
2016,5,Districte V,9,Can Serra,535,03-11,33,30,63
1998,3,Districte III,6,Santa Eulàlia,313,03-11,78,64,142
2005,4,Districte IV,7,la Florida,404,65-74,85,68,153
1997,6,Districte VI,12,Bellvitge,603,16-17,8,13,21
2013,1,Districte I,3,Sant Josep,138,75 i +,40,30,70
2013,2,Districte II,5,Collblanc,216,50-64,113,102,215
2015,5,Districte V,10,Pubilla Cases,538,00-02,14,17,31
2015,5,Districte V,10,Pubilla Cases,510,50-64,99,88,187
2005,4,Districte IV,7,la Florida,428,35-49,79,91,170
2011,1,Districte I,1,Centre,131,35-49,149,179,328
1995,3,Districte III,6,Santa Eulàlia,302,16-17,34,32,66
2009,4,Districte IV,7,la Florida,426,12-15,14,23,37
2005,6,Districte VI,12,Bellvitge,620,75 i +,14,8,22
2012,1,Districte I,2,Sanfeliu,129,35-49,138,153,291
2004,4,Districte IV,7,la Florida,417,25-34,59,79,138
2002,5,Districte V,10,Pubilla Cases,527,12-15,21,18,39
2003,6,Districte VI,11,el Gornal,626,50-64,114,96,210
2005,1,Districte I,1,Centre,123,00-02,16,15,31
2003,2,Districte II,4,la Torrassa,231,25-34,95,99,194
2016,6,Districte VI,12,Bellvitge,605,03-11,76,72,148
1995,4,Districte IV,8,les Planes,437,16-17,12,12,24
1995,3,Districte III,6,Santa Eulàlia,323,18-24,168,184,352
1997,2,Districte II,4,la Torrassa,249,16-17,8,7,15
2002,5,Districte V,10,Pubilla Cases,522,16-17,8,9,17
2009,5,Districte V,10,Pubilla Cases,511,35-49,87,100,187
2013,2,Districte II,4,la Torrassa,234,75 i +,74,42,116
2007,6,Districte VI,12,Bellvitge,621,18-24,51,59,110
2010,6,Districte VI,12,Bellvitge,627,35-49,87,95,182
2001,4,Districte IV,8,les Planes,436,25-34,88,115,203
1996,4,Districte IV,7,la Florida,403,03-11,37,36,73
2004,6,Districte VI,12,Bellvitge,605,35-49,50,50,100
1994,1,Districte I,3,Sant Josep,117,03-11,99,91,190
2002,4,Districte IV,8,les Planes,434,12-15,11,14,25
2016,5,Districte V,10,Pubilla Cases,538,35-49,164,176,340
1997,6,Districte VI,12,Bellvitge,623,12-15,30,39,69
2013,4,Districte IV,7,la Florida,423,12-15,16,16,32
1999,4,Districte IV,7,la Florida,415,50-64,54,55,109
2008,1,Districte I,3,Sant Josep,139,18-24,24,38,62
1994,6,Districte VI,12,Bellvitge,618,35-49,78,67,145
1997,4,Districte IV,7,la Florida,424,75 i +,19,11,30
2003,4,Districte IV,7,la Florida,407,03-11,28,28,56
1994,4,Districte IV,7,la Florida,430,03-11,30,33,63
2003,6,Districte VI,12,Bellvitge,619,00-02,11,13,24
2012,1,Districte I,1,Centre,102,65-74,118,125,243
2010,5,Districte V,10,Pubilla Cases,529,25-34,112,104,216
2007,2,Districte II,4,la Torrassa,241,25-34,75,73,148
1997,1,Districte I,1,Centre,124,65-74,40,33,73
1996,6,Districte VI,11,el Gornal,617,03-11,50,44,94
2006,5,Districte V,10,Pubilla Cases,525,75 i +,45,33,78
2012,4,Districte IV,8,les Planes,419,50-64,55,59,114
2010,5,Districte V,10,Pubilla Cases,533,25-34,110,120,230
2013,6,Districte VI,11,el Gornal,632,16-17,8,12,20
1996,1,Districte I,1,Centre,105,75 i +,37,22,59
2016,6,Districte VI,12,Bellvitge,625,35-49,109,116,225
2005,1,Districte I,3,Sant Josep,117,25-34,163,181,344
2010,5,Districte V,10,Pubilla Cases,513,16-17,5,7,12
1999,2,Districte II,5,Collblanc,221,25-34,103,85,188
2000,4,Districte IV,7,la Florida,431,12-15,20,22,42
2000,4,Districte IV,7,la Florida,422,65-74,81,61,142
2010,4,Districte IV,7,la Florida,416,25-34,60,77,137
2008,1,Districte I,1,Centre,107,18-24,61,67,128
2016,3,Districte III,6,Santa Eulàlia,308,16-17,25,30,55
2001,4,Districte IV,8,les Planes,437,00-02,15,6,21
2004,1,Districte I,3,Sant Josep,127,65-74,45,39,84
1995,5,Districte V,10,Pubilla Cases,527,16-17,11,11,22
1998,5,Districte V,10,Pubilla Cases,511,35-49,40,46,86
2010,4,Districte IV,7,la Florida,417,35-49,88,93,181
2006,6,Districte VI,12,Bellvitge,603,35-49,49,66,115
1995,1,Districte I,2,Sanfeliu,118,00-02,17,25,42
2010,1,Districte I,1,Centre,134,16-17,13,14,27
2007,4,Districte IV,8,les Planes,434,18-24,31,40,71
1996,4,Districte IV,7,la Florida,428,25-34,52,46,98
2006,1,Districte I,1,Centre,101,35-49,220,225,445
2000,3,Districte III,6,Santa Eulàlia,319,00-02,8,14,22
2005,6,Districte VI,12,Bellvitge,603,25-34,57,68,125
2011,5,Districte V,9,Can Serra,503,50-64,123,94,217
2011,3,Districte III,6,Santa Eulàlia,314,50-64,272,260,532
2004,1,Districte I,1,Centre,131,35-49,153,150,303
1994,4,Districte IV,7,la Florida,411,12-15,31,25,56
1998,5,Districte V,10,Pubilla Cases,526,35-49,58,58,116
2005,5,Districte V,10,Pubilla Cases,532,18-24,69,64,133
2014,1,Districte I,3,Sant Josep,127,03-11,34,33,67
2010,3,Districte III,6,Santa Eulàlia,325,03-11,62,70,132
1998,2,Districte II,4,la Torrassa,248,50-64,95,90,185
1998,1,Districte I,2,Sanfeliu,116,25-34,145,146,291
2003,1,Districte I,1,Centre,130,25-34,101,98,199
1995,4,Districte IV,7,la Florida,426,12-15,14,19,33
2001,2,Districte II,4,la Torrassa,235,65-74,109,78,187
2002,1,Districte I,3,Sant Josep,119,75 i +,56,50,106
2008,2,Districte II,5,Collblanc,212,12-15,20,34,54
2013,3,Districte III,6,Santa Eulàlia,311,03-11,73,79,152
2009,1,Districte I,3,Sant Josep,114,16-17,12,8,20
2012,4,Districte IV,7,la Florida,425,50-64,73,70,143
2002,2,Districte II,4,la Torrassa,232,00-02,12,13,25
2006,6,Districte VI,12,Bellvitge,612,25-34,90,95,185
2014,1,Districte I,2,Sanfeliu,118,65-74,104,113,217
2004,1,Districte I,3,Sant Josep,120,25-34,150,152,302
2003,5,Districte V,9,Can Serra,505,16-17,7,6,13
2011,2,Districte II,4,la Torrassa,242,65-74,69,57,126
2000,4,Districte IV,7,la Florida,409,35-49,67,58,125
2000,4,Districte IV,7,la Florida,431,18-24,82,80,162
1998,2,Districte II,4,la Torrassa,236,00-02,11,8,19
2010,6,Districte VI,11,el Gornal,629,25-34,38,52,90
2014,4,Districte IV,7,la Florida,430,35-49,132,144,276
1998,4,Districte IV,7,la Florida,402,50-64,93,79,172
2013,1,Districte I,3,Sant Josep,139,00-02,12,9,21
2005,3,Districte III,6,Santa Eulàlia,308,25-34,198,171,369
2008,5,Districte V,10,Pubilla Cases,529,00-02,35,25,60
2000,2,Districte II,5,Collblanc,209,75 i +,89,49,138
1995,3,Districte III,6,Santa Eulàlia,307,12-15,59,46,105
2013,1,Districte I,1,Centre,131,03-11,42,56,98
2004,4,Districte IV,8,les Planes,433,65-74,53,44,97
2007,5,Districte V,10,Pubilla Cases,531,35-49,107,132,239
2002,6,Districte VI,11,el Gornal,622,25-34,84,105,189
1999,1,Districte I,1,Centre,133,00-02,5,10,15
2001,4,Districte IV,7,la Florida,425,75 i +,57,30,87
1994,5,Districte V,10,Pubilla Cases,533,75 i +,41,25,66
2008,1,Districte I,2,Sanfeliu,116,75 i +,70,44,114
1996,1,Districte I,1,Centre,111,65-74,43,36,79
2013,2,Districte II,4,la Torrassa,247,18-24,47,67,114
2005,2,Districte II,5,Collblanc,215,35-49,118,125,243
2014,2,Districte II,4,la Torrassa,245,75 i +,64,48,112
1997,5,Districte V,10,Pubilla Cases,522,12-15,23,14,37
1999,2,Districte II,5,Collblanc,219,16-17,3,18,21
1998,1,Districte I,3,Sant Josep,137,65-74,44,38,82
2001,5,Districte V,10,Pubilla Cases,536,65-74,71,64,135
2002,4,Districte IV,7,la Florida,414,75 i +,50,37,87
2007,1,Districte I,3,Sant Josep,121,12-15,15,15,30
1994,4,Districte IV,8,les Planes,418,25-34,93,100,193
2015,4,Districte IV,8,les Planes,437,00-02,20,20,40
2009,1,Districte I,1,Centre,130,25-34,63,65,128
2008,2,Districte II,4,la Torrassa,232,50-64,90,79,169
2010,4,Districte IV,7,la Florida,416,65-74,52,30,82
2016,2,Districte II,5,Collblanc,224,12-15,21,17,38
1998,6,Districte VI,11,el Gornal,626,50-64,125,103,228
2009,2,Districte II,5,Collblanc,222,16-17,7,12,19
2007,2,Districte II,5,Collblanc,204,12-15,10,9,19
2015,5,Districte V,10,Pubilla Cases,523,50-64,112,122,234
2003,1,Districte I,2,Sanfeliu,129,25-34,116,117,233
2002,3,Districte III,6,Santa Eulàlia,324,35-49,85,99,184
2002,6,Districte VI,12,Bellvitge,602,12-15,11,5,16
2008,4,Districte IV,7,la Florida,427,65-74,46,22,68
1996,3,Districte III,6,Santa Eulàlia,308,65-74,67,59,126
1998,3,Districte III,6,Santa Eulàlia,320,35-49,51,42,93
2009,4,Districte IV,8,les Planes,420,65-74,76,60,136
2002,4,Districte IV,7,la Florida,424,65-74,38,43,81
2009,1,Districte I,1,Centre,133,35-49,98,95,193
2015,6,Districte VI,12,Bellvitge,615,25-34,36,33,69
2000,5,Districte V,9,Can Serra,505,12-15,16,13,29
2016,2,Districte II,4,la Torrassa,248,00-02,16,19,35
2000,4,Districte IV,7,la Florida,431,35-49,117,128,245
2006,3,Districte III,6,Santa Eulàlia,320,50-64,98,102,200
2013,5,Districte V,9,Can Serra,505,16-17,2,3,5
2009,5,Districte V,9,Can Serra,502,00-02,26,21,47
2007,5,Districte V,10,Pubilla Cases,511,16-17,10,7,17
1995,5,Districte V,10,Pubilla Cases,516,25-34,62,68,130
2002,3,Districte III,6,Santa Eulàlia,317,16-17,8,9,17
1995,2,Districte II,5,Collblanc,223,12-15,16,20,36
1999,2,Districte II,5,Collblanc,219,00-02,14,8,22
2008,1,Districte I,1,Centre,101,18-24,52,53,105
1998,1,Districte I,3,Sant Josep,136,75 i +,48,25,73
1999,1,Districte I,1,Centre,133,75 i +,47,29,76
2013,3,Districte III,6,Santa Eulàlia,321,65-74,129,127,256
2006,4,Districte IV,7,la Florida,413,65-74,36,28,64
1995,6,Districte VI,11,el Gornal,626,65-74,40,47,87
2005,6,Districte VI,11,el Gornal,608,12-15,14,17,31
1997,1,Districte I,3,Sant Josep,137,00-02,14,13,27
1999,3,Districte III,6,Santa Eulàlia,314,50-64,152,166,318
2012,1,Districte I,3,Sant Josep,120,35-49,229,207,436
2013,1,Districte I,3,Sant Josep,137,03-11,73,59,132
2012,1,Districte I,3,Sant Josep,136,16-17,14,8,22
2007,5,Districte V,10,Pubilla Cases,509,00-02,15,19,34
2005,5,Districte V,9,Can Serra,502,65-74,71,66,137
2010,2,Districte II,5,Collblanc,227,75 i +,55,34,89
2012,1,Districte I,2,Sanfeliu,118,18-24,75,62,137
2012,1,Districte I,1,Centre,124,65-74,33,27,60
2004,2,Districte II,5,Collblanc,224,18-24,26,30,56
2007,2,Districte II,4,la Torrassa,239,16-17,10,7,17
2001,1,Districte I,3,Sant Josep,136,35-49,123,110,233
1995,2,Districte II,4,la Torrassa,245,00-02,4,3,7
2000,6,Districte VI,11,el Gornal,622,16-17,15,5,20
2013,6,Districte VI,11,el Gornal,616,75 i +,46,38,84
1996,2,Districte II,5,Collblanc,216,16-17,27,10,37
2003,2,Districte II,5,Collblanc,221,35-49,114,129,243
2016,4,Districte IV,8,les Planes,433,65-74,63,55,118
2012,4,Districte IV,8,les Planes,436,35-49,125,158,283
2002,4,Districte IV,8,les Planes,435,50-64,80,68,148
2002,3,Districte III,6,Santa Eulàlia,320,00-02,12,17,29
2000,2,Districte II,5,Collblanc,203,65-74,55,41,96
2009,1,Districte I,1,Centre,110,50-64,166,127,293
2005,1,Districte I,2,Sanfeliu,129,12-15,22,15,37
2007,6,Districte VI,11,el Gornal,629,35-49,61,70,131
2015,5,Districte V,10,Pubilla Cases,534,16-17,5,6,11
2010,1,Districte I,1,Centre,112,00-02,12,16,28
2000,5,Districte V,10,Pubilla Cases,534,12-15,11,13,24
2004,2,Districte II,4,la Torrassa,233,75 i +,64,25,89
1999,6,Districte VI,12,Bellvitge,609,35-49,65,45,110
2008,4,Districte IV,8,les Planes,441,75 i +,94,62,156
2002,1,Districte I,3,Sant Josep,106,65-74,60,39,99
2006,5,Districte V,10,Pubilla Cases,517,12-15,18,25,43
2014,1,Districte I,3,Sant Josep,115,50-64,122,122,244
2003,4,Districte IV,7,la Florida,414,03-11,38,38,76
2001,2,Districte II,5,Collblanc,227,35-49,70,60,130
2007,6,Districte VI,12,Bellvitge,604,65-74,41,40,81
2013,2,Districte II,4,la Torrassa,211,75 i +,94,38,132
2000,4,Districte IV,8,les Planes,442,35-49,56,56,112
1997,6,Districte VI,12,Bellvitge,627,50-64,90,111,201
1995,3,Districte III,6,Santa Eulàlia,304,03-11,25,43,68
2013,5,Districte V,10,Pubilla Cases,520,35-49,100,103,203
2009,4,Districte IV,7,la Florida,424,50-64,54,46,100
2006,4,Districte IV,7,la Florida,415,18-24,34,50,84
2001,1,Districte I,1,Centre,112,65-74,55,46,101
2007,1,Districte I,1,Centre,104,03-11,41,36,77
2012,5,Districte V,10,Pubilla Cases,534,25-34,77,85,162
2000,5,Districte V,10,Pubilla Cases,525,25-34,86,88,174
1996,4,Districte IV,7,la Florida,403,75 i +,44,19,63
1999,4,Districte IV,7,la Florida,427,00-02,6,9,15
2000,4,Districte IV,7,la Florida,423,35-49,77,81,158
2012,2,Districte II,4,la Torrassa,235,12-15,31,36,67
1996,1,Districte I,3,Sant Josep,127,12-15,21,14,35
1996,6,Districte VI,12,Bellvitge,612,75 i +,33,12,45
2010,1,Districte I,1,Centre,108,25-34,108,103,211
2010,4,Districte IV,8,les Planes,436,00-02,27,19,46
2004,5,Districte V,10,Pubilla Cases,511,25-34,61,72,133
2005,1,Districte I,2,Sanfeliu,118,16-17,32,16,48
2016,1,Districte I,1,Centre,131,16-17,8,8,16
2001,4,Districte IV,7,la Florida,405,25-34,92,81,173
1998,6,Districte VI,11,el Gornal,632,03-11,48,48,96
2007,3,Districte III,6,Santa Eulàlia,309,50-64,80,71,151
2013,3,Districte III,6,Santa Eulàlia,315,00-02,30,25,55
1999,5,Districte V,10,Pubilla Cases,528,50-64,129,115,244
2002,5,Districte V,10,Pubilla Cases,537,75 i +,64,29,93
1998,4,Districte IV,7,la Florida,411,75 i +,45,24,69
2006,1,Districte I,1,Centre,112,03-11,54,57,111
2002,2,Districte II,5,Collblanc,204,12-15,6,5,11
2005,4,Districte IV,8,les Planes,440,16-17,2,6,8
2003,2,Districte II,4,la Torrassa,218,75 i +,37,17,54
1999,2,Districte II,5,Collblanc,216,65-74,82,63,145
1999,1,Districte I,3,Sant Josep,120,75 i +,43,21,64
2009,2,Districte II,5,Collblanc,224,00-02,18,11,29
2012,2,Districte II,5,Collblanc,224,25-34,56,58,114
1998,6,Districte VI,12,Bellvitge,620,18-24,58,43,101
1999,6,Districte VI,12,Bellvitge,614,00-02,9,12,21
2013,1,Districte I,1,Centre,133,12-15,17,10,27
2013,5,Districte V,9,Can Serra,502,16-17,11,15,26
1998,5,Districte V,10,Pubilla Cases,513,50-64,98,86,184
2010,6,Districte VI,12,Bellvitge,615,03-11,39,22,61
2004,2,Districte II,5,Collblanc,227,03-11,27,24,51
2009,5,Districte V,10,Pubilla Cases,514,25-34,73,90,163
2006,3,Districte III,6,Santa Eulàlia,304,65-74,75,62,137
1997,6,Districte VI,12,Bellvitge,631,25-34,92,98,190
1995,5,Districte V,9,Can Serra,502,65-74,82,70,152
2015,1,Districte I,3,Sant Josep,117,65-74,115,95,210
2000,1,Districte I,3,Sant Josep,121,75 i +,47,27,74
1999,4,Districte IV,7,la Florida,424,03-11,9,11,20
2015,1,Districte I,2,Sanfeliu,129,18-24,44,33,77
2002,1,Districte I,3,Sant Josep,119,25-34,111,116,227
2010,3,Districte III,6,Santa Eulàlia,320,25-34,58,60,118
1998,2,Districte II,4,la Torrassa,241,50-64,63,59,122
2003,3,Districte III,6,Santa Eulàlia,305,50-64,122,131,253
1998,2,Districte II,5,Collblanc,206,25-34,67,72,139
1996,5,Districte V,10,Pubilla Cases,523,18-24,82,78,160
2010,4,Districte IV,7,la Florida,426,75 i +,51,31,82
2000,1,Districte I,3,Sant Josep,122,03-11,37,18,55
2005,6,Districte VI,11,el Gornal,608,16-17,7,7,14
2004,4,Districte IV,8,les Planes,420,03-11,48,53,101
2006,6,Districte VI,12,Bellvitge,607,12-15,17,17,34
2008,5,Districte V,10,Pubilla Cases,522,75 i +,39,24,63
2009,3,Districte III,6,Santa Eulàlia,322,50-64,106,98,204
2005,1,Districte I,1,Centre,124,50-64,80,71,151
2007,3,Districte III,6,Santa Eulàlia,319,18-24,61,73,134
1996,3,Districte III,6,Santa Eulàlia,321,75 i +,66,36,102
2010,3,Districte III,6,Santa Eulàlia,312,00-02,27,38,65
2008,2,Districte II,4,la Torrassa,237,65-74,67,55,122
1994,3,Districte III,6,Santa Eulàlia,309,35-49,83,75,158
2010,3,Districte III,6,Santa Eulàlia,325,75 i +,185,93,278
2011,5,Districte V,10,Pubilla Cases,533,16-17,9,5,14
2009,1,Districte I,1,Centre,131,12-15,16,18,34
1995,6,Districte VI,12,Bellvitge,615,25-34,74,82,156
2009,4,Districte IV,8,les Planes,440,12-15,21,11,32
2006,1,Districte I,1,Centre,131,16-17,12,5,17
2010,3,Districte III,6,Santa Eulàlia,308,65-74,91,91,182
1996,2,Districte II,4,la Torrassa,237,65-74,82,60,142
1998,2,Districte II,5,Collblanc,219,75 i +,81,36,117
2015,2,Districte II,4,la Torrassa,247,03-11,82,83,165
1995,1,Districte I,2,Sanfeliu,129,16-17,22,15,37
2007,1,Districte I,2,Sanfeliu,129,75 i +,45,28,73
2003,4,Districte IV,7,la Florida,422,35-49,105,119,224
2002,2,Districte II,5,Collblanc,227,65-74,49,42,91
2010,5,Districte V,10,Pubilla Cases,525,25-34,82,97,179
2004,5,Districte V,10,Pubilla Cases,527,12-15,23,14,37
2011,5,Districte V,10,Pubilla Cases,529,35-49,168,165,333
2004,1,Districte I,3,Sant Josep,106,65-74,65,39,104
2013,5,Districte V,10,Pubilla Cases,508,03-11,62,72,134
1997,2,Districte II,5,Collblanc,206,16-17,10,7,17
2010,1,Districte I,2,Sanfeliu,116,25-34,93,109,202
2013,5,Districte V,10,Pubilla Cases,531,00-02,12,14,26
2012,5,Districte V,10,Pubilla Cases,527,00-02,16,18,34
2008,4,Districte IV,8,les Planes,434,00-02,9,13,22
2014,4,Districte IV,7,la Florida,410,75 i +,155,101,256
2016,4,Districte IV,8,les Planes,420,25-34,139,134,273
2006,4,Districte IV,7,la Florida,428,00-02,19,13,32
2014,1,Districte I,1,Centre,131,12-15,12,24,36
2007,6,Districte VI,12,Bellvitge,621,25-34,129,161,290
2013,3,Districte III,6,Santa Eulàlia,314,35-49,266,285,551
2012,1,Districte I,1,Centre,108,50-64,155,125,280
1999,1,Districte I,1,Centre,111,65-74,40,43,83
2009,1,Districte I,3,Sant Josep,139,18-24,25,28,53
1998,1,Districte I,1,Centre,133,50-64,91,80,171
2014,5,Districte V,9,Can Serra,502,16-17,20,16,36
2007,3,Districte III,6,Santa Eulàlia,321,25-34,193,167,360
2008,6,Districte VI,11,el Gornal,617,50-64,86,80,166
2000,2,Districte II,4,la Torrassa,234,25-34,71,82,153
2015,2,Districte II,4,la Torrassa,236,25-34,66,94,160
2003,3,Districte III,6,Santa Eulàlia,322,00-02,17,25,42
1994,4,Districte IV,7,la Florida,402,75 i +,41,22,63
2000,4,Districte IV,8,les Planes,419,35-49,60,75,135
2010,6,Districte VI,12,Bellvitge,615,50-64,98,52,150
2016,4,Districte IV,7,la Florida,402,35-49,127,120,247
2006,5,Districte V,10,Pubilla Cases,510,03-11,36,35,71
2004,2,Districte II,4,la Torrassa,248,03-11,42,33,75
2016,2,Districte II,4,la Torrassa,247,35-49,170,179,349
2015,3,Districte III,6,Santa Eulàlia,320,25-34,38,35,73
2008,2,Districte II,4,la Torrassa,231,00-02,17,13,30
2004,6,Districte VI,11,el Gornal,632,18-24,34,55,89
1994,6,Districte VI,12,Bellvitge,610,75 i +,31,20,51
2010,1,Districte I,3,Sant Josep,139,00-02,11,15,26
1995,4,Districte IV,7,la Florida,430,12-15,17,16,33
2010,3,Districte III,6,Santa Eulàlia,301,00-02,53,52,105
2000,4,Districte IV,7,la Florida,402,65-74,52,64,116
2005,6,Districte VI,11,el Gornal,626,18-24,28,33,61
2007,3,Districte III,6,Santa Eulàlia,312,03-11,47,60,107
2001,2,Districte II,4,la Torrassa,229,12-15,10,8,18
2014,5,Districte V,10,Pubilla Cases,533,50-64,131,129,260
2007,1,Districte I,1,Centre,105,03-11,35,49,84
2011,3,Districte III,6,Santa Eulàlia,307,03-11,34,34,68
2004,5,Districte V,10,Pubilla Cases,527,03-11,41,26,67
2012,6,Districte VI,12,Bellvitge,618,00-02,7,3,10
1995,2,Districte II,4,la Torrassa,239,18-24,54,59,113
1997,5,Districte V,10,Pubilla Cases,514,16-17,11,11,22
2006,1,Districte I,1,Centre,134,00-02,18,17,35
1995,4,Districte IV,7,la Florida,417,50-64,66,62,128
2005,1,Districte I,3,Sant Josep,122,75 i +,49,20,69
1997,1,Districte I,2,Sanfeliu,116,00-02,17,17,34
1999,6,Districte VI,12,Bellvitge,623,00-02,15,17,32
2004,2,Districte II,4,la Torrassa,248,65-74,61,56,117
2004,1,Districte I,3,Sant Josep,126,03-11,34,30,64
2001,1,Districte I,3,Sant Josep,125,03-11,33,42,75
2005,1,Districte I,3,Sant Josep,115,65-74,62,47,109
2006,2,Districte II,5,Collblanc,205,65-74,59,53,112
1999,2,Districte II,4,la Torrassa,228,35-49,39,48,87
2010,2,Districte II,5,Collblanc,219,16-17,20,9,29
1998,2,Districte II,4,la Torrassa,245,12-15,9,15,24
2005,2,Districte II,5,Collblanc,204,35-49,56,71,127
2003,1,Districte I,1,Centre,112,25-34,144,136,280
2007,5,Districte V,10,Pubilla Cases,510,12-15,14,18,32
2001,4,Districte IV,8,les Planes,429,16-17,2,5,7
1995,1,Districte I,2,Sanfeliu,129,18-24,101,98,199
2016,4,Districte IV,7,la Florida,425,75 i +,73,49,122
1994,5,Districte V,10,Pubilla Cases,524,50-64,142,125,267
2013,1,Districte I,3,Sant Josep,136,50-64,110,102,212
2016,3,Districte III,6,Santa Eulàlia,321,16-17,24,27,51
2005,3,Districte III,6,Santa Eulàlia,301,50-64,217,203,420
2009,3,Districte III,6,Santa Eulàlia,319,35-49,256,262,518
2000,2,Districte II,4,la Torrassa,238,18-24,27,31,58
1997,5,Districte V,10,Pubilla Cases,528,50-64,136,135,271
2003,4,Districte IV,7,la Florida,403,75 i +,54,32,86
1996,5,Districte V,10,Pubilla Cases,526,50-64,60,77,137
1996,6,Districte VI,12,Bellvitge,609,00-02,9,10,19
2008,2,Districte II,5,Collblanc,208,03-11,49,53,102
2005,4,Districte IV,8,les Planes,437,16-17,8,9,17
2012,6,Districte VI,12,Bellvitge,614,75 i +,64,49,113
1999,4,Districte IV,7,la Florida,422,35-49,86,96,182
2012,1,Districte I,3,Sant Josep,127,18-24,33,30,63
2008,5,Districte V,10,Pubilla Cases,520,75 i +,49,43,92
2011,1,Districte I,3,Sant Josep,115,00-02,24,25,49
2005,1,Districte I,3,Sant Josep,119,75 i +,69,51,120
2010,4,Districte IV,8,les Planes,435,35-49,116,158,274
1994,6,Districte VI,12,Bellvitge,611,03-11,67,46,113
2003,2,Districte II,4,la Torrassa,248,00-02,14,14,28
2009,6,Districte VI,12,Bellvitge,609,03-11,33,30,63
2005,4,Districte IV,7,la Florida,425,18-24,36,34,70
2012,1,Districte I,3,Sant Josep,114,50-64,153,124,277
2015,4,Districte IV,8,les Planes,441,00-02,25,25,50
2001,5,Districte V,10,Pubilla Cases,527,03-11,33,28,61
1996,4,Districte IV,7,la Florida,412,18-24,93,97,190
1998,2,Districte II,4,la Torrassa,228,03-11,23,19,42
2008,2,Districte II,4,la Torrassa,237,03-11,58,64,122
1999,1,Districte I,1,Centre,103,00-02,11,8,19
2003,1,Districte I,3,Sant Josep,138,65-74,36,36,72
2009,4,Districte IV,8,les Planes,418,50-64,108,92,200
2013,5,Districte V,9,Can Serra,535,65-74,99,86,185
2009,1,Districte I,1,Centre,107,50-64,159,144,303
1998,3,Districte III,6,Santa Eulàlia,318,12-15,21,23,44
2004,2,Districte II,5,Collblanc,223,35-49,129,165,294
2010,3,Districte III,6,Santa Eulàlia,311,25-34,100,127,227
2008,2,Districte II,5,Collblanc,201,16-17,5,6,11
2005,2,Districte II,5,Collblanc,244,25-34,75,65,140
1998,5,Districte V,10,Pubilla Cases,531,25-34,79,80,159
2002,4,Districte IV,7,la Florida,424,18-24,22,40,62
2015,1,Districte I,1,Centre,131,18-24,36,40,76
2013,4,Districte IV,7,la Florida,410,18-24,62,58,120
2003,2,Districte II,4,la Torrassa,240,03-11,21,25,46
2010,4,Districte IV,7,la Florida,407,12-15,10,11,21
1994,6,Districte VI,12,Bellvitge,619,35-49,169,158,327
2015,2,Districte II,4,la Torrassa,217,75 i +,67,44,111
1999,1,Districte I,1,Centre,108,03-11,43,49,92
2001,5,Districte V,10,Pubilla Cases,513,18-24,37,26,63
1996,6,Districte VI,12,Bellvitge,614,18-24,90,87,177
2009,5,Districte V,10,Pubilla Cases,533,12-15,10,16,26
2011,1,Districte I,3,Sant Josep,137,25-34,121,122,243
2010,4,Districte IV,7,la Florida,410,18-24,48,55,103
1995,6,Districte VI,12,Bellvitge,628,03-11,39,34,73
2007,4,Districte IV,7,la Florida,417,00-02,11,11,22
1999,1,Districte I,1,Centre,128,35-49,94,94,188
2016,4,Districte IV,7,la Florida,423,25-34,74,70,144
1999,1,Districte I,1,Centre,123,18-24,66,66,132
2009,3,Districte III,6,Santa Eulàlia,321,35-49,258,247,505
1998,1,Districte I,1,Centre,109,18-24,55,51,106
1995,6,Districte VI,12,Bellvitge,609,18-24,107,103,210
2016,6,Districte VI,12,Bellvitge,606,03-11,44,51,95
2007,1,Districte I,1,Centre,135,18-24,72,70,142
2000,1,Districte I,1,Centre,123,00-02,6,17,23
2007,2,Districte II,5,Collblanc,227,65-74,39,25,64
2012,4,Districte IV,8,les Planes,439,75 i +,57,51,108
2004,1,Districte I,3,Sant Josep,122,03-11,33,32,65
2003,6,Districte VI,12,Bellvitge,609,18-24,37,35,72
1994,3,Districte III,6,Santa Eulàlia,325,03-11,56,53,109
2006,2,Districte II,4,la Torrassa,217,25-34,68,85,153
1996,6,Districte VI,12,Bellvitge,611,75 i +,37,23,60
2003,5,Districte V,10,Pubilla Cases,512,12-15,9,13,22
2002,5,Districte V,10,Pubilla Cases,518,00-02,15,18,33
2000,3,Districte III,6,Santa Eulàlia,305,50-64,106,118,224
2015,2,Districte II,5,Collblanc,202,75 i +,83,59,142
2007,2,Districte II,5,Collblanc,220,16-17,7,9,16
2004,4,Districte IV,8,les Planes,401,12-15,26,29,55
2014,6,Districte VI,12,Bellvitge,607,65-74,84,40,124
1995,5,Districte V,10,Pubilla Cases,536,12-15,16,20,36
2004,3,Districte III,6,Santa Eulàlia,317,12-15,15,19,34
2006,1,Districte I,1,Centre,113,35-49,168,173,341
2002,2,Districte II,4,la Torrassa,217,00-02,1,6,7
1999,5,Districte V,10,Pubilla Cases,516,00-02,12,8,20
2011,6,Districte VI,12,Bellvitge,623,35-49,147,163,310
1995,6,Districte VI,12,Bellvitge,607,25-34,106,121,227
1999,5,Districte V,10,Pubilla Cases,511,03-11,14,23,37
2009,5,Districte V,10,Pubilla Cases,533,18-24,49,48,97
1995,2,Districte II,4,la Torrassa,237,25-34,106,123,229
1995,3,Districte III,6,Santa Eulàlia,310,35-49,106,121,227
2012,6,Districte VI,12,Bellvitge,606,16-17,7,14,21
2002,4,Districte IV,7,la Florida,427,16-17,2,8,10
2001,2,Districte II,5,Collblanc,214,75 i +,36,19,55
2011,6,Districte VI,11,el Gornal,622,75 i +,32,16,48
2001,5,Districte V,10,Pubilla Cases,537,12-15,16,17,33
2003,3,Districte III,6,Santa Eulàlia,324,18-24,52,39,91
2016,1,Districte I,2,Sanfeliu,116,35-49,150,158,308
2005,4,Districte IV,8,les Planes,436,12-15,10,20,30
2005,3,Districte III,6,Santa Eulàlia,310,65-74,39,28,67
2016,4,Districte IV,7,la Florida,421,16-17,9,11,20
1995,5,Districte V,9,Can Serra,504,00-02,5,6,11
2005,4,Districte IV,8,les Planes,441,18-24,108,114,222
2016,1,Districte I,3,Sant Josep,140,03-11,45,57,102
2010,6,Districte VI,12,Bellvitge,607,65-74,103,78,181
2005,1,Districte I,1,Centre,104,00-02,7,21,28
1999,2,Districte II,4,la Torrassa,217,12-15,11,11,22
2001,1,Districte I,3,Sant Josep,114,03-11,50,43,93
2005,3,Districte III,6,Santa Eulàlia,320,18-24,36,32,68
2002,6,Districte VI,12,Bellvitge,620,25-34,61,48,109
2014,2,Districte II,4,la Torrassa,232,12-15,17,8,25
2016,1,Districte I,1,Centre,111,35-49,94,89,183
2011,3,Districte III,6,Santa Eulàlia,310,00-02,13,18,31
2010,2,Districte II,4,la Torrassa,218,00-02,8,11,19
2003,5,Districte V,10,Pubilla Cases,533,75 i +,32,19,51
2012,2,Districte II,5,Collblanc,203,75 i +,45,31,76
2001,6,Districte VI,12,Bellvitge,611,18-24,81,68,149
2001,4,Districte IV,7,la Florida,423,16-17,1,5,6
1995,4,Districte IV,7,la Florida,426,00-02,7,12,19
2001,1,Districte I,3,Sant Josep,126,03-11,25,19,44
2003,6,Districte VI,12,Bellvitge,612,03-11,30,40,70
2005,4,Districte IV,7,la Florida,426,35-49,108,123,231
2002,5,Districte V,10,Pubilla Cases,526,25-34,70,81,151
2015,5,Districte V,10,Pubilla Cases,524,35-49,166,180,346
1997,4,Districte IV,8,les Planes,401,35-49,119,114,233
1998,5,Districte V,10,Pubilla Cases,508,50-64,60,48,108
2000,3,Districte III,6,Santa Eulàlia,314,16-17,39,33,72
2005,6,Districte VI,12,Bellvitge,607,03-11,35,35,70
2006,1,Districte I,3,Sant Josep,139,75 i +,34,18,52
2004,6,Districte VI,12,Bellvitge,615,35-49,58,71,129
1996,6,Districte VI,12,Bellvitge,614,03-11,23,43,66
2009,2,Districte II,4,la Torrassa,240,03-11,30,23,53
2000,2,Districte II,4,la Torrassa,239,65-74,98,72,170
2010,2,Districte II,5,Collblanc,226,00-02,25,24,49
2003,2,Districte II,4,la Torrassa,236,50-64,95,83,178
1994,6,Districte VI,12,Bellvitge,615,18-24,117,133,250
2016,3,Districte III,6,Santa Eulàlia,319,25-34,98,99,197
2001,5,Districte V,10,Pubilla Cases,514,03-11,26,19,45
2005,5,Districte V,9,Can Serra,535,18-24,48,49,97
2003,3,Districte III,6,Santa Eulàlia,308,00-02,23,36,59
2002,3,Districte III,6,Santa Eulàlia,304,00-02,19,13,32
1994,5,Districte V,10,Pubilla Cases,533,65-74,40,37,77
2014,1,Districte I,3,Sant Josep,122,00-02,10,15,25
2006,6,Districte VI,11,el Gornal,616,35-49,302,290,592
1996,3,Districte III,6,Santa Eulàlia,320,00-02,6,4,10
2010,4,Districte IV,7,la Florida,431,00-02,24,33,57
2011,3,Districte III,6,Santa Eulàlia,309,12-15,9,28,37
1994,1,Districte I,3,Sant Josep,127,35-49,89,100,189
1996,6,Districte VI,11,el Gornal,608,12-15,28,19,47
2006,2,Districte II,5,Collblanc,221,50-64,84,85,169
2003,3,Districte III,6,Santa Eulàlia,310,35-49,102,106,208
1997,1,Districte I,1,Centre,135,50-64,139,144,283
2007,4,Districte IV,8,les Planes,437,35-49,102,117,219
2005,6,Districte VI,12,Bellvitge,628,25-34,74,98,172
2005,3,Districte III,6,Santa Eulàlia,302,75 i +,51,33,84
2014,4,Districte IV,7,la Florida,403,25-34,77,82,159
1995,2,Districte II,4,la Torrassa,218,50-64,74,69,143
2009,4,Districte IV,8,les Planes,438,03-11,28,31,59
2005,3,Districte III,6,Santa Eulàlia,302,25-34,152,176,328
1996,4,Districte IV,7,la Florida,407,50-64,118,106,224
2011,1,Districte I,1,Centre,135,00-02,17,20,37
2002,2,Districte II,5,Collblanc,209,00-02,11,10,21
2015,1,Districte I,3,Sant Josep,127,35-49,102,99,201
1994,6,Districte VI,11,el Gornal,617,03-11,57,54,111
2009,4,Districte IV,8,les Planes,401,75 i +,92,41,133
2004,2,Districte II,4,la Torrassa,239,50-64,91,80,171
1994,5,Districte V,10,Pubilla Cases,509,35-49,68,65,133
2002,5,Districte V,10,Pubilla Cases,508,25-34,44,52,96
2000,1,Districte I,3,Sant Josep,106,18-24,140,174,314
2002,4,Districte IV,8,les Planes,433,65-74,50,44,94
2004,3,Districte III,6,Santa Eulàlia,325,75 i +,156,83,239
2012,6,Districte VI,12,Bellvitge,613,03-11,47,57,104
2003,1,Districte I,1,Centre,111,75 i +,42,29,71
2002,6,Districte VI,12,Bellvitge,624,25-34,88,148,236
2003,2,Districte II,4,la Torrassa,218,65-74,37,24,61
1994,6,Districte VI,11,el Gornal,632,03-11,48,66,114
1994,2,Districte II,4,la Torrassa,242,03-11,30,31,61
2003,5,Districte V,10,Pubilla Cases,511,50-64,54,45,99
2002,2,Districte II,5,Collblanc,225,35-49,46,63,109
1997,3,Districte III,6,Santa Eulàlia,309,12-15,14,13,27
2014,2,Districte II,4,la Torrassa,242,03-11,46,44,90
2003,5,Districte V,9,Can Serra,507,75 i +,36,18,54
2009,3,Districte III,6,Santa Eulàlia,315,75 i +,65,28,93
2006,5,Districte V,9,Can Serra,521,65-74,58,69,127
2012,2,Districte II,4,la Torrassa,237,12-15,15,26,41
1997,6,Districte VI,11,el Gornal,622,12-15,26,31,57
2015,2,Districte II,5,Collblanc,223,35-49,148,156,304
1997,1,Districte I,3,Sant Josep,125,12-15,24,27,51
2010,6,Districte VI,11,el Gornal,626,18-24,28,23,51
1998,1,Districte I,3,Sant Josep,117,16-17,33,35,68
2016,4,Districte IV,8,les Planes,401,12-15,20,20,40
2004,4,Districte IV,7,la Florida,413,12-15,9,9,18
1996,6,Districte VI,12,Bellvitge,618,00-02,5,7,12
2000,1,Districte I,1,Centre,135,03-11,60,45,105
2015,4,Districte IV,7,la Florida,405,35-49,223,213,436
2006,6,Districte VI,12,Bellvitge,611,00-02,27,30,57
1997,4,Districte IV,7,la Florida,405,18-24,41,51,92
2001,2,Districte II,5,Collblanc,210,65-74,97,66,163
2004,6,Districte VI,12,Bellvitge,612,18-24,39,38,77
2001,6,Districte VI,12,Bellvitge,619,00-02,18,12,30
2012,3,Districte III,6,Santa Eulàlia,323,50-64,385,343,728
2011,4,Districte IV,8,les Planes,438,18-24,28,31,59
2001,4,Districte IV,8,les Planes,420,50-64,109,92,201
2004,6,Districte VI,12,Bellvitge,606,35-49,118,122,240
2011,5,Districte V,9,Can Serra,535,12-15,11,11,22
1996,6,Districte VI,12,Bellvitge,625,12-15,74,55,129
2005,1,Districte I,1,Centre,105,35-49,152,124,276
2008,5,Districte V,10,Pubilla Cases,525,35-49,95,120,215
2007,5,Districte V,10,Pubilla Cases,508,75 i +,36,22,58
1997,2,Districte II,5,Collblanc,220,18-24,40,34,74
1999,4,Districte IV,7,la Florida,431,25-34,101,101,202
2004,5,Districte V,10,Pubilla Cases,528,16-17,19,8,27
2015,5,Districte V,10,Pubilla Cases,529,03-11,58,60,118
2009,1,Districte I,1,Centre,109,35-49,119,116,235
2009,4,Districte IV,7,la Florida,413,12-15,19,10,29
2000,4,Districte IV,8,les Planes,440,12-15,9,12,21
2011,5,Districte V,10,Pubilla Cases,516,50-64,44,47,91
2009,2,Districte II,5,Collblanc,219,50-64,96,87,183
2001,4,Districte IV,7,la Florida,430,50-64,81,74,155
1998,2,Districte II,5,Collblanc,208,65-74,137,116,253
2011,3,Districte III,6,Santa Eulàlia,322,16-17,9,14,23
2000,5,Districte V,10,Pubilla Cases,528,18-24,55,61,116
2009,6,Districte VI,11,el Gornal,626,12-15,17,18,35
2002,1,Districte I,3,Sant Josep,115,35-49,148,148,296
1994,6,Districte VI,12,Bellvitge,631,35-49,170,126,296
2014,6,Districte VI,11,el Gornal,626,18-24,26,23,49
2016,6,Districte VI,12,Bellvitge,630,16-17,8,5,13
1999,5,Districte V,10,Pubilla Cases,536,50-64,109,94,203
2013,4,Districte IV,8,les Planes,419,25-34,141,185,326
1994,4,Districte IV,7,la Florida,412,18-24,99,97,196
1998,5,Districte V,9,Can Serra,505,65-74,54,47,101
2004,1,Districte I,1,Centre,102,75 i +,75,41,116
2008,5,Districte V,10,Pubilla Cases,518,00-02,18,18,36
2010,4,Districte IV,8,les Planes,429,12-15,12,10,22
2008,3,Districte III,6,Santa Eulàlia,306,75 i +,101,75,176
2008,1,Districte I,1,Centre,105,65-74,39,41,80
1996,3,Districte III,6,Santa Eulàlia,311,16-17,17,17,34
2016,5,Districte V,10,Pubilla Cases,526,12-15,36,32,68
2007,4,Districte IV,7,la Florida,404,00-02,23,25,48
2005,1,Districte I,3,Sant Josep,137,16-17,18,10,28
2003,5,Districte V,10,Pubilla Cases,532,00-02,16,14,30
1994,2,Districte II,5,Collblanc,213,35-49,93,109,202
2009,2,Districte II,4,la Torrassa,236,18-24,47,56,103
1994,5,Districte V,9,Can Serra,506,35-49,267,246,513
2016,2,Districte II,5,Collblanc,216,18-24,42,43,85
2008,2,Districte II,5,Collblanc,207,03-11,23,26,49
1994,4,Districte IV,7,la Florida,430,00-02,8,11,19
1998,4,Districte IV,7,la Florida,427,35-49,64,58,122
2015,1,Districte I,1,Centre,104,65-74,41,37,78
2005,1,Districte I,1,Centre,123,12-15,28,32,60
2011,6,Districte VI,12,Bellvitge,628,75 i +,53,37,90
2007,6,Districte VI,11,el Gornal,629,00-02,11,5,16
2006,1,Districte I,3,Sant Josep,140,12-15,2,16,18
1996,1,Districte I,3,Sant Josep,122,03-11,28,10,38
1996,4,Districte IV,8,les Planes,429,35-49,76,80,156
1998,6,Districte VI,11,el Gornal,617,12-15,31,20,51
2008,5,Districte V,10,Pubilla Cases,523,65-74,86,80,166
1994,1,Districte I,3,Sant Josep,114,65-74,56,42,98
2004,1,Districte I,1,Centre,128,75 i +,45,28,73
2003,2,Districte II,4,la Torrassa,230,50-64,53,47,100
1997,1,Districte I,1,Centre,134,25-34,110,104,214
1999,1,Districte I,3,Sant Josep,115,50-64,118,126,244
2005,2,Districte II,5,Collblanc,202,25-34,72,107,179
2008,2,Districte II,5,Collblanc,202,16-17,8,7,15
2004,2,Districte II,5,Collblanc,222,12-15,20,19,39
2008,5,Districte V,10,Pubilla Cases,533,65-74,61,39,100
2013,1,Districte I,1,Centre,101,12-15,37,28,65
2016,6,Districte VI,12,Bellvitge,610,50-64,90,86,176
1996,5,Districte V,10,Pubilla Cases,527,18-24,57,40,97
2002,1,Districte I,3,Sant Josep,117,18-24,122,122,244
2009,2,Districte II,4,la Torrassa,233,35-49,115,133,248
2006,1,Districte I,2,Sanfeliu,116,75 i +,66,45,111
2007,1,Districte I,2,Sanfeliu,132,03-11,78,78,156
2013,6,Districte VI,12,Bellvitge,612,18-24,22,33,55
2001,4,Districte IV,7,la Florida,428,50-64,36,32,68
2007,1,Districte I,1,Centre,111,16-17,11,10,21
2005,3,Districte III,6,Santa Eulàlia,313,75 i +,73,45,118
2007,1,Districte I,1,Centre,134,00-02,20,14,34
2001,3,Districte III,6,Santa Eulàlia,307,16-17,12,17,29
2010,6,Districte VI,12,Bellvitge,604,16-17,7,9,16
2005,4,Districte IV,7,la Florida,409,75 i +,26,19,45
2004,4,Districte IV,8,les Planes,418,16-17,5,15,20
2010,5,Districte V,10,Pubilla Cases,512,03-11,28,42,70
2014,2,Districte II,4,la Torrassa,236,00-02,13,13,26
2000,6,Districte VI,12,Bellvitge,624,35-49,93,73,166
1997,5,Districte V,9,Can Serra,501,03-11,35,37,72
1998,2,Districte II,5,Collblanc,222,25-34,67,76,143
1999,2,Districte II,4,la Torrassa,231,16-17,7,11,18
2007,3,Districte III,6,Santa Eulàlia,324,75 i +,47,21,68
2009,6,Districte VI,12,Bellvitge,601,35-49,119,168,287
2007,5,Districte V,9,Can Serra,507,18-24,35,33,68
1998,2,Districte II,4,la Torrassa,228,18-24,31,37,68
1997,3,Districte III,6,Santa Eulàlia,324,50-64,73,77,150
2008,1,Districte I,3,Sant Josep,120,16-17,23,22,45
2011,5,Districte V,10,Pubilla Cases,529,16-17,14,10,24
2010,1,Districte I,1,Centre,102,75 i +,99,56,155
2000,1,Districte I,3,Sant Josep,126,65-74,66,49,115
2004,5,Districte V,10,Pubilla Cases,514,03-11,31,31,62
2010,3,Districte III,6,Santa Eulàlia,318,12-15,16,14,30
1998,6,Districte VI,12,Bellvitge,606,75 i +,32,14,46
2016,2,Districte II,4,la Torrassa,242,35-49,148,152,300
1995,5,Districte V,10,Pubilla Cases,526,18-24,44,46,90
2008,2,Districte II,4,la Torrassa,231,03-11,47,45,92
2003,4,Districte IV,7,la Florida,424,00-02,5,7,12
2014,5,Districte V,10,Pubilla Cases,514,25-34,112,102,214
1997,1,Districte I,1,Centre,102,18-24,134,147,281
1997,4,Districte IV,7,la Florida,405,00-02,7,10,17
1995,4,Districte IV,7,la Florida,413,18-24,29,34,63
2015,1,Districte I,1,Centre,133,50-64,84,71,155
2002,2,Districte II,4,la Torrassa,217,16-17,6,4,10
2016,2,Districte II,5,Collblanc,212,00-02,19,21,40
2006,3,Districte III,6,Santa Eulàlia,310,16-17,6,9,15
2007,5,Districte V,10,Pubilla Cases,536,65-74,55,47,102
1999,5,Districte V,10,Pubilla Cases,527,50-64,82,83,165
2012,3,Districte III,6,Santa Eulàlia,312,25-34,166,170,336
1995,2,Districte II,4,la Torrassa,241,00-02,2,2,4
1994,3,Districte III,6,Santa Eulàlia,314,35-49,311,334,645
2008,1,Districte I,1,Centre,102,16-17,11,19,30
2013,4,Districte IV,8,les Planes,437,03-11,73,86,159
2011,2,Districte II,4,la Torrassa,245,75 i +,74,44,118
1995,1,Districte I,3,Sant Josep,122,75 i +,33,18,51
2011,5,Districte V,10,Pubilla Cases,523,25-34,129,122,251
2007,5,Districte V,10,Pubilla Cases,519,16-17,5,9,14
2000,3,Districte III,6,Santa Eulàlia,323,65-74,69,44,113
2002,4,Districte IV,8,les Planes,436,50-64,61,52,113
2010,6,Districte VI,12,Bellvitge,602,50-64,38,29,67
1995,4,Districte IV,7,la Florida,410,18-24,134,118,252
1996,3,Districte III,6,Santa Eulàlia,304,03-11,27,49,76
2006,1,Districte I,1,Centre,107,50-64,176,152,328
1995,5,Districte V,10,Pubilla Cases,536,16-17,11,8,19
2012,6,Districte VI,11,el Gornal,622,35-49,91,105,196
1995,5,Districte V,10,Pubilla Cases,528,03-11,40,29,69
1997,4,Districte IV,8,les Planes,436,50-64,70,65,135
2009,5,Districte V,9,Can Serra,504,18-24,27,44,71
1997,3,Districte III,6,Santa Eulàlia,325,50-64,194,183,377
2012,1,Districte I,3,Sant Josep,139,35-49,103,123,226
2004,6,Districte VI,12,Bellvitge,631,12-15,21,15,36
1999,1,Districte I,3,Sant Josep,121,25-34,85,82,167
1997,2,Districte II,4,la Torrassa,232,25-34,72,69,141
1996,5,Districte V,10,Pubilla Cases,534,25-34,79,80,159
2009,3,Districte III,6,Santa Eulàlia,312,25-34,160,179,339
2003,4,Districte IV,8,les Planes,420,25-34,133,168,301
2014,5,Districte V,9,Can Serra,501,25-34,50,48,98
1999,2,Districte II,4,la Torrassa,228,12-15,7,6,13
1996,2,Districte II,4,la Torrassa,248,03-11,38,35,73
2009,5,Districte V,9,Can Serra,506,18-24,63,77,140
2004,4,Districte IV,7,la Florida,426,16-17,11,9,20
2003,2,Districte II,5,Collblanc,223,35-49,122,139,261
2003,2,Districte II,4,la Torrassa,249,12-15,14,23,37
1995,4,Districte IV,7,la Florida,409,00-02,5,5,10
2012,1,Districte I,1,Centre,103,03-11,31,32,63
2012,1,Districte I,1,Centre,131,25-34,81,105,186
2008,1,Districte I,1,Centre,102,18-24,55,54,109
2004,2,Districte II,5,Collblanc,224,03-11,17,22,39
1997,2,Districte II,4,la Torrassa,230,50-64,80,70,150
2002,2,Districte II,5,Collblanc,203,75 i +,48,30,78
1995,2,Districte II,5,Collblanc,224,75 i +,33,16,49
2004,2,Districte II,5,Collblanc,222,16-17,10,12,22
2014,2,Districte II,4,la Torrassa,240,12-15,28,18,46
2000,2,Districte II,4,la Torrassa,230,00-02,10,11,21
2015,2,Districte II,5,Collblanc,214,50-64,151,160,311
1997,4,Districte IV,7,la Florida,422,12-15,26,15,41
2012,4,Districte IV,7,la Florida,425,00-02,18,21,39
2006,4,Districte IV,8,les Planes,441,25-34,137,161,298
1994,4,Districte IV,7,la Florida,416,12-15,18,17,35
2003,6,Districte VI,12,Bellvitge,620,65-74,32,40,72
2002,2,Districte II,5,Collblanc,227,50-64,68,53,121
1999,2,Districte II,4,la Torrassa,238,18-24,24,35,59
1998,1,Districte I,1,Centre,107,35-49,174,173,347
1995,2,Districte II,5,Collblanc,224,03-11,18,21,39
1996,1,Districte I,1,Centre,101,18-24,66,59,125
2012,5,Districte V,9,Can Serra,535,12-15,11,13,24
2008,5,Districte V,10,Pubilla Cases,514,65-74,47,33,80
2003,4,Districte IV,8,les Planes,433,65-74,53,46,99
2013,6,Districte VI,12,Bellvitge,619,18-24,33,33,66
2013,6,Districte VI,12,Bellvitge,606,18-24,37,37,74
2013,2,Districte II,4,la Torrassa,231,16-17,8,15,23
2008,4,Districte IV,7,la Florida,430,03-11,43,48,91
2008,2,Districte II,5,Collblanc,203,00-02,11,23,34
2000,4,Districte IV,7,la Florida,408,00-02,5,12,17
1996,2,Districte II,5,Collblanc,223,03-11,33,40,73
1994,1,Districte I,1,Centre,104,00-02,11,8,19
1999,2,Districte II,4,la Torrassa,232,25-34,77,73,150
2004,5,Districte V,10,Pubilla Cases,531,65-74,50,48,98
1998,4,Districte IV,8,les Planes,441,18-24,125,130,255
2009,2,Districte II,4,la Torrassa,230,75 i +,55,28,83
2012,2,Districte II,5,Collblanc,226,50-64,99,81,180
2008,2,Districte II,4,la Torrassa,230,03-11,41,35,76
2000,4,Districte IV,7,la Florida,404,65-74,84,69,153
2001,3,Districte III,6,Santa Eulàlia,307,00-02,13,11,24
2004,5,Districte V,10,Pubilla Cases,532,03-11,55,26,81
2010,3,Districte III,6,Santa Eulàlia,313,00-02,31,33,64
2004,6,Districte VI,11,el Gornal,616,16-17,38,39,77
2010,5,Districte V,10,Pubilla Cases,522,03-11,46,48,94
2008,1,Districte I,1,Centre,109,25-34,86,82,168
1996,1,Districte I,1,Centre,102,65-74,86,63,149
2009,1,Districte I,3,Sant Josep,121,65-74,37,21,58
1997,5,Districte V,10,Pubilla Cases,538,00-02,12,10,22
1994,6,Districte VI,12,Bellvitge,613,35-49,158,103,261
2009,5,Districte V,9,Can Serra,501,18-24,34,32,66
2010,1,Districte I,1,Centre,111,16-17,3,6,9
2014,4,Districte IV,7,la Florida,403,16-17,8,9,17
2005,5,Districte V,10,Pubilla Cases,528,50-64,103,88,191
2011,3,Districte III,6,Santa Eulàlia,316,00-02,15,16,31
1994,6,Districte VI,11,el Gornal,617,35-49,109,113,222
2002,5,Districte V,9,Can Serra,501,35-49,114,88,202
1997,4,Districte IV,8,les Planes,419,25-34,72,84,156
2006,6,Districte VI,12,Bellvitge,601,18-24,44,51,95
1999,4,Districte IV,7,la Florida,410,00-02,16,17,33
2015,3,Districte III,6,Santa Eulàlia,313,50-64,214,171,385
2015,5,Districte V,9,Can Serra,535,00-02,7,6,13
2012,4,Districte IV,8,les Planes,440,65-74,79,78,157
2012,5,Districte V,10,Pubilla Cases,531,03-11,35,31,66
2015,3,Districte III,6,Santa Eulàlia,326,18-24,20,16,36
2001,4,Districte IV,8,les Planes,438,50-64,94,82,176
1994,4,Districte IV,8,les Planes,420,18-24,79,68,147
2010,5,Districte V,10,Pubilla Cases,530,16-17,9,12,21
2012,5,Districte V,9,Can Serra,503,50-64,119,92,211
2001,3,Districte III,6,Santa Eulàlia,322,75 i +,49,25,74
2012,6,Districte VI,11,el Gornal,632,03-11,53,54,107
2008,2,Districte II,4,la Torrassa,235,12-15,22,21,43
2006,2,Districte II,4,la Torrassa,218,16-17,3,9,12
1995,3,Districte III,6,Santa Eulàlia,319,50-64,62,66,128
1994,3,Districte III,6,Santa Eulàlia,308,03-11,56,54,110
2015,4,Districte IV,7,la Florida,409,12-15,26,24,50
2004,1,Districte I,1,Centre,101,00-02,38,34,72
2014,3,Districte III,6,Santa Eulàlia,324,03-11,62,54,116
2002,2,Districte II,5,Collblanc,222,50-64,74,76,150
2006,3,Districte III,6,Santa Eulàlia,305,12-15,43,21,64
2014,5,Districte V,10,Pubilla Cases,534,35-49,112,119,231
2005,2,Districte II,4,la Torrassa,240,25-34,78,74,152
2008,2,Districte II,4,la Torrassa,242,25-34,99,127,226
1994,2,Districte II,5,Collblanc,210,75 i +,45,27,72
1995,6,Districte VI,12,Bellvitge,625,00-02,9,16,25
2004,1,Districte I,3,Sant Josep,136,03-11,40,46,86
1994,4,Districte IV,7,la Florida,425,18-24,67,51,118
2016,5,Districte V,10,Pubilla Cases,532,35-49,173,187,360
2000,1,Districte I,3,Sant Josep,106,50-64,166,204,370
2010,1,Districte I,1,Centre,103,65-74,42,31,73
2006,5,Districte V,9,Can Serra,535,50-64,135,119,254
2003,3,Districte III,6,Santa Eulàlia,321,75 i +,90,54,144
2004,5,Districte V,10,Pubilla Cases,531,35-49,90,113,203
2016,1,Districte I,1,Centre,104,35-49,117,109,226
2012,4,Districte IV,7,la Florida,432,12-15,18,24,42
2003,6,Districte VI,12,Bellvitge,621,18-24,93,109,202
2007,2,Districte II,5,Collblanc,225,25-34,38,69,107
1998,3,Districte III,6,Santa Eulàlia,308,16-17,11,14,25
2013,4,Districte IV,7,la Florida,402,12-15,16,17,33
2002,6,Districte VI,12,Bellvitge,604,16-17,12,8,20
2014,3,Districte III,6,Santa Eulàlia,307,50-64,182,131,313
2012,4,Districte IV,8,les Planes,420,75 i +,81,62,143
2009,6,Districte VI,11,el Gornal,622,65-74,35,38,73
2011,2,Districte II,4,la Torrassa,236,75 i +,96,63,159
2010,2,Districte II,5,Collblanc,244,75 i +,53,30,83
2010,3,Districte III,6,Santa Eulàlia,323,03-11,141,131,272
2007,2,Districte II,5,Collblanc,221,50-64,84,88,172
1995,3,Districte III,6,Santa Eulàlia,313,75 i +,51,28,79
2009,4,Districte IV,8,les Planes,442,16-17,6,8,14
1995,1,Districte I,3,Sant Josep,120,25-34,120,102,222
1997,1,Districte I,1,Centre,131,12-15,36,26,62
2010,1,Districte I,2,Sanfeliu,118,12-15,26,29,55
2004,6,Districte VI,12,Bellvitge,603,03-11,24,25,49
2012,2,Districte II,5,Collblanc,216,50-64,111,102,213
1994,3,Districte III,6,Santa Eulàlia,316,12-15,98,119,217
1996,6,Districte VI,12,Bellvitge,618,12-15,8,16,24
2004,2,Districte II,4,la Torrassa,236,16-17,15,5,20
2015,1,Districte I,3,Sant Josep,126,16-17,8,7,15
2016,5,Districte V,10,Pubilla Cases,511,00-02,37,43,80
1996,1,Districte I,1,Centre,108,75 i +,73,33,106
1998,5,Districte V,10,Pubilla Cases,525,03-11,23,31,54
2004,3,Districte III,6,Santa Eulàlia,317,50-64,69,79,148
1998,2,Districte II,4,la Torrassa,249,03-11,22,24,46
1995,4,Districte IV,7,la Florida,432,65-74,71,57,128
1995,5,Districte V,10,Pubilla Cases,533,16-17,5,13,18
2003,4,Districte IV,7,la Florida,424,75 i +,20,14,34
2016,6,Districte VI,12,Bellvitge,615,18-24,21,21,42
2015,2,Districte II,4,la Torrassa,236,75 i +,103,47,150
2008,2,Districte II,5,Collblanc,214,65-74,37,34,71
2010,4,Districte IV,7,la Florida,425,16-17,5,10,15
2011,5,Districte V,10,Pubilla Cases,512,16-17,7,4,11
2013,4,Districte IV,7,la Florida,425,25-34,77,117,194
2014,2,Districte II,4,la Torrassa,249,35-49,126,136,262
2003,6,Districte VI,12,Bellvitge,625,35-49,155,126,281
2016,5,Districte V,10,Pubilla Cases,528,65-74,56,47,103
2000,4,Districte IV,7,la Florida,414,12-15,10,16,26
1999,5,Districte V,10,Pubilla Cases,519,00-02,11,15,26
2007,1,Districte I,1,Centre,105,00-02,21,18,39
2001,6,Districte VI,12,Bellvitge,623,03-11,47,58,105
2006,6,Districte VI,12,Bellvitge,605,18-24,23,21,44
2005,3,Districte III,6,Santa Eulàlia,306,75 i +,96,63,159
1995,1,Districte I,1,Centre,131,75 i +,30,11,41
1995,5,Districte V,9,Can Serra,505,00-02,16,7,23
2000,5,Districte V,10,Pubilla Cases,528,50-64,123,111,234
2000,1,Districte I,1,Centre,103,65-74,42,39,81
1997,1,Districte I,1,Centre,102,03-11,56,63,119
2010,2,Districte II,5,Collblanc,209,16-17,3,8,11
2016,1,Districte I,1,Centre,109,75 i +,67,40,107
2013,6,Districte VI,12,Bellvitge,630,35-49,86,83,169
2000,5,Districte V,9,Can Serra,506,00-02,18,21,39
2009,6,Districte VI,11,el Gornal,632,65-74,62,46,108
2007,6,Districte VI,12,Bellvitge,603,03-11,26,25,51
2001,4,Districte IV,7,la Florida,423,12-15,11,14,25
2005,4,Districte IV,7,la Florida,425,35-49,96,117,213
2004,6,Districte VI,12,Bellvitge,603,12-15,8,12,20
2003,1,Districte I,1,Centre,124,12-15,18,20,38
1997,1,Districte I,3,Sant Josep,136,16-17,19,22,41
2011,4,Districte IV,7,la Florida,428,12-15,16,10,26
2003,2,Districte II,4,la Torrassa,247,12-15,21,24,45
2001,2,Districte II,4,la Torrassa,217,12-15,9,9,18
2011,3,Districte III,6,Santa Eulàlia,306,65-74,65,47,112
2012,4,Districte IV,8,les Planes,418,03-11,63,45,108
2010,4,Districte IV,8,les Planes,441,16-17,18,16,34
2012,3,Districte III,6,Santa Eulàlia,310,50-64,99,95,194
2012,5,Districte V,9,Can Serra,504,75 i +,87,75,162
2006,6,Districte VI,11,el Gornal,622,25-34,70,83,153
2000,2,Districte II,4,la Torrassa,239,35-49,95,97,192
2013,1,Districte I,3,Sant Josep,120,50-64,200,196,396
2009,4,Districte IV,7,la Florida,406,00-02,22,22,44
2006,5,Districte V,9,Can Serra,503,25-34,76,83,159
2006,3,Districte III,6,Santa Eulàlia,319,16-17,7,10,17
2011,2,Districte II,4,la Torrassa,241,25-34,79,65,144
2008,2,Districte II,4,la Torrassa,236,18-24,51,52,103
2005,6,Districte VI,12,Bellvitge,628,75 i +,39,27,66
2005,4,Districte IV,8,les Planes,439,12-15,17,23,40
2013,2,Districte II,5,Collblanc,207,12-15,24,41,65
2015,5,Districte V,10,Pubilla Cases,529,18-24,49,42,91
2001,6,Districte VI,12,Bellvitge,623,18-24,98,116,214
2013,3,Districte III,6,Santa Eulàlia,326,12-15,8,8,16
2005,2,Districte II,5,Collblanc,214,18-24,36,32,68
2011,4,Districte IV,7,la Florida,422,00-02,14,19,33
2002,6,Districte VI,12,Bellvitge,619,00-02,14,11,25
2001,2,Districte II,5,Collblanc,204,16-17,3,7,10
2011,4,Districte IV,7,la Florida,404,75 i +,87,54,141
2003,4,Districte IV,7,la Florida,406,16-17,13,12,25
2015,5,Districte V,9,Can Serra,507,35-49,99,112,211
2015,3,Districte III,6,Santa Eulàlia,318,18-24,18,36,54
2011,1,Districte I,3,Sant Josep,140,12-15,14,20,34
2015,3,Districte III,6,Santa Eulàlia,303,12-15,16,16,32
2008,4,Districte IV,8,les Planes,437,03-11,38,35,73
2015,3,Districte III,6,Santa Eulàlia,318,25-34,51,47,98
2012,3,Districte III,6,Santa Eulàlia,322,75 i +,69,48,117
2014,5,Districte V,10,Pubilla Cases,537,16-17,6,11,17
2001,6,Districte VI,12,Bellvitge,609,65-74,42,39,81
1997,2,Districte II,5,Collblanc,227,03-11,13,16,29
2011,6,Districte VI,12,Bellvitge,606,00-02,23,21,44
1997,3,Districte III,6,Santa Eulàlia,308,75 i +,57,34,91
2015,3,Districte III,6,Santa Eulàlia,318,12-15,8,18,26
2011,5,Districte V,10,Pubilla Cases,526,50-64,49,56,105
2008,6,Districte VI,12,Bellvitge,604,35-49,82,108,190
2001,4,Districte IV,7,la Florida,431,35-49,122,133,255
2009,6,Districte VI,11,el Gornal,622,16-17,4,9,13
2007,4,Districte IV,8,les Planes,438,16-17,8,8,16
2003,2,Districte II,4,la Torrassa,234,65-74,79,44,123
2002,6,Districte VI,12,Bellvitge,607,18-24,37,45,82
2006,2,Districte II,4,la Torrassa,218,25-34,78,105,183
2009,2,Districte II,4,la Torrassa,248,50-64,98,88,186
1995,3,Districte III,6,Santa Eulàlia,308,12-15,36,34,70
2012,5,Districte V,10,Pubilla Cases,520,35-49,93,102,195
1999,2,Districte II,4,la Torrassa,245,25-34,77,89,166
2005,1,Districte I,1,Centre,112,12-15,30,42,72
2001,3,Districte III,6,Santa Eulàlia,308,16-17,17,23,40
1994,2,Districte II,5,Collblanc,201,35-49,59,48,107
2009,6,Districte VI,12,Bellvitge,621,75 i +,43,25,68
1994,6,Districte VI,12,Bellvitge,606,03-11,51,49,100
2016,5,Districte V,9,Can Serra,506,50-64,194,148,342
2001,1,Districte I,1,Centre,104,25-34,80,89,169
2014,3,Districte III,6,Santa Eulàlia,319,16-17,13,21,34
1995,4,Districte IV,8,les Planes,436,50-64,79,63,142
2007,1,Districte I,1,Centre,110,65-74,62,52,114
2006,2,Districte II,4,la Torrassa,217,12-15,11,10,21
1998,2,Districte II,4,la Torrassa,231,03-11,29,34,63
2005,5,Districte V,10,Pubilla Cases,526,00-02,14,9,23
2010,4,Districte IV,7,la Florida,406,03-11,47,61,108
1995,6,Districte VI,11,el Gornal,632,03-11,51,61,112
2003,5,Districte V,10,Pubilla Cases,528,12-15,25,13,38
2005,5,Districte V,9,Can Serra,506,18-24,72,94,166
1996,2,Districte II,5,Collblanc,210,16-17,14,6,20
2011,2,Districte II,4,la Torrassa,240,50-64,61,44,105
2000,3,Districte III,6,Santa Eulàlia,318,35-49,133,129,262
2011,6,Districte VI,11,el Gornal,616,12-15,61,85,146
2001,5,Districte V,10,Pubilla Cases,528,50-64,124,103,227
2008,4,Districte IV,7,la Florida,430,25-34,124,147,271
2004,4,Districte IV,8,les Planes,433,35-49,126,127,253
2014,4,Districte IV,7,la Florida,427,03-11,85,95,180
2013,2,Districte II,5,Collblanc,226,65-74,76,66,142
2015,2,Districte II,5,Collblanc,205,03-11,29,30,59
2009,4,Districte IV,7,la Florida,404,25-34,127,130,257
2016,1,Districte I,1,Centre,124,75 i +,44,39,83
1999,4,Districte IV,8,les Planes,435,50-64,81,63,144
1997,1,Districte I,1,Centre,130,50-64,120,102,222
1998,2,Districte II,4,la Torrassa,249,50-64,105,91,196
2014,3,Districte III,6,Santa Eulàlia,323,16-17,17,18,35
2014,1,Districte I,3,Sant Josep,120,65-74,84,76,160
2008,1,Districte I,1,Centre,107,50-64,168,138,306
2002,3,Districte III,6,Santa Eulàlia,305,12-15,30,34,64
2003,6,Districte VI,11,el Gornal,608,03-11,33,30,63
1995,4,Districte IV,7,la Florida,426,35-49,81,87,168
2008,4,Districte IV,8,les Planes,440,65-74,83,82,165
2003,5,Districte V,10,Pubilla Cases,516,16-17,6,5,11
2006,1,Districte I,1,Centre,134,03-11,38,51,89
2013,5,Districte V,10,Pubilla Cases,514,00-02,23,24,47
1999,1,Districte I,3,Sant Josep,121,00-02,10,13,23
2007,2,Districte II,4,la Torrassa,234,00-02,11,15,26
1997,5,Districte V,10,Pubilla Cases,513,25-34,64,70,134
2011,3,Districte III,6,Santa Eulàlia,311,03-11,62,76,138
2001,1,Districte I,1,Centre,108,25-34,99,87,186
2003,1,Districte I,1,Centre,131,50-64,171,188,359
2013,4,Districte IV,8,les Planes,433,35-49,226,251,477
2010,2,Districte II,5,Collblanc,210,35-49,95,93,188
1999,4,Districte IV,7,la Florida,411,50-64,116,109,225
2003,5,Districte V,10,Pubilla Cases,523,12-15,14,24,38
2016,1,Districte I,1,Centre,123,03-11,47,55,102
2001,4,Districte IV,8,les Planes,420,00-02,7,16,23
1998,2,Districte II,5,Collblanc,225,50-64,54,41,95
1999,2,Districte II,4,la Torrassa,237,50-64,133,117,250
2007,5,Districte V,10,Pubilla Cases,532,16-17,9,13,22
2006,4,Districte IV,8,les Planes,435,03-11,41,42,83
2007,1,Districte I,2,Sanfeliu,129,12-15,25,12,37
2015,3,Districte III,6,Santa Eulàlia,317,18-24,36,51,87
2007,2,Districte II,5,Collblanc,204,35-49,71,82,153
2011,2,Districte II,4,la Torrassa,232,35-49,128,133,261
2004,1,Districte I,1,Centre,123,16-17,9,7,16
1995,3,Districte III,6,Santa Eulàlia,320,16-17,7,21,28
2013,4,Districte IV,7,la Florida,405,50-64,124,134,258
2011,5,Districte V,10,Pubilla Cases,522,75 i +,42,35,77
1999,2,Districte II,4,la Torrassa,232,65-74,81,60,141
2016,4,Districte IV,7,la Florida,431,25-34,123,132,255
2012,2,Districte II,4,la Torrassa,230,16-17,13,12,25
2001,4,Districte IV,8,les Planes,433,03-11,39,44,83
1999,5,Districte V,10,Pubilla Cases,515,00-02,4,5,9
2013,5,Districte V,9,Can Serra,506,12-15,34,35,69
2015,2,Districte II,5,Collblanc,214,00-02,36,34,70
2014,1,Districte I,3,Sant Josep,139,35-49,97,117,214
2011,4,Districte IV,8,les Planes,441,75 i +,96,69,165
2002,3,Districte III,6,Santa Eulàlia,319,18-24,53,60,113
2003,4,Districte IV,7,la Florida,402,65-74,60,60,120
1994,1,Districte I,3,Sant Josep,126,03-11,32,36,68
2010,2,Districte II,4,la Torrassa,229,03-11,28,26,54
1999,2,Districte II,5,Collblanc,216,03-11,28,38,66
1999,5,Districte V,10,Pubilla Cases,532,00-02,16,15,31
2014,5,Districte V,10,Pubilla Cases,508,18-24,55,74,129
1998,2,Districte II,4,la Torrassa,240,16-17,9,6,15
2010,5,Districte V,10,Pubilla Cases,532,00-02,17,23,40
1999,5,Districte V,10,Pubilla Cases,516,18-24,21,32,53
1998,4,Districte IV,7,la Florida,425,35-49,75,79,154
2000,3,Districte III,6,Santa Eulàlia,312,35-49,151,168,319
2002,5,Districte V,9,Can Serra,505,12-15,17,11,28
1998,5,Districte V,10,Pubilla Cases,536,18-24,44,50,94
2003,4,Districte IV,7,la Florida,408,25-34,66,74,140
2004,6,Districte VI,12,Bellvitge,623,65-74,56,64,120
2001,2,Districte II,4,la Torrassa,218,12-15,6,18,24
2010,5,Districte V,10,Pubilla Cases,517,35-49,151,198,349
2006,4,Districte IV,8,les Planes,435,12-15,15,18,33
2007,3,Districte III,6,Santa Eulàlia,312,12-15,23,23,46
2014,5,Districte V,10,Pubilla Cases,528,25-34,88,75,163
2013,2,Districte II,5,Collblanc,212,00-02,25,15,40
2004,5,Districte V,9,Can Serra,501,35-49,108,87,195
1995,6,Districte VI,12,Bellvitge,612,03-11,35,43,78
2000,6,Districte VI,11,el Gornal,629,12-15,17,10,27
2008,6,Districte VI,12,Bellvitge,611,50-64,141,94,235
2015,1,Districte I,3,Sant Josep,114,35-49,173,198,371
2012,6,Districte VI,12,Bellvitge,602,16-17,4,4,8
2002,2,Districte II,5,Collblanc,213,00-02,5,15,20
2016,6,Districte VI,12,Bellvitge,630,50-64,81,73,154
2003,2,Districte II,5,Collblanc,206,65-74,68,56,124
2006,6,Districte VI,12,Bellvitge,607,75 i +,48,27,75
2015,5,Districte V,10,Pubilla Cases,525,35-49,119,133,252
2011,4,Districte IV,8,les Planes,439,00-02,27,27,54
1994,2,Districte II,5,Collblanc,206,50-64,109,97,206
2008,3,Districte III,6,Santa Eulàlia,309,03-11,32,63,95
2010,2,Districte II,5,Collblanc,227,16-17,5,5,10
2008,5,Districte V,10,Pubilla Cases,536,35-49,98,114,212
2009,3,Districte III,6,Santa Eulàlia,302,00-02,19,25,44
2000,5,Districte V,10,Pubilla Cases,512,18-24,32,44,76
2006,5,Districte V,9,Can Serra,506,16-17,16,20,36
1994,2,Districte II,4,la Torrassa,230,16-17,8,9,17
2014,4,Districte IV,7,la Florida,406,50-64,117,120,237
2004,1,Districte I,3,Sant Josep,140,50-64,107,97,204
2002,1,Districte I,2,Sanfeliu,118,25-34,145,164,309
2001,3,Districte III,6,Santa Eulàlia,308,75 i +,73,44,117
2003,3,Districte III,6,Santa Eulàlia,307,00-02,11,13,24
2007,5,Districte V,9,Can Serra,503,03-11,26,30,56
1994,5,Districte V,10,Pubilla Cases,528,16-17,17,19,36
2004,2,Districte II,5,Collblanc,224,65-74,37,22,59
1999,1,Districte I,1,Centre,110,35-49,147,128,275
2001,1,Districte I,3,Sant Josep,121,75 i +,49,32,81
2007,6,Districte VI,11,el Gornal,608,00-02,6,7,13
1995,5,Districte V,10,Pubilla Cases,510,00-02,4,12,16
2005,5,Districte V,10,Pubilla Cases,538,03-11,41,52,93
2003,6,Districte VI,12,Bellvitge,604,35-49,77,78,155
2006,6,Districte VI,12,Bellvitge,611,03-11,57,63,120
1997,2,Districte II,5,Collblanc,213,16-17,15,16,31
2008,2,Districte II,5,Collblanc,226,50-64,104,86,190
2009,2,Districte II,5,Collblanc,221,50-64,93,86,179
2001,3,Districte III,6,Santa Eulàlia,307,75 i +,61,36,97
2008,5,Districte V,10,Pubilla Cases,509,25-34,82,98,180
2014,4,Districte IV,7,la Florida,430,25-34,79,83,162
1999,2,Districte II,5,Collblanc,214,00-02,4,3,7
2013,6,Districte VI,11,el Gornal,617,16-17,5,12,17
2009,6,Districte VI,11,el Gornal,632,00-02,19,26,45
2016,1,Districte I,2,Sanfeliu,118,12-15,27,18,45
2006,4,Districte IV,8,les Planes,429,00-02,7,7,14
2005,2,Districte II,5,Collblanc,226,35-49,135,136,271
2002,2,Districte II,5,Collblanc,202,25-34,70,72,142
1999,6,Districte VI,12,Bellvitge,602,16-17,9,6,15
1996,1,Districte I,3,Sant Josep,117,75 i +,44,20,64
2015,4,Districte IV,8,les Planes,435,03-11,52,62,114
2012,4,Districte IV,7,la Florida,404,35-49,163,177,340
2007,1,Districte I,1,Centre,101,75 i +,42,38,80
1997,3,Districte III,6,Santa Eulàlia,305,18-24,62,65,127
2010,4,Districte IV,7,la Florida,431,65-74,66,47,113
1996,3,Districte III,6,Santa Eulàlia,301,25-34,154,149,303
2007,1,Districte I,1,Centre,108,75 i +,105,69,174
2005,2,Districte II,5,Collblanc,224,00-02,7,6,13
2012,6,Districte VI,12,Bellvitge,618,50-64,54,40,94
2004,2,Districte II,5,Collblanc,213,50-64,95,91,186
2013,5,Districte V,10,Pubilla Cases,534,25-34,65,77,142
2013,6,Districte VI,12,Bellvitge,614,00-02,5,13,18
2006,2,Districte II,4,la Torrassa,238,16-17,6,8,14
2012,5,Districte V,10,Pubilla Cases,509,75 i +,41,21,62
2016,5,Districte V,9,Can Serra,505,75 i +,88,84,172
1998,6,Districte VI,11,el Gornal,626,35-49,110,110,220
2009,2,Districte II,4,la Torrassa,238,35-49,113,133,246
2001,4,Districte IV,7,la Florida,415,00-02,3,8,11
2002,4,Districte IV,7,la Florida,409,25-34,63,84,147
1995,4,Districte IV,8,les Planes,401,18-24,69,69,138
1995,6,Districte VI,12,Bellvitge,601,75 i +,60,22,82
2003,2,Districte II,4,la Torrassa,242,16-17,7,12,19
2005,1,Districte I,3,Sant Josep,127,00-02,11,11,22
2004,2,Districte II,4,la Torrassa,238,03-11,24,25,49
2006,1,Districte I,1,Centre,135,75 i +,57,39,96
2013,1,Districte I,3,Sant Josep,140,65-74,50,49,99
1997,2,Districte II,5,Collblanc,210,03-11,27,29,56
1998,2,Districte II,5,Collblanc,204,25-34,43,42,85
2014,1,Districte I,3,Sant Josep,140,00-02,10,20,30
2012,6,Districte VI,11,el Gornal,616,03-11,161,148,309
2008,4,Districte IV,7,la Florida,414,16-17,11,5,16
2015,3,Districte III,6,Santa Eulàlia,323,18-24,60,62,122
2011,4,Districte IV,8,les Planes,442,35-49,70,83,153
2005,4,Districte IV,7,la Florida,404,16-17,9,12,21
2006,6,Districte VI,12,Bellvitge,603,65-74,31,33,64
1996,5,Districte V,10,Pubilla Cases,511,35-49,46,52,98
2008,2,Districte II,5,Collblanc,214,16-17,7,6,13
2016,3,Districte III,6,Santa Eulàlia,315,50-64,182,160,342
1996,3,Districte III,6,Santa Eulàlia,325,35-49,180,170,350
2012,4,Districte IV,8,les Planes,434,18-24,30,30,60
2003,6,Districte VI,12,Bellvitge,630,75 i +,29,18,47
1998,4,Districte IV,7,la Florida,423,16-17,7,7,14
2001,1,Districte I,1,Centre,108,12-15,23,17,40
2012,3,Districte III,6,Santa Eulàlia,308,25-34,132,126,258
2007,2,Districte II,5,Collblanc,222,25-34,108,122,230
1996,2,Districte II,4,la Torrassa,246,12-15,20,12,32
1998,3,Districte III,6,Santa Eulàlia,304,25-34,101,105,206
2000,5,Districte V,9,Can Serra,501,12-15,20,18,38
2013,3,Districte III,6,Santa Eulàlia,325,18-24,49,49,98
2000,6,Districte VI,12,Bellvitge,610,35-49,91,84,175
2014,5,Districte V,10,Pubilla Cases,510,00-02,19,8,27
2001,5,Districte V,10,Pubilla Cases,517,35-49,121,130,251
2010,2,Districte II,5,Collblanc,225,00-02,9,10,19
2001,6,Districte VI,12,Bellvitge,614,35-49,82,81,163
1995,5,Districte V,10,Pubilla Cases,533,25-34,81,106,187
2012,4,Districte IV,7,la Florida,431,35-49,186,235,421
2012,6,Districte VI,12,Bellvitge,614,16-17,5,8,13
2007,1,Districte I,1,Centre,101,50-64,133,117,250
2001,2,Districte II,5,Collblanc,227,25-34,63,63,126
2000,6,Districte VI,12,Bellvitge,606,03-11,36,39,75
2007,2,Districte II,4,la Torrassa,243,75 i +,95,62,157
2007,5,Districte V,10,Pubilla Cases,513,16-17,4,5,9
2006,1,Districte I,3,Sant Josep,138,03-11,31,19,50
1999,2,Districte II,4,la Torrassa,211,35-49,104,107,211
2000,1,Districte I,1,Centre,108,75 i +,83,42,125
2007,3,Districte III,6,Santa Eulàlia,314,65-74,68,66,134
2012,5,Districte V,10,Pubilla Cases,534,75 i +,65,49,114
2000,6,Districte VI,12,Bellvitge,620,25-34,58,60,118
2002,1,Districte I,3,Sant Josep,137,65-74,48,33,81
2004,4,Districte IV,7,la Florida,410,75 i +,92,78,170
2010,2,Districte II,4,la Torrassa,235,03-11,73,81,154
1994,1,Districte I,3,Sant Josep,127,50-64,62,60,122
2005,6,Districte VI,12,Bellvitge,631,12-15,23,16,39
2004,5,Districte V,10,Pubilla Cases,526,75 i +,39,18,57
2007,4,Districte IV,8,les Planes,438,00-02,15,12,27
1997,6,Districte VI,12,Bellvitge,630,18-24,79,90,169
2004,4,Districte IV,7,la Florida,411,65-74,81,57,138
2006,6,Districte VI,11,el Gornal,617,03-11,35,45,80
2004,5,Districte V,10,Pubilla Cases,512,50-64,74,75,149
2015,1,Districte I,1,Centre,130,18-24,29,36,65
2009,4,Districte IV,7,la Florida,403,50-64,117,91,208
2002,1,Districte I,3,Sant Josep,120,25-34,146,141,287
1998,3,Districte III,6,Santa Eulàlia,309,00-02,6,13,19
1994,3,Districte III,6,Santa Eulàlia,305,65-74,78,56,134
1995,5,Districte V,10,Pubilla Cases,514,50-64,94,73,167
2013,5,Districte V,10,Pubilla Cases,533,00-02,32,37,69
2009,2,Districte II,5,Collblanc,206,65-74,51,32,83
1995,5,Districte V,10,Pubilla Cases,517,12-15,23,24,47
2014,3,Districte III,6,Santa Eulàlia,320,75 i +,1,2,3
1997,2,Districte II,5,Collblanc,209,75 i +,76,37,113
1997,5,Districte V,10,Pubilla Cases,523,18-24,77,65,142
2004,6,Districte VI,12,Bellvitge,625,16-17,17,26,43
1997,2,Districte II,5,Collblanc,201,16-17,6,9,15
1996,2,Districte II,4,la Torrassa,228,03-11,15,12,27
2007,4,Districte IV,7,la Florida,425,50-64,66,67,133
1994,3,Districte III,6,Santa Eulàlia,318,16-17,14,13,27
2007,3,Districte III,6,Santa Eulàlia,315,50-64,144,160,304
2016,5,Districte V,10,Pubilla Cases,525,75 i +,75,36,111
2000,1,Districte I,3,Sant Josep,106,25-34,170,152,322
1996,5,Districte V,9,Can Serra,502,00-02,15,11,26
2003,5,Districte V,10,Pubilla Cases,508,50-64,51,48,99
1995,2,Districte II,4,la Torrassa,243,12-15,23,17,40
1999,4,Districte IV,8,les Planes,436,03-11,25,31,56
2001,1,Districte I,2,Sanfeliu,118,12-15,42,38,80
2011,3,Districte III,6,Santa Eulàlia,324,35-49,144,160,304
2015,4,Districte IV,7,la Florida,409,16-17,13,20,33
2016,5,Districte V,9,Can Serra,521,25-34,44,41,85
1999,2,Districte II,5,Collblanc,208,50-64,199,164,363
1994,5,Districte V,10,Pubilla Cases,527,16-17,14,12,26
1996,4,Districte IV,8,les Planes,441,25-34,124,116,240
2013,3,Districte III,6,Santa Eulàlia,317,12-15,19,22,41
1998,1,Districte I,3,Sant Josep,139,18-24,57,58,115
2015,2,Districte II,5,Collblanc,204,16-17,16,12,28
2011,4,Districte IV,8,les Planes,420,03-11,64,79,143
2011,5,Districte V,10,Pubilla Cases,511,75 i +,51,29,80
1997,6,Districte VI,12,Bellvitge,601,35-49,142,133,275
2011,1,Districte I,2,Sanfeliu,132,00-02,28,25,53
1995,4,Districte IV,8,les Planes,429,25-34,36,42,78
1994,2,Districte II,5,Collblanc,213,12-15,30,29,59
1995,4,Districte IV,7,la Florida,422,65-74,92,71,163
1994,6,Districte VI,12,Bellvitge,615,35-49,120,84,204
2002,1,Districte I,1,Centre,130,35-49,100,114,214
2003,1,Districte I,2,Sanfeliu,116,50-64,185,167,352
1998,4,Districte IV,8,les Planes,439,16-17,3,12,15
2001,6,Districte VI,12,Bellvitge,610,75 i +,40,27,67
2008,1,Districte I,3,Sant Josep,140,18-24,23,39,62
1998,5,Districte V,10,Pubilla Cases,514,65-74,39,39,78
2001,5,Districte V,10,Pubilla Cases,510,35-49,85,103,188
2009,1,Districte I,1,Centre,123,18-24,44,38,82
2009,1,Districte I,3,Sant Josep,127,16-17,7,9,16
2009,2,Districte II,5,Collblanc,225,65-74,29,20,49
2000,1,Districte I,3,Sant Josep,140,16-17,6,9,15
2009,4,Districte IV,7,la Florida,417,18-24,35,33,68
2010,1,Districte I,3,Sant Josep,122,25-34,76,75,151
1994,2,Districte II,5,Collblanc,202,03-11,23,27,50
2006,2,Districte II,4,la Torrassa,245,75 i +,66,35,101
2000,4,Districte IV,7,la Florida,431,00-02,19,21,40
2014,2,Districte II,4,la Torrassa,242,35-49,119,144,263
1999,1,Districte I,1,Centre,104,12-15,6,8,14
2000,5,Districte V,9,Can Serra,507,16-17,9,3,12
1996,1,Districte I,2,Sanfeliu,116,25-34,127,138,265
2005,6,Districte VI,12,Bellvitge,609,35-49,69,79,148
1994,2,Districte II,4,la Torrassa,211,00-02,10,17,27
1997,2,Districte II,5,Collblanc,212,25-34,112,105,217
2013,1,Districte I,3,Sant Josep,136,16-17,10,11,21
2014,6,Districte VI,12,Bellvitge,623,12-15,23,22,45
2016,5,Districte V,10,Pubilla Cases,533,65-74,85,64,149
1998,5,Districte V,10,Pubilla Cases,528,03-11,45,28,73
1999,4,Districte IV,8,les Planes,438,03-11,23,26,49
2013,4,Districte IV,8,les Planes,401,25-34,77,86,163
2000,1,Districte I,1,Centre,134,00-02,17,17,34
2008,5,Districte V,9,Can Serra,501,75 i +,27,18,45
1997,4,Districte IV,7,la Florida,426,16-17,10,11,21
2016,4,Districte IV,7,la Florida,421,25-34,74,68,142
1999,4,Districte IV,7,la Florida,428,50-64,41,34,75
2011,2,Districte II,4,la Torrassa,245,03-11,51,42,93
1996,3,Districte III,6,Santa Eulàlia,309,65-74,26,24,50
2002,5,Districte V,10,Pubilla Cases,517,35-49,121,137,258
2010,2,Districte II,4,la Torrassa,248,65-74,43,39,82
2004,5,Districte V,10,Pubilla Cases,528,75 i +,52,41,93
2015,2,Districte II,4,la Torrassa,242,25-34,81,85,166
2011,1,Districte I,3,Sant Josep,119,50-64,161,127,288
2012,5,Districte V,10,Pubilla Cases,528,03-11,56,61,117
2006,1,Districte I,1,Centre,104,50-64,72,57,129
1995,6,Districte VI,12,Bellvitge,621,03-11,57,74,131
2008,2,Districte II,5,Collblanc,226,35-49,136,170,306
1995,3,Districte III,6,Santa Eulàlia,324,18-24,34,58,92
2007,4,Districte IV,8,les Planes,436,25-34,118,139,257
2009,4,Districte IV,7,la Florida,413,00-02,7,7,14
2000,4,Districte IV,8,les Planes,435,00-02,12,13,25
1995,2,Districte II,5,Collblanc,225,12-15,10,14,24
2003,6,Districte VI,12,Bellvitge,624,18-24,53,53,106
2011,5,Districte V,10,Pubilla Cases,531,75 i +,50,35,85
1997,6,Districte VI,11,el Gornal,616,12-15,61,59,120
2016,5,Districte V,10,Pubilla Cases,531,35-49,123,134,257
2015,1,Districte I,1,Centre,107,25-34,90,111,201
2004,1,Districte I,1,Centre,128,65-74,46,52,98
2007,2,Districte II,4,la Torrassa,238,18-24,29,41,70
2010,1,Districte I,3,Sant Josep,119,18-24,41,47,88
1994,5,Districte V,10,Pubilla Cases,517,65-74,46,47,93
1999,5,Districte V,10,Pubilla Cases,513,35-49,50,61,111
1999,4,Districte IV,8,les Planes,429,03-11,10,29,39
1999,2,Districte II,5,Collblanc,219,12-15,22,16,38
2005,3,Districte III,6,Santa Eulàlia,324,25-34,84,102,186
2016,4,Districte IV,7,la Florida,409,65-74,89,73,162
1999,4,Districte IV,7,la Florida,413,50-64,51,51,102
2004,1,Districte I,2,Sanfeliu,129,16-17,9,9,18
2016,4,Districte IV,7,la Florida,411,00-02,10,10,20
1994,1,Districte I,2,Sanfeliu,116,18-24,149,133,282
2003,2,Districte II,5,Collblanc,209,00-02,10,10,20
2002,1,Districte I,1,Centre,113,18-24,104,98,202
2006,6,Districte VI,11,el Gornal,608,65-74,69,50,119
2007,6,Districte VI,12,Bellvitge,621,50-64,213,185,398
2011,2,Districte II,4,la Torrassa,231,50-64,78,63,141
1996,3,Districte III,6,Santa Eulàlia,305,50-64,97,105,202
2009,2,Districte II,4,la Torrassa,235,18-24,71,66,137
2009,6,Districte VI,11,el Gornal,608,16-17,7,7,14
2001,2,Districte II,5,Collblanc,213,18-24,40,52,92
2004,1,Districte I,3,Sant Josep,139,12-15,16,13,29
2014,5,Districte V,9,Can Serra,504,50-64,89,70,159
2007,4,Districte IV,7,la Florida,408,00-02,16,15,31
2002,5,Districte V,10,Pubilla Cases,514,75 i +,39,15,54
2006,3,Districte III,6,Santa Eulàlia,325,16-17,12,15,27
2003,5,Districte V,10,Pubilla Cases,527,50-64,65,65,130
2015,2,Districte II,4,la Torrassa,236,18-24,52,41,93
1994,1,Districte I,1,Centre,134,65-74,64,41,105
2012,4,Districte IV,7,la Florida,422,50-64,77,90,167
1998,5,Districte V,9,Can Serra,503,35-49,140,109,249
2013,3,Districte III,6,Santa Eulàlia,308,16-17,18,25,43
2013,1,Districte I,1,Centre,124,00-02,5,5,10
2012,4,Districte IV,8,les Planes,434,65-74,22,12,34
2009,3,Districte III,6,Santa Eulàlia,321,16-17,16,19,35
2011,1,Districte I,1,Centre,110,75 i +,76,36,112
2009,4,Districte IV,8,les Planes,436,12-15,18,22,40
2011,2,Districte II,4,la Torrassa,239,25-34,117,119,236
2002,5,Districte V,10,Pubilla Cases,529,12-15,17,20,37
2010,4,Districte IV,7,la Florida,432,12-15,12,18,30
1998,6,Districte VI,12,Bellvitge,621,50-64,152,207,359
2007,3,Districte III,6,Santa Eulàlia,320,35-49,125,144,269
2009,4,Districte IV,8,les Planes,440,75 i +,57,42,99
2008,6,Districte VI,11,el Gornal,616,18-24,110,136,246
2013,6,Districte VI,11,el Gornal,626,35-49,96,104,200
2016,1,Districte I,3,Sant Josep,125,12-15,20,25,45
2003,6,Districte VI,11,el Gornal,632,35-49,91,87,178
2007,4,Districte IV,7,la Florida,421,12-15,13,19,32
2014,5,Districte V,10,Pubilla Cases,526,50-64,118,127,245
2004,4,Districte IV,8,les Planes,440,75 i +,60,39,99
2012,5,Districte V,10,Pubilla Cases,528,50-64,97,83,180
2010,5,Districte V,10,Pubilla Cases,532,65-74,81,73,154
2015,5,Districte V,10,Pubilla Cases,531,25-34,72,67,139
2010,6,Districte VI,12,Bellvitge,627,75 i +,44,28,72
2001,5,Districte V,9,Can Serra,535,35-49,120,114,234
1994,5,Districte V,10,Pubilla Cases,520,75 i +,36,19,55
2006,5,Districte V,10,Pubilla Cases,536,65-74,55,49,104
2010,3,Districte III,6,Santa Eulàlia,302,03-11,37,41,78
2006,1,Districte I,1,Centre,111,00-02,7,14,21
2012,2,Districte II,4,la Torrassa,240,18-24,33,40,73
2011,4,Districte IV,8,les Planes,439,16-17,14,9,23
2005,6,Districte VI,12,Bellvitge,624,00-02,14,17,31
2015,1,Districte I,1,Centre,101,18-24,57,61,118
2006,1,Districte I,1,Centre,124,18-24,41,37,78
2005,5,Districte V,10,Pubilla Cases,514,18-24,39,34,73
2011,2,Districte II,4,la Torrassa,249,18-24,47,45,92
2007,6,Districte VI,12,Bellvitge,610,75 i +,51,33,84
2001,6,Districte VI,12,Bellvitge,630,75 i +,24,13,37
2010,2,Districte II,5,Collblanc,222,18-24,39,54,93
2002,5,Districte V,10,Pubilla Cases,512,65-74,42,51,93
2007,6,Districte VI,12,Bellvitge,604,35-49,91,102,193
1999,2,Districte II,5,Collblanc,215,50-64,85,61,146
2007,1,Districte I,3,Sant Josep,140,35-49,108,137,245
2009,2,Districte II,5,Collblanc,213,00-02,20,24,44
2001,3,Districte III,6,Santa Eulàlia,325,65-74,123,106,229
2001,5,Districte V,10,Pubilla Cases,512,75 i +,57,26,83
1996,2,Districte II,4,la Torrassa,235,25-34,118,123,241
2001,2,Districte II,5,Collblanc,208,75 i +,116,73,189
2008,3,Districte III,6,Santa Eulàlia,303,00-02,21,16,37
1995,1,Districte I,1,Centre,128,35-49,117,106,223
2000,4,Districte IV,7,la Florida,431,16-17,18,17,35
2006,5,Districte V,9,Can Serra,521,25-34,72,108,180
2004,3,Districte III,6,Santa Eulàlia,311,18-24,49,46,95
2000,6,Districte VI,12,Bellvitge,621,35-49,186,139,325
2004,1,Districte I,1,Centre,104,12-15,14,9,23
1997,2,Districte II,5,Collblanc,227,18-24,38,39,77
1999,4,Districte IV,8,les Planes,419,16-17,9,6,15
2008,3,Districte III,6,Santa Eulàlia,302,03-11,36,45,81
2003,6,Districte VI,12,Bellvitge,631,75 i +,38,19,57
2004,3,Districte III,6,Santa Eulàlia,320,65-74,31,23,54
2003,3,Districte III,6,Santa Eulàlia,323,25-34,293,301,594
2013,5,Districte V,9,Can Serra,521,03-11,31,40,71
2002,2,Districte II,4,la Torrassa,218,65-74,38,27,65
2008,4,Districte IV,7,la Florida,411,03-11,28,27,55
1996,5,Districte V,10,Pubilla Cases,516,03-11,19,14,33
2010,4,Districte IV,8,les Planes,435,00-02,25,23,48
2010,5,Districte V,10,Pubilla Cases,531,65-74,43,39,82
2012,5,Districte V,10,Pubilla Cases,512,50-64,61,58,119
2000,1,Districte I,1,Centre,108,16-17,12,12,24
2001,5,Districte V,10,Pubilla Cases,520,12-15,17,17,34
1999,6,Districte VI,12,Bellvitge,609,18-24,71,62,133
2009,1,Districte I,1,Centre,135,50-64,152,150,302
2007,2,Districte II,5,Collblanc,207,16-17,8,3,11
2009,2,Districte II,5,Collblanc,214,25-34,110,128,238
2000,4,Districte IV,7,la Florida,424,25-34,33,66,99
2013,1,Districte I,2,Sanfeliu,118,25-34,108,97,205
2005,4,Districte IV,8,les Planes,401,50-64,91,88,179
2012,1,Districte I,3,Sant Josep,120,18-24,81,69,150
2002,5,Districte V,10,Pubilla Cases,531,50-64,80,72,152
2014,2,Districte II,4,la Torrassa,236,25-34,57,78,135
1997,2,Districte II,4,la Torrassa,239,65-74,95,71,166
2004,2,Districte II,5,Collblanc,213,12-15,18,14,32
2001,1,Districte I,3,Sant Josep,121,03-11,41,40,81
1998,1,Districte I,1,Centre,128,00-02,4,10,14
2012,6,Districte VI,12,Bellvitge,610,25-34,58,65,123
2003,5,Districte V,10,Pubilla Cases,532,65-74,84,74,158
1996,5,Districte V,9,Can Serra,506,50-64,186,211,397
1995,3,Districte III,6,Santa Eulàlia,314,16-17,42,45,87
2015,1,Districte I,3,Sant Josep,115,65-74,82,74,156
2007,4,Districte IV,8,les Planes,442,18-24,28,26,54
2006,1,Districte I,1,Centre,133,03-11,25,39,64
2010,6,Districte VI,12,Bellvitge,624,75 i +,50,26,76
2013,6,Districte VI,12,Bellvitge,613,75 i +,80,50,130
2011,3,Districte III,6,Santa Eulàlia,313,16-17,16,9,25
2012,4,Districte IV,8,les Planes,433,18-24,49,52,101
2002,2,Districte II,4,la Torrassa,243,25-34,130,131,261
2006,6,Districte VI,12,Bellvitge,621,18-24,51,76,127
2001,6,Districte VI,11,el Gornal,632,25-34,98,117,215
2001,5,Districte V,10,Pubilla Cases,533,12-15,24,15,39
1998,3,Districte III,6,Santa Eulàlia,314,65-74,63,54,117
1998,2,Districte II,5,Collblanc,202,12-15,11,16,27
2002,5,Districte V,10,Pubilla Cases,532,25-34,132,131,263
2004,1,Districte I,1,Centre,133,25-34,88,110,198
2016,1,Districte I,1,Centre,135,50-64,168,136,304
1998,2,Districte II,4,la Torrassa,239,25-34,91,96,187
2001,1,Districte I,3,Sant Josep,139,25-34,90,90,180
2007,4,Districte IV,7,la Florida,427,65-74,50,24,74
1997,2,Districte II,5,Collblanc,203,25-34,59,57,116
1997,4,Districte IV,7,la Florida,412,03-11,55,62,117
1996,5,Districte V,10,Pubilla Cases,536,00-02,9,9,18
1998,2,Districte II,4,la Torrassa,211,50-64,89,75,164
1997,4,Districte IV,8,les Planes,435,00-02,4,13,17
2014,1,Districte I,3,Sant Josep,117,16-17,11,20,31
2016,5,Districte V,10,Pubilla Cases,529,00-02,18,17,35
1994,2,Districte II,5,Collblanc,206,18-24,44,57,101
2014,3,Districte III,6,Santa Eulàlia,321,35-49,241,194,435
2009,2,Districte II,4,la Torrassa,238,12-15,8,16,24
2011,2,Districte II,4,la Torrassa,238,00-02,12,12,24
2008,3,Districte III,6,Santa Eulàlia,315,16-17,13,15,28
2010,2,Districte II,5,Collblanc,201,00-02,18,17,35
1995,6,Districte VI,11,el Gornal,622,12-15,36,33,69
2012,1,Districte I,1,Centre,102,16-17,8,14,22
1994,6,Districte VI,11,el Gornal,632,50-64,113,109,222
2004,3,Districte III,6,Santa Eulàlia,302,35-49,130,136,266
2001,2,Districte II,5,Collblanc,213,00-02,3,12,15
2002,6,Districte VI,12,Bellvitge,615,75 i +,21,13,34
1999,4,Districte IV,7,la Florida,424,18-24,31,48,79
1999,5,Districte V,10,Pubilla Cases,533,16-17,6,7,13
2009,1,Districte I,3,Sant Josep,120,00-02,24,26,50
2003,2,Districte II,4,la Torrassa,240,50-64,49,37,86
2014,2,Districte II,5,Collblanc,207,18-24,60,66,126
2004,1,Districte I,1,Centre,112,00-02,23,15,38
2000,4,Districte IV,7,la Florida,422,00-02,9,6,15
1994,1,Districte I,2,Sanfeliu,118,65-74,50,31,81
1994,4,Districte IV,8,les Planes,440,12-15,32,31,63
1998,6,Districte VI,12,Bellvitge,609,16-17,9,9,18
2015,6,Districte VI,12,Bellvitge,630,35-49,93,93,186
2012,5,Districte V,10,Pubilla Cases,525,25-34,85,93,178
2007,6,Districte VI,12,Bellvitge,631,50-64,145,111,256
1998,5,Districte V,10,Pubilla Cases,513,00-02,7,5,12
2016,6,Districte VI,11,el Gornal,626,03-11,32,37,69
2003,1,Districte I,2,Sanfeliu,129,65-74,44,52,96
2016,1,Districte I,1,Centre,124,25-34,52,48,100
2009,5,Districte V,10,Pubilla Cases,526,16-17,5,7,12
2004,1,Districte I,3,Sant Josep,114,18-24,74,76,150
2015,4,Districte IV,7,la Florida,402,65-74,39,26,65
1996,6,Districte VI,12,Bellvitge,613,03-11,43,42,85
2009,1,Districte I,1,Centre,130,75 i +,80,57,137
2007,3,Districte III,6,Santa Eulàlia,320,25-34,87,93,180
2006,4,Districte IV,8,les Planes,437,18-24,42,40,82
2006,5,Districte V,10,Pubilla Cases,530,50-64,103,80,183
1998,6,Districte VI,12,Bellvitge,609,35-49,75,49,124
2003,4,Districte IV,7,la Florida,416,03-11,24,32,56
2000,1,Districte I,2,Sanfeliu,129,03-11,42,31,73
2007,2,Districte II,4,la Torrassa,211,16-17,14,12,26
1994,6,Districte VI,12,Bellvitge,602,12-15,14,7,21
1996,4,Districte IV,8,les Planes,434,03-11,25,21,46
2012,3,Districte III,6,Santa Eulàlia,304,12-15,73,42,115
1997,1,Districte I,1,Centre,128,25-34,92,95,187
2011,6,Districte VI,11,el Gornal,616,03-11,139,144,283
1999,5,Districte V,10,Pubilla Cases,508,50-64,55,45,100
1994,3,Districte III,6,Santa Eulàlia,324,75 i +,46,15,61
2016,4,Districte IV,8,les Planes,436,03-11,66,66,132
2007,4,Districte IV,7,la Florida,411,16-17,10,8,18
2012,1,Districte I,3,Sant Josep,140,18-24,34,42,76
2008,6,Districte VI,11,el Gornal,616,75 i +,51,30,81
1998,5,Districte V,9,Can Serra,505,12-15,22,18,40
2012,6,Districte VI,12,Bellvitge,619,00-02,15,11,26
2003,6,Districte VI,12,Bellvitge,605,00-02,10,6,16
2012,4,Districte IV,8,les Planes,437,75 i +,47,30,77
2011,1,Districte I,1,Centre,133,03-11,39,38,77
1997,3,Districte III,6,Santa Eulàlia,311,00-02,8,13,21
2007,2,Districte II,4,la Torrassa,236,25-34,90,107,197
1998,6,Districte VI,12,Bellvitge,615,50-64,164,166,330
2003,6,Districte VI,12,Bellvitge,607,35-49,118,107,225
2002,1,Districte I,1,Centre,131,00-02,11,22,33
2001,4,Districte IV,8,les Planes,434,18-24,26,27,53
1999,5,Districte V,10,Pubilla Cases,520,65-74,50,59,109
1995,6,Districte VI,11,el Gornal,608,35-49,98,98,196
2012,6,Districte VI,12,Bellvitge,630,12-15,10,19,29
2001,6,Districte VI,12,Bellvitge,615,35-49,52,53,105
2011,1,Districte I,2,Sanfeliu,118,00-02,22,28,50
2007,5,Districte V,10,Pubilla Cases,528,00-02,16,15,31
1996,1,Districte I,1,Centre,112,75 i +,53,23,76
2001,4,Districte IV,7,la Florida,425,00-02,12,5,17
2013,6,Districte VI,12,Bellvitge,630,50-64,101,83,184
2016,6,Districte VI,12,Bellvitge,612,75 i +,82,58,140
1999,1,Districte I,1,Centre,133,18-24,54,51,105
1999,1,Districte I,1,Centre,124,35-49,107,88,195
2009,5,Districte V,10,Pubilla Cases,510,50-64,88,78,166
2011,2,Districte II,4,la Torrassa,247,65-74,52,51,103
2006,5,Districte V,9,Can Serra,504,03-11,25,35,60
1999,1,Districte I,3,Sant Josep,121,12-15,10,7,17
2007,3,Districte III,6,Santa Eulàlia,307,25-34,117,121,238
2012,6,Districte VI,12,Bellvitge,609,03-11,39,29,68
2012,6,Districte VI,12,Bellvitge,602,12-15,8,9,17
2007,4,Districte IV,7,la Florida,409,65-74,45,36,81
2016,2,Districte II,4,la Torrassa,239,03-11,28,31,59
2001,6,Districte VI,11,el Gornal,626,03-11,36,29,65
2012,1,Districte I,1,Centre,130,75 i +,97,67,164
2012,3,Districte III,6,Santa Eulàlia,306,75 i +,98,67,165
2008,4,Districte IV,7,la Florida,409,35-49,91,91,182
2003,1,Districte I,1,Centre,112,75 i +,67,29,96
2002,2,Districte II,4,la Torrassa,246,35-49,99,121,220
2001,1,Districte I,1,Centre,135,16-17,16,19,35
2011,4,Districte IV,8,les Planes,435,03-11,58,52,110
1998,1,Districte I,1,Centre,112,00-02,19,14,33
2004,5,Districte V,9,Can Serra,506,00-02,12,20,32
2004,3,Districte III,6,Santa Eulàlia,313,75 i +,72,37,109
2011,3,Districte III,6,Santa Eulàlia,302,35-49,149,173,322
2005,4,Districte IV,8,les Planes,434,16-17,10,12,22
1996,2,Districte II,5,Collblanc,227,50-64,65,64,129
1997,4,Districte IV,7,la Florida,407,25-34,95,109,204
2002,6,Districte VI,12,Bellvitge,609,16-17,8,5,13
2001,2,Districte II,5,Collblanc,219,16-17,6,11,17
2007,1,Districte I,3,Sant Josep,115,25-34,120,127,247
2010,1,Districte I,1,Centre,101,50-64,134,127,261
2001,3,Districte III,6,Santa Eulàlia,322,35-49,105,105,210
2002,2,Districte II,5,Collblanc,204,03-11,10,14,24
2000,1,Districte I,3,Sant Josep,127,75 i +,32,11,43
2016,4,Districte IV,8,les Planes,435,16-17,8,14,22
1997,5,Districte V,9,Can Serra,507,25-34,73,89,162
2001,1,Districte I,3,Sant Josep,119,03-11,29,41,70
2001,4,Districte IV,7,la Florida,407,03-11,25,28,53
1994,2,Districte II,5,Collblanc,206,25-34,73,68,141
2015,1,Districte I,1,Centre,103,25-34,46,31,77
2001,6,Districte VI,12,Bellvitge,603,65-74,25,21,46
2002,4,Districte IV,7,la Florida,414,00-02,16,13,29
2002,2,Districte II,4,la Torrassa,235,16-17,5,6,11
2002,6,Districte VI,12,Bellvitge,606,03-11,33,47,80
2011,2,Districte II,4,la Torrassa,229,75 i +,51,38,89
2000,5,Districte V,10,Pubilla Cases,509,12-15,10,14,24
2006,3,Districte III,6,Santa Eulàlia,301,25-34,272,264,536
2007,2,Districte II,4,la Torrassa,242,12-15,12,9,21
2016,5,Districte V,9,Can Serra,502,65-74,93,84,177
1996,2,Districte II,4,la Torrassa,235,12-15,13,22,35
2010,5,Districte V,10,Pubilla Cases,513,35-49,96,93,189
2010,4,Districte IV,8,les Planes,419,16-17,8,11,19
2014,5,Districte V,9,Can Serra,507,18-24,25,30,55
2010,4,Districte IV,8,les Planes,433,03-11,57,64,121
2009,4,Districte IV,8,les Planes,440,50-64,97,78,175
2014,2,Districte II,5,Collblanc,208,35-49,172,156,328
2011,4,Districte IV,8,les Planes,442,75 i +,31,18,49
2012,1,Districte I,3,Sant Josep,125,75 i +,54,48,102
2002,4,Districte IV,7,la Florida,426,75 i +,55,33,88
2006,4,Districte IV,7,la Florida,405,25-34,84,78,162
2009,5,Districte V,10,Pubilla Cases,518,16-17,9,12,21
2004,5,Districte V,9,Can Serra,535,65-74,41,52,93
2011,4,Districte IV,8,les Planes,434,00-02,10,12,22
1999,2,Districte II,5,Collblanc,205,25-34,64,66,130
2013,5,Districte V,10,Pubilla Cases,531,65-74,47,33,80
2003,6,Districte VI,12,Bellvitge,611,65-74,90,99,189
1999,1,Districte I,3,Sant Josep,122,25-34,80,81,161
2015,4,Districte IV,7,la Florida,406,03-11,48,60,108
1998,1,Districte I,1,Centre,105,12-15,23,26,49
2013,2,Districte II,4,la Torrassa,234,25-34,88,87,175
2002,4,Districte IV,7,la Florida,417,00-02,5,10,15
2007,5,Districte V,10,Pubilla Cases,516,50-64,38,37,75
1997,2,Districte II,4,la Torrassa,245,50-64,98,75,173
2007,5,Districte V,10,Pubilla Cases,523,18-24,60,72,132
2014,3,Districte III,6,Santa Eulàlia,324,00-02,16,28,44
2001,2,Districte II,4,la Torrassa,248,65-74,70,61,131
2008,3,Districte III,6,Santa Eulàlia,312,65-74,97,89,186
2004,3,Districte III,6,Santa Eulàlia,306,16-17,27,18,45
2003,5,Districte V,10,Pubilla Cases,509,65-74,42,40,82
1998,5,Districte V,10,Pubilla Cases,533,03-11,29,21,50
2006,1,Districte I,1,Centre,124,03-11,27,24,51
1994,2,Districte II,5,Collblanc,214,00-02,5,6,11
2014,2,Districte II,4,la Torrassa,245,03-11,43,54,97
2004,4,Districte IV,7,la Florida,430,50-64,74,58,132
1995,1,Districte I,3,Sant Josep,114,03-11,61,51,112
1996,4,Districte IV,8,les Planes,439,00-02,6,9,15
1998,1,Districte I,2,Sanfeliu,116,16-17,32,20,52
1996,4,Districte IV,7,la Florida,432,03-11,43,53,96
2015,1,Districte I,3,Sant Josep,119,12-15,8,17,25
2012,1,Districte I,1,Centre,101,18-24,50,45,95
2001,2,Districte II,4,la Torrassa,243,12-15,18,20,38
2012,2,Districte II,5,Collblanc,202,12-15,8,12,20
2004,2,Districte II,4,la Torrassa,228,35-49,62,90,152
2003,2,Districte II,5,Collblanc,214,50-64,57,40,97
2015,4,Districte IV,8,les Planes,436,65-74,60,52,112
2008,4,Districte IV,7,la Florida,408,75 i +,45,29,74
2013,5,Districte V,10,Pubilla Cases,534,75 i +,66,51,117
1998,5,Districte V,9,Can Serra,507,25-34,82,97,179
2011,1,Districte I,1,Centre,128,16-17,9,4,13
1999,6,Districte VI,12,Bellvitge,630,25-34,62,72,134
2004,4,Districte IV,8,les Planes,435,18-24,46,54,100
2007,5,Districte V,10,Pubilla Cases,538,50-64,107,78,185
2004,5,Districte V,10,Pubilla Cases,509,65-74,42,37,79
2012,3,Districte III,6,Santa Eulàlia,315,65-74,71,64,135
2009,6,Districte VI,12,Bellvitge,603,03-11,33,48,81
2013,1,Districte I,3,Sant Josep,117,25-34,125,136,261
1995,5,Districte V,10,Pubilla Cases,512,50-64,114,119,233
1997,6,Districte VI,12,Bellvitge,610,35-49,118,79,197
2013,1,Districte I,3,Sant Josep,139,12-15,13,18,31
2009,4,Districte IV,7,la Florida,427,03-11,57,56,113
2008,6,Districte VI,12,Bellvitge,602,03-11,20,23,43
2009,3,Districte III,6,Santa Eulàlia,324,75 i +,50,27,77
2003,1,Districte I,1,Centre,103,00-02,6,8,14
1995,4,Districte IV,7,la Florida,402,50-64,99,104,203
1999,2,Districte II,4,la Torrassa,245,18-24,40,50,90
1994,6,Districte VI,12,Bellvitge,602,18-24,53,79,132
2002,1,Districte I,1,Centre,123,50-64,99,98,197
2008,3,Districte III,6,Santa Eulàlia,301,50-64,192,190,382
2011,3,Districte III,6,Santa Eulàlia,314,12-15,35,37,72
1996,6,Districte VI,12,Bellvitge,607,25-34,95,110,205
2013,4,Districte IV,7,la Florida,431,00-02,34,28,62
2000,4,Districte IV,8,les Planes,440,50-64,165,143,308
2003,6,Districte VI,12,Bellvitge,623,18-24,78,90,168
2002,2,Districte II,4,la Torrassa,248,12-15,20,17,37
2014,3,Districte III,6,Santa Eulàlia,326,50-64,33,47,80
1997,1,Districte I,1,Centre,123,35-49,124,125,249
1998,4,Districte IV,8,les Planes,433,35-49,84,75,159
2000,4,Districte IV,8,les Planes,440,16-17,10,6,16
2001,1,Districte I,3,Sant Josep,122,50-64,105,88,193
2001,5,Districte V,10,Pubilla Cases,534,35-49,83,87,170
1996,5,Districte V,10,Pubilla Cases,529,16-17,13,8,21
2009,2,Districte II,4,la Torrassa,238,50-64,70,65,135
2003,4,Districte IV,8,les Planes,433,00-02,18,29,47
2007,4,Districte IV,7,la Florida,421,25-34,79,108,187
2010,4,Districte IV,8,les Planes,401,35-49,124,134,258
2001,4,Districte IV,7,la Florida,428,18-24,22,20,42
1999,5,Districte V,9,Can Serra,503,03-11,35,44,79
2007,1,Districte I,3,Sant Josep,115,65-74,62,47,109
2004,3,Districte III,6,Santa Eulàlia,316,25-34,130,148,278
2006,5,Districte V,10,Pubilla Cases,532,50-64,121,90,211
2014,4,Districte IV,7,la Florida,432,65-74,87,71,158
2012,3,Districte III,6,Santa Eulàlia,322,65-74,57,48,105
2005,1,Districte I,1,Centre,111,75 i +,39,32,71
2002,6,Districte VI,12,Bellvitge,610,16-17,5,12,17
2009,3,Districte III,6,Santa Eulàlia,316,00-02,16,10,26
2015,2,Districte II,4,la Torrassa,239,16-17,11,13,24
1996,2,Districte II,5,Collblanc,220,65-74,69,47,116
2005,1,Districte I,1,Centre,105,18-24,49,58,107
2009,4,Districte IV,7,la Florida,427,18-24,42,36,78
2008,4,Districte IV,8,les Planes,438,50-64,60,65,125
1994,1,Districte I,3,Sant Josep,122,25-34,95,104,199
1996,1,Districte I,1,Centre,103,00-02,6,8,14
2011,2,Districte II,4,la Torrassa,239,65-74,62,41,103
2009,1,Districte I,3,Sant Josep,136,16-17,11,13,24
2005,4,Districte IV,7,la Florida,403,03-11,20,22,42
2013,5,Districte V,10,Pubilla Cases,538,18-24,43,47,90
2016,4,Districte IV,8,les Planes,437,35-49,195,214,409
1994,6,Districte VI,12,Bellvitge,618,75 i +,23,10,33
2006,2,Districte II,4,la Torrassa,233,50-64,61,53,114
2010,5,Districte V,9,Can Serra,501,16-17,10,7,17
2005,1,Districte I,1,Centre,123,03-11,42,54,96
2008,4,Districte IV,7,la Florida,428,18-24,36,29,65
1997,5,Districte V,10,Pubilla Cases,533,25-34,85,96,181
2010,4,Districte IV,8,les Planes,438,75 i +,42,34,76
1995,5,Districte V,10,Pubilla Cases,536,25-34,79,91,170
2014,3,Districte III,6,Santa Eulàlia,327,25-34,77,67,144
1997,2,Districte II,5,Collblanc,227,35-49,63,46,109
2010,2,Districte II,5,Collblanc,210,50-64,77,77,154
1999,2,Districte II,5,Collblanc,221,18-24,53,58,111
2012,1,Districte I,3,Sant Josep,139,50-64,85,89,174
2008,4,Districte IV,7,la Florida,402,00-02,10,13,23
1998,1,Districte I,1,Centre,109,65-74,55,45,100
1998,6,Districte VI,11,el Gornal,622,65-74,46,29,75
2005,3,Districte III,6,Santa Eulàlia,321,18-24,112,109,221
2011,1,Districte I,1,Centre,113,12-15,28,27,55
1996,4,Districte IV,7,la Florida,428,12-15,7,6,13
1999,6,Districte VI,11,el Gornal,617,03-11,37,47,84
2012,5,Districte V,10,Pubilla Cases,536,12-15,16,15,31
2011,5,Districte V,10,Pubilla Cases,515,18-24,31,31,62
1997,2,Districte II,4,la Torrassa,236,03-11,32,29,61
2011,1,Districte I,3,Sant Josep,138,35-49,82,65,147
2008,6,Districte VI,12,Bellvitge,602,00-02,8,7,15
2008,2,Districte II,4,la Torrassa,233,03-11,32,42,74
2006,6,Districte VI,12,Bellvitge,618,25-34,37,43,80
2009,4,Districte IV,7,la Florida,426,75 i +,51,28,79
1999,6,Districte VI,12,Bellvitge,614,18-24,57,66,123
1997,4,Districte IV,8,les Planes,401,12-15,20,38,58
2016,1,Districte I,3,Sant Josep,137,25-34,105,80,185
2013,4,Districte IV,7,la Florida,422,16-17,14,12,26
1998,3,Districte III,6,Santa Eulàlia,319,75 i +,27,18,45
2012,4,Districte IV,8,les Planes,429,00-02,6,8,14
2015,4,Districte IV,8,les Planes,420,65-74,86,65,151
1998,2,Districte II,4,la Torrassa,234,00-02,8,7,15
1999,4,Districte IV,7,la Florida,404,18-24,60,57,117
2012,1,Districte I,1,Centre,128,03-11,35,49,84
2012,4,Districte IV,8,les Planes,435,16-17,12,16,28
1994,1,Districte I,3,Sant Josep,139,00-02,7,9,16
1999,1,Districte I,1,Centre,135,03-11,60,46,106
2013,4,Districte IV,8,les Planes,418,50-64,110,111,221
2003,2,Districte II,4,la Torrassa,211,50-64,73,69,142
2011,6,Districte VI,12,Bellvitge,625,75 i +,47,28,75
2006,1,Districte I,2,Sanfeliu,116,50-64,180,147,327
2008,5,Districte V,10,Pubilla Cases,516,75 i +,37,16,53
1999,3,Districte III,6,Santa Eulàlia,319,75 i +,25,14,39
1998,1,Districte I,3,Sant Josep,120,16-17,23,20,43
2004,6,Districte VI,12,Bellvitge,625,12-15,33,24,57
2002,5,Districte V,10,Pubilla Cases,529,75 i +,80,42,122
2011,3,Districte III,6,Santa Eulàlia,309,00-02,22,29,51
1995,2,Districte II,5,Collblanc,222,65-74,57,38,95
2008,4,Districte IV,7,la Florida,422,16-17,14,12,26
2007,2,Districte II,5,Collblanc,205,03-11,32,25,57
2005,4,Districte IV,7,la Florida,409,35-49,79,89,168
1996,4,Districte IV,7,la Florida,423,50-64,133,126,259
1998,1,Districte I,1,Centre,124,12-15,28,23,51
2002,4,Districte IV,7,la Florida,416,12-15,10,14,24
1999,6,Districte VI,11,el Gornal,616,12-15,74,79,153
2011,2,Districte II,4,la Torrassa,217,18-24,43,39,82
1994,1,Districte I,1,Centre,134,16-17,15,27,42
1994,5,Districte V,9,Can Serra,501,16-17,37,46,83
2001,4,Districte IV,8,les Planes,437,03-11,25,32,57
2007,4,Districte IV,7,la Florida,402,35-49,93,112,205
2005,5,Districte V,10,Pubilla Cases,525,50-64,76,68,144
2001,5,Districte V,9,Can Serra,535,16-17,18,14,32
2002,2,Districte II,4,la Torrassa,231,75 i +,95,47,142
1997,3,Districte III,6,Santa Eulàlia,315,50-64,103,125,228
2004,6,Districte VI,11,el Gornal,629,25-34,49,50,99
2016,4,Districte IV,7,la Florida,426,00-02,14,10,24
2006,2,Districte II,5,Collblanc,201,35-49,67,90,157
2014,5,Districte V,9,Can Serra,521,18-24,19,27,46
2015,6,Districte VI,11,el Gornal,622,25-34,43,44,87
1996,4,Districte IV,8,les Planes,442,03-11,25,24,49
1994,1,Districte I,3,Sant Josep,139,16-17,15,20,35
2001,3,Districte III,6,Santa Eulàlia,315,65-74,53,43,96
2006,1,Districte I,1,Centre,103,00-02,12,8,20
2013,2,Districte II,5,Collblanc,226,25-34,139,148,287
2002,4,Districte IV,7,la Florida,405,16-17,5,2,7
2003,3,Districte III,6,Santa Eulàlia,316,16-17,40,39,79
2010,4,Districte IV,7,la Florida,408,50-64,78,72,150
2012,2,Districte II,5,Collblanc,206,03-11,40,36,76
1999,1,Districte I,3,Sant Josep,136,35-49,127,119,246
2011,5,Districte V,9,Can Serra,502,18-24,51,51,102
1997,6,Districte VI,12,Bellvitge,609,18-24,87,75,162
2001,1,Districte I,1,Centre,113,18-24,102,90,192
1999,1,Districte I,1,Centre,110,03-11,35,45,80
2015,3,Districte III,6,Santa Eulàlia,325,16-17,15,14,29
2008,2,Districte II,5,Collblanc,208,16-17,13,7,20
2016,5,Districte V,9,Can Serra,504,18-24,25,23,48
2002,6,Districte VI,12,Bellvitge,609,75 i +,30,16,46
2015,3,Districte III,13,Granvia Sud,312,00-02,22,28,50
1994,6,Districte VI,12,Bellvitge,625,75 i +,11,5,16
1999,2,Districte II,4,la Torrassa,218,75 i +,43,17,60
2000,4,Districte IV,7,la Florida,411,03-11,34,24,58
2008,1,Districte I,1,Centre,111,12-15,8,12,20
2011,5,Districte V,10,Pubilla Cases,524,25-34,142,113,255
2000,5,Districte V,9,Can Serra,504,50-64,155,149,304
2004,1,Districte I,3,Sant Josep,115,18-24,64,65,129
2014,1,Districte I,1,Centre,134,18-24,43,51,94
1999,2,Districte II,4,la Torrassa,240,65-74,62,43,105
2003,6,Districte VI,12,Bellvitge,604,18-24,35,47,82
2000,2,Districte II,5,Collblanc,244,25-34,65,53,118
2015,1,Districte I,1,Centre,102,75 i +,120,85,205
2005,2,Districte II,5,Collblanc,219,16-17,8,10,18
1995,6,Districte VI,11,el Gornal,632,65-74,37,35,72
2007,1,Districte I,1,Centre,105,18-24,42,49,91
2003,5,Districte V,10,Pubilla Cases,524,65-74,73,62,135
2016,5,Districte V,10,Pubilla Cases,508,03-11,63,80,143
2006,4,Districte IV,7,la Florida,423,25-34,112,145,257
2008,1,Districte I,3,Sant Josep,120,75 i +,61,28,89
1998,6,Districte VI,12,Bellvitge,606,16-17,15,11,26
1997,4,Districte IV,7,la Florida,409,35-49,63,66,129
1999,1,Districte I,3,Sant Josep,140,25-34,73,96,169
2011,1,Districte I,3,Sant Josep,127,18-24,33,37,70
2010,3,Districte III,6,Santa Eulàlia,314,12-15,35,44,79
2010,2,Districte II,4,la Torrassa,217,18-24,29,30,59
2003,2,Districte II,5,Collblanc,223,00-02,10,10,20
1995,6,Districte VI,12,Bellvitge,602,35-49,33,33,66
2016,5,Districte V,9,Can Serra,521,12-15,11,22,33
2009,4,Districte IV,7,la Florida,424,16-17,6,7,13
2006,2,Districte II,4,la Torrassa,233,00-02,7,15,22
2008,3,Districte III,6,Santa Eulàlia,317,00-02,16,20,36
2011,3,Districte III,6,Santa Eulàlia,305,25-34,117,127,244
2003,3,Districte III,6,Santa Eulàlia,312,35-49,171,204,375
2008,1,Districte I,1,Centre,124,35-49,92,78,170
2014,2,Districte II,5,Collblanc,223,25-34,92,81,173
2000,3,Districte III,6,Santa Eulàlia,317,65-74,55,40,95
2009,2,Districte II,5,Collblanc,203,50-64,63,55,118
1994,1,Districte I,1,Centre,102,18-24,155,164,319
2007,2,Districte II,4,la Torrassa,247,25-34,126,125,251
2009,1,Districte I,3,Sant Josep,121,25-34,65,73,138
2003,3,Districte III,6,Santa Eulàlia,306,50-64,146,126,272
1994,1,Districte I,3,Sant Josep,136,65-74,57,46,103
2011,4,Districte IV,8,les Planes,429,25-34,44,51,95
2015,5,Districte V,10,Pubilla Cases,523,03-11,49,48,97
2013,2,Districte II,4,la Torrassa,233,50-64,67,64,131
2008,3,Districte III,6,Santa Eulàlia,310,03-11,27,35,62
2012,5,Districte V,10,Pubilla Cases,532,35-49,161,162,323
1998,4,Districte IV,7,la Florida,427,65-74,70,58,128
2000,4,Districte IV,7,la Florida,432,16-17,10,17,27
2007,1,Districte I,3,Sant Josep,136,65-74,61,39,100
1998,6,Districte VI,12,Bellvitge,607,65-74,57,52,109
1996,1,Districte I,3,Sant Josep,121,35-49,53,56,109
2016,1,Districte I,1,Centre,103,00-02,12,8,20
2014,3,Districte III,6,Santa Eulàlia,310,35-49,116,119,235
1998,6,Districte VI,12,Bellvitge,601,50-64,187,176,363
1999,4,Districte IV,7,la Florida,417,35-49,59,57,116
1998,6,Districte VI,12,Bellvitge,618,75 i +,19,12,31
1998,3,Districte III,6,Santa Eulàlia,325,03-11,61,57,118
1995,2,Districte II,4,la Torrassa,232,35-49,95,71,166
1998,4,Districte IV,8,les Planes,401,16-17,10,14,24
2005,3,Districte III,6,Santa Eulàlia,323,00-02,47,44,91
2009,2,Districte II,4,la Torrassa,230,12-15,15,25,40
2003,4,Districte IV,7,la Florida,408,00-02,12,14,26
2000,5,Districte V,10,Pubilla Cases,508,12-15,10,10,20
1999,5,Districte V,10,Pubilla Cases,519,65-74,43,41,84
2013,1,Districte I,1,Centre,113,16-17,15,14,29
2016,2,Districte II,5,Collblanc,209,00-02,13,19,32
1994,1,Districte I,1,Centre,128,18-24,84,77,161
2009,5,Districte V,10,Pubilla Cases,523,25-34,139,179,318
2016,5,Districte V,10,Pubilla Cases,514,00-02,12,24,36
1998,2,Districte II,4,la Torrassa,246,12-15,20,11,31
2014,1,Districte I,3,Sant Josep,137,12-15,27,28,55
1999,4,Districte IV,7,la Florida,405,35-49,53,64,117
2014,3,Districte III,6,Santa Eulàlia,317,16-17,11,13,24
2003,4,Districte IV,8,les Planes,434,16-17,11,4,15
1998,2,Districte II,5,Collblanc,221,16-17,12,10,22
2013,6,Districte VI,12,Bellvitge,611,50-64,110,118,228
2006,1,Districte I,1,Centre,109,03-11,37,33,70
1999,2,Districte II,5,Collblanc,216,35-49,123,116,239
2015,5,Districte V,9,Can Serra,505,18-24,25,17,42
2005,4,Districte IV,7,la Florida,413,35-49,58,83,141
2011,4,Districte IV,8,les Planes,440,75 i +,65,48,113
2005,5,Districte V,10,Pubilla Cases,517,75 i +,48,21,69
2006,4,Districte IV,7,la Florida,428,65-74,32,21,53
2007,3,Districte III,6,Santa Eulàlia,315,00-02,26,30,56
2014,2,Districte II,5,Collblanc,226,16-17,16,17,33
2002,1,Districte I,3,Sant Josep,114,12-15,20,12,32
1995,6,Districte VI,12,Bellvitge,603,25-34,60,69,129
2000,4,Districte IV,7,la Florida,402,18-24,36,40,76
2013,2,Districte II,4,la Torrassa,247,03-11,71,73,144
2002,4,Districte IV,7,la Florida,414,50-64,72,72,144
2005,2,Districte II,5,Collblanc,224,18-24,26,28,54
1998,2,Districte II,4,la Torrassa,247,18-24,77,53,130
1994,1,Districte I,3,Sant Josep,120,12-15,37,47,84
2005,6,Districte VI,12,Bellvitge,612,75 i +,41,23,64
2014,6,Districte VI,12,Bellvitge,607,12-15,13,10,23
2012,4,Districte IV,7,la Florida,432,00-02,15,12,27
2013,3,Districte III,6,Santa Eulàlia,307,65-74,113,88,201
1995,5,Districte V,10,Pubilla Cases,528,65-74,61,54,115
2002,6,Districte VI,12,Bellvitge,621,12-15,25,25,50
2009,2,Districte II,5,Collblanc,222,03-11,45,40,85
1995,2,Districte II,5,Collblanc,215,12-15,15,19,34
1997,1,Districte I,3,Sant Josep,115,18-24,71,111,182
2011,5,Districte V,10,Pubilla Cases,533,35-49,122,144,266
1999,5,Districte V,10,Pubilla Cases,532,03-11,41,28,69
1997,5,Districte V,9,Can Serra,502,25-34,113,114,227
2011,6,Districte VI,12,Bellvitge,602,12-15,9,12,21
2016,3,Districte III,6,Santa Eulàlia,315,65-74,81,80,161
1998,4,Districte IV,7,la Florida,428,25-34,52,48,100
2008,2,Districte II,5,Collblanc,210,75 i +,101,54,155
1999,2,Districte II,4,la Torrassa,217,00-02,3,10,13
1994,4,Districte IV,8,les Planes,438,03-11,38,27,65
2016,2,Districte II,5,Collblanc,214,50-64,180,166,346
2015,1,Districte I,3,Sant Josep,119,35-49,125,145,270
2011,1,Districte I,3,Sant Josep,119,35-49,130,132,262
2015,2,Districte II,5,Collblanc,207,16-17,18,19,37
2014,1,Districte I,1,Centre,107,75 i +,111,60,171
2006,3,Districte III,6,Santa Eulàlia,315,18-24,59,71,130
2015,1,Districte I,1,Centre,134,03-11,60,54,114
2006,1,Districte I,3,Sant Josep,115,65-74,60,45,105
2012,1,Districte I,1,Centre,103,65-74,40,28,68
2008,4,Districte IV,7,la Florida,402,25-34,86,95,181
2007,1,Districte I,1,Centre,113,03-11,47,73,120
2006,2,Districte II,4,la Torrassa,236,50-64,93,85,178
2011,1,Districte I,2,Sanfeliu,129,00-02,19,21,40
2013,1,Districte I,1,Centre,111,00-02,9,5,14
2015,6,Districte VI,12,Bellvitge,611,65-74,118,87,205
2003,1,Districte I,1,Centre,101,35-49,183,168,351
2010,6,Districte VI,12,Bellvitge,606,65-74,74,56,130
2008,4,Districte IV,7,la Florida,412,18-24,63,73,136
1997,3,Districte III,6,Santa Eulàlia,305,50-64,102,104,206
1997,6,Districte VI,12,Bellvitge,603,35-49,53,47,100
2016,1,Districte I,3,Sant Josep,140,25-34,70,49,119
2004,6,Districte VI,12,Bellvitge,607,50-64,117,83,200
1995,4,Districte IV,7,la Florida,421,65-74,55,52,107
1999,5,Districte V,9,Can Serra,506,03-11,79,89,168
2014,2,Districte II,4,la Torrassa,243,18-24,57,70,127
2007,2,Districte II,5,Collblanc,227,03-11,35,22,57
1999,2,Districte II,5,Collblanc,223,16-17,5,9,14
1997,4,Districte IV,7,la Florida,407,18-24,41,53,94
2008,4,Districte IV,8,les Planes,420,03-11,61,67,128
1995,6,Districte VI,12,Bellvitge,621,16-17,43,39,82
2001,2,Districte II,4,la Torrassa,249,65-74,78,62,140
2007,5,Districte V,10,Pubilla Cases,527,12-15,22,15,37
2002,1,Districte I,3,Sant Josep,114,25-34,135,144,279
1994,1,Districte I,3,Sant Josep,122,18-24,61,79,140
2005,2,Districte II,5,Collblanc,209,03-11,32,30,62
2004,1,Districte I,1,Centre,134,18-24,55,59,114
1995,1,Districte I,1,Centre,109,65-74,40,45,85
1995,6,Districte VI,12,Bellvitge,614,65-74,45,32,77
2012,4,Districte IV,7,la Florida,402,25-34,91,48,139
2015,5,Districte V,9,Can Serra,501,35-49,103,123,226
2006,5,Districte V,10,Pubilla Cases,528,50-64,89,81,170
2011,1,Districte I,3,Sant Josep,122,18-24,34,18,52
2015,4,Districte IV,7,la Florida,406,00-02,25,18,43
2003,2,Districte II,5,Collblanc,202,25-34,70,86,156
2011,4,Districte IV,7,la Florida,412,75 i +,92,82,174
2000,2,Districte II,5,Collblanc,214,03-11,19,19,38
1998,2,Districte II,5,Collblanc,202,75 i +,32,20,52
2006,2,Districte II,4,la Torrassa,245,12-15,18,20,38
1994,3,Districte III,6,Santa Eulàlia,324,35-49,89,81,170
2001,1,Districte I,3,Sant Josep,140,35-49,84,87,171
2006,4,Districte IV,8,les Planes,418,25-34,114,149,263
2013,4,Districte IV,7,la Florida,416,75 i +,87,54,141
2010,3,Districte III,6,Santa Eulàlia,303,75 i +,113,96,209
1995,6,Districte VI,12,Bellvitge,623,12-15,47,65,112
2010,6,Districte VI,11,el Gornal,629,18-24,26,15,41
1996,5,Districte V,10,Pubilla Cases,526,16-17,4,12,16
1997,5,Districte V,10,Pubilla Cases,508,75 i +,20,17,37
2001,2,Districte II,4,la Torrassa,238,75 i +,64,31,95
2012,6,Districte VI,11,el Gornal,608,50-64,79,60,139
2009,6,Districte VI,12,Bellvitge,609,18-24,31,25,56
1999,4,Districte IV,7,la Florida,422,18-24,36,46,82
2000,2,Districte II,4,la Torrassa,246,65-74,74,57,131
1994,6,Districte VI,12,Bellvitge,610,00-02,8,14,22
2013,5,Districte V,10,Pubilla Cases,530,00-02,17,27,44
2016,1,Districte I,3,Sant Josep,122,00-02,19,19,38
2013,1,Districte I,1,Centre,110,35-49,117,112,229
2009,6,Districte VI,12,Bellvitge,611,65-74,132,132,264
2011,6,Districte VI,12,Bellvitge,612,18-24,24,29,53
1994,4,Districte IV,8,les Planes,439,00-02,15,9,24
1994,4,Districte IV,7,la Florida,426,16-17,15,18,33
2002,4,Districte IV,8,les Planes,442,00-02,7,2,9
2001,5,Districte V,10,Pubilla Cases,509,16-17,7,5,12
2012,4,Districte IV,8,les Planes,429,12-15,10,12,22
2013,4,Districte IV,7,la Florida,423,00-02,14,16,30
2003,1,Districte I,1,Centre,107,12-15,26,23,49
2008,4,Districte IV,8,les Planes,434,35-49,79,92,171
2012,3,Districte III,6,Santa Eulàlia,314,16-17,15,29,44
2001,1,Districte I,3,Sant Josep,127,16-17,7,10,17
1998,4,Districte IV,7,la Florida,406,25-34,99,102,201
2007,6,Districte VI,12,Bellvitge,604,16-17,8,8,16
2011,2,Districte II,4,la Torrassa,218,12-15,10,16,26
1995,5,Districte V,10,Pubilla Cases,528,50-64,138,140,278
1994,3,Districte III,6,Santa Eulàlia,325,75 i +,92,44,136
1998,5,Districte V,9,Can Serra,506,00-02,23,21,44
1997,4,Districte IV,8,les Planes,433,03-11,50,30,80
2015,4,Districte IV,8,les Planes,437,16-17,16,21,37
1996,5,Districte V,10,Pubilla Cases,512,50-64,107,117,224
2015,6,Districte VI,12,Bellvitge,624,18-24,32,29,61
1998,2,Districte II,4,la Torrassa,242,25-34,86,82,168
1998,3,Districte III,6,Santa Eulàlia,324,16-17,4,9,13
1995,4,Districte IV,7,la Florida,423,65-74,55,40,95
2014,1,Districte I,1,Centre,124,16-17,7,6,13
1999,5,Districte V,9,Can Serra,501,65-74,18,24,42
1996,1,Districte I,1,Centre,135,00-02,16,16,32
2012,1,Districte I,3,Sant Josep,137,16-17,10,11,21
2012,2,Districte II,4,la Torrassa,248,75 i +,72,53,125
2009,6,Districte VI,12,Bellvitge,628,16-17,9,8,17
1995,2,Districte II,5,Collblanc,204,18-24,27,23,50
2011,2,Districte II,5,Collblanc,214,12-15,16,12,28
1999,3,Districte III,6,Santa Eulàlia,301,35-49,164,181,345
2014,6,Districte VI,12,Bellvitge,611,25-34,100,99,199
2013,5,Districte V,9,Can Serra,504,35-49,112,126,238
2001,3,Districte III,6,Santa Eulàlia,323,03-11,146,128,274
2012,1,Districte I,3,Sant Josep,139,16-17,4,13,17
2006,1,Districte I,3,Sant Josep,138,00-02,10,7,17
1998,3,Districte III,6,Santa Eulàlia,302,65-74,55,46,101
2010,2,Districte II,5,Collblanc,224,16-17,4,4,8
2000,2,Districte II,4,la Torrassa,241,65-74,63,44,107
1997,2,Districte II,4,la Torrassa,237,18-24,62,72,134
2015,3,Districte III,6,Santa Eulàlia,316,18-24,78,84,162
1999,2,Districte II,5,Collblanc,223,35-49,87,92,179
2005,5,Districte V,10,Pubilla Cases,527,00-02,31,25,56
1996,6,Districte VI,12,Bellvitge,627,35-49,188,154,342
2009,2,Districte II,4,la Torrassa,231,12-15,20,25,45
2007,2,Districte II,4,la Torrassa,237,25-34,146,160,306
2012,5,Districte V,10,Pubilla Cases,530,75 i +,99,70,169
2010,1,Districte I,1,Centre,108,16-17,10,18,28
2012,1,Districte I,2,Sanfeliu,132,16-17,9,20,29
1996,2,Districte II,5,Collblanc,219,25-34,92,91,183
2006,4,Districte IV,7,la Florida,408,50-64,85,71,156
2000,6,Districte VI,12,Bellvitge,623,50-64,197,199,396
1998,6,Districte VI,12,Bellvitge,607,12-15,11,22,33
2014,3,Districte III,6,Santa Eulàlia,302,50-64,150,99,249
1994,2,Districte II,4,la Torrassa,229,00-02,4,7,11
2005,5,Districte V,10,Pubilla Cases,531,65-74,51,53,104
2003,2,Districte II,4,la Torrassa,238,16-17,8,7,15
2003,1,Districte I,3,Sant Josep,139,75 i +,24,12,36
2002,2,Districte II,4,la Torrassa,235,50-64,124,99,223
2003,4,Districte IV,8,les Planes,439,50-64,79,58,137
2004,4,Districte IV,7,la Florida,402,35-49,79,97,176
1998,1,Districte I,1,Centre,111,25-34,75,85,160
1996,4,Districte IV,8,les Planes,420,00-02,17,13,30
1996,6,Districte VI,12,Bellvitge,610,75 i +,32,21,53
2006,6,Districte VI,11,el Gornal,622,03-11,23,41,64
1995,1,Districte I,3,Sant Josep,136,12-15,38,39,77
2002,6,Districte VI,12,Bellvitge,621,25-34,145,182,327
2003,5,Districte V,10,Pubilla Cases,515,03-11,20,14,34
2015,4,Districte IV,7,la Florida,412,00-02,6,21,27
2003,4,Districte IV,8,les Planes,441,12-15,47,51,98
2007,4,Districte IV,8,les Planes,434,03-11,21,24,45
2008,2,Districte II,4,la Torrassa,243,18-24,64,64,128
2008,5,Districte V,10,Pubilla Cases,529,25-34,118,132,250
2015,2,Districte II,5,Collblanc,202,12-15,32,27,59
2013,2,Districte II,4,la Torrassa,233,12-15,14,22,36
2009,3,Districte III,6,Santa Eulàlia,307,50-64,217,169,386
1997,4,Districte IV,7,la Florida,412,75 i +,45,29,74
2003,2,Districte II,4,la Torrassa,246,50-64,71,58,129
2010,1,Districte I,3,Sant Josep,138,12-15,17,11,28
2003,5,Districte V,10,Pubilla Cases,536,03-11,26,31,57
1997,2,Districte II,5,Collblanc,222,75 i +,31,17,48
2001,6,Districte VI,12,Bellvitge,604,35-49,67,75,142
2014,5,Districte V,10,Pubilla Cases,533,18-24,74,65,139
2014,1,Districte I,1,Centre,113,16-17,14,15,29
2004,4,Districte IV,7,la Florida,410,65-74,129,114,243
2001,5,Districte V,10,Pubilla Cases,518,65-74,73,83,156
2012,1,Districte I,1,Centre,123,16-17,6,12,18
2004,4,Districte IV,7,la Florida,423,12-15,16,15,31
2005,3,Districte III,6,Santa Eulàlia,320,12-15,12,12,24
2001,2,Districte II,4,la Torrassa,249,25-34,91,100,191
2004,6,Districte VI,12,Bellvitge,630,18-24,63,48,111
1999,2,Districte II,4,la Torrassa,246,12-15,14,13,27
2002,2,Districte II,5,Collblanc,226,18-24,48,47,95
2004,4,Districte IV,8,les Planes,434,16-17,11,5,16
2004,1,Districte I,3,Sant Josep,137,03-11,54,60,114
2012,1,Districte I,1,Centre,128,18-24,31,31,62
1995,2,Districte II,5,Collblanc,206,00-02,6,9,15
1995,4,Districte IV,7,la Florida,431,00-02,10,11,21
2011,2,Districte II,5,Collblanc,208,18-24,48,49,97
2008,3,Districte III,6,Santa Eulàlia,322,25-34,157,141,298
2008,3,Districte III,6,Santa Eulàlia,301,25-34,243,239,482
2015,2,Districte II,4,la Torrassa,246,00-02,23,16,39
1998,3,Districte III,6,Santa Eulàlia,312,35-49,132,146,278
2007,4,Districte IV,8,les Planes,401,35-49,143,116,259
2014,2,Districte II,4,la Torrassa,236,03-11,31,51,82
2000,1,Districte I,1,Centre,112,03-11,62,72,134
1995,3,Districte III,6,Santa Eulàlia,321,16-17,40,48,88
2015,2,Districte II,4,la Torrassa,246,50-64,94,100,194
1994,4,Districte IV,8,les Planes,437,75 i +,24,10,34
2012,2,Districte II,5,Collblanc,214,03-11,30,30,60
2002,2,Districte II,5,Collblanc,208,50-64,197,143,340
1997,5,Districte V,10,Pubilla Cases,509,12-15,18,10,28
2012,3,Districte III,6,Santa Eulàlia,314,25-34,191,173,364
2008,2,Districte II,4,la Torrassa,245,25-34,101,128,229
2015,2,Districte II,4,la Torrassa,245,03-11,47,56,103
1999,5,Districte V,10,Pubilla Cases,530,50-64,122,98,220
2010,5,Districte V,9,Can Serra,505,16-17,12,6,18
2004,4,Districte IV,7,la Florida,409,03-11,26,18,44
2003,1,Districte I,3,Sant Josep,114,75 i +,67,30,97
2007,2,Districte II,4,la Torrassa,211,50-64,87,85,172
2013,6,Districte VI,11,el Gornal,632,35-49,102,116,218
2000,3,Districte III,6,Santa Eulàlia,302,50-64,156,195,351
2004,4,Districte IV,8,les Planes,433,16-17,14,8,22
1997,4,Districte IV,7,la Florida,405,12-15,10,11,21
1997,6,Districte VI,12,Bellvitge,625,03-11,58,73,131
2000,1,Districte I,1,Centre,107,00-02,17,11,28
2006,2,Districte II,5,Collblanc,214,18-24,31,41,72
1996,2,Districte II,4,la Torrassa,247,12-15,8,20,28
2002,4,Districte IV,8,les Planes,433,50-64,70,67,137
1998,2,Districte II,5,Collblanc,208,18-24,80,79,159
1994,1,Districte I,1,Centre,112,16-17,22,24,46
1995,4,Districte IV,7,la Florida,411,75 i +,32,19,51
2001,2,Districte II,5,Collblanc,213,50-64,82,92,174
2008,1,Districte I,3,Sant Josep,139,65-74,37,33,70
2003,3,Districte III,6,Santa Eulàlia,317,65-74,52,29,81
1996,4,Districte IV,7,la Florida,411,18-24,71,72,143
1997,5,Districte V,10,Pubilla Cases,533,18-24,54,53,107
2015,2,Districte II,5,Collblanc,207,00-02,33,21,54
2016,4,Districte IV,8,les Planes,433,25-34,120,136,256
2000,2,Districte II,4,la Torrassa,247,00-02,8,9,17
2006,5,Districte V,10,Pubilla Cases,517,03-11,53,62,115
1994,5,Districte V,10,Pubilla Cases,510,16-17,18,19,37
2005,1,Districte I,1,Centre,101,00-02,44,49,93
2010,4,Districte IV,7,la Florida,409,16-17,8,10,18
2012,3,Districte III,6,Santa Eulàlia,322,03-11,66,61,127
2000,2,Districte II,5,Collblanc,222,12-15,13,16,29
2015,1,Districte I,1,Centre,104,03-11,33,33,66
2010,6,Districte VI,12,Bellvitge,613,16-17,13,12,25
2015,4,Districte IV,7,la Florida,425,35-49,131,146,277
1997,1,Districte I,3,Sant Josep,139,35-49,96,102,198
2011,1,Districte I,3,Sant Josep,121,65-74,32,17,49
2012,2,Districte II,5,Collblanc,203,12-15,12,14,26
2001,4,Districte IV,7,la Florida,415,35-49,64,72,136
2010,6,Districte VI,12,Bellvitge,630,25-34,70,95,165
2000,4,Districte IV,8,les Planes,437,03-11,23,30,53
2001,5,Districte V,10,Pubilla Cases,536,50-64,97,85,182
2007,5,Districte V,10,Pubilla Cases,518,25-34,99,112,211
2000,6,Districte VI,12,Bellvitge,627,25-34,78,104,182
2004,5,Districte V,10,Pubilla Cases,508,25-34,65,59,124
2003,3,Districte III,6,Santa Eulàlia,314,16-17,30,35,65
2007,1,Districte I,3,Sant Josep,120,16-17,20,23,43
2004,5,Districte V,10,Pubilla Cases,510,50-64,109,92,201
1997,6,Districte VI,12,Bellvitge,628,75 i +,27,12,39
2011,2,Districte II,4,la Torrassa,249,12-15,20,19,39
2006,1,Districte I,1,Centre,131,18-24,62,53,115
2011,1,Districte I,1,Centre,130,12-15,14,17,31
2001,2,Districte II,4,la Torrassa,228,65-74,44,40,84
1999,1,Districte I,3,Sant Josep,126,35-49,76,64,140
2003,5,Districte V,10,Pubilla Cases,529,03-11,43,37,80
2013,1,Districte I,1,Centre,104,00-02,9,10,19
2016,2,Districte II,4,la Torrassa,242,03-11,45,55,100
2002,5,Districte V,9,Can Serra,506,16-17,15,20,35
1999,2,Districte II,5,Collblanc,205,12-15,17,17,34
1994,4,Districte IV,8,les Planes,419,50-64,76,75,151
1995,3,Districte III,6,Santa Eulàlia,310,50-64,70,67,137
1996,1,Districte I,2,Sanfeliu,129,03-11,48,44,92
2005,1,Districte I,1,Centre,108,12-15,22,25,47
2015,6,Districte VI,12,Bellvitge,625,65-74,96,87,183
2007,3,Districte III,6,Santa Eulàlia,314,75 i +,97,49,146
1994,2,Districte II,5,Collblanc,202,12-15,18,16,34
1995,2,Districte II,4,la Torrassa,217,18-24,20,24,44
1994,2,Districte II,5,Collblanc,213,25-34,57,72,129
2009,6,Districte VI,12,Bellvitge,624,16-17,11,11,22
2004,3,Districte III,6,Santa Eulàlia,324,18-24,46,43,89
2002,4,Districte IV,8,les Planes,436,18-24,40,46,86
2001,3,Districte III,6,Santa Eulàlia,305,25-34,101,113,214
2001,2,Districte II,5,Collblanc,225,03-11,9,15,24
2011,3,Districte III,6,Santa Eulàlia,324,16-17,9,12,21
2014,1,Districte I,3,Sant Josep,106,12-15,26,27,53
1998,3,Districte III,6,Santa Eulàlia,320,25-34,54,69,123
2009,5,Districte V,10,Pubilla Cases,525,75 i +,60,42,102
1994,5,Districte V,10,Pubilla Cases,511,35-49,51,52,103
1995,5,Districte V,9,Can Serra,501,16-17,31,31,62
2010,5,Districte V,10,Pubilla Cases,509,18-24,30,44,74
1995,2,Districte II,4,la Torrassa,249,35-49,83,84,167
2015,6,Districte VI,11,el Gornal,632,00-02,12,14,26
2007,4,Districte IV,7,la Florida,411,65-74,63,57,120
1999,6,Districte VI,11,el Gornal,632,03-11,43,46,89
2001,3,Districte III,6,Santa Eulàlia,306,35-49,167,178,345
2008,2,Districte II,5,Collblanc,220,75 i +,55,37,92
1996,4,Districte IV,7,la Florida,411,75 i +,37,19,56
1996,2,Districte II,5,Collblanc,226,65-74,90,67,157
2003,1,Districte I,1,Centre,135,03-11,61,36,97
2004,6,Districte VI,12,Bellvitge,601,00-02,18,15,33
2001,6,Districte VI,12,Bellvitge,602,35-49,45,45,90
1997,2,Districte II,4,la Torrassa,241,00-02,9,6,15
2005,6,Districte VI,12,Bellvitge,625,12-15,24,26,50
1997,4,Districte IV,8,les Planes,429,18-24,42,43,85
1999,4,Districte IV,7,la Florida,432,12-15,22,22,44
2003,6,Districte VI,11,el Gornal,608,75 i +,41,18,59
2006,3,Districte III,6,Santa Eulàlia,320,18-24,33,30,63
2004,6,Districte VI,12,Bellvitge,602,25-34,57,64,121
2012,2,Districte II,5,Collblanc,215,03-11,39,41,80
1999,6,Districte VI,11,el Gornal,626,25-34,88,134,222
2001,2,Districte II,5,Collblanc,224,65-74,44,33,77
1997,6,Districte VI,12,Bellvitge,607,16-17,10,14,24
1995,2,Districte II,4,la Torrassa,234,16-17,9,7,16
2005,5,Districte V,10,Pubilla Cases,511,03-11,27,22,49
2011,6,Districte VI,12,Bellvitge,605,75 i +,46,34,80
2012,6,Districte VI,12,Bellvitge,621,18-24,41,40,81
2013,1,Districte I,3,Sant Josep,117,18-24,62,68,130
1996,1,Districte I,1,Centre,110,50-64,131,142,273
1994,6,Districte VI,12,Bellvitge,605,25-34,58,68,126
2010,5,Districte V,10,Pubilla Cases,533,18-24,40,38,78
2015,5,Districte V,9,Can Serra,506,35-49,167,163,330
1995,5,Districte V,9,Can Serra,501,25-34,66,68,134
1999,4,Districte IV,8,les Planes,420,18-24,52,66,118
1994,1,Districte I,2,Sanfeliu,129,35-49,114,108,222
2012,3,Districte III,6,Santa Eulàlia,303,35-49,183,193,376
1999,5,Districte V,10,Pubilla Cases,534,16-17,6,9,15
2009,4,Districte IV,8,les Planes,439,00-02,28,34,62
2011,1,Districte I,3,Sant Josep,140,16-17,3,14,17
1995,5,Districte V,10,Pubilla Cases,532,12-15,24,28,52
2000,6,Districte VI,11,el Gornal,632,35-49,100,92,192
1996,5,Districte V,10,Pubilla Cases,529,12-15,20,21,41
1994,6,Districte VI,11,el Gornal,626,50-64,130,125,255
2009,4,Districte IV,8,les Planes,442,18-24,29,32,61
1998,5,Districte V,9,Can Serra,504,65-74,60,66,126
2012,5,Districte V,10,Pubilla Cases,516,18-24,26,36,62
1998,2,Districte II,5,Collblanc,206,12-15,14,16,30
1996,5,Districte V,9,Can Serra,502,35-49,153,144,297
2013,3,Districte III,6,Santa Eulàlia,317,35-49,136,174,310
1999,2,Districte II,4,la Torrassa,243,75 i +,87,47,134
2007,1,Districte I,3,Sant Josep,136,18-24,39,32,71
2007,1,Districte I,3,Sant Josep,139,65-74,37,30,67
2006,2,Districte II,5,Collblanc,206,12-15,12,15,27
1994,4,Districte IV,7,la Florida,431,75 i +,55,30,85
2001,5,Districte V,10,Pubilla Cases,517,75 i +,48,25,73
1994,2,Districte II,4,la Torrassa,218,75 i +,40,16,56
2015,6,Districte VI,12,Bellvitge,631,75 i +,62,43,105
1996,1,Districte I,3,Sant Josep,114,12-15,48,43,91
2011,1,Districte I,3,Sant Josep,114,50-64,157,121,278
2003,5,Districte V,9,Can Serra,503,65-74,34,21,55
2013,4,Districte IV,8,les Planes,433,65-74,62,43,105
2016,6,Districte VI,12,Bellvitge,615,16-17,8,7,15
1996,1,Districte I,1,Centre,133,12-15,22,19,41
2011,4,Districte IV,7,la Florida,409,35-49,95,104,199
1995,4,Districte IV,7,la Florida,407,03-11,23,31,54
2009,4,Districte IV,8,les Planes,433,75 i +,40,24,64
1996,4,Districte IV,8,les Planes,401,25-34,73,89,162
1998,6,Districte VI,12,Bellvitge,623,65-74,50,38,88
2000,4,Districte IV,8,les Planes,401,16-17,15,17,32
2014,4,Districte IV,8,les Planes,420,00-02,39,34,73
2014,2,Districte II,4,la Torrassa,247,00-02,28,29,57
2011,1,Districte I,1,Centre,107,35-49,199,210,409
1994,4,Districte IV,7,la Florida,408,03-11,42,36,78
1997,1,Districte I,2,Sanfeliu,118,75 i +,26,17,43
1998,2,Districte II,5,Collblanc,215,18-24,33,47,80
2016,6,Districte VI,12,Bellvitge,613,75 i +,83,67,150
1996,2,Districte II,4,la Torrassa,236,75 i +,42,37,79
2011,6,Districte VI,12,Bellvitge,614,00-02,7,16,23
1999,4,Districte IV,8,les Planes,418,50-64,124,108,232
2003,2,Districte II,5,Collblanc,204,18-24,25,23,48
1994,4,Districte IV,8,les Planes,418,00-02,7,10,17
1999,4,Districte IV,7,la Florida,431,12-15,20,25,45
2015,6,Districte VI,11,el Gornal,632,18-24,26,39,65
2007,1,Districte I,1,Centre,110,25-34,117,125,242
2011,4,Districte IV,8,les Planes,437,50-64,66,63,129
1997,4,Districte IV,8,les Planes,433,00-02,14,20,34
1996,1,Districte I,1,Centre,134,03-11,52,63,115
1996,5,Districte V,10,Pubilla Cases,531,12-15,9,21,30
2000,2,Districte II,4,la Torrassa,242,35-49,97,92,189
2005,2,Districte II,4,la Torrassa,235,50-64,107,92,199
1994,4,Districte IV,7,la Florida,408,50-64,94,91,185
2010,3,Districte III,6,Santa Eulàlia,302,00-02,21,26,47
1999,6,Districte VI,12,Bellvitge,630,12-15,20,15,35
2007,1,Districte I,1,Centre,104,25-34,74,70,144
2007,2,Districte II,5,Collblanc,220,03-11,38,29,67
2000,4,Districte IV,7,la Florida,410,16-17,22,22,44
1999,1,Districte I,1,Centre,130,03-11,32,32,64
2007,4,Districte IV,7,la Florida,407,03-11,46,38,84
1997,3,Districte III,6,Santa Eulàlia,301,16-17,17,25,42
1994,2,Districte II,5,Collblanc,201,75 i +,31,10,41
2005,5,Districte V,10,Pubilla Cases,524,65-74,84,60,144
2006,2,Districte II,5,Collblanc,210,75 i +,96,47,143
2004,5,Districte V,10,Pubilla Cases,528,00-02,16,16,32
1994,5,Districte V,10,Pubilla Cases,524,00-02,16,18,34
2013,3,Districte III,6,Santa Eulàlia,302,25-34,117,100,217
1995,3,Districte III,6,Santa Eulàlia,315,12-15,37,50,87
2003,3,Districte III,6,Santa Eulàlia,314,18-24,139,127,266
2014,3,Districte III,6,Santa Eulàlia,316,00-02,17,26,43
2003,4,Districte IV,8,les Planes,429,65-74,50,24,74
2001,5,Districte V,10,Pubilla Cases,511,16-17,4,3,7
2004,6,Districte VI,12,Bellvitge,604,16-17,2,5,7
2008,5,Districte V,10,Pubilla Cases,522,12-15,11,23,34
2005,5,Districte V,10,Pubilla Cases,533,35-49,99,137,236
1999,6,Districte VI,11,el Gornal,616,03-11,129,140,269
2000,2,Districte II,4,la Torrassa,217,12-15,9,8,17
2003,6,Districte VI,11,el Gornal,632,16-17,14,11,25
2000,2,Districte II,5,Collblanc,221,35-49,98,106,204
2007,1,Districte I,1,Centre,102,12-15,30,29,59
2005,2,Districte II,5,Collblanc,210,03-11,23,23,46
1996,4,Districte IV,7,la Florida,427,35-49,64,70,134
2001,5,Districte V,10,Pubilla Cases,512,16-17,7,9,16
2016,2,Districte II,4,la Torrassa,229,18-24,89,79,168
2006,4,Districte IV,7,la Florida,416,18-24,28,27,55
1998,5,Districte V,10,Pubilla Cases,514,35-49,65,67,132
1995,1,Districte I,1,Centre,128,18-24,87,79,166
2004,6,Districte VI,12,Bellvitge,611,25-34,179,216,395
2003,3,Districte III,6,Santa Eulàlia,310,75 i +,37,23,60
2006,1,Districte I,1,Centre,105,03-11,30,47,77
1999,5,Districte V,9,Can Serra,507,16-17,3,5,8
1995,6,Districte VI,12,Bellvitge,621,35-49,248,231,479
2005,6,Districte VI,12,Bellvitge,605,50-64,81,47,128
2001,3,Districte III,6,Santa Eulàlia,302,25-34,138,165,303
2006,1,Districte I,3,Sant Josep,117,50-64,223,221,444
2010,2,Districte II,4,la Torrassa,245,16-17,3,12,15
2010,2,Districte II,5,Collblanc,223,03-11,57,53,110
2007,6,Districte VI,11,el Gornal,608,35-49,93,98,191
2001,4,Districte IV,8,les Planes,435,16-17,8,10,18
2016,1,Districte I,3,Sant Josep,127,50-64,93,77,170
2002,2,Districte II,5,Collblanc,203,16-17,6,6,12
2014,2,Districte II,4,la Torrassa,243,65-74,61,48,109
2008,2,Districte II,4,la Torrassa,236,25-34,97,102,199
2009,5,Districte V,10,Pubilla Cases,538,03-11,57,55,112
2001,5,Districte V,10,Pubilla Cases,524,75 i +,54,31,85
2014,1,Districte I,1,Centre,103,65-74,34,30,64
2000,2,Districte II,4,la Torrassa,234,03-11,24,30,54
2014,6,Districte VI,11,el Gornal,617,75 i +,64,36,100
2014,6,Districte VI,12,Bellvitge,610,16-17,8,7,15
1994,2,Districte II,4,la Torrassa,211,12-15,19,21,40
2013,1,Districte I,3,Sant Josep,140,12-15,15,16,31
2003,1,Districte I,3,Sant Josep,125,50-64,171,161,332
2007,3,Districte III,6,Santa Eulàlia,303,50-64,145,118,263
1994,4,Districte IV,8,les Planes,429,35-49,81,80,161
2002,2,Districte II,5,Collblanc,202,65-74,49,43,92
2010,5,Districte V,10,Pubilla Cases,536,03-11,38,41,79
2012,5,Districte V,10,Pubilla Cases,512,16-17,8,6,14
1994,2,Districte II,5,Collblanc,201,03-11,18,19,37
2010,3,Districte III,6,Santa Eulàlia,302,12-15,14,23,37
2009,5,Districte V,10,Pubilla Cases,524,16-17,12,14,26
2005,2,Districte II,5,Collblanc,210,75 i +,93,49,142
2002,4,Districte IV,7,la Florida,410,00-02,15,30,45
2001,1,Districte I,3,Sant Josep,106,50-64,181,214,395
1996,5,Districte V,9,Can Serra,521,50-64,126,175,301
2003,5,Districte V,9,Can Serra,504,35-49,76,88,164
2005,4,Districte IV,7,la Florida,402,25-34,102,92,194
2004,3,Districte III,6,Santa Eulàlia,324,75 i +,49,25,74
1996,1,Districte I,3,Sant Josep,114,35-49,184,176,360
2005,6,Districte VI,12,Bellvitge,615,03-11,29,22,51
2006,2,Districte II,5,Collblanc,223,65-74,62,53,115
2013,3,Districte III,6,Santa Eulàlia,324,50-64,67,73,140
2006,2,Districte II,5,Collblanc,214,65-74,37,30,67
2016,6,Districte VI,12,Bellvitge,602,16-17,11,16,27
2014,5,Districte V,9,Can Serra,521,00-02,11,12,23
2003,2,Districte II,5,Collblanc,206,16-17,6,8,14
2013,3,Districte III,6,Santa Eulàlia,318,75 i +,31,21,52
2008,4,Districte IV,7,la Florida,403,25-34,103,121,224
1994,5,Districte V,9,Can Serra,505,25-34,88,99,187
2014,3,Districte III,6,Santa Eulàlia,324,35-49,159,175,334
1997,3,Districte III,6,Santa Eulàlia,322,12-15,36,18,54
2000,4,Districte IV,8,les Planes,434,03-11,21,23,44
2005,4,Districte IV,8,les Planes,436,65-74,39,22,61
2008,2,Districte II,5,Collblanc,203,16-17,3,10,13
1998,5,Districte V,10,Pubilla Cases,508,75 i +,24,21,45
1995,6,Districte VI,12,Bellvitge,623,50-64,163,187,350
2009,5,Districte V,9,Can Serra,535,18-24,43,42,85
1995,6,Districte VI,11,el Gornal,622,18-24,73,80,153
2015,2,Districte II,5,Collblanc,216,16-17,13,8,21
2005,6,Districte VI,12,Bellvitge,611,25-34,193,200,393
2016,4,Districte IV,7,la Florida,402,18-24,35,22,57
2010,6,Districte VI,12,Bellvitge,631,18-24,31,27,58
1998,4,Districte IV,7,la Florida,415,35-49,59,66,125
2002,3,Districte III,6,Santa Eulàlia,303,03-11,37,46,83
2014,5,Districte V,10,Pubilla Cases,526,35-49,236,280,516
1995,2,Districte II,4,la Torrassa,229,12-15,5,11,16
2000,2,Districte II,4,la Torrassa,242,50-64,106,100,206
2002,6,Districte VI,12,Bellvitge,627,65-74,34,28,62
1999,4,Districte IV,7,la Florida,430,18-24,42,36,78
2005,5,Districte V,10,Pubilla Cases,525,12-15,12,15,27
2007,2,Districte II,4,la Torrassa,245,35-49,142,134,276
2003,4,Districte IV,7,la Florida,426,35-49,107,113,220
2010,2,Districte II,4,la Torrassa,248,16-17,14,17,31
1997,5,Districte V,10,Pubilla Cases,509,35-49,67,60,127
2011,3,Districte III,6,Santa Eulàlia,317,25-34,112,124,236
2015,3,Districte III,6,Santa Eulàlia,305,75 i +,83,54,137
2014,2,Districte II,5,Collblanc,216,16-17,10,10,20
2001,5,Districte V,10,Pubilla Cases,522,65-74,38,44,82
2009,1,Districte I,1,Centre,135,18-24,60,56,116
2000,2,Districte II,5,Collblanc,203,16-17,3,8,11
2008,1,Districte I,3,Sant Josep,140,50-64,86,90,176
2005,6,Districte VI,11,el Gornal,629,12-15,8,9,17
2000,6,Districte VI,11,el Gornal,608,75 i +,29,13,42
2011,2,Districte II,4,la Torrassa,217,35-49,95,118,213
2015,6,Districte VI,12,Bellvitge,606,16-17,8,15,23
2010,1,Districte I,3,Sant Josep,106,00-02,23,23,46
2012,4,Districte IV,7,la Florida,413,75 i +,43,27,70
2004,6,Districte VI,11,el Gornal,616,18-24,151,150,301
1997,2,Districte II,4,la Torrassa,217,25-34,51,55,106
2008,5,Districte V,9,Can Serra,501,35-49,100,103,203
2014,2,Districte II,4,la Torrassa,228,65-74,115,74,189
2003,3,Districte III,6,Santa Eulàlia,324,16-17,10,14,24
2004,6,Districte VI,12,Bellvitge,624,18-24,48,46,94
2009,2,Districte II,4,la Torrassa,238,25-34,77,93,170
2004,3,Districte III,6,Santa Eulàlia,313,25-34,199,186,385
2000,3,Districte III,6,Santa Eulàlia,317,03-11,32,39,71
2002,5,Districte V,10,Pubilla Cases,516,16-17,3,3,6
2014,3,Districte III,6,Santa Eulàlia,316,65-74,116,126,242
2008,2,Districte II,5,Collblanc,215,75 i +,74,34,108
2007,2,Districte II,4,la Torrassa,247,12-15,22,18,40
2002,5,Districte V,9,Can Serra,521,50-64,176,179,355
2015,4,Districte IV,7,la Florida,423,16-17,7,8,15
2011,1,Districte I,3,Sant Josep,122,75 i +,55,40,95
2012,1,Districte I,1,Centre,103,18-24,22,12,34
2010,2,Districte II,5,Collblanc,244,25-34,66,60,126
2007,6,Districte VI,12,Bellvitge,611,35-49,199,257,456
2003,6,Districte VI,12,Bellvitge,603,75 i +,20,17,37
2013,5,Districte V,9,Can Serra,504,18-24,25,26,51
2012,2,Districte II,4,la Torrassa,245,75 i +,69,47,116
2011,4,Districte IV,7,la Florida,417,12-15,9,15,24
1996,5,Districte V,10,Pubilla Cases,509,16-17,9,5,14
2006,1,Districte I,3,Sant Josep,137,18-24,60,60,120
2015,2,Districte II,5,Collblanc,209,03-11,33,34,67
1996,5,Districte V,9,Can Serra,503,35-49,137,122,259
1997,2,Districte II,5,Collblanc,244,65-74,54,36,90
2001,1,Districte I,1,Centre,128,65-74,51,53,104
2005,2,Districte II,5,Collblanc,227,50-64,61,57,118
2010,6,Districte VI,12,Bellvitge,620,12-15,4,14,18
2012,3,Districte III,6,Santa Eulàlia,306,35-49,200,205,405
2001,2,Districte II,5,Collblanc,202,75 i +,30,23,53
2001,5,Districte V,10,Pubilla Cases,508,03-11,18,24,42
2003,5,Districte V,10,Pubilla Cases,518,35-49,103,113,216
2003,2,Districte II,4,la Torrassa,249,00-02,10,14,24
2009,5,Districte V,10,Pubilla Cases,525,50-64,62,71,133
2002,3,Districte III,6,Santa Eulàlia,321,18-24,138,121,259
1998,4,Districte IV,8,les Planes,439,18-24,57,39,96
2016,3,Districte III,6,Santa Eulàlia,311,12-15,28,29,57
1995,6,Districte VI,12,Bellvitge,604,25-34,74,79,153
2013,1,Districte I,1,Centre,109,18-24,36,28,64
2011,4,Districte IV,7,la Florida,430,65-74,49,38,87
2014,3,Districte III,6,Santa Eulàlia,311,65-74,69,54,123
2006,2,Districte II,4,la Torrassa,232,12-15,13,11,24
2010,3,Districte III,6,Santa Eulàlia,321,12-15,37,28,65
2007,6,Districte VI,12,Bellvitge,610,18-24,43,45,88
1994,1,Districte I,1,Centre,103,50-64,78,78,156
1996,4,Districte IV,7,la Florida,410,12-15,41,37,78
1994,4,Districte IV,7,la Florida,425,25-34,76,98,174
1994,2,Districte II,4,la Torrassa,232,35-49,93,76,169
2013,4,Districte IV,8,les Planes,435,25-34,99,101,200
2005,1,Districte I,1,Centre,124,03-11,20,22,42
2007,5,Districte V,9,Can Serra,506,16-17,19,21,40
1997,2,Districte II,4,la Torrassa,237,35-49,104,109,213
2000,4,Districte IV,8,les Planes,433,03-11,39,41,80
1999,1,Districte I,3,Sant Josep,117,03-11,65,60,125
1996,6,Districte VI,11,el Gornal,632,75 i +,28,8,36
2003,3,Districte III,6,Santa Eulàlia,311,18-24,49,52,101
2011,6,Districte VI,12,Bellvitge,630,65-74,54,47,101
1997,3,Districte III,6,Santa Eulàlia,305,03-11,80,54,134
2004,6,Districte VI,12,Bellvitge,613,25-34,128,143,271
2008,4,Districte IV,7,la Florida,413,03-11,15,20,35
1998,1,Districte I,1,Centre,113,18-24,90,92,182
2012,2,Districte II,5,Collblanc,201,00-02,15,23,38
2008,5,Districte V,10,Pubilla Cases,538,25-34,108,122,230
2016,1,Districte I,1,Centre,112,50-64,177,152,329
2011,5,Districte V,9,Can Serra,535,75 i +,42,39,81
1998,2,Districte II,4,la Torrassa,240,00-02,2,6,8
2016,4,Districte IV,7,la Florida,411,35-49,89,100,189
1995,2,Districte II,5,Collblanc,204,65-74,53,36,89
2012,1,Districte I,3,Sant Josep,119,25-34,83,80,163
2014,4,Districte IV,7,la Florida,432,35-49,124,147,271
2005,2,Districte II,4,la Torrassa,249,16-17,13,14,27
2005,2,Districte II,5,Collblanc,206,75 i +,65,37,102
2010,5,Districte V,10,Pubilla Cases,534,25-34,77,87,164
2002,4,Districte IV,8,les Planes,401,18-24,57,66,123
2016,6,Districte VI,12,Bellvitge,613,16-17,5,11,16
2014,6,Districte VI,12,Bellvitge,602,50-64,83,82,165
2009,4,Districte IV,7,la Florida,423,18-24,31,49,80
1995,3,Districte III,6,Santa Eulàlia,312,65-74,40,30,70
1998,1,Districte I,3,Sant Josep,126,12-15,15,16,31
2001,4,Districte IV,7,la Florida,402,03-11,23,21,44
2011,2,Districte II,5,Collblanc,205,16-17,8,9,17
1995,1,Districte I,1,Centre,123,50-64,108,113,221
2006,4,Districte IV,7,la Florida,430,16-17,5,8,13
2011,1,Districte I,1,Centre,112,18-24,48,66,114
2013,1,Districte I,3,Sant Josep,120,18-24,76,66,142
2016,4,Districte IV,8,les Planes,436,00-02,29,18,47
2006,1,Districte I,2,Sanfeliu,129,65-74,53,59,112
1995,5,Districte V,10,Pubilla Cases,534,00-02,7,11,18
2000,2,Districte II,5,Collblanc,209,25-34,78,84,162
2001,1,Districte I,3,Sant Josep,106,35-49,239,223,462
2003,4,Districte IV,8,les Planes,420,12-15,22,25,47
2009,4,Districte IV,8,les Planes,419,65-74,48,35,83
2015,1,Districte I,1,Centre,108,16-17,16,18,34
2016,5,Districte V,9,Can Serra,535,50-64,97,80,177
2007,4,Districte IV,8,les Planes,442,75 i +,33,20,53
2000,4,Districte IV,8,les Planes,440,00-02,9,8,17
1999,2,Districte II,4,la Torrassa,241,18-24,38,22,60
1997,5,Districte V,10,Pubilla Cases,511,03-11,9,17,26
1996,1,Districte I,3,Sant Josep,125,50-64,103,131,234
1996,6,Districte VI,12,Bellvitge,609,18-24,102,92,194
2003,1,Districte I,2,Sanfeliu,118,12-15,44,23,67
2009,2,Districte II,4,la Torrassa,248,18-24,55,48,103
2003,4,Districte IV,8,les Planes,419,12-15,15,11,26
2005,2,Districte II,4,la Torrassa,228,18-24,32,34,66
2000,4,Districte IV,8,les Planes,420,35-49,107,123,230
2002,1,Districte I,1,Centre,102,25-34,139,159,298
2004,2,Districte II,5,Collblanc,212,75 i +,63,40,103
2001,4,Districte IV,7,la Florida,424,16-17,6,6,12
1996,6,Districte VI,11,el Gornal,616,75 i +,21,15,36
2013,6,Districte VI,12,Bellvitge,621,03-11,45,56,101
2003,5,Districte V,9,Can Serra,501,03-11,43,37,80
2014,2,Districte II,4,la Torrassa,229,00-02,28,28,56
1998,5,Districte V,10,Pubilla Cases,519,03-11,12,26,38
2006,5,Districte V,10,Pubilla Cases,526,75 i +,35,20,55
2011,1,Districte I,2,Sanfeliu,129,50-64,93,85,178
1999,5,Districte V,9,Can Serra,521,18-24,98,103,201
1996,4,Districte IV,8,les Planes,440,35-49,100,84,184
1999,5,Districte V,9,Can Serra,503,65-74,27,19,46
2004,1,Districte I,1,Centre,112,35-49,208,175,383
1995,2,Districte II,5,Collblanc,215,50-64,85,72,157
2012,1,Districte I,1,Centre,113,50-64,221,187,408
2011,3,Districte III,6,Santa Eulàlia,312,12-15,22,28,50
2007,6,Districte VI,12,Bellvitge,612,35-49,97,122,219
2011,5,Districte V,10,Pubilla Cases,534,12-15,15,18,33
2007,6,Districte VI,12,Bellvitge,612,18-24,30,33,63
2007,2,Districte II,4,la Torrassa,241,50-64,47,52,99
2012,2,Districte II,5,Collblanc,208,75 i +,230,132,362
2011,6,Districte VI,12,Bellvitge,623,00-02,16,15,31
1999,3,Districte III,6,Santa Eulàlia,316,35-49,424,348,772
2002,1,Districte I,1,Centre,109,65-74,56,50,106
1997,5,Districte V,9,Can Serra,503,25-34,75,52,127
1998,2,Districte II,5,Collblanc,216,25-34,86,94,180
1995,4,Districte IV,7,la Florida,410,25-34,104,125,229
2016,4,Districte IV,8,les Planes,441,25-34,169,150,319
2002,5,Districte V,10,Pubilla Cases,525,65-74,70,54,124
2015,1,Districte I,1,Centre,124,65-74,44,29,73
2008,5,Districte V,10,Pubilla Cases,538,12-15,14,19,33
2014,1,Districte I,2,Sanfeliu,129,18-24,43,33,76
2007,4,Districte IV,8,les Planes,435,03-11,47,48,95
1994,3,Districte III,6,Santa Eulàlia,305,50-64,99,108,207
2004,4,Districte IV,8,les Planes,440,50-64,138,117,255
2007,5,Districte V,10,Pubilla Cases,518,35-49,134,137,271
2009,5,Districte V,10,Pubilla Cases,509,16-17,7,12,19
1999,6,Districte VI,12,Bellvitge,607,65-74,69,58,127
2005,4,Districte IV,7,la Florida,425,75 i +,54,40,94
1998,1,Districte I,3,Sant Josep,126,18-24,89,84,173
2001,1,Districte I,3,Sant Josep,136,12-15,20,14,34
1994,4,Districte IV,8,les Planes,419,25-34,67,75,142
2009,2,Districte II,5,Collblanc,214,16-17,13,8,21
2011,5,Districte V,10,Pubilla Cases,530,12-15,20,29,49
2009,4,Districte IV,8,les Planes,436,35-49,123,161,284
2004,2,Districte II,5,Collblanc,204,16-17,4,3,7
2000,6,Districte VI,12,Bellvitge,611,50-64,231,193,424
2001,2,Districte II,5,Collblanc,207,75 i +,70,29,99
1995,3,Districte III,6,Santa Eulàlia,314,00-02,26,27,53
2008,6,Districte VI,12,Bellvitge,623,18-24,48,43,91
2009,1,Districte I,3,Sant Josep,121,12-15,19,16,35
2015,2,Districte II,4,la Torrassa,247,25-34,107,94,201
2014,1,Districte I,1,Centre,135,35-49,166,180,346
2013,4,Districte IV,8,les Planes,418,75 i +,79,63,142
2007,2,Districte II,4,la Torrassa,247,18-24,59,62,121
2002,1,Districte I,1,Centre,113,00-02,8,15,23
1997,6,Districte VI,12,Bellvitge,602,16-17,8,4,12
2008,2,Districte II,4,la Torrassa,239,18-24,41,45,86
2003,2,Districte II,5,Collblanc,212,25-34,144,143,287
2016,6,Districte VI,12,Bellvitge,601,65-74,150,105,255
2001,6,Districte VI,12,Bellvitge,603,12-15,7,14,21
2008,4,Districte IV,7,la Florida,403,18-24,47,48,95
1997,2,Districte II,5,Collblanc,225,12-15,10,13,23
2006,3,Districte III,6,Santa Eulàlia,318,16-17,15,8,23
2012,1,Districte I,1,Centre,111,25-34,43,51,94
2009,5,Districte V,10,Pubilla Cases,527,25-34,154,127,281
2007,2,Districte II,4,la Torrassa,238,35-49,113,126,239
2007,4,Districte IV,7,la Florida,409,50-64,54,61,115
1997,6,Districte VI,12,Bellvitge,618,50-64,75,84,159
2007,2,Districte II,5,Collblanc,209,03-11,31,33,64
2016,2,Districte II,5,Collblanc,210,50-64,80,76,156
2010,6,Districte VI,12,Bellvitge,609,25-34,63,63,126
2013,3,Districte III,6,Santa Eulàlia,314,18-24,68,130,198
2003,1,Districte I,2,Sanfeliu,116,00-02,15,19,34
2007,4,Districte IV,7,la Florida,416,25-34,69,86,155
2003,6,Districte VI,12,Bellvitge,627,65-74,38,32,70
2007,5,Districte V,10,Pubilla Cases,537,35-49,123,140,263
2009,2,Districte II,5,Collblanc,227,00-02,12,10,22
1997,6,Districte VI,12,Bellvitge,631,00-02,13,9,22
2013,2,Districte II,4,la Torrassa,234,35-49,133,152,285
1996,1,Districte I,1,Centre,123,03-11,42,42,84
2009,6,Districte VI,11,el Gornal,617,35-49,104,113,217
2003,6,Districte VI,11,el Gornal,617,25-34,98,114,212
1997,2,Districte II,5,Collblanc,207,35-49,69,61,130
2008,6,Districte VI,12,Bellvitge,606,25-34,104,106,210
2000,2,Districte II,4,la Torrassa,237,75 i +,67,42,109
1996,4,Districte IV,8,les Planes,420,35-49,90,104,194
1996,2,Districte II,4,la Torrassa,245,65-74,70,53,123
2002,6,Districte VI,11,el Gornal,629,25-34,43,51,94
2014,5,Districte V,9,Can Serra,501,16-17,6,8,14
1999,1,Districte I,3,Sant Josep,137,50-64,134,133,267
2011,4,Districte IV,7,la Florida,424,25-34,51,57,108
1998,4,Districte IV,7,la Florida,423,75 i +,45,22,67
2006,2,Districte II,5,Collblanc,207,35-49,81,74,155
2003,3,Districte III,6,Santa Eulàlia,320,50-64,102,102,204
1998,1,Districte I,1,Centre,102,25-34,148,173,321
2012,2,Districte II,5,Collblanc,212,03-11,48,59,107
2002,4,Districte IV,7,la Florida,432,16-17,12,10,22
2002,5,Districte V,9,Can Serra,506,50-64,235,227,462
2012,2,Districte II,5,Collblanc,244,00-02,11,10,21
2005,6,Districte VI,12,Bellvitge,601,18-24,48,55,103
2009,6,Districte VI,12,Bellvitge,603,75 i +,21,22,43
2004,5,Districte V,10,Pubilla Cases,526,50-64,58,54,112
2010,2,Districte II,4,la Torrassa,242,18-24,36,49,85
2003,2,Districte II,5,Collblanc,223,65-74,71,59,130
2016,3,Districte III,6,Santa Eulàlia,303,18-24,38,48,86
2013,2,Districte II,4,la Torrassa,243,00-02,19,25,44
2010,4,Districte IV,7,la Florida,402,00-02,20,18,38
1998,2,Districte II,5,Collblanc,220,18-24,35,27,62
2005,5,Districte V,9,Can Serra,506,65-74,84,96,180
1995,1,Districte I,3,Sant Josep,120,00-02,19,10,29
2010,2,Districte II,4,la Torrassa,218,50-64,73,66,139
1998,3,Districte III,6,Santa Eulàlia,316,65-74,40,35,75
1998,2,Districte II,5,Collblanc,204,03-11,11,18,29
2014,1,Districte I,1,Centre,133,65-74,58,44,102
1996,4,Districte IV,8,les Planes,440,75 i +,47,31,78
2005,4,Districte IV,8,les Planes,439,35-49,139,166,305
2014,2,Districte II,5,Collblanc,210,12-15,12,12,24
2002,3,Districte III,6,Santa Eulàlia,315,35-49,172,172,344
2000,2,Districte II,4,la Torrassa,235,12-15,16,13,29
2004,3,Districte III,6,Santa Eulàlia,319,65-74,50,32,82
1998,6,Districte VI,12,Bellvitge,602,16-17,9,7,16
2004,4,Districte IV,8,les Planes,442,03-11,25,23,48
2010,5,Districte V,10,Pubilla Cases,512,75 i +,49,27,76
2007,3,Districte III,6,Santa Eulàlia,309,00-02,8,19,27
2006,3,Districte III,6,Santa Eulàlia,313,16-17,20,14,34
1995,4,Districte IV,7,la Florida,426,18-24,48,58,106
1997,5,Districte V,9,Can Serra,503,50-64,65,77,142
2009,2,Districte II,4,la Torrassa,228,65-74,45,35,80
1995,3,Districte III,6,Santa Eulàlia,307,50-64,143,137,280
2007,3,Districte III,6,Santa Eulàlia,302,65-74,65,51,116
2000,2,Districte II,5,Collblanc,202,35-49,52,63,115
2002,2,Districte II,4,la Torrassa,237,65-74,93,68,161
2016,3,Districte III,6,Santa Eulàlia,326,50-64,40,62,102
2009,2,Districte II,5,Collblanc,202,18-24,36,36,72
2014,3,Districte III,13,Granvia Sud,312,50-64,152,142,294
1998,4,Districte IV,7,la Florida,411,65-74,91,81,172
2014,6,Districte VI,12,Bellvitge,605,00-02,20,16,36
2001,4,Districte IV,7,la Florida,427,50-64,64,49,113
2001,6,Districte VI,12,Bellvitge,604,16-17,9,12,21
1998,1,Districte I,3,Sant Josep,120,50-64,122,125,247
1996,3,Districte III,6,Santa Eulàlia,310,75 i +,22,12,34
2007,5,Districte V,9,Can Serra,506,50-64,243,210,453
2006,2,Districte II,4,la Torrassa,234,03-11,28,29,57
2001,5,Districte V,10,Pubilla Cases,508,75 i +,32,23,55
2013,1,Districte I,2,Sanfeliu,132,65-74,104,120,224
2015,1,Districte I,1,Centre,133,18-24,14,24,38
2001,2,Districte II,5,Collblanc,220,03-11,25,19,44
2012,5,Districte V,9,Can Serra,506,12-15,28,29,57
1998,3,Districte III,6,Santa Eulàlia,308,00-02,9,18,27
2009,6,Districte VI,12,Bellvitge,624,25-34,87,108,195
2015,4,Districte IV,8,les Planes,436,35-49,196,209,405
2001,2,Districte II,5,Collblanc,209,18-24,19,29,48
1994,1,Districte I,1,Centre,105,50-64,78,84,162
2010,3,Districte III,6,Santa Eulàlia,309,50-64,88,71,159
2002,5,Districte V,10,Pubilla Cases,530,18-24,54,82,136
2006,1,Districte I,1,Centre,105,12-15,16,32,48
2013,2,Districte II,4,la Torrassa,249,03-11,40,47,87
2013,3,Districte III,6,Santa Eulàlia,325,03-11,67,77,144
2015,3,Districte III,6,Santa Eulàlia,316,25-34,164,186,350
2004,5,Districte V,9,Can Serra,504,50-64,142,108,250
2000,2,Districte II,5,Collblanc,210,50-64,94,76,170
2001,1,Districte I,1,Centre,111,12-15,18,16,34
2009,3,Districte III,6,Santa Eulàlia,325,25-34,113,131,244
1999,2,Districte II,5,Collblanc,244,18-24,25,16,41
2003,1,Districte I,1,Centre,135,16-17,16,13,29
2000,2,Districte II,4,la Torrassa,238,75 i +,61,30,91
1994,2,Districte II,5,Collblanc,214,75 i +,32,16,48
2010,2,Districte II,5,Collblanc,220,65-74,36,23,59
2012,5,Districte V,9,Can Serra,502,00-02,28,21,49
2001,6,Districte VI,12,Bellvitge,621,18-24,111,131,242
1994,2,Districte II,4,la Torrassa,217,00-02,5,5,10
1994,3,Districte III,6,Santa Eulàlia,307,25-34,96,78,174
1995,1,Districte I,2,Sanfeliu,129,65-74,44,33,77
2006,1,Districte I,3,Sant Josep,139,18-24,31,42,73
2007,2,Districte II,4,la Torrassa,249,18-24,54,46,100
1997,6,Districte VI,12,Bellvitge,607,65-74,56,46,102
2008,6,Districte VI,12,Bellvitge,603,16-17,2,8,10
1995,1,Districte I,3,Sant Josep,115,16-17,19,22,41
1996,2,Districte II,4,la Torrassa,245,00-02,3,5,8
2007,4,Districte IV,7,la Florida,411,18-24,38,34,72
1998,5,Districte V,10,Pubilla Cases,531,65-74,56,47,103
2011,3,Districte III,6,Santa Eulàlia,315,50-64,162,157,319
2003,5,Districte V,10,Pubilla Cases,531,00-02,9,11,20
2005,5,Districte V,10,Pubilla Cases,534,65-74,61,55,116
2004,3,Districte III,6,Santa Eulàlia,321,16-17,14,23,37
1996,6,Districte VI,12,Bellvitge,605,75 i +,17,11,28
1998,2,Districte II,5,Collblanc,214,65-74,43,41,84
2004,6,Districte VI,11,el Gornal,622,03-11,24,42,66
2009,4,Districte IV,8,les Planes,418,25-34,110,136,246
2009,4,Districte IV,7,la Florida,407,25-34,84,100,184
1997,6,Districte VI,12,Bellvitge,624,75 i +,26,12,38
2012,2,Districte II,5,Collblanc,219,50-64,98,96,194
2010,6,Districte VI,12,Bellvitge,625,00-02,7,16,23
2006,2,Districte II,4,la Torrassa,248,25-34,118,154,272
1997,5,Districte V,10,Pubilla Cases,509,50-64,85,91,176
2014,4,Districte IV,7,la Florida,423,18-24,37,31,68
2005,4,Districte IV,7,la Florida,430,18-24,42,48,90
2005,5,Districte V,9,Can Serra,505,50-64,201,151,352
1997,4,Districte IV,7,la Florida,411,65-74,83,79,162
2000,2,Districte II,4,la Torrassa,230,12-15,7,15,22
2010,2,Districte II,5,Collblanc,226,65-74,51,40,91
2012,5,Districte V,10,Pubilla Cases,536,16-17,11,9,20
2011,5,Districte V,10,Pubilla Cases,515,75 i +,35,16,51
2003,6,Districte VI,12,Bellvitge,611,18-24,81,66,147
2016,5,Districte V,10,Pubilla Cases,517,65-74,74,55,129
2006,5,Districte V,10,Pubilla Cases,519,65-74,43,32,75
2011,4,Districte IV,7,la Florida,432,50-64,168,131,299
2007,3,Districte III,6,Santa Eulàlia,322,16-17,7,14,21
2015,1,Districte I,3,Sant Josep,137,65-74,83,73,156
1994,2,Districte II,5,Collblanc,204,50-64,62,58,120
2007,4,Districte IV,7,la Florida,421,00-02,15,8,23
2008,2,Districte II,4,la Torrassa,232,75 i +,70,39,109
2014,4,Districte IV,8,les Planes,435,65-74,39,31,70
1996,1,Districte I,3,Sant Josep,115,16-17,16,17,33
2006,4,Districte IV,7,la Florida,411,03-11,27,24,51
1995,2,Districte II,5,Collblanc,203,00-02,7,5,12
2007,4,Districte IV,7,la Florida,422,50-64,85,71,156
2011,1,Districte I,3,Sant Josep,127,65-74,37,22,59
2004,4,Districte IV,7,la Florida,412,12-15,21,25,46
1999,1,Districte I,3,Sant Josep,114,00-02,23,18,41
2006,1,Districte I,1,Centre,133,00-02,15,11,26
2007,5,Districte V,10,Pubilla Cases,526,65-74,30,33,63
1996,1,Districte I,2,Sanfeliu,129,18-24,103,80,183
2006,5,Districte V,10,Pubilla Cases,522,50-64,58,55,113
2004,6,Districte VI,12,Bellvitge,609,50-64,122,106,228
1996,1,Districte I,2,Sanfeliu,129,65-74,42,36,78
2012,4,Districte IV,8,les Planes,429,16-17,6,4,10
2011,4,Districte IV,7,la Florida,421,03-11,54,39,93
2000,4,Districte IV,7,la Florida,410,65-74,124,123,247
2002,1,Districte I,2,Sanfeliu,129,75 i +,39,17,56
1994,3,Districte III,6,Santa Eulàlia,308,18-24,102,100,202
2012,3,Districte III,6,Santa Eulàlia,311,03-11,68,79,147
2009,4,Districte IV,8,les Planes,434,16-17,9,8,17
2002,4,Districte IV,7,la Florida,414,35-49,89,93,182
2005,2,Districte II,4,la Torrassa,247,16-17,13,12,25
2005,4,Districte IV,8,les Planes,433,18-24,60,52,112
1999,1,Districte I,2,Sanfeliu,116,16-17,28,15,43
2001,6,Districte VI,11,el Gornal,608,16-17,10,11,21
2008,4,Districte IV,8,les Planes,435,12-15,15,20,35
1999,4,Districte IV,7,la Florida,432,18-24,78,94,172
2003,6,Districte VI,12,Bellvitge,623,65-74,54,63,117
2001,6,Districte VI,11,el Gornal,616,50-64,185,205,390
2001,1,Districte I,1,Centre,107,50-64,183,181,364
1997,1,Districte I,3,Sant Josep,120,18-24,90,99,189
2007,3,Districte III,6,Santa Eulàlia,304,00-02,33,28,61
2008,5,Districte V,10,Pubilla Cases,511,75 i +,52,32,84
2006,1,Districte I,1,Centre,131,50-64,183,172,355
2003,4,Districte IV,7,la Florida,431,25-34,158,195,353
1996,4,Districte IV,8,les Planes,429,03-11,18,25,43
2004,6,Districte VI,12,Bellvitge,625,00-02,12,16,28
2015,2,Districte II,5,Collblanc,209,16-17,10,7,17
2001,2,Districte II,5,Collblanc,215,35-49,90,84,174
1995,1,Districte I,1,Centre,133,25-34,70,70,140
1998,5,Districte V,9,Can Serra,502,35-49,151,137,288
2012,3,Districte III,6,Santa Eulàlia,305,03-11,65,61,126
2005,4,Districte IV,8,les Planes,440,65-74,68,71,139
1998,6,Districte VI,12,Bellvitge,621,35-49,220,170,390
2013,4,Districte IV,8,les Planes,437,16-17,13,11,24
1999,2,Districte II,5,Collblanc,225,00-02,1,3,4
1996,3,Districte III,6,Santa Eulàlia,314,50-64,130,146,276
2005,1,Districte I,3,Sant Josep,115,03-11,49,50,99
1999,6,Districte VI,12,Bellvitge,630,75 i +,25,13,38
2004,2,Districte II,5,Collblanc,221,75 i +,39,34,73
2009,4,Districte IV,7,la Florida,424,65-74,33,25,58
2004,4,Districte IV,7,la Florida,404,50-64,117,111,228
2015,5,Districte V,9,Can Serra,507,00-02,8,10,18
2004,1,Districte I,1,Centre,131,65-74,55,49,104
2008,4,Districte IV,7,la Florida,414,00-02,19,14,33
2009,6,Districte VI,12,Bellvitge,630,12-15,5,16,21
2015,1,Districte I,3,Sant Josep,115,18-24,24,48,72
2016,1,Districte I,1,Centre,110,75 i +,77,51,128
2006,3,Districte III,6,Santa Eulàlia,312,50-64,172,148,320
2011,3,Districte III,6,Santa Eulàlia,322,00-02,21,22,43
2006,5,Districte V,9,Can Serra,503,65-74,33,26,59
1998,3,Districte III,6,Santa Eulàlia,324,65-74,58,38,96
2001,3,Districte III,6,Santa Eulàlia,313,00-02,27,24,51
1994,2,Districte II,4,la Torrassa,232,18-24,60,51,111
2000,5,Districte V,10,Pubilla Cases,536,12-15,9,11,20
2000,4,Districte IV,7,la Florida,407,35-49,93,87,180
2004,6,Districte VI,11,el Gornal,616,25-34,229,267,496
1996,4,Districte IV,7,la Florida,405,03-11,22,22,44
1999,2,Districte II,5,Collblanc,244,35-49,58,71,129
2011,4,Districte IV,8,les Planes,437,16-17,7,6,13
1998,2,Districte II,5,Collblanc,222,12-15,14,16,30
1994,5,Districte V,10,Pubilla Cases,526,03-11,22,29,51
2005,5,Districte V,9,Can Serra,535,16-17,12,10,22
2003,2,Districte II,4,la Torrassa,243,50-64,110,94,204
2005,4,Districte IV,8,les Planes,440,03-11,32,33,65
2002,6,Districte VI,12,Bellvitge,603,12-15,7,16,23
2005,4,Districte IV,7,la Florida,426,65-74,47,37,84
2006,1,Districte I,1,Centre,128,35-49,109,94,203
2011,1,Districte I,1,Centre,108,03-11,58,45,103
2001,1,Districte I,1,Centre,107,75 i +,67,37,104
2005,2,Districte II,5,Collblanc,226,25-34,122,122,244
2000,4,Districte IV,7,la Florida,431,25-34,110,106,216
2008,6,Districte VI,12,Bellvitge,631,25-34,99,105,204
1996,2,Districte II,5,Collblanc,209,18-24,35,37,72
1999,6,Districte VI,12,Bellvitge,601,00-02,10,12,22
2008,5,Districte V,10,Pubilla Cases,511,00-02,13,8,21
1999,3,Districte III,6,Santa Eulàlia,303,18-24,91,85,176
2007,1,Districte I,3,Sant Josep,136,50-64,116,111,227
2010,6,Districte VI,12,Bellvitge,604,50-64,60,58,118
2004,2,Districte II,4,la Torrassa,247,35-49,154,166,320
2001,4,Districte IV,7,la Florida,421,16-17,2,9,11
2003,6,Districte VI,12,Bellvitge,611,03-11,61,60,121
2005,6,Districte VI,12,Bellvitge,623,03-11,55,52,107
2007,4,Districte IV,7,la Florida,423,25-34,124,133,257
2016,1,Districte I,1,Centre,131,12-15,9,23,32
1995,2,Districte II,5,Collblanc,224,35-49,47,47,94
1994,4,Districte IV,7,la Florida,408,18-24,52,51,103
2004,3,Districte III,6,Santa Eulàlia,323,16-17,34,32,66
2000,5,Districte V,10,Pubilla Cases,508,65-74,39,32,71
2000,6,Districte VI,12,Bellvitge,623,00-02,21,11,32
2009,5,Districte V,9,Can Serra,503,18-24,33,33,66
2000,6,Districte VI,11,el Gornal,617,03-11,38,46,84
1999,5,Districte V,9,Can Serra,501,25-34,98,107,205
2008,5,Districte V,9,Can Serra,521,75 i +,47,31,78
2011,3,Districte III,6,Santa Eulàlia,321,35-49,258,216,474
2007,5,Districte V,9,Can Serra,501,35-49,101,102,203
2005,4,Districte IV,7,la Florida,406,50-64,132,114,246
2015,1,Districte I,1,Centre,123,35-49,161,144,305
2002,1,Districte I,2,Sanfeliu,118,65-74,43,45,88
2009,2,Districte II,5,Collblanc,216,75 i +,72,46,118
2003,5,Districte V,9,Can Serra,505,12-15,13,8,21
2014,4,Districte IV,7,la Florida,427,65-74,55,36,91
2007,5,Districte V,10,Pubilla Cases,515,12-15,19,11,30
2010,5,Districte V,10,Pubilla Cases,536,00-02,8,11,19
2001,1,Districte I,1,Centre,105,35-49,157,125,282
1997,4,Districte IV,8,les Planes,440,12-15,18,8,26
2012,3,Districte III,6,Santa Eulàlia,307,12-15,16,18,34
2004,2,Districte II,5,Collblanc,225,50-64,56,41,97
1994,6,Districte VI,12,Bellvitge,603,16-17,12,17,29
2005,2,Districte II,5,Collblanc,212,16-17,11,7,18
2014,5,Districte V,9,Can Serra,505,25-34,51,54,105
1997,3,Districte III,6,Santa Eulàlia,312,12-15,20,28,48
2011,1,Districte I,3,Sant Josep,119,00-02,8,9,17
1994,1,Districte I,3,Sant Josep,119,03-11,60,65,125
2009,4,Districte IV,7,la Florida,412,50-64,174,156,330
1994,5,Districte V,10,Pubilla Cases,515,12-15,9,6,15
2000,2,Districte II,5,Collblanc,244,03-11,17,21,38
1996,6,Districte VI,12,Bellvitge,615,75 i +,25,11,36
2016,6,Districte VI,12,Bellvitge,624,65-74,112,96,208
2002,6,Districte VI,12,Bellvitge,601,50-64,171,158,329
1999,4,Districte IV,7,la Florida,404,25-34,108,124,232
2011,2,Districte II,4,la Torrassa,242,00-02,11,15,26
2012,4,Districte IV,7,la Florida,424,35-49,62,83,145
2014,2,Districte II,5,Collblanc,205,25-34,69,78,147
2004,2,Districte II,4,la Torrassa,231,75 i +,93,42,135
2004,3,Districte III,6,Santa Eulàlia,313,16-17,18,12,30
2008,5,Districte V,9,Can Serra,501,00-02,5,18,23
2013,5,Districte V,9,Can Serra,535,12-15,6,19,25
2011,6,Districte VI,12,Bellvitge,609,03-11,33,27,60
2011,5,Districte V,10,Pubilla Cases,537,16-17,11,11,22
1997,1,Districte I,1,Centre,131,75 i +,32,19,51
2004,5,Districte V,10,Pubilla Cases,510,65-74,57,54,111
2009,2,Districte II,5,Collblanc,244,75 i +,53,31,84
2007,4,Districte IV,8,les Planes,442,35-49,80,71,151
2011,6,Districte VI,12,Bellvitge,625,16-17,9,9,18
1997,5,Districte V,10,Pubilla Cases,537,16-17,15,16,31
2000,1,Districte I,1,Centre,135,75 i +,54,25,79
2006,5,Districte V,10,Pubilla Cases,509,12-15,12,19,31
2012,2,Districte II,4,la Torrassa,248,18-24,56,51,107
2013,4,Districte IV,8,les Planes,418,03-11,68,48,116
2007,1,Districte I,3,Sant Josep,120,35-49,232,225,457
1997,1,Districte I,1,Centre,110,25-34,84,102,186
2001,1,Districte I,1,Centre,111,75 i +,39,26,65
2010,6,Districte VI,12,Bellvitge,619,25-34,72,71,143
2005,6,Districte VI,12,Bellvitge,618,00-02,12,10,22
2001,5,Districte V,10,Pubilla Cases,516,25-34,72,66,138
1995,6,Districte VI,12,Bellvitge,630,00-02,9,4,13
2001,6,Districte VI,12,Bellvitge,631,00-02,10,9,19
1999,6,Districte VI,12,Bellvitge,621,25-34,141,145,286
1997,6,Districte VI,12,Bellvitge,605,12-15,7,10,17
2016,3,Districte III,6,Santa Eulàlia,313,65-74,107,92,199
2015,5,Districte V,10,Pubilla Cases,537,25-34,102,86,188
2003,6,Districte VI,12,Bellvitge,624,35-49,82,109,191
2015,6,Districte VI,12,Bellvitge,614,03-11,39,52,91
1999,4,Districte IV,8,les Planes,439,65-74,59,59,118
2000,1,Districte I,1,Centre,134,25-34,113,98,211
2010,2,Districte II,5,Collblanc,244,12-15,9,8,17
1995,5,Districte V,10,Pubilla Cases,513,75 i +,41,13,54
2002,2,Districte II,4,la Torrassa,246,18-24,38,33,71
2004,1,Districte I,3,Sant Josep,138,12-15,14,16,30
2002,6,Districte VI,12,Bellvitge,620,65-74,28,39,67
1996,4,Districte IV,8,les Planes,429,12-15,13,21,34
2002,1,Districte I,3,Sant Josep,127,03-11,25,30,55
2005,5,Districte V,10,Pubilla Cases,526,12-15,11,15,26
2011,4,Districte IV,8,les Planes,441,12-15,39,32,71
1995,2,Districte II,4,la Torrassa,233,03-11,15,17,32
2013,3,Districte III,6,Santa Eulàlia,311,12-15,24,27,51
2013,6,Districte VI,11,el Gornal,617,65-74,64,45,109
2015,5,Districte V,10,Pubilla Cases,518,35-49,145,147,292
2015,5,Districte V,10,Pubilla Cases,517,25-34,173,180,353
2010,2,Districte II,4,la Torrassa,233,16-17,6,12,18
2005,2,Districte II,5,Collblanc,205,03-11,31,28,59
1999,3,Districte III,6,Santa Eulàlia,313,25-34,142,138,280
1995,5,Districte V,10,Pubilla Cases,524,75 i +,43,26,69
2004,1,Districte I,1,Centre,135,18-24,76,97,173
2010,2,Districte II,5,Collblanc,207,75 i +,67,22,89
2005,2,Districte II,5,Collblanc,205,75 i +,62,34,96
1998,5,Districte V,10,Pubilla Cases,537,65-74,74,62,136
2009,1,Districte I,3,Sant Josep,119,35-49,125,145,270
1995,3,Districte III,6,Santa Eulàlia,303,03-11,43,40,83
2012,1,Districte I,2,Sanfeliu,132,12-15,36,43,79
1994,6,Districte VI,12,Bellvitge,623,75 i +,42,24,66
2001,2,Districte II,4,la Torrassa,248,18-24,42,65,107
1998,5,Districte V,9,Can Serra,507,35-49,83,76,159
2011,3,Districte III,6,Santa Eulàlia,313,75 i +,97,63,160
2009,1,Districte I,3,Sant Josep,125,12-15,23,32,55
2005,1,Districte I,1,Centre,109,18-24,47,43,90
2006,5,Districte V,10,Pubilla Cases,527,65-74,56,41,97
2004,3,Districte III,6,Santa Eulàlia,306,65-74,94,73,167
2008,1,Districte I,2,Sanfeliu,116,00-02,15,22,37
1997,4,Districte IV,8,les Planes,435,12-15,7,24,31
1996,1,Districte I,1,Centre,109,50-64,103,99,202
2005,6,Districte VI,12,Bellvitge,618,12-15,8,12,20
1996,1,Districte I,1,Centre,124,12-15,30,30,60
1996,1,Districte I,3,Sant Josep,126,00-02,10,5,15
2002,4,Districte IV,7,la Florida,406,16-17,10,14,24
2014,2,Districte II,4,la Torrassa,240,65-74,64,47,111
2009,3,Districte III,6,Santa Eulàlia,312,75 i +,66,35,101
2003,1,Districte I,3,Sant Josep,136,00-02,15,21,36
2006,6,Districte VI,12,Bellvitge,623,12-15,12,31,43
1999,2,Districte II,5,Collblanc,201,12-15,10,18,28
2010,5,Districte V,10,Pubilla Cases,522,35-49,106,104,210
2006,4,Districte IV,8,les Planes,437,75 i +,36,20,56
2007,1,Districte I,1,Centre,101,03-11,97,70,167
1995,6,Districte VI,12,Bellvitge,613,03-11,38,40,78
2003,6,Districte VI,11,el Gornal,622,18-24,45,45,90
1999,6,Districte VI,12,Bellvitge,620,00-02,2,6,8
2012,6,Districte VI,11,el Gornal,629,12-15,7,7,14
2005,3,Districte III,6,Santa Eulàlia,319,65-74,47,34,81
1994,4,Districte IV,7,la Florida,402,03-11,23,23,46
1997,5,Districte V,9,Can Serra,501,16-17,23,26,49
2004,2,Districte II,5,Collblanc,223,65-74,72,60,132
2012,6,Districte VI,11,el Gornal,616,65-74,104,95,199
2000,2,Districte II,5,Collblanc,220,03-11,20,22,42
2005,6,Districte VI,12,Bellvitge,627,50-64,156,165,321
2016,1,Districte I,1,Centre,111,25-34,46,40,86
2008,2,Districte II,5,Collblanc,213,00-02,25,18,43
2003,2,Districte II,5,Collblanc,221,25-34,105,104,209
2001,1,Districte I,1,Centre,105,75 i +,47,22,69
2010,1,Districte I,2,Sanfeliu,118,75 i +,52,35,87
2008,3,Districte III,6,Santa Eulàlia,325,50-64,204,174,378
1994,3,Districte III,6,Santa Eulàlia,312,00-02,14,14,28
2011,5,Districte V,10,Pubilla Cases,516,35-49,100,101,201
1999,1,Districte I,1,Centre,107,35-49,161,156,317
2010,2,Districte II,5,Collblanc,207,35-49,82,81,163
1998,5,Districte V,10,Pubilla Cases,508,25-34,43,60,103
2001,1,Districte I,2,Sanfeliu,118,03-11,63,64,127
1995,6,Districte VI,11,el Gornal,626,75 i +,21,18,39
1997,3,Districte III,6,Santa Eulàlia,312,75 i +,39,29,68
2011,2,Districte II,5,Collblanc,206,18-24,34,33,67
2006,4,Districte IV,8,les Planes,442,16-17,6,7,13
1994,6,Districte VI,12,Bellvitge,630,12-15,44,54,98
1996,6,Districte VI,11,el Gornal,608,25-34,82,102,184
1995,5,Districte V,9,Can Serra,535,18-24,100,116,216
1997,6,Districte VI,12,Bellvitge,601,00-02,11,13,24
2007,1,Districte I,3,Sant Josep,137,50-64,172,152,324
2001,1,Districte I,2,Sanfeliu,129,16-17,12,11,23
2010,2,Districte II,4,la Torrassa,231,65-74,60,38,98
2006,1,Districte I,2,Sanfeliu,116,25-34,125,131,256
2007,2,Districte II,4,la Torrassa,229,50-64,64,46,110
2006,1,Districte I,1,Centre,123,18-24,46,37,83
2004,4,Districte IV,7,la Florida,411,35-49,97,104,201
2008,3,Districte III,6,Santa Eulàlia,322,00-02,28,19,47
2010,6,Districte VI,12,Bellvitge,621,00-02,17,18,35
2013,5,Districte V,10,Pubilla Cases,525,16-17,7,11,18
2007,6,Districte VI,12,Bellvitge,625,25-34,107,125,232
1995,4,Districte IV,7,la Florida,417,16-17,8,15,23
2011,5,Districte V,10,Pubilla Cases,513,35-49,99,80,179
2000,5,Districte V,10,Pubilla Cases,527,35-49,103,113,216
2003,5,Districte V,10,Pubilla Cases,515,25-34,52,67,119
2006,5,Districte V,9,Can Serra,507,75 i +,36,18,54
1998,6,Districte VI,12,Bellvitge,610,75 i +,36,22,58
2005,4,Districte IV,8,les Planes,437,25-34,82,104,186
2015,5,Districte V,10,Pubilla Cases,525,16-17,8,7,15
2015,1,Districte I,1,Centre,104,25-34,46,58,104
2003,5,Districte V,10,Pubilla Cases,514,25-34,60,72,132
2004,6,Districte VI,12,Bellvitge,612,65-74,61,60,121
2009,1,Districte I,3,Sant Josep,125,03-11,73,76,149
2010,3,Districte III,6,Santa Eulàlia,302,75 i +,68,36,104
2013,2,Districte II,4,la Torrassa,237,35-49,184,207,391
1997,2,Districte II,4,la Torrassa,211,35-49,91,98,189
1995,1,Districte I,2,Sanfeliu,129,03-11,47,46,93
1997,4,Districte IV,7,la Florida,412,16-17,21,34,55
2011,2,Districte II,4,la Torrassa,237,35-49,176,210,386
2004,4,Districte IV,7,la Florida,421,00-02,13,14,27
2005,4,Districte IV,7,la Florida,417,25-34,75,81,156
2006,4,Districte IV,7,la Florida,405,16-17,9,8,17
2007,6,Districte VI,12,Bellvitge,606,12-15,20,18,38
2002,4,Districte IV,7,la Florida,427,18-24,39,36,75
2013,2,Districte II,5,Collblanc,226,75 i +,125,77,202
1994,5,Districte V,9,Can Serra,502,65-74,82,66,148
1997,4,Districte IV,7,la Florida,424,18-24,35,49,84
1997,2,Districte II,5,Collblanc,226,75 i +,72,35,107
1994,2,Districte II,4,la Torrassa,234,50-64,106,77,183
2012,3,Districte III,6,Santa Eulàlia,322,16-17,13,20,33
1999,3,Districte III,6,Santa Eulàlia,321,65-74,79,78,157
1995,4,Districte IV,7,la Florida,402,35-49,79,71,150
2016,2,Districte II,5,Collblanc,226,35-49,254,231,485
2003,3,Districte III,6,Santa Eulàlia,324,35-49,90,95,185
1997,4,Districte IV,7,la Florida,403,00-02,0,5,5
2010,1,Districte I,1,Centre,109,12-15,15,16,31
2014,4,Districte IV,7,la Florida,431,16-17,12,13,25
2000,6,Districte VI,12,Bellvitge,603,18-24,33,50,83
2013,3,Districte III,6,Santa Eulàlia,312,25-34,168,148,316
2001,2,Districte II,4,la Torrassa,229,16-17,5,4,9
2005,2,Districte II,4,la Torrassa,237,03-11,49,46,95
2008,3,Districte III,6,Santa Eulàlia,320,35-49,135,147,282
2003,5,Districte V,10,Pubilla Cases,519,75 i +,16,24,40
2013,5,Districte V,10,Pubilla Cases,538,16-17,11,17,28
1994,1,Districte I,3,Sant Josep,138,65-74,17,17,34
2010,6,Districte VI,12,Bellvitge,627,16-17,3,6,9
2008,6,Districte VI,12,Bellvitge,610,00-02,10,17,27
1994,1,Districte I,3,Sant Josep,136,18-24,49,65,114
2001,4,Districte IV,8,les Planes,438,75 i +,31,13,44
1997,1,Districte I,3,Sant Josep,125,35-49,151,124,275
2002,6,Districte VI,12,Bellvitge,607,35-49,104,92,196
2012,2,Districte II,5,Collblanc,207,50-64,78,65,143
2015,3,Districte III,6,Santa Eulàlia,319,18-24,36,52,88
1996,6,Districte VI,12,Bellvitge,624,50-64,137,165,302
2012,4,Districte IV,7,la Florida,423,25-34,87,96,183
2006,6,Districte VI,12,Bellvitge,609,03-11,32,32,64
2003,6,Districte VI,12,Bellvitge,631,16-17,7,9,16
2004,4,Districte IV,7,la Florida,415,35-49,80,94,174
2000,1,Districte I,1,Centre,113,12-15,38,37,75
2013,2,Districte II,4,la Torrassa,246,65-74,38,38,76
1998,4,Districte IV,7,la Florida,413,16-17,4,6,10
2014,6,Districte VI,12,Bellvitge,625,25-34,67,83,150
2000,5,Districte V,10,Pubilla Cases,508,35-49,51,61,112
2016,4,Districte IV,8,les Planes,420,16-17,14,21,35
2009,2,Districte II,4,la Torrassa,241,16-17,7,5,12
2012,6,Districte VI,12,Bellvitge,605,25-34,49,46,95
2016,4,Districte IV,7,la Florida,407,75 i +,94,48,142
2009,2,Districte II,5,Collblanc,215,50-64,87,81,168
2004,2,Districte II,4,la Torrassa,245,00-02,12,17,29
1998,3,Districte III,6,Santa Eulàlia,309,75 i +,25,12,37
2001,2,Districte II,5,Collblanc,209,12-15,10,19,29
1998,6,Districte VI,12,Bellvitge,603,00-02,6,4,10
2012,2,Districte II,5,Collblanc,219,75 i +,90,48,138
2001,4,Districte IV,7,la Florida,402,12-15,12,16,28
1994,3,Districte III,6,Santa Eulàlia,311,03-11,39,51,90
2006,1,Districte I,3,Sant Josep,106,65-74,63,41,104
1996,4,Districte IV,7,la Florida,423,65-74,55,43,98
1999,2,Districte II,4,la Torrassa,243,50-64,132,107,239
2011,2,Districte II,5,Collblanc,209,25-34,92,83,175
1997,1,Districte I,1,Centre,107,12-15,40,44,84
2015,2,Districte II,5,Collblanc,224,18-24,37,44,81
2005,5,Districte V,9,Can Serra,521,50-64,169,143,312
2016,1,Districte I,1,Centre,110,50-64,117,89,206
1996,6,Districte VI,11,el Gornal,626,25-34,92,117,209
2009,6,Districte VI,11,el Gornal,629,16-17,4,4,8
1998,1,Districte I,1,Centre,130,65-74,80,64,144
2015,1,Districte I,3,Sant Josep,125,00-02,19,33,52
2008,3,Districte III,6,Santa Eulàlia,305,50-64,172,164,336
2009,1,Districte I,3,Sant Josep,139,16-17,6,5,11
1998,1,Districte I,3,Sant Josep,138,16-17,12,17,29
2002,1,Districte I,1,Centre,101,25-34,166,184,350
2001,4,Districte IV,7,la Florida,416,75 i +,33,20,53
1996,3,Districte III,6,Santa Eulàlia,302,03-11,57,47,104
1994,2,Districte II,5,Collblanc,212,50-64,140,131,271
1995,5,Districte V,10,Pubilla Cases,536,00-02,5,10,15
2005,4,Districte IV,8,les Planes,418,75 i +,58,35,93
2011,5,Districte V,10,Pubilla Cases,512,12-15,16,15,31
2014,3,Districte III,6,Santa Eulàlia,326,65-74,11,10,21
2014,5,Districte V,10,Pubilla Cases,531,50-64,81,83,164
2007,2,Districte II,4,la Torrassa,231,18-24,33,42,75
2014,3,Districte III,6,Santa Eulàlia,321,18-24,71,83,154
2007,5,Districte V,10,Pubilla Cases,510,03-11,29,31,60
2010,1,Districte I,1,Centre,107,03-11,67,72,139
2004,6,Districte VI,12,Bellvitge,602,50-64,63,53,116
2010,3,Districte III,6,Santa Eulàlia,319,16-17,16,18,34
2013,4,Districte IV,8,les Planes,433,00-02,34,25,59
2004,2,Districte II,5,Collblanc,215,00-02,13,11,24
2000,5,Districte V,10,Pubilla Cases,526,65-74,34,31,65
2016,4,Districte IV,7,la Florida,425,65-74,44,30,74
2011,1,Districte I,1,Centre,104,25-34,61,55,116
2005,4,Districte IV,7,la Florida,426,75 i +,49,36,85
2006,4,Districte IV,8,les Planes,437,16-17,8,10,18
2001,4,Districte IV,7,la Florida,432,03-11,27,34,61
2008,4,Districte IV,7,la Florida,411,50-64,96,72,168
1998,6,Districte VI,11,el Gornal,632,18-24,97,97,194
1999,2,Districte II,4,la Torrassa,238,35-49,63,80,143
2005,5,Districte V,10,Pubilla Cases,529,03-11,38,33,71
2002,1,Districte I,3,Sant Josep,114,18-24,96,100,196
2008,1,Districte I,3,Sant Josep,137,12-15,26,20,46
2011,4,Districte IV,7,la Florida,424,65-74,32,21,53
2011,4,Districte IV,8,les Planes,420,18-24,52,48,100
2002,6,Districte VI,11,el Gornal,622,00-02,10,8,18
2000,6,Districte VI,11,el Gornal,616,35-49,294,291,585
2014,1,Districte I,1,Centre,109,00-02,13,16,29
2011,1,Districte I,1,Centre,107,50-64,159,129,288
2014,2,Districte II,4,la Torrassa,237,18-24,36,46,82
1999,5,Districte V,10,Pubilla Cases,522,16-17,9,5,14
2000,2,Districte II,4,la Torrassa,217,65-74,41,34,75
2005,5,Districte V,10,Pubilla Cases,527,16-17,14,10,24
1996,6,Districte VI,12,Bellvitge,603,35-49,57,50,107
2007,6,Districte VI,12,Bellvitge,615,65-74,56,77,133
2013,2,Districte II,5,Collblanc,202,00-02,24,30,54
2010,2,Districte II,4,la Torrassa,235,25-34,148,157,305
1995,2,Districte II,4,la Torrassa,242,18-24,55,53,108
1998,4,Districte IV,7,la Florida,404,65-74,78,63,141
1998,4,Districte IV,7,la Florida,432,35-49,145,124,269
1995,5,Districte V,10,Pubilla Cases,527,03-11,39,39,78
1997,4,Districte IV,7,la Florida,412,50-64,183,178,361
2015,1,Districte I,1,Centre,105,65-74,67,70,137
2002,3,Districte III,6,Santa Eulàlia,303,65-74,123,142,265
2002,1,Districte I,1,Centre,134,12-15,20,27,47
2004,4,Districte IV,7,la Florida,417,35-49,74,84,158
2016,2,Districte II,4,la Torrassa,245,00-02,14,19,33
1998,4,Districte IV,8,les Planes,440,65-74,46,51,97
1995,4,Districte IV,7,la Florida,403,12-15,38,29,67
2007,5,Districte V,10,Pubilla Cases,533,75 i +,39,38,77
2012,6,Districte VI,12,Bellvitge,624,03-11,37,47,84
2015,2,Districte II,5,Collblanc,226,25-34,117,133,250
2012,1,Districte I,1,Centre,111,12-15,13,11,24
2003,1,Districte I,3,Sant Josep,119,65-74,65,53,118
2013,4,Districte IV,7,la Florida,426,00-02,12,12,24
1995,2,Districte II,4,la Torrassa,248,25-34,81,102,183
2003,1,Districte I,3,Sant Josep,115,35-49,148,152,300
2016,6,Districte VI,11,el Gornal,617,16-17,8,7,15
2011,1,Districte I,3,Sant Josep,115,75 i +,80,39,119
1994,4,Districte IV,8,les Planes,435,16-17,20,12,32
2001,6,Districte VI,12,Bellvitge,612,25-34,110,135,245
2014,4,Districte IV,8,les Planes,418,03-11,62,48,110
2005,1,Districte I,1,Centre,108,25-34,106,116,222
2007,4,Districte IV,7,la Florida,415,18-24,39,44,83
2016,6,Districte VI,12,Bellvitge,606,12-15,19,16,35
1996,2,Districte II,4,la Torrassa,246,25-34,81,90,171
2003,6,Districte VI,12,Bellvitge,601,25-34,115,141,256
2002,4,Districte IV,8,les Planes,436,25-34,103,116,219
2013,4,Districte IV,7,la Florida,411,16-17,7,7,14
2009,6,Districte VI,12,Bellvitge,604,35-49,83,118,201
1999,2,Districte II,4,la Torrassa,217,16-17,8,6,14
2002,4,Districte IV,7,la Florida,411,16-17,4,8,12
1995,1,Districte I,3,Sant Josep,127,16-17,8,7,15
2005,5,Districte V,10,Pubilla Cases,519,50-64,40,41,81
2007,1,Districte I,3,Sant Josep,137,12-15,24,21,45
2016,4,Districte IV,8,les Planes,433,18-24,90,69,159
2008,2,Districte II,4,la Torrassa,249,18-24,54,50,104
2016,5,Districte V,10,Pubilla Cases,525,25-34,79,61,140
2011,1,Districte I,1,Centre,131,65-74,81,77,158
2000,2,Districte II,5,Collblanc,209,18-24,24,27,51
1994,3,Districte III,6,Santa Eulàlia,309,50-64,56,54,110
1997,4,Districte IV,7,la Florida,431,65-74,83,73,156
2002,5,Districte V,10,Pubilla Cases,532,03-11,48,46,94
1995,2,Districte II,4,la Torrassa,211,50-64,117,92,209
2013,6,Districte VI,12,Bellvitge,605,16-17,14,14,28
2007,4,Districte IV,7,la Florida,424,16-17,6,7,13
2012,4,Districte IV,7,la Florida,424,50-64,49,41,90
2012,4,Districte IV,7,la Florida,421,18-24,43,51,94
2009,3,Districte III,6,Santa Eulàlia,318,50-64,98,99,197
2014,2,Districte II,5,Collblanc,213,16-17,4,11,15
2003,5,Districte V,10,Pubilla Cases,526,16-17,2,5,7
1999,1,Districte I,1,Centre,104,50-64,70,65,135
2015,1,Districte I,1,Centre,104,50-64,76,72,148
1998,4,Districte IV,7,la Florida,427,50-64,82,53,135
2003,5,Districte V,9,Can Serra,521,03-11,21,24,45
1995,1,Districte I,1,Centre,131,35-49,210,193,403
2002,5,Districte V,9,Can Serra,504,18-24,37,45,82
2006,4,Districte IV,8,les Planes,437,35-49,102,107,209
1999,1,Districte I,3,Sant Josep,139,65-74,34,22,56
2006,6,Districte VI,12,Bellvitge,609,00-02,14,11,25
1998,1,Districte I,1,Centre,135,25-34,122,122,244
2001,4,Districte IV,8,les Planes,438,18-24,34,34,68
2006,4,Districte IV,8,les Planes,441,16-17,25,30,55
2015,5,Districte V,9,Can Serra,502,50-64,134,128,262
2008,3,Districte III,6,Santa Eulàlia,316,00-02,13,8,21
2003,5,Districte V,9,Can Serra,507,00-02,15,8,23
2006,6,Districte VI,12,Bellvitge,627,75 i +,36,20,56
1998,6,Districte VI,12,Bellvitge,630,00-02,4,14,18
2008,5,Districte V,9,Can Serra,501,03-11,41,41,82
2001,5,Districte V,9,Can Serra,503,50-64,84,104,188
1995,6,Districte VI,12,Bellvitge,610,12-15,37,25,62
2002,4,Districte IV,8,les Planes,438,00-02,11,16,27
2000,5,Districte V,10,Pubilla Cases,531,00-02,13,15,28
2012,2,Districte II,4,la Torrassa,228,25-34,68,71,139
2010,6,Districte VI,12,Bellvitge,602,18-24,15,20,35
1998,3,Districte III,6,Santa Eulàlia,318,16-17,14,13,27
2007,2,Districte II,4,la Torrassa,246,50-64,82,69,151
2011,5,Districte V,10,Pubilla Cases,512,03-11,35,39,74
2005,2,Districte II,4,la Torrassa,241,18-24,28,30,58
2002,3,Districte III,6,Santa Eulàlia,307,25-34,108,112,220
1999,6,Districte VI,12,Bellvitge,612,12-15,16,21,37
2005,1,Districte I,1,Centre,101,12-15,19,32,51
1997,3,Districte III,6,Santa Eulàlia,302,03-11,56,47,103
2004,1,Districte I,3,Sant Josep,115,12-15,19,32,51
2000,3,Districte III,6,Santa Eulàlia,316,65-74,36,28,64
2007,5,Districte V,10,Pubilla Cases,512,00-02,21,21,42
2016,1,Districte I,1,Centre,109,16-17,11,12,23
2001,3,Districte III,6,Santa Eulàlia,308,25-34,158,158,316
2003,4,Districte IV,7,la Florida,404,50-64,125,107,232
1998,4,Districte IV,7,la Florida,427,18-24,45,51,96
2007,1,Districte I,1,Centre,131,65-74,57,57,114
2005,1,Districte I,1,Centre,113,75 i +,48,25,73
1999,5,Districte V,9,Can Serra,521,16-17,15,11,26
2003,2,Districte II,4,la Torrassa,240,25-34,65,81,146
2012,2,Districte II,4,la Torrassa,240,35-49,100,96,196
1999,1,Districte I,1,Centre,101,25-34,103,108,211
2012,6,Districte VI,12,Bellvitge,614,12-15,10,13,23
2005,6,Districte VI,12,Bellvitge,630,65-74,34,33,67
2010,1,Districte I,1,Centre,131,12-15,21,19,40
2009,5,Districte V,10,Pubilla Cases,532,65-74,81,66,147
2005,2,Districte II,5,Collblanc,209,65-74,58,51,109
1996,6,Districte VI,12,Bellvitge,628,75 i +,28,14,42
1994,1,Districte I,3,Sant Josep,126,50-64,130,149,279
1994,4,Districte IV,7,la Florida,403,00-02,6,10,16
2001,2,Districte II,5,Collblanc,223,03-11,44,40,84
2001,2,Districte II,4,la Torrassa,241,50-64,51,45,96
2013,6,Districte VI,12,Bellvitge,612,50-64,59,62,121
2005,6,Districte VI,12,Bellvitge,611,18-24,66,60,126
2009,6,Districte VI,12,Bellvitge,602,12-15,10,12,22
2001,6,Districte VI,12,Bellvitge,605,35-49,52,43,95
2009,6,Districte VI,11,el Gornal,626,35-49,103,108,211
2007,2,Districte II,5,Collblanc,224,65-74,33,16,49
1995,2,Districte II,5,Collblanc,216,03-11,33,40,73
2009,2,Districte II,5,Collblanc,221,00-02,14,14,28
2012,2,Districte II,5,Collblanc,201,03-11,48,60,108
2011,3,Districte III,6,Santa Eulàlia,310,65-74,37,39,76
2003,6,Districte VI,11,el Gornal,608,18-24,44,36,80
2014,2,Districte II,4,la Torrassa,245,18-24,46,34,80
2010,1,Districte I,3,Sant Josep,121,25-34,72,62,134
2005,2,Districte II,4,la Torrassa,236,03-11,47,31,78
2004,1,Districte I,1,Centre,135,50-64,154,163,317
1994,6,Districte VI,12,Bellvitge,625,50-64,94,106,200
2003,2,Districte II,5,Collblanc,215,75 i +,72,37,109
1995,2,Districte II,5,Collblanc,222,75 i +,34,23,57
1994,2,Districte II,4,la Torrassa,236,00-02,6,7,13
2016,5,Districte V,9,Can Serra,506,16-17,17,20,37
1999,3,Districte III,6,Santa Eulàlia,301,65-74,107,96,203
2007,1,Districte I,1,Centre,102,65-74,95,97,192
2006,3,Districte III,6,Santa Eulàlia,303,75 i +,86,65,151
1996,1,Districte I,1,Centre,104,25-34,51,81,132
2012,3,Districte III,6,Santa Eulàlia,311,65-74,66,53,119
2000,5,Districte V,9,Can Serra,504,18-24,47,75,122
2013,5,Districte V,10,Pubilla Cases,517,50-64,165,146,311
1998,2,Districte II,4,la Torrassa,233,25-34,65,69,134
2012,2,Districte II,4,la Torrassa,235,03-11,76,86,162
2016,4,Districte IV,7,la Florida,430,00-02,17,17,34
2011,6,Districte VI,11,el Gornal,616,65-74,106,90,196
2004,2,Districte II,5,Collblanc,222,18-24,49,54,103
2015,6,Districte VI,11,el Gornal,608,00-02,16,12,28
2012,1,Districte I,3,Sant Josep,140,12-15,13,18,31
2002,2,Districte II,5,Collblanc,206,03-11,25,31,56
2011,1,Districte I,3,Sant Josep,115,16-17,7,19,26
2011,2,Districte II,5,Collblanc,204,03-11,24,26,50
2009,5,Districte V,10,Pubilla Cases,523,18-24,56,61,117
2014,3,Districte III,6,Santa Eulàlia,323,35-49,230,231,461
2007,3,Districte III,6,Santa Eulàlia,322,12-15,23,15,38
2012,2,Districte II,4,la Torrassa,217,35-49,87,109,196
2011,5,Districte V,9,Can Serra,503,12-15,14,14,28
2004,5,Districte V,10,Pubilla Cases,509,25-34,82,98,180
2004,1,Districte I,3,Sant Josep,140,00-02,12,15,27
2013,6,Districte VI,12,Bellvitge,624,65-74,101,114,215
2003,4,Districte IV,7,la Florida,417,12-15,13,7,20
2006,2,Districte II,4,la Torrassa,231,16-17,6,6,12
2007,2,Districte II,5,Collblanc,201,12-15,11,16,27
2005,1,Districte I,1,Centre,110,12-15,16,25,41
2005,1,Districte I,2,Sanfeliu,129,75 i +,40,21,61
1999,3,Districte III,6,Santa Eulàlia,310,18-24,53,61,114
2007,4,Districte IV,8,les Planes,440,25-34,82,93,175
2001,5,Districte V,10,Pubilla Cases,514,00-02,9,7,16
2008,2,Districte II,5,Collblanc,224,18-24,27,25,52
2011,1,Districte I,1,Centre,103,25-34,55,65,120
2000,3,Districte III,6,Santa Eulàlia,312,18-24,63,79,142
2007,3,Districte III,6,Santa Eulàlia,319,16-17,12,5,17
1996,4,Districte IV,7,la Florida,423,12-15,17,15,32
1996,6,Districte VI,12,Bellvitge,613,65-74,48,39,87
1997,6,Districte VI,12,Bellvitge,606,50-64,129,108,237
2002,5,Districte V,9,Can Serra,501,65-74,28,30,58
2003,4,Districte IV,7,la Florida,413,50-64,41,35,76
1994,2,Districte II,4,la Torrassa,248,25-34,74,105,179
1997,3,Districte III,6,Santa Eulàlia,304,03-11,35,51,86
2012,1,Districte I,3,Sant Josep,121,00-02,15,13,28
2011,6,Districte VI,12,Bellvitge,605,35-49,74,70,144
2004,5,Districte V,10,Pubilla Cases,530,18-24,56,59,115
1994,4,Districte IV,7,la Florida,403,75 i +,40,17,57
2012,2,Districte II,5,Collblanc,212,65-74,65,48,113
2005,2,Districte II,4,la Torrassa,243,03-11,52,58,110
2007,2,Districte II,4,la Torrassa,211,75 i +,89,40,129
2014,2,Districte II,4,la Torrassa,211,16-17,9,19,28
1994,2,Districte II,4,la Torrassa,241,35-49,32,44,76
1998,1,Districte I,3,Sant Josep,115,03-11,40,61,101
2001,1,Districte I,1,Centre,135,75 i +,51,22,73
2007,1,Districte I,1,Centre,134,16-17,9,14,23
1997,5,Districte V,10,Pubilla Cases,510,25-34,99,109,208
2007,4,Districte IV,7,la Florida,428,25-34,65,98,163
1997,6,Districte VI,12,Bellvitge,619,25-34,116,130,246
1996,2,Districte II,5,Collblanc,206,25-34,56,63,119
2000,6,Districte VI,12,Bellvitge,607,65-74,69,66,135
2011,6,Districte VI,12,Bellvitge,603,03-11,36,43,79
2016,5,Districte V,10,Pubilla Cases,508,75 i +,85,49,134
2010,6,Districte VI,12,Bellvitge,603,50-64,55,44,99
1997,5,Districte V,10,Pubilla Cases,538,18-24,70,68,138
1996,6,Districte VI,12,Bellvitge,611,03-11,65,50,115
1998,2,Districte II,5,Collblanc,223,65-74,74,63,137
1998,3,Districte III,6,Santa Eulàlia,304,18-24,52,66,118
2014,5,Districte V,10,Pubilla Cases,518,50-64,83,81,164
1997,3,Districte III,6,Santa Eulàlia,319,25-34,60,64,124
2016,3,Districte III,6,Santa Eulàlia,325,50-64,198,151,349
2014,1,Districte I,3,Sant Josep,137,50-64,152,129,281
2014,1,Districte I,1,Centre,123,18-24,38,46,84
2008,1,Districte I,3,Sant Josep,137,25-34,127,119,246
2016,6,Districte VI,12,Bellvitge,610,00-02,11,9,20
1999,5,Districte V,10,Pubilla Cases,533,03-11,33,26,59
1994,1,Districte I,2,Sanfeliu,132,50-64,163,172,335
2003,1,Districte I,3,Sant Josep,139,18-24,39,41,80
2012,3,Districte III,6,Santa Eulàlia,307,65-74,112,91,203
1995,5,Districte V,10,Pubilla Cases,538,18-24,79,80,159
2007,5,Districte V,10,Pubilla Cases,530,00-02,23,18,41
2006,1,Districte I,1,Centre,130,35-49,117,133,250
2006,1,Districte I,3,Sant Josep,140,65-74,68,52,120
1995,5,Districte V,10,Pubilla Cases,520,12-15,15,22,37
2007,1,Districte I,3,Sant Josep,117,50-64,227,233,460
2016,4,Districte IV,7,la Florida,406,16-17,14,15,29
2007,6,Districte VI,11,el Gornal,629,16-17,5,4,9
1998,5,Districte V,10,Pubilla Cases,526,65-74,41,34,75
2014,2,Districte II,5,Collblanc,205,03-11,30,31,61
2014,6,Districte VI,12,Bellvitge,614,65-74,90,68,158
2004,1,Districte I,3,Sant Josep,125,03-11,37,49,86
2015,1,Districte I,1,Centre,131,03-11,42,54,96
2006,1,Districte I,3,Sant Josep,136,50-64,118,111,229
2003,2,Districte II,5,Collblanc,213,65-74,54,47,101
1996,2,Districte II,4,la Torrassa,235,75 i +,57,40,97
2014,2,Districte II,5,Collblanc,223,03-11,53,49,102
1995,4,Districte IV,8,les Planes,436,75 i +,31,13,44
2013,6,Districte VI,12,Bellvitge,624,50-64,91,60,151
2009,2,Districte II,5,Collblanc,216,65-74,72,57,129
2012,2,Districte II,5,Collblanc,222,16-17,12,6,18
2007,3,Districte III,6,Santa Eulàlia,305,65-74,54,54,108
2002,3,Districte III,6,Santa Eulàlia,313,65-74,87,82,169
2016,3,Districte III,6,Santa Eulàlia,321,50-64,276,244,520
1995,4,Districte IV,7,la Florida,414,65-74,69,53,122
2014,2,Districte II,5,Collblanc,220,35-49,222,229,451
2008,6,Districte VI,11,el Gornal,622,03-11,23,34,57
2012,6,Districte VI,12,Bellvitge,625,16-17,7,3,10
1996,2,Districte II,4,la Torrassa,240,03-11,19,26,45
2010,4,Districte IV,7,la Florida,402,35-49,112,105,217
2015,4,Districte IV,8,les Planes,401,25-34,77,82,159
1997,5,Districte V,9,Can Serra,521,00-02,7,11,18
2011,5,Districte V,9,Can Serra,501,18-24,31,27,58
2000,6,Districte VI,12,Bellvitge,620,50-64,90,90,180
2015,5,Districte V,9,Can Serra,507,03-11,42,36,78
1994,2,Districte II,4,la Torrassa,237,25-34,106,123,229
2006,1,Districte I,1,Centre,108,12-15,19,27,46
2016,2,Districte II,4,la Torrassa,245,03-11,56,58,114
2001,3,Districte III,6,Santa Eulàlia,323,16-17,33,40,73
2014,4,Districte IV,8,les Planes,418,65-74,62,58,120
2013,1,Districte I,3,Sant Josep,125,50-64,153,140,293
2000,3,Districte III,6,Santa Eulàlia,306,18-24,91,85,176
1996,4,Districte IV,8,les Planes,437,65-74,41,40,81
1999,2,Districte II,5,Collblanc,220,18-24,37,24,61
2005,4,Districte IV,7,la Florida,402,18-24,35,32,67
1998,1,Districte I,1,Centre,110,00-02,8,7,15
1996,5,Districte V,10,Pubilla Cases,515,00-02,6,10,16
2005,1,Districte I,3,Sant Josep,115,25-34,122,129,251
1994,6,Districte VI,12,Bellvitge,614,03-11,26,42,68
2001,2,Districte II,5,Collblanc,202,65-74,53,40,93
2012,1,Districte I,1,Centre,124,16-17,4,4,8
2009,4,Districte IV,7,la Florida,414,25-34,97,117,214
2005,4,Districte IV,7,la Florida,413,50-64,43,39,82
2015,6,Districte VI,12,Bellvitge,614,50-64,74,72,146
1996,2,Districte II,4,la Torrassa,233,03-11,21,17,38
2007,3,Districte III,6,Santa Eulàlia,316,25-34,157,170,327
2008,3,Districte III,6,Santa Eulàlia,318,50-64,98,102,200
2006,4,Districte IV,8,les Planes,420,03-11,54,67,121
1995,2,Districte II,4,la Torrassa,228,35-49,39,44,83
2010,4,Districte IV,7,la Florida,432,18-24,48,57,105
2012,3,Districte III,6,Santa Eulàlia,311,50-64,112,96,208
2011,5,Districte V,10,Pubilla Cases,516,65-74,32,19,51
2004,1,Districte I,3,Sant Josep,137,65-74,51,32,83
2009,3,Districte III,6,Santa Eulàlia,317,16-17,11,11,22
2007,2,Districte II,4,la Torrassa,233,35-49,106,119,225
2002,2,Districte II,5,Collblanc,203,25-34,70,77,147
1995,6,Districte VI,11,el Gornal,616,65-74,37,29,66
2012,5,Districte V,9,Can Serra,504,18-24,26,30,56
2005,6,Districte VI,11,el Gornal,622,12-15,14,21,35
2003,4,Districte IV,7,la Florida,402,18-24,38,31,69
2009,1,Districte I,1,Centre,104,35-49,104,125,229
2000,1,Districte I,3,Sant Josep,138,25-34,63,63,126
2011,2,Districte II,5,Collblanc,219,35-49,186,158,344
2004,3,Districte III,6,Santa Eulàlia,308,18-24,87,83,170
2003,1,Districte I,3,Sant Josep,114,50-64,189,188,377
1994,1,Districte I,2,Sanfeliu,129,03-11,48,47,95
2014,3,Districte III,6,Santa Eulàlia,315,00-02,26,12,38
2005,1,Districte I,1,Centre,102,03-11,56,61,117
1995,2,Districte II,5,Collblanc,209,65-74,83,67,150
2009,1,Districte I,2,Sanfeliu,118,25-34,138,163,301
2000,4,Districte IV,7,la Florida,428,25-34,49,57,106
2013,2,Districte II,4,la Torrassa,233,25-34,95,105,200
1996,5,Districte V,10,Pubilla Cases,524,16-17,20,11,31
2005,6,Districte VI,12,Bellvitge,612,35-49,88,106,194
1997,4,Districte IV,8,les Planes,434,65-74,70,42,112
2010,3,Districte III,6,Santa Eulàlia,319,03-11,97,107,204
1998,2,Districte II,4,la Torrassa,229,75 i +,46,17,63
2013,6,Districte VI,12,Bellvitge,627,18-24,13,32,45
2010,1,Districte I,3,Sant Josep,119,03-11,31,40,71
2010,5,Districte V,10,Pubilla Cases,516,25-34,60,61,121
2015,5,Districte V,10,Pubilla Cases,526,75 i +,93,62,155
2014,3,Districte III,6,Santa Eulàlia,318,25-34,46,44,90
2003,5,Districte V,10,Pubilla Cases,508,75 i +,40,26,66
2010,4,Districte IV,7,la Florida,425,50-64,79,71,150
2013,6,Districte VI,12,Bellvitge,624,25-34,61,55,116
2002,5,Districte V,10,Pubilla Cases,529,03-11,39,34,73
2011,6,Districte VI,11,el Gornal,622,12-15,7,15,22
1994,5,Districte V,10,Pubilla Cases,528,00-02,9,12,21
2003,1,Districte I,1,Centre,103,12-15,12,5,17
2008,3,Districte III,6,Santa Eulàlia,307,16-17,4,13,17
1998,4,Districte IV,8,les Planes,435,65-74,110,66,176
2013,1,Districte I,3,Sant Josep,117,65-74,111,91,202
2006,5,Districte V,10,Pubilla Cases,517,65-74,69,59,128
2008,2,Districte II,4,la Torrassa,238,35-49,110,126,236
2005,3,Districte III,6,Santa Eulàlia,305,12-15,34,20,54
1996,5,Districte V,10,Pubilla Cases,533,18-24,54,53,107
2011,2,Districte II,4,la Torrassa,233,12-15,12,25,37
2015,3,Districte III,6,Santa Eulàlia,311,00-02,16,27,43
2009,6,Districte VI,11,el Gornal,608,12-15,16,13,29
1998,4,Districte IV,7,la Florida,432,03-11,31,47,78
2014,1,Districte I,2,Sanfeliu,129,65-74,81,59,140
2000,5,Districte V,9,Can Serra,535,18-24,78,87,165
2016,4,Districte IV,8,les Planes,437,12-15,31,31,62
1999,5,Districte V,9,Can Serra,535,03-11,32,35,67
2000,3,Districte III,6,Santa Eulàlia,307,03-11,39,59,98
2002,4,Districte IV,7,la Florida,411,00-02,7,7,14
2004,4,Districte IV,8,les Planes,437,50-64,73,51,124
2008,5,Districte V,10,Pubilla Cases,523,03-11,57,50,107
2014,3,Districte III,6,Santa Eulàlia,323,00-02,16,36,52
2005,6,Districte VI,12,Bellvitge,630,75 i +,30,19,49
2011,2,Districte II,5,Collblanc,244,12-15,7,7,14
2014,4,Districte IV,7,la Florida,414,35-49,254,252,506
2001,4,Districte IV,8,les Planes,439,65-74,64,59,123
2008,5,Districte V,9,Can Serra,502,50-64,152,142,294
1994,5,Districte V,10,Pubilla Cases,530,35-49,107,98,205
2011,5,Districte V,10,Pubilla Cases,523,50-64,104,107,211
2003,4,Districte IV,7,la Florida,421,35-49,104,110,214
1994,3,Districte III,6,Santa Eulàlia,304,35-49,90,90,180
1994,5,Districte V,10,Pubilla Cases,528,75 i +,30,16,46
1998,6,Districte VI,11,el Gornal,608,00-02,6,9,15
2009,5,Districte V,10,Pubilla Cases,522,16-17,6,5,11
2005,6,Districte VI,11,el Gornal,629,03-11,23,19,42
2014,5,Districte V,10,Pubilla Cases,524,18-24,43,44,87
2009,6,Districte VI,11,el Gornal,626,03-11,37,41,78
1995,3,Districte III,6,Santa Eulàlia,317,50-64,69,70,139
2004,4,Districte IV,7,la Florida,408,18-24,41,40,81
2005,2,Districte II,5,Collblanc,220,16-17,4,11,15
1999,1,Districte I,1,Centre,102,65-74,95,67,162
1995,6,Districte VI,12,Bellvitge,606,03-11,46,46,92
2003,1,Districte I,3,Sant Josep,139,16-17,6,8,14
2013,4,Districte IV,7,la Florida,409,12-15,31,30,61
2004,6,Districte VI,12,Bellvitge,610,00-02,19,16,35
2004,4,Districte IV,7,la Florida,432,75 i +,56,40,96
2002,5,Districte V,10,Pubilla Cases,509,35-49,86,72,158
2009,4,Districte IV,7,la Florida,409,00-02,11,17,28
2015,1,Districte I,3,Sant Josep,137,18-24,49,45,94
1999,2,Districte II,4,la Torrassa,241,12-15,15,9,24
2012,3,Districte III,6,Santa Eulàlia,307,75 i +,77,64,141
2009,6,Districte VI,12,Bellvitge,609,35-49,90,95,185
2006,5,Districte V,10,Pubilla Cases,522,18-24,45,46,91
2013,2,Districte II,4,la Torrassa,228,50-64,147,157,304
2008,4,Districte IV,7,la Florida,402,16-17,6,6,12
1997,1,Districte I,3,Sant Josep,136,35-49,143,137,280
2012,3,Districte III,6,Santa Eulàlia,315,00-02,25,32,57
2005,4,Districte IV,8,les Planes,434,35-49,75,81,156
2004,1,Districte I,1,Centre,124,00-02,11,11,22
1997,1,Districte I,3,Sant Josep,137,18-24,100,92,192
2006,6,Districte VI,12,Bellvitge,624,12-15,12,19,31
2003,1,Districte I,1,Centre,109,18-24,51,48,99
2004,4,Districte IV,7,la Florida,421,18-24,38,39,77
2014,1,Districte I,1,Centre,108,75 i +,103,58,161
2008,1,Districte I,1,Centre,112,00-02,25,24,49
1996,3,Districte III,6,Santa Eulàlia,308,12-15,23,34,57
2003,3,Districte III,6,Santa Eulàlia,309,50-64,70,68,138
1997,4,Districte IV,7,la Florida,408,35-49,88,90,178
2010,5,Districte V,9,Can Serra,503,75 i +,39,17,56
2007,3,Districte III,6,Santa Eulàlia,304,16-17,23,13,36
1999,2,Districte II,4,la Torrassa,217,35-49,60,70,130
2011,1,Districte I,3,Sant Josep,117,00-02,24,28,52
2010,4,Districte IV,7,la Florida,406,35-49,139,164,303
1995,5,Districte V,10,Pubilla Cases,527,25-34,79,92,171
1999,2,Districte II,5,Collblanc,227,35-49,59,51,110
1997,2,Districte II,5,Collblanc,225,18-24,22,26,48
2004,2,Districte II,4,la Torrassa,246,75 i +,73,40,113
2000,2,Districte II,4,la Torrassa,235,16-17,9,4,13
2009,4,Districte IV,7,la Florida,408,12-15,17,21,38
2003,2,Districte II,5,Collblanc,222,65-74,39,37,76
2015,1,Districte I,1,Centre,104,18-24,35,24,59
2001,2,Districte II,5,Collblanc,214,16-17,4,3,7
2001,2,Districte II,4,la Torrassa,217,75 i +,48,14,62
1994,1,Districte I,1,Centre,135,25-34,119,120,239
2003,2,Districte II,4,la Torrassa,231,16-17,9,4,13
2008,5,Districte V,10,Pubilla Cases,513,03-11,41,25,66
2014,4,Districte IV,7,la Florida,407,12-15,22,18,40
1999,5,Districte V,9,Can Serra,501,35-49,138,103,241
2007,4,Districte IV,7,la Florida,432,75 i +,60,43,103
2000,5,Districte V,10,Pubilla Cases,513,03-11,16,17,33
2014,5,Districte V,10,Pubilla Cases,529,35-49,179,155,334
1997,2,Districte II,4,la Torrassa,228,00-02,3,8,11
2003,4,Districte IV,7,la Florida,403,35-49,106,102,208
1994,6,Districte VI,12,Bellvitge,609,16-17,28,13,41
1994,3,Districte III,6,Santa Eulàlia,313,00-02,28,16,44
1994,2,Districte II,5,Collblanc,206,12-15,17,13,30
2001,2,Districte II,5,Collblanc,219,35-49,117,114,231
1997,3,Districte III,6,Santa Eulàlia,310,50-64,68,72,140
2015,3,Districte III,6,Santa Eulàlia,306,12-15,27,28,55
2008,4,Districte IV,7,la Florida,407,18-24,37,50,87
1997,5,Districte V,10,Pubilla Cases,516,35-49,46,60,106
2011,6,Districte VI,12,Bellvitge,614,75 i +,56,42,98
2016,1,Districte I,2,Sanfeliu,132,12-15,33,32,65
2003,4,Districte IV,7,la Florida,424,35-49,46,58,104
1996,1,Districte I,3,Sant Josep,119,65-74,66,56,122
2003,3,Districte III,6,Santa Eulàlia,316,03-11,58,78,136
2010,6,Districte VI,12,Bellvitge,620,75 i +,27,22,49
2004,1,Districte I,3,Sant Josep,127,25-34,77,83,160
2001,2,Districte II,5,Collblanc,205,75 i +,38,23,61
2003,1,Districte I,1,Centre,112,00-02,21,15,36
2000,6,Districte VI,12,Bellvitge,623,35-49,149,127,276
2014,1,Districte I,1,Centre,128,00-02,10,19,29
1999,4,Districte IV,7,la Florida,423,03-11,30,22,52
2006,2,Districte II,4,la Torrassa,211,00-02,22,17,39
1994,2,Districte II,4,la Torrassa,231,35-49,84,64,148
2000,4,Districte IV,8,les Planes,438,65-74,43,38,81
2011,4,Districte IV,7,la Florida,426,12-15,22,13,35
2003,2,Districte II,4,la Torrassa,239,00-02,10,7,17
2009,1,Districte I,1,Centre,128,16-17,5,11,16
2009,4,Districte IV,8,les Planes,435,25-34,125,123,248
1995,1,Districte I,1,Centre,123,35-49,128,124,252
2002,3,Districte III,6,Santa Eulàlia,316,00-02,7,16,23
2003,1,Districte I,2,Sanfeliu,132,16-17,29,17,46
2005,6,Districte VI,11,el Gornal,616,35-49,294,294,588
2016,1,Districte I,1,Centre,112,65-74,98,82,180
2000,5,Districte V,10,Pubilla Cases,529,35-49,87,97,184
1996,3,Districte III,6,Santa Eulàlia,320,16-17,10,13,23
1997,1,Districte I,1,Centre,105,18-24,82,71,153
2012,6,Districte VI,12,Bellvitge,606,25-34,89,94,183
1997,3,Districte III,6,Santa Eulàlia,311,75 i +,74,36,110
1998,5,Districte V,10,Pubilla Cases,512,25-34,76,93,169
1998,2,Districte II,5,Collblanc,215,00-02,8,12,20
2013,3,Districte III,6,Santa Eulàlia,306,25-34,107,120,227
2011,4,Districte IV,8,les Planes,441,65-74,105,94,199
2005,4,Districte IV,7,la Florida,411,75 i +,74,58,132
2000,6,Districte VI,12,Bellvitge,612,35-49,65,73,138
1998,2,Districte II,5,Collblanc,212,03-11,33,44,77
2008,2,Districte II,4,la Torrassa,249,75 i +,75,52,127
2002,2,Districte II,5,Collblanc,222,12-15,16,15,31
2009,6,Districte VI,12,Bellvitge,624,12-15,14,18,32
2008,6,Districte VI,11,el Gornal,626,50-64,96,82,178
1996,4,Districte IV,7,la Florida,431,12-15,28,32,60
2009,1,Districte I,1,Centre,111,03-11,20,40,60
2000,2,Districte II,4,la Torrassa,235,65-74,104,84,188
2000,5,Districte V,10,Pubilla Cases,512,00-02,6,11,17
2008,6,Districte VI,12,Bellvitge,605,12-15,4,6,10
2002,2,Districte II,5,Collblanc,220,65-74,67,58,125
2013,2,Districte II,5,Collblanc,201,50-64,78,66,144
1994,1,Districte I,1,Centre,113,75 i +,34,11,45
2000,3,Districte III,6,Santa Eulàlia,315,65-74,55,39,94
2012,6,Districte VI,12,Bellvitge,613,25-34,83,81,164
1996,5,Districte V,10,Pubilla Cases,527,12-15,15,20,35
1996,1,Districte I,3,Sant Josep,115,03-11,43,64,107
2005,5,Districte V,10,Pubilla Cases,512,50-64,70,65,135
2002,6,Districte VI,12,Bellvitge,631,50-64,175,149,324
1998,1,Districte I,1,Centre,110,12-15,26,21,47
2010,2,Districte II,4,la Torrassa,238,16-17,6,6,12
2001,3,Districte III,6,Santa Eulàlia,322,12-15,22,18,40
2000,6,Districte VI,12,Bellvitge,625,25-34,93,108,201
2013,1,Districte I,3,Sant Josep,115,12-15,19,27,46
1997,5,Districte V,10,Pubilla Cases,529,03-11,24,33,57
2008,2,Districte II,4,la Torrassa,239,25-34,112,117,229
1999,4,Districte IV,8,les Planes,435,25-34,63,72,135
2006,3,Districte III,6,Santa Eulàlia,308,50-64,197,189,386
2010,1,Districte I,3,Sant Josep,126,25-34,79,57,136
1999,3,Districte III,6,Santa Eulàlia,316,18-24,162,181,343
2009,1,Districte I,1,Centre,108,50-64,132,120,252
2013,6,Districte VI,12,Bellvitge,625,18-24,43,41,84
1996,4,Districte IV,7,la Florida,413,50-64,59,60,119
2011,6,Districte VI,12,Bellvitge,631,25-34,76,70,146
2014,3,Districte III,13,Granvia Sud,312,00-02,26,34,60
2009,5,Districte V,9,Can Serra,506,25-34,122,130,252
1997,6,Districte VI,12,Bellvitge,613,35-49,95,75,170
1999,1,Districte I,3,Sant Josep,140,00-02,9,7,16
2014,3,Districte III,6,Santa Eulàlia,319,18-24,36,44,80
2015,1,Districte I,1,Centre,108,35-49,187,173,360
1999,1,Districte I,3,Sant Josep,115,03-11,41,57,98
2008,6,Districte VI,12,Bellvitge,610,25-34,77,99,176
2001,1,Districte I,2,Sanfeliu,132,00-02,23,16,39
2006,4,Districte IV,8,les Planes,433,65-74,46,38,84
1994,1,Districte I,3,Sant Josep,139,65-74,29,21,50
2010,6,Districte VI,11,el Gornal,629,12-15,5,12,17
1996,6,Districte VI,12,Bellvitge,602,75 i +,19,11,30
1995,4,Districte IV,7,la Florida,432,50-64,124,142,266
2015,4,Districte IV,7,la Florida,412,50-64,169,148,317
2014,1,Districte I,2,Sanfeliu,129,35-49,139,148,287
2011,4,Districte IV,8,les Planes,442,18-24,27,26,53
1996,1,Districte I,3,Sant Josep,136,12-15,33,40,73
2000,3,Districte III,6,Santa Eulàlia,304,35-49,105,113,218
2013,4,Districte IV,7,la Florida,426,75 i +,50,30,80
2001,5,Districte V,9,Can Serra,506,35-49,212,182,394
2015,6,Districte VI,12,Bellvitge,613,35-49,134,154,288
2013,5,Districte V,9,Can Serra,504,12-15,12,13,25
2009,6,Districte VI,12,Bellvitge,606,25-34,90,101,191
2009,2,Districte II,5,Collblanc,224,18-24,24,23,47
2006,1,Districte I,3,Sant Josep,126,35-49,77,81,158
2002,6,Districte VI,12,Bellvitge,614,00-02,10,10,20
2006,1,Districte I,1,Centre,102,00-02,14,25,39
2002,1,Districte I,3,Sant Josep,126,03-11,27,21,48
2000,2,Districte II,5,Collblanc,208,16-17,12,25,37
2007,4,Districte IV,8,les Planes,442,25-34,39,61,100
2002,3,Districte III,6,Santa Eulàlia,305,18-24,80,79,159
2000,4,Districte IV,8,les Planes,435,35-49,76,104,180
2007,6,Districte VI,12,Bellvitge,615,25-34,71,74,145
2004,4,Districte IV,8,les Planes,429,50-64,53,61,114
1995,4,Districte IV,7,la Florida,416,18-24,35,54,89
2006,2,Districte II,5,Collblanc,244,12-15,11,8,19
2005,6,Districte VI,11,el Gornal,626,25-34,74,87,161
1998,5,Districte V,10,Pubilla Cases,527,00-02,11,12,23
2013,5,Districte V,9,Can Serra,507,03-11,29,42,71
2000,2,Districte II,5,Collblanc,216,00-02,12,3,15
2015,5,Districte V,10,Pubilla Cases,524,03-11,62,64,126
1994,5,Districte V,9,Can Serra,502,00-02,13,11,24
2006,6,Districte VI,12,Bellvitge,606,16-17,8,8,16
2016,4,Districte IV,7,la Florida,422,50-64,93,99,192
2005,5,Districte V,9,Can Serra,521,35-49,70,83,153
1994,6,Districte VI,12,Bellvitge,623,35-49,232,202,434
2008,6,Districte VI,12,Bellvitge,628,35-49,100,90,190
1996,1,Districte I,1,Centre,135,18-24,73,96,169
2011,1,Districte I,1,Centre,102,50-64,155,138,293
2002,6,Districte VI,12,Bellvitge,604,65-74,39,37,76
2000,4,Districte IV,7,la Florida,428,50-64,41,31,72
1996,4,Districte IV,7,la Florida,426,65-74,55,45,100
2011,5,Districte V,10,Pubilla Cases,517,12-15,28,29,57
2003,3,Districte III,6,Santa Eulàlia,315,35-49,190,182,372
2009,4,Districte IV,8,les Planes,439,25-34,119,148,267
1994,6,Districte VI,11,el Gornal,629,03-11,29,20,49
1997,3,Districte III,6,Santa Eulàlia,320,65-74,29,12,41
2015,5,Districte V,10,Pubilla Cases,525,65-74,43,32,75
2004,5,Districte V,10,Pubilla Cases,520,18-24,34,34,68
2011,5,Districte V,9,Can Serra,501,75 i +,36,23,59
2006,3,Districte III,6,Santa Eulàlia,309,50-64,74,75,149
1996,5,Districte V,10,Pubilla Cases,508,12-15,18,10,28
2008,4,Districte IV,8,les Planes,439,12-15,18,18,36
2004,5,Districte V,10,Pubilla Cases,527,65-74,61,44,105
1997,4,Districte IV,7,la Florida,415,18-24,27,35,62
2015,4,Districte IV,8,les Planes,433,18-24,71,72,143
2003,5,Districte V,10,Pubilla Cases,513,75 i +,40,18,58
2003,5,Districte V,9,Can Serra,506,65-74,87,87,174
1999,2,Districte II,4,la Torrassa,231,00-02,9,4,13
2005,3,Districte III,6,Santa Eulàlia,310,03-11,36,34,70
2002,1,Districte I,1,Centre,130,65-74,92,79,171
2006,2,Districte II,5,Collblanc,221,16-17,14,11,25
1994,2,Districte II,4,la Torrassa,234,35-49,64,62,126
2009,2,Districte II,4,la Torrassa,217,03-11,25,37,62
2008,6,Districte VI,11,el Gornal,608,75 i +,52,30,82
2003,3,Districte III,6,Santa Eulàlia,305,35-49,209,199,408
2005,5,Districte V,9,Can Serra,507,50-64,83,82,165
2002,2,Districte II,5,Collblanc,244,35-49,82,85,167
2002,2,Districte II,4,la Torrassa,247,18-24,54,46,100
2014,1,Districte I,3,Sant Josep,140,03-11,30,49,79
2000,5,Districte V,10,Pubilla Cases,531,50-64,77,82,159
1994,6,Districte VI,11,el Gornal,616,16-17,63,59,122
1994,2,Districte II,5,Collblanc,221,18-24,87,65,152
2001,1,Districte I,1,Centre,130,00-02,14,21,35
2006,2,Districte II,4,la Torrassa,242,35-49,123,119,242
2012,2,Districte II,5,Collblanc,212,18-24,65,56,121
1995,6,Districte VI,12,Bellvitge,628,18-24,125,130,255
2013,6,Districte VI,11,el Gornal,617,00-02,10,13,23
2001,5,Districte V,9,Can Serra,506,03-11,66,75,141
2000,6,Districte VI,12,Bellvitge,603,03-11,23,18,41
1998,3,Districte III,6,Santa Eulàlia,315,16-17,19,27,46
1995,1,Districte I,3,Sant Josep,125,50-64,98,119,217
2007,5,Districte V,10,Pubilla Cases,538,03-11,50,57,107
2008,6,Districte VI,11,el Gornal,622,18-24,27,31,58
2010,6,Districte VI,12,Bellvitge,625,03-11,36,36,72
2015,2,Districte II,5,Collblanc,201,18-24,39,35,74
2006,2,Districte II,5,Collblanc,222,18-24,48,51,99
2009,4,Districte IV,7,la Florida,413,50-64,44,39,83
2002,6,Districte VI,12,Bellvitge,603,75 i +,18,18,36
2010,2,Districte II,5,Collblanc,227,65-74,36,35,71
1998,2,Districte II,4,la Torrassa,246,65-74,83,61,144
2016,5,Districte V,10,Pubilla Cases,518,65-74,60,37,97
1998,1,Districte I,1,Centre,110,18-24,105,113,218
2001,3,Districte III,6,Santa Eulàlia,321,65-74,78,75,153
1996,6,Districte VI,12,Bellvitge,614,12-15,21,19,40
2009,2,Districte II,4,la Torrassa,241,03-11,33,27,60
2005,5,Districte V,10,Pubilla Cases,514,35-49,80,95,175
2005,2,Districte II,5,Collblanc,208,03-11,38,49,87
2009,1,Districte I,3,Sant Josep,117,75 i +,73,35,108
2008,2,Districte II,5,Collblanc,227,35-49,84,93,177
1999,6,Districte VI,12,Bellvitge,618,00-02,3,6,9
2008,1,Districte I,3,Sant Josep,121,00-02,10,7,17
2010,4,Districte IV,8,les Planes,441,12-15,41,35,76
1999,1,Districte I,3,Sant Josep,136,00-02,14,16,30
2010,2,Districte II,5,Collblanc,208,35-49,168,166,334
1997,2,Districte II,4,la Torrassa,211,12-15,14,17,31
1997,2,Districte II,4,la Torrassa,249,50-64,110,92,202
2004,2,Districte II,4,la Torrassa,247,25-34,118,157,275
1996,2,Districte II,4,la Torrassa,241,12-15,10,9,19
2005,5,Districte V,9,Can Serra,521,65-74,59,64,123
2008,4,Districte IV,7,la Florida,414,25-34,103,97,200
1998,2,Districte II,5,Collblanc,202,00-02,2,6,8
2012,3,Districte III,6,Santa Eulàlia,301,03-11,142,142,284
2002,3,Districte III,6,Santa Eulàlia,305,03-11,68,46,114
1999,4,Districte IV,7,la Florida,403,65-74,71,57,128
2009,5,Districte V,10,Pubilla Cases,517,75 i +,59,32,91
2010,6,Districte VI,12,Bellvitge,628,16-17,13,9,22
2002,6,Districte VI,12,Bellvitge,623,12-15,17,18,35
2002,3,Districte III,6,Santa Eulàlia,305,35-49,207,200,407
1997,6,Districte VI,12,Bellvitge,627,03-11,32,62,94
2009,1,Districte I,1,Centre,105,03-11,37,55,92
2006,4,Districte IV,7,la Florida,424,50-64,61,52,113
2005,4,Districte IV,8,les Planes,419,25-34,87,128,215
1996,2,Districte II,4,la Torrassa,235,35-49,92,92,184
2008,6,Districte VI,12,Bellvitge,610,50-64,155,93,248
1998,5,Districte V,10,Pubilla Cases,527,03-11,39,25,64
1997,1,Districte I,3,Sant Josep,127,75 i +,28,12,40
1996,4,Districte IV,8,les Planes,419,65-74,44,34,78
2000,3,Districte III,6,Santa Eulàlia,312,00-02,13,26,39
2005,1,Districte I,3,Sant Josep,106,65-74,63,42,105
1996,5,Districte V,10,Pubilla Cases,514,03-11,34,22,56
1999,4,Districte IV,7,la Florida,431,65-74,85,75,160
2000,4,Districte IV,7,la Florida,403,25-34,72,94,166
2014,4,Districte IV,7,la Florida,431,75 i +,87,43,130
1995,3,Districte III,6,Santa Eulàlia,305,35-49,198,178,376
2010,5,Districte V,9,Can Serra,501,03-11,39,42,81
1998,4,Districte IV,8,les Planes,401,18-24,61,59,120
2007,2,Districte II,4,la Torrassa,237,18-24,71,53,124
2007,3,Districte III,6,Santa Eulàlia,317,12-15,14,24,38
1994,6,Districte VI,12,Bellvitge,614,18-24,101,106,207
2004,3,Districte III,6,Santa Eulàlia,304,16-17,10,11,21
2004,5,Districte V,10,Pubilla Cases,519,00-02,12,6,18
2003,2,Districte II,4,la Torrassa,248,16-17,9,12,21
1996,5,Districte V,10,Pubilla Cases,530,75 i +,57,30,87
2016,1,Districte I,2,Sanfeliu,116,16-17,16,13,29
1995,6,Districte VI,12,Bellvitge,625,16-17,34,43,77
1998,4,Districte IV,8,les Planes,438,75 i +,35,10,45
1999,2,Districte II,5,Collblanc,202,75 i +,34,16,50
1994,4,Districte IV,8,les Planes,401,65-74,75,70,145
2007,4,Districte IV,7,la Florida,421,18-24,33,38,71
2004,6,Districte VI,12,Bellvitge,623,25-34,153,160,313
1996,5,Districte V,10,Pubilla Cases,527,00-02,8,6,14
2000,3,Districte III,6,Santa Eulàlia,311,03-11,36,47,83
2012,1,Districte I,3,Sant Josep,106,65-74,73,98,171
2001,4,Districte IV,7,la Florida,410,65-74,129,127,256
1995,4,Districte IV,7,la Florida,412,18-24,100,96,196
2002,2,Districte II,4,la Torrassa,240,35-49,74,73,147
2016,2,Districte II,4,la Torrassa,217,65-74,64,55,119
2010,5,Districte V,10,Pubilla Cases,520,16-17,12,6,18
2013,6,Districte VI,12,Bellvitge,611,65-74,132,99,231
1999,1,Districte I,3,Sant Josep,120,65-74,56,46,102
2005,5,Districte V,10,Pubilla Cases,510,65-74,64,56,120
1997,3,Districte III,6,Santa Eulàlia,306,25-34,113,119,232
2008,4,Districte IV,8,les Planes,440,50-64,99,84,183
2002,2,Districte II,5,Collblanc,213,50-64,81,89,170
2014,1,Districte I,1,Centre,110,12-15,15,17,32
2009,4,Districte IV,8,les Planes,438,16-17,5,12,17
2004,3,Districte III,6,Santa Eulàlia,301,50-64,211,196,407
2009,4,Districte IV,8,les Planes,433,25-34,127,168,295
1996,6,Districte VI,11,el Gornal,608,50-64,118,85,203
2012,1,Districte I,3,Sant Josep,127,03-11,37,41,78
2004,3,Districte III,6,Santa Eulàlia,305,18-24,85,79,164
2006,3,Districte III,6,Santa Eulàlia,314,50-64,222,231,453
2004,6,Districte VI,12,Bellvitge,615,03-11,26,25,51
1998,2,Districte II,5,Collblanc,209,16-17,4,6,10
2007,2,Districte II,5,Collblanc,214,03-11,33,26,59
1997,6,Districte VI,12,Bellvitge,621,12-15,36,62,98
1994,2,Districte II,4,la Torrassa,236,12-15,25,18,43
2008,1,Districte I,1,Centre,130,25-34,73,77,150
2002,2,Districte II,5,Collblanc,244,00-02,3,10,13
2007,3,Districte III,6,Santa Eulàlia,319,75 i +,42,26,68
2003,1,Districte I,3,Sant Josep,127,12-15,18,16,34
2000,3,Districte III,6,Santa Eulàlia,325,12-15,21,26,47
2000,3,Districte III,6,Santa Eulàlia,303,35-49,108,113,221
2003,5,Districte V,10,Pubilla Cases,509,00-02,10,9,19
2007,4,Districte IV,7,la Florida,410,12-15,23,29,52
2015,1,Districte I,1,Centre,103,12-15,15,17,32
2009,3,Districte III,6,Santa Eulàlia,312,65-74,109,102,211
2014,1,Districte I,3,Sant Josep,126,18-24,25,28,53
2002,2,Districte II,4,la Torrassa,241,18-24,30,28,58
2015,4,Districte IV,7,la Florida,416,12-15,30,31,61
1999,3,Districte III,6,Santa Eulàlia,301,00-02,26,17,43
2005,6,Districte VI,12,Bellvitge,609,03-11,26,35,61
2009,1,Districte I,3,Sant Josep,122,50-64,74,46,120
2014,6,Districte VI,12,Bellvitge,618,00-02,15,8,23
2012,5,Districte V,10,Pubilla Cases,525,03-11,48,45,93
2001,4,Districte IV,7,la Florida,407,18-24,44,44,88
1996,5,Districte V,9,Can Serra,504,50-64,163,156,319
1994,5,Districte V,10,Pubilla Cases,532,00-02,10,12,22
2013,1,Districte I,1,Centre,103,16-17,7,6,13
2002,1,Districte I,1,Centre,111,12-15,21,11,32
2001,2,Districte II,4,la Torrassa,248,00-02,16,13,29
1996,1,Districte I,1,Centre,130,35-49,58,58,116
2010,1,Districte I,1,Centre,102,25-34,86,104,190
2010,6,Districte VI,12,Bellvitge,628,25-34,61,71,132
2008,5,Districte V,10,Pubilla Cases,519,50-64,40,32,72
2007,5,Districte V,10,Pubilla Cases,514,25-34,61,96,157
1998,2,Districte II,5,Collblanc,219,03-11,36,33,69
2000,5,Districte V,10,Pubilla Cases,524,35-49,100,108,208
1994,3,Districte III,6,Santa Eulàlia,325,25-34,126,130,256
2005,2,Districte II,4,la Torrassa,232,50-64,87,86,173
2013,1,Districte I,3,Sant Josep,136,25-34,77,67,144
1998,3,Districte III,6,Santa Eulàlia,306,75 i +,60,40,100
1997,3,Districte III,6,Santa Eulàlia,305,00-02,15,18,33
1999,2,Districte II,5,Collblanc,225,75 i +,43,38,81
2016,3,Districte III,6,Santa Eulàlia,306,18-24,66,49,115
2000,4,Districte IV,7,la Florida,426,35-49,89,79,168
2001,3,Districte III,6,Santa Eulàlia,318,25-34,56,71,127
2015,6,Districte VI,12,Bellvitge,609,25-34,42,37,79
2003,2,Districte II,4,la Torrassa,236,75 i +,68,38,106
2012,6,Districte VI,11,el Gornal,626,03-11,34,40,74
1998,6,Districte VI,12,Bellvitge,606,50-64,126,100,226
2009,5,Districte V,10,Pubilla Cases,525,65-74,61,36,97
2013,1,Districte I,3,Sant Josep,140,18-24,34,37,71
1997,3,Districte III,6,Santa Eulàlia,310,25-34,64,61,125
2010,6,Districte VI,12,Bellvitge,614,00-02,15,18,33
1995,2,Districte II,4,la Torrassa,248,12-15,17,29,46
2016,1,Districte I,3,Sant Josep,126,00-02,12,15,27
1994,4,Districte IV,7,la Florida,405,50-64,144,133,277
1995,4,Districte IV,8,les Planes,442,25-34,54,47,101
2011,6,Districte VI,12,Bellvitge,611,75 i +,90,62,152
2002,1,Districte I,3,Sant Josep,125,50-64,158,157,315
2010,3,Districte III,6,Santa Eulàlia,315,35-49,216,236,452
1996,5,Districte V,10,Pubilla Cases,529,35-49,79,69,148
2009,1,Districte I,3,Sant Josep,140,03-11,35,42,77
2014,4,Districte IV,7,la Florida,406,12-15,24,26,50
2012,5,Districte V,10,Pubilla Cases,519,65-74,28,17,45
2006,2,Districte II,5,Collblanc,215,12-15,16,16,32
1994,5,Districte V,10,Pubilla Cases,522,50-64,77,81,158
2009,4,Districte IV,7,la Florida,402,03-11,31,38,69
1994,5,Districte V,10,Pubilla Cases,516,65-74,30,19,49
2003,5,Districte V,10,Pubilla Cases,527,75 i +,55,28,83
2011,4,Districte IV,8,les Planes,436,00-02,20,24,44
2010,3,Districte III,6,Santa Eulàlia,321,35-49,260,232,492
2001,3,Districte III,6,Santa Eulàlia,324,25-34,83,98,181
1996,6,Districte VI,12,Bellvitge,621,18-24,150,199,349
2008,2,Districte II,5,Collblanc,224,16-17,5,4,9
1994,6,Districte VI,12,Bellvitge,628,65-74,37,22,59
1994,5,Districte V,10,Pubilla Cases,531,35-49,76,75,151
2011,3,Districte III,6,Santa Eulàlia,325,16-17,19,11,30
2012,1,Districte I,1,Centre,134,65-74,59,58,117
2006,6,Districte VI,11,el Gornal,629,25-34,31,48,79
2007,1,Districte I,1,Centre,108,50-64,134,117,251
1995,2,Districte II,5,Collblanc,209,12-15,10,16,26
2003,1,Districte I,1,Centre,123,16-17,10,7,17
1998,4,Districte IV,7,la Florida,426,75 i +,54,28,82
2014,1,Districte I,1,Centre,134,25-34,92,99,191
2006,1,Districte I,2,Sanfeliu,118,16-17,25,16,41
2002,5,Districte V,10,Pubilla Cases,526,35-49,67,86,153
2003,1,Districte I,1,Centre,135,75 i +,44,31,75
2001,5,Districte V,10,Pubilla Cases,533,75 i +,38,22,60
1998,5,Districte V,10,Pubilla Cases,529,18-24,53,46,99
1999,5,Districte V,10,Pubilla Cases,514,75 i +,34,16,50
1994,6,Districte VI,12,Bellvitge,609,35-49,130,78,208
1999,2,Districte II,5,Collblanc,227,12-15,7,7,14
2002,6,Districte VI,12,Bellvitge,628,12-15,15,22,37
2005,4,Districte IV,7,la Florida,424,75 i +,19,15,34
1996,3,Districte III,6,Santa Eulàlia,314,35-49,341,335,676
2006,5,Districte V,9,Can Serra,507,50-64,82,79,161
2015,1,Districte I,1,Centre,135,00-02,16,14,30
2000,4,Districte IV,7,la Florida,426,18-24,49,68,117
1995,2,Districte II,5,Collblanc,215,16-17,8,10,18
2014,1,Districte I,2,Sanfeliu,116,25-34,65,65,130
2003,5,Districte V,9,Can Serra,502,16-17,13,14,27
1997,5,Districte V,10,Pubilla Cases,526,12-15,11,13,24
2001,5,Districte V,10,Pubilla Cases,518,12-15,18,14,32
2014,6,Districte VI,12,Bellvitge,618,50-64,113,95,208
2003,2,Districte II,5,Collblanc,223,16-17,10,12,22
2013,2,Districte II,5,Collblanc,226,18-24,56,57,113
2009,1,Districte I,3,Sant Josep,126,35-49,89,117,206
2001,4,Districte IV,8,les Planes,401,65-74,103,78,181
1994,1,Districte I,1,Centre,102,03-11,59,56,115
2015,3,Districte III,6,Santa Eulàlia,304,00-02,89,98,187
2004,2,Districte II,4,la Torrassa,246,50-64,68,59,127
2007,3,Districte III,6,Santa Eulàlia,324,00-02,21,14,35
2010,1,Districte I,3,Sant Josep,121,00-02,14,22,36
2012,5,Districte V,10,Pubilla Cases,531,50-64,84,77,161
2009,2,Districte II,4,la Torrassa,230,16-17,7,10,17
2006,1,Districte I,3,Sant Josep,119,75 i +,69,48,117
2007,5,Districte V,10,Pubilla Cases,525,16-17,4,9,13
1995,5,Districte V,9,Can Serra,504,12-15,20,21,41
2015,2,Districte II,5,Collblanc,221,25-34,135,157,292
2006,5,Districte V,10,Pubilla Cases,518,03-11,50,44,94
1994,2,Districte II,4,la Torrassa,240,65-74,49,41,90
2007,2,Districte II,5,Collblanc,222,35-49,97,125,222
2012,5,Districte V,10,Pubilla Cases,526,50-64,40,47,87
2009,2,Districte II,5,Collblanc,209,65-74,56,39,95
2008,6,Districte VI,12,Bellvitge,606,16-17,16,12,28
1995,2,Districte II,5,Collblanc,224,50-64,63,51,114
2014,2,Districte II,5,Collblanc,223,35-49,141,157,298
2002,2,Districte II,5,Collblanc,215,75 i +,65,40,105
1998,6,Districte VI,12,Bellvitge,605,75 i +,20,16,36
2005,5,Districte V,10,Pubilla Cases,530,25-34,127,172,299
2007,5,Districte V,10,Pubilla Cases,513,50-64,50,52,102
2010,1,Districte I,1,Centre,133,75 i +,63,35,98
1998,1,Districte I,1,Centre,101,35-49,148,154,302
1997,2,Districte II,5,Collblanc,212,18-24,72,76,148
2013,6,Districte VI,12,Bellvitge,615,12-15,13,11,24
1996,1,Districte I,3,Sant Josep,121,12-15,9,10,19
2011,2,Districte II,5,Collblanc,204,75 i +,44,21,65
1998,5,Districte V,10,Pubilla Cases,536,25-34,83,83,166
1998,5,Districte V,10,Pubilla Cases,537,03-11,44,34,78
1996,3,Districte III,6,Santa Eulàlia,306,75 i +,56,32,88
1999,2,Districte II,4,la Torrassa,249,18-24,41,50,91
2007,2,Districte II,4,la Torrassa,248,75 i +,71,38,109
2003,1,Districte I,1,Centre,112,18-24,82,75,157
2015,4,Districte IV,7,la Florida,414,12-15,30,22,52
1996,2,Districte II,4,la Torrassa,238,25-34,60,55,115
2004,5,Districte V,10,Pubilla Cases,529,35-49,136,129,265
2004,2,Districte II,4,la Torrassa,247,50-64,95,96,191
2015,4,Districte IV,7,la Florida,412,35-49,156,168,324
2010,2,Districte II,4,la Torrassa,211,16-17,10,17,27
1996,4,Districte IV,7,la Florida,402,50-64,96,99,195
2016,1,Districte I,3,Sant Josep,117,65-74,121,103,224
2012,3,Districte III,6,Santa Eulàlia,314,75 i +,92,55,147
1997,4,Districte IV,8,les Planes,439,00-02,10,13,23
1996,3,Districte III,6,Santa Eulàlia,318,16-17,16,10,26
2014,6,Districte VI,12,Bellvitge,601,00-02,21,29,50
2007,4,Districte IV,8,les Planes,419,25-34,79,108,187
1998,2,Districte II,4,la Torrassa,217,16-17,10,5,15
2015,3,Districte III,6,Santa Eulàlia,304,75 i +,117,65,182
1998,2,Districte II,5,Collblanc,208,16-17,16,19,35
1994,2,Districte II,5,Collblanc,216,50-64,155,123,278
2009,1,Districte I,1,Centre,108,35-49,192,160,352
2009,2,Districte II,5,Collblanc,222,65-74,38,37,75
1996,6,Districte VI,12,Bellvitge,619,50-64,155,166,321
2012,2,Districte II,5,Collblanc,221,25-34,78,82,160
2010,6,Districte VI,12,Bellvitge,630,18-24,31,29,60
2013,5,Districte V,9,Can Serra,506,35-49,171,186,357
2009,6,Districte VI,12,Bellvitge,602,03-11,17,17,34
1994,5,Districte V,10,Pubilla Cases,532,25-34,122,111,233
2004,5,Districte V,10,Pubilla Cases,513,03-11,28,26,54
1996,1,Districte I,1,Centre,104,03-11,23,21,44
2007,1,Districte I,1,Centre,134,25-34,109,122,231
1995,2,Districte II,4,la Torrassa,232,12-15,17,18,35
2000,2,Districte II,4,la Torrassa,238,65-74,59,41,100
1998,1,Districte I,1,Centre,128,16-17,15,12,27
2010,5,Districte V,9,Can Serra,535,18-24,36,35,71
2013,1,Districte I,3,Sant Josep,120,25-34,96,106,202
2002,6,Districte VI,12,Bellvitge,605,50-64,98,77,175
1999,5,Districte V,10,Pubilla Cases,532,16-17,7,13,20
2010,6,Districte VI,12,Bellvitge,612,03-11,37,39,76
2002,2,Districte II,5,Collblanc,222,75 i +,37,23,60
1995,4,Districte IV,8,les Planes,440,35-49,109,90,199
2015,4,Districte IV,7,la Florida,403,25-34,71,71,142
2003,6,Districte VI,12,Bellvitge,606,16-17,7,12,19
2003,2,Districte II,5,Collblanc,206,03-11,27,35,62
2008,4,Districte IV,7,la Florida,427,75 i +,55,36,91
2007,5,Districte V,10,Pubilla Cases,516,16-17,6,9,15
2008,4,Districte IV,7,la Florida,408,50-64,82,73,155
2006,4,Districte IV,7,la Florida,432,65-74,75,60,135
2010,5,Districte V,10,Pubilla Cases,517,12-15,20,23,43
2010,3,Districte III,6,Santa Eulàlia,302,50-64,169,139,308
1998,2,Districte II,4,la Torrassa,239,00-02,5,5,10
2005,6,Districte VI,12,Bellvitge,627,25-34,93,71,164
1999,3,Districte III,6,Santa Eulàlia,319,25-34,52,54,106
2004,5,Districte V,10,Pubilla Cases,518,00-02,20,20,40
2008,2,Districte II,4,la Torrassa,235,18-24,56,75,131
2010,4,Districte IV,7,la Florida,421,03-11,52,39,91
2011,2,Districte II,4,la Torrassa,246,00-02,13,21,34
2001,4,Districte IV,7,la Florida,430,75 i +,62,33,95
1995,1,Districte I,1,Centre,111,12-15,19,19,38
1999,3,Districte III,6,Santa Eulàlia,324,65-74,62,40,102
2006,1,Districte I,2,Sanfeliu,132,35-49,214,255,469
1994,1,Districte I,3,Sant Josep,114,75 i +,49,16,65
2016,2,Districte II,5,Collblanc,209,65-74,38,37,75
2005,4,Districte IV,8,les Planes,442,65-74,25,26,51
2016,2,Districte II,4,la Torrassa,242,12-15,15,14,29
2011,3,Districte III,6,Santa Eulàlia,305,35-49,184,178,362
2013,4,Districte IV,7,la Florida,404,35-49,156,176,332
1997,2,Districte II,4,la Torrassa,236,18-24,52,46,98
2016,5,Districte V,10,Pubilla Cases,520,03-11,41,25,66
2000,1,Districte I,3,Sant Josep,117,50-64,159,168,327
2001,2,Districte II,5,Collblanc,214,25-34,65,66,131
2006,2,Districte II,5,Collblanc,206,50-64,66,66,132
2005,1,Districte I,3,Sant Josep,117,00-02,23,25,48
2014,2,Districte II,5,Collblanc,202,16-17,8,18,26
2008,1,Districte I,2,Sanfeliu,116,12-15,30,20,50
2005,2,Districte II,5,Collblanc,227,18-24,25,25,50
2009,2,Districte II,4,la Torrassa,231,35-49,158,166,324
1996,1,Districte I,2,Sanfeliu,118,50-64,112,135,247
2007,4,Districte IV,8,les Planes,419,03-11,36,50,86
2010,2,Districte II,5,Collblanc,203,65-74,39,34,73
2000,1,Districte I,1,Centre,107,35-49,165,163,328
2013,5,Districte V,9,Can Serra,505,65-74,146,130,276
1995,4,Districte IV,7,la Florida,409,03-11,30,23,53
2004,1,Districte I,2,Sanfeliu,132,18-24,109,111,220
2011,1,Districte I,3,Sant Josep,138,75 i +,39,29,68
2010,3,Districte III,6,Santa Eulàlia,316,50-64,388,354,742
1999,4,Districte IV,7,la Florida,426,18-24,41,58,99
2005,5,Districte V,10,Pubilla Cases,528,18-24,55,46,101
2009,1,Districte I,1,Centre,111,18-24,37,33,70
2004,1,Districte I,1,Centre,107,18-24,89,90,179
2000,3,Districte III,6,Santa Eulàlia,303,03-11,46,48,94
2008,1,Districte I,3,Sant Josep,140,12-15,13,19,32
2008,5,Districte V,10,Pubilla Cases,528,75 i +,53,41,94
1999,4,Districte IV,7,la Florida,417,65-74,39,37,76
2012,6,Districte VI,12,Bellvitge,610,12-15,18,26,44
1998,3,Districte III,6,Santa Eulàlia,314,18-24,139,147,286
2016,1,Districte I,2,Sanfeliu,129,18-24,43,28,71
2003,5,Districte V,10,Pubilla Cases,523,18-24,62,67,129
2011,3,Districte III,6,Santa Eulàlia,320,16-17,7,4,11
2000,2,Districte II,4,la Torrassa,228,16-17,2,7,9
2012,1,Districte I,1,Centre,104,18-24,25,21,46
2004,1,Districte I,1,Centre,133,75 i +,56,35,91
2014,5,Districte V,10,Pubilla Cases,538,65-74,73,41,114
2005,3,Districte III,6,Santa Eulàlia,319,00-02,40,33,73
1996,4,Districte IV,7,la Florida,408,03-11,36,25,61
2014,3,Districte III,13,Granvia Sud,320,00-02,24,19,43
2004,2,Districte II,4,la Torrassa,242,65-74,92,57,149
2003,4,Districte IV,7,la Florida,417,35-49,71,73,144
1998,2,Districte II,4,la Torrassa,217,50-64,39,39,78
2015,4,Districte IV,8,les Planes,440,00-02,11,13,24
2010,1,Districte I,1,Centre,102,18-24,47,53,100
2002,6,Districte VI,12,Bellvitge,613,03-11,34,29,63
2009,1,Districte I,1,Centre,108,18-24,46,45,91
2001,1,Districte I,3,Sant Josep,122,25-34,87,97,184
1995,2,Districte II,4,la Torrassa,249,65-74,68,54,122
2005,6,Districte VI,12,Bellvitge,612,03-11,33,43,76
2007,5,Districte V,9,Can Serra,505,65-74,81,105,186
2008,5,Districte V,10,Pubilla Cases,516,65-74,40,26,66
2007,2,Districte II,5,Collblanc,201,03-11,32,33,65
1998,1,Districte I,3,Sant Josep,106,50-64,137,167,304
2010,4,Districte IV,7,la Florida,407,50-64,76,71,147
2005,5,Districte V,10,Pubilla Cases,526,35-49,87,106,193
2007,2,Districte II,4,la Torrassa,217,00-02,10,13,23
2001,4,Districte IV,7,la Florida,404,16-17,11,9,20
1999,2,Districte II,5,Collblanc,214,12-15,8,9,17
1994,5,Districte V,10,Pubilla Cases,517,35-49,91,81,172
2000,2,Districte II,5,Collblanc,205,16-17,13,8,21
2006,1,Districte I,1,Centre,101,03-11,84,60,144
1998,2,Districte II,5,Collblanc,224,50-64,48,35,83
2014,1,Districte I,2,Sanfeliu,132,00-02,28,32,60
1994,3,Districte III,6,Santa Eulàlia,315,75 i +,44,22,66
1994,5,Districte V,9,Can Serra,521,35-49,171,144,315
1998,6,Districte VI,12,Bellvitge,625,65-74,27,31,58
1995,4,Districte IV,8,les Planes,439,18-24,60,50,110
2003,6,Districte VI,12,Bellvitge,630,25-34,81,96,177
1994,6,Districte VI,12,Bellvitge,611,16-17,26,20,46
1995,6,Districte VI,12,Bellvitge,615,35-49,111,66,177
1998,5,Districte V,10,Pubilla Cases,528,16-17,9,14,23
1997,5,Districte V,10,Pubilla Cases,533,65-74,47,56,103
2001,4,Districte IV,7,la Florida,410,00-02,14,17,31
2004,4,Districte IV,7,la Florida,404,12-15,24,30,54
2008,3,Districte III,6,Santa Eulàlia,322,03-11,52,53,105
2012,5,Districte V,10,Pubilla Cases,531,18-24,43,36,79
2007,4,Districte IV,7,la Florida,408,75 i +,44,29,73
1998,4,Districte IV,8,les Planes,429,18-24,42,43,85
2008,2,Districte II,4,la Torrassa,234,50-64,56,55,111
2013,2,Districte II,5,Collblanc,207,03-11,70,69,139
2004,6,Districte VI,12,Bellvitge,624,25-34,108,157,265
1998,1,Districte I,1,Centre,103,00-02,12,9,21
2005,1,Districte I,1,Centre,102,50-64,195,174,369
2009,6,Districte VI,12,Bellvitge,618,12-15,8,14,22
1998,6,Districte VI,12,Bellvitge,620,12-15,15,13,28
2001,5,Districte V,10,Pubilla Cases,525,18-24,52,53,105
2015,1,Districte I,3,Sant Josep,127,16-17,6,8,14
2010,2,Districte II,4,la Torrassa,239,65-74,70,43,113
2001,1,Districte I,1,Centre,128,00-02,13,13,26
2003,6,Districte VI,12,Bellvitge,610,50-64,191,157,348
2014,2,Districte II,5,Collblanc,208,50-64,178,148,326
2009,2,Districte II,4,la Torrassa,236,12-15,25,16,41
1999,6,Districte VI,11,el Gornal,632,65-74,42,40,82
2004,5,Districte V,9,Can Serra,505,25-34,127,137,264
2008,6,Districte VI,11,el Gornal,608,35-49,81,101,182
2011,5,Districte V,10,Pubilla Cases,516,25-34,53,62,115
2009,6,Districte VI,11,el Gornal,632,12-15,17,25,42
1996,1,Districte I,1,Centre,105,00-02,7,15,22
2011,3,Districte III,6,Santa Eulàlia,301,75 i +,135,91,226
2001,2,Districte II,4,la Torrassa,218,00-02,2,10,12
1995,4,Districte IV,7,la Florida,432,16-17,24,21,45
1996,1,Districte I,3,Sant Josep,137,50-64,101,111,212
1994,5,Districte V,10,Pubilla Cases,509,00-02,9,11,20
2005,1,Districte I,3,Sant Josep,140,35-49,105,106,211
2008,2,Districte II,4,la Torrassa,211,75 i +,86,46,132
2011,5,Districte V,10,Pubilla Cases,515,65-74,28,30,58
2007,5,Districte V,10,Pubilla Cases,509,75 i +,32,17,49
2005,4,Districte IV,8,les Planes,435,65-74,72,36,108
2005,4,Districte IV,8,les Planes,437,50-64,69,50,119
2003,2,Districte II,5,Collblanc,205,00-02,10,8,18
1994,3,Districte III,6,Santa Eulàlia,324,12-15,19,26,45
2004,5,Districte V,10,Pubilla Cases,538,35-49,126,116,242
1995,4,Districte IV,7,la Florida,404,00-02,13,15,28
1996,6,Districte VI,12,Bellvitge,631,35-49,139,92,231
2007,2,Districte II,4,la Torrassa,241,03-11,34,28,62
1999,6,Districte VI,11,el Gornal,617,75 i +,22,21,43
1999,1,Districte I,1,Centre,134,03-11,34,45,79
1997,2,Districte II,4,la Torrassa,211,50-64,99,81,180
2007,6,Districte VI,12,Bellvitge,615,16-17,4,6,10
2009,4,Districte IV,8,les Planes,420,50-64,91,90,181
2004,1,Districte I,2,Sanfeliu,129,18-24,57,51,108
2000,6,Districte VI,12,Bellvitge,603,25-34,62,75,137
1998,6,Districte VI,12,Bellvitge,630,65-74,30,24,54
2016,4,Districte IV,7,la Florida,414,65-74,58,53,111
1998,6,Districte VI,12,Bellvitge,619,75 i +,44,26,70
1995,2,Districte II,4,la Torrassa,247,50-64,118,119,237
2008,2,Districte II,5,Collblanc,214,00-02,13,9,22
1999,6,Districte VI,11,el Gornal,608,65-74,55,46,101
1998,3,Districte III,6,Santa Eulàlia,318,18-24,47,56,103
2007,4,Districte IV,7,la Florida,405,75 i +,64,44,108
2012,2,Districte II,5,Collblanc,209,00-02,10,13,23
2012,2,Districte II,5,Collblanc,220,25-34,85,88,173
2014,6,Districte VI,12,Bellvitge,607,03-11,48,29,77
2001,2,Districte II,4,la Torrassa,238,12-15,10,9,19
2016,1,Districte I,1,Centre,131,35-49,150,170,320
2015,5,Districte V,10,Pubilla Cases,520,16-17,6,8,14
1997,4,Districte IV,8,les Planes,435,25-34,67,81,148
2009,2,Districte II,5,Collblanc,204,18-24,37,25,62
2016,4,Districte IV,7,la Florida,430,12-15,21,16,37
2008,2,Districte II,4,la Torrassa,248,75 i +,66,40,106
2002,2,Districte II,4,la Torrassa,217,65-74,43,32,75
2009,4,Districte IV,7,la Florida,430,65-74,52,50,102
1994,1,Districte I,1,Centre,124,18-24,66,44,110
2003,6,Districte VI,12,Bellvitge,625,75 i +,22,14,36
2008,2,Districte II,4,la Torrassa,234,12-15,14,21,35
2007,4,Districte IV,7,la Florida,430,03-11,43,51,94
2010,6,Districte VI,12,Bellvitge,603,16-17,3,4,7
2006,2,Districte II,5,Collblanc,222,25-34,100,125,225
2006,2,Districte II,5,Collblanc,207,25-34,63,72,135
2007,4,Districte IV,8,les Planes,436,75 i +,34,21,55
2008,5,Districte V,10,Pubilla Cases,523,35-49,171,188,359
2012,3,Districte III,6,Santa Eulàlia,324,18-24,34,41,75
2000,4,Districte IV,7,la Florida,416,00-02,7,7,14
2001,3,Districte III,6,Santa Eulàlia,302,50-64,170,193,363
2013,3,Districte III,6,Santa Eulàlia,308,35-49,261,233,494
2016,6,Districte VI,12,Bellvitge,613,18-24,27,42,69
2012,2,Districte II,5,Collblanc,214,16-17,5,6,11
1998,6,Districte VI,11,el Gornal,632,00-02,15,15,30
2008,6,Districte VI,11,el Gornal,622,00-02,9,11,20
2000,1,Districte I,1,Centre,135,16-17,17,18,35
2010,5,Districte V,10,Pubilla Cases,528,18-24,55,45,100
2006,2,Districte II,4,la Torrassa,232,35-49,114,97,211
1998,6,Districte VI,12,Bellvitge,602,12-15,11,12,23
2013,4,Districte IV,7,la Florida,432,35-49,125,154,279
2010,5,Districte V,10,Pubilla Cases,520,00-02,16,5,21
2006,1,Districte I,3,Sant Josep,126,75 i +,56,28,84
2015,4,Districte IV,7,la Florida,402,75 i +,63,46,109
2007,2,Districte II,4,la Torrassa,236,00-02,12,15,27
2013,6,Districte VI,12,Bellvitge,627,03-11,30,32,62
2004,4,Districte IV,7,la Florida,406,12-15,28,18,46
2015,3,Districte III,6,Santa Eulàlia,314,18-24,59,99,158
2012,2,Districte II,4,la Torrassa,237,00-02,22,19,41
2006,5,Districte V,10,Pubilla Cases,527,75 i +,52,26,78
1994,5,Districte V,9,Can Serra,521,50-64,119,152,271
2002,4,Districte IV,7,la Florida,403,75 i +,51,33,84
2007,5,Districte V,10,Pubilla Cases,538,35-49,147,139,286
2008,4,Districte IV,8,les Planes,401,35-49,135,118,253
2012,1,Districte I,3,Sant Josep,136,03-11,54,49,103
2000,2,Districte II,5,Collblanc,208,75 i +,119,74,193
2008,5,Districte V,10,Pubilla Cases,532,16-17,13,11,24
1999,2,Districte II,5,Collblanc,212,16-17,11,8,19
2008,2,Districte II,5,Collblanc,209,75 i +,77,54,131
2011,4,Districte IV,8,les Planes,429,00-02,5,7,12
2005,4,Districte IV,7,la Florida,402,75 i +,44,27,71
2016,3,Districte III,6,Santa Eulàlia,325,35-49,187,187,374
1994,2,Districte II,5,Collblanc,215,65-74,73,59,132
2005,3,Districte III,6,Santa Eulàlia,301,75 i +,92,54,146
2010,6,Districte VI,12,Bellvitge,619,75 i +,73,48,121
2002,3,Districte III,6,Santa Eulàlia,313,25-34,169,164,333
2013,1,Districte I,1,Centre,131,12-15,21,17,38
1996,5,Districte V,10,Pubilla Cases,534,18-24,65,72,137
2005,5,Districte V,9,Can Serra,504,25-34,105,126,231
2003,2,Districte II,5,Collblanc,201,12-15,9,7,16
2016,1,Districte I,1,Centre,124,65-74,44,29,73
1994,1,Districte I,1,Centre,109,25-34,93,90,183
2008,6,Districte VI,12,Bellvitge,623,50-64,186,162,348
2015,2,Districte II,4,la Torrassa,239,35-49,148,159,307
2002,4,Districte IV,7,la Florida,403,35-49,108,106,214
2008,5,Districte V,10,Pubilla Cases,512,75 i +,46,24,70
2002,6,Districte VI,12,Bellvitge,605,12-15,7,7,14
2012,2,Districte II,5,Collblanc,213,03-11,28,49,77
2004,4,Districte IV,8,les Planes,419,16-17,10,6,16
2003,3,Districte III,6,Santa Eulàlia,320,00-02,25,18,43
1999,1,Districte I,1,Centre,130,16-17,5,7,12
2003,4,Districte IV,7,la Florida,423,00-02,15,10,25
2014,1,Districte I,1,Centre,130,50-64,74,79,153
2006,6,Districte VI,12,Bellvitge,604,16-17,7,11,18
2004,5,Districte V,10,Pubilla Cases,517,35-49,156,160,316
2013,5,Districte V,10,Pubilla Cases,532,16-17,9,8,17
2005,2,Districte II,4,la Torrassa,230,35-49,105,117,222
1994,3,Districte III,6,Santa Eulàlia,314,03-11,140,165,305
1999,1,Districte I,2,Sanfeliu,132,50-64,190,220,410
1994,1,Districte I,1,Centre,123,03-11,45,44,89
2007,4,Districte IV,7,la Florida,403,03-11,27,22,49
2015,6,Districte VI,12,Bellvitge,621,35-49,168,183,351
2000,2,Districte II,5,Collblanc,203,12-15,5,11,16
2015,5,Districte V,10,Pubilla Cases,537,03-11,52,40,92
2005,3,Districte III,6,Santa Eulàlia,321,50-64,286,276,562
2016,4,Districte IV,7,la Florida,421,00-02,19,14,33
2001,2,Districte II,4,la Torrassa,239,75 i +,73,59,132
1999,6,Districte VI,12,Bellvitge,630,18-24,81,94,175
2008,5,Districte V,10,Pubilla Cases,510,25-34,93,108,201
2011,2,Districte II,4,la Torrassa,230,16-17,11,12,23
2014,4,Districte IV,7,la Florida,431,03-11,93,101,194
2004,2,Districte II,4,la Torrassa,233,35-49,93,110,203
2005,5,Districte V,10,Pubilla Cases,515,65-74,33,27,60
2016,3,Districte III,6,Santa Eulàlia,323,65-74,113,127,240
1996,1,Districte I,3,Sant Josep,119,03-11,46,60,106
2001,4,Districte IV,7,la Florida,407,25-34,68,92,160
1998,3,Districte III,6,Santa Eulàlia,314,00-02,20,24,44
1998,3,Districte III,6,Santa Eulàlia,322,65-74,67,53,120
1999,2,Districte II,4,la Torrassa,241,35-49,63,65,128
2011,2,Districte II,4,la Torrassa,211,03-11,60,62,122
2010,5,Districte V,10,Pubilla Cases,508,03-11,28,28,56
2002,4,Districte IV,8,les Planes,441,35-49,237,226,463
2013,6,Districte VI,12,Bellvitge,621,16-17,14,16,30
2008,6,Districte VI,11,el Gornal,616,12-15,63,64,127
2005,2,Districte II,4,la Torrassa,218,75 i +,35,19,54
1995,1,Districte I,3,Sant Josep,122,00-02,12,6,18
1994,1,Districte I,1,Centre,105,16-17,31,20,51
2004,6,Districte VI,12,Bellvitge,621,50-64,222,227,449
1996,6,Districte VI,12,Bellvitge,621,65-74,36,24,60
2003,3,Districte III,6,Santa Eulàlia,318,65-74,26,23,49
2016,2,Districte II,4,la Torrassa,232,65-74,49,35,84
2005,2,Districte II,5,Collblanc,226,75 i +,82,51,133
2016,2,Districte II,4,la Torrassa,211,03-11,52,63,115
2002,6,Districte VI,11,el Gornal,608,03-11,30,34,64
1995,3,Districte III,6,Santa Eulàlia,309,12-15,18,21,39
2015,5,Districte V,10,Pubilla Cases,530,16-17,10,15,25
1995,5,Districte V,9,Can Serra,505,50-64,178,221,399
1996,4,Districte IV,7,la Florida,432,00-02,9,11,20
2006,6,Districte VI,12,Bellvitge,625,12-15,18,26,44
2015,5,Districte V,10,Pubilla Cases,524,00-02,12,22,34
2001,3,Districte III,6,Santa Eulàlia,304,03-11,33,44,77
2011,4,Districte IV,7,la Florida,411,03-11,39,35,74
1994,3,Districte III,6,Santa Eulàlia,312,50-64,119,139,258
2003,5,Districte V,10,Pubilla Cases,522,35-49,83,87,170
2007,1,Districte I,1,Centre,128,00-02,8,15,23
1994,1,Districte I,1,Centre,111,16-17,17,18,35
2005,1,Districte I,3,Sant Josep,120,35-49,231,222,453
2015,3,Districte III,6,Santa Eulàlia,320,65-74,1,3,4
1994,6,Districte VI,12,Bellvitge,628,12-15,34,55,89
1997,1,Districte I,1,Centre,124,18-24,64,47,111
2009,6,Districte VI,12,Bellvitge,606,16-17,13,8,21
2012,6,Districte VI,12,Bellvitge,620,12-15,6,16,22
1995,4,Districte IV,7,la Florida,432,12-15,34,42,76
1995,5,Districte V,10,Pubilla Cases,520,65-74,47,46,93
2006,6,Districte VI,11,el Gornal,608,35-49,87,89,176
1994,4,Districte IV,7,la Florida,414,00-02,8,12,20
2016,4,Districte IV,7,la Florida,403,50-64,109,102,211
2005,5,Districte V,10,Pubilla Cases,524,25-34,166,166,332
2007,2,Districte II,5,Collblanc,214,16-17,5,6,11
2001,5,Districte V,10,Pubilla Cases,516,75 i +,22,11,33
2000,1,Districte I,1,Centre,103,18-24,45,34,79
2005,1,Districte I,1,Centre,107,12-15,14,26,40
1997,4,Districte IV,8,les Planes,419,75 i +,37,19,56
2011,2,Districte II,4,la Torrassa,243,25-34,116,109,225
1998,4,Districte IV,8,les Planes,439,25-34,101,94,195
1995,5,Districte V,9,Can Serra,503,18-24,60,59,119
1997,5,Districte V,10,Pubilla Cases,533,35-49,64,73,137
2010,3,Districte III,6,Santa Eulàlia,318,18-24,41,38,79
2003,3,Districte III,6,Santa Eulàlia,316,25-34,132,134,266
2009,1,Districte I,3,Sant Josep,127,75 i +,47,26,73
2010,3,Districte III,6,Santa Eulàlia,309,75 i +,35,19,54
2014,1,Districte I,3,Sant Josep,140,50-64,84,66,150
2015,1,Districte I,3,Sant Josep,139,00-02,7,15,22
2014,5,Districte V,9,Can Serra,535,16-17,9,4,13
2012,1,Districte I,3,Sant Josep,138,16-17,6,6,12
2004,2,Districte II,4,la Torrassa,229,16-17,10,6,16
2012,2,Districte II,5,Collblanc,219,25-34,106,113,219
1998,4,Districte IV,7,la Florida,423,35-49,74,82,156
2004,4,Districte IV,7,la Florida,432,25-34,96,112,208
2012,2,Districte II,4,la Torrassa,237,18-24,52,56,108
1997,2,Districte II,5,Collblanc,207,12-15,11,14,25
2002,3,Districte III,6,Santa Eulàlia,304,25-34,97,121,218
2009,5,Districte V,10,Pubilla Cases,522,00-02,23,14,37
1999,4,Districte IV,7,la Florida,416,03-11,20,24,44
1994,2,Districte II,5,Collblanc,208,16-17,20,18,38
2008,6,Districte VI,11,el Gornal,617,00-02,13,14,27
1996,6,Districte VI,12,Bellvitge,613,25-34,137,147,284
2012,2,Districte II,5,Collblanc,223,12-15,26,21,47
1995,3,Districte III,6,Santa Eulàlia,321,65-74,85,64,149
2005,6,Districte VI,12,Bellvitge,604,18-24,33,33,66
2013,1,Districte I,3,Sant Josep,139,50-64,84,84,168
1995,1,Districte I,2,Sanfeliu,129,25-34,89,88,177
2000,1,Districte I,3,Sant Josep,120,18-24,75,95,170
2013,4,Districte IV,7,la Florida,416,00-02,22,24,46
2010,4,Districte IV,7,la Florida,408,12-15,12,18,30
2006,2,Districte II,4,la Torrassa,242,12-15,18,15,33
1995,5,Districte V,10,Pubilla Cases,522,35-49,73,61,134
2004,6,Districte VI,11,el Gornal,608,35-49,93,78,171
2001,2,Districte II,4,la Torrassa,231,03-11,36,22,58
1999,6,Districte VI,12,Bellvitge,628,65-74,45,43,88
2003,1,Districte I,3,Sant Josep,127,75 i +,31,21,52
2013,3,Districte III,6,Santa Eulàlia,321,25-34,152,151,303
2004,3,Districte III,6,Santa Eulàlia,322,75 i +,46,36,82
2002,4,Districte IV,8,les Planes,436,12-15,19,20,39
2001,5,Districte V,10,Pubilla Cases,525,75 i +,40,31,71
2006,3,Districte III,6,Santa Eulàlia,319,12-15,22,26,48
1994,4,Districte IV,8,les Planes,441,75 i +,43,21,64
2005,4,Districte IV,8,les Planes,401,12-15,30,22,52
2013,5,Districte V,10,Pubilla Cases,518,65-74,68,33,101
1994,5,Districte V,10,Pubilla Cases,515,00-02,9,8,17
2007,5,Districte V,10,Pubilla Cases,534,00-02,14,13,27
2004,2,Districte II,4,la Torrassa,246,12-15,18,20,38
2001,6,Districte VI,12,Bellvitge,606,18-24,48,50,98
2010,6,Districte VI,12,Bellvitge,610,16-17,6,13,19
2009,2,Districte II,4,la Torrassa,211,25-34,137,147,284
1994,4,Districte IV,7,la Florida,409,12-15,28,23,51
2001,6,Districte VI,12,Bellvitge,601,65-74,60,66,126
2011,6,Districte VI,12,Bellvitge,606,50-64,79,68,147
2002,5,Districte V,10,Pubilla Cases,530,75 i +,81,33,114
1994,6,Districte VI,12,Bellvitge,605,12-15,16,22,38
2009,4,Districte IV,8,les Planes,401,25-34,101,98,199
2002,2,Districte II,5,Collblanc,210,65-74,90,69,159
2002,1,Districte I,3,Sant Josep,138,75 i +,25,14,39
2001,1,Districte I,1,Centre,131,75 i +,44,30,74
2010,4,Districte IV,7,la Florida,430,18-24,32,43,75
2010,1,Districte I,3,Sant Josep,137,50-64,167,126,293
2009,3,Districte III,6,Santa Eulàlia,324,50-64,76,70,146
1998,5,Districte V,10,Pubilla Cases,515,03-11,24,24,48
2005,2,Districte II,5,Collblanc,224,35-49,81,92,173
2009,4,Districte IV,7,la Florida,409,18-24,33,33,66
1995,2,Districte II,4,la Torrassa,245,65-74,74,54,128
2012,3,Districte III,6,Santa Eulàlia,311,75 i +,103,56,159
1998,6,Districte VI,12,Bellvitge,612,16-17,16,11,27
2007,1,Districte I,3,Sant Josep,136,00-02,23,17,40
2013,1,Districte I,1,Centre,109,03-11,48,34,82
1995,1,Districte I,1,Centre,134,65-74,63,41,104
2015,4,Districte IV,8,les Planes,418,65-74,54,51,105
2009,2,Districte II,4,la Torrassa,247,00-02,24,23,47
1996,1,Districte I,1,Centre,104,18-24,42,46,88
1995,1,Districte I,1,Centre,134,75 i +,55,25,80
2004,5,Districte V,9,Can Serra,501,65-74,33,33,66
2013,1,Districte I,3,Sant Josep,127,03-11,34,39,73
2013,3,Districte III,6,Santa Eulàlia,326,18-24,12,15,27
2012,4,Districte IV,8,les Planes,418,18-24,45,62,107
2006,2,Districte II,5,Collblanc,244,00-02,8,10,18
1995,1,Districte I,1,Centre,134,16-17,11,24,35
2003,2,Districte II,5,Collblanc,215,50-64,73,57,130
2003,2,Districte II,4,la Torrassa,249,16-17,7,11,18
2014,1,Districte I,1,Centre,105,65-74,58,63,121
2015,1,Districte I,1,Centre,134,12-15,21,29,50
2001,5,Districte V,10,Pubilla Cases,528,65-74,62,62,124
2015,5,Districte V,9,Can Serra,505,03-11,41,46,87
1997,5,Districte V,10,Pubilla Cases,511,18-24,51,43,94
2015,4,Districte IV,7,la Florida,405,00-02,15,28,43
2009,2,Districte II,4,la Torrassa,235,12-15,25,29,54
2010,2,Districte II,5,Collblanc,225,18-24,16,20,36
2006,2,Districte II,4,la Torrassa,245,00-02,12,13,25
2016,3,Districte III,6,Santa Eulàlia,322,12-15,18,30,48
1998,1,Districte I,1,Centre,109,03-11,41,44,85
2007,5,Districte V,10,Pubilla Cases,530,03-11,43,54,97
1999,6,Districte VI,12,Bellvitge,609,65-74,32,38,70
2002,2,Districte II,4,la Torrassa,229,18-24,30,23,53
2013,4,Districte IV,7,la Florida,412,35-49,183,186,369
2003,3,Districte III,6,Santa Eulàlia,315,12-15,21,38,59
2007,4,Districte IV,8,les Planes,433,75 i +,42,23,65
2008,4,Districte IV,7,la Florida,426,00-02,15,20,35
2012,2,Districte II,5,Collblanc,209,25-34,96,89,185
2013,1,Districte I,3,Sant Josep,139,25-34,55,64,119
2000,4,Districte IV,7,la Florida,413,12-15,7,9,16
2004,1,Districte I,3,Sant Josep,106,12-15,28,32,60
2005,2,Districte II,4,la Torrassa,242,00-02,14,11,25
2008,2,Districte II,4,la Torrassa,249,16-17,12,11,23
2010,6,Districte VI,12,Bellvitge,610,00-02,11,11,22
2009,5,Districte V,9,Can Serra,502,65-74,78,82,160
2000,5,Districte V,10,Pubilla Cases,510,35-49,87,91,178
2011,6,Districte VI,12,Bellvitge,621,03-11,46,65,111
2012,4,Districte IV,7,la Florida,417,25-34,61,58,119
2007,2,Districte II,5,Collblanc,201,65-74,53,42,95
2009,5,Districte V,10,Pubilla Cases,512,35-49,122,124,246
1997,4,Districte IV,7,la Florida,427,50-64,90,56,146
2014,3,Districte III,6,Santa Eulàlia,321,12-15,37,48,85
1997,1,Districte I,3,Sant Josep,127,18-24,27,36,63
2014,2,Districte II,4,la Torrassa,248,75 i +,70,47,117
2014,3,Districte III,6,Santa Eulàlia,303,03-11,69,52,121
1998,3,Districte III,6,Santa Eulàlia,312,00-02,17,13,30
2016,2,Districte II,5,Collblanc,221,50-64,174,165,339
2001,2,Districte II,4,la Torrassa,229,18-24,27,26,53
2002,3,Districte III,6,Santa Eulàlia,323,00-02,43,42,85
2005,1,Districte I,2,Sanfeliu,116,16-17,8,16,24
2008,2,Districte II,4,la Torrassa,243,16-17,16,23,39
2016,3,Districte III,6,Santa Eulàlia,322,75 i +,78,41,119
1995,1,Districte I,1,Centre,105,25-34,86,73,159
2011,5,Districte V,10,Pubilla Cases,508,00-02,5,12,17
2005,5,Districte V,9,Can Serra,535,50-64,144,123,267
1999,2,Districte II,4,la Torrassa,248,35-49,107,113,220
1995,3,Districte III,6,Santa Eulàlia,313,65-74,63,64,127
2016,2,Districte II,4,la Torrassa,243,75 i +,105,71,176
2015,5,Districte V,10,Pubilla Cases,532,65-74,77,59,136
2016,1,Districte I,1,Centre,123,65-74,69,60,129
2014,5,Districte V,10,Pubilla Cases,520,25-34,66,62,128
2000,1,Districte I,3,Sant Josep,139,16-17,8,9,17
2014,3,Districte III,6,Santa Eulàlia,302,65-74,102,118,220
2016,5,Districte V,9,Can Serra,521,00-02,7,7,14
2012,3,Districte III,6,Santa Eulàlia,323,16-17,30,29,59
2004,2,Districte II,4,la Torrassa,247,03-11,43,41,84
1995,5,Districte V,10,Pubilla Cases,514,03-11,40,25,65
2006,3,Districte III,6,Santa Eulàlia,323,35-49,344,352,696
2008,4,Districte IV,8,les Planes,435,00-02,23,23,46
2016,1,Districte I,1,Centre,123,18-24,36,50,86
2001,2,Districte II,4,la Torrassa,211,18-24,52,51,103
2002,4,Districte IV,7,la Florida,410,25-34,137,161,298
2016,1,Districte I,1,Centre,124,50-64,89,68,157
2002,5,Districte V,10,Pubilla Cases,538,00-02,8,19,27
1998,2,Districte II,5,Collblanc,201,65-74,42,47,89
2008,1,Districte I,1,Centre,133,16-17,5,4,9
2007,5,Districte V,10,Pubilla Cases,512,18-24,46,51,97
2003,6,Districte VI,12,Bellvitge,603,12-15,7,17,24
2000,1,Districte I,2,Sanfeliu,129,16-17,13,9,22
2014,2,Districte II,4,la Torrassa,245,25-34,99,72,171
2005,2,Districte II,5,Collblanc,215,65-74,52,25,77
2009,2,Districte II,4,la Torrassa,246,25-34,134,121,255
2010,5,Districte V,10,Pubilla Cases,514,35-49,97,111,208
2015,2,Districte II,4,la Torrassa,245,16-17,14,7,21
2003,2,Districte II,4,la Torrassa,236,00-02,20,17,37
2006,4,Districte IV,7,la Florida,432,00-02,14,11,25
2014,5,Districte V,9,Can Serra,521,65-74,105,102,207
2011,2,Districte II,5,Collblanc,215,25-34,93,74,167
2000,2,Districte II,5,Collblanc,204,75 i +,33,16,49
2002,2,Districte II,4,la Torrassa,240,18-24,37,42,79
2007,3,Districte III,6,Santa Eulàlia,306,16-17,18,20,38
2012,5,Districte V,10,Pubilla Cases,515,18-24,32,23,55
2005,6,Districte VI,12,Bellvitge,621,65-74,49,52,101
2001,1,Districte I,3,Sant Josep,138,03-11,24,34,58
2015,6,Districte VI,12,Bellvitge,612,75 i +,78,62,140
2010,4,Districte IV,8,les Planes,435,75 i +,93,41,134
1997,1,Districte I,3,Sant Josep,139,75 i +,28,7,35
2013,3,Districte III,6,Santa Eulàlia,316,25-34,185,211,396
2011,1,Districte I,3,Sant Josep,125,18-24,58,50,108
2001,3,Districte III,6,Santa Eulàlia,301,65-74,122,113,235
2010,1,Districte I,1,Centre,113,50-64,226,192,418
1995,4,Districte IV,8,les Planes,420,16-17,15,20,35
2015,6,Districte VI,12,Bellvitge,612,65-74,107,66,173
1996,2,Districte II,5,Collblanc,203,18-24,36,32,68
2009,5,Districte V,9,Can Serra,535,25-34,55,60,115
2005,6,Districte VI,12,Bellvitge,618,16-17,7,5,12
2005,5,Districte V,10,Pubilla Cases,528,12-15,14,21,35
2012,6,Districte VI,12,Bellvitge,605,16-17,3,4,7
2002,6,Districte VI,12,Bellvitge,602,65-74,36,43,79
2000,5,Districte V,9,Can Serra,506,65-74,76,72,148
2012,2,Districte II,4,la Torrassa,233,03-11,27,39,66
1996,1,Districte I,1,Centre,107,35-49,190,179,369
1995,5,Districte V,10,Pubilla Cases,513,50-64,99,94,193
1996,1,Districte I,1,Centre,103,25-34,63,65,128
1996,6,Districte VI,12,Bellvitge,613,75 i +,36,24,60
1996,1,Districte I,3,Sant Josep,137,16-17,30,20,50
2015,2,Districte II,5,Collblanc,209,35-49,127,117,244
2002,2,Districte II,4,la Torrassa,238,16-17,5,8,13
2007,2,Districte II,5,Collblanc,220,75 i +,60,35,95
1998,2,Districte II,5,Collblanc,226,75 i +,73,36,109
2003,4,Districte IV,8,les Planes,419,00-02,13,24,37
2011,2,Districte II,4,la Torrassa,229,50-64,74,61,135
2006,1,Districte I,3,Sant Josep,140,00-02,9,14,23
2016,4,Districte IV,8,les Planes,440,12-15,16,22,38
2009,5,Districte V,10,Pubilla Cases,538,65-74,71,50,121
2007,3,Districte III,6,Santa Eulàlia,301,50-64,188,191,379
2002,5,Districte V,10,Pubilla Cases,526,12-15,11,12,23
1999,1,Districte I,3,Sant Josep,114,50-64,212,189,401
2008,1,Districte I,3,Sant Josep,139,35-49,102,120,222
1999,6,Districte VI,11,el Gornal,632,16-17,14,19,33
1997,2,Districte II,4,la Torrassa,232,35-49,80,69,149
2001,2,Districte II,4,la Torrassa,245,65-74,68,57,125
1999,6,Districte VI,11,el Gornal,622,35-49,106,98,204
2016,6,Districte VI,12,Bellvitge,623,00-02,11,16,27
2004,4,Districte IV,7,la Florida,426,50-64,84,66,150
2000,3,Districte III,6,Santa Eulàlia,306,00-02,19,20,39
2002,5,Districte V,9,Can Serra,505,03-11,23,20,43
1995,1,Districte I,1,Centre,103,18-24,50,35,85
2009,2,Districte II,5,Collblanc,219,16-17,14,9,23
2012,5,Districte V,10,Pubilla Cases,532,00-02,28,23,51
1995,5,Districte V,10,Pubilla Cases,520,35-49,93,87,180
2010,3,Districte III,6,Santa Eulàlia,313,65-74,85,76,161
2005,6,Districte VI,12,Bellvitge,618,25-34,40,46,86
1996,1,Districte I,1,Centre,131,16-17,26,38,64
2011,4,Districte IV,7,la Florida,427,65-74,37,24,61
2010,3,Districte III,6,Santa Eulàlia,305,50-64,189,166,355
1998,1,Districte I,3,Sant Josep,117,18-24,119,154,273
1997,2,Districte II,4,la Torrassa,241,16-17,11,7,18
2015,6,Districte VI,11,el Gornal,632,65-74,51,44,95
2002,2,Districte II,5,Collblanc,201,03-11,20,29,49
2006,3,Districte III,6,Santa Eulàlia,309,65-74,35,25,60
1998,1,Districte I,1,Centre,103,75 i +,47,23,70
2008,4,Districte IV,8,les Planes,401,65-74,59,51,110
1999,6,Districte VI,12,Bellvitge,623,03-11,49,47,96
1996,4,Districte IV,8,les Planes,438,12-15,18,11,29
2008,5,Districte V,10,Pubilla Cases,531,16-17,11,12,23
1995,2,Districte II,4,la Torrassa,233,75 i +,78,30,108
2002,2,Districte II,5,Collblanc,208,16-17,20,9,29
2002,2,Districte II,4,la Torrassa,236,75 i +,73,39,112
1994,4,Districte IV,8,les Planes,436,65-74,33,33,66
2004,2,Districte II,4,la Torrassa,234,25-34,93,104,197
2003,6,Districte VI,12,Bellvitge,631,18-24,50,36,86
1996,4,Districte IV,7,la Florida,422,25-34,70,78,148
2000,1,Districte I,3,Sant Josep,122,75 i +,41,26,67
2003,4,Districte IV,7,la Florida,416,75 i +,38,24,62
1995,1,Districte I,3,Sant Josep,121,12-15,8,10,18
1995,2,Districte II,5,Collblanc,208,65-74,138,105,243
1999,2,Districte II,5,Collblanc,220,75 i +,39,23,62
2013,1,Districte I,3,Sant Josep,120,16-17,15,19,34
2012,3,Districte III,6,Santa Eulàlia,303,03-11,45,56,101
1998,2,Districte II,5,Collblanc,226,65-74,86,64,150
2005,2,Districte II,4,la Torrassa,232,12-15,11,12,23
2009,4,Districte IV,7,la Florida,414,00-02,23,16,39
1995,6,Districte VI,12,Bellvitge,602,75 i +,13,11,24
2005,1,Districte I,3,Sant Josep,136,03-11,51,47,98
2004,1,Districte I,3,Sant Josep,114,35-49,159,155,314
1998,1,Districte I,1,Centre,102,03-11,54,56,110
1996,2,Districte II,4,la Torrassa,231,35-49,78,68,146
2002,2,Districte II,4,la Torrassa,248,03-11,32,44,76
2002,3,Districte III,6,Santa Eulàlia,316,25-34,125,122,247
2002,2,Districte II,5,Collblanc,226,50-64,91,86,177
2004,1,Districte I,1,Centre,113,00-02,18,21,39
2012,1,Districte I,1,Centre,112,25-34,126,95,221
2004,2,Districte II,4,la Torrassa,234,75 i +,81,42,123
1996,1,Districte I,1,Centre,104,12-15,8,9,17
2010,3,Districte III,6,Santa Eulàlia,311,50-64,112,94,206
2002,5,Districte V,10,Pubilla Cases,530,50-64,105,92,197
2001,3,Districte III,6,Santa Eulàlia,323,75 i +,46,16,62
2012,4,Districte IV,8,les Planes,434,00-02,22,14,36
2012,5,Districte V,10,Pubilla Cases,537,16-17,12,7,19
2000,2,Districte II,5,Collblanc,227,35-49,69,60,129
2012,4,Districte IV,8,les Planes,433,00-02,19,26,45
2004,1,Districte I,1,Centre,135,25-34,136,145,281
2002,4,Districte IV,7,la Florida,403,16-17,17,11,28
2005,1,Districte I,1,Centre,104,16-17,3,4,7
2006,2,Districte II,5,Collblanc,224,16-17,3,5,8
2001,2,Districte II,5,Collblanc,219,03-11,42,36,78
1999,2,Districte II,4,la Torrassa,233,25-34,59,56,115
2004,5,Districte V,9,Can Serra,502,65-74,71,66,137
2002,4,Districte IV,8,les Planes,401,12-15,21,27,48
2007,4,Districte IV,8,les Planes,433,18-24,82,61,143
2012,4,Districte IV,7,la Florida,428,25-34,67,72,139
2013,4,Districte IV,7,la Florida,403,16-17,6,10,16
2005,2,Districte II,4,la Torrassa,230,00-02,15,7,22
2001,2,Districte II,5,Collblanc,244,65-74,47,26,73
2005,4,Districte IV,8,les Planes,433,50-64,69,75,144
1997,6,Districte VI,12,Bellvitge,614,12-15,15,22,37
1998,3,Districte III,6,Santa Eulàlia,320,12-15,6,7,13
1999,2,Districte II,4,la Torrassa,239,25-34,90,98,188
1996,1,Districte I,1,Centre,110,12-15,24,26,50
1998,3,Districte III,6,Santa Eulàlia,310,65-74,38,32,70
2014,1,Districte I,3,Sant Josep,117,00-02,17,20,37
2003,4,Districte IV,7,la Florida,425,50-64,81,80,161
2011,6,Districte VI,11,el Gornal,608,03-11,22,30,52
2015,4,Districte IV,7,la Florida,403,03-11,49,45,94
2013,5,Districte V,9,Can Serra,501,65-74,86,93,179
2014,4,Districte IV,7,la Florida,421,75 i +,87,65,152
1995,1,Districte I,1,Centre,108,18-24,69,66,135
2003,4,Districte IV,7,la Florida,423,12-15,16,12,28
2001,3,Districte III,6,Santa Eulàlia,317,03-11,32,39,71
2008,1,Districte I,2,Sanfeliu,132,25-34,182,210,392
2002,5,Districte V,9,Can Serra,535,25-34,80,92,172
2006,2,Districte II,4,la Torrassa,235,16-17,11,13,24
2004,5,Districte V,10,Pubilla Cases,520,03-11,25,36,61
2012,3,Districte III,6,Santa Eulàlia,322,12-15,24,27,51
2016,6,Districte VI,11,el Gornal,616,18-24,80,96,176
2001,6,Districte VI,12,Bellvitge,625,50-64,142,149,291
2016,1,Districte I,3,Sant Josep,122,03-11,40,52,92
2013,2,Districte II,4,la Torrassa,228,03-11,105,113,218
2008,5,Districte V,9,Can Serra,502,65-74,81,77,158
2012,4,Districte IV,7,la Florida,428,00-02,19,16,35
2009,2,Districte II,5,Collblanc,213,25-34,96,145,241
1997,1,Districte I,3,Sant Josep,140,18-24,67,68,135
2006,5,Districte V,10,Pubilla Cases,529,35-49,150,147,297
2013,2,Districte II,4,la Torrassa,247,16-17,7,20,27
2000,4,Districte IV,7,la Florida,406,16-17,15,19,34
2003,5,Districte V,9,Can Serra,507,25-34,86,87,173
1999,1,Districte I,3,Sant Josep,122,12-15,10,10,20
2012,4,Districte IV,7,la Florida,417,03-11,32,36,68
2006,4,Districte IV,8,les Planes,442,35-49,78,72,150
2005,5,Districte V,9,Can Serra,502,18-24,75,67,142
2005,1,Districte I,3,Sant Josep,120,65-74,48,47,95
2000,2,Districte II,4,la Torrassa,243,35-49,145,141,286
1994,2,Districte II,5,Collblanc,212,75 i +,61,30,91
1995,4,Districte IV,7,la Florida,412,35-49,204,195,399
2003,1,Districte I,2,Sanfeliu,116,65-74,63,62,125
2009,4,Districte IV,8,les Planes,442,65-74,29,31,60
2008,5,Districte V,9,Can Serra,535,50-64,137,114,251
1996,6,Districte VI,11,el Gornal,626,50-64,133,115,248
2011,2,Districte II,5,Collblanc,203,75 i +,47,30,77
2016,6,Districte VI,12,Bellvitge,627,75 i +,49,36,85
2006,3,Districte III,6,Santa Eulàlia,306,25-34,124,141,265
1996,5,Districte V,10,Pubilla Cases,529,75 i +,55,31,86
2008,2,Districte II,4,la Torrassa,234,18-24,42,38,80
2010,2,Districte II,4,la Torrassa,238,12-15,9,17,26
2002,5,Districte V,10,Pubilla Cases,533,00-02,7,8,15
2003,4,Districte IV,8,les Planes,420,35-49,150,161,311
2014,5,Districte V,10,Pubilla Cases,530,25-34,136,141,277
2004,5,Districte V,10,Pubilla Cases,518,25-34,118,104,222
2010,5,Districte V,10,Pubilla Cases,510,50-64,82,73,155
1996,2,Districte II,4,la Torrassa,248,00-02,10,8,18
2001,2,Districte II,4,la Torrassa,247,03-11,28,36,64
1994,1,Districte I,1,Centre,107,00-02,16,19,35
2001,3,Districte III,6,Santa Eulàlia,312,65-74,62,59,121
2008,1,Districte I,3,Sant Josep,137,50-64,162,143,305
1998,4,Districte IV,8,les Planes,401,35-49,113,109,222
2006,3,Districte III,6,Santa Eulàlia,301,75 i +,93,63,156
2005,1,Districte I,1,Centre,108,35-49,165,151,316
2004,6,Districte VI,12,Bellvitge,604,35-49,83,87,170
1994,1,Districte I,1,Centre,131,00-02,19,23,42
2012,3,Districte III,6,Santa Eulàlia,313,00-02,30,26,56
1998,1,Districte I,1,Centre,112,25-34,121,99,220
2009,3,Districte III,6,Santa Eulàlia,307,16-17,6,10,16
2003,1,Districte I,3,Sant Josep,114,18-24,92,89,181
2009,6,Districte VI,12,Bellvitge,609,65-74,55,64,119
1999,4,Districte IV,7,la Florida,411,03-11,35,21,56
1998,4,Districte IV,7,la Florida,417,03-11,23,17,40
2015,3,Districte III,13,Granvia Sud,312,16-17,12,10,22
1999,6,Districte VI,12,Bellvitge,615,12-15,12,10,22
2004,1,Districte I,3,Sant Josep,140,65-74,66,52,118
2010,5,Districte V,9,Can Serra,504,03-11,31,33,64
1994,3,Districte III,6,Santa Eulàlia,319,03-11,35,41,76
2006,5,Districte V,10,Pubilla Cases,522,65-74,33,36,69
1998,2,Districte II,5,Collblanc,222,75 i +,34,20,54
1999,1,Districte I,1,Centre,109,16-17,14,21,35
2009,5,Districte V,10,Pubilla Cases,536,18-24,35,24,59
2005,4,Districte IV,7,la Florida,416,00-02,13,13,26
2007,1,Districte I,2,Sanfeliu,132,65-74,94,84,178
2000,3,Districte III,6,Santa Eulàlia,320,35-49,50,48,98
2014,3,Districte III,6,Santa Eulàlia,307,12-15,14,19,33
2010,2,Districte II,4,la Torrassa,245,12-15,21,23,44
2005,1,Districte I,1,Centre,105,50-64,119,115,234
2013,3,Districte III,6,Santa Eulàlia,308,00-02,29,19,48
1995,1,Districte I,3,Sant Josep,127,12-15,22,24,46
2011,4,Districte IV,7,la Florida,407,35-49,120,142,262
2006,2,Districte II,4,la Torrassa,248,00-02,14,13,27
2016,5,Districte V,10,Pubilla Cases,524,25-34,106,100,206
2010,5,Districte V,10,Pubilla Cases,530,75 i +,93,65,158
2012,5,Districte V,10,Pubilla Cases,517,18-24,44,58,102
2001,2,Districte II,4,la Torrassa,211,65-74,91,62,153
1994,4,Districte IV,7,la Florida,405,18-24,57,62,119
2005,6,Districte VI,12,Bellvitge,620,65-74,42,43,85
2005,6,Districte VI,12,Bellvitge,615,35-49,61,75,136
2011,3,Districte III,6,Santa Eulàlia,314,25-34,205,213,418
2000,4,Districte IV,7,la Florida,410,25-34,115,123,238
1994,3,Districte III,6,Santa Eulàlia,314,12-15,75,76,151
1996,2,Districte II,4,la Torrassa,217,03-11,21,14,35
2007,3,Districte III,6,Santa Eulàlia,320,75 i +,38,14,52
2001,2,Districte II,5,Collblanc,223,25-34,89,97,186
1998,2,Districte II,4,la Torrassa,233,12-15,5,11,16
2010,1,Districte I,1,Centre,135,50-64,163,142,305
2009,2,Districte II,5,Collblanc,212,03-11,64,63,127
2010,2,Districte II,4,la Torrassa,242,00-02,12,20,32
2012,3,Districte III,6,Santa Eulàlia,323,75 i +,88,39,127
2000,6,Districte VI,12,Bellvitge,619,65-74,75,69,144
1996,2,Districte II,4,la Torrassa,237,50-64,141,132,273
1997,6,Districte VI,12,Bellvitge,618,03-11,15,21,36
2010,2,Districte II,4,la Torrassa,246,12-15,28,26,54
2004,6,Districte VI,12,Bellvitge,627,03-11,31,25,56
2014,5,Districte V,9,Can Serra,535,35-49,93,86,179
2005,4,Districte IV,8,les Planes,433,75 i +,45,21,66
1997,1,Districte I,1,Centre,128,16-17,18,12,30
2011,5,Districte V,10,Pubilla Cases,531,18-24,44,32,76
2014,6,Districte VI,11,el Gornal,616,75 i +,49,35,84
2014,3,Districte III,6,Santa Eulàlia,314,03-11,91,98,189
2015,5,Districte V,10,Pubilla Cases,534,65-74,57,47,104
2012,6,Districte VI,11,el Gornal,632,12-15,20,15,35
2003,2,Districte II,5,Collblanc,205,16-17,7,6,13
2012,4,Districte IV,7,la Florida,426,18-24,39,47,86
2011,4,Districte IV,7,la Florida,410,75 i +,139,106,245
1995,3,Districte III,6,Santa Eulàlia,315,25-34,135,128,263
2015,4,Districte IV,7,la Florida,404,00-02,18,22,40
2003,6,Districte VI,11,el Gornal,616,50-64,209,221,430
2000,5,Districte V,10,Pubilla Cases,520,35-49,84,67,151
2007,3,Districte III,6,Santa Eulàlia,305,18-24,81,78,159
2015,4,Districte IV,7,la Florida,432,75 i +,83,54,137
2000,1,Districte I,1,Centre,109,25-34,86,83,169
2007,2,Districte II,4,la Torrassa,231,50-64,79,61,140
1994,1,Districte I,3,Sant Josep,137,75 i +,28,12,40
1998,3,Districte III,6,Santa Eulàlia,317,03-11,26,37,63
2008,3,Districte III,6,Santa Eulàlia,303,12-15,16,20,36
2001,4,Districte IV,8,les Planes,418,25-34,102,123,225
2014,1,Districte I,3,Sant Josep,140,25-34,61,53,114
1996,5,Districte V,10,Pubilla Cases,520,03-11,30,34,64
1994,6,Districte VI,12,Bellvitge,615,75 i +,21,10,31
2004,4,Districte IV,7,la Florida,422,75 i +,69,44,113
2005,2,Districte II,5,Collblanc,212,50-64,116,104,220
1996,3,Districte III,6,Santa Eulàlia,310,00-02,8,10,18
2012,1,Districte I,3,Sant Josep,136,75 i +,62,33,95
1994,2,Districte II,4,la Torrassa,236,65-74,84,66,150
2013,6,Districte VI,12,Bellvitge,619,75 i +,103,74,177
2003,6,Districte VI,12,Bellvitge,624,03-11,30,36,66
1998,6,Districte VI,11,el Gornal,617,75 i +,19,21,40
2011,3,Districte III,6,Santa Eulàlia,306,18-24,59,64,123
1994,3,Districte III,6,Santa Eulàlia,304,00-02,9,8,17
2009,2,Districte II,5,Collblanc,214,18-24,38,45,83
2004,1,Districte I,1,Centre,124,50-64,74,67,141
2000,2,Districte II,5,Collblanc,226,50-64,89,88,177
2007,2,Districte II,4,la Torrassa,211,65-74,61,41,102
2009,1,Districte I,1,Centre,112,75 i +,64,34,98
1996,3,Districte III,6,Santa Eulàlia,313,00-02,17,18,35
2007,1,Districte I,1,Centre,128,75 i +,54,34,88
2012,6,Districte VI,11,el Gornal,617,16-17,7,10,17
2016,1,Districte I,1,Centre,103,18-24,25,23,48
2003,2,Districte II,5,Collblanc,227,03-11,21,25,46
2005,3,Districte III,6,Santa Eulàlia,320,00-02,28,17,45
2014,6,Districte VI,12,Bellvitge,607,00-02,15,11,26
1999,3,Districte III,6,Santa Eulàlia,314,35-49,319,321,640
2014,5,Districte V,10,Pubilla Cases,528,16-17,9,12,21
2001,1,Districte I,2,Sanfeliu,118,65-74,47,38,85
2013,1,Districte I,3,Sant Josep,122,35-49,115,120,235
1997,6,Districte VI,12,Bellvitge,620,12-15,18,9,27
2011,2,Districte II,4,la Torrassa,217,16-17,3,6,9
1997,2,Districte II,4,la Torrassa,246,00-02,13,12,25
2015,2,Districte II,5,Collblanc,205,18-24,30,50,80
2012,2,Districte II,4,la Torrassa,231,00-02,18,25,43
2001,6,Districte VI,12,Bellvitge,615,16-17,6,2,8
2001,3,Districte III,6,Santa Eulàlia,306,16-17,16,16,32
2004,4,Districte IV,7,la Florida,405,25-34,80,85,165
2012,6,Districte VI,12,Bellvitge,619,03-11,42,45,87
2005,1,Districte I,3,Sant Josep,140,03-11,39,36,75
2006,6,Districte VI,12,Bellvitge,606,65-74,74,68,142
2008,2,Districte II,4,la Torrassa,238,12-15,13,19,32
2015,2,Districte II,5,Collblanc,216,00-02,19,19,38
2001,2,Districte II,4,la Torrassa,241,16-17,7,5,12
1996,1,Districte I,1,Centre,134,12-15,30,27,57
2006,4,Districte IV,7,la Florida,408,65-74,51,42,93
2012,2,Districte II,5,Collblanc,203,00-02,16,14,30
1997,1,Districte I,3,Sant Josep,121,75 i +,40,22,62
2012,5,Districte V,10,Pubilla Cases,517,35-49,155,207,362
2003,1,Districte I,1,Centre,109,16-17,11,8,19
2013,2,Districte II,5,Collblanc,204,18-24,64,55,119
2000,2,Districte II,4,la Torrassa,249,35-49,107,88,195
2001,2,Districte II,4,la Torrassa,237,35-49,118,137,255
2008,2,Districte II,5,Collblanc,226,25-34,134,137,271
2010,2,Districte II,4,la Torrassa,240,35-49,97,101,198
2007,1,Districte I,3,Sant Josep,114,65-74,85,88,173
1995,1,Districte I,1,Centre,133,35-49,109,94,203
1994,1,Districte I,1,Centre,135,35-49,188,187,375
1995,5,Districte V,9,Can Serra,535,25-34,50,58,108
2006,4,Districte IV,8,les Planes,436,25-34,125,145,270
1997,2,Districte II,4,la Torrassa,234,35-49,75,64,139
1997,3,Districte III,6,Santa Eulàlia,318,00-02,13,16,29
1997,2,Districte II,4,la Torrassa,238,25-34,58,56,114
2014,1,Districte I,1,Centre,103,03-11,28,26,54
2001,3,Districte III,6,Santa Eulàlia,314,12-15,52,59,111
1995,4,Districte IV,7,la Florida,406,12-15,40,34,74
2012,2,Districte II,5,Collblanc,204,75 i +,43,21,64
1996,4,Districte IV,8,les Planes,436,16-17,9,12,21
2005,4,Districte IV,7,la Florida,425,65-74,61,45,106
2015,5,Districte V,10,Pubilla Cases,513,03-11,79,76,155
1995,3,Districte III,6,Santa Eulàlia,321,18-24,150,136,286
2004,2,Districte II,4,la Torrassa,245,35-49,125,139,264
2011,4,Districte IV,7,la Florida,413,50-64,47,50,97
2014,6,Districte VI,12,Bellvitge,619,75 i +,103,83,186
2003,5,Districte V,9,Can Serra,535,00-02,12,11,23
2016,4,Districte IV,7,la Florida,430,35-49,144,184,328
2016,4,Districte IV,8,les Planes,419,16-17,22,20,42
2000,1,Districte I,1,Centre,109,35-49,136,138,274
2009,4,Districte IV,7,la Florida,411,65-74,60,61,121
2000,5,Districte V,10,Pubilla Cases,538,35-49,114,93,207
2006,3,Districte III,6,Santa Eulàlia,316,16-17,28,29,57
2014,1,Districte I,3,Sant Josep,120,75 i +,65,41,106
2006,2,Districte II,4,la Torrassa,232,75 i +,64,32,96
2000,4,Districte IV,8,les Planes,442,12-15,10,10,20
1996,6,Districte VI,12,Bellvitge,628,65-74,41,33,74
2007,1,Districte I,2,Sanfeliu,132,16-17,16,19,35
2011,5,Districte V,9,Can Serra,521,00-02,15,8,23
2013,4,Districte IV,7,la Florida,409,65-74,97,70,167
2003,6,Districte VI,12,Bellvitge,605,03-11,13,20,33
2005,1,Districte I,2,Sanfeliu,129,35-49,114,126,240
1999,3,Districte III,6,Santa Eulàlia,302,75 i +,48,17,65
2007,5,Districte V,9,Can Serra,502,18-24,71,76,147
2000,6,Districte VI,12,Bellvitge,606,16-17,8,10,18
2001,6,Districte VI,12,Bellvitge,613,75 i +,43,22,65
2005,4,Districte IV,7,la Florida,431,12-15,23,24,47
1996,4,Districte IV,7,la Florida,425,00-02,3,11,14
1998,4,Districte IV,7,la Florida,406,75 i +,54,32,86
2000,6,Districte VI,12,Bellvitge,610,12-15,11,23,34
2011,5,Districte V,10,Pubilla Cases,530,75 i +,97,70,167
1997,1,Districte I,1,Centre,133,65-74,56,45,101
2006,5,Districte V,10,Pubilla Cases,519,75 i +,25,25,50
1999,4,Districte IV,8,les Planes,435,65-74,95,60,155
2009,4,Districte IV,7,la Florida,410,18-24,57,54,111
2010,4,Districte IV,7,la Florida,416,00-02,13,16,29
2016,6,Districte VI,12,Bellvitge,630,75 i +,40,30,70
2003,1,Districte I,1,Centre,111,25-34,79,112,191
2004,5,Districte V,9,Can Serra,502,35-49,148,142,290
2015,2,Districte II,4,la Torrassa,240,16-17,21,13,34
2010,4,Districte IV,7,la Florida,425,35-49,118,125,243
2006,5,Districte V,10,Pubilla Cases,516,25-34,69,91,160
1999,2,Districte II,5,Collblanc,244,00-02,4,4,8
1995,1,Districte I,3,Sant Josep,106,35-49,314,280,594
2009,6,Districte VI,12,Bellvitge,606,03-11,49,49,98
2011,5,Districte V,10,Pubilla Cases,529,65-74,65,45,110
2015,4,Districte IV,7,la Florida,412,75 i +,107,90,197
2001,4,Districte IV,7,la Florida,427,00-02,14,11,25
2000,1,Districte I,1,Centre,111,03-11,32,24,56
2009,2,Districte II,4,la Torrassa,232,18-24,43,44,87
2001,6,Districte VI,12,Bellvitge,605,75 i +,24,18,42
1998,5,Districte V,10,Pubilla Cases,513,65-74,47,43,90
2002,1,Districte I,1,Centre,110,25-34,114,120,234
1994,1,Districte I,3,Sant Josep,127,00-02,19,11,30
2013,4,Districte IV,7,la Florida,427,50-64,129,114,243
2002,3,Districte III,6,Santa Eulàlia,317,25-34,110,104,214
2016,1,Districte I,3,Sant Josep,117,18-24,64,58,122
2013,1,Districte I,1,Centre,104,75 i +,84,41,125
1998,4,Districte IV,7,la Florida,425,03-11,25,30,55
2003,6,Districte VI,12,Bellvitge,613,50-64,185,153,338
2007,1,Districte I,3,Sant Josep,136,12-15,20,19,39
1998,2,Districte II,5,Collblanc,222,00-02,6,8,14
2016,3,Districte III,6,Santa Eulàlia,310,35-49,105,126,231
2002,1,Districte I,1,Centre,130,03-11,40,31,71
2010,2,Districte II,5,Collblanc,221,16-17,17,7,24
2000,2,Districte II,4,la Torrassa,218,00-02,6,14,20
1996,6,Districte VI,11,el Gornal,632,25-34,91,107,198
1998,4,Districte IV,7,la Florida,409,50-64,86,81,167
2007,1,Districte I,1,Centre,109,03-11,41,34,75
1994,6,Districte VI,12,Bellvitge,601,50-64,160,172,332
1996,1,Districte I,2,Sanfeliu,116,65-74,64,58,122
1996,5,Districte V,10,Pubilla Cases,511,25-34,56,77,133
2014,2,Districte II,5,Collblanc,204,16-17,18,10,28
2011,5,Districte V,10,Pubilla Cases,534,35-49,127,129,256
2010,4,Districte IV,8,les Planes,419,03-11,44,43,87
2000,4,Districte IV,7,la Florida,425,12-15,15,15,30
2015,4,Districte IV,8,les Planes,435,16-17,8,11,19
2000,6,Districte VI,12,Bellvitge,609,00-02,8,6,14
1998,4,Districte IV,7,la Florida,431,50-64,114,116,230
2000,1,Districte I,1,Centre,124,25-34,59,68,127
1997,6,Districte VI,11,el Gornal,608,50-64,116,81,197
1994,4,Districte IV,8,les Planes,439,35-49,61,66,127
2002,6,Districte VI,12,Bellvitge,611,16-17,14,7,21
2000,2,Districte II,5,Collblanc,201,00-02,3,7,10
1994,2,Districte II,5,Collblanc,209,18-24,49,54,103
2011,5,Districte V,10,Pubilla Cases,513,65-74,46,33,79
1996,6,Districte VI,12,Bellvitge,621,12-15,48,63,111
2001,6,Districte VI,12,Bellvitge,601,18-24,85,98,183
2006,5,Districte V,10,Pubilla Cases,523,75 i +,100,49,149
2008,4,Districte IV,7,la Florida,432,25-34,105,128,233
2002,3,Districte III,6,Santa Eulàlia,307,00-02,12,11,23
1995,5,Districte V,10,Pubilla Cases,510,35-49,94,89,183
2002,2,Districte II,4,la Torrassa,217,12-15,9,11,20
2009,1,Districte I,1,Centre,113,50-64,216,186,402
2006,1,Districte I,3,Sant Josep,138,25-34,67,53,120
2011,3,Districte III,6,Santa Eulàlia,305,75 i +,101,58,159
2009,3,Districte III,6,Santa Eulàlia,313,35-49,226,213,439
1996,3,Districte III,6,Santa Eulàlia,321,65-74,84,72,156
2006,4,Districte IV,7,la Florida,407,65-74,68,53,121
2015,5,Districte V,10,Pubilla Cases,508,65-74,66,41,107
1994,4,Districte IV,8,les Planes,441,50-64,147,169,316
2007,2,Districte II,4,la Torrassa,228,18-24,37,38,75
1994,1,Districte I,1,Centre,124,75 i +,31,10,41
2008,4,Districte IV,8,les Planes,433,00-02,20,24,44
2002,2,Districte II,5,Collblanc,202,35-49,60,73,133
2010,5,Districte V,10,Pubilla Cases,523,25-34,128,147,275
2016,3,Districte III,13,Granvia Sud,320,16-17,13,15,28
1999,6,Districte VI,12,Bellvitge,610,35-49,88,79,167
1995,6,Districte VI,11,el Gornal,608,65-74,36,32,68
2012,4,Districte IV,8,les Planes,441,03-11,80,69,149
2009,1,Districte I,1,Centre,102,00-02,14,11,25
2007,1,Districte I,2,Sanfeliu,129,18-24,41,47,88
1996,5,Districte V,10,Pubilla Cases,525,35-49,74,75,149
2010,4,Districte IV,8,les Planes,436,18-24,35,41,76
2014,5,Districte V,9,Can Serra,535,00-02,7,6,13
2004,3,Districte III,6,Santa Eulàlia,309,18-24,35,31,66
2005,4,Districte IV,7,la Florida,432,35-49,107,126,233
2011,5,Districte V,10,Pubilla Cases,510,03-11,44,28,72
2009,6,Districte VI,12,Bellvitge,602,00-02,7,6,13
1995,4,Districte IV,8,les Planes,418,65-74,71,51,122
2011,1,Districte I,3,Sant Josep,137,35-49,184,171,355
2007,3,Districte III,6,Santa Eulàlia,324,03-11,52,54,106
2001,4,Districte IV,7,la Florida,408,12-15,19,10,29
1998,1,Districte I,3,Sant Josep,139,50-64,76,76,152
2012,6,Districte VI,12,Bellvitge,630,75 i +,43,30,73
1997,1,Districte I,3,Sant Josep,136,75 i +,43,25,68
1998,1,Districte I,3,Sant Josep,121,50-64,75,46,121
1996,1,Districte I,3,Sant Josep,136,16-17,17,17,34
2012,6,Districte VI,12,Bellvitge,630,18-24,31,27,58
2004,1,Districte I,1,Centre,102,25-34,145,153,298
2001,1,Districte I,1,Centre,123,18-24,65,61,126
1996,4,Districte IV,7,la Florida,428,18-24,23,26,49
2003,3,Districte III,6,Santa Eulàlia,304,12-15,15,19,34
2005,4,Districte IV,8,les Planes,437,03-11,38,34,72
1999,5,Districte V,10,Pubilla Cases,526,18-24,28,38,66
2003,1,Districte I,1,Centre,128,03-11,22,25,47
2007,4,Districte IV,8,les Planes,429,50-64,54,57,111
1997,6,Districte VI,12,Bellvitge,606,16-17,16,10,26
2006,1,Districte I,3,Sant Josep,114,35-49,163,160,323
1997,3,Districte III,6,Santa Eulàlia,324,25-34,74,76,150
2007,2,Districte II,4,la Torrassa,240,50-64,52,35,87
2009,4,Districte IV,7,la Florida,410,12-15,20,31,51
1995,2,Districte II,5,Collblanc,219,50-64,124,114,238
2015,4,Districte IV,7,la Florida,432,25-34,80,81,161
2015,1,Districte I,1,Centre,105,00-02,12,12,24
2002,1,Districte I,3,Sant Josep,137,16-17,15,13,28
1995,1,Districte I,3,Sant Josep,140,18-24,74,73,147
2006,5,Districte V,10,Pubilla Cases,522,35-49,104,92,196
1995,2,Districte II,4,la Torrassa,231,25-34,78,90,168
1994,2,Districte II,5,Collblanc,202,18-24,48,56,104
2012,2,Districte II,4,la Torrassa,249,75 i +,75,43,118
2001,2,Districte II,4,la Torrassa,232,65-74,73,51,124
2012,3,Districte III,6,Santa Eulàlia,305,18-24,77,67,144
2015,1,Districte I,3,Sant Josep,139,50-64,97,82,179
2000,6,Districte VI,11,el Gornal,632,03-11,40,45,85
2003,2,Districte II,4,la Torrassa,229,50-64,65,47,112
2016,5,Districte V,10,Pubilla Cases,530,03-11,70,86,156
2015,3,Districte III,13,Granvia Sud,320,16-17,16,11,27
2002,5,Districte V,9,Can Serra,535,65-74,46,47,93
2005,3,Districte III,6,Santa Eulàlia,325,16-17,11,15,26
2008,6,Districte VI,12,Bellvitge,624,35-49,90,128,218
2010,2,Districte II,4,la Torrassa,249,25-34,107,127,234
2008,4,Districte IV,7,la Florida,405,50-64,63,61,124
2002,6,Districte VI,12,Bellvitge,628,65-74,51,51,102
2011,1,Districte I,1,Centre,135,25-34,104,116,220
2000,4,Districte IV,7,la Florida,421,65-74,93,79,172
2011,4,Districte IV,7,la Florida,428,03-11,33,25,58
2016,2,Districte II,5,Collblanc,207,35-49,258,240,498
1995,6,Districte VI,12,Bellvitge,625,50-64,104,113,217
2013,6,Districte VI,12,Bellvitge,625,50-64,190,153,343
2007,2,Districte II,4,la Torrassa,237,16-17,6,13,19
2013,4,Districte IV,7,la Florida,407,50-64,73,75,148
2013,2,Districte II,5,Collblanc,205,16-17,7,13,20
2008,6,Districte VI,12,Bellvitge,627,18-24,41,52,93
2010,1,Districte I,1,Centre,130,03-11,47,38,85
2016,1,Districte I,1,Centre,108,12-15,25,17,42
2014,5,Districte V,9,Can Serra,521,12-15,14,17,31
1998,5,Districte V,10,Pubilla Cases,512,65-74,47,29,76
2014,2,Districte II,4,la Torrassa,238,03-11,36,42,78
1998,2,Districte II,4,la Torrassa,245,18-24,35,60,95
2007,4,Districte IV,7,la Florida,415,50-64,54,47,101
2011,1,Districte I,3,Sant Josep,119,03-11,33,39,72
1996,6,Districte VI,12,Bellvitge,607,18-24,72,77,149
2001,6,Districte VI,11,el Gornal,632,35-49,93,89,182
1995,4,Districte IV,7,la Florida,417,75 i +,17,11,28
2008,1,Districte I,2,Sanfeliu,116,65-74,78,85,163
2014,1,Districte I,3,Sant Josep,125,75 i +,59,53,112
1994,1,Districte I,1,Centre,103,18-24,44,43,87
2016,2,Districte II,5,Collblanc,220,65-74,67,36,103
1997,6,Districte VI,12,Bellvitge,602,03-11,20,13,33
2004,6,Districte VI,11,el Gornal,608,50-64,79,72,151
1998,6,Districte VI,12,Bellvitge,625,50-64,116,138,254
1998,2,Districte II,4,la Torrassa,239,12-15,12,16,28
2006,1,Districte I,1,Centre,107,75 i +,68,36,104
2004,4,Districte IV,8,les Planes,442,65-74,27,28,55
2010,3,Districte III,6,Santa Eulàlia,315,03-11,75,69,144
2003,1,Districte I,1,Centre,134,65-74,48,37,85
2005,2,Districte II,5,Collblanc,213,00-02,11,19,30
2009,6,Districte VI,12,Bellvitge,607,50-64,85,78,163
2014,2,Districte II,5,Collblanc,205,35-49,96,96,192
2005,5,Districte V,10,Pubilla Cases,514,50-64,51,47,98
2013,2,Districte II,4,la Torrassa,242,65-74,58,48,106
1996,6,Districte VI,12,Bellvitge,609,35-49,96,56,152
2016,4,Districte IV,7,la Florida,407,18-24,38,28,66
2013,1,Districte I,3,Sant Josep,121,12-15,10,19,29
2011,5,Districte V,10,Pubilla Cases,519,18-24,18,31,49
2007,2,Districte II,4,la Torrassa,217,75 i +,45,27,72
2015,2,Districte II,4,la Torrassa,242,35-49,138,137,275
2008,4,Districte IV,7,la Florida,421,12-15,24,23,47
2003,2,Districte II,4,la Torrassa,239,12-15,17,14,31
1997,4,Districte IV,8,les Planes,418,35-49,102,102,204
2006,5,Districte V,9,Can Serra,521,16-17,5,4,9
1998,1,Districte I,1,Centre,134,75 i +,71,30,101
2002,2,Districte II,4,la Torrassa,245,18-24,43,44,87
2000,3,Districte III,6,Santa Eulàlia,314,50-64,165,188,353
2003,5,Districte V,10,Pubilla Cases,527,25-34,106,120,226
2006,1,Districte I,3,Sant Josep,127,50-64,71,64,135
2002,5,Districte V,10,Pubilla Cases,512,50-64,90,83,173
2009,2,Districte II,4,la Torrassa,245,18-24,47,44,91
2008,6,Districte VI,12,Bellvitge,612,25-34,81,97,178
2008,2,Districte II,4,la Torrassa,242,65-74,67,65,132
2003,2,Districte II,5,Collblanc,226,35-49,112,116,228
2007,1,Districte I,1,Centre,124,50-64,82,71,153
2008,4,Districte IV,8,les Planes,438,75 i +,36,26,62
2005,4,Districte IV,8,les Planes,434,03-11,19,11,30
2007,6,Districte VI,12,Bellvitge,630,65-74,36,43,79
2003,6,Districte VI,12,Bellvitge,618,00-02,10,9,19
2002,5,Districte V,10,Pubilla Cases,511,18-24,24,30,54
2013,5,Districte V,9,Can Serra,535,18-24,34,36,70
2011,4,Districte IV,7,la Florida,409,12-15,9,11,20
2014,2,Districte II,5,Collblanc,224,50-64,102,83,185
2005,5,Districte V,10,Pubilla Cases,525,00-02,12,13,25
2014,4,Districte IV,7,la Florida,404,12-15,22,28,50
2002,5,Districte V,9,Can Serra,535,12-15,19,21,40
2014,5,Districte V,10,Pubilla Cases,537,75 i +,80,53,133
2001,1,Districte I,1,Centre,111,03-11,27,26,53
2003,6,Districte VI,12,Bellvitge,601,12-15,15,25,40
2006,6,Districte VI,12,Bellvitge,628,65-74,46,62,108
1996,6,Districte VI,12,Bellvitge,614,65-74,44,34,78
1999,1,Districte I,1,Centre,105,12-15,20,26,46
1997,3,Districte III,6,Santa Eulàlia,325,03-11,47,54,101
2013,2,Districte II,4,la Torrassa,243,50-64,119,123,242
1999,5,Districte V,10,Pubilla Cases,524,00-02,19,21,40
1998,4,Districte IV,7,la Florida,421,75 i +,49,31,80
2001,1,Districte I,1,Centre,102,03-11,50,64,114
2013,2,Districte II,4,la Torrassa,211,12-15,19,34,53
1994,1,Districte I,1,Centre,111,25-34,87,91,178
1996,2,Districte II,5,Collblanc,226,16-17,17,10,27
2004,6,Districte VI,12,Bellvitge,614,18-24,31,34,65
2010,2,Districte II,5,Collblanc,204,18-24,31,24,55
2010,3,Districte III,6,Santa Eulàlia,314,00-02,26,45,71
1995,1,Districte I,2,Sanfeliu,118,03-11,91,95,186
2005,1,Districte I,1,Centre,109,00-02,12,9,21
2012,6,Districte VI,12,Bellvitge,604,65-74,51,31,82
2005,4,Districte IV,7,la Florida,413,12-15,13,12,25
1999,5,Districte V,10,Pubilla Cases,531,12-15,10,17,27
2013,2,Districte II,5,Collblanc,226,00-02,27,33,60
2011,2,Districte II,5,Collblanc,214,35-49,128,138,266
1999,5,Districte V,10,Pubilla Cases,525,75 i +,33,27,60
2013,3,Districte III,6,Santa Eulàlia,316,75 i +,73,36,109
2008,4,Districte IV,7,la Florida,427,03-11,42,57,99
2012,6,Districte VI,12,Bellvitge,613,35-49,151,163,314
1999,6,Districte VI,11,el Gornal,616,16-17,43,21,64
1997,4,Districte IV,8,les Planes,435,16-17,10,8,18
2005,1,Districte I,3,Sant Josep,137,65-74,49,40,89
2002,2,Districte II,5,Collblanc,244,75 i +,44,34,78
2003,6,Districte VI,12,Bellvitge,628,50-64,145,133,278
2014,5,Districte V,10,Pubilla Cases,534,12-15,11,13,24
1999,6,Districte VI,12,Bellvitge,606,12-15,16,18,34
2015,4,Districte IV,7,la Florida,423,18-24,47,28,75
2004,3,Districte III,6,Santa Eulàlia,323,50-64,301,340,641
2014,1,Districte I,3,Sant Josep,115,65-74,79,71,150
1995,4,Districte IV,7,la Florida,408,03-11,41,32,73
2001,3,Districte III,6,Santa Eulàlia,302,03-11,37,46,83
2002,3,Districte III,6,Santa Eulàlia,311,03-11,36,44,80
1994,3,Districte III,6,Santa Eulàlia,311,75 i +,52,34,86
2007,3,Districte III,6,Santa Eulàlia,318,12-15,14,22,36
2011,6,Districte VI,11,el Gornal,617,03-11,36,40,76
2005,3,Districte III,6,Santa Eulàlia,313,25-34,190,188,378
2005,2,Districte II,4,la Torrassa,229,00-02,11,10,21
1997,2,Districte II,4,la Torrassa,245,00-02,6,9,15
2009,4,Districte IV,7,la Florida,432,16-17,13,15,28
2015,6,Districte VI,11,el Gornal,632,50-64,80,66,146
2000,1,Districte I,1,Centre,134,03-11,40,47,87
2000,1,Districte I,3,Sant Josep,136,12-15,23,14,37
1998,4,Districte IV,8,les Planes,438,25-34,75,88,163
2001,5,Districte V,10,Pubilla Cases,529,00-02,15,14,29
1998,4,Districte IV,7,la Florida,412,18-24,82,106,188
2003,4,Districte IV,7,la Florida,406,50-64,132,117,249
2000,6,Districte VI,12,Bellvitge,602,16-17,6,6,12
2004,6,Districte VI,12,Bellvitge,623,18-24,65,82,147
2014,6,Districte VI,12,Bellvitge,614,35-49,110,111,221
2008,1,Districte I,1,Centre,131,12-15,17,23,40
2008,1,Districte I,3,Sant Josep,114,18-24,44,38,82
2012,6,Districte VI,12,Bellvitge,627,35-49,92,107,199
2015,1,Districte I,1,Centre,133,75 i +,64,35,99
2005,1,Districte I,1,Centre,123,50-64,118,107,225
1998,4,Districte IV,8,les Planes,437,25-34,64,77,141
2005,4,Districte IV,8,les Planes,429,25-34,41,54,95
2006,1,Districte I,1,Centre,133,35-49,87,97,184
2003,4,Districte IV,8,les Planes,401,16-17,18,12,30
2003,1,Districte I,1,Centre,110,00-02,13,12,25
2004,4,Districte IV,7,la Florida,402,50-64,73,68,141
2005,6,Districte VI,12,Bellvitge,628,16-17,6,11,17
1997,4,Districte IV,7,la Florida,405,25-34,82,87,169
2014,3,Districte III,6,Santa Eulàlia,325,50-64,194,148,342
2009,4,Districte IV,7,la Florida,415,50-64,56,47,103
1998,2,Districte II,4,la Torrassa,248,18-24,44,60,104
1995,1,Districte I,1,Centre,113,00-02,12,14,26
2011,3,Districte III,6,Santa Eulàlia,315,65-74,68,61,129
1999,2,Districte II,4,la Torrassa,247,00-02,12,9,21
2002,2,Districte II,4,la Torrassa,230,25-34,81,86,167
2009,3,Districte III,6,Santa Eulàlia,306,03-11,63,55,118
2010,4,Districte IV,8,les Planes,429,65-74,26,21,47
2011,2,Districte II,5,Collblanc,205,12-15,16,16,32
2003,4,Districte IV,7,la Florida,421,00-02,13,11,24
2010,2,Districte II,4,la Torrassa,238,00-02,16,12,28
2016,4,Districte IV,7,la Florida,404,25-34,98,91,189
2013,5,Districte V,10,Pubilla Cases,530,16-17,10,22,32
2000,6,Districte VI,11,el Gornal,632,25-34,93,123,216
1998,4,Districte IV,8,les Planes,419,03-11,28,33,61
1997,1,Districte I,1,Centre,109,35-49,135,144,279
2002,5,Districte V,10,Pubilla Cases,531,00-02,8,14,22
2007,2,Districte II,4,la Torrassa,245,00-02,9,17,26
1996,5,Districte V,10,Pubilla Cases,533,75 i +,43,24,67
2008,3,Districte III,6,Santa Eulàlia,307,18-24,49,58,107
1995,2,Districte II,4,la Torrassa,232,65-74,71,65,136
1998,1,Districte I,3,Sant Josep,114,65-74,61,63,124
1996,5,Districte V,10,Pubilla Cases,522,18-24,36,49,85
2007,2,Districte II,5,Collblanc,226,16-17,9,8,17
1998,2,Districte II,4,la Torrassa,236,16-17,10,14,24
1994,6,Districte VI,12,Bellvitge,602,50-64,89,97,186
2013,6,Districte VI,12,Bellvitge,614,35-49,108,115,223
1995,2,Districte II,5,Collblanc,227,12-15,11,13,24
2000,5,Districte V,10,Pubilla Cases,520,00-02,6,14,20
1999,6,Districte VI,12,Bellvitge,613,03-11,34,38,72
2010,4,Districte IV,8,les Planes,433,16-17,11,11,22
2003,4,Districte IV,7,la Florida,417,16-17,7,8,15
2010,6,Districte VI,12,Bellvitge,623,25-34,83,102,185
2005,4,Districte IV,8,les Planes,438,50-64,84,65,149
2002,4,Districte IV,7,la Florida,407,25-34,79,92,171
2011,6,Districte VI,12,Bellvitge,612,75 i +,60,42,102
2011,1,Districte I,1,Centre,130,16-17,10,6,16
2006,5,Districte V,10,Pubilla Cases,527,35-49,134,143,277
2014,1,Districte I,3,Sant Josep,117,35-49,207,206,413
2001,2,Districte II,4,la Torrassa,242,12-15,13,24,37
1994,1,Districte I,3,Sant Josep,115,75 i +,26,20,46
1994,4,Districte IV,8,les Planes,433,50-64,99,96,195
2014,2,Districte II,4,la Torrassa,217,65-74,64,51,115
2002,4,Districte IV,7,la Florida,411,65-74,90,74,164
2006,3,Districte III,6,Santa Eulàlia,310,35-49,118,99,217
1995,5,Districte V,10,Pubilla Cases,517,03-11,38,36,74
1998,2,Districte II,5,Collblanc,210,75 i +,54,39,93
2007,3,Districte III,6,Santa Eulàlia,305,16-17,17,12,29
2014,2,Districte II,5,Collblanc,220,18-24,73,63,136
1999,1,Districte I,1,Centre,131,00-02,15,10,25
1999,6,Districte VI,12,Bellvitge,607,50-64,149,136,285
2003,4,Districte IV,8,les Planes,440,00-02,7,15,22
1996,6,Districte VI,12,Bellvitge,609,50-64,119,154,273
2001,6,Districte VI,12,Bellvitge,627,35-49,136,112,248
2011,5,Districte V,9,Can Serra,506,12-15,33,31,64
1994,2,Districte II,4,la Torrassa,237,50-64,144,134,278
1998,3,Districte III,6,Santa Eulàlia,302,25-34,124,138,262
1998,6,Districte VI,12,Bellvitge,623,03-11,44,49,93
1999,1,Districte I,3,Sant Josep,120,18-24,83,93,176
2002,1,Districte I,1,Centre,109,50-64,101,98,199
2010,6,Districte VI,12,Bellvitge,606,12-15,17,25,42
2003,5,Districte V,9,Can Serra,503,35-49,109,81,190
2012,4,Districte IV,7,la Florida,412,18-24,44,68,112
1995,1,Districte I,3,Sant Josep,115,65-74,77,50,127
1997,5,Districte V,10,Pubilla Cases,529,00-02,7,10,17
2011,5,Districte V,10,Pubilla Cases,534,65-74,55,48,103
2011,1,Districte I,1,Centre,112,25-34,125,101,226
1996,2,Districte II,4,la Torrassa,237,18-24,64,75,139
2004,1,Districte I,1,Centre,134,25-34,114,101,215
1994,1,Districte I,1,Centre,112,00-02,21,21,42
1996,1,Districte I,1,Centre,102,18-24,143,151,294
2004,6,Districte VI,11,el Gornal,629,50-64,55,46,101
2002,2,Districte II,4,la Torrassa,241,35-49,82,74,156
2015,2,Districte II,5,Collblanc,221,35-49,262,270,532
2002,6,Districte VI,12,Bellvitge,627,35-49,124,110,234
2012,1,Districte I,3,Sant Josep,125,16-17,8,13,21
2006,2,Districte II,5,Collblanc,203,75 i +,49,29,78
2010,2,Districte II,5,Collblanc,221,18-24,51,47,98
1995,3,Districte III,6,Santa Eulàlia,317,65-74,57,49,106
2000,5,Districte V,10,Pubilla Cases,517,50-64,88,87,175
2015,5,Districte V,10,Pubilla Cases,523,18-24,38,58,96
1996,5,Districte V,10,Pubilla Cases,532,12-15,20,25,45
2000,5,Districte V,10,Pubilla Cases,528,75 i +,46,26,72
1997,5,Districte V,10,Pubilla Cases,527,65-74,67,46,113
2004,2,Districte II,5,Collblanc,201,65-74,50,48,98
1999,1,Districte I,1,Centre,104,16-17,5,3,8
2007,3,Districte III,6,Santa Eulàlia,320,03-11,54,49,103
2001,1,Districte I,3,Sant Josep,115,16-17,12,14,26
1997,2,Districte II,4,la Torrassa,239,00-02,4,8,12
2008,3,Districte III,6,Santa Eulàlia,301,75 i +,112,74,186
2014,5,Districte V,10,Pubilla Cases,508,03-11,61,61,122
2005,3,Districte III,6,Santa Eulàlia,303,18-24,51,50,101
2003,1,Districte I,1,Centre,133,12-15,14,18,32
2004,4,Districte IV,8,les Planes,434,12-15,13,17,30
2016,1,Districte I,1,Centre,135,00-02,7,18,25
1997,4,Districte IV,7,la Florida,413,25-34,41,46,87
2016,1,Districte I,1,Centre,104,16-17,10,9,19
2001,6,Districte VI,12,Bellvitge,618,35-49,57,51,108
1994,6,Districte VI,12,Bellvitge,631,50-64,118,139,257
2012,6,Districte VI,11,el Gornal,632,16-17,13,14,27
2002,6,Districte VI,12,Bellvitge,630,25-34,83,95,178
1997,1,Districte I,1,Centre,128,18-24,67,77,144
2006,5,Districte V,10,Pubilla Cases,526,25-34,72,83,155
2002,6,Districte VI,12,Bellvitge,623,25-34,159,160,319
2001,5,Districte V,10,Pubilla Cases,524,65-74,82,55,137
2008,3,Districte III,6,Santa Eulàlia,307,75 i +,83,61,144
2009,5,Districte V,10,Pubilla Cases,526,35-49,77,100,177
2013,3,Districte III,6,Santa Eulàlia,326,65-74,7,5,12
1997,1,Districte I,1,Centre,113,25-34,89,77,166
1998,1,Districte I,3,Sant Josep,139,75 i +,27,10,37
2012,2,Districte II,4,la Torrassa,239,50-64,101,82,183
2010,4,Districte IV,7,la Florida,428,16-17,4,7,11
2000,3,Districte III,6,Santa Eulàlia,301,03-11,77,92,169
2009,4,Districte IV,7,la Florida,413,18-24,26,33,59
2011,2,Districte II,5,Collblanc,227,00-02,9,10,19
2008,6,Districte VI,11,el Gornal,626,12-15,11,16,27
2009,2,Districte II,4,la Torrassa,232,75 i +,74,40,114
2009,2,Districte II,4,la Torrassa,236,35-49,137,135,272
1997,3,Districte III,6,Santa Eulàlia,322,75 i +,37,17,54
2012,2,Districte II,4,la Torrassa,234,00-02,16,18,34
2011,2,Districte II,5,Collblanc,244,65-74,31,22,53
2010,3,Districte III,6,Santa Eulàlia,324,12-15,21,30,51
2003,4,Districte IV,8,les Planes,419,16-17,8,7,15
2005,6,Districte VI,11,el Gornal,617,00-02,8,13,21
1994,3,Districte III,6,Santa Eulàlia,315,00-02,14,18,32
2008,6,Districte VI,12,Bellvitge,625,12-15,13,20,33
2012,2,Districte II,5,Collblanc,209,03-11,22,41,63
2006,4,Districte IV,7,la Florida,406,65-74,76,69,145
2008,2,Districte II,5,Collblanc,219,75 i +,82,49,131
2012,6,Districte VI,12,Bellvitge,611,25-34,121,111,232
2010,3,Districte III,6,Santa Eulàlia,324,50-64,72,66,138
2007,1,Districte I,1,Centre,128,65-74,45,49,94
2007,5,Districte V,10,Pubilla Cases,526,35-49,79,100,179
2009,2,Districte II,5,Collblanc,223,12-15,24,21,45
2002,2,Districte II,5,Collblanc,227,00-02,6,10,16
1997,2,Districte II,4,la Torrassa,218,25-34,53,53,106
2009,1,Districte I,1,Centre,104,12-15,16,13,29
1999,1,Districte I,2,Sanfeliu,118,75 i +,35,20,55
2010,2,Districte II,4,la Torrassa,246,35-49,148,184,332
1999,2,Districte II,5,Collblanc,209,35-49,79,92,171
2003,4,Districte IV,8,les Planes,419,50-64,66,67,133
2003,2,Districte II,5,Collblanc,225,35-49,43,55,98
1994,2,Districte II,4,la Torrassa,231,75 i +,72,30,102
2006,6,Districte VI,12,Bellvitge,625,00-02,13,19,32
2013,4,Districte IV,7,la Florida,403,65-74,90,62,152
2014,4,Districte IV,8,les Planes,437,03-11,70,77,147
1994,1,Districte I,1,Centre,107,75 i +,42,21,63
2013,2,Districte II,5,Collblanc,224,25-34,100,96,196
1994,4,Districte IV,7,la Florida,411,75 i +,31,20,51
2016,6,Districte VI,12,Bellvitge,627,03-11,24,39,63
2001,5,Districte V,10,Pubilla Cases,531,35-49,80,83,163
1999,2,Districte II,4,la Torrassa,230,16-17,1,3,4
1998,1,Districte I,1,Centre,109,25-34,102,89,191
2001,6,Districte VI,12,Bellvitge,631,50-64,177,163,340
2000,1,Districte I,3,Sant Josep,139,35-49,95,92,187
2002,2,Districte II,5,Collblanc,205,65-74,69,57,126
2007,5,Districte V,10,Pubilla Cases,517,16-17,11,18,29
2011,2,Districte II,4,la Torrassa,231,35-49,164,169,333
2012,1,Districte I,3,Sant Josep,121,18-24,28,30,58
1997,5,Districte V,10,Pubilla Cases,516,65-74,35,25,60
2014,1,Districte I,1,Centre,105,18-24,36,45,81
1999,1,Districte I,3,Sant Josep,121,18-24,25,28,53
1999,5,Districte V,10,Pubilla Cases,536,03-11,27,24,51
2005,1,Districte I,1,Centre,134,25-34,107,108,215
2001,4,Districte IV,7,la Florida,413,25-34,45,54,99
2006,2,Districte II,4,la Torrassa,217,03-11,21,32,53
2000,2,Districte II,5,Collblanc,213,35-49,97,94,191
2005,2,Districte II,4,la Torrassa,232,00-02,19,12,31
1999,4,Districte IV,7,la Florida,403,35-49,108,95,203
2007,2,Districte II,5,Collblanc,202,00-02,11,19,30
2016,5,Districte V,10,Pubilla Cases,526,35-49,262,291,553
2006,2,Districte II,4,la Torrassa,241,50-64,48,57,105
2011,5,Districte V,10,Pubilla Cases,519,12-15,13,19,32
1996,4,Districte IV,7,la Florida,409,75 i +,17,10,27
2000,2,Districte II,4,la Torrassa,241,50-64,49,45,94
2006,2,Districte II,4,la Torrassa,230,50-64,42,36,78
2016,6,Districte VI,12,Bellvitge,602,35-49,159,145,304
1996,2,Districte II,4,la Torrassa,231,03-11,27,23,50
2000,5,Districte V,10,Pubilla Cases,519,75 i +,15,18,33
2005,4,Districte IV,7,la Florida,408,12-15,10,10,20
2003,1,Districte I,2,Sanfeliu,118,18-24,106,114,220
2006,5,Districte V,10,Pubilla Cases,534,65-74,64,54,118
2005,1,Districte I,3,Sant Josep,114,75 i +,71,38,109
2003,4,Districte IV,7,la Florida,407,75 i +,50,38,88
1997,2,Districte II,4,la Torrassa,243,50-64,148,124,272
1995,2,Districte II,5,Collblanc,220,18-24,49,48,97
2003,5,Districte V,9,Can Serra,507,16-17,14,11,25
2015,2,Districte II,4,la Torrassa,242,00-02,21,17,38
2006,5,Districte V,10,Pubilla Cases,524,65-74,79,56,135
2009,1,Districte I,1,Centre,130,50-64,64,61,125
1997,2,Districte II,5,Collblanc,214,50-64,71,68,139
1994,5,Districte V,9,Can Serra,501,03-11,36,45,81
2008,1,Districte I,1,Centre,131,75 i +,61,42,103
2009,3,Districte III,6,Santa Eulàlia,302,18-24,45,34,79
1998,5,Districte V,10,Pubilla Cases,533,50-64,87,83,170
2004,2,Districte II,4,la Torrassa,211,75 i +,82,45,127
1994,2,Districte II,5,Collblanc,207,25-34,58,52,110
2015,3,Districte III,6,Santa Eulàlia,314,16-17,23,17,40
2007,1,Districte I,3,Sant Josep,106,50-64,257,244,501
2008,2,Districte II,5,Collblanc,203,35-49,109,110,219
2013,6,Districte VI,12,Bellvitge,615,03-11,33,24,57
2009,1,Districte I,1,Centre,135,35-49,178,171,349
2013,1,Districte I,1,Centre,105,25-34,83,86,169
2008,6,Districte VI,11,el Gornal,608,16-17,9,11,20
2004,4,Districte IV,8,les Planes,437,03-11,31,38,69
2015,1,Districte I,1,Centre,124,12-15,15,11,26
1995,2,Districte II,4,la Torrassa,239,65-74,94,69,163
2013,6,Districte VI,12,Bellvitge,624,12-15,11,13,24
1996,4,Districte IV,7,la Florida,424,50-64,69,66,135
2006,4,Districte IV,7,la Florida,413,50-64,40,36,76
2008,6,Districte VI,12,Bellvitge,609,12-15,10,22,32
1999,5,Districte V,9,Can Serra,504,03-11,18,27,45
2012,5,Districte V,10,Pubilla Cases,531,65-74,44,35,79
2002,2,Districte II,4,la Torrassa,237,16-17,7,8,15
2007,4,Districte IV,8,les Planes,441,75 i +,89,65,154
1998,3,Districte III,6,Santa Eulàlia,315,12-15,36,32,68
2011,2,Districte II,4,la Torrassa,236,16-17,19,3,22
2005,6,Districte VI,12,Bellvitge,625,35-49,147,113,260
2002,4,Districte IV,8,les Planes,420,65-74,75,69,144
2000,1,Districte I,3,Sant Josep,138,16-17,7,14,21
2016,1,Districte I,3,Sant Josep,137,65-74,89,77,166
1998,1,Districte I,1,Centre,103,65-74,41,31,72
2011,1,Districte I,1,Centre,111,75 i +,61,47,108
2003,4,Districte IV,7,la Florida,424,18-24,26,36,62
1998,1,Districte I,3,Sant Josep,119,03-11,31,49,80
1998,1,Districte I,1,Centre,123,50-64,103,110,213
2014,5,Districte V,9,Can Serra,535,75 i +,56,50,106
2016,2,Districte II,4,la Torrassa,233,75 i +,61,36,97
2007,2,Districte II,5,Collblanc,221,16-17,12,13,25
1998,4,Districte IV,7,la Florida,424,65-74,30,34,64
2003,4,Districte IV,7,la Florida,430,35-49,98,103,201
2003,5,Districte V,9,Can Serra,503,12-15,15,17,32
2003,1,Districte I,3,Sant Josep,117,16-17,23,23,46
2016,6,Districte VI,12,Bellvitge,624,50-64,78,57,135
1996,3,Districte III,6,Santa Eulàlia,316,75 i +,25,15,40
2012,4,Districte IV,7,la Florida,414,16-17,9,7,16
2008,6,Districte VI,12,Bellvitge,628,00-02,14,10,24
2013,1,Districte I,3,Sant Josep,140,35-49,117,126,243
2007,6,Districte VI,12,Bellvitge,618,12-15,9,11,20
1999,5,Districte V,10,Pubilla Cases,537,50-64,146,131,277
2014,1,Districte I,1,Centre,124,35-49,90,86,176
1998,3,Districte III,6,Santa Eulàlia,313,75 i +,56,28,84
2000,4,Districte IV,8,les Planes,438,75 i +,31,16,47
2014,1,Districte I,1,Centre,110,00-02,14,10,24
2016,1,Districte I,2,Sanfeliu,116,25-34,59,68,127
1997,5,Districte V,10,Pubilla Cases,534,03-11,22,29,51
2003,3,Districte III,6,Santa Eulàlia,312,16-17,12,9,21
2005,4,Districte IV,7,la Florida,431,16-17,13,12,25
2004,4,Districte IV,7,la Florida,414,16-17,4,9,13
1999,5,Districte V,10,Pubilla Cases,530,03-11,47,43,90
2014,2,Districte II,5,Collblanc,216,12-15,27,13,40
1999,2,Districte II,5,Collblanc,210,50-64,93,80,173
2007,1,Districte I,3,Sant Josep,137,03-11,67,58,125
2004,3,Districte III,6,Santa Eulàlia,322,50-64,103,93,196
2013,4,Districte IV,7,la Florida,402,18-24,29,27,56
1997,3,Districte III,6,Santa Eulàlia,310,18-24,41,59,100
2002,3,Districte III,6,Santa Eulàlia,312,12-15,27,21,48
2007,2,Districte II,4,la Torrassa,228,35-49,76,108,184
2007,1,Districte I,3,Sant Josep,138,16-17,7,10,17
2007,6,Districte VI,12,Bellvitge,624,18-24,36,30,66
1994,5,Districte V,9,Can Serra,507,03-11,40,35,75
2011,1,Districte I,1,Centre,105,18-24,46,56,102
2000,6,Districte VI,12,Bellvitge,628,03-11,38,33,71
2014,5,Districte V,9,Can Serra,507,12-15,11,22,33
1999,1,Districte I,3,Sant Josep,136,16-17,15,16,31
1994,4,Districte IV,7,la Florida,412,16-17,31,35,66
2002,6,Districte VI,12,Bellvitge,621,00-02,12,20,32
2005,2,Districte II,5,Collblanc,221,25-34,93,114,207
2005,1,Districte I,3,Sant Josep,137,25-34,139,127,266
2000,4,Districte IV,8,les Planes,436,25-34,78,97,175
2003,1,Districte I,3,Sant Josep,140,03-11,21,26,47
2007,1,Districte I,1,Centre,113,35-49,176,167,343
1994,6,Districte VI,12,Bellvitge,624,65-74,31,28,59
2008,4,Districte IV,8,les Planes,435,16-17,7,12,19
2012,5,Districte V,10,Pubilla Cases,508,50-64,47,40,87
2002,4,Districte IV,7,la Florida,413,65-74,43,35,78
2010,3,Districte III,6,Santa Eulàlia,303,00-02,23,21,44
2005,4,Districte IV,8,les Planes,441,16-17,34,24,58
2016,3,Districte III,6,Santa Eulàlia,319,75 i +,43,33,76
1997,3,Districte III,6,Santa Eulàlia,309,00-02,4,12,16
1996,2,Districte II,4,la Torrassa,237,16-17,19,9,28
2006,2,Districte II,5,Collblanc,225,25-34,39,62,101
1994,5,Districte V,10,Pubilla Cases,536,03-11,27,27,54
2016,3,Districte III,6,Santa Eulàlia,308,00-02,17,22,39
2013,1,Districte I,3,Sant Josep,122,25-34,54,46,100
2003,2,Districte II,4,la Torrassa,211,65-74,80,50,130
1998,2,Districte II,4,la Torrassa,217,00-02,7,8,15
2002,4,Districte IV,7,la Florida,432,00-02,10,10,20
1996,5,Districte V,10,Pubilla Cases,513,18-24,40,48,88
2002,2,Districte II,4,la Torrassa,229,12-15,9,5,14
2013,5,Districte V,10,Pubilla Cases,523,18-24,45,52,97
2002,2,Districte II,5,Collblanc,205,18-24,49,46,95
2010,2,Districte II,5,Collblanc,244,50-64,52,50,102
2009,3,Districte III,6,Santa Eulàlia,322,18-24,38,48,86
2011,1,Districte I,1,Centre,123,50-64,125,111,236
1995,2,Districte II,5,Collblanc,205,75 i +,29,17,46
2010,1,Districte I,1,Centre,111,25-34,64,59,123
1994,5,Districte V,10,Pubilla Cases,526,50-64,60,75,135
2003,1,Districte I,3,Sant Josep,136,35-49,119,125,244
1996,2,Districte II,5,Collblanc,204,35-49,41,42,83
1999,5,Districte V,10,Pubilla Cases,518,18-24,57,47,104
2006,1,Districte I,3,Sant Josep,125,65-74,46,62,108
2007,2,Districte II,5,Collblanc,205,00-02,6,10,16
2001,2,Districte II,5,Collblanc,201,65-74,48,52,100
2002,3,Districte III,6,Santa Eulàlia,311,65-74,90,61,151
2004,2,Districte II,5,Collblanc,223,18-24,45,60,105
2001,5,Districte V,9,Can Serra,505,75 i +,41,35,76
2002,2,Districte II,5,Collblanc,219,75 i +,78,40,118
2000,3,Districte III,6,Santa Eulàlia,304,12-15,18,19,37
2010,4,Districte IV,8,les Planes,437,50-64,69,58,127
2015,3,Districte III,6,Santa Eulàlia,317,65-74,28,32,60
2016,2,Districte II,4,la Torrassa,245,75 i +,67,44,111
2003,3,Districte III,6,Santa Eulàlia,308,65-74,86,77,163
2014,5,Districte V,10,Pubilla Cases,508,35-49,164,208,372
2014,5,Districte V,10,Pubilla Cases,518,12-15,16,23,39
2004,4,Districte IV,8,les Planes,434,03-11,25,22,47
2009,2,Districte II,5,Collblanc,227,18-24,15,12,27
2011,4,Districte IV,7,la Florida,431,16-17,21,23,44
1995,6,Districte VI,11,el Gornal,616,18-24,168,175,343
2009,4,Districte IV,7,la Florida,406,16-17,15,15,30
1997,2,Districte II,5,Collblanc,223,03-11,36,41,77
2005,1,Districte I,1,Centre,107,16-17,17,9,26
2016,1,Districte I,1,Centre,104,12-15,7,19,26
2009,3,Districte III,6,Santa Eulàlia,318,12-15,13,17,30
2011,5,Districte V,10,Pubilla Cases,510,35-49,114,141,255
2007,2,Districte II,4,la Torrassa,247,65-74,60,59,119
2014,1,Districte I,3,Sant Josep,137,16-17,20,11,31
2008,4,Districte IV,8,les Planes,439,65-74,68,58,126
2008,2,Districte II,5,Collblanc,219,50-64,86,78,164
2005,2,Districte II,4,la Torrassa,229,50-64,65,43,108
1999,4,Districte IV,7,la Florida,428,03-11,16,14,30
2006,1,Districte I,2,Sanfeliu,132,18-24,90,102,192
1996,2,Districte II,5,Collblanc,221,18-24,75,66,141
2000,4,Districte IV,7,la Florida,417,16-17,4,7,11
1996,3,Districte III,6,Santa Eulàlia,321,18-24,160,146,306
2013,2,Districte II,5,Collblanc,208,35-49,170,159,329
1996,6,Districte VI,12,Bellvitge,619,12-15,44,38,82
2015,4,Districte IV,7,la Florida,416,25-34,97,107,204
1998,5,Districte V,10,Pubilla Cases,517,18-24,52,72,124
2001,5,Districte V,9,Can Serra,503,25-34,69,69,138
1996,1,Districte I,3,Sant Josep,136,25-34,90,95,185
2000,5,Districte V,10,Pubilla Cases,509,50-64,78,83,161
2012,6,Districte VI,12,Bellvitge,619,18-24,38,38,76
2016,5,Districte V,10,Pubilla Cases,518,25-34,68,61,129
1999,3,Districte III,6,Santa Eulàlia,303,03-11,32,41,73
2014,2,Districte II,4,la Torrassa,232,75 i +,76,43,119
2013,6,Districte VI,12,Bellvitge,611,16-17,9,15,24
2003,5,Districte V,10,Pubilla Cases,536,65-74,69,65,134
1999,2,Districte II,4,la Torrassa,233,18-24,33,32,65
1998,4,Districte IV,8,les Planes,433,12-15,19,19,38
1996,5,Districte V,9,Can Serra,506,25-34,142,159,301
2000,6,Districte VI,11,el Gornal,616,03-11,148,146,294
2014,2,Districte II,5,Collblanc,202,35-49,225,270,495
1998,4,Districte IV,7,la Florida,425,00-02,6,6,12
2006,2,Districte II,4,la Torrassa,211,50-64,76,72,148
2005,6,Districte VI,12,Bellvitge,630,50-64,131,111,242
1995,1,Districte I,3,Sant Josep,119,12-15,42,45,87
2013,1,Districte I,3,Sant Josep,122,12-15,14,19,33
2013,4,Districte IV,8,les Planes,418,35-49,155,179,334
1997,4,Districte IV,7,la Florida,413,35-49,48,46,94
2014,6,Districte VI,11,el Gornal,608,50-64,136,111,247
2001,6,Districte VI,12,Bellvitge,601,12-15,12,23,35
2004,4,Districte IV,7,la Florida,422,65-74,66,56,122
2016,6,Districte VI,12,Bellvitge,606,75 i +,82,66,148
2001,2,Districte II,5,Collblanc,202,12-15,7,13,20
2011,3,Districte III,6,Santa Eulàlia,321,16-17,17,23,40
1994,5,Districte V,10,Pubilla Cases,514,00-02,10,9,19
2003,2,Districte II,4,la Torrassa,245,00-02,17,13,30
2007,6,Districte VI,12,Bellvitge,630,16-17,8,7,15
2005,1,Districte I,3,Sant Josep,137,12-15,27,21,48
1996,1,Districte I,1,Centre,103,35-49,80,69,149
2004,1,Districte I,3,Sant Josep,136,12-15,17,20,37
2015,5,Districte V,10,Pubilla Cases,517,75 i +,105,66,171
2007,2,Districte II,5,Collblanc,225,65-74,31,19,50
2001,6,Districte VI,11,el Gornal,629,18-24,30,31,61
2014,2,Districte II,5,Collblanc,210,65-74,61,51,112
1997,1,Districte I,3,Sant Josep,119,03-11,44,52,96
2000,6,Districte VI,12,Bellvitge,630,65-74,29,30,59
1995,6,Districte VI,12,Bellvitge,610,03-11,44,49,93
2000,3,Districte III,6,Santa Eulàlia,305,35-49,223,195,418
1994,2,Districte II,5,Collblanc,203,12-15,9,14,23
2007,5,Districte V,10,Pubilla Cases,525,35-49,98,126,224
2012,2,Districte II,5,Collblanc,216,00-02,17,16,33
2013,4,Districte IV,7,la Florida,402,03-11,39,52,91
2000,5,Districte V,10,Pubilla Cases,522,12-15,13,14,27
1996,2,Districte II,4,la Torrassa,211,12-15,11,23,34
2015,1,Districte I,1,Centre,104,16-17,9,5,14
1994,3,Districte III,6,Santa Eulàlia,322,65-74,49,48,97
2003,2,Districte II,5,Collblanc,203,03-11,21,30,51
1994,6,Districte VI,11,el Gornal,626,18-24,101,156,257
2004,2,Districte II,5,Collblanc,205,00-02,11,9,20
1998,6,Districte VI,11,el Gornal,629,16-17,6,12,18
1997,4,Districte IV,7,la Florida,410,18-24,115,119,234
2000,3,Districte III,6,Santa Eulàlia,309,12-15,14,12,26
2003,5,Districte V,10,Pubilla Cases,528,00-02,16,16,32
2009,4,Districte IV,8,les Planes,442,03-11,29,27,56
2004,1,Districte I,1,Centre,133,12-15,12,15,27
2010,3,Districte III,6,Santa Eulàlia,307,75 i +,79,58,137
2003,5,Districte V,10,Pubilla Cases,508,35-49,54,74,128
2015,1,Districte I,3,Sant Josep,119,75 i +,97,60,157
2016,3,Districte III,6,Santa Eulàlia,318,75 i +,47,27,74
2000,5,Districte V,10,Pubilla Cases,508,18-24,34,25,59
1997,4,Districte IV,7,la Florida,424,12-15,9,14,23
2008,1,Districte I,1,Centre,135,50-64,149,153,302
2000,5,Districte V,10,Pubilla Cases,522,25-34,56,67,123
2012,1,Districte I,1,Centre,110,00-02,18,8,26
2009,1,Districte I,3,Sant Josep,140,00-02,11,19,30
2002,1,Districte I,3,Sant Josep,115,65-74,81,42,123
2005,3,Districte III,6,Santa Eulàlia,315,03-11,47,55,102
2003,4,Districte IV,7,la Florida,425,65-74,68,55,123
1998,5,Districte V,10,Pubilla Cases,517,00-02,11,5,16
1994,1,Districte I,1,Centre,107,18-24,131,149,280
2008,2,Districte II,4,la Torrassa,249,25-34,119,97,216
2010,1,Districte I,3,Sant Josep,117,50-64,239,222,461
2006,4,Districte IV,7,la Florida,414,12-15,23,11,34
2004,6,Districte VI,11,el Gornal,632,00-02,18,13,31
2007,3,Districte III,6,Santa Eulàlia,321,03-11,92,86,178
2009,1,Districte I,1,Centre,101,50-64,135,129,264
2009,1,Districte I,3,Sant Josep,137,03-11,79,58,137
2001,2,Districte II,4,la Torrassa,247,00-02,14,11,25
1997,2,Districte II,5,Collblanc,202,18-24,41,36,77
2011,4,Districte IV,7,la Florida,423,65-74,50,53,103
2007,6,Districte VI,12,Bellvitge,610,35-49,132,131,263
2008,6,Districte VI,12,Bellvitge,610,18-24,39,50,89
2016,2,Districte II,4,la Torrassa,231,03-11,61,75,136
2009,3,Districte III,6,Santa Eulàlia,307,35-49,134,113,247
2003,2,Districte II,4,la Torrassa,218,16-17,4,11,15
2005,6,Districte VI,11,el Gornal,622,65-74,33,23,56
2008,6,Districte VI,12,Bellvitge,607,50-64,91,61,152
2009,3,Districte III,6,Santa Eulàlia,312,16-17,21,12,33
2012,2,Districte II,4,la Torrassa,232,25-34,102,86,188
2010,3,Districte III,6,Santa Eulàlia,309,65-74,39,35,74
2016,1,Districte I,1,Centre,124,00-02,11,11,22
2000,3,Districte III,6,Santa Eulàlia,325,00-02,18,17,35
1994,4,Districte IV,8,les Planes,442,03-11,27,25,52
2000,4,Districte IV,8,les Planes,437,12-15,13,19,32
2013,2,Districte II,5,Collblanc,210,35-49,97,95,192
2010,4,Districte IV,7,la Florida,410,12-15,22,34,56
2011,4,Districte IV,8,les Planes,439,18-24,50,58,108
1994,1,Districte I,3,Sant Josep,140,65-74,53,48,101
2006,5,Districte V,10,Pubilla Cases,531,35-49,102,121,223
2003,6,Districte VI,12,Bellvitge,619,75 i +,51,39,90
2010,3,Districte III,6,Santa Eulàlia,301,50-64,186,183,369
1994,1,Districte I,3,Sant Josep,127,75 i +,28,13,41
2001,4,Districte IV,7,la Florida,409,65-74,40,41,81
2008,2,Districte II,5,Collblanc,205,12-15,12,11,23
2007,2,Districte II,5,Collblanc,209,75 i +,86,54,140
2009,6,Districte VI,12,Bellvitge,631,12-15,16,14,30
2014,1,Districte I,2,Sanfeliu,129,25-34,69,81,150
1998,2,Districte II,4,la Torrassa,228,35-49,34,55,89
2006,2,Districte II,5,Collblanc,204,75 i +,42,18,60
2005,3,Districte III,6,Santa Eulàlia,323,65-74,88,65,153
2006,2,Districte II,5,Collblanc,213,65-74,47,46,93
2013,1,Districte I,1,Centre,135,00-02,20,23,43
2008,2,Districte II,5,Collblanc,206,75 i +,75,45,120
2002,2,Districte II,4,la Torrassa,240,03-11,20,28,48
1997,4,Districte IV,7,la Florida,408,65-74,50,44,94
2002,2,Districte II,5,Collblanc,208,35-49,179,183,362
2005,2,Districte II,5,Collblanc,205,16-17,7,10,17
2006,2,Districte II,5,Collblanc,225,12-15,7,9,16
2003,1,Districte I,3,Sant Josep,106,75 i +,49,24,73
1997,5,Districte V,10,Pubilla Cases,520,50-64,83,95,178
2010,5,Districte V,9,Can Serra,501,50-64,151,133,284
1999,4,Districte IV,8,les Planes,433,65-74,50,42,92
2012,3,Districte III,6,Santa Eulàlia,318,16-17,7,6,13
1996,3,Districte III,6,Santa Eulàlia,314,00-02,24,25,49
1998,5,Districte V,10,Pubilla Cases,516,35-49,42,61,103
2012,1,Districte I,1,Centre,104,35-49,100,127,227
1997,2,Districte II,5,Collblanc,207,65-74,64,35,99
1995,5,Districte V,10,Pubilla Cases,525,35-49,77,78,155
2015,2,Districte II,4,la Torrassa,248,25-34,94,105,199
2016,6,Districte VI,11,el Gornal,608,00-02,13,11,24
2009,3,Districte III,6,Santa Eulàlia,312,00-02,25,33,58
1997,5,Districte V,10,Pubilla Cases,523,12-15,30,27,57
2009,4,Districte IV,8,les Planes,440,65-74,87,86,173
1994,6,Districte VI,12,Bellvitge,627,03-11,55,72,127
2006,2,Districte II,4,la Torrassa,236,65-74,66,48,114
2013,3,Districte III,6,Santa Eulàlia,320,16-17,11,12,23
2012,4,Districte IV,7,la Florida,404,50-64,112,109,221
2007,4,Districte IV,7,la Florida,403,75 i +,69,39,108
1999,3,Districte III,6,Santa Eulàlia,312,00-02,16,14,30
1994,5,Districte V,10,Pubilla Cases,514,75 i +,35,17,52
2007,3,Districte III,6,Santa Eulàlia,325,75 i +,176,89,265
2000,3,Districte III,6,Santa Eulàlia,301,75 i +,77,37,114
2011,1,Districte I,1,Centre,124,00-02,12,10,22
2005,4,Districte IV,7,la Florida,410,65-74,131,106,237
2011,5,Districte V,10,Pubilla Cases,534,18-24,40,39,79
1998,1,Districte I,3,Sant Josep,138,12-15,15,34,49
2001,5,Districte V,10,Pubilla Cases,519,03-11,14,34,48
2011,5,Districte V,10,Pubilla Cases,508,16-17,4,4,8
2007,5,Districte V,10,Pubilla Cases,529,50-64,83,84,167
2005,2,Districte II,4,la Torrassa,242,35-49,120,125,245
2010,2,Districte II,5,Collblanc,205,18-24,38,40,78
1995,5,Districte V,10,Pubilla Cases,508,35-49,44,52,96
1995,4,Districte IV,8,les Planes,434,25-34,41,36,77
2016,5,Districte V,10,Pubilla Cases,530,16-17,14,19,33
2015,2,Districte II,4,la Torrassa,236,03-11,33,56,89
2001,5,Districte V,10,Pubilla Cases,514,16-17,6,5,11
2016,1,Districte I,3,Sant Josep,127,18-24,23,26,49
2002,5,Districte V,10,Pubilla Cases,524,03-11,49,53,102
2002,5,Districte V,10,Pubilla Cases,536,65-74,72,66,138
2005,2,Districte II,5,Collblanc,208,65-74,146,124,270
1998,5,Districte V,10,Pubilla Cases,532,12-15,20,17,37
2003,2,Districte II,5,Collblanc,224,12-15,9,9,18
1995,1,Districte I,1,Centre,134,00-02,15,10,25
2005,2,Districte II,4,la Torrassa,239,18-24,39,45,84
2008,5,Districte V,9,Can Serra,521,00-02,15,10,25
2013,4,Districte IV,8,les Planes,441,25-34,180,186,366
2002,5,Districte V,9,Can Serra,504,35-49,78,83,161
1999,2,Districte II,4,la Torrassa,236,18-24,41,37,78
2008,4,Districte IV,7,la Florida,424,16-17,5,11,16
2011,6,Districte VI,12,Bellvitge,624,18-24,35,28,63
1997,4,Districte IV,7,la Florida,404,03-11,49,42,91
2007,5,Districte V,10,Pubilla Cases,516,75 i +,32,17,49
2015,5,Districte V,9,Can Serra,504,35-49,125,127,252
2006,6,Districte VI,12,Bellvitge,614,00-02,14,9,23
2002,2,Districte II,4,la Torrassa,236,35-49,110,104,214
1998,1,Districte I,3,Sant Josep,119,75 i +,41,32,73
2000,2,Districte II,4,la Torrassa,218,03-11,27,18,45
2001,2,Districte II,4,la Torrassa,230,00-02,11,13,24
2006,4,Districte IV,7,la Florida,426,50-64,68,66,134
2016,2,Districte II,4,la Torrassa,233,16-17,6,12,18
2004,2,Districte II,4,la Torrassa,234,16-17,6,7,13
2012,3,Districte III,6,Santa Eulàlia,307,00-02,20,15,35
2008,4,Districte IV,7,la Florida,423,03-11,43,30,73
1994,3,Districte III,6,Santa Eulàlia,303,12-15,32,27,59
1998,6,Districte VI,12,Bellvitge,627,03-11,24,54,78
2003,1,Districte I,2,Sanfeliu,129,12-15,15,21,36
1997,2,Districte II,5,Collblanc,221,50-64,115,122,237
2010,4,Districte IV,7,la Florida,406,00-02,20,20,40
2001,5,Districte V,10,Pubilla Cases,513,75 i +,44,17,61
1999,2,Districte II,5,Collblanc,222,00-02,4,5,9
2010,1,Districte I,1,Centre,102,65-74,113,114,227
2010,4,Districte IV,7,la Florida,402,18-24,39,32,71
1995,2,Districte II,4,la Torrassa,242,50-64,133,109,242
1998,1,Districte I,1,Centre,107,12-15,31,41,72
1999,4,Districte IV,7,la Florida,431,35-49,109,116,225
2009,5,Districte V,10,Pubilla Cases,522,75 i +,38,24,62
2008,3,Districte III,6,Santa Eulàlia,324,75 i +,50,28,78
2010,6,Districte VI,12,Bellvitge,628,65-74,79,68,147
2011,5,Districte V,10,Pubilla Cases,516,75 i +,45,23,68
1996,3,Districte III,6,Santa Eulàlia,313,18-24,113,119,232
1997,1,Districte I,2,Sanfeliu,118,65-74,47,30,77
2016,2,Districte II,4,la Torrassa,245,25-34,89,78,167
2008,4,Districte IV,8,les Planes,442,16-17,8,9,17
2012,5,Districte V,10,Pubilla Cases,520,00-02,10,7,17
1998,4,Districte IV,7,la Florida,413,00-02,3,5,8
1996,5,Districte V,10,Pubilla Cases,519,16-17,1,7,8
2009,1,Districte I,3,Sant Josep,138,50-64,101,89,190
1999,5,Districte V,10,Pubilla Cases,536,65-74,78,63,141
2006,3,Districte III,6,Santa Eulàlia,317,75 i +,64,24,88
1997,1,Districte I,3,Sant Josep,138,50-64,82,67,149
2005,2,Districte II,5,Collblanc,205,65-74,65,57,122
2007,6,Districte VI,12,Bellvitge,614,50-64,110,97,207
1996,4,Districte IV,8,les Planes,420,50-64,139,125,264
2005,5,Districte V,10,Pubilla Cases,531,75 i +,43,25,68
2002,3,Districte III,6,Santa Eulàlia,321,12-15,34,53,87
2007,3,Districte III,6,Santa Eulàlia,315,12-15,21,18,39
1999,2,Districte II,4,la Torrassa,228,00-02,3,5,8
1999,2,Districte II,5,Collblanc,206,75 i +,72,35,107
2008,1,Districte I,1,Centre,124,65-74,34,36,70
2011,6,Districte VI,12,Bellvitge,619,16-17,4,7,11
2013,2,Districte II,5,Collblanc,216,25-34,105,89,194
2014,1,Districte I,1,Centre,110,25-34,70,67,137
1997,3,Districte III,6,Santa Eulàlia,301,75 i +,80,32,112
1999,2,Districte II,4,la Torrassa,236,25-34,70,73,143
1997,5,Districte V,10,Pubilla Cases,522,18-24,35,45,80
2010,2,Districte II,5,Collblanc,244,00-02,10,15,25
2015,3,Districte III,6,Santa Eulàlia,310,03-11,43,46,89
1997,1,Districte I,3,Sant Josep,121,35-49,49,70,119
2003,2,Districte II,4,la Torrassa,247,03-11,38,40,78
2001,1,Districte I,3,Sant Josep,115,00-02,18,14,32
1998,5,Districte V,10,Pubilla Cases,525,75 i +,32,26,58
1997,5,Districte V,10,Pubilla Cases,514,35-49,60,69,129
2011,1,Districte I,1,Centre,130,65-74,62,44,106
1998,4,Districte IV,7,la Florida,421,18-24,67,64,131
2014,4,Districte IV,7,la Florida,412,00-02,8,18,26
2014,3,Districte III,6,Santa Eulàlia,316,16-17,10,14,24
1996,2,Districte II,4,la Torrassa,243,16-17,14,9,23
2003,4,Districte IV,7,la Florida,416,12-15,10,11,21
1997,2,Districte II,5,Collblanc,244,18-24,36,21,57
2003,3,Districte III,6,Santa Eulàlia,318,00-02,4,12,16
2015,1,Districte I,3,Sant Josep,138,65-74,59,47,106
1994,2,Districte II,5,Collblanc,209,65-74,84,67,151
2012,4,Districte IV,7,la Florida,432,65-74,74,66,140
1996,4,Districte IV,7,la Florida,405,25-34,78,88,166
1999,1,Districte I,2,Sanfeliu,116,18-24,114,118,232
2013,2,Districte II,5,Collblanc,209,25-34,83,87,170
2000,2,Districte II,5,Collblanc,213,25-34,69,83,152
2007,1,Districte I,3,Sant Josep,125,00-02,31,30,61
2003,2,Districte II,5,Collblanc,205,18-24,44,43,87
2005,6,Districte VI,12,Bellvitge,606,50-64,89,60,149
2002,2,Districte II,4,la Torrassa,218,35-49,82,79,161
2001,2,Districte II,5,Collblanc,210,00-02,4,7,11
2015,6,Districte VI,12,Bellvitge,618,75 i +,81,70,151
1995,6,Districte VI,12,Bellvitge,601,65-74,42,36,78
2006,2,Districte II,4,la Torrassa,218,65-74,35,28,63
2016,5,Districte V,9,Can Serra,506,65-74,168,138,306
2010,4,Districte IV,7,la Florida,409,03-11,29,24,53
1996,1,Districte I,2,Sanfeliu,118,03-11,85,83,168
2014,4,Districte IV,7,la Florida,426,18-24,32,43,75
1998,6,Districte VI,12,Bellvitge,623,12-15,32,34,66
2008,5,Districte V,9,Can Serra,505,50-64,168,120,288
2015,4,Districte IV,7,la Florida,409,18-24,75,73,148
2009,2,Districte II,5,Collblanc,223,18-24,50,50,100
2004,2,Districte II,5,Collblanc,208,65-74,140,128,268
2003,1,Districte I,1,Centre,103,75 i +,43,21,64
2016,2,Districte II,4,la Torrassa,232,18-24,47,47,94
2009,1,Districte I,1,Centre,110,65-74,64,73,137
2005,1,Districte I,3,Sant Josep,140,65-74,76,57,133
1998,6,Districte VI,12,Bellvitge,625,00-02,10,8,18
2006,6,Districte VI,12,Bellvitge,614,12-15,15,14,29
2002,6,Districte VI,12,Bellvitge,607,65-74,87,82,169
2003,4,Districte IV,7,la Florida,408,65-74,60,54,114
2003,4,Districte IV,7,la Florida,407,25-34,75,107,182
2007,3,Districte III,6,Santa Eulàlia,313,75 i +,74,53,127
2013,2,Districte II,5,Collblanc,212,25-34,126,118,244
2005,2,Districte II,5,Collblanc,208,00-02,22,11,33
2014,5,Districte V,10,Pubilla Cases,508,65-74,69,47,116
1995,4,Districte IV,8,les Planes,433,12-15,22,22,44
2003,6,Districte VI,11,el Gornal,626,12-15,22,8,30
1997,4,Districte IV,7,la Florida,430,65-74,58,47,105
2003,5,Districte V,9,Can Serra,535,75 i +,44,29,73
2008,4,Districte IV,7,la Florida,406,16-17,16,13,29
1994,3,Districte III,6,Santa Eulàlia,318,50-64,50,48,98
2012,4,Districte IV,7,la Florida,422,25-34,89,100,189
2005,5,Districte V,9,Can Serra,506,00-02,14,22,36
2003,5,Districte V,10,Pubilla Cases,538,12-15,13,18,31
2007,5,Districte V,10,Pubilla Cases,524,00-02,26,21,47
2008,4,Districte IV,8,les Planes,433,75 i +,43,22,65
2012,2,Districte II,5,Collblanc,226,00-02,19,22,41
2009,6,Districte VI,12,Bellvitge,607,00-02,15,15,30
2008,4,Districte IV,7,la Florida,417,12-15,9,14,23
2003,4,Districte IV,7,la Florida,432,75 i +,55,38,93
2014,5,Districte V,10,Pubilla Cases,508,50-64,118,96,214
1997,3,Districte III,6,Santa Eulàlia,316,50-64,128,160,288
1998,4,Districte IV,7,la Florida,407,12-15,12,22,34
1995,2,Districte II,4,la Torrassa,218,18-24,38,44,82
2008,4,Districte IV,8,les Planes,434,03-11,19,22,41
2009,6,Districte VI,12,Bellvitge,607,25-34,68,98,166
2008,4,Districte IV,7,la Florida,422,75 i +,76,51,127
1996,1,Districte I,3,Sant Josep,140,16-17,10,20,30
2006,5,Districte V,9,Can Serra,501,65-74,34,31,65
2000,2,Districte II,5,Collblanc,216,65-74,78,71,149
1998,1,Districte I,1,Centre,134,12-15,32,30,62
2009,5,Districte V,10,Pubilla Cases,516,16-17,9,8,17
2003,4,Districte IV,8,les Planes,429,00-02,6,10,16
2008,2,Districte II,5,Collblanc,212,65-74,65,59,124
2007,2,Districte II,4,la Torrassa,232,18-24,41,41,82
1999,3,Districte III,6,Santa Eulàlia,310,16-17,10,9,19
2009,2,Districte II,4,la Torrassa,238,00-02,18,12,30
2011,4,Districte IV,7,la Florida,432,16-17,5,9,14
2006,6,Districte VI,12,Bellvitge,609,75 i +,29,24,53
2016,2,Districte II,5,Collblanc,214,65-74,85,58,143
2004,2,Districte II,5,Collblanc,201,35-49,61,63,124
1999,4,Districte IV,7,la Florida,415,25-34,65,61,126
2003,5,Districte V,10,Pubilla Cases,533,12-15,27,14,41
2000,1,Districte I,3,Sant Josep,125,25-34,93,103,196
1997,6,Districte VI,11,el Gornal,632,35-49,102,104,206
1999,5,Districte V,10,Pubilla Cases,510,16-17,6,10,16
1997,2,Districte II,5,Collblanc,203,35-49,55,60,115
1995,4,Districte IV,8,les Planes,429,18-24,36,49,85
1996,6,Districte VI,11,el Gornal,622,18-24,80,81,161
1998,5,Districte V,9,Can Serra,501,00-02,7,14,21
2003,5,Districte V,10,Pubilla Cases,537,75 i +,67,38,105
2008,1,Districte I,1,Centre,103,18-24,16,24,40
2008,5,Districte V,10,Pubilla Cases,515,18-24,33,48,81
2008,2,Districte II,5,Collblanc,214,75 i +,33,21,54
2012,2,Districte II,5,Collblanc,227,50-64,67,52,119
1996,4,Districte IV,7,la Florida,430,65-74,58,44,102
2015,1,Districte I,3,Sant Josep,114,12-15,22,31,53
1996,4,Districte IV,8,les Planes,442,50-64,64,62,126
2012,5,Districte V,10,Pubilla Cases,517,00-02,22,24,46
2001,1,Districte I,2,Sanfeliu,129,25-34,102,123,225
2010,5,Districte V,9,Can Serra,506,16-17,15,18,33
2010,1,Districte I,3,Sant Josep,136,35-49,136,171,307
2011,6,Districte VI,12,Bellvitge,601,03-11,51,59,110
2004,1,Districte I,1,Centre,110,65-74,66,41,107
2007,3,Districte III,6,Santa Eulàlia,309,65-74,36,25,61
2003,3,Districte III,6,Santa Eulàlia,317,03-11,53,47,100
2007,1,Districte I,3,Sant Josep,138,03-11,34,18,52
2014,2,Districte II,4,la Torrassa,242,25-34,80,81,161
1995,4,Districte IV,8,les Planes,429,50-64,66,45,111
1999,4,Districte IV,7,la Florida,425,65-74,76,66,142
2011,3,Districte III,6,Santa Eulàlia,314,03-11,83,98,181
2014,3,Districte III,6,Santa Eulàlia,325,18-24,55,53,108
1999,2,Districte II,4,la Torrassa,211,50-64,93,77,170
1997,2,Districte II,4,la Torrassa,235,25-34,120,113,233
2006,5,Districte V,10,Pubilla Cases,529,18-24,52,50,102
2001,1,Districte I,1,Centre,113,65-74,57,31,88
1994,4,Districte IV,7,la Florida,404,65-74,68,46,114
2001,1,Districte I,3,Sant Josep,137,50-64,134,141,275
2016,3,Districte III,6,Santa Eulàlia,317,16-17,12,10,22
2004,4,Districte IV,7,la Florida,403,12-15,11,18,29
2003,1,Districte I,1,Centre,112,65-74,67,53,120
2002,1,Districte I,3,Sant Josep,122,18-24,38,34,72
2011,2,Districte II,4,la Torrassa,239,75 i +,100,62,162
1996,4,Districte IV,7,la Florida,404,03-11,45,39,84
2008,6,Districte VI,12,Bellvitge,630,35-49,74,100,174
2013,4,Districte IV,7,la Florida,426,25-34,85,84,169
2016,2,Districte II,5,Collblanc,226,75 i +,124,74,198
1995,2,Districte II,4,la Torrassa,232,18-24,55,44,99
1994,2,Districte II,4,la Torrassa,247,75 i +,67,28,95
1997,5,Districte V,10,Pubilla Cases,512,75 i +,40,18,58
2009,1,Districte I,3,Sant Josep,127,65-74,38,34,72
2003,4,Districte IV,8,les Planes,440,25-34,80,102,182
1996,5,Districte V,10,Pubilla Cases,530,65-74,97,72,169
2004,6,Districte VI,12,Bellvitge,610,25-34,106,116,222
2001,1,Districte I,3,Sant Josep,106,12-15,47,32,79
2005,1,Districte I,3,Sant Josep,115,18-24,56,59,115
2003,4,Districte IV,7,la Florida,428,00-02,10,6,16
2008,5,Districte V,9,Can Serra,503,03-11,24,28,52
1999,5,Districte V,10,Pubilla Cases,519,35-49,37,47,84
2015,2,Districte II,5,Collblanc,205,50-64,100,100,200
2005,1,Districte I,3,Sant Josep,125,25-34,147,148,295
1997,2,Districte II,4,la Torrassa,228,12-15,6,10,16
2012,1,Districte I,3,Sant Josep,125,35-49,229,231,460
1994,1,Districte I,3,Sant Josep,115,16-17,13,32,45
1997,2,Districte II,5,Collblanc,208,18-24,85,89,174
2006,1,Districte I,1,Centre,104,18-24,21,22,43
2010,2,Districte II,5,Collblanc,214,16-17,15,6,21
2004,6,Districte VI,11,el Gornal,629,75 i +,29,15,44
2007,1,Districte I,1,Centre,128,18-24,35,41,76
2009,4,Districte IV,7,la Florida,402,50-64,61,62,123
2001,2,Districte II,4,la Torrassa,240,35-49,64,60,124
2003,2,Districte II,4,la Torrassa,240,12-15,9,17,26
1998,6,Districte VI,12,Bellvitge,621,65-74,44,34,78
1996,5,Districte V,10,Pubilla Cases,515,03-11,27,23,50
2005,5,Districte V,10,Pubilla Cases,519,18-24,37,31,68
2016,5,Districte V,9,Can Serra,506,03-11,61,66,127
2012,5,Districte V,10,Pubilla Cases,516,75 i +,48,23,71
2005,5,Districte V,10,Pubilla Cases,514,12-15,12,8,20
1996,5,Districte V,10,Pubilla Cases,536,16-17,9,10,19
1996,1,Districte I,3,Sant Josep,139,65-74,31,26,57
2014,1,Districte I,3,Sant Josep,125,03-11,81,78,159
2008,4,Districte IV,7,la Florida,413,00-02,8,13,21
2005,3,Districte III,6,Santa Eulàlia,310,16-17,5,11,16
2004,6,Districte VI,12,Bellvitge,601,12-15,17,24,41
1999,1,Districte I,1,Centre,110,50-64,159,153,312
2000,5,Districte V,9,Can Serra,502,12-15,25,31,56
1997,1,Districte I,3,Sant Josep,119,35-49,176,153,329
1998,2,Districte II,5,Collblanc,205,35-49,96,91,187
2013,3,Districte III,6,Santa Eulàlia,317,75 i +,57,20,77
2012,4,Districte IV,7,la Florida,431,75 i +,85,44,129
2004,3,Districte III,6,Santa Eulàlia,305,25-34,115,125,240
2010,4,Districte IV,7,la Florida,409,25-34,56,67,123
2011,4,Districte IV,8,les Planes,438,65-74,61,48,109
2009,5,Districte V,9,Can Serra,535,50-64,137,108,245
1998,5,Districte V,10,Pubilla Cases,519,75 i +,16,12,28
1998,1,Districte I,1,Centre,101,50-64,90,82,172
1998,5,Districte V,10,Pubilla Cases,538,03-11,29,39,68
2010,2,Districte II,5,Collblanc,215,75 i +,70,33,103
2012,2,Districte II,5,Collblanc,221,12-15,13,17,30
2007,2,Districte II,5,Collblanc,219,00-02,20,18,38
2013,1,Districte I,1,Centre,102,00-02,15,15,30
2007,1,Districte I,3,Sant Josep,121,00-02,11,10,21
2001,1,Districte I,3,Sant Josep,127,03-11,28,30,58
1997,2,Districte II,5,Collblanc,205,16-17,10,15,25
2004,5,Districte V,10,Pubilla Cases,533,16-17,15,10,25
1996,2,Districte II,5,Collblanc,216,00-02,12,13,25
1997,2,Districte II,5,Collblanc,205,00-02,10,9,19
2009,5,Districte V,10,Pubilla Cases,529,16-17,18,18,36
2006,5,Districte V,10,Pubilla Cases,529,16-17,7,17,24
2008,2,Districte II,4,la Torrassa,228,65-74,43,36,79
2009,4,Districte IV,8,les Planes,436,50-64,48,66,114
2004,3,Districte III,6,Santa Eulàlia,315,18-24,66,79,145
2010,4,Districte IV,7,la Florida,424,18-24,24,27,51
2008,6,Districte VI,12,Bellvitge,628,16-17,9,7,16
2002,2,Districte II,4,la Torrassa,232,50-64,91,80,171
2008,2,Districte II,4,la Torrassa,249,12-15,16,22,38
2003,2,Districte II,4,la Torrassa,218,25-34,58,68,126
2009,4,Districte IV,7,la Florida,403,35-49,114,127,241
2011,3,Districte III,6,Santa Eulàlia,305,00-02,20,23,43
2011,3,Districte III,6,Santa Eulàlia,308,18-24,59,68,127
1999,3,Districte III,6,Santa Eulàlia,303,50-64,223,190,413
1998,2,Districte II,4,la Torrassa,239,65-74,100,80,180
2000,3,Districte III,6,Santa Eulàlia,323,35-49,446,410,856
2002,3,Districte III,6,Santa Eulàlia,309,16-17,6,3,9
2005,1,Districte I,3,Sant Josep,139,25-34,93,99,192
2010,2,Districte II,5,Collblanc,203,50-64,60,53,113
2005,1,Districte I,3,Sant Josep,122,50-64,92,66,158
1998,2,Districte II,4,la Torrassa,242,12-15,14,19,33
2002,5,Districte V,9,Can Serra,506,12-15,35,39,74
2011,4,Districte IV,7,la Florida,430,25-34,111,108,219
2001,5,Districte V,10,Pubilla Cases,522,03-11,23,14,37
2007,1,Districte I,1,Centre,107,65-74,99,85,184
2010,3,Districte III,6,Santa Eulàlia,316,75 i +,74,27,101
2012,6,Districte VI,12,Bellvitge,614,18-24,24,30,54
2010,4,Districte IV,7,la Florida,412,75 i +,92,82,174
2009,6,Districte VI,12,Bellvitge,620,03-11,17,25,42
2013,3,Districte III,6,Santa Eulàlia,305,35-49,176,181,357
1996,2,Districte II,5,Collblanc,223,18-24,57,54,111
1995,5,Districte V,9,Can Serra,504,65-74,60,54,114
1995,1,Districte I,1,Centre,101,25-34,100,98,198
2002,3,Districte III,6,Santa Eulàlia,307,12-15,23,34,57
2012,1,Districte I,3,Sant Josep,136,25-34,91,86,177
2005,2,Districte II,4,la Torrassa,243,35-49,203,198,401
1997,5,Districte V,10,Pubilla Cases,524,50-64,130,114,244
1997,2,Districte II,4,la Torrassa,249,65-74,75,63,138
2002,3,Districte III,6,Santa Eulàlia,306,12-15,21,34,55
2014,4,Districte IV,8,les Planes,441,16-17,25,21,46
1995,1,Districte I,1,Centre,113,16-17,22,27,49
2001,6,Districte VI,11,el Gornal,632,16-17,6,16,22
1997,5,Districte V,10,Pubilla Cases,523,00-02,8,12,20
1998,3,Districte III,6,Santa Eulàlia,318,75 i +,9,6,15
2014,2,Districte II,5,Collblanc,220,50-64,155,126,281
1994,5,Districte V,10,Pubilla Cases,510,03-11,46,37,83
1995,6,Districte VI,12,Bellvitge,621,75 i +,20,11,31
2008,4,Districte IV,8,les Planes,434,18-24,34,37,71
2010,6,Districte VI,12,Bellvitge,601,50-64,119,103,222
2015,2,Districte II,5,Collblanc,223,12-15,24,24,48
2011,1,Districte I,1,Centre,131,16-17,8,7,15
2009,2,Districte II,5,Collblanc,202,35-49,87,111,198
1997,6,Districte VI,12,Bellvitge,625,16-17,42,42,84
1994,4,Districte IV,7,la Florida,402,18-24,64,59,123
2001,1,Districte I,3,Sant Josep,121,50-64,48,34,82
1994,2,Districte II,4,la Torrassa,228,18-24,51,46,97
2001,3,Districte III,6,Santa Eulàlia,308,35-49,154,174,328
1996,5,Districte V,10,Pubilla Cases,520,75 i +,34,23,57
2001,1,Districte I,3,Sant Josep,140,25-34,80,91,171
1998,4,Districte IV,8,les Planes,440,75 i +,56,33,89
2010,4,Districte IV,8,les Planes,436,65-74,34,25,59
2015,5,Districte V,10,Pubilla Cases,533,00-02,32,34,66
2012,3,Districte III,6,Santa Eulàlia,324,50-64,74,64,138
1996,4,Districte IV,7,la Florida,410,50-64,208,187,395
1995,5,Districte V,10,Pubilla Cases,508,50-64,69,64,133
1994,4,Districte IV,7,la Florida,415,75 i +,36,20,56
1997,3,Districte III,6,Santa Eulàlia,322,18-24,83,79,162
2010,5,Districte V,10,Pubilla Cases,524,50-64,96,87,183
2005,1,Districte I,1,Centre,123,18-24,60,45,105
2000,2,Districte II,4,la Torrassa,232,75 i +,68,35,103
1997,2,Districte II,5,Collblanc,221,18-24,70,66,136
2009,1,Districte I,1,Centre,128,00-02,14,14,28
1995,2,Districte II,4,la Torrassa,229,35-49,44,43,87
2016,2,Districte II,5,Collblanc,201,75 i +,64,46,110
1997,4,Districte IV,7,la Florida,421,03-11,28,36,64
2007,6,Districte VI,12,Bellvitge,614,25-34,61,95,156
2011,6,Districte VI,12,Bellvitge,620,75 i +,36,25,61
2006,4,Districte IV,8,les Planes,420,65-74,77,65,142
2015,6,Districte VI,12,Bellvitge,610,18-24,29,45,74
2004,2,Districte II,4,la Torrassa,234,18-24,26,40,66
2004,6,Districte VI,11,el Gornal,626,16-17,8,5,13
2007,4,Districte IV,8,les Planes,437,50-64,67,53,120
2004,1,Districte I,3,Sant Josep,136,65-74,58,43,101
1995,5,Districte V,10,Pubilla Cases,537,18-24,89,90,179
1996,3,Districte III,6,Santa Eulàlia,307,75 i +,38,22,60
2011,3,Districte III,6,Santa Eulàlia,324,03-11,56,53,109
1997,4,Districte IV,7,la Florida,406,16-17,17,15,32
2006,1,Districte I,3,Sant Josep,115,50-64,122,135,257
2015,3,Districte III,6,Santa Eulàlia,310,25-34,72,64,136
2014,4,Districte IV,7,la Florida,406,35-49,147,162,309
1996,5,Districte V,10,Pubilla Cases,515,18-24,36,35,71
2006,4,Districte IV,8,les Planes,441,03-11,70,57,127
2015,4,Districte IV,7,la Florida,426,75 i +,52,27,79
2003,5,Districte V,10,Pubilla Cases,516,18-24,29,28,57
2002,5,Districte V,9,Can Serra,502,50-64,150,146,296
2001,6,Districte VI,12,Bellvitge,619,50-64,160,139,299
2000,2,Districte II,4,la Torrassa,243,12-15,14,17,31
2016,4,Districte IV,7,la Florida,426,50-64,69,83,152
2002,4,Districte IV,7,la Florida,402,50-64,76,67,143
2013,6,Districte VI,12,Bellvitge,612,25-34,50,48,98
2014,3,Districte III,6,Santa Eulàlia,308,25-34,115,103,218
2003,6,Districte VI,12,Bellvitge,627,50-64,135,154,289
2005,2,Districte II,5,Collblanc,201,03-11,22,30,52
2003,2,Districte II,4,la Torrassa,237,00-02,18,18,36
1999,1,Districte I,2,Sanfeliu,129,25-34,113,119,232
2003,3,Districte III,6,Santa Eulàlia,304,35-49,124,162,286
1998,3,Districte III,6,Santa Eulàlia,306,16-17,23,15,38
2016,5,Districte V,9,Can Serra,503,00-02,5,10,15
2002,2,Districte II,5,Collblanc,220,03-11,26,24,50
2016,1,Districte I,3,Sant Josep,106,65-74,124,138,262
2004,1,Districte I,3,Sant Josep,137,16-17,12,14,26
2008,1,Districte I,3,Sant Josep,119,00-02,14,17,31
2012,2,Districte II,5,Collblanc,219,65-74,55,39,94
1999,3,Districte III,6,Santa Eulàlia,318,50-64,63,70,133
2003,5,Districte V,10,Pubilla Cases,516,75 i +,22,11,33
2015,1,Districte I,2,Sanfeliu,132,75 i +,112,72,184
2002,4,Districte IV,8,les Planes,440,18-24,54,42,96
1999,5,Districte V,10,Pubilla Cases,531,25-34,80,82,162
2010,1,Districte I,3,Sant Josep,119,00-02,11,13,24
1998,2,Districte II,4,la Torrassa,218,16-17,9,7,16
2011,3,Districte III,6,Santa Eulàlia,319,03-11,100,110,210
2008,2,Districte II,5,Collblanc,201,35-49,93,114,207
2006,5,Districte V,10,Pubilla Cases,528,25-34,130,132,262
2010,4,Districte IV,7,la Florida,404,35-49,152,181,333
1995,4,Districte IV,7,la Florida,417,35-49,65,63,128
2011,4,Districte IV,8,les Planes,434,03-11,31,36,67
1999,1,Districte I,3,Sant Josep,138,65-74,32,34,66
2009,6,Districte VI,12,Bellvitge,609,50-64,101,60,161
2013,2,Districte II,5,Collblanc,208,12-15,21,25,46
2001,6,Districte VI,12,Bellvitge,614,50-64,140,119,259
2010,1,Districte I,1,Centre,109,18-24,38,28,66
2003,1,Districte I,3,Sant Josep,126,18-24,45,32,77
2006,2,Districte II,4,la Torrassa,242,18-24,41,59,100
2007,3,Districte III,6,Santa Eulàlia,314,00-02,28,30,58
2006,3,Districte III,6,Santa Eulàlia,310,65-74,40,31,71
2010,4,Districte IV,7,la Florida,403,35-49,113,137,250
2015,2,Districte II,5,Collblanc,202,16-17,10,17,27
2015,4,Districte IV,7,la Florida,405,75 i +,138,99,237
2010,3,Districte III,6,Santa Eulàlia,312,35-49,227,224,451
2009,4,Districte IV,7,la Florida,422,35-49,132,150,282
2014,3,Districte III,6,Santa Eulàlia,302,16-17,5,4,9
2007,2,Districte II,5,Collblanc,205,65-74,57,50,107
2004,3,Districte III,6,Santa Eulàlia,303,00-02,10,14,24
2009,2,Districte II,5,Collblanc,206,25-34,80,121,201
2003,4,Districte IV,7,la Florida,416,65-74,53,57,110
2002,4,Districte IV,8,les Planes,437,25-34,81,92,173
2013,2,Districte II,4,la Torrassa,234,16-17,10,7,17
2012,2,Districte II,4,la Torrassa,249,12-15,17,22,39
2002,3,Districte III,6,Santa Eulàlia,318,03-11,31,43,74
2003,6,Districte VI,12,Bellvitge,628,75 i +,40,18,58
1995,5,Districte V,10,Pubilla Cases,523,00-02,7,12,19
1994,2,Districte II,5,Collblanc,226,50-64,112,86,198
2000,5,Districte V,10,Pubilla Cases,515,25-34,40,48,88
2014,1,Districte I,1,Centre,134,12-15,28,25,53
2013,4,Districte IV,7,la Florida,431,75 i +,90,44,134
1994,5,Districte V,10,Pubilla Cases,513,50-64,100,91,191
2014,1,Districte I,1,Centre,124,25-34,58,45,103
2004,2,Districte II,5,Collblanc,244,16-17,5,4,9
2016,4,Districte IV,7,la Florida,423,18-24,44,28,72
2006,4,Districte IV,7,la Florida,428,18-24,40,30,70
2007,2,Districte II,4,la Torrassa,211,18-24,69,79,148
2002,1,Districte I,2,Sanfeliu,129,50-64,122,111,233
2014,5,Districte V,10,Pubilla Cases,538,16-17,8,15,23
1999,5,Districte V,9,Can Serra,501,12-15,21,21,42
1997,3,Districte III,6,Santa Eulàlia,306,65-74,103,76,179
2008,2,Districte II,5,Collblanc,206,16-17,5,7,12
1999,1,Districte I,1,Centre,101,50-64,97,88,185
2005,1,Districte I,3,Sant Josep,117,65-74,75,65,140
2013,2,Districte II,5,Collblanc,201,35-49,172,173,345
2003,6,Districte VI,11,el Gornal,616,18-24,167,157,324
1999,4,Districte IV,8,les Planes,420,12-15,15,23,38
2015,2,Districte II,4,la Torrassa,231,65-74,41,28,69
1994,4,Districte IV,7,la Florida,428,35-49,36,42,78
2013,6,Districte VI,11,el Gornal,622,65-74,49,46,95
1998,2,Districte II,5,Collblanc,209,03-11,15,39,54
2010,4,Districte IV,7,la Florida,405,65-74,75,50,125
1994,2,Districte II,4,la Torrassa,229,12-15,8,11,19
2013,3,Districte III,6,Santa Eulàlia,302,03-11,42,37,79
2009,6,Districte VI,11,el Gornal,629,65-74,36,34,70
2009,5,Districte V,10,Pubilla Cases,528,65-74,60,58,118
2000,3,Districte III,6,Santa Eulàlia,324,35-49,81,78,159
1996,1,Districte I,1,Centre,105,50-64,73,85,158
1995,2,Districte II,4,la Torrassa,211,25-34,118,118,236
2005,2,Districte II,5,Collblanc,205,35-49,90,99,189
2013,4,Districte IV,7,la Florida,432,12-15,24,21,45
2004,1,Districte I,3,Sant Josep,115,16-17,7,7,14
2001,5,Districte V,10,Pubilla Cases,520,18-24,37,48,85
2004,5,Districte V,10,Pubilla Cases,522,03-11,28,37,65
2011,2,Districte II,5,Collblanc,214,50-64,52,42,94
2012,4,Districte IV,7,la Florida,402,00-02,9,19,28
2009,4,Districte IV,7,la Florida,416,12-15,14,11,25
2014,6,Districte VI,12,Bellvitge,606,50-64,86,75,161
2012,4,Districte IV,7,la Florida,409,75 i +,35,21,56
2002,4,Districte IV,7,la Florida,427,03-11,22,32,54
2014,6,Districte VI,12,Bellvitge,602,35-49,154,161,315
2001,6,Districte VI,12,Bellvitge,607,16-17,8,10,18
1996,2,Districte II,5,Collblanc,221,65-74,59,59,118
2015,6,Districte VI,12,Bellvitge,625,12-15,21,23,44
2012,5,Districte V,10,Pubilla Cases,526,75 i +,34,16,50
2012,3,Districte III,6,Santa Eulàlia,305,12-15,31,25,56
2002,3,Districte III,6,Santa Eulàlia,323,18-24,180,210,390
2012,4,Districte IV,7,la Florida,423,12-15,14,14,28
1995,2,Districte II,5,Collblanc,226,18-24,67,56,123
2009,5,Districte V,10,Pubilla Cases,534,50-64,86,77,163
2002,5,Districte V,9,Can Serra,535,03-11,28,30,58
1995,2,Districte II,5,Collblanc,207,50-64,73,60,133
2013,2,Districte II,4,la Torrassa,232,00-02,15,23,38
2003,5,Districte V,10,Pubilla Cases,526,12-15,10,18,28
1995,6,Districte VI,12,Bellvitge,605,00-02,3,10,13
1995,2,Districte II,4,la Torrassa,236,16-17,9,3,12
2015,4,Districte IV,7,la Florida,430,25-34,84,94,178
2014,3,Districte III,6,Santa Eulàlia,307,35-49,139,126,265
1995,3,Districte III,6,Santa Eulàlia,320,03-11,20,18,38
2013,1,Districte I,3,Sant Josep,122,16-17,8,4,12
2010,6,Districte VI,12,Bellvitge,609,03-11,31,29,60
1998,4,Districte IV,8,les Planes,442,65-74,31,25,56
1995,1,Districte I,1,Centre,128,16-17,20,16,36
2011,2,Districte II,4,la Torrassa,231,03-11,61,60,121
1996,6,Districte VI,12,Bellvitge,620,35-49,77,65,142
2011,5,Districte V,10,Pubilla Cases,531,12-15,14,20,34
2007,1,Districte I,3,Sant Josep,121,03-11,28,38,66
2006,5,Districte V,10,Pubilla Cases,538,75 i +,70,38,108
2013,3,Districte III,6,Santa Eulàlia,304,35-49,335,364,699
2011,5,Districte V,10,Pubilla Cases,522,12-15,11,22,33
1995,1,Districte I,1,Centre,103,35-49,75,68,143
2011,2,Districte II,5,Collblanc,222,12-15,21,14,35
2007,2,Districte II,4,la Torrassa,217,03-11,26,30,56
1998,2,Districte II,5,Collblanc,203,18-24,24,32,56
2003,2,Districte II,4,la Torrassa,234,25-34,81,105,186
2002,1,Districte I,1,Centre,124,18-24,46,41,87
2006,6,Districte VI,12,Bellvitge,630,65-74,34,37,71
2009,1,Districte I,3,Sant Josep,127,50-64,70,71,141
1999,6,Districte VI,12,Bellvitge,601,25-34,84,134,218
1997,4,Districte IV,7,la Florida,414,12-15,13,24,37
2014,5,Districte V,10,Pubilla Cases,530,35-49,231,232,463
2015,3,Districte III,13,Granvia Sud,320,03-11,77,74,151
2009,1,Districte I,1,Centre,105,12-15,12,16,28
2002,4,Districte IV,7,la Florida,405,03-11,25,25,50
1996,1,Districte I,3,Sant Josep,122,00-02,11,5,16
2004,2,Districte II,4,la Torrassa,236,25-34,107,133,240
2015,4,Districte IV,8,les Planes,433,75 i +,87,40,127
2006,4,Districte IV,7,la Florida,404,00-02,22,21,43
2000,5,Districte V,10,Pubilla Cases,524,16-17,9,13,22
2008,2,Districte II,4,la Torrassa,236,35-49,122,143,265
2007,5,Districte V,10,Pubilla Cases,525,18-24,44,47,91
1998,4,Districte IV,8,les Planes,434,75 i +,49,34,83
2002,2,Districte II,4,la Torrassa,242,00-02,4,7,11
2010,2,Districte II,5,Collblanc,209,18-24,39,56,95
2003,6,Districte VI,12,Bellvitge,623,50-64,222,192,414
2006,3,Districte III,6,Santa Eulàlia,322,03-11,46,57,103
1994,4,Districte IV,7,la Florida,414,35-49,82,79,161
2011,2,Districte II,4,la Torrassa,230,03-11,50,39,89
2009,2,Districte II,5,Collblanc,201,03-11,35,43,78
1997,4,Districte IV,7,la Florida,408,75 i +,28,19,47
2013,4,Districte IV,7,la Florida,414,03-11,96,79,175
2013,1,Districte I,3,Sant Josep,115,03-11,50,54,104
2008,1,Districte I,3,Sant Josep,140,03-11,30,40,70
2001,5,Districte V,10,Pubilla Cases,529,50-64,104,92,196
1999,5,Districte V,10,Pubilla Cases,514,12-15,18,9,27
2003,2,Districte II,5,Collblanc,203,00-02,11,16,27
2001,1,Districte I,3,Sant Josep,119,25-34,111,127,238
1998,2,Districte II,5,Collblanc,226,12-15,19,16,35
2007,4,Districte IV,7,la Florida,404,16-17,21,20,41
2010,6,Districte VI,11,el Gornal,629,50-64,48,49,97
1999,3,Districte III,6,Santa Eulàlia,305,00-02,14,17,31
1998,2,Districte II,4,la Torrassa,241,65-74,72,46,118
1999,6,Districte VI,12,Bellvitge,619,50-64,172,161,333
1997,4,Districte IV,7,la Florida,410,00-02,16,16,32
1996,5,Districte V,9,Can Serra,521,35-49,157,112,269
1998,2,Districte II,4,la Torrassa,229,18-24,32,35,67
1999,1,Districte I,1,Centre,112,50-64,146,143,289
2002,4,Districte IV,7,la Florida,403,50-64,146,117,263
2014,1,Districte I,3,Sant Josep,140,16-17,4,15,19
2011,4,Districte IV,7,la Florida,417,16-17,6,11,17
2009,3,Districte III,6,Santa Eulàlia,305,65-74,50,51,101
2012,2,Districte II,5,Collblanc,207,75 i +,61,26,87
2001,5,Districte V,10,Pubilla Cases,514,75 i +,35,17,52
2004,2,Districte II,4,la Torrassa,243,25-34,155,121,276
1996,4,Districte IV,7,la Florida,406,50-64,143,137,280
2009,2,Districte II,5,Collblanc,214,12-15,21,12,33
2009,2,Districte II,4,la Torrassa,211,18-24,55,59,114
2014,4,Districte IV,7,la Florida,411,25-34,62,48,110
2008,1,Districte I,3,Sant Josep,125,00-02,29,25,54
2014,3,Districte III,6,Santa Eulàlia,313,50-64,223,187,410
1998,5,Districte V,9,Can Serra,501,18-24,123,133,256
1994,1,Districte I,3,Sant Josep,122,75 i +,35,14,49
1996,2,Districte II,4,la Torrassa,243,12-15,27,18,45
2007,6,Districte VI,11,el Gornal,616,65-74,70,66,136
2010,1,Districte I,3,Sant Josep,120,25-34,104,125,229
1997,5,Districte V,9,Can Serra,521,12-15,21,21,42
2015,3,Districte III,6,Santa Eulàlia,303,16-17,10,11,21
2009,5,Districte V,10,Pubilla Cases,530,16-17,13,12,25
1997,5,Districte V,10,Pubilla Cases,514,00-02,8,10,18
1998,6,Districte VI,12,Bellvitge,606,03-11,44,48,92
2004,6,Districte VI,12,Bellvitge,605,25-34,62,67,129
2014,6,Districte VI,11,el Gornal,617,16-17,8,11,19
1997,6,Districte VI,11,el Gornal,622,18-24,76,76,152
1996,3,Districte III,6,Santa Eulàlia,315,16-17,21,28,49
1994,2,Districte II,5,Collblanc,214,16-17,11,10,21
2011,2,Districte II,4,la Torrassa,211,00-02,19,23,42
2003,3,Districte III,6,Santa Eulàlia,303,16-17,7,10,17
2013,1,Districte I,3,Sant Josep,140,16-17,3,11,14
2000,4,Districte IV,8,les Planes,439,00-02,11,16,27
1998,4,Districte IV,7,la Florida,424,00-02,7,4,11
2006,6,Districte VI,12,Bellvitge,611,35-49,194,237,431
2015,6,Districte VI,11,el Gornal,617,16-17,8,10,18
2006,6,Districte VI,12,Bellvitge,602,12-15,4,9,13
2007,6,Districte VI,11,el Gornal,626,18-24,34,29,63
2012,1,Districte I,3,Sant Josep,126,12-15,21,20,41
1995,3,Districte III,6,Santa Eulàlia,322,12-15,36,29,65
2012,1,Districte I,3,Sant Josep,137,75 i +,59,36,95
2012,1,Districte I,3,Sant Josep,120,03-11,55,98,153
1996,2,Districte II,4,la Torrassa,236,35-49,90,79,169
2011,6,Districte VI,12,Bellvitge,609,65-74,72,81,153
2013,1,Districte I,1,Centre,102,12-15,29,24,53
2010,1,Districte I,1,Centre,130,16-17,10,3,13
2004,3,Districte III,6,Santa Eulàlia,303,16-17,7,9,16
2005,5,Districte V,10,Pubilla Cases,519,12-15,7,16,23
2006,4,Districte IV,8,les Planes,418,12-15,20,20,40
2001,4,Districte IV,7,la Florida,423,03-11,30,31,61
1995,3,Districte III,6,Santa Eulàlia,303,12-15,28,29,57
2007,2,Districte II,5,Collblanc,207,03-11,23,28,51
2010,2,Districte II,4,la Torrassa,245,75 i +,79,40,119
1995,2,Districte II,4,la Torrassa,245,16-17,8,18,26
1995,2,Districte II,4,la Torrassa,234,00-02,8,9,17
2015,4,Districte IV,7,la Florida,427,35-49,237,227,464
2016,1,Districte I,1,Centre,102,25-34,62,55,117
2010,2,Districte II,5,Collblanc,207,50-64,79,60,139
2007,2,Districte II,5,Collblanc,222,75 i +,40,20,60
2008,2,Districte II,4,la Torrassa,235,00-02,33,23,56
2003,3,Districte III,6,Santa Eulàlia,302,16-17,10,8,18
2011,6,Districte VI,12,Bellvitge,627,35-49,88,105,193
2011,2,Districte II,4,la Torrassa,249,75 i +,74,43,117
1996,4,Districte IV,8,les Planes,419,50-64,79,72,151
2007,6,Districte VI,12,Bellvitge,605,50-64,62,40,102
2001,6,Districte VI,11,el Gornal,632,50-64,94,83,177
1997,1,Districte I,3,Sant Josep,125,50-64,112,136,248
2004,6,Districte VI,12,Bellvitge,628,50-64,145,125,270
1998,3,Districte III,6,Santa Eulàlia,312,03-11,50,36,86
1996,1,Districte I,3,Sant Josep,117,12-15,59,67,126
2013,2,Districte II,5,Collblanc,216,12-15,22,9,31
2007,1,Districte I,3,Sant Josep,138,25-34,76,59,135
2012,2,Districte II,4,la Torrassa,211,25-34,114,134,248
1994,5,Districte V,9,Can Serra,521,03-11,42,40,82
2011,4,Districte IV,8,les Planes,419,25-34,77,76,153
1995,4,Districte IV,7,la Florida,421,12-15,32,24,56
2008,5,Districte V,9,Can Serra,521,18-24,38,24,62
2004,2,Districte II,4,la Torrassa,232,03-11,34,25,59
2012,2,Districte II,4,la Torrassa,242,50-64,87,86,173
2011,6,Districte VI,11,el Gornal,617,16-17,8,9,17
1994,4,Districte IV,7,la Florida,421,18-24,91,77,168
2003,3,Districte III,6,Santa Eulàlia,309,03-11,22,35,57
2008,3,Districte III,6,Santa Eulàlia,311,25-34,113,139,252
2015,6,Districte VI,11,el Gornal,632,35-49,112,123,235
2000,5,Districte V,10,Pubilla Cases,523,25-34,101,110,211
1996,2,Districte II,5,Collblanc,201,16-17,11,9,20
1995,2,Districte II,5,Collblanc,205,03-11,28,39,67
2009,1,Districte I,1,Centre,104,03-11,37,40,77
2003,4,Districte IV,8,les Planes,420,65-74,79,68,147
2006,2,Districte II,5,Collblanc,224,50-64,40,50,90
2010,6,Districte VI,11,el Gornal,629,35-49,56,68,124
2009,4,Districte IV,7,la Florida,417,25-34,78,63,141
2004,4,Districte IV,7,la Florida,412,25-34,137,174,311
1996,1,Districte I,3,Sant Josep,121,50-64,94,61,155
2000,4,Districte IV,7,la Florida,409,18-24,41,41,82
1995,1,Districte I,1,Centre,103,12-15,22,22,44
1998,3,Districte III,6,Santa Eulàlia,303,18-24,108,105,213
2000,1,Districte I,1,Centre,107,12-15,28,31,59
2009,4,Districte IV,7,la Florida,427,75 i +,55,33,88
2005,1,Districte I,1,Centre,124,00-02,13,10,23
2008,5,Districte V,10,Pubilla Cases,531,25-34,91,97,188
2001,5,Districte V,9,Can Serra,502,65-74,74,61,135
2000,2,Districte II,4,la Torrassa,248,03-11,36,38,74
2012,4,Districte IV,7,la Florida,423,16-17,8,5,13
2016,1,Districte I,3,Sant Josep,106,25-34,96,107,203
2001,4,Districte IV,7,la Florida,408,03-11,18,29,47
2016,4,Districte IV,8,les Planes,437,16-17,18,20,38
2015,4,Districte IV,7,la Florida,414,25-34,145,141,286
2012,4,Districte IV,8,les Planes,420,18-24,56,52,108
2000,6,Districte VI,12,Bellvitge,614,18-24,55,53,108
1997,2,Districte II,5,Collblanc,207,03-11,21,21,42
2007,5,Districte V,10,Pubilla Cases,517,18-24,57,59,116
2015,1,Districte I,2,Sanfeliu,132,00-02,24,28,52
2014,1,Districte I,3,Sant Josep,114,03-11,46,64,110
1995,5,Districte V,9,Can Serra,502,25-34,112,125,237
1999,4,Districte IV,8,les Planes,436,50-64,68,60,128
1994,2,Districte II,5,Collblanc,219,16-17,4,13,17
1995,3,Districte III,6,Santa Eulàlia,308,00-02,7,13,20
2001,4,Districte IV,8,les Planes,435,65-74,98,52,150
2006,5,Districte V,10,Pubilla Cases,524,18-24,53,54,107
2005,4,Districte IV,8,les Planes,440,50-64,121,103,224
2000,2,Districte II,5,Collblanc,224,03-11,21,19,40
1998,4,Districte IV,7,la Florida,415,12-15,9,12,21
2005,4,Districte IV,7,la Florida,417,50-64,54,47,101
2003,4,Districte IV,8,les Planes,436,16-17,10,6,16
2006,2,Districte II,5,Collblanc,210,00-02,14,5,19
1994,1,Districte I,1,Centre,113,12-15,43,50,93
1996,6,Districte VI,11,el Gornal,617,18-24,86,117,203
2004,4,Districte IV,7,la Florida,402,03-11,33,30,63
2002,4,Districte IV,8,les Planes,419,35-49,67,92,159
2005,1,Districte I,1,Centre,102,00-02,16,25,41
2012,3,Districte III,6,Santa Eulàlia,308,03-11,101,97,198
2009,2,Districte II,5,Collblanc,208,03-11,50,54,104
1998,1,Districte I,1,Centre,130,00-02,6,12,18
2011,6,Districte VI,12,Bellvitge,604,03-11,24,31,55
1997,3,Districte III,6,Santa Eulàlia,322,16-17,14,22,36
2004,6,Districte VI,12,Bellvitge,623,75 i +,53,32,85
2011,1,Districte I,1,Centre,101,12-15,32,29,61
2011,2,Districte II,5,Collblanc,212,50-64,108,110,218
2004,6,Districte VI,11,el Gornal,622,35-49,95,85,180
2015,2,Districte II,5,Collblanc,214,25-34,188,181,369
1999,4,Districte IV,7,la Florida,427,25-34,63,74,137
1994,1,Districte I,3,Sant Josep,137,03-11,64,60,124
2003,6,Districte VI,12,Bellvitge,613,75 i +,43,19,62
2012,4,Districte IV,7,la Florida,427,50-64,71,62,133
2009,2,Districte II,5,Collblanc,222,35-49,130,148,278
2006,4,Districte IV,7,la Florida,432,50-64,156,158,314
2009,6,Districte VI,12,Bellvitge,615,00-02,12,13,25
2000,2,Districte II,4,la Torrassa,236,35-49,90,90,180
2014,2,Districte II,4,la Torrassa,233,25-34,86,86,172
2004,4,Districte IV,7,la Florida,412,75 i +,71,45,116
2016,2,Districte II,4,la Torrassa,237,12-15,22,37,59
2010,1,Districte I,3,Sant Josep,117,25-34,151,167,318
2011,6,Districte VI,11,el Gornal,617,75 i +,57,33,90
2000,5,Districte V,9,Can Serra,503,25-34,60,61,121
2005,2,Districte II,5,Collblanc,225,12-15,8,10,18
1996,5,Districte V,10,Pubilla Cases,533,16-17,8,7,15
2003,6,Districte VI,11,el Gornal,608,50-64,84,71,155
2005,5,Districte V,9,Can Serra,501,12-15,20,19,39
2013,6,Districte VI,12,Bellvitge,601,18-24,74,77,151
2012,1,Districte I,1,Centre,123,00-02,15,18,33
2015,4,Districte IV,7,la Florida,410,00-02,14,13,27
1995,1,Districte I,3,Sant Josep,140,65-74,53,51,104
1995,2,Districte II,5,Collblanc,221,18-24,80,65,145
1996,1,Districte I,1,Centre,110,00-02,10,15,25
2004,1,Districte I,1,Centre,130,12-15,13,22,35
2007,3,Districte III,6,Santa Eulàlia,311,12-15,14,25,39
2016,6,Districte VI,12,Bellvitge,612,50-64,65,70,135
1997,2,Districte II,4,la Torrassa,211,18-24,33,51,84
1996,5,Districte V,10,Pubilla Cases,527,16-17,6,13,19
1995,3,Districte III,6,Santa Eulàlia,323,12-15,109,115,224
1998,4,Districte IV,8,les Planes,419,50-64,72,69,141
2016,6,Districte VI,12,Bellvitge,621,12-15,17,28,45
2007,1,Districte I,3,Sant Josep,140,03-11,33,38,71
2014,4,Districte IV,7,la Florida,425,03-11,40,50,90
2003,2,Districte II,5,Collblanc,222,00-02,8,9,17
2013,3,Districte III,6,Santa Eulàlia,301,25-34,180,189,369
2011,1,Districte I,1,Centre,133,65-74,44,39,83
2013,5,Districte V,9,Can Serra,502,12-15,30,23,53
2012,2,Districte II,4,la Torrassa,229,75 i +,51,37,88
2009,5,Districte V,10,Pubilla Cases,514,00-02,14,16,30
2015,2,Districte II,4,la Torrassa,228,75 i +,132,96,228
1999,4,Districte IV,8,les Planes,435,18-24,43,48,91
2001,5,Districte V,10,Pubilla Cases,511,00-02,11,8,19
2007,4,Districte IV,7,la Florida,430,25-34,116,144,260
2008,4,Districte IV,7,la Florida,432,75 i +,65,47,112
1999,6,Districte VI,12,Bellvitge,625,65-74,31,37,68
2001,2,Districte II,4,la Torrassa,235,35-49,107,114,221
1997,4,Districte IV,7,la Florida,409,50-64,88,81,169
2012,5,Districte V,10,Pubilla Cases,523,00-02,20,19,39
2006,2,Districte II,4,la Torrassa,228,03-11,15,19,34
2010,2,Districte II,4,la Torrassa,237,03-11,65,68,133
2005,4,Districte IV,8,les Planes,433,00-02,23,18,41
2016,3,Districte III,13,Granvia Sud,312,35-49,222,247,469
2015,5,Districte V,10,Pubilla Cases,537,00-02,20,16,36
1997,1,Districte I,3,Sant Josep,122,65-74,47,33,80
2003,4,Districte IV,7,la Florida,430,25-34,85,105,190
2002,6,Districte VI,11,el Gornal,626,65-74,64,60,124
2000,5,Districte V,10,Pubilla Cases,533,03-11,32,23,55
1996,1,Districte I,3,Sant Josep,127,18-24,27,30,57
1999,4,Districte IV,7,la Florida,411,75 i +,48,29,77
2009,5,Districte V,10,Pubilla Cases,528,16-17,9,12,21
2001,5,Districte V,10,Pubilla Cases,537,18-24,71,63,134
2000,2,Districte II,5,Collblanc,209,12-15,8,14,22
2016,4,Districte IV,7,la Florida,409,50-64,175,151,326
2007,2,Districte II,5,Collblanc,201,16-17,4,4,8
2005,6,Districte VI,12,Bellvitge,627,03-11,35,29,64
2007,2,Districte II,4,la Torrassa,230,18-24,48,43,91
2002,5,Districte V,10,Pubilla Cases,516,03-11,29,28,57
2006,6,Districte VI,12,Bellvitge,614,75 i +,40,27,67
2002,2,Districte II,4,la Torrassa,236,16-17,7,7,14
2016,2,Districte II,5,Collblanc,207,16-17,15,18,33
2009,6,Districte VI,12,Bellvitge,604,12-15,15,15,30
1994,1,Districte I,3,Sant Josep,126,35-49,144,111,255
2009,6,Districte VI,12,Bellvitge,615,12-15,10,19,29
2005,4,Districte IV,7,la Florida,425,25-34,93,85,178
2007,1,Districte I,1,Centre,131,25-34,135,142,277
1999,4,Districte IV,7,la Florida,404,12-15,22,19,41
2006,1,Districte I,3,Sant Josep,136,12-15,15,19,34
2000,5,Districte V,10,Pubilla Cases,523,65-74,93,84,177
2007,2,Districte II,4,la Torrassa,228,75 i +,41,27,68
1995,6,Districte VI,11,el Gornal,616,12-15,71,58,129
2016,5,Districte V,10,Pubilla Cases,537,18-24,55,49,104
2006,3,Districte III,6,Santa Eulàlia,304,50-64,110,106,216
2004,5,Districte V,10,Pubilla Cases,527,16-17,9,10,19
2009,6,Districte VI,11,el Gornal,632,25-34,66,74,140
1998,4,Districte IV,8,les Planes,435,75 i +,91,45,136
2014,1,Districte I,1,Centre,109,65-74,63,60,123
2012,1,Districte I,1,Centre,110,18-24,32,39,71
2001,5,Districte V,9,Can Serra,521,03-11,21,31,52
2002,2,Districte II,4,la Torrassa,249,03-11,30,34,64
2008,5,Districte V,10,Pubilla Cases,509,12-15,16,25,41
2015,4,Districte IV,7,la Florida,431,18-24,60,64,124
2000,2,Districte II,4,la Torrassa,241,35-49,67,64,131
2010,5,Districte V,10,Pubilla Cases,523,65-74,88,71,159
2009,1,Districte I,1,Centre,103,75 i +,40,27,67
1999,2,Districte II,4,la Torrassa,247,35-49,106,113,219
1994,4,Districte IV,7,la Florida,412,00-02,14,16,30
2002,4,Districte IV,7,la Florida,406,25-34,98,119,217
2006,3,Districte III,6,Santa Eulàlia,315,75 i +,65,33,98
1997,4,Districte IV,8,les Planes,434,16-17,6,5,11
1994,4,Districte IV,7,la Florida,425,65-74,67,58,125
2008,2,Districte II,4,la Torrassa,247,16-17,15,12,27
2013,4,Districte IV,8,les Planes,437,35-49,178,226,404
2004,4,Districte IV,7,la Florida,408,16-17,11,7,18
2007,2,Districte II,5,Collblanc,222,03-11,44,31,75
1999,6,Districte VI,11,el Gornal,617,16-17,13,15,28
2005,2,Districte II,5,Collblanc,201,00-02,13,7,20
2014,5,Districte V,10,Pubilla Cases,525,65-74,41,33,74
1995,1,Districte I,3,Sant Josep,127,75 i +,28,14,42
2009,6,Districte VI,11,el Gornal,622,75 i +,38,10,48
2003,1,Districte I,3,Sant Josep,139,00-02,14,17,31
2000,2,Districte II,4,la Torrassa,242,12-15,12,19,31
2010,3,Districte III,6,Santa Eulàlia,309,16-17,6,7,13
2007,2,Districte II,4,la Torrassa,247,75 i +,77,42,119
1995,4,Districte IV,7,la Florida,423,18-24,59,69,128
2002,4,Districte IV,8,les Planes,401,35-49,138,136,274
2001,6,Districte VI,12,Bellvitge,621,50-64,200,226,426
2010,2,Districte II,5,Collblanc,213,12-15,11,19,30
1998,6,Districte VI,11,el Gornal,616,00-02,26,31,57
2006,6,Districte VI,12,Bellvitge,602,00-02,5,5,10
2009,2,Districte II,5,Collblanc,221,18-24,47,49,96
1996,4,Districte IV,7,la Florida,426,50-64,81,76,157
2014,4,Districte IV,7,la Florida,423,25-34,72,82,154
1995,6,Districte VI,11,el Gornal,622,75 i +,32,14,46
1996,4,Districte IV,8,les Planes,435,25-34,62,80,142
1996,2,Districte II,4,la Torrassa,211,16-17,8,10,18
2016,1,Districte I,3,Sant Josep,139,00-02,8,16,24
2007,2,Districte II,5,Collblanc,204,03-11,17,15,32
2007,5,Districte V,9,Can Serra,507,65-74,44,38,82
1995,2,Districte II,4,la Torrassa,237,18-24,61,86,147
2004,4,Districte IV,8,les Planes,439,00-02,14,28,42
2004,3,Districte III,6,Santa Eulàlia,319,50-64,120,129,249
2002,1,Districte I,2,Sanfeliu,129,18-24,71,51,122
2010,5,Districte V,10,Pubilla Cases,533,75 i +,50,37,87
2007,3,Districte III,6,Santa Eulàlia,318,75 i +,29,14,43
2003,2,Districte II,4,la Torrassa,241,25-34,74,74,148
2008,1,Districte I,1,Centre,107,35-49,179,211,390
1997,3,Districte III,6,Santa Eulàlia,305,75 i +,70,39,109
2010,4,Districte IV,7,la Florida,431,35-49,185,223,408
2005,2,Districte II,4,la Torrassa,246,00-02,18,20,38
1994,1,Districte I,3,Sant Josep,119,35-49,218,184,402
2004,4,Districte IV,7,la Florida,405,75 i +,46,33,79
2014,2,Districte II,4,la Torrassa,242,75 i +,77,57,134
2013,6,Districte VI,12,Bellvitge,610,03-11,43,36,79
2015,4,Districte IV,8,les Planes,419,03-11,77,120,197
2015,2,Districte II,4,la Torrassa,229,25-34,147,138,285
2009,4,Districte IV,7,la Florida,431,75 i +,83,39,122
2013,2,Districte II,4,la Torrassa,237,65-74,65,45,110
2000,4,Districte IV,7,la Florida,423,18-24,44,48,92
2005,4,Districte IV,8,les Planes,420,18-24,61,65,126
2006,5,Districte V,10,Pubilla Cases,522,03-11,40,41,81
1998,1,Districte I,1,Centre,113,12-15,41,38,79
2006,4,Districte IV,7,la Florida,408,12-15,13,14,27
2007,2,Districte II,5,Collblanc,202,35-49,93,101,194
1994,3,Districte III,6,Santa Eulàlia,314,50-64,119,125,244
2011,4,Districte IV,8,les Planes,418,65-74,79,59,138
1994,2,Districte II,4,la Torrassa,234,12-15,15,14,29
2014,4,Districte IV,7,la Florida,406,25-34,99,85,184
1996,1,Districte I,1,Centre,108,50-64,107,98,205
2005,6,Districte VI,12,Bellvitge,612,50-64,132,100,232
2000,2,Districte II,4,la Torrassa,240,00-02,6,8,14
1997,4,Districte IV,7,la Florida,411,25-34,67,67,134
2001,1,Districte I,3,Sant Josep,136,16-17,11,9,20
2001,2,Districte II,4,la Torrassa,235,00-02,19,14,33
2006,2,Districte II,5,Collblanc,206,25-34,92,119,211
2003,4,Districte IV,8,les Planes,401,75 i +,55,33,88
2011,2,Districte II,4,la Torrassa,237,25-34,147,119,266
2012,6,Districte VI,12,Bellvitge,601,12-15,14,15,29
2013,6,Districte VI,12,Bellvitge,631,75 i +,61,40,101
2002,5,Districte V,10,Pubilla Cases,508,03-11,13,25,38
2015,4,Districte IV,8,les Planes,437,03-11,61,76,137
2005,3,Districte III,6,Santa Eulàlia,325,18-24,64,57,121
1999,4,Districte IV,8,les Planes,434,25-34,33,34,67
2016,4,Districte IV,7,la Florida,414,35-49,247,229,476
2007,3,Districte III,6,Santa Eulàlia,307,50-64,217,186,403
2003,3,Districte III,6,Santa Eulàlia,308,25-34,204,179,383
2000,5,Districte V,9,Can Serra,504,00-02,7,8,15
2011,2,Districte II,5,Collblanc,225,25-34,44,53,97
2011,6,Districte VI,12,Bellvitge,605,12-15,5,7,12
2004,5,Districte V,10,Pubilla Cases,530,35-49,148,175,323
2000,5,Districte V,10,Pubilla Cases,534,00-02,10,6,16
1995,1,Districte I,2,Sanfeliu,118,25-34,131,131,262
2006,5,Districte V,10,Pubilla Cases,536,75 i +,65,49,114
2005,1,Districte I,1,Centre,103,50-64,59,65,124
2008,4,Districte IV,7,la Florida,426,25-34,115,133,248
1999,3,Districte III,6,Santa Eulàlia,319,35-49,108,89,197
2002,4,Districte IV,7,la Florida,428,03-11,17,21,38
2004,5,Districte V,9,Can Serra,506,18-24,80,100,180
2011,5,Districte V,10,Pubilla Cases,520,12-15,10,12,22
2010,4,Districte IV,8,les Planes,419,50-64,53,52,105
2009,4,Districte IV,7,la Florida,410,00-02,20,17,37
2001,5,Districte V,9,Can Serra,501,25-34,93,128,221
2012,3,Districte III,6,Santa Eulàlia,318,03-11,20,37,57
2004,2,Districte II,5,Collblanc,225,65-74,34,24,58
2005,5,Districte V,10,Pubilla Cases,530,00-02,18,14,32
2008,2,Districte II,4,la Torrassa,230,00-02,17,23,40
2001,5,Districte V,9,Can Serra,507,50-64,90,93,183
2015,2,Districte II,4,la Torrassa,234,50-64,89,88,177
2008,1,Districte I,3,Sant Josep,126,75 i +,60,30,90
2011,2,Districte II,5,Collblanc,222,75 i +,44,28,72
2012,2,Districte II,4,la Torrassa,211,50-64,106,96,202
2011,3,Districte III,6,Santa Eulàlia,318,75 i +,28,19,47
2000,3,Districte III,6,Santa Eulàlia,313,35-49,232,212,444
2005,2,Districte II,4,la Torrassa,238,75 i +,63,34,97
2009,4,Districte IV,7,la Florida,411,03-11,30,30,60
2009,3,Districte III,6,Santa Eulàlia,302,25-34,128,143,271
2005,4,Districte IV,7,la Florida,404,18-24,71,64,135
1997,5,Districte V,10,Pubilla Cases,536,03-11,30,25,55
2011,4,Districte IV,7,la Florida,422,18-24,41,53,94
2013,6,Districte VI,11,el Gornal,617,12-15,16,14,30
1997,2,Districte II,4,la Torrassa,238,00-02,3,4,7
2000,1,Districte I,3,Sant Josep,137,00-02,13,18,31
2001,5,Districte V,10,Pubilla Cases,530,50-64,112,88,200
1994,1,Districte I,1,Centre,108,18-24,68,64,132
2012,1,Districte I,2,Sanfeliu,118,35-49,196,193,389
2008,1,Districte I,1,Centre,113,16-17,9,16,25
2006,1,Districte I,3,Sant Josep,126,12-15,12,6,18
2009,5,Districte V,10,Pubilla Cases,522,12-15,10,22,32
2008,5,Districte V,10,Pubilla Cases,525,03-11,34,34,68
2012,5,Districte V,9,Can Serra,521,12-15,16,11,27
1996,5,Districte V,10,Pubilla Cases,519,12-15,9,14,23
1998,5,Districte V,10,Pubilla Cases,532,35-49,113,97,210
2014,5,Districte V,10,Pubilla Cases,534,65-74,57,48,105
2001,6,Districte VI,12,Bellvitge,625,35-49,181,166,347
2003,3,Districte III,6,Santa Eulàlia,306,16-17,20,23,43
2003,6,Districte VI,12,Bellvitge,611,75 i +,66,34,100
1999,4,Districte IV,8,les Planes,418,75 i +,61,41,102
2000,1,Districte I,1,Centre,104,75 i +,63,37,100
2008,1,Districte I,1,Centre,131,00-02,19,24,43
1996,2,Districte II,5,Collblanc,204,00-02,6,6,12
2007,5,Districte V,10,Pubilla Cases,533,50-64,57,54,111
2006,3,Districte III,6,Santa Eulàlia,301,00-02,38,47,85
2015,1,Districte I,1,Centre,103,18-24,24,21,45
2000,1,Districte I,1,Centre,104,18-24,34,36,70
2015,2,Districte II,5,Collblanc,205,25-34,71,86,157
2007,2,Districte II,4,la Torrassa,233,25-34,91,101,192
2001,4,Districte IV,8,les Planes,420,12-15,14,23,37
2006,4,Districte IV,7,la Florida,431,75 i +,86,42,128
2015,1,Districte I,1,Centre,108,65-74,62,58,120
2009,2,Districte II,4,la Torrassa,245,12-15,12,26,38
1994,1,Districte I,1,Centre,102,75 i +,64,25,89
1994,4,Districte IV,7,la Florida,432,16-17,20,26,46
2010,4,Districte IV,8,les Planes,438,18-24,29,27,56
2003,1,Districte I,3,Sant Josep,137,35-49,165,153,318
2006,3,Districte III,6,Santa Eulàlia,325,35-49,205,184,389
2014,5,Districte V,10,Pubilla Cases,532,50-64,117,85,202
1995,5,Districte V,10,Pubilla Cases,518,65-74,48,52,100
2000,5,Districte V,9,Can Serra,502,03-11,48,27,75
1996,3,Districte III,6,Santa Eulàlia,303,03-11,36,48,84
2006,6,Districte VI,12,Bellvitge,618,35-49,70,66,136
2005,2,Districte II,5,Collblanc,221,03-11,38,36,74
2005,1,Districte I,2,Sanfeliu,116,12-15,22,24,46
2011,3,Districte III,6,Santa Eulàlia,303,00-02,20,19,39
2001,4,Districte IV,7,la Florida,428,00-02,3,5,8
2013,1,Districte I,1,Centre,101,35-49,307,296,603
2003,4,Districte IV,8,les Planes,436,03-11,44,42,86
1997,4,Districte IV,7,la Florida,425,50-64,101,89,190
2006,4,Districte IV,7,la Florida,413,03-11,22,20,42
2008,1,Districte I,1,Centre,135,16-17,12,8,20
2010,1,Districte I,3,Sant Josep,136,50-64,118,102,220
2001,3,Districte III,6,Santa Eulàlia,324,65-74,51,35,86
1994,2,Districte II,5,Collblanc,224,50-64,58,57,115
2004,5,Districte V,10,Pubilla Cases,511,50-64,50,44,94
1994,4,Districte IV,7,la Florida,405,12-15,14,13,27
2014,1,Districte I,3,Sant Josep,106,03-11,58,64,122
1997,3,Districte III,6,Santa Eulàlia,319,35-49,109,93,202
2012,2,Districte II,5,Collblanc,219,12-15,30,23,53
1999,6,Districte VI,11,el Gornal,629,16-17,8,10,18
2009,2,Districte II,4,la Torrassa,241,75 i +,76,26,102
1996,1,Districte I,1,Centre,102,75 i +,67,31,98
2011,5,Districte V,9,Can Serra,504,50-64,88,69,157
1999,1,Districte I,2,Sanfeliu,129,12-15,23,21,44
2013,4,Districte IV,7,la Florida,422,18-24,41,38,79
2014,5,Districte V,9,Can Serra,505,75 i +,82,66,148
2004,4,Districte IV,8,les Planes,429,65-74,54,23,77
1997,1,Districte I,1,Centre,103,50-64,71,65,136
2004,4,Districte IV,7,la Florida,414,75 i +,55,38,93
2005,1,Districte I,1,Centre,124,75 i +,34,21,55
2007,4,Districte IV,8,les Planes,442,03-11,35,22,57
1996,2,Districte II,5,Collblanc,226,25-34,65,75,140
2007,4,Districte IV,7,la Florida,424,03-11,21,31,52
1995,3,Districte III,6,Santa Eulàlia,311,00-02,6,17,23
2000,1,Districte I,1,Centre,133,16-17,12,11,23
2010,2,Districte II,5,Collblanc,205,25-34,90,84,174
2011,3,Districte III,6,Santa Eulàlia,306,03-11,62,58,120
2011,4,Districte IV,7,la Florida,409,03-11,26,29,55
1997,2,Districte II,4,la Torrassa,229,65-74,56,40,96
2005,3,Districte III,6,Santa Eulàlia,311,12-15,14,29,43
2005,6,Districte VI,12,Bellvitge,625,65-74,54,55,109
2005,5,Districte V,10,Pubilla Cases,532,65-74,78,73,151
1996,2,Districte II,5,Collblanc,226,00-02,6,5,11
2001,6,Districte VI,12,Bellvitge,624,03-11,34,32,66
2012,6,Districte VI,12,Bellvitge,601,16-17,11,11,22
2002,5,Districte V,10,Pubilla Cases,524,50-64,103,79,182
2012,1,Districte I,3,Sant Josep,117,00-02,24,29,53
1999,1,Districte I,1,Centre,102,03-11,47,61,108
2004,4,Districte IV,8,les Planes,401,50-64,88,92,180
1996,2,Districte II,5,Collblanc,224,35-49,57,59,116
1999,2,Districte II,5,Collblanc,203,25-34,59,56,115
2016,5,Districte V,10,Pubilla Cases,529,16-17,10,20,30
2014,6,Districte VI,12,Bellvitge,627,16-17,12,7,19
2014,3,Districte III,6,Santa Eulàlia,321,16-17,22,13,35
1995,5,Districte V,10,Pubilla Cases,533,12-15,15,17,32
2003,4,Districte IV,7,la Florida,431,65-74,87,69,156
2012,5,Districte V,10,Pubilla Cases,520,65-74,41,36,77
2004,6,Districte VI,12,Bellvitge,624,00-02,16,12,28
2000,4,Districte IV,7,la Florida,410,75 i +,71,47,118
2011,6,Districte VI,12,Bellvitge,615,75 i +,38,33,71
2015,1,Districte I,2,Sanfeliu,118,75 i +,59,50,109
2004,1,Districte I,3,Sant Josep,114,50-64,190,182,372
2016,5,Districte V,9,Can Serra,502,03-11,75,75,150
1998,3,Districte III,6,Santa Eulàlia,304,50-64,113,109,222
1994,6,Districte VI,12,Bellvitge,603,65-74,25,23,48
2007,2,Districte II,4,la Torrassa,232,00-02,14,10,24
1996,5,Districte V,10,Pubilla Cases,527,35-49,82,87,169
2000,6,Districte VI,11,el Gornal,608,16-17,10,8,18
2004,6,Districte VI,12,Bellvitge,607,03-11,34,43,77
2014,3,Districte III,6,Santa Eulàlia,302,18-24,33,43,76
2006,5,Districte V,10,Pubilla Cases,537,50-64,138,105,243
2014,4,Districte IV,8,les Planes,420,03-11,96,72,168
2010,4,Districte IV,7,la Florida,411,35-49,110,111,221
1997,4,Districte IV,7,la Florida,422,75 i +,58,38,96
2001,5,Districte V,10,Pubilla Cases,509,25-34,56,88,144
2003,5,Districte V,9,Can Serra,507,03-11,19,30,49
2000,2,Districte II,4,la Torrassa,230,50-64,70,58,128
2006,2,Districte II,4,la Torrassa,232,50-64,86,88,174
2012,6,Districte VI,12,Bellvitge,615,12-15,12,17,29
2012,3,Districte III,6,Santa Eulàlia,311,00-02,20,16,36
2001,6,Districte VI,11,el Gornal,632,75 i +,27,12,39
1996,4,Districte IV,7,la Florida,414,18-24,51,57,108
2016,3,Districte III,6,Santa Eulàlia,318,18-24,21,30,51
1994,2,Districte II,4,la Torrassa,211,16-17,9,13,22
1994,2,Districte II,4,la Torrassa,228,50-64,70,79,149
1997,2,Districte II,4,la Torrassa,218,75 i +,38,17,55
2013,5,Districte V,10,Pubilla Cases,537,16-17,9,6,15
2016,6,Districte VI,12,Bellvitge,618,65-74,106,74,180
1994,2,Districte II,4,la Torrassa,249,12-15,18,23,41
2012,1,Districte I,1,Centre,134,50-64,130,117,247
2001,5,Districte V,10,Pubilla Cases,533,18-24,33,44,77
2005,4,Districte IV,7,la Florida,414,18-24,25,41,66
1995,6,Districte VI,12,Bellvitge,625,12-15,76,72,148
2016,2,Districte II,5,Collblanc,226,50-64,165,136,301
2006,1,Districte I,1,Centre,133,65-74,44,38,82
1998,3,Districte III,6,Santa Eulàlia,311,35-49,129,109,238
2001,6,Districte VI,11,el Gornal,629,75 i +,26,8,34
1995,6,Districte VI,12,Bellvitge,624,65-74,28,29,57
2003,4,Districte IV,7,la Florida,405,12-15,11,11,22
2015,1,Districte I,1,Centre,108,12-15,30,17,47
2004,6,Districte VI,11,el Gornal,626,25-34,71,94,165
2000,2,Districte II,5,Collblanc,201,35-49,54,52,106
2003,4,Districte IV,8,les Planes,440,03-11,32,30,62
2006,5,Districte V,10,Pubilla Cases,528,65-74,61,61,122
2002,4,Districte IV,7,la Florida,407,35-49,98,104,202
2008,5,Districte V,10,Pubilla Cases,532,35-49,141,169,310
2002,2,Districte II,4,la Torrassa,236,00-02,16,14,30
2015,5,Districte V,10,Pubilla Cases,530,25-34,136,117,253
2011,4,Districte IV,7,la Florida,432,00-02,12,18,30
2005,3,Districte III,6,Santa Eulàlia,319,50-64,128,133,261
1998,4,Districte IV,8,les Planes,438,50-64,111,107,218
2004,2,Districte II,4,la Torrassa,232,35-49,107,109,216
2009,2,Districte II,5,Collblanc,216,00-02,16,15,31
1997,3,Districte III,6,Santa Eulàlia,307,50-64,157,145,302
2009,4,Districte IV,7,la Florida,422,16-17,10,17,27
2012,4,Districte IV,8,les Planes,418,75 i +,75,59,134
2016,1,Districte I,1,Centre,101,00-02,39,29,68
2016,4,Districte IV,7,la Florida,421,35-49,161,163,324
1994,5,Districte V,10,Pubilla Cases,532,18-24,101,111,212
1998,1,Districte I,1,Centre,112,12-15,36,31,67
1997,3,Districte III,6,Santa Eulàlia,311,18-24,79,86,165
2002,1,Districte I,3,Sant Josep,125,18-24,51,90,141
2006,4,Districte IV,7,la Florida,432,35-49,117,122,239
2007,4,Districte IV,7,la Florida,414,65-74,48,48,96
2015,3,Districte III,6,Santa Eulàlia,307,75 i +,83,71,154
2000,1,Districte I,2,Sanfeliu,129,35-49,99,110,209
1995,3,Districte III,6,Santa Eulàlia,314,12-15,84,74,158
2005,5,Districte V,9,Can Serra,502,35-49,142,151,293
1998,5,Districte V,9,Can Serra,503,16-17,17,19,36
2007,2,Districte II,5,Collblanc,208,75 i +,141,88,229
2000,6,Districte VI,12,Bellvitge,605,16-17,1,3,4
2001,3,Districte III,6,Santa Eulàlia,305,35-49,215,199,414
2015,3,Districte III,6,Santa Eulàlia,323,00-02,19,22,41
1994,1,Districte I,1,Centre,133,75 i +,41,25,66
2010,6,Districte VI,12,Bellvitge,624,12-15,15,12,27
2006,2,Districte II,5,Collblanc,204,25-34,50,68,118
1999,1,Districte I,1,Centre,134,18-24,51,77,128
1995,4,Districte IV,7,la Florida,411,35-49,99,97,196
1995,6,Districte VI,12,Bellvitge,618,25-34,44,43,87
2002,2,Districte II,5,Collblanc,208,03-11,40,45,85
2002,2,Districte II,4,la Torrassa,245,50-64,79,59,138
2004,4,Districte IV,7,la Florida,431,03-11,54,69,123
2011,1,Districte I,1,Centre,103,03-11,30,39,69
2007,5,Districte V,10,Pubilla Cases,516,00-02,13,10,23
2001,1,Districte I,3,Sant Josep,122,12-15,9,8,17
1996,5,Districte V,10,Pubilla Cases,524,35-49,93,97,190
1997,3,Districte III,6,Santa Eulàlia,304,35-49,97,99,196
2004,2,Districte II,4,la Torrassa,242,00-02,14,8,22
2002,1,Districte I,3,Sant Josep,136,65-74,57,48,105
1999,1,Districte I,3,Sant Josep,119,65-74,69,58,127
2014,2,Districte II,5,Collblanc,201,75 i +,63,42,105
2012,2,Districte II,4,la Torrassa,234,03-11,30,36,66
2015,2,Districte II,5,Collblanc,214,12-15,36,44,80
2001,4,Districte IV,8,les Planes,429,03-11,11,27,38
1996,6,Districte VI,12,Bellvitge,628,00-02,9,6,15
1996,1,Districte I,2,Sanfeliu,129,50-64,106,123,229
1996,6,Districte VI,12,Bellvitge,605,00-02,2,8,10
2008,1,Districte I,1,Centre,134,00-02,18,23,41
1995,2,Districte II,5,Collblanc,219,03-11,43,36,79
2005,2,Districte II,5,Collblanc,203,12-15,10,14,24
2009,2,Districte II,4,la Torrassa,240,75 i +,61,33,94
2015,5,Districte V,10,Pubilla Cases,514,65-74,53,31,84
2005,1,Districte I,1,Centre,124,18-24,43,38,81
2016,5,Districte V,10,Pubilla Cases,517,00-02,31,35,66
2012,4,Districte IV,7,la Florida,411,50-64,82,69,151
1998,1,Districte I,3,Sant Josep,125,03-11,38,38,76
1997,3,Districte III,6,Santa Eulàlia,318,03-11,48,57,105
2012,5,Districte V,10,Pubilla Cases,532,03-11,56,45,101
2016,3,Districte III,6,Santa Eulàlia,314,50-64,272,249,521
2015,2,Districte II,5,Collblanc,208,12-15,17,27,44
1997,5,Districte V,10,Pubilla Cases,510,03-11,31,37,68
2014,2,Districte II,4,la Torrassa,238,00-02,19,21,40
1997,5,Districte V,9,Can Serra,502,12-15,36,32,68
2004,1,Districte I,1,Centre,128,25-34,107,112,219
2001,3,Districte III,6,Santa Eulàlia,305,03-11,56,41,97
2013,4,Districte IV,7,la Florida,422,35-49,137,157,294
2016,4,Districte IV,8,les Planes,420,65-74,87,64,151
1997,2,Districte II,4,la Torrassa,249,35-49,92,91,183
2000,5,Districte V,10,Pubilla Cases,537,16-17,14,13,27
1994,5,Districte V,10,Pubilla Cases,529,18-24,63,76,139
2014,5,Districte V,10,Pubilla Cases,530,00-02,13,39,52
1994,3,Districte III,6,Santa Eulàlia,311,18-24,84,105,189
1999,3,Districte III,6,Santa Eulàlia,321,50-64,216,233,449
2003,1,Districte I,1,Centre,133,03-11,23,29,52
2000,6,Districte VI,12,Bellvitge,631,65-74,47,51,98
2015,5,Districte V,10,Pubilla Cases,525,50-64,63,62,125
2003,4,Districte IV,8,les Planes,442,65-74,26,24,50
2007,2,Districte II,5,Collblanc,212,18-24,60,76,136
2010,1,Districte I,3,Sant Josep,115,12-15,24,19,43
2007,4,Districte IV,7,la Florida,426,75 i +,55,33,88
2012,2,Districte II,4,la Torrassa,239,16-17,11,8,19
1997,4,Districte IV,8,les Planes,433,65-74,53,42,95
2015,2,Districte II,4,la Torrassa,246,18-24,60,38,98
2011,5,Districte V,10,Pubilla Cases,520,03-11,39,36,75
2011,2,Districte II,4,la Torrassa,249,50-64,91,77,168
2006,1,Districte I,1,Centre,111,65-74,55,48,103
2000,1,Districte I,1,Centre,104,35-49,70,67,137
2006,1,Districte I,2,Sanfeliu,116,18-24,60,54,114
1994,1,Districte I,1,Centre,124,00-02,2,11,13
2006,2,Districte II,4,la Torrassa,248,03-11,52,49,101
2007,5,Districte V,10,Pubilla Cases,526,18-24,22,31,53
2012,5,Districte V,9,Can Serra,506,18-24,59,78,137
2013,4,Districte IV,7,la Florida,414,12-15,40,31,71
1994,1,Districte I,1,Centre,128,12-15,32,29,61
2001,5,Districte V,10,Pubilla Cases,532,00-02,14,12,26
2011,5,Districte V,10,Pubilla Cases,531,35-49,123,141,264
1995,2,Districte II,4,la Torrassa,240,00-02,4,10,14
1998,1,Districte I,3,Sant Josep,119,16-17,21,21,42
2010,1,Districte I,2,Sanfeliu,129,65-74,65,69,134
2005,1,Districte I,3,Sant Josep,119,16-17,6,8,14
2004,3,Districte III,6,Santa Eulàlia,325,65-74,119,86,205
1996,4,Districte IV,7,la Florida,406,03-11,55,50,105
2010,6,Districte VI,12,Bellvitge,613,50-64,106,64,170
1999,4,Districte IV,7,la Florida,424,12-15,14,9,23
1999,1,Districte I,3,Sant Josep,115,25-34,95,119,214
2013,2,Districte II,5,Collblanc,204,65-74,66,56,122
1994,4,Districte IV,8,les Planes,433,75 i +,32,18,50
1999,2,Districte II,4,la Torrassa,234,65-74,91,52,143
1999,1,Districte I,1,Centre,107,25-34,156,198,354
2000,1,Districte I,3,Sant Josep,125,18-24,72,97,169
2014,2,Districte II,5,Collblanc,226,03-11,74,65,139
2005,4,Districte IV,7,la Florida,411,03-11,22,21,43
2004,6,Districte VI,12,Bellvitge,601,50-64,164,140,304
2013,2,Districte II,4,la Torrassa,239,12-15,16,26,42
2009,6,Districte VI,11,el Gornal,629,12-15,5,8,13
2008,2,Districte II,4,la Torrassa,248,16-17,13,11,24
2008,3,Districte III,6,Santa Eulàlia,308,03-11,102,119,221
2009,5,Districte V,9,Can Serra,502,50-64,146,136,282
1995,2,Districte II,4,la Torrassa,234,65-74,86,56,142
1995,4,Districte IV,7,la Florida,415,00-02,7,6,13
1995,4,Districte IV,8,les Planes,437,00-02,12,11,23
2006,3,Districte III,6,Santa Eulàlia,303,12-15,16,18,34
1999,5,Districte V,10,Pubilla Cases,513,12-15,8,12,20
2000,2,Districte II,4,la Torrassa,233,18-24,33,30,63
2001,1,Districte I,1,Centre,105,03-11,35,61,96
1999,5,Districte V,10,Pubilla Cases,523,16-17,21,19,40
1998,3,Districte III,6,Santa Eulàlia,309,65-74,29,29,58
2005,5,Districte V,10,Pubilla Cases,538,12-15,13,12,25
2001,1,Districte I,3,Sant Josep,121,00-02,11,18,29
2011,5,Districte V,10,Pubilla Cases,532,00-02,24,22,46
1996,2,Districte II,5,Collblanc,223,75 i +,50,23,73
1994,6,Districte VI,12,Bellvitge,609,00-02,7,9,16
2011,2,Districte II,5,Collblanc,204,65-74,23,17,40
1998,2,Districte II,4,la Torrassa,234,18-24,30,36,66
2004,5,Districte V,10,Pubilla Cases,532,18-24,61,60,121
1994,1,Districte I,1,Centre,102,16-17,25,37,62
1999,1,Districte I,3,Sant Josep,120,50-64,121,135,256
2002,1,Districte I,3,Sant Josep,125,35-49,139,131,270
2015,6,Districte VI,12,Bellvitge,602,25-34,61,55,116
2008,6,Districte VI,12,Bellvitge,612,75 i +,51,33,84
2004,6,Districte VI,12,Bellvitge,612,50-64,146,118,264
2008,6,Districte VI,11,el Gornal,616,50-64,253,237,490
2002,3,Districte III,6,Santa Eulàlia,320,12-15,15,14,29
2000,1,Districte I,1,Centre,124,65-74,47,41,88
1999,1,Districte I,1,Centre,113,35-49,206,169,375
2009,5,Districte V,9,Can Serra,501,03-11,41,47,88
2012,1,Districte I,3,Sant Josep,138,00-02,9,10,19
1997,6,Districte VI,12,Bellvitge,604,00-02,13,11,24
2013,5,Districte V,10,Pubilla Cases,532,75 i +,91,63,154
2001,1,Districte I,3,Sant Josep,136,03-11,37,48,85
1997,1,Districte I,1,Centre,135,18-24,82,102,184
1998,5,Districte V,10,Pubilla Cases,529,35-49,82,82,164
2000,4,Districte IV,7,la Florida,403,18-24,59,65,124
1999,6,Districte VI,12,Bellvitge,615,75 i +,23,14,37
2001,4,Districte IV,7,la Florida,409,75 i +,25,14,39
1999,3,Districte III,6,Santa Eulàlia,315,16-17,20,19,39
2011,2,Districte II,5,Collblanc,219,03-11,49,46,95
2010,6,Districte VI,12,Bellvitge,612,25-34,61,82,143
2010,6,Districte VI,12,Bellvitge,614,16-17,9,10,19
2012,5,Districte V,10,Pubilla Cases,508,03-11,32,30,62
1994,6,Districte VI,12,Bellvitge,606,16-17,14,17,31
2002,5,Districte V,10,Pubilla Cases,510,18-24,44,54,98
2006,6,Districte VI,12,Bellvitge,605,00-02,10,5,15
2008,5,Districte V,10,Pubilla Cases,532,50-64,116,81,197
1999,3,Districte III,6,Santa Eulàlia,313,35-49,233,216,449
2006,1,Districte I,1,Centre,134,35-49,153,146,299
2007,6,Districte VI,12,Bellvitge,602,00-02,7,6,13
1996,4,Districte IV,7,la Florida,415,18-24,30,36,66
1995,6,Districte VI,12,Bellvitge,625,25-34,85,87,172
1994,1,Districte I,3,Sant Josep,136,03-11,59,56,115
1997,6,Districte VI,11,el Gornal,622,00-02,8,23,31
2007,6,Districte VI,12,Bellvitge,612,75 i +,46,25,71
2012,4,Districte IV,8,les Planes,418,12-15,22,30,52
2005,2,Districte II,5,Collblanc,214,03-11,30,29,59
2001,5,Districte V,10,Pubilla Cases,510,50-64,110,95,205
2005,6,Districte VI,12,Bellvitge,602,50-64,64,43,107
2005,6,Districte VI,12,Bellvitge,613,03-11,41,36,77
1997,1,Districte I,3,Sant Josep,126,75 i +,40,17,57
2004,2,Districte II,5,Collblanc,212,25-34,136,170,306
2006,4,Districte IV,7,la Florida,414,00-02,14,15,29
1999,3,Districte III,6,Santa Eulàlia,301,03-11,72,83,155
1998,5,Districte V,9,Can Serra,504,35-49,97,89,186
2010,1,Districte I,3,Sant Josep,115,65-74,42,53,95
2005,2,Districte II,4,la Torrassa,246,12-15,19,17,36
2000,2,Districte II,4,la Torrassa,247,65-74,79,58,137
2011,2,Districte II,5,Collblanc,215,65-74,44,26,70
2005,2,Districte II,4,la Torrassa,248,35-49,138,180,318
2004,6,Districte VI,12,Bellvitge,606,50-64,101,61,162
2006,4,Districte IV,7,la Florida,428,35-49,78,96,174
2007,1,Districte I,1,Centre,104,00-02,11,13,24
2006,4,Districte IV,7,la Florida,412,18-24,88,80,168
2015,4,Districte IV,7,la Florida,411,00-02,8,9,17
1995,4,Districte IV,7,la Florida,410,03-11,40,51,91
2000,5,Districte V,10,Pubilla Cases,536,00-02,4,11,15
2011,2,Districte II,4,la Torrassa,228,12-15,8,12,20
2003,4,Districte IV,7,la Florida,406,18-24,66,55,121
2006,4,Districte IV,7,la Florida,403,50-64,122,91,213
2008,4,Districte IV,7,la Florida,415,35-49,90,141,231
2013,1,Districte I,3,Sant Josep,140,25-34,64,82,146
2013,2,Districte II,5,Collblanc,221,25-34,163,153,316
1995,2,Districte II,4,la Torrassa,249,03-11,22,30,52
1998,4,Districte IV,7,la Florida,405,50-64,121,90,211
2015,6,Districte VI,12,Bellvitge,612,12-15,13,22,35
2002,4,Districte IV,8,les Planes,434,50-64,41,46,87
2009,4,Districte IV,8,les Planes,429,50-64,63,58,121
1999,4,Districte IV,8,les Planes,433,25-34,96,92,188
1999,3,Districte III,6,Santa Eulàlia,309,75 i +,22,10,32
1998,2,Districte II,5,Collblanc,210,12-15,8,14,22
1997,2,Districte II,4,la Torrassa,211,65-74,101,79,180
1996,3,Districte III,6,Santa Eulàlia,322,75 i +,34,14,48
2011,5,Districte V,10,Pubilla Cases,537,00-02,13,17,30
2007,2,Districte II,4,la Torrassa,230,35-49,112,153,265
2016,5,Districte V,9,Can Serra,505,25-34,58,52,110
2001,6,Districte VI,12,Bellvitge,620,25-34,64,59,123
1996,4,Districte IV,7,la Florida,413,00-02,5,4,9
2015,2,Districte II,5,Collblanc,213,12-15,7,25,32
2008,2,Districte II,4,la Torrassa,218,50-64,79,58,137
2016,4,Districte IV,7,la Florida,422,35-49,136,173,309
2009,2,Districte II,5,Collblanc,203,75 i +,50,27,77
2004,5,Districte V,10,Pubilla Cases,534,50-64,91,84,175
2011,5,Districte V,10,Pubilla Cases,532,75 i +,86,57,143
2004,2,Districte II,4,la Torrassa,239,35-49,113,124,237
2016,3,Districte III,6,Santa Eulàlia,313,12-15,39,43,82
1998,1,Districte I,1,Centre,107,65-74,75,65,140
1997,4,Districte IV,7,la Florida,406,35-49,133,135,268
1997,3,Districte III,6,Santa Eulàlia,317,25-34,67,87,154
1997,1,Districte I,2,Sanfeliu,118,12-15,63,67,130
2012,1,Districte I,1,Centre,112,75 i +,75,30,105
2005,1,Districte I,1,Centre,130,35-49,112,125,237
1998,4,Districte IV,7,la Florida,417,65-74,40,32,72
2000,3,Districte III,6,Santa Eulàlia,317,18-24,44,53,97
2000,2,Districte II,5,Collblanc,208,65-74,132,118,250
2013,6,Districte VI,11,el Gornal,608,65-74,80,54,134
1996,5,Districte V,10,Pubilla Cases,523,50-64,161,144,305
2011,4,Districte IV,7,la Florida,416,00-02,9,13,22
2009,1,Districte I,3,Sant Josep,139,00-02,13,13,26
2015,1,Districte I,1,Centre,112,00-02,19,19,38
2009,1,Districte I,1,Centre,135,12-15,29,18,47
2010,2,Districte II,5,Collblanc,222,75 i +,45,28,73
2007,2,Districte II,4,la Torrassa,231,12-15,15,16,31
1994,2,Districte II,4,la Torrassa,246,50-64,116,119,235
2009,5,Districte V,10,Pubilla Cases,525,18-24,39,38,77
2016,1,Districte I,1,Centre,133,75 i +,67,32,99
2008,5,Districte V,10,Pubilla Cases,516,35-49,107,110,217
2001,2,Districte II,5,Collblanc,210,03-11,25,17,42
2007,1,Districte I,1,Centre,107,75 i +,77,41,118
1999,5,Districte V,10,Pubilla Cases,538,35-49,98,83,181
2012,3,Districte III,6,Santa Eulàlia,304,18-24,76,77,153
2000,1,Districte I,1,Centre,105,00-02,8,12,20
2000,3,Districte III,6,Santa Eulàlia,324,18-24,26,43,69
2014,3,Districte III,13,Granvia Sud,312,03-11,55,69,124
1995,1,Districte I,1,Centre,124,50-64,79,79,158
2007,2,Districte II,4,la Torrassa,240,03-11,28,34,62
2006,2,Districte II,5,Collblanc,221,25-34,90,119,209
1997,3,Districte III,6,Santa Eulàlia,309,50-64,59,60,119
2016,5,Districte V,10,Pubilla Cases,528,18-24,51,45,96
2013,1,Districte I,1,Centre,123,03-11,49,56,105
2009,6,Districte VI,11,el Gornal,622,00-02,6,13,19
2003,1,Districte I,3,Sant Josep,122,18-24,40,36,76
1996,4,Districte IV,8,les Planes,438,25-34,71,86,157
2004,2,Districte II,5,Collblanc,244,12-15,11,8,19
2004,2,Districte II,4,la Torrassa,240,12-15,7,15,22
2015,4,Districte IV,7,la Florida,404,16-17,16,14,30
2008,5,Districte V,10,Pubilla Cases,534,50-64,85,77,162
2007,2,Districte II,4,la Torrassa,235,35-49,179,188,367
2001,1,Districte I,3,Sant Josep,117,50-64,174,182,356
2008,1,Districte I,3,Sant Josep,136,50-64,119,104,223
2014,3,Districte III,6,Santa Eulàlia,317,65-74,33,32,65
2011,3,Districte III,6,Santa Eulàlia,312,00-02,28,34,62
1995,1,Districte I,3,Sant Josep,125,03-11,51,41,92
2011,2,Districte II,4,la Torrassa,238,75 i +,66,40,106
1998,1,Districte I,3,Sant Josep,137,12-15,28,27,55
2005,4,Districte IV,8,les Planes,442,12-15,13,11,24
2000,2,Districte II,5,Collblanc,226,18-24,54,57,111
1995,2,Districte II,5,Collblanc,209,35-49,84,87,171
2010,5,Districte V,10,Pubilla Cases,509,03-11,40,37,77
2015,2,Districte II,4,la Torrassa,232,16-17,9,15,24
2011,5,Districte V,9,Can Serra,504,65-74,90,82,172
2011,6,Districte VI,12,Bellvitge,613,35-49,147,171,318
2006,2,Districte II,4,la Torrassa,239,00-02,18,16,34
1998,2,Districte II,4,la Torrassa,233,75 i +,70,35,105
1996,4,Districte IV,7,la Florida,428,00-02,5,7,12
2000,2,Districte II,4,la Torrassa,243,03-11,43,55,98
2005,2,Districte II,4,la Torrassa,232,75 i +,66,32,98
1999,5,Districte V,9,Can Serra,535,75 i +,37,25,62
2004,2,Districte II,5,Collblanc,209,35-49,114,124,238
2009,5,Districte V,9,Can Serra,505,03-11,29,35,64
2015,3,Districte III,6,Santa Eulàlia,316,12-15,21,31,52
1995,1,Districte I,1,Centre,103,16-17,8,11,19
2006,5,Districte V,9,Can Serra,502,50-64,155,149,304
2010,6,Districte VI,12,Bellvitge,603,18-24,15,25,40
2008,2,Districte II,4,la Torrassa,247,12-15,18,26,44
2006,2,Districte II,4,la Torrassa,231,12-15,13,18,31
2006,3,Districte III,6,Santa Eulàlia,310,50-64,85,94,179
1998,6,Districte VI,12,Bellvitge,631,65-74,46,44,90
1995,2,Districte II,5,Collblanc,213,00-02,7,6,13
2005,4,Districte IV,8,les Planes,429,03-11,20,21,41
1994,4,Districte IV,7,la Florida,404,50-64,161,146,307
2001,1,Districte I,2,Sanfeliu,116,35-49,160,145,305
2007,5,Districte V,10,Pubilla Cases,533,00-02,20,18,38
1999,1,Districte I,3,Sant Josep,122,75 i +,39,27,66
2015,6,Districte VI,12,Bellvitge,607,65-74,76,32,108
1996,2,Districte II,4,la Torrassa,230,12-15,10,8,18
2003,2,Districte II,4,la Torrassa,230,25-34,81,72,153
2000,4,Districte IV,8,les Planes,434,35-49,56,52,108
2014,6,Districte VI,12,Bellvitge,602,75 i +,65,59,124
2015,2,Districte II,5,Collblanc,205,65-74,50,34,84
1997,4,Districte IV,7,la Florida,428,00-02,3,4,7
1998,3,Districte III,6,Santa Eulàlia,322,25-34,103,104,207
1995,2,Districte II,5,Collblanc,214,35-49,48,54,102
2009,1,Districte I,3,Sant Josep,106,18-24,72,73,145
1996,5,Districte V,10,Pubilla Cases,512,75 i +,34,16,50
2013,1,Districte I,1,Centre,104,65-74,42,34,76
1994,6,Districte VI,12,Bellvitge,628,50-64,119,140,259
2010,6,Districte VI,12,Bellvitge,606,03-11,47,47,94
2015,1,Districte I,1,Centre,131,16-17,9,4,13
2009,2,Districte II,5,Collblanc,213,35-49,126,131,257
2007,5,Districte V,10,Pubilla Cases,525,12-15,17,12,29
2001,1,Districte I,1,Centre,112,35-49,188,166,354
1997,1,Districte I,1,Centre,108,35-49,147,137,284
2005,4,Districte IV,7,la Florida,421,03-11,36,45,81
1996,2,Districte II,4,la Torrassa,232,12-15,10,15,25
1995,1,Districte I,1,Centre,107,00-02,16,13,29
1996,5,Districte V,10,Pubilla Cases,538,12-15,19,22,41
2010,6,Districte VI,11,el Gornal,608,18-24,24,34,58
2007,6,Districte VI,12,Bellvitge,618,03-11,29,37,66
1995,4,Districte IV,8,les Planes,438,12-15,13,19,32
2007,6,Districte VI,12,Bellvitge,606,00-02,17,17,34
1997,3,Districte III,6,Santa Eulàlia,321,65-74,88,74,162
2001,6,Districte VI,12,Bellvitge,613,16-17,6,8,14
2006,5,Districte V,10,Pubilla Cases,533,75 i +,38,32,70
1998,6,Districte VI,11,el Gornal,608,50-64,105,79,184
2010,6,Districte VI,12,Bellvitge,628,50-64,110,82,192
2007,6,Districte VI,12,Bellvitge,611,65-74,112,115,227
2002,2,Districte II,5,Collblanc,213,16-17,11,13,24
1996,4,Districte IV,7,la Florida,422,35-49,89,104,193
1999,2,Districte II,4,la Torrassa,240,35-49,53,58,111
2000,2,Districte II,5,Collblanc,220,35-49,77,76,153
2010,5,Districte V,10,Pubilla Cases,526,35-49,84,82,166
2012,3,Districte III,6,Santa Eulàlia,309,18-24,39,29,68
2007,4,Districte IV,7,la Florida,428,12-15,7,15,22
1999,4,Districte IV,7,la Florida,409,03-11,14,21,35
1998,5,Districte V,10,Pubilla Cases,536,65-74,77,68,145
1994,6,Districte VI,12,Bellvitge,604,25-34,72,76,148
2000,6,Districte VI,11,el Gornal,608,18-24,57,61,118
2012,4,Districte IV,7,la Florida,431,03-11,84,78,162
2002,5,Districte V,10,Pubilla Cases,515,50-64,48,45,93
2001,6,Districte VI,12,Bellvitge,612,00-02,10,9,19
2006,5,Districte V,10,Pubilla Cases,524,50-64,99,85,184
2010,5,Districte V,10,Pubilla Cases,525,00-02,19,24,43
2014,4,Districte IV,8,les Planes,437,18-24,52,55,107
2008,1,Districte I,1,Centre,130,35-49,134,139,273
2007,5,Districte V,10,Pubilla Cases,533,03-11,37,41,78
1998,3,Districte III,6,Santa Eulàlia,311,16-17,11,14,25
2002,6,Districte VI,12,Bellvitge,601,35-49,122,124,246
1996,3,Districte III,6,Santa Eulàlia,313,03-11,90,81,171
1997,6,Districte VI,11,el Gornal,616,00-02,19,19,38
2006,1,Districte I,3,Sant Josep,137,00-02,31,19,50
2011,4,Districte IV,8,les Planes,433,00-02,21,34,55
2004,6,Districte VI,12,Bellvitge,611,03-11,62,62,124
2011,3,Districte III,6,Santa Eulàlia,316,18-24,102,97,199
2002,3,Districte III,6,Santa Eulàlia,303,75 i +,74,46,120
1995,1,Districte I,3,Sant Josep,122,16-17,8,12,20
2004,4,Districte IV,7,la Florida,404,00-02,18,19,37
1997,5,Districte V,10,Pubilla Cases,514,75 i +,32,13,45
2003,2,Districte II,5,Collblanc,227,75 i +,45,25,70
2005,2,Districte II,4,la Torrassa,249,12-15,21,23,44
2006,3,Districte III,6,Santa Eulàlia,308,00-02,35,35,70
2011,6,Districte VI,11,el Gornal,626,65-74,70,52,122
2006,2,Districte II,5,Collblanc,227,65-74,39,26,65
2014,2,Districte II,5,Collblanc,207,03-11,75,75,150
2001,3,Districte III,6,Santa Eulàlia,313,65-74,80,77,157
2009,1,Districte I,1,Centre,108,25-34,120,114,234
1996,2,Districte II,5,Collblanc,219,16-17,10,9,19
1995,2,Districte II,4,la Torrassa,229,25-34,57,48,105
2007,2,Districte II,5,Collblanc,226,50-64,98,81,179
2012,4,Districte IV,8,les Planes,401,03-11,44,57,101
2005,3,Districte III,6,Santa Eulàlia,313,03-11,72,77,149
2004,3,Districte III,6,Santa Eulàlia,304,00-02,20,16,36
2007,4,Districte IV,7,la Florida,412,25-34,139,193,332
2012,4,Districte IV,8,les Planes,435,50-64,83,80,163
2005,3,Districte III,6,Santa Eulàlia,317,00-02,23,11,34
2007,2,Districte II,4,la Torrassa,249,16-17,11,11,22
2007,3,Districte III,6,Santa Eulàlia,301,16-17,16,29,45
2012,5,Districte V,10,Pubilla Cases,530,50-64,102,99,201
2003,4,Districte IV,7,la Florida,404,25-34,126,148,274
2012,6,Districte VI,12,Bellvitge,605,35-49,73,79,152
2010,6,Districte VI,11,el Gornal,617,35-49,103,114,217
2014,3,Districte III,13,Granvia Sud,320,16-17,10,11,21
1995,6,Districte VI,12,Bellvitge,620,35-49,73,62,135
1999,4,Districte IV,7,la Florida,403,50-64,156,140,296
2005,6,Districte VI,12,Bellvitge,614,16-17,10,14,24
2012,4,Districte IV,7,la Florida,407,75 i +,91,51,142
2011,5,Districte V,9,Can Serra,503,03-11,24,22,46
2011,2,Districte II,5,Collblanc,201,18-24,22,31,53
2001,1,Districte I,2,Sanfeliu,118,75 i +,42,22,64
2011,3,Districte III,6,Santa Eulàlia,302,00-02,20,29,49
2010,5,Districte V,10,Pubilla Cases,513,25-34,63,73,136
2006,4,Districte IV,8,les Planes,442,18-24,23,26,49
1994,5,Districte V,10,Pubilla Cases,524,75 i +,50,28,78
1994,6,Districte VI,12,Bellvitge,620,25-34,41,57,98
2002,1,Districte I,3,Sant Josep,126,16-17,7,6,13
2006,2,Districte II,4,la Torrassa,234,16-17,7,7,14
2016,3,Districte III,6,Santa Eulàlia,301,16-17,20,18,38
2010,4,Districte IV,7,la Florida,409,35-49,87,98,185
2014,1,Districte I,1,Centre,101,16-17,21,19,40
2011,5,Districte V,10,Pubilla Cases,529,00-02,18,21,39
1997,2,Districte II,5,Collblanc,227,75 i +,43,19,62
2015,4,Districte IV,8,les Planes,401,03-11,38,57,95
1997,4,Districte IV,7,la Florida,421,50-64,152,122,274
2000,2,Districte II,5,Collblanc,206,25-34,62,72,134
2011,3,Districte III,6,Santa Eulàlia,307,16-17,8,5,13
2001,5,Districte V,10,Pubilla Cases,519,18-24,20,26,46
2014,2,Districte II,5,Collblanc,212,25-34,104,106,210
2000,5,Districte V,10,Pubilla Cases,525,35-49,69,71,140
2004,6,Districte VI,11,el Gornal,632,50-64,90,85,175
2005,6,Districte VI,12,Bellvitge,619,25-34,86,112,198
1995,5,Districte V,10,Pubilla Cases,538,25-34,100,91,191
2002,4,Districte IV,7,la Florida,411,03-11,24,24,48
1994,5,Districte V,9,Can Serra,521,75 i +,33,12,45
2000,1,Districte I,3,Sant Josep,114,50-64,209,189,398
1998,2,Districte II,5,Collblanc,224,25-34,44,53,97
2011,4,Districte IV,7,la Florida,406,35-49,142,169,311
1999,5,Districte V,10,Pubilla Cases,514,65-74,48,39,87
2002,5,Districte V,9,Can Serra,505,25-34,138,162,300
1994,3,Districte III,6,Santa Eulàlia,322,03-11,49,49,98
2002,4,Districte IV,8,les Planes,419,00-02,16,22,38
2005,4,Districte IV,7,la Florida,413,03-11,23,18,41
2016,5,Districte V,10,Pubilla Cases,530,75 i +,89,74,163
2008,2,Districte II,5,Collblanc,219,25-34,108,135,243
2006,2,Districte II,4,la Torrassa,236,00-02,7,15,22
1995,6,Districte VI,12,Bellvitge,607,75 i +,26,9,35
1994,6,Districte VI,12,Bellvitge,612,75 i +,28,12,40
2007,4,Districte IV,7,la Florida,431,03-11,75,72,147
1994,5,Districte V,10,Pubilla Cases,517,00-02,12,13,25
1995,2,Districte II,5,Collblanc,212,65-74,76,62,138
2001,2,Districte II,4,la Torrassa,229,03-11,26,28,54
1994,5,Districte V,9,Can Serra,535,18-24,94,112,206
2008,3,Districte III,6,Santa Eulàlia,323,03-11,145,126,271
2011,4,Districte IV,8,les Planes,419,18-24,37,38,75
2012,2,Districte II,5,Collblanc,219,35-49,182,168,350
2001,2,Districte II,4,la Torrassa,248,12-15,20,20,40
1999,4,Districte IV,7,la Florida,410,03-11,38,55,93
1996,2,Districte II,4,la Torrassa,241,16-17,12,5,17
2012,6,Districte VI,12,Bellvitge,615,03-11,36,22,58
1997,4,Districte IV,7,la Florida,410,65-74,110,108,218
2002,4,Districte IV,8,les Planes,429,65-74,49,29,78
2000,2,Districte II,5,Collblanc,215,03-11,22,24,46
1998,2,Districte II,4,la Torrassa,241,12-15,13,9,22
2013,2,Districte II,4,la Torrassa,217,16-17,15,16,31
1999,3,Districte III,6,Santa Eulàlia,317,00-02,13,13,26
2002,2,Districte II,4,la Torrassa,231,03-11,35,26,61
1995,2,Districte II,5,Collblanc,244,03-11,18,13,31
2001,2,Districte II,4,la Torrassa,248,35-49,115,130,245
2012,2,Districte II,5,Collblanc,222,75 i +,39,27,66
2006,1,Districte I,1,Centre,103,35-49,80,82,162
2015,2,Districte II,5,Collblanc,202,03-11,79,78,157
2010,1,Districte I,1,Centre,130,12-15,12,19,31
2005,5,Districte V,10,Pubilla Cases,516,12-15,10,14,24
1998,1,Districte I,2,Sanfeliu,116,00-02,19,16,35
1999,3,Districte III,6,Santa Eulàlia,315,12-15,30,29,59
2001,4,Districte IV,8,les Planes,438,65-74,45,46,91
2007,1,Districte I,3,Sant Josep,140,00-02,7,17,24
1999,4,Districte IV,7,la Florida,427,18-24,50,44,94
1996,2,Districte II,4,la Torrassa,234,75 i +,69,30,99
2014,5,Districte V,9,Can Serra,506,50-64,206,144,350
2011,5,Districte V,9,Can Serra,506,65-74,113,133,246
2003,6,Districte VI,11,el Gornal,626,03-11,29,38,67
1995,5,Districte V,10,Pubilla Cases,514,25-34,66,69,135
2016,2,Districte II,4,la Torrassa,237,00-02,12,23,35
1997,6,Districte VI,12,Bellvitge,607,50-64,162,150,312
1999,1,Districte I,3,Sant Josep,127,16-17,11,5,16
2005,4,Districte IV,7,la Florida,422,00-02,10,17,27
2009,4,Districte IV,7,la Florida,424,12-15,6,14,20
2014,5,Districte V,10,Pubilla Cases,531,75 i +,46,35,81
2015,2,Districte II,4,la Torrassa,229,50-64,147,139,286
2002,1,Districte I,1,Centre,105,75 i +,47,26,73
2011,4,Districte IV,7,la Florida,407,25-34,83,90,173
2008,2,Districte II,5,Collblanc,225,18-24,23,27,50
2000,1,Districte I,3,Sant Josep,136,00-02,9,16,25
1998,4,Districte IV,8,les Planes,418,16-17,12,5,17
2014,5,Districte V,10,Pubilla Cases,508,12-15,23,21,44
2014,1,Districte I,1,Centre,134,65-74,70,58,128
2007,5,Districte V,10,Pubilla Cases,511,50-64,42,49,91
2005,3,Districte III,6,Santa Eulàlia,309,00-02,9,25,34
2008,4,Districte IV,7,la Florida,407,00-02,19,15,34
2001,1,Districte I,1,Centre,133,50-64,86,78,164
1997,4,Districte IV,7,la Florida,410,03-11,41,39,80
2015,2,Districte II,5,Collblanc,223,16-17,15,8,23
1997,5,Districte V,10,Pubilla Cases,530,50-64,146,131,277
2009,2,Districte II,4,la Torrassa,245,75 i +,79,38,117
2016,4,Districte IV,8,les Planes,420,18-24,97,86,183
2013,5,Districte V,10,Pubilla Cases,538,35-49,162,151,313
2016,1,Districte I,3,Sant Josep,120,35-49,193,187,380
2012,6,Districte VI,12,Bellvitge,601,75 i +,64,59,123
2001,6,Districte VI,12,Bellvitge,603,35-49,52,50,102
2004,6,Districte VI,12,Bellvitge,606,65-74,70,73,143
2001,3,Districte III,6,Santa Eulàlia,311,50-64,130,107,237
1994,5,Districte V,10,Pubilla Cases,513,03-11,26,22,48
2003,5,Districte V,10,Pubilla Cases,515,35-49,67,65,132
2012,6,Districte VI,11,el Gornal,622,65-74,41,44,85
2009,6,Districte VI,12,Bellvitge,628,25-34,65,78,143
2014,1,Districte I,3,Sant Josep,136,16-17,7,15,22
1998,2,Districte II,5,Collblanc,206,65-74,58,56,114
2003,1,Districte I,1,Centre,128,16-17,7,7,14
1997,6,Districte VI,12,Bellvitge,613,25-34,151,162,313
2011,2,Districte II,5,Collblanc,206,25-34,59,94,153
1996,4,Districte IV,7,la Florida,431,35-49,125,128,253
1996,6,Districte VI,12,Bellvitge,630,75 i +,23,7,30
1998,2,Districte II,5,Collblanc,208,35-49,180,169,349
2014,4,Districte IV,8,les Planes,440,16-17,4,5,9
1997,1,Districte I,1,Centre,128,00-02,8,13,21
1995,3,Districte III,6,Santa Eulàlia,323,03-11,129,137,266
2001,6,Districte VI,12,Bellvitge,618,50-64,72,69,141
2000,6,Districte VI,11,el Gornal,617,25-34,99,122,221
2008,3,Districte III,6,Santa Eulàlia,324,03-11,52,53,105
1997,2,Districte II,5,Collblanc,223,75 i +,53,26,79
2016,4,Districte IV,7,la Florida,416,16-17,11,18,29
2000,5,Districte V,10,Pubilla Cases,517,00-02,9,15,24
2001,2,Districte II,4,la Torrassa,242,18-24,36,45,81
2010,5,Districte V,10,Pubilla Cases,516,18-24,32,36,68
1998,5,Districte V,9,Can Serra,503,65-74,31,16,47
2013,6,Districte VI,12,Bellvitge,611,12-15,30,28,58
1999,3,Districte III,6,Santa Eulàlia,307,35-49,206,171,377
2013,2,Districte II,5,Collblanc,202,75 i +,80,56,136
2000,2,Districte II,5,Collblanc,210,25-34,62,65,127
2012,6,Districte VI,12,Bellvitge,615,65-74,99,85,184
2000,5,Districte V,10,Pubilla Cases,514,03-11,22,21,43
2005,4,Districte IV,8,les Planes,436,03-11,45,41,86
2006,2,Districte II,5,Collblanc,201,75 i +,37,29,66
2014,5,Districte V,9,Can Serra,507,50-64,79,63,142
1997,6,Districte VI,12,Bellvitge,601,18-24,107,130,237
2006,4,Districte IV,7,la Florida,406,25-34,112,146,258
1998,5,Districte V,9,Can Serra,505,50-64,228,228,456
2006,4,Districte IV,7,la Florida,412,16-17,9,16,25
1998,5,Districte V,10,Pubilla Cases,508,65-74,42,35,77
2010,4,Districte IV,7,la Florida,417,03-11,29,33,62
1996,1,Districte I,3,Sant Josep,119,50-64,132,153,285
2001,2,Districte II,5,Collblanc,203,35-49,73,88,161
2000,6,Districte VI,12,Bellvitge,612,25-34,112,132,244
2004,2,Districte II,4,la Torrassa,245,18-24,42,51,93
2008,2,Districte II,4,la Torrassa,240,65-74,36,35,71
2007,5,Districte V,10,Pubilla Cases,511,35-49,84,81,165
2010,2,Districte II,5,Collblanc,225,25-34,46,53,99
2006,5,Districte V,9,Can Serra,506,75 i +,71,47,118
2005,4,Districte IV,7,la Florida,411,35-49,95,106,201
2009,4,Districte IV,7,la Florida,408,03-11,33,39,72
2001,6,Districte VI,12,Bellvitge,618,75 i +,21,15,36
2007,1,Districte I,1,Centre,133,25-34,84,94,178
2012,2,Districte II,5,Collblanc,214,00-02,16,17,33
1996,4,Districte IV,8,les Planes,436,75 i +,28,17,45
1998,1,Districte I,1,Centre,102,18-24,111,134,245
2015,4,Districte IV,8,les Planes,441,50-64,244,212,456
2011,5,Districte V,10,Pubilla Cases,519,16-17,7,5,12
2014,2,Districte II,5,Collblanc,204,18-24,67,62,129
1996,6,Districte VI,12,Bellvitge,614,00-02,10,12,22
2008,3,Districte III,6,Santa Eulàlia,323,18-24,128,108,236
2003,3,Districte III,6,Santa Eulàlia,322,75 i +,46,32,78
2015,4,Districte IV,7,la Florida,422,18-24,61,39,100
1995,2,Districte II,4,la Torrassa,235,16-17,13,19,32
1999,4,Districte IV,8,les Planes,440,16-17,7,6,13
2013,1,Districte I,2,Sanfeliu,116,25-34,79,74,153
2005,6,Districte VI,12,Bellvitge,621,03-11,47,61,108
2006,5,Districte V,9,Can Serra,503,16-17,3,9,12
2003,2,Districte II,4,la Torrassa,230,16-17,6,6,12
2005,1,Districte I,3,Sant Josep,126,35-49,75,72,147
2002,6,Districte VI,12,Bellvitge,606,25-34,103,84,187
1997,2,Districte II,5,Collblanc,204,03-11,10,23,33
2014,3,Districte III,6,Santa Eulàlia,304,75 i +,109,59,168
2014,6,Districte VI,12,Bellvitge,605,65-74,164,115,279
1994,2,Districte II,5,Collblanc,220,65-74,63,47,110
2004,1,Districte I,1,Centre,134,12-15,24,17,41
1994,4,Districte IV,7,la Florida,432,00-02,10,10,20
2004,5,Districte V,9,Can Serra,504,03-11,24,28,52
2003,2,Districte II,4,la Torrassa,228,03-11,28,22,50
1997,1,Districte I,1,Centre,103,16-17,8,14,22
2010,4,Districte IV,8,les Planes,419,65-74,51,34,85
2005,6,Districte VI,12,Bellvitge,614,00-02,11,12,23
2001,4,Districte IV,7,la Florida,410,25-34,120,135,255
2000,3,Districte III,6,Santa Eulàlia,317,75 i +,49,28,77
1997,3,Districte III,6,Santa Eulàlia,315,75 i +,50,20,70
2006,2,Districte II,4,la Torrassa,239,35-49,141,150,291
2004,4,Districte IV,7,la Florida,416,03-11,36,34,70
2003,5,Districte V,10,Pubilla Cases,533,03-11,36,25,61
2011,3,Districte III,6,Santa Eulàlia,307,65-74,97,86,183
2016,4,Districte IV,8,les Planes,441,50-64,243,205,448
2008,2,Districte II,4,la Torrassa,229,03-11,38,24,62
1996,6,Districte VI,12,Bellvitge,625,75 i +,16,10,26
2002,1,Districte I,1,Centre,101,75 i +,27,20,47
2003,1,Districte I,3,Sant Josep,126,03-11,32,27,59
1999,5,Districte V,9,Can Serra,521,50-64,154,195,349
2011,1,Districte I,1,Centre,102,75 i +,103,60,163
2004,1,Districte I,3,Sant Josep,119,25-34,92,117,209
2002,1,Districte I,1,Centre,124,25-34,69,69,138
2003,1,Districte I,1,Centre,102,35-49,157,155,312
2009,2,Districte II,5,Collblanc,206,18-24,38,33,71
2002,3,Districte III,6,Santa Eulàlia,313,00-02,27,29,56
2013,3,Districte III,6,Santa Eulàlia,315,03-11,84,84,168
2005,2,Districte II,5,Collblanc,213,18-24,48,50,98
1996,6,Districte VI,12,Bellvitge,628,03-11,38,37,75
2004,2,Districte II,4,la Torrassa,241,16-17,5,7,12
1995,4,Districte IV,7,la Florida,412,03-11,67,63,130
2005,6,Districte VI,11,el Gornal,608,25-34,62,83,145
1995,1,Districte I,1,Centre,135,25-34,121,124,245
2007,4,Districte IV,7,la Florida,425,03-11,30,43,73
2002,1,Districte I,1,Centre,110,03-11,32,39,71
2003,2,Districte II,5,Collblanc,206,25-34,79,101,180
1996,1,Districte I,1,Centre,134,35-49,147,142,289
1994,6,Districte VI,11,el Gornal,608,16-17,28,29,57
1999,2,Districte II,5,Collblanc,210,75 i +,60,38,98
1999,1,Districte I,1,Centre,102,18-24,96,115,211
2006,4,Districte IV,8,les Planes,436,18-24,54,47,101
1998,2,Districte II,5,Collblanc,205,50-64,84,71,155
1998,6,Districte VI,12,Bellvitge,615,75 i +,20,12,32
1994,3,Districte III,6,Santa Eulàlia,319,18-24,35,42,77
2007,6,Districte VI,12,Bellvitge,620,35-49,61,55,116
2002,1,Districte I,3,Sant Josep,121,03-11,40,47,87
2007,6,Districte VI,11,el Gornal,616,25-34,212,201,413
1995,5,Districte V,9,Can Serra,503,35-49,131,136,267
2014,3,Districte III,6,Santa Eulàlia,305,35-49,175,177,352
1998,5,Districte V,10,Pubilla Cases,525,16-17,7,10,17
1998,4,Districte IV,8,les Planes,418,00-02,7,16,23
1999,1,Districte I,1,Centre,134,00-02,15,19,34
2008,4,Districte IV,7,la Florida,423,75 i +,66,41,107
1995,1,Districte I,2,Sanfeliu,132,00-02,20,20,40
2000,1,Districte I,3,Sant Josep,115,35-49,148,147,295
2015,2,Districte II,4,la Torrassa,243,50-64,139,145,284
2009,4,Districte IV,7,la Florida,406,03-11,41,59,100
2009,4,Districte IV,7,la Florida,404,00-02,31,30,61
2007,1,Districte I,1,Centre,133,16-17,4,9,13
2002,6,Districte VI,12,Bellvitge,603,65-74,22,22,44
1998,1,Districte I,1,Centre,134,35-49,144,134,278
2012,3,Districte III,6,Santa Eulàlia,302,18-24,46,37,83
2008,3,Districte III,6,Santa Eulàlia,311,35-49,160,189,349
2007,1,Districte I,1,Centre,123,75 i +,92,62,154
2009,2,Districte II,5,Collblanc,222,00-02,21,16,37
2007,6,Districte VI,12,Bellvitge,613,12-15,14,18,32
1998,2,Districte II,5,Collblanc,221,18-24,65,64,129
2013,3,Districte III,6,Santa Eulàlia,323,00-02,17,24,41
1997,2,Districte II,5,Collblanc,216,25-34,87,95,182
1999,2,Districte II,5,Collblanc,225,35-49,43,39,82
1994,5,Districte V,10,Pubilla Cases,531,18-24,61,63,124
1995,5,Districte V,10,Pubilla Cases,526,25-34,65,74,139
1995,2,Districte II,4,la Torrassa,239,75 i +,64,27,91
2015,3,Districte III,6,Santa Eulàlia,302,12-15,12,19,31
2004,4,Districte IV,8,les Planes,441,18-24,106,113,219
2015,4,Districte IV,7,la Florida,416,35-49,178,185,363
2011,5,Districte V,10,Pubilla Cases,529,75 i +,91,65,156
2008,2,Districte II,5,Collblanc,212,50-64,102,115,217
1999,5,Districte V,10,Pubilla Cases,536,35-49,65,68,133
1999,4,Districte IV,8,les Planes,419,50-64,74,74,148
2001,2,Districte II,5,Collblanc,203,75 i +,53,28,81
1998,2,Districte II,5,Collblanc,205,25-34,71,71,142
2003,1,Districte I,1,Centre,128,00-02,5,8,13
2014,2,Districte II,4,la Torrassa,232,35-49,122,131,253
1997,3,Districte III,6,Santa Eulàlia,313,18-24,122,123,245
1999,6,Districte VI,12,Bellvitge,602,65-74,21,30,51
1999,6,Districte VI,12,Bellvitge,611,50-64,234,205,439
1994,6,Districte VI,12,Bellvitge,602,03-11,22,19,41
2009,3,Districte III,6,Santa Eulàlia,308,18-24,66,72,138
2013,3,Districte III,6,Santa Eulàlia,322,65-74,58,47,105
1997,4,Districte IV,7,la Florida,432,25-34,84,86,170
2014,6,Districte VI,11,el Gornal,632,18-24,30,42,72
2010,4,Districte IV,7,la Florida,406,65-74,72,63,135
2007,6,Districte VI,12,Bellvitge,623,00-02,19,28,47
2000,5,Districte V,9,Can Serra,505,18-24,91,83,174
2002,1,Districte I,1,Centre,101,12-15,25,20,45
2016,3,Districte III,6,Santa Eulàlia,325,25-34,86,76,162
1998,4,Districte IV,7,la Florida,407,75 i +,33,28,61
2008,1,Districte I,2,Sanfeliu,118,12-15,27,35,62
2000,1,Districte I,3,Sant Josep,126,03-11,23,19,42
1999,4,Districte IV,7,la Florida,404,75 i +,54,33,87
2006,4,Districte IV,7,la Florida,412,75 i +,70,55,125
2006,3,Districte III,6,Santa Eulàlia,314,12-15,36,55,91
2005,4,Districte IV,7,la Florida,422,50-64,91,78,169
2004,3,Districte III,6,Santa Eulàlia,310,25-34,95,111,206
1997,2,Districte II,4,la Torrassa,218,50-64,74,72,146
1994,6,Districte VI,12,Bellvitge,619,75 i +,38,18,56
2001,4,Districte IV,8,les Planes,440,65-74,55,54,109
2016,1,Districte I,3,Sant Josep,127,65-74,32,21,53
1995,6,Districte VI,11,el Gornal,632,25-34,93,117,210
1994,4,Districte IV,8,les Planes,439,18-24,65,55,120
2012,6,Districte VI,12,Bellvitge,602,50-64,39,32,71
2004,1,Districte I,1,Centre,128,16-17,7,7,14
2001,2,Districte II,4,la Torrassa,217,50-64,36,39,75
2013,1,Districte I,2,Sanfeliu,129,35-49,139,151,290
2007,2,Districte II,4,la Torrassa,240,16-17,9,7,16
1998,4,Districte IV,7,la Florida,408,03-11,30,18,48
2000,1,Districte I,3,Sant Josep,120,16-17,19,19,38
2000,5,Districte V,9,Can Serra,535,75 i +,38,26,64
2010,6,Districte VI,12,Bellvitge,625,50-64,201,178,379
2003,4,Districte IV,7,la Florida,409,16-17,2,6,8
1996,2,Districte II,5,Collblanc,202,16-17,12,11,23
2009,4,Districte IV,8,les Planes,438,25-34,74,89,163
2012,6,Districte VI,12,Bellvitge,625,00-02,11,16,27
2013,4,Districte IV,7,la Florida,416,03-11,77,80,157
2009,2,Districte II,4,la Torrassa,249,18-24,48,54,102
2008,4,Districte IV,7,la Florida,409,50-64,58,51,109
2000,2,Districte II,4,la Torrassa,233,25-34,60,53,113
2010,1,Districte I,3,Sant Josep,137,75 i +,51,34,85
2014,3,Districte III,6,Santa Eulàlia,320,03-11,7,5,12
2009,5,Districte V,10,Pubilla Cases,523,00-02,19,31,50
1995,3,Districte III,6,Santa Eulàlia,306,03-11,52,75,127
2015,4,Districte IV,7,la Florida,423,75 i +,75,58,133
2015,2,Districte II,5,Collblanc,221,00-02,26,29,55
2015,3,Districte III,6,Santa Eulàlia,308,50-64,204,187,391
2009,2,Districte II,4,la Torrassa,235,65-74,84,58,142
1999,4,Districte IV,8,les Planes,419,75 i +,42,19,61
2013,6,Districte VI,12,Bellvitge,611,75 i +,92,64,156
2000,3,Districte III,6,Santa Eulàlia,310,12-15,25,21,46
2010,3,Districte III,6,Santa Eulàlia,318,00-02,6,9,15
2011,5,Districte V,10,Pubilla Cases,519,50-64,41,26,67
1995,4,Districte IV,8,les Planes,419,18-24,48,56,104
2000,4,Districte IV,7,la Florida,411,50-64,115,113,228
1998,1,Districte I,1,Centre,123,03-11,46,51,97
2003,1,Districte I,3,Sant Josep,140,50-64,103,88,191
1996,5,Districte V,9,Can Serra,501,25-34,65,71,136
1995,3,Districte III,6,Santa Eulàlia,305,75 i +,64,38,102
1997,5,Districte V,10,Pubilla Cases,513,50-64,102,91,193
2000,2,Districte II,5,Collblanc,222,25-34,76,75,151
2005,4,Districte IV,8,les Planes,437,12-15,18,26,44
2000,4,Districte IV,7,la Florida,407,12-15,8,17,25
2009,5,Districte V,10,Pubilla Cases,537,25-34,96,116,212
2005,2,Districte II,5,Collblanc,224,25-34,61,65,126
2010,5,Districte V,10,Pubilla Cases,523,12-15,23,28,51
1997,3,Districte III,6,Santa Eulàlia,306,35-49,184,172,356
2012,2,Districte II,4,la Torrassa,246,35-49,155,187,342
2007,2,Districte II,5,Collblanc,208,65-74,125,108,233
2001,2,Districte II,5,Collblanc,202,03-11,14,27,41
2006,1,Districte I,3,Sant Josep,117,75 i +,67,38,105
2007,5,Districte V,10,Pubilla Cases,536,00-02,11,11,22
2008,2,Districte II,4,la Torrassa,217,75 i +,44,26,70
1997,4,Districte IV,8,les Planes,442,00-02,9,6,15
1996,1,Districte I,1,Centre,133,03-11,26,36,62
1997,2,Districte II,5,Collblanc,226,50-64,94,88,182
2016,3,Districte III,6,Santa Eulàlia,308,35-49,254,233,487
1995,2,Districte II,4,la Torrassa,217,65-74,48,34,82
2004,5,Districte V,10,Pubilla Cases,519,75 i +,20,23,43
1996,3,Districte III,6,Santa Eulàlia,311,65-74,92,71,163
2000,2,Districte II,4,la Torrassa,217,75 i +,49,13,62
2001,4,Districte IV,7,la Florida,421,65-74,95,80,175
2012,4,Districte IV,7,la Florida,432,75 i +,69,50,119
1998,4,Districte IV,8,les Planes,441,12-15,72,58,130
2013,1,Districte I,1,Centre,102,50-64,141,124,265
2011,2,Districte II,5,Collblanc,204,35-49,80,87,167
2000,2,Districte II,4,la Torrassa,232,16-17,5,8,13
2001,1,Districte I,1,Centre,110,12-15,23,19,42
1997,5,Districte V,10,Pubilla Cases,527,25-34,78,88,166
2014,2,Districte II,4,la Torrassa,248,65-74,44,36,80
2006,5,Districte V,9,Can Serra,505,00-02,9,16,25
2011,2,Districte II,4,la Torrassa,234,65-74,39,31,70
1998,2,Districte II,5,Collblanc,206,35-49,71,74,145
1997,6,Districte VI,12,Bellvitge,620,35-49,72,66,138
2013,2,Districte II,4,la Torrassa,229,75 i +,99,55,154
1997,6,Districte VI,12,Bellvitge,604,35-49,65,68,133
2007,4,Districte IV,7,la Florida,412,16-17,11,12,23
2007,1,Districte I,1,Centre,135,03-11,57,53,110
1994,5,Districte V,10,Pubilla Cases,510,18-24,91,81,172
2008,6,Districte VI,12,Bellvitge,607,18-24,37,33,70
2006,3,Districte III,6,Santa Eulàlia,318,75 i +,24,13,37
1996,2,Districte II,5,Collblanc,220,12-15,14,12,26
1995,6,Districte VI,12,Bellvitge,605,25-34,71,68,139
2013,2,Districte II,4,la Torrassa,217,12-15,16,24,40
1995,6,Districte VI,12,Bellvitge,619,18-24,102,100,202
2005,2,Districte II,4,la Torrassa,246,35-49,108,144,252
2008,5,Districte V,9,Can Serra,502,16-17,13,11,24
2006,6,Districte VI,12,Bellvitge,612,12-15,16,15,31
2016,2,Districte II,4,la Torrassa,233,12-15,12,18,30
2016,4,Districte IV,7,la Florida,430,65-74,37,27,64
1995,1,Districte I,1,Centre,133,03-11,29,31,60
1996,3,Districte III,6,Santa Eulàlia,322,16-17,15,23,38
2004,5,Districte V,10,Pubilla Cases,518,03-11,41,34,75
1999,5,Districte V,10,Pubilla Cases,509,16-17,8,6,14
2007,6,Districte VI,11,el Gornal,632,16-17,9,10,19
2010,2,Districte II,5,Collblanc,203,12-15,12,11,23
2013,3,Districte III,6,Santa Eulàlia,324,16-17,12,7,19
2013,2,Districte II,5,Collblanc,204,50-64,123,114,237
2003,4,Districte IV,8,les Planes,401,03-11,54,45,99
2014,1,Districte I,3,Sant Josep,117,12-15,35,34,69
2004,1,Districte I,1,Centre,102,50-64,200,179,379
2010,1,Districte I,3,Sant Josep,115,16-17,4,13,17
2003,6,Districte VI,12,Bellvitge,624,25-34,101,149,250
2008,5,Districte V,9,Can Serra,521,35-49,85,98,183
1994,2,Districte II,4,la Torrassa,218,65-74,39,30,69
2008,6,Districte VI,11,el Gornal,629,75 i +,36,17,53
2007,4,Districte IV,8,les Planes,420,25-34,155,170,325
2007,4,Districte IV,8,les Planes,439,18-24,52,61,113
2000,3,Districte III,6,Santa Eulàlia,321,16-17,27,22,49
1999,3,Districte III,6,Santa Eulàlia,325,18-24,102,113,215
2006,2,Districte II,4,la Torrassa,248,18-24,53,50,103
2007,2,Districte II,5,Collblanc,209,16-17,9,14,23
2011,6,Districte VI,12,Bellvitge,624,65-74,82,104,186
1997,3,Districte III,6,Santa Eulàlia,308,35-49,156,141,297
2002,1,Districte I,1,Centre,107,50-64,176,175,351
2010,5,Districte V,9,Can Serra,521,75 i +,56,41,97
1994,4,Districte IV,7,la Florida,406,35-49,150,156,306
2004,1,Districte I,1,Centre,113,18-24,88,81,169
2016,6,Districte VI,11,el Gornal,632,18-24,30,32,62
2001,1,Districte I,1,Centre,134,35-49,144,120,264
1997,4,Districte IV,8,les Planes,441,18-24,122,129,251
2006,5,Districte V,10,Pubilla Cases,528,75 i +,60,42,102
2003,5,Districte V,9,Can Serra,505,35-49,98,97,195
2016,3,Districte III,6,Santa Eulàlia,323,25-34,92,110,202
2008,6,Districte VI,12,Bellvitge,610,65-74,86,113,199
2010,4,Districte IV,7,la Florida,409,65-74,38,27,65
1999,6,Districte VI,12,Bellvitge,624,25-34,106,127,233
2008,6,Districte VI,12,Bellvitge,606,65-74,79,57,136
1996,2,Districte II,5,Collblanc,219,00-02,7,8,15
2016,6,Districte VI,12,Bellvitge,610,75 i +,82,77,159
2016,2,Districte II,5,Collblanc,220,03-11,84,75,159
2009,1,Districte I,3,Sant Josep,114,25-34,124,120,244
2002,2,Districte II,5,Collblanc,215,12-15,7,12,19
2002,1,Districte I,3,Sant Josep,122,00-02,8,14,22
2005,2,Districte II,4,la Torrassa,238,12-15,12,10,22
2003,5,Districte V,10,Pubilla Cases,536,50-64,88,71,159
2000,1,Districte I,3,Sant Josep,122,00-02,11,17,28
2014,6,Districte VI,12,Bellvitge,618,25-34,46,55,101
1999,2,Districte II,4,la Torrassa,236,03-11,32,23,55
2015,6,Districte VI,12,Bellvitge,606,65-74,54,32,86
2003,5,Districte V,10,Pubilla Cases,513,65-74,61,50,111
1994,2,Districte II,5,Collblanc,213,18-24,51,61,112
2003,1,Districte I,3,Sant Josep,136,75 i +,57,36,93
2007,3,Districte III,6,Santa Eulàlia,309,25-34,108,121,229
2015,5,Districte V,10,Pubilla Cases,510,16-17,6,8,14
2012,5,Districte V,10,Pubilla Cases,515,35-49,84,85,169
2007,1,Districte I,1,Centre,128,16-17,10,14,24
1996,2,Districte II,5,Collblanc,220,00-02,4,5,9
2003,4,Districte IV,7,la Florida,408,18-24,39,42,81
2007,2,Districte II,5,Collblanc,215,18-24,43,28,71
2012,5,Districte V,10,Pubilla Cases,527,16-17,14,9,23
2005,4,Districte IV,7,la Florida,411,18-24,49,45,94
2003,6,Districte VI,11,el Gornal,617,35-49,86,95,181
2012,5,Districte V,10,Pubilla Cases,537,25-34,102,104,206
2011,1,Districte I,3,Sant Josep,136,75 i +,63,35,98
2010,6,Districte VI,11,el Gornal,617,50-64,86,78,164
2012,5,Districte V,10,Pubilla Cases,510,12-15,20,21,41
2000,2,Districte II,4,la Torrassa,239,75 i +,67,57,124
1997,1,Districte I,1,Centre,109,00-02,7,16,23
2012,5,Districte V,10,Pubilla Cases,522,00-02,26,17,43
2002,1,Districte I,3,Sant Josep,140,00-02,14,12,26
2009,3,Districte III,6,Santa Eulàlia,304,75 i +,100,53,153
1999,1,Districte I,3,Sant Josep,121,35-49,63,77,140
2006,4,Districte IV,7,la Florida,412,03-11,57,37,94
1998,3,Districte III,6,Santa Eulàlia,313,16-17,37,32,69
1998,6,Districte VI,12,Bellvitge,611,50-64,228,209,437
2003,3,Districte III,6,Santa Eulàlia,325,75 i +,154,73,227
2016,1,Districte I,3,Sant Josep,125,75 i +,59,64,123
1994,5,Districte V,10,Pubilla Cases,529,25-34,99,107,206
2014,4,Districte IV,8,les Planes,435,12-15,16,16,32
2016,1,Districte I,1,Centre,107,16-17,16,7,23
2016,1,Districte I,3,Sant Josep,122,35-49,128,120,248
1994,3,Districte III,6,Santa Eulàlia,322,12-15,33,42,75
1997,5,Districte V,9,Can Serra,507,18-24,63,64,127
1999,5,Districte V,10,Pubilla Cases,524,35-49,90,101,191
2007,2,Districte II,5,Collblanc,221,35-49,123,133,256
1994,2,Districte II,5,Collblanc,208,65-74,135,110,245
2013,6,Districte VI,12,Bellvitge,601,16-17,13,14,27
2003,4,Districte IV,7,la Florida,408,12-15,19,11,30
1995,5,Districte V,9,Can Serra,503,16-17,24,23,47
2007,4,Districte IV,8,les Planes,419,12-15,19,20,39
2003,4,Districte IV,7,la Florida,421,50-64,119,92,211
2000,6,Districte VI,12,Bellvitge,619,35-49,151,145,296
1994,4,Districte IV,8,les Planes,435,50-64,106,85,191
2016,2,Districte II,4,la Torrassa,245,35-49,137,164,301
2008,3,Districte III,6,Santa Eulàlia,301,65-74,133,117,250
2016,2,Districte II,5,Collblanc,224,50-64,115,94,209
2014,6,Districte VI,12,Bellvitge,610,18-24,29,43,72
1996,4,Districte IV,8,les Planes,439,25-34,117,111,228
2003,6,Districte VI,11,el Gornal,622,75 i +,40,12,52
1999,5,Districte V,10,Pubilla Cases,519,16-17,7,5,12
2013,1,Districte I,1,Centre,134,00-02,21,24,45
1997,1,Districte I,1,Centre,128,03-11,29,40,69
1994,1,Districte I,2,Sanfeliu,118,12-15,74,77,151
2016,2,Districte II,4,la Torrassa,234,03-11,41,39,80
1997,4,Districte IV,8,les Planes,436,35-49,66,76,142
1994,2,Districte II,4,la Torrassa,246,12-15,24,14,38
2006,2,Districte II,5,Collblanc,212,50-64,101,99,200
1997,2,Districte II,5,Collblanc,201,75 i +,38,10,48
1994,3,Districte III,6,Santa Eulàlia,316,03-11,199,219,418
2004,4,Districte IV,7,la Florida,413,50-64,43,37,80
2002,5,Districte V,10,Pubilla Cases,536,03-11,26,25,51
1997,4,Districte IV,7,la Florida,427,65-74,62,57,119
1994,5,Districte V,10,Pubilla Cases,533,03-11,35,42,77
1995,2,Districte II,4,la Torrassa,236,50-64,123,123,246
2004,2,Districte II,4,la Torrassa,243,03-11,52,54,106
2008,3,Districte III,6,Santa Eulàlia,318,12-15,12,21,33
2007,4,Districte IV,7,la Florida,432,65-74,80,62,142
2012,1,Districte I,3,Sant Josep,139,18-24,27,29,56
1996,2,Districte II,5,Collblanc,219,75 i +,70,30,100
2012,5,Districte V,10,Pubilla Cases,524,12-15,21,23,44
2009,4,Districte IV,7,la Florida,407,12-15,12,14,26
2008,5,Districte V,10,Pubilla Cases,510,75 i +,64,32,96
2002,2,Districte II,4,la Torrassa,248,18-24,46,56,102
2000,6,Districte VI,11,el Gornal,622,12-15,19,23,42
2016,4,Districte IV,7,la Florida,412,16-17,9,14,23
2011,2,Districte II,5,Collblanc,223,03-11,49,61,110
2000,6,Districte VI,12,Bellvitge,611,75 i +,48,35,83
2012,6,Districte VI,12,Bellvitge,618,12-15,13,16,29
1995,1,Districte I,2,Sanfeliu,132,03-11,100,100,200
2015,3,Districte III,6,Santa Eulàlia,308,35-49,266,245,511
2004,3,Districte III,6,Santa Eulàlia,317,25-34,133,140,273
2007,1,Districte I,3,Sant Josep,122,75 i +,47,33,80
2009,3,Districte III,6,Santa Eulàlia,321,50-64,309,284,593
2010,3,Districte III,6,Santa Eulàlia,306,65-74,60,48,108
2009,6,Districte VI,12,Bellvitge,611,25-34,144,165,309
2011,4,Districte IV,7,la Florida,427,50-64,71,56,127
2016,6,Districte VI,12,Bellvitge,625,25-34,62,70,132
2002,3,Districte III,6,Santa Eulàlia,315,50-64,125,135,260
2014,1,Districte I,1,Centre,113,18-24,44,61,105
2009,4,Districte IV,8,les Planes,442,00-02,11,8,19
2015,2,Districte II,4,la Torrassa,236,16-17,6,7,13
2001,4,Districte IV,8,les Planes,401,18-24,57,57,114
2001,3,Districte III,6,Santa Eulàlia,320,75 i +,27,11,38
2002,3,Districte III,6,Santa Eulàlia,324,25-34,85,96,181
2003,1,Districte I,1,Centre,102,12-15,24,24,48
2009,1,Districte I,1,Centre,103,50-64,69,60,129
1994,4,Districte IV,8,les Planes,429,12-15,22,24,46
2015,5,Districte V,9,Can Serra,503,75 i +,45,20,65
1999,1,Districte I,1,Centre,134,65-74,47,36,83
2001,1,Districte I,3,Sant Josep,120,00-02,21,25,46
2001,1,Districte I,1,Centre,128,18-24,55,52,107
1995,4,Districte IV,8,les Planes,439,25-34,113,109,222
2015,1,Districte I,1,Centre,113,75 i +,61,42,103
2000,6,Districte VI,12,Bellvitge,619,18-24,96,94,190
2006,4,Districte IV,8,les Planes,433,00-02,24,20,44
2008,2,Districte II,4,la Torrassa,228,25-34,82,98,180
2014,1,Districte I,1,Centre,128,50-64,79,81,160
2003,4,Districte IV,7,la Florida,405,50-64,88,65,153
2010,4,Districte IV,7,la Florida,432,35-49,118,137,255
2011,6,Districte VI,11,el Gornal,629,50-64,50,47,97
2009,6,Districte VI,12,Bellvitge,618,25-34,33,37,70
1999,1,Districte I,2,Sanfeliu,129,75 i +,41,21,62
2006,4,Districte IV,7,la Florida,408,16-17,4,10,14
2002,1,Districte I,3,Sant Josep,115,00-02,13,17,30
1999,2,Districte II,5,Collblanc,212,18-24,68,69,137
2006,4,Districte IV,7,la Florida,408,75 i +,47,25,72
1999,1,Districte I,2,Sanfeliu,116,50-64,179,186,365
1997,4,Districte IV,8,les Planes,420,25-34,99,101,200
2008,1,Districte I,2,Sanfeliu,129,65-74,59,61,120
2007,5,Districte V,9,Can Serra,505,00-02,9,17,26
2004,4,Districte IV,7,la Florida,409,16-17,6,9,15
2011,4,Districte IV,7,la Florida,431,75 i +,87,44,131
2003,6,Districte VI,12,Bellvitge,628,12-15,18,17,35
2002,1,Districte I,3,Sant Josep,137,03-11,49,55,104
1997,3,Districte III,6,Santa Eulàlia,302,16-17,25,21,46
2014,3,Districte III,6,Santa Eulàlia,309,50-64,99,78,177
1999,6,Districte VI,12,Bellvitge,606,25-34,104,98,202
2012,5,Districte V,10,Pubilla Cases,522,50-64,69,64,133
2014,4,Districte IV,8,les Planes,440,35-49,111,114,225
2006,4,Districte IV,7,la Florida,427,50-64,71,55,126
2012,4,Districte IV,7,la Florida,426,12-15,27,19,46
1995,5,Districte V,10,Pubilla Cases,527,35-49,84,93,177
2002,5,Districte V,9,Can Serra,507,00-02,10,12,22
2011,2,Districte II,4,la Torrassa,217,03-11,25,30,55
2012,1,Districte I,1,Centre,111,50-64,95,69,164
1994,5,Districte V,10,Pubilla Cases,526,25-34,61,75,136
2013,4,Districte IV,7,la Florida,427,00-02,21,28,49
2012,5,Districte V,9,Can Serra,503,00-02,7,11,18
2006,1,Districte I,1,Centre,102,18-24,59,44,103
2007,6,Districte VI,12,Bellvitge,613,35-49,120,134,254
1998,1,Districte I,3,Sant Josep,126,03-11,25,23,48
2000,5,Districte V,10,Pubilla Cases,519,00-02,11,15,26
2002,4,Districte IV,8,les Planes,401,16-17,11,22,33
2004,3,Districte III,6,Santa Eulàlia,308,75 i +,82,46,128
2012,4,Districte IV,7,la Florida,426,00-02,12,22,34
1995,4,Districte IV,8,les Planes,441,18-24,108,138,246
1995,1,Districte I,1,Centre,128,12-15,31,26,57
2004,1,Districte I,1,Centre,110,03-11,28,32,60
2012,1,Districte I,3,Sant Josep,137,65-74,71,67,138
1999,4,Districte IV,7,la Florida,416,50-64,81,63,144
2009,4,Districte IV,8,les Planes,418,16-17,11,12,23
2011,1,Districte I,3,Sant Josep,136,12-15,13,23,36
2008,1,Districte I,1,Centre,112,18-24,62,67,129
2010,4,Districte IV,7,la Florida,405,75 i +,79,53,132
2009,4,Districte IV,7,la Florida,403,03-11,39,30,69
2009,2,Districte II,4,la Torrassa,249,12-15,18,22,40
2009,5,Districte V,10,Pubilla Cases,533,00-02,25,16,41
1998,2,Districte II,5,Collblanc,227,18-24,43,35,78
2002,3,Districte III,6,Santa Eulàlia,317,03-11,41,44,85
2003,5,Districte V,10,Pubilla Cases,525,18-24,41,50,91
2000,2,Districte II,5,Collblanc,225,50-64,55,39,94
1999,6,Districte VI,12,Bellvitge,602,35-49,41,35,76
1996,6,Districte VI,11,el Gornal,629,16-17,13,10,23
1994,3,Districte III,6,Santa Eulàlia,311,65-74,88,79,167
1999,5,Districte V,10,Pubilla Cases,522,65-74,38,38,76
2011,1,Districte I,1,Centre,110,25-34,88,87,175
2005,4,Districte IV,8,les Planes,418,50-64,107,97,204
2014,5,Districte V,9,Can Serra,505,03-11,32,34,66
2016,1,Districte I,3,Sant Josep,119,18-24,32,33,65
1995,3,Districte III,6,Santa Eulàlia,324,16-17,12,20,32
2001,5,Districte V,9,Can Serra,505,25-34,135,164,299
2014,6,Districte VI,12,Bellvitge,619,00-02,10,15,25
2012,5,Districte V,9,Can Serra,506,50-64,221,176,397
2014,2,Districte II,4,la Torrassa,229,75 i +,90,52,142
2002,6,Districte VI,12,Bellvitge,631,12-15,15,12,27
2003,5,Districte V,9,Can Serra,501,16-17,14,10,24
2010,5,Districte V,10,Pubilla Cases,534,18-24,36,39,75
2009,3,Districte III,6,Santa Eulàlia,319,03-11,107,97,204
2007,4,Districte IV,7,la Florida,416,00-02,9,13,22
2016,2,Districte II,5,Collblanc,201,00-02,40,48,88
1994,6,Districte VI,11,el Gornal,617,25-34,102,110,212
2016,1,Districte I,3,Sant Josep,106,00-02,20,23,43
1999,6,Districte VI,12,Bellvitge,602,00-02,4,8,12
2003,4,Districte IV,7,la Florida,421,16-17,5,7,12
2003,6,Districte VI,11,el Gornal,622,03-11,25,39,64
2008,2,Districte II,5,Collblanc,216,16-17,8,13,21
1995,2,Districte II,5,Collblanc,212,16-17,11,26,37
1994,5,Districte V,10,Pubilla Cases,529,16-17,13,14,27
2000,6,Districte VI,12,Bellvitge,609,18-24,62,53,115
2008,2,Districte II,4,la Torrassa,230,35-49,114,146,260
2016,4,Districte IV,7,la Florida,416,35-49,192,188,380
2012,2,Districte II,4,la Torrassa,242,03-11,41,48,89
1997,5,Districte V,10,Pubilla Cases,517,75 i +,54,29,83
2010,1,Districte I,3,Sant Josep,115,25-34,106,101,207
2009,2,Districte II,4,la Torrassa,228,12-15,10,13,23
1998,3,Districte III,6,Santa Eulàlia,315,18-24,93,81,174
2010,2,Districte II,4,la Torrassa,242,75 i +,85,55,140
2011,4,Districte IV,7,la Florida,412,18-24,45,62,107
2006,1,Districte I,3,Sant Josep,122,50-64,89,54,143
2012,2,Districte II,5,Collblanc,244,35-49,114,108,222
1999,3,Districte III,6,Santa Eulàlia,312,03-11,49,34,83
1994,2,Districte II,5,Collblanc,214,25-34,65,65,130
2010,3,Districte III,6,Santa Eulàlia,312,03-11,51,61,112
1995,3,Districte III,6,Santa Eulàlia,313,35-49,243,226,469
1997,6,Districte VI,12,Bellvitge,604,65-74,30,26,56
2000,1,Districte I,1,Centre,102,75 i +,75,38,113
2001,1,Districte I,1,Centre,133,35-49,85,91,176
1998,2,Districte II,5,Collblanc,209,12-15,8,10,18
2012,1,Districte I,3,Sant Josep,127,50-64,78,68,146
2004,5,Districte V,10,Pubilla Cases,538,75 i +,72,37,109
2007,4,Districte IV,7,la Florida,428,00-02,19,8,27
1999,1,Districte I,3,Sant Josep,106,25-34,149,145,294
2008,5,Districte V,10,Pubilla Cases,518,75 i +,56,46,102
2010,4,Districte IV,7,la Florida,411,65-74,67,64,131
2002,4,Districte IV,8,les Planes,420,35-49,129,140,269
1995,5,Districte V,9,Can Serra,507,65-74,42,29,71
1996,1,Districte I,1,Centre,131,03-11,62,66,128
1997,2,Districte II,5,Collblanc,225,16-17,4,10,14
2007,4,Districte IV,7,la Florida,421,03-11,40,32,72
2003,5,Districte V,9,Can Serra,504,18-24,42,48,90
1999,6,Districte VI,12,Bellvitge,611,18-24,86,84,170
2010,2,Districte II,5,Collblanc,208,50-64,189,147,336
2007,4,Districte IV,8,les Planes,438,35-49,98,111,209
2001,6,Districte VI,12,Bellvitge,625,65-74,41,40,81
2012,5,Districte V,10,Pubilla Cases,537,03-11,51,34,85
1996,3,Districte III,6,Santa Eulàlia,320,65-74,45,23,68
1994,1,Districte I,1,Centre,123,12-15,37,30,67
1994,1,Districte I,1,Centre,101,25-34,89,89,178
1996,6,Districte VI,12,Bellvitge,601,03-11,49,59,108
2004,4,Districte IV,7,la Florida,411,50-64,110,89,199
2000,5,Districte V,10,Pubilla Cases,516,12-15,9,6,15
2016,4,Districte IV,7,la Florida,411,75 i +,97,76,173
2011,4,Districte IV,7,la Florida,427,18-24,28,36,64
2007,6,Districte VI,12,Bellvitge,628,00-02,14,10,24
2000,6,Districte VI,11,el Gornal,617,18-24,53,83,136
2011,2,Districte II,4,la Torrassa,247,35-49,162,201,363
2006,5,Districte V,9,Can Serra,521,12-15,11,10,21
1995,1,Districte I,1,Centre,108,50-64,115,109,224
2004,4,Districte IV,7,la Florida,403,65-74,78,84,162
2010,5,Districte V,10,Pubilla Cases,524,25-34,135,131,266
2014,5,Districte V,10,Pubilla Cases,530,03-11,66,82,148
1999,4,Districte IV,8,les Planes,436,35-49,64,87,151
2002,2,Districte II,5,Collblanc,202,50-64,69,63,132
1995,1,Districte I,3,Sant Josep,138,75 i +,16,11,27
1999,1,Districte I,3,Sant Josep,125,16-17,8,17,25
2010,3,Districte III,6,Santa Eulàlia,318,16-17,4,15,19
2012,3,Districte III,6,Santa Eulàlia,319,12-15,33,36,69
2001,6,Districte VI,11,el Gornal,617,35-49,99,99,198
1998,4,Districte IV,8,les Planes,434,03-11,23,24,47
2005,5,Districte V,10,Pubilla Cases,512,35-49,93,113,206
2001,6,Districte VI,11,el Gornal,622,18-24,60,54,114
2005,2,Districte II,4,la Torrassa,237,25-34,146,149,295
2003,5,Districte V,10,Pubilla Cases,510,18-24,42,52,94
2009,5,Districte V,10,Pubilla Cases,520,50-64,79,62,141
1994,2,Districte II,5,Collblanc,221,35-49,102,105,207
2001,6,Districte VI,12,Bellvitge,607,25-34,93,98,191
2015,2,Districte II,4,la Torrassa,228,12-15,42,49,91
2016,1,Districte I,1,Centre,103,75 i +,52,32,84
2003,4,Districte IV,8,les Planes,441,65-74,89,78,167
2000,5,Districte V,10,Pubilla Cases,531,75 i +,48,27,75
1995,6,Districte VI,11,el Gornal,622,65-74,38,27,65
1994,3,Districte III,6,Santa Eulàlia,310,65-74,34,30,64
2013,5,Districte V,9,Can Serra,507,75 i +,47,22,69
2012,2,Districte II,4,la Torrassa,217,16-17,9,10,19
1998,1,Districte I,3,Sant Josep,126,25-34,99,115,214
2007,6,Districte VI,12,Bellvitge,625,75 i +,38,18,56
2005,4,Districte IV,7,la Florida,405,65-74,94,80,174
1996,2,Districte II,4,la Torrassa,239,16-17,13,10,23
1998,6,Districte VI,12,Bellvitge,627,65-74,26,23,49
2009,2,Districte II,4,la Torrassa,240,12-15,13,14,27
2006,2,Districte II,4,la Torrassa,240,18-24,33,28,61
2015,3,Districte III,6,Santa Eulàlia,321,50-64,279,251,530
1995,6,Districte VI,12,Bellvitge,602,12-15,17,10,27
2011,6,Districte VI,12,Bellvitge,613,18-24,35,38,73
2014,6,Districte VI,12,Bellvitge,613,50-64,57,68,125
1996,6,Districte VI,11,el Gornal,616,18-24,177,176,353
2002,4,Districte IV,7,la Florida,432,12-15,13,23,36
2015,4,Districte IV,8,les Planes,440,25-34,70,69,139
1998,2,Districte II,5,Collblanc,201,35-49,55,49,104
1997,5,Districte V,10,Pubilla Cases,537,00-02,14,9,23
2002,1,Districte I,1,Centre,130,00-02,14,23,37
2011,2,Districte II,4,la Torrassa,238,18-24,34,39,73
1995,2,Districte II,5,Collblanc,203,35-49,50,52,102
2009,2,Districte II,5,Collblanc,203,25-34,90,113,203
2012,6,Districte VI,12,Bellvitge,615,00-02,12,8,20
2014,3,Districte III,6,Santa Eulàlia,323,12-15,45,34,79
1997,5,Districte V,9,Can Serra,506,12-15,43,51,94
1996,4,Districte IV,7,la Florida,426,16-17,12,17,29
2011,4,Districte IV,8,les Planes,401,50-64,114,92,206
2000,5,Districte V,10,Pubilla Cases,508,03-11,21,21,42
2006,2,Districte II,4,la Torrassa,243,75 i +,87,64,151
2014,2,Districte II,5,Collblanc,216,18-24,49,40,89
2016,5,Districte V,9,Can Serra,503,50-64,118,78,196
2008,5,Districte V,10,Pubilla Cases,528,12-15,29,23,52
2012,2,Districte II,5,Collblanc,225,18-24,15,18,33
1998,1,Districte I,1,Centre,128,25-34,87,87,174
2006,6,Districte VI,12,Bellvitge,601,65-74,85,96,181
2012,1,Districte I,1,Centre,134,16-17,11,13,24
2009,1,Districte I,1,Centre,112,50-64,177,175,352
2014,1,Districte I,3,Sant Josep,140,35-49,120,125,245
2004,2,Districte II,5,Collblanc,208,25-34,140,118,258
2015,3,Districte III,6,Santa Eulàlia,303,50-64,112,118,230
2009,1,Districte I,1,Centre,130,65-74,74,51,125
2009,2,Districte II,4,la Torrassa,246,03-11,42,53,95
2000,2,Districte II,4,la Torrassa,248,50-64,86,79,165
2006,4,Districte IV,8,les Planes,438,16-17,10,3,13
1995,2,Districte II,5,Collblanc,227,35-49,60,53,113
2012,5,Districte V,10,Pubilla Cases,532,12-15,25,18,43
1997,5,Districte V,10,Pubilla Cases,511,75 i +,29,11,40
2004,4,Districte IV,7,la Florida,426,25-34,112,146,258
2011,2,Districte II,5,Collblanc,221,65-74,52,51,103
1996,5,Districte V,9,Can Serra,535,65-74,34,27,61
1999,5,Districte V,9,Can Serra,503,16-17,15,19,34
2004,1,Districte I,1,Centre,111,16-17,9,7,16
2016,6,Districte VI,12,Bellvitge,611,35-49,237,257,494
1997,6,Districte VI,12,Bellvitge,624,25-34,78,114,192
2012,4,Districte IV,7,la Florida,404,65-74,66,48,114
2003,1,Districte I,3,Sant Josep,139,65-74,38,27,65
2015,3,Districte III,6,Santa Eulàlia,325,50-64,194,146,340
2016,2,Districte II,4,la Torrassa,217,18-24,63,52,115
2012,4,Districte IV,7,la Florida,416,75 i +,51,41,92
2014,6,Districte VI,12,Bellvitge,631,16-17,7,7,14
2000,4,Districte IV,8,les Planes,436,75 i +,30,20,50
2011,4,Districte IV,7,la Florida,406,12-15,34,25,59
2005,5,Districte V,10,Pubilla Cases,510,35-49,110,137,247
2004,2,Districte II,4,la Torrassa,239,16-17,0,9,9
2000,2,Districte II,5,Collblanc,223,50-64,107,99,206
1996,5,Districte V,9,Can Serra,521,18-24,122,141,263
2000,1,Districte I,3,Sant Josep,122,18-24,40,27,67
1998,3,Districte III,6,Santa Eulàlia,315,35-49,176,174,350
1995,5,Districte V,10,Pubilla Cases,518,25-34,96,103,199
2000,4,Districte IV,7,la Florida,424,75 i +,21,11,32
1997,3,Districte III,6,Santa Eulàlia,319,16-17,15,13,28
2002,1,Districte I,1,Centre,102,12-15,27,26,53
2001,5,Districte V,10,Pubilla Cases,510,25-34,99,99,198
2002,3,Districte III,6,Santa Eulàlia,310,50-64,72,88,160
2015,3,Districte III,6,Santa Eulàlia,319,12-15,29,34,63
1994,1,Districte I,3,Sant Josep,114,25-34,133,163,296
2001,2,Districte II,4,la Torrassa,217,03-11,15,19,34
2003,1,Districte I,1,Centre,107,35-49,187,161,348
2000,1,Districte I,3,Sant Josep,120,00-02,23,25,48
2013,3,Districte III,6,Santa Eulàlia,313,65-74,99,74,173
2014,1,Districte I,3,Sant Josep,106,25-34,121,115,236
1999,6,Districte VI,11,el Gornal,626,12-15,20,22,42
2005,6,Districte VI,12,Bellvitge,628,03-11,38,36,74
2010,4,Districte IV,7,la Florida,411,03-11,39,29,68
1995,2,Districte II,4,la Torrassa,247,18-24,68,60,128
2014,5,Districte V,10,Pubilla Cases,526,03-11,69,94,163
2008,2,Districte II,4,la Torrassa,238,65-74,40,34,74
2005,1,Districte I,3,Sant Josep,125,00-02,21,24,45
1997,2,Districte II,5,Collblanc,208,35-49,178,165,343
1994,2,Districte II,5,Collblanc,215,75 i +,67,34,101
2001,4,Districte IV,7,la Florida,405,35-49,66,72,138
2013,2,Districte II,5,Collblanc,208,18-24,48,56,104
2001,1,Districte I,1,Centre,130,12-15,13,11,24
2013,2,Districte II,4,la Torrassa,243,03-11,73,80,153
2001,6,Districte VI,12,Bellvitge,618,25-34,55,79,134
2002,4,Districte IV,8,les Planes,440,35-49,68,87,155
2013,2,Districte II,5,Collblanc,207,50-64,168,143,311
2008,4,Districte IV,8,les Planes,437,16-17,10,9,19
2015,5,Districte V,9,Can Serra,502,25-34,87,103,190
2007,2,Districte II,5,Collblanc,219,65-74,62,48,110
2007,2,Districte II,4,la Torrassa,229,00-02,9,7,16
1999,5,Districte V,10,Pubilla Cases,528,65-74,61,55,116
2003,3,Districte III,6,Santa Eulàlia,316,65-74,41,39,80
2015,6,Districte VI,11,el Gornal,617,12-15,20,15,35
2007,2,Districte II,5,Collblanc,213,12-15,13,18,31
1995,5,Districte V,10,Pubilla Cases,534,65-74,56,41,97
2006,3,Districte III,6,Santa Eulàlia,303,65-74,136,130,266
1998,6,Districte VI,12,Bellvitge,624,75 i +,27,12,39
2011,2,Districte II,4,la Torrassa,240,65-74,35,33,68
2008,5,Districte V,10,Pubilla Cases,528,16-17,12,10,22
2013,3,Districte III,6,Santa Eulàlia,325,16-17,19,18,37
2009,2,Districte II,4,la Torrassa,240,16-17,7,8,15
2002,6,Districte VI,12,Bellvitge,618,03-11,18,28,46
2003,3,Districte III,6,Santa Eulàlia,302,35-49,135,126,261
2015,2,Districte II,5,Collblanc,213,50-64,86,69,155
1994,6,Districte VI,11,el Gornal,629,12-15,18,20,38
2014,1,Districte I,1,Centre,130,12-15,22,18,40
1994,1,Districte I,1,Centre,107,16-17,43,38,81
1996,4,Districte IV,7,la Florida,432,35-49,162,136,298
2011,2,Districte II,5,Collblanc,210,16-17,7,3,10
2014,3,Districte III,6,Santa Eulàlia,319,65-74,66,70,136
2009,4,Districte IV,8,les Planes,437,16-17,12,20,32
1997,1,Districte I,3,Sant Josep,120,50-64,102,113,215
2015,5,Districte V,10,Pubilla Cases,534,35-49,119,116,235
1997,2,Districte II,5,Collblanc,212,00-02,7,11,18
1994,3,Districte III,6,Santa Eulàlia,303,50-64,218,225,443
2011,2,Districte II,4,la Torrassa,245,00-02,15,17,32
2014,3,Districte III,13,Granvia Sud,312,65-74,132,95,227
2005,1,Districte I,1,Centre,101,75 i +,34,27,61
2007,1,Districte I,1,Centre,123,18-24,42,40,82
2000,1,Districte I,3,Sant Josep,115,00-02,16,10,26
2012,4,Districte IV,7,la Florida,408,25-34,74,103,177
2002,2,Districte II,5,Collblanc,209,18-24,24,29,53
1997,6,Districte VI,12,Bellvitge,620,75 i +,11,1,12
1997,3,Districte III,6,Santa Eulàlia,316,12-15,116,128,244
2002,2,Districte II,4,la Torrassa,247,75 i +,64,33,97
2016,3,Districte III,6,Santa Eulàlia,314,65-74,129,112,241
1998,5,Districte V,10,Pubilla Cases,528,35-49,75,83,158
2008,5,Districte V,9,Can Serra,504,50-64,115,78,193
2003,5,Districte V,9,Can Serra,507,35-49,84,86,170
1998,5,Districte V,10,Pubilla Cases,534,18-24,56,70,126
2006,4,Districte IV,7,la Florida,430,25-34,99,150,249
2009,2,Districte II,4,la Torrassa,229,00-02,14,12,26
2003,5,Districte V,9,Can Serra,504,16-17,5,10,15
2005,1,Districte I,1,Centre,112,75 i +,68,29,97
2013,3,Districte III,6,Santa Eulàlia,314,03-11,82,102,184
1994,5,Districte V,9,Can Serra,521,25-34,69,74,143
2012,4,Districte IV,8,les Planes,435,00-02,24,27,51
1998,5,Districte V,9,Can Serra,501,50-64,124,152,276
2003,2,Districte II,4,la Torrassa,239,50-64,92,76,168
2009,1,Districte I,2,Sanfeliu,129,25-34,105,97,202
1999,4,Districte IV,8,les Planes,401,35-49,116,113,229
1998,6,Districte VI,12,Bellvitge,601,35-49,136,128,264
2006,2,Districte II,5,Collblanc,212,65-74,65,63,128
2005,2,Districte II,4,la Torrassa,247,65-74,70,66,136
2000,5,Districte V,10,Pubilla Cases,534,35-49,83,76,159
1999,6,Districte VI,12,Bellvitge,631,03-11,41,23,64
2002,4,Districte IV,7,la Florida,421,75 i +,61,36,97
2007,1,Districte I,3,Sant Josep,126,25-34,89,86,175
2010,4,Districte IV,7,la Florida,415,12-15,13,18,31
2001,4,Districte IV,8,les Planes,433,18-24,54,52,106
2007,1,Districte I,3,Sant Josep,138,50-64,99,92,191
2005,1,Districte I,3,Sant Josep,122,16-17,7,3,10
2002,4,Districte IV,7,la Florida,406,12-15,20,15,35
2016,5,Districte V,10,Pubilla Cases,532,03-11,72,60,132
1996,5,Districte V,10,Pubilla Cases,510,35-49,84,91,175
2004,5,Districte V,10,Pubilla Cases,519,25-34,63,70,133
1996,2,Districte II,5,Collblanc,215,35-49,70,68,138
2007,1,Districte I,3,Sant Josep,121,75 i +,79,45,124
1999,5,Districte V,10,Pubilla Cases,510,65-74,65,53,118
2003,4,Districte IV,7,la Florida,416,25-34,65,81,146
2011,6,Districte VI,11,el Gornal,608,75 i +,61,43,104
2014,1,Districte I,2,Sanfeliu,118,18-24,70,53,123
2003,2,Districte II,5,Collblanc,205,35-49,89,89,178
1997,5,Districte V,10,Pubilla Cases,515,65-74,32,25,57
2004,5,Districte V,10,Pubilla Cases,523,50-64,117,112,229
2012,4,Districte IV,7,la Florida,423,50-64,76,68,144
2013,4,Districte IV,8,les Planes,418,25-34,80,108,188
2005,3,Districte III,6,Santa Eulàlia,304,35-49,153,177,330
2012,4,Districte IV,8,les Planes,439,18-24,47,53,100
1994,4,Districte IV,7,la Florida,421,00-02,12,9,21
2016,5,Districte V,10,Pubilla Cases,508,12-15,22,13,35
1999,5,Districte V,10,Pubilla Cases,530,25-34,115,124,239
2009,1,Districte I,1,Centre,134,00-02,16,22,38
2001,2,Districte II,4,la Torrassa,230,35-49,66,78,144
2002,2,Districte II,4,la Torrassa,239,03-11,28,39,67
2010,1,Districte I,1,Centre,111,65-74,66,50,116
2014,1,Districte I,2,Sanfeliu,116,03-11,56,55,111
2016,6,Districte VI,11,el Gornal,622,50-64,90,74,164
2009,2,Districte II,5,Collblanc,204,03-11,19,16,35
2015,5,Districte V,10,Pubilla Cases,532,50-64,111,82,193
1994,1,Districte I,1,Centre,105,65-74,52,42,94
1998,5,Districte V,10,Pubilla Cases,532,50-64,153,153,306
1996,4,Districte IV,8,les Planes,435,16-17,9,15,24
2003,6,Districte VI,12,Bellvitge,620,35-49,58,64,122
2006,4,Districte IV,8,les Planes,418,18-24,52,56,108
2013,2,Districte II,5,Collblanc,201,65-74,51,31,82
2002,6,Districte VI,12,Bellvitge,611,75 i +,58,37,95
1998,6,Districte VI,12,Bellvitge,623,18-24,124,141,265
2007,5,Districte V,9,Can Serra,535,50-64,135,122,257
2015,1,Districte I,1,Centre,128,35-49,163,151,314
2014,2,Districte II,4,la Torrassa,240,00-02,19,18,37
2011,3,Districte III,6,Santa Eulàlia,316,25-34,151,193,344
2004,5,Districte V,9,Can Serra,535,12-15,16,22,38
2002,4,Districte IV,7,la Florida,430,00-02,15,10,25
2002,4,Districte IV,8,les Planes,437,03-11,30,28,58
1997,6,Districte VI,12,Bellvitge,628,12-15,30,32,62
2000,4,Districte IV,8,les Planes,435,18-24,33,43,76
1998,4,Districte IV,7,la Florida,422,50-64,84,80,164
1994,4,Districte IV,8,les Planes,419,75 i +,36,18,54
1994,5,Districte V,10,Pubilla Cases,533,25-34,95,106,201
1997,6,Districte VI,12,Bellvitge,612,50-64,190,177,367
2004,6,Districte VI,12,Bellvitge,612,12-15,14,12,26
2005,5,Districte V,9,Can Serra,506,50-64,260,211,471
1996,5,Districte V,10,Pubilla Cases,511,75 i +,29,9,38
2011,2,Districte II,5,Collblanc,213,00-02,10,14,24
2016,5,Districte V,9,Can Serra,507,12-15,13,22,35
1994,6,Districte VI,12,Bellvitge,630,18-24,69,70,139
1998,4,Districte IV,7,la Florida,425,65-74,75,67,142
1999,5,Districte V,10,Pubilla Cases,533,50-64,85,75,160
1997,5,Districte V,10,Pubilla Cases,508,00-02,6,8,14
2007,6,Districte VI,12,Bellvitge,609,50-64,115,86,201
2012,6,Districte VI,11,el Gornal,608,16-17,6,8,14
1994,6,Districte VI,12,Bellvitge,631,65-74,28,35,63
1999,6,Districte VI,12,Bellvitge,609,03-11,20,35,55
2015,6,Districte VI,11,el Gornal,626,03-11,35,36,71
1995,2,Districte II,4,la Torrassa,231,18-24,65,58,123
2002,6,Districte VI,11,el Gornal,629,16-17,6,6,12
2016,1,Districte I,3,Sant Josep,138,12-15,11,7,18
2010,5,Districte V,10,Pubilla Cases,515,35-49,78,101,179
1994,5,Districte V,10,Pubilla Cases,538,16-17,23,13,36
2002,4,Districte IV,7,la Florida,411,12-15,19,6,25
1996,5,Districte V,10,Pubilla Cases,529,18-24,59,61,120
1995,3,Districte III,6,Santa Eulàlia,317,75 i +,43,16,59
2009,2,Districte II,5,Collblanc,201,50-64,63,40,103
2013,1,Districte I,2,Sanfeliu,132,16-17,15,25,40
2003,6,Districte VI,11,el Gornal,626,16-17,7,10,17
1997,4,Districte IV,7,la Florida,417,00-02,5,4,9
2005,2,Districte II,5,Collblanc,214,25-34,94,112,206
2000,1,Districte I,3,Sant Josep,119,65-74,70,59,129
2010,4,Districte IV,7,la Florida,405,35-49,98,105,203
2013,3,Districte III,6,Santa Eulàlia,310,16-17,9,5,14
2005,5,Districte V,10,Pubilla Cases,525,25-34,91,107,198
1997,2,Districte II,4,la Torrassa,240,16-17,5,5,10
2014,5,Districte V,10,Pubilla Cases,529,50-64,81,90,171
1997,5,Districte V,10,Pubilla Cases,531,00-02,7,5,12
1997,6,Districte VI,12,Bellvitge,612,25-34,97,124,221
2016,3,Districte III,6,Santa Eulàlia,304,16-17,42,21,63
2005,2,Districte II,4,la Torrassa,228,75 i +,45,23,68
2007,4,Districte IV,7,la Florida,414,16-17,7,2,9
1999,6,Districte VI,12,Bellvitge,602,75 i +,25,14,39
2003,2,Districte II,4,la Torrassa,240,65-74,68,50,118
2010,1,Districte I,1,Centre,110,12-15,13,13,26
1998,4,Districte IV,7,la Florida,407,50-64,102,87,189
1997,2,Districte II,4,la Torrassa,248,16-17,8,18,26
2013,5,Districte V,10,Pubilla Cases,517,25-34,169,204,373
2004,3,Districte III,6,Santa Eulàlia,325,18-24,75,69,144
1997,2,Districte II,5,Collblanc,213,75 i +,22,14,36
2005,5,Districte V,10,Pubilla Cases,533,18-24,46,48,94
2002,2,Districte II,4,la Torrassa,239,35-49,108,110,218
1997,3,Districte III,6,Santa Eulàlia,313,03-11,83,69,152
2005,5,Districte V,10,Pubilla Cases,512,18-24,32,39,71
2014,3,Districte III,6,Santa Eulàlia,314,12-15,34,30,64
2007,5,Districte V,9,Can Serra,507,50-64,85,74,159
2001,4,Districte IV,7,la Florida,422,12-15,12,20,32
2016,6,Districte VI,12,Bellvitge,601,00-02,20,29,49
2003,6,Districte VI,12,Bellvitge,611,00-02,28,24,52
2005,2,Districte II,4,la Torrassa,248,16-17,6,13,19
2013,1,Districte I,1,Centre,110,75 i +,77,37,114
2008,5,Districte V,10,Pubilla Cases,509,65-74,41,36,77
2011,3,Districte III,6,Santa Eulàlia,308,12-15,38,50,88
2003,1,Districte I,3,Sant Josep,115,12-15,17,26,43
1994,2,Districte II,4,la Torrassa,234,18-24,35,51,86
2004,5,Districte V,9,Can Serra,502,16-17,15,19,34
2008,4,Districte IV,7,la Florida,430,18-24,49,45,94
1994,1,Districte I,1,Centre,113,25-34,98,89,187
1996,5,Districte V,9,Can Serra,507,16-17,17,16,33
2010,5,Districte V,10,Pubilla Cases,514,65-74,42,27,69
2015,6,Districte VI,12,Bellvitge,625,03-11,29,42,71
1999,3,Districte III,6,Santa Eulàlia,304,12-15,11,18,29
2015,3,Districte III,6,Santa Eulàlia,309,75 i +,46,25,71
1997,3,Districte III,6,Santa Eulàlia,311,65-74,90,71,161
1998,4,Districte IV,8,les Planes,437,16-17,7,9,16
2001,5,Districte V,10,Pubilla Cases,520,35-49,83,67,150
1996,3,Districte III,6,Santa Eulàlia,319,00-02,7,13,20
1997,5,Districte V,10,Pubilla Cases,516,50-64,72,63,135
2000,6,Districte VI,12,Bellvitge,625,03-11,48,42,90
2010,1,Districte I,2,Sanfeliu,116,50-64,161,131,292
2002,6,Districte VI,11,el Gornal,608,12-15,10,18,28
2000,2,Districte II,4,la Torrassa,240,03-11,17,25,42
2015,2,Districte II,5,Collblanc,216,65-74,74,51,125
2009,4,Districte IV,8,les Planes,434,75 i +,57,29,86
2002,1,Districte I,1,Centre,124,00-02,5,8,13
2007,4,Districte IV,7,la Florida,407,50-64,81,67,148
2011,2,Districte II,5,Collblanc,224,35-49,83,90,173
2001,4,Districte IV,8,les Planes,420,16-17,13,13,26
2014,6,Districte VI,12,Bellvitge,630,65-74,73,60,133
2015,2,Districte II,4,la Torrassa,234,75 i +,65,39,104
2004,6,Districte VI,12,Bellvitge,630,75 i +,29,20,49
2014,3,Districte III,6,Santa Eulàlia,327,50-64,171,138,309
1997,2,Districte II,4,la Torrassa,243,16-17,11,10,21
2001,2,Districte II,4,la Torrassa,233,65-74,52,48,100
1997,1,Districte I,1,Centre,133,18-24,55,65,120
1997,4,Districte IV,8,les Planes,436,03-11,24,27,51
1994,5,Districte V,10,Pubilla Cases,527,18-24,61,49,110
1998,3,Districte III,6,Santa Eulàlia,318,00-02,10,14,24
1995,3,Districte III,6,Santa Eulàlia,302,00-02,17,20,37
2006,4,Districte IV,7,la Florida,412,50-64,182,163,345
2012,6,Districte VI,12,Bellvitge,612,00-02,10,14,24
2001,6,Districte VI,12,Bellvitge,612,16-17,8,12,20
2013,5,Districte V,10,Pubilla Cases,526,35-49,221,251,472
2006,5,Districte V,10,Pubilla Cases,511,12-15,8,12,20
1997,2,Districte II,5,Collblanc,223,12-15,9,19,28
2009,3,Districte III,6,Santa Eulàlia,323,18-24,115,101,216
2005,4,Districte IV,7,la Florida,432,25-34,96,129,225
2000,4,Districte IV,8,les Planes,401,18-24,53,52,105
2009,2,Districte II,5,Collblanc,216,35-49,136,147,283
1999,3,Districte III,6,Santa Eulàlia,302,00-02,12,13,25
2005,2,Districte II,5,Collblanc,221,16-17,11,10,21
1997,5,Districte V,10,Pubilla Cases,512,65-74,47,35,82
2013,6,Districte VI,12,Bellvitge,624,16-17,7,8,15
2010,1,Districte I,3,Sant Josep,139,25-34,73,102,175
2006,4,Districte IV,7,la Florida,425,65-74,64,50,114
2004,1,Districte I,2,Sanfeliu,118,12-15,37,26,63
2000,1,Districte I,1,Centre,111,65-74,47,45,92
2013,6,Districte VI,12,Bellvitge,601,12-15,30,31,61
2014,3,Districte III,6,Santa Eulàlia,311,00-02,8,22,30
1998,4,Districte IV,7,la Florida,410,75 i +,61,44,105
2005,6,Districte VI,12,Bellvitge,628,35-49,97,94,191
2012,6,Districte VI,12,Bellvitge,609,75 i +,39,31,70
2010,2,Districte II,5,Collblanc,212,00-02,25,21,46
2005,6,Districte VI,12,Bellvitge,601,16-17,7,11,18
1994,3,Districte III,6,Santa Eulàlia,305,75 i +,56,36,92
2011,4,Districte IV,7,la Florida,409,18-24,23,34,57
2010,2,Districte II,4,la Torrassa,240,12-15,10,15,25
2002,3,Districte III,6,Santa Eulàlia,305,75 i +,87,45,132
2006,3,Districte III,6,Santa Eulàlia,307,18-24,52,64,116
1994,2,Districte II,4,la Torrassa,236,25-34,84,97,181
1999,2,Districte II,4,la Torrassa,238,12-15,13,13,26
2000,5,Districte V,9,Can Serra,502,18-24,101,85,186
1995,2,Districte II,5,Collblanc,209,25-34,77,93,170
1995,1,Districte I,1,Centre,123,65-74,78,61,139
1995,2,Districte II,4,la Torrassa,247,12-15,21,17,38
2001,1,Districte I,3,Sant Josep,115,75 i +,51,33,84
1998,4,Districte IV,8,les Planes,429,12-15,9,12,21
1997,4,Districte IV,8,les Planes,435,75 i +,91,43,134
2001,2,Districte II,5,Collblanc,203,18-24,26,33,59
1994,2,Districte II,4,la Torrassa,237,35-49,115,115,230
2008,4,Districte IV,7,la Florida,416,35-49,95,103,198
2004,6,Districte VI,12,Bellvitge,620,12-15,14,17,31
2009,4,Districte IV,7,la Florida,403,65-74,83,82,165
2015,1,Districte I,1,Centre,111,18-24,22,21,43
2010,6,Districte VI,12,Bellvitge,609,50-64,87,51,138
2007,1,Districte I,2,Sanfeliu,116,65-74,76,80,156
1998,4,Districte IV,7,la Florida,416,25-34,60,68,128
2008,6,Districte VI,12,Bellvitge,601,25-34,110,124,234
1994,1,Districte I,3,Sant Josep,138,00-02,6,15,21
2012,6,Districte VI,12,Bellvitge,610,18-24,28,39,67
2007,5,Districte V,10,Pubilla Cases,513,12-15,8,8,16
1996,4,Districte IV,7,la Florida,408,18-24,46,51,97
2010,6,Districte VI,11,el Gornal,617,25-34,61,77,138
2012,5,Districte V,10,Pubilla Cases,536,25-34,75,69,144
2011,3,Districte III,6,Santa Eulàlia,317,50-64,65,75,140
2001,6,Districte VI,11,el Gornal,622,12-15,18,16,34
1995,2,Districte II,5,Collblanc,202,03-11,23,26,49
1994,3,Districte III,6,Santa Eulàlia,320,75 i +,22,17,39
1998,2,Districte II,4,la Torrassa,218,35-49,72,68,140
2015,4,Districte IV,8,les Planes,440,35-49,114,109,223
2008,4,Districte IV,7,la Florida,432,03-11,40,40,80
2002,1,Districte I,1,Centre,111,35-49,96,88,184
2001,5,Districte V,9,Can Serra,503,35-49,138,97,235
2015,6,Districte VI,12,Bellvitge,612,25-34,45,37,82
1995,2,Districte II,5,Collblanc,205,65-74,53,37,90
2006,5,Districte V,10,Pubilla Cases,530,00-02,25,14,39
2002,4,Districte IV,8,les Planes,440,03-11,30,28,58
2015,3,Districte III,6,Santa Eulàlia,323,50-64,206,179,385
2007,5,Districte V,9,Can Serra,505,25-34,109,108,217
1996,5,Districte V,10,Pubilla Cases,513,12-15,12,4,16
1994,1,Districte I,3,Sant Josep,140,00-02,5,2,7
2016,6,Districte VI,12,Bellvitge,624,00-02,20,11,31
2004,3,Districte III,6,Santa Eulàlia,320,18-24,29,29,58
2013,1,Districte I,1,Centre,124,50-64,88,67,155
2005,1,Districte I,3,Sant Josep,137,75 i +,54,28,82
2005,4,Districte IV,7,la Florida,426,18-24,65,51,116
1994,6,Districte VI,12,Bellvitge,621,12-15,72,74,146
2002,4,Districte IV,8,les Planes,439,65-74,65,66,131
1999,4,Districte IV,8,les Planes,437,25-34,59,88,147
2004,5,Districte V,10,Pubilla Cases,537,65-74,83,61,144
2010,2,Districte II,5,Collblanc,214,25-34,98,121,219
2010,2,Districte II,4,la Torrassa,235,12-15,28,35,63
2000,2,Districte II,5,Collblanc,225,75 i +,41,39,80
2012,5,Districte V,10,Pubilla Cases,537,75 i +,76,59,135
2016,1,Districte I,1,Centre,102,16-17,15,17,32
2014,2,Districte II,4,la Torrassa,247,25-34,94,93,187
1997,6,Districte VI,12,Bellvitge,615,25-34,89,99,188
2002,3,Districte III,6,Santa Eulàlia,307,50-64,185,175,360
2004,5,Districte V,10,Pubilla Cases,519,50-64,46,38,84
2006,2,Districte II,4,la Torrassa,237,65-74,72,62,134
2012,2,Districte II,5,Collblanc,224,03-11,28,28,56
2010,4,Districte IV,7,la Florida,430,50-64,63,62,125
1997,3,Districte III,6,Santa Eulàlia,320,12-15,8,8,16
2003,6,Districte VI,12,Bellvitge,611,50-64,195,156,351
1995,6,Districte VI,12,Bellvitge,618,35-49,78,59,137
2007,2,Districte II,4,la Torrassa,229,35-49,97,113,210
1994,6,Districte VI,12,Bellvitge,621,35-49,263,246,509
2006,2,Districte II,4,la Torrassa,247,00-02,15,27,42
1995,4,Districte IV,8,les Planes,418,75 i +,53,38,91
2003,5,Districte V,10,Pubilla Cases,537,65-74,86,60,146
2015,5,Districte V,9,Can Serra,504,50-64,76,70,146
2004,1,Districte I,1,Centre,103,50-64,62,62,124
2015,1,Districte I,1,Centre,102,65-74,132,121,253
2009,6,Districte VI,12,Bellvitge,613,50-64,122,72,194
2010,4,Districte IV,7,la Florida,408,75 i +,47,36,83
2007,1,Districte I,3,Sant Josep,137,35-49,176,148,324
2010,3,Districte III,6,Santa Eulàlia,310,03-11,37,40,77
1997,2,Districte II,4,la Torrassa,239,03-11,22,34,56
1998,6,Districte VI,12,Bellvitge,605,35-49,53,44,97
2006,4,Districte IV,7,la Florida,416,00-02,8,15,23
2009,4,Districte IV,7,la Florida,406,12-15,24,28,52
1998,4,Districte IV,7,la Florida,427,12-15,11,12,23
2005,1,Districte I,1,Centre,101,50-64,121,123,244
2002,5,Districte V,10,Pubilla Cases,531,75 i +,49,23,72
2008,6,Districte VI,12,Bellvitge,603,03-11,30,30,60
2004,4,Districte IV,7,la Florida,425,16-17,8,10,18
2000,6,Districte VI,12,Bellvitge,621,25-34,150,158,308
2006,5,Districte V,9,Can Serra,505,16-17,11,6,17
1998,6,Districte VI,11,el Gornal,617,50-64,128,105,233
2003,5,Districte V,10,Pubilla Cases,526,03-11,31,25,56
2011,2,Districte II,4,la Torrassa,229,25-34,74,75,149
1995,1,Districte I,1,Centre,135,12-15,37,53,90
2000,5,Districte V,10,Pubilla Cases,520,03-11,32,28,60
2007,6,Districte VI,11,el Gornal,622,75 i +,45,9,54
2001,2,Districte II,4,la Torrassa,218,65-74,40,28,68
2002,5,Districte V,10,Pubilla Cases,524,65-74,77,63,140
2000,3,Districte III,6,Santa Eulàlia,310,35-49,98,110,208
2005,3,Districte III,6,Santa Eulàlia,310,12-15,12,15,27
1994,2,Districte II,5,Collblanc,213,03-11,37,46,83
2016,6,Districte VI,11,el Gornal,616,03-11,115,114,229
2016,1,Districte I,1,Centre,105,75 i +,63,42,105
2001,3,Districte III,6,Santa Eulàlia,315,00-02,14,23,37
2002,2,Districte II,5,Collblanc,202,00-02,7,4,11
1999,2,Districte II,5,Collblanc,207,00-02,7,4,11
1995,1,Districte I,1,Centre,128,75 i +,33,16,49
1999,2,Districte II,4,la Torrassa,231,12-15,15,7,22
2001,3,Districte III,6,Santa Eulàlia,315,35-49,172,168,340
2011,3,Districte III,6,Santa Eulàlia,304,50-64,133,126,259
2010,4,Districte IV,7,la Florida,415,75 i +,34,22,56
2005,2,Districte II,5,Collblanc,216,18-24,54,63,117
2004,5,Districte V,10,Pubilla Cases,508,35-49,58,87,145
2001,4,Districte IV,8,les Planes,434,65-74,60,36,96
2016,1,Districte I,1,Centre,133,50-64,85,74,159
2012,5,Districte V,9,Can Serra,521,75 i +,55,48,103
2007,4,Districte IV,8,les Planes,439,25-34,120,146,266
2009,2,Districte II,4,la Torrassa,235,16-17,12,8,20
2016,1,Districte I,1,Centre,108,25-34,106,87,193
2000,6,Districte VI,11,el Gornal,608,25-34,77,112,189
2000,5,Districte V,10,Pubilla Cases,516,16-17,8,3,11
2013,2,Districte II,4,la Torrassa,246,75 i +,74,44,118
1996,4,Districte IV,7,la Florida,431,00-02,9,14,23
1999,2,Districte II,4,la Torrassa,238,50-64,69,62,131
2005,2,Districte II,4,la Torrassa,229,12-15,13,20,33
2000,3,Districte III,6,Santa Eulàlia,315,00-02,17,26,43
2012,2,Districte II,4,la Torrassa,217,65-74,12,16,28
2016,4,Districte IV,7,la Florida,431,35-49,197,234,431
2003,5,Districte V,10,Pubilla Cases,514,35-49,69,91,160
2012,4,Districte IV,7,la Florida,409,00-02,12,11,23
1999,1,Districte I,1,Centre,105,50-64,77,99,176
1997,6,Districte VI,12,Bellvitge,601,12-15,32,33,65
2014,6,Districte VI,12,Bellvitge,611,75 i +,89,73,162
2008,4,Districte IV,8,les Planes,419,16-17,9,8,17
2003,2,Districte II,5,Collblanc,220,00-02,8,10,18
1999,2,Districte II,5,Collblanc,214,03-11,18,16,34
1994,2,Districte II,5,Collblanc,215,00-02,7,8,15
2004,1,Districte I,3,Sant Josep,127,12-15,18,16,34
2006,6,Districte VI,12,Bellvitge,602,16-17,5,3,8
1994,1,Districte I,1,Centre,112,12-15,54,45,99
2005,3,Districte III,6,Santa Eulàlia,315,65-74,58,49,107
2009,6,Districte VI,12,Bellvitge,618,18-24,19,20,39
2006,2,Districte II,4,la Torrassa,235,35-49,166,182,348
2010,4,Districte IV,7,la Florida,408,65-74,50,28,78
2015,2,Districte II,4,la Torrassa,248,50-64,107,108,215
2016,3,Districte III,6,Santa Eulàlia,307,00-02,17,12,29
2009,4,Districte IV,8,les Planes,434,65-74,28,11,39
2015,1,Districte I,3,Sant Josep,137,35-49,182,160,342
2010,2,Districte II,5,Collblanc,204,25-34,49,61,110
1995,6,Districte VI,12,Bellvitge,603,35-49,64,54,118
2014,1,Districte I,1,Centre,123,65-74,58,58,116
1999,2,Districte II,4,la Torrassa,229,00-02,12,9,21
2012,2,Districte II,4,la Torrassa,248,16-17,9,11,20
2012,3,Districte III,6,Santa Eulàlia,321,35-49,244,202,446
2012,2,Districte II,4,la Torrassa,240,65-74,35,29,64
2001,1,Districte I,3,Sant Josep,121,16-17,6,4,10
2002,5,Districte V,10,Pubilla Cases,523,50-64,127,107,234
2006,6,Districte VI,12,Bellvitge,610,12-15,11,17,28
2003,1,Districte I,2,Sanfeliu,132,35-49,245,236,481
2015,2,Districte II,5,Collblanc,216,25-34,94,87,181
2009,1,Districte I,1,Centre,111,25-34,65,54,119
2016,2,Districte II,4,la Torrassa,211,12-15,23,37,60
1999,4,Districte IV,7,la Florida,408,75 i +,35,16,51
2002,1,Districte I,1,Centre,104,00-02,8,8,16
2003,3,Districte III,6,Santa Eulàlia,309,25-34,70,99,169
2003,5,Districte V,10,Pubilla Cases,511,12-15,13,9,22
1998,3,Districte III,6,Santa Eulàlia,325,65-74,125,100,225
2012,6,Districte VI,12,Bellvitge,602,00-02,4,7,11
1998,5,Districte V,10,Pubilla Cases,523,18-24,58,66,124
1995,4,Districte IV,8,les Planes,401,50-64,136,125,261
2004,6,Districte VI,12,Bellvitge,612,75 i +,41,22,63
2013,1,Districte I,2,Sanfeliu,116,12-15,26,22,48
1999,2,Districte II,4,la Torrassa,249,16-17,6,10,16
1996,2,Districte II,5,Collblanc,244,03-11,15,15,30
2015,3,Districte III,6,Santa Eulàlia,313,18-24,51,57,108
2006,5,Districte V,9,Can Serra,506,65-74,92,97,189
2003,1,Districte I,3,Sant Josep,140,12-15,4,12,16
2003,3,Districte III,6,Santa Eulàlia,312,12-15,29,25,54
2015,6,Districte VI,12,Bellvitge,627,00-02,5,12,17
2008,2,Districte II,4,la Torrassa,228,03-11,16,22,38
2010,5,Districte V,9,Can Serra,504,25-34,81,81,162
2013,6,Districte VI,12,Bellvitge,623,16-17,9,12,21
1995,2,Districte II,4,la Torrassa,243,25-34,143,143,286
2001,4,Districte IV,7,la Florida,412,00-02,11,11,22
2014,4,Districte IV,7,la Florida,430,03-11,58,58,116
2008,6,Districte VI,12,Bellvitge,618,25-34,38,34,72
1998,3,Districte III,6,Santa Eulàlia,315,50-64,109,131,240
2010,6,Districte VI,12,Bellvitge,620,16-17,6,4,10
2006,1,Districte I,1,Centre,104,16-17,5,5,10
2008,5,Districte V,10,Pubilla Cases,529,65-74,71,67,138
2007,2,Districte II,5,Collblanc,205,12-15,14,14,28
1998,2,Districte II,5,Collblanc,213,12-15,22,22,44
2015,6,Districte VI,12,Bellvitge,618,35-49,131,115,246
2006,4,Districte IV,7,la Florida,411,50-64,98,78,176
2009,6,Districte VI,12,Bellvitge,613,03-11,43,47,90
2012,6,Districte VI,12,Bellvitge,623,00-02,13,11,24
1998,6,Districte VI,12,Bellvitge,624,18-24,108,136,244
2006,5,Districte V,9,Can Serra,502,16-17,15,7,22
1994,6,Districte VI,12,Bellvitge,601,75 i +,61,18,79
1995,4,Districte IV,7,la Florida,411,12-15,33,17,50
2013,2,Districte II,5,Collblanc,224,75 i +,74,37,111
2007,1,Districte I,3,Sant Josep,137,00-02,27,18,45
2002,2,Districte II,4,la Torrassa,234,35-49,102,97,199
2015,6,Districte VI,11,el Gornal,616,16-17,16,36,52
2002,2,Districte II,4,la Torrassa,229,03-11,30,27,57
2007,2,Districte II,5,Collblanc,210,03-11,27,28,55
1998,1,Districte I,1,Centre,130,75 i +,62,36,98
2015,2,Districte II,5,Collblanc,208,16-17,14,11,25
2011,1,Districte I,1,Centre,107,75 i +,100,52,152
2011,2,Districte II,4,la Torrassa,247,03-11,70,67,137
2007,5,Districte V,10,Pubilla Cases,514,16-17,9,4,13
2006,3,Districte III,6,Santa Eulàlia,315,25-34,167,187,354
2002,6,Districte VI,12,Bellvitge,619,18-24,78,79,157
1994,2,Districte II,4,la Torrassa,237,12-15,27,25,52
2012,2,Districte II,4,la Torrassa,233,50-64,68,67,135
2016,5,Districte V,10,Pubilla Cases,517,03-11,109,95,204
2010,6,Districte VI,12,Bellvitge,603,03-11,33,42,75
2002,1,Districte I,1,Centre,133,65-74,58,37,95
2002,3,Districte III,6,Santa Eulàlia,307,03-11,45,48,93
2007,6,Districte VI,12,Bellvitge,619,50-64,153,130,283
2015,4,Districte IV,7,la Florida,423,03-11,42,38,80
2005,5,Districte V,9,Can Serra,501,75 i +,22,9,31
2013,2,Districte II,5,Collblanc,210,16-17,5,8,13
1997,4,Districte IV,7,la Florida,412,65-74,75,76,151
2000,1,Districte I,1,Centre,107,18-24,116,128,244
1995,1,Districte I,3,Sant Josep,127,25-34,76,71,147
2004,4,Districte IV,8,les Planes,435,16-17,18,14,32
2010,2,Districte II,5,Collblanc,215,50-64,88,77,165
2005,2,Districte II,4,la Torrassa,218,25-34,69,97,166
2009,2,Districte II,5,Collblanc,244,16-17,8,7,15
2003,2,Districte II,5,Collblanc,220,25-34,86,82,168
2012,4,Districte IV,8,les Planes,434,25-34,53,38,91
2008,2,Districte II,4,la Torrassa,218,00-02,8,12,20
1997,4,Districte IV,7,la Florida,409,65-74,33,31,64
2014,2,Districte II,4,la Torrassa,233,00-02,14,17,31
2001,6,Districte VI,12,Bellvitge,624,12-15,15,17,32
2004,2,Districte II,5,Collblanc,223,03-11,45,46,91
2004,1,Districte I,1,Centre,111,25-34,85,110,195
2012,4,Districte IV,7,la Florida,408,18-24,37,31,68
1999,6,Districte VI,11,el Gornal,632,50-64,105,96,201
1997,6,Districte VI,11,el Gornal,629,35-49,64,57,121
2012,2,Districte II,4,la Torrassa,228,00-02,16,15,31
2002,1,Districte I,1,Centre,101,03-11,64,62,126
2006,3,Districte III,6,Santa Eulàlia,314,18-24,117,117,234
2016,2,Districte II,5,Collblanc,224,00-02,22,23,45
2003,6,Districte VI,11,el Gornal,616,35-49,292,297,589
2005,4,Districte IV,7,la Florida,407,50-64,75,70,145
2002,5,Districte V,10,Pubilla Cases,534,03-11,31,28,59
2000,4,Districte IV,7,la Florida,413,03-11,27,19,46
2004,5,Districte V,9,Can Serra,535,16-17,13,8,21
2004,6,Districte VI,12,Bellvitge,615,18-24,31,23,54
2015,3,Districte III,6,Santa Eulàlia,321,03-11,59,77,136
2005,4,Districte IV,7,la Florida,407,18-24,36,54,90
2001,1,Districte I,1,Centre,111,00-02,5,15,20
2003,3,Districte III,6,Santa Eulàlia,315,75 i +,57,32,89
2006,1,Districte I,1,Centre,103,75 i +,41,27,68
2015,5,Districte V,10,Pubilla Cases,523,00-02,22,18,40
1998,4,Districte IV,7,la Florida,425,16-17,12,6,18
2005,4,Districte IV,7,la Florida,431,00-02,27,31,58
2003,6,Districte VI,12,Bellvitge,620,18-24,38,29,67
1998,1,Districte I,1,Centre,135,18-24,82,108,190
1998,5,Districte V,10,Pubilla Cases,510,16-17,10,14,24
2011,4,Districte IV,8,les Planes,438,25-34,70,60,130
2000,6,Districte VI,12,Bellvitge,604,75 i +,25,15,40
2002,5,Districte V,10,Pubilla Cases,514,50-64,54,40,94
2012,1,Districte I,3,Sant Josep,125,65-74,77,79,156
2009,2,Districte II,4,la Torrassa,240,25-34,73,73,146
2006,5,Districte V,9,Can Serra,501,18-24,41,49,90
2001,4,Districte IV,8,les Planes,433,16-17,10,6,16
2000,4,Districte IV,7,la Florida,426,00-02,11,9,20
1998,2,Districte II,5,Collblanc,220,75 i +,40,19,59
2006,4,Districte IV,7,la Florida,424,75 i +,20,20,40
1996,5,Districte V,10,Pubilla Cases,530,25-34,120,125,245
2004,1,Districte I,1,Centre,107,50-64,176,164,340
1996,2,Districte II,5,Collblanc,205,18-24,45,53,98
2011,5,Districte V,10,Pubilla Cases,525,50-64,64,71,135
2011,4,Districte IV,8,les Planes,435,00-02,32,23,55
1999,3,Districte III,6,Santa Eulàlia,321,03-11,86,103,189
2011,2,Districte II,5,Collblanc,212,12-15,25,29,54
2011,1,Districte I,3,Sant Josep,120,65-74,58,65,123
1997,4,Districte IV,8,les Planes,429,12-15,11,17,28
1994,2,Districte II,4,la Torrassa,246,00-02,16,7,23
1999,6,Districte VI,12,Bellvitge,618,50-64,71,78,149
1998,5,Districte V,10,Pubilla Cases,516,00-02,7,10,17
2010,4,Districte IV,8,les Planes,419,18-24,35,41,76
2008,5,Districte V,10,Pubilla Cases,519,03-11,28,41,69
1997,6,Districte VI,12,Bellvitge,630,25-34,63,75,138
2002,6,Districte VI,11,el Gornal,632,35-49,91,93,184
2000,5,Districte V,10,Pubilla Cases,530,35-49,120,115,235
2016,6,Districte VI,12,Bellvitge,614,12-15,20,13,33
2005,1,Districte I,1,Centre,113,65-74,50,34,84
2016,1,Districte I,3,Sant Josep,127,16-17,4,3,7
2003,4,Districte IV,7,la Florida,413,00-02,6,5,11
2001,4,Districte IV,7,la Florida,422,35-49,83,98,181
2008,4,Districte IV,7,la Florida,428,65-74,22,15,37
1999,6,Districte VI,11,el Gornal,617,18-24,55,86,141
1995,1,Districte I,1,Centre,113,75 i +,34,14,48
2008,2,Districte II,4,la Torrassa,233,50-64,62,60,122
2002,2,Districte II,4,la Torrassa,245,00-02,20,11,31
1997,1,Districte I,3,Sant Josep,126,16-17,16,13,29
2007,1,Districte I,1,Centre,108,12-15,17,25,42
2008,5,Districte V,9,Can Serra,501,18-24,32,28,60
1997,3,Districte III,6,Santa Eulàlia,314,18-24,139,148,287
2005,1,Districte I,3,Sant Josep,138,65-74,38,35,73
1998,6,Districte VI,12,Bellvitge,611,65-74,82,68,150
1998,3,Districte III,6,Santa Eulàlia,303,65-74,91,105,196
2006,5,Districte V,9,Can Serra,505,18-24,38,33,71
2001,3,Districte III,6,Santa Eulàlia,304,12-15,18,20,38
1999,1,Districte I,1,Centre,105,16-17,11,19,30
2007,2,Districte II,4,la Torrassa,217,65-74,23,18,41
2016,2,Districte II,4,la Torrassa,238,12-15,13,12,25
2005,2,Districte II,4,la Torrassa,247,35-49,152,177,329
1996,3,Districte III,6,Santa Eulàlia,322,65-74,63,58,121
2011,4,Districte IV,8,les Planes,441,50-64,238,222,460
1997,5,Districte V,10,Pubilla Cases,530,25-34,116,122,238
2006,4,Districte IV,7,la Florida,422,35-49,119,148,267
2007,5,Districte V,9,Can Serra,521,12-15,9,9,18
2009,6,Districte VI,12,Bellvitge,604,03-11,29,41,70
2003,1,Districte I,1,Centre,130,16-17,10,3,13
2005,1,Districte I,3,Sant Josep,140,18-24,38,39,77
2005,3,Districte III,6,Santa Eulàlia,314,03-11,81,91,172
2001,4,Districte IV,7,la Florida,409,25-34,59,69,128
2000,4,Districte IV,8,les Planes,429,35-49,69,72,141
2016,1,Districte I,3,Sant Josep,140,75 i +,63,49,112
2009,1,Districte I,3,Sant Josep,120,75 i +,63,26,89
2011,1,Districte I,1,Centre,103,12-15,16,15,31
2011,4,Districte IV,8,les Planes,435,16-17,7,11,18
2011,3,Districte III,6,Santa Eulàlia,324,00-02,29,21,50
2005,3,Districte III,6,Santa Eulàlia,313,50-64,202,187,389
2007,5,Districte V,10,Pubilla Cases,526,12-15,18,18,36
1997,5,Districte V,10,Pubilla Cases,517,16-17,12,14,26
2014,5,Districte V,9,Can Serra,502,25-34,97,108,205
1995,5,Districte V,9,Can Serra,501,35-49,179,149,328
2003,1,Districte I,3,Sant Josep,127,03-11,22,27,49
2005,2,Districte II,4,la Torrassa,239,35-49,128,150,278
2002,4,Districte IV,8,les Planes,440,75 i +,54,37,91
2010,2,Districte II,4,la Torrassa,218,35-49,94,101,195
2006,2,Districte II,4,la Torrassa,217,75 i +,46,26,72
2011,2,Districte II,5,Collblanc,212,35-49,189,187,376
2007,2,Districte II,4,la Torrassa,248,18-24,52,44,96
2003,5,Districte V,10,Pubilla Cases,517,65-74,69,60,129
1996,6,Districte VI,12,Bellvitge,604,25-34,73,92,165
2003,1,Districte I,1,Centre,110,50-64,187,170,357
2006,3,Districte III,6,Santa Eulàlia,319,65-74,47,37,84
2004,2,Districte II,5,Collblanc,227,35-49,76,74,150
2016,2,Districte II,4,la Torrassa,238,75 i +,57,38,95
2016,3,Districte III,13,Granvia Sud,320,18-24,35,39,74
2009,1,Districte I,1,Centre,104,50-64,80,56,136
2013,4,Districte IV,8,les Planes,436,25-34,127,119,246
1998,4,Districte IV,7,la Florida,412,65-74,81,87,168
1997,6,Districte VI,12,Bellvitge,623,35-49,184,150,334
2009,1,Districte I,3,Sant Josep,136,12-15,20,19,39
2010,1,Districte I,2,Sanfeliu,132,03-11,85,79,164
2010,5,Districte V,10,Pubilla Cases,532,35-49,166,169,335
2004,5,Districte V,10,Pubilla Cases,514,65-74,55,43,98
2000,1,Districte I,3,Sant Josep,136,50-64,104,106,210
2000,6,Districte VI,12,Bellvitge,627,12-15,19,29,48
1994,2,Districte II,4,la Torrassa,249,00-02,9,6,15
2003,1,Districte I,2,Sanfeliu,129,75 i +,37,17,54
2008,6,Districte VI,12,Bellvitge,614,03-11,29,27,56
2008,4,Districte IV,7,la Florida,417,75 i +,31,18,49
2006,6,Districte VI,11,el Gornal,608,12-15,19,18,37
2013,6,Districte VI,12,Bellvitge,615,65-74,100,79,179
2014,4,Districte IV,7,la Florida,414,00-02,27,27,54
2009,2,Districte II,4,la Torrassa,237,12-15,32,21,53
2011,2,Districte II,4,la Torrassa,217,65-74,14,16,30
2015,4,Districte IV,7,la Florida,410,65-74,105,94,199
1996,1,Districte I,3,Sant Josep,122,18-24,50,64,114
2015,4,Districte IV,8,les Planes,419,18-24,68,82,150
2001,5,Districte V,10,Pubilla Cases,538,50-64,110,87,197
1996,2,Districte II,5,Collblanc,222,18-24,40,70,110
2011,6,Districte VI,11,el Gornal,617,00-02,12,20,32
2013,6,Districte VI,12,Bellvitge,625,03-11,32,54,86
2009,4,Districte IV,7,la Florida,405,00-02,15,12,27
1995,4,Districte IV,7,la Florida,410,12-15,45,39,84
2000,6,Districte VI,12,Bellvitge,627,00-02,16,4,20
2013,1,Districte I,1,Centre,123,65-74,59,56,115
1997,6,Districte VI,12,Bellvitge,631,12-15,24,19,43
2002,2,Districte II,5,Collblanc,219,16-17,13,12,25
2012,5,Districte V,10,Pubilla Cases,512,03-11,36,28,64
2015,6,Districte VI,11,el Gornal,616,12-15,47,48,95
1995,1,Districte I,1,Centre,112,50-64,123,107,230
1994,4,Districte IV,8,les Planes,420,16-17,21,19,40
1994,4,Districte IV,8,les Planes,429,50-64,70,48,118
2007,4,Districte IV,7,la Florida,413,00-02,6,9,15
1995,1,Districte I,1,Centre,130,12-15,17,15,32
2000,2,Districte II,5,Collblanc,214,65-74,42,39,81
2000,6,Districte VI,12,Bellvitge,609,35-49,54,49,103
2015,6,Districte VI,12,Bellvitge,619,16-17,8,13,21
1998,1,Districte I,1,Centre,135,03-11,70,54,124
1999,3,Districte III,6,Santa Eulàlia,302,65-74,55,48,103
2011,3,Districte III,6,Santa Eulàlia,313,12-15,26,38,64
2001,6,Districte VI,11,el Gornal,616,03-11,138,154,292
2000,2,Districte II,5,Collblanc,224,25-34,51,52,103
1997,3,Districte III,6,Santa Eulàlia,304,65-74,96,64,160
2003,6,Districte VI,12,Bellvitge,621,35-49,145,116,261
1999,6,Districte VI,12,Bellvitge,606,16-17,16,12,28
2011,6,Districte VI,12,Bellvitge,630,18-24,31,28,59
2006,3,Districte III,6,Santa Eulàlia,303,50-64,149,119,268
2012,5,Districte V,10,Pubilla Cases,515,25-34,47,63,110
2001,6,Districte VI,12,Bellvitge,607,18-24,38,48,86
2009,5,Districte V,10,Pubilla Cases,522,25-34,82,111,193
2003,1,Districte I,1,Centre,128,75 i +,40,26,66
1999,5,Districte V,10,Pubilla Cases,514,16-17,2,11,13
2007,4,Districte IV,7,la Florida,411,35-49,103,119,222
1997,2,Districte II,4,la Torrassa,230,16-17,6,7,13
2007,4,Districte IV,7,la Florida,431,35-49,166,206,372
2013,5,Districte V,10,Pubilla Cases,525,65-74,43,36,79
1994,5,Districte V,10,Pubilla Cases,516,50-64,80,73,153
2001,1,Districte I,2,Sanfeliu,129,35-49,100,108,208
2002,3,Districte III,6,Santa Eulàlia,312,75 i +,57,31,88
2010,3,Districte III,6,Santa Eulàlia,323,25-34,223,245,468
2011,1,Districte I,3,Sant Josep,121,00-02,15,16,31
2010,3,Districte III,6,Santa Eulàlia,306,50-64,173,142,315
2011,1,Districte I,1,Centre,131,25-34,91,126,217
1997,4,Districte IV,8,les Planes,429,75 i +,31,20,51
2002,2,Districte II,4,la Torrassa,248,25-34,89,103,192
2015,5,Districte V,10,Pubilla Cases,526,03-11,84,105,189
2000,3,Districte III,6,Santa Eulàlia,307,12-15,27,34,61
2008,5,Districte V,9,Can Serra,535,65-74,67,77,144
2012,5,Districte V,9,Can Serra,506,25-34,101,103,204
2004,1,Districte I,3,Sant Josep,136,00-02,19,18,37
2000,6,Districte VI,11,el Gornal,616,00-02,38,54,92
2008,3,Districte III,6,Santa Eulàlia,308,75 i +,88,47,135
2014,1,Districte I,1,Centre,133,16-17,5,6,11
2012,4,Districte IV,7,la Florida,422,12-15,27,17,44
2015,1,Districte I,3,Sant Josep,139,75 i +,37,25,62
2016,2,Districte II,5,Collblanc,221,00-02,29,33,62
2010,1,Districte I,3,Sant Josep,140,00-02,13,18,31
2010,2,Districte II,5,Collblanc,216,65-74,73,55,128
2014,1,Districte I,1,Centre,124,50-64,87,70,157
2012,4,Districte IV,8,les Planes,434,12-15,7,10,17
2016,6,Districte VI,12,Bellvitge,630,12-15,15,11,26
2002,2,Districte II,5,Collblanc,204,65-74,51,28,79
2012,1,Districte I,2,Sanfeliu,132,50-64,233,218,451
2011,6,Districte VI,12,Bellvitge,621,50-64,182,146,328
2012,6,Districte VI,12,Bellvitge,612,18-24,27,32,59
2001,6,Districte VI,11,el Gornal,622,75 i +,40,11,51
2001,4,Districte IV,7,la Florida,407,16-17,4,5,9
2000,5,Districte V,10,Pubilla Cases,523,18-24,61,71,132
2005,5,Districte V,10,Pubilla Cases,523,65-74,92,77,169
2004,2,Districte II,5,Collblanc,209,65-74,68,47,115
2011,6,Districte VI,12,Bellvitge,601,18-24,38,51,89
1996,1,Districte I,3,Sant Josep,120,50-64,91,109,200
2010,6,Districte VI,11,el Gornal,608,16-17,9,5,14
2001,1,Districte I,3,Sant Josep,120,25-34,143,123,266
2011,4,Districte IV,7,la Florida,412,50-64,177,153,330
1994,1,Districte I,3,Sant Josep,119,12-15,44,58,102
1995,5,Districte V,9,Can Serra,503,25-34,78,60,138
2000,5,Districte V,10,Pubilla Cases,510,03-11,26,36,62
2002,5,Districte V,10,Pubilla Cases,516,65-74,51,36,87
1994,2,Districte II,4,la Torrassa,211,50-64,129,100,229
2003,3,Districte III,6,Santa Eulàlia,314,35-49,315,296,611
1999,1,Districte I,1,Centre,104,03-11,24,18,42
2003,2,Districte II,5,Collblanc,207,12-15,10,11,21
2015,3,Districte III,6,Santa Eulàlia,320,00-02,5,5,10
2005,4,Districte IV,7,la Florida,421,16-17,5,11,16
2009,6,Districte VI,12,Bellvitge,601,65-74,100,93,193
2006,6,Districte VI,12,Bellvitge,612,75 i +,44,25,69
2001,2,Districte II,5,Collblanc,219,65-74,80,57,137
2001,6,Districte VI,12,Bellvitge,621,03-11,63,61,124
2008,1,Districte I,2,Sanfeliu,118,75 i +,60,29,89
2005,6,Districte VI,12,Bellvitge,630,00-02,14,10,24
2014,6,Districte VI,12,Bellvitge,612,12-15,13,19,32
1994,1,Districte I,1,Centre,112,75 i +,58,17,75
2011,4,Districte IV,7,la Florida,427,16-17,11,13,24
2003,5,Districte V,10,Pubilla Cases,530,12-15,25,27,52
1996,5,Districte V,10,Pubilla Cases,518,35-49,71,85,156
2004,5,Districte V,10,Pubilla Cases,534,75 i +,55,27,82
1994,2,Districte II,5,Collblanc,205,75 i +,35,16,51
2012,4,Districte IV,8,les Planes,441,50-64,234,223,457
2003,5,Districte V,9,Can Serra,521,35-49,79,80,159
2010,1,Districte I,1,Centre,134,12-15,18,23,41
1999,6,Districte VI,12,Bellvitge,610,25-34,126,140,266
1996,3,Districte III,6,Santa Eulàlia,311,00-02,10,17,27
1999,4,Districte IV,7,la Florida,424,65-74,31,39,70
2007,4,Districte IV,7,la Florida,414,25-34,94,90,184
2006,1,Districte I,1,Centre,112,50-64,161,160,321
1997,1,Districte I,1,Centre,135,12-15,35,39,74
2002,2,Districte II,4,la Torrassa,241,12-15,14,10,24
2000,1,Districte I,1,Centre,112,35-49,191,168,359
2000,6,Districte VI,12,Bellvitge,607,00-02,11,8,19
2003,5,Districte V,10,Pubilla Cases,518,65-74,80,83,163
1998,2,Districte II,5,Collblanc,206,50-64,98,77,175
1999,3,Districte III,6,Santa Eulàlia,308,65-74,70,58,128
2008,3,Districte III,6,Santa Eulàlia,313,25-34,193,186,379
1998,6,Districte VI,12,Bellvitge,613,75 i +,38,24,62
1996,3,Districte III,6,Santa Eulàlia,322,18-24,92,76,168
2001,1,Districte I,2,Sanfeliu,129,12-15,24,18,42
1995,5,Districte V,10,Pubilla Cases,525,65-74,39,38,77
2007,2,Districte II,4,la Torrassa,229,25-34,78,77,155
1995,4,Districte IV,8,les Planes,438,75 i +,29,15,44
2000,5,Districte V,10,Pubilla Cases,536,25-34,83,90,173
1997,3,Districte III,6,Santa Eulàlia,310,12-15,29,21,50
2007,1,Districte I,1,Centre,109,16-17,9,7,16
2010,3,Districte III,6,Santa Eulàlia,302,25-34,122,130,252
2005,4,Districte IV,8,les Planes,439,00-02,19,22,41
2005,1,Districte I,3,Sant Josep,140,75 i +,46,35,81
2012,1,Districte I,1,Centre,131,75 i +,69,53,122
2014,3,Districte III,6,Santa Eulàlia,316,18-24,84,88,172
2003,1,Districte I,1,Centre,134,35-49,153,127,280
1998,6,Districte VI,12,Bellvitge,601,03-11,40,46,86
2006,1,Districte I,1,Centre,103,50-64,61,57,118
2007,4,Districte IV,8,les Planes,435,75 i +,104,45,149
2012,4,Districte IV,8,les Planes,433,25-34,126,122,248
2013,5,Districte V,10,Pubilla Cases,528,50-64,100,77,177
2004,6,Districte VI,12,Bellvitge,605,18-24,24,22,46
2009,6,Districte VI,12,Bellvitge,615,65-74,82,81,163
2003,4,Districte IV,7,la Florida,409,35-49,75,73,148
2003,2,Districte II,5,Collblanc,224,65-74,36,26,62
2011,6,Districte VI,12,Bellvitge,603,18-24,17,28,45
1999,4,Districte IV,8,les Planes,441,18-24,122,124,246
1994,6,Districte VI,12,Bellvitge,628,03-11,46,40,86
2008,6,Districte VI,12,Bellvitge,628,75 i +,46,31,77
2012,3,Districte III,6,Santa Eulàlia,325,35-49,200,187,387
1997,1,Districte I,3,Sant Josep,140,12-15,11,13,24
2012,2,Districte II,5,Collblanc,226,75 i +,83,41,124
2005,6,Districte VI,12,Bellvitge,625,75 i +,28,19,47
2006,5,Districte V,10,Pubilla Cases,509,35-49,87,98,185
2016,3,Districte III,6,Santa Eulàlia,305,35-49,176,199,375
2000,1,Districte I,1,Centre,123,65-74,83,77,160
1999,6,Districte VI,12,Bellvitge,607,18-24,46,52,98
1995,4,Districte IV,7,la Florida,416,03-11,18,19,37
2009,1,Districte I,3,Sant Josep,119,65-74,74,71,145
2002,6,Districte VI,12,Bellvitge,605,25-34,67,70,137
2016,4,Districte IV,7,la Florida,409,75 i +,116,83,199
2005,5,Districte V,10,Pubilla Cases,520,50-64,79,74,153
1996,2,Districte II,4,la Torrassa,218,18-24,37,41,78
2010,2,Districte II,4,la Torrassa,247,00-02,26,24,50
2008,2,Districte II,5,Collblanc,203,65-74,44,30,74
2001,6,Districte VI,12,Bellvitge,609,00-02,8,10,18
2002,1,Districte I,1,Centre,135,25-34,114,121,235
2007,5,Districte V,9,Can Serra,535,25-34,73,65,138
1998,5,Districte V,9,Can Serra,502,03-11,48,39,87
2002,2,Districte II,4,la Torrassa,248,35-49,129,144,273
2007,2,Districte II,4,la Torrassa,235,25-34,157,195,352
2000,4,Districte IV,7,la Florida,415,00-02,1,6,7
1996,5,Districte V,10,Pubilla Cases,530,35-49,103,99,202
1998,1,Districte I,3,Sant Josep,121,12-15,10,5,15
1997,2,Districte II,5,Collblanc,208,75 i +,115,65,180
2008,4,Districte IV,7,la Florida,407,35-49,131,148,279
2007,6,Districte VI,12,Bellvitge,610,25-34,82,94,176
2010,2,Districte II,5,Collblanc,207,03-11,34,27,61
2012,3,Districte III,6,Santa Eulàlia,314,18-24,62,124,186
2016,5,Districte V,10,Pubilla Cases,526,18-24,85,73,158
2014,4,Districte IV,7,la Florida,403,75 i +,89,74,163
2014,2,Districte II,4,la Torrassa,231,00-02,24,19,43
2016,1,Districte I,1,Centre,101,12-15,60,53,113
2004,4,Districte IV,7,la Florida,412,18-24,79,92,171
2009,2,Districte II,5,Collblanc,201,00-02,16,24,40
1995,6,Districte VI,12,Bellvitge,611,75 i +,35,21,56
1998,1,Districte I,3,Sant Josep,125,18-24,94,111,205
1996,4,Districte IV,8,les Planes,418,75 i +,53,36,89
2002,1,Districte I,1,Centre,104,75 i +,67,45,112
1994,6,Districte VI,12,Bellvitge,609,03-11,34,42,76
2008,4,Districte IV,8,les Planes,420,65-74,75,61,136
2000,5,Districte V,10,Pubilla Cases,528,03-11,37,32,69
2002,6,Districte VI,12,Bellvitge,605,00-02,10,7,17
1996,3,Districte III,6,Santa Eulàlia,321,03-11,94,114,208
2005,6,Districte VI,12,Bellvitge,611,65-74,95,102,197
2007,2,Districte II,5,Collblanc,208,25-34,143,131,274
2011,3,Districte III,6,Santa Eulàlia,312,03-11,62,71,133
2007,5,Districte V,10,Pubilla Cases,514,12-15,18,12,30
1997,3,Districte III,6,Santa Eulàlia,313,75 i +,56,31,87
2013,2,Districte II,5,Collblanc,210,25-34,45,48,93
2012,1,Districte I,1,Centre,135,18-24,49,41,90
2006,6,Districte VI,12,Bellvitge,625,65-74,54,62,116
2012,5,Districte V,10,Pubilla Cases,525,50-64,69,63,132
1997,1,Districte I,3,Sant Josep,126,65-74,63,44,107
1994,4,Districte IV,7,la Florida,431,00-02,17,16,33
2008,1,Districte I,3,Sant Josep,126,35-49,83,105,188
2016,3,Districte III,6,Santa Eulàlia,321,35-49,248,211,459
2015,3,Districte III,6,Santa Eulàlia,313,12-15,41,43,84
2006,3,Districte III,6,Santa Eulàlia,308,75 i +,81,53,134
2002,2,Districte II,4,la Torrassa,229,00-02,5,9,14
2004,1,Districte I,1,Centre,102,35-49,151,163,314
2003,3,Districte III,6,Santa Eulàlia,304,75 i +,100,44,144
2004,4,Districte IV,8,les Planes,433,75 i +,42,22,64
2010,3,Districte III,6,Santa Eulàlia,310,25-34,94,86,180
2009,6,Districte VI,12,Bellvitge,625,16-17,5,10,15
2005,3,Districte III,6,Santa Eulàlia,304,25-34,137,140,277
2006,1,Districte I,3,Sant Josep,136,00-02,27,15,42
2005,6,Districte VI,12,Bellvitge,615,25-34,69,82,151
2001,3,Districte III,6,Santa Eulàlia,325,25-34,153,173,326
2000,4,Districte IV,7,la Florida,416,12-15,11,10,21
2016,4,Districte IV,7,la Florida,427,65-74,51,30,81
2009,5,Districte V,10,Pubilla Cases,531,65-74,50,43,93
2007,1,Districte I,1,Centre,107,12-15,12,21,33
2001,4,Districte IV,7,la Florida,415,18-24,33,37,70
1999,1,Districte I,1,Centre,123,12-15,25,20,45
2001,1,Districte I,3,Sant Josep,117,16-17,39,30,69
2003,1,Districte I,1,Centre,101,18-24,73,73,146
2015,3,Districte III,6,Santa Eulàlia,314,35-49,269,278,547
2015,2,Districte II,5,Collblanc,205,00-02,10,11,21
2011,6,Districte VI,12,Bellvitge,625,18-24,48,55,103
2016,2,Districte II,4,la Torrassa,240,25-34,141,134,275
2005,2,Districte II,5,Collblanc,223,18-24,44,64,108
2010,4,Districte IV,7,la Florida,431,75 i +,90,41,131
1999,4,Districte IV,7,la Florida,406,12-15,22,26,48
2002,4,Districte IV,7,la Florida,404,12-15,25,12,37
1997,1,Districte I,1,Centre,103,35-49,82,65,147
2002,1,Districte I,3,Sant Josep,115,75 i +,54,35,89
2006,2,Districte II,5,Collblanc,210,25-34,75,68,143
2015,5,Districte V,9,Can Serra,504,65-74,91,69,160
2015,5,Districte V,9,Can Serra,502,03-11,74,70,144
2009,4,Districte IV,8,les Planes,438,50-64,62,67,129
1995,5,Districte V,10,Pubilla Cases,520,18-24,67,64,131
2002,1,Districte I,1,Centre,113,35-49,194,156,350
1995,5,Districte V,10,Pubilla Cases,533,00-02,6,6,12
2014,3,Districte III,6,Santa Eulàlia,307,16-17,10,11,21
2014,6,Districte VI,11,el Gornal,626,65-74,77,53,130
1999,4,Districte IV,7,la Florida,423,65-74,66,46,112
2005,1,Districte I,1,Centre,103,03-11,25,31,56
2000,3,Districte III,6,Santa Eulàlia,320,50-64,99,87,186
2008,4,Districte IV,8,les Planes,439,03-11,45,65,110
1997,4,Districte IV,7,la Florida,423,50-64,126,124,250
2012,3,Districte III,6,Santa Eulàlia,325,65-74,112,114,226
1995,2,Districte II,4,la Torrassa,231,65-74,86,66,152
1997,6,Districte VI,12,Bellvitge,628,35-49,125,89,214
2004,6,Districte VI,11,el Gornal,626,35-49,96,99,195
1994,4,Districte IV,7,la Florida,414,75 i +,33,17,50
2013,4,Districte IV,8,les Planes,441,35-49,213,249,462
2009,1,Districte I,1,Centre,133,00-02,13,11,24
1999,5,Districte V,10,Pubilla Cases,522,35-49,72,64,136
1999,4,Districte IV,8,les Planes,418,03-11,29,31,60
2012,2,Districte II,5,Collblanc,225,75 i +,50,20,70
2005,5,Districte V,10,Pubilla Cases,511,75 i +,54,33,87
2000,5,Districte V,10,Pubilla Cases,508,00-02,3,5,8
2000,4,Districte IV,7,la Florida,421,00-02,10,13,23
2012,5,Districte V,10,Pubilla Cases,518,03-11,47,44,91
2009,2,Districte II,5,Collblanc,223,25-34,110,118,228
1999,2,Districte II,4,la Torrassa,247,16-17,6,7,13
2007,4,Districte IV,7,la Florida,413,75 i +,46,30,76
2008,4,Districte IV,7,la Florida,414,18-24,34,35,69
2001,3,Districte III,6,Santa Eulàlia,304,25-34,105,118,223
2008,4,Districte IV,8,les Planes,436,35-49,116,160,276
1995,1,Districte I,3,Sant Josep,114,50-64,191,205,396
2016,3,Districte III,6,Santa Eulàlia,316,12-15,22,30,52
1994,2,Districte II,5,Collblanc,209,35-49,79,94,173
2012,1,Districte I,1,Centre,105,35-49,137,137,274
2015,3,Districte III,6,Santa Eulàlia,322,18-24,42,49,91
2000,2,Districte II,5,Collblanc,216,35-49,114,101,215
1996,6,Districte VI,12,Bellvitge,607,65-74,55,41,96
2006,2,Districte II,4,la Torrassa,233,75 i +,54,26,80
2015,1,Districte I,3,Sant Josep,138,75 i +,46,35,81
1997,3,Districte III,6,Santa Eulàlia,323,35-49,405,384,789
2012,1,Districte I,1,Centre,123,25-34,87,79,166
1996,3,Districte III,6,Santa Eulàlia,317,35-49,60,82,142
2000,1,Districte I,3,Sant Josep,140,75 i +,47,27,74
2013,1,Districte I,1,Centre,109,75 i +,70,41,111
1999,2,Districte II,4,la Torrassa,242,50-64,106,109,215
1998,6,Districte VI,12,Bellvitge,611,25-34,172,205,377
2010,4,Districte IV,7,la Florida,415,50-64,56,47,103
2003,5,Districte V,10,Pubilla Cases,512,16-17,9,7,16
1996,1,Districte I,1,Centre,101,12-15,38,35,73
2010,6,Districte VI,11,el Gornal,622,65-74,42,35,77
1995,2,Districte II,4,la Torrassa,248,16-17,13,14,27
2005,6,Districte VI,11,el Gornal,632,35-49,88,91,179
1998,3,Districte III,6,Santa Eulàlia,323,25-34,192,201,393
2009,3,Districte III,6,Santa Eulàlia,320,00-02,20,18,38
2011,3,Districte III,6,Santa Eulàlia,322,75 i +,71,46,117
2007,6,Districte VI,12,Bellvitge,610,65-74,80,103,183
1994,1,Districte I,3,Sant Josep,115,25-34,122,111,233
1996,6,Districte VI,12,Bellvitge,601,00-02,12,11,23
1998,2,Districte II,4,la Torrassa,233,50-64,75,68,143
2006,5,Districte V,10,Pubilla Cases,512,75 i +,52,22,74
2008,2,Districte II,5,Collblanc,202,12-15,10,15,25
2002,5,Districte V,10,Pubilla Cases,530,03-11,46,48,94
2009,2,Districte II,5,Collblanc,203,12-15,12,8,20
2012,4,Districte IV,7,la Florida,405,25-34,60,68,128
2015,6,Districte VI,12,Bellvitge,611,00-02,26,20,46
2002,3,Districte III,6,Santa Eulàlia,311,18-24,45,57,102
2015,6,Districte VI,11,el Gornal,616,75 i +,57,35,92
2005,4,Districte IV,8,les Planes,436,25-34,117,150,267
2007,4,Districte IV,7,la Florida,416,35-49,91,97,188
2004,6,Districte VI,11,el Gornal,632,35-49,95,90,185
2015,2,Districte II,4,la Torrassa,217,25-34,114,119,233
2005,4,Districte IV,7,la Florida,432,50-64,156,153,309
2010,4,Districte IV,8,les Planes,434,16-17,6,7,13
1995,2,Districte II,5,Collblanc,210,35-49,86,92,178
2015,6,Districte VI,12,Bellvitge,614,25-34,34,58,92
2001,4,Districte IV,7,la Florida,424,75 i +,19,8,27
1996,5,Districte V,10,Pubilla Cases,509,75 i +,41,18,59
2010,2,Districte II,4,la Torrassa,235,00-02,27,28,55
1998,3,Districte III,6,Santa Eulàlia,305,03-11,73,52,125
2000,2,Districte II,5,Collblanc,206,50-64,75,66,141
1996,1,Districte I,1,Centre,133,00-02,4,10,14
2009,6,Districte VI,12,Bellvitge,625,12-15,14,12,26
1994,1,Districte I,1,Centre,103,12-15,26,23,49
2013,3,Districte III,6,Santa Eulàlia,303,18-24,31,32,63
2014,5,Districte V,9,Can Serra,503,25-34,35,49,84
2002,6,Districte VI,11,el Gornal,617,25-34,97,115,212
2004,1,Districte I,3,Sant Josep,127,00-02,13,12,25
2006,6,Districte VI,12,Bellvitge,604,65-74,39,36,75
2009,1,Districte I,1,Centre,130,00-02,16,15,31
2003,5,Districte V,10,Pubilla Cases,534,03-11,28,28,56
1999,5,Districte V,10,Pubilla Cases,525,03-11,29,31,60
2013,2,Districte II,5,Collblanc,226,03-11,81,63,144
2002,5,Districte V,10,Pubilla Cases,516,25-34,73,61,134
1995,2,Districte II,4,la Torrassa,228,75 i +,29,17,46
2000,6,Districte VI,12,Bellvitge,614,16-17,4,8,12
2009,1,Districte I,3,Sant Josep,138,16-17,6,8,14
2002,4,Districte IV,8,les Planes,438,18-24,38,33,71
2014,4,Districte IV,7,la Florida,406,18-24,64,50,114
1999,4,Districte IV,7,la Florida,404,50-64,126,112,238
2009,2,Districte II,4,la Torrassa,239,16-17,9,10,19
2010,3,Districte III,6,Santa Eulàlia,314,50-64,264,252,516
2004,5,Districte V,10,Pubilla Cases,517,00-02,20,17,37
2013,1,Districte I,1,Centre,103,03-11,32,29,61
2005,6,Districte VI,11,el Gornal,632,65-74,63,53,116
2011,2,Districte II,4,la Torrassa,231,25-34,120,126,246
1999,2,Districte II,4,la Torrassa,237,75 i +,65,37,102
2011,3,Districte III,6,Santa Eulàlia,319,75 i +,52,30,82
1998,5,Districte V,10,Pubilla Cases,518,16-17,9,10,19
2006,2,Districte II,5,Collblanc,215,75 i +,65,36,101
2001,4,Districte IV,7,la Florida,413,12-15,9,10,19
2004,2,Districte II,4,la Torrassa,238,18-24,27,35,62
2013,4,Districte IV,8,les Planes,401,75 i +,91,42,133
2003,4,Districte IV,8,les Planes,442,50-64,67,57,124
2004,5,Districte V,10,Pubilla Cases,524,00-02,19,17,36
2014,5,Districte V,10,Pubilla Cases,529,03-11,66,52,118
2003,4,Districte IV,8,les Planes,433,16-17,11,2,13
2005,3,Districte III,6,Santa Eulàlia,313,00-02,31,31,62
1996,3,Districte III,6,Santa Eulàlia,323,16-17,59,60,119
2007,6,Districte VI,12,Bellvitge,624,50-64,158,122,280
2000,3,Districte III,6,Santa Eulàlia,314,18-24,131,150,281
2011,6,Districte VI,12,Bellvitge,624,35-49,101,138,239
2009,5,Districte V,10,Pubilla Cases,513,18-24,27,21,48
2016,2,Districte II,4,la Torrassa,231,75 i +,89,38,127
1994,1,Districte I,1,Centre,124,50-64,81,80,161
2003,5,Districte V,10,Pubilla Cases,536,25-34,75,81,156
1999,2,Districte II,5,Collblanc,224,50-64,41,39,80
2009,5,Districte V,10,Pubilla Cases,531,50-64,86,77,163
1994,1,Districte I,1,Centre,128,25-34,87,95,182
1996,1,Districte I,1,Centre,131,18-24,112,136,248
2013,4,Districte IV,7,la Florida,414,50-64,128,116,244
1994,1,Districte I,1,Centre,109,12-15,28,44,72
2012,6,Districte VI,12,Bellvitge,610,50-64,90,77,167
2008,1,Districte I,3,Sant Josep,127,25-34,58,66,124
2016,4,Districte IV,7,la Florida,412,03-11,44,54,98
2008,6,Districte VI,12,Bellvitge,604,12-15,13,12,25
2014,3,Districte III,6,Santa Eulàlia,304,25-34,308,257,565
2003,3,Districte III,6,Santa Eulàlia,310,18-24,56,50,106
2004,4,Districte IV,8,les Planes,420,65-74,85,65,150
2012,2,Districte II,5,Collblanc,214,65-74,43,28,71
2011,1,Districte I,3,Sant Josep,106,65-74,61,87,148
2007,3,Districte III,6,Santa Eulàlia,315,75 i +,67,27,94
2007,6,Districte VI,12,Bellvitge,627,50-64,169,162,331
2015,4,Districte IV,8,les Planes,401,35-49,116,110,226
2007,4,Districte IV,8,les Planes,401,65-74,68,50,118
2001,3,Districte III,6,Santa Eulàlia,312,18-24,60,73,133
1997,2,Districte II,4,la Torrassa,241,65-74,74,46,120
1998,2,Districte II,4,la Torrassa,240,65-74,67,46,113
1998,5,Districte V,10,Pubilla Cases,513,25-34,61,67,128
2009,4,Districte IV,8,les Planes,441,00-02,22,19,41
2011,1,Districte I,3,Sant Josep,137,18-24,59,50,109
2003,6,Districte VI,11,el Gornal,622,65-74,36,23,59
2008,6,Districte VI,11,el Gornal,622,65-74,33,36,69
1995,4,Districte IV,7,la Florida,427,35-49,65,69,134
2009,5,Districte V,10,Pubilla Cases,518,75 i +,67,49,116
1999,6,Districte VI,12,Bellvitge,613,50-64,210,198,408
2012,2,Districte II,5,Collblanc,224,18-24,21,22,43
2000,1,Districte I,2,Sanfeliu,118,03-11,66,64,130
2007,2,Districte II,5,Collblanc,224,50-64,39,47,86
1999,5,Districte V,10,Pubilla Cases,524,16-17,9,11,20
2001,5,Districte V,10,Pubilla Cases,508,35-49,55,71,126
2009,6,Districte VI,12,Bellvitge,605,35-49,70,81,151
2003,5,Districte V,10,Pubilla Cases,513,00-02,12,12,24
2009,3,Districte III,6,Santa Eulàlia,304,25-34,201,204,405
2011,5,Districte V,10,Pubilla Cases,509,75 i +,41,19,60
2015,6,Districte VI,12,Bellvitge,609,18-24,18,25,43
2007,2,Districte II,5,Collblanc,216,16-17,5,10,15
2005,4,Districte IV,7,la Florida,405,50-64,75,56,131
2012,4,Districte IV,7,la Florida,407,03-11,45,51,96
2005,1,Districte I,1,Centre,134,50-64,119,115,234
2007,5,Districte V,10,Pubilla Cases,508,16-17,4,5,9
2008,1,Districte I,1,Centre,124,00-02,14,12,26
2016,3,Districte III,6,Santa Eulàlia,319,65-74,83,69,152
2012,4,Districte IV,7,la Florida,431,65-74,65,44,109
2010,4,Districte IV,7,la Florida,417,12-15,16,16,32
2002,2,Districte II,4,la Torrassa,245,25-34,101,107,208
1996,1,Districte I,3,Sant Josep,117,00-02,24,21,45
2005,1,Districte I,3,Sant Josep,126,00-02,11,12,23
2005,6,Districte VI,11,el Gornal,616,18-24,141,136,277
2012,3,Districte III,6,Santa Eulàlia,316,35-49,149,140,289
2003,5,Districte V,10,Pubilla Cases,522,65-74,41,40,81
2015,2,Districte II,4,la Torrassa,249,03-11,41,47,88
2012,4,Districte IV,7,la Florida,430,75 i +,53,34,87
2007,6,Districte VI,12,Bellvitge,605,75 i +,37,29,66
2014,1,Districte I,3,Sant Josep,120,50-64,205,193,398
2010,5,Districte V,10,Pubilla Cases,523,03-11,52,51,103
2016,1,Districte I,3,Sant Josep,115,18-24,32,44,76
2006,4,Districte IV,7,la Florida,421,25-34,85,103,188
2008,4,Districte IV,8,les Planes,401,12-15,24,16,40
2006,6,Districte VI,12,Bellvitge,620,65-74,42,42,84
1997,6,Districte VI,12,Bellvitge,627,25-34,68,81,149
2000,6,Districte VI,12,Bellvitge,612,03-11,33,32,65
2009,4,Districte IV,7,la Florida,426,25-34,100,143,243
2000,6,Districte VI,12,Bellvitge,612,18-24,58,71,129
2014,3,Districte III,6,Santa Eulàlia,304,03-11,163,158,321
2001,2,Districte II,5,Collblanc,204,25-34,45,49,94
2014,4,Districte IV,7,la Florida,411,75 i +,96,75,171
2014,1,Districte I,3,Sant Josep,138,03-11,24,22,46
2003,6,Districte VI,11,el Gornal,616,12-15,63,79,142
2007,6,Districte VI,12,Bellvitge,615,75 i +,34,19,53
2013,1,Districte I,3,Sant Josep,114,00-02,17,17,34
2009,5,Districte V,9,Can Serra,521,65-74,72,89,161
2008,1,Districte I,1,Centre,124,12-15,7,10,17
1995,6,Districte VI,12,Bellvitge,609,16-17,22,16,38
2010,6,Districte VI,12,Bellvitge,605,65-74,70,67,137
2000,2,Districte II,4,la Torrassa,249,18-24,47,49,96
1997,5,Districte V,9,Can Serra,501,35-49,157,131,288
1998,6,Districte VI,12,Bellvitge,605,65-74,41,33,74
2004,3,Districte III,6,Santa Eulàlia,308,03-11,81,98,179
2000,4,Districte IV,7,la Florida,423,00-02,7,10,17
2006,5,Districte V,10,Pubilla Cases,528,18-24,56,51,107
2003,2,Districte II,4,la Torrassa,211,25-34,136,161,297
2005,2,Districte II,4,la Torrassa,240,50-64,48,37,85
2011,3,Districte III,6,Santa Eulàlia,318,35-49,99,86,185
2015,1,Districte I,1,Centre,113,35-49,216,211,427
2011,5,Districte V,10,Pubilla Cases,515,03-11,26,26,52
2004,2,Districte II,5,Collblanc,213,00-02,9,17,26
2001,1,Districte I,3,Sant Josep,115,03-11,45,58,103
1996,4,Districte IV,7,la Florida,430,35-49,61,71,132
2000,4,Districte IV,7,la Florida,412,03-11,46,50,96
2004,4,Districte IV,7,la Florida,404,35-49,137,153,290
2006,3,Districte III,6,Santa Eulàlia,316,12-15,41,45,86
1994,2,Districte II,4,la Torrassa,236,35-49,100,86,186
2008,3,Districte III,6,Santa Eulàlia,304,75 i +,96,51,147
2009,6,Districte VI,12,Bellvitge,628,18-24,33,34,67
2012,2,Districte II,5,Collblanc,216,25-34,121,98,219
2004,3,Districte III,6,Santa Eulàlia,315,25-34,176,181,357
2007,3,Districte III,6,Santa Eulàlia,304,12-15,35,22,57
2005,6,Districte VI,12,Bellvitge,619,18-24,55,64,119
2010,5,Districte V,9,Can Serra,535,16-17,11,11,22
2003,6,Districte VI,12,Bellvitge,613,18-24,43,36,79
2010,5,Districte V,10,Pubilla Cases,538,65-74,74,46,120
2014,1,Districte I,2,Sanfeliu,116,50-64,139,111,250
2004,5,Districte V,10,Pubilla Cases,509,03-11,36,45,81
1997,2,Districte II,4,la Torrassa,217,12-15,12,12,24
1997,4,Districte IV,7,la Florida,428,35-49,45,40,85
1994,3,Districte III,6,Santa Eulàlia,308,75 i +,53,32,85
2014,1,Districte I,1,Centre,133,18-24,19,21,40
1997,4,Districte IV,7,la Florida,425,00-02,5,10,15
2001,1,Districte I,3,Sant Josep,122,00-02,10,15,25
2006,6,Districte VI,12,Bellvitge,613,16-17,5,7,12
2000,4,Districte IV,8,les Planes,401,65-74,103,86,189
1996,2,Districte II,5,Collblanc,208,65-74,137,107,244
2013,3,Districte III,6,Santa Eulàlia,324,00-02,16,27,43
2007,3,Districte III,6,Santa Eulàlia,310,65-74,45,27,72
2011,1,Districte I,1,Centre,130,25-34,65,42,107
2014,1,Districte I,1,Centre,131,00-02,20,12,32
2000,6,Districte VI,12,Bellvitge,623,18-24,102,128,230
2001,4,Districte IV,8,les Planes,436,00-02,14,14,28
2002,2,Districte II,4,la Torrassa,247,16-17,12,10,22
2006,1,Districte I,1,Centre,133,50-64,97,84,181
2011,5,Districte V,9,Can Serra,501,12-15,18,21,39
2008,2,Districte II,4,la Torrassa,236,03-11,38,37,75
2013,4,Districte IV,8,les Planes,433,03-11,75,104,179
2009,2,Districte II,5,Collblanc,212,75 i +,67,49,116
2014,1,Districte I,3,Sant Josep,139,65-74,51,49,100
2014,5,Districte V,10,Pubilla Cases,537,65-74,85,66,151
2007,4,Districte IV,7,la Florida,408,18-24,39,46,85
2005,2,Districte II,5,Collblanc,208,35-49,190,191,381
2011,6,Districte VI,12,Bellvitge,610,18-24,29,38,67
2010,4,Districte IV,8,les Planes,420,35-49,182,192,374
2003,4,Districte IV,7,la Florida,404,18-24,57,59,116
2011,5,Districte V,10,Pubilla Cases,527,03-11,45,59,104
2007,1,Districte I,1,Centre,108,00-02,11,19,30
1994,2,Districte II,4,la Torrassa,228,25-34,52,61,113
2003,2,Districte II,5,Collblanc,214,03-11,30,27,57
2001,4,Districte IV,7,la Florida,426,35-49,90,91,181
2009,2,Districte II,5,Collblanc,208,35-49,154,171,325
1998,3,Districte III,6,Santa Eulàlia,310,35-49,105,114,219
2002,4,Districte IV,7,la Florida,404,16-17,9,12,21
1995,5,Districte V,10,Pubilla Cases,523,25-34,109,100,209
2001,5,Districte V,10,Pubilla Cases,518,16-17,4,9,13
1999,5,Districte V,9,Can Serra,535,12-15,30,30,60
2003,3,Districte III,6,Santa Eulàlia,311,75 i +,84,49,133
2007,4,Districte IV,8,les Planes,437,18-24,47,44,91
1996,5,Districte V,9,Can Serra,501,75 i +,22,10,32
2008,6,Districte VI,11,el Gornal,608,00-02,10,6,16
1998,1,Districte I,1,Centre,105,03-11,48,65,113
1995,1,Districte I,1,Centre,123,16-17,14,21,35
2000,1,Districte I,2,Sanfeliu,118,75 i +,38,21,59
1996,3,Districte III,6,Santa Eulàlia,325,25-34,146,132,278
2012,1,Districte I,1,Centre,102,50-64,152,130,282
1997,5,Districte V,10,Pubilla Cases,533,50-64,95,86,181
2005,1,Districte I,1,Centre,131,18-24,61,48,109
1994,6,Districte VI,12,Bellvitge,607,50-64,167,161,328
2014,1,Districte I,3,Sant Josep,138,16-17,11,5,16
1996,4,Districte IV,8,les Planes,435,03-11,41,45,86
1994,1,Districte I,3,Sant Josep,106,12-15,83,77,160
2011,1,Districte I,1,Centre,131,03-11,42,63,105
1999,4,Districte IV,7,la Florida,403,25-34,69,97,166
2010,2,Districte II,5,Collblanc,213,03-11,27,55,82
1995,2,Districte II,5,Collblanc,203,16-17,6,5,11
2003,5,Districte V,10,Pubilla Cases,532,35-49,127,121,248
2005,6,Districte VI,12,Bellvitge,631,16-17,5,4,9
2006,4,Districte IV,7,la Florida,410,75 i +,110,97,207
1997,6,Districte VI,12,Bellvitge,615,00-02,3,4,7
2002,1,Districte I,3,Sant Josep,140,35-49,77,85,162
2003,4,Districte IV,7,la Florida,422,03-11,32,41,73
2016,2,Districte II,5,Collblanc,204,00-02,23,19,42
2002,3,Districte III,6,Santa Eulàlia,313,12-15,34,26,60
2011,3,Districte III,6,Santa Eulàlia,305,16-17,17,12,29
2000,2,Districte II,5,Collblanc,210,16-17,4,9,13
2008,1,Districte I,1,Centre,110,12-15,18,16,34
2010,3,Districte III,6,Santa Eulàlia,315,18-24,59,66,125
2009,2,Districte II,5,Collblanc,201,18-24,25,36,61
2007,2,Districte II,5,Collblanc,206,16-17,9,5,14
2015,2,Districte II,5,Collblanc,207,12-15,22,33,55
1994,3,Districte III,6,Santa Eulàlia,305,00-02,22,9,31
2000,4,Districte IV,7,la Florida,412,12-15,27,30,57
2009,4,Districte IV,8,les Planes,419,12-15,17,20,37
2008,3,Districte III,6,Santa Eulàlia,320,03-11,59,52,111
2006,5,Districte V,9,Can Serra,507,25-34,95,103,198
1998,1,Districte I,3,Sant Josep,136,03-11,52,41,93
2016,6,Districte VI,12,Bellvitge,607,50-64,95,84,179
2000,5,Districte V,10,Pubilla Cases,517,65-74,70,57,127
2003,5,Districte V,10,Pubilla Cases,534,18-24,49,43,92
2010,2,Districte II,4,la Torrassa,233,25-34,110,125,235
2007,1,Districte I,3,Sant Josep,138,65-74,36,38,74
1997,1,Districte I,2,Sanfeliu,132,16-17,30,44,74
2009,5,Districte V,10,Pubilla Cases,532,18-24,63,55,118
1994,2,Districte II,4,la Torrassa,234,16-17,14,10,24
2006,5,Districte V,10,Pubilla Cases,520,18-24,30,27,57
2002,3,Districte III,6,Santa Eulàlia,316,35-49,344,274,618
1999,6,Districte VI,12,Bellvitge,623,35-49,157,137,294
2007,1,Districte I,3,Sant Josep,126,03-11,40,36,76
2004,1,Districte I,1,Centre,134,00-02,12,18,30
2005,5,Districte V,9,Can Serra,535,00-02,10,8,18
2004,6,Districte VI,11,el Gornal,629,65-74,41,37,78
2002,2,Districte II,4,la Torrassa,234,16-17,8,7,15
2002,4,Districte IV,8,les Planes,420,50-64,111,79,190
2016,2,Districte II,5,Collblanc,216,50-64,113,105,218
2007,4,Districte IV,8,les Planes,419,35-49,112,142,254
2014,5,Districte V,9,Can Serra,503,65-74,47,54,101
1998,2,Districte II,5,Collblanc,219,50-64,108,99,207
1998,5,Districte V,10,Pubilla Cases,538,75 i +,56,26,82
2003,5,Districte V,10,Pubilla Cases,538,75 i +,68,34,102
1996,5,Districte V,10,Pubilla Cases,518,03-11,29,38,67
2016,1,Districte I,3,Sant Josep,125,25-34,85,91,176
2012,5,Districte V,9,Can Serra,521,25-34,56,49,105
1994,2,Districte II,5,Collblanc,204,16-17,8,4,12
2006,6,Districte VI,12,Bellvitge,611,65-74,101,110,211
1998,1,Districte I,3,Sant Josep,127,03-11,49,44,93
1995,3,Districte III,6,Santa Eulàlia,309,03-11,23,33,56
1997,2,Districte II,4,la Torrassa,233,03-11,23,19,42
2012,3,Districte III,6,Santa Eulàlia,321,50-64,306,263,569
2004,5,Districte V,10,Pubilla Cases,537,03-11,45,47,92
2015,6,Districte VI,12,Bellvitge,619,65-74,96,67,163
1997,2,Districte II,5,Collblanc,220,12-15,11,15,26
2013,4,Districte IV,8,les Planes,401,65-74,54,52,106
1999,1,Districte I,3,Sant Josep,125,75 i +,30,23,53
2011,2,Districte II,4,la Torrassa,211,35-49,169,195,364
2002,3,Districte III,6,Santa Eulàlia,317,00-02,18,12,30
2001,2,Districte II,4,la Torrassa,237,65-74,87,64,151
1995,5,Districte V,10,Pubilla Cases,519,35-49,33,30,63
2014,4,Districte IV,8,les Planes,433,75 i +,90,46,136
2005,5,Districte V,10,Pubilla Cases,537,18-24,57,60,117
2015,2,Districte II,4,la Torrassa,246,12-15,13,20,33
2008,6,Districte VI,12,Bellvitge,624,25-34,98,113,211
1997,4,Districte IV,7,la Florida,421,35-49,83,76,159
1998,2,Districte II,5,Collblanc,201,16-17,4,3,7
2015,4,Districte IV,8,les Planes,420,75 i +,136,92,228
2010,6,Districte VI,12,Bellvitge,615,75 i +,32,27,59
1996,1,Districte I,1,Centre,108,65-74,96,83,179
2010,1,Districte I,1,Centre,111,18-24,35,31,66
2010,1,Districte I,3,Sant Josep,122,75 i +,56,36,92
1996,5,Districte V,9,Can Serra,505,16-17,29,16,45
2011,5,Districte V,10,Pubilla Cases,518,18-24,44,41,85
2006,4,Districte IV,8,les Planes,419,12-15,14,11,25
1997,2,Districte II,4,la Torrassa,229,03-11,15,21,36
2002,1,Districte I,1,Centre,112,75 i +,62,23,85
2004,3,Districte III,6,Santa Eulàlia,310,75 i +,36,23,59
1994,1,Districte I,2,Sanfeliu,132,25-34,174,180,354
2003,4,Districte IV,7,la Florida,414,75 i +,54,37,91
2001,5,Districte V,10,Pubilla Cases,515,50-64,50,46,96
2012,4,Districte IV,8,les Planes,420,65-74,65,38,103
2000,1,Districte I,2,Sanfeliu,118,25-34,135,140,275
2011,4,Districte IV,8,les Planes,434,25-34,52,38,90
2009,2,Districte II,4,la Torrassa,230,65-74,37,29,66
2001,3,Districte III,6,Santa Eulàlia,318,12-15,27,28,55
1998,1,Districte I,1,Centre,102,65-74,88,62,150
2002,1,Districte I,1,Centre,101,65-74,42,48,90
2003,6,Districte VI,12,Bellvitge,624,50-64,172,158,330
1997,6,Districte VI,12,Bellvitge,627,00-02,8,15,23
1995,2,Districte II,5,Collblanc,222,16-17,10,11,21
2011,6,Districte VI,12,Bellvitge,623,18-24,26,35,61
2010,6,Districte VI,11,el Gornal,626,50-64,86,81,167
1995,5,Districte V,10,Pubilla Cases,514,12-15,14,20,34
2010,1,Districte I,2,Sanfeliu,132,65-74,101,90,191
2007,6,Districte VI,12,Bellvitge,610,03-11,44,49,93
2011,5,Districte V,9,Can Serra,506,25-34,97,120,217
2009,3,Districte III,6,Santa Eulàlia,305,12-15,34,30,64
2012,4,Districte IV,8,les Planes,442,65-74,35,34,69
2007,4,Districte IV,7,la Florida,405,50-64,64,58,122
1996,2,Districte II,5,Collblanc,204,25-34,44,46,90
2001,2,Districte II,5,Collblanc,222,03-11,37,24,61
1994,3,Districte III,6,Santa Eulàlia,309,65-74,28,23,51
2014,6,Districte VI,12,Bellvitge,601,12-15,28,29,57
2004,5,Districte V,10,Pubilla Cases,537,12-15,26,16,42
1994,1,Districte I,1,Centre,101,18-24,54,65,119
2008,1,Districte I,3,Sant Josep,115,25-34,119,119,238
2005,4,Districte IV,8,les Planes,434,65-74,45,22,67
1997,2,Districte II,4,la Torrassa,233,50-64,81,76,157
2010,5,Districte V,10,Pubilla Cases,519,50-64,37,24,61
2013,4,Districte IV,7,la Florida,427,12-15,31,34,65
2014,2,Districte II,4,la Torrassa,246,50-64,93,88,181
2000,5,Districte V,10,Pubilla Cases,517,03-11,34,42,76
2000,2,Districte II,4,la Torrassa,248,12-15,23,17,40
2010,6,Districte VI,12,Bellvitge,618,16-17,2,4,6
2000,3,Districte III,6,Santa Eulàlia,322,65-74,58,49,107
1995,6,Districte VI,11,el Gornal,608,25-34,87,95,182
2003,1,Districte I,3,Sant Josep,125,16-17,12,8,20
2010,3,Districte III,6,Santa Eulàlia,307,18-24,42,55,97
1996,6,Districte VI,11,el Gornal,617,65-74,46,44,90
2010,1,Districte I,1,Centre,110,75 i +,70,35,105
2004,1,Districte I,3,Sant Josep,125,35-49,146,153,299
1995,4,Districte IV,7,la Florida,413,03-11,19,21,40
2013,5,Districte V,10,Pubilla Cases,532,18-24,54,41,95
1999,5,Districte V,10,Pubilla Cases,533,00-02,9,3,12
1996,1,Districte I,3,Sant Josep,125,65-74,56,32,88
1994,2,Districte II,5,Collblanc,216,25-34,87,79,166
2001,4,Districte IV,8,les Planes,442,35-49,58,58,116
2015,6,Districte VI,12,Bellvitge,619,12-15,18,21,39
1996,4,Districte IV,8,les Planes,439,50-64,111,108,219
2009,2,Districte II,4,la Torrassa,247,16-17,15,10,25
2005,2,Districte II,4,la Torrassa,234,75 i +,73,44,117
2001,5,Districte V,10,Pubilla Cases,538,12-15,15,17,32
2000,1,Districte I,1,Centre,101,35-49,147,156,303
1998,1,Districte I,3,Sant Josep,120,25-34,110,109,219
2006,1,Districte I,3,Sant Josep,137,35-49,171,158,329
2003,3,Districte III,6,Santa Eulàlia,305,03-11,74,48,122
1996,2,Districte II,5,Collblanc,201,25-34,46,56,102
2014,5,Districte V,10,Pubilla Cases,520,18-24,29,32,61
2009,1,Districte I,3,Sant Josep,121,00-02,12,16,28
2006,1,Districte I,1,Centre,108,65-74,69,50,119
1996,2,Districte II,4,la Torrassa,218,50-64,70,70,140
1998,1,Districte I,1,Centre,131,35-49,182,178,360
2012,5,Districte V,9,Can Serra,506,00-02,13,17,30
1998,5,Districte V,10,Pubilla Cases,514,16-17,7,9,16
1994,2,Districte II,4,la Torrassa,240,16-17,10,9,19
2004,1,Districte I,3,Sant Josep,122,16-17,7,8,15
1995,5,Districte V,10,Pubilla Cases,538,65-74,74,65,139
2010,2,Districte II,5,Collblanc,220,12-15,19,11,30
2013,3,Districte III,6,Santa Eulàlia,312,65-74,133,96,229
2014,2,Districte II,4,la Torrassa,246,03-11,58,46,104
1999,2,Districte II,5,Collblanc,223,03-11,44,41,85
2010,2,Districte II,4,la Torrassa,230,18-24,37,42,79
1995,4,Districte IV,8,les Planes,439,35-49,57,64,121
2008,1,Districte I,3,Sant Josep,138,75 i +,37,27,64
2003,3,Districte III,6,Santa Eulàlia,307,18-24,78,71,149
2012,6,Districte VI,12,Bellvitge,611,00-02,29,34,63
2006,5,Districte V,9,Can Serra,504,75 i +,65,49,114
2006,6,Districte VI,11,el Gornal,617,35-49,91,101,192
2010,2,Districte II,5,Collblanc,223,65-74,61,51,112
2005,6,Districte VI,11,el Gornal,632,03-11,43,38,81
2016,3,Districte III,6,Santa Eulàlia,302,50-64,137,92,229
2012,1,Districte I,1,Centre,113,16-17,10,13,23
2012,4,Districte IV,8,les Planes,429,50-64,67,65,132
2008,1,Districte I,1,Centre,128,75 i +,47,33,80
2002,3,Districte III,6,Santa Eulàlia,320,25-34,106,117,223
1998,4,Districte IV,7,la Florida,405,18-24,48,48,96
2006,6,Districte VI,12,Bellvitge,612,16-17,5,11,16
2016,5,Districte V,10,Pubilla Cases,538,18-24,48,51,99
1998,1,Districte I,2,Sanfeliu,116,12-15,40,29,69
1995,1,Districte I,1,Centre,131,65-74,52,49,101
2003,5,Districte V,10,Pubilla Cases,528,65-74,60,56,116
1997,4,Districte IV,7,la Florida,427,00-02,5,9,14
2007,5,Districte V,10,Pubilla Cases,525,00-02,22,14,36
2002,4,Districte IV,8,les Planes,442,65-74,29,23,52
2011,4,Districte IV,8,les Planes,439,03-11,58,67,125
2013,2,Districte II,4,la Torrassa,237,16-17,12,11,23
2008,2,Districte II,4,la Torrassa,229,35-49,109,114,223
2005,1,Districte I,3,Sant Josep,136,12-15,20,22,42
2008,1,Districte I,1,Centre,123,16-17,15,11,26
2013,4,Districte IV,7,la Florida,432,00-02,16,12,28
2009,1,Districte I,3,Sant Josep,114,35-49,170,179,349
2003,6,Districte VI,12,Bellvitge,614,50-64,136,109,245
1998,1,Districte I,1,Centre,124,03-11,29,29,58
2004,1,Districte I,1,Centre,124,03-11,18,27,45
1998,5,Districte V,10,Pubilla Cases,518,12-15,14,23,37
2006,3,Districte III,6,Santa Eulàlia,322,35-49,137,145,282
2000,2,Districte II,5,Collblanc,205,75 i +,37,21,58
2013,4,Districte IV,8,les Planes,420,50-64,175,156,331
1998,5,Districte V,10,Pubilla Cases,525,50-64,98,84,182
2014,5,Districte V,10,Pubilla Cases,511,65-74,103,84,187
2005,5,Districte V,10,Pubilla Cases,523,35-49,153,154,307
2012,1,Districte I,3,Sant Josep,122,25-34,61,61,122
2013,3,Districte III,6,Santa Eulàlia,317,25-34,93,102,195
2011,2,Districte II,5,Collblanc,215,12-15,18,15,33
2016,4,Districte IV,7,la Florida,412,18-24,63,53,116
2014,4,Districte IV,7,la Florida,432,00-02,19,18,37
2007,1,Districte I,1,Centre,135,00-02,21,23,44
2003,1,Districte I,2,Sanfeliu,116,35-49,159,147,306
2010,2,Districte II,4,la Torrassa,240,16-17,9,7,16
1996,1,Districte I,1,Centre,112,18-24,100,100,200
2009,4,Districte IV,8,les Planes,441,50-64,252,219,471
2011,6,Districte VI,12,Bellvitge,607,35-49,122,142,264
2015,6,Districte VI,12,Bellvitge,610,50-64,89,73,162
1998,1,Districte I,1,Centre,103,35-49,88,71,159
2015,2,Districte II,5,Collblanc,208,75 i +,234,127,361
2012,2,Districte II,5,Collblanc,225,65-74,33,19,52
2015,4,Districte IV,8,les Planes,435,25-34,95,89,184
2010,2,Districte II,5,Collblanc,216,75 i +,72,53,125
1994,2,Districte II,4,la Torrassa,238,75 i +,44,19,63
2006,2,Districte II,4,la Torrassa,237,03-11,48,52,100
2010,1,Districte I,3,Sant Josep,136,16-17,8,7,15
2005,5,Districte V,10,Pubilla Cases,530,75 i +,87,47,134
2004,5,Districte V,10,Pubilla Cases,526,00-02,17,8,25
2005,5,Districte V,10,Pubilla Cases,536,18-24,36,31,67
1998,3,Districte III,6,Santa Eulàlia,301,16-17,21,26,47
2001,4,Districte IV,7,la Florida,417,25-34,53,51,104
2006,5,Districte V,10,Pubilla Cases,525,16-17,10,5,15
1998,2,Districte II,5,Collblanc,205,03-11,29,30,59
2011,2,Districte II,4,la Torrassa,245,18-24,50,48,98
2012,5,Districte V,9,Can Serra,505,12-15,12,13,25
2001,4,Districte IV,8,les Planes,442,50-64,62,56,118
2014,6,Districte VI,11,el Gornal,608,00-02,17,15,32
2016,6,Districte VI,12,Bellvitge,621,50-64,157,98,255
2009,4,Districte IV,7,la Florida,408,65-74,51,31,82
2011,2,Districte II,4,la Torrassa,249,35-49,140,145,285
2009,4,Districte IV,7,la Florida,432,03-11,46,37,83
2005,5,Districte V,10,Pubilla Cases,529,00-02,8,18,26
2004,4,Districte IV,7,la Florida,403,35-49,93,104,197
2012,5,Districte V,10,Pubilla Cases,510,35-49,131,154,285
1995,2,Districte II,5,Collblanc,223,50-64,129,128,257
1997,1,Districte I,1,Centre,135,35-49,174,163,337
1997,4,Districte IV,7,la Florida,404,50-64,145,124,269
2005,6,Districte VI,12,Bellvitge,607,50-64,107,69,176
1996,3,Districte III,6,Santa Eulàlia,311,50-64,136,139,275
2003,5,Districte V,10,Pubilla Cases,508,18-24,34,37,71
2010,2,Districte II,4,la Torrassa,233,75 i +,55,34,89
2010,4,Districte IV,7,la Florida,421,50-64,78,71,149
2000,5,Districte V,9,Can Serra,507,35-49,78,75,153
2000,2,Districte II,5,Collblanc,203,25-34,59,53,112
2006,4,Districte IV,7,la Florida,431,65-74,78,59,137
2004,4,Districte IV,7,la Florida,426,18-24,59,51,110
2009,2,Districte II,4,la Torrassa,232,16-17,10,6,16
2011,2,Districte II,5,Collblanc,213,35-49,122,111,233
2009,6,Districte VI,12,Bellvitge,628,12-15,18,14,32
1999,6,Districte VI,12,Bellvitge,615,50-64,170,149,319
1995,1,Districte I,1,Centre,102,75 i +,62,24,86
2005,5,Districte V,10,Pubilla Cases,537,65-74,75,71,146
1999,5,Districte V,10,Pubilla Cases,518,03-11,35,29,64
2012,5,Districte V,9,Can Serra,503,12-15,11,11,22
2015,1,Districte I,3,Sant Josep,114,65-74,127,88,215
2014,2,Districte II,4,la Torrassa,233,03-11,35,37,72
2005,1,Districte I,1,Centre,112,18-24,70,68,138
2006,1,Districte I,2,Sanfeliu,118,65-74,49,59,108
1996,4,Districte IV,7,la Florida,424,25-34,38,60,98
2002,6,Districte VI,12,Bellvitge,631,25-34,108,133,241
2012,4,Districte IV,7,la Florida,424,16-17,3,6,9
2000,2,Districte II,5,Collblanc,219,75 i +,83,40,123
2012,2,Districte II,5,Collblanc,209,65-74,49,30,79
2003,5,Districte V,10,Pubilla Cases,530,00-02,13,21,34
2010,2,Districte II,5,Collblanc,206,00-02,10,17,27
2003,5,Districte V,10,Pubilla Cases,536,35-49,87,100,187
2002,1,Districte I,3,Sant Josep,139,00-02,15,13,28
2016,2,Districte II,4,la Torrassa,246,35-49,168,181,349
2001,1,Districte I,3,Sant Josep,140,00-02,15,6,21
2011,4,Districte IV,7,la Florida,425,18-24,34,53,87
2010,2,Districte II,5,Collblanc,244,03-11,26,28,54
2005,3,Districte III,6,Santa Eulàlia,303,75 i +,86,62,148
2008,6,Districte VI,12,Bellvitge,623,03-11,55,67,122
2014,4,Districte IV,8,les Planes,433,50-64,138,154,292
1997,3,Districte III,6,Santa Eulàlia,312,18-24,87,105,192
1997,4,Districte IV,7,la Florida,415,25-34,69,56,125
2009,5,Districte V,10,Pubilla Cases,529,03-11,52,62,114
1999,2,Districte II,5,Collblanc,214,50-64,65,55,120
2007,6,Districte VI,11,el Gornal,617,03-11,31,49,80
1996,1,Districte I,3,Sant Josep,127,00-02,11,7,18
2016,4,Districte IV,8,les Planes,440,18-24,40,34,74
2009,4,Districte IV,7,la Florida,411,75 i +,95,60,155
2010,4,Districte IV,7,la Florida,427,18-24,34,36,70
2012,3,Districte III,6,Santa Eulàlia,304,75 i +,102,58,160
1995,5,Districte V,10,Pubilla Cases,531,35-49,77,76,153
1995,5,Districte V,10,Pubilla Cases,538,35-49,95,102,197
1996,4,Districte IV,7,la Florida,416,35-49,48,44,92
2008,3,Districte III,6,Santa Eulàlia,325,35-49,211,175,386
1996,4,Districte IV,8,les Planes,433,75 i +,34,21,55
2015,5,Districte V,9,Can Serra,501,75 i +,40,35,75
1994,2,Districte II,4,la Torrassa,247,65-74,79,66,145
2010,2,Districte II,4,la Torrassa,241,35-49,116,110,226
2009,5,Districte V,10,Pubilla Cases,524,35-49,167,183,350
2005,5,Districte V,10,Pubilla Cases,513,75 i +,40,20,60
2006,5,Districte V,10,Pubilla Cases,523,18-24,61,78,139
2009,5,Districte V,9,Can Serra,521,16-17,5,4,9
1996,6,Districte VI,12,Bellvitge,613,50-64,202,228,430
2005,2,Districte II,5,Collblanc,223,25-34,127,121,248
2013,6,Districte VI,11,el Gornal,622,25-34,46,43,89
2001,4,Districte IV,7,la Florida,413,75 i +,34,19,53
2001,3,Districte III,6,Santa Eulàlia,317,35-49,86,108,194
2001,2,Districte II,5,Collblanc,209,65-74,66,54,120
1995,2,Districte II,5,Collblanc,213,12-15,19,28,47
2001,3,Districte III,6,Santa Eulàlia,317,18-24,44,54,98
2015,2,Districte II,4,la Torrassa,245,50-64,94,87,181
2012,6,Districte VI,12,Bellvitge,621,75 i +,48,28,76
2006,6,Districte VI,12,Bellvitge,611,50-64,158,119,277
1994,1,Districte I,1,Centre,130,65-74,65,60,125
2013,1,Districte I,1,Centre,124,35-49,93,80,173
2005,2,Districte II,4,la Torrassa,228,03-11,20,20,40
1996,2,Districte II,4,la Torrassa,249,18-24,54,58,112
2009,4,Districte IV,7,la Florida,416,03-11,35,42,77
2006,3,Districte III,6,Santa Eulàlia,314,65-74,71,73,144
2004,4,Districte IV,8,les Planes,420,50-64,109,85,194
2002,4,Districte IV,8,les Planes,441,50-64,208,193,401
2002,5,Districte V,10,Pubilla Cases,532,35-49,114,108,222
2000,4,Districte IV,8,les Planes,441,03-11,69,69,138
2012,4,Districte IV,7,la Florida,421,16-17,11,12,23
1999,2,Districte II,4,la Torrassa,243,18-24,48,50,98
2013,5,Districte V,10,Pubilla Cases,523,00-02,23,18,41
2009,5,Districte V,9,Can Serra,506,00-02,10,25,35
1996,1,Districte I,2,Sanfeliu,129,12-15,27,19,46
1994,5,Districte V,10,Pubilla Cases,527,65-74,61,45,106
2002,5,Districte V,9,Can Serra,502,18-24,96,80,176
2012,1,Districte I,1,Centre,110,16-17,8,6,14
1994,4,Districte IV,8,les Planes,440,65-74,60,50,110
2004,5,Districte V,10,Pubilla Cases,512,25-34,80,100,180
2002,2,Districte II,4,la Torrassa,233,35-49,85,88,173
2008,1,Districte I,1,Centre,104,75 i +,78,42,120
1998,2,Districte II,5,Collblanc,227,75 i +,44,22,66
2003,5,Districte V,10,Pubilla Cases,513,50-64,70,53,123
2004,2,Districte II,4,la Torrassa,235,25-34,158,175,333
2008,4,Districte IV,7,la Florida,421,16-17,8,15,23
2003,2,Districte II,5,Collblanc,209,75 i +,87,51,138
2006,6,Districte VI,12,Bellvitge,619,25-34,85,101,186
2002,1,Districte I,1,Centre,110,12-15,18,24,42
2014,4,Districte IV,8,les Planes,418,12-15,31,27,58
1994,2,Districte II,4,la Torrassa,247,25-34,110,100,210
2014,2,Districte II,4,la Torrassa,228,18-24,88,89,177
2016,5,Districte V,10,Pubilla Cases,533,35-49,238,255,493
1998,1,Districte I,1,Centre,111,50-64,119,107,226
1999,5,Districte V,10,Pubilla Cases,511,18-24,30,30,60
1997,3,Districte III,6,Santa Eulàlia,318,25-34,77,62,139
2006,5,Districte V,10,Pubilla Cases,523,35-49,154,169,323
1995,4,Districte IV,7,la Florida,425,50-64,103,97,200
2005,4,Districte IV,7,la Florida,407,00-02,9,15,24
2014,1,Districte I,2,Sanfeliu,118,25-34,96,87,183
2010,6,Districte VI,11,el Gornal,622,03-11,27,38,65
2016,3,Districte III,6,Santa Eulàlia,313,50-64,213,178,391
2006,6,Districte VI,12,Bellvitge,619,35-49,133,128,261
1996,6,Districte VI,12,Bellvitge,623,12-15,38,54,92
2015,4,Districte IV,7,la Florida,425,50-64,84,94,178
2001,2,Districte II,5,Collblanc,212,25-34,121,128,249
2002,1,Districte I,3,Sant Josep,115,16-17,8,18,26
1999,6,Districte VI,12,Bellvitge,615,03-11,7,17,24
2014,3,Districte III,6,Santa Eulàlia,309,16-17,9,7,16
1997,2,Districte II,5,Collblanc,221,75 i +,40,29,69
2004,4,Districte IV,7,la Florida,407,00-02,11,15,26
2000,3,Districte III,6,Santa Eulàlia,325,65-74,123,104,227
2016,4,Districte IV,8,les Planes,435,12-15,20,12,32
2008,1,Districte I,1,Centre,105,12-15,16,20,36
2009,1,Districte I,2,Sanfeliu,116,00-02,18,24,42
2000,5,Districte V,10,Pubilla Cases,518,75 i +,59,25,84
1998,4,Districte IV,8,les Planes,429,03-11,14,23,37
2003,2,Districte II,5,Collblanc,227,16-17,2,4,6
1999,6,Districte VI,12,Bellvitge,607,35-49,83,94,177
2008,4,Districte IV,8,les Planes,438,12-15,12,14,26
1994,6,Districte VI,12,Bellvitge,631,75 i +,26,15,41
2010,4,Districte IV,7,la Florida,423,25-34,105,110,215
2013,6,Districte VI,11,el Gornal,622,35-49,99,110,209
2015,4,Districte IV,7,la Florida,405,12-15,34,29,63
1995,1,Districte I,3,Sant Josep,136,35-49,153,149,302
2016,1,Districte I,3,Sant Josep,136,35-49,156,159,315
2003,4,Districte IV,7,la Florida,402,35-49,89,97,186
2011,6,Districte VI,12,Bellvitge,607,12-15,13,17,30
1998,1,Districte I,1,Centre,104,03-11,23,20,43
2007,6,Districte VI,12,Bellvitge,607,50-64,96,58,154
2014,1,Districte I,3,Sant Josep,139,03-11,32,35,67
2003,2,Districte II,4,la Torrassa,211,03-11,42,54,96
2002,4,Districte IV,7,la Florida,424,03-11,18,17,35
2016,4,Districte IV,7,la Florida,405,12-15,35,27,62
2005,6,Districte VI,12,Bellvitge,614,50-64,117,103,220
2015,4,Districte IV,7,la Florida,426,18-24,37,50,87
1994,2,Districte II,4,la Torrassa,238,65-74,68,50,118
1995,2,Districte II,4,la Torrassa,233,18-24,36,44,80
2001,1,Districte I,3,Sant Josep,125,65-74,49,50,99
2003,4,Districte IV,7,la Florida,406,25-34,102,123,225
2011,2,Districte II,5,Collblanc,220,12-15,13,13,26
2011,5,Districte V,10,Pubilla Cases,538,25-34,80,111,191
1995,1,Districte I,1,Centre,110,25-34,89,89,178
2005,2,Districte II,4,la Torrassa,218,00-02,8,5,13
1994,4,Districte IV,7,la Florida,406,12-15,40,38,78
2004,4,Districte IV,8,les Planes,440,03-11,32,35,67
2012,3,Districte III,6,Santa Eulàlia,306,50-64,165,141,306
2013,2,Districte II,4,la Torrassa,247,65-74,57,42,99
2012,5,Districte V,10,Pubilla Cases,519,00-02,10,9,19
2003,4,Districte IV,7,la Florida,423,35-49,98,103,201
1994,6,Districte VI,12,Bellvitge,623,03-11,61,70,131
2011,1,Districte I,1,Centre,104,35-49,102,136,238
2001,1,Districte I,2,Sanfeliu,129,18-24,62,52,114
2012,5,Districte V,10,Pubilla Cases,527,35-49,137,160,297
2013,4,Districte IV,8,les Planes,440,18-24,32,33,65
2002,4,Districte IV,7,la Florida,405,65-74,86,84,170
2001,5,Districte V,9,Can Serra,504,65-74,85,76,161
2006,3,Districte III,6,Santa Eulàlia,312,12-15,24,19,43
2002,3,Districte III,6,Santa Eulàlia,318,18-24,58,38,96
2009,1,Districte I,1,Centre,134,12-15,24,27,51
2010,2,Districte II,5,Collblanc,213,65-74,48,47,95
2012,4,Districte IV,8,les Planes,420,50-64,108,96,204
2012,2,Districte II,5,Collblanc,210,18-24,16,21,37
2000,2,Districte II,5,Collblanc,212,00-02,16,14,30
2002,5,Districte V,10,Pubilla Cases,510,65-74,60,54,114
2016,4,Districte IV,8,les Planes,440,00-02,11,12,23
2001,2,Districte II,5,Collblanc,215,00-02,4,8,12
2006,2,Districte II,4,la Torrassa,248,12-15,25,19,44
2005,2,Districte II,5,Collblanc,204,25-34,48,66,114
1997,5,Districte V,10,Pubilla Cases,509,75 i +,38,16,54
2000,3,Districte III,6,Santa Eulàlia,321,35-49,315,299,614
1995,4,Districte IV,8,les Planes,420,65-74,74,55,129
1997,4,Districte IV,8,les Planes,439,50-64,107,103,210
2006,6,Districte VI,12,Bellvitge,602,18-24,19,24,43
1994,5,Districte V,9,Can Serra,507,00-02,9,10,19
2014,5,Districte V,10,Pubilla Cases,537,03-11,43,37,80
2015,1,Districte I,3,Sant Josep,117,25-34,113,122,235
1994,5,Districte V,10,Pubilla Cases,529,12-15,23,24,47
1994,4,Districte IV,7,la Florida,428,75 i +,32,16,48
2005,4,Districte IV,7,la Florida,415,16-17,5,5,10
2010,6,Districte VI,12,Bellvitge,619,16-17,9,10,19
1998,6,Districte VI,12,Bellvitge,631,03-11,37,27,64
2004,2,Districte II,4,la Torrassa,230,16-17,5,9,14
1996,3,Districte III,6,Santa Eulàlia,314,03-11,116,153,269
2015,5,Districte V,10,Pubilla Cases,531,35-49,114,126,240
2012,5,Districte V,10,Pubilla Cases,520,18-24,38,30,68
2009,3,Districte III,6,Santa Eulàlia,314,35-49,282,283,565
2009,4,Districte IV,7,la Florida,422,03-11,43,47,90
1998,6,Districte VI,12,Bellvitge,603,03-11,20,28,48
2007,4,Districte IV,7,la Florida,413,25-34,52,60,112
2004,5,Districte V,10,Pubilla Cases,518,65-74,82,80,162
1995,6,Districte VI,12,Bellvitge,631,65-74,34,37,71
2005,4,Districte IV,7,la Florida,415,25-34,85,118,203
1994,2,Districte II,5,Collblanc,224,12-15,11,11,22
2010,5,Districte V,10,Pubilla Cases,516,50-64,40,48,88
2007,2,Districte II,5,Collblanc,223,18-24,46,43,89
2004,2,Districte II,4,la Torrassa,236,18-24,47,44,91
2007,4,Districte IV,8,les Planes,435,18-24,61,76,137
2005,2,Districte II,5,Collblanc,215,18-24,42,35,77
2000,5,Districte V,10,Pubilla Cases,516,03-11,16,26,42
2016,4,Districte IV,7,la Florida,425,16-17,7,8,15
2005,3,Districte III,6,Santa Eulàlia,324,75 i +,49,25,74
1995,5,Districte V,10,Pubilla Cases,508,16-17,13,11,24
2011,2,Districte II,4,la Torrassa,243,16-17,13,11,24
1998,1,Districte I,3,Sant Josep,125,12-15,27,22,49
2002,1,Districte I,1,Centre,130,75 i +,65,36,101
1998,2,Districte II,4,la Torrassa,234,50-64,81,71,152
2015,4,Districte IV,8,les Planes,436,16-17,18,20,38
2005,1,Districte I,1,Centre,108,65-74,70,60,130
2009,5,Districte V,10,Pubilla Cases,514,16-17,7,6,13
2004,5,Districte V,10,Pubilla Cases,512,00-02,10,11,21
1997,5,Districte V,10,Pubilla Cases,517,50-64,114,106,220
2006,5,Districte V,9,Can Serra,502,03-11,41,48,89
2008,3,Districte III,6,Santa Eulàlia,320,25-34,76,83,159
2001,2,Districte II,5,Collblanc,206,75 i +,66,31,97
1996,1,Districte I,2,Sanfeliu,132,75 i +,54,24,78
2013,1,Districte I,1,Centre,101,00-02,25,39,64
2013,1,Districte I,3,Sant Josep,122,03-11,37,39,76
1997,6,Districte VI,11,el Gornal,622,75 i +,35,11,46
1999,1,Districte I,1,Centre,103,35-49,88,71,159
2012,5,Districte V,9,Can Serra,502,75 i +,127,69,196
2005,2,Districte II,5,Collblanc,212,12-15,26,27,53
2010,3,Districte III,6,Santa Eulàlia,308,25-34,146,143,289
2009,1,Districte I,3,Sant Josep,115,03-11,39,44,83
2006,2,Districte II,4,la Torrassa,235,03-11,53,68,121
2001,4,Districte IV,8,les Planes,436,16-17,7,12,19
2010,3,Districte III,6,Santa Eulàlia,307,50-64,207,153,360
1997,4,Districte IV,7,la Florida,430,18-24,48,42,90
2014,3,Districte III,6,Santa Eulàlia,301,35-49,387,404,791
2004,1,Districte I,1,Centre,103,16-17,7,3,10
2015,1,Districte I,3,Sant Josep,127,00-02,13,4,17
1994,4,Districte IV,7,la Florida,425,03-11,29,25,54
2000,3,Districte III,6,Santa Eulàlia,308,00-02,18,25,43
2007,6,Districte VI,12,Bellvitge,613,03-11,45,37,82
2007,5,Districte V,10,Pubilla Cases,523,25-34,126,164,290
1997,1,Districte I,3,Sant Josep,140,25-34,82,92,174
1996,5,Districte V,10,Pubilla Cases,508,18-24,47,30,77
2003,4,Districte IV,7,la Florida,404,00-02,14,24,38
2006,4,Districte IV,7,la Florida,407,25-34,105,119,224
1994,4,Districte IV,7,la Florida,417,25-34,54,59,113
2016,5,Districte V,10,Pubilla Cases,523,50-64,112,118,230
2015,5,Districte V,9,Can Serra,521,12-15,15,16,31
2015,6,Districte VI,11,el Gornal,626,75 i +,66,46,112
1997,5,Districte V,10,Pubilla Cases,532,50-64,157,156,313
1996,2,Districte II,4,la Torrassa,245,35-49,79,84,163
1999,1,Districte I,1,Centre,110,25-34,95,100,195
1997,2,Districte II,4,la Torrassa,238,65-74,63,47,110
1996,3,Districte III,6,Santa Eulàlia,315,65-74,53,46,99
2010,1,Districte I,3,Sant Josep,106,16-17,15,15,30
2007,4,Districte IV,7,la Florida,405,00-02,10,14,24
2004,3,Districte III,6,Santa Eulàlia,310,00-02,14,20,34
2005,5,Districte V,10,Pubilla Cases,520,75 i +,51,32,83
1995,2,Districte II,5,Collblanc,201,65-74,41,36,77
2006,2,Districte II,5,Collblanc,225,75 i +,48,28,76
2010,2,Districte II,4,la Torrassa,217,75 i +,42,26,68
2009,5,Districte V,10,Pubilla Cases,528,00-02,25,23,48
1997,2,Districte II,4,la Torrassa,236,65-74,91,69,160
2004,3,Districte III,6,Santa Eulàlia,305,65-74,63,59,122
2001,4,Districte IV,8,les Planes,441,03-11,62,63,125
2006,2,Districte II,4,la Torrassa,230,00-02,14,7,21
1999,5,Districte V,9,Can Serra,502,50-64,154,161,315
2006,2,Districte II,4,la Torrassa,238,75 i +,66,39,105
2009,6,Districte VI,12,Bellvitge,624,65-74,72,73,145
2016,1,Districte I,1,Centre,109,35-49,130,129,259
2003,2,Districte II,4,la Torrassa,211,16-17,11,10,21
2001,4,Districte IV,7,la Florida,403,25-34,78,101,179
2016,3,Districte III,6,Santa Eulàlia,315,16-17,18,15,33
2016,2,Districte II,5,Collblanc,221,18-24,83,81,164
2004,4,Districte IV,7,la Florida,404,75 i +,65,31,96
2002,3,Districte III,6,Santa Eulàlia,306,35-49,171,178,349
2006,1,Districte I,1,Centre,103,12-15,15,6,21
2007,2,Districte II,5,Collblanc,202,12-15,12,16,28
1997,2,Districte II,5,Collblanc,205,50-64,86,77,163
2003,4,Districte IV,8,les Planes,438,65-74,51,51,102
1998,2,Districte II,4,la Torrassa,237,00-02,8,9,17
2013,2,Districte II,4,la Torrassa,239,03-11,34,45,79
1995,2,Districte II,5,Collblanc,204,00-02,6,5,11
1998,5,Districte V,10,Pubilla Cases,524,00-02,19,19,38
1999,2,Districte II,5,Collblanc,222,50-64,75,73,148
2004,1,Districte I,1,Centre,109,18-24,51,40,91
2003,1,Districte I,1,Centre,110,75 i +,48,28,76
1996,1,Districte I,1,Centre,111,00-02,6,9,15
2008,3,Districte III,6,Santa Eulàlia,312,00-02,18,29,47
2003,3,Districte III,6,Santa Eulàlia,306,12-15,21,27,48
2007,1,Districte I,2,Sanfeliu,129,03-11,46,55,101
1996,4,Districte IV,7,la Florida,411,65-74,80,75,155
2000,6,Districte VI,12,Bellvitge,621,03-11,58,55,113
1996,1,Districte I,1,Centre,135,75 i +,37,16,53
1997,2,Districte II,4,la Torrassa,218,00-02,10,1,11
2009,2,Districte II,4,la Torrassa,249,75 i +,74,49,123
2007,4,Districte IV,7,la Florida,406,16-17,18,13,31
2002,1,Districte I,3,Sant Josep,122,65-74,46,56,102
2002,5,Districte V,10,Pubilla Cases,524,35-49,117,126,243
2006,4,Districte IV,7,la Florida,414,16-17,5,4,9
1998,4,Districte IV,7,la Florida,430,12-15,14,13,27
2001,6,Districte VI,12,Bellvitge,613,35-49,76,76,152
2007,2,Districte II,4,la Torrassa,231,65-74,59,45,104
2008,2,Districte II,4,la Torrassa,238,25-34,81,98,179
2013,5,Districte V,9,Can Serra,501,00-02,6,13,19
1997,6,Districte VI,12,Bellvitge,613,18-24,125,109,234
2008,3,Districte III,6,Santa Eulàlia,301,18-24,64,81,145
1997,1,Districte I,1,Centre,102,00-02,12,19,31
2011,5,Districte V,10,Pubilla Cases,536,00-02,8,9,17
2006,5,Districte V,10,Pubilla Cases,522,12-15,10,12,22
2004,6,Districte VI,11,el Gornal,629,35-49,64,65,129
2002,2,Districte II,5,Collblanc,221,18-24,43,58,101
2001,2,Districte II,5,Collblanc,204,50-64,43,37,80
1999,2,Districte II,5,Collblanc,204,75 i +,29,16,45
2013,6,Districte VI,12,Bellvitge,631,50-64,97,58,155
1998,1,Districte I,1,Centre,131,00-02,14,10,24
1999,6,Districte VI,12,Bellvitge,601,75 i +,60,25,85
1995,3,Districte III,6,Santa Eulàlia,315,75 i +,50,22,72
1995,2,Districte II,5,Collblanc,203,65-74,66,51,117
2010,2,Districte II,4,la Torrassa,229,25-34,79,65,144
2008,6,Districte VI,11,el Gornal,617,12-15,9,20,29
2004,6,Districte VI,12,Bellvitge,614,35-49,92,89,181
2000,3,Districte III,6,Santa Eulàlia,308,16-17,16,20,36
2010,5,Districte V,10,Pubilla Cases,522,25-34,79,89,168
2007,2,Districte II,5,Collblanc,203,03-11,30,41,71
1999,6,Districte VI,12,Bellvitge,603,35-49,50,51,101
2014,2,Districte II,5,Collblanc,209,00-02,9,11,20
2004,4,Districte IV,7,la Florida,423,25-34,80,111,191
1999,4,Districte IV,8,les Planes,440,35-49,68,84,152
2007,2,Districte II,4,la Torrassa,235,65-74,76,63,139
2007,5,Districte V,9,Can Serra,502,00-02,16,18,34
2016,1,Districte I,1,Centre,101,65-74,69,66,135
2015,2,Districte II,4,la Torrassa,247,00-02,24,23,47
1996,4,Districte IV,8,les Planes,441,12-15,63,66,129
2001,6,Districte VI,12,Bellvitge,602,00-02,5,6,11
2006,2,Districte II,4,la Torrassa,249,03-11,31,39,70
1999,2,Districte II,4,la Torrassa,217,65-74,45,36,81
2005,6,Districte VI,12,Bellvitge,603,65-74,30,28,58
2003,1,Districte I,1,Centre,104,50-64,71,62,133
2004,4,Districte IV,7,la Florida,402,12-15,14,8,22
2011,6,Districte VI,12,Bellvitge,604,25-34,38,72,110
1995,1,Districte I,3,Sant Josep,139,65-74,29,23,52
1999,2,Districte II,4,la Torrassa,229,65-74,52,48,100
2001,2,Districte II,5,Collblanc,206,16-17,6,8,14
2006,2,Districte II,4,la Torrassa,211,65-74,65,42,107
2012,2,Districte II,4,la Torrassa,240,25-34,65,78,143
1995,4,Districte IV,8,les Planes,429,16-17,14,8,22
1995,6,Districte VI,11,el Gornal,632,75 i +,23,9,32
1995,6,Districte VI,12,Bellvitge,627,16-17,36,26,62
2012,1,Districte I,1,Centre,113,12-15,21,25,46
2001,3,Districte III,6,Santa Eulàlia,314,18-24,126,144,270
2013,4,Districte IV,8,les Planes,440,00-02,11,11,22
2011,3,Districte III,6,Santa Eulàlia,301,00-02,40,41,81
2011,2,Districte II,5,Collblanc,227,16-17,4,7,11
2000,1,Districte I,1,Centre,104,50-64,68,71,139
2013,2,Districte II,5,Collblanc,204,00-02,18,19,37
1997,3,Districte III,6,Santa Eulàlia,301,18-24,134,134,268
2002,4,Districte IV,8,les Planes,439,75 i +,40,21,61
2006,6,Districte VI,12,Bellvitge,601,50-64,147,117,264
1994,4,Districte IV,7,la Florida,413,35-49,55,47,102
2010,6,Districte VI,12,Bellvitge,631,75 i +,52,27,79
2010,2,Districte II,5,Collblanc,244,18-24,28,29,57
2012,2,Districte II,5,Collblanc,222,25-34,95,86,181
1996,1,Districte I,3,Sant Josep,140,18-24,72,70,142
2007,3,Districte III,6,Santa Eulàlia,322,75 i +,50,38,88
2013,2,Districte II,4,la Torrassa,238,12-15,17,13,30
2008,6,Districte VI,12,Bellvitge,605,16-17,4,1,5
2004,4,Districte IV,8,les Planes,418,18-24,61,65,126
2009,4,Districte IV,8,les Planes,433,00-02,30,24,54
1995,6,Districte VI,12,Bellvitge,607,03-11,31,37,68
2005,5,Districte V,10,Pubilla Cases,523,12-15,16,23,39
2000,6,Districte VI,12,Bellvitge,603,50-64,83,65,148
2001,6,Districte VI,12,Bellvitge,619,25-34,100,118,218
1995,6,Districte VI,12,Bellvitge,607,00-02,12,9,21
1997,4,Districte IV,7,la Florida,408,50-64,91,78,169
2009,1,Districte I,3,Sant Josep,114,03-11,56,59,115
2008,2,Districte II,4,la Torrassa,218,12-15,19,9,28
1998,4,Districte IV,7,la Florida,402,65-74,48,62,110
2006,3,Districte III,6,Santa Eulàlia,304,00-02,25,23,48
2000,4,Districte IV,8,les Planes,429,50-64,48,57,105
2010,1,Districte I,1,Centre,128,16-17,10,4,14
1997,5,Districte V,10,Pubilla Cases,531,75 i +,39,24,63
2014,5,Districte V,10,Pubilla Cases,523,12-15,18,14,32
1996,6,Districte VI,11,el Gornal,632,65-74,36,35,71
2006,1,Districte I,1,Centre,110,75 i +,56,34,90
2002,6,Districte VI,11,el Gornal,626,16-17,8,12,20
2007,2,Districte II,4,la Torrassa,243,12-15,25,25,50
2011,4,Districte IV,7,la Florida,406,03-11,40,65,105
2005,4,Districte IV,7,la Florida,428,65-74,35,21,56
1994,5,Districte V,10,Pubilla Cases,512,00-02,8,9,17
2005,4,Districte IV,7,la Florida,416,18-24,34,28,62
2004,2,Districte II,5,Collblanc,212,00-02,18,21,39
2005,3,Districte III,6,Santa Eulàlia,303,03-11,32,48,80
2012,2,Districte II,4,la Torrassa,242,18-24,33,39,72
1997,2,Districte II,4,la Torrassa,233,35-49,52,53,105
2008,6,Districte VI,11,el Gornal,632,03-11,50,41,91
2008,4,Districte IV,8,les Planes,433,25-34,153,191,344
1997,4,Districte IV,7,la Florida,430,25-34,71,73,144
2005,2,Districte II,5,Collblanc,206,18-24,45,38,83
2005,5,Districte V,10,Pubilla Cases,509,35-49,103,108,211
1994,6,Districte VI,12,Bellvitge,611,25-34,140,160,300
2006,2,Districte II,5,Collblanc,204,12-15,6,9,15
2004,5,Districte V,9,Can Serra,505,75 i +,47,39,86
2010,5,Districte V,10,Pubilla Cases,519,18-24,23,31,54
2014,5,Districte V,10,Pubilla Cases,523,25-34,96,104,200
1994,3,Districte III,6,Santa Eulàlia,312,35-49,141,110,251
2002,6,Districte VI,12,Bellvitge,631,00-02,10,9,19
2006,3,Districte III,6,Santa Eulàlia,324,16-17,9,9,18
2000,4,Districte IV,7,la Florida,425,18-24,45,33,78
2010,6,Districte VI,12,Bellvitge,604,03-11,26,35,61
1996,3,Districte III,6,Santa Eulàlia,319,25-34,69,65,134
2002,5,Districte V,10,Pubilla Cases,523,18-24,61,80,141
2011,4,Districte IV,7,la Florida,403,50-64,111,88,199
2004,3,Districte III,6,Santa Eulàlia,313,35-49,207,190,397
2008,3,Districte III,6,Santa Eulàlia,301,35-49,314,302,616
2012,6,Districte VI,12,Bellvitge,623,18-24,27,41,68
1997,3,Districte III,6,Santa Eulàlia,324,35-49,79,76,155
2009,2,Districte II,5,Collblanc,223,50-64,101,91,192
2006,5,Districte V,10,Pubilla Cases,532,16-17,7,7,14
2014,4,Districte IV,7,la Florida,425,75 i +,74,43,117
2014,6,Districte VI,11,el Gornal,616,12-15,41,59,100
2007,1,Districte I,1,Centre,135,25-34,126,143,269
2015,3,Districte III,6,Santa Eulàlia,301,65-74,144,113,257
2001,3,Districte III,6,Santa Eulàlia,314,75 i +,75,37,112
2011,2,Districte II,4,la Torrassa,234,50-64,78,62,140
2008,4,Districte IV,7,la Florida,405,18-24,29,31,60
2009,1,Districte I,2,Sanfeliu,118,50-64,208,197,405
2007,2,Districte II,4,la Torrassa,243,65-74,87,69,156
2008,6,Districte VI,12,Bellvitge,613,03-11,45,48,93
2014,1,Districte I,1,Centre,109,50-64,129,116,245
1998,5,Districte V,10,Pubilla Cases,522,50-64,63,59,122
2008,2,Districte II,4,la Torrassa,241,65-74,38,41,79
2010,2,Districte II,5,Collblanc,221,25-34,81,99,180
2015,1,Districte I,3,Sant Josep,127,65-74,32,23,55
2013,6,Districte VI,12,Bellvitge,631,16-17,9,7,16
1997,2,Districte II,4,la Torrassa,240,18-24,37,31,68
2004,4,Districte IV,8,les Planes,439,75 i +,45,23,68
2011,5,Districte V,10,Pubilla Cases,532,65-74,76,72,148
2015,4,Districte IV,7,la Florida,421,12-15,27,18,45
2008,4,Districte IV,7,la Florida,409,03-11,25,24,49
1994,4,Districte IV,7,la Florida,430,50-64,99,109,208
2004,1,Districte I,3,Sant Josep,114,65-74,77,72,149
2005,3,Districte III,6,Santa Eulàlia,315,18-24,68,70,138
1995,2,Districte II,5,Collblanc,204,16-17,5,5,10
2001,1,Districte I,3,Sant Josep,138,00-02,7,6,13
2011,1,Districte I,1,Centre,105,25-34,98,95,193
2002,4,Districte IV,8,les Planes,429,75 i +,34,23,57
1995,2,Districte II,5,Collblanc,222,03-11,29,37,66
2014,6,Districte VI,12,Bellvitge,612,75 i +,67,48,115
2016,1,Districte I,1,Centre,109,03-11,43,50,93
2006,2,Districte II,5,Collblanc,216,16-17,5,8,13
2011,1,Districte I,1,Centre,107,65-74,98,97,195
1999,1,Districte I,2,Sanfeliu,132,00-02,23,23,46
1996,6,Districte VI,11,el Gornal,608,75 i +,25,8,33
1994,1,Districte I,2,Sanfeliu,118,50-64,98,108,206
2001,6,Districte VI,12,Bellvitge,609,75 i +,27,13,40
2007,1,Districte I,1,Centre,111,75 i +,45,40,85
1996,2,Districte II,5,Collblanc,206,75 i +,57,30,87
2010,3,Districte III,6,Santa Eulàlia,315,50-64,160,166,326
2009,2,Districte II,4,la Torrassa,240,50-64,61,35,96
2000,6,Districte VI,12,Bellvitge,613,75 i +,42,25,67
2008,4,Districte IV,7,la Florida,403,16-17,8,9,17
2004,1,Districte I,1,Centre,124,75 i +,31,22,53
2009,2,Districte II,5,Collblanc,215,65-74,45,26,71
2010,3,Districte III,6,Santa Eulàlia,313,75 i +,96,57,153
2000,5,Districte V,10,Pubilla Cases,519,16-17,6,3,9
2005,3,Districte III,6,Santa Eulàlia,324,00-02,17,16,33
2016,6,Districte VI,12,Bellvitge,606,18-24,31,32,63
1999,4,Districte IV,7,la Florida,432,03-11,27,42,69
2007,1,Districte I,3,Sant Josep,139,50-64,86,87,173
2008,2,Districte II,4,la Torrassa,231,12-15,21,20,41
2013,4,Districte IV,7,la Florida,410,65-74,105,95,200
1996,2,Districte II,5,Collblanc,216,12-15,24,25,49
2011,5,Districte V,10,Pubilla Cases,526,00-02,6,9,15
2009,3,Districte III,6,Santa Eulàlia,321,18-24,88,92,180
2016,6,Districte VI,12,Bellvitge,614,75 i +,72,53,125
2008,3,Districte III,6,Santa Eulàlia,307,35-49,132,116,248
2008,4,Districte IV,8,les Planes,429,00-02,10,3,13
1998,6,Districte VI,12,Bellvitge,603,16-17,9,10,19
2000,4,Districte IV,7,la Florida,430,16-17,7,10,17
2010,1,Districte I,3,Sant Josep,139,35-49,101,128,229
1999,6,Districte VI,12,Bellvitge,615,65-74,33,36,69
1994,2,Districte II,4,la Torrassa,241,16-17,4,4,8
1995,4,Districte IV,7,la Florida,432,25-34,91,93,184
2002,5,Districte V,10,Pubilla Cases,520,25-34,65,73,138
2012,4,Districte IV,7,la Florida,403,16-17,2,12,14
2006,5,Districte V,10,Pubilla Cases,512,18-24,25,36,61
2016,1,Districte I,3,Sant Josep,115,25-34,61,73,134
2008,2,Districte II,5,Collblanc,221,12-15,34,17,51
2003,6,Districte VI,12,Bellvitge,615,75 i +,19,14,33
2009,3,Districte III,6,Santa Eulàlia,309,00-02,25,19,44
2010,6,Districte VI,11,el Gornal,608,03-11,25,25,50
2014,3,Districte III,6,Santa Eulàlia,308,18-24,63,82,145
2010,3,Districte III,6,Santa Eulàlia,311,03-11,63,71,134
2010,1,Districte I,3,Sant Josep,139,65-74,44,33,77
1998,6,Districte VI,12,Bellvitge,611,16-17,15,19,34
2015,1,Districte I,3,Sant Josep,115,35-49,159,148,307
1997,3,Districte III,6,Santa Eulàlia,305,65-74,85,66,151
1999,3,Districte III,6,Santa Eulàlia,310,12-15,31,21,52
2016,3,Districte III,6,Santa Eulàlia,323,12-15,36,40,76
2005,3,Districte III,6,Santa Eulàlia,312,65-74,74,76,150
2009,2,Districte II,4,la Torrassa,238,18-24,32,40,72
2007,5,Districte V,10,Pubilla Cases,516,25-34,65,94,159
2008,3,Districte III,6,Santa Eulàlia,311,75 i +,100,52,152
1999,5,Districte V,10,Pubilla Cases,516,65-74,43,28,71
2013,5,Districte V,10,Pubilla Cases,508,35-49,183,219,402
1995,3,Districte III,6,Santa Eulàlia,303,16-17,22,25,47
1996,2,Districte II,4,la Torrassa,232,16-17,11,12,23
2002,4,Districte IV,7,la Florida,423,16-17,6,9,15
2012,3,Districte III,6,Santa Eulàlia,302,03-11,38,40,78
1997,2,Districte II,4,la Torrassa,233,18-24,28,38,66
1998,5,Districte V,10,Pubilla Cases,510,00-02,9,4,13
1999,4,Districte IV,8,les Planes,418,65-74,68,45,113
2000,2,Districte II,4,la Torrassa,238,00-02,6,8,14
2010,1,Districte I,1,Centre,103,16-17,5,3,8
2002,4,Districte IV,7,la Florida,424,50-64,66,58,124
2012,5,Districte V,10,Pubilla Cases,533,50-64,59,65,124
2002,2,Districte II,5,Collblanc,226,75 i +,77,47,124
2003,4,Districte IV,8,les Planes,420,16-17,10,13,23
2005,2,Districte II,5,Collblanc,221,65-74,78,64,142
2006,1,Districte I,3,Sant Josep,117,00-02,23,28,51
2007,6,Districte VI,11,el Gornal,617,75 i +,40,27,67
2000,4,Districte IV,7,la Florida,424,00-02,12,6,18
2001,2,Districte II,5,Collblanc,212,16-17,10,10,20
1995,2,Districte II,5,Collblanc,208,12-15,28,42,70
1995,1,Districte I,3,Sant Josep,120,75 i +,29,21,50
1995,2,Districte II,4,la Torrassa,246,12-15,24,10,34
2011,6,Districte VI,12,Bellvitge,630,16-17,2,5,7
2015,1,Districte I,3,Sant Josep,117,12-15,31,36,67
2002,3,Districte III,6,Santa Eulàlia,318,00-02,8,12,20
2015,2,Districte II,4,la Torrassa,237,65-74,69,46,115
2002,2,Districte II,4,la Torrassa,242,65-74,93,64,157
2000,4,Districte IV,7,la Florida,428,18-24,24,20,44
2002,6,Districte VI,11,el Gornal,622,65-74,41,23,64
2007,2,Districte II,4,la Torrassa,236,03-11,35,30,65
1995,2,Districte II,4,la Torrassa,217,03-11,22,22,44
2002,5,Districte V,10,Pubilla Cases,511,35-49,59,66,125
2001,4,Districte IV,7,la Florida,412,75 i +,63,40,103
2002,1,Districte I,3,Sant Josep,137,12-15,33,22,55
2013,4,Districte IV,8,les Planes,437,65-74,104,71,175
2013,2,Districte II,5,Collblanc,214,50-64,158,146,304
2015,4,Districte IV,8,les Planes,441,18-24,90,59,149
2006,2,Districte II,5,Collblanc,213,50-64,81,82,163
2002,1,Districte I,1,Centre,134,16-17,14,17,31
2010,1,Districte I,1,Centre,124,16-17,3,6,9
2002,4,Districte IV,8,les Planes,439,18-24,30,53,83
2004,4,Districte IV,8,les Planes,420,35-49,157,170,327
2011,5,Districte V,10,Pubilla Cases,522,16-17,6,9,15
1996,4,Districte IV,7,la Florida,405,18-24,42,56,98
1997,5,Districte V,9,Can Serra,506,50-64,196,218,414
2016,6,Districte VI,12,Bellvitge,631,35-49,140,121,261
2010,5,Districte V,9,Can Serra,521,50-64,139,103,242
1996,5,Districte V,9,Can Serra,507,18-24,62,67,129
1994,2,Districte II,5,Collblanc,222,50-64,77,88,165
2013,1,Districte I,2,Sanfeliu,116,00-02,18,14,32
2014,3,Districte III,6,Santa Eulàlia,317,25-34,82,96,178
2008,1,Districte I,3,Sant Josep,106,35-49,180,191,371
2009,6,Districte VI,12,Bellvitge,603,12-15,13,11,24
2014,1,Districte I,1,Centre,133,35-49,90,102,192
2004,2,Districte II,4,la Torrassa,233,25-34,83,116,199
2015,4,Districte IV,7,la Florida,431,75 i +,95,41,136
2010,1,Districte I,2,Sanfeliu,132,18-24,82,86,168
2004,6,Districte VI,12,Bellvitge,607,35-49,131,110,241
2002,5,Districte V,9,Can Serra,502,25-34,122,142,264
2005,2,Districte II,4,la Torrassa,233,50-64,60,52,112
2012,2,Districte II,5,Collblanc,202,00-02,15,10,25
2015,3,Districte III,6,Santa Eulàlia,302,50-64,149,102,251
1996,6,Districte VI,12,Bellvitge,627,75 i +,18,10,28
2005,2,Districte II,5,Collblanc,207,18-24,29,27,56
2010,5,Districte V,9,Can Serra,505,35-49,130,123,253
2010,5,Districte V,10,Pubilla Cases,514,16-17,10,4,14
1996,2,Districte II,4,la Torrassa,239,03-11,18,33,51
2010,5,Districte V,9,Can Serra,505,50-64,149,88,237
2008,1,Districte I,1,Centre,130,50-64,63,66,129
1995,2,Districte II,5,Collblanc,224,65-74,42,30,72
2015,1,Districte I,3,Sant Josep,139,16-17,6,9,15
1995,1,Districte I,3,Sant Josep,126,50-64,144,161,305
1996,6,Districte VI,12,Bellvitge,611,12-15,26,29,55
2012,3,Districte III,6,Santa Eulàlia,310,18-24,29,36,65
2012,4,Districte IV,8,les Planes,438,25-34,57,56,113
2005,2,Districte II,4,la Torrassa,231,03-11,45,50,95
2009,5,Districte V,10,Pubilla Cases,529,12-15,22,20,42
1994,2,Districte II,5,Collblanc,221,00-02,13,9,22
1995,6,Districte VI,12,Bellvitge,614,18-24,93,100,193
2009,1,Districte I,3,Sant Josep,140,16-17,3,7,10
2012,3,Districte III,6,Santa Eulàlia,315,50-64,167,163,330
2005,4,Districte IV,7,la Florida,410,50-64,185,169,354
1996,2,Districte II,4,la Torrassa,234,18-24,32,41,73
2008,6,Districte VI,12,Bellvitge,607,65-74,110,100,210
2006,6,Districte VI,12,Bellvitge,630,16-17,5,8,13
2013,6,Districte VI,11,el Gornal,622,16-17,1,6,7
1994,2,Districte II,5,Collblanc,227,18-24,50,44,94
1995,6,Districte VI,12,Bellvitge,611,16-17,16,19,35
1999,6,Districte VI,12,Bellvitge,623,75 i +,46,31,77
1998,5,Districte V,10,Pubilla Cases,515,18-24,29,29,58
1997,2,Districte II,5,Collblanc,203,03-11,14,18,32
1999,4,Districte IV,7,la Florida,417,75 i +,24,13,37
2007,6,Districte VI,12,Bellvitge,628,35-49,109,95,204
2013,6,Districte VI,11,el Gornal,608,00-02,16,18,34
2016,5,Districte V,9,Can Serra,507,50-64,83,72,155
2001,4,Districte IV,7,la Florida,430,35-49,81,89,170
2012,1,Districte I,1,Centre,128,12-15,12,11,23
2009,5,Districte V,10,Pubilla Cases,515,25-34,61,77,138
2013,3,Districte III,6,Santa Eulàlia,321,75 i +,118,81,199
2008,5,Districte V,10,Pubilla Cases,522,65-74,27,26,53
2008,4,Districte IV,7,la Florida,411,25-34,79,99,178
2000,3,Districte III,6,Santa Eulàlia,314,35-49,326,307,633
1994,5,Districte V,10,Pubilla Cases,527,03-11,37,39,76
2001,1,Districte I,1,Centre,113,50-64,117,135,252
1998,1,Districte I,1,Centre,101,65-74,34,42,76
1997,4,Districte IV,7,la Florida,411,18-24,71,76,147
2003,4,Districte IV,8,les Planes,434,12-15,14,19,33
1998,4,Districte IV,8,les Planes,440,50-64,164,152,316
2000,2,Districte II,4,la Torrassa,241,75 i +,49,33,82
2016,5,Districte V,10,Pubilla Cases,534,03-11,38,47,85
2003,4,Districte IV,7,la Florida,422,18-24,54,48,102
2011,4,Districte IV,8,les Planes,433,16-17,16,7,23
2008,5,Districte V,10,Pubilla Cases,529,16-17,12,14,26
1999,4,Districte IV,7,la Florida,427,65-74,70,58,128
2013,6,Districte VI,12,Bellvitge,611,03-11,81,91,172
1995,3,Districte III,6,Santa Eulàlia,307,16-17,33,34,67
2002,4,Districte IV,7,la Florida,405,00-02,9,8,17
2007,4,Districte IV,7,la Florida,426,12-15,20,24,44
2008,3,Districte III,6,Santa Eulàlia,310,12-15,14,10,24
2016,1,Districte I,1,Centre,135,35-49,163,188,351
1998,4,Districte IV,8,les Planes,418,75 i +,61,36,97
2003,2,Districte II,5,Collblanc,213,25-34,92,92,184
2006,4,Districte IV,8,les Planes,440,25-34,81,93,174
2003,3,Districte III,6,Santa Eulàlia,325,12-15,21,26,47
2014,2,Districte II,4,la Torrassa,247,65-74,60,43,103
2016,2,Districte II,5,Collblanc,213,16-17,7,14,21
1999,1,Districte I,1,Centre,112,35-49,175,160,335
1997,4,Districte IV,8,les Planes,439,16-17,7,8,15
1994,3,Districte III,6,Santa Eulàlia,312,12-15,19,25,44
2000,6,Districte VI,12,Bellvitge,614,65-74,55,45,100
1999,1,Districte I,1,Centre,102,25-34,155,167,322
2005,6,Districte VI,12,Bellvitge,612,65-74,71,71,142
1998,2,Districte II,4,la Torrassa,231,35-49,90,83,173
2009,4,Districte IV,7,la Florida,405,65-74,76,57,133
2009,1,Districte I,1,Centre,102,50-64,171,148,319
2006,3,Districte III,6,Santa Eulàlia,316,35-49,240,153,393
1995,5,Districte V,10,Pubilla Cases,537,16-17,20,25,45
2016,3,Districte III,6,Santa Eulàlia,323,50-64,206,177,383
2016,2,Districte II,4,la Torrassa,237,75 i +,85,46,131
2004,3,Districte III,6,Santa Eulàlia,314,50-64,210,218,428
2007,2,Districte II,5,Collblanc,212,35-49,182,184,366
1995,1,Districte I,3,Sant Josep,120,35-49,220,235,455
2016,2,Districte II,4,la Torrassa,232,00-02,18,18,36
1998,2,Districte II,5,Collblanc,222,65-74,47,45,92
2000,5,Districte V,10,Pubilla Cases,509,03-11,23,27,50
1995,5,Districte V,10,Pubilla Cases,513,35-49,56,59,115
2011,3,Districte III,6,Santa Eulàlia,316,65-74,80,92,172
1995,5,Districte V,10,Pubilla Cases,523,75 i +,76,28,104
2006,2,Districte II,4,la Torrassa,218,75 i +,39,20,59
1997,2,Districte II,5,Collblanc,206,12-15,13,11,24
2005,6,Districte VI,11,el Gornal,629,50-64,55,46,101
2003,6,Districte VI,12,Bellvitge,606,00-02,11,15,26
1998,5,Districte V,10,Pubilla Cases,512,00-02,8,6,14
2014,2,Districte II,4,la Torrassa,211,50-64,116,99,215
2000,2,Districte II,5,Collblanc,205,35-49,90,90,180
2003,4,Districte IV,7,la Florida,426,12-15,17,15,32
1996,1,Districte I,3,Sant Josep,122,75 i +,36,19,55
2009,2,Districte II,4,la Torrassa,232,03-11,28,39,67
1995,1,Districte I,1,Centre,105,65-74,50,42,92
1998,3,Districte III,6,Santa Eulàlia,316,35-49,446,379,825
2012,3,Districte III,6,Santa Eulàlia,321,03-11,74,79,153
1998,3,Districte III,6,Santa Eulàlia,319,50-64,69,69,138
2002,1,Districte I,1,Centre,131,65-74,59,53,112
2014,6,Districte VI,12,Bellvitge,602,12-15,22,30,52
1996,5,Districte V,10,Pubilla Cases,524,00-02,12,13,25
2001,6,Districte VI,12,Bellvitge,625,25-34,100,110,210
2004,2,Districte II,5,Collblanc,212,65-74,81,61,142
1996,5,Districte V,9,Can Serra,505,18-24,154,146,300
2006,6,Districte VI,12,Bellvitge,610,50-64,169,128,297
2016,4,Districte IV,7,la Florida,414,00-02,34,32,66
2014,5,Districte V,10,Pubilla Cases,538,75 i +,98,62,160
1994,2,Districte II,5,Collblanc,215,25-34,71,78,149
2005,6,Districte VI,12,Bellvitge,611,16-17,12,15,27
1998,2,Districte II,5,Collblanc,227,03-11,15,14,29
2014,6,Districte VI,12,Bellvitge,602,00-02,20,19,39
2011,4,Districte IV,7,la Florida,425,35-49,117,118,235
1996,5,Districte V,9,Can Serra,521,25-34,68,79,147
2004,5,Districte V,10,Pubilla Cases,518,12-15,18,21,39
2007,1,Districte I,1,Centre,101,12-15,29,34,63
2010,2,Districte II,5,Collblanc,208,65-74,125,92,217
2004,1,Districte I,1,Centre,123,12-15,33,27,60
2006,3,Districte III,6,Santa Eulàlia,309,12-15,14,13,27
2008,6,Districte VI,12,Bellvitge,601,03-11,39,43,82
2007,5,Districte V,10,Pubilla Cases,529,65-74,74,69,143
1998,5,Districte V,10,Pubilla Cases,510,25-34,96,120,216
2003,3,Districte III,6,Santa Eulàlia,305,00-02,20,17,37
2008,4,Districte IV,7,la Florida,421,75 i +,84,61,145
2014,6,Districte VI,12,Bellvitge,615,65-74,108,78,186
2004,1,Districte I,1,Centre,103,75 i +,42,21,63
2011,6,Districte VI,12,Bellvitge,604,50-64,63,57,120
2008,1,Districte I,1,Centre,131,65-74,60,58,118
2001,5,Districte V,10,Pubilla Cases,510,03-11,27,38,65
2013,5,Districte V,10,Pubilla Cases,524,35-49,166,185,351
1994,2,Districte II,4,la Torrassa,249,35-49,82,83,165
2011,6,Districte VI,11,el Gornal,622,03-11,25,36,61
2011,2,Districte II,5,Collblanc,221,50-64,87,85,172
1998,5,Districte V,9,Can Serra,502,25-34,116,115,231
2001,2,Districte II,5,Collblanc,222,65-74,48,38,86
2009,5,Districte V,10,Pubilla Cases,530,65-74,78,67,145
1997,5,Districte V,9,Can Serra,504,65-74,58,62,120
2002,1,Districte I,1,Centre,124,35-49,99,83,182
1994,4,Districte IV,7,la Florida,426,18-24,55,58,113
2003,3,Districte III,6,Santa Eulàlia,308,18-24,91,93,184
2005,2,Districte II,4,la Torrassa,236,12-15,23,19,42
2003,2,Districte II,4,la Torrassa,246,12-15,10,15,25
2010,5,Districte V,10,Pubilla Cases,511,75 i +,56,28,84
2001,4,Districte IV,7,la Florida,414,75 i +,46,32,78
1998,5,Districte V,10,Pubilla Cases,534,12-15,11,17,28
1997,4,Districte IV,7,la Florida,415,16-17,12,6,18
2015,3,Districte III,6,Santa Eulàlia,325,03-11,67,60,127
2000,2,Districte II,4,la Torrassa,242,03-11,35,22,57
2010,2,Districte II,4,la Torrassa,233,18-24,39,44,83
1994,1,Districte I,2,Sanfeliu,132,16-17,41,46,87
1998,2,Districte II,4,la Torrassa,239,35-49,85,72,157
1997,6,Districte VI,12,Bellvitge,623,75 i +,45,27,72
2005,6,Districte VI,11,el Gornal,626,65-74,66,54,120
2016,4,Districte IV,8,les Planes,433,03-11,96,102,198
2015,1,Districte I,2,Sanfeliu,116,16-17,13,8,21
1996,1,Districte I,3,Sant Josep,114,65-74,60,49,109
2002,2,Districte II,5,Collblanc,224,65-74,40,33,73
1996,4,Districte IV,8,les Planes,439,75 i +,41,18,59
2001,5,Districte V,10,Pubilla Cases,508,12-15,10,10,20
2001,3,Districte III,6,Santa Eulàlia,309,50-64,63,68,131
2006,5,Districte V,10,Pubilla Cases,534,16-17,5,10,15
2002,2,Districte II,4,la Torrassa,230,65-74,52,47,99
2000,5,Districte V,10,Pubilla Cases,538,03-11,30,40,70
2013,4,Districte IV,7,la Florida,407,65-74,45,31,76
2001,5,Districte V,10,Pubilla Cases,509,00-02,4,15,19
2011,6,Districte VI,12,Bellvitge,619,18-24,34,38,72
1995,1,Districte I,2,Sanfeliu,116,75 i +,47,15,62
2014,2,Districte II,5,Collblanc,224,18-24,38,49,87
2003,2,Districte II,5,Collblanc,220,16-17,6,9,15
2002,1,Districte I,3,Sant Josep,127,25-34,64,85,149
2000,1,Districte I,3,Sant Josep,140,00-02,10,7,17
2000,4,Districte IV,7,la Florida,414,65-74,68,60,128
2006,6,Districte VI,12,Bellvitge,606,35-49,122,129,251
1994,2,Districte II,5,Collblanc,225,35-49,56,51,107
2016,2,Districte II,4,la Torrassa,228,16-17,29,27,56
2006,2,Districte II,4,la Torrassa,243,12-15,27,35,62
2014,6,Districte VI,11,el Gornal,626,75 i +,60,47,107
1997,1,Districte I,1,Centre,102,65-74,86,62,148
2002,4,Districte IV,7,la Florida,412,25-34,121,145,266
2007,1,Districte I,3,Sant Josep,114,18-24,47,42,89
2007,5,Districte V,9,Can Serra,507,75 i +,36,18,54
2007,1,Districte I,1,Centre,109,75 i +,69,34,103
2002,1,Districte I,1,Centre,134,25-34,91,100,191
2010,4,Districte IV,7,la Florida,425,12-15,8,18,26
2009,1,Districte I,3,Sant Josep,106,03-11,71,73,144
2016,5,Districte V,10,Pubilla Cases,520,18-24,28,29,57
2014,6,Districte VI,12,Bellvitge,601,25-34,104,120,224
2006,6,Districte VI,12,Bellvitge,630,25-34,79,120,199
2011,1,Districte I,3,Sant Josep,114,03-11,45,64,109
2005,5,Districte V,9,Can Serra,501,50-64,159,159,318
2002,5,Districte V,10,Pubilla Cases,527,03-11,37,33,70
1997,1,Districte I,3,Sant Josep,125,75 i +,27,23,50
1997,2,Districte II,4,la Torrassa,245,12-15,14,15,29
2010,6,Districte VI,12,Bellvitge,612,18-24,27,29,56
2008,4,Districte IV,7,la Florida,406,03-11,36,58,94
2007,6,Districte VI,12,Bellvitge,604,25-34,38,72,110
1997,4,Districte IV,7,la Florida,407,65-74,85,71,156
2010,2,Districte II,4,la Torrassa,241,12-15,23,15,38
2008,1,Districte I,1,Centre,133,18-24,32,32,64
2005,1,Districte I,1,Centre,128,18-24,35,45,80
2008,3,Districte III,6,Santa Eulàlia,302,75 i +,62,34,96
2001,3,Districte III,6,Santa Eulàlia,318,16-17,7,8,15
2011,3,Districte III,6,Santa Eulàlia,316,50-64,392,343,735
2016,2,Districte II,4,la Torrassa,211,00-02,10,33,43
2007,1,Districte I,1,Centre,103,03-11,24,32,56
2002,5,Districte V,10,Pubilla Cases,527,50-64,70,72,142
1996,5,Districte V,10,Pubilla Cases,517,35-49,92,96,188
1999,1,Districte I,1,Centre,135,25-34,111,118,229
2012,1,Districte I,3,Sant Josep,117,03-11,70,84,154
2014,1,Districte I,1,Centre,123,00-02,13,20,33
1995,5,Districte V,9,Can Serra,535,50-64,117,147,264
2004,2,Districte II,4,la Torrassa,242,35-49,118,116,234
2002,2,Districte II,4,la Torrassa,240,16-17,3,7,10
2003,5,Districte V,9,Can Serra,505,00-02,15,18,33
2000,1,Districte I,1,Centre,105,65-74,47,36,83
2016,4,Districte IV,8,les Planes,440,35-49,119,116,235
1994,3,Districte III,6,Santa Eulàlia,311,35-49,136,107,243
2013,6,Districte VI,12,Bellvitge,623,35-49,150,168,318
1997,5,Districte V,9,Can Serra,506,00-02,22,23,45
2003,4,Districte IV,7,la Florida,411,18-24,49,47,96
1995,6,Districte VI,12,Bellvitge,611,35-49,131,100,231
1999,4,Districte IV,7,la Florida,428,12-15,11,5,16
1997,4,Districte IV,7,la Florida,430,03-11,21,32,53
2000,3,Districte III,6,Santa Eulàlia,317,25-34,90,88,178
1996,4,Districte IV,7,la Florida,408,50-64,93,85,178
1994,5,Districte V,10,Pubilla Cases,526,35-49,61,64,125
2004,1,Districte I,3,Sant Josep,126,12-15,10,6,16
1999,6,Districte VI,11,el Gornal,626,50-64,133,101,234
2005,4,Districte IV,8,les Planes,441,50-64,221,212,433
2012,1,Districte I,3,Sant Josep,114,00-02,15,26,41
1998,1,Districte I,1,Centre,112,35-49,177,170,347
1995,3,Districte III,6,Santa Eulàlia,309,00-02,11,5,16
1998,1,Districte I,3,Sant Josep,136,35-49,137,132,269
2000,4,Districte IV,7,la Florida,407,75 i +,38,34,72
2012,5,Districte V,10,Pubilla Cases,525,00-02,17,20,37
1997,4,Districte IV,7,la Florida,432,18-24,80,89,169
2005,6,Districte VI,12,Bellvitge,630,35-49,77,100,177
2007,2,Districte II,4,la Torrassa,235,18-24,52,70,122
2000,4,Districte IV,7,la Florida,428,75 i +,28,23,51
2003,6,Districte VI,11,el Gornal,616,16-17,37,37,74
1998,1,Districte I,2,Sanfeliu,132,00-02,23,27,50
2000,2,Districte II,4,la Torrassa,231,25-34,87,92,179
2001,5,Districte V,10,Pubilla Cases,533,65-74,66,62,128
1997,3,Districte III,6,Santa Eulàlia,315,18-24,105,79,184
1994,4,Districte IV,7,la Florida,422,12-15,20,26,46
2001,4,Districte IV,7,la Florida,423,25-34,86,92,178
2007,4,Districte IV,7,la Florida,427,03-11,36,53,89
2015,3,Districte III,6,Santa Eulàlia,311,75 i +,97,56,153
2004,5,Districte V,10,Pubilla Cases,537,50-64,142,121,263
2005,4,Districte IV,8,les Planes,437,65-74,50,40,90
2011,4,Districte IV,8,les Planes,435,35-49,111,160,271
2001,5,Districte V,10,Pubilla Cases,524,16-17,11,14,25
2002,6,Districte VI,12,Bellvitge,604,35-49,73,68,141
1995,4,Districte IV,8,les Planes,439,03-11,34,42,76
2009,4,Districte IV,8,les Planes,436,25-34,110,139,249
2015,4,Districte IV,7,la Florida,423,00-02,15,17,32
2008,2,Districte II,4,la Torrassa,234,25-34,103,98,201
2012,1,Districte I,1,Centre,128,16-17,6,6,12
2016,3,Districte III,6,Santa Eulàlia,316,03-11,57,67,124
2002,3,Districte III,6,Santa Eulàlia,304,65-74,84,63,147
2006,1,Districte I,1,Centre,102,65-74,96,84,180
2003,1,Districte I,1,Centre,134,03-11,55,50,105
2015,4,Districte IV,8,les Planes,419,50-64,142,144,286
2008,5,Districte V,10,Pubilla Cases,512,03-11,22,42,64
2002,3,Districte III,6,Santa Eulàlia,317,12-15,15,19,34
2000,5,Districte V,10,Pubilla Cases,522,50-64,68,58,126
1994,5,Districte V,10,Pubilla Cases,519,65-74,25,34,59
2001,5,Districte V,10,Pubilla Cases,526,16-17,5,7,12
2013,2,Districte II,4,la Torrassa,247,35-49,187,198,385
2011,1,Districte I,3,Sant Josep,138,18-24,25,31,56
2003,2,Districte II,4,la Torrassa,234,35-49,101,99,200
2011,3,Districte III,6,Santa Eulàlia,323,65-74,98,110,208
2009,2,Districte II,5,Collblanc,223,35-49,141,160,301
2007,4,Districte IV,8,les Planes,440,75 i +,56,43,99
1994,4,Districte IV,7,la Florida,411,50-64,124,124,248
1998,1,Districte I,1,Centre,109,35-49,134,139,273
2006,2,Districte II,5,Collblanc,225,00-02,8,5,13
1997,6,Districte VI,12,Bellvitge,620,50-64,91,89,180
2010,5,Districte V,10,Pubilla Cases,509,65-74,44,33,77
1999,2,Districte II,5,Collblanc,201,00-02,4,7,11
1999,1,Districte I,3,Sant Josep,126,75 i +,43,19,62
1999,1,Districte I,3,Sant Josep,138,25-34,58,67,125
2011,2,Districte II,5,Collblanc,212,75 i +,78,50,128
2010,4,Districte IV,7,la Florida,407,35-49,121,146,267
2007,4,Districte IV,8,les Planes,442,65-74,28,22,50
1996,4,Districte IV,7,la Florida,415,03-11,20,24,44
2015,4,Districte IV,7,la Florida,427,16-17,18,20,38
2000,4,Districte IV,8,les Planes,434,12-15,15,5,20
2008,3,Districte III,6,Santa Eulàlia,314,50-64,247,256,503
2011,5,Districte V,9,Can Serra,521,65-74,81,94,175
1995,6,Districte VI,12,Bellvitge,609,75 i +,31,13,44
1995,3,Districte III,6,Santa Eulàlia,302,75 i +,39,20,59
2009,5,Districte V,9,Can Serra,504,35-49,103,117,220
1995,1,Districte I,3,Sant Josep,122,03-11,28,12,40
1999,5,Districte V,9,Can Serra,502,18-24,104,101,205
2007,4,Districte IV,8,les Planes,437,03-11,36,29,65
1994,6,Districte VI,12,Bellvitge,625,03-11,95,90,185
1995,2,Districte II,4,la Torrassa,230,75 i +,33,14,47
2014,3,Districte III,6,Santa Eulàlia,325,65-74,125,110,235
1995,5,Districte V,10,Pubilla Cases,511,75 i +,32,8,40
2016,1,Districte I,1,Centre,102,00-02,14,17,31
2012,6,Districte VI,12,Bellvitge,625,35-49,118,125,243
2003,2,Districte II,5,Collblanc,203,25-34,76,81,157
2000,1,Districte I,3,Sant Josep,127,16-17,8,7,15
2016,2,Districte II,4,la Torrassa,246,12-15,18,19,37
2005,2,Districte II,5,Collblanc,222,25-34,99,143,242
2000,6,Districte VI,12,Bellvitge,630,35-49,101,73,174
1996,2,Districte II,5,Collblanc,222,12-15,20,20,40
2010,5,Districte V,10,Pubilla Cases,530,65-74,83,62,145
2014,2,Districte II,4,la Torrassa,245,65-74,49,25,74
1995,2,Districte II,4,la Torrassa,230,00-02,7,7,14
2014,2,Districte II,4,la Torrassa,238,25-34,68,71,139
2008,3,Districte III,6,Santa Eulàlia,323,75 i +,80,33,113
1995,1,Districte I,1,Centre,113,18-24,81,80,161
2008,2,Districte II,4,la Torrassa,218,75 i +,41,20,61
2003,1,Districte I,1,Centre,105,18-24,59,69,128
2012,3,Districte III,6,Santa Eulàlia,302,35-49,142,168,310
2015,1,Districte I,1,Centre,110,16-17,4,8,12
2009,4,Districte IV,7,la Florida,430,50-64,63,53,116
2012,5,Districte V,9,Can Serra,506,65-74,127,128,255
2002,4,Districte IV,7,la Florida,402,65-74,57,58,115
1997,3,Districte III,6,Santa Eulàlia,301,65-74,94,79,173
2015,4,Districte IV,7,la Florida,411,16-17,9,3,12
2011,4,Districte IV,7,la Florida,408,25-34,86,108,194
1994,4,Districte IV,7,la Florida,408,12-15,23,26,49
2015,2,Districte II,4,la Torrassa,242,12-15,15,13,28
2005,2,Districte II,4,la Torrassa,236,75 i +,74,46,120
1997,1,Districte I,1,Centre,110,12-15,28,27,55
1994,1,Districte I,3,Sant Josep,119,25-34,96,107,203
2008,6,Districte VI,12,Bellvitge,606,75 i +,71,46,117
1997,4,Districte IV,8,les Planes,434,25-34,34,38,72
2008,5,Districte V,10,Pubilla Cases,510,18-24,46,52,98
2002,4,Districte IV,7,la Florida,414,65-74,63,49,112
2004,6,Districte VI,12,Bellvitge,601,16-17,8,6,14
2008,2,Districte II,5,Collblanc,215,16-17,15,12,27
2014,1,Districte I,1,Centre,111,18-24,30,23,53
2010,1,Districte I,1,Centre,135,25-34,120,132,252
2009,2,Districte II,5,Collblanc,220,65-74,41,23,64
2008,1,Districte I,1,Centre,110,35-49,108,107,215
2001,6,Districte VI,12,Bellvitge,630,50-64,109,120,229
2012,4,Districte IV,8,les Planes,434,35-49,86,85,171
1999,2,Districte II,4,la Torrassa,245,75 i +,70,33,103
2014,6,Districte VI,12,Bellvitge,631,50-64,83,59,142
2013,5,Districte V,10,Pubilla Cases,526,75 i +,89,45,134
2016,6,Districte VI,12,Bellvitge,614,25-34,36,58,94
2000,5,Districte V,10,Pubilla Cases,533,75 i +,41,20,61
2007,5,Districte V,10,Pubilla Cases,532,65-74,73,70,143
2005,1,Districte I,1,Centre,109,12-15,18,16,34
2007,4,Districte IV,7,la Florida,402,65-74,50,46,96
1994,4,Districte IV,7,la Florida,413,25-34,45,58,103
2007,4,Districte IV,7,la Florida,416,75 i +,54,36,90
2002,5,Districte V,10,Pubilla Cases,509,00-02,6,10,16
2005,5,Districte V,10,Pubilla Cases,525,18-24,45,47,92
2007,4,Districte IV,8,les Planes,434,00-02,11,10,21
1994,3,Districte III,6,Santa Eulàlia,317,03-11,35,40,75
2002,3,Districte III,6,Santa Eulàlia,313,03-11,74,69,143
2015,2,Districte II,4,la Torrassa,238,12-15,10,15,25
2007,5,Districte V,9,Can Serra,521,18-24,41,25,66
2010,1,Districte I,2,Sanfeliu,129,50-64,101,88,189
2005,4,Districte IV,8,les Planes,418,03-11,43,39,82
2013,5,Districte V,10,Pubilla Cases,514,18-24,42,59,101
2014,3,Districte III,6,Santa Eulàlia,327,75 i +,27,13,40
1999,5,Districte V,10,Pubilla Cases,534,18-24,52,58,110
2000,5,Districte V,10,Pubilla Cases,524,03-11,37,49,86
2012,6,Districte VI,12,Bellvitge,631,75 i +,59,33,92
1999,5,Districte V,10,Pubilla Cases,538,16-17,11,12,23
2000,2,Districte II,5,Collblanc,208,18-24,67,75,142
2009,6,Districte VI,11,el Gornal,617,18-24,37,33,70
2000,5,Districte V,10,Pubilla Cases,522,75 i +,30,22,52
2014,5,Districte V,10,Pubilla Cases,510,03-11,43,43,86
2005,5,Districte V,9,Can Serra,504,50-64,136,98,234
2016,5,Districte V,10,Pubilla Cases,531,18-24,50,45,95
1999,1,Districte I,3,Sant Josep,122,18-24,43,36,79
2002,2,Districte II,4,la Torrassa,232,12-15,17,19,36
2010,4,Districte IV,7,la Florida,431,50-64,108,105,213
2000,6,Districte VI,12,Bellvitge,601,00-02,13,9,22
2011,1,Districte I,1,Centre,103,00-02,4,12,16
2009,2,Districte II,4,la Torrassa,229,03-11,31,23,54
2007,1,Districte I,2,Sanfeliu,129,25-34,119,109,228
2005,6,Districte VI,12,Bellvitge,615,16-17,4,4,8
1994,3,Districte III,6,Santa Eulàlia,315,65-74,57,44,101
1995,2,Districte II,4,la Torrassa,231,35-49,82,65,147
2002,5,Districte V,10,Pubilla Cases,508,00-02,12,3,15
1996,2,Districte II,4,la Torrassa,241,03-11,31,25,56
2008,5,Districte V,10,Pubilla Cases,525,65-74,60,43,103
2013,1,Districte I,1,Centre,101,03-11,131,143,274
2002,1,Districte I,1,Centre,104,18-24,22,27,49
2001,1,Districte I,3,Sant Josep,126,50-64,152,150,302
2016,5,Districte V,9,Can Serra,505,18-24,27,19,46
2001,2,Districte II,5,Collblanc,244,18-24,21,15,36
2010,5,Districte V,9,Can Serra,507,50-64,90,73,163
2016,4,Districte IV,7,la Florida,427,00-02,28,32,60
2010,6,Districte VI,12,Bellvitge,627,65-74,45,61,106
2004,6,Districte VI,12,Bellvitge,628,12-15,20,10,30
1997,4,Districte IV,8,les Planes,433,12-15,17,23,40
2006,2,Districte II,4,la Torrassa,230,65-74,40,36,76
2011,4,Districte IV,8,les Planes,441,25-34,207,178,385
2011,2,Districte II,4,la Torrassa,238,12-15,14,18,32
2012,1,Districte I,1,Centre,113,18-24,51,65,116
2004,1,Districte I,1,Centre,101,50-64,116,138,254
2007,1,Districte I,1,Centre,107,18-24,76,71,147
1995,2,Districte II,4,la Torrassa,246,65-74,79,75,154
2015,1,Districte I,3,Sant Josep,106,16-17,10,13,23
1996,3,Districte III,6,Santa Eulàlia,315,18-24,104,75,179
2010,6,Districte VI,12,Bellvitge,623,18-24,35,38,73
2003,5,Districte V,10,Pubilla Cases,534,35-49,94,86,180
1997,2,Districte II,4,la Torrassa,247,65-74,88,67,155
2001,2,Districte II,5,Collblanc,209,50-64,89,72,161
2005,3,Districte III,6,Santa Eulàlia,313,35-49,216,187,403
2016,4,Districte IV,7,la Florida,427,03-11,81,102,183
1995,2,Districte II,5,Collblanc,216,75 i +,36,26,62
1996,2,Districte II,4,la Torrassa,238,35-49,65,73,138
2000,2,Districte II,4,la Torrassa,245,00-02,13,10,23
2002,3,Districte III,6,Santa Eulàlia,312,16-17,14,8,22
2008,1,Districte I,1,Centre,110,18-24,51,41,92
1999,2,Districte II,5,Collblanc,202,12-15,11,13,24
2006,4,Districte IV,7,la Florida,403,75 i +,67,38,105
2007,6,Districte VI,12,Bellvitge,624,16-17,7,5,12
2006,5,Districte V,9,Can Serra,501,75 i +,24,13,37
2001,3,Districte III,6,Santa Eulàlia,321,75 i +,88,49,137
2013,2,Districte II,4,la Torrassa,243,35-49,220,225,445
2002,5,Districte V,10,Pubilla Cases,524,25-34,157,128,285
2007,1,Districte I,3,Sant Josep,114,03-11,58,59,117
2010,2,Districte II,4,la Torrassa,238,75 i +,68,38,106
2003,2,Districte II,5,Collblanc,226,03-11,37,41,78
2002,1,Districte I,1,Centre,105,00-02,13,14,27
2006,1,Districte I,1,Centre,134,12-15,17,23,40
2010,6,Districte VI,12,Bellvitge,618,12-15,8,17,25
2004,5,Districte V,9,Can Serra,501,18-24,51,70,121
2003,2,Districte II,4,la Torrassa,236,35-49,116,116,232
2004,3,Districte III,6,Santa Eulàlia,319,75 i +,35,22,57
2008,5,Districte V,10,Pubilla Cases,514,35-49,93,124,217
2010,2,Districte II,5,Collblanc,212,75 i +,72,50,122
2016,6,Districte VI,12,Bellvitge,624,75 i +,54,56,110
2002,2,Districte II,4,la Torrassa,239,00-02,9,8,17
2016,3,Districte III,6,Santa Eulàlia,302,18-24,37,43,80
1995,3,Districte III,6,Santa Eulàlia,312,03-11,63,36,99
2008,5,Districte V,10,Pubilla Cases,512,65-74,63,58,121
1999,5,Districte V,10,Pubilla Cases,525,00-02,13,8,21
1996,6,Districte VI,12,Bellvitge,611,25-34,172,190,362
2001,1,Districte I,3,Sant Josep,117,18-24,113,136,249
2010,2,Districte II,4,la Torrassa,241,50-64,61,55,116
2016,2,Districte II,5,Collblanc,224,18-24,39,43,82
2015,5,Districte V,10,Pubilla Cases,511,00-02,32,36,68
2010,6,Districte VI,12,Bellvitge,625,16-17,7,12,19
1997,1,Districte I,3,Sant Josep,140,16-17,11,11,22
2009,2,Districte II,4,la Torrassa,239,03-11,46,53,99
1996,5,Districte V,10,Pubilla Cases,510,16-17,5,6,11
2002,4,Districte IV,7,la Florida,423,65-74,78,63,141
1996,3,Districte III,6,Santa Eulàlia,309,50-64,60,59,119
2005,3,Districte III,6,Santa Eulàlia,318,16-17,18,10,28
1997,4,Districte IV,7,la Florida,431,50-64,121,110,231
2015,2,Districte II,4,la Torrassa,232,00-02,17,18,35
2013,3,Districte III,6,Santa Eulàlia,323,18-24,63,60,123
2011,5,Districte V,10,Pubilla Cases,531,50-64,89,75,164
1997,5,Districte V,10,Pubilla Cases,508,12-15,17,11,28
2008,6,Districte VI,12,Bellvitge,630,18-24,34,36,70
2000,1,Districte I,1,Centre,113,03-11,53,65,118
2013,6,Districte VI,12,Bellvitge,609,25-34,46,45,91
1997,2,Districte II,5,Collblanc,215,12-15,14,13,27
2004,3,Districte III,6,Santa Eulàlia,317,35-49,100,115,215
2014,4,Districte IV,7,la Florida,431,65-74,66,47,113
1995,5,Districte V,10,Pubilla Cases,530,35-49,102,102,204
1998,5,Districte V,10,Pubilla Cases,518,75 i +,52,25,77
2001,2,Districte II,5,Collblanc,213,35-49,97,89,186
2015,5,Districte V,9,Can Serra,506,65-74,167,146,313
2001,1,Districte I,1,Centre,102,12-15,33,30,63
2016,6,Districte VI,12,Bellvitge,630,25-34,47,49,96
2015,1,Districte I,3,Sant Josep,121,18-24,34,35,69
2012,5,Districte V,10,Pubilla Cases,512,75 i +,52,41,93
2014,2,Districte II,5,Collblanc,223,16-17,11,8,19
2007,2,Districte II,4,la Torrassa,246,12-15,22,9,31
2007,6,Districte VI,11,el Gornal,632,03-11,49,43,92
2004,1,Districte I,3,Sant Josep,121,16-17,3,6,9
1999,2,Districte II,5,Collblanc,205,65-74,61,49,110
2013,3,Districte III,6,Santa Eulàlia,311,50-64,113,96,209
1998,2,Districte II,5,Collblanc,227,35-49,57,47,104
2008,2,Districte II,4,la Torrassa,243,00-02,18,19,37
1996,5,Districte V,10,Pubilla Cases,530,00-02,11,10,21
2009,5,Districte V,10,Pubilla Cases,509,75 i +,32,20,52
2014,1,Districte I,3,Sant Josep,121,03-11,39,45,84
1995,4,Districte IV,7,la Florida,403,00-02,3,7,10
2015,6,Districte VI,12,Bellvitge,605,18-24,47,41,88
1994,6,Districte VI,12,Bellvitge,621,75 i +,18,11,29
2010,6,Districte VI,12,Bellvitge,628,75 i +,46,36,82
1999,1,Districte I,1,Centre,111,18-24,47,72,119
2003,2,Districte II,5,Collblanc,220,75 i +,41,30,71
2008,1,Districte I,3,Sant Josep,138,00-02,10,9,19
2016,1,Districte I,3,Sant Josep,136,18-24,40,41,81
2002,6,Districte VI,12,Bellvitge,625,65-74,42,45,87
2012,5,Districte V,10,Pubilla Cases,526,25-34,66,83,149
2016,6,Districte VI,12,Bellvitge,611,03-11,78,106,184
2004,3,Districte III,6,Santa Eulàlia,301,18-24,86,107,193
2000,4,Districte IV,7,la Florida,421,16-17,4,9,13
1998,2,Districte II,5,Collblanc,208,75 i +,120,70,190
2000,2,Districte II,5,Collblanc,225,65-74,46,28,74
2007,1,Districte I,1,Centre,131,03-11,38,46,84
2009,2,Districte II,5,Collblanc,226,00-02,19,16,35
2005,2,Districte II,4,la Torrassa,217,00-02,4,11,15
1998,6,Districte VI,12,Bellvitge,631,16-17,10,15,25
2006,6,Districte VI,11,el Gornal,616,75 i +,50,31,81
2011,5,Districte V,9,Can Serra,502,65-74,87,87,174
2006,6,Districte VI,12,Bellvitge,621,16-17,13,14,27
2010,4,Districte IV,8,les Planes,433,18-24,62,54,116
1997,5,Districte V,10,Pubilla Cases,514,65-74,31,33,64
2016,3,Districte III,6,Santa Eulàlia,324,35-49,170,184,354
2006,3,Districte III,6,Santa Eulàlia,323,25-34,279,297,576
2016,3,Districte III,6,Santa Eulàlia,314,75 i +,91,60,151
1995,4,Districte IV,7,la Florida,421,03-11,23,41,64
2001,1,Districte I,3,Sant Josep,119,35-49,148,118,266
2011,2,Districte II,4,la Torrassa,233,18-24,32,40,72
2014,1,Districte I,2,Sanfeliu,116,00-02,17,15,32
2009,4,Districte IV,8,les Planes,442,50-64,51,51,102
2004,2,Districte II,4,la Torrassa,232,12-15,13,14,27
2007,5,Districte V,10,Pubilla Cases,527,25-34,131,130,261
2014,4,Districte IV,7,la Florida,402,03-11,45,45,90
2011,4,Districte IV,8,les Planes,418,50-64,100,93,193
2010,4,Districte IV,7,la Florida,409,75 i +,31,24,55
2006,4,Districte IV,7,la Florida,411,00-02,11,10,21
2006,6,Districte VI,12,Bellvitge,625,03-11,37,43,80
1994,4,Districte IV,8,les Planes,441,00-02,23,13,36
2003,1,Districte I,1,Centre,103,03-11,30,31,61
1999,1,Districte I,1,Centre,131,50-64,147,165,312
2011,1,Districte I,3,Sant Josep,127,16-17,8,6,14
1994,5,Districte V,9,Can Serra,507,35-49,88,91,179
2014,5,Districte V,10,Pubilla Cases,531,25-34,74,65,139
2011,6,Districte VI,11,el Gornal,608,00-02,8,9,17
2007,2,Districte II,5,Collblanc,205,18-24,52,49,101
1997,6,Districte VI,12,Bellvitge,605,25-34,65,70,135
2011,5,Districte V,10,Pubilla Cases,527,50-64,86,89,175
2002,1,Districte I,3,Sant Josep,117,50-64,184,188,372
1999,2,Districte II,5,Collblanc,219,25-34,87,90,177
1998,4,Districte IV,7,la Florida,410,12-15,24,26,50
2008,5,Districte V,10,Pubilla Cases,516,50-64,36,39,75
2004,4,Districte IV,7,la Florida,427,75 i +,41,40,81
2006,6,Districte VI,12,Bellvitge,631,50-64,158,122,280
2006,2,Districte II,4,la Torrassa,234,25-34,104,100,204
1998,4,Districte IV,7,la Florida,431,00-02,12,17,29
2014,4,Districte IV,7,la Florida,421,12-15,23,20,43
2011,2,Districte II,5,Collblanc,209,03-11,28,39,67
2000,2,Districte II,5,Collblanc,216,16-17,16,16,32
2004,4,Districte IV,7,la Florida,422,35-49,110,134,244
2011,6,Districte VI,12,Bellvitge,618,25-34,27,28,55
2001,5,Districte V,10,Pubilla Cases,527,16-17,11,13,24
2009,4,Districte IV,7,la Florida,403,18-24,43,48,91
2002,1,Districte I,1,Centre,103,25-34,68,64,132
2012,4,Districte IV,8,les Planes,440,12-15,13,13,26
2007,2,Districte II,5,Collblanc,221,00-02,13,9,22
2012,6,Districte VI,12,Bellvitge,625,65-74,82,68,150
1995,6,Districte VI,12,Bellvitge,619,35-49,168,150,318
2011,1,Districte I,1,Centre,135,50-64,161,135,296
1994,5,Districte V,10,Pubilla Cases,531,16-17,10,16,26
1998,4,Districte IV,7,la Florida,424,35-49,49,49,98
2006,2,Districte II,5,Collblanc,219,16-17,9,12,21
1997,2,Districte II,5,Collblanc,204,16-17,4,5,9
1995,1,Districte I,3,Sant Josep,136,50-64,102,91,193
1997,1,Districte I,1,Centre,111,18-24,56,93,149
1994,2,Districte II,4,la Torrassa,246,65-74,82,62,144
1998,6,Districte VI,12,Bellvitge,628,25-34,90,88,178
2001,6,Districte VI,12,Bellvitge,621,12-15,22,26,48
2007,2,Districte II,4,la Torrassa,233,16-17,8,7,15
2003,1,Districte I,3,Sant Josep,140,65-74,69,61,130
2012,1,Districte I,3,Sant Josep,139,65-74,45,38,83
2009,4,Districte IV,8,les Planes,441,12-15,36,28,64
2007,1,Districte I,1,Centre,133,35-49,92,103,195
2001,2,Districte II,4,la Torrassa,232,50-64,89,83,172
2016,1,Districte I,3,Sant Josep,125,00-02,25,24,49
2012,6,Districte VI,11,el Gornal,629,16-17,1,9,10
1996,6,Districte VI,11,el Gornal,616,16-17,40,44,84
2009,3,Districte III,6,Santa Eulàlia,316,16-17,22,26,48
2005,6,Districte VI,11,el Gornal,626,03-11,36,40,76
1995,2,Districte II,5,Collblanc,208,25-34,117,145,262
2009,1,Districte I,2,Sanfeliu,129,03-11,47,64,111
2001,1,Districte I,1,Centre,110,65-74,62,47,109
2015,2,Districte II,4,la Torrassa,248,18-24,46,47,93
2009,5,Districte V,9,Can Serra,504,12-15,10,18,28
2010,1,Districte I,3,Sant Josep,106,75 i +,71,32,103
2014,1,Districte I,3,Sant Josep,139,25-34,56,61,117
1999,4,Districte IV,7,la Florida,408,16-17,7,16,23
2009,5,Districte V,9,Can Serra,505,35-49,124,115,239
2008,3,Districte III,6,Santa Eulàlia,304,12-15,46,32,78
1998,5,Districte V,10,Pubilla Cases,524,18-24,76,58,134
2014,1,Districte I,3,Sant Josep,140,65-74,50,47,97
2008,5,Districte V,10,Pubilla Cases,537,65-74,75,71,146
2002,6,Districte VI,12,Bellvitge,619,25-34,103,123,226
2003,2,Districte II,4,la Torrassa,242,03-11,25,21,46
2001,5,Districte V,9,Can Serra,503,12-15,32,23,55
2004,6,Districte VI,12,Bellvitge,609,75 i +,29,21,50
2005,4,Districte IV,7,la Florida,431,03-11,56,73,129
1996,2,Districte II,5,Collblanc,224,16-17,7,8,15
2005,4,Districte IV,8,les Planes,436,00-02,16,23,39
1996,5,Districte V,9,Can Serra,521,12-15,28,26,54
2014,6,Districte VI,12,Bellvitge,609,35-49,107,105,212
2008,5,Districte V,10,Pubilla Cases,525,50-64,69,68,137
2000,2,Districte II,5,Collblanc,210,12-15,6,13,19
2011,6,Districte VI,12,Bellvitge,627,12-15,16,9,25
1996,2,Districte II,5,Collblanc,210,50-64,108,88,196
2011,1,Districte I,1,Centre,131,75 i +,62,52,114
2008,4,Districte IV,7,la Florida,404,25-34,125,148,273
2015,5,Districte V,9,Can Serra,506,75 i +,99,87,186
1999,2,Districte II,4,la Torrassa,230,03-11,18,29,47
2014,1,Districte I,2,Sanfeliu,118,00-02,18,27,45
1995,1,Districte I,2,Sanfeliu,118,18-24,134,150,284
1994,3,Districte III,6,Santa Eulàlia,305,35-49,194,172,366
1998,4,Districte IV,7,la Florida,430,16-17,4,8,12
2003,6,Districte VI,12,Bellvitge,613,12-15,15,11,26
2011,5,Districte V,9,Can Serra,507,25-34,66,68,134
2014,4,Districte IV,7,la Florida,423,00-02,13,13,26
1998,1,Districte I,1,Centre,128,50-64,104,102,206
1996,2,Districte II,5,Collblanc,216,50-64,144,123,267
2003,4,Districte IV,8,les Planes,419,03-11,42,42,84
2006,2,Districte II,4,la Torrassa,247,03-11,53,42,95
2006,2,Districte II,5,Collblanc,223,25-34,121,113,234
1995,4,Districte IV,7,la Florida,415,75 i +,36,18,54
2015,4,Districte IV,8,les Planes,440,18-24,35,33,68
1997,5,Districte V,10,Pubilla Cases,509,03-11,23,29,52
2012,5,Districte V,10,Pubilla Cases,515,75 i +,40,18,58
1997,2,Districte II,5,Collblanc,210,25-34,59,67,126
1998,3,Districte III,6,Santa Eulàlia,303,03-11,36,35,71
2013,6,Districte VI,12,Bellvitge,610,50-64,86,69,155
2005,5,Districte V,10,Pubilla Cases,531,35-49,100,121,221
1996,1,Districte I,1,Centre,134,16-17,16,19,35
2015,4,Districte IV,7,la Florida,404,18-24,55,54,109
1995,4,Districte IV,7,la Florida,413,65-74,41,37,78
2013,4,Districte IV,7,la Florida,402,00-02,6,11,17
1998,2,Districte II,4,la Torrassa,249,35-49,93,87,180
2012,4,Districte IV,7,la Florida,410,25-34,114,118,232
2005,4,Districte IV,7,la Florida,423,18-24,42,39,81
2014,3,Districte III,6,Santa Eulàlia,310,12-15,14,16,30
2007,3,Districte III,6,Santa Eulàlia,322,35-49,136,146,282
1999,6,Districte VI,12,Bellvitge,604,00-02,9,6,15
2004,3,Districte III,6,Santa Eulàlia,305,00-02,15,17,32
1996,2,Districte II,4,la Torrassa,211,35-49,78,97,175
2003,3,Districte III,6,Santa Eulàlia,305,75 i +,92,45,137
1996,4,Districte IV,8,les Planes,435,65-74,118,82,200
2011,3,Districte III,6,Santa Eulàlia,314,75 i +,86,51,137
1997,2,Districte II,5,Collblanc,205,03-11,31,31,62
2014,1,Districte I,2,Sanfeliu,132,35-49,232,252,484
2016,1,Districte I,1,Centre,110,03-11,42,34,76
2008,6,Districte VI,12,Bellvitge,602,50-64,49,34,83
2007,4,Districte IV,8,les Planes,401,25-34,95,75,170
1994,3,Districte III,6,Santa Eulàlia,315,50-64,106,112,218
1999,5,Districte V,10,Pubilla Cases,536,18-24,38,46,84
1998,5,Districte V,10,Pubilla Cases,523,65-74,93,75,168
2005,2,Districte II,5,Collblanc,205,50-64,94,76,170
2012,2,Districte II,5,Collblanc,204,00-02,9,9,18
1994,4,Districte IV,7,la Florida,410,00-02,14,16,30
1999,1,Districte I,1,Centre,109,12-15,24,18,42
1999,4,Districte IV,7,la Florida,405,12-15,12,10,22
1998,2,Districte II,4,la Torrassa,218,25-34,53,59,112
1996,3,Districte III,6,Santa Eulàlia,321,35-49,332,316,648
2015,1,Districte I,3,Sant Josep,126,65-74,94,81,175
2002,4,Districte IV,8,les Planes,434,16-17,6,2,8
1994,2,Districte II,4,la Torrassa,239,16-17,14,19,33
2003,5,Districte V,10,Pubilla Cases,520,25-34,65,78,143
2004,1,Districte I,3,Sant Josep,136,75 i +,63,34,97
2003,2,Districte II,4,la Torrassa,235,75 i +,82,45,127
2008,5,Districte V,10,Pubilla Cases,533,00-02,21,23,44
2002,2,Districte II,5,Collblanc,216,25-34,98,102,200
2015,6,Districte VI,11,el Gornal,616,65-74,103,105,208
2014,5,Districte V,10,Pubilla Cases,537,35-49,143,117,260
2014,2,Districte II,4,la Torrassa,242,50-64,84,83,167
2007,4,Districte IV,8,les Planes,440,18-24,33,26,59
2016,6,Districte VI,12,Bellvitge,612,35-49,108,143,251
1997,6,Districte VI,11,el Gornal,626,65-74,46,63,109
1994,4,Districte IV,7,la Florida,424,18-24,26,52,78
2001,3,Districte III,6,Santa Eulàlia,324,50-64,68,67,135
2007,1,Districte I,1,Centre,111,12-15,12,11,23
2012,1,Districte I,1,Centre,133,65-74,46,42,88
2008,5,Districte V,10,Pubilla Cases,527,12-15,21,15,36
1999,2,Districte II,4,la Torrassa,232,18-24,49,43,92
2010,1,Districte I,3,Sant Josep,126,75 i +,65,35,100
2006,4,Districte IV,7,la Florida,404,18-24,76,61,137
1997,1,Districte I,1,Centre,103,25-34,58,64,122
1999,1,Districte I,1,Centre,109,03-11,39,42,81
2006,4,Districte IV,8,les Planes,441,00-02,17,28,45
2003,1,Districte I,1,Centre,123,18-24,52,49,101
2007,2,Districte II,4,la Torrassa,229,65-74,43,32,75
2005,6,Districte VI,12,Bellvitge,615,75 i +,23,17,40
2003,4,Districte IV,7,la Florida,403,65-74,84,81,165
2007,2,Districte II,5,Collblanc,223,65-74,62,48,110
2009,2,Districte II,4,la Torrassa,239,50-64,82,77,159
1995,1,Districte I,1,Centre,135,50-64,122,132,254
1997,5,Districte V,9,Can Serra,535,18-24,98,104,202
2004,1,Districte I,1,Centre,113,75 i +,45,24,69
1995,6,Districte VI,12,Bellvitge,615,65-74,31,22,53
2009,6,Districte VI,12,Bellvitge,611,00-02,29,37,66
2008,4,Districte IV,7,la Florida,413,12-15,19,17,36
2003,5,Districte V,10,Pubilla Cases,516,65-74,45,35,80
2010,1,Districte I,3,Sant Josep,120,50-64,195,194,389
1995,1,Districte I,1,Centre,102,25-34,126,157,283
2005,4,Districte IV,8,les Planes,418,12-15,19,17,36
2009,6,Districte VI,12,Bellvitge,627,75 i +,41,27,68
1995,5,Districte V,10,Pubilla Cases,522,12-15,20,22,42
1995,5,Districte V,10,Pubilla Cases,530,18-24,78,83,161
2006,1,Districte I,2,Sanfeliu,132,03-11,71,75,146
2001,5,Districte V,10,Pubilla Cases,534,25-34,94,101,195
2009,4,Districte IV,7,la Florida,408,50-64,81,78,159
2004,1,Districte I,3,Sant Josep,117,12-15,40,25,65
1995,1,Districte I,2,Sanfeliu,132,65-74,65,56,121
1997,2,Districte II,5,Collblanc,222,65-74,47,44,91
2005,5,Districte V,10,Pubilla Cases,529,65-74,86,69,155
2016,1,Districte I,1,Centre,113,35-49,211,227,438
2000,1,Districte I,3,Sant Josep,138,18-24,45,60,105
1998,2,Districte II,4,la Torrassa,243,18-24,59,51,110
2012,1,Districte I,1,Centre,105,00-02,15,23,38
1996,3,Districte III,6,Santa Eulàlia,319,35-49,107,99,206
2002,6,Districte VI,12,Bellvitge,602,35-49,50,44,94
2001,4,Districte IV,7,la Florida,402,65-74,55,63,118
2016,1,Districte I,2,Sanfeliu,132,50-64,232,220,452
1995,5,Districte V,10,Pubilla Cases,523,12-15,35,35,70
2010,3,Districte III,6,Santa Eulàlia,310,75 i +,45,25,70
2013,1,Districte I,1,Centre,134,18-24,43,49,92
2009,5,Districte V,10,Pubilla Cases,538,12-15,17,25,42
2011,1,Districte I,3,Sant Josep,115,03-11,45,58,103
2005,2,Districte II,5,Collblanc,210,00-02,9,6,15
2001,4,Districte IV,7,la Florida,414,12-15,10,17,27
2014,2,Districte II,5,Collblanc,205,00-02,10,6,16
2016,4,Districte IV,8,les Planes,441,03-11,78,77,155
2008,5,Districte V,10,Pubilla Cases,520,18-24,39,47,86
2011,4,Districte IV,7,la Florida,408,03-11,43,37,80
2013,2,Districte II,5,Collblanc,208,00-02,15,21,36
2006,2,Districte II,5,Collblanc,204,18-24,21,30,51
2001,1,Districte I,3,Sant Josep,114,65-74,69,71,140
1997,2,Districte II,4,la Torrassa,218,35-49,78,65,143
2002,1,Districte I,1,Centre,112,65-74,61,47,108
2009,4,Districte IV,7,la Florida,432,18-24,46,57,103
2001,4,Districte IV,8,les Planes,418,50-64,123,97,220
1998,4,Districte IV,7,la Florida,413,03-11,25,20,45
2003,2,Districte II,5,Collblanc,223,03-11,47,43,90
2001,3,Districte III,6,Santa Eulàlia,309,00-02,6,8,14
2002,5,Districte V,10,Pubilla Cases,530,00-02,14,20,34
2012,5,Districte V,10,Pubilla Cases,509,25-34,71,66,137
2015,6,Districte VI,12,Bellvitge,623,12-15,24,31,55
2000,4,Districte IV,7,la Florida,412,16-17,18,17,35
2011,3,Districte III,6,Santa Eulàlia,314,16-17,22,23,45
2003,3,Districte III,6,Santa Eulàlia,301,65-74,124,121,245
2007,4,Districte IV,7,la Florida,412,00-02,20,12,32
2009,3,Districte III,6,Santa Eulàlia,311,25-34,106,146,252
1999,4,Districte IV,7,la Florida,422,16-17,18,6,24
2013,4,Districte IV,8,les Planes,433,25-34,168,156,324
1999,6,Districte VI,12,Bellvitge,604,35-49,56,71,127
2008,2,Districte II,4,la Torrassa,249,65-74,57,30,87
2016,2,Districte II,5,Collblanc,208,65-74,113,86,199
2003,4,Districte IV,7,la Florida,421,18-24,34,46,80
1995,5,Districte V,10,Pubilla Cases,527,75 i +,44,25,69
2005,2,Districte II,4,la Torrassa,228,35-49,68,105,173
1999,1,Districte I,2,Sanfeliu,116,65-74,62,55,117
2004,1,Districte I,3,Sant Josep,106,18-24,117,102,219
2001,3,Districte III,6,Santa Eulàlia,321,18-24,147,136,283
2005,5,Districte V,10,Pubilla Cases,511,00-02,9,15,24
2008,1,Districte I,3,Sant Josep,115,50-64,137,143,280
1998,5,Districte V,9,Can Serra,506,16-17,38,30,68
2015,6,Districte VI,12,Bellvitge,619,50-64,136,134,270
2009,2,Districte II,4,la Torrassa,230,03-11,41,34,75
2012,4,Districte IV,7,la Florida,425,12-15,12,17,29
1997,2,Districte II,4,la Torrassa,232,12-15,11,13,24
1996,4,Districte IV,8,les Planes,437,75 i +,17,8,25
2005,1,Districte I,3,Sant Josep,117,16-17,17,15,32
2006,2,Districte II,5,Collblanc,223,75 i +,65,37,102
2002,3,Districte III,6,Santa Eulàlia,325,12-15,24,24,48
1996,5,Districte V,10,Pubilla Cases,531,00-02,8,5,13
2005,2,Districte II,4,la Torrassa,239,16-17,4,8,12
1999,2,Districte II,4,la Torrassa,237,18-24,60,56,116
1999,6,Districte VI,11,el Gornal,632,12-15,18,26,44
2006,5,Districte V,10,Pubilla Cases,524,16-17,11,13,24
2015,1,Districte I,1,Centre,111,75 i +,62,44,106
2007,4,Districte IV,8,les Planes,440,50-64,109,91,200
2012,5,Districte V,10,Pubilla Cases,514,75 i +,51,34,85
2005,1,Districte I,3,Sant Josep,120,12-15,39,40,79
2009,1,Districte I,3,Sant Josep,122,75 i +,47,29,76
1995,1,Districte I,3,Sant Josep,137,16-17,30,18,48
2004,5,Districte V,10,Pubilla Cases,536,50-64,87,70,157
1999,2,Districte II,4,la Torrassa,243,12-15,21,16,37
2016,3,Districte III,6,Santa Eulàlia,326,35-49,208,241,449
2007,5,Districte V,10,Pubilla Cases,517,00-02,22,19,41
2000,3,Districte III,6,Santa Eulàlia,320,18-24,22,38,60
2010,5,Districte V,9,Can Serra,503,16-17,7,9,16
2000,3,Districte III,6,Santa Eulàlia,311,75 i +,88,43,131
1994,4,Districte IV,7,la Florida,424,25-34,41,49,90
2008,5,Districte V,10,Pubilla Cases,532,75 i +,77,58,135
2006,5,Districte V,10,Pubilla Cases,533,65-74,74,51,125
2011,6,Districte VI,12,Bellvitge,601,25-34,86,102,188
2008,1,Districte I,1,Centre,135,00-02,21,20,41
2004,2,Districte II,4,la Torrassa,230,75 i +,54,25,79
1997,5,Districte V,10,Pubilla Cases,527,12-15,19,14,33
2012,5,Districte V,9,Can Serra,503,16-17,6,12,18
1997,4,Districte IV,8,les Planes,436,12-15,9,13,22
2008,1,Districte I,1,Centre,130,12-15,12,10,22
1998,3,Districte III,6,Santa Eulàlia,304,00-02,10,13,23
2014,2,Districte II,4,la Torrassa,237,00-02,31,20,51
2014,1,Districte I,2,Sanfeliu,129,75 i +,88,60,148
2010,5,Districte V,10,Pubilla Cases,531,16-17,10,11,21
2004,2,Districte II,4,la Torrassa,242,75 i +,65,56,121
2015,5,Districte V,10,Pubilla Cases,529,25-34,88,81,169
2004,3,Districte III,6,Santa Eulàlia,318,03-11,33,44,77
2001,2,Districte II,5,Collblanc,221,12-15,19,20,39
2011,2,Districte II,4,la Torrassa,230,75 i +,55,22,77
1999,6,Districte VI,12,Bellvitge,623,25-34,149,169,318
1997,2,Districte II,4,la Torrassa,240,65-74,64,46,110
2001,6,Districte VI,12,Bellvitge,625,00-02,12,15,27
2011,6,Districte VI,12,Bellvitge,615,25-34,58,41,99
1997,1,Districte I,1,Centre,108,75 i +,78,34,112
1994,5,Districte V,10,Pubilla Cases,508,35-49,50,53,103
2009,3,Districte III,6,Santa Eulàlia,310,50-64,87,100,187
2012,3,Districte III,6,Santa Eulàlia,319,35-49,277,270,547
1998,3,Districte III,6,Santa Eulàlia,317,75 i +,46,18,64
2003,1,Districte I,3,Sant Josep,122,50-64,100,79,179
1999,4,Districte IV,8,les Planes,442,03-11,21,18,39
2011,6,Districte VI,11,el Gornal,622,25-34,53,56,109
1999,5,Districte V,10,Pubilla Cases,512,25-34,65,80,145
1998,1,Districte I,2,Sanfeliu,116,03-11,55,48,103
2011,4,Districte IV,7,la Florida,423,16-17,10,12,22
2009,4,Districte IV,8,les Planes,429,00-02,8,5,13
1994,5,Districte V,9,Can Serra,535,12-15,34,39,73
2008,1,Districte I,1,Centre,123,12-15,19,31,50
2009,4,Districte IV,8,les Planes,435,16-17,6,10,16
1998,4,Districte IV,7,la Florida,415,75 i +,44,26,70
2012,2,Districte II,4,la Torrassa,245,50-64,78,80,158
2006,4,Districte IV,8,les Planes,436,50-64,57,60,117
1997,1,Districte I,3,Sant Josep,125,16-17,14,21,35
1997,1,Districte I,3,Sant Josep,137,03-11,56,56,112
1994,2,Districte II,4,la Torrassa,245,03-11,28,32,60
1996,5,Districte V,10,Pubilla Cases,524,18-24,86,73,159
2010,2,Districte II,5,Collblanc,206,65-74,51,33,84
1995,3,Districte III,6,Santa Eulàlia,318,75 i +,10,9,19
2005,6,Districte VI,12,Bellvitge,607,00-02,16,16,32
1994,2,Districte II,4,la Torrassa,248,03-11,36,42,78
2006,4,Districte IV,7,la Florida,405,03-11,31,30,61
2012,6,Districte VI,11,el Gornal,622,18-24,28,29,57
2004,1,Districte I,1,Centre,104,25-34,77,80,157
2008,2,Districte II,5,Collblanc,224,03-11,19,25,44
2003,4,Districte IV,8,les Planes,438,16-17,5,5,10
2007,3,Districte III,6,Santa Eulàlia,311,50-64,123,91,214
1997,4,Districte IV,7,la Florida,414,50-64,97,99,196
2011,1,Districte I,1,Centre,133,35-49,107,108,215
1997,4,Districte IV,7,la Florida,423,00-02,4,7,11
2005,1,Districte I,3,Sant Josep,121,18-24,31,23,54
2003,1,Districte I,1,Centre,103,65-74,45,41,86
2013,2,Districte II,4,la Torrassa,229,16-17,26,26,52
2001,1,Districte I,3,Sant Josep,137,18-24,82,73,155
2010,2,Districte II,4,la Torrassa,249,16-17,10,12,22
2011,4,Districte IV,7,la Florida,416,16-17,10,10,20
2006,2,Districte II,5,Collblanc,220,16-17,6,8,14
1999,6,Districte VI,11,el Gornal,617,00-02,10,10,20
1994,5,Districte V,10,Pubilla Cases,538,12-15,18,24,42
2008,5,Districte V,10,Pubilla Cases,512,00-02,17,20,37
2005,6,Districte VI,12,Bellvitge,606,25-34,81,98,179
2001,5,Districte V,10,Pubilla Cases,508,65-74,39,34,73
2014,6,Districte VI,12,Bellvitge,613,03-11,47,58,105
2004,2,Districte II,5,Collblanc,207,18-24,27,22,49
2004,1,Districte I,1,Centre,134,03-11,55,50,105
1997,5,Districte V,10,Pubilla Cases,520,12-15,15,21,36
2001,6,Districte VI,12,Bellvitge,618,16-17,3,7,10
2003,2,Districte II,5,Collblanc,210,12-15,8,11,19
2000,3,Districte III,6,Santa Eulàlia,325,18-24,99,97,196
1995,2,Districte II,4,la Torrassa,247,35-49,94,112,206
2002,2,Districte II,5,Collblanc,221,50-64,96,82,178
2004,4,Districte IV,7,la Florida,411,00-02,5,6,11
2000,4,Districte IV,8,les Planes,439,25-34,96,109,205
1999,1,Districte I,3,Sant Josep,136,12-15,23,18,41
1995,5,Districte V,10,Pubilla Cases,518,03-11,33,42,75
2002,2,Districte II,4,la Torrassa,233,65-74,47,53,100
2011,6,Districte VI,12,Bellvitge,628,18-24,31,33,64
1996,1,Districte I,3,Sant Josep,117,25-34,146,128,274
2015,4,Districte IV,7,la Florida,409,75 i +,112,89,201
1995,6,Districte VI,12,Bellvitge,623,00-02,17,21,38
2014,1,Districte I,3,Sant Josep,106,00-02,22,19,41
1997,1,Districte I,2,Sanfeliu,118,16-17,31,41,72
1995,5,Districte V,10,Pubilla Cases,511,25-34,51,77,128
2002,3,Districte III,6,Santa Eulàlia,302,16-17,11,7,18
1998,6,Districte VI,12,Bellvitge,619,25-34,120,140,260
2009,4,Districte IV,8,les Planes,420,18-24,63,70,133
2011,2,Districte II,5,Collblanc,226,03-11,60,39,99
1995,4,Districte IV,7,la Florida,414,16-17,13,14,27
2013,2,Districte II,5,Collblanc,201,75 i +,63,45,108
2004,2,Districte II,4,la Torrassa,228,50-64,58,55,113
2008,6,Districte VI,12,Bellvitge,602,25-34,49,35,84
1997,6,Districte VI,12,Bellvitge,611,35-49,117,120,237
1998,3,Districte III,6,Santa Eulàlia,308,65-74,72,55,127
1996,2,Districte II,5,Collblanc,213,75 i +,23,11,34
2004,1,Districte I,3,Sant Josep,121,03-11,34,44,78
2015,1,Districte I,2,Sanfeliu,118,03-11,79,74,153
2012,2,Districte II,4,la Torrassa,249,65-74,56,38,94
2010,4,Districte IV,8,les Planes,419,00-02,15,24,39
1996,6,Districte VI,12,Bellvitge,615,03-11,19,23,42
1995,5,Districte V,10,Pubilla Cases,509,18-24,47,66,113
2015,2,Districte II,4,la Torrassa,249,16-17,10,16,26
2012,4,Districte IV,7,la Florida,430,35-49,125,165,290
2000,3,Districte III,6,Santa Eulàlia,309,65-74,30,28,58
2004,2,Districte II,5,Collblanc,223,12-15,21,26,47
2016,3,Districte III,6,Santa Eulàlia,302,16-17,4,14,18
2013,1,Districte I,3,Sant Josep,120,12-15,33,43,76
2011,4,Districte IV,8,les Planes,441,00-02,20,27,47
2016,1,Districte I,1,Centre,102,75 i +,118,84,202
2010,5,Districte V,10,Pubilla Cases,529,35-49,175,165,340
2000,4,Districte IV,8,les Planes,419,16-17,11,6,17
2015,2,Districte II,5,Collblanc,226,03-11,76,71,147
2013,1,Districte I,1,Centre,108,16-17,15,9,24
2004,6,Districte VI,12,Bellvitge,605,65-74,54,55,109
1997,1,Districte I,1,Centre,105,50-64,73,91,164
2003,1,Districte I,1,Centre,112,35-49,193,167,360
1997,1,Districte I,2,Sanfeliu,118,35-49,271,237,508
2012,4,Districte IV,7,la Florida,416,16-17,6,7,13
2010,2,Districte II,5,Collblanc,209,65-74,55,33,88
2003,5,Districte V,10,Pubilla Cases,517,03-11,47,54,101
2010,6,Districte VI,12,Bellvitge,605,50-64,54,34,88
1999,1,Districte I,1,Centre,110,00-02,4,6,10
2000,6,Districte VI,12,Bellvitge,602,75 i +,25,12,37
2010,4,Districte IV,8,les Planes,436,25-34,108,132,240
2006,6,Districte VI,12,Bellvitge,604,25-34,39,74,113
2014,4,Districte IV,8,les Planes,441,65-74,118,99,217
2001,4,Districte IV,7,la Florida,430,12-15,14,13,27
2007,4,Districte IV,7,la Florida,424,35-49,62,76,138
2009,6,Districte VI,11,el Gornal,622,12-15,11,18,29
1996,2,Districte II,4,la Torrassa,243,50-64,153,128,281
1996,3,Districte III,6,Santa Eulàlia,318,50-64,56,56,112
1999,4,Districte IV,8,les Planes,441,75 i +,66,51,117
1999,2,Districte II,4,la Torrassa,243,03-11,46,54,100
2004,4,Districte IV,7,la Florida,410,00-02,15,22,37
2000,3,Districte III,6,Santa Eulàlia,323,25-34,230,267,497
2016,5,Districte V,10,Pubilla Cases,525,35-49,122,136,258
2014,2,Districte II,5,Collblanc,202,50-64,129,98,227
1994,5,Districte V,10,Pubilla Cases,513,65-74,35,34,69
2013,3,Districte III,6,Santa Eulàlia,321,35-49,241,197,438
1995,6,Districte VI,12,Bellvitge,609,03-11,32,41,73
1994,3,Districte III,6,Santa Eulàlia,309,18-24,32,45,77
2015,1,Districte I,1,Centre,101,12-15,41,36,77
2014,4,Districte IV,7,la Florida,412,03-11,50,53,103
1998,6,Districte VI,12,Bellvitge,607,16-17,13,12,25
2013,5,Districte V,10,Pubilla Cases,508,25-34,118,126,244
2011,4,Districte IV,8,les Planes,437,35-49,116,130,246
2003,4,Districte IV,7,la Florida,411,65-74,93,67,160
2001,5,Districte V,10,Pubilla Cases,512,65-74,40,46,86
2003,6,Districte VI,12,Bellvitge,612,18-24,42,43,85
1996,6,Districte VI,12,Bellvitge,625,35-49,230,216,446
2001,5,Districte V,10,Pubilla Cases,510,18-24,44,51,95
2014,5,Districte V,9,Can Serra,502,35-49,181,199,380
1998,4,Districte IV,7,la Florida,414,16-17,6,10,16
2005,4,Districte IV,8,les Planes,401,25-34,99,97,196
2004,4,Districte IV,7,la Florida,416,16-17,9,5,14
1996,1,Districte I,1,Centre,135,35-49,184,178,362
2016,3,Districte III,6,Santa Eulàlia,315,35-49,251,244,495
2016,2,Districte II,5,Collblanc,204,18-24,84,69,153
2016,4,Districte IV,8,les Planes,418,25-34,88,102,190
2010,2,Districte II,5,Collblanc,202,03-11,28,40,68
2000,2,Districte II,4,la Torrassa,240,18-24,25,30,55
2002,5,Districte V,9,Can Serra,506,18-24,117,110,227
2010,2,Districte II,4,la Torrassa,235,65-74,78,64,142
1994,2,Districte II,5,Collblanc,212,65-74,68,60,128
1997,2,Districte II,4,la Torrassa,243,25-34,135,140,275
1999,5,Districte V,10,Pubilla Cases,523,12-15,18,20,38
2015,1,Districte I,1,Centre,113,00-02,27,28,55
1998,4,Districte IV,7,la Florida,406,50-64,144,132,276
2007,5,Districte V,9,Can Serra,535,18-24,47,51,98
2015,1,Districte I,3,Sant Josep,120,16-17,22,22,44
2006,4,Districte IV,8,les Planes,418,03-11,46,37,83
2008,2,Districte II,5,Collblanc,216,03-11,59,32,91
2004,4,Districte IV,8,les Planes,437,18-24,41,42,83
2008,1,Districte I,1,Centre,110,25-34,108,118,226
2000,5,Districte V,10,Pubilla Cases,523,35-49,118,121,239
1995,4,Districte IV,7,la Florida,416,50-64,97,97,194
2008,4,Districte IV,7,la Florida,405,75 i +,72,45,117
2009,4,Districte IV,7,la Florida,423,75 i +,68,45,113
1999,5,Districte V,9,Can Serra,521,03-11,23,31,54
2016,3,Districte III,6,Santa Eulàlia,317,75 i +,45,20,65
1995,2,Districte II,4,la Torrassa,228,03-11,10,15,25
2000,6,Districte VI,12,Bellvitge,625,18-24,105,129,234
2009,6,Districte VI,12,Bellvitge,601,18-24,44,52,96
2015,5,Districte V,10,Pubilla Cases,511,16-17,20,26,46
1994,6,Districte VI,11,el Gornal,632,75 i +,23,11,34
1996,5,Districte V,9,Can Serra,504,03-11,24,36,60
2013,3,Districte III,6,Santa Eulàlia,320,00-02,24,14,38
2014,1,Districte I,3,Sant Josep,122,03-11,41,46,87
2008,2,Districte II,4,la Torrassa,211,25-34,137,171,308
2006,6,Districte VI,12,Bellvitge,630,75 i +,37,18,55
2003,5,Districte V,9,Can Serra,505,75 i +,42,36,78
2009,5,Districte V,9,Can Serra,504,03-11,40,31,71
1997,2,Districte II,5,Collblanc,220,00-02,4,3,7
2006,5,Districte V,10,Pubilla Cases,511,16-17,6,3,9
1998,5,Districte V,9,Can Serra,505,75 i +,41,27,68
1996,3,Districte III,6,Santa Eulàlia,306,18-24,76,71,147
2006,4,Districte IV,8,les Planes,435,75 i +,104,47,151
2005,3,Districte III,6,Santa Eulàlia,308,00-02,35,42,77
2004,5,Districte V,10,Pubilla Cases,508,65-74,32,30,62
2015,3,Districte III,6,Santa Eulàlia,322,25-34,92,74,166
2012,4,Districte IV,8,les Planes,429,25-34,40,46,86
2007,4,Districte IV,7,la Florida,432,25-34,110,129,239
1997,4,Districte IV,7,la Florida,431,16-17,22,18,40
1997,3,Districte III,6,Santa Eulàlia,313,00-02,16,21,37
1994,2,Districte II,5,Collblanc,202,25-34,60,79,139
1995,6,Districte VI,12,Bellvitge,630,25-34,59,73,132
2011,2,Districte II,4,la Torrassa,249,03-11,42,42,84
2011,4,Districte IV,7,la Florida,421,75 i +,93,66,159
2004,4,Districte IV,8,les Planes,439,50-64,69,57,126
2009,3,Districte III,6,Santa Eulàlia,310,25-34,97,98,195
1997,3,Districte III,6,Santa Eulàlia,303,03-11,36,40,76
2011,2,Districte II,5,Collblanc,212,00-02,23,26,49
1995,1,Districte I,1,Centre,131,16-17,27,38,65
2010,1,Districte I,2,Sanfeliu,129,35-49,133,143,276
2014,5,Districte V,10,Pubilla Cases,537,12-15,26,19,45
1998,2,Districte II,5,Collblanc,214,16-17,6,8,14
2016,5,Districte V,10,Pubilla Cases,508,25-34,106,106,212
2010,6,Districte VI,12,Bellvitge,606,50-64,71,62,133
2004,5,Districte V,10,Pubilla Cases,515,50-64,46,42,88
2012,6,Districte VI,12,Bellvitge,624,35-49,102,147,249
2001,5,Districte V,10,Pubilla Cases,534,50-64,106,89,195
2010,3,Districte III,6,Santa Eulàlia,322,35-49,169,146,315
1996,2,Districte II,4,la Torrassa,231,75 i +,72,29,101
2008,5,Districte V,10,Pubilla Cases,529,03-11,47,58,105
2001,5,Districte V,9,Can Serra,502,50-64,151,152,303
1995,5,Districte V,10,Pubilla Cases,512,65-74,46,35,81
1994,3,Districte III,6,Santa Eulàlia,309,03-11,23,31,54
1996,3,Districte III,6,Santa Eulàlia,323,35-49,404,395,799
1996,2,Districte II,4,la Torrassa,238,00-02,2,12,14
2016,3,Districte III,6,Santa Eulàlia,301,00-02,47,48,95
1999,5,Districte V,10,Pubilla Cases,531,18-24,35,48,83
2010,6,Districte VI,12,Bellvitge,627,50-64,163,137,300
2009,4,Districte IV,7,la Florida,428,75 i +,36,24,60
1996,5,Districte V,10,Pubilla Cases,517,12-15,26,26,52
2010,1,Districte I,1,Centre,110,00-02,20,15,35
2015,2,Districte II,4,la Torrassa,240,12-15,30,25,55
2013,4,Districte IV,7,la Florida,414,00-02,21,27,48
2003,2,Districte II,5,Collblanc,225,16-17,3,3,6
2001,3,Districte III,6,Santa Eulàlia,305,18-24,80,78,158
2002,5,Districte V,10,Pubilla Cases,515,25-34,40,64,104
1995,1,Districte I,2,Sanfeliu,132,25-34,171,187,358
2014,3,Districte III,6,Santa Eulàlia,305,16-17,20,18,38
2000,6,Districte VI,12,Bellvitge,623,03-11,43,55,98
1997,5,Districte V,9,Can Serra,502,16-17,31,14,45
2010,5,Districte V,10,Pubilla Cases,523,75 i +,96,62,158
2011,4,Districte IV,8,les Planes,433,25-34,127,147,274
2004,5,Districte V,10,Pubilla Cases,531,18-24,32,38,70
2010,2,Districte II,4,la Torrassa,238,18-24,42,37,79
2009,1,Districte I,1,Centre,102,12-15,23,28,51
2011,4,Districte IV,7,la Florida,428,16-17,5,7,12
2004,3,Districte III,6,Santa Eulàlia,309,16-17,7,8,15
2001,2,Districte II,5,Collblanc,216,12-15,13,14,27
1998,5,Districte V,9,Can Serra,521,50-64,143,195,338
2007,5,Districte V,10,Pubilla Cases,508,65-74,42,26,68
1994,2,Districte II,5,Collblanc,227,75 i +,41,22,63
2005,2,Districte II,5,Collblanc,219,75 i +,93,53,146
2015,1,Districte I,1,Centre,123,16-17,7,20,27
1995,5,Districte V,10,Pubilla Cases,527,00-02,7,8,15
1999,6,Districte VI,12,Bellvitge,625,25-34,89,106,195
2003,6,Districte VI,12,Bellvitge,610,18-24,49,50,99
2016,2,Districte II,5,Collblanc,201,25-34,165,139,304
2015,1,Districte I,1,Centre,109,12-15,17,20,37
2012,1,Districte I,2,Sanfeliu,116,65-74,105,91,196
2010,4,Districte IV,8,les Planes,418,16-17,13,15,28
2006,4,Districte IV,7,la Florida,402,35-49,89,108,197
1997,2,Districte II,5,Collblanc,204,12-15,6,11,17
1995,3,Districte III,6,Santa Eulàlia,317,03-11,31,33,64
2011,2,Districte II,4,la Torrassa,249,00-02,14,19,33
1996,6,Districte VI,12,Bellvitge,601,18-24,114,129,243
1998,2,Districte II,5,Collblanc,207,65-74,59,34,93
2007,6,Districte VI,11,el Gornal,626,25-34,73,69,142
2015,3,Districte III,13,Granvia Sud,320,18-24,33,38,71
1997,2,Districte II,4,la Torrassa,230,65-74,65,49,114
1995,2,Districte II,4,la Torrassa,239,50-64,130,119,249
2000,2,Districte II,5,Collblanc,226,75 i +,72,35,107
2005,1,Districte I,1,Centre,128,50-64,102,75,177
2016,3,Districte III,6,Santa Eulàlia,327,03-11,44,65,109
2015,3,Districte III,6,Santa Eulàlia,302,18-24,35,44,79
1997,2,Districte II,5,Collblanc,202,65-74,40,38,78
2008,6,Districte VI,12,Bellvitge,604,00-02,10,7,17
2010,1,Districte I,3,Sant Josep,138,00-02,11,9,20
2004,1,Districte I,3,Sant Josep,119,18-24,65,59,124
1996,2,Districte II,4,la Torrassa,246,16-17,12,7,19
2003,3,Districte III,6,Santa Eulàlia,310,16-17,12,10,22
2012,6,Districte VI,12,Bellvitge,621,65-74,89,108,197
1997,6,Districte VI,12,Bellvitge,611,12-15,25,22,47
2004,1,Districte I,1,Centre,123,25-34,121,112,233
2009,4,Districte IV,7,la Florida,409,03-11,29,22,51
2002,1,Districte I,3,Sant Josep,114,65-74,74,73,147
2000,4,Districte IV,7,la Florida,406,35-49,132,133,265
2001,2,Districte II,4,la Torrassa,237,12-15,14,13,27
2016,4,Districte IV,8,les Planes,433,35-49,244,237,481
2002,5,Districte V,10,Pubilla Cases,530,25-34,136,157,293
1994,1,Districte I,1,Centre,134,00-02,13,13,26
2004,3,Districte III,6,Santa Eulàlia,312,16-17,17,11,28
1994,4,Districte IV,8,les Planes,437,50-64,99,98,197
2001,5,Districte V,10,Pubilla Cases,509,12-15,12,16,28
2009,2,Districte II,4,la Torrassa,217,65-74,21,14,35
2011,2,Districte II,4,la Torrassa,218,65-74,38,38,76
2011,2,Districte II,5,Collblanc,224,03-11,32,28,60
1996,4,Districte IV,8,les Planes,441,65-74,110,88,198
2007,5,Districte V,10,Pubilla Cases,532,12-15,23,17,40
2005,4,Districte IV,7,la Florida,404,00-02,20,13,33
2010,3,Districte III,6,Santa Eulàlia,309,03-11,41,56,97
2006,1,Districte I,2,Sanfeliu,116,03-11,58,59,117
2009,2,Districte II,5,Collblanc,222,75 i +,38,24,62
2010,4,Districte IV,8,les Planes,434,50-64,59,62,121
2011,4,Districte IV,7,la Florida,402,25-34,93,60,153
1996,5,Districte V,9,Can Serra,535,50-64,129,152,281
2012,1,Districte I,2,Sanfeliu,118,25-34,117,125,242
2007,3,Districte III,6,Santa Eulàlia,303,25-34,154,162,316
2010,4,Districte IV,8,les Planes,418,12-15,26,30,56
2005,2,Districte II,4,la Torrassa,235,18-24,59,79,138
2000,5,Districte V,10,Pubilla Cases,520,12-15,15,15,30
2015,3,Districte III,6,Santa Eulàlia,320,12-15,2,5,7
2015,3,Districte III,6,Santa Eulàlia,314,03-11,86,90,176
1999,6,Districte VI,12,Bellvitge,625,18-24,110,126,236
2009,6,Districte VI,12,Bellvitge,607,35-49,140,133,273
2015,1,Districte I,3,Sant Josep,115,25-34,65,71,136
1995,1,Districte I,3,Sant Josep,127,35-49,91,102,193
2013,5,Districte V,9,Can Serra,507,65-74,53,51,104
1997,2,Districte II,5,Collblanc,202,16-17,9,12,21
2013,5,Districte V,10,Pubilla Cases,517,03-11,110,103,213
2009,2,Districte II,5,Collblanc,219,75 i +,91,52,143
2006,1,Districte I,3,Sant Josep,114,12-15,19,17,36
2013,1,Districte I,3,Sant Josep,106,75 i +,76,32,108
2006,5,Districte V,10,Pubilla Cases,520,50-64,79,73,152
2008,1,Districte I,1,Centre,110,16-17,8,13,21
2011,1,Districte I,3,Sant Josep,136,50-64,113,103,216
2001,3,Districte III,6,Santa Eulàlia,307,03-11,46,50,96
2011,4,Districte IV,8,les Planes,442,65-74,34,32,66
1999,1,Districte I,3,Sant Josep,122,00-02,14,11,25
2012,5,Districte V,9,Can Serra,502,18-24,54,51,105
2003,1,Districte I,1,Centre,130,65-74,93,75,168
2014,1,Districte I,2,Sanfeliu,118,12-15,31,17,48
1995,4,Districte IV,7,la Florida,409,50-64,84,88,172
2010,2,Districte II,4,la Torrassa,249,00-02,19,16,35
2014,1,Districte I,1,Centre,102,03-11,68,59,127
1994,2,Districte II,5,Collblanc,225,03-11,18,24,42
2013,6,Districte VI,12,Bellvitge,613,35-49,144,163,307
1995,2,Districte II,5,Collblanc,202,00-02,6,6,12
1998,5,Districte V,9,Can Serra,535,12-15,29,38,67
2001,4,Districte IV,7,la Florida,410,03-11,42,53,95
2007,6,Districte VI,11,el Gornal,622,12-15,11,18,29
2005,5,Districte V,10,Pubilla Cases,529,25-34,122,127,249
1996,1,Districte I,3,Sant Josep,139,18-24,63,73,136
2008,2,Districte II,5,Collblanc,204,75 i +,41,20,61
2000,2,Districte II,5,Collblanc,201,65-74,52,45,97
2016,3,Districte III,6,Santa Eulàlia,317,35-49,134,185,319
1999,4,Districte IV,8,les Planes,440,18-24,81,73,154
2012,2,Districte II,5,Collblanc,223,35-49,161,163,324
2003,3,Districte III,6,Santa Eulàlia,318,75 i +,17,15,32
1994,3,Districte III,6,Santa Eulàlia,320,00-02,7,8,15
1997,4,Districte IV,7,la Florida,405,65-74,73,67,140
2016,3,Districte III,6,Santa Eulàlia,319,35-49,259,259,518
2016,2,Districte II,4,la Torrassa,232,35-49,123,130,253
2014,4,Districte IV,7,la Florida,414,75 i +,88,64,152
2009,6,Districte VI,11,el Gornal,617,75 i +,43,31,74
2011,6,Districte VI,11,el Gornal,626,12-15,20,20,40
2015,3,Districte III,6,Santa Eulàlia,311,65-74,67,49,116
2001,5,Districte V,10,Pubilla Cases,533,16-17,9,10,19
2009,4,Districte IV,8,les Planes,429,35-49,57,78,135
1996,1,Districte I,1,Centre,110,18-24,115,110,225
2016,2,Districte II,5,Collblanc,205,50-64,101,102,203
1995,2,Districte II,4,la Torrassa,235,65-74,112,78,190
2010,1,Districte I,1,Centre,123,65-74,56,47,103
2010,3,Districte III,6,Santa Eulàlia,323,35-49,333,347,680
2015,5,Districte V,10,Pubilla Cases,530,75 i +,93,72,165
2007,5,Districte V,10,Pubilla Cases,524,65-74,74,52,126
1998,3,Districte III,6,Santa Eulàlia,325,75 i +,132,70,202
1996,2,Districte II,4,la Torrassa,232,00-02,6,5,11
2008,4,Districte IV,8,les Planes,439,16-17,10,9,19
2013,3,Districte III,6,Santa Eulàlia,327,65-74,44,51,95
2005,5,Districte V,10,Pubilla Cases,513,12-15,8,11,19
1995,4,Districte IV,8,les Planes,435,03-11,41,52,93
2008,4,Districte IV,7,la Florida,411,35-49,102,125,227
2014,4,Districte IV,7,la Florida,406,65-74,81,67,148
2000,2,Districte II,4,la Torrassa,246,25-34,104,99,203
2013,1,Districte I,1,Centre,124,18-24,19,29,48
1996,5,Districte V,10,Pubilla Cases,537,12-15,23,27,50
1999,3,Districte III,6,Santa Eulàlia,312,65-74,60,49,109
1996,2,Districte II,5,Collblanc,223,25-34,101,91,192
1995,4,Districte IV,8,les Planes,442,12-15,11,13,24
2003,6,Districte VI,12,Bellvitge,611,25-34,168,203,371
2011,4,Districte IV,8,les Planes,436,16-17,7,13,20
2005,2,Districte II,5,Collblanc,227,00-02,22,12,34
2016,2,Districte II,5,Collblanc,208,18-24,51,51,102
2002,1,Districte I,3,Sant Josep,140,18-24,43,51,94
1997,1,Districte I,3,Sant Josep,140,03-11,19,16,35
1994,2,Districte II,4,la Torrassa,239,12-15,26,15,41
2012,6,Districte VI,11,el Gornal,616,18-24,115,142,257
2004,2,Districte II,4,la Torrassa,229,50-64,61,45,106
1997,2,Districte II,4,la Torrassa,248,35-49,94,98,192
2010,5,Districte V,10,Pubilla Cases,531,00-02,11,18,29
2010,2,Districte II,5,Collblanc,223,12-15,23,20,43
2012,5,Districte V,10,Pubilla Cases,514,00-02,15,10,25
2011,4,Districte IV,8,les Planes,401,12-15,21,31,52
2009,6,Districte VI,11,el Gornal,608,25-34,56,57,113
2000,1,Districte I,1,Centre,103,12-15,15,9,24
2010,5,Districte V,9,Can Serra,535,50-64,132,103,235
2006,6,Districte VI,12,Bellvitge,614,03-11,31,33,64
2013,1,Districte I,3,Sant Josep,127,18-24,31,31,62
1997,6,Districte VI,11,el Gornal,632,65-74,40,35,75
2008,1,Districte I,3,Sant Josep,137,18-24,59,57,116
2010,2,Districte II,4,la Torrassa,218,75 i +,35,22,57
2001,3,Districte III,6,Santa Eulàlia,301,25-34,233,257,490
2007,5,Districte V,9,Can Serra,503,00-02,7,5,12
2016,5,Districte V,10,Pubilla Cases,517,75 i +,100,63,163
2012,5,Districte V,10,Pubilla Cases,510,75 i +,67,41,108
2014,5,Districte V,9,Can Serra,504,35-49,119,119,238
2011,2,Districte II,4,la Torrassa,246,03-11,45,60,105
2016,5,Districte V,10,Pubilla Cases,511,50-64,193,158,351
2000,5,Districte V,10,Pubilla Cases,536,50-64,101,90,191
2000,1,Districte I,2,Sanfeliu,132,65-74,83,88,171
2002,4,Districte IV,8,les Planes,429,35-49,62,65,127
2013,5,Districte V,10,Pubilla Cases,530,25-34,160,155,315
2015,2,Districte II,5,Collblanc,223,50-64,108,102,210
2004,4,Districte IV,7,la Florida,425,50-64,82,78,160
1995,1,Districte I,1,Centre,109,16-17,24,13,37
2012,4,Districte IV,7,la Florida,403,35-49,122,139,261
2015,2,Districte II,5,Collblanc,208,50-64,183,143,326
1996,2,Districte II,4,la Torrassa,211,00-02,15,16,31
2014,4,Districte IV,7,la Florida,404,75 i +,90,52,142
1997,4,Districte IV,7,la Florida,428,25-34,50,51,101
2015,6,Districte VI,12,Bellvitge,606,18-24,29,35,64
2004,4,Districte IV,7,la Florida,428,00-02,14,7,21
2000,2,Districte II,4,la Torrassa,249,00-02,9,8,17
1994,2,Districte II,4,la Torrassa,211,35-49,81,91,172
1998,4,Districte IV,7,la Florida,402,16-17,5,10,15
2002,3,Districte III,6,Santa Eulàlia,301,12-15,37,36,73
2010,2,Districte II,4,la Torrassa,229,16-17,8,9,17
2000,2,Districte II,5,Collblanc,207,16-17,5,6,11
2005,1,Districte I,2,Sanfeliu,118,50-64,220,208,428
2014,6,Districte VI,12,Bellvitge,614,12-15,16,12,28
2004,3,Districte III,6,Santa Eulàlia,322,00-02,15,23,38
2016,5,Districte V,10,Pubilla Cases,526,25-34,156,154,310
2015,2,Districte II,4,la Torrassa,211,25-34,103,104,207
2001,1,Districte I,3,Sant Josep,137,03-11,54,56,110
2007,2,Districte II,5,Collblanc,220,65-74,50,32,82
1995,1,Districte I,3,Sant Josep,117,65-74,53,42,95
2008,3,Districte III,6,Santa Eulàlia,310,18-24,45,52,97
1994,1,Districte I,2,Sanfeliu,118,25-34,130,121,251
2008,2,Districte II,4,la Torrassa,241,75 i +,70,27,97
2016,2,Districte II,5,Collblanc,214,18-24,95,80,175
2011,2,Districte II,4,la Torrassa,241,35-49,114,111,225
2010,1,Districte I,3,Sant Josep,127,35-49,105,105,210
2000,6,Districte VI,12,Bellvitge,605,25-34,67,80,147
2007,4,Districte IV,8,les Planes,440,12-15,18,11,29
1994,4,Districte IV,8,les Planes,442,75 i +,19,14,33
2010,6,Districte VI,12,Bellvitge,615,00-02,9,9,18
1998,2,Districte II,4,la Torrassa,228,75 i +,35,18,53
2003,5,Districte V,9,Can Serra,521,18-24,51,54,105
2012,2,Districte II,5,Collblanc,213,75 i +,54,37,91
2001,6,Districte VI,12,Bellvitge,627,65-74,29,29,58
2005,2,Districte II,4,la Torrassa,241,65-74,52,42,94
2008,3,Districte III,6,Santa Eulàlia,309,75 i +,35,20,55
1996,4,Districte IV,8,les Planes,437,03-11,31,39,70
2014,3,Districte III,6,Santa Eulàlia,318,75 i +,38,24,62
2012,2,Districte II,5,Collblanc,212,35-49,178,197,375
2014,1,Districte I,3,Sant Josep,106,65-74,96,113,209
1998,6,Districte VI,12,Bellvitge,605,18-24,41,54,95
1999,1,Districte I,3,Sant Josep,117,65-74,70,46,116
2011,3,Districte III,6,Santa Eulàlia,325,50-64,186,161,347
1994,4,Districte IV,7,la Florida,408,16-17,11,20,31
1997,2,Districte II,5,Collblanc,203,65-74,69,48,117
1994,6,Districte VI,12,Bellvitge,627,18-24,83,104,187
2011,1,Districte I,1,Centre,112,12-15,19,31,50
2010,2,Districte II,4,la Torrassa,230,03-11,50,34,84
1998,4,Districte IV,7,la Florida,403,16-17,17,15,32
2008,6,Districte VI,12,Bellvitge,620,50-64,67,63,130
2014,5,Districte V,10,Pubilla Cases,526,25-34,146,160,306
2004,4,Districte IV,7,la Florida,412,50-64,194,169,363
2007,5,Districte V,10,Pubilla Cases,536,12-15,17,15,32
2005,1,Districte I,1,Centre,113,25-34,119,133,252
2004,1,Districte I,1,Centre,109,65-74,52,38,90
1997,6,Districte VI,12,Bellvitge,615,18-24,87,103,190
2016,4,Districte IV,7,la Florida,425,35-49,125,146,271
2012,1,Districte I,2,Sanfeliu,118,65-74,75,93,168
2005,5,Districte V,10,Pubilla Cases,522,25-34,97,102,199
2008,6,Districte VI,12,Bellvitge,618,50-64,62,46,108
2014,4,Districte IV,7,la Florida,409,03-11,74,80,154
2013,1,Districte I,1,Centre,112,75 i +,69,37,106
1994,2,Districte II,4,la Torrassa,231,18-24,65,59,124
1998,2,Districte II,4,la Torrassa,232,12-15,10,15,25
2006,2,Districte II,4,la Torrassa,235,12-15,26,14,40
2011,3,Districte III,6,Santa Eulàlia,304,16-17,46,17,63
2007,4,Districte IV,7,la Florida,417,25-34,73,66,139
1996,1,Districte I,1,Centre,110,25-34,83,89,172
2007,4,Districte IV,7,la Florida,432,50-64,155,151,306
2008,2,Districte II,5,Collblanc,244,35-49,103,104,207
1995,6,Districte VI,12,Bellvitge,621,50-64,123,148,271
2015,1,Districte I,2,Sanfeliu,116,50-64,141,119,260
1997,4,Districte IV,7,la Florida,428,12-15,6,7,13
2005,4,Districte IV,8,les Planes,433,25-34,119,151,270
2005,4,Districte IV,8,les Planes,438,00-02,12,10,22
2009,6,Districte VI,12,Bellvitge,621,50-64,193,171,364
2016,4,Districte IV,7,la Florida,422,12-15,13,22,35
2003,1,Districte I,2,Sanfeliu,129,16-17,9,9,18
2002,3,Districte III,6,Santa Eulàlia,304,12-15,17,25,42
1998,2,Districte II,4,la Torrassa,237,65-74,89,61,150
2015,4,Districte IV,7,la Florida,431,00-02,34,29,63
2016,5,Districte V,10,Pubilla Cases,524,65-74,48,34,82
1994,3,Districte III,6,Santa Eulàlia,319,16-17,10,19,29
2013,2,Districte II,4,la Torrassa,242,75 i +,83,63,146
2011,5,Districte V,10,Pubilla Cases,518,25-34,81,93,174
1998,2,Districte II,5,Collblanc,206,00-02,3,9,12
2015,6,Districte VI,12,Bellvitge,611,03-11,72,108,180
1996,5,Districte V,10,Pubilla Cases,511,16-17,7,7,14
2000,2,Districte II,5,Collblanc,207,00-02,4,10,14
2006,5,Districte V,10,Pubilla Cases,531,25-34,99,115,214
1999,4,Districte IV,7,la Florida,405,18-24,50,41,91
2008,1,Districte I,1,Centre,130,16-17,7,12,19
2006,5,Districte V,10,Pubilla Cases,520,16-17,11,11,22
2014,6,Districte VI,12,Bellvitge,623,16-17,10,15,25
2011,6,Districte VI,12,Bellvitge,606,75 i +,84,56,140
2007,3,Districte III,6,Santa Eulàlia,323,00-02,44,47,91
2002,4,Districte IV,7,la Florida,431,65-74,84,70,154
2001,5,Districte V,10,Pubilla Cases,515,00-02,4,5,9
2004,5,Districte V,10,Pubilla Cases,523,03-11,38,41,79
2003,6,Districte VI,12,Bellvitge,610,65-74,61,72,133
2010,5,Districte V,9,Can Serra,507,65-74,46,43,89
1996,2,Districte II,5,Collblanc,210,03-11,25,26,51
2005,6,Districte VI,12,Bellvitge,621,35-49,130,131,261
2006,2,Districte II,4,la Torrassa,246,65-74,58,44,102
1998,5,Districte V,10,Pubilla Cases,532,75 i +,68,42,110
2004,5,Districte V,9,Can Serra,521,00-02,8,15,23
2014,1,Districte I,3,Sant Josep,114,50-64,149,125,274
2005,1,Districte I,2,Sanfeliu,116,50-64,189,154,343
1999,1,Districte I,3,Sant Josep,126,00-02,11,8,19
2016,2,Districte II,5,Collblanc,223,65-74,60,36,96
2014,1,Districte I,1,Centre,107,18-24,35,62,97
2003,4,Districte IV,7,la Florida,415,18-24,45,36,81
2000,3,Districte III,6,Santa Eulàlia,307,65-74,83,54,137
1999,2,Districte II,4,la Torrassa,249,12-15,12,14,26
2016,2,Districte II,4,la Torrassa,233,65-74,39,19,58
2011,5,Districte V,10,Pubilla Cases,516,12-15,15,20,35
2015,2,Districte II,4,la Torrassa,246,65-74,34,34,68
1996,5,Districte V,10,Pubilla Cases,536,75 i +,25,28,53
1994,5,Districte V,9,Can Serra,507,50-64,76,91,167
2015,4,Districte IV,8,les Planes,401,00-02,13,14,27
1998,2,Districte II,4,la Torrassa,217,03-11,15,17,32
2001,4,Districte IV,7,la Florida,423,00-02,10,9,19
2006,3,Districte III,6,Santa Eulàlia,307,12-15,15,25,40
2009,5,Districte V,10,Pubilla Cases,513,12-15,16,11,27
2010,3,Districte III,6,Santa Eulàlia,304,16-17,44,12,56
1994,5,Districte V,10,Pubilla Cases,509,50-64,91,98,189
2003,6,Districte VI,12,Bellvitge,609,03-11,31,36,67
1997,5,Districte V,9,Can Serra,507,12-15,16,12,28
2001,6,Districte VI,11,el Gornal,617,03-11,42,47,89
2011,5,Districte V,10,Pubilla Cases,518,16-17,11,13,24
2005,5,Districte V,10,Pubilla Cases,522,50-64,56,59,115
2008,1,Districte I,3,Sant Josep,120,03-11,73,93,166
2006,1,Districte I,1,Centre,112,35-49,189,171,360
2003,4,Districte IV,7,la Florida,410,50-64,192,169,361
1995,2,Districte II,5,Collblanc,225,35-49,54,44,98
2001,4,Districte IV,8,les Planes,436,12-15,16,17,33
2011,3,Districte III,6,Santa Eulàlia,318,00-02,8,11,19
2016,3,Districte III,6,Santa Eulàlia,320,50-64,11,14,25
2003,4,Districte IV,7,la Florida,406,00-02,15,15,30
2004,4,Districte IV,8,les Planes,440,12-15,5,9,14
2001,2,Districte II,4,la Torrassa,247,16-17,6,11,17
1995,4,Districte IV,8,les Planes,438,35-49,65,73,138
2008,2,Districte II,5,Collblanc,201,75 i +,49,31,80
2003,4,Districte IV,7,la Florida,428,18-24,18,22,40
2011,2,Districte II,5,Collblanc,227,25-34,60,58,118
2001,5,Districte V,10,Pubilla Cases,512,50-64,99,93,192
2005,3,Districte III,6,Santa Eulàlia,317,16-17,8,9,17
1994,2,Districte II,4,la Torrassa,234,25-34,89,96,185
1997,6,Districte VI,12,Bellvitge,607,12-15,13,18,31
1999,2,Districte II,5,Collblanc,201,16-17,6,2,8
2005,2,Districte II,5,Collblanc,214,00-02,18,11,29
1995,3,Districte III,6,Santa Eulàlia,322,18-24,87,70,157
2007,1,Districte I,2,Sanfeliu,132,12-15,35,47,82
1998,6,Districte VI,12,Bellvitge,619,35-49,164,141,305
1998,6,Districte VI,12,Bellvitge,613,65-74,62,50,112
2011,6,Districte VI,11,el Gornal,616,35-49,401,396,797
1996,5,Districte V,10,Pubilla Cases,519,75 i +,14,12,26
2008,5,Districte V,9,Can Serra,503,35-49,83,64,147
1996,5,Districte V,10,Pubilla Cases,510,65-74,56,38,94
2002,4,Districte IV,7,la Florida,415,16-17,4,9,13
1995,4,Districte IV,7,la Florida,427,12-15,17,13,30
2004,1,Districte I,3,Sant Josep,121,12-15,10,15,25
2012,4,Districte IV,7,la Florida,413,35-49,67,84,151
2011,5,Districte V,9,Can Serra,506,35-49,187,180,367
2013,3,Districte III,6,Santa Eulàlia,312,00-02,32,24,56
2000,1,Districte I,1,Centre,108,18-24,39,51,90
2014,3,Districte III,6,Santa Eulàlia,314,65-74,109,90,199
2005,5,Districte V,10,Pubilla Cases,529,18-24,44,45,89
2003,6,Districte VI,12,Bellvitge,610,03-11,33,39,72
1997,2,Districte II,5,Collblanc,227,16-17,9,4,13
2008,2,Districte II,5,Collblanc,208,75 i +,147,97,244
2003,4,Districte IV,7,la Florida,405,00-02,8,8,16
1995,2,Districte II,5,Collblanc,221,03-11,32,47,79
2003,5,Districte V,9,Can Serra,505,03-11,24,22,46
1999,4,Districte IV,7,la Florida,428,00-02,7,2,9
1998,1,Districte I,1,Centre,134,16-17,11,14,25
2006,3,Districte III,6,Santa Eulàlia,310,18-24,46,39,85
2009,4,Districte IV,7,la Florida,411,00-02,10,13,23
2015,6,Districte VI,12,Bellvitge,613,16-17,7,11,18
1995,2,Districte II,4,la Torrassa,238,25-34,56,51,107
2001,2,Districte II,4,la Torrassa,218,18-24,24,41,65
2000,4,Districte IV,7,la Florida,417,35-49,61,60,121
2005,2,Districte II,5,Collblanc,226,03-11,36,31,67
1997,4,Districte IV,7,la Florida,430,16-17,10,9,19
2000,6,Districte VI,12,Bellvitge,630,03-11,23,31,54
1995,5,Districte V,10,Pubilla Cases,529,75 i +,53,31,84
2016,5,Districte V,10,Pubilla Cases,524,75 i +,76,37,113
2004,5,Districte V,9,Can Serra,535,18-24,53,59,112
2014,2,Districte II,5,Collblanc,223,18-24,63,52,115
2012,1,Districte I,1,Centre,107,18-24,43,61,104
2006,4,Districte IV,7,la Florida,431,35-49,165,201,366
1999,2,Districte II,5,Collblanc,244,03-11,18,17,35
1996,1,Districte I,3,Sant Josep,115,50-64,100,106,206
1997,4,Districte IV,7,la Florida,409,16-17,13,12,25
2007,2,Districte II,5,Collblanc,214,35-49,95,123,218
2010,5,Districte V,10,Pubilla Cases,531,12-15,21,24,45
1994,1,Districte I,3,Sant Josep,120,16-17,25,36,61
2011,3,Districte III,6,Santa Eulàlia,319,35-49,278,264,542
2006,2,Districte II,5,Collblanc,224,18-24,27,27,54
2008,5,Districte V,10,Pubilla Cases,515,35-49,83,110,193
1997,1,Districte I,2,Sanfeliu,132,50-64,168,204,372
2012,1,Districte I,1,Centre,113,25-34,144,133,277
2010,1,Districte I,1,Centre,110,18-24,44,37,81
1994,5,Districte V,10,Pubilla Cases,511,25-34,58,75,133
1995,1,Districte I,2,Sanfeliu,116,16-17,23,29,52
2015,4,Districte IV,8,les Planes,440,65-74,81,62,143
2004,5,Districte V,9,Can Serra,501,03-11,38,32,70
1998,6,Districte VI,12,Bellvitge,619,18-24,99,98,197
2009,1,Districte I,3,Sant Josep,106,16-17,16,16,32
2011,6,Districte VI,12,Bellvitge,606,25-34,98,95,193
2008,6,Districte VI,11,el Gornal,629,18-24,24,17,41
2000,2,Districte II,4,la Torrassa,248,00-02,16,11,27
2003,4,Districte IV,7,la Florida,411,16-17,7,5,12
2007,1,Districte I,3,Sant Josep,126,12-15,11,6,17
2001,3,Districte III,6,Santa Eulàlia,312,35-49,156,177,333
2009,4,Districte IV,7,la Florida,409,16-17,6,8,14
2004,3,Districte III,6,Santa Eulàlia,320,03-11,35,37,72
2015,2,Districte II,4,la Torrassa,236,65-74,68,38,106
1997,5,Districte V,9,Can Serra,505,00-02,10,7,17
2003,3,Districte III,6,Santa Eulàlia,319,12-15,18,19,37
2004,1,Districte I,1,Centre,130,50-64,71,59,130
2007,5,Districte V,10,Pubilla Cases,520,12-15,16,16,32
2016,5,Districte V,9,Can Serra,504,03-11,27,49,76
1997,2,Districte II,5,Collblanc,204,00-02,5,5,10
1997,4,Districte IV,8,les Planes,418,16-17,9,17,26
2016,4,Districte IV,7,la Florida,404,35-49,161,177,338
2000,5,Districte V,10,Pubilla Cases,538,75 i +,60,31,91
2002,6,Districte VI,12,Bellvitge,618,50-64,76,62,138
2006,2,Districte II,5,Collblanc,213,25-34,88,104,192
2012,2,Districte II,5,Collblanc,223,18-24,55,68,123
2008,4,Districte IV,7,la Florida,403,12-15,10,16,26
2000,5,Districte V,9,Can Serra,535,16-17,11,18,29
1995,4,Districte IV,7,la Florida,432,18-24,71,88,159
2013,4,Districte IV,8,les Planes,401,12-15,21,31,52
1994,4,Districte IV,8,les Planes,436,00-02,5,11,16
2016,2,Districte II,4,la Torrassa,217,35-49,168,206,374
2006,1,Districte I,1,Centre,109,12-15,16,19,35
2004,2,Districte II,4,la Torrassa,239,18-24,47,39,86
2003,2,Districte II,5,Collblanc,212,75 i +,64,36,100
2011,2,Districte II,5,Collblanc,208,50-64,188,152,340
2004,6,Districte VI,11,el Gornal,622,00-02,9,11,20
2001,5,Districte V,9,Can Serra,506,18-24,137,118,255
2000,6,Districte VI,12,Bellvitge,609,50-64,145,129,274
2007,5,Districte V,10,Pubilla Cases,528,35-49,153,151,304
2015,2,Districte II,4,la Torrassa,248,65-74,42,37,79
2004,2,Districte II,4,la Torrassa,242,12-15,12,14,26
1998,3,Districte III,6,Santa Eulàlia,318,25-34,67,64,131
2001,2,Districte II,5,Collblanc,226,75 i +,77,40,117
2003,5,Districte V,10,Pubilla Cases,536,00-02,8,11,19
2012,1,Districte I,1,Centre,107,25-34,115,150,265
2002,6,Districte VI,12,Bellvitge,606,75 i +,48,26,74
2013,5,Districte V,9,Can Serra,507,00-02,9,12,21
2008,6,Districte VI,12,Bellvitge,631,65-74,64,67,131
2002,3,Districte III,6,Santa Eulàlia,311,16-17,7,6,13
2011,5,Districte V,10,Pubilla Cases,523,75 i +,97,64,161
1994,1,Districte I,1,Centre,133,35-49,106,95,201
2003,3,Districte III,6,Santa Eulàlia,317,35-49,93,108,201
1999,6,Districte VI,12,Bellvitge,618,18-24,39,42,81
2014,3,Districte III,6,Santa Eulàlia,311,25-34,114,107,221
2001,2,Districte II,4,la Torrassa,241,03-11,40,23,63
1996,4,Districte IV,8,les Planes,418,00-02,13,13,26
2000,2,Districte II,4,la Torrassa,234,16-17,2,6,8
2015,4,Districte IV,7,la Florida,403,12-15,23,9,32
2016,2,Districte II,4,la Torrassa,249,75 i +,67,41,108
2015,1,Districte I,1,Centre,105,03-11,55,55,110
2008,1,Districte I,1,Centre,135,18-24,69,65,134
1995,6,Districte VI,12,Bellvitge,613,18-24,187,163,350
1998,2,Districte II,4,la Torrassa,230,12-15,8,13,21
2010,5,Districte V,9,Can Serra,501,65-74,58,63,121
2015,2,Districte II,5,Collblanc,204,35-49,185,204,389
2012,6,Districte VI,11,el Gornal,629,18-24,21,15,36
1997,6,Districte VI,12,Bellvitge,623,18-24,132,146,278
2015,6,Districte VI,12,Bellvitge,610,25-34,50,45,95
1995,6,Districte VI,12,Bellvitge,631,75 i +,26,15,41
2007,5,Districte V,10,Pubilla Cases,533,35-49,121,157,278
1998,1,Districte I,3,Sant Josep,139,16-17,17,19,36
2016,1,Districte I,1,Centre,110,12-15,18,18,36
2006,2,Districte II,5,Collblanc,208,65-74,132,112,244
2005,1,Districte I,3,Sant Josep,115,16-17,10,12,22
1994,5,Districte V,10,Pubilla Cases,537,12-15,37,38,75
2001,2,Districte II,4,la Torrassa,246,75 i +,75,33,108
2012,4,Districte IV,7,la Florida,425,35-49,127,123,250
2012,3,Districte III,6,Santa Eulàlia,305,00-02,16,18,34
2014,6,Districte VI,12,Bellvitge,615,00-02,12,12,24
2011,1,Districte I,3,Sant Josep,122,00-02,16,21,37
2002,1,Districte I,1,Centre,124,03-11,21,29,50
2013,5,Districte V,10,Pubilla Cases,518,00-02,15,19,34
2009,3,Districte III,6,Santa Eulàlia,321,00-02,19,18,37
2004,6,Districte VI,12,Bellvitge,628,75 i +,41,23,64
1996,3,Districte III,6,Santa Eulàlia,313,16-17,43,29,72
2010,4,Districte IV,7,la Florida,409,18-24,23,32,55
1997,4,Districte IV,7,la Florida,410,50-64,206,188,394
1997,2,Districte II,4,la Torrassa,235,00-02,17,10,27
2009,5,Districte V,10,Pubilla Cases,510,65-74,57,57,114
2009,2,Districte II,4,la Torrassa,217,00-02,19,12,31
1994,6,Districte VI,12,Bellvitge,625,00-02,8,20,28
2000,4,Districte IV,7,la Florida,421,35-49,79,81,160
1994,2,Districte II,5,Collblanc,207,75 i +,40,17,57
2008,2,Districte II,5,Collblanc,223,16-17,16,18,34
2006,4,Districte IV,7,la Florida,421,75 i +,78,47,125
2014,2,Districte II,4,la Torrassa,243,50-64,121,139,260
2005,2,Districte II,4,la Torrassa,241,03-11,34,24,58
2012,2,Districte II,5,Collblanc,206,16-17,8,9,17
2007,4,Districte IV,7,la Florida,428,35-49,87,104,191
2003,2,Districte II,5,Collblanc,203,50-64,59,58,117
2002,4,Districte IV,7,la Florida,422,18-24,53,41,94
2016,4,Districte IV,7,la Florida,423,03-11,41,40,81
2015,1,Districte I,1,Centre,110,75 i +,79,43,122
2000,5,Districte V,10,Pubilla Cases,530,75 i +,71,29,100
2014,3,Districte III,6,Santa Eulàlia,326,25-34,167,129,296
2001,5,Districte V,9,Can Serra,521,50-64,163,182,345
2000,2,Districte II,4,la Torrassa,211,65-74,90,71,161
2002,3,Districte III,6,Santa Eulàlia,316,16-17,41,47,88
2003,6,Districte VI,11,el Gornal,616,75 i +,34,22,56
2003,2,Districte II,5,Collblanc,204,65-74,50,28,78
1997,2,Districte II,4,la Torrassa,240,12-15,11,12,23
2006,5,Districte V,10,Pubilla Cases,524,35-49,148,151,299
2008,2,Districte II,5,Collblanc,221,25-34,96,113,209
2013,2,Districte II,5,Collblanc,209,50-64,102,85,187
1997,1,Districte I,1,Centre,108,18-24,63,66,129
2016,4,Districte IV,8,les Planes,436,16-17,27,22,49
2011,4,Districte IV,7,la Florida,421,65-74,79,55,134
2003,1,Districte I,1,Centre,111,50-64,108,85,193
2014,1,Districte I,1,Centre,102,25-34,77,65,142
2008,1,Districte I,1,Centre,130,03-11,50,37,87
2014,5,Districte V,10,Pubilla Cases,528,18-24,49,44,93
1994,3,Districte III,6,Santa Eulàlia,308,12-15,41,38,79
2010,5,Districte V,10,Pubilla Cases,526,65-74,28,32,60
2005,5,Districte V,9,Can Serra,505,12-15,16,11,27
2005,2,Districte II,4,la Torrassa,243,50-64,108,93,201
2005,6,Districte VI,11,el Gornal,632,00-02,18,18,36
2012,5,Districte V,10,Pubilla Cases,538,25-34,79,92,171
1994,2,Districte II,4,la Torrassa,218,16-17,8,10,18
2016,5,Districte V,10,Pubilla Cases,520,50-64,79,67,146
1994,2,Districte II,5,Collblanc,213,65-74,45,44,89
1998,5,Districte V,9,Can Serra,535,65-74,37,36,73
1998,5,Districte V,10,Pubilla Cases,512,12-15,19,14,33
2009,2,Districte II,4,la Torrassa,249,65-74,63,29,92
2004,4,Districte IV,7,la Florida,414,00-02,18,19,37
1997,4,Districte IV,8,les Planes,437,03-11,24,40,64
2012,3,Districte III,6,Santa Eulàlia,322,25-34,102,86,188
2001,2,Districte II,4,la Torrassa,234,65-74,87,50,137
2009,1,Districte I,1,Centre,108,16-17,10,14,24
2009,4,Districte IV,7,la Florida,430,00-02,16,25,41
2013,3,Districte III,6,Santa Eulàlia,315,12-15,27,36,63
1998,1,Districte I,1,Centre,107,50-64,195,189,384
2005,6,Districte VI,12,Bellvitge,631,35-49,91,96,187
2003,5,Districte V,10,Pubilla Cases,522,75 i +,33,19,52
2010,5,Districte V,10,Pubilla Cases,513,75 i +,51,31,82
2016,1,Districte I,1,Centre,123,50-64,130,119,249
2014,2,Districte II,4,la Torrassa,237,65-74,68,51,119
2000,5,Districte V,10,Pubilla Cases,516,75 i +,24,10,34
2003,2,Districte II,4,la Torrassa,247,50-64,93,91,184
2001,5,Districte V,10,Pubilla Cases,528,12-15,23,14,37
2009,5,Districte V,10,Pubilla Cases,508,75 i +,37,23,60
1994,6,Districte VI,12,Bellvitge,601,03-11,58,66,124
2007,1,Districte I,1,Centre,130,03-11,47,40,87
2009,5,Districte V,9,Can Serra,502,25-34,147,161,308
2007,4,Districte IV,8,les Planes,436,65-74,32,23,55
2005,5,Districte V,9,Can Serra,504,12-15,12,11,23
2006,5,Districte V,9,Can Serra,507,65-74,43,34,77
2010,5,Districte V,10,Pubilla Cases,514,12-15,18,15,33
1995,2,Districte II,4,la Torrassa,239,12-15,22,12,34
1994,2,Districte II,4,la Torrassa,242,50-64,130,106,236
2002,2,Districte II,5,Collblanc,244,65-74,44,26,70
2008,1,Districte I,1,Centre,105,50-64,139,114,253
2010,4,Districte IV,7,la Florida,422,16-17,8,14,22
2003,2,Districte II,5,Collblanc,204,16-17,5,5,10
1999,2,Districte II,5,Collblanc,220,00-02,7,7,14
2001,5,Districte V,10,Pubilla Cases,508,00-02,6,5,11
2006,6,Districte VI,11,el Gornal,626,03-11,35,45,80
1998,6,Districte VI,12,Bellvitge,625,25-34,84,97,181
2000,4,Districte IV,8,les Planes,419,12-15,13,8,21
2014,1,Districte I,1,Centre,105,35-49,140,134,274
2004,4,Districte IV,7,la Florida,426,03-11,31,37,68
2002,2,Districte II,5,Collblanc,244,50-64,49,45,94
2011,5,Districte V,10,Pubilla Cases,538,03-11,54,48,102
1995,4,Districte IV,7,la Florida,402,00-02,4,2,6
2012,4,Districte IV,8,les Planes,440,16-17,9,6,15
2004,2,Districte II,4,la Torrassa,217,50-64,37,34,71
1999,1,Districte I,3,Sant Josep,138,00-02,8,8,16
2009,2,Districte II,4,la Torrassa,218,18-24,31,48,79
2014,6,Districte VI,11,el Gornal,622,16-17,3,10,13
2011,4,Districte IV,7,la Florida,432,03-11,49,42,91
1996,2,Districte II,4,la Torrassa,241,00-02,7,7,14
2014,5,Districte V,10,Pubilla Cases,513,16-17,14,14,28
1995,1,Districte I,3,Sant Josep,127,00-02,13,14,27
2016,1,Districte I,1,Centre,134,12-15,19,32,51
1996,2,Districte II,4,la Torrassa,236,00-02,9,4,13
2002,2,Districte II,4,la Torrassa,246,25-34,112,116,228
2003,1,Districte I,1,Centre,113,03-11,47,64,111
2016,3,Districte III,6,Santa Eulàlia,313,35-49,227,212,439
1995,4,Districte IV,8,les Planes,438,16-17,7,11,18
1995,5,Districte V,10,Pubilla Cases,524,03-11,37,48,85
2009,1,Districte I,1,Centre,134,50-64,125,110,235
2004,2,Districte II,4,la Torrassa,230,18-24,37,35,72
2012,1,Districte I,1,Centre,112,65-74,70,67,137
1995,6,Districte VI,11,el Gornal,632,00-02,14,18,32
2001,2,Districte II,4,la Torrassa,236,65-74,91,71,162
2015,2,Districte II,4,la Torrassa,234,00-02,18,18,36
2004,2,Districte II,5,Collblanc,227,00-02,15,14,29
2002,2,Districte II,5,Collblanc,227,16-17,3,6,9
2008,4,Districte IV,7,la Florida,405,03-11,26,31,57
1998,1,Districte I,1,Centre,108,12-15,27,20,47
2001,2,Districte II,5,Collblanc,201,18-24,23,27,50
2003,1,Districte I,3,Sant Josep,136,25-34,118,135,253
2009,4,Districte IV,8,les Planes,433,12-15,27,22,49
2003,3,Districte III,6,Santa Eulàlia,321,12-15,41,52,93
2009,5,Districte V,10,Pubilla Cases,513,00-02,15,10,25
2016,5,Districte V,9,Can Serra,504,75 i +,93,75,168
2007,1,Districte I,3,Sant Josep,115,18-24,39,51,90
2011,4,Districte IV,8,les Planes,419,00-02,12,23,35
1999,1,Districte I,2,Sanfeliu,118,18-24,154,166,320
1994,1,Districte I,3,Sant Josep,125,00-02,13,11,24
2000,2,Districte II,4,la Torrassa,241,00-02,9,9,18
2005,2,Districte II,5,Collblanc,204,65-74,38,30,68
1998,4,Districte IV,8,les Planes,420,12-15,18,22,40
2001,2,Districte II,5,Collblanc,209,75 i +,88,47,135
2000,3,Districte III,6,Santa Eulàlia,323,03-11,139,137,276
2005,6,Districte VI,12,Bellvitge,627,16-17,8,18,26
2000,2,Districte II,5,Collblanc,207,65-74,56,36,92
1995,6,Districte VI,12,Bellvitge,614,25-34,85,83,168
1997,2,Districte II,5,Collblanc,205,35-49,101,100,201
1997,1,Districte I,1,Centre,133,75 i +,39,29,68
2002,4,Districte IV,7,la Florida,411,25-34,71,71,142
2003,2,Districte II,4,la Torrassa,247,25-34,111,126,237
1994,1,Districte I,1,Centre,123,65-74,73,58,131
1996,1,Districte I,1,Centre,135,25-34,118,112,230
2014,3,Districte III,6,Santa Eulàlia,326,75 i +,4,2,6
2010,3,Districte III,6,Santa Eulàlia,322,00-02,18,25,43
2000,1,Districte I,3,Sant Josep,114,25-34,161,150,311
1996,2,Districte II,4,la Torrassa,249,00-02,5,10,15
2010,5,Districte V,10,Pubilla Cases,528,65-74,57,55,112
2014,1,Districte I,1,Centre,112,50-64,165,154,319
2013,6,Districte VI,12,Bellvitge,631,18-24,34,31,65
2016,5,Districte V,9,Can Serra,505,00-02,11,12,23
1999,2,Districte II,5,Collblanc,244,16-17,2,4,6
1999,1,Districte I,1,Centre,123,50-64,108,103,211
2002,5,Districte V,10,Pubilla Cases,526,03-11,21,23,44
2000,1,Districte I,1,Centre,101,12-15,31,27,58
1995,5,Districte V,9,Can Serra,521,12-15,35,36,71
1995,2,Districte II,5,Collblanc,220,25-34,79,74,153
2005,2,Districte II,5,Collblanc,212,35-49,169,179,348
1996,2,Districte II,4,la Torrassa,247,50-64,106,111,217
2012,5,Districte V,10,Pubilla Cases,527,03-11,59,64,123
1999,2,Districte II,4,la Torrassa,229,03-11,21,18,39
1994,5,Districte V,9,Can Serra,502,75 i +,46,20,66
2001,3,Districte III,6,Santa Eulàlia,312,75 i +,53,31,84
1997,4,Districte IV,8,les Planes,435,03-11,43,43,86
1995,2,Districte II,4,la Torrassa,247,16-17,20,17,37
1994,5,Districte V,10,Pubilla Cases,524,12-15,29,26,55
2014,1,Districte I,2,Sanfeliu,118,16-17,13,13,26
2001,2,Districte II,5,Collblanc,214,50-64,59,51,110
2005,2,Districte II,5,Collblanc,210,65-74,70,57,127
2015,2,Districte II,4,la Torrassa,238,25-34,72,85,157
2005,1,Districte I,1,Centre,108,16-17,9,14,23
1999,2,Districte II,4,la Torrassa,228,50-64,71,62,133
1997,3,Districte III,6,Santa Eulàlia,322,03-11,39,53,92
2011,1,Districte I,3,Sant Josep,121,50-64,47,51,98
2011,4,Districte IV,7,la Florida,430,16-17,13,12,25
2001,2,Districte II,4,la Torrassa,229,50-64,61,55,116
1998,6,Districte VI,12,Bellvitge,613,12-15,14,18,32
2007,5,Districte V,9,Can Serra,502,16-17,14,8,22
1995,2,Districte II,4,la Torrassa,248,50-64,102,104,206
1995,4,Districte IV,8,les Planes,441,50-64,164,165,329
2002,1,Districte I,1,Centre,103,00-02,8,10,18
2005,5,Districte V,10,Pubilla Cases,532,03-11,57,36,93
2004,3,Districte III,6,Santa Eulàlia,307,16-17,11,16,27
2012,5,Districte V,10,Pubilla Cases,515,50-64,36,30,66
2013,6,Districte VI,12,Bellvitge,602,03-11,66,70,136
1995,4,Districte IV,7,la Florida,417,03-11,26,28,54
2012,1,Districte I,3,Sant Josep,117,35-49,216,239,455
2008,4,Districte IV,7,la Florida,416,12-15,15,14,29
1997,4,Districte IV,8,les Planes,435,18-24,55,53,108
2000,2,Districte II,4,la Torrassa,229,65-74,53,51,104
2011,1,Districte I,1,Centre,124,75 i +,45,39,84
2006,1,Districte I,3,Sant Josep,119,18-24,60,47,107
1997,5,Districte V,10,Pubilla Cases,512,18-24,45,55,100
2006,3,Districte III,6,Santa Eulàlia,306,65-74,84,59,143
2010,2,Districte II,4,la Torrassa,218,03-11,15,31,46
2006,5,Districte V,10,Pubilla Cases,511,25-34,59,69,128
2015,2,Districte II,4,la Torrassa,248,12-15,18,14,32
1994,4,Districte IV,7,la Florida,423,16-17,11,15,26
2003,3,Districte III,6,Santa Eulàlia,319,65-74,45,27,72
2015,4,Districte IV,7,la Florida,430,12-15,22,21,43
2010,1,Districte I,3,Sant Josep,138,25-34,65,68,133
1994,1,Districte I,1,Centre,101,00-02,14,20,34
1995,6,Districte VI,11,el Gornal,622,00-02,11,20,31
2005,3,Districte III,6,Santa Eulàlia,314,00-02,22,33,55
1996,4,Districte IV,7,la Florida,408,75 i +,27,18,45
2001,5,Districte V,10,Pubilla Cases,510,75 i +,51,29,80
2003,3,Districte III,6,Santa Eulàlia,310,00-02,12,16,28
1997,6,Districte VI,12,Bellvitge,620,25-34,56,49,105
1998,6,Districte VI,12,Bellvitge,601,12-15,25,31,56
2014,1,Districte I,1,Centre,135,16-17,10,11,21
2009,1,Districte I,1,Centre,133,65-74,45,37,82
1994,4,Districte IV,7,la Florida,403,12-15,38,27,65
2007,2,Districte II,4,la Torrassa,234,12-15,19,17,36
2015,3,Districte III,6,Santa Eulàlia,320,50-64,10,10,20
1999,1,Districte I,1,Centre,108,50-64,107,106,213
1995,4,Districte IV,8,les Planes,435,50-64,96,85,181
2008,2,Districte II,5,Collblanc,222,35-49,118,133,251
1999,1,Districte I,1,Centre,108,35-49,133,121,254
1994,1,Districte I,3,Sant Josep,114,50-64,175,196,371
2002,5,Districte V,9,Can Serra,503,35-49,126,87,213
2006,2,Districte II,5,Collblanc,213,16-17,9,5,14
1996,5,Districte V,10,Pubilla Cases,528,35-49,95,84,179
1997,1,Districte I,1,Centre,128,35-49,102,93,195
2012,5,Districte V,10,Pubilla Cases,534,12-15,16,19,35
2002,3,Districte III,6,Santa Eulàlia,303,16-17,8,9,17
2004,1,Districte I,1,Centre,133,50-64,96,86,182
2014,3,Districte III,6,Santa Eulàlia,317,03-11,62,63,125
1995,4,Districte IV,7,la Florida,406,03-11,56,51,107
1999,4,Districte IV,8,les Planes,439,00-02,7,11,18
2005,1,Districte I,1,Centre,130,00-02,12,14,26
2010,2,Districte II,4,la Torrassa,233,50-64,61,64,125
2014,3,Districte III,6,Santa Eulàlia,318,18-24,20,34,54
2006,6,Districte VI,12,Bellvitge,627,65-74,39,36,75
2001,1,Districte I,3,Sant Josep,119,16-17,19,17,36
2010,1,Districte I,3,Sant Josep,125,12-15,23,36,59
2006,1,Districte I,2,Sanfeliu,129,50-64,112,98,210
2016,1,Districte I,3,Sant Josep,119,00-02,11,15,26
2004,5,Districte V,10,Pubilla Cases,513,35-49,83,96,179
1995,5,Districte V,9,Can Serra,504,25-34,91,105,196
2003,6,Districte VI,12,Bellvitge,609,75 i +,28,20,48
1999,6,Districte VI,12,Bellvitge,602,12-15,6,10,16
1996,3,Districte III,6,Santa Eulàlia,301,03-11,63,74,137
1996,4,Districte IV,7,la Florida,427,18-24,45,54,99
2001,4,Districte IV,7,la Florida,422,03-11,30,38,68
1994,6,Districte VI,11,el Gornal,616,50-64,109,124,233
1995,3,Districte III,6,Santa Eulàlia,303,18-24,145,141,286
2009,4,Districte IV,7,la Florida,424,75 i +,24,27,51
1998,1,Districte I,1,Centre,135,65-74,65,57,122
2005,2,Districte II,4,la Torrassa,245,35-49,129,135,264
1995,4,Districte IV,7,la Florida,425,03-11,26,24,50
1998,1,Districte I,3,Sant Josep,114,03-11,54,36,90
1998,6,Districte VI,12,Bellvitge,602,00-02,7,8,15
2011,5,Districte V,10,Pubilla Cases,532,16-17,16,13,29
2001,4,Districte IV,7,la Florida,428,03-11,17,19,36
2004,2,Districte II,5,Collblanc,244,50-64,55,41,96
2004,4,Districte IV,7,la Florida,432,35-49,112,124,236
2010,6,Districte VI,12,Bellvitge,611,75 i +,83,53,136
2010,4,Districte IV,7,la Florida,426,65-74,38,35,73
2005,6,Districte VI,12,Bellvitge,623,25-34,146,161,307
2010,6,Districte VI,11,el Gornal,629,65-74,37,28,65
2009,3,Districte III,6,Santa Eulàlia,318,65-74,35,26,61
2002,6,Districte VI,11,el Gornal,632,00-02,19,10,29
2005,3,Districte III,6,Santa Eulàlia,322,25-34,149,169,318
2003,2,Districte II,5,Collblanc,207,65-74,44,33,77
2000,3,Districte III,6,Santa Eulàlia,301,50-64,197,200,397
1994,1,Districte I,3,Sant Josep,136,50-64,107,99,206
2007,3,Districte III,6,Santa Eulàlia,304,03-11,67,71,138
2016,3,Districte III,6,Santa Eulàlia,321,75 i +,125,83,208
2009,5,Districte V,10,Pubilla Cases,533,35-49,119,149,268
1997,5,Districte V,10,Pubilla Cases,512,00-02,9,8,17
2009,2,Districte II,5,Collblanc,207,50-64,68,60,128
2001,2,Districte II,5,Collblanc,207,00-02,5,9,14
2008,1,Districte I,3,Sant Josep,125,75 i +,48,35,83
1997,5,Districte V,9,Can Serra,502,75 i +,57,31,88
2000,3,Districte III,6,Santa Eulàlia,302,18-24,94,109,203
2001,2,Districte II,4,la Torrassa,233,16-17,3,6,9
2006,5,Districte V,10,Pubilla Cases,531,03-11,31,41,72
1998,2,Districte II,5,Collblanc,216,50-64,146,120,266
1999,2,Districte II,5,Collblanc,213,35-49,93,93,186
2007,6,Districte VI,12,Bellvitge,603,75 i +,21,17,38
2013,5,Districte V,10,Pubilla Cases,517,12-15,37,51,88
2003,2,Districte II,4,la Torrassa,231,65-74,79,59,138
2006,3,Districte III,6,Santa Eulàlia,301,16-17,17,18,35
2014,3,Districte III,6,Santa Eulàlia,305,25-34,106,137,243
2007,4,Districte IV,7,la Florida,402,12-15,15,8,23
2004,4,Districte IV,7,la Florida,423,65-74,69,64,133
2008,2,Districte II,5,Collblanc,208,12-15,17,26,43
2010,5,Districte V,10,Pubilla Cases,508,75 i +,38,21,59
2006,2,Districte II,5,Collblanc,213,18-24,62,53,115
2000,1,Districte I,1,Centre,108,35-49,135,118,253
2002,2,Districte II,5,Collblanc,224,75 i +,35,12,47
1995,6,Districte VI,11,el Gornal,629,25-34,63,57,120
2016,5,Districte V,9,Can Serra,507,00-02,8,9,17
2000,2,Districte II,4,la Torrassa,234,35-49,82,76,158
2015,5,Districte V,9,Can Serra,507,50-64,78,67,145
2001,4,Districte IV,7,la Florida,430,00-02,9,10,19
1996,1,Districte I,1,Centre,131,50-64,125,131,256
2007,2,Districte II,5,Collblanc,224,03-11,19,20,39
2007,5,Districte V,10,Pubilla Cases,533,18-24,62,54,116
2012,2,Districte II,5,Collblanc,222,18-24,36,37,73
1995,4,Districte IV,7,la Florida,411,65-74,77,70,147
2013,5,Districte V,10,Pubilla Cases,518,18-24,39,44,83
1996,1,Districte I,3,Sant Josep,121,00-02,11,6,17
1999,4,Districte IV,7,la Florida,421,75 i +,48,31,79
2014,5,Districte V,10,Pubilla Cases,538,03-11,59,55,114
2015,4,Districte IV,8,les Planes,419,35-49,233,328,561
2003,4,Districte IV,7,la Florida,426,75 i +,56,37,93
1997,1,Districte I,3,Sant Josep,121,50-64,85,53,138
1994,2,Districte II,5,Collblanc,209,12-15,11,16,27
2000,2,Districte II,5,Collblanc,226,12-15,20,21,41
1999,2,Districte II,4,la Torrassa,248,25-34,95,92,187
2011,2,Districte II,4,la Torrassa,241,00-02,11,10,21
2005,4,Districte IV,7,la Florida,415,35-49,87,110,197
2007,2,Districte II,4,la Torrassa,242,75 i +,82,49,131
2015,5,Districte V,10,Pubilla Cases,526,00-02,33,35,68
2004,5,Districte V,10,Pubilla Cases,513,25-34,70,62,132
2010,2,Districte II,4,la Torrassa,236,25-34,89,80,169
2002,4,Districte IV,7,la Florida,432,25-34,96,117,213
2006,6,Districte VI,12,Bellvitge,606,75 i +,56,28,84
2011,5,Districte V,10,Pubilla Cases,512,25-34,88,79,167
2000,4,Districte IV,7,la Florida,428,35-49,46,49,95
2015,6,Districte VI,11,el Gornal,608,25-34,54,65,119
2003,3,Districte III,6,Santa Eulàlia,318,18-24,54,34,88
2010,2,Districte II,4,la Torrassa,239,16-17,13,11,24
2009,5,Districte V,10,Pubilla Cases,534,00-02,10,14,24
1998,2,Districte II,4,la Torrassa,245,25-34,70,90,160
1996,2,Districte II,5,Collblanc,210,75 i +,48,37,85
1996,2,Districte II,4,la Torrassa,242,18-24,43,54,97
2013,5,Districte V,10,Pubilla Cases,517,18-24,76,85,161
2000,4,Districte IV,8,les Planes,401,12-15,21,27,48
2004,2,Districte II,5,Collblanc,202,25-34,87,99,186
2015,2,Districte II,4,la Torrassa,239,50-64,99,85,184
1996,6,Districte VI,12,Bellvitge,620,25-34,52,50,102
1999,2,Districte II,5,Collblanc,201,65-74,48,48,96
2003,6,Districte VI,12,Bellvitge,618,25-34,50,58,108
2002,5,Districte V,10,Pubilla Cases,534,12-15,14,13,27
2006,3,Districte III,6,Santa Eulàlia,323,00-02,46,49,95
2001,5,Districte V,10,Pubilla Cases,537,25-34,116,105,221
2004,4,Districte IV,7,la Florida,422,03-11,31,41,72
1998,2,Districte II,4,la Torrassa,243,03-11,50,51,101
1998,1,Districte I,1,Centre,135,50-64,138,146,284
2012,2,Districte II,5,Collblanc,220,00-02,13,16,29
2010,1,Districte I,3,Sant Josep,119,75 i +,82,48,130
1998,2,Districte II,5,Collblanc,221,00-02,8,6,14
1995,2,Districte II,4,la Torrassa,232,50-64,106,94,200
2009,5,Districte V,10,Pubilla Cases,526,00-02,13,8,21
1999,1,Districte I,3,Sant Josep,127,03-11,40,34,74
1994,2,Districte II,5,Collblanc,212,03-11,39,46,85
1995,3,Districte III,6,Santa Eulàlia,303,75 i +,64,38,102
2005,4,Districte IV,7,la Florida,417,00-02,7,13,20
1999,6,Districte VI,12,Bellvitge,611,75 i +,48,31,79
2001,2,Districte II,5,Collblanc,222,12-15,12,15,27
2011,2,Districte II,4,la Torrassa,218,35-49,92,94,186
1994,3,Districte III,6,Santa Eulàlia,305,18-24,62,76,138
1999,6,Districte VI,12,Bellvitge,621,12-15,24,37,61
1999,5,Districte V,9,Can Serra,503,00-02,11,12,23
2005,1,Districte I,1,Centre,102,35-49,151,176,327
2007,3,Districte III,6,Santa Eulàlia,313,16-17,13,18,31
2009,2,Districte II,4,la Torrassa,229,65-74,43,29,72
2011,1,Districte I,1,Centre,124,03-11,42,35,77
2000,6,Districte VI,12,Bellvitge,631,25-34,118,127,245
1995,1,Districte I,1,Centre,110,65-74,48,34,82
1995,1,Districte I,3,Sant Josep,136,75 i +,42,23,65
1999,2,Districte II,5,Collblanc,227,25-34,65,54,119
1998,4,Districte IV,7,la Florida,413,25-34,43,47,90
1995,4,Districte IV,8,les Planes,441,00-02,22,8,30
2011,4,Districte IV,7,la Florida,402,12-15,19,10,29
2006,2,Districte II,4,la Torrassa,238,50-64,63,68,131
2001,6,Districte VI,12,Bellvitge,612,75 i +,49,21,70
2006,5,Districte V,10,Pubilla Cases,537,03-11,42,43,85
2007,5,Districte V,10,Pubilla Cases,526,16-17,3,10,13
2006,4,Districte IV,7,la Florida,424,12-15,6,12,18
2005,2,Districte II,4,la Torrassa,230,25-34,96,87,183
2013,3,Districte III,6,Santa Eulàlia,309,18-24,34,28,62
1996,1,Districte I,1,Centre,108,12-15,27,27,54
2004,5,Districte V,9,Can Serra,501,75 i +,16,7,23
2002,2,Districte II,5,Collblanc,227,12-15,5,1,6
2001,3,Districte III,6,Santa Eulàlia,323,00-02,43,41,84
2014,1,Districte I,3,Sant Josep,126,35-49,116,115,231
2014,2,Districte II,4,la Torrassa,234,12-15,10,13,23
2012,4,Districte IV,7,la Florida,421,75 i +,94,67,161
2016,2,Districte II,4,la Torrassa,247,25-34,114,98,212
2010,6,Districte VI,12,Bellvitge,620,03-11,19,21,40
2016,2,Districte II,5,Collblanc,204,65-74,64,42,106
1995,3,Districte III,6,Santa Eulàlia,302,03-11,60,44,104
2002,5,Districte V,10,Pubilla Cases,533,50-64,76,62,138
2008,5,Districte V,10,Pubilla Cases,513,65-74,57,43,100
2001,4,Districte IV,7,la Florida,410,12-15,15,19,34
2004,2,Districte II,5,Collblanc,223,50-64,92,82,174
1996,2,Districte II,5,Collblanc,223,65-74,72,56,128
2014,2,Districte II,5,Collblanc,205,75 i +,84,52,136
2006,1,Districte I,1,Centre,104,00-02,10,16,26
2006,6,Districte VI,12,Bellvitge,623,75 i +,55,30,85
2009,2,Districte II,5,Collblanc,205,65-74,49,42,91
1997,1,Districte I,1,Centre,111,65-74,43,40,83
2013,4,Districte IV,8,les Planes,435,75 i +,82,38,120
2012,1,Districte I,2,Sanfeliu,116,16-17,13,14,27
2000,2,Districte II,5,Collblanc,226,00-02,9,4,13
1995,2,Districte II,4,la Torrassa,233,16-17,3,7,10
1999,1,Districte I,1,Centre,113,18-24,100,86,186
2015,4,Districte IV,8,les Planes,435,18-24,37,46,83
1999,2,Districte II,5,Collblanc,224,65-74,46,35,81
2016,1,Districte I,3,Sant Josep,117,35-49,210,212,422
2004,2,Districte II,5,Collblanc,223,25-34,109,124,233
2011,6,Districte VI,12,Bellvitge,623,12-15,19,25,44
1999,1,Districte I,3,Sant Josep,127,35-49,95,97,192
2011,2,Districte II,4,la Torrassa,238,16-17,3,9,12
2016,1,Districte I,3,Sant Josep,136,00-02,19,12,31
2015,3,Districte III,6,Santa Eulàlia,304,50-64,181,165,346
2011,3,Districte III,6,Santa Eulàlia,324,12-15,21,21,42
2004,4,Districte IV,8,les Planes,435,65-74,75,37,112
2002,4,Districte IV,7,la Florida,430,65-74,53,53,106
2013,2,Districte II,4,la Torrassa,211,00-02,11,22,33
2006,6,Districte VI,12,Bellvitge,607,16-17,10,5,15
1996,1,Districte I,3,Sant Josep,140,35-49,85,73,158
2002,5,Districte V,10,Pubilla Cases,523,00-02,13,13,26
2000,6,Districte VI,12,Bellvitge,615,65-74,36,38,74
2008,5,Districte V,9,Can Serra,535,35-49,98,94,192
2002,2,Districte II,5,Collblanc,214,16-17,6,4,10
1995,4,Districte IV,7,la Florida,415,25-34,63,57,120
1996,2,Districte II,5,Collblanc,204,03-11,11,22,33
2007,1,Districte I,1,Centre,110,03-11,27,33,60
2005,2,Districte II,4,la Torrassa,229,75 i +,52,29,81
2008,5,Districte V,10,Pubilla Cases,527,18-24,64,48,112
2016,6,Districte VI,12,Bellvitge,607,16-17,9,8,17
1997,1,Districte I,1,Centre,130,65-74,75,64,139
2000,3,Districte III,6,Santa Eulàlia,308,18-24,81,74,155
2001,4,Districte IV,7,la Florida,408,65-74,60,55,115
2010,2,Districte II,5,Collblanc,219,00-02,18,22,40
2012,5,Districte V,9,Can Serra,535,03-11,27,39,66
2000,1,Districte I,1,Centre,124,00-02,7,6,13
1997,2,Districte II,4,la Torrassa,234,50-64,91,72,163
1996,4,Districte IV,8,les Planes,437,50-64,93,88,181
2013,4,Districte IV,8,les Planes,441,75 i +,110,67,177
2013,4,Districte IV,7,la Florida,406,16-17,19,13,32
2013,1,Districte I,1,Centre,104,25-34,56,51,107
2016,2,Districte II,4,la Torrassa,247,65-74,61,40,101
2014,3,Districte III,6,Santa Eulàlia,319,00-02,22,28,50
2001,1,Districte I,1,Centre,102,35-49,159,145,304
1995,1,Districte I,3,Sant Josep,117,35-49,283,265,548
2001,2,Districte II,5,Collblanc,220,65-74,66,57,123
2001,1,Districte I,3,Sant Josep,136,75 i +,59,31,90
2002,1,Districte I,3,Sant Josep,140,03-11,17,22,39
2003,5,Districte V,10,Pubilla Cases,522,03-11,23,30,53
2000,5,Districte V,9,Can Serra,503,65-74,31,18,49
1994,6,Districte VI,12,Bellvitge,618,03-11,21,31,52
2001,1,Districte I,3,Sant Josep,119,75 i +,53,43,96
2012,5,Districte V,10,Pubilla Cases,510,03-11,46,29,75
1994,1,Districte I,1,Centre,131,18-24,116,129,245
1998,2,Districte II,5,Collblanc,226,18-24,64,58,122
2007,5,Districte V,10,Pubilla Cases,533,25-34,120,157,277
1999,1,Districte I,1,Centre,105,03-11,45,65,110
2010,2,Districte II,5,Collblanc,225,12-15,3,5,8
2007,3,Districte III,6,Santa Eulàlia,314,50-64,233,247,480
1997,4,Districte IV,8,les Planes,433,35-49,82,77,159
2011,5,Districte V,10,Pubilla Cases,512,00-02,16,10,26
2001,4,Districte IV,7,la Florida,412,18-24,89,110,199
2001,2,Districte II,5,Collblanc,222,75 i +,37,21,58
2012,1,Districte I,3,Sant Josep,120,75 i +,67,31,98
2003,4,Districte IV,7,la Florida,422,00-02,12,10,22
1995,4,Districte IV,7,la Florida,406,75 i +,46,32,78
2010,4,Districte IV,7,la Florida,423,12-15,11,18,29
2009,1,Districte I,3,Sant Josep,115,00-02,15,25,40
2002,2,Districte II,4,la Torrassa,248,65-74,63,59,122
1998,1,Districte I,1,Centre,133,12-15,16,19,35
2008,5,Districte V,10,Pubilla Cases,517,65-74,51,57,108
2009,3,Districte III,6,Santa Eulàlia,313,50-64,226,182,408
2009,5,Districte V,9,Can Serra,521,03-11,25,32,57
1999,5,Districte V,10,Pubilla Cases,508,75 i +,27,22,49
1997,2,Districte II,5,Collblanc,205,18-24,45,47,92
2009,3,Districte III,6,Santa Eulàlia,305,03-11,72,52,124
2007,2,Districte II,4,la Torrassa,229,12-15,17,15,32
1996,1,Districte I,3,Sant Josep,139,75 i +,27,6,33
1998,4,Districte IV,8,les Planes,441,25-34,119,123,242
2008,1,Districte I,3,Sant Josep,114,03-11,60,58,118
2006,2,Districte II,4,la Torrassa,231,65-74,59,50,109
1996,6,Districte VI,12,Bellvitge,621,35-49,239,209,448
2016,4,Districte IV,7,la Florida,422,00-02,17,13,30
2007,1,Districte I,2,Sanfeliu,132,18-24,90,92,182
2002,6,Districte VI,11,el Gornal,617,35-49,93,95,188
2003,2,Districte II,5,Collblanc,224,35-49,80,81,161
1999,2,Districte II,4,la Torrassa,218,25-34,49,58,107
2002,4,Districte IV,7,la Florida,409,12-15,9,14,23
2012,5,Districte V,10,Pubilla Cases,538,65-74,77,40,117
2014,5,Districte V,9,Can Serra,521,75 i +,61,56,117
2008,6,Districte VI,12,Bellvitge,624,65-74,63,69,132
1996,1,Districte I,3,Sant Josep,125,18-24,104,111,215
1997,6,Districte VI,12,Bellvitge,627,16-17,28,27,55
2004,5,Districte V,10,Pubilla Cases,514,50-64,53,46,99
2012,1,Districte I,1,Centre,124,03-11,39,34,73
1994,1,Districte I,3,Sant Josep,114,00-02,23,19,42
2014,1,Districte I,1,Centre,101,18-24,48,53,101
2007,2,Districte II,4,la Torrassa,229,16-17,9,8,17
2008,2,Districte II,4,la Torrassa,243,12-15,30,27,57
1997,1,Districte I,3,Sant Josep,106,12-15,54,63,117
2010,5,Districte V,9,Can Serra,507,25-34,74,82,156
2001,5,Districte V,9,Can Serra,521,65-74,48,47,95
2000,4,Districte IV,7,la Florida,417,50-64,65,55,120
2007,4,Districte IV,8,les Planes,440,16-17,5,7,12
2003,4,Districte IV,8,les Planes,437,00-02,19,8,27
1996,2,Districte II,5,Collblanc,203,16-17,4,6,10
1995,6,Districte VI,11,el Gornal,626,00-02,8,11,19
2011,1,Districte I,1,Centre,134,35-49,174,159,333
1999,6,Districte VI,12,Bellvitge,631,18-24,79,99,178
2008,1,Districte I,3,Sant Josep,106,03-11,67,64,131
2010,2,Districte II,5,Collblanc,220,35-49,126,124,250
2002,1,Districte I,1,Centre,102,50-64,188,181,369
1994,1,Districte I,3,Sant Josep,106,50-64,116,114,230
2007,4,Districte IV,7,la Florida,402,50-64,67,64,131
2012,4,Districte IV,7,la Florida,405,12-15,14,18,32
2002,1,Districte I,3,Sant Josep,137,35-49,171,158,329
2015,6,Districte VI,12,Bellvitge,621,65-74,117,132,249
2011,1,Districte I,1,Centre,128,00-02,17,23,40
2012,3,Districte III,6,Santa Eulàlia,314,50-64,281,259,540
2015,3,Districte III,6,Santa Eulàlia,320,35-49,29,36,65
2014,2,Districte II,4,la Torrassa,249,18-24,43,37,80
2011,4,Districte IV,7,la Florida,412,00-02,15,20,35
2012,6,Districte VI,12,Bellvitge,609,35-49,108,107,215
2012,2,Districte II,4,la Torrassa,237,50-64,91,100,191
2004,4,Districte IV,7,la Florida,423,75 i +,49,33,82
1997,2,Districte II,5,Collblanc,208,12-15,22,42,64
2009,4,Districte IV,7,la Florida,430,03-11,40,53,93
2010,3,Districte III,6,Santa Eulàlia,305,00-02,27,26,53
2009,1,Districte I,1,Centre,108,75 i +,114,72,186
1998,2,Districte II,4,la Torrassa,236,03-11,33,28,61
2011,6,Districte VI,11,el Gornal,632,25-34,51,65,116
2002,5,Districte V,10,Pubilla Cases,523,25-34,117,115,232
1999,2,Districte II,4,la Torrassa,238,75 i +,60,29,89
2006,1,Districte I,3,Sant Josep,120,35-49,232,215,447
1999,5,Districte V,10,Pubilla Cases,527,65-74,69,44,113
1998,4,Districte IV,7,la Florida,402,75 i +,41,25,66
2005,1,Districte I,1,Centre,112,03-11,58,58,116
1997,3,Districte III,6,Santa Eulàlia,307,12-15,33,37,70
2006,2,Districte II,4,la Torrassa,229,50-64,67,46,113
2004,5,Districte V,10,Pubilla Cases,529,65-74,83,81,164
2008,5,Districte V,10,Pubilla Cases,509,50-64,62,56,118
2010,3,Districte III,6,Santa Eulàlia,304,00-02,42,48,90
2012,4,Districte IV,8,les Planes,442,16-17,11,9,20
2002,2,Districte II,5,Collblanc,210,18-24,42,28,70
2016,3,Districte III,6,Santa Eulàlia,324,00-02,22,19,41
2005,3,Districte III,6,Santa Eulàlia,314,50-64,219,223,442
2011,1,Districte I,1,Centre,107,25-34,123,144,267
2002,3,Districte III,6,Santa Eulàlia,301,65-74,121,121,242
2010,5,Districte V,10,Pubilla Cases,536,25-34,63,76,139
2003,6,Districte VI,12,Bellvitge,620,16-17,9,3,12
1998,2,Districte II,4,la Torrassa,249,25-34,87,95,182
2007,1,Districte I,1,Centre,128,25-34,93,100,193
2010,1,Districte I,3,Sant Josep,136,65-74,59,46,105
2013,4,Districte IV,8,les Planes,436,35-49,198,239,437
1996,2,Districte II,4,la Torrassa,233,25-34,69,70,139
2001,5,Districte V,10,Pubilla Cases,525,00-02,12,13,25
1999,4,Districte IV,8,les Planes,419,03-11,33,36,69
1998,2,Districte II,5,Collblanc,220,03-11,20,27,47
2013,3,Districte III,6,Santa Eulàlia,305,03-11,59,65,124
2016,6,Districte VI,12,Bellvitge,610,03-11,48,44,92
2008,5,Districte V,9,Can Serra,521,03-11,27,33,60
2003,3,Districte III,6,Santa Eulàlia,314,03-11,87,93,180
2011,5,Districte V,10,Pubilla Cases,509,25-34,76,89,165
1994,1,Districte I,3,Sant Josep,119,65-74,53,47,100
1995,6,Districte VI,12,Bellvitge,606,65-74,57,43,100
2012,1,Districte I,1,Centre,112,16-17,12,9,21
2004,2,Districte II,4,la Torrassa,249,25-34,103,125,228
2016,4,Districte IV,7,la Florida,423,16-17,5,7,12
2009,1,Districte I,1,Centre,107,18-24,59,67,126
1994,5,Districte V,10,Pubilla Cases,528,18-24,98,83,181
2000,6,Districte VI,12,Bellvitge,621,65-74,43,32,75
2012,2,Districte II,4,la Torrassa,245,35-49,155,148,303
2016,5,Districte V,9,Can Serra,502,16-17,15,18,33
1995,2,Districte II,5,Collblanc,201,00-02,5,7,12
2002,6,Districte VI,11,el Gornal,626,75 i +,28,29,57
2001,3,Districte III,6,Santa Eulàlia,319,50-64,80,85,165
2014,4,Districte IV,8,les Planes,435,75 i +,75,37,112
1994,5,Districte V,10,Pubilla Cases,519,16-17,5,6,11
2016,5,Districte V,9,Can Serra,504,25-34,78,63,141
2001,5,Districte V,9,Can Serra,507,35-49,79,83,162
2002,5,Districte V,10,Pubilla Cases,525,50-64,82,77,159
2016,2,Districte II,4,la Torrassa,234,16-17,8,9,17
2014,4,Districte IV,7,la Florida,427,16-17,13,17,30
2004,5,Districte V,10,Pubilla Cases,523,16-17,8,15,23
2012,2,Districte II,4,la Torrassa,230,75 i +,54,24,78
1998,2,Districte II,4,la Torrassa,235,50-64,150,123,273
1997,2,Districte II,5,Collblanc,205,65-74,53,41,94
2010,2,Districte II,4,la Torrassa,240,00-02,17,22,39
2007,2,Districte II,4,la Torrassa,237,00-02,24,22,46
2004,5,Districte V,10,Pubilla Cases,524,12-15,22,22,44
2001,4,Districte IV,7,la Florida,416,65-74,58,63,121
1997,2,Districte II,5,Collblanc,203,00-02,3,2,5
2012,3,Districte III,6,Santa Eulàlia,304,03-11,127,117,244
1995,1,Districte I,3,Sant Josep,140,35-49,85,80,165
2010,2,Districte II,4,la Torrassa,230,50-64,50,43,93
2002,4,Districte IV,8,les Planes,438,35-49,96,93,189
2010,6,Districte VI,12,Bellvitge,623,16-17,8,15,23
2004,3,Districte III,6,Santa Eulàlia,301,75 i +,84,44,128
1998,5,Districte V,10,Pubilla Cases,509,12-15,15,10,25
2005,5,Districte V,10,Pubilla Cases,530,16-17,10,16,26
2007,1,Districte I,3,Sant Josep,117,16-17,22,15,37
2002,4,Districte IV,8,les Planes,429,25-34,34,45,79
2012,4,Districte IV,8,les Planes,436,00-02,18,21,39
2013,2,Districte II,5,Collblanc,201,00-02,19,23,42
2001,1,Districte I,3,Sant Josep,137,25-34,138,124,262
2013,3,Districte III,6,Santa Eulàlia,304,03-11,137,135,272
2009,6,Districte VI,12,Bellvitge,615,03-11,36,22,58
2016,1,Districte I,1,Centre,130,25-34,57,62,119
1998,3,Districte III,6,Santa Eulàlia,320,75 i +,19,8,27
1998,2,Districte II,5,Collblanc,203,00-02,5,8,13
2004,6,Districte VI,12,Bellvitge,603,75 i +,24,13,37
2011,2,Districte II,5,Collblanc,225,35-49,59,59,118
2002,4,Districte IV,7,la Florida,402,18-24,33,39,72
2013,1,Districte I,1,Centre,105,16-17,5,7,12
1997,3,Districte III,6,Santa Eulàlia,307,03-11,59,68,127
2005,4,Districte IV,7,la Florida,411,25-34,78,78,156
2000,5,Districte V,10,Pubilla Cases,533,12-15,16,15,31
1998,2,Districte II,5,Collblanc,206,18-24,36,46,82
2011,1,Districte I,3,Sant Josep,106,25-34,140,156,296
2005,4,Districte IV,7,la Florida,414,16-17,5,9,14
2013,4,Districte IV,7,la Florida,422,50-64,89,97,186
2014,1,Districte I,2,Sanfeliu,132,75 i +,111,72,183
1995,3,Districte III,6,Santa Eulàlia,312,25-34,121,127,248
2011,6,Districte VI,12,Bellvitge,628,12-15,19,16,35
2005,2,Districte II,4,la Torrassa,240,03-11,23,36,59
1995,3,Districte III,6,Santa Eulàlia,319,12-15,27,30,57
2013,2,Districte II,4,la Torrassa,233,00-02,18,20,38
2008,2,Districte II,4,la Torrassa,228,18-24,34,44,78
1999,3,Districte III,6,Santa Eulàlia,315,25-34,131,121,252
1994,2,Districte II,5,Collblanc,222,03-11,35,36,71
2010,1,Districte I,3,Sant Josep,136,03-11,60,49,109
2005,2,Districte II,5,Collblanc,210,50-64,92,81,173
2002,2,Districte II,5,Collblanc,206,35-49,89,85,174
2013,2,Districte II,5,Collblanc,207,35-49,248,240,488
1999,6,Districte VI,11,el Gornal,616,35-49,264,275,539
2005,6,Districte VI,11,el Gornal,626,75 i +,38,30,68
2011,5,Districte V,10,Pubilla Cases,538,12-15,19,24,43
2003,3,Districte III,6,Santa Eulàlia,312,18-24,53,59,112
1997,3,Districte III,6,Santa Eulàlia,301,50-64,215,221,436
2005,6,Districte VI,12,Bellvitge,615,50-64,142,94,236
1995,3,Districte III,6,Santa Eulàlia,322,16-17,20,19,39
1995,4,Districte IV,7,la Florida,425,75 i +,45,20,65
2011,2,Districte II,5,Collblanc,244,00-02,10,11,21
2007,1,Districte I,1,Centre,123,16-17,17,13,30
1996,1,Districte I,1,Centre,109,65-74,42,42,84
2013,2,Districte II,4,la Torrassa,229,18-24,68,76,144
2005,1,Districte I,1,Centre,103,65-74,52,35,87
2007,2,Districte II,4,la Torrassa,236,16-17,11,11,22
2003,5,Districte V,10,Pubilla Cases,532,18-24,61,67,128
2016,1,Districte I,3,Sant Josep,115,03-11,56,54,110
2003,5,Districte V,10,Pubilla Cases,532,12-15,22,27,49
1994,4,Districte IV,7,la Florida,404,18-24,93,83,176
2015,4,Districte IV,8,les Planes,441,35-49,205,239,444
2001,1,Districte I,1,Centre,101,50-64,98,99,197
2001,4,Districte IV,8,les Planes,438,35-49,70,74,144
1995,1,Districte I,3,Sant Josep,126,65-74,53,39,92
1997,4,Districte IV,7,la Florida,424,16-17,4,11,15
1994,4,Districte IV,7,la Florida,406,75 i +,45,34,79
2016,1,Districte I,3,Sant Josep,140,50-64,90,75,165
2012,3,Districte III,6,Santa Eulàlia,318,18-24,34,37,71
2009,2,Districte II,5,Collblanc,208,65-74,132,95,227
2014,5,Districte V,9,Can Serra,506,00-02,22,16,38
1995,1,Districte I,3,Sant Josep,119,75 i +,30,24,54
2009,3,Districte III,6,Santa Eulàlia,309,75 i +,39,22,61
2005,6,Districte VI,11,el Gornal,616,50-64,228,244,472
2000,5,Districte V,10,Pubilla Cases,511,50-64,67,64,131
1994,4,Districte IV,7,la Florida,430,65-74,61,44,105
2010,4,Districte IV,8,les Planes,440,50-64,98,79,177
2015,6,Districte VI,12,Bellvitge,623,50-64,128,115,243
2007,5,Districte V,10,Pubilla Cases,514,03-11,44,41,85
2010,5,Districte V,10,Pubilla Cases,525,50-64,67,71,138
2010,4,Districte IV,8,les Planes,420,65-74,75,54,129
1996,2,Districte II,5,Collblanc,214,18-24,38,50,88
2010,2,Districte II,5,Collblanc,205,65-74,51,37,88
2012,3,Districte III,6,Santa Eulàlia,306,65-74,63,57,120
1996,2,Districte II,4,la Torrassa,229,35-49,48,47,95
2008,5,Districte V,10,Pubilla Cases,538,65-74,70,58,128
2007,2,Districte II,5,Collblanc,227,75 i +,55,36,91
2003,5,Districte V,10,Pubilla Cases,510,25-34,82,104,186
2011,4,Districte IV,7,la Florida,421,00-02,13,23,36
2002,4,Districte IV,8,les Planes,420,12-15,18,26,44
2008,1,Districte I,3,Sant Josep,117,65-74,80,75,155
2003,2,Districte II,5,Collblanc,204,35-49,47,62,109
1994,5,Districte V,9,Can Serra,504,65-74,60,53,113
2007,5,Districte V,10,Pubilla Cases,530,75 i +,99,54,153
2000,2,Districte II,5,Collblanc,227,50-64,69,61,130
1994,3,Districte III,6,Santa Eulàlia,320,35-49,117,74,191
2001,3,Districte III,6,Santa Eulàlia,310,03-11,25,33,58
2016,4,Districte IV,7,la Florida,410,16-17,14,21,35
1994,1,Districte I,3,Sant Josep,125,12-15,27,48,75
2007,6,Districte VI,12,Bellvitge,614,12-15,11,19,30
1997,5,Districte V,10,Pubilla Cases,511,16-17,4,8,12
1998,1,Districte I,1,Centre,113,00-02,11,12,23
2003,4,Districte IV,7,la Florida,427,00-02,19,22,41
2014,5,Districte V,10,Pubilla Cases,513,03-11,86,76,162
2016,4,Districte IV,7,la Florida,425,50-64,81,87,168
1999,1,Districte I,3,Sant Josep,127,50-64,52,52,104
2002,1,Districte I,1,Centre,131,75 i +,46,34,80
2004,4,Districte IV,7,la Florida,415,25-34,75,111,186
2016,4,Districte IV,8,les Planes,437,25-34,99,133,232
2005,4,Districte IV,7,la Florida,403,12-15,16,22,38
2015,5,Districte V,9,Can Serra,535,50-64,102,84,186
2016,2,Districte II,5,Collblanc,202,65-74,73,51,124
1996,4,Districte IV,7,la Florida,403,18-24,72,84,156
2006,5,Districte V,10,Pubilla Cases,536,25-34,69,86,155
1996,6,Districte VI,12,Bellvitge,613,18-24,143,128,271
2007,2,Districte II,5,Collblanc,207,65-74,42,32,74
2002,3,Districte III,6,Santa Eulàlia,319,00-02,15,12,27
2000,6,Districte VI,12,Bellvitge,602,35-49,41,39,80
2014,6,Districte VI,12,Bellvitge,605,16-17,13,15,28
2013,5,Districte V,10,Pubilla Cases,537,50-64,112,102,214
2002,5,Districte V,10,Pubilla Cases,529,18-24,50,52,102
1998,4,Districte IV,7,la Florida,409,18-24,41,40,81
2012,3,Districte III,6,Santa Eulàlia,306,25-34,128,142,270
2011,1,Districte I,1,Centre,134,65-74,62,54,116
2013,6,Districte VI,12,Bellvitge,607,35-49,105,129,234
2004,5,Districte V,10,Pubilla Cases,522,12-15,12,10,22
1999,4,Districte IV,7,la Florida,416,25-34,58,64,122
2005,1,Districte I,1,Centre,113,50-64,163,174,337
2012,6,Districte VI,12,Bellvitge,601,65-74,111,89,200
2006,5,Districte V,10,Pubilla Cases,528,16-17,15,7,22
2000,2,Districte II,5,Collblanc,227,18-24,31,32,63
2010,1,Districte I,3,Sant Josep,122,50-64,66,50,116
2008,3,Districte III,6,Santa Eulàlia,325,18-24,51,66,117
1999,6,Districte VI,12,Bellvitge,619,16-17,23,17,40
2007,4,Districte IV,8,les Planes,442,00-02,6,9,15
2004,2,Districte II,4,la Torrassa,232,75 i +,66,35,101
1997,2,Districte II,5,Collblanc,210,65-74,85,63,148
2007,1,Districte I,3,Sant Josep,127,50-64,69,67,136
2010,3,Districte III,6,Santa Eulàlia,325,12-15,32,29,61
2006,2,Districte II,4,la Torrassa,239,50-64,88,69,157
2007,6,Districte VI,12,Bellvitge,627,00-02,8,8,16
1995,1,Districte I,3,Sant Josep,138,25-34,66,58,124
2013,1,Districte I,3,Sant Josep,136,00-02,20,20,40
1999,6,Districte VI,12,Bellvitge,619,65-74,66,64,130
1997,2,Districte II,4,la Torrassa,228,75 i +,33,18,51
2012,4,Districte IV,7,la Florida,412,25-34,133,141,274
2008,5,Districte V,9,Can Serra,505,00-02,12,16,28
1997,4,Districte IV,7,la Florida,408,00-02,5,9,14
2003,1,Districte I,1,Centre,104,12-15,9,8,17
2001,3,Districte III,6,Santa Eulàlia,301,12-15,34,41,75
1994,2,Districte II,5,Collblanc,210,18-24,57,54,111
1994,1,Districte I,3,Sant Josep,138,50-64,71,72,143
2003,5,Districte V,10,Pubilla Cases,523,35-49,137,140,277
1998,3,Districte III,6,Santa Eulàlia,310,12-15,34,25,59
2000,5,Districte V,9,Can Serra,505,65-74,56,48,104
1997,3,Districte III,6,Santa Eulàlia,324,12-15,24,14,38
2000,5,Districte V,10,Pubilla Cases,516,18-24,29,28,57
2015,6,Districte VI,12,Bellvitge,611,50-64,121,133,254
2000,4,Districte IV,7,la Florida,431,50-64,108,112,220
2016,1,Districte I,3,Sant Josep,121,18-24,40,27,67
1995,6,Districte VI,12,Bellvitge,624,35-49,165,127,292
2003,2,Districte II,4,la Torrassa,243,12-15,27,30,57
1996,3,Districte III,6,Santa Eulàlia,325,75 i +,119,62,181
2008,3,Districte III,6,Santa Eulàlia,318,03-11,29,41,70
2010,5,Districte V,10,Pubilla Cases,514,25-34,57,78,135
2011,4,Districte IV,8,les Planes,440,25-34,73,57,130
2012,2,Districte II,5,Collblanc,244,75 i +,44,27,71
2011,2,Districte II,5,Collblanc,221,35-49,129,130,259
1997,2,Districte II,4,la Torrassa,247,18-24,76,57,133
2004,5,Districte V,10,Pubilla Cases,536,35-49,92,104,196
2001,4,Districte IV,8,les Planes,440,12-15,6,13,19
2002,1,Districte I,3,Sant Josep,126,12-15,14,14,28
2004,1,Districte I,1,Centre,105,00-02,17,13,30
2007,3,Districte III,6,Santa Eulàlia,312,18-24,75,61,136
2004,2,Districte II,5,Collblanc,216,65-74,75,65,140
2002,6,Districte VI,12,Bellvitge,621,65-74,50,42,92
2000,6,Districte VI,12,Bellvitge,613,25-34,147,170,317
2007,4,Districte IV,7,la Florida,406,65-74,77,62,139
2006,1,Districte I,1,Centre,131,75 i +,54,41,95
2002,5,Districte V,10,Pubilla Cases,533,16-17,12,6,18
1996,2,Districte II,4,la Torrassa,218,25-34,57,59,116
2014,5,Districte V,10,Pubilla Cases,526,75 i +,86,56,142
2012,6,Districte VI,11,el Gornal,632,25-34,53,65,118
1997,6,Districte VI,12,Bellvitge,627,65-74,30,21,51
2003,2,Districte II,5,Collblanc,214,00-02,7,9,16
2012,2,Districte II,4,la Torrassa,229,25-34,74,88,162
1998,5,Districte V,10,Pubilla Cases,515,35-49,59,43,102
1996,5,Districte V,10,Pubilla Cases,537,00-02,14,9,23
1997,5,Districte V,10,Pubilla Cases,513,12-15,9,6,15
2001,2,Districte II,5,Collblanc,206,00-02,3,4,7
2004,2,Districte II,5,Collblanc,220,00-02,14,10,24
2004,1,Districte I,1,Centre,111,18-24,39,34,73
1997,5,Districte V,9,Can Serra,501,25-34,75,77,152
1995,2,Districte II,5,Collblanc,207,75 i +,40,17,57
1996,4,Districte IV,8,les Planes,436,50-64,77,59,136
2001,4,Districte IV,7,la Florida,430,03-11,27,43,70
2016,6,Districte VI,12,Bellvitge,610,16-17,9,18,27
1994,5,Districte V,10,Pubilla Cases,518,00-02,10,8,18
2003,5,Districte V,10,Pubilla Cases,536,12-15,11,13,24
2011,4,Districte IV,8,les Planes,401,18-24,49,55,104
2004,4,Districte IV,7,la Florida,412,00-02,21,18,39
2002,5,Districte V,10,Pubilla Cases,518,35-49,90,114,204
2010,6,Districte VI,11,el Gornal,629,03-11,30,15,45
1996,2,Districte II,5,Collblanc,219,50-64,109,107,216
2008,2,Districte II,5,Collblanc,207,35-49,79,74,153
2002,4,Districte IV,8,les Planes,436,00-02,13,18,31
2008,4,Districte IV,8,les Planes,435,75 i +,98,45,143
1994,5,Districte V,10,Pubilla Cases,513,12-15,14,16,30
2014,5,Districte V,10,Pubilla Cases,531,18-24,41,37,78
1997,4,Districte IV,7,la Florida,431,12-15,25,34,59
2016,2,Districte II,4,la Torrassa,232,03-11,39,52,91
2012,1,Districte I,1,Centre,135,65-74,84,75,159
2007,6,Districte VI,12,Bellvitge,607,65-74,104,103,207
2008,6,Districte VI,11,el Gornal,616,03-11,118,149,267
2016,5,Districte V,10,Pubilla Cases,524,18-24,42,57,99
2011,6,Districte VI,12,Bellvitge,625,25-34,89,100,189
2005,5,Districte V,9,Can Serra,502,00-02,17,23,40
1997,1,Districte I,3,Sant Josep,120,65-74,59,46,105
2009,3,Districte III,6,Santa Eulàlia,325,16-17,19,17,36
1996,2,Districte II,5,Collblanc,216,65-74,83,64,147
2008,2,Districte II,5,Collblanc,224,00-02,12,18,30
1998,6,Districte VI,12,Bellvitge,603,12-15,9,11,20
2013,2,Districte II,4,la Torrassa,243,12-15,24,32,56
2004,2,Districte II,5,Collblanc,226,12-15,10,17,27
2007,1,Districte I,1,Centre,135,65-74,72,64,136
2008,2,Districte II,4,la Torrassa,232,03-11,32,38,70
2000,2,Districte II,5,Collblanc,205,25-34,68,66,134
1994,3,Districte III,6,Santa Eulàlia,317,50-64,68,63,131
1999,3,Districte III,6,Santa Eulàlia,312,18-24,69,70,139
2005,1,Districte I,1,Centre,109,03-11,34,38,72
1995,6,Districte VI,12,Bellvitge,613,65-74,45,44,89
1996,4,Districte IV,7,la Florida,413,12-15,8,9,17
2004,4,Districte IV,7,la Florida,423,50-64,80,82,162
2008,3,Districte III,6,Santa Eulàlia,303,35-49,148,177,325
2012,4,Districte IV,7,la Florida,403,65-74,88,67,155
2012,2,Districte II,4,la Torrassa,235,50-64,98,89,187
1994,5,Districte V,10,Pubilla Cases,532,16-17,22,28,50
2003,2,Districte II,4,la Torrassa,236,12-15,18,18,36
2013,6,Districte VI,12,Bellvitge,602,75 i +,60,58,118
2006,5,Districte V,9,Can Serra,503,00-02,6,6,12
1995,6,Districte VI,12,Bellvitge,627,65-74,34,20,54
2012,6,Districte VI,12,Bellvitge,611,35-49,238,270,508
2011,6,Districte VI,12,Bellvitge,611,25-34,129,118,247
2008,3,Districte III,6,Santa Eulàlia,323,25-34,232,284,516
2006,2,Districte II,4,la Torrassa,234,50-64,60,53,113
2009,6,Districte VI,11,el Gornal,617,25-34,68,82,150
2005,5,Districte V,10,Pubilla Cases,514,75 i +,31,16,47
2005,2,Districte II,4,la Torrassa,231,18-24,39,37,76
2000,2,Districte II,5,Collblanc,210,75 i +,62,36,98
1994,1,Districte I,1,Centre,124,16-17,16,21,37
2007,1,Districte I,3,Sant Josep,106,65-74,59,46,105
2011,1,Districte I,3,Sant Josep,125,65-74,71,76,147
2016,5,Districte V,9,Can Serra,506,75 i +,104,90,194
2001,6,Districte VI,11,el Gornal,626,75 i +,23,27,50
1999,4,Districte IV,7,la Florida,428,75 i +,29,20,49
2014,3,Districte III,6,Santa Eulàlia,315,25-34,132,137,269
1994,2,Districte II,5,Collblanc,209,25-34,77,91,168
2007,1,Districte I,1,Centre,134,18-24,57,57,114
2009,4,Districte IV,7,la Florida,430,12-15,22,22,44
2009,2,Districte II,4,la Torrassa,233,03-11,26,43,69
2016,5,Districte V,9,Can Serra,504,12-15,11,9,20
2016,6,Districte VI,12,Bellvitge,610,12-15,22,24,46
2003,6,Districte VI,12,Bellvitge,612,65-74,55,60,115
2001,4,Districte IV,7,la Florida,406,35-49,142,135,277
2009,2,Districte II,5,Collblanc,204,12-15,12,10,22
1999,4,Districte IV,7,la Florida,421,25-34,128,116,244
1994,2,Districte II,5,Collblanc,225,00-02,3,4,7
2006,5,Districte V,9,Can Serra,506,50-64,248,210,458
2008,6,Districte VI,12,Bellvitge,613,50-64,135,77,212
2005,5,Districte V,10,Pubilla Cases,529,75 i +,76,49,125
2005,5,Districte V,10,Pubilla Cases,533,50-64,69,52,121
2013,5,Districte V,9,Can Serra,505,12-15,13,13,26
2009,2,Districte II,4,la Torrassa,243,03-11,63,76,139
2008,2,Districte II,5,Collblanc,226,00-02,23,16,39
2009,3,Districte III,6,Santa Eulàlia,305,16-17,23,15,38
2001,6,Districte VI,12,Bellvitge,620,18-24,48,34,82
2000,2,Districte II,5,Collblanc,209,16-17,4,5,9
2004,1,Districte I,3,Sant Josep,120,50-64,155,149,304
1996,4,Districte IV,7,la Florida,405,35-49,45,61,106
2001,4,Districte IV,8,les Planes,418,18-24,48,51,99
2003,6,Districte VI,11,el Gornal,617,00-02,8,13,21
1999,4,Districte IV,7,la Florida,409,25-34,56,61,117
2009,5,Districte V,10,Pubilla Cases,537,50-64,124,97,221
1998,4,Districte IV,7,la Florida,412,50-64,184,176,360
1997,4,Districte IV,7,la Florida,423,25-34,74,84,158
2013,6,Districte VI,11,el Gornal,632,50-64,78,64,142
1999,6,Districte VI,12,Bellvitge,606,65-74,71,63,134
2016,6,Districte VI,11,el Gornal,632,35-49,113,131,244
1994,4,Districte IV,7,la Florida,422,35-49,87,102,189
2001,2,Districte II,5,Collblanc,219,12-15,19,21,40
1995,1,Districte I,2,Sanfeliu,129,35-49,107,111,218
2008,5,Districte V,10,Pubilla Cases,527,25-34,137,127,264
2016,5,Districte V,10,Pubilla Cases,529,03-11,51,62,113
2009,5,Districte V,10,Pubilla Cases,528,18-24,54,42,96
1997,3,Districte III,6,Santa Eulàlia,319,65-74,31,29,60
2009,3,Districte III,6,Santa Eulàlia,314,50-64,253,258,511
1995,2,Districte II,5,Collblanc,215,25-34,79,84,163
1998,6,Districte VI,12,Bellvitge,609,50-64,142,141,283
1994,1,Districte I,1,Centre,110,00-02,8,17,25
1996,1,Districte I,1,Centre,109,12-15,20,41,61
2015,3,Districte III,6,Santa Eulàlia,305,25-34,102,112,214
2014,2,Districte II,5,Collblanc,214,65-74,97,59,156
2013,2,Districte II,5,Collblanc,201,12-15,15,20,35
1999,1,Districte I,1,Centre,128,16-17,14,13,27
2003,4,Districte IV,7,la Florida,428,50-64,32,35,67
2012,6,Districte VI,12,Bellvitge,620,65-74,55,48,103
1998,5,Districte V,10,Pubilla Cases,520,75 i +,39,27,66
1994,3,Districte III,6,Santa Eulàlia,318,65-74,22,17,39
2016,3,Districte III,6,Santa Eulàlia,326,75 i +,4,3,7
2002,1,Districte I,1,Centre,113,12-15,45,38,83
1996,4,Districte IV,8,les Planes,436,03-11,27,28,55
1997,1,Districte I,1,Centre,133,00-02,3,8,11
2009,2,Districte II,4,la Torrassa,241,18-24,41,41,82
2006,4,Districte IV,7,la Florida,404,50-64,111,105,216
2008,5,Districte V,10,Pubilla Cases,523,00-02,16,25,41
2013,4,Districte IV,7,la Florida,431,50-64,108,103,211
2001,5,Districte V,10,Pubilla Cases,528,75 i +,47,30,77
2001,3,Districte III,6,Santa Eulàlia,301,00-02,29,26,55
2012,2,Districte II,4,la Torrassa,237,65-74,63,48,111
2011,4,Districte IV,7,la Florida,428,65-74,17,12,29
2001,1,Districte I,1,Centre,105,50-64,91,108,199
2009,2,Districte II,4,la Torrassa,217,18-24,28,38,66
2004,1,Districte I,1,Centre,135,35-49,188,166,354
2013,4,Districte IV,7,la Florida,405,00-02,32,27,59
2016,4,Districte IV,8,les Planes,420,75 i +,130,86,216
2007,5,Districte V,9,Can Serra,503,25-34,78,85,163
2005,4,Districte IV,7,la Florida,427,75 i +,49,41,90
2004,2,Districte II,4,la Torrassa,239,75 i +,88,57,145
1994,4,Districte IV,7,la Florida,430,12-15,16,21,37
2001,2,Districte II,4,la Torrassa,239,18-24,50,39,89
2005,5,Districte V,9,Can Serra,503,03-11,21,31,52
2009,3,Districte III,6,Santa Eulàlia,314,00-02,30,40,70
1999,4,Districte IV,7,la Florida,415,03-11,22,22,44
2001,4,Districte IV,7,la Florida,405,18-24,33,34,67
2014,5,Districte V,10,Pubilla Cases,528,03-11,51,55,106
2003,4,Districte IV,7,la Florida,411,25-34,69,63,132
1994,3,Districte III,6,Santa Eulàlia,301,03-11,53,77,130
2015,2,Districte II,4,la Torrassa,233,16-17,7,9,16
2005,4,Districte IV,8,les Planes,436,50-64,52,58,110
1997,6,Districte VI,12,Bellvitge,614,35-49,98,81,179
2003,6,Districte VI,12,Bellvitge,625,25-34,104,106,210
2013,1,Districte I,1,Centre,103,50-64,66,63,129
2002,4,Districte IV,8,les Planes,440,25-34,87,108,195
1998,5,Districte V,10,Pubilla Cases,519,16-17,5,9,14
1994,2,Districte II,4,la Torrassa,234,03-11,24,30,54
1997,4,Districte IV,8,les Planes,439,65-74,51,52,103
2015,6,Districte VI,12,Bellvitge,612,50-64,58,64,122
2008,4,Districte IV,7,la Florida,410,16-17,16,15,31
2004,6,Districte VI,11,el Gornal,629,18-24,22,30,52
2000,5,Districte V,9,Can Serra,535,35-49,121,113,234
2016,4,Districte IV,7,la Florida,411,65-74,64,44,108
1996,2,Districte II,4,la Torrassa,233,16-17,7,9,16
2009,4,Districte IV,7,la Florida,412,75 i +,87,76,163
2007,2,Districte II,4,la Torrassa,240,75 i +,58,30,88
2002,2,Districte II,5,Collblanc,207,03-11,17,20,37
1997,2,Districte II,4,la Torrassa,232,00-02,9,4,13
2004,1,Districte I,1,Centre,103,25-34,76,72,148
2004,2,Districte II,4,la Torrassa,249,12-15,12,18,30
1999,6,Districte VI,12,Bellvitge,631,00-02,6,15,21
2010,1,Districte I,3,Sant Josep,139,12-15,15,27,42
1997,4,Districte IV,7,la Florida,403,75 i +,45,20,65
2008,1,Districte I,3,Sant Josep,125,03-11,69,68,137
2013,2,Districte II,4,la Torrassa,247,25-34,115,92,207
2005,2,Districte II,4,la Torrassa,231,35-49,137,115,252
1996,4,Districte IV,8,les Planes,401,16-17,18,16,34
1995,1,Districte I,2,Sanfeliu,132,16-17,37,52,89
2003,4,Districte IV,8,les Planes,418,35-49,118,141,259
2010,6,Districte VI,11,el Gornal,616,16-17,27,32,59
2006,4,Districte IV,7,la Florida,409,35-49,85,87,172
2010,5,Districte V,9,Can Serra,521,25-34,57,61,118
2011,1,Districte I,3,Sant Josep,138,16-17,4,4,8
1997,4,Districte IV,8,les Planes,441,03-11,113,87,200
1996,5,Districte V,10,Pubilla Cases,518,25-34,91,101,192
2011,3,Districte III,6,Santa Eulàlia,317,35-49,144,170,314
2004,1,Districte I,3,Sant Josep,117,03-11,94,77,171
2012,6,Districte VI,11,el Gornal,616,12-15,62,83,145
2010,1,Districte I,1,Centre,133,12-15,11,13,24
2003,1,Districte I,3,Sant Josep,136,16-17,13,6,19
2001,6,Districte VI,12,Bellvitge,612,50-64,159,139,298
2011,6,Districte VI,12,Bellvitge,602,03-11,24,18,42
2010,5,Districte V,10,Pubilla Cases,508,25-34,61,58,119
2015,6,Districte VI,11,el Gornal,608,18-24,33,45,78
1999,4,Districte IV,7,la Florida,412,12-15,36,38,74
2003,6,Districte VI,12,Bellvitge,602,03-11,16,20,36
2001,2,Districte II,4,la Torrassa,239,65-74,96,74,170
2012,2,Districte II,5,Collblanc,226,65-74,46,37,83
2002,4,Districte IV,8,les Planes,435,00-02,12,11,23
2014,1,Districte I,1,Centre,128,03-11,45,52,97
1997,6,Districte VI,11,el Gornal,617,25-34,109,128,237
1994,2,Districte II,4,la Torrassa,218,00-02,5,5,10
2012,2,Districte II,4,la Torrassa,246,03-11,49,57,106
2012,6,Districte VI,12,Bellvitge,623,65-74,104,101,205
2013,1,Districte I,1,Centre,107,16-17,8,23,31
1998,6,Districte VI,12,Bellvitge,620,35-49,68,61,129
2007,2,Districte II,5,Collblanc,205,35-49,97,99,196
2002,2,Districte II,4,la Torrassa,233,50-64,69,59,128
2004,3,Districte III,6,Santa Eulàlia,321,03-11,85,92,177
2012,5,Districte V,10,Pubilla Cases,529,16-17,4,10,14
2013,4,Districte IV,8,les Planes,401,00-02,9,24,33
1996,2,Districte II,4,la Torrassa,211,18-24,42,55,97
1996,4,Districte IV,8,les Planes,418,50-64,130,116,246
2016,6,Districte VI,12,Bellvitge,601,12-15,34,38,72
2008,3,Districte III,6,Santa Eulàlia,316,75 i +,69,33,102
2006,4,Districte IV,8,les Planes,442,65-74,24,23,47
1998,2,Districte II,5,Collblanc,202,50-64,82,73,155
1997,3,Districte III,6,Santa Eulàlia,307,75 i +,37,20,57
1996,4,Districte IV,7,la Florida,425,25-34,79,71,150
1996,2,Districte II,5,Collblanc,214,65-74,41,36,77
2013,1,Districte I,3,Sant Josep,125,35-49,229,225,454
2002,1,Districte I,3,Sant Josep,121,35-49,80,100,180
2014,4,Districte IV,7,la Florida,422,16-17,11,13,24
2009,2,Districte II,4,la Torrassa,247,65-74,65,53,118
2001,1,Districte I,1,Centre,101,00-02,22,12,34
2004,3,Districte III,6,Santa Eulàlia,325,16-17,12,12,24
2013,1,Districte I,2,Sanfeliu,129,18-24,40,45,85
2012,4,Districte IV,7,la Florida,426,16-17,7,7,14
2005,4,Districte IV,8,les Planes,419,75 i +,42,27,69
2003,3,Districte III,6,Santa Eulàlia,316,75 i +,62,34,96
1997,6,Districte VI,12,Bellvitge,627,35-49,178,154,332
1998,2,Districte II,4,la Torrassa,231,25-34,89,80,169
2012,2,Districte II,4,la Torrassa,238,50-64,61,70,131
2000,1,Districte I,1,Centre,134,65-74,49,34,83
1995,2,Districte II,4,la Torrassa,238,16-17,3,6,9
2016,6,Districte VI,12,Bellvitge,627,16-17,8,4,12
2012,4,Districte IV,8,les Planes,438,50-64,70,63,133
2009,4,Districte IV,7,la Florida,406,18-24,70,53,123
1998,2,Districte II,4,la Torrassa,240,35-49,56,51,107
2011,1,Districte I,1,Centre,112,50-64,168,165,333
1997,3,Districte III,6,Santa Eulàlia,315,25-34,128,125,253
2000,4,Districte IV,7,la Florida,423,65-74,73,59,132
2016,2,Districte II,5,Collblanc,205,00-02,11,13,24
2015,5,Districte V,10,Pubilla Cases,520,18-24,26,32,58
2005,3,Districte III,6,Santa Eulàlia,308,65-74,89,79,168
2008,6,Districte VI,11,el Gornal,617,18-24,38,37,75
2013,1,Districte I,3,Sant Josep,121,50-64,49,67,116
1999,6,Districte VI,12,Bellvitge,618,75 i +,17,14,31
2002,3,Districte III,6,Santa Eulàlia,324,12-15,16,17,33
2006,1,Districte I,3,Sant Josep,127,16-17,13,9,22
2010,5,Districte V,10,Pubilla Cases,508,65-74,31,26,57
2015,6,Districte VI,12,Bellvitge,615,03-11,32,25,57
2008,1,Districte I,1,Centre,102,03-11,58,72,130
1997,2,Districte II,4,la Torrassa,239,25-34,88,95,183
2016,2,Districte II,5,Collblanc,212,25-34,98,101,199
2013,3,Districte III,6,Santa Eulàlia,311,18-24,42,55,97
2000,5,Districte V,10,Pubilla Cases,520,18-24,41,58,99
2006,5,Districte V,10,Pubilla Cases,508,03-11,18,19,37
2015,6,Districte VI,12,Bellvitge,630,03-11,26,32,58
2001,6,Districte VI,12,Bellvitge,602,16-17,2,5,7
1998,3,Districte III,6,Santa Eulàlia,316,75 i +,26,16,42
1998,6,Districte VI,12,Bellvitge,602,75 i +,25,15,40
2009,5,Districte V,10,Pubilla Cases,509,03-11,40,36,76
1997,1,Districte I,3,Sant Josep,136,25-34,94,96,190
2005,6,Districte VI,12,Bellvitge,610,75 i +,51,36,87
2006,2,Districte II,5,Collblanc,220,75 i +,55,33,88
2011,5,Districte V,9,Can Serra,505,00-02,17,12,29
1999,1,Districte I,1,Centre,131,65-74,57,50,107
2003,1,Districte I,3,Sant Josep,140,00-02,15,15,30
2011,2,Districte II,4,la Torrassa,243,65-74,75,58,133
2008,4,Districte IV,8,les Planes,441,18-24,106,98,204
2012,6,Districte VI,12,Bellvitge,612,25-34,45,57,102
1997,6,Districte VI,12,Bellvitge,614,25-34,85,85,170
2011,4,Districte IV,7,la Florida,424,35-49,63,83,146
2006,3,Districte III,6,Santa Eulàlia,306,35-49,180,200,380
2016,4,Districte IV,7,la Florida,411,25-34,65,53,118
2006,6,Districte VI,12,Bellvitge,609,18-24,30,39,69
2012,6,Districte VI,12,Bellvitge,631,50-64,104,64,168
2010,4,Districte IV,7,la Florida,414,12-15,17,17,34
2003,5,Districte V,9,Can Serra,502,25-34,132,157,289
1996,5,Districte V,10,Pubilla Cases,518,12-15,13,18,31
1994,2,Districte II,4,la Torrassa,232,00-02,12,6,18
2002,3,Districte III,6,Santa Eulàlia,306,18-24,91,80,171
2001,2,Districte II,4,la Torrassa,237,50-64,125,114,239
1994,1,Districte I,3,Sant Josep,120,65-74,62,54,116
2011,5,Districte V,10,Pubilla Cases,528,12-15,26,22,48
1996,5,Districte V,9,Can Serra,535,00-02,8,6,14
2011,6,Districte VI,12,Bellvitge,613,00-02,13,16,29
2009,6,Districte VI,12,Bellvitge,603,50-64,58,42,100
1999,4,Districte IV,7,la Florida,409,00-02,10,5,15
2007,2,Districte II,5,Collblanc,223,12-15,32,26,58
1995,2,Districte II,4,la Torrassa,233,00-02,8,2,10
2006,6,Districte VI,12,Bellvitge,604,35-49,89,101,190
2000,6,Districte VI,12,Bellvitge,613,18-24,62,59,121
1996,6,Districte VI,12,Bellvitge,631,16-17,21,14,35
2013,4,Districte IV,7,la Florida,423,25-34,77,100,177
2006,5,Districte V,10,Pubilla Cases,534,50-64,82,75,157
2003,6,Districte VI,12,Bellvitge,603,03-11,23,20,43
2014,1,Districte I,3,Sant Josep,140,75 i +,58,42,100
1995,4,Districte IV,7,la Florida,424,12-15,8,22,30
2000,2,Districte II,4,la Torrassa,245,50-64,79,66,145
2004,4,Districte IV,7,la Florida,421,75 i +,65,37,102
1994,6,Districte VI,12,Bellvitge,607,03-11,30,35,65
1995,3,Districte III,6,Santa Eulàlia,319,00-02,6,10,16
1998,2,Districte II,5,Collblanc,214,25-34,57,71,128
2008,5,Districte V,10,Pubilla Cases,514,03-11,47,37,84
1995,5,Districte V,10,Pubilla Cases,524,25-34,108,108,216
2016,4,Districte IV,7,la Florida,402,50-64,74,70,144
1996,2,Districte II,4,la Torrassa,249,12-15,15,25,40
2016,6,Districte VI,11,el Gornal,626,35-49,105,99,204
2008,6,Districte VI,12,Bellvitge,611,75 i +,79,48,127
2000,2,Districte II,4,la Torrassa,239,18-24,55,46,101
1997,3,Districte III,6,Santa Eulàlia,319,00-02,7,6,13
2013,6,Districte VI,12,Bellvitge,605,25-34,100,118,218
2008,4,Districte IV,8,les Planes,429,25-34,53,65,118
1994,6,Districte VI,12,Bellvitge,631,18-24,140,143,283
2016,4,Districte IV,8,les Planes,419,12-15,39,44,83
2004,2,Districte II,5,Collblanc,208,16-17,15,9,24
1994,6,Districte VI,12,Bellvitge,605,18-24,73,89,162
1998,5,Districte V,10,Pubilla Cases,510,65-74,61,46,107
2010,1,Districte I,1,Centre,109,16-17,11,9,20
1999,4,Districte IV,7,la Florida,404,65-74,86,66,152
2000,2,Districte II,5,Collblanc,219,65-74,80,58,138
2000,4,Districte IV,7,la Florida,422,03-11,26,42,68
2011,3,Districte III,6,Santa Eulàlia,306,35-49,180,202,382
2016,5,Districte V,10,Pubilla Cases,513,35-49,199,200,399
1999,6,Districte VI,12,Bellvitge,627,65-74,27,27,54
2010,1,Districte I,3,Sant Josep,137,03-11,73,59,132
2016,3,Districte III,6,Santa Eulàlia,311,18-24,49,52,101
2008,4,Districte IV,7,la Florida,416,65-74,45,33,78
2005,1,Districte I,1,Centre,101,25-34,192,198,390
1998,6,Districte VI,12,Bellvitge,609,75 i +,28,9,37
2007,6,Districte VI,11,el Gornal,626,00-02,9,14,23
2007,4,Districte IV,8,les Planes,433,12-15,26,19,45
1995,3,Districte III,6,Santa Eulàlia,325,03-11,49,51,100
2014,2,Districte II,5,Collblanc,221,50-64,154,157,311
2005,5,Districte V,10,Pubilla Cases,530,03-11,42,55,97
2005,1,Districte I,2,Sanfeliu,118,75 i +,56,22,78
1999,5,Districte V,10,Pubilla Cases,526,50-64,63,65,128
2008,5,Districte V,10,Pubilla Cases,517,00-02,25,19,44
2004,2,Districte II,4,la Torrassa,218,50-64,83,68,151
2014,2,Districte II,5,Collblanc,208,00-02,16,14,30
2004,2,Districte II,5,Collblanc,213,18-24,51,51,102
2009,4,Districte IV,8,les Planes,441,25-34,151,154,305
1996,1,Districte I,3,Sant Josep,121,25-34,87,101,188
2007,2,Districte II,5,Collblanc,214,65-74,40,33,73
1995,2,Districte II,4,la Torrassa,231,50-64,116,111,227
2010,2,Districte II,5,Collblanc,220,16-17,12,12,24
1994,3,Districte III,6,Santa Eulàlia,318,03-11,53,55,108
1999,5,Districte V,10,Pubilla Cases,537,18-24,73,74,147
1995,2,Districte II,5,Collblanc,210,25-34,59,73,132
2000,1,Districte I,1,Centre,105,18-24,88,75,163
2016,5,Districte V,10,Pubilla Cases,514,16-17,21,18,39
1996,6,Districte VI,12,Bellvitge,621,03-11,59,69,128
2004,5,Districte V,10,Pubilla Cases,531,03-11,24,35,59
1999,6,Districte VI,12,Bellvitge,625,16-17,30,28,58
2004,2,Districte II,4,la Torrassa,233,00-02,17,9,26
2010,6,Districte VI,12,Bellvitge,602,75 i +,31,25,56
2003,3,Districte III,6,Santa Eulàlia,322,16-17,9,7,16
2016,6,Districte VI,12,Bellvitge,619,25-34,46,71,117
2000,2,Districte II,5,Collblanc,206,16-17,5,9,14
2013,4,Districte IV,7,la Florida,425,50-64,72,78,150
2016,1,Districte I,2,Sanfeliu,129,16-17,6,11,17
2001,1,Districte I,2,Sanfeliu,129,50-64,122,114,236
2010,2,Districte II,5,Collblanc,207,00-02,12,12,24
2003,2,Districte II,4,la Torrassa,237,16-17,10,13,23
2008,4,Districte IV,7,la Florida,422,65-74,51,38,89
2012,2,Districte II,5,Collblanc,214,12-15,22,12,34
2000,4,Districte IV,7,la Florida,406,00-02,7,14,21
2007,2,Districte II,4,la Torrassa,217,18-24,27,35,62
2001,6,Districte VI,12,Bellvitge,611,03-11,68,57,125
1997,2,Districte II,4,la Torrassa,248,12-15,20,22,42
2008,3,Districte III,6,Santa Eulàlia,310,75 i +,38,27,65
1998,5,Districte V,10,Pubilla Cases,528,50-64,141,128,269
2004,1,Districte I,1,Centre,102,18-24,62,61,123
2006,3,Districte III,6,Santa Eulàlia,324,12-15,11,13,24
2006,4,Districte IV,7,la Florida,431,03-11,68,80,148
2012,4,Districte IV,8,les Planes,437,03-11,40,33,73
1996,5,Districte V,10,Pubilla Cases,526,12-15,16,14,30
2009,6,Districte VI,12,Bellvitge,607,12-15,18,15,33
2009,4,Districte IV,7,la Florida,403,25-34,98,111,209
2012,4,Districte IV,8,les Planes,401,00-02,8,24,32
2002,2,Districte II,5,Collblanc,221,75 i +,40,33,73
1999,3,Districte III,6,Santa Eulàlia,325,16-17,24,15,39
2016,6,Districte VI,11,el Gornal,626,18-24,29,32,61
2013,3,Districte III,6,Santa Eulàlia,315,16-17,15,14,29
2015,2,Districte II,4,la Torrassa,232,75 i +,75,45,120
2000,2,Districte II,5,Collblanc,220,18-24,43,20,63
2014,4,Districte IV,7,la Florida,422,35-49,140,145,285
2011,2,Districte II,5,Collblanc,244,50-64,48,54,102
1998,5,Districte V,9,Can Serra,502,16-17,26,17,43
2001,1,Districte I,2,Sanfeliu,129,03-11,38,26,64
2009,5,Districte V,10,Pubilla Cases,511,18-24,18,30,48
2009,5,Districte V,10,Pubilla Cases,537,65-74,74,72,146
1999,1,Districte I,3,Sant Josep,119,12-15,33,29,62
2007,1,Districte I,1,Centre,134,35-49,152,152,304
2004,4,Districte IV,7,la Florida,428,50-64,36,34,70
1998,3,Districte III,6,Santa Eulàlia,310,75 i +,21,15,36
2009,5,Districte V,10,Pubilla Cases,537,03-11,46,35,81
1999,5,Districte V,9,Can Serra,503,18-24,66,75,141
1994,5,Districte V,9,Can Serra,504,75 i +,48,29,77
2004,4,Districte IV,8,les Planes,419,18-24,41,37,78
2015,5,Districte V,9,Can Serra,504,18-24,27,22,49
2012,2,Districte II,4,la Torrassa,218,50-64,75,68,143
2005,4,Districte IV,8,les Planes,435,25-34,97,125,222
2000,1,Districte I,2,Sanfeliu,118,35-49,237,191,428
1997,5,Districte V,10,Pubilla Cases,532,25-34,108,106,214
1994,3,Districte III,6,Santa Eulàlia,317,65-74,55,45,100
2016,2,Districte II,5,Collblanc,207,25-34,164,125,289
1998,2,Districte II,5,Collblanc,203,65-74,57,46,103
1998,2,Districte II,5,Collblanc,216,16-17,11,10,21
2001,1,Districte I,1,Centre,128,25-34,123,112,235
2007,4,Districte IV,7,la Florida,404,75 i +,73,39,112
2004,2,Districte II,5,Collblanc,227,50-64,69,57,126
2003,4,Districte IV,7,la Florida,416,35-49,67,82,149
2014,3,Districte III,13,Granvia Sud,320,50-64,104,112,216
1999,2,Districte II,4,la Torrassa,245,50-64,80,72,152
2013,2,Districte II,4,la Torrassa,211,25-34,114,122,236
2008,4,Districte IV,7,la Florida,430,00-02,17,25,42
2002,1,Districte I,1,Centre,135,00-02,17,16,33
1995,4,Districte IV,7,la Florida,402,75 i +,42,23,65
2005,5,Districte V,9,Can Serra,521,16-17,5,8,13
2007,4,Districte IV,7,la Florida,421,16-17,12,11,23
1997,5,Districte V,10,Pubilla Cases,513,18-24,38,47,85
2002,1,Districte I,3,Sant Josep,136,03-11,42,46,88
2016,4,Districte IV,8,les Planes,418,12-15,16,30,46
2013,4,Districte IV,7,la Florida,432,16-17,11,17,28
2007,2,Districte II,5,Collblanc,204,25-34,58,73,131
2015,3,Districte III,6,Santa Eulàlia,310,75 i +,43,21,64
2001,5,Districte V,10,Pubilla Cases,534,00-02,9,8,17
2005,1,Districte I,1,Centre,109,16-17,12,9,21
1998,6,Districte VI,12,Bellvitge,602,18-24,37,27,64
2014,5,Districte V,9,Can Serra,506,16-17,13,13,26
2004,6,Districte VI,12,Bellvitge,623,50-64,221,185,406
2012,5,Districte V,10,Pubilla Cases,511,25-34,64,54,118
2016,1,Districte I,3,Sant Josep,114,50-64,152,127,279
2012,6,Districte VI,11,el Gornal,626,35-49,99,100,199
1994,6,Districte VI,12,Bellvitge,610,18-24,154,171,325
2003,1,Districte I,1,Centre,105,12-15,28,34,62
2009,3,Districte III,6,Santa Eulàlia,322,03-11,60,59,119
2010,5,Districte V,10,Pubilla Cases,537,16-17,11,12,23
1995,5,Districte V,9,Can Serra,535,35-49,155,144,299
1994,4,Districte IV,7,la Florida,427,18-24,60,48,108
2000,6,Districte VI,11,el Gornal,632,12-15,17,22,39
2005,4,Districte IV,7,la Florida,422,18-24,51,64,115
2000,4,Districte IV,7,la Florida,412,00-02,7,6,13
2004,1,Districte I,3,Sant Josep,115,25-34,112,129,241
2001,2,Districte II,5,Collblanc,213,65-74,57,42,99
1996,2,Districte II,4,la Torrassa,242,16-17,10,8,18
1998,2,Districte II,5,Collblanc,223,03-11,38,40,78
1995,4,Districte IV,7,la Florida,403,35-49,118,96,214
2007,3,Districte III,6,Santa Eulàlia,320,18-24,31,29,60
2014,2,Districte II,4,la Torrassa,236,16-17,8,9,17
2002,2,Districte II,4,la Torrassa,230,35-49,70,90,160
2000,2,Districte II,5,Collblanc,224,00-02,4,11,15
2016,5,Districte V,9,Can Serra,502,75 i +,137,76,213
1994,6,Districte VI,12,Bellvitge,627,16-17,38,23,61
1999,5,Districte V,9,Can Serra,504,16-17,11,3,14
2003,1,Districte I,1,Centre,101,03-11,64,59,123
2015,6,Districte VI,12,Bellvitge,606,75 i +,85,69,154
2004,2,Districte II,5,Collblanc,221,25-34,104,110,214
2008,6,Districte VI,12,Bellvitge,619,50-64,146,131,277
2009,4,Districte IV,8,les Planes,437,00-02,15,17,32
2007,2,Districte II,4,la Torrassa,218,12-15,16,10,26
2012,2,Districte II,5,Collblanc,225,50-64,49,34,83
2008,4,Districte IV,8,les Planes,420,50-64,103,88,191
2000,2,Districte II,5,Collblanc,222,18-24,39,58,97
1998,2,Districte II,4,la Torrassa,237,25-34,105,125,230
2015,4,Districte IV,7,la Florida,416,65-74,71,56,127
2012,5,Districte V,9,Can Serra,503,35-49,87,63,150
2014,1,Districte I,3,Sant Josep,136,25-34,82,59,141
2015,5,Districte V,10,Pubilla Cases,534,75 i +,63,48,111
1996,1,Districte I,1,Centre,133,75 i +,39,29,68
2007,3,Districte III,6,Santa Eulàlia,317,75 i +,67,24,91
2004,4,Districte IV,8,les Planes,437,12-15,15,21,36
2003,1,Districte I,2,Sanfeliu,132,65-74,82,89,171
2007,3,Districte III,6,Santa Eulàlia,322,03-11,46,55,101
2001,2,Districte II,4,la Torrassa,237,16-17,11,6,17
2013,2,Districte II,4,la Torrassa,242,16-17,10,10,20
1994,4,Districte IV,8,les Planes,438,50-64,108,112,220
1995,6,Districte VI,12,Bellvitge,612,50-64,169,188,357
1995,4,Districte IV,8,les Planes,401,75 i +,29,13,42
2006,1,Districte I,1,Centre,109,16-17,9,6,15
2015,4,Districte IV,7,la Florida,426,50-64,75,85,160
2002,4,Districte IV,7,la Florida,408,65-74,58,50,108
2012,4,Districte IV,8,les Planes,440,00-02,9,9,18
2001,5,Districte V,9,Can Serra,505,03-11,29,24,53
1998,1,Districte I,3,Sant Josep,120,75 i +,43,23,66
2007,1,Districte I,3,Sant Josep,126,65-74,67,79,146
2006,3,Districte III,6,Santa Eulàlia,311,25-34,114,148,262
1998,2,Districte II,5,Collblanc,213,65-74,59,51,110
2008,4,Districte IV,7,la Florida,406,00-02,21,26,47
1996,2,Districte II,5,Collblanc,222,35-49,79,75,154
2003,6,Districte VI,12,Bellvitge,625,16-17,15,22,37
2007,4,Districte IV,7,la Florida,409,00-02,12,14,26
2002,3,Districte III,6,Santa Eulàlia,302,65-74,54,36,90
1999,4,Districte IV,7,la Florida,402,35-49,60,67,127
2005,2,Districte II,4,la Torrassa,230,03-11,37,47,84
1995,4,Districte IV,8,les Planes,441,65-74,101,86,187
1997,4,Districte IV,7,la Florida,402,18-24,52,51,103
2013,3,Districte III,6,Santa Eulàlia,323,75 i +,62,21,83
1995,1,Districte I,3,Sant Josep,125,00-02,7,10,17
2004,5,Districte V,10,Pubilla Cases,528,12-15,19,12,31
2012,1,Districte I,1,Centre,134,18-24,47,49,96
2015,5,Districte V,10,Pubilla Cases,511,25-34,179,154,333
2006,3,Districte III,6,Santa Eulàlia,313,00-02,28,35,63
2003,6,Districte VI,12,Bellvitge,627,03-11,26,30,56
2014,1,Districte I,3,Sant Josep,117,65-74,120,92,212
2000,6,Districte VI,12,Bellvitge,605,65-74,46,39,85
2013,5,Districte V,10,Pubilla Cases,510,75 i +,66,38,104
2004,6,Districte VI,12,Bellvitge,627,65-74,39,36,75
2012,3,Districte III,6,Santa Eulàlia,310,12-15,12,13,25
2004,5,Districte V,9,Can Serra,521,50-64,172,159,331
1999,6,Districte VI,11,el Gornal,632,75 i +,28,14,42
2004,2,Districte II,4,la Torrassa,234,03-11,31,24,55
2003,5,Districte V,10,Pubilla Cases,529,00-02,13,17,30
1998,1,Districte I,3,Sant Josep,121,75 i +,42,24,66
2005,1,Districte I,2,Sanfeliu,116,25-34,130,143,273
2004,5,Districte V,10,Pubilla Cases,533,35-49,100,130,230
2007,4,Districte IV,7,la Florida,405,35-49,76,101,177
2009,1,Districte I,3,Sant Josep,117,00-02,22,19,41
2002,6,Districte VI,12,Bellvitge,606,50-64,93,69,162
1999,2,Districte II,5,Collblanc,216,16-17,11,14,25
1996,3,Districte III,6,Santa Eulàlia,318,75 i +,9,7,16
2001,1,Districte I,3,Sant Josep,140,75 i +,50,27,77
2012,4,Districte IV,7,la Florida,408,75 i +,42,37,79
2011,3,Districte III,6,Santa Eulàlia,308,65-74,96,84,180
1994,1,Districte I,1,Centre,123,50-64,113,123,236
2004,2,Districte II,5,Collblanc,215,12-15,10,12,22
2004,5,Districte V,10,Pubilla Cases,533,50-64,73,57,130
1995,1,Districte I,1,Centre,101,35-49,132,136,268
2007,5,Districte V,10,Pubilla Cases,537,75 i +,74,42,116
2006,4,Districte IV,8,les Planes,420,25-34,159,162,321
1999,2,Districte II,5,Collblanc,202,65-74,45,45,90
2001,1,Districte I,1,Centre,104,00-02,12,8,20
1996,5,Districte V,10,Pubilla Cases,519,35-49,36,34,70
1998,5,Districte V,10,Pubilla Cases,538,50-64,139,116,255
1999,6,Districte VI,12,Bellvitge,625,03-11,47,50,97
2009,2,Districte II,5,Collblanc,204,75 i +,40,19,59
2004,4,Districte IV,8,les Planes,436,12-15,12,30,42
2006,1,Districte I,3,Sant Josep,114,00-02,20,18,38
1994,4,Districte IV,7,la Florida,415,12-15,20,17,37
2002,6,Districte VI,11,el Gornal,617,16-17,14,11,25
2000,1,Districte I,1,Centre,104,65-74,78,49,127
1997,6,Districte VI,12,Bellvitge,619,35-49,168,149,317
2012,1,Districte I,2,Sanfeliu,132,35-49,228,270,498
2003,4,Districte IV,8,les Planes,434,25-34,39,42,81
2008,6,Districte VI,12,Bellvitge,631,16-17,9,8,17
2012,2,Districte II,4,la Torrassa,211,12-15,21,31,52
2000,3,Districte III,6,Santa Eulàlia,321,50-64,228,241,469
2002,2,Districte II,5,Collblanc,226,12-15,18,19,37
1998,3,Districte III,6,Santa Eulàlia,323,12-15,76,63,139
2009,2,Districte II,4,la Torrassa,235,75 i +,81,55,136
2008,2,Districte II,5,Collblanc,205,18-24,37,40,77
1996,2,Districte II,4,la Torrassa,233,65-74,55,34,89
2011,3,Districte III,6,Santa Eulàlia,321,75 i +,114,74,188
2000,4,Districte IV,7,la Florida,416,18-24,23,31,54
1996,6,Districte VI,12,Bellvitge,624,18-24,130,154,284
1994,3,Districte III,6,Santa Eulàlia,311,12-15,34,33,67
2011,4,Districte IV,8,les Planes,429,18-24,29,33,62
2005,1,Districte I,3,Sant Josep,114,25-34,166,147,313
2008,1,Districte I,2,Sanfeliu,116,25-34,112,123,235
2010,6,Districte VI,12,Bellvitge,630,50-64,115,93,208
2000,2,Districte II,5,Collblanc,201,18-24,22,26,48
2015,1,Districte I,1,Centre,101,50-64,178,171,349
2014,2,Districte II,4,la Torrassa,228,00-02,30,24,54
2002,1,Districte I,1,Centre,133,25-34,91,108,199
1997,4,Districte IV,7,la Florida,432,65-74,66,60,126
2006,5,Districte V,9,Can Serra,535,12-15,17,16,33
1997,4,Districte IV,7,la Florida,403,18-24,61,78,139
2013,5,Districte V,10,Pubilla Cases,523,50-64,98,110,208
2000,1,Districte I,3,Sant Josep,136,18-24,64,69,133
1997,4,Districte IV,7,la Florida,428,03-11,20,14,34
2007,6,Districte VI,12,Bellvitge,623,65-74,74,80,154
1997,5,Districte V,10,Pubilla Cases,529,65-74,78,62,140
1999,1,Districte I,3,Sant Josep,139,03-11,26,37,63
2014,2,Districte II,4,la Torrassa,231,50-64,77,76,153
2008,4,Districte IV,8,les Planes,418,00-02,24,15,39
2005,1,Districte I,1,Centre,108,00-02,6,15,21
2015,6,Districte VI,11,el Gornal,632,16-17,13,8,21
1995,1,Districte I,3,Sant Josep,120,18-24,91,92,183
1997,5,Districte V,10,Pubilla Cases,532,16-17,12,12,24
1996,1,Districte I,1,Centre,130,65-74,76,64,140
1996,3,Districte III,6,Santa Eulàlia,312,50-64,125,133,258
2008,2,Districte II,5,Collblanc,214,18-24,33,47,80
2004,2,Districte II,5,Collblanc,205,25-34,62,70,132
2003,4,Districte IV,8,les Planes,435,18-24,43,52,95
1996,1,Districte I,3,Sant Josep,125,35-49,165,136,301
1998,1,Districte I,1,Centre,107,00-02,13,20,33
2001,2,Districte II,4,la Torrassa,238,35-49,72,76,148
2006,2,Districte II,4,la Torrassa,218,35-49,85,87,172
2011,5,Districte V,10,Pubilla Cases,513,16-17,3,3,6
2013,3,Districte III,6,Santa Eulàlia,302,65-74,90,112,202
2007,1,Districte I,1,Centre,102,50-64,186,160,346
2010,1,Districte I,1,Centre,105,35-49,144,124,268
2009,2,Districte II,4,la Torrassa,234,65-74,47,33,80
2002,2,Districte II,5,Collblanc,214,35-49,57,63,120
2003,5,Districte V,10,Pubilla Cases,532,03-11,52,40,92
1999,2,Districte II,4,la Torrassa,239,03-11,20,30,50
2014,5,Districte V,9,Can Serra,502,12-15,29,23,52
1999,2,Districte II,4,la Torrassa,248,03-11,36,39,75
1995,2,Districte II,5,Collblanc,210,65-74,90,77,167
1995,2,Districte II,4,la Torrassa,241,12-15,11,7,18
1997,3,Districte III,6,Santa Eulàlia,317,35-49,69,84,153
2008,4,Districte IV,8,les Planes,440,25-34,78,84,162
1997,5,Districte V,10,Pubilla Cases,510,12-15,15,20,35
2005,4,Districte IV,8,les Planes,435,50-64,74,69,143
2003,4,Districte IV,7,la Florida,408,03-11,25,32,57
2015,5,Districte V,10,Pubilla Cases,520,35-49,96,95,191
2015,1,Districte I,1,Centre,134,00-02,20,20,40
2003,2,Districte II,4,la Torrassa,217,65-74,40,31,71
1996,5,Districte V,9,Can Serra,535,18-24,99,119,218
1996,2,Districte II,4,la Torrassa,242,50-64,125,106,231
2008,5,Districte V,10,Pubilla Cases,527,16-17,11,15,26
2007,2,Districte II,5,Collblanc,222,12-15,15,18,33
1996,1,Districte I,1,Centre,105,35-49,176,160,336
1997,4,Districte IV,7,la Florida,422,00-02,6,8,14
2010,6,Districte VI,12,Bellvitge,603,65-74,49,44,93
2000,4,Districte IV,7,la Florida,423,16-17,7,4,11
2001,1,Districte I,2,Sanfeliu,132,16-17,23,31,54
2008,3,Districte III,6,Santa Eulàlia,317,35-49,130,140,270
2002,3,Districte III,6,Santa Eulàlia,322,50-64,94,90,184
2003,2,Districte II,5,Collblanc,201,00-02,4,9,13
2012,2,Districte II,4,la Torrassa,241,00-02,10,8,18
2000,6,Districte VI,12,Bellvitge,618,25-34,55,72,127
1996,4,Districte IV,7,la Florida,411,12-15,27,13,40
2009,1,Districte I,1,Centre,113,12-15,19,30,49
2001,6,Districte VI,12,Bellvitge,607,12-15,14,21,35
2003,1,Districte I,3,Sant Josep,127,50-64,54,46,100
1996,4,Districte IV,7,la Florida,411,16-17,18,17,35
1996,1,Districte I,1,Centre,110,65-74,51,39,90
2000,3,Districte III,6,Santa Eulàlia,319,16-17,8,13,21
2007,2,Districte II,4,la Torrassa,245,50-64,82,70,152
1996,6,Districte VI,12,Bellvitge,606,00-02,11,12,23
2006,4,Districte IV,8,les Planes,419,00-02,9,18,27
2009,5,Districte V,9,Can Serra,505,16-17,8,6,14
2009,6,Districte VI,12,Bellvitge,613,25-34,80,105,185
2002,2,Districte II,5,Collblanc,227,18-24,35,25,60
2008,4,Districte IV,7,la Florida,424,12-15,9,13,22
2006,2,Districte II,5,Collblanc,222,16-17,8,9,17
2000,6,Districte VI,12,Bellvitge,628,50-64,136,145,281
1994,4,Districte IV,7,la Florida,404,16-17,13,20,33
1997,3,Districte III,6,Santa Eulàlia,304,18-24,54,70,124
2006,1,Districte I,2,Sanfeliu,116,35-49,156,162,318
2006,2,Districte II,5,Collblanc,226,12-15,16,15,31
2006,1,Districte I,1,Centre,124,35-49,88,71,159
2015,5,Districte V,10,Pubilla Cases,528,25-34,82,80,162
2000,6,Districte VI,12,Bellvitge,618,65-74,29,16,45
2010,2,Districte II,5,Collblanc,206,18-24,39,31,70
2008,2,Districte II,4,la Torrassa,218,03-11,26,26,52
2010,2,Districte II,4,la Torrassa,246,75 i +,83,49,132
1999,5,Districte V,10,Pubilla Cases,515,65-74,30,23,53
2000,1,Districte I,3,Sant Josep,126,75 i +,43,23,66
2009,5,Districte V,9,Can Serra,503,75 i +,34,18,52
2010,6,Districte VI,11,el Gornal,629,75 i +,31,21,52
2002,4,Districte IV,8,les Planes,418,65-74,64,52,116
2002,1,Districte I,3,Sant Josep,136,35-49,128,121,249
2012,4,Districte IV,7,la Florida,428,03-11,36,26,62
2004,5,Districte V,10,Pubilla Cases,512,03-11,29,36,65
1996,4,Districte IV,7,la Florida,411,25-34,77,75,152
1996,5,Districte V,10,Pubilla Cases,520,65-74,46,47,93
2003,6,Districte VI,12,Bellvitge,605,75 i +,28,20,48
2014,3,Districte III,6,Santa Eulàlia,313,16-17,16,16,32
2014,3,Districte III,6,Santa Eulàlia,304,16-17,48,17,65
2006,2,Districte II,5,Collblanc,214,00-02,15,11,26
2009,4,Districte IV,7,la Florida,404,50-64,103,94,197
2016,4,Districte IV,7,la Florida,410,00-02,13,19,32
2010,4,Districte IV,7,la Florida,421,12-15,24,17,41
1995,2,Districte II,4,la Torrassa,233,65-74,51,39,90
2015,3,Districte III,6,Santa Eulàlia,317,00-02,12,18,30
1999,2,Districte II,4,la Torrassa,229,35-49,55,52,107
2009,3,Districte III,6,Santa Eulàlia,310,00-02,13,14,27
1996,2,Districte II,5,Collblanc,205,75 i +,32,15,47
2015,1,Districte I,1,Centre,111,12-15,13,18,31
1996,5,Districte V,10,Pubilla Cases,525,12-15,15,26,41
2000,5,Districte V,10,Pubilla Cases,531,16-17,4,10,14
1995,4,Districte IV,7,la Florida,421,00-02,9,8,17
2004,2,Districte II,5,Collblanc,226,00-02,10,12,22
2011,6,Districte VI,12,Bellvitge,620,18-24,26,28,54
2014,5,Districte V,10,Pubilla Cases,530,16-17,9,11,20
1999,2,Districte II,4,la Torrassa,239,12-15,10,22,32
2016,5,Districte V,9,Can Serra,501,18-24,25,34,59
2007,6,Districte VI,11,el Gornal,632,50-64,89,73,162
1994,1,Districte I,3,Sant Josep,114,35-49,217,199,416
1996,2,Districte II,4,la Torrassa,211,25-34,108,107,215
2005,2,Districte II,5,Collblanc,213,03-11,24,45,69
2015,4,Districte IV,8,les Planes,437,65-74,86,64,150
2014,6,Districte VI,12,Bellvitge,618,03-11,53,49,102
2015,5,Districte V,9,Can Serra,503,65-74,48,65,113
2007,3,Districte III,6,Santa Eulàlia,311,35-49,148,175,323
1995,1,Districte I,1,Centre,107,16-17,36,37,73
1997,1,Districte I,1,Centre,131,03-11,62,59,121
2016,3,Districte III,13,Granvia Sud,312,75 i +,89,67,156
1999,4,Districte IV,8,les Planes,442,75 i +,31,16,47
2012,1,Districte I,1,Centre,135,75 i +,71,56,127
1995,4,Districte IV,7,la Florida,409,75 i +,19,9,28
1999,5,Districte V,10,Pubilla Cases,516,12-15,8,2,10
1999,4,Districte IV,7,la Florida,408,25-34,75,84,159
2006,2,Districte II,4,la Torrassa,236,03-11,36,30,66
2016,5,Districte V,10,Pubilla Cases,538,12-15,26,36,62
2005,6,Districte VI,12,Bellvitge,630,12-15,16,14,30
2007,6,Districte VI,12,Bellvitge,625,12-15,14,23,37
2005,2,Districte II,5,Collblanc,202,35-49,94,96,190
2002,5,Districte V,10,Pubilla Cases,532,12-15,20,17,37
2000,5,Districte V,10,Pubilla Cases,522,35-49,78,69,147
2001,3,Districte III,6,Santa Eulàlia,308,12-15,22,23,45
2011,6,Districte VI,12,Bellvitge,620,16-17,3,4,7
1996,4,Districte IV,7,la Florida,410,18-24,124,122,246
2010,2,Districte II,5,Collblanc,209,12-15,15,14,29
1998,4,Districte IV,7,la Florida,427,00-02,3,4,7
2002,6,Districte VI,12,Bellvitge,609,65-74,44,43,87
2009,5,Districte V,10,Pubilla Cases,515,35-49,79,109,188
2004,1,Districte I,1,Centre,133,00-02,12,16,28
2008,1,Districte I,1,Centre,104,12-15,11,14,25
2013,2,Districte II,4,la Torrassa,246,00-02,14,15,29
2004,3,Districte III,6,Santa Eulàlia,302,75 i +,48,31,79
2000,6,Districte VI,12,Bellvitge,618,75 i +,18,16,34
2001,1,Districte I,3,Sant Josep,121,65-74,92,73,165
2015,2,Districte II,4,la Torrassa,211,35-49,185,196,381
2007,3,Districte III,6,Santa Eulàlia,310,00-02,18,15,33
2010,4,Districte IV,7,la Florida,413,03-11,21,28,49
2002,2,Districte II,4,la Torrassa,237,18-24,49,48,97
1997,1,Districte I,1,Centre,104,00-02,12,6,18
2016,1,Districte I,1,Centre,130,12-15,20,13,33
2011,5,Districte V,10,Pubilla Cases,537,35-49,145,124,269
2004,5,Districte V,10,Pubilla Cases,532,00-02,20,24,44
2009,3,Districte III,6,Santa Eulàlia,310,35-49,112,119,231
1994,4,Districte IV,7,la Florida,421,12-15,34,30,64
2003,2,Districte II,4,la Torrassa,242,18-24,40,49,89
2016,2,Districte II,5,Collblanc,213,12-15,15,19,34
2005,3,Districte III,6,Santa Eulàlia,308,03-11,87,100,187
1996,3,Districte III,6,Santa Eulàlia,324,16-17,10,9,19
2010,4,Districte IV,8,les Planes,440,35-49,114,118,232
1995,6,Districte VI,12,Bellvitge,602,16-17,6,5,11
2014,2,Districte II,4,la Torrassa,234,03-11,38,33,71
2012,1,Districte I,1,Centre,107,65-74,98,92,190
2000,4,Districte IV,8,les Planes,420,65-74,83,64,147
1995,4,Districte IV,7,la Florida,412,12-15,52,56,108
2016,2,Districte II,4,la Torrassa,231,50-64,92,94,186
2004,1,Districte I,1,Centre,112,50-64,159,156,315
2003,2,Districte II,5,Collblanc,225,18-24,19,32,51
1998,1,Districte I,1,Centre,104,35-49,71,58,129
2005,5,Districte V,10,Pubilla Cases,533,65-74,76,56,132
2000,1,Districte I,1,Centre,131,25-34,128,141,269
1998,2,Districte II,5,Collblanc,209,50-64,93,86,179
1997,1,Districte I,1,Centre,110,18-24,113,105,218
2002,4,Districte IV,8,les Planes,435,03-11,31,35,66
2016,1,Districte I,1,Centre,111,75 i +,64,41,105
2006,5,Districte V,9,Can Serra,507,12-15,11,11,22
2002,6,Districte VI,12,Bellvitge,623,03-11,42,52,94
2011,6,Districte VI,12,Bellvitge,603,16-17,4,6,10
1996,3,Districte III,6,Santa Eulàlia,317,16-17,7,9,16
2007,6,Districte VI,12,Bellvitge,621,03-11,48,66,114
2006,4,Districte IV,7,la Florida,410,16-17,10,12,22
1996,5,Districte V,9,Can Serra,507,03-11,41,36,77
2001,4,Districte IV,7,la Florida,409,18-24,36,40,76
2013,1,Districte I,1,Centre,111,12-15,11,23,34
1997,5,Districte V,10,Pubilla Cases,511,50-64,71,66,137
2012,6,Districte VI,12,Bellvitge,607,75 i +,76,66,142
1994,6,Districte VI,12,Bellvitge,627,65-74,34,19,53
2015,6,Districte VI,12,Bellvitge,618,65-74,104,78,182
2008,1,Districte I,3,Sant Josep,137,16-17,11,10,21
1997,5,Districte V,9,Can Serra,507,35-49,90,74,164
2010,4,Districte IV,7,la Florida,403,65-74,89,80,169
2001,6,Districte VI,12,Bellvitge,602,18-24,30,21,51
2015,1,Districte I,1,Centre,128,75 i +,57,46,103
2009,2,Districte II,5,Collblanc,226,16-17,10,6,16
2007,5,Districte V,9,Can Serra,502,12-15,21,22,43
2009,3,Districte III,6,Santa Eulàlia,319,12-15,26,27,53
2008,3,Districte III,6,Santa Eulàlia,321,35-49,268,246,514
2000,1,Districte I,1,Centre,130,18-24,36,38,74
2008,5,Districte V,10,Pubilla Cases,533,35-49,123,149,272
2014,1,Districte I,1,Centre,130,35-49,145,129,274
2010,5,Districte V,10,Pubilla Cases,524,03-11,54,52,106
2011,2,Districte II,5,Collblanc,208,65-74,111,88,199
2010,1,Districte I,3,Sant Josep,115,00-02,23,28,51
2005,2,Districte II,5,Collblanc,208,75 i +,135,85,220
2014,3,Districte III,6,Santa Eulàlia,305,50-64,189,180,369
2001,1,Districte I,1,Centre,131,16-17,9,12,21
2004,4,Districte IV,8,les Planes,437,00-02,16,16,32
1995,1,Districte I,3,Sant Josep,114,16-17,33,32,65
1994,5,Districte V,10,Pubilla Cases,514,65-74,34,27,61
2000,1,Districte I,1,Centre,135,12-15,32,30,62
2003,4,Districte IV,7,la Florida,414,50-64,69,68,137
2006,1,Districte I,1,Centre,131,00-02,12,21,33
2000,4,Districte IV,7,la Florida,427,12-15,7,7,14
2010,4,Districte IV,7,la Florida,403,18-24,41,44,85
2007,2,Districte II,4,la Torrassa,248,50-64,87,86,173
2015,6,Districte VI,11,el Gornal,632,12-15,29,16,45
1994,5,Districte V,10,Pubilla Cases,515,16-17,8,11,19
1994,1,Districte I,3,Sant Josep,127,18-24,22,35,57
1994,4,Districte IV,7,la Florida,416,25-34,61,70,131
2012,6,Districte VI,12,Bellvitge,607,00-02,9,15,24
2015,4,Districte IV,7,la Florida,403,35-49,120,137,257
2011,2,Districte II,5,Collblanc,205,65-74,49,36,85
2012,5,Districte V,10,Pubilla Cases,538,12-15,19,23,42
2013,4,Districte IV,7,la Florida,405,03-11,80,83,163
1996,5,Districte V,10,Pubilla Cases,513,16-17,10,14,24
2009,6,Districte VI,12,Bellvitge,611,03-11,76,83,159
2005,5,Districte V,10,Pubilla Cases,528,03-11,64,39,103
2013,5,Districte V,10,Pubilla Cases,537,12-15,18,23,41
2014,4,Districte IV,8,les Planes,419,16-17,13,26,39
1999,6,Districte VI,12,Bellvitge,615,18-24,64,65,129
1995,1,Districte I,1,Centre,105,35-49,173,159,332
2009,1,Districte I,3,Sant Josep,139,25-34,81,114,195
2012,2,Districte II,4,la Torrassa,231,16-17,11,14,25
2002,2,Districte II,5,Collblanc,225,03-11,6,13,19
1999,1,Districte I,1,Centre,135,00-02,17,19,36
2000,4,Districte IV,7,la Florida,402,35-49,63,65,128
2015,6,Districte VI,12,Bellvitge,610,16-17,7,9,16
2004,2,Districte II,5,Collblanc,224,00-02,10,6,16
2006,4,Districte IV,7,la Florida,427,25-34,115,130,245
2002,2,Districte II,5,Collblanc,205,25-34,60,69,129
1994,4,Districte IV,7,la Florida,432,75 i +,24,14,38
2005,2,Districte II,5,Collblanc,225,18-24,27,25,52
2006,4,Districte IV,8,les Planes,439,18-24,58,75,133
1994,6,Districte VI,11,el Gornal,608,00-02,14,12,26
2005,4,Districte IV,7,la Florida,405,03-11,29,26,55
2010,4,Districte IV,7,la Florida,423,35-49,108,137,245
2014,3,Districte III,6,Santa Eulàlia,303,35-49,191,205,396
2014,2,Districte II,4,la Torrassa,247,50-64,115,106,221
2009,6,Districte VI,12,Bellvitge,605,00-02,8,13,21
2002,1,Districte I,1,Centre,108,75 i +,87,48,135
1998,2,Districte II,5,Collblanc,205,16-17,6,9,15
2003,2,Districte II,4,la Torrassa,228,12-15,8,10,18
2002,2,Districte II,4,la Torrassa,236,03-11,35,24,59
2006,4,Districte IV,7,la Florida,428,12-15,9,17,26
1997,1,Districte I,1,Centre,112,03-11,66,64,130
2000,5,Districte V,10,Pubilla Cases,536,75 i +,37,33,70
2006,1,Districte I,1,Centre,102,50-64,189,169,358
1994,1,Districte I,1,Centre,102,25-34,115,143,258
2008,2,Districte II,4,la Torrassa,247,75 i +,75,47,122
2000,1,Districte I,3,Sant Josep,125,65-74,51,48,99
2011,5,Districte V,10,Pubilla Cases,526,18-24,26,33,59
2005,2,Districte II,5,Collblanc,225,35-49,53,59,112
1998,2,Districte II,4,la Torrassa,241,25-34,58,53,111
1994,2,Districte II,5,Collblanc,216,35-49,134,122,256
2012,6,Districte VI,12,Bellvitge,628,18-24,26,27,53
1998,4,Districte IV,7,la Florida,415,50-64,54,54,108
2004,5,Districte V,10,Pubilla Cases,520,35-49,82,77,159
2007,3,Districte III,6,Santa Eulàlia,323,03-11,145,125,270
2010,6,Districte VI,12,Bellvitge,618,65-74,41,46,87
1995,4,Districte IV,7,la Florida,422,00-02,6,7,13
2010,1,Districte I,1,Centre,105,16-17,10,11,21
2003,5,Districte V,10,Pubilla Cases,533,25-34,98,113,211
2013,5,Districte V,10,Pubilla Cases,511,50-64,162,131,293
2004,2,Districte II,5,Collblanc,224,35-49,86,85,171
2002,2,Districte II,4,la Torrassa,242,03-11,31,24,55
2016,3,Districte III,6,Santa Eulàlia,306,75 i +,93,59,152
2004,5,Districte V,10,Pubilla Cases,536,03-11,26,28,54
2005,1,Districte I,1,Centre,107,35-49,177,172,349
1994,2,Districte II,5,Collblanc,210,03-11,19,30,49
2006,1,Districte I,1,Centre,112,25-34,164,149,313
2003,4,Districte IV,7,la Florida,424,03-11,21,18,39
2005,3,Districte III,6,Santa Eulàlia,321,25-34,165,170,335
2014,2,Districte II,4,la Torrassa,217,03-11,45,60,105
2000,1,Districte I,3,Sant Josep,119,18-24,96,93,189
2009,1,Districte I,1,Centre,104,65-74,53,37,90
2001,5,Districte V,10,Pubilla Cases,538,18-24,50,48,98
2010,6,Districte VI,12,Bellvitge,619,00-02,16,18,34
2011,1,Districte I,1,Centre,113,18-24,63,68,131
2002,4,Districte IV,7,la Florida,403,03-11,21,23,44
2001,6,Districte VI,12,Bellvitge,631,75 i +,30,16,46
2009,4,Districte IV,7,la Florida,407,50-64,80,72,152
1998,3,Districte III,6,Santa Eulàlia,317,16-17,4,9,13
2010,6,Districte VI,12,Bellvitge,609,35-49,96,95,191
2000,2,Districte II,5,Collblanc,212,75 i +,70,37,107
2016,4,Districte IV,8,les Planes,441,65-74,127,108,235
2003,2,Districte II,5,Collblanc,201,16-17,5,11,16
2003,1,Districte I,1,Centre,108,25-34,99,100,199
1994,4,Districte IV,7,la Florida,432,03-11,45,54,99
2004,6,Districte VI,11,el Gornal,629,03-11,17,20,37
1995,4,Districte IV,7,la Florida,407,65-74,79,72,151
2008,2,Districte II,5,Collblanc,208,18-24,61,59,120
2016,3,Districte III,6,Santa Eulàlia,326,00-02,44,54,98
2009,1,Districte I,3,Sant Josep,120,03-11,63,93,156
1999,3,Districte III,6,Santa Eulàlia,316,03-11,100,110,210
2007,4,Districte IV,7,la Florida,413,12-15,19,13,32
2014,2,Districte II,4,la Torrassa,232,50-64,90,73,163
2002,5,Districte V,9,Can Serra,535,18-24,58,69,127
2001,1,Districte I,1,Centre,105,65-74,44,38,82
2008,4,Districte IV,7,la Florida,422,00-02,23,20,43
2006,1,Districte I,1,Centre,124,25-34,75,65,140
1999,4,Districte IV,8,les Planes,429,65-74,50,32,82
2006,6,Districte VI,12,Bellvitge,613,18-24,34,30,64
2002,4,Districte IV,7,la Florida,409,18-24,43,42,85
2007,3,Districte III,6,Santa Eulàlia,313,03-11,80,88,168
2016,3,Districte III,6,Santa Eulàlia,327,75 i +,32,21,53
2000,2,Districte II,4,la Torrassa,231,65-74,80,70,150
2014,1,Districte I,1,Centre,135,50-64,165,142,307
2010,1,Districte I,1,Centre,111,12-15,10,18,28
2007,2,Districte II,5,Collblanc,215,35-49,129,129,258
2015,5,Districte V,9,Can Serra,521,50-64,90,72,162
2016,4,Districte IV,7,la Florida,431,03-11,95,89,184
1998,1,Districte I,3,Sant Josep,115,00-02,13,15,28
1994,3,Districte III,6,Santa Eulàlia,315,16-17,30,22,52
2003,3,Districte III,6,Santa Eulàlia,302,65-74,57,41,98
1998,1,Districte I,1,Centre,105,16-17,17,22,39
2000,6,Districte VI,11,el Gornal,617,16-17,15,12,27
2014,5,Districte V,9,Can Serra,505,18-24,25,22,47
2015,3,Districte III,6,Santa Eulàlia,303,25-34,104,99,203
1997,3,Districte III,6,Santa Eulàlia,325,12-15,35,28,63
2005,4,Districte IV,7,la Florida,422,16-17,13,11,24
2012,6,Districte VI,12,Bellvitge,630,25-34,60,73,133
1998,4,Districte IV,8,les Planes,433,75 i +,43,18,61
2009,4,Districte IV,7,la Florida,423,12-15,10,17,27
2004,5,Districte V,10,Pubilla Cases,514,25-34,73,81,154
1994,2,Districte II,4,la Torrassa,238,50-64,74,68,142
1996,6,Districte VI,11,el Gornal,616,00-02,14,11,25
1999,3,Districte III,6,Santa Eulàlia,311,12-15,12,13,25
2015,1,Districte I,1,Centre,112,50-64,172,163,335
2004,4,Districte IV,7,la Florida,403,25-34,71,90,161
2007,3,Districte III,6,Santa Eulàlia,325,12-15,34,27,61
1996,1,Districte I,1,Centre,133,50-64,84,77,161
2012,4,Districte IV,7,la Florida,421,00-02,18,22,40
2004,6,Districte VI,12,Bellvitge,620,18-24,32,25,57
2016,6,Districte VI,12,Bellvitge,613,50-64,67,72,139
1995,2,Districte II,5,Collblanc,210,00-02,8,5,13
2005,2,Districte II,5,Collblanc,201,50-64,66,44,110
2009,3,Districte III,6,Santa Eulàlia,309,50-64,82,74,156
1999,2,Districte II,5,Collblanc,244,25-34,58,52,110
2000,2,Districte II,5,Collblanc,206,00-02,5,4,9
2014,6,Districte VI,12,Bellvitge,605,03-11,77,79,156
1995,2,Districte II,5,Collblanc,225,65-74,56,38,94
1996,6,Districte VI,12,Bellvitge,630,12-15,37,35,72
2005,2,Districte II,4,la Torrassa,231,25-34,109,129,238
2001,2,Districte II,4,la Torrassa,229,25-34,44,71,115
2008,3,Districte III,6,Santa Eulàlia,315,50-64,151,160,311
2001,2,Districte II,4,la Torrassa,242,35-49,101,98,199
2011,4,Districte IV,7,la Florida,410,35-49,177,166,343
2007,1,Districte I,1,Centre,107,50-64,172,148,320
1996,4,Districte IV,7,la Florida,430,00-02,8,11,19
2002,4,Districte IV,7,la Florida,410,03-11,42,53,95
2007,2,Districte II,5,Collblanc,216,00-02,21,11,32
1996,5,Districte V,9,Can Serra,502,18-24,93,129,222
2001,2,Districte II,4,la Torrassa,233,75 i +,70,23,93
1996,5,Districte V,10,Pubilla Cases,529,50-64,142,145,287
2009,6,Districte VI,12,Bellvitge,604,50-64,60,51,111
2007,2,Districte II,5,Collblanc,202,75 i +,36,31,67
1994,6,Districte VI,12,Bellvitge,609,50-64,91,133,224
2008,2,Districte II,4,la Torrassa,217,50-64,40,49,89
2002,6,Districte VI,11,el Gornal,617,03-11,33,43,76
2002,2,Districte II,4,la Torrassa,231,12-15,17,12,29
2012,2,Districte II,4,la Torrassa,243,35-49,217,209,426
2006,4,Districte IV,8,les Planes,401,00-02,15,14,29
2016,6,Districte VI,11,el Gornal,622,75 i +,36,18,54
2016,4,Districte IV,7,la Florida,403,16-17,10,9,19
2004,4,Districte IV,7,la Florida,408,00-02,8,12,20
1994,2,Districte II,4,la Torrassa,238,12-15,12,14,26
2001,5,Districte V,9,Can Serra,535,00-02,4,9,13
1997,2,Districte II,4,la Torrassa,249,25-34,86,89,175
2007,4,Districte IV,8,les Planes,435,25-34,115,147,262
1994,5,Districte V,9,Can Serra,502,35-49,170,160,330
1996,1,Districte I,2,Sanfeliu,116,00-02,22,13,35
2008,3,Districte III,6,Santa Eulàlia,308,12-15,35,36,71
2007,6,Districte VI,12,Bellvitge,630,12-15,6,9,15
2010,2,Districte II,5,Collblanc,205,16-17,9,5,14
2014,5,Districte V,10,Pubilla Cases,529,25-34,81,84,165
1998,2,Districte II,5,Collblanc,225,35-49,43,38,81
1995,2,Districte II,4,la Torrassa,241,03-11,23,13,36
2008,6,Districte VI,12,Bellvitge,611,65-74,116,128,244
2013,3,Districte III,6,Santa Eulàlia,302,00-02,24,24,48
2007,1,Districte I,1,Centre,107,03-11,64,72,136
2011,1,Districte I,1,Centre,111,50-64,101,60,161
2005,4,Districte IV,7,la Florida,406,18-24,67,48,115
2003,5,Districte V,10,Pubilla Cases,523,03-11,29,40,69
1999,4,Districte IV,8,les Planes,429,00-02,0,4,4
2012,3,Districte III,6,Santa Eulàlia,302,65-74,78,100,178
1999,6,Districte VI,12,Bellvitge,603,03-11,23,26,49
2008,5,Districte V,10,Pubilla Cases,515,75 i +,32,12,44
2005,6,Districte VI,12,Bellvitge,606,00-02,17,11,28
1996,4,Districte IV,7,la Florida,427,25-34,72,70,142
2007,5,Districte V,10,Pubilla Cases,512,16-17,9,8,17
2016,5,Districte V,10,Pubilla Cases,534,25-34,85,63,148
1996,5,Districte V,10,Pubilla Cases,536,25-34,88,81,169
2003,5,Districte V,10,Pubilla Cases,519,03-11,25,34,59
2013,6,Districte VI,12,Bellvitge,607,25-34,63,67,130
2006,5,Districte V,10,Pubilla Cases,537,75 i +,74,44,118
2006,3,Districte III,6,Santa Eulàlia,302,16-17,12,7,19
2004,2,Districte II,5,Collblanc,244,25-34,78,63,141
2002,3,Districte III,6,Santa Eulàlia,324,16-17,10,15,25
2001,1,Districte I,1,Centre,110,35-49,136,116,252
2008,3,Districte III,6,Santa Eulàlia,309,25-34,107,109,216
2014,1,Districte I,3,Sant Josep,114,00-02,20,16,36
2005,6,Districte VI,11,el Gornal,616,00-02,39,46,85
2001,2,Districte II,4,la Torrassa,246,18-24,41,34,75
2006,3,Districte III,6,Santa Eulàlia,301,18-24,77,85,162
1994,2,Districte II,4,la Torrassa,238,25-34,56,56,112
2008,1,Districte I,1,Centre,130,65-74,77,56,133
2012,4,Districte IV,8,les Planes,420,16-17,10,19,29
2016,2,Districte II,4,la Torrassa,249,12-15,21,15,36
2014,4,Districte IV,8,les Planes,419,12-15,39,33,72
1998,6,Districte VI,12,Bellvitge,618,18-24,54,46,100
2014,2,Districte II,5,Collblanc,208,18-24,52,53,105
2003,3,Districte III,6,Santa Eulàlia,321,16-17,20,29,49
1999,5,Districte V,9,Can Serra,535,25-34,65,100,165
2016,4,Districte IV,8,les Planes,441,35-49,221,239,460
2000,5,Districte V,10,Pubilla Cases,519,35-49,41,45,86
2014,4,Districte IV,7,la Florida,432,18-24,39,37,76
2015,3,Districte III,6,Santa Eulàlia,306,00-02,22,29,51
2009,4,Districte IV,7,la Florida,417,35-49,92,85,177
1995,1,Districte I,1,Centre,101,03-11,66,66,132
1998,2,Districte II,5,Collblanc,202,25-34,56,79,135
1996,1,Districte I,1,Centre,123,12-15,27,31,58
2013,1,Districte I,1,Centre,124,12-15,11,11,22
1994,3,Districte III,6,Santa Eulàlia,325,65-74,104,96,200
2008,2,Districte II,5,Collblanc,206,03-11,31,44,75
2010,6,Districte VI,12,Bellvitge,623,50-64,170,126,296
2011,6,Districte VI,12,Bellvitge,625,03-11,37,49,86
2001,4,Districte IV,8,les Planes,418,12-15,14,21,35
2003,1,Districte I,1,Centre,110,18-24,52,59,111
2000,2,Districte II,4,la Torrassa,238,12-15,9,12,21
2016,2,Districte II,5,Collblanc,214,12-15,34,48,82
1999,4,Districte IV,7,la Florida,413,75 i +,37,15,52
1994,1,Districte I,3,Sant Josep,125,50-64,97,117,214
2002,6,Districte VI,12,Bellvitge,613,25-34,144,163,307
2000,2,Districte II,5,Collblanc,208,50-64,186,159,345
1998,3,Districte III,6,Santa Eulàlia,312,50-64,207,182,389
1997,5,Districte V,9,Can Serra,505,16-17,24,14,38
1996,2,Districte II,5,Collblanc,215,75 i +,63,39,102
2004,4,Districte IV,7,la Florida,404,25-34,126,147,273
1996,2,Districte II,5,Collblanc,224,75 i +,37,16,53
2002,4,Districte IV,8,les Planes,441,12-15,55,53,108
1994,5,Districte V,9,Can Serra,507,65-74,37,31,68
2009,4,Districte IV,7,la Florida,426,00-02,12,16,28
1999,2,Districte II,5,Collblanc,244,65-74,48,32,80
1994,1,Districte I,3,Sant Josep,121,03-11,22,23,45
1998,4,Districte IV,8,les Planes,420,18-24,54,71,125
2004,3,Districte III,6,Santa Eulàlia,309,35-49,108,93,201
2007,6,Districte VI,12,Bellvitge,606,18-24,41,51,92
2005,4,Districte IV,8,les Planes,418,65-74,80,61,141
1999,4,Districte IV,8,les Planes,401,12-15,20,33,53
2015,4,Districte IV,7,la Florida,421,35-49,153,159,312
2016,6,Districte VI,11,el Gornal,632,75 i +,58,41,99
2005,6,Districte VI,12,Bellvitge,610,12-15,14,17,31
2005,4,Districte IV,8,les Planes,437,18-24,43,43,86
2003,4,Districte IV,8,les Planes,441,50-64,209,201,410
2009,6,Districte VI,12,Bellvitge,604,16-17,4,7,11
2004,5,Districte V,9,Can Serra,503,25-34,73,78,151
1994,1,Districte I,3,Sant Josep,120,50-64,96,105,201
1998,1,Districte I,1,Centre,131,50-64,129,151,280
2002,1,Districte I,1,Centre,108,03-11,42,44,86
2008,2,Districte II,4,la Torrassa,245,75 i +,76,35,111
2010,1,Districte I,1,Centre,109,50-64,122,118,240
2015,4,Districte IV,7,la Florida,404,25-34,102,89,191
2010,4,Districte IV,7,la Florida,403,12-15,14,20,34
2009,4,Districte IV,7,la Florida,426,50-64,70,67,137
1999,4,Districte IV,7,la Florida,431,16-17,16,17,33
2005,2,Districte II,4,la Torrassa,234,35-49,102,119,221
2005,2,Districte II,5,Collblanc,208,50-64,177,143,320
1997,5,Districte V,10,Pubilla Cases,538,65-74,77,76,153
2002,1,Districte I,2,Sanfeliu,116,35-49,163,151,314
2005,3,Districte III,6,Santa Eulàlia,312,75 i +,64,26,90
2007,3,Districte III,6,Santa Eulàlia,306,18-24,62,64,126
1995,4,Districte IV,7,la Florida,432,75 i +,27,15,42
2009,2,Districte II,5,Collblanc,223,16-17,16,14,30
2016,5,Districte V,10,Pubilla Cases,517,16-17,20,21,41
2006,1,Districte I,1,Centre,128,65-74,51,50,101
2012,3,Districte III,6,Santa Eulàlia,317,16-17,6,12,18
2008,6,Districte VI,11,el Gornal,626,16-17,9,5,14
2001,4,Districte IV,7,la Florida,432,35-49,122,112,234
1999,3,Districte III,6,Santa Eulàlia,302,25-34,125,129,254
1997,4,Districte IV,7,la Florida,408,25-34,76,93,169
1999,2,Districte II,5,Collblanc,209,03-11,17,36,53
1996,2,Districte II,5,Collblanc,213,16-17,17,13,30
1996,2,Districte II,5,Collblanc,227,00-02,7,5,12
2005,3,Districte III,6,Santa Eulàlia,314,18-24,124,126,250
1999,6,Districte VI,11,el Gornal,632,00-02,14,16,30
2014,6,Districte VI,12,Bellvitge,613,35-49,147,155,302
2002,3,Districte III,6,Santa Eulàlia,316,75 i +,63,35,98
2008,4,Districte IV,7,la Florida,417,35-49,85,89,174
2013,3,Districte III,6,Santa Eulàlia,325,25-34,100,105,205
2015,1,Districte I,1,Centre,109,03-11,43,49,92
2004,6,Districte VI,12,Bellvitge,606,75 i +,54,24,78
2002,1,Districte I,1,Centre,109,25-34,83,82,165
2002,1,Districte I,3,Sant Josep,114,75 i +,62,27,89
2002,2,Districte II,4,la Torrassa,211,25-34,128,163,291
2005,1,Districte I,3,Sant Josep,121,03-11,31,38,69
1996,6,Districte VI,12,Bellvitge,614,75 i +,40,16,56
1999,5,Districte V,10,Pubilla Cases,516,50-64,63,56,119
2005,5,Districte V,10,Pubilla Cases,520,25-34,64,79,143
2000,6,Districte VI,12,Bellvitge,625,50-64,130,145,275
1999,5,Districte V,10,Pubilla Cases,515,16-17,3,2,5
1994,2,Districte II,5,Collblanc,212,12-15,23,38,61
2016,2,Districte II,4,la Torrassa,245,12-15,20,27,47
2010,4,Districte IV,8,les Planes,436,16-17,13,12,25
2011,1,Districte I,3,Sant Josep,120,35-49,229,204,433
1998,2,Districte II,5,Collblanc,214,75 i +,38,17,55
2002,4,Districte IV,7,la Florida,408,18-24,33,51,84
1999,5,Districte V,10,Pubilla Cases,516,35-49,46,59,105
1995,4,Districte IV,7,la Florida,430,00-02,12,10,22
2003,6,Districte VI,12,Bellvitge,620,12-15,8,19,27
1997,2,Districte II,4,la Torrassa,246,50-64,91,85,176
2001,4,Districte IV,8,les Planes,436,50-64,62,54,116
2000,2,Districte II,5,Collblanc,223,16-17,6,10,16
2006,1,Districte I,2,Sanfeliu,132,75 i +,69,49,118
1996,2,Districte II,4,la Torrassa,249,35-49,91,92,183
2011,6,Districte VI,12,Bellvitge,627,03-11,30,30,60
2011,5,Districte V,9,Can Serra,507,18-24,33,35,68
2002,6,Districte VI,12,Bellvitge,618,35-49,50,58,108
2003,3,Districte III,6,Santa Eulàlia,304,03-11,44,42,86
1999,5,Districte V,10,Pubilla Cases,509,00-02,7,11,18
2003,6,Districte VI,11,el Gornal,622,12-15,18,17,35
2002,4,Districte IV,7,la Florida,413,50-64,38,40,78
2002,2,Districte II,4,la Torrassa,237,03-11,39,28,67
2002,4,Districte IV,8,les Planes,436,16-17,7,11,18
2014,6,Districte VI,12,Bellvitge,609,75 i +,44,30,74
2003,2,Districte II,4,la Torrassa,232,16-17,10,8,18
2006,3,Districte III,6,Santa Eulàlia,324,00-02,17,12,29
2009,4,Districte IV,7,la Florida,425,50-64,77,72,149
2016,4,Districte IV,8,les Planes,441,18-24,86,62,148
1994,5,Districte V,10,Pubilla Cases,536,16-17,16,12,28
2006,2,Districte II,5,Collblanc,219,65-74,60,53,113
1995,4,Districte IV,8,les Planes,434,18-24,26,21,47
1997,5,Districte V,10,Pubilla Cases,532,03-11,39,34,73
1999,4,Districte IV,7,la Florida,423,18-24,46,44,90
1996,6,Districte VI,11,el Gornal,626,65-74,43,53,96
2010,3,Districte III,6,Santa Eulàlia,319,25-34,163,173,336
2015,4,Districte IV,7,la Florida,430,50-64,76,81,157
1997,2,Districte II,5,Collblanc,203,16-17,7,7,14
2009,4,Districte IV,8,les Planes,419,16-17,8,9,17
2000,3,Districte III,6,Santa Eulàlia,320,16-17,6,6,12
2007,1,Districte I,3,Sant Josep,117,00-02,23,23,46
1999,5,Districte V,9,Can Serra,521,65-74,42,41,83
2014,4,Districte IV,7,la Florida,425,25-34,92,100,192
2014,1,Districte I,3,Sant Josep,136,12-15,26,20,46
2005,4,Districte IV,7,la Florida,412,00-02,18,14,32
2005,5,Districte V,9,Can Serra,506,03-11,67,69,136
2010,5,Districte V,10,Pubilla Cases,508,50-64,42,44,86
2009,6,Districte VI,12,Bellvitge,609,12-15,12,18,30
2016,1,Districte I,1,Centre,107,35-49,186,218,404
2016,3,Districte III,13,Granvia Sud,320,75 i +,60,36,96
2000,1,Districte I,1,Centre,107,50-64,191,186,377
2010,4,Districte IV,8,les Planes,401,18-24,57,60,117
2015,3,Districte III,13,Granvia Sud,312,18-24,64,55,119
2005,4,Districte IV,7,la Florida,425,00-02,9,16,25
1994,5,Districte V,10,Pubilla Cases,514,16-17,11,11,22
1999,1,Districte I,3,Sant Josep,136,03-11,43,38,81
2009,2,Districte II,4,la Torrassa,228,35-49,91,102,193
2016,5,Districte V,9,Can Serra,535,65-74,100,76,176
2014,3,Districte III,6,Santa Eulàlia,301,00-02,43,42,85
2014,2,Districte II,4,la Torrassa,233,75 i +,57,35,92
1994,4,Districte IV,7,la Florida,402,25-34,56,83,139
2007,4,Districte IV,7,la Florida,406,25-34,117,144,261
2010,3,Districte III,6,Santa Eulàlia,319,50-64,142,138,280
1997,5,Districte V,9,Can Serra,535,16-17,13,23,36
1995,1,Districte I,1,Centre,111,75 i +,34,20,54
2004,4,Districte IV,7,la Florida,424,16-17,5,4,9
1998,6,Districte VI,12,Bellvitge,618,50-64,71,85,156
2012,2,Districte II,5,Collblanc,207,65-74,35,23,58
1996,2,Districte II,4,la Torrassa,237,00-02,12,11,23
2005,4,Districte IV,7,la Florida,413,16-17,3,3,6
2015,5,Districte V,9,Can Serra,521,65-74,107,98,205
1996,3,Districte III,6,Santa Eulàlia,316,50-64,112,146,258
1997,2,Districte II,5,Collblanc,227,00-02,5,7,12
1994,4,Districte IV,7,la Florida,413,75 i +,27,13,40
2011,4,Districte IV,7,la Florida,403,12-15,16,19,35
1996,1,Districte I,1,Centre,111,12-15,17,13,30
1994,2,Districte II,5,Collblanc,224,16-17,14,6,20
2011,2,Districte II,4,la Torrassa,228,16-17,6,8,14
1998,3,Districte III,6,Santa Eulàlia,311,75 i +,83,36,119
2009,1,Districte I,1,Centre,131,25-34,115,142,257
2016,2,Districte II,5,Collblanc,207,00-02,29,17,46
2016,3,Districte III,6,Santa Eulàlia,320,00-02,7,6,13
2008,2,Districte II,4,la Torrassa,241,18-24,38,40,78
1994,1,Districte I,3,Sant Josep,106,65-74,43,34,77
1994,2,Districte II,5,Collblanc,224,18-24,20,38,58
2015,1,Districte I,1,Centre,111,65-74,67,51,118
1995,2,Districte II,5,Collblanc,213,18-24,49,65,114
2012,2,Districte II,5,Collblanc,215,75 i +,68,28,96
2013,3,Districte III,6,Santa Eulàlia,322,00-02,26,28,54
2010,2,Districte II,4,la Torrassa,232,03-11,34,38,72
2000,2,Districte II,5,Collblanc,212,65-74,74,74,148
2006,5,Districte V,10,Pubilla Cases,519,25-34,73,101,174
2015,5,Districte V,10,Pubilla Cases,520,75 i +,58,39,97
2002,4,Districte IV,8,les Planes,435,75 i +,92,51,143
1994,3,Districte III,6,Santa Eulàlia,314,00-02,26,34,60
2005,5,Districte V,10,Pubilla Cases,517,35-49,168,179,347
2000,5,Districte V,10,Pubilla Cases,515,50-64,52,55,107
1994,2,Districte II,4,la Torrassa,239,18-24,63,61,124
1999,5,Districte V,9,Can Serra,502,75 i +,68,37,105
2005,5,Districte V,10,Pubilla Cases,523,50-64,113,106,219
2003,2,Districte II,4,la Torrassa,245,12-15,21,20,41
1994,3,Districte III,6,Santa Eulàlia,317,16-17,12,16,28
2010,1,Districte I,1,Centre,113,25-34,151,131,282
1997,1,Districte I,1,Centre,104,03-11,26,22,48
2005,2,Districte II,4,la Torrassa,241,00-02,6,13,19
2010,1,Districte I,1,Centre,102,12-15,24,28,52
2013,4,Districte IV,7,la Florida,425,03-11,43,54,97
1996,4,Districte IV,8,les Planes,435,35-49,72,94,166
2012,6,Districte VI,11,el Gornal,617,18-24,31,32,63
2010,6,Districte VI,11,el Gornal,616,50-64,269,243,512
2007,5,Districte V,10,Pubilla Cases,517,35-49,151,181,332
1998,5,Districte V,10,Pubilla Cases,509,16-17,10,7,17
2010,6,Districte VI,12,Bellvitge,605,35-49,73,75,148
2005,1,Districte I,1,Centre,109,50-64,110,122,232
2011,1,Districte I,2,Sanfeliu,116,00-02,20,19,39
2001,4,Districte IV,8,les Planes,419,03-11,32,36,68
2010,1,Districte I,1,Centre,108,00-02,21,20,41
2005,6,Districte VI,12,Bellvitge,604,35-49,84,97,181
2001,2,Districte II,5,Collblanc,203,25-34,61,60,121
1996,2,Districte II,4,la Torrassa,239,18-24,59,59,118
2009,2,Districte II,5,Collblanc,216,12-15,27,19,46
2006,6,Districte VI,12,Bellvitge,630,50-64,125,103,228
2004,1,Districte I,2,Sanfeliu,116,12-15,21,31,52
2009,2,Districte II,5,Collblanc,213,12-15,17,16,33
2007,2,Districte II,5,Collblanc,215,12-15,19,12,31
1996,3,Districte III,6,Santa Eulàlia,324,75 i +,45,13,58
1996,4,Districte IV,7,la Florida,426,03-11,32,34,66
2015,5,Districte V,9,Can Serra,506,03-11,46,68,114
2012,6,Districte VI,12,Bellvitge,603,03-11,41,40,81
2000,4,Districte IV,7,la Florida,422,50-64,82,79,161
2004,3,Districte III,6,Santa Eulàlia,325,25-34,119,144,263
2003,5,Districte V,10,Pubilla Cases,514,18-24,39,35,74
2014,2,Districte II,5,Collblanc,201,35-49,213,212,425
2003,2,Districte II,5,Collblanc,201,75 i +,45,21,66
2014,2,Districte II,4,la Torrassa,236,50-64,82,68,150
2009,6,Districte VI,11,el Gornal,608,18-24,22,35,57
2006,3,Districte III,6,Santa Eulàlia,306,12-15,30,23,53
2001,4,Districte IV,7,la Florida,426,03-11,26,28,54
1996,1,Districte I,1,Centre,133,25-34,68,77,145
2001,1,Districte I,1,Centre,133,12-15,16,16,32
2014,2,Districte II,5,Collblanc,213,50-64,86,75,161
2011,1,Districte I,1,Centre,133,16-17,4,4,8
2002,2,Districte II,4,la Torrassa,239,50-64,103,69,172
1999,1,Districte I,1,Centre,102,16-17,15,7,22
2003,1,Districte I,1,Centre,130,35-49,95,116,211
2012,3,Districte III,6,Santa Eulàlia,304,25-34,273,236,509
1996,6,Districte VI,12,Bellvitge,607,75 i +,33,11,44
1999,5,Districte V,10,Pubilla Cases,528,18-24,49,67,116
1994,2,Districte II,5,Collblanc,207,50-64,72,59,131
2010,4,Districte IV,8,les Planes,436,12-15,14,15,29
2016,1,Districte I,3,Sant Josep,139,03-11,34,35,69
2016,3,Districte III,6,Santa Eulàlia,302,75 i +,69,51,120
2000,6,Districte VI,12,Bellvitge,631,12-15,17,10,27
2003,3,Districte III,6,Santa Eulàlia,308,03-11,81,99,180
2004,5,Districte V,10,Pubilla Cases,530,16-17,10,12,22
2007,5,Districte V,9,Can Serra,505,50-64,186,132,318
2003,6,Districte VI,11,el Gornal,608,35-49,95,81,176
2000,5,Districte V,10,Pubilla Cases,524,25-34,124,111,235
1998,1,Districte I,1,Centre,109,50-64,91,96,187
2003,5,Districte V,10,Pubilla Cases,513,12-15,11,13,24
2011,1,Districte I,1,Centre,107,12-15,22,28,50
2004,2,Districte II,4,la Torrassa,229,35-49,82,92,174
2006,3,Districte III,6,Santa Eulàlia,317,16-17,11,9,20
2002,2,Districte II,5,Collblanc,223,50-64,101,92,193
2016,5,Districte V,10,Pubilla Cases,518,35-49,157,156,313
1996,1,Districte I,2,Sanfeliu,118,00-02,17,23,40
2008,3,Districte III,6,Santa Eulàlia,324,65-74,35,33,68
1994,1,Districte I,3,Sant Josep,139,50-64,72,80,152
2012,6,Districte VI,12,Bellvitge,618,16-17,6,6,12
2000,6,Districte VI,12,Bellvitge,621,12-15,20,38,58
2006,1,Districte I,3,Sant Josep,120,18-24,79,77,156
1997,5,Districte V,10,Pubilla Cases,525,00-02,10,6,16
2008,3,Districte III,6,Santa Eulàlia,324,50-64,71,67,138
2005,5,Districte V,10,Pubilla Cases,537,35-49,141,131,272
2006,4,Districte IV,7,la Florida,425,25-34,83,72,155
1997,2,Districte II,4,la Torrassa,240,00-02,3,7,10
2001,2,Districte II,5,Collblanc,201,25-34,62,54,116
2014,1,Districte I,3,Sant Josep,121,35-49,112,118,230
2002,1,Districte I,3,Sant Josep,120,50-64,133,148,281
2006,2,Districte II,5,Collblanc,201,16-17,5,5,10
2001,3,Districte III,6,Santa Eulàlia,317,16-17,7,8,15
2007,1,Districte I,1,Centre,135,75 i +,64,38,102
2005,2,Districte II,5,Collblanc,212,25-34,145,159,304
1997,3,Districte III,6,Santa Eulàlia,303,25-34,179,202,381
2012,2,Districte II,5,Collblanc,219,00-02,14,19,33
2006,1,Districte I,1,Centre,109,65-74,46,41,87
2010,1,Districte I,1,Centre,130,50-64,57,57,114
2005,3,Districte III,6,Santa Eulàlia,319,12-15,21,17,38
2010,6,Districte VI,12,Bellvitge,604,00-02,7,12,19
2011,6,Districte VI,12,Bellvitge,609,25-34,60,63,123
2011,5,Districte V,9,Can Serra,535,35-49,89,101,190
2006,2,Districte II,4,la Torrassa,236,12-15,25,18,43
2011,5,Districte V,9,Can Serra,502,00-02,31,27,58
2016,4,Districte IV,7,la Florida,432,50-64,130,104,234
2007,6,Districte VI,12,Bellvitge,628,65-74,53,65,118
2001,6,Districte VI,12,Bellvitge,606,25-34,115,97,212
2012,5,Districte V,9,Can Serra,521,00-02,14,12,26
2016,6,Districte VI,12,Bellvitge,609,00-02,10,10,20
2004,6,Districte VI,12,Bellvitge,604,03-11,27,23,50
2011,6,Districte VI,12,Bellvitge,612,25-34,53,64,117
2013,6,Districte VI,12,Bellvitge,601,25-34,115,124,239
2001,1,Districte I,1,Centre,107,18-24,101,123,224
2007,5,Districte V,10,Pubilla Cases,508,25-34,84,69,153
2001,4,Districte IV,7,la Florida,402,75 i +,41,32,73
1996,1,Districte I,3,Sant Josep,120,00-02,14,13,27
2007,4,Districte IV,7,la Florida,407,18-24,35,42,77
2012,6,Districte VI,11,el Gornal,608,75 i +,58,38,96
2011,6,Districte VI,11,el Gornal,632,12-15,18,19,37
2013,1,Districte I,1,Centre,128,25-34,77,74,151
2012,5,Districte V,10,Pubilla Cases,509,18-24,37,49,86
1996,2,Districte II,5,Collblanc,223,35-49,90,87,177
1998,2,Districte II,4,la Torrassa,237,03-11,38,32,70
2000,6,Districte VI,12,Bellvitge,615,12-15,10,9,19
2007,1,Districte I,3,Sant Josep,136,03-11,40,46,86
1994,4,Districte IV,7,la Florida,402,16-17,8,11,19
1996,5,Districte V,10,Pubilla Cases,516,35-49,45,56,101
2011,5,Districte V,10,Pubilla Cases,514,00-02,14,8,22
2016,5,Districte V,9,Can Serra,503,18-24,28,25,53
2008,4,Districte IV,7,la Florida,423,16-17,3,6,9
2011,3,Districte III,6,Santa Eulàlia,323,75 i +,88,38,126
2006,1,Districte I,1,Centre,113,16-17,20,18,38
2003,1,Districte I,3,Sant Josep,117,00-02,27,30,57
1994,3,Districte III,6,Santa Eulàlia,304,65-74,105,71,176
2013,2,Districte II,4,la Torrassa,246,35-49,153,179,332
2001,4,Districte IV,7,la Florida,422,65-74,78,65,143
2001,2,Districte II,5,Collblanc,215,50-64,75,54,129
2010,2,Districte II,5,Collblanc,202,25-34,104,120,224
2004,3,Districte III,6,Santa Eulàlia,311,00-02,19,22,41
2012,2,Districte II,5,Collblanc,207,16-17,5,8,13
2003,1,Districte I,3,Sant Josep,121,65-74,86,54,140
2001,4,Districte IV,7,la Florida,405,75 i +,38,22,60
1998,2,Districte II,5,Collblanc,212,35-49,102,117,219
1996,3,Districte III,6,Santa Eulàlia,309,75 i +,21,9,30
1994,2,Districte II,4,la Torrassa,247,16-17,14,15,29
2010,1,Districte I,3,Sant Josep,119,35-49,124,141,265
1996,1,Districte I,1,Centre,128,18-24,87,73,160
2006,5,Districte V,10,Pubilla Cases,533,03-11,34,30,64
2016,2,Districte II,4,la Torrassa,233,18-24,41,40,81
2013,3,Districte III,6,Santa Eulàlia,324,12-15,16,25,41
2003,3,Districte III,6,Santa Eulàlia,308,16-17,14,17,31
2002,2,Districte II,4,la Torrassa,247,65-74,74,59,133
2011,1,Districte I,3,Sant Josep,136,35-49,143,166,309
1994,2,Districte II,4,la Torrassa,240,12-15,16,12,28
2006,1,Districte I,3,Sant Josep,138,65-74,37,40,77
1995,3,Districte III,6,Santa Eulàlia,311,50-64,146,146,292
1994,4,Districte IV,7,la Florida,426,12-15,20,26,46
2016,2,Districte II,4,la Torrassa,243,35-49,207,200,407
2000,2,Districte II,4,la Torrassa,246,50-64,79,67,146
1994,1,Districte I,1,Centre,105,35-49,166,165,331
1994,6,Districte VI,11,el Gornal,616,25-34,101,109,210
2000,2,Districte II,5,Collblanc,214,35-49,50,59,109
2004,2,Districte II,4,la Torrassa,229,25-34,75,88,163
2004,6,Districte VI,12,Bellvitge,630,12-15,15,17,32
2005,2,Districte II,5,Collblanc,210,16-17,2,10,12
2009,2,Districte II,4,la Torrassa,228,25-34,78,109,187
1995,6,Districte VI,12,Bellvitge,620,25-34,45,48,93
2012,4,Districte IV,8,les Planes,440,03-11,37,48,85
2002,2,Districte II,4,la Torrassa,242,12-15,12,14,26
2012,4,Districte IV,7,la Florida,409,50-64,55,49,104
2000,2,Districte II,4,la Torrassa,240,12-15,10,14,24
2016,5,Districte V,10,Pubilla Cases,508,50-64,139,125,264
2007,2,Districte II,5,Collblanc,207,75 i +,61,26,87
2007,3,Districte III,6,Santa Eulàlia,319,50-64,148,129,277
1998,2,Districte II,5,Collblanc,204,16-17,2,4,6
2009,3,Districte III,6,Santa Eulàlia,301,25-34,220,214,434
2000,6,Districte VI,12,Bellvitge,630,75 i +,25,11,36
2009,4,Districte IV,8,les Planes,436,00-02,24,22,46
1998,2,Districte II,5,Collblanc,222,18-24,40,51,91
2013,5,Districte V,10,Pubilla Cases,528,25-34,105,88,193
2016,3,Districte III,6,Santa Eulàlia,306,00-02,25,29,54
2010,6,Districte VI,12,Bellvitge,624,16-17,8,9,17
1998,3,Districte III,6,Santa Eulàlia,308,18-24,91,94,185
1994,6,Districte VI,12,Bellvitge,631,25-34,86,79,165
2004,2,Districte II,5,Collblanc,213,16-17,17,9,26
2004,3,Districte III,6,Santa Eulàlia,320,35-49,108,107,215
2007,1,Districte I,1,Centre,103,35-49,82,81,163
2011,3,Districte III,6,Santa Eulàlia,317,75 i +,60,22,82
2016,3,Districte III,6,Santa Eulàlia,313,18-24,64,62,126
2006,2,Districte II,4,la Torrassa,247,12-15,26,18,44
2016,4,Districte IV,8,les Planes,440,16-17,8,3,11
2008,3,Districte III,6,Santa Eulàlia,306,65-74,72,53,125
2006,2,Districte II,4,la Torrassa,242,65-74,80,58,138
1999,1,Districte I,3,Sant Josep,117,25-34,163,159,322
2007,2,Districte II,4,la Torrassa,235,00-02,32,25,57
2013,2,Districte II,4,la Torrassa,211,35-49,187,191,378
2009,4,Districte IV,7,la Florida,403,75 i +,81,51,132
2010,6,Districte VI,11,el Gornal,632,50-64,84,73,157
2016,1,Districte I,1,Centre,128,18-24,26,20,46
2009,1,Districte I,1,Centre,133,75 i +,56,40,96
1998,6,Districte VI,11,el Gornal,616,65-74,46,37,83
1995,4,Districte IV,8,les Planes,441,75 i +,45,28,73
2003,4,Districte IV,8,les Planes,438,00-02,4,14,18
2012,1,Districte I,3,Sant Josep,115,00-02,20,18,38
2009,5,Districte V,10,Pubilla Cases,536,25-34,70,82,152
2006,2,Districte II,5,Collblanc,212,16-17,13,13,26
2008,2,Districte II,5,Collblanc,204,12-15,10,9,19
2004,6,Districte VI,12,Bellvitge,631,65-74,52,52,104
1999,4,Districte IV,8,les Planes,434,12-15,14,8,22
2008,2,Districte II,5,Collblanc,208,00-02,10,17,27
2014,4,Districte IV,8,les Planes,418,00-02,20,18,38
2000,1,Districte I,1,Centre,124,12-15,21,16,37
1994,4,Districte IV,7,la Florida,417,00-02,6,8,14
2006,6,Districte VI,12,Bellvitge,627,18-24,44,63,107
2002,4,Districte IV,7,la Florida,422,00-02,14,8,22
1999,1,Districte I,2,Sanfeliu,118,03-11,79,63,142
2009,2,Districte II,4,la Torrassa,230,35-49,117,157,274
2013,1,Districte I,1,Centre,102,18-24,36,48,84
2016,5,Districte V,9,Can Serra,502,50-64,135,128,263
2001,2,Districte II,4,la Torrassa,247,12-15,21,22,43
2012,2,Districte II,4,la Torrassa,233,00-02,19,15,34
2009,1,Districte I,1,Centre,130,16-17,6,7,13
2008,5,Districte V,10,Pubilla Cases,533,75 i +,41,31,72
2015,1,Districte I,3,Sant Josep,114,03-11,51,64,115
1995,2,Districte II,5,Collblanc,227,65-74,53,42,95
2013,4,Districte IV,7,la Florida,405,12-15,29,34,63
2001,4,Districte IV,7,la Florida,414,25-34,63,69,132
2004,1,Districte I,1,Centre,109,03-11,37,43,80
2004,3,Districte III,6,Santa Eulàlia,316,65-74,43,43,86
1996,2,Districte II,4,la Torrassa,236,12-15,13,16,29
2006,3,Districte III,6,Santa Eulàlia,321,50-64,291,275,566
2001,4,Districte IV,7,la Florida,410,16-17,14,18,32
2005,3,Districte III,6,Santa Eulàlia,320,65-74,32,26,58
2006,4,Districte IV,8,les Planes,440,16-17,2,5,7
2010,6,Districte VI,12,Bellvitge,631,35-49,116,126,242
1994,5,Districte V,9,Can Serra,503,65-74,25,17,42
2007,1,Districte I,1,Centre,133,50-64,99,83,182
2016,1,Districte I,1,Centre,130,16-17,8,7,15
2012,5,Districte V,9,Can Serra,503,18-24,25,29,54
2001,3,Districte III,6,Santa Eulàlia,304,50-64,110,106,216
1998,4,Districte IV,7,la Florida,432,65-74,70,59,129
2016,3,Districte III,6,Santa Eulàlia,325,75 i +,189,95,284
2016,6,Districte VI,12,Bellvitge,612,12-15,14,22,36
2007,3,Districte III,6,Santa Eulàlia,309,03-11,33,56,89
2012,2,Districte II,5,Collblanc,206,12-15,24,11,35
2009,1,Districte I,1,Centre,133,25-34,82,88,170
2003,6,Districte VI,12,Bellvitge,618,35-49,57,56,113
2010,2,Districte II,5,Collblanc,224,00-02,18,14,32
1997,6,Districte VI,12,Bellvitge,623,25-34,121,127,248
2004,4,Districte IV,7,la Florida,402,18-24,35,32,67
2009,4,Districte IV,7,la Florida,421,16-17,8,12,20
2002,3,Districte III,6,Santa Eulàlia,304,75 i +,95,41,136
2005,2,Districte II,4,la Torrassa,242,25-34,93,101,194
2012,6,Districte VI,12,Bellvitge,621,00-02,21,20,41
2002,1,Districte I,3,Sant Josep,137,00-02,19,20,39
1998,2,Districte II,4,la Torrassa,247,16-17,7,8,15
2008,1,Districte I,3,Sant Josep,122,65-74,79,65,144
2013,5,Districte V,9,Can Serra,505,00-02,13,11,24
2013,2,Districte II,5,Collblanc,214,75 i +,125,78,203
2004,6,Districte VI,12,Bellvitge,607,75 i +,35,23,58
2006,4,Districte IV,7,la Florida,426,03-11,41,35,76
2013,3,Districte III,6,Santa Eulàlia,325,00-02,20,23,43
1994,6,Districte VI,11,el Gornal,608,65-74,36,27,63
2002,2,Districte II,5,Collblanc,222,65-74,47,36,83
2004,6,Districte VI,12,Bellvitge,612,00-02,15,11,26
2009,5,Districte V,10,Pubilla Cases,514,50-64,57,53,110
2012,4,Districte IV,7,la Florida,406,12-15,26,21,47
1996,5,Districte V,9,Can Serra,507,75 i +,31,20,51
1995,4,Districte IV,7,la Florida,430,18-24,53,57,110
2012,1,Districte I,3,Sant Josep,119,75 i +,92,54,146
2000,5,Districte V,10,Pubilla Cases,512,03-11,28,21,49
2007,2,Districte II,5,Collblanc,214,50-64,51,39,90
2012,4,Districte IV,8,les Planes,439,03-11,53,70,123
2005,5,Districte V,10,Pubilla Cases,518,50-64,87,61,148
1994,1,Districte I,1,Centre,102,12-15,46,51,97
2009,5,Districte V,9,Can Serra,505,50-64,157,106,263
2003,1,Districte I,1,Centre,104,03-11,36,38,74
2006,6,Districte VI,11,el Gornal,608,16-17,7,8,15
1995,1,Districte I,1,Centre,110,12-15,33,34,67
2007,1,Districte I,3,Sant Josep,127,12-15,10,12,22
2006,3,Districte III,6,Santa Eulàlia,321,16-17,23,30,53
2010,2,Districte II,5,Collblanc,220,50-64,61,59,120
1996,5,Districte V,9,Can Serra,505,35-49,140,98,238
2005,4,Districte IV,8,les Planes,442,00-02,13,5,18
2014,4,Districte IV,7,la Florida,431,12-15,30,36,66
2012,6,Districte VI,12,Bellvitge,630,35-49,79,83,162
2002,5,Districte V,10,Pubilla Cases,510,25-34,81,96,177
2016,4,Districte IV,8,les Planes,420,50-64,191,178,369
2006,1,Districte I,1,Centre,109,75 i +,65,35,100
2010,1,Districte I,1,Centre,103,18-24,21,17,38
1994,4,Districte IV,8,les Planes,437,35-49,70,60,130
1998,4,Districte IV,7,la Florida,409,65-74,35,33,68
1996,2,Districte II,4,la Torrassa,246,18-24,53,46,99
2008,6,Districte VI,12,Bellvitge,618,75 i +,22,12,34
2013,6,Districte VI,12,Bellvitge,615,18-24,20,28,48
2013,2,Districte II,4,la Torrassa,240,35-49,203,204,407
2009,3,Districte III,6,Santa Eulàlia,315,25-34,152,170,322
2009,1,Districte I,1,Centre,113,00-02,24,29,53
2002,5,Districte V,10,Pubilla Cases,527,25-34,93,111,204
2014,5,Districte V,10,Pubilla Cases,531,12-15,14,13,27
2004,4,Districte IV,7,la Florida,431,50-64,121,109,230
2012,1,Districte I,1,Centre,135,25-34,90,110,200
1995,4,Districte IV,8,les Planes,419,35-49,56,63,119
2011,4,Districte IV,8,les Planes,418,25-34,101,113,214
2008,2,Districte II,4,la Torrassa,241,16-17,11,5,16
2008,4,Districte IV,8,les Planes,442,12-15,14,13,27
2012,3,Districte III,6,Santa Eulàlia,308,75 i +,101,67,168
2015,5,Districte V,10,Pubilla Cases,513,75 i +,101,60,161
2004,3,Districte III,6,Santa Eulàlia,312,25-34,184,191,375
2002,2,Districte II,5,Collblanc,214,75 i +,29,17,46
1994,2,Districte II,5,Collblanc,227,35-49,60,52,112
1996,1,Districte I,1,Centre,104,75 i +,54,28,82
2016,2,Districte II,4,la Torrassa,247,18-24,42,46,88
2006,3,Districte III,6,Santa Eulàlia,305,35-49,226,212,438
2006,2,Districte II,5,Collblanc,209,25-34,83,81,164
2005,6,Districte VI,12,Bellvitge,607,35-49,121,118,239
2005,6,Districte VI,12,Bellvitge,606,65-74,77,73,150
1994,2,Districte II,4,la Torrassa,237,18-24,66,96,162
2009,1,Districte I,3,Sant Josep,117,16-17,17,17,34
2011,4,Districte IV,8,les Planes,436,25-34,98,125,223
1998,5,Districte V,9,Can Serra,521,16-17,18,13,31
1997,2,Districte II,5,Collblanc,214,18-24,33,39,72
1997,1,Districte I,1,Centre,109,03-11,45,46,91
2008,4,Districte IV,8,les Planes,442,50-64,52,51,103
1998,3,Districte III,6,Santa Eulàlia,316,50-64,150,182,332
1999,1,Districte I,3,Sant Josep,119,18-24,111,119,230
2000,6,Districte VI,12,Bellvitge,606,00-02,13,13,26
2015,1,Districte I,1,Centre,133,16-17,10,2,12
2002,2,Districte II,4,la Torrassa,231,18-24,44,52,96
2006,2,Districte II,5,Collblanc,224,35-49,79,92,171
2002,2,Districte II,4,la Torrassa,231,25-34,100,82,182
2003,4,Districte IV,7,la Florida,414,00-02,13,13,26
1999,1,Districte I,3,Sant Josep,139,00-02,9,14,23
1995,2,Districte II,4,la Torrassa,230,65-74,66,45,111
2003,2,Districte II,5,Collblanc,225,65-74,35,26,61
2010,3,Districte III,6,Santa Eulàlia,320,75 i +,36,17,53
2005,4,Districte IV,7,la Florida,430,16-17,6,9,15
1997,2,Districte II,5,Collblanc,224,12-15,10,15,25
2011,2,Districte II,5,Collblanc,209,12-15,16,14,30
2008,1,Districte I,1,Centre,135,65-74,77,67,144
1994,6,Districte VI,12,Bellvitge,621,16-17,40,54,94
2000,4,Districte IV,7,la Florida,426,16-17,3,5,8
2010,6,Districte VI,12,Bellvitge,601,18-24,38,47,85
2011,6,Districte VI,12,Bellvitge,601,50-64,117,108,225
1996,4,Districte IV,8,les Planes,436,12-15,12,11,23
2008,3,Districte III,6,Santa Eulàlia,302,00-02,14,20,34
2011,4,Districte IV,8,les Planes,435,75 i +,90,41,131
2005,2,Districte II,5,Collblanc,201,16-17,3,5,8
2011,6,Districte VI,12,Bellvitge,621,18-24,45,36,81
2014,4,Districte IV,8,les Planes,401,03-11,39,51,90
2013,5,Districte V,10,Pubilla Cases,534,18-24,40,33,73
2008,6,Districte VI,12,Bellvitge,623,12-15,22,23,45
1996,6,Districte VI,12,Bellvitge,627,00-02,5,9,14
2008,4,Districte IV,7,la Florida,423,25-34,111,124,235
2009,2,Districte II,5,Collblanc,210,16-17,6,1,7
1995,6,Districte VI,11,el Gornal,626,35-49,118,117,235
2005,6,Districte VI,12,Bellvitge,605,16-17,3,4,7
2014,2,Districte II,4,la Torrassa,248,25-34,90,95,185
2000,3,Districte III,6,Santa Eulàlia,322,12-15,20,20,40
2011,4,Districte IV,8,les Planes,418,12-15,23,34,57
2012,3,Districte III,6,Santa Eulàlia,307,03-11,30,36,66
1999,5,Districte V,10,Pubilla Cases,511,75 i +,33,13,46
2005,5,Districte V,9,Can Serra,503,18-24,39,45,84
2008,2,Districte II,4,la Torrassa,217,18-24,31,37,68
2015,6,Districte VI,12,Bellvitge,605,25-34,82,91,173
2003,5,Districte V,10,Pubilla Cases,537,00-02,17,6,23
1994,3,Districte III,6,Santa Eulàlia,301,25-34,153,139,292
2001,5,Districte V,10,Pubilla Cases,530,12-15,14,22,36
2008,4,Districte IV,7,la Florida,424,03-11,24,34,58
1999,3,Districte III,6,Santa Eulàlia,315,03-11,52,60,112
2000,1,Districte I,3,Sant Josep,115,16-17,15,15,30
2001,4,Districte IV,7,la Florida,422,00-02,10,6,16
2008,2,Districte II,5,Collblanc,213,03-11,34,57,91
2000,4,Districte IV,7,la Florida,426,03-11,22,26,48
1999,2,Districte II,5,Collblanc,227,03-11,15,13,28
2014,4,Districte IV,8,les Planes,435,25-34,98,78,176
2004,2,Districte II,5,Collblanc,227,65-74,42,36,78
1999,5,Districte V,10,Pubilla Cases,511,35-49,44,47,91
2008,1,Districte I,2,Sanfeliu,116,50-64,172,146,318
2005,2,Districte II,4,la Torrassa,243,65-74,100,81,181
1995,5,Districte V,10,Pubilla Cases,529,00-02,5,12,17
2011,5,Districte V,10,Pubilla Cases,536,25-34,71,64,135
1995,4,Districte IV,7,la Florida,404,35-49,110,114,224
2015,3,Districte III,6,Santa Eulàlia,320,16-17,0,3,3
2002,2,Districte II,5,Collblanc,203,35-49,81,100,181
2008,4,Districte IV,7,la Florida,412,03-11,63,42,105
1994,4,Districte IV,7,la Florida,426,03-11,23,34,57
2000,1,Districte I,3,Sant Josep,125,16-17,13,12,25
2005,6,Districte VI,12,Bellvitge,609,65-74,45,40,85
1998,1,Districte I,3,Sant Josep,106,35-49,281,246,527
1997,5,Districte V,9,Can Serra,506,75 i +,51,24,75
2013,1,Districte I,3,Sant Josep,114,16-17,11,9,20
2000,1,Districte I,3,Sant Josep,119,25-34,103,127,230
2014,2,Districte II,5,Collblanc,212,16-17,15,11,26
2005,4,Districte IV,8,les Planes,438,12-15,17,16,33
1998,3,Districte III,6,Santa Eulàlia,321,65-74,84,75,159
2009,5,Districte V,9,Can Serra,503,25-34,83,76,159
2001,6,Districte VI,12,Bellvitge,604,25-34,63,90,153
2015,4,Districte IV,7,la Florida,410,35-49,166,169,335
1995,5,Districte V,10,Pubilla Cases,517,35-49,83,83,166
2007,2,Districte II,5,Collblanc,214,18-24,40,43,83
1994,1,Districte I,1,Centre,101,50-64,70,82,152
2000,2,Districte II,4,la Torrassa,241,18-24,32,21,53
2010,4,Districte IV,8,les Planes,438,12-15,14,15,29
2015,3,Districte III,6,Santa Eulàlia,307,35-49,139,127,266
2015,6,Districte VI,12,Bellvitge,615,18-24,23,26,49
2003,5,Districte V,9,Can Serra,521,00-02,6,11,17
2008,1,Districte I,2,Sanfeliu,132,00-02,34,30,64
1996,2,Districte II,5,Collblanc,201,35-49,60,47,107
2011,6,Districte VI,11,el Gornal,617,12-15,13,22,35
2010,1,Districte I,1,Centre,107,00-02,30,26,56
2005,4,Districte IV,7,la Florida,409,16-17,7,7,14
1995,6,Districte VI,12,Bellvitge,619,00-02,15,13,28
2007,2,Districte II,5,Collblanc,214,12-15,16,11,27
2008,2,Districte II,4,la Torrassa,237,18-24,61,56,117
1995,4,Districte IV,7,la Florida,415,50-64,60,72,132
2011,3,Districte III,6,Santa Eulàlia,311,18-24,53,50,103
1995,1,Districte I,2,Sanfeliu,116,65-74,65,60,125
2016,6,Districte VI,12,Bellvitge,605,25-34,88,77,165
1994,4,Districte IV,7,la Florida,409,00-02,7,6,13
2002,3,Districte III,6,Santa Eulàlia,308,35-49,199,216,415
1996,3,Districte III,6,Santa Eulàlia,314,25-34,187,176,363
2012,3,Districte III,6,Santa Eulàlia,309,00-02,30,24,54
2009,2,Districte II,5,Collblanc,220,35-49,124,135,259
2011,1,Districte I,2,Sanfeliu,118,03-11,77,65,142
2002,6,Districte VI,12,Bellvitge,611,50-64,203,154,357
1996,5,Districte V,9,Can Serra,521,65-74,49,39,88
2003,1,Districte I,1,Centre,133,18-24,43,47,90
2006,2,Districte II,4,la Torrassa,240,00-02,10,6,16
2009,4,Districte IV,7,la Florida,432,00-02,17,24,41
2001,3,Districte III,6,Santa Eulàlia,313,16-17,21,23,44
1994,5,Districte V,10,Pubilla Cases,517,16-17,10,22,32
2011,2,Districte II,4,la Torrassa,217,75 i +,44,24,68
2008,2,Districte II,5,Collblanc,223,12-15,27,23,50
2003,4,Districte IV,7,la Florida,432,18-24,59,70,129
1996,2,Districte II,4,la Torrassa,243,03-11,37,48,85
2011,4,Districte IV,8,les Planes,420,50-64,108,97,205
2006,5,Districte V,10,Pubilla Cases,537,12-15,28,21,49
2004,1,Districte I,3,Sant Josep,122,18-24,40,32,72
2007,6,Districte VI,11,el Gornal,616,50-64,241,234,475
2005,4,Districte IV,7,la Florida,421,75 i +,67,44,111
2008,4,Districte IV,8,les Planes,420,25-34,161,178,339
2013,3,Districte III,6,Santa Eulàlia,307,16-17,7,9,16
2007,4,Districte IV,8,les Planes,442,12-15,11,12,23
1994,3,Districte III,6,Santa Eulàlia,306,00-02,17,10,27
1994,1,Districte I,1,Centre,135,00-02,14,15,29
1996,2,Districte II,5,Collblanc,207,16-17,9,7,16
1998,1,Districte I,3,Sant Josep,138,75 i +,18,12,30
2008,2,Districte II,5,Collblanc,204,35-49,79,81,160
1994,1,Districte I,3,Sant Josep,121,35-49,47,47,94
2007,6,Districte VI,12,Bellvitge,612,00-02,18,16,34
2001,2,Districte II,4,la Torrassa,248,03-11,34,44,78
2008,6,Districte VI,11,el Gornal,617,75 i +,43,31,74
2010,1,Districte I,1,Centre,130,18-24,29,41,70
2010,6,Districte VI,12,Bellvitge,627,25-34,73,87,160
2012,4,Districte IV,7,la Florida,413,00-02,9,12,21
1994,5,Districte V,10,Pubilla Cases,523,65-74,75,70,145
2014,3,Districte III,6,Santa Eulàlia,317,35-49,134,187,321
2004,2,Districte II,5,Collblanc,207,16-17,6,8,14
1997,1,Districte I,1,Centre,109,65-74,48,41,89
2011,5,Districte V,10,Pubilla Cases,515,16-17,7,6,13
2011,1,Districte I,2,Sanfeliu,116,16-17,17,6,23
2010,2,Districte II,5,Collblanc,215,25-34,84,81,165
2010,2,Districte II,5,Collblanc,210,75 i +,112,53,165
2013,4,Districte IV,7,la Florida,426,03-11,42,58,100
2008,5,Districte V,9,Can Serra,505,35-49,122,111,233
2016,2,Districte II,5,Collblanc,210,65-74,60,50,110
2006,1,Districte I,1,Centre,104,35-49,93,108,201
1998,5,Districte V,10,Pubilla Cases,538,18-24,67,60,127
2010,4,Districte IV,7,la Florida,408,03-11,42,36,78
2013,3,Districte III,6,Santa Eulàlia,303,35-49,180,196,376
1999,4,Districte IV,7,la Florida,427,75 i +,43,33,76
2012,4,Districte IV,7,la Florida,427,00-02,15,23,38
2007,1,Districte I,3,Sant Josep,119,25-34,97,116,213
2015,4,Districte IV,7,la Florida,414,50-64,137,137,274
2006,2,Districte II,4,la Torrassa,243,16-17,12,16,28
2000,5,Districte V,9,Can Serra,505,35-49,84,73,157
2009,1,Districte I,1,Centre,130,35-49,139,142,281
1999,6,Districte VI,12,Bellvitge,619,03-11,38,45,83
1996,2,Districte II,5,Collblanc,244,75 i +,38,20,58
1996,5,Districte V,10,Pubilla Cases,534,00-02,7,9,16
2003,4,Districte IV,7,la Florida,432,16-17,13,13,26
2014,6,Districte VI,12,Bellvitge,611,18-24,56,61,117
2013,2,Districte II,4,la Torrassa,231,00-02,19,29,48
2005,4,Districte IV,8,les Planes,420,50-64,109,89,198
1998,6,Districte VI,11,el Gornal,616,03-11,79,87,166
2010,6,Districte VI,11,el Gornal,632,00-02,13,24,37
1999,5,Districte V,10,Pubilla Cases,529,18-24,51,42,93
2006,5,Districte V,10,Pubilla Cases,512,00-02,15,18,33
1998,2,Districte II,4,la Torrassa,235,03-11,32,27,59
2003,6,Districte VI,12,Bellvitge,628,00-02,15,14,29
2001,4,Districte IV,7,la Florida,405,03-11,24,25,49
2010,2,Districte II,4,la Torrassa,218,12-15,14,10,24
2011,2,Districte II,5,Collblanc,207,25-34,75,81,156
2002,1,Districte I,3,Sant Josep,114,35-49,156,149,305
2005,4,Districte IV,7,la Florida,410,12-15,25,17,42
2000,3,Districte III,6,Santa Eulàlia,319,35-49,91,90,181
2008,1,Districte I,1,Centre,134,16-17,7,12,19
2012,5,Districte V,9,Can Serra,507,16-17,6,12,18
2015,1,Districte I,3,Sant Josep,126,75 i +,70,59,129
2014,1,Districte I,3,Sant Josep,115,00-02,21,14,35
2001,5,Districte V,10,Pubilla Cases,530,03-11,44,41,85
2011,1,Districte I,3,Sant Josep,119,12-15,16,19,35
2002,5,Districte V,10,Pubilla Cases,523,75 i +,93,33,126
2014,5,Districte V,10,Pubilla Cases,528,00-02,18,13,31
2012,1,Districte I,1,Centre,128,75 i +,58,36,94
2008,2,Districte II,4,la Torrassa,211,00-02,29,19,48
2002,2,Districte II,5,Collblanc,206,65-74,63,55,118
2003,4,Districte IV,7,la Florida,431,35-49,142,144,286
2008,5,Districte V,10,Pubilla Cases,516,18-24,30,34,64
2015,4,Districte IV,8,les Planes,401,75 i +,96,57,153
1997,6,Districte VI,11,el Gornal,626,50-64,127,106,233
2009,1,Districte I,1,Centre,111,12-15,11,16,27
2014,3,Districte III,6,Santa Eulàlia,302,00-02,21,18,39
2005,5,Districte V,10,Pubilla Cases,537,12-15,31,18,49
2000,5,Districte V,9,Can Serra,501,16-17,13,8,21
2012,5,Districte V,10,Pubilla Cases,525,12-15,14,15,29
2010,4,Districte IV,8,les Planes,438,65-74,63,47,110
1995,2,Districte II,5,Collblanc,223,16-17,10,17,27
2005,1,Districte I,1,Centre,109,35-49,126,121,247
2002,2,Districte II,5,Collblanc,225,25-34,35,39,74
2000,2,Districte II,4,la Torrassa,242,75 i +,52,50,102
1997,3,Districte III,6,Santa Eulàlia,317,00-02,10,13,23
2001,5,Districte V,10,Pubilla Cases,516,16-17,6,3,9
2001,1,Districte I,2,Sanfeliu,116,18-24,88,92,180
1999,1,Districte I,1,Centre,113,75 i +,42,24,66
2014,4,Districte IV,7,la Florida,409,18-24,83,82,165
2010,4,Districte IV,8,les Planes,418,35-49,170,178,348
2007,1,Districte I,1,Centre,112,00-02,23,27,50
1995,4,Districte IV,7,la Florida,430,16-17,10,10,20
2010,5,Districte V,10,Pubilla Cases,522,00-02,23,20,43
1998,6,Districte VI,12,Bellvitge,605,50-64,116,100,216
2009,2,Districte II,4,la Torrassa,242,12-15,17,12,29
2006,3,Districte III,6,Santa Eulàlia,302,35-49,119,150,269
2011,4,Districte IV,7,la Florida,431,35-49,198,230,428
1995,1,Districte I,2,Sanfeliu,116,50-64,146,161,307
2006,4,Districte IV,7,la Florida,423,65-74,62,70,132
2012,2,Districte II,4,la Torrassa,248,65-74,42,37,79
2011,2,Districte II,5,Collblanc,223,00-02,32,16,48
2004,5,Districte V,10,Pubilla Cases,512,35-49,93,117,210
2015,6,Districte VI,12,Bellvitge,601,25-34,113,122,235
1994,6,Districte VI,12,Bellvitge,614,35-49,121,102,223
2014,3,Districte III,6,Santa Eulàlia,324,50-64,68,69,137
2010,2,Districte II,5,Collblanc,221,03-11,46,33,79
1996,5,Districte V,10,Pubilla Cases,517,50-64,129,114,243
2006,3,Districte III,6,Santa Eulàlia,322,18-24,48,54,102
2009,4,Districte IV,7,la Florida,428,00-02,15,13,28
2010,2,Districte II,5,Collblanc,216,00-02,16,24,40
1995,4,Districte IV,8,les Planes,441,25-34,118,116,234
2016,3,Districte III,6,Santa Eulàlia,318,03-11,24,27,51
1995,3,Districte III,6,Santa Eulàlia,319,16-17,12,23,35
2016,4,Districte IV,7,la Florida,405,18-24,59,77,136
1999,5,Districte V,10,Pubilla Cases,523,00-02,9,9,18
2013,2,Districte II,5,Collblanc,223,75 i +,64,41,105
2002,3,Districte III,6,Santa Eulàlia,319,03-11,35,47,82
2005,2,Districte II,5,Collblanc,220,35-49,117,112,229
1997,5,Districte V,10,Pubilla Cases,536,25-34,92,78,170
2002,5,Districte V,10,Pubilla Cases,533,25-34,101,113,214
1994,2,Districte II,5,Collblanc,220,25-34,77,82,159
2004,3,Districte III,6,Santa Eulàlia,319,12-15,15,23,38
2010,5,Districte V,10,Pubilla Cases,512,18-24,34,44,78
2001,4,Districte IV,7,la Florida,423,35-49,81,92,173
1995,3,Districte III,6,Santa Eulàlia,310,18-24,36,62,98
1994,1,Districte I,2,Sanfeliu,132,35-49,257,257,514
2011,2,Districte II,5,Collblanc,207,35-49,94,95,189
1994,6,Districte VI,12,Bellvitge,613,65-74,41,36,77
2004,2,Districte II,4,la Torrassa,237,18-24,58,53,111
2015,1,Districte I,3,Sant Josep,117,50-64,241,224,465
2001,5,Districte V,10,Pubilla Cases,518,35-49,83,100,183
1998,2,Districte II,5,Collblanc,214,03-11,18,18,36
2015,5,Districte V,10,Pubilla Cases,528,18-24,51,44,95
2016,1,Districte I,1,Centre,108,75 i +,93,55,148
2003,5,Districte V,10,Pubilla Cases,538,03-11,33,36,69
2000,1,Districte I,1,Centre,112,16-17,19,16,35
2002,5,Districte V,9,Can Serra,521,00-02,10,7,17
2010,4,Districte IV,7,la Florida,405,12-15,14,14,28
2010,1,Districte I,3,Sant Josep,140,35-49,114,144,258
2010,6,Districte VI,12,Bellvitge,610,75 i +,59,39,98
2002,5,Districte V,9,Can Serra,505,18-24,77,49,126
2008,4,Districte IV,8,les Planes,419,75 i +,41,31,72
2001,4,Districte IV,7,la Florida,406,65-74,80,86,166
2015,1,Districte I,1,Centre,130,75 i +,103,65,168
2006,5,Districte V,9,Can Serra,535,03-11,23,38,61
2000,2,Districte II,5,Collblanc,202,65-74,49,40,89
2016,1,Districte I,2,Sanfeliu,129,03-11,35,48,83
2008,5,Districte V,10,Pubilla Cases,526,16-17,8,6,14
2002,5,Districte V,10,Pubilla Cases,529,65-74,80,88,168
2013,6,Districte VI,12,Bellvitge,631,65-74,108,105,213
2011,2,Districte II,4,la Torrassa,247,50-64,101,97,198
1997,4,Districte IV,7,la Florida,402,12-15,14,13,27
1999,2,Districte II,5,Collblanc,205,50-64,83,74,157
2003,5,Districte V,10,Pubilla Cases,526,25-34,77,88,165
1996,4,Districte IV,7,la Florida,430,75 i +,43,19,62
2005,5,Districte V,10,Pubilla Cases,522,00-02,22,16,38
2016,4,Districte IV,7,la Florida,421,65-74,74,51,125
2000,1,Districte I,1,Centre,102,16-17,17,11,28
1995,4,Districte IV,7,la Florida,417,12-15,16,14,30
1997,2,Districte II,5,Collblanc,207,75 i +,47,29,76
2006,5,Districte V,10,Pubilla Cases,516,03-11,21,36,57
1995,2,Districte II,4,la Torrassa,241,35-49,37,43,80
2005,1,Districte I,3,Sant Josep,119,03-11,24,32,56
2007,4,Districte IV,7,la Florida,406,50-64,135,115,250
1994,1,Districte I,3,Sant Josep,117,18-24,122,120,242
1995,2,Districte II,4,la Torrassa,218,35-49,82,77,159
2016,4,Districte IV,7,la Florida,416,12-15,30,32,62
1999,6,Districte VI,12,Bellvitge,612,25-34,100,123,223
2016,6,Districte VI,12,Bellvitge,609,03-11,41,43,84
2014,2,Districte II,4,la Torrassa,246,65-74,42,35,77
2008,1,Districte I,3,Sant Josep,140,00-02,8,16,24
1994,2,Districte II,5,Collblanc,220,16-17,9,11,20
2007,6,Districte VI,12,Bellvitge,621,75 i +,44,23,67
2012,4,Districte IV,7,la Florida,412,00-02,13,19,32
1996,2,Districte II,5,Collblanc,215,03-11,25,20,45
2002,2,Districte II,4,la Torrassa,235,12-15,13,19,32
2007,5,Districte V,10,Pubilla Cases,524,50-64,97,85,182
2009,1,Districte I,1,Centre,109,65-74,49,48,97
1997,6,Districte VI,12,Bellvitge,606,12-15,23,23,46
2016,5,Districte V,9,Can Serra,503,35-49,88,68,156
2016,1,Districte I,1,Centre,113,00-02,20,31,51
1997,3,Districte III,6,Santa Eulàlia,324,65-74,58,33,91
2001,5,Districte V,10,Pubilla Cases,537,50-64,144,123,267
2009,2,Districte II,4,la Torrassa,245,35-49,139,156,295
2010,1,Districte I,1,Centre,108,18-24,39,43,82
2016,1,Districte I,2,Sanfeliu,116,50-64,144,124,268
2013,1,Districte I,1,Centre,113,75 i +,62,40,102
2014,3,Districte III,6,Santa Eulàlia,315,35-49,259,256,515
1996,2,Districte II,4,la Torrassa,249,25-34,93,94,187
2002,5,Districte V,10,Pubilla Cases,524,00-02,17,15,32
1998,6,Districte VI,12,Bellvitge,615,00-02,5,5,10
2015,5,Districte V,10,Pubilla Cases,532,25-34,113,100,213
1994,4,Districte IV,8,les Planes,418,03-11,41,52,93
1998,3,Districte III,6,Santa Eulàlia,303,12-15,16,26,42
1997,6,Districte VI,12,Bellvitge,618,75 i +,19,11,30
2011,1,Districte I,3,Sant Josep,121,35-49,109,124,233
1996,5,Districte V,10,Pubilla Cases,522,25-34,56,54,110
2013,4,Districte IV,8,les Planes,435,65-74,39,24,63
2015,2,Districte II,4,la Torrassa,249,12-15,16,14,30
1994,2,Districte II,5,Collblanc,244,50-64,67,49,116
2001,5,Districte V,10,Pubilla Cases,508,50-64,56,44,100
2008,1,Districte I,3,Sant Josep,121,25-34,73,76,149
1999,5,Districte V,9,Can Serra,535,16-17,17,21,38
2014,4,Districte IV,8,les Planes,435,16-17,6,12,18
2015,1,Districte I,3,Sant Josep,138,18-24,23,25,48
1999,5,Districte V,10,Pubilla Cases,522,50-64,64,56,120
2000,4,Districte IV,8,les Planes,419,25-34,84,90,174
2003,4,Districte IV,7,la Florida,406,12-15,20,17,37
2003,6,Districte VI,11,el Gornal,626,75 i +,29,27,56
2015,4,Districte IV,8,les Planes,401,65-74,44,39,83
2014,4,Districte IV,7,la Florida,410,65-74,110,98,208
1997,6,Districte VI,11,el Gornal,629,18-24,43,47,90
2002,1,Districte I,3,Sant Josep,126,65-74,67,53,120
2005,6,Districte VI,11,el Gornal,629,65-74,41,41,82
1995,3,Districte III,6,Santa Eulàlia,318,03-11,49,58,107
1996,4,Districte IV,8,les Planes,435,50-64,86,76,162
1997,6,Districte VI,12,Bellvitge,619,75 i +,37,19,56
2002,1,Districte I,1,Centre,111,16-17,5,11,16
2006,3,Districte III,6,Santa Eulàlia,301,50-64,201,192,393
2007,1,Districte I,1,Centre,111,18-24,40,35,75
1996,4,Districte IV,7,la Florida,410,03-11,42,45,87
1995,4,Districte IV,8,les Planes,429,75 i +,31,19,50
2011,2,Districte II,5,Collblanc,202,75 i +,47,29,76
2007,2,Districte II,5,Collblanc,219,35-49,161,165,326
2001,1,Districte I,3,Sant Josep,125,75 i +,37,26,63
2009,4,Districte IV,8,les Planes,435,00-02,19,24,43
1998,5,Districte V,10,Pubilla Cases,520,03-11,32,23,55
2008,6,Districte VI,12,Bellvitge,614,75 i +,52,33,85
2007,1,Districte I,1,Centre,110,18-24,62,45,107
2005,6,Districte VI,12,Bellvitge,604,03-11,23,31,54
2001,1,Districte I,3,Sant Josep,138,35-49,97,92,189
1995,1,Districte I,1,Centre,110,18-24,119,112,231
2007,4,Districte IV,7,la Florida,428,16-17,5,5,10
2011,2,Districte II,4,la Torrassa,217,00-02,12,18,30
2007,2,Districte II,4,la Torrassa,218,75 i +,39,19,58
2006,4,Districte IV,7,la Florida,409,65-74,41,32,73
2009,2,Districte II,4,la Torrassa,238,16-17,6,7,13
2009,4,Districte IV,8,les Planes,420,25-34,151,185,336
1999,1,Districte I,1,Centre,131,25-34,120,132,252
1994,5,Districte V,10,Pubilla Cases,519,18-24,42,41,83
2014,6,Districte VI,12,Bellvitge,625,65-74,85,80,165
2003,1,Districte I,1,Centre,133,00-02,11,13,24
2004,6,Districte VI,12,Bellvitge,625,35-49,151,121,272
2005,2,Districte II,4,la Torrassa,228,00-02,7,11,18
2005,2,Districte II,5,Collblanc,223,12-15,26,28,54
2006,4,Districte IV,7,la Florida,403,03-11,27,26,53
2013,4,Districte IV,7,la Florida,403,25-34,87,88,175
2010,3,Districte III,6,Santa Eulàlia,316,35-49,156,127,283
2016,6,Districte VI,12,Bellvitge,621,25-34,68,86,154
2003,2,Districte II,4,la Torrassa,233,50-64,67,59,126
2013,5,Districte V,10,Pubilla Cases,513,50-64,102,113,215
2015,5,Districte V,10,Pubilla Cases,530,35-49,231,227,458
1994,1,Districte I,3,Sant Josep,137,65-74,39,39,78
1994,4,Districte IV,7,la Florida,402,35-49,75,75,150
1998,1,Districte I,2,Sanfeliu,132,35-49,258,228,486
2012,2,Districte II,5,Collblanc,201,65-74,51,35,86
2007,1,Districte I,3,Sant Josep,106,75 i +,64,33,97
1998,4,Districte IV,8,les Planes,440,25-34,82,103,185
2003,2,Districte II,5,Collblanc,214,25-34,80,88,168
2010,2,Districte II,5,Collblanc,220,25-34,82,88,170
1999,3,Districte III,6,Santa Eulàlia,308,35-49,151,148,299
2011,2,Districte II,5,Collblanc,226,00-02,19,19,38
1994,2,Districte II,4,la Torrassa,231,65-74,81,63,144
2010,5,Districte V,10,Pubilla Cases,532,12-15,27,16,43
1994,4,Districte IV,7,la Florida,421,25-34,93,106,199
2006,2,Districte II,5,Collblanc,220,65-74,48,36,84
2000,5,Districte V,10,Pubilla Cases,532,03-11,40,34,74
2006,5,Districte V,10,Pubilla Cases,534,03-11,27,38,65
2014,2,Districte II,4,la Torrassa,249,12-15,17,22,39
2001,3,Districte III,6,Santa Eulàlia,313,25-34,161,163,324
2008,5,Districte V,10,Pubilla Cases,515,50-64,43,34,77
2004,3,Districte III,6,Santa Eulàlia,306,25-34,136,161,297
2008,4,Districte IV,7,la Florida,406,25-34,119,132,251
2005,4,Districte IV,7,la Florida,413,18-24,20,31,51
1999,6,Districte VI,12,Bellvitge,610,75 i +,35,23,58
2012,1,Districte I,1,Centre,105,16-17,8,4,12
1998,3,Districte III,6,Santa Eulàlia,302,00-02,12,15,27
2000,1,Districte I,1,Centre,130,12-15,10,7,17
2016,2,Districte II,4,la Torrassa,236,50-64,81,78,159
2003,6,Districte VI,12,Bellvitge,621,12-15,21,26,47
2011,6,Districte VI,12,Bellvitge,605,16-17,4,3,7
2013,2,Districte II,4,la Torrassa,233,16-17,3,9,12
2009,5,Districte V,10,Pubilla Cases,530,50-64,91,82,173
2013,3,Districte III,6,Santa Eulàlia,318,50-64,105,102,207
1995,4,Districte IV,8,les Planes,436,03-11,31,34,65
2008,3,Districte III,6,Santa Eulàlia,313,35-49,214,213,427
2002,5,Districte V,10,Pubilla Cases,511,65-74,60,51,111
1998,3,Districte III,6,Santa Eulàlia,310,03-11,33,34,67
1997,6,Districte VI,12,Bellvitge,603,50-64,84,79,163
1996,6,Districte VI,12,Bellvitge,603,03-11,20,25,45
2001,2,Districte II,4,la Torrassa,242,25-34,71,84,155
2014,6,Districte VI,11,el Gornal,632,35-49,106,120,226
2000,6,Districte VI,12,Bellvitge,601,03-11,42,45,87
2012,3,Districte III,6,Santa Eulàlia,317,65-74,31,33,64
2004,3,Districte III,6,Santa Eulàlia,301,16-17,23,15,38
1998,2,Districte II,5,Collblanc,223,00-02,9,6,15
2005,1,Districte I,1,Centre,111,65-74,58,46,104
2016,5,Districte V,10,Pubilla Cases,525,16-17,8,9,17
2007,5,Districte V,10,Pubilla Cases,519,25-34,87,97,184
1999,3,Districte III,6,Santa Eulàlia,317,25-34,66,81,147
2009,6,Districte VI,12,Bellvitge,602,18-24,15,18,33
2001,2,Districte II,4,la Torrassa,239,12-15,7,20,27
1999,2,Districte II,4,la Torrassa,218,65-74,46,31,77
2011,2,Districte II,5,Collblanc,223,35-49,159,153,312
2006,2,Districte II,5,Collblanc,226,25-34,116,122,238
2012,1,Districte I,1,Centre,102,35-49,180,183,363
1998,4,Districte IV,7,la Florida,423,50-64,132,119,251
2006,4,Districte IV,7,la Florida,413,18-24,21,30,51
2013,3,Districte III,6,Santa Eulàlia,315,25-34,132,151,283
2004,2,Districte II,4,la Torrassa,238,16-17,3,5,8
2008,6,Districte VI,12,Bellvitge,601,18-24,44,52,96
2003,5,Districte V,10,Pubilla Cases,525,35-49,87,85,172
2008,2,Districte II,5,Collblanc,205,16-17,7,9,16
2001,6,Districte VI,12,Bellvitge,602,25-34,51,66,117
2005,2,Districte II,5,Collblanc,210,35-49,85,85,170
2004,1,Districte I,1,Centre,109,00-02,11,8,19
2000,4,Districte IV,7,la Florida,408,12-15,19,10,29
2011,6,Districte VI,12,Bellvitge,624,50-64,119,69,188
1998,2,Districte II,5,Collblanc,214,50-64,69,59,128
2011,5,Districte V,10,Pubilla Cases,511,18-24,22,30,52
1998,1,Districte I,1,Centre,105,65-74,50,36,86
2002,5,Districte V,10,Pubilla Cases,510,35-49,92,109,201
1994,6,Districte VI,12,Bellvitge,620,18-24,78,57,135
2011,4,Districte IV,7,la Florida,427,03-11,58,54,112
1998,6,Districte VI,12,Bellvitge,619,12-15,25,42,67
2008,5,Districte V,9,Can Serra,505,16-17,5,8,13
2015,5,Districte V,9,Can Serra,504,16-17,6,5,11
2014,1,Districte I,1,Centre,101,50-64,155,159,314
1994,1,Districte I,3,Sant Josep,127,25-34,85,67,152
2000,4,Districte IV,8,les Planes,437,35-49,80,80,160
2001,1,Districte I,3,Sant Josep,137,65-74,44,37,81
2004,1,Districte I,3,Sant Josep,121,18-24,33,20,53
2014,2,Districte II,5,Collblanc,204,00-02,13,26,39
1999,1,Districte I,3,Sant Josep,106,75 i +,49,25,74
2008,6,Districte VI,12,Bellvitge,621,25-34,140,165,305
1999,2,Districte II,5,Collblanc,203,03-11,12,20,32
2007,2,Districte II,5,Collblanc,206,18-24,42,37,79
2009,6,Districte VI,12,Bellvitge,606,18-24,45,56,101
2015,1,Districte I,2,Sanfeliu,116,18-24,44,41,85
1998,4,Districte IV,8,les Planes,442,50-64,69,61,130
1999,2,Districte II,5,Collblanc,206,00-02,6,7,13
2008,3,Districte III,6,Santa Eulàlia,317,75 i +,61,18,79
1994,2,Districte II,4,la Torrassa,239,25-34,81,97,178
1999,5,Districte V,10,Pubilla Cases,538,12-15,16,14,30
1995,2,Districte II,5,Collblanc,220,65-74,71,49,120
1995,2,Districte II,5,Collblanc,221,50-64,126,124,250
2013,2,Districte II,5,Collblanc,212,35-49,195,184,379
2009,5,Districte V,10,Pubilla Cases,517,18-24,50,64,114
2004,6,Districte VI,12,Bellvitge,602,65-74,40,49,89
1999,2,Districte II,5,Collblanc,208,12-15,22,28,50
2010,2,Districte II,5,Collblanc,227,18-24,18,14,32
2006,2,Districte II,4,la Torrassa,248,75 i +,74,38,112
2008,5,Districte V,10,Pubilla Cases,524,18-24,43,60,103
2010,2,Districte II,5,Collblanc,202,18-24,25,27,52
2004,5,Districte V,10,Pubilla Cases,516,75 i +,26,16,42
2011,3,Districte III,6,Santa Eulàlia,304,75 i +,98,55,153
2001,3,Districte III,6,Santa Eulàlia,318,03-11,32,38,70
2004,6,Districte VI,12,Bellvitge,603,65-74,22,23,45
2012,4,Districte IV,8,les Planes,440,50-64,81,73,154
2016,1,Districte I,3,Sant Josep,137,03-11,73,65,138
1995,4,Districte IV,7,la Florida,422,12-15,26,16,42
2016,1,Districte I,1,Centre,123,75 i +,81,65,146
1998,5,Districte V,10,Pubilla Cases,532,18-24,74,86,160
2007,2,Districte II,5,Collblanc,221,12-15,28,20,48
2013,6,Districte VI,11,el Gornal,632,00-02,11,16,27
2006,4,Districte IV,8,les Planes,420,12-15,25,27,52
2003,6,Districte VI,12,Bellvitge,625,03-11,34,39,73
2004,4,Districte IV,7,la Florida,411,03-11,27,21,48
2005,6,Districte VI,11,el Gornal,616,03-11,129,161,290
1997,1,Districte I,1,Centre,131,25-34,114,118,232
2002,2,Districte II,5,Collblanc,209,75 i +,87,49,136
1998,2,Districte II,4,la Torrassa,247,12-15,10,20,30
1996,6,Districte VI,11,el Gornal,616,65-74,45,35,80
2016,2,Districte II,4,la Torrassa,246,16-17,12,13,25
2013,1,Districte I,1,Centre,112,65-74,76,68,144
2002,2,Districte II,5,Collblanc,226,65-74,77,47,124
1998,3,Districte III,6,Santa Eulàlia,306,00-02,15,13,28
2004,1,Districte I,1,Centre,113,16-17,24,20,44
2009,5,Districte V,10,Pubilla Cases,529,25-34,127,115,242
1998,4,Districte IV,8,les Planes,433,00-02,8,20,28
2015,2,Districte II,4,la Torrassa,229,18-24,83,91,174
1999,4,Districte IV,8,les Planes,420,75 i +,67,37,104
1998,3,Districte III,6,Santa Eulàlia,305,35-49,203,187,390
2012,3,Districte III,6,Santa Eulàlia,305,75 i +,98,57,155
2001,2,Districte II,5,Collblanc,208,12-15,24,24,48
1997,5,Districte V,10,Pubilla Cases,531,50-64,89,90,179
2015,6,Districte VI,12,Bellvitge,611,16-17,13,16,29
2014,2,Districte II,4,la Torrassa,243,75 i +,108,71,179
2003,1,Districte I,1,Centre,131,18-24,80,64,144
1997,5,Districte V,10,Pubilla Cases,525,03-11,30,34,64
2008,2,Districte II,5,Collblanc,216,00-02,15,13,28
2005,4,Districte IV,7,la Florida,423,12-15,12,17,29
2016,1,Districte I,1,Centre,131,18-24,45,36,81
2002,4,Districte IV,7,la Florida,408,00-02,11,14,25
2014,2,Districte II,5,Collblanc,202,25-34,151,148,299
1997,5,Districte V,9,Can Serra,504,50-64,164,154,318
2001,6,Districte VI,12,Bellvitge,605,16-17,3,3,6
2008,3,Districte III,6,Santa Eulàlia,319,12-15,22,26,48
2012,6,Districte VI,11,el Gornal,608,03-11,22,31,53
2010,2,Districte II,4,la Torrassa,243,03-11,64,64,128
2007,2,Districte II,4,la Torrassa,218,50-64,79,61,140
2014,1,Districte I,3,Sant Josep,121,65-74,24,20,44
2006,5,Districte V,10,Pubilla Cases,508,35-49,62,85,147
1995,5,Districte V,9,Can Serra,506,00-02,15,25,40
2016,3,Districte III,6,Santa Eulàlia,325,16-17,13,14,27
1995,4,Districte IV,7,la Florida,432,03-11,44,53,97
2006,4,Districte IV,8,les Planes,433,75 i +,44,24,68
1998,2,Districte II,4,la Torrassa,233,65-74,53,38,91
2012,2,Districte II,4,la Torrassa,239,25-34,104,114,218
1999,3,Districte III,6,Santa Eulàlia,316,50-64,173,202,375
2001,5,Districte V,9,Can Serra,506,12-15,34,39,73
2001,5,Districte V,9,Can Serra,507,65-74,36,37,73
1994,6,Districte VI,11,el Gornal,626,12-15,26,30,56
1998,2,Districte II,4,la Torrassa,239,50-64,122,87,209
2012,3,Districte III,6,Santa Eulàlia,325,00-02,16,24,40
1995,2,Districte II,5,Collblanc,216,12-15,30,24,54
2004,2,Districte II,4,la Torrassa,228,75 i +,44,27,71
2014,1,Districte I,1,Centre,133,75 i +,59,34,93
2015,4,Districte IV,7,la Florida,405,03-11,81,67,148
2008,3,Districte III,6,Santa Eulàlia,323,16-17,28,22,50
2002,2,Districte II,5,Collblanc,206,50-64,73,64,137
2012,6,Districte VI,12,Bellvitge,627,25-34,65,73,138
2012,6,Districte VI,12,Bellvitge,627,50-64,150,125,275
1996,2,Districte II,5,Collblanc,204,50-64,54,50,104
2007,2,Districte II,4,la Torrassa,245,65-74,53,44,97
2003,3,Districte III,6,Santa Eulàlia,301,50-64,198,185,383
1997,5,Districte V,9,Can Serra,506,16-17,39,35,74
1996,1,Districte I,3,Sant Josep,127,35-49,92,89,181
2000,1,Districte I,1,Centre,130,50-64,98,70,168
1997,2,Districte II,4,la Torrassa,234,75 i +,78,31,109
1996,1,Districte I,1,Centre,107,03-11,64,70,134
2003,6,Districte VI,12,Bellvitge,609,25-34,81,110,191
1998,1,Districte I,1,Centre,108,25-34,106,99,205
2007,2,Districte II,5,Collblanc,207,18-24,30,30,60
2005,2,Districte II,5,Collblanc,212,65-74,76,64,140
2010,3,Districte III,6,Santa Eulàlia,314,35-49,284,286,570
2005,3,Districte III,6,Santa Eulàlia,321,03-11,88,89,177
2004,2,Districte II,5,Collblanc,207,65-74,44,31,75
2015,3,Districte III,6,Santa Eulàlia,302,25-34,98,88,186
1997,1,Districte I,1,Centre,103,18-24,45,38,83
2007,4,Districte IV,7,la Florida,417,03-11,14,27,41
2012,1,Districte I,1,Centre,103,75 i +,49,36,85
1998,2,Districte II,4,la Torrassa,232,18-24,48,45,93
2002,2,Districte II,5,Collblanc,208,12-15,24,23,47
2008,1,Districte I,1,Centre,123,75 i +,85,58,143
1997,1,Districte I,3,Sant Josep,115,65-74,68,49,117
1995,2,Districte II,4,la Torrassa,228,18-24,46,39,85
2007,6,Districte VI,11,el Gornal,617,25-34,82,90,172
2015,1,Districte I,2,Sanfeliu,132,16-17,12,18,30
2006,4,Districte IV,7,la Florida,402,25-34,86,86,172
2010,1,Districte I,3,Sant Josep,125,00-02,31,33,64
2005,4,Districte IV,8,les Planes,442,75 i +,34,23,57
2015,2,Districte II,4,la Torrassa,247,35-49,180,179,359
1997,1,Districte I,2,Sanfeliu,116,18-24,135,137,272
1997,6,Districte VI,12,Bellvitge,618,16-17,7,7,14
2007,4,Districte IV,7,la Florida,405,03-11,33,37,70
2006,1,Districte I,1,Centre,130,75 i +,73,49,122
2012,4,Districte IV,7,la Florida,417,35-49,92,91,183
1996,1,Districte I,3,Sant Josep,117,50-64,138,161,299
1998,2,Districte II,5,Collblanc,220,50-64,80,59,139
2008,5,Districte V,10,Pubilla Cases,519,25-34,84,83,167
2005,1,Districte I,3,Sant Josep,121,25-34,76,77,153
1999,5,Districte V,10,Pubilla Cases,511,16-17,3,4,7
2010,1,Districte I,2,Sanfeliu,129,12-15,24,17,41
2008,2,Districte II,5,Collblanc,210,12-15,14,7,21
2000,5,Districte V,9,Can Serra,521,03-11,24,30,54
2009,3,Districte III,6,Santa Eulàlia,320,75 i +,36,13,49
1996,6,Districte VI,11,el Gornal,629,18-24,43,53,96
2011,2,Districte II,5,Collblanc,206,03-11,39,34,73
2009,5,Districte V,10,Pubilla Cases,520,18-24,39,48,87
1994,4,Districte IV,7,la Florida,407,03-11,27,40,67
2004,5,Districte V,9,Can Serra,501,12-15,17,18,35
1998,1,Districte I,3,Sant Josep,136,12-15,28,23,51
2006,4,Districte IV,7,la Florida,423,00-02,21,14,35
2000,2,Districte II,4,la Torrassa,232,18-24,43,41,84
2015,5,Districte V,9,Can Serra,501,16-17,11,6,17
2012,6,Districte VI,12,Bellvitge,630,03-11,29,31,60
2011,1,Districte I,3,Sant Josep,117,12-15,29,29,58
2000,5,Districte V,10,Pubilla Cases,537,75 i +,54,29,83
1995,6,Districte VI,12,Bellvitge,610,75 i +,35,21,56
2010,2,Districte II,5,Collblanc,214,65-74,44,33,77
2000,4,Districte IV,8,les Planes,441,65-74,99,80,179
2000,1,Districte I,3,Sant Josep,121,00-02,8,17,25
1996,4,Districte IV,7,la Florida,406,00-02,11,13,24
2002,6,Districte VI,12,Bellvitge,630,65-74,33,26,59
1995,3,Districte III,6,Santa Eulàlia,305,16-17,20,15,35
2004,5,Districte V,10,Pubilla Cases,525,75 i +,41,29,70
1996,4,Districte IV,7,la Florida,409,00-02,1,7,8
1996,4,Districte IV,7,la Florida,403,65-74,52,51,103
2002,1,Districte I,3,Sant Josep,121,12-15,5,13,18
2006,2,Districte II,5,Collblanc,210,12-15,8,7,15
2002,2,Districte II,4,la Torrassa,232,25-34,92,96,188
1995,5,Districte V,10,Pubilla Cases,530,65-74,91,68,159
2006,1,Districte I,1,Centre,101,18-24,66,53,119
2012,1,Districte I,3,Sant Josep,136,50-64,114,101,215
2014,4,Districte IV,7,la Florida,414,50-64,131,129,260
2003,4,Districte IV,7,la Florida,413,12-15,10,7,17
2007,1,Districte I,2,Sanfeliu,132,35-49,222,242,464
2003,5,Districte V,10,Pubilla Cases,516,00-02,10,4,14
1998,5,Districte V,9,Can Serra,502,12-15,35,29,64
2011,2,Districte II,4,la Torrassa,245,12-15,25,19,44
2011,6,Districte VI,12,Bellvitge,610,00-02,15,12,27
1996,5,Districte V,10,Pubilla Cases,536,35-49,72,75,147
2015,2,Districte II,4,la Torrassa,247,18-24,47,54,101
1998,4,Districte IV,8,les Planes,441,16-17,25,28,53
2007,3,Districte III,6,Santa Eulàlia,314,12-15,38,56,94
2003,5,Districte V,9,Can Serra,501,50-64,167,178,345
2000,4,Districte IV,7,la Florida,430,00-02,6,9,15
1998,2,Districte II,5,Collblanc,225,25-34,33,28,61
1996,4,Districte IV,8,les Planes,419,25-34,74,75,149
2011,1,Districte I,3,Sant Josep,139,50-64,85,92,177
2013,4,Districte IV,7,la Florida,407,12-15,23,19,42
2009,1,Districte I,1,Centre,135,03-11,50,63,113
1997,1,Districte I,2,Sanfeliu,129,50-64,117,128,245
1996,5,Districte V,9,Can Serra,502,65-74,74,70,144
2005,3,Districte III,6,Santa Eulàlia,306,12-15,27,21,48
2000,2,Districte II,5,Collblanc,224,50-64,40,39,79
1994,5,Districte V,9,Can Serra,521,65-74,38,43,81
2000,5,Districte V,9,Can Serra,505,50-64,232,216,448
1996,1,Districte I,2,Sanfeliu,116,75 i +,52,14,66
2014,3,Districte III,13,Granvia Sud,312,12-15,20,23,43
1999,2,Districte II,4,la Torrassa,228,18-24,32,29,61
2001,2,Districte II,5,Collblanc,244,35-49,74,75,149
2006,6,Districte VI,12,Bellvitge,618,65-74,23,35,58
1999,6,Districte VI,12,Bellvitge,624,65-74,38,40,78
2006,1,Districte I,1,Centre,135,18-24,77,62,139
2003,1,Districte I,2,Sanfeliu,116,12-15,18,27,45
2002,3,Districte III,6,Santa Eulàlia,303,12-15,18,22,40
2014,6,Districte VI,12,Bellvitge,631,75 i +,59,39,98
1998,5,Districte V,10,Pubilla Cases,524,35-49,88,109,197
2000,5,Districte V,10,Pubilla Cases,526,35-49,62,66,128
1997,6,Districte VI,11,el Gornal,626,35-49,112,107,219
2000,1,Districte I,1,Centre,128,03-11,22,39,61
2015,2,Districte II,4,la Torrassa,229,12-15,43,29,72
2008,2,Districte II,5,Collblanc,219,35-49,176,161,337
2012,6,Districte VI,12,Bellvitge,628,65-74,82,75,157
1998,2,Districte II,4,la Torrassa,245,00-02,10,12,22
2002,4,Districte IV,7,la Florida,430,18-24,36,41,77
2007,1,Districte I,3,Sant Josep,140,18-24,33,48,81
2014,4,Districte IV,8,les Planes,433,35-49,220,257,477
2011,3,Districte III,6,Santa Eulàlia,306,50-64,166,139,305
2016,3,Districte III,6,Santa Eulàlia,314,16-17,24,14,38
2003,5,Districte V,10,Pubilla Cases,520,50-64,84,79,163
2015,4,Districte IV,7,la Florida,421,00-02,20,17,37
2013,1,Districte I,1,Centre,105,75 i +,57,36,93
2002,4,Districte IV,8,les Planes,419,75 i +,38,20,58
2000,4,Districte IV,7,la Florida,430,25-34,83,71,154
1996,2,Districte II,4,la Torrassa,233,50-64,89,76,165
2014,6,Districte VI,12,Bellvitge,610,35-49,122,134,256
2002,5,Districte V,10,Pubilla Cases,518,12-15,17,11,28
2011,3,Districte III,6,Santa Eulàlia,303,50-64,123,104,227
2013,1,Districte I,3,Sant Josep,121,03-11,31,41,72
2013,1,Districte I,2,Sanfeliu,129,65-74,73,64,137
2016,1,Districte I,1,Centre,133,65-74,60,43,103
1994,5,Districte V,10,Pubilla Cases,537,03-11,48,51,99
2014,5,Districte V,10,Pubilla Cases,517,12-15,34,49,83
2004,6,Districte VI,12,Bellvitge,604,12-15,16,15,31
2005,4,Districte IV,7,la Florida,408,75 i +,43,24,67
2008,6,Districte VI,12,Bellvitge,609,03-11,36,27,63
1997,1,Districte I,3,Sant Josep,120,25-34,109,106,215
1996,4,Districte IV,8,les Planes,438,16-17,2,10,12
2011,2,Districte II,4,la Torrassa,211,25-34,122,141,263
2003,5,Districte V,10,Pubilla Cases,533,35-49,93,124,217
1999,1,Districte I,3,Sant Josep,115,16-17,16,17,33
1998,6,Districte VI,11,el Gornal,608,16-17,17,8,25
1995,4,Districte IV,7,la Florida,428,65-74,33,37,70
2012,2,Districte II,4,la Torrassa,245,03-11,37,44,81
2005,2,Districte II,4,la Torrassa,217,18-24,26,32,58
2012,4,Districte IV,7,la Florida,407,65-74,51,32,83
2006,2,Districte II,4,la Torrassa,234,12-15,14,14,28
2014,2,Districte II,4,la Torrassa,231,18-24,33,41,74
1994,3,Districte III,6,Santa Eulàlia,301,65-74,80,64,144
2000,3,Districte III,6,Santa Eulàlia,302,75 i +,53,20,73
2013,4,Districte IV,7,la Florida,425,75 i +,72,45,117
2005,5,Districte V,9,Can Serra,503,65-74,33,25,58
2016,2,Districte II,4,la Torrassa,240,00-02,26,25,51
2010,3,Districte III,6,Santa Eulàlia,322,25-34,136,121,257
2007,6,Districte VI,12,Bellvitge,601,12-15,26,20,46
1999,5,Districte V,10,Pubilla Cases,522,18-24,39,44,83
2014,4,Districte IV,7,la Florida,426,16-17,15,9,24
2009,5,Districte V,10,Pubilla Cases,523,35-49,190,192,382
1995,2,Districte II,4,la Torrassa,218,16-17,6,10,16
2016,1,Districte I,2,Sanfeliu,132,25-34,137,145,282
1998,4,Districte IV,8,les Planes,429,16-17,7,14,21
2009,5,Districte V,10,Pubilla Cases,514,12-15,17,13,30
2001,2,Districte II,4,la Torrassa,240,65-74,65,43,108
2001,5,Districte V,10,Pubilla Cases,533,50-64,81,69,150
1995,4,Districte IV,8,les Planes,435,00-02,8,9,17
2012,4,Districte IV,7,la Florida,402,35-49,113,121,234
1999,1,Districte I,1,Centre,102,12-15,30,30,60
2011,5,Districte V,9,Can Serra,503,25-34,61,67,128
1995,1,Districte I,1,Centre,130,35-49,63,66,129
1996,1,Districte I,2,Sanfeliu,116,12-15,53,37,90
2000,4,Districte IV,7,la Florida,421,25-34,120,109,229
1997,4,Districte IV,8,les Planes,429,65-74,41,34,75
2014,6,Districte VI,12,Bellvitge,615,12-15,17,10,27
2012,3,Districte III,6,Santa Eulàlia,316,50-64,392,327,719
2004,4,Districte IV,7,la Florida,425,00-02,11,15,26
2002,4,Districte IV,8,les Planes,442,12-15,13,10,23
2007,3,Districte III,6,Santa Eulàlia,301,12-15,45,41,86
2011,3,Districte III,6,Santa Eulàlia,320,03-11,62,58,120
2004,3,Districte III,6,Santa Eulàlia,316,03-11,55,73,128
2015,4,Districte IV,7,la Florida,432,12-15,24,13,37
2003,4,Districte IV,8,les Planes,435,75 i +,95,48,143
1997,4,Districte IV,8,les Planes,442,18-24,37,39,76
2001,2,Districte II,4,la Torrassa,235,75 i +,72,47,119
2004,4,Districte IV,8,les Planes,433,50-64,70,78,148
1997,2,Districte II,5,Collblanc,208,65-74,137,109,246
1995,1,Districte I,1,Centre,113,03-11,80,81,161
1994,4,Districte IV,7,la Florida,428,00-02,8,9,17
2012,4,Districte IV,8,les Planes,439,50-64,62,75,137
2003,6,Districte VI,12,Bellvitge,628,16-17,12,10,22
1997,2,Districte II,5,Collblanc,212,16-17,13,13,26
2013,3,Districte III,6,Santa Eulàlia,307,12-15,14,18,32
2008,2,Districte II,5,Collblanc,216,75 i +,75,50,125
2003,6,Districte VI,12,Bellvitge,612,35-49,75,79,154
1999,4,Districte IV,8,les Planes,420,00-02,8,6,14
2007,4,Districte IV,7,la Florida,427,00-02,24,20,44
2008,2,Districte II,4,la Torrassa,248,50-64,92,92,184
2008,5,Districte V,10,Pubilla Cases,519,00-02,6,12,18
2015,2,Districte II,5,Collblanc,204,50-64,137,132,269
2009,3,Districte III,6,Santa Eulàlia,323,65-74,79,93,172
1996,4,Districte IV,7,la Florida,416,03-11,18,20,38
2009,1,Districte I,3,Sant Josep,119,12-15,13,17,30
2009,4,Districte IV,7,la Florida,404,12-15,28,33,61
1997,1,Districte I,3,Sant Josep,120,12-15,38,46,84
2005,1,Districte I,1,Centre,134,03-11,48,51,99
1997,6,Districte VI,12,Bellvitge,620,00-02,3,6,9
1997,3,Districte III,6,Santa Eulàlia,320,35-49,56,41,97
2014,2,Districte II,4,la Torrassa,238,18-24,34,37,71
2012,6,Districte VI,12,Bellvitge,624,18-24,34,35,69
2000,2,Districte II,4,la Torrassa,240,75 i +,43,20,63
2007,4,Districte IV,8,les Planes,434,50-64,46,52,98
2010,1,Districte I,3,Sant Josep,121,18-24,25,24,49
2000,4,Districte IV,7,la Florida,424,65-74,30,41,71
2006,5,Districte V,10,Pubilla Cases,538,03-11,41,53,94
2013,2,Districte II,4,la Torrassa,229,65-74,62,35,97
2009,4,Districte IV,8,les Planes,434,00-02,7,15,22
2010,3,Districte III,6,Santa Eulàlia,303,50-64,125,109,234
2003,1,Districte I,3,Sant Josep,136,03-11,44,46,90
2006,5,Districte V,10,Pubilla Cases,515,50-64,43,31,74
2003,2,Districte II,4,la Torrassa,234,00-02,9,8,17
2005,5,Districte V,10,Pubilla Cases,523,75 i +,102,51,153
1994,6,Districte VI,12,Bellvitge,624,03-11,43,44,87
1997,6,Districte VI,11,el Gornal,632,03-11,46,45,91
1994,4,Districte IV,7,la Florida,424,50-64,67,74,141
1996,3,Districte III,6,Santa Eulàlia,309,16-17,17,12,29
1998,3,Districte III,6,Santa Eulàlia,325,50-64,198,179,377
2005,2,Districte II,5,Collblanc,201,18-24,20,27,47
2006,5,Districte V,10,Pubilla Cases,509,16-17,7,4,11
2015,4,Districte IV,8,les Planes,433,16-17,14,12,26
2014,2,Districte II,4,la Torrassa,246,00-02,18,18,36
2003,3,Districte III,6,Santa Eulàlia,317,50-64,68,75,143
2013,2,Districte II,4,la Torrassa,247,75 i +,80,41,121
2005,4,Districte IV,7,la Florida,417,65-74,34,22,56
2001,1,Districte I,3,Sant Josep,121,25-34,82,83,165
2003,5,Districte V,9,Can Serra,501,18-24,63,78,141
1996,5,Districte V,9,Can Serra,503,16-17,17,18,35
2012,2,Districte II,4,la Torrassa,236,16-17,11,9,20
1997,6,Districte VI,12,Bellvitge,620,65-74,14,21,35
1996,1,Districte I,1,Centre,103,16-17,6,15,21
1995,3,Districte III,6,Santa Eulàlia,319,65-74,34,29,63
2011,5,Districte V,10,Pubilla Cases,531,25-34,79,80,159
1999,3,Districte III,6,Santa Eulàlia,307,65-74,81,60,141
2007,2,Districte II,4,la Torrassa,233,18-24,44,44,88
1996,6,Districte VI,12,Bellvitge,601,75 i +,63,21,84
2014,1,Districte I,3,Sant Josep,114,12-15,24,26,50
2000,6,Districte VI,11,el Gornal,616,50-64,175,191,366
2016,4,Districte IV,7,la Florida,426,65-74,42,40,82
1996,1,Districte I,1,Centre,123,16-17,22,12,34
2000,3,Districte III,6,Santa Eulàlia,308,35-49,148,155,303
2011,2,Districte II,4,la Torrassa,242,18-24,30,46,76
1995,1,Districte I,1,Centre,107,35-49,193,200,393
2007,5,Districte V,10,Pubilla Cases,515,35-49,78,99,177
2015,5,Districte V,10,Pubilla Cases,529,65-74,51,43,94
1996,1,Districte I,3,Sant Josep,137,65-74,43,35,78
1995,6,Districte VI,12,Bellvitge,614,12-15,24,26,50
2009,1,Districte I,1,Centre,103,16-17,8,5,13
2001,4,Districte IV,8,les Planes,434,03-11,21,16,37
2001,3,Districte III,6,Santa Eulàlia,303,50-64,206,159,365
2000,1,Districte I,3,Sant Josep,114,16-17,17,21,38
2011,1,Districte I,1,Centre,128,75 i +,55,37,92
2000,5,Districte V,10,Pubilla Cases,519,12-15,8,9,17
2006,2,Districte II,5,Collblanc,215,03-11,35,38,73
2013,6,Districte VI,12,Bellvitge,609,35-49,106,101,207
2012,1,Districte I,1,Centre,104,12-15,18,16,34
1999,5,Districte V,10,Pubilla Cases,531,75 i +,46,24,70
2010,4,Districte IV,7,la Florida,410,50-64,163,139,302
2015,3,Districte III,6,Santa Eulàlia,326,12-15,13,11,24
1996,3,Districte III,6,Santa Eulàlia,316,35-49,481,419,900
2014,4,Districte IV,8,les Planes,441,12-15,34,32,66
2006,4,Districte IV,8,les Planes,440,00-02,11,6,17
2002,3,Districte III,6,Santa Eulàlia,315,65-74,49,43,92
2005,6,Districte VI,12,Bellvitge,618,35-49,67,60,127
2006,6,Districte VI,11,el Gornal,626,50-64,107,87,194
1998,2,Districte II,4,la Torrassa,229,03-11,18,18,36
1994,4,Districte IV,7,la Florida,407,50-64,125,126,251
1999,6,Districte VI,12,Bellvitge,610,50-64,217,204,421
2008,6,Districte VI,12,Bellvitge,609,18-24,31,30,61
2016,6,Districte VI,12,Bellvitge,613,03-11,40,50,90
2002,4,Districte IV,8,les Planes,436,65-74,36,28,64
1995,5,Districte V,10,Pubilla Cases,511,03-11,11,20,31
1998,4,Districte IV,7,la Florida,412,00-02,10,7,17
2000,6,Districte VI,12,Bellvitge,613,00-02,10,11,21
1999,4,Districte IV,7,la Florida,428,18-24,20,21,41
2003,5,Districte V,10,Pubilla Cases,526,75 i +,39,21,60
2000,4,Districte IV,8,les Planes,420,25-34,114,113,227
2000,3,Districte III,6,Santa Eulàlia,318,00-02,14,11,25
2004,3,Districte III,6,Santa Eulàlia,314,03-11,85,91,176
1995,4,Districte IV,7,la Florida,412,16-17,34,37,71
2003,4,Districte IV,8,les Planes,441,35-49,232,218,450
2001,5,Districte V,10,Pubilla Cases,515,75 i +,23,13,36
1999,2,Districte II,4,la Torrassa,240,12-15,7,13,20
2000,4,Districte IV,7,la Florida,403,12-15,25,17,42
1995,2,Districte II,4,la Torrassa,231,00-02,7,12,19
2007,2,Districte II,4,la Torrassa,243,03-11,48,63,111
1997,4,Districte IV,7,la Florida,405,35-49,50,62,112
2000,6,Districte VI,11,el Gornal,622,03-11,28,45,73
2010,5,Districte V,10,Pubilla Cases,519,03-11,25,38,63
1994,5,Districte V,10,Pubilla Cases,528,03-11,41,37,78
2007,6,Districte VI,12,Bellvitge,623,12-15,17,25,42
1997,1,Districte I,3,Sant Josep,127,25-34,69,66,135
2002,1,Districte I,1,Centre,104,25-34,76,88,164
2013,6,Districte VI,11,el Gornal,608,18-24,42,37,79
1998,6,Districte VI,11,el Gornal,629,03-11,25,19,44
2006,2,Districte II,5,Collblanc,227,75 i +,53,36,89
2012,5,Districte V,10,Pubilla Cases,518,75 i +,73,55,128
2010,6,Districte VI,11,el Gornal,629,16-17,3,2,5
2009,1,Districte I,1,Centre,134,16-17,7,7,14
2011,5,Districte V,10,Pubilla Cases,533,50-64,56,61,117
1994,2,Districte II,5,Collblanc,203,65-74,63,47,110
1999,4,Districte IV,7,la Florida,430,75 i +,52,27,79
1998,5,Districte V,10,Pubilla Cases,511,00-02,8,4,12
1999,6,Districte VI,12,Bellvitge,605,75 i +,24,14,38
2008,4,Districte IV,8,les Planes,439,35-49,144,161,305
1998,5,Districte V,10,Pubilla Cases,519,35-49,40,46,86
2003,2,Districte II,5,Collblanc,206,35-49,99,91,190
2001,2,Districte II,5,Collblanc,224,12-15,7,7,14
1996,2,Districte II,5,Collblanc,215,18-24,43,47,90
2005,4,Districte IV,7,la Florida,423,16-17,8,4,12
2010,6,Districte VI,11,el Gornal,616,00-02,47,38,85
2014,2,Districte II,4,la Torrassa,231,65-74,45,33,78
2002,5,Districte V,10,Pubilla Cases,528,65-74,60,62,122
2011,1,Districte I,3,Sant Josep,137,00-02,23,24,47
2003,4,Districte IV,8,les Planes,436,12-15,18,25,43
1995,4,Districte IV,7,la Florida,406,25-34,97,106,203
1999,6,Districte VI,12,Bellvitge,615,35-49,48,43,91
2016,2,Districte II,5,Collblanc,205,16-17,8,11,19
2011,1,Districte I,1,Centre,113,75 i +,61,43,104
1994,5,Districte V,10,Pubilla Cases,519,00-02,4,8,12
2006,2,Districte II,4,la Torrassa,241,16-17,11,9,20
2000,1,Districte I,1,Centre,113,65-74,52,34,86
2016,1,Districte I,1,Centre,101,75 i +,64,41,105
2001,4,Districte IV,7,la Florida,403,35-49,100,99,199
1996,1,Districte I,3,Sant Josep,117,18-24,123,162,285
2010,2,Districte II,4,la Torrassa,229,00-02,13,14,27
2012,4,Districte IV,8,les Planes,433,03-11,46,65,111
2005,1,Districte I,1,Centre,131,00-02,11,22,33
2016,6,Districte VI,12,Bellvitge,630,35-49,97,99,196
2001,5,Districte V,9,Can Serra,521,25-34,108,111,219
2016,2,Districte II,4,la Torrassa,236,03-11,43,58,101
2007,2,Districte II,4,la Torrassa,231,16-17,6,6,12
2016,6,Districte VI,12,Bellvitge,606,25-34,58,67,125
2007,6,Districte VI,12,Bellvitge,607,00-02,15,17,32
1994,4,Districte IV,8,les Planes,434,25-34,42,43,85
2010,3,Districte III,6,Santa Eulàlia,315,65-74,66,55,121
2013,3,Districte III,6,Santa Eulàlia,324,75 i +,49,26,75
2002,2,Districte II,5,Collblanc,221,16-17,9,10,19
2001,4,Districte IV,7,la Florida,413,35-49,48,63,111
1996,5,Districte V,10,Pubilla Cases,531,16-17,8,8,16
2006,2,Districte II,5,Collblanc,209,00-02,10,17,27
2002,6,Districte VI,12,Bellvitge,628,35-49,97,81,178
2009,5,Districte V,10,Pubilla Cases,509,00-02,26,24,50
1996,5,Districte V,10,Pubilla Cases,525,65-74,43,37,80
1999,1,Districte I,3,Sant Josep,125,35-49,139,120,259
2011,5,Districte V,9,Can Serra,507,75 i +,50,22,72
2007,5,Districte V,10,Pubilla Cases,529,18-24,56,47,103
2006,5,Districte V,9,Can Serra,503,75 i +,36,11,47
2003,4,Districte IV,7,la Florida,431,00-02,20,23,43
1996,4,Districte IV,7,la Florida,424,03-11,18,15,33
2010,2,Districte II,5,Collblanc,201,25-34,115,106,221
2006,5,Districte V,10,Pubilla Cases,510,75 i +,59,33,92
2012,1,Districte I,1,Centre,110,65-74,88,83,171
2007,3,Districte III,6,Santa Eulàlia,321,00-02,29,27,56
2001,1,Districte I,3,Sant Josep,140,12-15,6,14,20
2005,1,Districte I,2,Sanfeliu,132,35-49,231,237,468
2006,4,Districte IV,7,la Florida,431,00-02,24,21,45
2005,6,Districte VI,12,Bellvitge,602,35-49,52,62,114
2003,5,Districte V,9,Can Serra,506,16-17,14,20,34
2015,3,Districte III,6,Santa Eulàlia,306,18-24,65,53,118
2005,6,Districte VI,11,el Gornal,626,35-49,87,100,187
1998,2,Districte II,5,Collblanc,207,12-15,7,8,15
2016,2,Districte II,4,la Torrassa,236,12-15,14,16,30
2011,4,Districte IV,7,la Florida,412,12-15,24,17,41
2011,2,Districte II,4,la Torrassa,233,50-64,61,72,133
1998,4,Districte IV,7,la Florida,413,12-15,7,9,16
2004,5,Districte V,10,Pubilla Cases,514,75 i +,29,15,44
2015,6,Districte VI,12,Bellvitge,613,50-64,71,68,139
2000,1,Districte I,2,Sanfeliu,132,18-24,130,152,282
1996,5,Districte V,10,Pubilla Cases,528,00-02,11,14,25
1999,5,Districte V,10,Pubilla Cases,525,16-17,11,8,19
1998,1,Districte I,1,Centre,133,35-49,95,82,177
2001,2,Districte II,5,Collblanc,203,03-11,20,18,38
1996,6,Districte VI,12,Bellvitge,610,65-74,64,47,111
2014,3,Districte III,6,Santa Eulàlia,326,18-24,15,16,31
1998,5,Districte V,10,Pubilla Cases,512,50-64,108,106,214
2009,6,Districte VI,12,Bellvitge,621,03-11,42,64,106
2007,4,Districte IV,8,les Planes,401,16-17,13,15,28
2012,1,Districte I,1,Centre,110,50-64,153,131,284
1994,2,Districte II,4,la Torrassa,240,35-49,57,48,105
2011,3,Districte III,6,Santa Eulàlia,310,03-11,36,43,79
2014,6,Districte VI,12,Bellvitge,614,18-24,25,29,54
2007,6,Districte VI,12,Bellvitge,619,00-02,16,14,30
2007,1,Districte I,1,Centre,105,16-17,16,24,40
2009,2,Districte II,5,Collblanc,225,00-02,15,9,24
2003,1,Districte I,1,Centre,102,75 i +,73,37,110
2003,6,Districte VI,12,Bellvitge,623,16-17,15,15,30
1997,2,Districte II,4,la Torrassa,243,18-24,65,57,122
1994,4,Districte IV,7,la Florida,411,65-74,66,65,131
2009,4,Districte IV,7,la Florida,410,50-64,161,147,308
2014,4,Districte IV,8,les Planes,436,35-49,196,231,427
2005,2,Districte II,5,Collblanc,206,65-74,62,42,104
1997,2,Districte II,5,Collblanc,209,12-15,8,14,22
1998,4,Districte IV,7,la Florida,422,25-34,75,80,155
1998,1,Districte I,3,Sant Josep,106,16-17,38,33,71
2013,1,Districte I,1,Centre,107,35-49,214,208,422
2006,4,Districte IV,8,les Planes,442,25-34,41,65,106
2001,5,Districte V,10,Pubilla Cases,522,16-17,15,8,23
1998,5,Districte V,10,Pubilla Cases,534,00-02,8,8,16
1994,4,Districte IV,7,la Florida,415,03-11,25,23,48
2011,5,Districte V,10,Pubilla Cases,511,12-15,14,13,27
1999,4,Districte IV,7,la Florida,415,65-74,45,35,80
2016,1,Districte I,3,Sant Josep,121,65-74,25,22,47
2007,1,Districte I,3,Sant Josep,136,16-17,7,9,16
2016,1,Districte I,3,Sant Josep,119,35-49,119,147,266
2011,5,Districte V,10,Pubilla Cases,522,50-64,72,59,131
2007,2,Districte II,5,Collblanc,226,35-49,135,147,282
1995,4,Districte IV,7,la Florida,431,03-11,53,59,112
1997,5,Districte V,10,Pubilla Cases,534,00-02,9,9,18
2000,4,Districte IV,7,la Florida,406,03-11,39,39,78
1994,6,Districte VI,11,el Gornal,626,25-34,103,107,210
2008,2,Districte II,5,Collblanc,227,00-02,7,8,15
2011,4,Districte IV,7,la Florida,408,12-15,9,18,27
2002,6,Districte VI,12,Bellvitge,607,75 i +,34,20,54
2014,2,Districte II,4,la Torrassa,233,16-17,6,11,17
2010,5,Districte V,10,Pubilla Cases,518,00-02,13,14,27
2014,5,Districte V,9,Can Serra,502,03-11,65,63,128
2006,1,Districte I,1,Centre,111,35-49,106,100,206
2011,3,Districte III,6,Santa Eulàlia,301,18-24,76,82,158
1997,1,Districte I,1,Centre,134,00-02,8,12,20
2003,4,Districte IV,7,la Florida,415,16-17,6,7,13
2006,2,Districte II,5,Collblanc,227,03-11,35,25,60
1996,3,Districte III,6,Santa Eulàlia,305,65-74,83,60,143
1999,2,Districte II,4,la Torrassa,235,03-11,29,30,59
2013,1,Districte I,1,Centre,131,75 i +,69,56,125
1999,2,Districte II,5,Collblanc,222,03-11,36,28,64
2005,2,Districte II,5,Collblanc,215,75 i +,70,38,108
2004,5,Districte V,10,Pubilla Cases,512,65-74,51,52,103
2003,3,Districte III,6,Santa Eulàlia,316,12-15,64,52,116
2011,6,Districte VI,11,el Gornal,629,25-34,36,42,78
2000,2,Districte II,5,Collblanc,244,16-17,1,3,4
2004,5,Districte V,9,Can Serra,505,03-11,30,22,52
2006,2,Districte II,5,Collblanc,201,65-74,58,43,101
2008,1,Districte I,2,Sanfeliu,118,25-34,152,172,324
2015,2,Districte II,5,Collblanc,221,18-24,83,77,160
2001,5,Districte V,10,Pubilla Cases,511,12-15,6,9,15
2006,6,Districte VI,12,Bellvitge,612,00-02,16,8,24
2004,5,Districte V,9,Can Serra,505,12-15,12,15,27
2010,4,Districte IV,8,les Planes,442,50-64,50,50,100
2004,1,Districte I,3,Sant Josep,117,65-74,71,62,133
2014,2,Districte II,4,la Torrassa,249,16-17,8,10,18
2003,1,Districte I,3,Sant Josep,139,12-15,13,14,27
2006,1,Districte I,3,Sant Josep,121,18-24,18,25,43
2009,3,Districte III,6,Santa Eulàlia,307,12-15,14,18,32
1998,1,Districte I,1,Centre,133,03-11,23,32,55
2016,4,Districte IV,8,les Planes,441,16-17,24,23,47
1996,2,Districte II,5,Collblanc,213,00-02,4,8,12
2010,1,Districte I,1,Centre,135,65-74,79,73,152
1994,3,Districte III,6,Santa Eulàlia,320,65-74,45,25,70
2003,2,Districte II,5,Collblanc,203,75 i +,44,31,75
2002,2,Districte II,4,la Torrassa,249,50-64,94,75,169
2007,5,Districte V,10,Pubilla Cases,513,75 i +,42,23,65
2011,4,Districte IV,7,la Florida,415,25-34,99,100,199
1995,1,Districte I,1,Centre,113,25-34,82,79,161
2008,2,Districte II,5,Collblanc,219,12-15,34,19,53
2016,5,Districte V,9,Can Serra,505,03-11,37,43,80
2013,6,Districte VI,12,Bellvitge,615,50-64,68,35,103
2007,4,Districte IV,7,la Florida,427,25-34,108,116,224
2013,1,Districte I,1,Centre,135,18-24,50,42,92
2009,2,Districte II,4,la Torrassa,242,75 i +,86,51,137
2009,1,Districte I,3,Sant Josep,119,18-24,45,43,88
2016,6,Districte VI,12,Bellvitge,618,12-15,29,30,59
2012,5,Districte V,9,Can Serra,507,35-49,98,111,209
2007,6,Districte VI,12,Bellvitge,604,03-11,23,35,58
1997,1,Districte I,3,Sant Josep,121,18-24,30,33,63
2016,2,Districte II,4,la Torrassa,228,00-02,27,31,58
2011,3,Districte III,6,Santa Eulàlia,315,25-34,153,181,334
2008,6,Districte VI,12,Bellvitge,605,03-11,16,19,35
2010,2,Districte II,4,la Torrassa,240,18-24,29,29,58
1995,3,Districte III,6,Santa Eulàlia,320,50-64,113,130,243
1997,1,Districte I,1,Centre,123,00-02,7,13,20
2007,3,Districte III,6,Santa Eulàlia,324,25-34,106,116,222
1998,1,Districte I,1,Centre,113,16-17,31,22,53
2002,6,Districte VI,11,el Gornal,616,50-64,201,214,415
1997,2,Districte II,4,la Torrassa,228,25-34,64,59,123
1995,6,Districte VI,12,Bellvitge,614,16-17,16,23,39
1994,1,Districte I,1,Centre,131,50-64,101,116,217
1998,2,Districte II,5,Collblanc,244,18-24,32,16,48
2003,1,Districte I,3,Sant Josep,127,25-34,72,77,149
2001,2,Districte II,4,la Torrassa,232,75 i +,70,38,108
2015,1,Districte I,3,Sant Josep,140,03-11,37,54,91
2004,6,Districte VI,12,Bellvitge,623,35-49,120,113,233
2008,3,Districte III,6,Santa Eulàlia,312,75 i +,62,35,97
2008,2,Districte II,5,Collblanc,204,18-24,33,29,62
2005,2,Districte II,5,Collblanc,209,75 i +,88,50,138
2016,2,Districte II,4,la Torrassa,236,35-49,131,129,260
2005,1,Districte I,1,Centre,134,12-15,15,21,36
2000,3,Districte III,6,Santa Eulàlia,315,25-34,128,129,257
2010,1,Districte I,1,Centre,105,00-02,21,16,37
2001,1,Districte I,1,Centre,135,12-15,29,26,55
1998,6,Districte VI,11,el Gornal,608,65-74,50,44,94
2000,2,Districte II,4,la Torrassa,243,18-24,52,53,105
2013,1,Districte I,1,Centre,108,18-24,43,42,85
2014,2,Districte II,5,Collblanc,214,75 i +,119,75,194
1998,5,Districte V,9,Can Serra,505,16-17,19,14,33
2008,3,Districte III,6,Santa Eulàlia,319,25-34,185,202,387
2003,4,Districte IV,7,la Florida,425,03-11,29,32,61
1999,2,Districte II,4,la Torrassa,232,50-64,92,89,181
2006,2,Districte II,5,Collblanc,216,03-11,59,29,88
2002,6,Districte VI,12,Bellvitge,624,65-74,50,43,93
2009,2,Districte II,4,la Torrassa,246,50-64,76,71,147
2010,3,Districte III,6,Santa Eulàlia,306,16-17,22,14,36
2014,6,Districte VI,12,Bellvitge,627,18-24,11,26,37
1996,6,Districte VI,11,el Gornal,626,03-11,36,39,75
2011,3,Districte III,6,Santa Eulàlia,310,16-17,8,6,14
1997,4,Districte IV,7,la Florida,406,03-11,49,49,98
1996,5,Districte V,10,Pubilla Cases,525,25-34,71,77,148
2014,2,Districte II,5,Collblanc,213,18-24,35,38,73
2001,5,Districte V,10,Pubilla Cases,512,12-15,14,17,31
2009,1,Districte I,1,Centre,133,03-11,46,38,84
2006,2,Districte II,5,Collblanc,212,12-15,21,29,50
2012,6,Districte VI,11,el Gornal,632,35-49,105,116,221
2006,1,Districte I,1,Centre,135,03-11,59,49,108
1995,5,Districte V,10,Pubilla Cases,519,25-34,60,62,122
1999,2,Districte II,5,Collblanc,207,65-74,65,33,98
2009,2,Districte II,5,Collblanc,225,75 i +,49,20,69
1997,6,Districte VI,12,Bellvitge,602,18-24,40,37,77
2006,2,Districte II,5,Collblanc,222,00-02,11,13,24
2012,3,Districte III,6,Santa Eulàlia,302,16-17,9,12,21
1998,3,Districte III,6,Santa Eulàlia,314,12-15,78,86,164
1995,2,Districte II,4,la Torrassa,249,12-15,13,19,32
2015,2,Districte II,4,la Torrassa,217,03-11,38,50,88
2004,2,Districte II,4,la Torrassa,211,12-15,24,17,41
2012,6,Districte VI,12,Bellvitge,618,75 i +,24,18,42
2015,1,Districte I,2,Sanfeliu,116,35-49,151,166,317
2015,2,Districte II,4,la Torrassa,211,12-15,22,34,56
2010,4,Districte IV,7,la Florida,407,65-74,60,35,95
2015,3,Districte III,6,Santa Eulàlia,326,03-11,62,52,114
1994,4,Districte IV,8,les Planes,418,16-17,18,11,29
2012,4,Districte IV,7,la Florida,414,03-11,49,41,90
2002,2,Districte II,5,Collblanc,208,18-24,74,83,157
2013,2,Districte II,5,Collblanc,226,16-17,11,21,32
2008,3,Districte III,6,Santa Eulàlia,313,65-74,86,80,166
2006,1,Districte I,3,Sant Josep,114,65-74,83,87,170
2014,4,Districte IV,8,les Planes,436,12-15,38,34,72
2005,6,Districte VI,12,Bellvitge,627,35-49,103,81,184
2005,2,Districte II,5,Collblanc,213,35-49,117,123,240
2008,1,Districte I,1,Centre,130,00-02,21,14,35
2006,6,Districte VI,12,Bellvitge,613,12-15,15,16,31
2011,1,Districte I,1,Centre,128,65-74,53,53,106
2000,1,Districte I,1,Centre,101,00-02,21,14,35
2000,4,Districte IV,7,la Florida,430,65-74,52,51,103
1999,1,Districte I,3,Sant Josep,139,12-15,13,19,32
2016,4,Districte IV,7,la Florida,425,12-15,16,23,39
2005,1,Districte I,3,Sant Josep,126,18-24,30,34,64
2006,6,Districte VI,12,Bellvitge,618,16-17,4,4,8
2009,5,Districte V,10,Pubilla Cases,531,03-11,31,39,70
1998,3,Districte III,6,Santa Eulàlia,312,65-74,57,43,100
1998,2,Districte II,5,Collblanc,205,18-24,48,54,102
2014,4,Districte IV,7,la Florida,432,16-17,10,17,27
1998,5,Districte V,9,Can Serra,503,18-24,65,77,142
2009,1,Districte I,1,Centre,124,00-02,15,9,24
2015,1,Districte I,1,Centre,105,35-49,137,134,271
2015,2,Districte II,5,Collblanc,208,35-49,179,152,331
2003,6,Districte VI,12,Bellvitge,604,00-02,6,12,18
2013,3,Districte III,6,Santa Eulàlia,321,00-02,20,22,42
1996,3,Districte III,6,Santa Eulàlia,302,35-49,197,174,371
2010,2,Districte II,5,Collblanc,203,75 i +,53,29,82
1996,6,Districte VI,11,el Gornal,622,12-15,31,30,61
1996,3,Districte III,6,Santa Eulàlia,311,35-49,131,102,233
2008,2,Districte II,4,la Torrassa,237,25-34,135,155,290
2010,1,Districte I,1,Centre,134,75 i +,76,35,111
2008,4,Districte IV,8,les Planes,438,65-74,66,53,119
2005,6,Districte VI,12,Bellvitge,605,18-24,24,21,45
2005,3,Districte III,6,Santa Eulàlia,322,00-02,21,15,36
2008,2,Districte II,5,Collblanc,209,00-02,9,18,27
2016,5,Districte V,10,Pubilla Cases,533,12-15,34,27,61
1996,6,Districte VI,12,Bellvitge,620,03-11,25,29,54
2013,4,Districte IV,8,les Planes,419,75 i +,104,84,188
2016,5,Districte V,10,Pubilla Cases,532,65-74,77,57,134
2015,4,Districte IV,7,la Florida,425,00-02,12,15,27
2006,3,Districte III,6,Santa Eulàlia,309,18-24,33,34,67
2009,2,Districte II,4,la Torrassa,218,75 i +,40,20,60
2012,2,Districte II,4,la Torrassa,211,35-49,185,195,380
2008,5,Districte V,10,Pubilla Cases,533,18-24,53,46,99
2000,6,Districte VI,12,Bellvitge,612,50-64,173,142,315
1994,2,Districte II,4,la Torrassa,249,65-74,67,54,121
2008,4,Districte IV,8,les Planes,418,25-34,127,136,263
2013,2,Districte II,4,la Torrassa,248,00-02,13,24,37
1995,4,Districte IV,7,la Florida,424,35-49,59,51,110
1996,2,Districte II,5,Collblanc,244,35-49,51,53,104
2004,4,Districte IV,8,les Planes,434,65-74,39,23,62
2003,4,Districte IV,7,la Florida,410,35-49,142,165,307
2013,6,Districte VI,11,el Gornal,617,50-64,82,66,148
2009,3,Districte III,6,Santa Eulàlia,302,50-64,170,149,319
2011,6,Districte VI,12,Bellvitge,601,35-49,141,177,318
2003,2,Districte II,4,la Torrassa,249,75 i +,57,37,94
1994,1,Districte I,1,Centre,103,65-74,43,33,76
1995,6,Districte VI,12,Bellvitge,610,25-34,90,130,220
2004,2,Districte II,5,Collblanc,222,03-11,41,28,69
2012,5,Districte V,10,Pubilla Cases,536,03-11,42,38,80
2007,5,Districte V,10,Pubilla Cases,514,35-49,87,111,198
2013,1,Districte I,3,Sant Josep,139,75 i +,36,29,65
2004,5,Districte V,10,Pubilla Cases,511,12-15,12,10,22
2002,4,Districte IV,7,la Florida,407,50-64,81,80,161
2014,1,Districte I,1,Centre,107,12-15,24,17,41
2016,1,Districte I,2,Sanfeliu,132,03-11,96,75,171
2016,2,Districte II,4,la Torrassa,234,25-34,81,79,160
1997,6,Districte VI,12,Bellvitge,604,18-24,53,61,114
1999,1,Districte I,3,Sant Josep,117,18-24,116,139,255
2005,5,Districte V,10,Pubilla Cases,515,35-49,84,90,174
2012,1,Districte I,3,Sant Josep,127,00-02,12,11,23
2015,4,Districte IV,7,la Florida,407,25-34,66,80,146
2005,2,Districte II,4,la Torrassa,217,35-49,83,99,182
1998,2,Districte II,5,Collblanc,223,18-24,43,44,87
2008,6,Districte VI,12,Bellvitge,620,00-02,0,7,7
2001,5,Districte V,10,Pubilla Cases,538,75 i +,63,34,97
2014,5,Districte V,9,Can Serra,506,75 i +,97,73,170
1996,1,Districte I,1,Centre,105,03-11,52,66,118
2016,2,Districte II,4,la Torrassa,231,25-34,109,94,203
2004,2,Districte II,5,Collblanc,210,00-02,6,9,15
2004,6,Districte VI,12,Bellvitge,613,50-64,180,147,327
2010,5,Districte V,10,Pubilla Cases,531,18-24,42,37,79
2010,2,Districte II,5,Collblanc,213,00-02,16,20,36
1996,6,Districte VI,12,Bellvitge,623,65-74,47,33,80
2004,2,Districte II,4,la Torrassa,248,16-17,7,10,17
1995,4,Districte IV,7,la Florida,403,03-11,40,39,79
1996,5,Districte V,10,Pubilla Cases,520,00-02,13,8,21
2008,4,Districte IV,7,la Florida,410,35-49,162,168,330
2013,2,Districte II,4,la Torrassa,249,18-24,54,45,99
2006,5,Districte V,10,Pubilla Cases,511,35-49,79,72,151
2008,3,Districte III,6,Santa Eulàlia,320,50-64,101,89,190
2015,6,Districte VI,12,Bellvitge,602,35-49,165,160,325
2011,1,Districte I,1,Centre,101,18-24,41,44,85
2016,6,Districte VI,12,Bellvitge,615,03-11,31,32,63
1997,1,Districte I,1,Centre,123,18-24,66,62,128
2016,2,Districte II,4,la Torrassa,228,12-15,39,50,89
2000,6,Districte VI,12,Bellvitge,621,00-02,12,16,28
2008,6,Districte VI,12,Bellvitge,611,18-24,66,51,117
2016,3,Districte III,6,Santa Eulàlia,306,16-17,26,12,38
2006,6,Districte VI,11,el Gornal,616,00-02,35,40,75
2011,1,Districte I,1,Centre,109,35-49,122,122,244
2007,2,Districte II,4,la Torrassa,249,12-15,15,19,34
1994,2,Districte II,5,Collblanc,221,03-11,31,50,81
2000,1,Districte I,3,Sant Josep,137,12-15,27,31,58
2002,4,Districte IV,7,la Florida,405,75 i +,39,28,67
2006,5,Districte V,10,Pubilla Cases,512,25-34,84,102,186
2011,2,Districte II,4,la Torrassa,235,35-49,200,224,424
1996,1,Districte I,1,Centre,101,50-64,78,84,162
1998,6,Districte VI,12,Bellvitge,613,03-11,42,35,77
2000,2,Districte II,5,Collblanc,205,65-74,62,54,116
2001,4,Districte IV,7,la Florida,413,00-02,2,4,6
2014,1,Districte I,3,Sant Josep,138,50-64,97,82,179
2001,6,Districte VI,12,Bellvitge,621,75 i +,31,19,50
1998,4,Districte IV,7,la Florida,415,03-11,22,17,39
2006,4,Districte IV,8,les Planes,433,03-11,55,61,116
2003,2,Districte II,4,la Torrassa,228,50-64,54,49,103
1996,4,Districte IV,7,la Florida,413,25-34,45,53,98
2010,5,Districte V,9,Can Serra,506,65-74,107,117,224
2000,3,Districte III,6,Santa Eulàlia,316,00-02,12,16,28
2011,6,Districte VI,12,Bellvitge,631,35-49,120,126,246
2016,4,Districte IV,8,les Planes,435,75 i +,67,29,96
1997,6,Districte VI,12,Bellvitge,601,16-17,27,27,54
1999,6,Districte VI,12,Bellvitge,602,18-24,31,24,55
2000,2,Districte II,4,la Torrassa,237,16-17,14,5,19
2013,4,Districte IV,7,la Florida,410,03-11,59,64,123
1994,1,Districte I,2,Sanfeliu,129,25-34,85,92,177
2005,6,Districte VI,12,Bellvitge,602,75 i +,21,12,33
2004,6,Districte VI,12,Bellvitge,624,65-74,47,45,92
2003,4,Districte IV,7,la Florida,427,18-24,40,34,74
2014,3,Districte III,6,Santa Eulàlia,314,75 i +,90,58,148
2008,6,Districte VI,12,Bellvitge,605,65-74,62,69,131
2010,6,Districte VI,12,Bellvitge,631,00-02,13,17,30
2005,3,Districte III,6,Santa Eulàlia,309,25-34,100,114,214
1998,5,Districte V,10,Pubilla Cases,518,25-34,97,113,210
2000,2,Districte II,5,Collblanc,203,18-24,29,31,60
2016,1,Districte I,2,Sanfeliu,118,18-24,64,57,121
2004,2,Districte II,5,Collblanc,204,35-49,54,65,119
2002,3,Districte III,6,Santa Eulàlia,325,03-11,73,67,140
1999,5,Districte V,10,Pubilla Cases,532,50-64,155,148,303
1995,4,Districte IV,7,la Florida,425,25-34,72,80,152
2005,1,Districte I,2,Sanfeliu,129,18-24,57,49,106
2010,3,Districte III,6,Santa Eulàlia,320,65-74,61,58,119
2001,3,Districte III,6,Santa Eulàlia,302,16-17,13,9,22
2010,1,Districte I,1,Centre,124,50-64,100,82,182
2004,1,Districte I,3,Sant Josep,136,25-34,121,136,257
2014,1,Districte I,3,Sant Josep,136,00-02,21,20,41
2014,2,Districte II,5,Collblanc,220,16-17,13,17,30
2007,2,Districte II,4,la Torrassa,236,18-24,58,50,108
1996,2,Districte II,5,Collblanc,204,12-15,6,10,16
2016,6,Districte VI,12,Bellvitge,602,18-24,43,53,96
2002,2,Districte II,4,la Torrassa,233,25-34,77,80,157
2006,2,Districte II,4,la Torrassa,246,03-11,45,35,80
2013,3,Districte III,6,Santa Eulàlia,327,12-15,18,21,39
1995,6,Districte VI,11,el Gornal,617,35-49,110,110,220
1998,4,Districte IV,7,la Florida,424,16-17,3,9,12
2000,6,Districte VI,11,el Gornal,608,65-74,59,52,111
1999,1,Districte I,2,Sanfeliu,129,35-49,92,104,196
2001,6,Districte VI,12,Bellvitge,628,12-15,16,19,35
2012,4,Districte IV,7,la Florida,424,75 i +,31,33,64
1998,1,Districte I,3,Sant Josep,127,16-17,12,10,22
2013,2,Districte II,4,la Torrassa,245,75 i +,68,47,115
1995,4,Districte IV,7,la Florida,403,25-34,91,100,191
2009,6,Districte VI,12,Bellvitge,603,00-02,15,9,24
1994,2,Districte II,5,Collblanc,221,75 i +,44,20,64
2013,2,Districte II,4,la Torrassa,246,03-11,52,50,102
2010,1,Districte I,1,Centre,131,00-02,17,23,40
2005,6,Districte VI,12,Bellvitge,619,35-49,143,129,272
2009,6,Districte VI,11,el Gornal,626,50-64,94,87,181
2000,2,Districte II,4,la Torrassa,234,12-15,12,11,23
2008,6,Districte VI,12,Bellvitge,606,50-64,81,54,135
2015,4,Districte IV,7,la Florida,402,25-34,70,58,128
2008,1,Districte I,1,Centre,111,00-02,9,11,20
2003,5,Districte V,10,Pubilla Cases,510,75 i +,54,26,80
2005,6,Districte VI,12,Bellvitge,610,65-74,68,77,145
1999,6,Districte VI,12,Bellvitge,621,50-64,169,217,386
2012,5,Districte V,10,Pubilla Cases,528,00-02,21,14,35
2002,3,Districte III,6,Santa Eulàlia,306,75 i +,81,56,137
1999,1,Districte I,3,Sant Josep,139,50-64,81,85,166
2016,1,Districte I,1,Centre,103,65-74,38,31,69
2005,2,Districte II,4,la Torrassa,217,03-11,23,22,45
1998,3,Districte III,6,Santa Eulàlia,304,35-49,99,102,201
2015,1,Districte I,1,Centre,111,16-17,7,10,17
1995,6,Districte VI,11,el Gornal,608,03-11,44,62,106
1997,3,Districte III,6,Santa Eulàlia,322,00-02,15,12,27
2014,6,Districte VI,11,el Gornal,616,16-17,22,33,55
2006,4,Districte IV,7,la Florida,404,03-11,54,65,119
2010,1,Districte I,1,Centre,113,65-74,59,56,115
2009,3,Districte III,6,Santa Eulàlia,309,18-24,33,33,66
2004,1,Districte I,1,Centre,131,50-64,172,189,361
2005,6,Districte VI,12,Bellvitge,631,25-34,103,118,221
2011,6,Districte VI,12,Bellvitge,606,03-11,46,47,93
2015,1,Districte I,3,Sant Josep,117,35-49,205,210,415
1999,6,Districte VI,12,Bellvitge,624,03-11,39,33,72
2000,5,Districte V,10,Pubilla Cases,537,03-11,49,25,74
1998,1,Districte I,1,Centre,111,03-11,45,28,73
1998,2,Districte II,5,Collblanc,221,50-64,110,112,222
1998,5,Districte V,10,Pubilla Cases,514,25-34,60,53,113
2011,4,Districte IV,7,la Florida,407,00-02,19,15,34
2000,4,Districte IV,7,la Florida,404,75 i +,53,34,87
2004,1,Districte I,1,Centre,135,03-11,58,46,104
2016,6,Districte VI,12,Bellvitge,613,65-74,136,83,219
1994,2,Districte II,4,la Torrassa,240,18-24,45,35,80
2003,5,Districte V,10,Pubilla Cases,530,35-49,139,154,293
2000,2,Districte II,5,Collblanc,224,18-24,30,24,54
2003,4,Districte IV,7,la Florida,428,16-17,7,3,10
1999,4,Districte IV,7,la Florida,431,03-11,31,44,75
2016,2,Districte II,5,Collblanc,220,12-15,29,26,55
2015,3,Districte III,6,Santa Eulàlia,307,18-24,28,41,69
2000,1,Districte I,1,Centre,110,00-02,6,8,14
1995,2,Districte II,5,Collblanc,210,16-17,12,7,19
2000,5,Districte V,10,Pubilla Cases,510,16-17,7,10,17
1995,5,Districte V,10,Pubilla Cases,529,03-11,24,38,62
2000,6,Districte VI,12,Bellvitge,603,16-17,4,4,8
2015,5,Districte V,10,Pubilla Cases,514,16-17,21,15,36
2001,1,Districte I,1,Centre,107,35-49,176,154,330
2011,5,Districte V,10,Pubilla Cases,516,18-24,25,32,57
2004,2,Districte II,4,la Torrassa,229,75 i +,52,26,78
2011,3,Districte III,6,Santa Eulàlia,311,35-49,181,205,386
2014,4,Districte IV,8,les Planes,418,50-64,109,112,221
2015,2,Districte II,4,la Torrassa,231,50-64,93,85,178
2001,1,Districte I,1,Centre,130,75 i +,62,38,100
2012,1,Districte I,1,Centre,133,18-24,17,25,42
2006,2,Districte II,5,Collblanc,225,65-74,31,21,52
2013,1,Districte I,1,Centre,128,35-49,137,141,278
2008,2,Districte II,4,la Torrassa,235,35-49,195,200,395
2004,6,Districte VI,12,Bellvitge,613,35-49,86,101,187
2012,4,Districte IV,7,la Florida,407,16-17,7,3,10
2010,5,Districte V,10,Pubilla Cases,515,12-15,10,12,22
2007,2,Districte II,4,la Torrassa,229,75 i +,60,36,96
2010,1,Districte I,1,Centre,131,18-24,52,59,111
2007,5,Districte V,10,Pubilla Cases,527,65-74,51,35,86
2004,5,Districte V,9,Can Serra,521,75 i +,44,27,71
2011,1,Districte I,3,Sant Josep,140,35-49,110,145,255
1999,3,Districte III,6,Santa Eulàlia,301,12-15,36,53,89
1994,5,Districte V,10,Pubilla Cases,524,65-74,67,53,120
2011,5,Districte V,10,Pubilla Cases,508,65-74,30,21,51
2003,6,Districte VI,12,Bellvitge,631,35-49,78,87,165
2015,2,Districte II,5,Collblanc,201,50-64,89,84,173
2011,4,Districte IV,8,les Planes,437,75 i +,49,36,85
2005,1,Districte I,3,Sant Josep,139,65-74,33,25,58
2001,4,Districte IV,7,la Florida,425,25-34,92,80,172
2001,1,Districte I,3,Sant Josep,127,00-02,16,8,24
1994,2,Districte II,5,Collblanc,227,65-74,51,36,87
2009,3,Districte III,6,Santa Eulàlia,322,12-15,24,26,50
2007,2,Districte II,5,Collblanc,206,12-15,14,16,30
2009,1,Districte I,1,Centre,107,03-11,60,66,126
2002,4,Districte IV,7,la Florida,426,03-11,31,33,64
2012,5,Districte V,9,Can Serra,535,16-17,5,10,15
2000,1,Districte I,3,Sant Josep,114,12-15,26,23,49
2003,4,Districte IV,8,les Planes,429,12-15,7,16,23
2006,6,Districte VI,12,Bellvitge,601,25-34,111,117,228
2014,2,Districte II,5,Collblanc,214,25-34,196,156,352
2005,4,Districte IV,7,la Florida,415,50-64,50,55,105
1999,5,Districte V,10,Pubilla Cases,528,12-15,18,12,30
2009,3,Districte III,6,Santa Eulàlia,302,35-49,127,159,286
2012,1,Districte I,1,Centre,109,50-64,117,112,229
1994,1,Districte I,2,Sanfeliu,116,16-17,32,35,67
1994,5,Districte V,10,Pubilla Cases,514,18-24,44,38,82
1997,6,Districte VI,12,Bellvitge,620,16-17,15,13,28
2009,1,Districte I,3,Sant Josep,138,35-49,92,68,160
2002,1,Districte I,1,Centre,103,12-15,11,4,15
2002,2,Districte II,5,Collblanc,219,12-15,15,25,40
2008,1,Districte I,1,Centre,124,16-17,4,11,15
2009,2,Districte II,5,Collblanc,224,03-11,18,27,45
2013,5,Districte V,10,Pubilla Cases,529,65-74,57,40,97
2006,5,Districte V,9,Can Serra,505,25-34,121,120,241
2000,2,Districte II,4,la Torrassa,218,75 i +,45,20,65
2002,3,Districte III,6,Santa Eulàlia,322,00-02,14,27,41
2013,4,Districte IV,7,la Florida,426,16-17,5,8,13
2003,4,Districte IV,8,les Planes,437,75 i +,31,20,51
2012,4,Districte IV,8,les Planes,438,12-15,21,20,41
2012,2,Districte II,5,Collblanc,201,16-17,9,9,18
2003,2,Districte II,4,la Torrassa,228,00-02,5,4,9
1995,4,Districte IV,8,les Planes,440,03-11,21,25,46
2010,2,Districte II,5,Collblanc,226,35-49,160,161,321
2016,4,Districte IV,7,la Florida,426,12-15,11,16,27
2011,1,Districte I,3,Sant Josep,117,03-11,74,87,161
1997,5,Districte V,9,Can Serra,521,03-11,34,30,64
2010,6,Districte VI,12,Bellvitge,607,75 i +,56,51,107
2006,6,Districte VI,11,el Gornal,617,25-34,92,101,193
2013,2,Districte II,4,la Torrassa,232,25-34,93,78,171
1995,3,Districte III,6,Santa Eulàlia,310,25-34,68,55,123
2015,1,Districte I,2,Sanfeliu,132,03-11,92,76,168
2011,2,Districte II,4,la Torrassa,238,25-34,72,87,159
2002,2,Districte II,4,la Torrassa,242,75 i +,57,53,110
1999,5,Districte V,10,Pubilla Cases,529,65-74,88,72,160
2009,5,Districte V,9,Can Serra,507,50-64,86,65,151
1999,4,Districte IV,8,les Planes,418,25-34,84,104,188
2008,4,Districte IV,7,la Florida,422,03-11,49,38,87
1997,2,Districte II,4,la Torrassa,247,50-64,101,103,204
2012,6,Districte VI,12,Bellvitge,625,12-15,18,18,36
1994,1,Districte I,1,Centre,104,75 i +,54,30,84
2005,4,Districte IV,8,les Planes,419,16-17,8,9,17
2012,4,Districte IV,8,les Planes,442,50-64,48,50,98
2016,1,Districte I,3,Sant Josep,139,65-74,58,56,114
1995,2,Districte II,4,la Torrassa,239,03-11,18,29,47
2015,3,Districte III,6,Santa Eulàlia,325,25-34,82,84,166
2012,6,Districte VI,11,el Gornal,622,12-15,10,20,30
1999,3,Districte III,6,Santa Eulàlia,306,18-24,84,80,164
2005,4,Districte IV,7,la Florida,404,25-34,127,147,274
1994,5,Districte V,10,Pubilla Cases,518,25-34,105,112,217
1996,3,Districte III,6,Santa Eulàlia,317,03-11,33,37,70
2007,1,Districte I,3,Sant Josep,126,35-49,84,89,173
2005,5,Districte V,10,Pubilla Cases,524,12-15,23,26,49
2011,2,Districte II,5,Collblanc,223,65-74,56,47,103
1994,2,Districte II,5,Collblanc,219,03-11,42,44,86
2000,1,Districte I,3,Sant Josep,140,50-64,112,109,221
2000,1,Districte I,1,Centre,123,18-24,64,68,132
2000,4,Districte IV,8,les Planes,433,35-49,99,98,197
1994,4,Districte IV,8,les Planes,401,18-24,66,66,132
2008,2,Districte II,4,la Torrassa,243,65-74,81,65,146
1996,5,Districte V,10,Pubilla Cases,530,50-64,154,134,288
2010,1,Districte I,1,Centre,112,03-11,69,57,126
2006,2,Districte II,5,Collblanc,221,00-02,11,10,21
2016,5,Districte V,10,Pubilla Cases,533,75 i +,130,82,212
2012,5,Districte V,10,Pubilla Cases,510,18-24,29,36,65
2011,3,Districte III,6,Santa Eulàlia,303,65-74,133,113,246
1999,2,Districte II,4,la Torrassa,240,75 i +,44,19,63
2004,5,Districte V,9,Can Serra,503,75 i +,32,15,47
1999,5,Districte V,10,Pubilla Cases,512,35-49,71,72,143
2004,2,Districte II,5,Collblanc,202,18-24,39,41,80
2014,1,Districte I,3,Sant Josep,137,03-11,86,60,146
2002,3,Districte III,6,Santa Eulàlia,311,35-49,123,120,243
1997,6,Districte VI,12,Bellvitge,606,18-24,43,58,101
1995,5,Districte V,9,Can Serra,505,25-34,97,109,206
2003,4,Districte IV,8,les Planes,401,18-24,51,71,122
2008,4,Districte IV,7,la Florida,421,03-11,47,35,82
2011,2,Districte II,5,Collblanc,244,35-49,125,107,232
2001,5,Districte V,10,Pubilla Cases,524,50-64,101,89,190
1997,2,Districte II,4,la Torrassa,243,75 i +,87,42,129
1994,6,Districte VI,11,el Gornal,632,25-34,89,111,200
2011,6,Districte VI,11,el Gornal,608,25-34,46,51,97
2006,5,Districte V,10,Pubilla Cases,530,12-15,19,19,38
2005,5,Districte V,10,Pubilla Cases,509,50-64,64,56,120
2003,3,Districte III,6,Santa Eulàlia,314,00-02,26,30,56
2010,4,Districte IV,7,la Florida,402,75 i +,53,46,99
2014,4,Districte IV,7,la Florida,405,65-74,102,55,157
2005,1,Districte I,1,Centre,101,18-24,61,60,121
2001,4,Districte IV,7,la Florida,424,03-11,14,11,25
1998,1,Districte I,1,Centre,112,18-24,91,90,181
2001,6,Districte VI,11,el Gornal,632,65-74,51,46,97
2004,4,Districte IV,7,la Florida,405,50-64,89,63,152
1995,5,Districte V,10,Pubilla Cases,531,50-64,96,104,200
2010,3,Districte III,6,Santa Eulàlia,311,12-15,25,29,54
2009,2,Districte II,5,Collblanc,210,65-74,56,42,98
2012,4,Districte IV,8,les Planes,433,12-15,22,19,41
2004,6,Districte VI,11,el Gornal,626,75 i +,30,28,58
2000,5,Districte V,10,Pubilla Cases,538,00-02,12,13,25
2013,1,Districte I,2,Sanfeliu,116,75 i +,82,64,146
1997,4,Districte IV,7,la Florida,417,12-15,12,20,32
2010,2,Districte II,5,Collblanc,223,16-17,14,14,28
2000,2,Districte II,5,Collblanc,222,35-49,68,73,141
1998,6,Districte VI,12,Bellvitge,606,00-02,9,10,19
1994,2,Districte II,4,la Torrassa,229,50-64,81,69,150
1996,4,Districte IV,8,les Planes,434,50-64,50,52,102
2004,3,Districte III,6,Santa Eulàlia,319,35-49,179,189,368
1998,5,Districte V,10,Pubilla Cases,510,75 i +,43,28,71
2006,6,Districte VI,11,el Gornal,629,16-17,4,5,9
2002,1,Districte I,1,Centre,113,25-34,106,119,225
2015,2,Districte II,5,Collblanc,213,35-49,100,119,219
2001,3,Districte III,6,Santa Eulàlia,322,00-02,10,14,24
2002,1,Districte I,1,Centre,101,50-64,106,114,220
1994,1,Districte I,1,Centre,128,65-74,38,39,77
2012,1,Districte I,1,Centre,108,65-74,54,49,103
2007,4,Districte IV,7,la Florida,423,00-02,16,21,37
2011,4,Districte IV,7,la Florida,426,65-74,38,31,69
2010,5,Districte V,10,Pubilla Cases,510,12-15,16,22,38
2003,6,Districte VI,12,Bellvitge,606,12-15,18,22,40
2003,5,Districte V,9,Can Serra,507,50-64,87,86,173
2001,4,Districte IV,7,la Florida,408,00-02,11,12,23
2007,4,Districte IV,7,la Florida,431,18-24,67,82,149
2011,2,Districte II,4,la Torrassa,239,03-11,45,54,99
2008,1,Districte I,3,Sant Josep,137,00-02,28,15,43
1996,5,Districte V,10,Pubilla Cases,538,75 i +,49,25,74
1996,5,Districte V,10,Pubilla Cases,537,03-11,43,42,85
2006,2,Districte II,5,Collblanc,220,03-11,30,21,51
1996,4,Districte IV,7,la Florida,416,75 i +,19,11,30
2016,6,Districte VI,12,Bellvitge,619,50-64,140,135,275
2009,2,Districte II,4,la Torrassa,235,50-64,112,99,211
1999,1,Districte I,2,Sanfeliu,118,50-64,148,169,317
2002,4,Districte IV,7,la Florida,415,25-34,77,99,176
2001,2,Districte II,5,Collblanc,225,65-74,44,31,75
2013,3,Districte III,6,Santa Eulàlia,326,75 i +,3,2,5
2002,2,Districte II,4,la Torrassa,233,18-24,29,31,60
1996,6,Districte VI,12,Bellvitge,624,12-15,34,32,66
2005,1,Districte I,3,Sant Josep,120,03-11,74,72,146
2016,3,Districte III,6,Santa Eulàlia,303,03-11,66,49,115
1998,3,Districte III,6,Santa Eulàlia,324,03-11,40,33,73
2015,1,Districte I,1,Centre,104,00-02,11,13,24
2013,5,Districte V,10,Pubilla Cases,513,75 i +,94,56,150
1995,4,Districte IV,8,les Planes,418,50-64,127,115,242
2003,2,Districte II,4,la Torrassa,211,35-49,143,147,290
2016,2,Districte II,4,la Torrassa,239,50-64,103,90,193
2004,3,Districte III,6,Santa Eulàlia,314,35-49,296,293,589
2004,1,Districte I,1,Centre,135,12-15,26,23,49
2015,4,Districte IV,7,la Florida,431,35-49,195,242,437
2011,5,Districte V,10,Pubilla Cases,532,50-64,112,77,189
1998,5,Districte V,10,Pubilla Cases,519,00-02,8,9,17
2014,1,Districte I,2,Sanfeliu,132,25-34,149,149,298
2011,4,Districte IV,7,la Florida,403,65-74,90,74,164
1998,1,Districte I,3,Sant Josep,137,35-49,167,147,314
2010,3,Districte III,6,Santa Eulàlia,313,18-24,76,66,142
1999,1,Districte I,3,Sant Josep,106,12-15,44,44,88
2013,4,Districte IV,7,la Florida,426,35-49,131,148,279
1999,5,Districte V,10,Pubilla Cases,510,03-11,24,35,59
2015,5,Districte V,10,Pubilla Cases,529,16-17,10,15,25
2010,1,Districte I,1,Centre,131,65-74,76,69,145
1997,2,Districte II,5,Collblanc,222,16-17,17,11,28
1997,2,Districte II,4,la Torrassa,235,50-64,155,133,288
2010,6,Districte VI,12,Bellvitge,606,35-49,136,146,282
2016,2,Districte II,5,Collblanc,226,03-11,81,79,160
2011,1,Districte I,2,Sanfeliu,118,25-34,125,122,247
2004,6,Districte VI,12,Bellvitge,615,16-17,5,8,13
1994,6,Districte VI,11,el Gornal,626,35-49,117,119,236
1996,5,Districte V,10,Pubilla Cases,517,18-24,62,78,140
2006,2,Districte II,4,la Torrassa,242,03-11,37,34,71
2007,2,Districte II,4,la Torrassa,237,35-49,175,205,380
2000,1,Districte I,1,Centre,105,25-34,73,85,158
2002,6,Districte VI,11,el Gornal,622,75 i +,37,13,50
1994,5,Districte V,10,Pubilla Cases,529,65-74,70,61,131
2009,1,Districte I,1,Centre,101,65-74,58,46,104
2002,6,Districte VI,12,Bellvitge,613,65-74,74,64,138
2014,2,Districte II,5,Collblanc,201,16-17,6,12,18
2008,3,Districte III,6,Santa Eulàlia,315,25-34,155,179,334
2006,6,Districte VI,11,el Gornal,626,00-02,11,11,22
2008,4,Districte IV,7,la Florida,428,35-49,83,111,194
1998,1,Districte I,3,Sant Josep,136,16-17,18,23,41
2001,3,Districte III,6,Santa Eulàlia,321,50-64,236,256,492
2010,4,Districte IV,8,les Planes,401,50-64,114,91,205
2006,6,Districte VI,12,Bellvitge,620,75 i +,14,10,24
2009,5,Districte V,10,Pubilla Cases,511,03-11,30,29,59
2000,4,Districte IV,7,la Florida,408,50-64,75,60,135
2008,4,Districte IV,7,la Florida,425,18-24,44,43,87
2008,1,Districte I,3,Sant Josep,122,35-49,99,100,199
1997,3,Districte III,6,Santa Eulàlia,305,35-49,199,185,384
2008,5,Districte V,10,Pubilla Cases,509,75 i +,32,19,51
1999,2,Districte II,5,Collblanc,226,25-34,82,68,150
2008,4,Districte IV,8,les Planes,435,03-11,45,54,99
2012,3,Districte III,6,Santa Eulàlia,321,00-02,19,15,34
2012,5,Districte V,9,Can Serra,502,25-34,114,131,245
1995,2,Districte II,5,Collblanc,202,50-64,82,76,158
2002,2,Districte II,4,la Torrassa,248,50-64,83,81,164
1994,5,Districte V,10,Pubilla Cases,523,75 i +,71,27,98
2013,5,Districte V,10,Pubilla Cases,533,18-24,88,77,165
2000,4,Districte IV,8,les Planes,420,16-17,11,13,24
2014,1,Districte I,3,Sant Josep,126,03-11,44,39,83
2008,2,Districte II,4,la Torrassa,237,00-02,22,27,49
2001,5,Districte V,10,Pubilla Cases,528,35-49,100,101,201
2012,5,Districte V,10,Pubilla Cases,511,16-17,11,9,20
1998,5,Districte V,9,Can Serra,521,75 i +,37,21,58
1996,2,Districte II,4,la Torrassa,247,35-49,92,107,199
2010,3,Districte III,6,Santa Eulàlia,303,65-74,133,120,253
1997,3,Districte III,6,Santa Eulàlia,313,65-74,71,74,145
2011,4,Districte IV,7,la Florida,411,18-24,35,24,59
2009,4,Districte IV,8,les Planes,438,18-24,31,34,65
2014,5,Districte V,10,Pubilla Cases,517,65-74,77,52,129
2006,4,Districte IV,7,la Florida,406,03-11,42,55,97
1995,5,Districte V,10,Pubilla Cases,514,18-24,49,42,91
2000,1,Districte I,3,Sant Josep,137,65-74,45,38,83
1996,3,Districte III,6,Santa Eulàlia,307,25-34,95,78,173
2013,1,Districte I,1,Centre,111,16-17,6,8,14
2016,5,Districte V,10,Pubilla Cases,508,18-24,59,64,123
1999,2,Districte II,4,la Torrassa,241,75 i +,47,30,77
2009,2,Districte II,4,la Torrassa,235,25-34,160,174,334
2007,4,Districte IV,8,les Planes,439,12-15,17,19,36
2005,4,Districte IV,7,la Florida,407,25-34,84,127,211
2003,5,Districte V,9,Can Serra,535,12-15,19,23,42
2006,1,Districte I,2,Sanfeliu,118,50-64,216,206,422
1996,6,Districte VI,12,Bellvitge,607,50-64,162,152,314
2000,4,Districte IV,7,la Florida,405,03-11,24,21,45
2010,1,Districte I,3,Sant Josep,106,25-34,159,172,331
2013,6,Districte VI,12,Bellvitge,607,65-74,87,50,137
2006,2,Districte II,4,la Torrassa,232,03-11,29,32,61
1998,2,Districte II,5,Collblanc,213,16-17,12,15,27
2011,3,Districte III,6,Santa Eulàlia,303,03-11,45,49,94
1996,3,Districte III,6,Santa Eulàlia,308,50-64,137,135,272
2013,4,Districte IV,7,la Florida,416,18-24,65,54,119
2005,1,Districte I,3,Sant Josep,140,12-15,7,9,16
2000,5,Districte V,10,Pubilla Cases,536,03-11,31,22,53
2012,3,Districte III,6,Santa Eulàlia,304,35-49,322,327,649
2003,4,Districte IV,7,la Florida,430,12-15,12,21,33
2004,4,Districte IV,7,la Florida,402,16-17,2,5,7
2000,2,Districte II,4,la Torrassa,228,00-02,4,6,10
2005,1,Districte I,3,Sant Josep,127,35-49,113,112,225
2000,3,Districte III,6,Santa Eulàlia,315,75 i +,49,28,77
2005,2,Districte II,5,Collblanc,206,16-17,7,6,13
2011,5,Districte V,10,Pubilla Cases,513,50-64,55,53,108
2009,2,Districte II,4,la Torrassa,229,75 i +,52,39,91
1994,3,Districte III,6,Santa Eulàlia,323,03-11,152,159,311
1997,4,Districte IV,8,les Planes,436,00-02,8,10,18
2002,2,Districte II,4,la Torrassa,211,03-11,36,50,86
1998,6,Districte VI,12,Bellvitge,630,35-49,122,99,221
2009,5,Districte V,10,Pubilla Cases,520,75 i +,52,39,91
2003,1,Districte I,2,Sanfeliu,116,25-34,129,135,264
2006,5,Districte V,9,Can Serra,502,25-34,148,181,329
2015,1,Districte I,1,Centre,103,03-11,30,32,62
2007,2,Districte II,5,Collblanc,225,50-64,48,34,82
1995,5,Districte V,9,Can Serra,501,18-24,122,143,265
1997,6,Districte VI,12,Bellvitge,619,00-02,6,18,24
2012,4,Districte IV,7,la Florida,421,65-74,79,53,132
2014,4,Districte IV,7,la Florida,416,03-11,61,75,136
1995,1,Districte I,1,Centre,133,12-15,25,25,50
1998,3,Districte III,6,Santa Eulàlia,303,75 i +,68,40,108
1998,5,Districte V,10,Pubilla Cases,536,50-64,106,97,203
2004,2,Districte II,4,la Torrassa,217,03-11,20,15,35
1997,4,Districte IV,8,les Planes,420,35-49,91,107,198
2012,2,Districte II,5,Collblanc,215,16-17,11,8,19
2005,5,Districte V,10,Pubilla Cases,531,12-15,15,18,33
2006,4,Districte IV,7,la Florida,414,75 i +,63,41,104
2004,5,Districte V,10,Pubilla Cases,512,75 i +,50,27,77
2001,4,Districte IV,8,les Planes,435,18-24,40,49,89
2006,3,Districte III,6,Santa Eulàlia,301,35-49,295,282,577
1996,3,Districte III,6,Santa Eulàlia,310,65-74,39,32,71
2005,5,Districte V,10,Pubilla Cases,517,50-64,91,78,169
1999,2,Districte II,5,Collblanc,213,03-11,29,32,61
2004,1,Districte I,1,Centre,105,25-34,131,121,252
1995,4,Districte IV,7,la Florida,403,18-24,75,85,160
1997,1,Districte I,2,Sanfeliu,132,18-24,138,166,304
1999,4,Districte IV,8,les Planes,438,00-02,7,8,15
2016,4,Districte IV,7,la Florida,426,03-11,45,44,89
2005,1,Districte I,1,Centre,130,75 i +,66,48,114
2007,4,Districte IV,7,la Florida,410,18-24,49,60,109
2004,3,Districte III,6,Santa Eulàlia,305,16-17,19,19,38
2001,5,Districte V,10,Pubilla Cases,529,75 i +,74,38,112
1995,4,Districte IV,7,la Florida,416,65-74,51,42,93
2009,2,Districte II,5,Collblanc,205,50-64,94,83,177
2003,2,Districte II,5,Collblanc,227,25-34,68,64,132
2006,2,Districte II,5,Collblanc,215,18-24,45,29,74
2013,1,Districte I,1,Centre,130,50-64,64,70,134
2002,4,Districte IV,8,les Planes,442,50-64,67,58,125
1994,6,Districte VI,12,Bellvitge,625,65-74,17,19,36
2006,3,Districte III,6,Santa Eulàlia,314,03-11,72,93,165
2010,6,Districte VI,12,Bellvitge,615,25-34,55,44,99
1998,6,Districte VI,12,Bellvitge,630,25-34,60,80,140
2008,2,Districte II,5,Collblanc,225,12-15,2,4,6
2008,6,Districte VI,11,el Gornal,629,12-15,5,9,14
2010,1,Districte I,3,Sant Josep,120,18-24,79,73,152
2008,6,Districte VI,12,Bellvitge,620,16-17,9,4,13
2008,5,Districte V,10,Pubilla Cases,524,50-64,97,94,191
2000,3,Districte III,6,Santa Eulàlia,302,03-11,43,48,91
2014,1,Districte I,3,Sant Josep,119,35-49,121,137,258
1994,5,Districte V,10,Pubilla Cases,518,03-11,33,44,77
2016,5,Districte V,10,Pubilla Cases,528,25-34,79,73,152
1998,2,Districte II,4,la Torrassa,233,00-02,4,7,11
2005,2,Districte II,4,la Torrassa,241,25-34,78,74,152
1998,2,Districte II,5,Collblanc,224,35-49,61,61,122
2006,6,Districte VI,12,Bellvitge,624,75 i +,34,22,56
2000,2,Districte II,4,la Torrassa,241,03-11,39,25,64
2010,5,Districte V,10,Pubilla Cases,509,16-17,11,16,27
2008,5,Districte V,10,Pubilla Cases,525,00-02,19,18,37
1997,2,Districte II,4,la Torrassa,230,35-49,50,51,101
2000,4,Districte IV,8,les Planes,439,18-24,29,42,71
1997,1,Districte I,3,Sant Josep,138,00-02,7,6,13
1994,5,Districte V,10,Pubilla Cases,522,00-02,7,8,15
1995,5,Districte V,10,Pubilla Cases,515,25-34,62,52,114
2016,6,Districte VI,12,Bellvitge,623,75 i +,73,56,129
1998,3,Districte III,6,Santa Eulàlia,309,03-11,26,34,60
2008,5,Districte V,9,Can Serra,502,12-15,17,18,35
1994,1,Districte I,1,Centre,135,50-64,123,130,253
1997,2,Districte II,5,Collblanc,205,25-34,62,65,127
2012,6,Districte VI,12,Bellvitge,619,12-15,22,23,45
2000,1,Districte I,1,Centre,113,16-17,26,24,50
2010,1,Districte I,2,Sanfeliu,132,00-02,32,20,52
1996,3,Districte III,6,Santa Eulàlia,318,65-74,21,18,39
1995,5,Districte V,10,Pubilla Cases,533,35-49,62,64,126
2016,2,Districte II,4,la Torrassa,217,16-17,6,18,24
2015,2,Districte II,4,la Torrassa,211,18-24,46,54,100
2013,3,Districte III,6,Santa Eulàlia,317,00-02,21,18,39
2010,2,Districte II,5,Collblanc,206,35-49,113,117,230
2007,5,Districte V,10,Pubilla Cases,517,03-11,53,69,122
2001,6,Districte VI,12,Bellvitge,607,75 i +,34,18,52
2006,4,Districte IV,7,la Florida,417,03-11,13,21,34
2014,2,Districte II,4,la Torrassa,229,16-17,22,20,42
2014,1,Districte I,3,Sant Josep,121,16-17,9,7,16
1996,2,Districte II,4,la Torrassa,228,12-15,10,12,22
2009,2,Districte II,5,Collblanc,219,03-11,49,53,102
2004,3,Districte III,6,Santa Eulàlia,308,35-49,230,237,467
2002,2,Districte II,4,la Torrassa,243,18-24,68,49,117
1996,6,Districte VI,12,Bellvitge,620,12-15,23,14,37
1994,1,Districte I,2,Sanfeliu,132,00-02,30,29,59
2009,6,Districte VI,12,Bellvitge,611,16-17,22,16,38
2008,4,Districte IV,8,les Planes,436,75 i +,34,21,55
1994,1,Districte I,2,Sanfeliu,116,35-49,204,189,393
2003,5,Districte V,10,Pubilla Cases,517,35-49,145,144,289
2011,4,Districte IV,7,la Florida,425,65-74,49,44,93
2003,4,Districte IV,7,la Florida,405,75 i +,41,30,71
2009,6,Districte VI,12,Bellvitge,625,03-11,33,42,75
2013,5,Districte V,9,Can Serra,503,16-17,4,7,11
2005,4,Districte IV,7,la Florida,405,35-49,82,93,175
2009,2,Districte II,4,la Torrassa,234,12-15,19,18,37
2005,4,Districte IV,8,les Planes,429,12-15,8,13,21
2009,5,Districte V,10,Pubilla Cases,514,35-49,101,116,217
1995,6,Districte VI,12,Bellvitge,618,75 i +,23,10,33
1995,4,Districte IV,8,les Planes,418,00-02,14,7,21
1999,4,Districte IV,7,la Florida,402,16-17,6,6,12
2009,2,Districte II,5,Collblanc,244,00-02,12,14,26
1997,6,Districte VI,11,el Gornal,626,03-11,35,36,71
2008,4,Districte IV,8,les Planes,420,12-15,33,30,63
2005,5,Districte V,10,Pubilla Cases,528,25-34,124,134,258
2013,4,Districte IV,7,la Florida,402,65-74,38,28,66
2007,2,Districte II,5,Collblanc,225,12-15,6,6,12
1996,5,Districte V,10,Pubilla Cases,513,25-34,62,70,132
2003,3,Districte III,6,Santa Eulàlia,311,12-15,17,30,47
1995,1,Districte I,3,Sant Josep,114,65-74,59,45,104
1997,2,Districte II,4,la Torrassa,211,00-02,15,13,28
2008,4,Districte IV,7,la Florida,417,00-02,13,13,26
2001,6,Districte VI,11,el Gornal,632,18-24,56,64,120
2006,3,Districte III,6,Santa Eulàlia,311,00-02,19,25,44
2008,3,Districte III,6,Santa Eulàlia,303,50-64,136,103,239
2011,5,Districte V,10,Pubilla Cases,512,35-49,113,112,225
2009,6,Districte VI,12,Bellvitge,606,12-15,18,23,41
1996,2,Districte II,5,Collblanc,223,00-02,13,10,23
2016,1,Districte I,3,Sant Josep,114,16-17,12,15,27
2009,3,Districte III,6,Santa Eulàlia,306,16-17,22,9,31
2006,2,Districte II,4,la Torrassa,243,25-34,127,132,259
2016,6,Districte VI,11,el Gornal,608,18-24,28,37,65
1995,2,Districte II,4,la Torrassa,237,00-02,11,8,19
2000,4,Districte IV,7,la Florida,413,16-17,6,3,9
1997,1,Districte I,1,Centre,133,12-15,16,22,38
2013,3,Districte III,6,Santa Eulàlia,319,65-74,64,65,129
1997,3,Districte III,6,Santa Eulàlia,316,25-34,93,82,175
2007,1,Districte I,3,Sant Josep,115,12-15,21,29,50
1995,2,Districte II,4,la Torrassa,217,25-34,54,49,103
2005,1,Districte I,1,Centre,105,25-34,132,117,249
2014,3,Districte III,6,Santa Eulàlia,308,75 i +,102,80,182
2005,5,Districte V,10,Pubilla Cases,512,75 i +,49,24,73
2013,4,Districte IV,7,la Florida,423,75 i +,78,56,134
1997,4,Districte IV,8,les Planes,438,25-34,79,84,163
2002,2,Districte II,5,Collblanc,204,25-34,40,42,82
2012,2,Districte II,4,la Torrassa,229,00-02,18,10,28
2015,2,Districte II,4,la Torrassa,249,50-64,97,80,177
2000,2,Districte II,5,Collblanc,207,18-24,31,27,58
1994,5,Districte V,10,Pubilla Cases,531,50-64,101,107,208
2008,3,Districte III,6,Santa Eulàlia,303,25-34,160,160,320
2006,1,Districte I,1,Centre,130,50-64,58,61,119
2003,4,Districte IV,7,la Florida,404,16-17,13,9,22
1998,1,Districte I,1,Centre,101,03-11,60,67,127
2014,2,Districte II,5,Collblanc,207,50-64,168,144,312
1994,6,Districte VI,12,Bellvitge,614,65-74,41,28,69
2001,6,Districte VI,12,Bellvitge,630,16-17,8,10,18
2008,2,Districte II,4,la Torrassa,232,65-74,49,51,100
1997,5,Districte V,10,Pubilla Cases,528,12-15,13,13,26
2009,1,Districte I,3,Sant Josep,126,25-34,84,65,149
1994,2,Districte II,5,Collblanc,202,16-17,10,6,16
2014,5,Districte V,9,Can Serra,507,00-02,7,10,17
1997,2,Districte II,4,la Torrassa,238,75 i +,52,29,81
1996,4,Districte IV,8,les Planes,440,18-24,117,95,212
2016,3,Districte III,6,Santa Eulàlia,319,12-15,38,40,78
1999,6,Districte VI,11,el Gornal,626,03-11,34,32,66
2005,4,Districte IV,8,les Planes,419,65-74,52,36,88
2002,4,Districte IV,7,la Florida,430,75 i +,62,32,94
2002,2,Districte II,5,Collblanc,207,50-64,63,51,114
2008,5,Districte V,10,Pubilla Cases,526,65-74,30,32,62
1998,2,Districte II,5,Collblanc,221,35-49,110,90,200
2014,1,Districte I,1,Centre,108,50-64,146,127,273
2012,6,Districte VI,12,Bellvitge,611,75 i +,93,64,157
2008,4,Districte IV,7,la Florida,411,65-74,62,61,123
2002,4,Districte IV,8,les Planes,419,16-17,5,5,10
1999,4,Districte IV,7,la Florida,425,12-15,13,15,28
1998,5,Districte V,10,Pubilla Cases,525,12-15,15,19,34
2016,1,Districte I,3,Sant Josep,117,03-11,70,77,147
2008,5,Districte V,9,Can Serra,506,12-15,35,29,64
1997,1,Districte I,1,Centre,131,00-02,20,14,34
2011,4,Districte IV,7,la Florida,402,75 i +,60,49,109
2005,6,Districte VI,12,Bellvitge,604,16-17,4,7,11
2010,1,Districte I,1,Centre,101,35-49,269,284,553
2000,4,Districte IV,8,les Planes,433,00-02,7,17,24
1995,1,Districte I,3,Sant Josep,137,50-64,98,115,213
2004,5,Districte V,10,Pubilla Cases,533,18-24,41,48,89
2000,5,Districte V,10,Pubilla Cases,522,16-17,15,5,20
2009,2,Districte II,4,la Torrassa,242,65-74,67,65,132
2001,4,Districte IV,7,la Florida,402,16-17,8,7,15
1999,4,Districte IV,8,les Planes,401,03-11,48,41,89
2006,1,Districte I,1,Centre,112,18-24,66,62,128
2000,1,Districte I,1,Centre,103,50-64,63,59,122
2008,3,Districte III,6,Santa Eulàlia,321,75 i +,115,60,175
2000,6,Districte VI,12,Bellvitge,624,25-34,106,130,236
2016,1,Districte I,1,Centre,134,65-74,67,65,132
2000,1,Districte I,1,Centre,124,16-17,15,13,28
1995,4,Districte IV,7,la Florida,412,50-64,180,180,360
1996,2,Districte II,4,la Torrassa,231,12-15,11,13,24
1998,4,Districte IV,7,la Florida,408,12-15,16,15,31
2001,5,Districte V,9,Can Serra,504,18-24,41,58,99
2009,5,Districte V,9,Can Serra,521,75 i +,50,36,86
2013,6,Districte VI,11,el Gornal,616,25-34,135,156,291
2005,4,Districte IV,7,la Florida,403,25-34,79,99,178
2007,6,Districte VI,12,Bellvitge,631,12-15,15,17,32
2004,2,Districte II,5,Collblanc,219,35-49,149,143,292
1994,1,Districte I,2,Sanfeliu,132,65-74,63,52,115
2007,5,Districte V,10,Pubilla Cases,525,03-11,34,31,65
2015,2,Districte II,5,Collblanc,220,12-15,27,25,52
2014,1,Districte I,1,Centre,134,00-02,18,24,42
1994,2,Districte II,4,la Torrassa,235,03-11,37,33,70
2003,1,Districte I,3,Sant Josep,114,35-49,151,147,298
2000,1,Districte I,1,Centre,103,25-34,68,63,131
1997,1,Districte I,3,Sant Josep,137,65-74,45,37,82
2000,5,Districte V,10,Pubilla Cases,537,18-24,73,65,138
1995,4,Districte IV,8,les Planes,438,50-64,110,112,222
1999,2,Districte II,4,la Torrassa,233,75 i +,72,32,104
1996,1,Districte I,3,Sant Josep,138,35-49,117,119,236
2012,6,Districte VI,12,Bellvitge,630,00-02,7,10,17
2003,5,Districte V,10,Pubilla Cases,523,75 i +,88,38,126
2008,1,Districte I,1,Centre,135,75 i +,68,41,109
1997,3,Districte III,6,Santa Eulàlia,310,65-74,33,30,63
1996,2,Districte II,4,la Torrassa,228,25-34,65,58,123
1994,3,Districte III,6,Santa Eulàlia,322,50-64,112,106,218
2006,1,Districte I,2,Sanfeliu,132,16-17,15,19,34
2001,1,Districte I,3,Sant Josep,138,65-74,35,35,70
2002,2,Districte II,4,la Torrassa,234,03-11,30,24,54
2009,1,Districte I,3,Sant Josep,140,35-49,115,144,259
2006,3,Districte III,6,Santa Eulàlia,307,75 i +,86,53,139
2001,2,Districte II,4,la Torrassa,245,03-11,34,36,70
2001,6,Districte VI,12,Bellvitge,627,50-64,116,132,248
2000,2,Districte II,4,la Torrassa,243,25-34,150,136,286
2006,6,Districte VI,12,Bellvitge,604,50-64,66,53,119
2003,3,Districte III,6,Santa Eulàlia,307,03-11,45,43,88
2005,4,Districte IV,7,la Florida,431,65-74,81,58,139
1996,6,Districte VI,12,Bellvitge,601,16-17,19,43,62
2011,6,Districte VI,11,el Gornal,626,03-11,35,41,76
2011,4,Districte IV,8,les Planes,438,03-11,25,40,65
2008,4,Districte IV,7,la Florida,410,75 i +,111,99,210
2010,3,Districte III,6,Santa Eulàlia,305,35-49,195,192,387
2010,5,Districte V,9,Can Serra,507,03-11,35,49,84
2000,6,Districte VI,11,el Gornal,617,75 i +,24,24,48
2011,4,Districte IV,7,la Florida,406,00-02,17,20,37
2005,2,Districte II,4,la Torrassa,240,35-49,88,87,175
2005,1,Districte I,1,Centre,104,65-74,68,40,108
2010,6,Districte VI,11,el Gornal,632,18-24,29,35,64
2005,4,Districte IV,7,la Florida,424,65-74,40,33,73
2013,2,Districte II,5,Collblanc,209,65-74,41,29,70
1994,6,Districte VI,12,Bellvitge,620,12-15,25,25,50
2002,5,Districte V,10,Pubilla Cases,519,35-49,49,57,106
2009,5,Districte V,10,Pubilla Cases,517,65-74,53,49,102
2006,5,Districte V,10,Pubilla Cases,536,50-64,74,58,132
2014,4,Districte IV,8,les Planes,401,35-49,121,126,247
2015,5,Districte V,10,Pubilla Cases,514,00-02,14,26,40
2006,2,Districte II,4,la Torrassa,237,75 i +,75,37,112
1998,3,Districte III,6,Santa Eulàlia,317,18-24,46,52,98
2016,6,Districte VI,12,Bellvitge,602,65-74,86,48,134
1994,2,Districte II,5,Collblanc,224,03-11,15,20,35
2004,1,Districte I,3,Sant Josep,121,35-49,88,107,195
2011,4,Districte IV,7,la Florida,428,18-24,34,22,56
2002,2,Districte II,5,Collblanc,203,12-15,9,10,19
1997,3,Districte III,6,Santa Eulàlia,308,25-34,99,106,205
2006,4,Districte IV,7,la Florida,410,18-24,56,64,120
1995,4,Districte IV,7,la Florida,423,03-11,27,36,63
2001,2,Districte II,4,la Torrassa,211,25-34,110,148,258
2009,6,Districte VI,11,el Gornal,616,03-11,113,136,249
2002,2,Districte II,4,la Torrassa,237,75 i +,66,33,99
2010,4,Districte IV,7,la Florida,427,50-64,67,54,121
2004,1,Districte I,1,Centre,111,12-15,21,13,34
2007,6,Districte VI,12,Bellvitge,624,35-49,86,126,212
2009,1,Districte I,1,Centre,133,16-17,2,6,8
2012,1,Districte I,1,Centre,109,00-02,16,23,39
2016,6,Districte VI,12,Bellvitge,619,65-74,93,66,159
2016,2,Districte II,5,Collblanc,223,18-24,68,49,117
2005,4,Districte IV,7,la Florida,432,16-17,10,14,24
1997,2,Districte II,5,Collblanc,222,03-11,39,32,71
2002,2,Districte II,4,la Torrassa,234,25-34,84,102,186
1994,6,Districte VI,11,el Gornal,632,65-74,37,30,67
1994,2,Districte II,4,la Torrassa,235,35-49,109,101,210
1994,5,Districte V,10,Pubilla Cases,534,35-49,88,86,174
2005,3,Districte III,6,Santa Eulàlia,303,25-34,153,170,323
2011,3,Districte III,6,Santa Eulàlia,303,25-34,123,122,245
2007,6,Districte VI,12,Bellvitge,605,25-34,50,63,113
2006,4,Districte IV,7,la Florida,410,65-74,125,106,231
1998,5,Districte V,9,Can Serra,521,03-11,27,27,54
1997,4,Districte IV,7,la Florida,427,03-11,18,27,45
2009,4,Districte IV,7,la Florida,426,65-74,42,40,82
2005,5,Districte V,10,Pubilla Cases,515,75 i +,26,14,40
1999,1,Districte I,1,Centre,131,35-49,160,159,319
2002,6,Districte VI,11,el Gornal,632,12-15,20,17,37
2006,3,Districte III,6,Santa Eulàlia,309,75 i +,29,15,44
2010,2,Districte II,4,la Torrassa,217,12-15,15,12,27
2004,1,Districte I,3,Sant Josep,117,35-49,242,231,473
1998,4,Districte IV,7,la Florida,405,12-15,13,7,20
2014,3,Districte III,6,Santa Eulàlia,313,03-11,88,86,174
1999,5,Districte V,10,Pubilla Cases,520,18-24,47,63,110
2012,5,Districte V,10,Pubilla Cases,530,00-02,25,25,50
2003,4,Districte IV,7,la Florida,425,16-17,8,4,12
1996,1,Districte I,3,Sant Josep,140,75 i +,32,17,49
1997,4,Districte IV,7,la Florida,406,50-64,145,133,278
2008,4,Districte IV,7,la Florida,428,25-34,61,83,144
2010,3,Districte III,6,Santa Eulàlia,318,65-74,38,26,64
2010,2,Districte II,4,la Torrassa,238,35-49,117,121,238
1994,4,Districte IV,7,la Florida,431,65-74,83,73,156
2010,4,Districte IV,7,la Florida,411,16-17,10,7,17
2006,4,Districte IV,7,la Florida,427,12-15,10,19,29
2009,5,Districte V,10,Pubilla Cases,515,18-24,25,45,70
1998,2,Districte II,4,la Torrassa,238,03-11,19,20,39
2011,3,Districte III,6,Santa Eulàlia,311,16-17,11,15,26
2009,4,Districte IV,7,la Florida,431,16-17,13,13,26
2009,5,Districte V,10,Pubilla Cases,526,03-11,23,27,50
2012,4,Districte IV,7,la Florida,404,03-11,67,60,127
2000,2,Districte II,4,la Torrassa,237,50-64,128,113,241
2012,4,Districte IV,8,les Planes,420,03-11,60,72,132
2008,1,Districte I,1,Centre,135,03-11,52,57,109
2011,5,Districte V,9,Can Serra,535,50-64,128,101,229
2002,5,Districte V,10,Pubilla Cases,513,65-74,60,51,111
1994,4,Districte IV,7,la Florida,409,65-74,27,25,52
2008,1,Districte I,3,Sant Josep,122,03-11,41,42,83
1996,4,Districte IV,7,la Florida,404,25-34,104,123,227
2012,3,Districte III,6,Santa Eulàlia,319,16-17,6,6,12
2009,1,Districte I,1,Centre,101,75 i +,45,39,84
2014,4,Districte IV,8,les Planes,436,65-74,65,53,118
2007,5,Districte V,10,Pubilla Cases,516,65-74,42,30,72
2015,2,Districte II,4,la Torrassa,239,00-02,17,15,32
2014,1,Districte I,3,Sant Josep,119,12-15,7,16,23
2010,4,Districte IV,8,les Planes,438,00-02,15,13,28
1996,5,Districte V,10,Pubilla Cases,516,65-74,29,22,51
1996,1,Districte I,3,Sant Josep,138,75 i +,17,11,28
1995,2,Districte II,5,Collblanc,216,25-34,87,83,170
2000,6,Districte VI,12,Bellvitge,604,00-02,8,7,15
2016,2,Districte II,5,Collblanc,220,18-24,77,63,140
2007,5,Districte V,10,Pubilla Cases,519,18-24,38,34,72
1996,2,Districte II,4,la Torrassa,238,03-11,19,24,43
2006,5,Districte V,10,Pubilla Cases,511,00-02,10,10,20
2006,1,Districte I,3,Sant Josep,127,25-34,59,72,131
2010,2,Districte II,5,Collblanc,207,16-17,5,4,9
1996,6,Districte VI,12,Bellvitge,615,00-02,5,4,9
2005,6,Districte VI,12,Bellvitge,603,18-24,18,17,35
2012,4,Districte IV,8,les Planes,438,35-49,105,93,198
2007,1,Districte I,2,Sanfeliu,118,35-49,193,161,354
2011,6,Districte VI,12,Bellvitge,630,75 i +,42,28,70
2008,2,Districte II,5,Collblanc,206,50-64,71,71,142
2016,3,Districte III,6,Santa Eulàlia,320,16-17,2,3,5
1999,2,Districte II,5,Collblanc,224,00-02,5,9,14
1995,2,Districte II,5,Collblanc,205,35-49,91,88,179
2009,1,Districte I,3,Sant Josep,140,25-34,95,119,214
2005,2,Districte II,5,Collblanc,227,16-17,1,1,2
1999,5,Districte V,10,Pubilla Cases,508,18-24,34,20,54
2010,2,Districte II,4,la Torrassa,229,12-15,25,17,42
2011,6,Districte VI,12,Bellvitge,631,03-11,35,47,82
2000,6,Districte VI,12,Bellvitge,607,50-64,146,123,269
2005,6,Districte VI,12,Bellvitge,604,75 i +,27,15,42
2009,2,Districte II,4,la Torrassa,242,00-02,9,18,27
2010,2,Districte II,4,la Torrassa,236,00-02,11,18,29
2008,6,Districte VI,12,Bellvitge,627,03-11,35,24,59
2000,2,Districte II,4,la Torrassa,233,00-02,7,8,15
2007,6,Districte VI,11,el Gornal,608,65-74,71,46,117
1999,1,Districte I,3,Sant Josep,127,65-74,47,39,86
2001,6,Districte VI,12,Bellvitge,614,25-34,93,104,197
2003,6,Districte VI,12,Bellvitge,627,16-17,10,17,27
2015,6,Districte VI,12,Bellvitge,605,75 i +,114,108,222
2012,2,Districte II,5,Collblanc,244,03-11,28,27,55
1999,2,Districte II,5,Collblanc,212,50-64,143,116,259
2002,2,Districte II,5,Collblanc,221,25-34,105,92,197
1995,3,Districte III,6,Santa Eulàlia,311,18-24,90,91,181
1994,3,Districte III,6,Santa Eulàlia,310,25-34,84,60,144
2005,6,Districte VI,12,Bellvitge,602,16-17,6,2,8
1998,1,Districte I,1,Centre,109,00-02,8,16,24
2016,5,Districte V,10,Pubilla Cases,528,12-15,23,23,46
2005,1,Districte I,1,Centre,128,25-34,113,96,209
1998,2,Districte II,4,la Torrassa,228,00-02,3,7,10
2000,4,Districte IV,7,la Florida,416,35-49,64,75,139
2004,3,Districte III,6,Santa Eulàlia,321,25-34,176,181,357
1999,1,Districte I,1,Centre,133,03-11,17,27,44
2006,2,Districte II,4,la Torrassa,241,00-02,9,11,20
2006,2,Districte II,4,la Torrassa,218,50-64,81,65,146
2007,1,Districte I,2,Sanfeliu,116,03-11,57,65,122
2003,1,Districte I,1,Centre,135,25-34,132,137,269
2011,4,Districte IV,7,la Florida,417,65-74,27,21,48
2011,1,Districte I,3,Sant Josep,137,03-11,72,66,138
2014,3,Districte III,6,Santa Eulàlia,320,00-02,5,5,10
1998,1,Districte I,3,Sant Josep,122,50-64,130,115,245
2007,2,Districte II,4,la Torrassa,218,65-74,34,28,62
2010,4,Districte IV,7,la Florida,413,12-15,15,12,27
2002,4,Districte IV,7,la Florida,404,35-49,121,153,274
2006,2,Districte II,4,la Torrassa,245,25-34,113,115,228
2015,5,Districte V,10,Pubilla Cases,531,16-17,6,11,17
1998,4,Districte IV,7,la Florida,410,65-74,111,107,218
2009,5,Districte V,9,Can Serra,502,75 i +,133,59,192
2005,3,Districte III,6,Santa Eulàlia,318,65-74,30,25,55
2014,4,Districte IV,7,la Florida,422,03-11,49,61,110
1997,1,Districte I,3,Sant Josep,119,12-15,32,33,65
2004,2,Districte II,5,Collblanc,220,25-34,99,90,189
2002,4,Districte IV,7,la Florida,409,03-11,18,16,34
2015,3,Districte III,6,Santa Eulàlia,304,03-11,166,173,339
2009,5,Districte V,10,Pubilla Cases,508,25-34,73,60,133
2007,1,Districte I,1,Centre,107,25-34,159,182,341
1996,6,Districte VI,11,el Gornal,632,18-24,105,112,217
2006,5,Districte V,10,Pubilla Cases,538,35-49,146,132,278
1994,3,Districte III,6,Santa Eulàlia,322,35-49,130,123,253
2000,2,Districte II,4,la Torrassa,232,12-15,15,12,27
2009,5,Districte V,10,Pubilla Cases,538,18-24,48,47,95
2006,4,Districte IV,7,la Florida,413,00-02,9,9,18
2000,3,Districte III,6,Santa Eulàlia,315,18-24,89,89,178
2004,6,Districte VI,11,el Gornal,616,50-64,228,232,460
2004,4,Districte IV,7,la Florida,417,65-74,38,29,67
2004,1,Districte I,3,Sant Josep,140,12-15,7,9,16
1998,1,Districte I,3,Sant Josep,106,25-34,146,142,288
2014,2,Districte II,5,Collblanc,205,16-17,10,12,22
2005,6,Districte VI,11,el Gornal,617,75 i +,30,26,56
2013,1,Districte I,1,Centre,104,16-17,8,8,16
1999,2,Districte II,5,Collblanc,212,35-49,111,113,224
2004,5,Districte V,10,Pubilla Cases,508,00-02,10,3,13
2003,5,Districte V,9,Can Serra,503,16-17,13,10,23
2016,2,Districte II,4,la Torrassa,232,12-15,12,10,22
1994,1,Districte I,1,Centre,133,00-02,10,11,21
2014,3,Districte III,6,Santa Eulàlia,304,65-74,83,66,149
2004,2,Districte II,4,la Torrassa,230,35-49,96,117,213
2002,5,Districte V,10,Pubilla Cases,512,03-11,27,20,47
2002,6,Districte VI,12,Bellvitge,628,16-17,14,6,20
1997,2,Districte II,4,la Torrassa,235,35-49,91,97,188
2012,1,Districte I,1,Centre,109,65-74,55,50,105
2003,2,Districte II,4,la Torrassa,218,35-49,91,87,178
1995,6,Districte VI,12,Bellvitge,612,00-02,11,11,22
2007,2,Districte II,4,la Torrassa,246,25-34,130,151,281
2008,4,Districte IV,7,la Florida,425,12-15,13,18,31
2000,4,Districte IV,7,la Florida,411,35-49,87,79,166
1996,1,Districte I,3,Sant Josep,114,75 i +,52,17,69
2015,2,Districte II,4,la Torrassa,245,18-24,43,42,85
1998,2,Districte II,5,Collblanc,201,50-64,87,74,161
2008,3,Districte III,6,Santa Eulàlia,307,50-64,215,177,392
2004,3,Districte III,6,Santa Eulàlia,321,75 i +,93,57,150
1994,2,Districte II,5,Collblanc,219,18-24,69,59,128
1997,2,Districte II,5,Collblanc,215,35-49,70,62,132
2010,6,Districte VI,12,Bellvitge,614,25-34,56,74,130
1997,4,Districte IV,7,la Florida,405,03-11,25,18,43
2015,5,Districte V,10,Pubilla Cases,510,75 i +,76,45,121
2015,4,Districte IV,7,la Florida,427,50-64,145,126,271
2010,4,Districte IV,7,la Florida,402,03-11,24,41,65
2011,5,Districte V,10,Pubilla Cases,517,50-64,75,84,159
2011,5,Districte V,10,Pubilla Cases,530,35-49,194,201,395
1999,6,Districte VI,11,el Gornal,622,65-74,45,26,71
2002,1,Districte I,1,Centre,128,00-02,8,10,18
1994,2,Districte II,4,la Torrassa,229,35-49,46,46,92
1999,5,Districte V,10,Pubilla Cases,528,03-11,40,31,71
2001,3,Districte III,6,Santa Eulàlia,303,12-15,17,19,36
2014,2,Districte II,5,Collblanc,226,35-49,243,223,466
2001,5,Districte V,10,Pubilla Cases,525,50-64,88,84,172
2011,3,Districte III,6,Santa Eulàlia,320,00-02,25,19,44
1995,5,Districte V,10,Pubilla Cases,534,75 i +,42,21,63
1998,1,Districte I,3,Sant Josep,140,25-34,77,96,173
1996,6,Districte VI,12,Bellvitge,606,18-24,58,60,118
2009,5,Districte V,9,Can Serra,502,35-49,164,201,365
2000,5,Districte V,9,Can Serra,504,65-74,76,74,150
2013,1,Districte I,3,Sant Josep,136,75 i +,62,33,95
2006,5,Districte V,9,Can Serra,535,18-24,52,42,94
2004,4,Districte IV,7,la Florida,430,35-49,103,109,212
2005,6,Districte VI,12,Bellvitge,625,50-64,174,183,357
1994,4,Districte IV,8,les Planes,440,35-49,113,91,204
1999,4,Districte IV,7,la Florida,417,03-11,21,19,40
2002,5,Districte V,10,Pubilla Cases,533,35-49,83,112,195
2009,2,Districte II,5,Collblanc,221,25-34,86,105,191
2015,5,Districte V,10,Pubilla Cases,526,35-49,236,277,513
2010,4,Districte IV,7,la Florida,403,25-34,99,109,208
1994,1,Districte I,1,Centre,108,35-49,150,138,288
2004,3,Districte III,6,Santa Eulàlia,325,35-49,203,173,376
2008,6,Districte VI,12,Bellvitge,613,12-15,15,19,34
2004,6,Districte VI,11,el Gornal,626,65-74,63,61,124
2006,4,Districte IV,7,la Florida,405,00-02,9,9,18
2000,6,Districte VI,12,Bellvitge,627,65-74,30,28,58
2010,2,Districte II,5,Collblanc,205,50-64,96,92,188
1998,4,Districte IV,7,la Florida,408,35-49,90,86,176
2007,4,Districte IV,8,les Planes,438,03-11,26,28,54
2003,1,Districte I,3,Sant Josep,137,50-64,150,148,298
2001,5,Districte V,9,Can Serra,535,25-34,75,91,166
2002,6,Districte VI,11,el Gornal,608,25-34,66,93,159
2012,1,Districte I,3,Sant Josep,117,16-17,19,14,33
2012,5,Districte V,10,Pubilla Cases,517,16-17,10,13,23
1998,1,Districte I,3,Sant Josep,127,75 i +,30,13,43
2001,1,Districte I,3,Sant Josep,125,16-17,16,12,28
2014,1,Districte I,1,Centre,124,12-15,11,10,21
2003,5,Districte V,10,Pubilla Cases,529,16-17,14,3,17
2015,4,Districte IV,7,la Florida,421,18-24,29,55,84
2013,4,Districte IV,8,les Planes,418,12-15,25,25,50
2006,2,Districte II,5,Collblanc,204,65-74,32,29,61
2004,2,Districte II,5,Collblanc,208,03-11,35,44,79
1999,1,Districte I,1,Centre,101,16-17,15,16,31
1997,2,Districte II,5,Collblanc,216,50-64,152,121,273
2003,6,Districte VI,12,Bellvitge,613,35-49,82,88,170
1995,1,Districte I,3,Sant Josep,125,25-34,89,77,166
2002,2,Districte II,4,la Torrassa,236,50-64,98,84,182
2009,4,Districte IV,7,la Florida,421,03-11,50,34,84
2003,3,Districte III,6,Santa Eulàlia,322,03-11,41,37,78
1997,3,Districte III,6,Santa Eulàlia,302,00-02,12,21,33
1994,3,Districte III,6,Santa Eulàlia,315,03-11,73,79,152
2002,2,Districte II,4,la Torrassa,233,03-11,32,30,62
2002,2,Districte II,5,Collblanc,225,16-17,6,5,11
2006,3,Districte III,6,Santa Eulàlia,304,75 i +,105,44,149
1998,6,Districte VI,12,Bellvitge,611,00-02,12,14,26
2009,6,Districte VI,12,Bellvitge,613,65-74,102,119,221
2005,2,Districte II,5,Collblanc,206,50-64,68,61,129
2003,4,Districte IV,8,les Planes,401,25-34,87,97,184
1996,4,Districte IV,7,la Florida,409,18-24,40,47,87
2003,1,Districte I,2,Sanfeliu,116,18-24,71,68,139
1996,1,Districte I,1,Centre,124,18-24,69,53,122
2012,3,Districte III,6,Santa Eulàlia,308,18-24,64,68,132
2013,3,Districte III,6,Santa Eulàlia,301,18-24,76,86,162
1997,6,Districte VI,12,Bellvitge,610,75 i +,33,24,57
1994,2,Districte II,5,Collblanc,226,35-49,100,109,209
1997,4,Districte IV,8,les Planes,438,35-49,68,63,131
2001,2,Districte II,5,Collblanc,221,00-02,13,10,23
1999,4,Districte IV,7,la Florida,425,16-17,8,4,12
1997,5,Districte V,10,Pubilla Cases,516,00-02,5,10,15
2010,2,Districte II,5,Collblanc,206,25-34,63,109,172
2013,1,Districte I,3,Sant Josep,138,00-02,7,13,20
2006,4,Districte IV,7,la Florida,417,65-74,38,21,59
2014,3,Districte III,6,Santa Eulàlia,325,25-34,93,93,186
1994,6,Districte VI,12,Bellvitge,618,00-02,1,5,6
1996,1,Districte I,1,Centre,130,12-15,13,12,25
2003,1,Districte I,3,Sant Josep,127,65-74,45,41,86
2012,2,Districte II,4,la Torrassa,232,65-74,56,44,100
1997,2,Districte II,5,Collblanc,226,03-11,33,30,63
2008,3,Districte III,6,Santa Eulàlia,305,00-02,30,18,48
1999,3,Districte III,6,Santa Eulàlia,320,35-49,47,45,92
2011,6,Districte VI,11,el Gornal,617,35-49,109,122,231
1995,5,Districte V,10,Pubilla Cases,531,75 i +,41,23,64
2001,2,Districte II,4,la Torrassa,228,75 i +,40,19,59
2010,2,Districte II,5,Collblanc,222,12-15,22,13,35
2012,1,Districte I,2,Sanfeliu,132,65-74,105,108,213
1994,5,Districte V,10,Pubilla Cases,531,75 i +,38,21,59
2010,4,Districte IV,7,la Florida,423,75 i +,72,51,123
2002,2,Districte II,5,Collblanc,244,25-34,75,58,133
2003,3,Districte III,6,Santa Eulàlia,315,00-02,18,23,41
1999,3,Districte III,6,Santa Eulàlia,318,65-74,23,17,40
1998,6,Districte VI,12,Bellvitge,618,12-15,7,15,22
2004,6,Districte VI,12,Bellvitge,621,12-15,22,20,42
1995,6,Districte VI,12,Bellvitge,611,25-34,152,188,340
2006,1,Districte I,3,Sant Josep,127,03-11,25,26,51
1995,4,Districte IV,8,les Planes,442,65-74,40,32,72
2013,2,Districte II,4,la Torrassa,211,03-11,59,63,122
2012,3,Districte III,6,Santa Eulàlia,315,25-34,146,175,321
2016,1,Districte I,1,Centre,123,16-17,8,13,21
1997,4,Districte IV,8,les Planes,419,50-64,80,69,149
1996,4,Districte IV,7,la Florida,403,00-02,1,6,7
2010,4,Districte IV,7,la Florida,412,65-74,107,91,198
2009,2,Districte II,5,Collblanc,244,03-11,23,23,46
1996,1,Districte I,3,Sant Josep,136,35-49,145,141,286
2007,5,Districte V,10,Pubilla Cases,531,75 i +,42,29,71
1997,2,Districte II,4,la Torrassa,237,75 i +,67,34,101
2000,2,Districte II,5,Collblanc,222,65-74,47,40,87
2004,2,Districte II,4,la Torrassa,231,35-49,126,116,242
2006,1,Districte I,2,Sanfeliu,118,12-15,30,30,60
1998,4,Districte IV,7,la Florida,409,12-15,12,10,22
2008,5,Districte V,10,Pubilla Cases,522,50-64,61,55,116
2006,5,Districte V,10,Pubilla Cases,516,12-15,11,19,30
2008,4,Districte IV,7,la Florida,414,35-49,100,116,216
2004,4,Districte IV,8,les Planes,420,00-02,24,27,51
2010,4,Districte IV,8,les Planes,429,18-24,27,29,56
2010,3,Districte III,6,Santa Eulàlia,318,50-64,100,106,206
1995,2,Districte II,5,Collblanc,221,25-34,95,97,192
2012,4,Districte IV,7,la Florida,417,00-02,12,15,27
2012,1,Districte I,1,Centre,107,35-49,196,211,407
1998,3,Districte III,6,Santa Eulàlia,303,35-49,109,108,217
2000,1,Districte I,1,Centre,103,35-49,83,69,152
2011,6,Districte VI,12,Bellvitge,603,12-15,16,11,27
1996,5,Districte V,9,Can Serra,521,16-17,22,29,51
1996,1,Districte I,3,Sant Josep,127,65-74,38,30,68
2003,4,Districte IV,7,la Florida,412,12-15,16,20,36
2006,1,Districte I,2,Sanfeliu,129,75 i +,43,25,68
2003,2,Districte II,4,la Torrassa,243,65-74,107,87,194
1996,2,Districte II,4,la Torrassa,217,50-64,46,47,93
2016,4,Districte IV,7,la Florida,425,25-34,84,81,165
2001,2,Districte II,5,Collblanc,216,16-17,15,12,27
1996,3,Districte III,6,Santa Eulàlia,315,12-15,41,40,81
2015,2,Districte II,5,Collblanc,201,12-15,25,31,56
2005,4,Districte IV,7,la Florida,405,18-24,37,29,66
2006,5,Districte V,10,Pubilla Cases,511,65-74,52,37,89
2000,3,Districte III,6,Santa Eulàlia,309,00-02,8,9,17
2002,1,Districte I,3,Sant Josep,120,00-02,19,23,42
2009,2,Districte II,4,la Torrassa,245,00-02,10,17,27
1998,4,Districte IV,8,les Planes,437,00-02,10,5,15
2003,5,Districte V,10,Pubilla Cases,518,16-17,10,10,20
2006,5,Districte V,10,Pubilla Cases,513,65-74,58,45,103
2012,5,Districte V,9,Can Serra,505,00-02,18,16,34
2007,1,Districte I,3,Sant Josep,140,16-17,4,5,9
1999,4,Districte IV,8,les Planes,437,65-74,50,42,92
2008,2,Districte II,5,Collblanc,207,18-24,30,29,59
2005,4,Districte IV,7,la Florida,408,16-17,8,12,20
1994,2,Districte II,5,Collblanc,201,25-34,48,52,100
2009,1,Districte I,1,Centre,113,25-34,153,155,308
2001,6,Districte VI,12,Bellvitge,613,18-24,52,45,97
1997,2,Districte II,4,la Torrassa,217,00-02,6,6,12
1998,5,Districte V,10,Pubilla Cases,533,65-74,58,56,114
1998,5,Districte V,9,Can Serra,501,25-34,86,100,186
2001,2,Districte II,5,Collblanc,223,00-02,8,6,14
2010,3,Districte III,6,Santa Eulàlia,304,12-15,50,37,87
2011,3,Districte III,6,Santa Eulàlia,324,25-34,95,112,207
2007,4,Districte IV,7,la Florida,423,18-24,44,44,88
2001,5,Districte V,9,Can Serra,535,18-24,64,80,144
1996,3,Districte III,6,Santa Eulàlia,305,18-24,67,68,135
2011,1,Districte I,1,Centre,128,50-64,90,67,157
2007,1,Districte I,2,Sanfeliu,129,00-02,17,13,30
2013,6,Districte VI,12,Bellvitge,624,03-11,43,54,97
2005,1,Districte I,3,Sant Josep,119,18-24,67,53,120
2015,2,Districte II,4,la Torrassa,246,35-49,149,170,319
2015,4,Districte IV,7,la Florida,406,75 i +,76,64,140
2015,1,Districte I,3,Sant Josep,114,18-24,48,35,83
2010,4,Districte IV,7,la Florida,404,16-17,17,18,35
2012,1,Districte I,3,Sant Josep,137,35-49,187,174,361
1998,6,Districte VI,11,el Gornal,622,50-64,69,75,144
1996,1,Districte I,3,Sant Josep,127,75 i +,26,14,40
2003,1,Districte I,3,Sant Josep,119,50-64,189,173,362
2002,6,Districte VI,12,Bellvitge,630,03-11,22,31,53
1999,6,Districte VI,12,Bellvitge,601,12-15,25,18,43
1997,3,Districte III,6,Santa Eulàlia,307,65-74,74,67,141
1998,3,Districte III,6,Santa Eulàlia,301,25-34,188,200,388
1996,6,Districte VI,12,Bellvitge,631,50-64,140,165,305
2003,3,Districte III,6,Santa Eulàlia,319,03-11,46,62,108
2014,1,Districte I,3,Sant Josep,122,50-64,55,48,103
2008,4,Districte IV,7,la Florida,409,18-24,25,33,58
1994,5,Districte V,10,Pubilla Cases,524,35-49,93,100,193
2011,6,Districte VI,12,Bellvitge,612,35-49,107,138,245
2010,6,Districte VI,12,Bellvitge,621,75 i +,45,23,68
2005,2,Districte II,4,la Torrassa,232,16-17,5,10,15
2002,5,Districte V,10,Pubilla Cases,516,12-15,13,11,24
1995,2,Districte II,4,la Torrassa,229,03-11,15,23,38
2011,6,Districte VI,12,Bellvitge,623,75 i +,65,40,105
2007,2,Districte II,5,Collblanc,244,50-64,52,42,94
2009,2,Districte II,5,Collblanc,203,03-11,26,50,76
2015,6,Districte VI,11,el Gornal,608,75 i +,101,68,169
2002,1,Districte I,3,Sant Josep,138,18-24,44,55,99
2009,6,Districte VI,12,Bellvitge,627,18-24,35,47,82
1998,6,Districte VI,12,Bellvitge,619,00-02,6,21,27
2016,2,Districte II,4,la Torrassa,246,18-24,57,43,100
2007,3,Districte III,6,Santa Eulàlia,323,50-64,362,361,723
2013,5,Districte V,9,Can Serra,507,25-34,54,61,115
1994,4,Districte IV,8,les Planes,434,18-24,27,23,50
2000,2,Districte II,4,la Torrassa,249,50-64,102,82,184
2004,2,Districte II,5,Collblanc,203,00-02,15,20,35
2011,1,Districte I,1,Centre,131,00-02,23,21,44
2005,2,Districte II,5,Collblanc,216,75 i +,67,43,110
1995,2,Districte II,4,la Torrassa,228,16-17,5,9,14
2014,5,Districte V,10,Pubilla Cases,520,35-49,98,99,197
2007,1,Districte I,3,Sant Josep,140,12-15,6,20,26
2010,1,Districte I,1,Centre,135,03-11,53,56,109
2016,4,Districte IV,7,la Florida,406,65-74,75,66,141
2005,2,Districte II,4,la Torrassa,242,75 i +,67,54,121
2006,1,Districte I,1,Centre,131,35-49,132,152,284
1999,6,Districte VI,12,Bellvitge,613,25-34,150,163,313
2004,4,Districte IV,8,les Planes,435,35-49,95,120,215
2014,3,Districte III,6,Santa Eulàlia,313,35-49,230,215,445
2008,6,Districte VI,12,Bellvitge,612,03-11,40,44,84
2016,6,Districte VI,12,Bellvitge,627,25-34,41,59,100
2011,5,Districte V,10,Pubilla Cases,511,65-74,38,22,60
1997,4,Districte IV,8,les Planes,442,75 i +,30,22,52
2003,2,Districte II,4,la Torrassa,230,18-24,39,34,73
1998,1,Districte I,1,Centre,130,18-24,33,44,77
1997,2,Districte II,5,Collblanc,220,35-49,66,62,128
2005,4,Districte IV,7,la Florida,406,65-74,76,72,148
2000,2,Districte II,4,la Torrassa,211,16-17,11,6,17
2013,3,Districte III,6,Santa Eulàlia,317,03-11,57,64,121
1994,1,Districte I,1,Centre,111,18-24,78,93,171
2012,2,Districte II,5,Collblanc,203,50-64,72,48,120
2000,2,Districte II,5,Collblanc,203,03-11,19,17,36
2007,3,Districte III,6,Santa Eulàlia,306,35-49,183,196,379
2011,2,Districte II,5,Collblanc,215,16-17,13,9,22
2002,4,Districte IV,7,la Florida,422,25-34,89,89,178
1994,2,Districte II,4,la Torrassa,242,16-17,9,15,24
2010,4,Districte IV,7,la Florida,406,75 i +,76,53,129
2005,5,Districte V,9,Can Serra,501,35-49,103,93,196
2001,1,Districte I,3,Sant Josep,117,25-34,181,172,353
2013,1,Districte I,1,Centre,128,03-11,39,52,91
1998,1,Districte I,2,Sanfeliu,132,16-17,22,40,62
1998,5,Districte V,10,Pubilla Cases,509,35-49,71,61,132
2010,1,Districte I,3,Sant Josep,114,12-15,35,25,60
1997,3,Districte III,6,Santa Eulàlia,319,03-11,28,33,61
2015,4,Districte IV,7,la Florida,402,50-64,67,74,141
2015,5,Districte V,10,Pubilla Cases,518,00-02,16,10,26
2010,2,Districte II,5,Collblanc,223,18-24,58,52,110
2003,5,Districte V,9,Can Serra,502,50-64,142,149,291
2013,4,Districte IV,7,la Florida,425,00-02,11,17,28
1998,4,Districte IV,8,les Planes,418,03-11,33,33,66
1995,2,Districte II,5,Collblanc,219,75 i +,60,31,91
2002,3,Districte III,6,Santa Eulàlia,322,35-49,104,98,202
1999,3,Districte III,6,Santa Eulàlia,307,18-24,121,108,229
2012,4,Districte IV,7,la Florida,423,00-02,9,22,31
2010,6,Districte VI,11,el Gornal,608,65-74,60,40,100
2010,2,Districte II,4,la Torrassa,232,35-49,123,127,250
2007,3,Districte III,6,Santa Eulàlia,314,18-24,112,128,240
2015,3,Districte III,13,Granvia Sud,312,50-64,160,157,317
1999,4,Districte IV,8,les Planes,420,25-34,107,107,214
2007,2,Districte II,4,la Torrassa,211,35-49,184,248,432
2005,4,Districte IV,8,les Planes,439,03-11,44,63,107
2002,1,Districte I,3,Sant Josep,106,50-64,199,232,431
2005,6,Districte VI,12,Bellvitge,624,03-11,24,41,65
2015,4,Districte IV,7,la Florida,422,65-74,50,30,80
1999,3,Districte III,6,Santa Eulàlia,307,25-34,104,89,193
2002,3,Districte III,6,Santa Eulàlia,303,18-24,50,56,106
2001,6,Districte VI,12,Bellvitge,621,25-34,153,166,319
2013,4,Districte IV,7,la Florida,412,75 i +,100,83,183
2006,5,Districte V,10,Pubilla Cases,510,50-64,93,84,177
1994,6,Districte VI,12,Bellvitge,630,00-02,10,4,14
2006,2,Districte II,5,Collblanc,223,35-49,146,152,298
2014,6,Districte VI,11,el Gornal,617,35-49,109,141,250
1997,2,Districte II,4,la Torrassa,211,16-17,8,10,18
2006,1,Districte I,1,Centre,135,35-49,191,169,360
2011,4,Districte IV,8,les Planes,418,03-11,58,48,106
2008,6,Districte VI,12,Bellvitge,603,18-24,15,20,35
2011,6,Districte VI,12,Bellvitge,604,65-74,49,33,82
1994,4,Districte IV,7,la Florida,402,12-15,14,20,34
1994,6,Districte VI,11,el Gornal,616,35-49,188,190,378
2010,1,Districte I,1,Centre,105,18-24,43,58,101
1999,3,Districte III,6,Santa Eulàlia,309,50-64,64,61,125
1995,1,Districte I,3,Sant Josep,117,50-64,135,151,286
2007,2,Districte II,4,la Torrassa,230,12-15,15,22,37
2014,1,Districte I,3,Sant Josep,138,00-02,10,16,26
2007,2,Districte II,4,la Torrassa,230,00-02,17,15,32
2015,2,Districte II,4,la Torrassa,238,03-11,40,50,90
1994,4,Districte IV,8,les Planes,434,65-74,74,48,122
1994,1,Districte I,3,Sant Josep,138,25-34,64,55,119
1994,3,Districte III,6,Santa Eulàlia,324,65-74,56,39,95
1999,3,Districte III,6,Santa Eulàlia,304,03-11,37,43,80
1997,6,Districte VI,12,Bellvitge,611,03-11,61,60,121
2001,3,Districte III,6,Santa Eulàlia,310,50-64,71,85,156
2001,3,Districte III,6,Santa Eulàlia,316,35-49,380,309,689
2005,2,Districte II,4,la Torrassa,239,03-11,39,34,73
2011,1,Districte I,2,Sanfeliu,116,75 i +,77,56,133
2011,5,Districte V,10,Pubilla Cases,523,16-17,11,13,24
2000,5,Districte V,10,Pubilla Cases,518,16-17,4,11,15
2002,6,Districte VI,12,Bellvitge,625,18-24,110,115,225
2014,3,Districte III,6,Santa Eulàlia,327,18-24,38,35,73
1994,1,Districte I,1,Centre,111,35-49,118,106,224
1998,4,Districte IV,7,la Florida,421,65-74,74,78,152
2004,6,Districte VI,12,Bellvitge,612,25-34,98,122,220
2015,6,Districte VI,12,Bellvitge,627,16-17,11,3,14
2001,5,Districte V,9,Can Serra,504,16-17,10,12,22
2011,6,Districte VI,11,el Gornal,626,50-64,81,80,161
2000,4,Districte IV,8,les Planes,439,12-15,7,19,26
2007,5,Districte V,10,Pubilla Cases,515,16-17,9,8,17
2008,2,Districte II,4,la Torrassa,231,65-74,57,36,93
2001,1,Districte I,1,Centre,113,75 i +,43,26,69
2004,2,Districte II,4,la Torrassa,235,50-64,107,96,203
1996,6,Districte VI,12,Bellvitge,609,12-15,15,22,37
2001,1,Districte I,3,Sant Josep,119,12-15,24,20,44
1995,3,Districte III,6,Santa Eulàlia,313,18-24,104,117,221
1998,1,Districte I,3,Sant Josep,140,35-49,80,68,148
1998,6,Districte VI,12,Bellvitge,621,18-24,164,193,357
2013,2,Districte II,5,Collblanc,208,50-64,180,151,331
2000,4,Districte IV,7,la Florida,407,65-74,80,74,154
2014,5,Districte V,9,Can Serra,504,00-02,15,6,21
1995,3,Districte III,6,Santa Eulàlia,324,12-15,19,14,33
2005,6,Districte VI,12,Bellvitge,619,12-15,18,22,40
2011,2,Districte II,5,Collblanc,201,00-02,16,22,38
1998,3,Districte III,6,Santa Eulàlia,320,18-24,37,49,86
2016,2,Districte II,5,Collblanc,224,75 i +,70,28,98
1995,4,Districte IV,8,les Planes,441,03-11,130,118,248
2010,2,Districte II,5,Collblanc,202,65-74,32,34,66
2016,6,Districte VI,12,Bellvitge,614,65-74,92,65,157
2012,5,Districte V,10,Pubilla Cases,530,12-15,20,29,49
1999,1,Districte I,1,Centre,110,75 i +,53,27,80
2011,5,Districte V,10,Pubilla Cases,514,03-11,30,36,66
2016,6,Districte VI,11,el Gornal,626,65-74,74,56,130
1994,3,Districte III,6,Santa Eulàlia,308,35-49,167,157,324
2012,1,Districte I,3,Sant Josep,126,18-24,26,24,50
2004,3,Districte III,6,Santa Eulàlia,314,12-15,36,67,103
2008,6,Districte VI,11,el Gornal,622,75 i +,39,10,49
1997,5,Districte V,10,Pubilla Cases,517,65-74,58,49,107
2010,4,Districte IV,8,les Planes,429,03-11,20,16,36
1995,4,Districte IV,7,la Florida,423,16-17,8,13,21
2009,6,Districte VI,12,Bellvitge,613,18-24,37,34,71
2004,2,Districte II,5,Collblanc,224,25-34,66,70,136
1997,2,Districte II,4,la Torrassa,232,65-74,76,64,140
2009,3,Districte III,6,Santa Eulàlia,306,75 i +,102,70,172
2012,2,Districte II,4,la Torrassa,229,12-15,19,10,29
2008,4,Districte IV,7,la Florida,421,35-49,143,166,309
2016,1,Districte I,1,Centre,110,00-02,8,17,25
2014,1,Districte I,3,Sant Josep,138,12-15,11,10,21
2014,4,Districte IV,8,les Planes,433,12-15,30,32,62
2003,1,Districte I,3,Sant Josep,114,12-15,23,15,38
2002,6,Districte VI,12,Bellvitge,627,12-15,14,27,41
2000,2,Districte II,5,Collblanc,244,50-64,51,46,97
2015,1,Districte I,1,Centre,113,65-74,80,94,174
1998,5,Districte V,10,Pubilla Cases,532,65-74,84,75,159
2006,6,Districte VI,12,Bellvitge,613,35-49,107,125,232
2000,2,Districte II,4,la Torrassa,211,00-02,6,22,28
2014,4,Districte IV,7,la Florida,431,35-49,195,246,441
1999,3,Districte III,6,Santa Eulàlia,303,35-49,101,106,207
1996,6,Districte VI,12,Bellvitge,603,65-74,24,24,48
2003,6,Districte VI,12,Bellvitge,609,50-64,125,108,233
2011,3,Districte III,6,Santa Eulàlia,317,12-15,28,28,56
2006,1,Districte I,3,Sant Josep,140,25-34,88,115,203
2008,3,Districte III,6,Santa Eulàlia,306,50-64,162,131,293
2006,2,Districte II,5,Collblanc,214,03-11,29,19,48
2006,6,Districte VI,12,Bellvitge,613,03-11,41,36,77
1994,4,Districte IV,7,la Florida,414,25-34,69,75,144
2011,1,Districte I,1,Centre,108,00-02,14,18,32
2013,1,Districte I,1,Centre,112,03-11,66,62,128
2001,6,Districte VI,12,Bellvitge,604,12-15,12,17,29
2015,2,Districte II,5,Collblanc,224,16-17,7,8,15
2010,6,Districte VI,12,Bellvitge,618,50-64,61,36,97
1997,4,Districte IV,7,la Florida,415,00-02,7,10,17
2012,5,Districte V,9,Can Serra,505,16-17,4,4,8
2000,6,Districte VI,12,Bellvitge,603,75 i +,13,15,28
2014,2,Districte II,5,Collblanc,221,35-49,255,274,529
2006,3,Districte III,6,Santa Eulàlia,318,00-02,12,11,23
2016,2,Districte II,5,Collblanc,204,03-11,54,68,122
1998,5,Districte V,10,Pubilla Cases,518,00-02,5,9,14
2015,5,Districte V,10,Pubilla Cases,537,18-24,63,44,107
2001,2,Districte II,4,la Torrassa,242,50-64,102,93,195
2008,5,Districte V,10,Pubilla Cases,532,00-02,21,22,43
1996,2,Districte II,5,Collblanc,210,65-74,86,66,152
1998,6,Districte VI,12,Bellvitge,609,18-24,82,70,152
2015,2,Districte II,4,la Torrassa,247,16-17,9,8,17
2003,3,Districte III,6,Santa Eulàlia,309,12-15,18,18,36
2016,5,Districte V,10,Pubilla Cases,520,65-74,46,41,87
2011,1,Districte I,3,Sant Josep,125,12-15,20,32,52
1997,4,Districte IV,7,la Florida,411,75 i +,45,21,66
2010,6,Districte VI,12,Bellvitge,611,65-74,140,131,271
2010,6,Districte VI,12,Bellvitge,602,25-34,35,44,79
2009,4,Districte IV,8,les Planes,418,18-24,48,63,111
2012,2,Districte II,4,la Torrassa,238,12-15,11,18,29
2011,4,Districte IV,7,la Florida,427,00-02,22,23,45
2013,2,Districte II,4,la Torrassa,228,25-34,159,199,358
1999,4,Districte IV,7,la Florida,403,18-24,52,62,114
2009,2,Districte II,5,Collblanc,205,75 i +,80,48,128
1995,6,Districte VI,12,Bellvitge,620,75 i +,16,1,17
2004,1,Districte I,3,Sant Josep,106,50-64,221,237,458
2006,6,Districte VI,11,el Gornal,632,00-02,18,14,32
2007,1,Districte I,3,Sant Josep,119,03-11,29,40,69
2014,1,Districte I,1,Centre,103,16-17,10,6,16
2003,4,Districte IV,7,la Florida,423,25-34,76,101,177
2010,6,Districte VI,12,Bellvitge,602,35-49,82,80,162
2004,4,Districte IV,8,les Planes,439,25-34,107,161,268
2009,3,Districte III,6,Santa Eulàlia,325,12-15,28,26,54
1995,2,Districte II,4,la Torrassa,237,75 i +,63,31,94
2016,2,Districte II,5,Collblanc,210,18-24,30,28,58
2014,2,Districte II,5,Collblanc,213,25-34,78,81,159
1997,2,Districte II,4,la Torrassa,233,00-02,4,5,9
2014,4,Districte IV,8,les Planes,436,16-17,12,16,28
2004,6,Districte VI,12,Bellvitge,603,25-34,59,71,130
1999,4,Districte IV,8,les Planes,441,65-74,110,82,192
1997,1,Districte I,1,Centre,134,16-17,15,15,30
2002,5,Districte V,10,Pubilla Cases,524,12-15,14,22,36
2008,2,Districte II,5,Collblanc,207,50-64,68,57,125
2008,3,Districte III,6,Santa Eulàlia,316,18-24,140,141,281
2004,4,Districte IV,8,les Planes,438,75 i +,30,15,45
2016,1,Districte I,1,Centre,123,25-34,86,72,158
2008,5,Districte V,10,Pubilla Cases,516,03-11,24,39,63
2003,6,Districte VI,11,el Gornal,617,75 i +,27,23,50
2003,5,Districte V,10,Pubilla Cases,519,00-02,10,8,18
2003,1,Districte I,1,Centre,111,65-74,56,45,101
2015,6,Districte VI,12,Bellvitge,609,12-15,10,12,22
2013,3,Districte III,6,Santa Eulàlia,319,03-11,91,111,202
1997,4,Districte IV,7,la Florida,431,35-49,123,121,244
1995,6,Districte VI,11,el Gornal,616,35-49,174,180,354
1994,6,Districte VI,12,Bellvitge,628,25-34,76,78,154
2000,3,Districte III,6,Santa Eulàlia,322,18-24,67,62,129
2003,2,Districte II,4,la Torrassa,240,35-49,76,72,148
1994,4,Districte IV,8,les Planes,442,50-64,58,62,120
2002,4,Districte IV,7,la Florida,413,18-24,27,18,45
1998,2,Districte II,4,la Torrassa,247,35-49,99,109,208
1999,6,Districte VI,11,el Gornal,629,50-64,68,55,123
2004,2,Districte II,4,la Torrassa,230,65-74,44,44,88
1999,2,Districte II,4,la Torrassa,230,00-02,10,12,22
2010,5,Districte V,10,Pubilla Cases,513,50-64,58,50,108
1998,6,Districte VI,12,Bellvitge,604,65-74,30,27,57
2005,2,Districte II,4,la Torrassa,248,03-11,50,41,91
1997,1,Districte I,1,Centre,107,03-11,57,70,127
1999,3,Districte III,6,Santa Eulàlia,317,65-74,56,39,95
2007,2,Districte II,4,la Torrassa,211,12-15,21,29,50
2012,5,Districte V,10,Pubilla Cases,512,65-74,55,41,96
2000,2,Districte II,4,la Torrassa,231,16-17,8,8,16
1997,4,Districte IV,8,les Planes,429,50-64,62,51,113
1999,1,Districte I,3,Sant Josep,117,12-15,61,56,117
2006,6,Districte VI,12,Bellvitge,605,35-49,60,56,116
2014,2,Districte II,4,la Torrassa,238,35-49,120,133,253
2004,1,Districte I,1,Centre,105,18-24,57,67,124
2000,3,Districte III,6,Santa Eulàlia,311,65-74,86,74,160
2001,1,Districte I,1,Centre,109,75 i +,48,29,77
2014,1,Districte I,3,Sant Josep,121,25-34,57,42,99
1994,5,Districte V,9,Can Serra,506,00-02,23,35,58
2010,6,Districte VI,12,Bellvitge,603,00-02,22,12,34
2010,2,Districte II,5,Collblanc,216,25-34,113,111,224
1997,6,Districte VI,12,Bellvitge,605,75 i +,20,14,34
2000,6,Districte VI,12,Bellvitge,604,50-64,86,62,148
1996,3,Districte III,6,Santa Eulàlia,307,50-64,147,137,284
2006,2,Districte II,4,la Torrassa,247,65-74,63,63,126
1996,3,Districte III,6,Santa Eulàlia,309,35-49,87,74,161
2001,5,Districte V,10,Pubilla Cases,516,12-15,9,13,22
1994,6,Districte VI,12,Bellvitge,631,00-02,9,11,20
2002,5,Districte V,10,Pubilla Cases,510,00-02,9,13,22
1994,4,Districte IV,7,la Florida,408,65-74,45,36,81
2008,3,Districte III,6,Santa Eulàlia,317,18-24,43,43,86
2013,5,Districte V,10,Pubilla Cases,528,35-49,166,148,314
1998,5,Districte V,10,Pubilla Cases,512,18-24,39,53,92
2001,5,Districte V,10,Pubilla Cases,520,16-17,10,9,19
2010,2,Districte II,5,Collblanc,208,75 i +,223,120,343
2002,5,Districte V,10,Pubilla Cases,525,03-11,19,20,39
2002,2,Districte II,5,Collblanc,203,18-24,35,34,69
2015,3,Districte III,6,Santa Eulàlia,323,75 i +,61,27,88
2004,6,Districte VI,12,Bellvitge,625,03-11,36,44,80
2014,1,Districte I,1,Centre,104,35-49,105,120,225
2004,5,Districte V,10,Pubilla Cases,534,18-24,50,42,92
1999,6,Districte VI,11,el Gornal,617,35-49,98,100,198
2015,2,Districte II,4,la Torrassa,211,03-11,47,61,108
2005,5,Districte V,9,Can Serra,535,03-11,25,40,65
2008,3,Districte III,6,Santa Eulàlia,308,00-02,30,30,60
2008,1,Districte I,3,Sant Josep,121,75 i +,80,42,122
2005,5,Districte V,9,Can Serra,504,03-11,21,31,52
1994,1,Districte I,3,Sant Josep,140,35-49,94,89,183
2006,5,Districte V,10,Pubilla Cases,534,12-15,14,14,28
1996,3,Districte III,6,Santa Eulàlia,324,00-02,11,10,21
1997,3,Districte III,6,Santa Eulàlia,301,25-34,158,159,317
1996,2,Districte II,4,la Torrassa,242,03-11,32,27,59
2006,2,Districte II,4,la Torrassa,241,25-34,73,74,147
1997,4,Districte IV,7,la Florida,417,25-34,53,48,101
1998,3,Districte III,6,Santa Eulàlia,324,35-49,78,82,160
2000,3,Districte III,6,Santa Eulàlia,323,16-17,52,53,105
2012,1,Districte I,3,Sant Josep,138,12-15,19,11,30
2012,2,Districte II,5,Collblanc,227,00-02,8,17,25
1998,2,Districte II,5,Collblanc,215,03-11,24,19,43
2007,5,Districte V,10,Pubilla Cases,520,16-17,7,12,19
1994,4,Districte IV,7,la Florida,424,35-49,64,56,120
2009,2,Districte II,4,la Torrassa,237,25-34,132,154,286
2005,6,Districte VI,11,el Gornal,622,16-17,7,4,11
1995,6,Districte VI,12,Bellvitge,621,12-15,58,72,130
1996,5,Districte V,10,Pubilla Cases,524,03-11,46,46,92
2005,4,Districte IV,8,les Planes,419,35-49,83,131,214
1999,2,Districte II,5,Collblanc,207,16-17,7,8,15
2000,6,Districte VI,11,el Gornal,632,65-74,47,42,89
2004,3,Districte III,6,Santa Eulàlia,309,25-34,78,107,185
2012,2,Districte II,5,Collblanc,226,12-15,19,15,34
2001,6,Districte VI,12,Bellvitge,630,12-15,18,12,30
2006,5,Districte V,10,Pubilla Cases,514,03-11,37,36,73
2014,2,Districte II,5,Collblanc,226,25-34,126,127,253
2005,6,Districte VI,12,Bellvitge,613,16-17,8,7,15
2006,4,Districte IV,7,la Florida,404,75 i +,67,37,104
2002,6,Districte VI,12,Bellvitge,618,25-34,56,65,121
1998,5,Districte V,9,Can Serra,503,03-11,42,48,90
2013,6,Districte VI,11,el Gornal,616,50-64,223,197,420
2012,4,Districte IV,7,la Florida,425,18-24,37,46,83
2014,5,Districte V,9,Can Serra,506,25-34,88,101,189
1996,4,Districte IV,7,la Florida,430,03-11,24,33,57
2005,2,Districte II,5,Collblanc,216,12-15,16,16,32
2016,1,Districte I,1,Centre,135,03-11,46,56,102
2009,2,Districte II,4,la Torrassa,246,16-17,11,4,15
2002,1,Districte I,1,Centre,134,00-02,12,11,23
1995,4,Districte IV,8,les Planes,442,50-64,59,65,124
1996,4,Districte IV,8,les Planes,435,00-02,7,9,16
2016,1,Districte I,1,Centre,104,00-02,11,12,23
2011,3,Districte III,6,Santa Eulàlia,307,50-64,199,153,352
2015,5,Districte V,10,Pubilla Cases,532,35-49,179,200,379
2012,5,Districte V,10,Pubilla Cases,538,18-24,42,39,81
2010,3,Districte III,6,Santa Eulàlia,308,16-17,18,20,38
1994,2,Districte II,4,la Torrassa,228,00-02,8,6,14
1996,5,Districte V,9,Can Serra,503,03-11,54,46,100
2009,2,Districte II,4,la Torrassa,243,12-15,24,24,48
2012,4,Districte IV,8,les Planes,420,35-49,178,189,367
2006,2,Districte II,4,la Torrassa,232,00-02,14,9,23
1994,2,Districte II,4,la Torrassa,242,18-24,52,54,106
2003,4,Districte IV,8,les Planes,436,50-64,61,58,119
2015,2,Districte II,5,Collblanc,212,03-11,72,66,138
1997,2,Districte II,5,Collblanc,223,65-74,73,61,134
1997,2,Districte II,5,Collblanc,206,25-34,63,70,133
2001,6,Districte VI,11,el Gornal,616,25-34,237,275,512
1999,2,Districte II,4,la Torrassa,229,12-15,7,12,19
2014,4,Districte IV,7,la Florida,403,50-64,107,94,201
2011,1,Districte I,1,Centre,111,25-34,50,60,110
2000,5,Districte V,10,Pubilla Cases,534,16-17,4,7,11
2012,5,Districte V,10,Pubilla Cases,527,18-24,41,38,79
2005,1,Districte I,1,Centre,130,03-11,45,38,83
2009,6,Districte VI,12,Bellvitge,613,16-17,8,15,23
2004,3,Districte III,6,Santa Eulàlia,301,03-11,84,101,185
1994,5,Districte V,10,Pubilla Cases,509,16-17,14,14,28
1995,4,Districte IV,7,la Florida,428,50-64,57,45,102
2011,3,Districte III,6,Santa Eulàlia,309,50-64,97,70,167
2005,3,Districte III,6,Santa Eulàlia,314,35-49,312,286,598
2008,2,Districte II,5,Collblanc,216,12-15,33,22,55
2004,2,Districte II,4,la Torrassa,218,75 i +,36,21,57
2003,3,Districte III,6,Santa Eulàlia,318,35-49,123,114,237
2012,4,Districte IV,8,les Planes,440,75 i +,71,49,120
2015,1,Districte I,3,Sant Josep,106,25-34,113,114,227
1996,2,Districte II,4,la Torrassa,248,25-34,98,101,199
2002,6,Districte VI,12,Bellvitge,618,16-17,5,6,11
1994,4,Districte IV,8,les Planes,401,50-64,137,130,267
2009,6,Districte VI,12,Bellvitge,614,75 i +,49,32,81
1999,1,Districte I,1,Centre,131,03-11,58,52,110
2004,6,Districte VI,12,Bellvitge,621,25-34,135,157,292
2007,1,Districte I,3,Sant Josep,138,35-49,83,75,158
2007,4,Districte IV,8,les Planes,429,00-02,9,5,14
1996,2,Districte II,5,Collblanc,210,35-49,84,84,168
1995,1,Districte I,1,Centre,124,25-34,60,58,118
1995,2,Districte II,4,la Torrassa,235,25-34,131,121,252
2015,4,Districte IV,8,les Planes,440,16-17,9,5,14
2003,5,Districte V,10,Pubilla Cases,519,50-64,44,37,81
1998,4,Districte IV,8,les Planes,442,12-15,9,12,21
2013,3,Districte III,6,Santa Eulàlia,314,50-64,283,258,541
2001,4,Districte IV,7,la Florida,421,25-34,121,119,240
2014,6,Districte VI,12,Bellvitge,625,50-64,190,150,340
1995,6,Districte VI,12,Bellvitge,628,35-49,144,107,251
1998,1,Districte I,1,Centre,108,35-49,143,125,268
2003,1,Districte I,3,Sant Josep,106,65-74,60,38,98
1994,4,Districte IV,7,la Florida,410,65-74,90,95,185
2007,1,Districte I,1,Centre,113,18-24,91,84,175
1999,5,Districte V,10,Pubilla Cases,531,35-49,78,76,154
1995,3,Districte III,6,Santa Eulàlia,312,75 i +,22,10,32
2016,2,Districte II,5,Collblanc,220,35-49,236,215,451
2004,4,Districte IV,7,la Florida,425,12-15,13,20,33
2000,4,Districte IV,7,la Florida,404,03-11,52,42,94
2012,2,Districte II,5,Collblanc,223,65-74,66,48,114
1998,2,Districte II,4,la Torrassa,240,12-15,9,13,22
2002,1,Districte I,1,Centre,133,50-64,85,78,163
2012,6,Districte VI,12,Bellvitge,631,16-17,8,5,13
2000,1,Districte I,3,Sant Josep,127,50-64,53,53,106
2000,3,Districte III,6,Santa Eulàlia,311,50-64,137,110,247
2005,4,Districte IV,7,la Florida,427,12-15,12,18,30
2010,2,Districte II,5,Collblanc,224,75 i +,40,21,61
2006,5,Districte V,9,Can Serra,521,00-02,5,12,17
2014,5,Districte V,10,Pubilla Cases,533,03-11,82,100,182
2003,2,Districte II,4,la Torrassa,243,75 i +,84,56,140
2011,5,Districte V,10,Pubilla Cases,510,12-15,14,18,32
2006,1,Districte I,2,Sanfeliu,129,25-34,124,129,253
2014,1,Districte I,1,Centre,111,16-17,1,10,11
2015,2,Districte II,4,la Torrassa,228,18-24,86,89,175
2008,4,Districte IV,7,la Florida,409,12-15,10,15,25
2001,5,Districte V,9,Can Serra,503,16-17,10,8,18
2012,5,Districte V,9,Can Serra,501,65-74,73,85,158
2014,3,Districte III,6,Santa Eulàlia,306,16-17,21,16,37
2013,2,Districte II,5,Collblanc,205,18-24,36,47,83
2008,5,Districte V,9,Can Serra,501,16-17,9,10,19
2004,2,Districte II,4,la Torrassa,241,65-74,52,40,92
1995,2,Districte II,5,Collblanc,227,03-11,14,12,26
2000,2,Districte II,5,Collblanc,219,16-17,5,13,18
2015,6,Districte VI,11,el Gornal,616,50-64,235,207,442
2009,1,Districte I,3,Sant Josep,138,00-02,9,11,20
1995,2,Districte II,4,la Torrassa,211,35-49,77,91,168
2001,1,Districte I,1,Centre,108,65-74,86,70,156
2008,2,Districte II,4,la Torrassa,236,50-64,89,72,161
2006,2,Districte II,5,Collblanc,224,12-15,12,11,23
1995,5,Districte V,10,Pubilla Cases,532,16-17,15,22,37
2010,6,Districte VI,12,Bellvitge,602,16-17,5,5,10
1998,2,Districte II,5,Collblanc,210,03-11,27,23,50
2014,1,Districte I,3,Sant Josep,126,00-02,13,13,26
2002,3,Districte III,6,Santa Eulàlia,315,16-17,14,18,32
2004,5,Districte V,10,Pubilla Cases,524,25-34,156,168,324
1996,4,Districte IV,7,la Florida,432,25-34,79,83,162
2011,2,Districte II,4,la Torrassa,242,75 i +,91,59,150
1994,1,Districte I,1,Centre,128,03-11,46,41,87
1999,1,Districte I,1,Centre,128,18-24,65,70,135
2016,5,Districte V,9,Can Serra,505,12-15,16,15,31
2013,1,Districte I,3,Sant Josep,125,03-11,85,81,166
2008,4,Districte IV,7,la Florida,406,18-24,78,54,132
2005,2,Districte II,4,la Torrassa,238,18-24,29,41,70
2003,4,Districte IV,7,la Florida,404,12-15,24,23,47
1994,4,Districte IV,7,la Florida,416,18-24,37,54,91
2015,2,Districte II,4,la Torrassa,231,25-34,104,85,189
2009,6,Districte VI,12,Bellvitge,613,75 i +,69,40,109
2016,3,Districte III,13,Granvia Sud,312,16-17,6,12,18
2000,5,Districte V,10,Pubilla Cases,527,12-15,22,18,40
1994,4,Districte IV,7,la Florida,406,00-02,23,17,40
2013,2,Districte II,5,Collblanc,212,65-74,67,54,121
1996,4,Districte IV,7,la Florida,430,18-24,50,44,94
2001,2,Districte II,4,la Torrassa,246,00-02,7,18,25
1995,1,Districte I,3,Sant Josep,138,50-64,77,71,148
2016,6,Districte VI,12,Bellvitge,623,50-64,114,114,228
1994,5,Districte V,9,Can Serra,502,12-15,50,33,83
2000,1,Districte I,3,Sant Josep,117,65-74,70,57,127
1999,4,Districte IV,7,la Florida,415,75 i +,43,28,71
1996,4,Districte IV,8,les Planes,442,12-15,11,11,22
2010,4,Districte IV,7,la Florida,412,25-34,119,157,276
2005,6,Districte VI,12,Bellvitge,602,12-15,7,8,15
2007,3,Districte III,6,Santa Eulàlia,321,18-24,94,92,186
1999,6,Districte VI,12,Bellvitge,607,00-02,6,12,18
2010,2,Districte II,4,la Torrassa,228,25-34,72,75,147
2007,5,Districte V,10,Pubilla Cases,518,75 i +,56,37,93
1995,2,Districte II,5,Collblanc,220,50-64,90,80,170
1997,6,Districte VI,12,Bellvitge,610,18-24,104,118,222
2002,2,Districte II,4,la Torrassa,237,25-34,112,145,257
2001,3,Districte III,6,Santa Eulàlia,325,35-49,202,186,388
2015,2,Districte II,4,la Torrassa,233,50-64,71,71,142
1998,1,Districte I,1,Centre,111,00-02,3,12,15
2003,2,Districte II,4,la Torrassa,243,16-17,8,11,19
1998,5,Districte V,10,Pubilla Cases,509,65-74,36,31,67
2003,6,Districte VI,12,Bellvitge,621,65-74,53,45,98
2006,3,Districte III,6,Santa Eulàlia,320,12-15,13,11,24
2008,1,Districte I,2,Sanfeliu,132,16-17,22,28,50
2010,3,Districte III,6,Santa Eulàlia,320,12-15,14,13,27
1998,2,Districte II,4,la Torrassa,248,16-17,6,16,22
2005,5,Districte V,10,Pubilla Cases,536,50-64,81,63,144
2004,1,Districte I,3,Sant Josep,127,75 i +,31,23,54
2008,5,Districte V,10,Pubilla Cases,532,18-24,64,56,120
2013,3,Districte III,6,Santa Eulàlia,315,35-49,249,257,506
2009,3,Districte III,6,Santa Eulàlia,325,50-64,203,168,371
2005,1,Districte I,1,Centre,104,50-64,67,57,124
2004,5,Districte V,10,Pubilla Cases,517,50-64,91,77,168
1995,4,Districte IV,7,la Florida,402,18-24,56,53,109
2004,4,Districte IV,7,la Florida,428,35-49,74,83,157
1997,6,Districte VI,12,Bellvitge,604,16-17,5,17,22
2015,6,Districte VI,12,Bellvitge,627,03-11,25,34,59
2010,6,Districte VI,12,Bellvitge,601,65-74,109,94,203
2009,5,Districte V,10,Pubilla Cases,519,18-24,27,31,58
2013,1,Districte I,1,Centre,111,50-64,84,68,152
2006,2,Districte II,5,Collblanc,203,50-64,60,57,117
1998,6,Districte VI,12,Bellvitge,604,03-11,25,34,59
2008,5,Districte V,10,Pubilla Cases,523,16-17,11,17,28
2015,1,Districte I,1,Centre,105,25-34,67,73,140
2002,6,Districte VI,12,Bellvitge,623,50-64,219,193,412
2016,2,Districte II,5,Collblanc,224,65-74,52,42,94
2005,5,Districte V,10,Pubilla Cases,536,16-17,8,7,15
2002,5,Districte V,10,Pubilla Cases,527,35-49,122,128,250
2013,6,Districte VI,12,Bellvitge,623,50-64,140,111,251
2013,3,Districte III,6,Santa Eulàlia,325,65-74,125,112,237
2010,2,Districte II,5,Collblanc,214,12-15,15,12,27
1994,6,Districte VI,12,Bellvitge,614,50-64,119,128,247
2016,2,Districte II,4,la Torrassa,236,00-02,9,11,20
1999,6,Districte VI,12,Bellvitge,613,65-74,66,54,120
2014,1,Districte I,3,Sant Josep,127,18-24,20,29,49
2010,4,Districte IV,8,les Planes,440,18-24,26,30,56
2008,1,Districte I,3,Sant Josep,121,18-24,18,25,43
2004,5,Districte V,10,Pubilla Cases,527,18-24,58,58,116
2005,3,Districte III,6,Santa Eulàlia,311,65-74,81,62,143
1995,2,Districte II,4,la Torrassa,211,03-11,33,40,73
2016,2,Districte II,4,la Torrassa,217,25-34,118,104,222
2002,6,Districte VI,12,Bellvitge,625,35-49,166,146,312
2013,1,Districte I,3,Sant Josep,106,50-64,258,204,462
2011,4,Districte IV,7,la Florida,431,25-34,147,180,327
2008,6,Districte VI,11,el Gornal,629,25-34,37,57,94
2011,6,Districte VI,12,Bellvitge,610,12-15,15,27,42
2004,3,Districte III,6,Santa Eulàlia,304,65-74,78,62,140
1995,5,Districte V,10,Pubilla Cases,517,16-17,12,18,30
2003,5,Districte V,9,Can Serra,503,18-24,49,52,101
2002,3,Districte III,6,Santa Eulàlia,315,00-02,15,22,37
1998,1,Districte I,2,Sanfeliu,132,65-74,70,66,136
2002,4,Districte IV,8,les Planes,429,18-24,28,39,67
2012,6,Districte VI,12,Bellvitge,628,12-15,15,20,35
2008,2,Districte II,5,Collblanc,223,35-49,145,168,313
2001,6,Districte VI,12,Bellvitge,625,75 i +,15,9,24
2003,2,Districte II,5,Collblanc,222,16-17,8,13,21
2012,1,Districte I,3,Sant Josep,106,25-34,138,155,293
2005,1,Districte I,1,Centre,134,00-02,21,15,36
2008,4,Districte IV,7,la Florida,426,65-74,42,34,76
2004,2,Districte II,5,Collblanc,214,35-49,77,97,174
2012,2,Districte II,4,la Torrassa,239,03-11,44,48,92
2003,3,Districte III,6,Santa Eulàlia,310,12-15,14,18,32
2004,6,Districte VI,12,Bellvitge,611,00-02,30,24,54
2010,2,Districte II,4,la Torrassa,236,75 i +,90,60,150
2010,1,Districte I,1,Centre,102,35-49,173,183,356
2011,6,Districte VI,12,Bellvitge,612,65-74,117,90,207
2016,4,Districte IV,7,la Florida,412,25-34,105,106,211
2011,3,Districte III,6,Santa Eulàlia,316,75 i +,83,31,114
1998,2,Districte II,5,Collblanc,216,03-11,24,33,57
2008,2,Districte II,5,Collblanc,207,00-02,16,6,22
2003,6,Districte VI,12,Bellvitge,624,16-17,6,11,17
2007,4,Districte IV,7,la Florida,427,16-17,6,12,18
2014,1,Districte I,1,Centre,103,75 i +,51,32,83
2001,2,Districte II,5,Collblanc,223,16-17,5,11,16
2012,1,Districte I,2,Sanfeliu,132,18-24,76,77,153
2015,1,Districte I,1,Centre,135,18-24,53,44,97
1998,4,Districte IV,7,la Florida,430,50-64,88,91,179
2006,6,Districte VI,12,Bellvitge,625,18-24,69,82,151
1998,5,Districte V,9,Can Serra,521,35-49,136,91,227
2016,4,Districte IV,7,la Florida,422,03-11,60,50,110
1998,2,Districte II,5,Collblanc,225,18-24,21,32,53
1995,1,Districte I,3,Sant Josep,140,75 i +,34,20,54
2009,3,Districte III,6,Santa Eulàlia,321,03-11,95,92,187
2012,1,Districte I,3,Sant Josep,125,25-34,100,130,230
2002,6,Districte VI,12,Bellvitge,620,75 i +,12,4,16
2011,4,Districte IV,7,la Florida,432,12-15,19,26,45
1994,1,Districte I,3,Sant Josep,120,35-49,218,235,453
2008,1,Districte I,1,Centre,111,03-11,20,37,57
2003,4,Districte IV,8,les Planes,418,00-02,9,13,22
2011,3,Districte III,6,Santa Eulàlia,315,03-11,74,79,153
2004,2,Districte II,5,Collblanc,244,65-74,39,24,63
1996,5,Districte V,10,Pubilla Cases,510,12-15,20,25,45
2013,4,Districte IV,8,les Planes,433,18-24,79,74,153
2009,2,Districte II,5,Collblanc,223,65-74,64,48,112
2004,6,Districte VI,12,Bellvitge,604,25-34,50,75,125
2008,3,Districte III,6,Santa Eulàlia,325,65-74,95,78,173
2003,2,Districte II,4,la Torrassa,236,18-24,51,47,98
1997,2,Districte II,4,la Torrassa,231,12-15,10,9,19
1997,5,Districte V,10,Pubilla Cases,536,35-49,65,69,134
1999,2,Districte II,5,Collblanc,213,25-34,68,78,146
1996,1,Districte I,1,Centre,113,25-34,76,73,149
1995,6,Districte VI,12,Bellvitge,609,00-02,8,11,19
1998,5,Districte V,9,Can Serra,507,16-17,10,11,21
2016,2,Districte II,4,la Torrassa,248,16-17,4,8,12
2004,4,Districte IV,7,la Florida,424,65-74,39,34,73
1999,3,Districte III,6,Santa Eulàlia,321,16-17,34,34,68
1996,4,Districte IV,7,la Florida,404,35-49,104,114,218
1999,1,Districte I,3,Sant Josep,127,75 i +,32,13,45
2006,6,Districte VI,12,Bellvitge,621,00-02,17,21,38
1997,6,Districte VI,11,el Gornal,616,50-64,133,135,268
2010,2,Districte II,5,Collblanc,210,00-02,8,7,15
2002,6,Districte VI,12,Bellvitge,631,03-11,33,37,70
1998,2,Districte II,5,Collblanc,214,18-24,37,31,68
2010,1,Districte I,1,Centre,109,03-11,45,37,82
1996,2,Districte II,5,Collblanc,244,18-24,33,25,58
2003,4,Districte IV,7,la Florida,415,35-49,80,86,166
1999,5,Districte V,10,Pubilla Cases,518,75 i +,55,21,76
2011,2,Districte II,4,la Torrassa,237,16-17,15,10,25
2003,6,Districte VI,12,Bellvitge,607,18-24,39,44,83
2007,4,Districte IV,8,les Planes,435,12-15,9,15,24
2003,5,Districte V,9,Can Serra,505,25-34,127,149,276
2005,6,Districte VI,12,Bellvitge,605,25-34,51,62,113
1996,1,Districte I,1,Centre,112,35-49,188,182,370
2006,4,Districte IV,7,la Florida,424,00-02,12,7,19
2003,6,Districte VI,12,Bellvitge,621,03-11,51,52,103
2002,4,Districte IV,7,la Florida,402,12-15,10,11,21
1999,2,Districte II,4,la Torrassa,238,16-17,7,5,12
2016,4,Districte IV,8,les Planes,436,75 i +,66,43,109
2007,4,Districte IV,7,la Florida,407,12-15,11,11,22
2016,5,Districte V,10,Pubilla Cases,526,50-64,140,132,272
2012,3,Districte III,6,Santa Eulàlia,309,12-15,12,21,33
2011,1,Districte I,3,Sant Josep,122,65-74,75,58,133
2002,4,Districte IV,7,la Florida,408,75 i +,37,24,61
1996,1,Districte I,3,Sant Josep,126,65-74,60,38,98
2001,6,Districte VI,11,el Gornal,629,25-34,40,57,97
2006,3,Districte III,6,Santa Eulàlia,311,65-74,80,66,146
2016,4,Districte IV,7,la Florida,407,25-34,68,80,148
2011,2,Districte II,4,la Torrassa,236,18-24,41,51,92
2015,6,Districte VI,12,Bellvitge,607,35-49,109,126,235
2005,2,Districte II,4,la Torrassa,235,25-34,179,176,355
2006,4,Districte IV,8,les Planes,435,25-34,113,131,244
2013,3,Districte III,6,Santa Eulàlia,316,35-49,147,134,281
2014,2,Districte II,5,Collblanc,208,75 i +,222,119,341
2012,2,Districte II,4,la Torrassa,233,25-34,116,107,223
2000,4,Districte IV,7,la Florida,417,18-24,29,34,63
2003,6,Districte VI,12,Bellvitge,610,35-49,101,86,187
2010,3,Districte III,6,Santa Eulàlia,315,00-02,33,31,64
1998,6,Districte VI,12,Bellvitge,627,18-24,103,106,209
1994,2,Districte II,5,Collblanc,223,03-11,33,44,77
2007,2,Districte II,5,Collblanc,212,12-15,20,35,55
2007,5,Districte V,10,Pubilla Cases,511,12-15,13,17,30
2000,3,Districte III,6,Santa Eulàlia,301,35-49,178,199,377
1996,4,Districte IV,7,la Florida,415,00-02,10,13,23
1996,1,Districte I,2,Sanfeliu,132,35-49,259,229,488
1995,1,Districte I,2,Sanfeliu,129,75 i +,35,15,50
1997,4,Districte IV,7,la Florida,428,65-74,37,36,73
1998,6,Districte VI,11,el Gornal,626,25-34,92,120,212
2001,5,Districte V,10,Pubilla Cases,523,12-15,10,21,31
1994,6,Districte VI,12,Bellvitge,611,65-74,75,50,125
2001,4,Districte IV,7,la Florida,417,50-64,60,49,109
1994,4,Districte IV,7,la Florida,414,18-24,59,59,118
1999,3,Districte III,6,Santa Eulàlia,322,03-11,36,46,82
2013,4,Districte IV,8,les Planes,435,12-15,17,20,37
2000,5,Districte V,10,Pubilla Cases,513,16-17,8,4,12
2005,1,Districte I,1,Centre,102,25-34,132,136,268
2013,4,Districte IV,8,les Planes,433,50-64,133,148,281
2000,5,Districte V,10,Pubilla Cases,518,00-02,10,8,18
2006,1,Districte I,3,Sant Josep,120,65-74,48,51,99
2001,2,Districte II,4,la Torrassa,249,12-15,15,17,32
1997,1,Districte I,3,Sant Josep,139,65-74,30,26,56
2008,5,Districte V,10,Pubilla Cases,519,16-17,3,12,15
2010,2,Districte II,4,la Torrassa,229,50-64,65,55,120
2002,3,Districte III,6,Santa Eulàlia,308,75 i +,75,41,116
2013,5,Districte V,10,Pubilla Cases,523,03-11,43,49,92
2011,6,Districte VI,12,Bellvitge,601,16-17,15,14,29
2009,4,Districte IV,7,la Florida,430,75 i +,60,31,91
2010,4,Districte IV,7,la Florida,413,35-49,79,93,172
2003,5,Districte V,9,Can Serra,504,65-74,89,83,172
2014,1,Districte I,1,Centre,124,75 i +,48,40,88
1999,1,Districte I,1,Centre,108,25-34,113,103,216
2000,4,Districte IV,7,la Florida,417,65-74,41,38,79
2016,2,Districte II,4,la Torrassa,233,50-64,86,72,158
1996,4,Districte IV,7,la Florida,417,75 i +,17,14,31
2003,3,Districte III,6,Santa Eulàlia,312,03-11,46,63,109
2000,6,Districte VI,12,Bellvitge,609,65-74,35,38,73
2000,4,Districte IV,7,la Florida,410,18-24,96,104,200
2002,1,Districte I,1,Centre,105,65-74,50,36,86
2015,4,Districte IV,7,la Florida,411,75 i +,95,77,172
1999,6,Districte VI,12,Bellvitge,624,16-17,17,16,33
2012,5,Districte V,9,Can Serra,503,03-11,19,21,40
2011,4,Districte IV,8,les Planes,420,00-02,36,23,59
1994,2,Districte II,5,Collblanc,225,16-17,4,7,11
2013,1,Districte I,3,Sant Josep,139,16-17,5,14,19
2006,1,Districte I,3,Sant Josep,117,12-15,37,31,68
1995,4,Districte IV,7,la Florida,408,00-02,5,5,10
2007,2,Districte II,4,la Torrassa,240,18-24,25,21,46
1994,6,Districte VI,12,Bellvitge,621,03-11,70,91,161
2008,2,Districte II,4,la Torrassa,230,12-15,14,26,40
2013,3,Districte III,6,Santa Eulàlia,303,00-02,23,13,36
1994,2,Districte II,5,Collblanc,203,50-64,81,80,161
2005,6,Districte VI,12,Bellvitge,625,25-34,111,102,213
2005,3,Districte III,6,Santa Eulàlia,301,12-15,38,52,90
2008,2,Districte II,5,Collblanc,213,18-24,61,60,121
2015,4,Districte IV,7,la Florida,414,75 i +,95,65,160
1994,6,Districte VI,12,Bellvitge,610,50-64,156,206,362
2014,6,Districte VI,12,Bellvitge,612,25-34,47,41,88
1995,2,Districte II,5,Collblanc,224,18-24,28,31,59
2012,5,Districte V,10,Pubilla Cases,527,50-64,80,82,162
1994,4,Districte IV,7,la Florida,423,00-02,9,7,16
2002,3,Districte III,6,Santa Eulàlia,319,65-74,42,27,69
2007,1,Districte I,3,Sant Josep,121,35-49,102,113,215
1994,2,Districte II,4,la Torrassa,240,03-11,23,27,50
2009,4,Districte IV,8,les Planes,435,65-74,49,34,83
1994,1,Districte I,2,Sanfeliu,129,75 i +,34,16,50
2006,5,Districte V,10,Pubilla Cases,529,65-74,85,65,150
2015,2,Districte II,4,la Torrassa,242,03-11,43,53,96
1999,1,Districte I,1,Centre,134,50-64,110,108,218
2003,6,Districte VI,12,Bellvitge,627,18-24,65,70,135
2006,4,Districte IV,8,les Planes,433,50-64,71,72,143
1999,1,Districte I,3,Sant Josep,121,16-17,4,3,7
1998,5,Districte V,9,Can Serra,535,16-17,16,13,29
2015,5,Districte V,9,Can Serra,504,03-11,29,43,72
1997,5,Districte V,9,Can Serra,505,03-11,44,34,78
2007,6,Districte VI,12,Bellvitge,611,03-11,66,77,143
1999,4,Districte IV,7,la Florida,409,35-49,63,61,124
2005,3,Districte III,6,Santa Eulàlia,311,18-24,50,50,100
1996,6,Districte VI,12,Bellvitge,628,35-49,134,97,231
1998,2,Districte II,5,Collblanc,219,35-49,107,100,207
2007,4,Districte IV,7,la Florida,423,65-74,60,67,127
1995,5,Districte V,10,Pubilla Cases,518,50-64,145,135,280
2013,6,Districte VI,12,Bellvitge,613,16-17,8,7,15
2015,2,Districte II,5,Collblanc,226,75 i +,121,75,196
1995,1,Districte I,3,Sant Josep,140,50-64,132,120,252
2003,2,Districte II,5,Collblanc,224,50-64,35,43,78
2002,5,Districte V,10,Pubilla Cases,527,65-74,65,43,108
2002,5,Districte V,10,Pubilla Cases,524,16-17,10,11,21
2009,5,Districte V,9,Can Serra,535,03-11,23,33,56
2016,1,Districte I,1,Centre,130,65-74,43,31,74
2016,4,Districte IV,8,les Planes,435,03-11,57,73,130
1999,1,Districte I,1,Centre,112,25-34,121,109,230
2015,6,Districte VI,11,el Gornal,608,16-17,10,5,15
1997,4,Districte IV,8,les Planes,438,12-15,20,12,32
2006,1,Districte I,1,Centre,134,16-17,13,8,21
2011,1,Districte I,3,Sant Josep,136,25-34,111,95,206
2006,3,Districte III,6,Santa Eulàlia,309,16-17,7,5,12
2016,5,Districte V,10,Pubilla Cases,533,25-34,155,122,277
2004,2,Districte II,5,Collblanc,208,12-15,22,22,44
2007,2,Districte II,4,la Torrassa,211,03-11,51,57,108
2003,2,Districte II,5,Collblanc,214,16-17,6,7,13
2010,5,Districte V,9,Can Serra,505,65-74,116,138,254
1997,2,Districte II,4,la Torrassa,242,18-24,38,47,85
1999,3,Districte III,6,Santa Eulàlia,302,18-24,121,127,248
1998,2,Districte II,4,la Torrassa,240,50-64,64,66,130
2004,5,Districte V,10,Pubilla Cases,511,18-24,26,36,62
1997,4,Districte IV,7,la Florida,427,35-49,59,63,122
2016,5,Districte V,10,Pubilla Cases,531,65-74,47,28,75
2000,4,Districte IV,8,les Planes,434,18-24,27,24,51
2006,1,Districte I,3,Sant Josep,117,35-49,224,220,444
2000,3,Districte III,6,Santa Eulàlia,305,16-17,13,20,33
2001,4,Districte IV,8,les Planes,433,35-49,105,96,201
1994,2,Districte II,4,la Torrassa,235,12-15,19,29,48
2010,6,Districte VI,11,el Gornal,622,75 i +,30,16,46
2003,1,Districte I,1,Centre,113,65-74,55,30,85
1998,3,Districte III,6,Santa Eulàlia,313,18-24,128,117,245
2006,2,Districte II,5,Collblanc,209,35-49,120,121,241
1994,2,Districte II,4,la Torrassa,211,65-74,110,85,195
2016,4,Districte IV,7,la Florida,431,16-17,20,16,36
2013,1,Districte I,2,Sanfeliu,129,16-17,11,8,19
2000,2,Districte II,4,la Torrassa,211,75 i +,77,49,126
2010,3,Districte III,6,Santa Eulàlia,316,65-74,72,74,146
2001,3,Districte III,6,Santa Eulàlia,313,50-64,161,165,326
2000,1,Districte I,3,Sant Josep,137,03-11,55,44,99
1999,3,Districte III,6,Santa Eulàlia,304,18-24,46,60,106
2004,5,Districte V,10,Pubilla Cases,529,50-64,101,84,185
2010,5,Districte V,10,Pubilla Cases,516,35-49,113,101,214
2015,3,Districte III,6,Santa Eulàlia,303,75 i +,145,117,262
1994,1,Districte I,3,Sant Josep,114,03-11,70,62,132
2001,6,Districte VI,12,Bellvitge,612,03-11,33,33,66
2006,6,Districte VI,12,Bellvitge,605,65-74,64,67,131
2000,2,Districte II,4,la Torrassa,218,25-34,59,61,120
2011,4,Districte IV,8,les Planes,442,03-11,30,24,54
2016,2,Districte II,4,la Torrassa,238,50-64,67,65,132
1995,3,Districte III,6,Santa Eulàlia,304,18-24,58,71,129
2008,5,Districte V,10,Pubilla Cases,511,18-24,25,26,51
2010,5,Districte V,10,Pubilla Cases,514,50-64,49,54,103
2004,4,Districte IV,7,la Florida,427,35-49,88,107,195
1997,5,Districte V,10,Pubilla Cases,510,65-74,63,42,105
2010,2,Districte II,4,la Torrassa,217,00-02,12,14,26
1996,5,Districte V,10,Pubilla Cases,509,12-15,18,14,32
2012,2,Districte II,4,la Torrassa,246,65-74,38,37,75
2002,5,Districte V,9,Can Serra,501,50-64,164,179,343
2013,4,Districte IV,8,les Planes,420,25-34,150,153,303
2011,4,Districte IV,7,la Florida,431,65-74,70,45,115
2002,4,Districte IV,8,les Planes,401,00-02,13,11,24
2001,3,Districte III,6,Santa Eulàlia,316,16-17,54,57,111
2011,6,Districte VI,12,Bellvitge,619,00-02,14,16,30
2003,5,Districte V,10,Pubilla Cases,537,35-49,127,128,255
2005,2,Districte II,5,Collblanc,207,35-49,74,72,146
2016,6,Districte VI,12,Bellvitge,619,12-15,19,18,37
1999,1,Districte I,2,Sanfeliu,118,35-49,245,202,447
2000,5,Districte V,10,Pubilla Cases,516,65-74,49,37,86
1995,6,Districte VI,12,Bellvitge,606,16-17,11,19,30
2010,4,Districte IV,7,la Florida,402,25-34,88,74,162
1994,2,Districte II,5,Collblanc,208,00-02,12,11,23
2011,4,Districte IV,8,les Planes,418,16-17,16,17,33
2011,3,Districte III,6,Santa Eulàlia,312,50-64,149,145,294
2008,1,Districte I,3,Sant Josep,114,75 i +,72,44,116
2013,1,Districte I,1,Centre,101,18-24,38,52,90
2013,5,Districte V,10,Pubilla Cases,532,50-64,103,74,177
1998,6,Districte VI,12,Bellvitge,614,35-49,86,75,161
1996,6,Districte VI,12,Bellvitge,630,35-49,135,121,256
2000,6,Districte VI,11,el Gornal,629,00-02,9,7,16
2002,4,Districte IV,7,la Florida,412,03-11,43,44,87
2008,5,Districte V,10,Pubilla Cases,516,25-34,71,81,152
1996,5,Districte V,9,Can Serra,535,03-11,51,48,99
1994,4,Districte IV,8,les Planes,429,75 i +,28,16,44
1997,3,Districte III,6,Santa Eulàlia,322,65-74,65,53,118
2000,1,Districte I,3,Sant Josep,125,03-11,37,40,77
2005,5,Districte V,10,Pubilla Cases,513,16-17,8,5,13
2011,5,Districte V,9,Can Serra,503,35-49,83,60,143
2012,4,Districte IV,7,la Florida,423,03-11,49,44,93
2014,2,Districte II,4,la Torrassa,239,75 i +,94,53,147
2011,1,Districte I,1,Centre,109,18-24,43,34,77
2000,4,Districte IV,7,la Florida,411,75 i +,50,34,84
2002,5,Districte V,9,Can Serra,504,12-15,11,16,27
2010,1,Districte I,1,Centre,130,25-34,64,57,121
1995,4,Districte IV,7,la Florida,427,18-24,51,48,99
2005,5,Districte V,10,Pubilla Cases,511,25-34,63,69,132
1996,2,Districte II,5,Collblanc,202,12-15,11,11,22
2007,3,Districte III,6,Santa Eulàlia,317,16-17,8,9,17
1995,2,Districte II,4,la Torrassa,243,75 i +,77,38,115
2010,4,Districte IV,8,les Planes,436,03-11,43,60,103
2005,5,Districte V,10,Pubilla Cases,534,35-49,118,103,221
1998,4,Districte IV,7,la Florida,416,12-15,9,10,19
2009,6,Districte VI,12,Bellvitge,604,25-34,53,78,131
2009,6,Districte VI,12,Bellvitge,610,50-64,136,79,215
2001,4,Districte IV,7,la Florida,423,75 i +,49,26,75
1997,5,Districte V,10,Pubilla Cases,537,35-49,113,103,216
2001,5,Districte V,10,Pubilla Cases,527,50-64,74,72,146
1996,6,Districte VI,12,Bellvitge,612,12-15,24,25,49
2015,5,Districte V,10,Pubilla Cases,531,65-74,47,27,74
1996,6,Districte VI,12,Bellvitge,619,35-49,172,149,321
1999,6,Districte VI,12,Bellvitge,627,75 i +,21,12,33
1996,2,Districte II,4,la Torrassa,228,50-64,79,70,149
2006,4,Districte IV,7,la Florida,424,25-34,61,71,132
2012,4,Districte IV,7,la Florida,402,75 i +,60,47,107
2006,2,Districte II,4,la Torrassa,233,18-24,32,42,74
2007,5,Districte V,10,Pubilla Cases,536,16-17,8,4,12
1997,5,Districte V,10,Pubilla Cases,520,00-02,10,7,17
1998,4,Districte IV,7,la Florida,405,03-11,29,22,51
2008,6,Districte VI,12,Bellvitge,618,12-15,9,12,21
2005,5,Districte V,10,Pubilla Cases,536,35-49,91,108,199
2008,4,Districte IV,8,les Planes,433,18-24,71,69,140
1997,4,Districte IV,8,les Planes,437,00-02,10,5,15
2006,5,Districte V,10,Pubilla Cases,526,35-49,81,101,182
2010,5,Districte V,10,Pubilla Cases,530,18-24,49,52,101
2014,2,Districte II,5,Collblanc,216,75 i +,75,57,132
2010,5,Districte V,10,Pubilla Cases,525,16-17,13,9,22
2014,4,Districte IV,8,les Planes,435,00-02,11,20,31
2003,2,Districte II,4,la Torrassa,229,65-74,46,40,86
2013,1,Districte I,1,Centre,128,16-17,5,6,11
2006,1,Districte I,1,Centre,103,25-34,67,73,140
2004,2,Districte II,5,Collblanc,219,65-74,67,50,117
2007,4,Districte IV,7,la Florida,404,18-24,71,61,132
2001,6,Districte VI,12,Bellvitge,628,18-24,62,72,134
1997,4,Districte IV,8,les Planes,401,65-74,102,83,185
2004,1,Districte I,1,Centre,104,75 i +,72,44,116
2009,4,Districte IV,8,les Planes,434,03-11,24,24,48
2016,6,Districte VI,12,Bellvitge,612,65-74,94,64,158
2005,3,Districte III,6,Santa Eulàlia,307,03-11,42,36,78
2013,5,Districte V,9,Can Serra,506,18-24,62,74,136
1999,5,Districte V,10,Pubilla Cases,536,12-15,9,11,20
2010,3,Districte III,6,Santa Eulàlia,308,03-11,96,122,218
1994,1,Districte I,3,Sant Josep,115,50-64,104,98,202
2001,1,Districte I,3,Sant Josep,120,50-64,129,148,277
2003,2,Districte II,4,la Torrassa,231,75 i +,91,47,138
1994,3,Districte III,6,Santa Eulàlia,322,75 i +,36,17,53
1999,2,Districte II,5,Collblanc,208,03-11,39,38,77
2007,6,Districte VI,11,el Gornal,617,12-15,16,19,35
1998,5,Districte V,9,Can Serra,507,50-64,89,105,194
2008,5,Districte V,9,Can Serra,521,50-64,150,123,273
2009,1,Districte I,3,Sant Josep,120,25-34,117,130,247
1997,2,Districte II,5,Collblanc,202,12-15,10,13,23
1996,4,Districte IV,7,la Florida,414,03-11,25,37,62
2016,6,Districte VI,12,Bellvitge,613,35-49,134,155,289
2016,3,Districte III,6,Santa Eulàlia,308,75 i +,103,84,187
1996,1,Districte I,1,Centre,123,50-64,105,107,212
2000,5,Districte V,10,Pubilla Cases,513,18-24,30,25,55
2013,4,Districte IV,8,les Planes,440,65-74,84,69,153
2016,3,Districte III,6,Santa Eulàlia,317,65-74,27,35,62
2012,6,Districte VI,12,Bellvitge,603,18-24,14,27,41
2009,3,Districte III,6,Santa Eulàlia,321,12-15,32,35,67
2016,5,Districte V,10,Pubilla Cases,513,50-64,115,133,248
2015,6,Districte VI,11,el Gornal,626,12-15,12,23,35
2012,1,Districte I,3,Sant Josep,136,18-24,35,36,71
2011,5,Districte V,9,Can Serra,507,16-17,5,8,13
2003,6,Districte VI,12,Bellvitge,625,00-02,8,12,20
2008,1,Districte I,1,Centre,105,75 i +,63,34,97
2015,1,Districte I,3,Sant Josep,117,00-02,13,26,39
2000,1,Districte I,1,Centre,124,35-49,107,86,193
1994,1,Districte I,3,Sant Josep,106,75 i +,20,21,41
2003,1,Districte I,3,Sant Josep,120,12-15,42,39,81
2005,1,Districte I,3,Sant Josep,106,12-15,22,28,50
2013,4,Districte IV,7,la Florida,423,16-17,5,6,11
1995,5,Districte V,9,Can Serra,504,35-49,113,114,227
1994,3,Districte III,6,Santa Eulàlia,317,12-15,16,19,35
2015,4,Districte IV,7,la Florida,422,12-15,19,22,41
2008,5,Districte V,10,Pubilla Cases,515,65-74,29,23,52
1998,3,Districte III,6,Santa Eulàlia,320,03-11,16,21,37
2000,1,Districte I,1,Centre,128,18-24,60,60,120
2014,4,Districte IV,7,la Florida,423,35-49,107,116,223
2004,2,Districte II,5,Collblanc,214,03-11,34,28,62
2005,5,Districte V,10,Pubilla Cases,538,75 i +,72,39,111
1995,4,Districte IV,7,la Florida,428,25-34,52,54,106
2012,3,Districte III,6,Santa Eulàlia,318,65-74,34,29,63
2009,4,Districte IV,7,la Florida,402,35-49,110,103,213
2006,6,Districte VI,12,Bellvitge,618,50-64,66,42,108
2015,4,Districte IV,8,les Planes,436,18-24,69,63,132
2007,6,Districte VI,12,Bellvitge,604,75 i +,26,15,41
2014,2,Districte II,5,Collblanc,223,12-15,19,17,36
2007,3,Districte III,6,Santa Eulàlia,316,16-17,27,20,47
1998,5,Districte V,10,Pubilla Cases,513,35-49,49,53,102
2013,4,Districte IV,7,la Florida,423,18-24,35,31,66
2001,1,Districte I,1,Centre,134,50-64,117,107,224
2014,3,Districte III,6,Santa Eulàlia,313,12-15,38,40,78
2015,2,Districte II,5,Collblanc,202,18-24,62,66,128
2002,2,Districte II,5,Collblanc,244,18-24,23,27,50
2012,4,Districte IV,7,la Florida,415,18-24,30,35,65
2010,2,Districte II,4,la Torrassa,229,18-24,35,33,68
2005,2,Districte II,5,Collblanc,210,18-24,21,32,53
2005,3,Districte III,6,Santa Eulàlia,311,16-17,14,9,23
1996,1,Districte I,3,Sant Josep,127,50-64,58,55,113
2015,4,Districte IV,8,les Planes,435,65-74,39,30,69
2004,4,Districte IV,8,les Planes,418,25-34,120,156,276
2002,1,Districte I,3,Sant Josep,125,12-15,24,27,51
2002,6,Districte VI,12,Bellvitge,612,75 i +,43,20,63
1994,2,Districte II,5,Collblanc,216,75 i +,36,25,61
2010,6,Districte VI,12,Bellvitge,606,75 i +,83,52,135
2012,5,Districte V,10,Pubilla Cases,522,16-17,7,11,18
2009,6,Districte VI,12,Bellvitge,623,75 i +,57,30,87
2000,1,Districte I,3,Sant Josep,140,03-11,13,16,29
1996,2,Districte II,4,la Torrassa,235,03-11,27,34,61
2014,2,Districte II,5,Collblanc,209,18-24,34,47,81
2013,5,Districte V,10,Pubilla Cases,532,35-49,167,176,343
2006,4,Districte IV,7,la Florida,412,35-49,175,190,365
2014,3,Districte III,6,Santa Eulàlia,327,03-11,43,63,106
1994,5,Districte V,10,Pubilla Cases,525,00-02,9,6,15
2002,3,Districte III,6,Santa Eulàlia,318,50-64,72,69,141
2008,5,Districte V,10,Pubilla Cases,517,16-17,15,19,34
2011,2,Districte II,5,Collblanc,202,12-15,7,17,24
2011,5,Districte V,9,Can Serra,503,16-17,3,10,13
2008,1,Districte I,1,Centre,104,65-74,57,35,92
1995,2,Districte II,5,Collblanc,208,16-17,25,19,44
1997,6,Districte VI,12,Bellvitge,607,18-24,65,66,131
1999,5,Districte V,10,Pubilla Cases,533,12-15,11,11,22
2010,2,Districte II,5,Collblanc,221,75 i +,72,53,125
1994,4,Districte IV,8,les Planes,434,16-17,8,10,18
1995,5,Districte V,10,Pubilla Cases,525,25-34,68,78,146
2003,4,Districte IV,7,la Florida,423,18-24,41,35,76
2011,6,Districte VI,11,el Gornal,616,18-24,131,135,266
1994,3,Districte III,6,Santa Eulàlia,316,00-02,18,20,38
2007,2,Districte II,4,la Torrassa,218,25-34,89,112,201
1994,2,Districte II,4,la Torrassa,236,18-24,75,71,146
1995,6,Districte VI,11,el Gornal,617,25-34,108,120,228
2005,1,Districte I,1,Centre,135,12-15,22,16,38
1995,6,Districte VI,12,Bellvitge,612,25-34,88,102,190
2002,6,Districte VI,12,Bellvitge,625,25-34,100,108,208
2011,6,Districte VI,11,el Gornal,608,18-24,22,27,49
2009,2,Districte II,5,Collblanc,212,00-02,21,26,47
2013,4,Districte IV,7,la Florida,427,65-74,53,36,89
2002,5,Districte V,9,Can Serra,505,50-64,221,191,412
2007,1,Districte I,1,Centre,103,16-17,8,1,9
2013,1,Districte I,3,Sant Josep,126,75 i +,66,45,111
2012,2,Districte II,4,la Torrassa,235,00-02,30,26,56
2013,4,Districte IV,7,la Florida,402,25-34,76,52,128
1996,2,Districte II,4,la Torrassa,247,25-34,102,101,203
2001,4,Districte IV,7,la Florida,406,75 i +,51,32,83
1995,1,Districte I,1,Centre,134,03-11,62,72,134
2005,5,Districte V,10,Pubilla Cases,536,03-11,34,24,58
1997,6,Districte VI,12,Bellvitge,620,18-24,70,49,119
2001,1,Districte I,3,Sant Josep,136,50-64,101,106,207
2001,4,Districte IV,7,la Florida,415,12-15,7,11,18
1998,1,Districte I,3,Sant Josep,138,35-49,113,109,222
2007,3,Districte III,6,Santa Eulàlia,302,50-64,178,163,341
2004,4,Districte IV,8,les Planes,433,12-15,16,21,37
2015,1,Districte I,3,Sant Josep,126,12-15,27,18,45
2005,2,Districte II,5,Collblanc,226,50-64,90,82,172
1997,1,Districte I,3,Sant Josep,138,25-34,64,64,128
2004,2,Districte II,4,la Torrassa,237,50-64,114,109,223
2012,2,Districte II,4,la Torrassa,234,75 i +,77,44,121
2008,2,Districte II,4,la Torrassa,242,03-11,40,37,77
2007,1,Districte I,3,Sant Josep,120,50-64,168,174,342
2014,2,Districte II,5,Collblanc,204,50-64,135,131,266
2004,2,Districte II,5,Collblanc,220,18-24,42,43,85
2006,2,Districte II,4,la Torrassa,240,75 i +,61,29,90
2011,6,Districte VI,12,Bellvitge,621,75 i +,49,26,75
2005,2,Districte II,5,Collblanc,244,03-11,23,23,46
2010,4,Districte IV,7,la Florida,408,35-49,122,122,244
2006,6,Districte VI,12,Bellvitge,605,75 i +,33,27,60
2013,2,Districte II,5,Collblanc,210,18-24,28,23,51
2016,4,Districte IV,7,la Florida,403,18-24,27,36,63
1997,2,Districte II,4,la Torrassa,231,18-24,59,55,114
1999,5,Districte V,10,Pubilla Cases,511,50-64,66,66,132
2002,4,Districte IV,8,les Planes,419,18-24,32,40,72
1994,4,Districte IV,8,les Planes,418,35-49,105,113,218
2004,4,Districte IV,7,la Florida,425,75 i +,60,39,99
1998,2,Districte II,5,Collblanc,220,00-02,6,6,12
2009,4,Districte IV,7,la Florida,403,16-17,7,12,19
2014,2,Districte II,4,la Torrassa,232,03-11,34,54,88
2013,1,Districte I,1,Centre,107,12-15,30,18,48
2006,6,Districte VI,12,Bellvitge,606,03-11,38,46,84
2007,2,Districte II,5,Collblanc,207,35-49,76,76,152
2008,6,Districte VI,12,Bellvitge,628,12-15,22,14,36
2009,6,Districte VI,12,Bellvitge,614,00-02,15,20,35
2009,3,Districte III,6,Santa Eulàlia,305,75 i +,101,58,159
2004,3,Districte III,6,Santa Eulàlia,324,25-34,96,104,200
2000,2,Districte II,4,la Torrassa,217,03-11,17,21,38
2000,2,Districte II,5,Collblanc,203,00-02,5,12,17
2001,1,Districte I,1,Centre,108,03-11,37,46,83
2000,2,Districte II,5,Collblanc,210,65-74,95,67,162
1996,1,Districte I,1,Centre,111,75 i +,31,22,53
2001,3,Districte III,6,Santa Eulàlia,315,75 i +,55,28,83
1995,6,Districte VI,12,Bellvitge,610,00-02,7,11,18
1999,3,Districte III,6,Santa Eulàlia,315,65-74,53,38,91
1999,6,Districte VI,12,Bellvitge,606,50-64,110,90,200
1997,6,Districte VI,11,el Gornal,617,75 i +,18,19,37
2000,3,Districte III,6,Santa Eulàlia,316,50-64,191,218,409
2015,6,Districte VI,12,Bellvitge,627,35-49,91,92,183
1999,1,Districte I,3,Sant Josep,122,35-49,60,82,142
2003,4,Districte IV,8,les Planes,442,18-24,38,27,65
2005,5,Districte V,9,Can Serra,504,75 i +,66,45,111
1994,1,Districte I,1,Centre,101,12-15,33,48,81
1997,6,Districte VI,11,el Gornal,617,18-24,82,112,194
2004,5,Districte V,10,Pubilla Cases,534,35-49,104,90,194
2010,6,Districte VI,12,Bellvitge,615,18-24,18,19,37
2006,1,Districte I,1,Centre,110,16-17,6,10,16
2013,6,Districte VI,12,Bellvitge,625,65-74,84,76,160
2007,1,Districte I,2,Sanfeliu,116,18-24,54,53,107
1997,4,Districte IV,7,la Florida,422,16-17,6,9,15
1994,3,Districte III,6,Santa Eulàlia,320,50-64,101,121,222
1998,4,Districte IV,8,les Planes,429,50-64,58,58,116
1994,2,Districte II,5,Collblanc,206,75 i +,52,27,79
2005,5,Districte V,10,Pubilla Cases,515,12-15,16,15,31
2005,2,Districte II,5,Collblanc,224,75 i +,30,18,48
1998,2,Districte II,4,la Torrassa,242,00-02,11,10,21
2004,2,Districte II,4,la Torrassa,243,18-24,52,47,99
2015,4,Districte IV,7,la Florida,407,35-49,126,143,269
1998,4,Districte IV,8,les Planes,419,65-74,42,36,78
2004,4,Districte IV,7,la Florida,409,35-49,78,80,158
2012,6,Districte VI,11,el Gornal,617,25-34,50,57,107
1995,2,Districte II,5,Collblanc,206,25-34,67,67,134
2004,2,Districte II,4,la Torrassa,211,25-34,134,183,317
1995,3,Districte III,6,Santa Eulàlia,306,18-24,83,68,151
1995,3,Districte III,6,Santa Eulàlia,311,65-74,91,81,172
2008,3,Districte III,6,Santa Eulàlia,309,35-49,113,115,228
2001,4,Districte IV,8,les Planes,420,75 i +,78,37,115
2008,1,Districte I,3,Sant Josep,120,25-34,119,149,268
2003,4,Districte IV,8,les Planes,434,35-49,67,61,128
2011,1,Districte I,3,Sant Josep,127,00-02,5,13,18
2011,3,Districte III,6,Santa Eulàlia,305,03-11,70,54,124
2006,3,Districte III,6,Santa Eulàlia,317,18-24,47,48,95
1998,2,Districte II,4,la Torrassa,235,16-17,9,15,24
2007,5,Districte V,9,Can Serra,506,18-24,63,79,142
1999,5,Districte V,9,Can Serra,506,65-74,76,69,145
1996,2,Districte II,5,Collblanc,207,75 i +,45,22,67
1998,4,Districte IV,8,les Planes,419,12-15,14,11,25
2015,6,Districte VI,12,Bellvitge,621,75 i +,55,41,96
2001,4,Districte IV,7,la Florida,421,18-24,55,52,107
2014,3,Districte III,6,Santa Eulàlia,308,00-02,25,18,43
2012,2,Districte II,5,Collblanc,205,75 i +,85,56,141
2009,1,Districte I,3,Sant Josep,140,18-24,29,37,66
2003,1,Districte I,1,Centre,133,16-17,8,10,18
2008,5,Districte V,10,Pubilla Cases,530,75 i +,99,63,162
2002,5,Districte V,9,Can Serra,521,65-74,48,51,99
1994,6,Districte VI,12,Bellvitge,609,18-24,110,110,220
2005,6,Districte VI,12,Bellvitge,605,12-15,6,5,11
1997,1,Districte I,1,Centre,133,16-17,15,11,26
2005,5,Districte V,10,Pubilla Cases,509,16-17,6,11,17
2002,3,Districte III,6,Santa Eulàlia,312,65-74,61,64,125
1997,2,Districte II,5,Collblanc,244,00-02,8,3,11
2005,5,Districte V,10,Pubilla Cases,526,18-24,27,32,59
1998,4,Districte IV,7,la Florida,430,65-74,57,51,108
1998,6,Districte VI,12,Bellvitge,621,03-11,69,59,128
2010,2,Districte II,4,la Torrassa,218,18-24,22,38,60
1999,6,Districte VI,12,Bellvitge,614,12-15,9,20,29
1997,4,Districte IV,7,la Florida,432,03-11,39,52,91
2000,2,Districte II,5,Collblanc,227,65-74,52,43,95
2003,2,Districte II,5,Collblanc,244,18-24,25,26,51
2012,5,Districte V,10,Pubilla Cases,511,12-15,15,13,28
2001,1,Districte I,2,Sanfeliu,132,18-24,113,137,250
2015,4,Districte IV,8,les Planes,437,75 i +,109,79,188
2013,2,Districte II,4,la Torrassa,237,00-02,24,16,40
2009,3,Districte III,6,Santa Eulàlia,324,35-49,137,143,280
1994,4,Districte IV,7,la Florida,423,12-15,20,19,39
1999,2,Districte II,4,la Torrassa,218,00-02,8,7,15
1996,2,Districte II,5,Collblanc,225,12-15,8,11,19
2002,6,Districte VI,11,el Gornal,616,25-34,243,272,515
2013,4,Districte IV,8,les Planes,401,16-17,13,12,25
1997,4,Districte IV,7,la Florida,417,75 i +,18,11,29
1998,2,Districte II,5,Collblanc,227,00-02,6,10,16
2008,3,Districte III,6,Santa Eulàlia,309,50-64,82,74,156
1997,3,Districte III,6,Santa Eulàlia,323,65-74,58,37,95
2001,5,Districte V,10,Pubilla Cases,519,75 i +,18,21,39
1994,3,Districte III,6,Santa Eulàlia,313,65-74,59,60,119
1997,3,Districte III,6,Santa Eulàlia,307,18-24,111,109,220
1997,4,Districte IV,7,la Florida,403,25-34,90,101,191
2011,2,Districte II,4,la Torrassa,231,16-17,11,12,23
1996,6,Districte VI,12,Bellvitge,625,25-34,84,95,179
1998,5,Districte V,9,Can Serra,506,50-64,205,228,433
2008,1,Districte I,3,Sant Josep,119,75 i +,80,53,133
2003,5,Districte V,10,Pubilla Cases,522,00-02,14,14,28
2011,4,Districte IV,7,la Florida,402,50-64,61,70,131
1996,2,Districte II,4,la Torrassa,249,50-64,118,96,214
2009,4,Districte IV,7,la Florida,405,18-24,23,27,50
2002,1,Districte I,1,Centre,112,35-49,188,167,355
2004,1,Districte I,3,Sant Josep,137,50-64,169,143,312
2008,4,Districte IV,8,les Planes,420,75 i +,79,43,122
2011,6,Districte VI,12,Bellvitge,624,03-11,39,46,85
1999,5,Districte V,10,Pubilla Cases,530,65-74,116,81,197
2012,2,Districte II,5,Collblanc,220,65-74,34,18,52
2004,6,Districte VI,12,Bellvitge,631,18-24,52,38,90
2011,1,Districte I,3,Sant Josep,121,75 i +,86,48,134
2010,2,Districte II,4,la Torrassa,237,35-49,180,215,395
2013,6,Districte VI,12,Bellvitge,630,75 i +,41,28,69
2009,5,Districte V,10,Pubilla Cases,518,35-49,146,149,295
2011,6,Districte VI,12,Bellvitge,621,00-02,18,13,31
2000,3,Districte III,6,Santa Eulàlia,303,25-34,172,207,379
2001,2,Districte II,4,la Torrassa,245,16-17,3,6,9
2005,4,Districte IV,7,la Florida,430,50-64,62,56,118
2012,4,Districte IV,7,la Florida,412,03-11,65,58,123
1999,4,Districte IV,7,la Florida,421,35-49,74,72,146
2013,2,Districte II,4,la Torrassa,238,35-49,130,136,266
2006,6,Districte VI,12,Bellvitge,631,16-17,8,7,15
2008,1,Districte I,1,Centre,110,65-74,64,63,127
1994,2,Districte II,5,Collblanc,223,75 i +,52,19,71
2006,2,Districte II,4,la Torrassa,246,00-02,20,28,48
2009,4,Districte IV,8,les Planes,439,12-15,19,15,34
2002,2,Districte II,5,Collblanc,207,18-24,28,27,55
2009,6,Districte VI,12,Bellvitge,611,18-24,59,62,121
1995,2,Districte II,5,Collblanc,226,25-34,69,83,152
2009,4,Districte IV,7,la Florida,408,16-17,7,5,12
2002,2,Districte II,4,la Torrassa,234,50-64,68,55,123
2006,2,Districte II,5,Collblanc,202,12-15,10,15,25
2002,2,Districte II,5,Collblanc,221,00-02,8,11,19
1994,3,Districte III,6,Santa Eulàlia,322,18-24,92,71,163
1995,4,Districte IV,8,les Planes,439,16-17,7,7,14
2001,5,Districte V,10,Pubilla Cases,530,00-02,15,23,38
1995,2,Districte II,4,la Torrassa,240,18-24,44,32,76
1995,2,Districte II,4,la Torrassa,228,65-74,49,32,81
2014,1,Districte I,3,Sant Josep,115,25-34,66,60,126
1995,2,Districte II,4,la Torrassa,240,03-11,16,26,42
1996,2,Districte II,4,la Torrassa,248,18-24,46,56,102
2010,5,Districte V,10,Pubilla Cases,534,12-15,11,14,25
2004,5,Districte V,10,Pubilla Cases,520,16-17,5,9,14
2009,5,Districte V,10,Pubilla Cases,517,16-17,15,12,27
2000,3,Districte III,6,Santa Eulàlia,321,25-34,174,177,351
1996,2,Districte II,4,la Torrassa,239,75 i +,65,32,97
1994,5,Districte V,10,Pubilla Cases,523,50-64,170,163,333
2011,1,Districte I,1,Centre,107,18-24,46,53,99
2004,5,Districte V,10,Pubilla Cases,517,12-15,20,31,51
2008,1,Districte I,1,Centre,108,16-17,11,14,25
2005,2,Districte II,5,Collblanc,207,25-34,53,64,117
1996,4,Districte IV,8,les Planes,442,16-17,5,11,16
1996,5,Districte V,10,Pubilla Cases,510,25-34,94,104,198
2010,2,Districte II,5,Collblanc,244,16-17,8,5,13
2015,2,Districte II,5,Collblanc,202,35-49,232,277,509
2012,4,Districte IV,7,la Florida,409,12-15,13,10,23
2015,4,Districte IV,7,la Florida,416,03-11,60,75,135
2013,2,Districte II,5,Collblanc,224,12-15,15,19,34
1999,4,Districte IV,7,la Florida,414,18-24,37,44,81
1998,5,Districte V,10,Pubilla Cases,517,65-74,64,52,116
2002,1,Districte I,1,Centre,123,35-49,123,130,253
1998,4,Districte IV,7,la Florida,412,16-17,32,29,61
2001,3,Districte III,6,Santa Eulàlia,308,65-74,71,71,142
2010,2,Districte II,4,la Torrassa,237,75 i +,87,52,139
2010,4,Districte IV,8,les Planes,434,03-11,27,32,59
2012,6,Districte VI,12,Bellvitge,620,18-24,22,24,46
2005,5,Districte V,10,Pubilla Cases,531,25-34,99,105,204
2000,3,Districte III,6,Santa Eulàlia,301,25-34,226,230,456
2005,2,Districte II,4,la Torrassa,211,03-11,50,57,107
2005,3,Districte III,6,Santa Eulàlia,324,03-11,47,46,93
2011,2,Districte II,4,la Torrassa,234,00-02,12,20,32
2005,4,Districte IV,7,la Florida,424,35-49,59,65,124
2004,2,Districte II,4,la Torrassa,233,12-15,13,14,27
2014,5,Districte V,10,Pubilla Cases,533,12-15,41,27,68
2010,1,Districte I,2,Sanfeliu,118,50-64,217,199,416
2005,1,Districte I,1,Centre,131,25-34,135,147,282
2004,4,Districte IV,8,les Planes,401,75 i +,64,37,101
2000,2,Districte II,5,Collblanc,202,03-11,11,21,32
2006,6,Districte VI,12,Bellvitge,604,18-24,29,32,61
2009,2,Districte II,5,Collblanc,225,12-15,5,4,9
1998,4,Districte IV,7,la Florida,410,03-11,46,46,92
2016,5,Districte V,10,Pubilla Cases,523,25-34,85,102,187
2012,6,Districte VI,12,Bellvitge,623,03-11,58,78,136
2005,4,Districte IV,7,la Florida,406,25-34,111,149,260
2009,5,Districte V,9,Can Serra,507,12-15,8,22,30
2009,2,Districte II,4,la Torrassa,228,00-02,14,13,27
2009,2,Districte II,4,la Torrassa,235,35-49,205,207,412
2012,5,Districte V,10,Pubilla Cases,531,00-02,15,11,26
2011,2,Districte II,5,Collblanc,202,16-17,7,9,16
2013,2,Districte II,4,la Torrassa,240,65-74,65,46,111
2001,1,Districte I,3,Sant Josep,120,12-15,43,41,84
2011,3,Districte III,6,Santa Eulàlia,324,65-74,41,35,76
2014,1,Districte I,3,Sant Josep,119,25-34,77,64,141
2009,2,Districte II,4,la Torrassa,241,35-49,107,111,218
2001,2,Districte II,4,la Torrassa,231,16-17,8,4,12
2006,3,Districte III,6,Santa Eulàlia,324,50-64,68,70,138
2006,5,Districte V,9,Can Serra,506,25-34,132,138,270
2000,3,Districte III,6,Santa Eulàlia,313,12-15,35,37,72
2005,5,Districte V,10,Pubilla Cases,534,12-15,18,16,34
2010,2,Districte II,5,Collblanc,204,03-11,20,20,40
1999,5,Districte V,10,Pubilla Cases,534,03-11,23,19,42
2004,4,Districte IV,8,les Planes,433,00-02,19,21,40
2011,5,Districte V,10,Pubilla Cases,529,03-11,63,58,121
2004,6,Districte VI,12,Bellvitge,603,18-24,18,19,37
1998,3,Districte III,6,Santa Eulàlia,308,75 i +,59,38,97
2000,1,Districte I,3,Sant Josep,106,12-15,45,37,82
2014,5,Districte V,10,Pubilla Cases,530,12-15,26,20,46
2014,6,Districte VI,12,Bellvitge,610,00-02,9,10,19
2008,2,Districte II,5,Collblanc,222,12-15,17,13,30
1997,1,Districte I,3,Sant Josep,126,50-64,150,163,313
2004,2,Districte II,4,la Torrassa,237,25-34,139,152,291
2006,6,Districte VI,11,el Gornal,616,03-11,129,161,290
1999,6,Districte VI,11,el Gornal,632,25-34,84,113,197
2009,1,Districte I,1,Centre,105,16-17,8,11,19
2009,2,Districte II,5,Collblanc,215,18-24,47,36,83
1996,6,Districte VI,12,Bellvitge,607,16-17,11,14,25
2005,2,Districte II,4,la Torrassa,234,00-02,8,11,19
1996,4,Districte IV,8,les Planes,418,16-17,10,17,27
2009,1,Districte I,3,Sant Josep,126,75 i +,66,31,97
2004,2,Districte II,4,la Torrassa,217,25-34,59,58,117
1998,2,Districte II,4,la Torrassa,230,50-64,68,70,138
2008,2,Districte II,4,la Torrassa,245,50-64,74,72,146
2015,3,Districte III,6,Santa Eulàlia,310,35-49,107,119,226
2006,2,Districte II,5,Collblanc,215,25-34,91,101,192
2016,5,Districte V,10,Pubilla Cases,510,16-17,10,11,21
2011,5,Districte V,10,Pubilla Cases,528,35-49,185,143,328
2004,4,Districte IV,8,les Planes,439,65-74,65,66,131
1997,1,Districte I,1,Centre,128,50-64,98,101,199
2015,1,Districte I,3,Sant Josep,140,16-17,6,9,15
2011,6,Districte VI,12,Bellvitge,603,65-74,54,46,100
2015,3,Districte III,6,Santa Eulàlia,302,65-74,107,114,221
2005,6,Districte VI,12,Bellvitge,601,75 i +,60,33,93
2004,6,Districte VI,11,el Gornal,608,12-15,16,19,35
1994,2,Districte II,4,la Torrassa,228,65-74,53,30,83
2005,3,Districte III,6,Santa Eulàlia,321,75 i +,104,56,160
2012,5,Districte V,10,Pubilla Cases,533,16-17,6,6,12
2000,4,Districte IV,7,la Florida,409,65-74,40,39,79
2004,6,Districte VI,12,Bellvitge,614,50-64,125,108,233
2016,3,Districte III,6,Santa Eulàlia,307,25-34,63,78,141
1996,5,Districte V,10,Pubilla Cases,534,75 i +,41,21,62
2014,4,Districte IV,7,la Florida,410,00-02,10,17,27
2010,6,Districte VI,12,Bellvitge,631,25-34,92,79,171
1997,5,Districte V,10,Pubilla Cases,526,16-17,8,6,14
2013,1,Districte I,1,Centre,110,12-15,5,12,17
1999,6,Districte VI,11,el Gornal,616,65-74,46,41,87
1999,2,Districte II,5,Collblanc,209,16-17,3,8,11
1995,3,Districte III,6,Santa Eulàlia,306,16-17,18,33,51
1995,6,Districte VI,12,Bellvitge,623,25-34,115,106,221
2012,1,Districte I,1,Centre,112,12-15,24,29,53
2005,5,Districte V,10,Pubilla Cases,525,65-74,72,53,125
2005,2,Districte II,4,la Torrassa,246,25-34,135,138,273
2016,5,Districte V,10,Pubilla Cases,511,12-15,34,37,71
2015,6,Districte VI,12,Bellvitge,605,00-02,24,12,36
1998,4,Districte IV,7,la Florida,413,50-64,56,49,105
1995,6,Districte VI,12,Bellvitge,623,18-24,137,168,305
2008,5,Districte V,10,Pubilla Cases,513,00-02,12,13,25
1998,1,Districte I,1,Centre,123,75 i +,65,39,104
1998,3,Districte III,6,Santa Eulàlia,301,18-24,137,132,269
2015,4,Districte IV,7,la Florida,411,50-64,90,68,158
2015,4,Districte IV,7,la Florida,432,18-24,38,41,79
1994,2,Districte II,5,Collblanc,225,75 i +,19,21,40
2007,3,Districte III,6,Santa Eulàlia,311,03-11,53,56,109
2013,4,Districte IV,7,la Florida,432,65-74,81,72,153
2013,1,Districte I,3,Sant Josep,106,35-49,176,177,353
2016,5,Districte V,10,Pubilla Cases,531,75 i +,50,39,89
1998,6,Districte VI,12,Bellvitge,606,65-74,68,64,132
2014,4,Districte IV,7,la Florida,405,16-17,11,18,29
2005,4,Districte IV,8,les Planes,436,35-49,103,120,223
1995,3,Districte III,6,Santa Eulàlia,301,03-11,55,72,127
2002,5,Districte V,10,Pubilla Cases,509,18-24,41,34,75
2012,6,Districte VI,12,Bellvitge,625,18-24,47,55,102
2014,2,Districte II,4,la Torrassa,240,16-17,24,16,40
2011,5,Districte V,10,Pubilla Cases,510,18-24,31,38,69
1999,1,Districte I,1,Centre,131,12-15,20,30,50
2003,3,Districte III,6,Santa Eulàlia,305,25-34,121,123,244
1995,1,Districte I,1,Centre,102,16-17,32,32,64
2006,6,Districte VI,12,Bellvitge,619,16-17,8,12,20
2002,1,Districte I,1,Centre,103,18-24,38,32,70
2009,3,Districte III,6,Santa Eulàlia,304,50-64,117,122,239
2000,1,Districte I,2,Sanfeliu,118,50-64,162,185,347
2008,5,Districte V,10,Pubilla Cases,526,35-49,80,96,176
2009,5,Districte V,10,Pubilla Cases,536,50-64,79,58,137
2013,5,Districte V,9,Can Serra,507,50-64,81,58,139
1994,4,Districte IV,7,la Florida,408,35-49,90,88,178
2010,2,Districte II,5,Collblanc,206,50-64,67,69,136
2013,6,Districte VI,12,Bellvitge,606,03-11,49,40,89
2009,5,Districte V,10,Pubilla Cases,514,75 i +,40,31,71
1995,4,Districte IV,8,les Planes,434,03-11,28,20,48
2010,5,Districte V,10,Pubilla Cases,518,12-15,21,22,43
1998,2,Districte II,4,la Torrassa,230,75 i +,40,22,62
2000,5,Districte V,10,Pubilla Cases,534,50-64,110,92,202
2015,4,Districte IV,7,la Florida,421,75 i +,90,65,155
2002,5,Districte V,10,Pubilla Cases,522,35-49,90,70,160
2013,1,Districte I,3,Sant Josep,126,50-64,78,57,135
2008,3,Districte III,6,Santa Eulàlia,313,75 i +,83,51,134
1996,3,Districte III,6,Santa Eulàlia,307,12-15,53,39,92
1997,5,Districte V,10,Pubilla Cases,525,18-24,52,52,104
2011,2,Districte II,5,Collblanc,222,25-34,80,90,170
2001,1,Districte I,3,Sant Josep,121,18-24,19,21,40
2001,2,Districte II,5,Collblanc,214,65-74,39,36,75
1996,4,Districte IV,7,la Florida,421,03-11,25,33,58
2007,2,Districte II,5,Collblanc,221,03-11,40,36,76
1998,2,Districte II,4,la Torrassa,249,65-74,76,67,143
1994,1,Districte I,3,Sant Josep,121,00-02,12,5,17
1998,4,Districte IV,7,la Florida,425,25-34,90,76,166
2011,5,Districte V,10,Pubilla Cases,510,16-17,9,14,23
1999,1,Districte I,1,Centre,107,75 i +,59,33,92
1999,5,Districte V,9,Can Serra,521,25-34,93,98,191
2008,5,Districte V,10,Pubilla Cases,524,35-49,158,158,316
1999,6,Districte VI,11,el Gornal,622,75 i +,36,11,47
2004,2,Districte II,4,la Torrassa,218,00-02,8,8,16
1996,4,Districte IV,7,la Florida,404,75 i +,57,25,82
2005,3,Districte III,6,Santa Eulàlia,302,00-02,12,19,31
2001,1,Districte I,3,Sant Josep,121,12-15,6,8,14
2007,6,Districte VI,12,Bellvitge,609,00-02,20,14,34
1997,1,Districte I,1,Centre,110,03-11,45,50,95
1997,1,Districte I,3,Sant Josep,126,18-24,103,92,195
2007,2,Districte II,5,Collblanc,216,25-34,111,116,227
2000,5,Districte V,10,Pubilla Cases,525,16-17,9,8,17
2001,3,Districte III,6,Santa Eulàlia,303,16-17,8,10,18
2010,2,Districte II,5,Collblanc,202,16-17,4,7,11
2005,4,Districte IV,8,les Planes,435,18-24,46,58,104
2006,4,Districte IV,7,la Florida,427,65-74,51,27,78
2002,1,Districte I,3,Sant Josep,114,16-17,11,14,25
2002,2,Districte II,4,la Torrassa,232,35-49,112,97,209
2003,4,Districte IV,7,la Florida,405,35-49,74,83,157
1999,4,Districte IV,7,la Florida,412,75 i +,55,33,88
1994,6,Districte VI,11,el Gornal,617,00-02,11,12,23
2003,5,Districte V,10,Pubilla Cases,536,75 i +,47,35,82
2016,2,Districte II,4,la Torrassa,228,65-74,96,58,154
2003,5,Districte V,10,Pubilla Cases,516,12-15,11,11,22
2007,1,Districte I,1,Centre,103,18-24,20,30,50
2013,6,Districte VI,11,el Gornal,626,50-64,79,78,157
1999,1,Districte I,1,Centre,124,03-11,29,33,62
2004,3,Districte III,6,Santa Eulàlia,307,25-34,114,108,222
1999,1,Districte I,3,Sant Josep,137,00-02,12,15,27
2005,4,Districte IV,7,la Florida,425,12-15,13,24,37
1997,5,Districte V,10,Pubilla Cases,513,16-17,11,9,20
1996,3,Districte III,6,Santa Eulàlia,305,25-34,79,101,180
2009,1,Districte I,3,Sant Josep,106,75 i +,66,34,100
2013,3,Districte III,6,Santa Eulàlia,320,75 i +,49,29,78
1997,1,Districte I,2,Sanfeliu,116,35-49,186,160,346
2007,5,Districte V,10,Pubilla Cases,509,12-15,11,18,29
2002,4,Districte IV,8,les Planes,439,12-15,13,17,30
1995,1,Districte I,3,Sant Josep,139,75 i +,24,7,31
2007,1,Districte I,2,Sanfeliu,132,50-64,221,212,433
1994,5,Districte V,10,Pubilla Cases,532,65-74,85,81,166
1998,4,Districte IV,7,la Florida,432,00-02,5,11,16
1995,1,Districte I,2,Sanfeliu,132,50-64,163,185,348
2014,2,Districte II,5,Collblanc,201,50-64,94,78,172
2016,1,Districte I,3,Sant Josep,125,16-17,13,17,30
2002,4,Districte IV,7,la Florida,428,65-74,47,32,79
2000,2,Districte II,4,la Torrassa,228,18-24,34,30,64
1999,4,Districte IV,8,les Planes,442,50-64,68,61,129
2009,4,Districte IV,7,la Florida,416,50-64,53,52,105
2006,2,Districte II,5,Collblanc,212,00-02,26,26,52
1996,4,Districte IV,7,la Florida,407,03-11,23,45,68
2008,1,Districte I,3,Sant Josep,136,35-49,130,150,280
2011,5,Districte V,9,Can Serra,521,35-49,99,115,214
1996,3,Districte III,6,Santa Eulàlia,314,65-74,67,58,125
1995,4,Districte IV,7,la Florida,425,65-74,64,64,128
2012,4,Districte IV,7,la Florida,428,50-64,46,40,86
2005,3,Districte III,6,Santa Eulàlia,305,25-34,120,129,249
1996,1,Districte I,1,Centre,130,00-02,6,4,10
2000,2,Districte II,5,Collblanc,212,25-34,119,121,240
2004,4,Districte IV,8,les Planes,401,16-17,13,11,24
2009,4,Districte IV,7,la Florida,427,16-17,7,12,19
1996,6,Districte VI,12,Bellvitge,612,25-34,100,121,221
1997,5,Districte V,10,Pubilla Cases,518,50-64,136,119,255
2011,4,Districte IV,7,la Florida,417,18-24,44,22,66
2010,6,Districte VI,12,Bellvitge,621,35-49,153,161,314
2009,4,Districte IV,8,les Planes,419,25-34,92,111,203
2003,4,Districte IV,7,la Florida,430,65-74,56,53,109
1996,3,Districte III,6,Santa Eulàlia,312,03-11,62,35,97
2012,3,Districte III,6,Santa Eulàlia,309,50-64,101,70,171
2008,4,Districte IV,7,la Florida,431,75 i +,87,44,131
1998,6,Districte VI,11,el Gornal,616,12-15,67,64,131
1995,3,Districte III,6,Santa Eulàlia,305,18-24,64,79,143
1996,5,Districte V,10,Pubilla Cases,519,25-34,64,67,131
1994,5,Districte V,9,Can Serra,507,12-15,26,28,54
1996,1,Districte I,3,Sant Josep,120,18-24,97,94,191
2003,1,Districte I,1,Centre,109,25-34,85,70,155
2014,2,Districte II,4,la Torrassa,234,00-02,15,15,30
2010,4,Districte IV,7,la Florida,432,75 i +,70,49,119
2008,1,Districte I,1,Centre,101,75 i +,43,34,77
1997,5,Districte V,10,Pubilla Cases,519,75 i +,15,11,26
2000,2,Districte II,4,la Torrassa,238,50-64,64,66,130
2005,4,Districte IV,7,la Florida,414,00-02,13,17,30
2005,5,Districte V,9,Can Serra,535,65-74,50,64,114
1997,1,Districte I,3,Sant Josep,114,18-24,118,113,231
2000,6,Districte VI,11,el Gornal,622,50-64,75,76,151
2008,1,Districte I,3,Sant Josep,119,18-24,52,46,98
2002,1,Districte I,3,Sant Josep,139,03-11,33,37,70
1995,5,Districte V,10,Pubilla Cases,530,00-02,8,12,20
2007,5,Districte V,10,Pubilla Cases,538,25-34,107,127,234
2005,1,Districte I,3,Sant Josep,126,03-11,37,31,68
2015,6,Districte VI,12,Bellvitge,602,50-64,84,94,178
2013,1,Districte I,1,Centre,101,50-64,146,150,296
2015,6,Districte VI,11,el Gornal,617,65-74,65,41,106
2006,2,Districte II,5,Collblanc,226,00-02,9,16,25
1994,4,Districte IV,8,les Planes,433,65-74,54,39,93
2000,4,Districte IV,8,les Planes,433,50-64,73,71,144
1994,4,Districte IV,7,la Florida,431,12-15,44,36,80
2011,6,Districte VI,12,Bellvitge,631,00-02,16,15,31
2004,5,Districte V,10,Pubilla Cases,517,03-11,39,68,107
2012,6,Districte VI,12,Bellvitge,609,18-24,21,20,41
2015,6,Districte VI,11,el Gornal,617,18-24,28,27,55
2000,6,Districte VI,12,Bellvitge,605,50-64,105,88,193
2006,3,Districte III,6,Santa Eulàlia,316,75 i +,69,29,98
2011,3,Districte III,6,Santa Eulàlia,305,50-64,190,171,361
2012,4,Districte IV,7,la Florida,411,25-34,75,62,137
2013,1,Districte I,3,Sant Josep,139,03-11,30,39,69
1996,2,Districte II,5,Collblanc,214,03-11,21,20,41
2012,1,Districte I,1,Centre,133,50-64,94,69,163
2010,5,Districte V,10,Pubilla Cases,520,18-24,34,32,66
2013,6,Districte VI,12,Bellvitge,614,03-11,35,43,78
1997,1,Districte I,3,Sant Josep,121,16-17,4,6,10
2000,2,Districte II,5,Collblanc,224,65-74,46,34,80
2016,5,Districte V,10,Pubilla Cases,508,00-02,22,20,42
2009,3,Districte III,6,Santa Eulàlia,301,35-49,327,320,647
2005,6,Districte VI,12,Bellvitge,603,00-02,8,9,17
2013,4,Districte IV,8,les Planes,435,35-49,119,159,278
2016,2,Districte II,4,la Torrassa,217,50-64,132,137,269
1998,4,Districte IV,8,les Planes,401,00-02,7,16,23
2009,1,Districte I,1,Centre,103,25-34,67,90,157
2016,4,Districte IV,7,la Florida,427,75 i +,93,51,144
1994,2,Districte II,4,la Torrassa,217,65-74,43,36,79
2006,4,Districte IV,7,la Florida,425,12-15,16,21,37
2001,2,Districte II,5,Collblanc,224,50-64,33,36,69
1996,6,Districte VI,12,Bellvitge,606,65-74,61,46,107
1996,6,Districte VI,11,el Gornal,608,35-49,95,92,187
2000,2,Districte II,5,Collblanc,224,75 i +,41,13,54
1997,3,Districte III,6,Santa Eulàlia,305,25-34,85,98,183
2012,2,Districte II,5,Collblanc,225,35-49,63,63,126
1994,6,Districte VI,12,Bellvitge,613,25-34,110,107,217
2010,4,Districte IV,8,les Planes,420,00-02,32,21,53
2002,6,Districte VI,12,Bellvitge,620,50-64,81,78,159
2001,5,Districte V,10,Pubilla Cases,538,35-49,116,101,217
1996,2,Districte II,4,la Torrassa,218,75 i +,36,16,52
1999,4,Districte IV,7,la Florida,408,12-15,20,13,33
2010,2,Districte II,4,la Torrassa,248,75 i +,65,47,112
2010,2,Districte II,5,Collblanc,216,18-24,43,52,95
2001,6,Districte VI,12,Bellvitge,619,65-74,78,77,155
2002,2,Districte II,4,la Torrassa,247,03-11,33,40,73
1998,2,Districte II,5,Collblanc,214,00-02,6,4,10
2006,5,Districte V,10,Pubilla Cases,524,12-15,19,25,44
2000,2,Districte II,4,la Torrassa,238,25-34,65,78,143
2012,1,Districte I,1,Centre,131,03-11,43,63,106
1996,6,Districte VI,12,Bellvitge,602,50-64,96,89,185
2007,4,Districte IV,7,la Florida,408,35-49,93,118,211
2011,2,Districte II,4,la Torrassa,230,35-49,134,132,266
1997,2,Districte II,4,la Torrassa,234,12-15,10,11,21
1997,2,Districte II,5,Collblanc,227,65-74,53,43,96
1994,1,Districte I,3,Sant Josep,140,18-24,73,74,147
2000,3,Districte III,6,Santa Eulàlia,319,65-74,35,21,56
2006,2,Districte II,5,Collblanc,214,16-17,5,7,12
2005,1,Districte I,2,Sanfeliu,118,18-24,88,90,178
1995,1,Districte I,1,Centre,101,16-17,15,22,37
2012,1,Districte I,1,Centre,107,50-64,158,132,290
2015,4,Districte IV,7,la Florida,416,18-24,65,66,131
2002,1,Districte I,1,Centre,111,50-64,102,89,191
2001,2,Districte II,4,la Torrassa,247,50-64,99,96,195
2016,4,Districte IV,7,la Florida,425,18-24,39,38,77
1994,1,Districte I,3,Sant Josep,120,03-11,91,102,193
2014,5,Districte V,10,Pubilla Cases,518,16-17,14,9,23
2004,2,Districte II,4,la Torrassa,245,75 i +,69,32,101
2003,4,Districte IV,8,les Planes,436,00-02,9,16,25
2005,6,Districte VI,12,Bellvitge,624,12-15,16,16,32
2009,1,Districte I,1,Centre,105,00-02,24,18,42
2013,1,Districte I,3,Sant Josep,115,25-34,80,74,154
1997,1,Districte I,1,Centre,134,75 i +,68,29,97
2001,2,Districte II,4,la Torrassa,230,12-15,7,16,23
1994,5,Districte V,9,Can Serra,535,25-34,58,67,125
2006,5,Districte V,10,Pubilla Cases,518,75 i +,58,34,92
2001,1,Districte I,2,Sanfeliu,129,65-74,46,46,92
2000,6,Districte VI,12,Bellvitge,631,75 i +,30,18,48
2003,1,Districte I,3,Sant Josep,117,75 i +,60,33,93
2009,2,Districte II,4,la Torrassa,243,16-17,14,21,35
1994,2,Districte II,5,Collblanc,216,12-15,36,22,58
2006,1,Districte I,3,Sant Josep,125,50-64,176,161,337
1995,1,Districte I,3,Sant Josep,126,03-11,31,32,63
1998,4,Districte IV,7,la Florida,417,50-64,68,57,125
1995,5,Districte V,9,Can Serra,521,25-34,68,77,145
1994,2,Districte II,4,la Torrassa,229,18-24,39,31,70
2007,3,Districte III,6,Santa Eulàlia,307,03-11,32,41,73
2013,1,Districte I,1,Centre,130,35-49,138,133,271
2016,1,Districte I,2,Sanfeliu,132,65-74,126,132,258
2002,2,Districte II,4,la Torrassa,234,18-24,32,39,71
2008,3,Districte III,6,Santa Eulàlia,304,25-34,160,183,343
1998,5,Districte V,9,Can Serra,501,16-17,25,32,57
1996,4,Districte IV,7,la Florida,422,03-11,27,44,71
2013,6,Districte VI,12,Bellvitge,606,25-34,68,82,150
2010,6,Districte VI,12,Bellvitge,624,00-02,15,16,31
2002,4,Districte IV,8,les Planes,435,12-15,26,14,40
2012,4,Districte IV,8,les Planes,436,75 i +,28,22,50
1998,1,Districte I,1,Centre,128,03-11,28,39,67
1999,2,Districte II,5,Collblanc,209,65-74,72,59,131
2005,2,Districte II,4,la Torrassa,241,75 i +,61,30,91
2008,5,Districte V,10,Pubilla Cases,536,65-74,53,40,93
2009,2,Districte II,4,la Torrassa,232,35-49,117,135,252
1995,1,Districte I,1,Centre,130,50-64,141,113,254
2012,2,Districte II,4,la Torrassa,218,16-17,5,4,9
2014,5,Districte V,10,Pubilla Cases,532,00-02,22,19,41
2009,1,Districte I,1,Centre,110,00-02,16,13,29
2005,1,Districte I,1,Centre,112,00-02,19,20,39
2002,6,Districte VI,12,Bellvitge,613,12-15,18,12,30
2002,2,Districte II,4,la Torrassa,241,75 i +,55,32,87
2002,3,Districte III,6,Santa Eulàlia,310,03-11,27,32,59
2014,4,Districte IV,7,la Florida,431,25-34,116,124,240
2011,5,Districte V,10,Pubilla Cases,509,03-11,42,41,83
2002,1,Districte I,1,Centre,104,50-64,74,65,139
1998,1,Districte I,3,Sant Josep,115,50-64,113,124,237
1998,4,Districte IV,7,la Florida,410,50-64,208,198,406
2007,3,Districte III,6,Santa Eulàlia,317,00-02,22,24,46
1995,5,Districte V,10,Pubilla Cases,508,03-11,28,20,48
2011,1,Districte I,3,Sant Josep,122,25-34,78,64,142
1998,5,Districte V,10,Pubilla Cases,510,12-15,15,16,31
2006,5,Districte V,10,Pubilla Cases,534,00-02,15,15,30
2015,4,Districte IV,8,les Planes,433,00-02,27,27,54
2000,4,Districte IV,7,la Florida,422,35-49,85,96,181
2006,5,Districte V,10,Pubilla Cases,528,35-49,136,140,276
1994,4,Districte IV,8,les Planes,429,00-02,4,7,11
1994,2,Districte II,5,Collblanc,225,25-34,35,29,64
2001,5,Districte V,9,Can Serra,507,18-24,45,51,96
2002,1,Districte I,1,Centre,133,03-11,23,33,56
2009,3,Districte III,6,Santa Eulàlia,318,75 i +,26,14,40
2004,2,Districte II,5,Collblanc,222,65-74,39,38,77
2012,2,Districte II,4,la Torrassa,238,00-02,11,11,22
2015,3,Districte III,6,Santa Eulàlia,322,35-49,183,175,358
1996,1,Districte I,1,Centre,110,03-11,52,49,101
1997,5,Districte V,10,Pubilla Cases,514,12-15,10,17,27
2008,4,Districte IV,7,la Florida,426,35-49,136,148,284
2003,2,Districte II,5,Collblanc,216,16-17,15,12,27
2007,4,Districte IV,7,la Florida,412,50-64,188,163,351
2004,5,Districte V,9,Can Serra,521,03-11,24,27,51
2004,2,Districte II,5,Collblanc,204,03-11,17,12,29
1998,4,Districte IV,8,les Planes,418,65-74,69,51,120
2011,6,Districte VI,12,Bellvitge,610,35-49,135,152,287
1998,5,Districte V,10,Pubilla Cases,519,25-34,61,48,109
2015,4,Districte IV,8,les Planes,437,50-64,143,123,266
1994,6,Districte VI,12,Bellvitge,605,00-02,4,7,11
2002,5,Districte V,10,Pubilla Cases,530,16-17,7,4,11
2000,2,Districte II,5,Collblanc,225,03-11,10,15,25
2004,2,Districte II,4,la Torrassa,217,16-17,4,6,10
2002,2,Districte II,5,Collblanc,214,25-34,67,79,146
1994,3,Districte III,6,Santa Eulàlia,324,00-02,5,9,14
2000,5,Districte V,10,Pubilla Cases,531,65-74,59,53,112
2005,5,Districte V,10,Pubilla Cases,534,00-02,5,18,23
1999,2,Districte II,5,Collblanc,212,25-34,121,105,226
1996,1,Districte I,1,Centre,128,75 i +,32,18,50
2015,6,Districte VI,12,Bellvitge,612,16-17,4,10,14
2010,2,Districte II,5,Collblanc,220,00-02,19,18,37
2014,2,Districte II,5,Collblanc,208,65-74,112,89,201
2000,5,Districte V,10,Pubilla Cases,508,16-17,8,6,14
2011,4,Districte IV,7,la Florida,416,18-24,18,32,50
2008,4,Districte IV,7,la Florida,431,00-02,28,29,57
1995,2,Districte II,5,Collblanc,212,75 i +,57,30,87
2002,4,Districte IV,7,la Florida,412,00-02,14,16,30
2009,5,Districte V,9,Can Serra,502,16-17,15,7,22
2006,5,Districte V,9,Can Serra,502,65-74,74,67,141
1999,1,Districte I,3,Sant Josep,137,16-17,21,14,35
2011,5,Districte V,9,Can Serra,502,35-49,181,216,397
1997,2,Districte II,4,la Torrassa,245,25-34,69,69,138
2009,2,Districte II,4,la Torrassa,234,35-49,140,138,278
2006,4,Districte IV,7,la Florida,405,35-49,76,97,173
2013,6,Districte VI,12,Bellvitge,618,75 i +,63,55,118
1994,3,Districte III,6,Santa Eulàlia,312,18-24,97,102,199
2014,4,Districte IV,7,la Florida,414,12-15,38,31,69
2014,2,Districte II,5,Collblanc,202,00-02,16,32,48
1996,3,Districte III,6,Santa Eulàlia,313,75 i +,53,30,83
2005,6,Districte VI,12,Bellvitge,627,12-15,8,19,27
1995,2,Districte II,5,Collblanc,214,16-17,11,10,21
1997,4,Districte IV,8,les Planes,441,12-15,72,58,130
1999,1,Districte I,1,Centre,130,35-49,68,85,153
2002,1,Districte I,3,Sant Josep,117,75 i +,63,30,93
2016,1,Districte I,3,Sant Josep,136,25-34,72,52,124
2004,4,Districte IV,8,les Planes,442,12-15,14,13,27
2001,1,Districte I,2,Sanfeliu,132,35-49,239,236,475
2016,6,Districte VI,12,Bellvitge,625,00-02,11,12,23
2011,6,Districte VI,12,Bellvitge,606,12-15,15,23,38
2005,6,Districte VI,12,Bellvitge,614,75 i +,36,18,54
2002,2,Districte II,5,Collblanc,219,50-64,98,85,183
2005,2,Districte II,5,Collblanc,244,35-49,78,86,164
2014,1,Districte I,3,Sant Josep,122,16-17,8,8,16
2000,5,Districte V,9,Can Serra,503,00-02,13,11,24
1995,5,Districte V,10,Pubilla Cases,516,00-02,8,7,15
1995,6,Districte VI,12,Bellvitge,602,25-34,71,75,146
2014,6,Districte VI,12,Bellvitge,609,25-34,36,38,74
2005,4,Districte IV,7,la Florida,421,50-64,116,83,199
2015,2,Districte II,4,la Torrassa,242,18-24,41,35,76
2004,4,Districte IV,7,la Florida,405,12-15,11,5,16
2011,5,Districte V,10,Pubilla Cases,517,16-17,8,9,17
2008,5,Districte V,10,Pubilla Cases,513,12-15,8,9,17
1998,2,Districte II,5,Collblanc,212,12-15,22,26,48
2000,3,Districte III,6,Santa Eulàlia,318,18-24,53,51,104
1997,2,Districte II,4,la Torrassa,246,25-34,90,97,187
1996,4,Districte IV,8,les Planes,437,16-17,12,9,21
2001,4,Districte IV,8,les Planes,440,35-49,67,87,154
1999,5,Districte V,10,Pubilla Cases,526,03-11,24,25,49
2002,6,Districte VI,12,Bellvitge,631,16-17,12,5,17
2003,3,Districte III,6,Santa Eulàlia,325,50-64,191,186,377
2009,2,Districte II,5,Collblanc,227,03-11,34,21,55
1995,5,Districte V,9,Can Serra,507,00-02,5,8,13
2006,6,Districte VI,12,Bellvitge,612,65-74,79,73,152
2005,2,Districte II,5,Collblanc,203,16-17,7,10,17
2009,5,Districte V,10,Pubilla Cases,538,16-17,11,7,18
2016,1,Districte I,3,Sant Josep,115,16-17,8,18,26
2001,2,Districte II,5,Collblanc,207,35-49,76,59,135
2008,4,Districte IV,7,la Florida,404,50-64,104,99,203
1994,1,Districte I,1,Centre,124,25-34,63,54,117
1997,1,Districte I,3,Sant Josep,120,35-49,231,224,455
2006,5,Districte V,9,Can Serra,505,03-11,28,25,53
2000,5,Districte V,10,Pubilla Cases,523,16-17,15,13,28
2002,5,Districte V,10,Pubilla Cases,515,65-74,37,29,66
2001,6,Districte VI,11,el Gornal,632,03-11,43,43,86
2011,1,Districte I,1,Centre,128,03-11,34,43,77
2004,4,Districte IV,8,les Planes,419,35-49,79,119,198
2014,3,Districte III,6,Santa Eulàlia,318,03-11,27,36,63
2011,3,Districte III,6,Santa Eulàlia,319,16-17,11,11,22
1999,2,Districte II,5,Collblanc,204,35-49,37,53,90
2012,4,Districte IV,7,la Florida,402,03-11,34,43,77
2008,3,Districte III,6,Santa Eulàlia,323,65-74,75,77,152
1998,5,Districte V,10,Pubilla Cases,531,50-64,85,85,170
2013,4,Districte IV,7,la Florida,427,25-34,145,149,294
1998,2,Districte II,5,Collblanc,224,12-15,10,14,24
2015,3,Districte III,6,Santa Eulàlia,325,75 i +,195,102,297
2005,2,Districte II,4,la Torrassa,229,03-11,35,32,67
2016,4,Districte IV,7,la Florida,423,00-02,12,22,34
2000,1,Districte I,3,Sant Josep,138,35-49,107,91,198
2013,1,Districte I,1,Centre,124,16-17,7,4,11
2004,1,Districte I,3,Sant Josep,114,00-02,21,21,42
2015,5,Districte V,10,Pubilla Cases,520,00-02,6,10,16
2000,2,Districte II,5,Collblanc,213,18-24,44,62,106
2003,2,Districte II,5,Collblanc,210,75 i +,80,41,121
2007,3,Districte III,6,Santa Eulàlia,302,16-17,9,6,15
1995,3,Districte III,6,Santa Eulàlia,302,12-15,44,45,89
2013,3,Districte III,6,Santa Eulàlia,318,18-24,28,32,60
2002,3,Districte III,6,Santa Eulàlia,313,50-64,171,170,341
1995,4,Districte IV,8,les Planes,438,00-02,5,8,13
2002,6,Districte VI,12,Bellvitge,605,65-74,53,49,102
2001,2,Districte II,4,la Torrassa,240,12-15,8,11,19
2011,2,Districte II,4,la Torrassa,232,50-64,84,72,156
1995,3,Districte III,6,Santa Eulàlia,314,35-49,333,346,679
1999,2,Districte II,5,Collblanc,205,03-11,29,29,58
1997,2,Districte II,4,la Torrassa,241,50-64,67,67,134
2014,1,Districte I,1,Centre,131,16-17,9,4,13
2001,4,Districte IV,7,la Florida,410,35-49,144,143,287
2006,2,Districte II,4,la Torrassa,217,18-24,28,27,55
2010,5,Districte V,9,Can Serra,502,18-24,61,71,132
2014,1,Districte I,1,Centre,105,00-02,16,13,29
2002,4,Districte IV,7,la Florida,423,18-24,41,32,73
2008,3,Districte III,6,Santa Eulàlia,312,35-49,182,212,394
1996,4,Districte IV,7,la Florida,405,50-64,139,97,236
1997,5,Districte V,9,Can Serra,503,16-17,13,17,30
2014,4,Districte IV,8,les Planes,440,12-15,14,11,25
2004,1,Districte I,1,Centre,108,12-15,19,20,39
2001,4,Districte IV,7,la Florida,411,50-64,112,102,214
2012,4,Districte IV,7,la Florida,430,12-15,15,22,37
2016,6,Districte VI,11,el Gornal,622,65-74,59,50,109
2016,3,Districte III,6,Santa Eulàlia,306,03-11,63,63,126
2011,5,Districte V,9,Can Serra,504,00-02,11,20,31
2016,4,Districte IV,8,les Planes,420,00-02,30,39,69
2009,5,Districte V,10,Pubilla Cases,516,75 i +,39,20,59
1999,4,Districte IV,7,la Florida,421,00-02,7,15,22
2005,4,Districte IV,7,la Florida,412,65-74,96,108,204
2002,1,Districte I,1,Centre,123,18-24,60,61,121
1996,4,Districte IV,8,les Planes,436,25-34,76,85,161
2008,2,Districte II,5,Collblanc,226,65-74,50,37,87
1995,3,Districte III,6,Santa Eulàlia,304,25-34,82,113,195
2007,2,Districte II,5,Collblanc,208,03-11,42,45,87
2004,6,Districte VI,11,el Gornal,632,25-34,88,111,199
2007,4,Districte IV,7,la Florida,430,12-15,16,17,33
1995,1,Districte I,3,Sant Josep,139,50-64,77,75,152
2008,3,Districte III,6,Santa Eulàlia,304,50-64,114,112,226
2009,6,Districte VI,12,Bellvitge,615,18-24,21,23,44
2012,4,Districte IV,7,la Florida,431,50-64,110,101,211
1997,4,Districte IV,8,les Planes,435,50-64,86,76,162
2008,6,Districte VI,12,Bellvitge,619,75 i +,63,45,108
2003,5,Districte V,10,Pubilla Cases,508,25-34,58,52,110
2016,2,Districte II,4,la Torrassa,243,25-34,117,104,221
2007,6,Districte VI,12,Bellvitge,625,16-17,15,18,33
2003,5,Districte V,10,Pubilla Cases,534,12-15,8,13,21
2015,5,Districte V,10,Pubilla Cases,508,12-15,26,16,42
2010,4,Districte IV,7,la Florida,404,50-64,100,94,194
2013,2,Districte II,4,la Torrassa,228,00-02,39,31,70
2003,5,Districte V,9,Can Serra,506,18-24,102,104,206
2009,5,Districte V,9,Can Serra,501,25-34,87,87,174
2008,6,Districte VI,12,Bellvitge,615,35-49,79,91,170
2008,3,Districte III,6,Santa Eulàlia,304,16-17,33,10,43
2003,4,Districte IV,7,la Florida,405,65-74,94,84,178
2005,1,Districte I,3,Sant Josep,140,00-02,9,21,30
2013,5,Districte V,10,Pubilla Cases,513,12-15,33,25,58
2005,2,Districte II,4,la Torrassa,232,35-49,107,107,214
2012,5,Districte V,10,Pubilla Cases,517,75 i +,63,37,100
2004,4,Districte IV,7,la Florida,430,65-74,50,45,95
1996,3,Districte III,6,Santa Eulàlia,308,03-11,44,47,91
2016,1,Districte I,1,Centre,130,35-49,146,132,278
2014,6,Districte VI,11,el Gornal,616,50-64,227,198,425
2011,4,Districte IV,8,les Planes,435,25-34,112,126,238
2004,5,Districte V,10,Pubilla Cases,514,35-49,75,91,166
2002,4,Districte IV,8,les Planes,436,35-49,76,92,168
2003,2,Districte II,5,Collblanc,223,25-34,98,120,218
2015,5,Districte V,10,Pubilla Cases,523,16-17,8,10,18
2004,1,Districte I,1,Centre,101,03-11,77,59,136
1997,2,Districte II,5,Collblanc,213,18-24,66,63,129
2005,1,Districte I,3,Sant Josep,120,18-24,73,82,155
2010,5,Districte V,10,Pubilla Cases,508,16-17,4,6,10
2016,2,Districte II,4,la Torrassa,243,50-64,150,145,295
1997,1,Districte I,3,Sant Josep,125,65-74,53,36,89
2002,4,Districte IV,8,les Planes,442,03-11,24,26,50
2002,1,Districte I,3,Sant Josep,122,12-15,13,8,21
2015,6,Districte VI,12,Bellvitge,625,50-64,186,146,332
2006,2,Districte II,4,la Torrassa,241,03-11,36,22,58
1997,6,Districte VI,11,el Gornal,629,12-15,9,14,23
2007,1,Districte I,3,Sant Josep,119,18-24,53,45,98
1999,2,Districte II,4,la Torrassa,232,75 i +,65,31,96
2002,4,Districte IV,7,la Florida,426,18-24,49,57,106
2013,5,Districte V,10,Pubilla Cases,524,65-74,55,33,88
2011,6,Districte VI,11,el Gornal,616,00-02,52,57,109
2009,2,Districte II,4,la Torrassa,240,65-74,35,33,68
2007,1,Districte I,1,Centre,123,35-49,164,164,328
2008,4,Districte IV,7,la Florida,415,03-11,34,35,69
2009,2,Districte II,4,la Torrassa,235,00-02,31,26,57
2000,2,Districte II,5,Collblanc,227,00-02,6,9,15
2014,3,Districte III,6,Santa Eulàlia,311,35-49,163,220,383
2005,6,Districte VI,11,el Gornal,622,03-11,23,38,61
2010,1,Districte I,3,Sant Josep,136,25-34,116,107,223
2008,6,Districte VI,12,Bellvitge,630,65-74,42,44,86
2000,3,Districte III,6,Santa Eulàlia,312,50-64,197,170,367
2009,6,Districte VI,11,el Gornal,617,03-11,35,41,76
2010,5,Districte V,10,Pubilla Cases,527,25-34,159,126,285
2004,3,Districte III,6,Santa Eulàlia,319,25-34,174,178,352
2004,1,Districte I,3,Sant Josep,120,03-11,77,71,148
1996,5,Districte V,10,Pubilla Cases,515,50-64,55,61,116
2011,3,Districte III,6,Santa Eulàlia,302,25-34,114,129,243
2014,1,Districte I,1,Centre,112,18-24,57,56,113
1998,4,Districte IV,7,la Florida,423,18-24,56,58,114
2008,4,Districte IV,7,la Florida,428,12-15,9,13,22
1994,5,Districte V,10,Pubilla Cases,511,75 i +,31,10,41
2000,5,Districte V,9,Can Serra,521,50-64,162,187,349
2005,4,Districte IV,7,la Florida,409,65-74,37,36,73
2013,3,Districte III,6,Santa Eulàlia,308,12-15,41,51,92
2002,5,Districte V,10,Pubilla Cases,526,75 i +,37,15,52
1996,2,Districte II,4,la Torrassa,231,25-34,95,87,182
2010,2,Districte II,5,Collblanc,227,50-64,64,55,119
2003,4,Districte IV,8,les Planes,440,18-24,53,37,90
2014,2,Districte II,4,la Torrassa,211,18-24,49,45,94
2004,4,Districte IV,7,la Florida,402,65-74,57,56,113
1996,1,Districte I,3,Sant Josep,140,12-15,16,12,28
1997,6,Districte VI,12,Bellvitge,612,16-17,11,11,22
2007,2,Districte II,4,la Torrassa,242,35-49,129,131,260
2010,4,Districte IV,8,les Planes,442,18-24,26,28,54
2002,6,Districte VI,12,Bellvitge,602,16-17,4,5,9
2010,2,Districte II,4,la Torrassa,211,03-11,56,57,113
2015,5,Districte V,10,Pubilla Cases,520,03-11,38,31,69
2015,1,Districte I,3,Sant Josep,139,18-24,34,32,66
2003,5,Districte V,10,Pubilla Cases,522,50-64,60,53,113
2008,3,Districte III,6,Santa Eulàlia,311,65-74,75,66,141
2006,2,Districte II,5,Collblanc,222,03-11,41,27,68
2005,6,Districte VI,12,Bellvitge,624,16-17,12,7,19
1995,5,Districte V,10,Pubilla Cases,519,12-15,9,18,27
2014,4,Districte IV,7,la Florida,412,12-15,22,20,42
1994,4,Districte IV,8,les Planes,419,03-11,34,29,63
2006,6,Districte VI,12,Bellvitge,628,18-24,38,44,82
2012,1,Districte I,2,Sanfeliu,116,75 i +,82,61,143
2011,5,Districte V,9,Can Serra,507,03-11,30,44,74
2012,6,Districte VI,11,el Gornal,629,03-11,27,14,41
2007,1,Districte I,3,Sant Josep,138,12-15,12,10,22
2005,5,Districte V,10,Pubilla Cases,529,16-17,12,17,29
2000,4,Districte IV,8,les Planes,435,65-74,101,54,155
2002,2,Districte II,4,la Torrassa,229,50-64,68,49,117
1997,2,Districte II,4,la Torrassa,240,25-34,49,64,113
2003,2,Districte II,5,Collblanc,202,00-02,9,9,18
2011,6,Districte VI,12,Bellvitge,620,00-02,5,4,9
2007,6,Districte VI,12,Bellvitge,631,75 i +,50,24,74
1995,5,Districte V,10,Pubilla Cases,534,50-64,98,105,203
2009,2,Districte II,4,la Torrassa,234,16-17,8,9,17
1994,6,Districte VI,11,el Gornal,629,25-34,55,61,116
1998,1,Districte I,2,Sanfeliu,129,03-11,44,33,77
2004,4,Districte IV,7,la Florida,417,00-02,6,15,21
2012,2,Districte II,5,Collblanc,224,50-64,56,57,113
2011,6,Districte VI,12,Bellvitge,612,00-02,11,16,27
2001,4,Districte IV,7,la Florida,403,18-24,62,64,126
2010,5,Districte V,10,Pubilla Cases,532,25-34,138,148,286
2006,2,Districte II,5,Collblanc,222,65-74,38,33,71
2001,5,Districte V,10,Pubilla Cases,522,75 i +,33,21,54
2006,1,Districte I,1,Centre,133,16-17,5,9,14
2009,3,Districte III,6,Santa Eulàlia,314,25-34,221,227,448
2016,3,Districte III,6,Santa Eulàlia,310,25-34,74,58,132
1996,5,Districte V,10,Pubilla Cases,510,50-64,126,117,243
1994,5,Districte V,10,Pubilla Cases,534,25-34,80,78,158
2003,6,Districte VI,12,Bellvitge,613,00-02,19,18,37
2012,1,Districte I,3,Sant Josep,137,03-11,73,63,136
2010,2,Districte II,4,la Torrassa,217,50-64,41,56,97
2003,3,Districte III,6,Santa Eulàlia,303,35-49,111,137,248
2002,3,Districte III,6,Santa Eulàlia,324,50-64,63,67,130
2015,3,Districte III,6,Santa Eulàlia,323,12-15,38,35,73
2004,1,Districte I,2,Sanfeliu,129,65-74,41,55,96
1999,2,Districte II,4,la Torrassa,236,00-02,7,7,14
2005,2,Districte II,5,Collblanc,224,16-17,4,2,6
2014,4,Districte IV,8,les Planes,441,03-11,78,75,153
2003,6,Districte VI,12,Bellvitge,603,25-34,65,79,144
1999,6,Districte VI,12,Bellvitge,620,50-64,95,90,185
1994,5,Districte V,9,Can Serra,535,03-11,60,64,124
2014,6,Districte VI,12,Bellvitge,606,18-24,32,36,68
2011,6,Districte VI,12,Bellvitge,627,18-24,22,41,63
2002,1,Districte I,3,Sant Josep,114,03-11,54,43,97
1997,6,Districte VI,12,Bellvitge,613,03-11,40,37,77
2004,1,Districte I,3,Sant Josep,119,16-17,8,11,19
2011,1,Districte I,1,Centre,112,35-49,194,158,352
1996,6,Districte VI,12,Bellvitge,612,35-49,86,79,165
2000,3,Districte III,6,Santa Eulàlia,315,50-64,118,128,246
2012,3,Districte III,6,Santa Eulàlia,301,50-64,189,185,374
2010,2,Districte II,4,la Torrassa,230,16-17,6,12,18
1998,2,Districte II,4,la Torrassa,218,75 i +,38,15,53
2014,6,Districte VI,12,Bellvitge,623,18-24,31,37,68
2003,5,Districte V,9,Can Serra,504,75 i +,50,43,93
2013,4,Districte IV,7,la Florida,426,12-15,25,18,43
1996,2,Districte II,5,Collblanc,244,00-02,6,2,8
2001,6,Districte VI,12,Bellvitge,615,25-34,90,114,204
2005,3,Districte III,6,Santa Eulàlia,311,35-49,156,174,330
2001,5,Districte V,10,Pubilla Cases,515,65-74,33,29,62
2014,2,Districte II,4,la Torrassa,249,25-34,80,90,170
2016,2,Districte II,5,Collblanc,213,25-34,100,73,173
2007,5,Districte V,10,Pubilla Cases,516,35-49,96,113,209
2002,2,Districte II,4,la Torrassa,247,35-49,134,151,285
2002,6,Districte VI,11,el Gornal,608,16-17,10,15,25
2000,1,Districte I,3,Sant Josep,117,18-24,119,141,260
1997,6,Districte VI,12,Bellvitge,609,00-02,10,10,20
2011,5,Districte V,10,Pubilla Cases,537,25-34,101,119,220
2008,5,Districte V,10,Pubilla Cases,534,03-11,33,43,76
2012,2,Districte II,4,la Torrassa,235,16-17,11,14,25
2001,4,Districte IV,7,la Florida,426,75 i +,53,34,87
2001,2,Districte II,5,Collblanc,207,12-15,13,10,23
2001,5,Districte V,9,Can Serra,504,03-11,20,24,44
2006,6,Districte VI,12,Bellvitge,620,12-15,16,8,24
2008,1,Districte I,3,Sant Josep,125,65-74,54,67,121
2006,5,Districte V,9,Can Serra,535,75 i +,42,24,66
2006,5,Districte V,10,Pubilla Cases,519,12-15,6,20,26
2003,3,Districte III,6,Santa Eulàlia,304,16-17,6,13,19
2003,1,Districte I,1,Centre,108,18-24,56,48,104
2010,4,Districte IV,8,les Planes,437,18-24,42,51,93
2014,2,Districte II,4,la Torrassa,249,00-02,13,17,30
1998,3,Districte III,6,Santa Eulàlia,310,25-34,66,71,137
1997,6,Districte VI,11,el Gornal,608,35-49,85,85,170
2010,1,Districte I,1,Centre,107,35-49,199,210,409
2016,3,Districte III,6,Santa Eulàlia,323,75 i +,66,29,95
1998,5,Districte V,10,Pubilla Cases,530,25-34,113,127,240
2009,2,Districte II,5,Collblanc,206,12-15,13,19,32
2006,2,Districte II,4,la Torrassa,217,00-02,4,15,19
2012,1,Districte I,3,Sant Josep,119,03-11,32,36,68
2009,2,Districte II,5,Collblanc,220,16-17,12,8,20
2004,1,Districte I,3,Sant Josep,125,00-02,14,24,38
1999,5,Districte V,9,Can Serra,506,12-15,34,42,76
2005,5,Districte V,10,Pubilla Cases,522,12-15,6,10,16
2013,5,Districte V,10,Pubilla Cases,534,03-11,27,38,65
1995,2,Districte II,4,la Torrassa,233,25-34,75,77,152
2005,4,Districte IV,7,la Florida,409,00-02,10,11,21
2001,4,Districte IV,7,la Florida,426,18-24,51,61,112
1994,4,Districte IV,7,la Florida,409,50-64,83,89,172
2007,6,Districte VI,12,Bellvitge,611,18-24,62,55,117
2015,1,Districte I,3,Sant Josep,127,75 i +,41,32,73
2012,1,Districte I,1,Centre,108,75 i +,116,71,187
2008,6,Districte VI,12,Bellvitge,631,18-24,32,25,57
2000,4,Districte IV,7,la Florida,417,75 i +,26,13,39
1999,1,Districte I,3,Sant Josep,117,00-02,31,23,54
1995,5,Districte V,10,Pubilla Cases,523,18-24,83,79,162
2001,1,Districte I,1,Centre,102,75 i +,69,36,105
1999,1,Districte I,1,Centre,107,12-15,24,38,62
2008,6,Districte VI,11,el Gornal,616,35-49,306,309,615
2008,3,Districte III,6,Santa Eulàlia,321,16-17,19,20,39
1998,4,Districte IV,7,la Florida,414,12-15,16,26,42
2009,4,Districte IV,7,la Florida,421,12-15,24,23,47
2015,6,Districte VI,12,Bellvitge,607,03-11,36,33,69
2002,6,Districte VI,12,Bellvitge,611,65-74,93,99,192
2001,1,Districte I,1,Centre,107,12-15,29,24,53
2005,4,Districte IV,8,les Planes,437,35-49,98,110,208
2016,1,Districte I,2,Sanfeliu,132,00-02,19,24,43
1994,5,Districte V,10,Pubilla Cases,530,18-24,81,82,163
1996,1,Districte I,3,Sant Josep,137,25-34,97,100,197
2009,6,Districte VI,12,Bellvitge,627,03-11,36,22,58
2016,5,Districte V,10,Pubilla Cases,511,65-74,99,71,170
2001,4,Districte IV,8,les Planes,441,18-24,116,110,226
1994,4,Districte IV,8,les Planes,418,12-15,26,20,46
2000,4,Districte IV,7,la Florida,413,00-02,1,3,4
1996,1,Districte I,3,Sant Josep,114,00-02,16,16,32
1995,2,Districte II,5,Collblanc,212,00-02,9,12,21
2000,5,Districte V,9,Can Serra,507,75 i +,38,23,61
1999,2,Districte II,4,la Torrassa,235,00-02,12,15,27
1996,5,Districte V,10,Pubilla Cases,513,00-02,3,6,9
2004,5,Districte V,10,Pubilla Cases,531,16-17,6,9,15
2000,4,Districte IV,7,la Florida,415,75 i +,46,29,75
2007,6,Districte VI,12,Bellvitge,606,16-17,11,14,25
2003,2,Districte II,4,la Torrassa,247,18-24,56,49,105
2000,5,Districte V,10,Pubilla Cases,517,12-15,13,11,24
1996,4,Districte IV,8,les Planes,440,12-15,23,17,40
2005,5,Districte V,10,Pubilla Cases,532,75 i +,74,45,119
2015,2,Districte II,5,Collblanc,213,75 i +,52,41,93
2014,4,Districte IV,7,la Florida,426,03-11,43,51,94
1999,4,Districte IV,7,la Florida,427,12-15,8,14,22
1995,5,Districte V,10,Pubilla Cases,512,75 i +,34,16,50
2011,5,Districte V,10,Pubilla Cases,520,25-34,53,63,116
1995,2,Districte II,4,la Torrassa,229,16-17,8,7,15
1994,3,Districte III,6,Santa Eulàlia,305,25-34,88,106,194
1996,6,Districte VI,11,el Gornal,622,25-34,77,95,172
1999,4,Districte IV,8,les Planes,442,18-24,31,35,66
2001,1,Districte I,3,Sant Josep,122,03-11,43,22,65
1997,1,Districte I,3,Sant Josep,127,03-11,56,39,95
1997,2,Districte II,4,la Torrassa,247,03-11,36,45,81
2005,1,Districte I,1,Centre,113,00-02,14,20,34
2012,1,Districte I,3,Sant Josep,119,65-74,93,85,178
2009,2,Districte II,4,la Torrassa,240,35-49,96,108,204
2003,6,Districte VI,12,Bellvitge,610,00-02,17,16,33
2001,4,Districte IV,7,la Florida,403,12-15,24,15,39
2000,2,Districte II,5,Collblanc,220,75 i +,40,28,68
2000,2,Districte II,5,Collblanc,224,12-15,7,10,17
2011,5,Districte V,10,Pubilla Cases,532,18-24,70,49,119
1999,6,Districte VI,12,Bellvitge,609,16-17,8,10,18
2002,4,Districte IV,8,les Planes,442,75 i +,28,22,50
1994,4,Districte IV,7,la Florida,426,65-74,53,45,98
1996,1,Districte I,1,Centre,124,50-64,77,81,158
2005,2,Districte II,5,Collblanc,205,00-02,7,8,15
2002,1,Districte I,2,Sanfeliu,129,03-11,38,30,68
2005,1,Districte I,3,Sant Josep,125,75 i +,54,29,83
1997,4,Districte IV,8,les Planes,429,35-49,74,77,151
2015,2,Districte II,4,la Torrassa,233,75 i +,62,36,98
2012,6,Districte VI,12,Bellvitge,625,50-64,197,167,364
1994,5,Districte V,9,Can Serra,535,16-17,26,27,53
1996,4,Districte IV,8,les Planes,420,65-74,77,55,132
2006,2,Districte II,4,la Torrassa,240,65-74,49,44,93
1997,5,Districte V,10,Pubilla Cases,513,35-49,52,56,108
2012,4,Districte IV,8,les Planes,437,12-15,11,10,21
2000,6,Districte VI,12,Bellvitge,614,75 i +,35,16,51
1997,1,Districte I,1,Centre,124,50-64,77,78,155
1999,4,Districte IV,7,la Florida,422,03-11,29,39,68
2009,2,Districte II,5,Collblanc,244,65-74,26,20,46
1999,1,Districte I,1,Centre,133,25-34,61,85,146
2012,1,Districte I,3,Sant Josep,140,16-17,6,14,20
2002,4,Districte IV,8,les Planes,437,18-24,29,31,60
2007,3,Districte III,6,Santa Eulàlia,321,35-49,266,252,518
2016,1,Districte I,1,Centre,107,03-11,68,71,139
1996,1,Districte I,1,Centre,135,03-11,67,65,132
1999,2,Districte II,4,la Torrassa,217,75 i +,44,17,61
2014,1,Districte I,1,Centre,130,25-34,56,58,114
2010,6,Districte VI,11,el Gornal,632,03-11,58,48,106
2011,2,Districte II,4,la Torrassa,246,12-15,28,27,55
2001,6,Districte VI,12,Bellvitge,628,25-34,96,104,200
2015,4,Districte IV,8,les Planes,419,12-15,38,38,76
2012,6,Districte VI,12,Bellvitge,601,50-64,112,109,221
2008,6,Districte VI,12,Bellvitge,601,00-02,20,13,33
1998,6,Districte VI,12,Bellvitge,619,50-64,162,166,328
1994,2,Districte II,4,la Torrassa,248,12-15,19,30,49
2014,1,Districte I,3,Sant Josep,139,00-02,8,9,17
2000,2,Districte II,4,la Torrassa,217,18-24,27,26,53
2012,6,Districte VI,12,Bellvitge,604,75 i +,38,23,61
2008,5,Districte V,10,Pubilla Cases,514,50-64,53,55,108
1996,5,Districte V,10,Pubilla Cases,534,65-74,53,45,98
2000,1,Districte I,2,Sanfeliu,129,65-74,46,34,80
1999,5,Districte V,10,Pubilla Cases,534,50-64,104,101,205
2013,1,Districte I,3,Sant Josep,138,16-17,7,5,12
2013,1,Districte I,1,Centre,110,16-17,9,4,13
2011,5,Districte V,10,Pubilla Cases,518,50-64,86,65,151
2016,1,Districte I,1,Centre,135,18-24,43,39,82
2000,3,Districte III,6,Santa Eulàlia,302,12-15,29,16,45
2004,1,Districte I,1,Centre,104,18-24,23,23,46
2013,5,Districte V,10,Pubilla Cases,518,16-17,7,10,17
2001,2,Districte II,5,Collblanc,219,25-34,100,93,193
2014,5,Districte V,10,Pubilla Cases,511,25-34,179,168,347
1995,2,Districte II,4,la Torrassa,237,03-11,35,26,61
1996,5,Districte V,10,Pubilla Cases,538,18-24,71,75,146
2012,4,Districte IV,7,la Florida,410,03-11,57,67,124
2006,6,Districte VI,12,Bellvitge,609,16-17,8,7,15
2009,5,Districte V,9,Can Serra,501,35-49,105,103,208
2009,2,Districte II,4,la Torrassa,245,25-34,101,122,223
2002,5,Districte V,10,Pubilla Cases,513,50-64,66,55,121
1999,4,Districte IV,8,les Planes,401,25-34,86,87,173
2000,1,Districte I,3,Sant Josep,136,35-49,124,118,242
2006,2,Districte II,5,Collblanc,220,12-15,18,20,38
2008,6,Districte VI,12,Bellvitge,627,75 i +,39,23,62
2001,2,Districte II,4,la Torrassa,241,25-34,63,63,126
1998,4,Districte IV,8,les Planes,442,75 i +,34,21,55
1994,3,Districte III,6,Santa Eulàlia,322,25-34,89,110,199
1995,1,Districte I,1,Centre,102,35-49,186,164,350
2001,3,Districte III,6,Santa Eulàlia,320,00-02,12,14,26
2015,1,Districte I,1,Centre,133,00-02,8,8,16
1994,4,Districte IV,7,la Florida,428,16-17,4,8,12
2012,4,Districte IV,7,la Florida,427,16-17,10,12,22
2011,6,Districte VI,11,el Gornal,629,12-15,5,9,14
1998,4,Districte IV,7,la Florida,421,50-64,144,115,259
1994,1,Districte I,1,Centre,108,25-34,106,107,213
2000,2,Districte II,5,Collblanc,244,18-24,25,14,39
2010,6,Districte VI,12,Bellvitge,611,12-15,16,31,47
2000,1,Districte I,2,Sanfeliu,129,00-02,6,17,23
2012,3,Districte III,6,Santa Eulàlia,304,50-64,134,127,261
2009,3,Districte III,6,Santa Eulàlia,317,12-15,20,24,44
1994,5,Districte V,10,Pubilla Cases,514,25-34,64,75,139
2001,6,Districte VI,11,el Gornal,616,12-15,75,75,150
2013,2,Districte II,4,la Torrassa,249,12-15,18,23,41
1999,3,Districte III,6,Santa Eulàlia,307,12-15,31,34,65
2004,5,Districte V,10,Pubilla Cases,532,50-64,133,113,246
2007,3,Districte III,6,Santa Eulàlia,316,50-64,342,346,688
2010,4,Districte IV,7,la Florida,412,00-02,14,25,39
2010,1,Districte I,2,Sanfeliu,116,18-24,44,46,90
2016,3,Districte III,6,Santa Eulàlia,319,00-02,24,33,57
2014,2,Districte II,5,Collblanc,210,25-34,42,53,95
2003,3,Districte III,6,Santa Eulàlia,307,25-34,117,110,227
1997,4,Districte IV,7,la Florida,425,75 i +,46,23,69
2015,6,Districte VI,12,Bellvitge,623,65-74,128,98,226
2007,2,Districte II,4,la Torrassa,231,00-02,13,16,29
1999,4,Districte IV,8,les Planes,420,65-74,89,66,155
2005,3,Districte III,6,Santa Eulàlia,320,03-11,42,48,90
2014,6,Districte VI,11,el Gornal,622,25-34,37,43,80
2002,4,Districte IV,8,les Planes,418,35-49,114,138,252
1999,2,Districte II,5,Collblanc,215,35-49,70,66,136
1998,1,Districte I,3,Sant Josep,126,65-74,66,47,113
1998,1,Districte I,1,Centre,128,75 i +,32,19,51
2004,2,Districte II,4,la Torrassa,218,03-11,27,22,49
2002,2,Districte II,5,Collblanc,202,75 i +,32,23,55
2001,2,Districte II,4,la Torrassa,238,25-34,70,84,154
2000,6,Districte VI,11,el Gornal,617,35-49,103,100,203
2010,2,Districte II,4,la Torrassa,211,00-02,22,26,48
2012,6,Districte VI,12,Bellvitge,606,18-24,38,39,77
2001,6,Districte VI,12,Bellvitge,614,65-74,55,44,99
2002,5,Districte V,10,Pubilla Cases,519,75 i +,17,23,40
2002,6,Districte VI,12,Bellvitge,628,03-11,37,35,72
2003,4,Districte IV,7,la Florida,411,35-49,91,91,182
2005,5,Districte V,9,Can Serra,521,25-34,79,109,188
2000,1,Districte I,1,Centre,113,35-49,199,167,366
2005,2,Districte II,5,Collblanc,214,16-17,6,3,9
2001,4,Districte IV,7,la Florida,421,75 i +,58,36,94
2004,6,Districte VI,11,el Gornal,617,50-64,104,86,190
2008,4,Districte IV,7,la Florida,402,65-74,47,40,87
2010,3,Districte III,6,Santa Eulàlia,314,18-24,68,123,191
2008,1,Districte I,1,Centre,103,00-02,10,8,18
2002,5,Districte V,10,Pubilla Cases,511,50-64,63,51,114
1996,4,Districte IV,8,les Planes,420,03-11,38,44,82
2003,1,Districte I,1,Centre,102,18-24,65,62,127
2016,6,Districte VI,12,Bellvitge,630,00-02,10,12,22
2012,3,Districte III,6,Santa Eulàlia,325,03-11,65,71,136
2009,2,Districte II,4,la Torrassa,243,25-34,141,133,274
2003,5,Districte V,10,Pubilla Cases,509,50-64,67,65,132
1998,5,Districte V,10,Pubilla Cases,508,35-49,50,54,104
2005,6,Districte VI,12,Bellvitge,620,35-49,63,66,129
2012,1,Districte I,1,Centre,128,00-02,16,16,32
1995,2,Districte II,4,la Torrassa,232,00-02,8,7,15
1997,2,Districte II,4,la Torrassa,246,18-24,47,41,88
2015,4,Districte IV,8,les Planes,401,50-64,133,110,243
2000,5,Districte V,10,Pubilla Cases,519,03-11,10,30,40
1996,3,Districte III,6,Santa Eulàlia,322,50-64,103,104,207
2004,1,Districte I,3,Sant Josep,127,16-17,8,10,18
1997,4,Districte IV,8,les Planes,436,16-17,9,14,23
2007,5,Districte V,10,Pubilla Cases,523,00-02,19,19,38
2011,2,Districte II,4,la Torrassa,240,35-49,94,96,190
1994,1,Districte I,3,Sant Josep,136,35-49,144,146,290
1996,1,Districte I,1,Centre,113,16-17,14,24,38
2002,3,Districte III,6,Santa Eulàlia,313,35-49,213,195,408
2007,4,Districte IV,7,la Florida,423,12-15,12,11,23
2001,4,Districte IV,7,la Florida,417,65-74,40,39,79
2001,5,Districte V,10,Pubilla Cases,528,16-17,8,3,11
2009,1,Districte I,3,Sant Josep,117,03-11,65,81,146
2016,3,Districte III,6,Santa Eulàlia,320,65-74,2,2,4
1997,5,Districte V,10,Pubilla Cases,534,50-64,96,101,197
2004,5,Districte V,10,Pubilla Cases,519,18-24,50,32,82
2012,2,Districte II,5,Collblanc,222,35-49,119,146,265
2003,3,Districte III,6,Santa Eulàlia,306,18-24,86,69,155
1997,1,Districte I,1,Centre,134,50-64,116,107,223
2001,2,Districte II,4,la Torrassa,243,35-49,153,155,308
2015,1,Districte I,2,Sanfeliu,132,12-15,39,29,68
2011,6,Districte VI,12,Bellvitge,611,12-15,23,33,56
2001,2,Districte II,4,la Torrassa,245,35-49,99,103,202
1995,5,Districte V,10,Pubilla Cases,526,03-11,23,32,55
2009,2,Districte II,4,la Torrassa,211,35-49,174,201,375
2015,3,Districte III,6,Santa Eulàlia,317,03-11,66,56,122
2015,1,Districte I,1,Centre,101,75 i +,64,43,107
2001,4,Districte IV,8,les Planes,436,03-11,27,32,59
1996,1,Districte I,2,Sanfeliu,116,50-64,148,166,314
1998,3,Districte III,6,Santa Eulàlia,305,50-64,103,111,214
1997,5,Districte V,10,Pubilla Cases,531,35-49,77,76,153
2005,5,Districte V,10,Pubilla Cases,518,35-49,131,142,273
1996,2,Districte II,5,Collblanc,222,00-02,9,8,17
2004,3,Districte III,6,Santa Eulàlia,318,65-74,26,25,51
2013,1,Districte I,3,Sant Josep,138,12-15,17,11,28
2006,1,Districte I,3,Sant Josep,137,65-74,50,44,94
2007,6,Districte VI,11,el Gornal,632,00-02,21,19,40
1994,1,Districte I,3,Sant Josep,121,25-34,88,113,201
2001,4,Districte IV,8,les Planes,401,03-11,42,42,84
1996,6,Districte VI,11,el Gornal,632,16-17,24,19,43
2002,3,Districte III,6,Santa Eulàlia,308,18-24,80,82,162
2012,5,Districte V,9,Can Serra,504,12-15,14,13,27
2007,4,Districte IV,7,la Florida,403,12-15,12,13,25
2005,1,Districte I,1,Centre,131,75 i +,53,35,88
1997,5,Districte V,10,Pubilla Cases,518,35-49,75,88,163
2015,1,Districte I,3,Sant Josep,120,25-34,89,94,183
2002,2,Districte II,5,Collblanc,215,50-64,76,57,133
2015,2,Districte II,4,la Torrassa,243,12-15,22,32,54
2012,6,Districte VI,12,Bellvitge,606,75 i +,84,54,138
1995,5,Districte V,10,Pubilla Cases,537,35-49,126,114,240
2012,1,Districte I,3,Sant Josep,138,35-49,87,71,158
1995,4,Districte IV,8,les Planes,439,00-02,14,4,18
2001,6,Districte VI,12,Bellvitge,621,00-02,13,18,31
1999,2,Districte II,5,Collblanc,212,75 i +,66,34,100
1998,4,Districte IV,8,les Planes,419,00-02,13,13,26
2000,4,Districte IV,7,la Florida,425,75 i +,51,29,80
2002,4,Districte IV,7,la Florida,426,25-34,93,107,200
2001,1,Districte I,3,Sant Josep,125,35-49,131,113,244
2003,2,Districte II,5,Collblanc,209,12-15,18,22,40
2016,2,Districte II,4,la Torrassa,246,50-64,98,99,197
2009,5,Districte V,10,Pubilla Cases,515,16-17,10,7,17
1997,5,Districte V,9,Can Serra,503,35-49,137,116,253
2009,1,Districte I,3,Sant Josep,121,03-11,26,36,62
2011,1,Districte I,1,Centre,104,16-17,6,6,12
2009,2,Districte II,5,Collblanc,219,65-74,61,40,101
2001,1,Districte I,1,Centre,105,25-34,78,80,158
1999,2,Districte II,5,Collblanc,212,65-74,74,71,145
1998,4,Districte IV,7,la Florida,428,16-17,4,3,7
1997,5,Districte V,10,Pubilla Cases,520,25-34,71,65,136
1999,3,Districte III,6,Santa Eulàlia,320,00-02,5,7,12
2006,1,Districte I,3,Sant Josep,119,12-15,12,22,34
2012,5,Districte V,10,Pubilla Cases,520,16-17,1,8,9
2010,1,Districte I,2,Sanfeliu,118,35-49,191,171,362
2016,4,Districte IV,7,la Florida,432,00-02,16,17,33
2008,6,Districte VI,12,Bellvitge,614,50-64,108,88,196
2009,5,Districte V,10,Pubilla Cases,529,00-02,31,24,55
2007,5,Districte V,9,Can Serra,506,12-15,26,36,62
1995,5,Districte V,10,Pubilla Cases,530,16-17,17,18,35
1997,4,Districte IV,7,la Florida,411,50-64,116,114,230
1999,6,Districte VI,12,Bellvitge,628,25-34,92,97,189
2005,1,Districte I,1,Centre,130,12-15,10,18,28
1997,2,Districte II,5,Collblanc,222,12-15,14,21,35
1998,4,Districte IV,8,les Planes,438,12-15,18,7,25
2004,2,Districte II,5,Collblanc,209,03-11,32,30,62
2005,3,Districte III,6,Santa Eulàlia,308,35-49,238,247,485
2001,4,Districte IV,7,la Florida,413,18-24,23,22,45
2007,4,Districte IV,7,la Florida,431,50-64,101,104,205
2005,2,Districte II,4,la Torrassa,238,25-34,80,84,164
2010,3,Districte III,6,Santa Eulàlia,312,18-24,68,61,129
2014,2,Districte II,4,la Torrassa,249,65-74,48,43,91
1998,3,Districte III,6,Santa Eulàlia,316,16-17,61,61,122
1997,6,Districte VI,12,Bellvitge,631,16-17,19,16,35
2003,6,Districte VI,11,el Gornal,626,65-74,60,61,121
2016,2,Districte II,4,la Torrassa,240,18-24,77,65,142
1998,5,Districte V,10,Pubilla Cases,524,50-64,124,102,226
1994,5,Districte V,10,Pubilla Cases,533,00-02,10,7,17
2002,5,Districte V,10,Pubilla Cases,517,00-02,8,24,32
2007,4,Districte IV,8,les Planes,441,03-11,72,69,141
2000,2,Districte II,4,la Torrassa,233,03-11,19,17,36
1994,4,Districte IV,7,la Florida,427,50-64,111,77,188
2000,2,Districte II,4,la Torrassa,234,18-24,27,39,66
2014,6,Districte VI,12,Bellvitge,610,25-34,51,58,109
2008,1,Districte I,3,Sant Josep,106,25-34,181,176,357
2015,5,Districte V,10,Pubilla Cases,517,50-64,191,148,339
2003,5,Districte V,10,Pubilla Cases,523,16-17,8,12,20
2013,1,Districte I,1,Centre,105,35-49,136,136,272
2011,2,Districte II,5,Collblanc,216,75 i +,72,52,124
2004,1,Districte I,3,Sant Josep,106,03-11,57,54,111
1998,5,Districte V,10,Pubilla Cases,508,03-11,22,21,43
2003,5,Districte V,10,Pubilla Cases,528,25-34,96,125,221
1996,4,Districte IV,8,les Planes,436,65-74,37,27,64
2013,2,Districte II,4,la Torrassa,243,25-34,124,79,203
2006,4,Districte IV,7,la Florida,406,16-17,16,9,25
1998,1,Districte I,1,Centre,103,16-17,16,8,24
1999,6,Districte VI,12,Bellvitge,607,75 i +,39,17,56
1996,2,Districte II,4,la Torrassa,240,18-24,39,32,71
1994,4,Districte IV,8,les Planes,440,18-24,124,105,229
1997,4,Districte IV,7,la Florida,407,00-02,9,9,18
2003,1,Districte I,3,Sant Josep,121,35-49,80,107,187
1996,5,Districte V,10,Pubilla Cases,523,25-34,109,103,212
2015,1,Districte I,1,Centre,135,75 i +,81,49,130
2007,2,Districte II,5,Collblanc,210,12-15,15,6,21
2005,2,Districte II,4,la Torrassa,248,65-74,54,53,107
1998,4,Districte IV,8,les Planes,435,35-49,70,103,173
2003,2,Districte II,4,la Torrassa,241,35-49,87,75,162
2016,6,Districte VI,12,Bellvitge,631,75 i +,68,48,116
2000,1,Districte I,3,Sant Josep,106,35-49,264,226,490
2013,4,Districte IV,7,la Florida,410,12-15,27,32,59
2008,2,Districte II,4,la Torrassa,232,00-02,11,8,19
2005,6,Districte VI,12,Bellvitge,623,18-24,50,67,117
2010,4,Districte IV,7,la Florida,431,18-24,59,54,113
2012,4,Districte IV,8,les Planes,436,16-17,8,8,16
2002,1,Districte I,3,Sant Josep,121,18-24,19,19,38
2006,3,Districte III,6,Santa Eulàlia,314,00-02,21,29,50
2004,4,Districte IV,8,les Planes,436,03-11,46,40,86
2009,1,Districte I,2,Sanfeliu,116,16-17,14,15,29
2003,6,Districte VI,12,Bellvitge,618,50-64,70,58,128
2010,5,Districte V,9,Can Serra,505,75 i +,62,50,112
2005,5,Districte V,9,Can Serra,501,00-02,9,14,23
2014,1,Districte I,3,Sant Josep,122,12-15,12,17,29
2010,4,Districte IV,7,la Florida,426,18-24,41,42,83
2001,2,Districte II,4,la Torrassa,217,18-24,26,21,47
2008,4,Districte IV,8,les Planes,419,25-34,94,124,218
1994,1,Districte I,3,Sant Josep,125,16-17,33,39,72
1995,3,Districte III,6,Santa Eulàlia,321,75 i +,64,37,101
2008,5,Districte V,10,Pubilla Cases,526,50-64,57,56,113
1994,5,Districte V,9,Can Serra,503,35-49,139,145,284
2007,3,Districte III,6,Santa Eulàlia,303,16-17,9,7,16
2001,6,Districte VI,12,Bellvitge,605,00-02,5,7,12
2016,2,Districte II,5,Collblanc,209,35-49,129,118,247
1998,1,Districte I,2,Sanfeliu,129,50-64,121,127,248
2003,2,Districte II,5,Collblanc,208,65-74,142,124,266
2016,2,Districte II,4,la Torrassa,245,50-64,97,91,188
2000,2,Districte II,4,la Torrassa,237,35-49,118,129,247
2010,5,Districte V,10,Pubilla Cases,531,35-49,121,147,268
1995,5,Districte V,10,Pubilla Cases,531,65-74,53,40,93
1996,4,Districte IV,7,la Florida,415,50-64,61,70,131
2010,5,Districte V,10,Pubilla Cases,518,65-74,74,52,126
2001,4,Districte IV,7,la Florida,409,00-02,12,3,15
2008,4,Districte IV,7,la Florida,432,65-74,73,61,134
2001,4,Districte IV,8,les Planes,440,18-24,61,53,114
1994,2,Districte II,4,la Torrassa,232,75 i +,69,27,96
2012,5,Districte V,9,Can Serra,506,16-17,17,13,30
2011,4,Districte IV,7,la Florida,404,35-49,153,175,328
2009,1,Districte I,2,Sanfeliu,132,50-64,227,215,442
2001,1,Districte I,3,Sant Josep,137,16-17,15,13,28
1997,1,Districte I,1,Centre,102,12-15,30,20,50
1996,2,Districte II,5,Collblanc,210,12-15,6,13,19
1995,6,Districte VI,12,Bellvitge,605,03-11,18,14,32
2001,6,Districte VI,12,Bellvitge,620,50-64,85,87,172
2013,1,Districte I,1,Centre,102,03-11,60,55,115
2008,4,Districte IV,8,les Planes,429,65-74,33,28,61
2002,2,Districte II,4,la Torrassa,236,18-24,47,49,96
2014,6,Districte VI,12,Bellvitge,611,65-74,126,95,221
2004,5,Districte V,10,Pubilla Cases,536,25-34,66,85,151
2002,6,Districte VI,12,Bellvitge,614,18-24,43,46,89
1997,1,Districte I,1,Centre,113,16-17,32,22,54
1996,1,Districte I,1,Centre,128,25-34,81,97,178
1998,5,Districte V,10,Pubilla Cases,516,18-24,28,35,63
2000,5,Districte V,9,Can Serra,503,18-24,64,74,138
1996,5,Districte V,10,Pubilla Cases,514,12-15,16,19,35
1998,3,Districte III,6,Santa Eulàlia,318,03-11,47,55,102
1995,2,Districte II,4,la Torrassa,218,03-11,23,37,60
1999,5,Districte V,10,Pubilla Cases,516,75 i +,27,10,37
2006,1,Districte I,3,Sant Josep,139,16-17,8,6,14
2001,5,Districte V,10,Pubilla Cases,511,25-34,58,65,123
2012,6,Districte VI,12,Bellvitge,604,25-34,43,60,103
1995,4,Districte IV,8,les Planes,442,16-17,10,13,23
2009,3,Districte III,6,Santa Eulàlia,307,65-74,79,75,154
2002,4,Districte IV,7,la Florida,424,00-02,9,7,16
2002,1,Districte I,3,Sant Josep,125,75 i +,40,30,70
2016,2,Districte II,5,Collblanc,208,35-49,182,156,338
2001,2,Districte II,5,Collblanc,222,16-17,9,5,14
2000,5,Districte V,10,Pubilla Cases,514,16-17,7,7,14
2010,1,Districte I,1,Centre,104,65-74,47,37,84
2014,2,Districte II,5,Collblanc,204,65-74,67,53,120
2009,2,Districte II,4,la Torrassa,236,65-74,66,47,113
2000,6,Districte VI,12,Bellvitge,612,00-02,8,7,15
2011,4,Districte IV,7,la Florida,424,18-24,19,26,45
1997,4,Districte IV,7,la Florida,406,75 i +,49,32,81
2007,5,Districte V,9,Can Serra,502,75 i +,129,69,198
2004,2,Districte II,5,Collblanc,203,75 i +,45,31,76
2006,4,Districte IV,7,la Florida,403,25-34,85,107,192
1995,3,Districte III,6,Santa Eulàlia,312,18-24,86,86,172
1996,2,Districte II,5,Collblanc,209,25-34,88,89,177
2014,4,Districte IV,7,la Florida,427,25-34,142,132,274
1997,4,Districte IV,8,les Planes,437,50-64,89,86,175
2013,1,Districte I,1,Centre,133,35-49,91,104,195
2012,3,Districte III,6,Santa Eulàlia,301,65-74,144,118,262
2006,2,Districte II,4,la Torrassa,239,65-74,75,62,137
2002,6,Districte VI,12,Bellvitge,621,75 i +,31,17,48
2012,6,Districte VI,12,Bellvitge,620,50-64,60,57,117
2012,1,Districte I,3,Sant Josep,138,25-34,59,65,124
2000,6,Districte VI,12,Bellvitge,614,00-02,7,7,14
1996,4,Districte IV,7,la Florida,412,12-15,57,47,104
1996,5,Districte V,10,Pubilla Cases,511,18-24,45,42,87
2015,3,Districte III,6,Santa Eulàlia,322,65-74,60,53,113
2004,5,Districte V,9,Can Serra,504,18-24,38,43,81
1999,5,Districte V,10,Pubilla Cases,517,35-49,104,108,212
2016,1,Districte I,2,Sanfeliu,132,75 i +,108,74,182
2005,1,Districte I,2,Sanfeliu,116,00-02,21,21,42
2008,5,Districte V,10,Pubilla Cases,509,35-49,93,112,205
2011,3,Districte III,6,Santa Eulàlia,317,65-74,36,35,71
2016,1,Districte I,3,Sant Josep,125,18-24,44,59,103
2001,4,Districte IV,7,la Florida,407,35-49,95,91,186
1999,3,Districte III,6,Santa Eulàlia,318,25-34,61,65,126
2003,5,Districte V,9,Can Serra,535,35-49,115,106,221
1997,4,Districte IV,7,la Florida,422,18-24,38,49,87
1994,4,Districte IV,8,les Planes,442,35-49,73,58,131
2003,3,Districte III,6,Santa Eulàlia,307,16-17,15,14,29
2015,5,Districte V,10,Pubilla Cases,513,12-15,23,34,57
2012,2,Districte II,5,Collblanc,203,03-11,36,44,80
1997,6,Districte VI,11,el Gornal,626,75 i +,22,19,41
2002,5,Districte V,9,Can Serra,501,25-34,113,143,256
1998,6,Districte VI,12,Bellvitge,614,00-02,10,9,19
2005,2,Districte II,4,la Torrassa,239,50-64,90,72,162
2012,4,Districte IV,7,la Florida,421,25-34,84,83,167
2014,2,Districte II,4,la Torrassa,232,16-17,11,12,23
2000,6,Districte VI,12,Bellvitge,610,18-24,75,68,143
2005,2,Districte II,4,la Torrassa,235,16-17,9,8,17
2002,5,Districte V,9,Can Serra,505,65-74,63,60,123
1999,5,Districte V,10,Pubilla Cases,523,75 i +,86,36,122
2008,1,Districte I,1,Centre,103,12-15,10,7,17
2003,1,Districte I,3,Sant Josep,106,50-64,209,236,445
2008,3,Districte III,6,Santa Eulàlia,319,50-64,147,138,285
2000,1,Districte I,3,Sant Josep,117,75 i +,57,28,85
2012,6,Districte VI,12,Bellvitge,602,18-24,16,14,30
2007,5,Districte V,10,Pubilla Cases,526,25-34,69,69,138
2005,6,Districte VI,11,el Gornal,608,03-11,28,25,53
2005,1,Districte I,3,Sant Josep,106,03-11,61,54,115
2005,5,Districte V,10,Pubilla Cases,536,00-02,8,14,22
2002,5,Districte V,10,Pubilla Cases,538,50-64,119,87,206
2012,2,Districte II,5,Collblanc,227,65-74,31,30,61
2012,2,Districte II,5,Collblanc,221,00-02,27,15,42
2005,6,Districte VI,12,Bellvitge,606,35-49,113,124,237
2007,1,Districte I,1,Centre,130,18-24,27,23,50
1999,2,Districte II,4,la Torrassa,211,00-02,7,18,25
2001,1,Districte I,3,Sant Josep,138,50-64,91,79,170
2007,4,Districte IV,7,la Florida,426,25-34,105,141,246
2007,1,Districte I,3,Sant Josep,106,16-17,10,15,25
2015,2,Districte II,4,la Torrassa,245,12-15,27,24,51
2000,5,Districte V,10,Pubilla Cases,525,18-24,48,46,94
2016,3,Districte III,6,Santa Eulàlia,306,25-34,114,115,229
2001,2,Districte II,5,Collblanc,227,65-74,51,41,92
2004,4,Districte IV,8,les Planes,401,35-49,146,146,292
2003,4,Districte IV,7,la Florida,431,75 i +,77,39,116
2009,1,Districte I,1,Centre,124,35-49,92,75,167
2001,5,Districte V,10,Pubilla Cases,536,75 i +,42,34,76
2004,3,Districte III,6,Santa Eulàlia,317,16-17,5,10,15
1996,5,Districte V,9,Can Serra,503,12-15,29,35,64
2007,1,Districte I,1,Centre,112,65-74,63,46,109
1998,1,Districte I,1,Centre,108,75 i +,80,38,118
1996,3,Districte III,6,Santa Eulàlia,301,12-15,33,47,80
1995,3,Districte III,6,Santa Eulàlia,312,50-64,121,147,268
2010,3,Districte III,6,Santa Eulàlia,319,65-74,42,49,91
2014,1,Districte I,1,Centre,103,25-34,47,42,89
2014,4,Districte IV,7,la Florida,423,16-17,5,9,14
2004,2,Districte II,4,la Torrassa,239,03-11,38,36,74
2010,6,Districte VI,12,Bellvitge,602,65-74,61,58,119
2006,1,Districte I,3,Sant Josep,121,16-17,5,7,12
2015,5,Districte V,10,Pubilla Cases,530,12-15,21,27,48
2009,3,Districte III,6,Santa Eulàlia,311,00-02,18,30,48
1997,5,Districte V,10,Pubilla Cases,517,03-11,38,43,81
2012,5,Districte V,10,Pubilla Cases,537,65-74,81,59,140
2014,5,Districte V,10,Pubilla Cases,526,18-24,72,53,125
2016,4,Districte IV,8,les Planes,418,18-24,49,57,106
2016,1,Districte I,3,Sant Josep,120,18-24,75,61,136
2000,1,Districte I,1,Centre,112,12-15,30,23,53
2002,5,Districte V,10,Pubilla Cases,526,65-74,35,32,67
1994,1,Districte I,1,Centre,111,12-15,16,31,47
2007,2,Districte II,4,la Torrassa,234,65-74,54,33,87
2016,1,Districte I,3,Sant Josep,140,18-24,27,44,71
2012,2,Districte II,4,la Torrassa,229,50-64,69,69,138
2014,3,Districte III,6,Santa Eulàlia,302,03-11,40,38,78
2014,2,Districte II,4,la Torrassa,247,12-15,28,23,51
2005,5,Districte V,10,Pubilla Cases,519,16-17,2,8,10
1998,2,Districte II,5,Collblanc,208,50-64,205,162,367
2001,6,Districte VI,11,el Gornal,608,03-11,26,38,64
2004,4,Districte IV,7,la Florida,431,75 i +,83,42,125
1999,3,Districte III,6,Santa Eulàlia,322,75 i +,41,22,63
2016,5,Districte V,9,Can Serra,535,75 i +,68,69,137
2003,2,Districte II,4,la Torrassa,234,50-64,67,59,126
2013,1,Districte I,1,Centre,128,75 i +,51,36,87
2016,1,Districte I,3,Sant Josep,117,25-34,107,105,212
2011,3,Districte III,6,Santa Eulàlia,308,75 i +,98,61,159
1996,1,Districte I,3,Sant Josep,127,25-34,70,64,134
2016,6,Districte VI,12,Bellvitge,609,12-15,9,11,20
2015,4,Districte IV,8,les Planes,433,12-15,35,34,69
2001,5,Districte V,10,Pubilla Cases,525,25-34,76,94,170
2012,2,Districte II,4,la Torrassa,246,50-64,86,79,165
2008,4,Districte IV,8,les Planes,434,50-64,47,53,100
1996,2,Districte II,4,la Torrassa,230,75 i +,39,14,53
2013,6,Districte VI,12,Bellvitge,606,75 i +,80,63,143
2007,4,Districte IV,7,la Florida,404,65-74,79,68,147
1997,4,Districte IV,8,les Planes,438,75 i +,33,11,44
2003,1,Districte I,1,Centre,111,03-11,24,24,48
2012,2,Districte II,4,la Torrassa,237,75 i +,86,50,136
1997,2,Districte II,5,Collblanc,213,50-64,77,84,161
2010,5,Districte V,10,Pubilla Cases,522,18-24,35,33,68
2008,6,Districte VI,12,Bellvitge,625,65-74,65,59,124
2010,4,Districte IV,8,les Planes,441,25-34,194,176,370
2012,1,Districte I,3,Sant Josep,119,12-15,15,19,34
2013,4,Districte IV,7,la Florida,410,16-17,13,22,35
2004,4,Districte IV,7,la Florida,422,18-24,41,46,87
2015,5,Districte V,10,Pubilla Cases,517,35-49,245,304,549
2009,2,Districte II,5,Collblanc,221,16-17,17,8,25
2003,3,Districte III,6,Santa Eulàlia,312,65-74,66,62,128
2015,4,Districte IV,7,la Florida,426,25-34,95,88,183
2013,3,Districte III,6,Santa Eulàlia,303,16-17,14,11,25
1997,1,Districte I,1,Centre,130,25-34,80,97,177
2005,5,Districte V,10,Pubilla Cases,511,16-17,7,3,10
2009,3,Districte III,6,Santa Eulàlia,302,75 i +,61,36,97
2012,4,Districte IV,7,la Florida,412,75 i +,97,84,181
2010,2,Districte II,5,Collblanc,209,75 i +,79,68,147
2001,1,Districte I,3,Sant Josep,139,65-74,32,25,57
2003,3,Districte III,6,Santa Eulàlia,301,03-11,80,91,171
2011,6,Districte VI,12,Bellvitge,625,50-64,196,178,374
1999,2,Districte II,5,Collblanc,204,65-74,54,39,93
1999,6,Districte VI,11,el Gornal,608,75 i +,29,11,40
2016,1,Districte I,3,Sant Josep,106,16-17,9,10,19
2006,6,Districte VI,12,Bellvitge,625,50-64,192,180,372
2009,3,Districte III,6,Santa Eulàlia,310,16-17,6,11,17
2007,4,Districte IV,8,les Planes,440,03-11,36,35,71
2009,2,Districte II,5,Collblanc,202,75 i +,45,30,75
2003,6,Districte VI,12,Bellvitge,631,00-02,9,8,17
2002,6,Districte VI,12,Bellvitge,627,16-17,12,15,27
2013,1,Districte I,2,Sanfeliu,116,50-64,148,119,267
2012,4,Districte IV,8,les Planes,436,03-11,50,59,109
2003,1,Districte I,1,Centre,134,12-15,22,24,46
2008,6,Districte VI,12,Bellvitge,631,35-49,105,115,220
1994,6,Districte VI,11,el Gornal,616,18-24,166,178,344
2005,2,Districte II,4,la Torrassa,232,18-24,40,39,79
1998,3,Districte III,6,Santa Eulàlia,323,18-24,203,202,405
2014,3,Districte III,6,Santa Eulàlia,314,16-17,20,14,34
2005,4,Districte IV,8,les Planes,434,12-15,16,11,27
2010,4,Districte IV,7,la Florida,430,35-49,131,155,286
2008,1,Districte I,3,Sant Josep,117,35-49,218,212,430
1994,2,Districte II,4,la Torrassa,218,12-15,20,20,40
1995,6,Districte VI,11,el Gornal,622,03-11,53,47,100
2012,2,Districte II,5,Collblanc,216,35-49,143,156,299
1998,4,Districte IV,8,les Planes,439,12-15,8,20,28
1995,3,Districte III,6,Santa Eulàlia,325,12-15,47,34,81
2013,1,Districte I,1,Centre,102,75 i +,107,71,178
2009,5,Districte V,10,Pubilla Cases,538,75 i +,86,55,141
1997,3,Districte III,6,Santa Eulàlia,311,50-64,141,132,273
2000,5,Districte V,9,Can Serra,507,25-34,77,99,176
2008,6,Districte VI,11,el Gornal,626,00-02,13,15,28
1999,5,Districte V,9,Can Serra,507,50-64,91,98,189
1994,5,Districte V,10,Pubilla Cases,530,50-64,171,154,325
2013,2,Districte II,5,Collblanc,223,25-34,103,95,198
2011,2,Districte II,5,Collblanc,225,16-17,1,3,4
2011,1,Districte I,3,Sant Josep,126,25-34,79,64,143
2015,4,Districte IV,7,la Florida,405,25-34,114,110,224
2003,3,Districte III,6,Santa Eulàlia,323,12-15,63,54,117
2014,1,Districte I,1,Centre,128,75 i +,55,38,93
2003,2,Districte II,4,la Torrassa,234,18-24,30,41,71
2014,2,Districte II,5,Collblanc,212,35-49,193,167,360
2012,4,Districte IV,7,la Florida,415,16-17,6,7,13
1999,1,Districte I,1,Centre,101,00-02,17,16,33
2012,1,Districte I,3,Sant Josep,119,50-64,150,122,272
2000,5,Districte V,10,Pubilla Cases,528,25-34,114,117,231
2011,4,Districte IV,7,la Florida,403,00-02,18,20,38
1997,2,Districte II,4,la Torrassa,228,65-74,44,34,78
2016,5,Districte V,10,Pubilla Cases,534,35-49,120,126,246
1996,4,Districte IV,7,la Florida,406,25-34,100,105,205
2006,1,Districte I,3,Sant Josep,136,16-17,10,10,20
1995,5,Districte V,10,Pubilla Cases,510,65-74,62,36,98
2004,2,Districte II,5,Collblanc,206,18-24,45,36,81
1999,4,Districte IV,7,la Florida,423,75 i +,53,25,78
2006,5,Districte V,10,Pubilla Cases,536,12-15,14,10,24
2012,2,Districte II,5,Collblanc,213,18-24,36,39,75
2003,3,Districte III,6,Santa Eulàlia,325,03-11,76,62,138
2010,2,Districte II,4,la Torrassa,234,50-64,62,62,124
1995,2,Districte II,4,la Torrassa,234,50-64,103,77,180
2016,4,Districte IV,7,la Florida,414,18-24,76,77,153
2010,1,Districte I,1,Centre,110,25-34,97,108,205
2008,6,Districte VI,12,Bellvitge,621,12-15,29,24,53
2015,4,Districte IV,7,la Florida,427,75 i +,91,52,143
2002,3,Districte III,6,Santa Eulàlia,306,65-74,101,75,176
2004,1,Districte I,1,Centre,102,00-02,20,26,46
2001,3,Districte III,6,Santa Eulàlia,306,00-02,25,18,43
2009,2,Districte II,4,la Torrassa,232,50-64,92,81,173
2015,2,Districte II,5,Collblanc,216,18-24,41,47,88
2015,4,Districte IV,7,la Florida,409,25-34,130,135,265
2007,2,Districte II,4,la Torrassa,231,25-34,108,129,237
2010,2,Districte II,4,la Torrassa,246,18-24,40,38,78
2004,4,Districte IV,8,les Planes,418,03-11,42,35,77
2010,2,Districte II,4,la Torrassa,239,12-15,17,13,30
1995,6,Districte VI,11,el Gornal,608,16-17,18,30,48
2003,6,Districte VI,12,Bellvitge,631,65-74,49,56,105
2008,4,Districte IV,8,les Planes,436,16-17,8,10,18
2009,4,Districte IV,7,la Florida,427,35-49,121,137,258
2002,6,Districte VI,12,Bellvitge,607,12-15,15,14,29
2006,4,Districte IV,8,les Planes,420,16-17,10,11,21
2008,5,Districte V,9,Can Serra,507,75 i +,39,21,60
1996,1,Districte I,3,Sant Josep,106,16-17,41,37,78
2008,2,Districte II,5,Collblanc,213,12-15,18,18,36
2015,5,Districte V,10,Pubilla Cases,525,75 i +,74,38,112
2012,2,Districte II,4,la Torrassa,217,03-11,23,34,57
2015,1,Districte I,3,Sant Josep,140,75 i +,62,46,108
2004,6,Districte VI,12,Bellvitge,621,00-02,17,17,34
2014,4,Districte IV,7,la Florida,403,35-49,117,134,251
1997,2,Districte II,5,Collblanc,226,12-15,21,23,44
2007,5,Districte V,10,Pubilla Cases,519,50-64,42,36,78
1999,2,Districte II,4,la Torrassa,234,18-24,31,41,72
2009,6,Districte VI,11,el Gornal,608,35-49,82,105,187
1994,1,Districte I,1,Centre,103,03-11,29,25,54
2012,5,Districte V,10,Pubilla Cases,511,00-02,10,12,22
1998,1,Districte I,1,Centre,108,16-17,9,11,20
2004,3,Districte III,6,Santa Eulàlia,320,12-15,13,13,26
2012,5,Districte V,10,Pubilla Cases,527,75 i +,55,29,84
2014,1,Districte I,1,Centre,135,18-24,48,39,87
2000,2,Districte II,5,Collblanc,215,50-64,77,54,131
2007,4,Districte IV,8,les Planes,441,16-17,19,27,46
1995,6,Districte VI,12,Bellvitge,618,18-24,60,75,135
2009,2,Districte II,4,la Torrassa,230,00-02,19,23,42
2016,1,Districte I,3,Sant Josep,117,00-02,21,19,40
2005,3,Districte III,6,Santa Eulàlia,325,12-15,28,32,60
2013,4,Districte IV,7,la Florida,406,12-15,18,22,40
1998,5,Districte V,10,Pubilla Cases,515,00-02,5,9,14
1999,5,Districte V,10,Pubilla Cases,517,75 i +,47,31,78
2016,2,Districte II,5,Collblanc,207,03-11,82,80,162
2010,3,Districte III,6,Santa Eulàlia,321,18-24,91,96,187
1998,2,Districte II,5,Collblanc,207,35-49,70,65,135
2009,1,Districte I,2,Sanfeliu,118,00-02,22,26,48
2012,2,Districte II,4,la Torrassa,239,65-74,58,39,97
2008,1,Districte I,3,Sant Josep,122,25-34,73,75,148
1995,3,Districte III,6,Santa Eulàlia,314,65-74,67,55,122
1998,3,Districte III,6,Santa Eulàlia,309,50-64,61,63,124
2008,2,Districte II,5,Collblanc,227,50-64,63,57,120
2011,2,Districte II,5,Collblanc,201,50-64,73,59,132
2013,4,Districte IV,8,les Planes,435,50-64,80,87,167
2002,2,Districte II,4,la Torrassa,241,16-17,9,4,13
1998,6,Districte VI,12,Bellvitge,603,35-49,50,49,99
2012,3,Districte III,6,Santa Eulàlia,303,75 i +,124,110,234
1994,4,Districte IV,7,la Florida,427,00-02,6,8,14
2011,3,Districte III,6,Santa Eulàlia,320,65-74,64,62,126
2006,4,Districte IV,7,la Florida,402,16-17,8,2,10
2000,3,Districte III,6,Santa Eulàlia,319,50-64,77,75,152
2011,2,Districte II,4,la Torrassa,239,12-15,20,19,39
2007,2,Districte II,4,la Torrassa,243,50-64,112,104,216
2001,4,Districte IV,8,les Planes,419,12-15,15,8,23
2012,1,Districte I,1,Centre,131,35-49,152,192,344
1998,1,Districte I,3,Sant Josep,117,12-15,61,62,123
2003,2,Districte II,5,Collblanc,209,18-24,34,28,62
2009,3,Districte III,6,Santa Eulàlia,302,03-11,31,39,70
2005,2,Districte II,5,Collblanc,222,03-11,43,27,70
2009,4,Districte IV,8,les Planes,434,35-49,74,93,167
2006,2,Districte II,4,la Torrassa,235,50-64,118,87,205
2012,4,Districte IV,7,la Florida,415,00-02,12,17,29
2010,2,Districte II,4,la Torrassa,233,35-49,127,134,261
2012,2,Districte II,4,la Torrassa,243,18-24,68,61,129
2004,1,Districte I,2,Sanfeliu,118,75 i +,50,24,74
1995,1,Districte I,3,Sant Josep,114,75 i +,52,18,70
2000,4,Districte IV,8,les Planes,401,75 i +,42,20,62
1994,5,Districte V,9,Can Serra,506,50-64,159,191,350
2014,3,Districte III,6,Santa Eulàlia,318,12-15,10,16,26
2006,2,Districte II,4,la Torrassa,228,35-49,75,93,168
1997,2,Districte II,4,la Torrassa,228,03-11,19,13,32
2013,5,Districte V,10,Pubilla Cases,534,12-15,15,12,27
2014,1,Districte I,1,Centre,101,12-15,32,28,60
1994,1,Districte I,3,Sant Josep,137,00-02,18,16,34
2002,4,Districte IV,7,la Florida,410,65-74,141,121,262
2006,1,Districte I,3,Sant Josep,125,75 i +,53,30,83
2003,4,Districte IV,8,les Planes,433,35-49,115,106,221
1994,4,Districte IV,7,la Florida,424,75 i +,14,7,21
2009,6,Districte VI,12,Bellvitge,625,25-34,104,126,230
2002,2,Districte II,4,la Torrassa,228,12-15,9,9,18
2002,5,Districte V,10,Pubilla Cases,520,00-02,6,11,17
2006,5,Districte V,10,Pubilla Cases,527,00-02,21,25,46
1995,3,Districte III,6,Santa Eulàlia,307,65-74,70,59,129
2001,3,Districte III,6,Santa Eulàlia,310,16-17,18,11,29
2010,6,Districte VI,11,el Gornal,608,25-34,52,55,107
2008,4,Districte IV,8,les Planes,441,00-02,23,21,44
2012,3,Districte III,6,Santa Eulàlia,304,00-02,53,64,117
2009,1,Districte I,1,Centre,113,18-24,74,75,149
2009,2,Districte II,4,la Torrassa,246,00-02,13,28,41
2011,4,Districte IV,7,la Florida,411,25-34,79,71,150
1994,5,Districte V,10,Pubilla Cases,520,18-24,64,64,128
1998,4,Districte IV,7,la Florida,421,35-49,82,71,153
1997,1,Districte I,1,Centre,112,16-17,26,22,48
1994,3,Districte III,6,Santa Eulàlia,306,75 i +,55,34,89
2008,1,Districte I,3,Sant Josep,136,25-34,115,113,228
2009,3,Districte III,6,Santa Eulàlia,320,03-11,65,52,117
2005,2,Districte II,4,la Torrassa,245,12-15,24,15,39
2004,4,Districte IV,7,la Florida,424,12-15,8,8,16
2011,1,Districte I,3,Sant Josep,125,75 i +,56,44,100
1998,4,Districte IV,8,les Planes,438,18-24,48,46,94
2000,5,Districte V,10,Pubilla Cases,523,12-15,17,21,38
2012,1,Districte I,1,Centre,123,75 i +,98,63,161
1994,5,Districte V,10,Pubilla Cases,538,35-49,99,107,206
2016,1,Districte I,1,Centre,104,25-34,40,57,97
1997,2,Districte II,5,Collblanc,220,25-34,72,67,139
2012,2,Districte II,4,la Torrassa,218,03-11,23,22,45
2016,1,Districte I,1,Centre,133,16-17,8,7,15
2006,4,Districte IV,8,les Planes,441,65-74,85,80,165
2011,3,Districte III,6,Santa Eulàlia,315,12-15,33,35,68
2006,2,Districte II,5,Collblanc,201,50-64,63,42,105
2010,6,Districte VI,12,Bellvitge,623,03-11,56,74,130
2007,4,Districte IV,7,la Florida,405,25-34,88,86,174
2014,2,Districte II,5,Collblanc,204,25-34,110,115,225
2015,5,Districte V,9,Can Serra,507,18-24,24,35,59
2003,3,Districte III,6,Santa Eulàlia,312,25-34,195,216,411
2016,4,Districte IV,7,la Florida,410,03-11,59,51,110
2000,5,Districte V,10,Pubilla Cases,524,00-02,19,13,32
2000,1,Districte I,1,Centre,107,03-11,47,57,104
2008,4,Districte IV,8,les Planes,440,16-17,6,5,11
2002,2,Districte II,5,Collblanc,227,03-11,27,21,48
2007,2,Districte II,4,la Torrassa,247,16-17,14,17,31
2011,6,Districte VI,12,Bellvitge,602,16-17,5,5,10
2003,5,Districte V,10,Pubilla Cases,514,03-11,29,29,58
2011,4,Districte IV,7,la Florida,408,75 i +,42,39,81
2002,1,Districte I,1,Centre,105,50-64,103,110,213
2008,1,Districte I,1,Centre,102,12-15,26,24,50
2002,2,Districte II,5,Collblanc,212,12-15,21,23,44
1997,3,Districte III,6,Santa Eulàlia,320,25-34,43,54,97
1997,3,Districte III,6,Santa Eulàlia,304,25-34,91,102,193
2012,5,Districte V,10,Pubilla Cases,513,75 i +,57,36,93
2013,5,Districte V,10,Pubilla Cases,538,03-11,56,49,105
2012,3,Districte III,6,Santa Eulàlia,323,00-02,37,44,81
1997,1,Districte I,2,Sanfeliu,132,03-11,88,72,160
2002,6,Districte VI,12,Bellvitge,612,12-15,13,12,25
2002,5,Districte V,10,Pubilla Cases,524,18-24,60,73,133
2000,3,Districte III,6,Santa Eulàlia,304,50-64,108,105,213
2006,5,Districte V,10,Pubilla Cases,531,50-64,87,72,159
2006,3,Districte III,6,Santa Eulàlia,315,65-74,53,50,103
2004,3,Districte III,6,Santa Eulàlia,301,35-49,265,246,511
2013,3,Districte III,6,Santa Eulàlia,309,16-17,5,13,18
1995,1,Districte I,1,Centre,128,65-74,42,42,84
1994,5,Districte V,10,Pubilla Cases,538,25-34,106,98,204
2008,1,Districte I,1,Centre,124,03-11,26,25,51
1998,6,Districte VI,11,el Gornal,608,03-11,35,49,84
2013,6,Districte VI,12,Bellvitge,602,50-64,79,76,155
1998,2,Districte II,5,Collblanc,222,50-64,79,79,158
2016,1,Districte I,3,Sant Josep,122,65-74,49,31,80
1997,1,Districte I,3,Sant Josep,121,25-34,93,91,184
1998,4,Districte IV,8,les Planes,401,65-74,106,82,188
1999,3,Districte III,6,Santa Eulàlia,302,16-17,14,19,33
2008,5,Districte V,10,Pubilla Cases,536,00-02,11,14,25
2007,3,Districte III,6,Santa Eulàlia,317,25-34,121,139,260
2011,2,Districte II,4,la Torrassa,228,75 i +,43,35,78
2011,6,Districte VI,11,el Gornal,622,18-24,24,29,53
2008,1,Districte I,3,Sant Josep,121,65-74,44,27,71
2015,4,Districte IV,7,la Florida,425,16-17,10,8,18
2009,4,Districte IV,7,la Florida,405,25-34,66,64,130
2013,3,Districte III,6,Santa Eulàlia,323,35-49,219,238,457
2004,6,Districte VI,12,Bellvitge,631,03-11,33,44,77
2012,5,Districte V,10,Pubilla Cases,522,35-49,102,113,215
2008,1,Districte I,1,Centre,104,03-11,40,37,77
2014,4,Districte IV,7,la Florida,404,16-17,19,17,36
2008,5,Districte V,10,Pubilla Cases,534,75 i +,59,34,93
2009,5,Districte V,10,Pubilla Cases,508,18-24,21,25,46
1996,2,Districte II,5,Collblanc,223,16-17,7,14,21
2008,3,Districte III,6,Santa Eulàlia,318,25-34,68,56,124
1998,4,Districte IV,8,les Planes,434,25-34,33,38,71
1998,5,Districte V,9,Can Serra,506,03-11,79,98,177
2004,4,Districte IV,7,la Florida,425,65-74,62,45,107
2002,5,Districte V,9,Can Serra,507,03-11,16,30,46
2015,6,Districte VI,12,Bellvitge,609,65-74,86,71,157
1994,5,Districte V,10,Pubilla Cases,509,25-34,66,69,135
2007,4,Districte IV,7,la Florida,411,25-34,78,93,171
2007,5,Districte V,9,Can Serra,502,65-74,76,74,150
1994,1,Districte I,3,Sant Josep,106,18-24,120,129,249
1997,5,Districte V,10,Pubilla Cases,518,75 i +,47,23,70
2010,2,Districte II,5,Collblanc,225,03-11,16,18,34
1998,1,Districte I,3,Sant Josep,137,75 i +,37,13,50
2000,1,Districte I,1,Centre,134,50-64,113,110,223
1995,6,Districte VI,11,el Gornal,626,25-34,104,119,223
2002,1,Districte I,3,Sant Josep,138,35-49,95,90,185
2003,3,Districte III,6,Santa Eulàlia,320,35-49,95,98,193
2014,5,Districte V,10,Pubilla Cases,537,25-34,107,86,193
1999,5,Districte V,10,Pubilla Cases,510,00-02,11,13,24
2010,2,Districte II,4,la Torrassa,235,50-64,101,97,198
2013,1,Districte I,2,Sanfeliu,118,03-11,77,67,144
1994,1,Districte I,1,Centre,109,50-64,107,94,201
2007,1,Districte I,3,Sant Josep,121,25-34,79,85,164
2009,5,Districte V,10,Pubilla Cases,512,16-17,10,7,17
2011,4,Districte IV,7,la Florida,430,35-49,134,162,296
2001,2,Districte II,5,Collblanc,222,50-64,78,75,153
2010,5,Districte V,9,Can Serra,521,35-49,94,111,205
2005,1,Districte I,2,Sanfeliu,132,18-24,95,104,199
2009,5,Districte V,9,Can Serra,504,50-64,105,78,183
2014,6,Districte VI,12,Bellvitge,631,12-15,12,15,27
1998,6,Districte VI,11,el Gornal,626,75 i +,23,17,40
2007,1,Districte I,3,Sant Josep,127,03-11,27,27,54
2002,2,Districte II,4,la Torrassa,241,50-64,54,45,99
2016,2,Districte II,4,la Torrassa,231,18-24,50,51,101
2005,4,Districte IV,7,la Florida,417,75 i +,31,20,51
2013,2,Districte II,5,Collblanc,205,25-34,69,69,138
2004,6,Districte VI,11,el Gornal,616,35-49,293,302,595
2010,6,Districte VI,12,Bellvitge,631,50-64,117,87,204
2001,3,Districte III,6,Santa Eulàlia,320,18-24,25,34,59
2000,1,Districte I,2,Sanfeliu,116,18-24,105,107,212
2016,2,Districte II,4,la Torrassa,236,75 i +,96,45,141
2007,1,Districte I,3,Sant Josep,125,16-17,17,10,27
2007,4,Districte IV,7,la Florida,423,35-49,108,111,219
2013,5,Districte V,10,Pubilla Cases,517,16-17,15,29,44
1999,6,Districte VI,11,el Gornal,608,12-15,20,24,44
2002,2,Districte II,4,la Torrassa,247,00-02,23,14,37
2000,2,Districte II,5,Collblanc,221,12-15,16,22,38
2014,2,Districte II,5,Collblanc,213,03-11,40,48,88
2008,2,Districte II,5,Collblanc,219,00-02,19,16,35
2004,3,Districte III,6,Santa Eulàlia,305,35-49,214,197,411
2014,2,Districte II,4,la Torrassa,217,25-34,106,115,221
1997,3,Districte III,6,Santa Eulàlia,314,12-15,84,83,167
2001,2,Districte II,5,Collblanc,216,50-64,147,120,267
1995,2,Districte II,5,Collblanc,201,75 i +,30,13,43
1999,1,Districte I,1,Centre,128,12-15,18,17,35
2012,5,Districte V,10,Pubilla Cases,523,65-74,84,61,145
1999,4,Districte IV,7,la Florida,426,50-64,75,73,148
1997,2,Districte II,5,Collblanc,214,03-11,19,18,37
2001,1,Districte I,1,Centre,111,25-34,66,101,167
2004,5,Districte V,10,Pubilla Cases,510,16-17,10,8,18
1995,6,Districte VI,12,Bellvitge,624,18-24,125,154,279
1998,3,Districte III,6,Santa Eulàlia,312,18-24,86,80,166
2011,4,Districte IV,7,la Florida,427,35-49,107,165,272
1997,3,Districte III,6,Santa Eulàlia,314,50-64,128,154,282
2014,3,Districte III,6,Santa Eulàlia,305,00-02,22,11,33
2009,4,Districte IV,7,la Florida,415,16-17,9,7,16
2015,5,Districte V,10,Pubilla Cases,513,35-49,206,218,424
2016,1,Districte I,2,Sanfeliu,129,12-15,16,30,46
2001,3,Districte III,6,Santa Eulàlia,311,75 i +,89,41,130
1994,5,Districte V,10,Pubilla Cases,527,00-02,8,8,16
1999,2,Districte II,4,la Torrassa,233,65-74,50,39,89
1997,1,Districte I,3,Sant Josep,119,25-34,100,98,198
2014,1,Districte I,3,Sant Josep,106,75 i +,77,34,111
2011,3,Districte III,6,Santa Eulàlia,315,18-24,63,64,127
2010,5,Districte V,10,Pubilla Cases,518,16-17,11,9,20
2016,2,Districte II,4,la Torrassa,245,16-17,10,11,21
2015,2,Districte II,4,la Torrassa,229,65-74,62,28,90
2009,2,Districte II,4,la Torrassa,218,50-64,76,63,139
2015,5,Districte V,10,Pubilla Cases,520,50-64,80,57,137
2011,1,Districte I,1,Centre,128,18-24,29,30,59
2001,6,Districte VI,11,el Gornal,629,50-64,58,50,108
2001,3,Districte III,6,Santa Eulàlia,312,00-02,8,27,35
2003,1,Districte I,1,Centre,113,18-24,95,84,179
1999,4,Districte IV,8,les Planes,433,35-49,94,84,178
2007,1,Districte I,1,Centre,112,25-34,155,145,300
1997,1,Districte I,3,Sant Josep,119,16-17,20,29,49
2010,1,Districte I,2,Sanfeliu,129,00-02,24,24,48
2015,1,Districte I,1,Centre,123,18-24,43,46,89
2006,2,Districte II,5,Collblanc,223,16-17,13,10,23
2013,6,Districte VI,11,el Gornal,622,75 i +,35,10,45
2002,4,Districte IV,7,la Florida,430,50-64,69,66,135
2014,1,Districte I,1,Centre,128,25-34,64,66,130
2010,1,Districte I,3,Sant Josep,122,03-11,40,42,82
1995,5,Districte V,10,Pubilla Cases,532,25-34,113,106,219
2013,4,Districte IV,7,la Florida,416,50-64,111,109,220
2009,4,Districte IV,7,la Florida,404,03-11,52,62,114
1995,3,Districte III,6,Santa Eulàlia,304,16-17,16,11,27
2007,3,Districte III,6,Santa Eulàlia,302,18-24,55,50,105
1995,3,Districte III,6,Santa Eulàlia,323,25-34,215,181,396
1995,5,Districte V,10,Pubilla Cases,538,50-64,158,141,299
2013,1,Districte I,1,Centre,133,65-74,52,46,98
1995,2,Districte II,4,la Torrassa,242,65-74,77,83,160
2012,4,Districte IV,7,la Florida,404,75 i +,90,52,142
2009,5,Districte V,10,Pubilla Cases,522,65-74,25,22,47
1999,6,Districte VI,12,Bellvitge,621,00-02,16,15,31
2000,2,Districte II,4,la Torrassa,247,16-17,3,9,12
1997,1,Districte I,1,Centre,124,35-49,123,100,223
1999,3,Districte III,6,Santa Eulàlia,324,75 i +,49,21,70
1994,2,Districte II,4,la Torrassa,241,12-15,11,8,19
1999,4,Districte IV,7,la Florida,404,16-17,14,12,26
2009,5,Districte V,10,Pubilla Cases,529,65-74,65,63,128
2001,2,Districte II,4,la Torrassa,239,35-49,98,101,199
1995,2,Districte II,4,la Torrassa,246,25-34,84,92,176
2012,3,Districte III,6,Santa Eulàlia,312,16-17,13,15,28
2010,1,Districte I,3,Sant Josep,125,50-64,155,150,305
2014,4,Districte IV,7,la Florida,409,65-74,94,73,167
2000,3,Districte III,6,Santa Eulàlia,306,50-64,139,128,267
2001,5,Districte V,10,Pubilla Cases,523,65-74,95,87,182
2008,2,Districte II,4,la Torrassa,228,00-02,11,14,25
1996,4,Districte IV,7,la Florida,425,03-11,30,29,59
1997,4,Districte IV,7,la Florida,404,75 i +,58,29,87
2013,3,Districte III,6,Santa Eulàlia,306,18-24,57,71,128
2011,4,Districte IV,7,la Florida,424,12-15,6,14,20
1995,3,Districte III,6,Santa Eulàlia,310,75 i +,23,12,35
2003,6,Districte VI,12,Bellvitge,619,65-74,93,77,170
2004,1,Districte I,1,Centre,103,65-74,48,37,85
1997,2,Districte II,4,la Torrassa,245,75 i +,70,33,103
1999,4,Districte IV,7,la Florida,403,03-11,20,31,51
1994,2,Districte II,4,la Torrassa,236,03-11,32,29,61
1996,4,Districte IV,8,les Planes,438,65-74,29,27,56
2014,1,Districte I,1,Centre,130,75 i +,95,61,156
1995,5,Districte V,10,Pubilla Cases,529,65-74,71,63,134
1996,3,Districte III,6,Santa Eulàlia,324,03-11,43,36,79
1996,2,Districte II,4,la Torrassa,249,16-17,11,10,21
2001,4,Districte IV,7,la Florida,403,65-74,78,67,145
2007,4,Districte IV,7,la Florida,414,12-15,24,16,40
2008,1,Districte I,1,Centre,134,12-15,22,22,44
2013,1,Districte I,1,Centre,104,12-15,14,18,32
1994,4,Districte IV,7,la Florida,425,75 i +,41,22,63
1995,3,Districte III,6,Santa Eulàlia,314,75 i +,48,16,64
2015,5,Districte V,10,Pubilla Cases,538,35-49,163,177,340
1997,2,Districte II,5,Collblanc,224,65-74,45,34,79
2015,6,Districte VI,12,Bellvitge,613,12-15,16,18,34
1994,3,Districte III,6,Santa Eulàlia,312,75 i +,20,10,30
1999,4,Districte IV,8,les Planes,442,35-49,53,55,108
2005,2,Districte II,5,Collblanc,203,65-74,40,34,74
1994,2,Districte II,4,la Torrassa,247,50-64,118,125,243
2005,2,Districte II,4,la Torrassa,233,16-17,7,5,12
1996,2,Districte II,5,Collblanc,224,03-11,19,20,39
2015,1,Districte I,1,Centre,128,16-17,7,6,13
2016,5,Districte V,10,Pubilla Cases,529,25-34,99,77,176
2007,5,Districte V,10,Pubilla Cases,512,35-49,108,106,214
2010,5,Districte V,9,Can Serra,535,12-15,9,12,21
1998,2,Districte II,4,la Torrassa,237,75 i +,68,36,104
2009,3,Districte III,6,Santa Eulàlia,317,50-64,57,77,134
2011,2,Districte II,4,la Torrassa,231,65-74,55,38,93
2008,2,Districte II,5,Collblanc,205,25-34,94,93,187
2011,2,Districte II,4,la Torrassa,248,16-17,18,14,32
2007,2,Districte II,5,Collblanc,215,50-64,83,67,150
2014,5,Districte V,10,Pubilla Cases,532,18-24,44,55,99
1997,4,Districte IV,7,la Florida,402,00-02,3,3,6
2009,5,Districte V,10,Pubilla Cases,508,50-64,40,44,84
2009,2,Districte II,4,la Torrassa,243,50-64,128,111,239
1994,5,Districte V,9,Can Serra,504,16-17,15,25,40
1997,4,Districte IV,7,la Florida,428,16-17,3,4,7
1999,1,Districte I,1,Centre,109,50-64,89,92,181
2008,6,Districte VI,12,Bellvitge,627,16-17,4,10,14
2008,6,Districte VI,12,Bellvitge,607,03-11,44,36,80
2012,4,Districte IV,7,la Florida,404,16-17,8,15,23
2013,2,Districte II,4,la Torrassa,234,18-24,39,41,80
1996,6,Districte VI,11,el Gornal,617,12-15,30,34,64
2004,2,Districte II,4,la Torrassa,211,03-11,42,54,96
2004,6,Districte VI,12,Bellvitge,620,50-64,83,76,159
2003,2,Districte II,5,Collblanc,212,16-17,11,18,29
2015,6,Districte VI,11,el Gornal,617,25-34,47,48,95
1999,3,Districte III,6,Santa Eulàlia,315,18-24,92,84,176
1998,6,Districte VI,12,Bellvitge,628,16-17,13,20,33
1998,1,Districte I,2,Sanfeliu,118,18-24,154,172,326
2005,4,Districte IV,8,les Planes,420,25-34,159,188,347
2012,4,Districte IV,7,la Florida,406,50-64,117,113,230
1998,6,Districte VI,12,Bellvitge,628,18-24,93,112,205
2004,3,Districte III,6,Santa Eulàlia,323,12-15,59,55,114
2002,5,Districte V,10,Pubilla Cases,537,16-17,9,11,20
2003,6,Districte VI,12,Bellvitge,610,12-15,17,15,32
1998,4,Districte IV,8,les Planes,438,00-02,9,3,12
2000,5,Districte V,10,Pubilla Cases,519,65-74,44,41,85
2004,4,Districte IV,8,les Planes,437,25-34,96,105,201
2010,2,Districte II,4,la Torrassa,247,35-49,163,192,355
2015,5,Districte V,10,Pubilla Cases,514,03-11,50,64,114
2002,2,Districte II,4,la Torrassa,243,50-64,116,93,209
2015,3,Districte III,6,Santa Eulàlia,310,12-15,14,21,35
1995,2,Districte II,5,Collblanc,219,16-17,6,11,17
2007,6,Districte VI,12,Bellvitge,630,35-49,74,96,170
2009,2,Districte II,4,la Torrassa,248,75 i +,64,40,104
2016,2,Districte II,5,Collblanc,208,25-34,110,107,217
2007,5,Districte V,10,Pubilla Cases,532,25-34,166,159,325
2003,2,Districte II,5,Collblanc,224,18-24,27,28,55
2011,4,Districte IV,8,les Planes,419,35-49,116,144,260
2013,3,Districte III,6,Santa Eulàlia,316,03-11,51,69,120
2008,5,Districte V,9,Can Serra,504,12-15,8,12,20
2012,6,Districte VI,12,Bellvitge,628,75 i +,49,39,88
2005,1,Districte I,3,Sant Josep,117,35-49,234,230,464
1998,4,Districte IV,7,la Florida,425,50-64,93,88,181
2011,4,Districte IV,8,les Planes,439,25-34,98,114,212
2005,2,Districte II,4,la Torrassa,236,65-74,68,52,120
2003,4,Districte IV,8,les Planes,420,03-11,51,58,109
2010,5,Districte V,10,Pubilla Cases,520,75 i +,54,43,97
2004,1,Districte I,3,Sant Josep,119,00-02,8,17,25
1994,2,Districte II,4,la Torrassa,241,00-02,3,4,7
2005,1,Districte I,1,Centre,111,35-49,103,98,201
2006,5,Districte V,10,Pubilla Cases,538,12-15,10,13,23
1998,6,Districte VI,12,Bellvitge,623,25-34,139,149,288
1997,1,Districte I,3,Sant Josep,114,12-15,45,36,81
2008,5,Districte V,10,Pubilla Cases,529,12-15,24,24,48
1995,2,Districte II,4,la Torrassa,211,65-74,114,88,202
1998,4,Districte IV,7,la Florida,421,03-11,30,33,63
1998,4,Districte IV,7,la Florida,413,75 i +,38,12,50
2009,6,Districte VI,12,Bellvitge,609,25-34,56,57,113
2013,4,Districte IV,7,la Florida,431,25-34,122,133,255
2016,6,Districte VI,11,el Gornal,617,00-02,12,25,37
2004,2,Districte II,5,Collblanc,206,12-15,15,17,32
2002,1,Districte I,1,Centre,112,16-17,17,16,33
2000,6,Districte VI,12,Bellvitge,614,25-34,104,114,218
2002,2,Districte II,5,Collblanc,219,03-11,55,34,89
2007,2,Districte II,4,la Torrassa,238,25-34,82,104,186
1996,2,Districte II,5,Collblanc,205,16-17,18,14,32
2000,5,Districte V,10,Pubilla Cases,519,50-64,55,48,103
2016,3,Districte III,6,Santa Eulàlia,311,16-17,18,15,33
2003,2,Districte II,5,Collblanc,219,35-49,130,137,267
2015,1,Districte I,1,Centre,110,25-34,59,60,119
2001,1,Districte I,3,Sant Josep,139,16-17,5,11,16
2009,1,Districte I,2,Sanfeliu,132,00-02,31,32,63
1998,6,Districte VI,11,el Gornal,616,25-34,159,171,330
1997,1,Districte I,2,Sanfeliu,129,00-02,13,8,21
1998,1,Districte I,3,Sant Josep,138,65-74,33,34,67
2009,4,Districte IV,7,la Florida,424,35-49,66,87,153
2007,1,Districte I,1,Centre,112,12-15,36,30,66
2003,2,Districte II,4,la Torrassa,241,00-02,7,7,14
2009,6,Districte VI,11,el Gornal,616,16-17,37,33,70
2005,2,Districte II,4,la Torrassa,228,25-34,79,112,191
1998,3,Districte III,6,Santa Eulàlia,321,75 i +,75,44,119
2010,6,Districte VI,12,Bellvitge,612,65-74,110,91,201
1999,3,Districte III,6,Santa Eulàlia,323,75 i +,47,15,62
1998,2,Districte II,5,Collblanc,210,18-24,44,45,89
2007,2,Districte II,5,Collblanc,219,18-24,49,54,103
2007,5,Districte V,10,Pubilla Cases,520,35-49,93,98,191
1998,2,Districte II,4,la Torrassa,248,25-34,105,101,206
2011,5,Districte V,10,Pubilla Cases,520,35-49,102,94,196
2004,1,Districte I,1,Centre,101,75 i +,33,23,56
2006,1,Districte I,1,Centre,124,65-74,33,40,73
2009,1,Districte I,3,Sant Josep,120,12-15,37,36,73
2003,4,Districte IV,8,les Planes,442,12-15,15,15,30
2002,4,Districte IV,7,la Florida,415,18-24,42,34,76
2006,4,Districte IV,8,les Planes,440,12-15,17,13,30
1999,5,Districte V,10,Pubilla Cases,526,00-02,6,8,14
2004,1,Districte I,1,Centre,105,03-11,37,43,80
2008,2,Districte II,4,la Torrassa,242,00-02,17,16,33
2005,2,Districte II,4,la Torrassa,211,16-17,13,11,24
1999,1,Districte I,1,Centre,133,65-74,54,44,98
2008,6,Districte VI,12,Bellvitge,611,03-11,76,80,156
1996,6,Districte VI,12,Bellvitge,615,18-24,101,118,219
2015,6,Districte VI,11,el Gornal,608,65-74,73,49,122
2015,1,Districte I,3,Sant Josep,114,16-17,17,13,30
2014,6,Districte VI,12,Bellvitge,612,65-74,120,80,200
2014,1,Districte I,1,Centre,133,50-64,87,64,151
1994,1,Districte I,2,Sanfeliu,118,75 i +,13,16,29
2007,4,Districte IV,7,la Florida,427,50-64,70,56,126
1997,2,Districte II,5,Collblanc,205,12-15,22,18,40
2000,6,Districte VI,12,Bellvitge,609,25-34,83,106,189
2014,6,Districte VI,11,el Gornal,622,18-24,26,35,61
1999,3,Districte III,6,Santa Eulàlia,319,03-11,19,25,44
2014,2,Districte II,4,la Torrassa,245,16-17,12,9,21
2005,6,Districte VI,12,Bellvitge,618,50-64,72,50,122
2001,3,Districte III,6,Santa Eulàlia,322,16-17,15,9,24
1998,2,Districte II,4,la Torrassa,243,50-64,139,116,255
1998,6,Districte VI,12,Bellvitge,612,75 i +,40,18,58
1997,4,Districte IV,7,la Florida,408,12-15,17,22,39
1998,2,Districte II,4,la Torrassa,249,16-17,10,10,20
2015,4,Districte IV,8,les Planes,436,12-15,35,35,70
2005,2,Districte II,4,la Torrassa,233,35-49,102,113,215
2011,6,Districte VI,11,el Gornal,626,16-17,7,6,13
2003,4,Districte IV,8,les Planes,439,35-49,92,105,197
2009,6,Districte VI,12,Bellvitge,609,75 i +,32,29,61
2016,6,Districte VI,12,Bellvitge,625,18-24,27,33,60
2011,3,Districte III,6,Santa Eulàlia,302,65-74,74,86,160
2002,1,Districte I,1,Centre,128,50-64,93,82,175
2016,3,Districte III,6,Santa Eulàlia,307,65-74,130,110,240
2002,4,Districte IV,7,la Florida,412,50-64,181,170,351
2015,3,Districte III,6,Santa Eulàlia,308,12-15,41,50,91
2014,1,Districte I,1,Centre,135,65-74,82,80,162
2000,4,Districte IV,7,la Florida,408,18-24,31,49,80
2002,6,Districte VI,12,Bellvitge,611,00-02,22,19,41
2010,1,Districte I,2,Sanfeliu,118,65-74,72,79,151
1998,1,Districte I,3,Sant Josep,127,18-24,32,46,78
2001,5,Districte V,10,Pubilla Cases,511,75 i +,45,23,68
2005,1,Districte I,1,Centre,135,50-64,152,161,313
2015,2,Districte II,4,la Torrassa,243,25-34,124,92,216
2006,3,Districte III,6,Santa Eulàlia,315,35-49,198,209,407
1997,1,Districte I,1,Centre,110,00-02,11,9,20
2010,5,Districte V,10,Pubilla Cases,524,12-15,18,21,39
1995,6,Districte VI,11,el Gornal,632,18-24,114,118,232
2009,5,Districte V,9,Can Serra,503,12-15,7,16,23
2009,3,Districte III,6,Santa Eulàlia,309,35-49,118,125,243
1994,5,Districte V,10,Pubilla Cases,536,65-74,57,54,111
2000,4,Districte IV,7,la Florida,412,35-49,169,168,337
2002,6,Districte VI,12,Bellvitge,610,35-49,97,91,188
1994,5,Districte V,9,Can Serra,504,00-02,9,6,15
2016,4,Districte IV,8,les Planes,436,18-24,75,72,147
2010,2,Districte II,4,la Torrassa,246,00-02,17,21,38
2016,6,Districte VI,12,Bellvitge,605,65-74,152,91,243
1999,6,Districte VI,12,Bellvitge,611,12-15,30,20,50
2011,4,Districte IV,7,la Florida,422,75 i +,83,50,133
2000,2,Districte II,5,Collblanc,219,00-02,16,11,27
1996,6,Districte VI,12,Bellvitge,627,16-17,31,28,59
2009,6,Districte VI,12,Bellvitge,605,18-24,17,10,27
2004,1,Districte I,1,Centre,107,00-02,19,31,50
2014,3,Districte III,6,Santa Eulàlia,325,16-17,18,16,34
1999,4,Districte IV,8,les Planes,434,03-11,23,24,47
2015,5,Districte V,10,Pubilla Cases,510,00-02,22,10,32
1994,4,Districte IV,7,la Florida,407,65-74,74,70,144
2009,5,Districte V,10,Pubilla Cases,530,18-24,57,50,107
2005,6,Districte VI,12,Bellvitge,611,03-11,55,61,116
1999,3,Districte III,6,Santa Eulàlia,305,25-34,95,103,198
2016,4,Districte IV,7,la Florida,412,00-02,9,20,29
2007,3,Districte III,6,Santa Eulàlia,325,18-24,56,56,112
2008,4,Districte IV,7,la Florida,432,50-64,150,147,297
2010,5,Districte V,9,Can Serra,504,50-64,98,75,173
2001,4,Districte IV,7,la Florida,430,65-74,50,51,101
2015,2,Districte II,5,Collblanc,212,75 i +,79,48,127
2008,5,Districte V,10,Pubilla Cases,520,50-64,77,70,147
2008,6,Districte VI,11,el Gornal,617,65-74,66,46,112
2015,2,Districte II,4,la Torrassa,228,35-49,296,329,625
2010,6,Districte VI,11,el Gornal,616,65-74,87,86,173
1997,1,Districte I,3,Sant Josep,140,35-49,78,70,148
1999,3,Districte III,6,Santa Eulàlia,309,16-17,8,9,17
2008,1,Districte I,1,Centre,107,00-02,30,41,71
1998,1,Districte I,3,Sant Josep,122,25-34,80,92,172
2015,2,Districte II,4,la Torrassa,249,25-34,77,89,166
2010,2,Districte II,5,Collblanc,210,25-34,55,60,115
2009,4,Districte IV,7,la Florida,425,35-49,115,144,259
2011,5,Districte V,9,Can Serra,501,50-64,145,122,267
2009,6,Districte VI,12,Bellvitge,612,25-34,67,81,148
1997,1,Districte I,3,Sant Josep,114,75 i +,58,19,77
1999,4,Districte IV,8,les Planes,437,75 i +,22,16,38
1995,4,Districte IV,8,les Planes,420,35-49,90,105,195
1999,4,Districte IV,7,la Florida,402,25-34,49,72,121
2014,4,Districte IV,7,la Florida,416,12-15,34,25,59
2012,2,Districte II,5,Collblanc,204,16-17,5,4,9
2005,6,Districte VI,12,Bellvitge,621,50-64,227,210,437
2000,2,Districte II,4,la Torrassa,236,65-74,89,71,160
2006,4,Districte IV,8,les Planes,439,75 i +,47,31,78
2001,6,Districte VI,12,Bellvitge,623,16-17,14,14,28
2000,4,Districte IV,7,la Florida,432,50-64,146,152,298
2001,4,Districte IV,7,la Florida,416,00-02,6,9,15
2010,1,Districte I,1,Centre,133,35-49,103,104,207
2000,1,Districte I,3,Sant Josep,136,65-74,51,48,99
1997,6,Districte VI,11,el Gornal,622,25-34,83,96,179
2009,6,Districte VI,12,Bellvitge,610,00-02,8,12,20
1994,2,Districte II,5,Collblanc,216,16-17,16,31,47
2012,4,Districte IV,7,la Florida,404,00-02,21,31,52
2009,5,Districte V,10,Pubilla Cases,513,35-49,97,100,197
1995,1,Districte I,3,Sant Josep,137,25-34,104,96,200
1995,2,Districte II,5,Collblanc,201,16-17,7,13,20
2004,6,Districte VI,11,el Gornal,626,03-11,34,39,73
2001,3,Districte III,6,Santa Eulàlia,319,35-49,94,83,177
2004,2,Districte II,5,Collblanc,207,03-11,11,24,35
2006,6,Districte VI,11,el Gornal,632,12-15,11,21,32
2000,2,Districte II,4,la Torrassa,228,65-74,47,40,87
2001,2,Districte II,4,la Torrassa,233,50-64,67,63,130
1995,4,Districte IV,7,la Florida,407,16-17,13,12,25
2007,5,Districte V,10,Pubilla Cases,520,75 i +,54,36,90
2007,5,Districte V,9,Can Serra,504,12-15,10,11,21
1998,3,Districte III,6,Santa Eulàlia,317,00-02,17,10,27
2014,3,Districte III,6,Santa Eulàlia,322,35-49,184,176,360
2010,1,Districte I,3,Sant Josep,138,50-64,102,90,192
1998,2,Districte II,5,Collblanc,203,12-15,8,13,21
2010,6,Districte VI,12,Bellvitge,614,12-15,8,16,24
2010,2,Districte II,5,Collblanc,210,18-24,14,22,36
2012,6,Districte VI,12,Bellvitge,612,16-17,3,8,11
1998,3,Districte III,6,Santa Eulàlia,321,16-17,46,47,93
2005,1,Districte I,1,Centre,133,16-17,11,7,18
1995,3,Districte III,6,Santa Eulàlia,306,35-49,182,179,361
2002,4,Districte IV,7,la Florida,427,75 i +,40,34,74
2016,4,Districte IV,7,la Florida,405,35-49,235,239,474
2011,1,Districte I,1,Centre,130,03-11,50,42,92
1995,6,Districte VI,12,Bellvitge,618,00-02,4,5,9
2004,4,Districte IV,7,la Florida,417,16-17,7,3,10
2008,6,Districte VI,12,Bellvitge,606,03-11,54,43,97
1999,5,Districte V,10,Pubilla Cases,524,25-34,118,106,224
2004,2,Districte II,5,Collblanc,210,65-74,77,61,138
2011,4,Districte IV,8,les Planes,440,18-24,22,31,53
2012,2,Districte II,4,la Torrassa,241,12-15,26,10,36
2011,2,Districte II,5,Collblanc,206,50-64,73,74,147
2007,4,Districte IV,7,la Florida,415,03-11,30,36,66
2003,6,Districte VI,12,Bellvitge,603,50-64,79,64,143
2001,4,Districte IV,7,la Florida,427,12-15,6,7,13
1995,5,Districte V,10,Pubilla Cases,515,03-11,30,22,52
2013,6,Districte VI,12,Bellvitge,613,50-64,72,60,132
1997,2,Districte II,4,la Torrassa,218,65-74,43,31,74
2009,4,Districte IV,8,les Planes,440,18-24,25,35,60
2016,6,Districte VI,11,el Gornal,622,00-02,10,10,20
2008,6,Districte VI,12,Bellvitge,619,25-34,89,90,179
2009,3,Districte III,6,Santa Eulàlia,307,75 i +,82,60,142
2015,1,Districte I,1,Centre,124,35-49,92,82,174
2000,5,Districte V,10,Pubilla Cases,514,25-34,56,62,118
2001,1,Districte I,1,Centre,123,75 i +,67,45,112
2004,6,Districte VI,11,el Gornal,632,65-74,59,52,111
2006,2,Districte II,4,la Torrassa,246,18-24,53,44,97
2002,6,Districte VI,11,el Gornal,629,03-11,18,18,36
1997,5,Districte V,10,Pubilla Cases,512,12-15,12,13,25
2001,2,Districte II,4,la Torrassa,229,00-02,4,8,12
2002,5,Districte V,10,Pubilla Cases,517,65-74,68,63,131
2003,4,Districte IV,8,les Planes,433,18-24,50,43,93
2008,4,Districte IV,7,la Florida,402,12-15,14,8,22
1997,1,Districte I,3,Sant Josep,139,00-02,10,15,25
1998,6,Districte VI,12,Bellvitge,611,03-11,66,58,124
1994,2,Districte II,5,Collblanc,222,18-24,44,65,109
2002,3,Districte III,6,Santa Eulàlia,324,75 i +,54,26,80
2009,1,Districte I,1,Centre,107,75 i +,89,47,136
2004,4,Districte IV,7,la Florida,410,25-34,131,158,289
2009,1,Districte I,1,Centre,110,75 i +,66,32,98
2014,2,Districte II,4,la Torrassa,237,25-34,118,101,219
1995,6,Districte VI,12,Bellvitge,603,00-02,7,7,14
2007,2,Districte II,5,Collblanc,208,12-15,21,28,49
2003,2,Districte II,4,la Torrassa,243,35-49,173,185,358
2003,6,Districte VI,12,Bellvitge,614,00-02,13,14,27
1999,2,Districte II,4,la Torrassa,235,18-24,55,55,110
2004,2,Districte II,5,Collblanc,203,50-64,62,56,118
2014,3,Districte III,6,Santa Eulàlia,319,50-64,152,126,278
1998,1,Districte I,3,Sant Josep,120,00-02,15,25,40
2002,3,Districte III,6,Santa Eulàlia,321,75 i +,90,50,140
2001,4,Districte IV,7,la Florida,428,35-49,49,55,104
1995,4,Districte IV,7,la Florida,413,16-17,6,8,14
2002,1,Districte I,3,Sant Josep,119,18-24,76,90,166
1995,4,Districte IV,7,la Florida,414,50-64,99,97,196
2011,4,Districte IV,7,la Florida,405,03-11,22,30,52
1997,5,Districte V,10,Pubilla Cases,525,65-74,49,38,87
1994,1,Districte I,1,Centre,109,00-02,10,18,28
2012,6,Districte VI,12,Bellvitge,628,25-34,64,74,138
2008,2,Districte II,4,la Torrassa,243,75 i +,98,62,160
2004,6,Districte VI,12,Bellvitge,618,00-02,14,11,25
2001,1,Districte I,1,Centre,123,35-49,125,127,252
2005,2,Districte II,5,Collblanc,202,16-17,4,5,9
2007,1,Districte I,3,Sant Josep,138,18-24,29,50,79
2007,5,Districte V,9,Can Serra,507,00-02,18,10,28
2009,2,Districte II,4,la Torrassa,245,16-17,9,12,21
2012,1,Districte I,1,Centre,101,35-49,293,306,599
2002,2,Districte II,4,la Torrassa,211,16-17,11,9,20
2004,6,Districte VI,11,el Gornal,608,03-11,26,27,53
2009,5,Districte V,9,Can Serra,501,12-15,13,21,34
2005,4,Districte IV,8,les Planes,442,16-17,9,9,18
2003,6,Districte VI,12,Bellvitge,607,03-11,33,35,68
2008,6,Districte VI,12,Bellvitge,602,12-15,7,9,16
2001,2,Districte II,4,la Torrassa,249,03-11,29,29,58
2010,3,Districte III,6,Santa Eulàlia,305,12-15,30,25,55
2005,4,Districte IV,8,les Planes,418,18-24,50,57,107
2002,6,Districte VI,12,Bellvitge,610,18-24,62,58,120
1994,4,Districte IV,7,la Florida,416,00-02,5,9,14
2002,3,Districte III,6,Santa Eulàlia,308,65-74,81,78,159
1994,4,Districte IV,8,les Planes,433,16-17,12,18,30
1994,2,Districte II,5,Collblanc,201,65-74,42,34,76
2002,1,Districte I,2,Sanfeliu,132,35-49,241,226,467
2004,2,Districte II,4,la Torrassa,229,03-11,39,32,71
2015,6,Districte VI,11,el Gornal,616,18-24,83,96,179
2009,3,Districte III,6,Santa Eulàlia,310,12-15,14,11,25
2001,2,Districte II,5,Collblanc,219,50-64,99,82,181
2006,1,Districte I,3,Sant Josep,140,75 i +,51,42,93
1994,3,Districte III,6,Santa Eulàlia,310,18-24,39,57,96
2006,6,Districte VI,12,Bellvitge,615,18-24,23,21,44
2009,2,Districte II,5,Collblanc,227,65-74,37,36,73
2001,4,Districte IV,7,la Florida,410,75 i +,74,53,127
2006,1,Districte I,1,Centre,111,03-11,18,35,53
2006,1,Districte I,1,Centre,113,18-24,89,92,181
2001,5,Districte V,10,Pubilla Cases,536,00-02,5,13,18
1996,5,Districte V,10,Pubilla Cases,529,65-74,71,62,133
2009,2,Districte II,5,Collblanc,213,18-24,52,50,102
2011,6,Districte VI,12,Bellvitge,620,03-11,17,18,35
2016,6,Districte VI,12,Bellvitge,621,35-49,162,182,344
2004,4,Districte IV,7,la Florida,424,75 i +,23,15,38
2010,1,Districte I,1,Centre,107,18-24,51,62,113
2006,1,Districte I,1,Centre,134,65-74,54,40,94
2012,6,Districte VI,12,Bellvitge,614,25-34,45,65,110
2014,3,Districte III,6,Santa Eulàlia,323,50-64,204,184,388
1997,6,Districte VI,12,Bellvitge,627,12-15,35,35,70
1995,2,Districte II,5,Collblanc,207,00-02,8,4,12
2003,4,Districte IV,7,la Florida,421,12-15,15,18,33
2008,2,Districte II,5,Collblanc,216,65-74,70,56,126
2011,4,Districte IV,7,la Florida,423,35-49,115,138,253
2003,4,Districte IV,8,les Planes,440,16-17,2,5,7
2012,1,Districte I,1,Centre,124,50-64,103,72,175
2003,2,Districte II,4,la Torrassa,248,50-64,77,78,155
2015,3,Districte III,6,Santa Eulàlia,301,75 i +,149,98,247
2009,2,Districte II,5,Collblanc,206,50-64,75,68,143
2002,1,Districte I,1,Centre,109,00-02,11,14,25
1997,6,Districte VI,11,el Gornal,608,12-15,22,23,45
2010,4,Districte IV,7,la Florida,404,18-24,51,68,119
2004,2,Districte II,5,Collblanc,221,65-74,80,69,149
1995,6,Districte VI,11,el Gornal,632,12-15,33,43,76
2005,4,Districte IV,7,la Florida,410,35-49,154,161,315
1997,5,Districte V,10,Pubilla Cases,520,75 i +,35,25,60
2000,3,Districte III,6,Santa Eulàlia,322,03-11,37,41,78
2015,6,Districte VI,12,Bellvitge,611,35-49,238,265,503
1999,5,Districte V,10,Pubilla Cases,522,00-02,7,7,14
1999,6,Districte VI,11,el Gornal,632,35-49,101,96,197
2011,5,Districte V,10,Pubilla Cases,528,03-11,56,57,113
1997,5,Districte V,10,Pubilla Cases,514,50-64,90,71,161
2011,4,Districte IV,7,la Florida,406,50-64,119,113,232
2004,5,Districte V,10,Pubilla Cases,512,18-24,27,47,74
2009,2,Districte II,5,Collblanc,205,18-24,29,43,72
2007,1,Districte I,1,Centre,109,50-64,123,134,257
2006,4,Districte IV,7,la Florida,414,03-11,31,36,67
2011,4,Districte IV,7,la Florida,417,25-34,77,76,153
2015,3,Districte III,6,Santa Eulàlia,321,00-02,20,32,52
2013,6,Districte VI,12,Bellvitge,613,25-34,71,63,134
2003,4,Districte IV,7,la Florida,424,16-17,7,3,10
2011,4,Districte IV,8,les Planes,419,16-17,9,15,24
2006,5,Districte V,10,Pubilla Cases,531,75 i +,42,30,72
2014,1,Districte I,1,Centre,128,65-74,68,47,115
1996,4,Districte IV,7,la Florida,426,00-02,5,11,16
2008,1,Districte I,1,Centre,131,03-11,39,46,85
2005,2,Districte II,4,la Torrassa,237,18-24,66,66,132
2004,2,Districte II,5,Collblanc,207,35-49,75,67,142
2009,6,Districte VI,12,Bellvitge,621,16-17,13,8,21
1996,2,Districte II,4,la Torrassa,229,16-17,6,6,12
1995,2,Districte II,5,Collblanc,219,25-34,92,99,191
1998,1,Districte I,1,Centre,133,75 i +,42,27,69
1998,1,Districte I,3,Sant Josep,127,50-64,54,48,102
1997,2,Districte II,5,Collblanc,226,00-02,6,7,13
2015,3,Districte III,13,Granvia Sud,312,35-49,219,249,468
2014,1,Districte I,1,Centre,104,65-74,40,35,75
2003,2,Districte II,4,la Torrassa,228,35-49,53,75,128
2014,6,Districte VI,12,Bellvitge,623,50-64,137,118,255
2016,6,Districte VI,12,Bellvitge,612,18-24,24,40,64
2002,4,Districte IV,8,les Planes,437,50-64,80,53,133
2009,1,Districte I,2,Sanfeliu,132,12-15,28,44,72
1996,6,Districte VI,12,Bellvitge,610,16-17,22,20,42
1996,1,Districte I,3,Sant Josep,137,12-15,38,27,65
2015,4,Districte IV,7,la Florida,432,16-17,8,17,25
1996,3,Districte III,6,Santa Eulàlia,301,65-74,91,77,168
2011,5,Districte V,10,Pubilla Cases,533,00-02,19,25,44
1995,2,Districte II,5,Collblanc,221,00-02,12,10,22
1995,2,Districte II,4,la Torrassa,234,12-15,17,17,34
2007,2,Districte II,4,la Torrassa,232,25-34,94,108,202
2003,1,Districte I,3,Sant Josep,119,18-24,60,74,134
2006,2,Districte II,5,Collblanc,207,18-24,28,31,59
1997,3,Districte III,6,Santa Eulàlia,307,16-17,38,27,65
1994,1,Districte I,3,Sant Josep,119,75 i +,31,21,52
1996,5,Districte V,9,Can Serra,506,18-24,187,191,378
2003,1,Districte I,1,Centre,104,65-74,68,44,112
2012,2,Districte II,4,la Torrassa,242,12-15,20,17,37
1996,1,Districte I,3,Sant Josep,136,50-64,100,87,187
1999,2,Districte II,4,la Torrassa,239,50-64,119,79,198
1997,1,Districte I,1,Centre,102,35-49,162,142,304
1999,5,Districte V,10,Pubilla Cases,509,25-34,67,78,145
2000,3,Districte III,6,Santa Eulàlia,308,75 i +,75,41,116
2010,1,Districte I,1,Centre,108,03-11,62,51,113
2007,1,Districte I,1,Centre,133,00-02,16,10,26
1994,6,Districte VI,12,Bellvitge,628,75 i +,21,13,34
1995,5,Districte V,10,Pubilla Cases,533,18-24,58,50,108
1997,3,Districte III,6,Santa Eulàlia,301,35-49,136,150,286
1994,1,Districte I,3,Sant Josep,137,18-24,92,100,192
2011,4,Districte IV,7,la Florida,402,18-24,32,29,61
2006,4,Districte IV,7,la Florida,431,18-24,75,85,160
2014,6,Districte VI,12,Bellvitge,631,00-02,11,13,24
1997,2,Districte II,5,Collblanc,215,65-74,67,55,122
1998,5,Districte V,10,Pubilla Cases,511,03-11,11,22,33
1994,5,Districte V,10,Pubilla Cases,510,12-15,20,26,46
2003,6,Districte VI,12,Bellvitge,619,18-24,66,73,139
2004,1,Districte I,2,Sanfeliu,116,16-17,11,10,21
1995,2,Districte II,4,la Torrassa,241,18-24,28,29,57
2015,5,Districte V,10,Pubilla Cases,517,12-15,39,46,85
2008,2,Districte II,4,la Torrassa,238,00-02,14,15,29
2012,1,Districte I,2,Sanfeliu,129,03-11,45,62,107
2008,1,Districte I,3,Sant Josep,119,65-74,62,63,125
2011,2,Districte II,4,la Torrassa,248,65-74,39,34,73
2015,6,Districte VI,12,Bellvitge,615,65-74,105,67,172
2004,4,Districte IV,7,la Florida,403,00-02,7,2,9
2009,2,Districte II,4,la Torrassa,234,03-11,32,40,72
2008,5,Districte V,9,Can Serra,535,16-17,13,7,20
2003,2,Districte II,5,Collblanc,244,65-74,42,28,70
2008,3,Districte III,6,Santa Eulàlia,318,00-02,12,7,19
2004,1,Districte I,1,Centre,113,50-64,151,172,323
2002,5,Districte V,10,Pubilla Cases,518,65-74,72,85,157
2000,1,Districte I,3,Sant Josep,119,35-49,147,123,270
2015,5,Districte V,10,Pubilla Cases,538,75 i +,100,59,159
1999,5,Districte V,10,Pubilla Cases,527,75 i +,52,28,80
2016,4,Districte IV,7,la Florida,430,03-11,51,56,107
2008,4,Districte IV,8,les Planes,433,12-15,26,22,48
2001,1,Districte I,3,Sant Josep,126,00-02,11,13,24
1995,6,Districte VI,12,Bellvitge,602,65-74,24,23,47
2010,1,Districte I,1,Centre,124,75 i +,40,36,76
1998,1,Districte I,3,Sant Josep,120,03-11,80,81,161
2001,3,Districte III,6,Santa Eulàlia,316,65-74,47,36,83
2003,4,Districte IV,7,la Florida,402,12-15,11,10,21
2009,3,Districte III,6,Santa Eulàlia,319,65-74,39,43,82
2011,4,Districte IV,8,les Planes,435,12-15,14,25,39
2006,6,Districte VI,12,Bellvitge,628,03-11,39,40,79
2004,1,Districte I,1,Centre,128,03-11,21,26,47
2001,3,Districte III,6,Santa Eulàlia,302,75 i +,49,24,73
1996,6,Districte VI,12,Bellvitge,614,50-64,123,138,261
2006,4,Districte IV,7,la Florida,415,75 i +,43,22,65
1998,4,Districte IV,7,la Florida,412,03-11,46,52,98
1998,4,Districte IV,7,la Florida,423,03-11,27,28,55
2000,1,Districte I,1,Centre,135,35-49,174,163,337
2007,6,Districte VI,11,el Gornal,629,03-11,23,14,37
2011,2,Districte II,5,Collblanc,214,75 i +,34,31,65
2010,5,Districte V,9,Can Serra,506,75 i +,91,65,156
2001,1,Districte I,1,Centre,105,12-15,24,23,47
2001,3,Districte III,6,Santa Eulàlia,322,18-24,73,59,132
2002,3,Districte III,6,Santa Eulàlia,306,03-11,63,46,109
2001,2,Districte II,4,la Torrassa,246,50-64,73,67,140
2004,2,Districte II,5,Collblanc,205,65-74,65,58,123
2001,5,Districte V,9,Can Serra,501,16-17,8,10,18
2012,2,Districte II,5,Collblanc,201,50-64,79,66,145
2011,1,Districte I,2,Sanfeliu,132,16-17,19,20,39
2010,4,Districte IV,7,la Florida,422,03-11,51,45,96
2014,1,Districte I,1,Centre,134,16-17,15,9,24
2012,3,Districte III,6,Santa Eulàlia,317,50-64,69,65,134
2007,5,Districte V,9,Can Serra,504,00-02,15,13,28
1995,4,Districte IV,8,les Planes,420,75 i +,70,38,108
1998,2,Districte II,5,Collblanc,224,00-02,4,6,10
2005,4,Districte IV,8,les Planes,418,16-17,9,14,23
2002,5,Districte V,10,Pubilla Cases,526,18-24,23,36,59
1999,6,Districte VI,12,Bellvitge,613,35-49,70,80,150
1994,5,Districte V,10,Pubilla Cases,514,12-15,14,22,36
2006,5,Districte V,10,Pubilla Cases,508,16-17,4,2,6
2014,6,Districte VI,12,Bellvitge,606,75 i +,77,62,139
2009,1,Districte I,1,Centre,110,16-17,10,8,18
2011,3,Districte III,6,Santa Eulàlia,325,65-74,114,97,211
1995,4,Districte IV,8,les Planes,435,18-24,54,59,113
1999,1,Districte I,2,Sanfeliu,132,35-49,258,229,487
2006,5,Districte V,10,Pubilla Cases,530,16-17,14,17,31
2005,3,Districte III,6,Santa Eulàlia,306,00-02,19,14,33
1999,4,Districte IV,7,la Florida,411,00-02,7,6,13
2004,6,Districte VI,12,Bellvitge,628,16-17,7,17,24
2002,2,Districte II,5,Collblanc,205,12-15,12,16,28
2002,1,Districte I,3,Sant Josep,138,65-74,35,35,70
1997,3,Districte III,6,Santa Eulàlia,311,12-15,17,19,36
2002,3,Districte III,6,Santa Eulàlia,310,12-15,15,16,31
2005,6,Districte VI,11,el Gornal,632,18-24,37,52,89
2004,3,Districte III,6,Santa Eulàlia,322,35-49,113,119,232
2007,2,Districte II,5,Collblanc,224,16-17,2,6,8
1997,1,Districte I,1,Centre,109,25-34,103,89,192
1999,2,Districte II,5,Collblanc,207,03-11,18,17,35
2000,5,Districte V,10,Pubilla Cases,518,50-64,111,95,206
2015,4,Districte IV,7,la Florida,403,50-64,103,92,195
2001,5,Districte V,10,Pubilla Cases,530,75 i +,72,30,102
1996,2,Districte II,5,Collblanc,213,35-49,99,92,191
2000,4,Districte IV,7,la Florida,404,50-64,124,113,237
2004,3,Districte III,6,Santa Eulàlia,309,03-11,24,44,68
2012,3,Districte III,6,Santa Eulàlia,303,12-15,22,26,48
2001,2,Districte II,4,la Torrassa,233,35-49,80,86,166
1996,6,Districte VI,12,Bellvitge,623,35-49,201,167,368
2012,3,Districte III,6,Santa Eulàlia,303,25-34,109,114,223
1996,3,Districte III,6,Santa Eulàlia,311,03-11,44,35,79
2008,4,Districte IV,7,la Florida,405,65-74,80,63,143
2005,5,Districte V,10,Pubilla Cases,520,18-24,30,31,61
2008,2,Districte II,5,Collblanc,214,35-49,117,127,244
2003,1,Districte I,1,Centre,130,75 i +,65,38,103
2001,6,Districte VI,11,el Gornal,626,16-17,13,9,22
2007,4,Districte IV,8,les Planes,433,65-74,45,33,78
2015,1,Districte I,1,Centre,124,03-11,44,34,78
1996,2,Districte II,4,la Torrassa,246,03-11,30,22,52
2012,6,Districte VI,12,Bellvitge,606,50-64,75,72,147
2000,1,Districte I,1,Centre,123,35-49,126,131,257
1996,4,Districte IV,7,la Florida,432,18-24,80,93,173
1999,6,Districte VI,12,Bellvitge,601,18-24,102,113,215
2013,6,Districte VI,12,Bellvitge,602,16-17,11,14,25
2003,3,Districte III,6,Santa Eulàlia,320,12-15,15,12,27
2003,3,Districte III,6,Santa Eulàlia,323,75 i +,44,23,67
1998,5,Districte V,10,Pubilla Cases,510,03-11,29,36,65
2011,6,Districte VI,12,Bellvitge,604,75 i +,38,22,60
2007,3,Districte III,6,Santa Eulàlia,313,50-64,216,184,400
2014,5,Districte V,10,Pubilla Cases,529,12-15,17,31,48
1999,3,Districte III,6,Santa Eulàlia,301,50-64,202,206,408
2005,4,Districte IV,7,la Florida,411,65-74,74,57,131
1996,2,Districte II,5,Collblanc,206,65-74,59,48,107
2005,3,Districte III,6,Santa Eulàlia,303,35-49,130,147,277
2004,5,Districte V,10,Pubilla Cases,515,03-11,20,23,43
1996,5,Districte V,10,Pubilla Cases,537,50-64,150,138,288
1994,5,Districte V,10,Pubilla Cases,536,50-64,124,116,240
1997,4,Districte IV,8,les Planes,441,65-74,118,85,203
1995,2,Districte II,5,Collblanc,227,50-64,67,62,129
2004,4,Districte IV,7,la Florida,408,12-15,14,11,25
1994,1,Districte I,3,Sant Josep,140,50-64,124,116,240
2006,2,Districte II,5,Collblanc,214,12-15,14,8,22
2015,6,Districte VI,11,el Gornal,622,18-24,20,33,53
2015,1,Districte I,1,Centre,102,50-64,143,125,268
1999,2,Districte II,5,Collblanc,227,50-64,67,60,127
1997,5,Districte V,10,Pubilla Cases,527,00-02,9,9,18
2007,5,Districte V,10,Pubilla Cases,523,03-11,54,47,101
2007,6,Districte VI,12,Bellvitge,619,65-74,104,90,194
1996,6,Districte VI,12,Bellvitge,631,75 i +,26,17,43
2005,4,Districte IV,7,la Florida,409,50-64,63,63,126
2008,6,Districte VI,12,Bellvitge,613,65-74,94,117,211
2011,4,Districte IV,7,la Florida,412,35-49,165,208,373
2008,4,Districte IV,8,les Planes,441,03-11,71,69,140
2006,2,Districte II,4,la Torrassa,228,75 i +,47,28,75
1998,5,Districte V,10,Pubilla Cases,537,25-34,112,102,214
1995,2,Districte II,4,la Torrassa,245,75 i +,59,26,85
2006,3,Districte III,6,Santa Eulàlia,307,50-64,221,190,411
2012,4,Districte IV,7,la Florida,431,12-15,27,34,61
1996,5,Districte V,10,Pubilla Cases,522,00-02,4,6,10
1994,2,Districte II,5,Collblanc,212,35-49,120,117,237
2014,6,Districte VI,11,el Gornal,632,00-02,10,11,21
2011,5,Districte V,10,Pubilla Cases,516,16-17,5,11,16
2014,5,Districte V,10,Pubilla Cases,534,50-64,80,73,153
2011,2,Districte II,4,la Torrassa,237,03-11,62,71,133
2015,2,Districte II,5,Collblanc,221,12-15,37,32,69
2000,6,Districte VI,11,el Gornal,616,18-24,193,207,400
2001,2,Districte II,4,la Torrassa,241,18-24,36,29,65
2012,5,Districte V,10,Pubilla Cases,526,18-24,23,33,56
2001,2,Districte II,4,la Torrassa,230,18-24,22,29,51
2005,5,Districte V,10,Pubilla Cases,526,75 i +,34,16,50
2002,1,Districte I,1,Centre,131,03-11,41,40,81
1996,1,Districte I,3,Sant Josep,121,03-11,28,20,48
2007,5,Districte V,9,Can Serra,505,18-24,33,25,58
2005,5,Districte V,9,Can Serra,506,35-49,178,189,367
2004,5,Districte V,10,Pubilla Cases,529,00-02,8,14,22
2010,2,Districte II,4,la Torrassa,238,65-74,37,37,74
2000,1,Districte I,1,Centre,109,03-11,35,46,81
1994,5,Districte V,10,Pubilla Cases,536,25-34,72,89,161
1994,1,Districte I,3,Sant Josep,137,12-15,54,31,85
2000,3,Districte III,6,Santa Eulàlia,321,00-02,34,28,62
2009,2,Districte II,4,la Torrassa,218,16-17,10,7,17
2005,2,Districte II,5,Collblanc,203,75 i +,46,30,76
2004,6,Districte VI,12,Bellvitge,609,03-11,29,39,68
2001,4,Districte IV,7,la Florida,427,75 i +,43,39,82
1997,6,Districte VI,12,Bellvitge,603,00-02,7,3,10
2009,4,Districte IV,7,la Florida,428,16-17,5,7,12
2003,4,Districte IV,7,la Florida,402,25-34,84,86,170
1994,2,Districte II,5,Collblanc,219,25-34,91,99,190
1999,6,Districte VI,12,Bellvitge,612,75 i +,39,17,56
2009,1,Districte I,3,Sant Josep,120,50-64,189,191,380
2013,2,Districte II,5,Collblanc,212,18-24,57,52,109
2011,3,Districte III,6,Santa Eulàlia,307,25-34,115,107,222
1994,2,Districte II,5,Collblanc,227,16-17,12,10,22
2011,1,Districte I,1,Centre,103,35-49,96,102,198
2011,1,Districte I,3,Sant Josep,119,25-34,86,83,169
2008,1,Districte I,3,Sant Josep,140,75 i +,51,40,91
2002,1,Districte I,1,Centre,123,12-15,21,22,43
1995,6,Districte VI,12,Bellvitge,613,00-02,15,11,26
2008,3,Districte III,6,Santa Eulàlia,302,16-17,8,11,19
1995,3,Districte III,6,Santa Eulàlia,315,16-17,30,29,59
2004,3,Districte III,6,Santa Eulàlia,317,75 i +,63,27,90
2004,1,Districte I,1,Centre,103,03-11,28,30,58
1998,6,Districte VI,11,el Gornal,632,35-49,99,97,196
1999,6,Districte VI,12,Bellvitge,631,35-49,97,68,165
1996,3,Districte III,6,Santa Eulàlia,317,00-02,11,15,26
2005,5,Districte V,10,Pubilla Cases,512,25-34,85,118,203
2016,2,Districte II,5,Collblanc,213,75 i +,50,43,93
2003,5,Districte V,10,Pubilla Cases,511,35-49,73,66,139
2011,5,Districte V,10,Pubilla Cases,522,03-11,46,35,81
2006,2,Districte II,5,Collblanc,201,18-24,27,29,56
2007,4,Districte IV,8,les Planes,401,03-11,56,62,118
2000,2,Districte II,5,Collblanc,213,50-64,86,96,182
1999,6,Districte VI,12,Bellvitge,624,12-15,17,23,40
2012,1,Districte I,1,Centre,131,65-74,81,85,166
2007,4,Districte IV,8,les Planes,420,03-11,59,64,123
2000,2,Districte II,5,Collblanc,219,18-24,47,51,98
2014,4,Districte IV,8,les Planes,419,75 i +,105,81,186
2005,2,Districte II,4,la Torrassa,230,50-64,44,34,78
2013,3,Districte III,6,Santa Eulàlia,308,75 i +,103,72,175
2012,2,Districte II,4,la Torrassa,228,65-74,43,23,66
2016,1,Districte I,3,Sant Josep,139,18-24,34,37,71
2001,2,Districte II,5,Collblanc,226,35-49,103,99,202
2006,4,Districte IV,7,la Florida,417,75 i +,30,20,50
2015,5,Districte V,9,Can Serra,501,00-02,8,11,19
2001,1,Districte I,1,Centre,102,18-24,71,77,148
2004,4,Districte IV,8,les Planes,401,25-34,87,100,187
1995,4,Districte IV,8,les Planes,438,25-34,74,83,157
1997,5,Districte V,10,Pubilla Cases,526,50-64,62,71,133
2013,3,Districte III,6,Santa Eulàlia,309,25-34,102,83,185
2011,2,Districte II,4,la Torrassa,240,18-24,33,34,67
2008,2,Districte II,4,la Torrassa,248,35-49,176,191,367
2006,3,Districte III,6,Santa Eulàlia,318,65-74,30,23,53
1995,5,Districte V,9,Can Serra,502,00-02,12,9,21
2014,3,Districte III,6,Santa Eulàlia,313,65-74,99,79,178
2002,3,Districte III,6,Santa Eulàlia,322,03-11,39,38,77
1996,4,Districte IV,7,la Florida,410,75 i +,57,40,97
2009,1,Districte I,3,Sant Josep,106,35-49,183,188,371
2000,5,Districte V,9,Can Serra,503,35-49,142,106,248
2001,3,Districte III,6,Santa Eulàlia,318,18-24,57,40,97
1999,2,Districte II,4,la Torrassa,246,25-34,92,92,184
1999,1,Districte I,1,Centre,128,65-74,48,45,93
2002,2,Districte II,4,la Torrassa,245,35-49,109,113,222
2001,1,Districte I,1,Centre,131,03-11,40,41,81
2013,5,Districte V,10,Pubilla Cases,530,03-11,63,74,137
2014,1,Districte I,1,Centre,112,75 i +,65,36,101
2009,5,Districte V,10,Pubilla Cases,514,03-11,40,37,77
2016,4,Districte IV,7,la Florida,407,00-02,13,15,28
2015,4,Districte IV,7,la Florida,425,75 i +,73,47,120
1995,2,Districte II,5,Collblanc,201,50-64,95,85,180
2012,2,Districte II,5,Collblanc,204,65-74,18,20,38
1995,4,Districte IV,7,la Florida,424,65-74,24,23,47
1997,1,Districte I,2,Sanfeliu,132,25-34,168,168,336
2010,1,Districte I,1,Centre,128,50-64,95,69,164
2008,5,Districte V,9,Can Serra,506,35-49,181,177,358
2008,4,Districte IV,8,les Planes,429,75 i +,43,21,64
2002,3,Districte III,6,Santa Eulàlia,312,03-11,49,58,107
2001,3,Districte III,6,Santa Eulàlia,315,18-24,80,93,173
2004,4,Districte IV,7,la Florida,423,18-24,40,33,73
2007,4,Districte IV,7,la Florida,424,25-34,62,77,139
2013,4,Districte IV,7,la Florida,404,12-15,25,33,58
2000,2,Districte II,4,la Torrassa,211,50-64,90,72,162
2013,5,Districte V,10,Pubilla Cases,524,16-17,8,13,21
2008,6,Districte VI,12,Bellvitge,625,18-24,59,79,138
2004,1,Districte I,1,Centre,103,18-24,30,29,59
2001,5,Districte V,10,Pubilla Cases,530,65-74,112,88,200
2012,2,Districte II,4,la Torrassa,236,65-74,61,42,103
2001,5,Districte V,9,Can Serra,502,75 i +,70,43,113
1996,4,Districte IV,8,les Planes,418,12-15,24,21,45
2006,2,Districte II,5,Collblanc,221,12-15,23,20,43
2016,4,Districte IV,8,les Planes,401,00-02,18,8,26
1999,2,Districte II,5,Collblanc,210,03-11,23,22,45
1995,2,Districte II,4,la Torrassa,247,25-34,101,103,204
2010,2,Districte II,4,la Torrassa,249,75 i +,76,44,120
1999,4,Districte IV,7,la Florida,430,16-17,7,7,14
2012,2,Districte II,5,Collblanc,215,65-74,43,29,72
2015,6,Districte VI,12,Bellvitge,615,75 i +,52,51,103
2006,3,Districte III,6,Santa Eulàlia,324,35-49,103,110,213
2016,3,Districte III,6,Santa Eulàlia,305,75 i +,80,44,124
2014,6,Districte VI,12,Bellvitge,621,00-02,15,21,36
2003,2,Districte II,4,la Torrassa,217,16-17,7,4,11
1998,1,Districte I,3,Sant Josep,120,65-74,56,46,102
2002,5,Districte V,10,Pubilla Cases,508,75 i +,36,22,58
2001,5,Districte V,10,Pubilla Cases,516,00-02,11,13,24
2002,4,Districte IV,7,la Florida,414,18-24,22,41,63
1998,5,Districte V,10,Pubilla Cases,513,12-15,11,9,20
2014,2,Districte II,4,la Torrassa,239,00-02,11,14,25
2013,2,Districte II,5,Collblanc,214,03-11,89,97,186
1999,2,Districte II,4,la Torrassa,235,35-49,84,91,175
2003,1,Districte I,3,Sant Josep,138,16-17,7,17,24
2000,4,Districte IV,8,les Planes,418,12-15,16,24,40
2015,4,Districte IV,7,la Florida,414,35-49,247,244,491
2016,5,Districte V,10,Pubilla Cases,524,50-64,115,89,204
2010,1,Districte I,1,Centre,103,03-11,32,37,69
2011,1,Districte I,3,Sant Josep,115,12-15,24,19,43
2015,5,Districte V,10,Pubilla Cases,537,50-64,120,104,224
2011,2,Districte II,5,Collblanc,204,16-17,6,9,15
2009,3,Districte III,6,Santa Eulàlia,308,35-49,275,256,531
2000,1,Districte I,3,Sant Josep,119,00-02,11,10,21
2004,4,Districte IV,8,les Planes,440,65-74,61,60,121
2002,2,Districte II,4,la Torrassa,243,35-49,169,170,339
2001,1,Districte I,2,Sanfeliu,116,65-74,65,59,124
2014,3,Districte III,6,Santa Eulàlia,320,35-49,27,41,68
1994,4,Districte IV,8,les Planes,442,25-34,58,51,109
1995,1,Districte I,3,Sant Josep,122,25-34,90,96,186
1994,1,Districte I,1,Centre,110,65-74,38,31,69
1995,2,Districte II,4,la Torrassa,240,25-34,47,60,107
2007,4,Districte IV,7,la Florida,412,18-24,73,78,151
2012,5,Districte V,10,Pubilla Cases,538,35-49,161,140,301
2001,4,Districte IV,7,la Florida,426,00-02,7,9,16
1999,1,Districte I,1,Centre,104,75 i +,60,34,94
2012,1,Districte I,1,Centre,109,12-15,24,18,42
2004,6,Districte VI,12,Bellvitge,612,03-11,35,44,79
2009,1,Districte I,3,Sant Josep,136,18-24,44,31,75
2000,1,Districte I,2,Sanfeliu,129,25-34,104,129,233
1998,2,Districte II,4,la Torrassa,246,25-34,93,91,184
2008,6,Districte VI,12,Bellvitge,614,18-24,22,33,55
2011,4,Districte IV,7,la Florida,416,35-49,105,100,205
1996,4,Districte IV,7,la Florida,415,16-17,10,6,16
2011,4,Districte IV,7,la Florida,413,12-15,7,10,17
1999,6,Districte VI,12,Bellvitge,621,65-74,40,33,73
1996,2,Districte II,4,la Torrassa,243,35-49,116,120,236
2004,3,Districte III,6,Santa Eulàlia,318,16-17,11,12,23
1994,3,Districte III,6,Santa Eulàlia,302,03-11,61,53,114
2005,4,Districte IV,7,la Florida,403,50-64,120,96,216
1994,1,Districte I,1,Centre,133,16-17,15,14,29
1998,5,Districte V,10,Pubilla Cases,511,50-64,68,64,132
2010,3,Districte III,6,Santa Eulàlia,321,75 i +,115,63,178
2015,4,Districte IV,7,la Florida,432,03-11,54,49,103
2001,3,Districte III,6,Santa Eulàlia,323,25-34,257,275,532
2004,3,Districte III,6,Santa Eulàlia,310,12-15,14,18,32
2011,1,Districte I,1,Centre,102,65-74,119,120,239
1996,4,Districte IV,7,la Florida,428,75 i +,29,19,48
2001,2,Districte II,5,Collblanc,214,03-11,18,15,33
2014,6,Districte VI,11,el Gornal,608,65-74,78,57,135
2009,3,Districte III,6,Santa Eulàlia,311,75 i +,100,57,157
2008,6,Districte VI,12,Bellvitge,607,25-34,79,105,184
2007,6,Districte VI,12,Bellvitge,620,50-64,74,64,138
2000,5,Districte V,10,Pubilla Cases,522,03-11,25,15,40
1999,3,Districte III,6,Santa Eulàlia,303,75 i +,76,41,117
2012,4,Districte IV,8,les Planes,442,35-49,77,75,152
2000,4,Districte IV,7,la Florida,423,50-64,105,105,210
1998,1,Districte I,1,Centre,134,03-11,35,58,93
2004,5,Districte V,10,Pubilla Cases,508,12-15,9,11,20
2006,2,Districte II,4,la Torrassa,242,16-17,7,7,14
2016,5,Districte V,9,Can Serra,506,35-49,176,173,349
2002,1,Districte I,3,Sant Josep,140,12-15,5,8,13
2010,2,Districte II,5,Collblanc,207,18-24,19,25,44
1994,6,Districte VI,12,Bellvitge,630,03-11,39,43,82
2006,3,Districte III,6,Santa Eulàlia,325,00-02,20,19,39
1996,1,Districte I,3,Sant Josep,137,18-24,94,98,192
1997,2,Districte II,4,la Torrassa,211,03-11,37,45,82
2006,6,Districte VI,12,Bellvitge,604,75 i +,26,16,42
2002,6,Districte VI,12,Bellvitge,614,35-49,88,77,165
1997,1,Districte I,3,Sant Josep,120,75 i +,39,23,62
2001,4,Districte IV,7,la Florida,402,25-34,61,77,138
2015,4,Districte IV,8,les Planes,420,18-24,83,68,151
2010,5,Districte V,10,Pubilla Cases,524,18-24,49,53,102
1995,6,Districte VI,12,Bellvitge,607,16-17,12,18,30
2001,6,Districte VI,11,el Gornal,626,65-74,63,56,119
2000,2,Districte II,5,Collblanc,208,25-34,119,144,263
2003,2,Districte II,5,Collblanc,210,50-64,85,76,161
2013,4,Districte IV,8,les Planes,420,65-74,91,71,162
2012,3,Districte III,6,Santa Eulàlia,315,12-15,32,38,70
2008,2,Districte II,5,Collblanc,220,03-11,32,32,64
1996,6,Districte VI,12,Bellvitge,619,16-17,25,29,54
2001,2,Districte II,5,Collblanc,213,03-11,21,39,60
1997,3,Districte III,6,Santa Eulàlia,303,50-64,223,213,436
2003,5,Districte V,10,Pubilla Cases,522,25-34,89,94,183
2003,6,Districte VI,12,Bellvitge,606,50-64,97,62,159
2000,6,Districte VI,12,Bellvitge,631,03-11,39,28,67
2012,1,Districte I,1,Centre,103,35-49,104,109,213
2004,5,Districte V,10,Pubilla Cases,512,12-15,15,13,28
1997,2,Districte II,5,Collblanc,213,35-49,97,97,194
2007,4,Districte IV,7,la Florida,428,50-64,45,35,80
2006,6,Districte VI,12,Bellvitge,621,03-11,49,65,114
2000,5,Districte V,10,Pubilla Cases,524,65-74,77,54,131
1994,2,Districte II,4,la Torrassa,218,18-24,37,42,79
1998,5,Districte V,10,Pubilla Cases,537,12-15,23,22,45
2011,1,Districte I,1,Centre,123,18-24,48,44,92
2001,5,Districte V,10,Pubilla Cases,524,18-24,65,62,127
2003,4,Districte IV,8,les Planes,433,12-15,20,19,39
1994,5,Districte V,10,Pubilla Cases,510,75 i +,27,19,46
2008,2,Districte II,4,la Torrassa,245,18-24,41,42,83
2012,3,Districte III,6,Santa Eulàlia,314,00-02,36,30,66
2008,1,Districte I,3,Sant Josep,126,16-17,8,2,10
1994,1,Districte I,1,Centre,124,65-74,32,30,62
2005,1,Districte I,1,Centre,102,65-74,97,89,186
1995,3,Districte III,6,Santa Eulàlia,316,35-49,485,448,933
1994,2,Districte II,4,la Torrassa,234,75 i +,69,33,102
2007,6,Districte VI,12,Bellvitge,621,65-74,48,60,108
2001,5,Districte V,10,Pubilla Cases,509,35-49,87,74,161
1995,1,Districte I,3,Sant Josep,137,03-11,62,67,129
2010,5,Districte V,10,Pubilla Cases,538,03-11,53,48,101
2014,1,Districte I,1,Centre,131,75 i +,73,55,128
2009,5,Districte V,9,Can Serra,507,75 i +,42,22,64
2014,3,Districte III,6,Santa Eulàlia,305,75 i +,92,51,143
1998,2,Districte II,5,Collblanc,224,03-11,14,22,36
2016,1,Districte I,3,Sant Josep,127,25-34,56,48,104
1994,6,Districte VI,12,Bellvitge,621,50-64,115,136,251
2008,2,Districte II,5,Collblanc,216,35-49,147,141,288
2007,1,Districte I,1,Centre,102,25-34,113,106,219
2001,6,Districte VI,11,el Gornal,629,65-74,43,44,87
2002,4,Districte IV,8,les Planes,439,03-11,30,33,63
1994,3,Districte III,6,Santa Eulàlia,305,12-15,37,32,69
2008,6,Districte VI,12,Bellvitge,621,16-17,15,10,25
2010,2,Districte II,5,Collblanc,222,03-11,37,38,75
2008,2,Districte II,5,Collblanc,221,50-64,89,86,175
1999,3,Districte III,6,Santa Eulàlia,321,35-49,320,301,621
1999,3,Districte III,6,Santa Eulàlia,315,75 i +,48,25,73
1995,1,Districte I,3,Sant Josep,121,35-49,51,53,104
2008,4,Districte IV,7,la Florida,414,75 i +,62,46,108
1995,3,Districte III,6,Santa Eulàlia,317,35-49,62,77,139
2003,4,Districte IV,7,la Florida,416,16-17,5,6,11
2016,4,Districte IV,7,la Florida,405,75 i +,143,96,239
2008,2,Districte II,4,la Torrassa,232,12-15,19,8,27
2016,2,Districte II,4,la Torrassa,236,25-34,74,93,167
2003,1,Districte I,1,Centre,107,50-64,184,170,354
2000,5,Districte V,10,Pubilla Cases,525,75 i +,36,29,65
2003,5,Districte V,10,Pubilla Cases,522,18-24,57,46,103
2011,5,Districte V,10,Pubilla Cases,537,50-64,115,96,211
1994,1,Districte I,1,Centre,101,75 i +,17,7,24
2008,2,Districte II,4,la Torrassa,218,18-24,27,50,77
2011,6,Districte VI,12,Bellvitge,618,12-15,10,17,27
2014,1,Districte I,1,Centre,109,35-49,126,121,247
2015,1,Districte I,1,Centre,124,18-24,17,24,41
2011,2,Districte II,4,la Torrassa,232,25-34,93,90,183
2004,3,Districte III,6,Santa Eulàlia,309,75 i +,25,14,39
2011,3,Districte III,6,Santa Eulàlia,314,35-49,280,296,576
2012,3,Districte III,6,Santa Eulàlia,310,75 i +,49,23,72
2014,6,Districte VI,12,Bellvitge,611,16-17,11,11,22
2010,1,Districte I,2,Sanfeliu,116,00-02,23,23,46
2001,5,Districte V,9,Can Serra,503,75 i +,27,11,38
2004,6,Districte VI,12,Bellvitge,630,35-49,83,91,174
2006,2,Districte II,5,Collblanc,208,50-64,181,143,324
2001,5,Districte V,10,Pubilla Cases,516,03-11,20,20,40
1996,1,Districte I,3,Sant Josep,106,50-64,118,143,261
2010,1,Districte I,3,Sant Josep,114,65-74,109,103,212
2008,3,Districte III,6,Santa Eulàlia,321,03-11,96,84,180
2002,5,Districte V,10,Pubilla Cases,528,12-15,28,11,39
2000,6,Districte VI,11,el Gornal,608,00-02,8,6,14
2015,2,Districte II,5,Collblanc,202,00-02,17,39,56
1999,1,Districte I,1,Centre,112,18-24,90,88,178
1995,4,Districte IV,7,la Florida,422,25-34,76,83,159
2011,6,Districte VI,12,Bellvitge,628,00-02,13,13,26
2007,1,Districte I,3,Sant Josep,114,35-49,167,166,333
2001,1,Districte I,1,Centre,134,03-11,36,44,80
1995,1,Districte I,2,Sanfeliu,132,12-15,62,83,145
2003,2,Districte II,4,la Torrassa,217,35-49,71,75,146
2006,1,Districte I,3,Sant Josep,137,25-34,128,133,261
1999,2,Districte II,4,la Torrassa,239,35-49,92,84,176
2000,4,Districte IV,7,la Florida,422,75 i +,68,41,109
2004,2,Districte II,4,la Torrassa,217,65-74,35,30,65
2015,3,Districte III,6,Santa Eulàlia,325,18-24,66,53,119
2012,4,Districte IV,8,les Planes,439,35-49,146,167,313
2010,4,Districte IV,8,les Planes,441,75 i +,101,66,167
2003,6,Districte VI,12,Bellvitge,620,25-34,46,38,84
1998,2,Districte II,4,la Torrassa,229,12-15,7,14,21
2009,3,Districte III,6,Santa Eulàlia,304,18-24,69,62,131
2006,2,Districte II,5,Collblanc,208,35-49,178,179,357
2012,4,Districte IV,7,la Florida,406,18-24,51,55,106
2010,1,Districte I,3,Sant Josep,127,00-02,5,13,18
2009,2,Districte II,5,Collblanc,210,50-64,82,84,166
2001,3,Districte III,6,Santa Eulàlia,304,16-17,4,8,12
1995,5,Districte V,10,Pubilla Cases,527,18-24,59,48,107
2015,5,Districte V,10,Pubilla Cases,518,75 i +,81,58,139
2016,1,Districte I,1,Centre,128,35-49,169,150,319
1998,3,Districte III,6,Santa Eulàlia,306,50-64,122,113,235
2010,6,Districte VI,12,Bellvitge,611,16-17,21,18,39
1996,1,Districte I,1,Centre,123,35-49,119,114,233
2000,2,Districte II,4,la Torrassa,230,18-24,27,28,55
1994,3,Districte III,6,Santa Eulàlia,316,18-24,121,121,242
2016,6,Districte VI,11,el Gornal,626,75 i +,65,48,113
2009,6,Districte VI,12,Bellvitge,620,00-02,4,4,8
2013,6,Districte VI,11,el Gornal,608,35-49,136,184,320
2012,5,Districte V,10,Pubilla Cases,511,35-49,93,108,201
2009,2,Districte II,5,Collblanc,215,12-15,17,13,30
2002,5,Districte V,9,Can Serra,506,35-49,196,186,382
2008,6,Districte VI,12,Bellvitge,627,35-49,90,86,176
2014,5,Districte V,10,Pubilla Cases,524,25-34,91,106,197
2001,1,Districte I,1,Centre,128,03-11,22,39,61
2004,4,Districte IV,8,les Planes,438,35-49,106,101,207
2004,6,Districte VI,12,Bellvitge,620,75 i +,15,7,22
2001,5,Districte V,10,Pubilla Cases,513,16-17,4,5,9
1994,2,Districte II,5,Collblanc,202,50-64,77,73,150
1996,5,Districte V,10,Pubilla Cases,508,00-02,7,9,16
2015,1,Districte I,3,Sant Josep,119,65-74,111,106,217
2011,1,Districte I,3,Sant Josep,127,03-11,36,41,77
2006,2,Districte II,4,la Torrassa,245,35-49,129,132,261
2012,1,Districte I,3,Sant Josep,127,35-49,101,100,201
2011,5,Districte V,10,Pubilla Cases,524,00-02,19,25,44
2013,1,Districte I,1,Centre,133,25-34,51,64,115
1997,2,Districte II,5,Collblanc,214,00-02,2,8,10
2004,4,Districte IV,7,la Florida,404,18-24,59,63,122
1995,4,Districte IV,8,les Planes,434,50-64,60,57,117
1999,3,Districte III,6,Santa Eulàlia,324,00-02,17,12,29
2010,1,Districte I,1,Centre,135,16-17,14,7,21
2014,2,Districte II,4,la Torrassa,239,18-24,31,38,69
1998,6,Districte VI,12,Bellvitge,601,16-17,28,17,45
2007,5,Districte V,10,Pubilla Cases,538,65-74,80,61,141
2008,2,Districte II,5,Collblanc,244,50-64,51,45,96
2003,4,Districte IV,7,la Florida,427,75 i +,33,36,69
1998,2,Districte II,5,Collblanc,210,35-49,75,81,156
1994,3,Districte III,6,Santa Eulàlia,301,12-15,38,47,85
1996,1,Districte I,1,Centre,101,03-11,56,70,126
2015,2,Districte II,4,la Torrassa,240,35-49,211,218,429
2011,3,Districte III,6,Santa Eulàlia,311,75 i +,100,55,155
2001,6,Districte VI,12,Bellvitge,624,16-17,12,10,22
2006,6,Districte VI,12,Bellvitge,602,25-34,48,43,91
2011,2,Districte II,4,la Torrassa,248,00-02,16,27,43
2011,3,Districte III,6,Santa Eulàlia,307,00-02,14,12,26
1995,6,Districte VI,11,el Gornal,608,12-15,30,25,55
2004,6,Districte VI,12,Bellvitge,627,50-64,144,161,305
2001,6,Districte VI,12,Bellvitge,611,50-64,218,174,392
1995,2,Districte II,4,la Torrassa,242,16-17,8,16,24
2011,4,Districte IV,7,la Florida,417,35-49,87,91,178
2008,1,Districte I,1,Centre,111,16-17,9,10,19
2000,1,Districte I,3,Sant Josep,106,00-02,24,21,45
2007,4,Districte IV,7,la Florida,426,65-74,42,39,81
2012,2,Districte II,4,la Torrassa,242,00-02,13,17,30
1994,6,Districte VI,11,el Gornal,626,03-11,46,42,88
2006,2,Districte II,5,Collblanc,224,75 i +,34,19,53
1998,4,Districte IV,7,la Florida,424,50-64,71,67,138
1995,6,Districte VI,12,Bellvitge,613,16-17,15,18,33
2002,6,Districte VI,12,Bellvitge,609,18-24,39,40,79
2008,5,Districte V,10,Pubilla Cases,537,35-49,131,133,264
2003,5,Districte V,9,Can Serra,507,65-74,38,38,76
2010,4,Districte IV,8,les Planes,435,65-74,40,33,73
2010,2,Districte II,4,la Torrassa,211,65-74,57,38,95
1996,1,Districte I,1,Centre,108,00-02,12,10,22
2010,5,Districte V,10,Pubilla Cases,528,35-49,175,146,321
2003,5,Districte V,10,Pubilla Cases,513,16-17,4,6,10
2003,5,Districte V,10,Pubilla Cases,517,16-17,8,10,18
2009,6,Districte VI,12,Bellvitge,630,00-02,9,13,22
1994,4,Districte IV,7,la Florida,414,12-15,15,26,41
1998,5,Districte V,9,Can Serra,501,03-11,38,35,73
2001,3,Districte III,6,Santa Eulàlia,310,18-24,57,55,112
2015,2,Districte II,5,Collblanc,226,35-49,240,213,453
2013,3,Districte III,6,Santa Eulàlia,327,03-11,42,60,102
2001,3,Districte III,6,Santa Eulàlia,306,12-15,22,36,58
1997,2,Districte II,5,Collblanc,208,00-02,6,5,11
2000,5,Districte V,10,Pubilla Cases,527,65-74,69,44,113
2012,2,Districte II,4,la Torrassa,245,65-74,46,21,67
2006,5,Districte V,10,Pubilla Cases,508,12-15,11,11,22
2007,6,Districte VI,12,Bellvitge,604,50-64,66,54,120
1995,1,Districte I,1,Centre,123,75 i +,63,29,92
1995,2,Districte II,5,Collblanc,205,00-02,7,3,10
2000,1,Districte I,1,Centre,110,25-34,102,96,198
1994,3,Districte III,6,Santa Eulàlia,305,03-11,72,70,142
2014,4,Districte IV,7,la Florida,410,12-15,26,33,59
2007,6,Districte VI,12,Bellvitge,605,65-74,66,61,127
1994,5,Districte V,10,Pubilla Cases,538,03-11,34,45,79
1995,1,Districte I,1,Centre,123,25-34,100,108,208
2002,5,Districte V,10,Pubilla Cases,512,12-15,12,17,29
2010,2,Districte II,5,Collblanc,215,16-17,7,8,15
2002,5,Districte V,10,Pubilla Cases,536,16-17,2,6,8
2007,1,Districte I,3,Sant Josep,114,12-15,21,21,42
2008,4,Districte IV,8,les Planes,442,35-49,79,74,153
2012,6,Districte VI,12,Bellvitge,605,03-11,26,29,55
2005,1,Districte I,1,Centre,110,18-24,54,51,105
1996,5,Districte V,10,Pubilla Cases,511,65-74,55,46,101
2003,1,Districte I,3,Sant Josep,140,35-49,84,89,173
2002,6,Districte VI,12,Bellvitge,611,25-34,181,194,375
1997,5,Districte V,10,Pubilla Cases,518,16-17,10,10,20
2001,4,Districte IV,8,les Planes,434,75 i +,58,29,87
2000,5,Districte V,10,Pubilla Cases,514,50-64,66,53,119
2012,6,Districte VI,12,Bellvitge,611,03-11,89,86,175
1998,2,Districte II,5,Collblanc,209,75 i +,80,40,120
2009,2,Districte II,4,la Torrassa,218,35-49,87,93,180
2014,1,Districte I,1,Centre,113,65-74,77,88,165
2014,4,Districte IV,7,la Florida,411,03-11,33,29,62
2007,2,Districte II,4,la Torrassa,241,16-17,14,7,21
1994,4,Districte IV,7,la Florida,411,03-11,39,22,61
2003,5,Districte V,9,Can Serra,506,03-11,67,76,143
2000,6,Districte VI,12,Bellvitge,610,16-17,13,12,25
2011,6,Districte VI,12,Bellvitge,613,50-64,92,64,156
2016,5,Districte V,9,Can Serra,502,18-24,54,46,100
2003,4,Districte IV,7,la Florida,422,75 i +,69,47,116
1996,5,Districte V,9,Can Serra,507,25-34,72,84,156
2013,1,Districte I,3,Sant Josep,138,25-34,54,68,122
1998,5,Districte V,10,Pubilla Cases,527,65-74,68,42,110
2012,2,Districte II,4,la Torrassa,245,16-17,11,13,24
2015,3,Districte III,6,Santa Eulàlia,318,03-11,29,30,59
1996,1,Districte I,3,Sant Josep,115,75 i +,35,21,56
2003,2,Districte II,5,Collblanc,244,03-11,21,21,42
1995,6,Districte VI,12,Bellvitge,621,25-34,116,107,223
2007,3,Districte III,6,Santa Eulàlia,306,12-15,30,24,54
1995,2,Districte II,4,la Torrassa,211,18-24,48,62,110
1994,3,Districte III,6,Santa Eulàlia,306,35-49,185,181,366
2007,1,Districte I,1,Centre,131,35-49,138,170,308
2016,3,Districte III,6,Santa Eulàlia,306,12-15,33,33,66
2012,6,Districte VI,12,Bellvitge,602,75 i +,31,34,65
1998,4,Districte IV,7,la Florida,402,18-24,44,39,83
2009,3,Districte III,6,Santa Eulàlia,302,65-74,67,65,132
2009,2,Districte II,4,la Torrassa,232,65-74,51,53,104
1997,2,Districte II,4,la Torrassa,246,75 i +,70,36,106
1999,5,Districte V,10,Pubilla Cases,527,25-34,84,81,165
1998,2,Districte II,5,Collblanc,223,50-64,122,107,229
2011,1,Districte I,3,Sant Josep,114,75 i +,85,54,139
2015,5,Districte V,10,Pubilla Cases,520,12-15,13,23,36
2007,6,Districte VI,12,Bellvitge,606,75 i +,68,40,108
2004,5,Districte V,10,Pubilla Cases,528,35-49,137,133,270
1998,1,Districte I,2,Sanfeliu,118,35-49,256,223,479
2005,6,Districte VI,12,Bellvitge,625,18-24,77,85,162
2015,1,Districte I,1,Centre,123,00-02,14,16,30
2003,1,Districte I,1,Centre,130,18-24,30,25,55
2016,6,Districte VI,11,el Gornal,626,16-17,7,8,15
1995,2,Districte II,4,la Torrassa,245,12-15,27,19,46
2005,1,Districte I,3,Sant Josep,126,12-15,13,7,20
2015,1,Districte I,3,Sant Josep,117,75 i +,92,57,149
2003,2,Districte II,5,Collblanc,223,12-15,15,19,34
2014,1,Districte I,1,Centre,108,12-15,35,24,59
2002,1,Districte I,3,Sant Josep,138,00-02,7,6,13
2004,2,Districte II,4,la Torrassa,236,12-15,20,20,40
2006,3,Districte III,6,Santa Eulàlia,320,03-11,52,45,97
1997,5,Districte V,9,Can Serra,535,00-02,5,4,9
1997,1,Districte I,3,Sant Josep,115,03-11,38,69,107
2005,4,Districte IV,8,les Planes,438,03-11,26,36,62
2009,4,Districte IV,7,la Florida,432,75 i +,66,51,117
2006,5,Districte V,10,Pubilla Cases,510,18-24,44,46,90
2011,1,Districte I,3,Sant Josep,106,00-02,17,28,45
2010,2,Districte II,4,la Torrassa,211,12-15,17,24,41
1994,5,Districte V,10,Pubilla Cases,522,75 i +,25,23,48
1994,2,Districte II,5,Collblanc,216,00-02,7,10,17
1998,2,Districte II,4,la Torrassa,248,35-49,96,104,200
1998,5,Districte V,9,Can Serra,504,00-02,8,9,17
2014,2,Districte II,5,Collblanc,220,75 i +,97,61,158
2012,5,Districte V,10,Pubilla Cases,523,75 i +,96,73,169
2006,2,Districte II,4,la Torrassa,218,18-24,33,41,74
2004,1,Districte I,1,Centre,109,50-64,106,117,223
2001,5,Districte V,10,Pubilla Cases,517,00-02,7,27,34
2011,6,Districte VI,12,Bellvitge,603,25-34,45,50,95
2013,2,Districte II,5,Collblanc,213,18-24,27,46,73
2014,1,Districte I,3,Sant Josep,126,25-34,60,56,116
1995,6,Districte VI,12,Bellvitge,604,00-02,9,13,22
1996,1,Districte I,3,Sant Josep,138,65-74,25,25,50
1998,2,Districte II,4,la Torrassa,235,75 i +,66,43,109
1995,6,Districte VI,12,Bellvitge,603,75 i +,13,9,22
2013,5,Districte V,9,Can Serra,502,35-49,179,216,395
2010,6,Districte VI,12,Bellvitge,628,00-02,16,15,31
2003,2,Districte II,5,Collblanc,203,65-74,50,35,85
2004,6,Districte VI,12,Bellvitge,609,25-34,81,99,180
2016,6,Districte VI,11,el Gornal,622,25-34,50,42,92
2001,2,Districte II,4,la Torrassa,243,18-24,50,48,98
1995,4,Districte IV,8,les Planes,434,00-02,2,8,10
2015,5,Districte V,10,Pubilla Cases,530,03-11,70,78,148
2000,5,Districte V,10,Pubilla Cases,511,16-17,1,4,5
2003,2,Districte II,4,la Torrassa,243,18-24,66,51,117
2006,4,Districte IV,7,la Florida,406,75 i +,47,50,97
2004,1,Districte I,2,Sanfeliu,116,35-49,145,144,289
1997,4,Districte IV,8,les Planes,429,00-02,2,6,8
2003,6,Districte VI,12,Bellvitge,615,35-49,53,66,119
2009,6,Districte VI,12,Bellvitge,610,16-17,5,12,17
1999,2,Districte II,5,Collblanc,221,16-17,11,12,23
2010,2,Districte II,5,Collblanc,213,16-17,9,9,18
2000,4,Districte IV,7,la Florida,428,12-15,12,6,18
1998,2,Districte II,5,Collblanc,224,18-24,27,28,55
2003,2,Districte II,5,Collblanc,216,18-24,61,50,111
2008,6,Districte VI,11,el Gornal,626,65-74,59,51,110
2002,2,Districte II,5,Collblanc,201,00-02,9,7,16
2003,5,Districte V,10,Pubilla Cases,511,75 i +,52,31,83
2002,6,Districte VI,12,Bellvitge,615,65-74,49,51,100
1995,1,Districte I,2,Sanfeliu,118,35-49,275,267,542
2009,1,Districte I,1,Centre,101,25-34,140,124,264
2003,1,Districte I,3,Sant Josep,120,00-02,20,23,43
2006,3,Districte III,6,Santa Eulàlia,314,75 i +,94,46,140
2005,2,Districte II,4,la Torrassa,247,03-11,49,46,95
2012,5,Districte V,10,Pubilla Cases,518,65-74,72,40,112
2012,3,Districte III,6,Santa Eulàlia,312,18-24,53,52,105
2005,4,Districte IV,7,la Florida,406,03-11,34,45,79
2002,5,Districte V,10,Pubilla Cases,538,12-15,15,14,29
2015,2,Districte II,5,Collblanc,224,65-74,50,42,92
1995,5,Districte V,10,Pubilla Cases,531,00-02,7,7,14
2011,4,Districte IV,7,la Florida,426,18-24,40,42,82
1996,1,Districte I,3,Sant Josep,125,25-34,85,83,168
2006,1,Districte I,3,Sant Josep,136,03-11,44,40,84
2007,2,Districte II,5,Collblanc,212,75 i +,69,42,111
1996,2,Districte II,5,Collblanc,221,50-64,119,125,244
2001,5,Districte V,10,Pubilla Cases,517,25-34,101,116,217
2004,4,Districte IV,7,la Florida,430,03-11,31,42,73
2009,4,Districte IV,7,la Florida,408,35-49,115,118,233
1994,5,Districte V,9,Can Serra,502,16-17,30,37,67
2014,6,Districte VI,11,el Gornal,632,16-17,8,6,14
1999,5,Districte V,9,Can Serra,504,18-24,66,95,161
1999,6,Districte VI,12,Bellvitge,604,50-64,92,69,161
1997,4,Districte IV,8,les Planes,418,65-74,73,51,124
1996,4,Districte IV,7,la Florida,421,25-34,107,117,224
2000,6,Districte VI,12,Bellvitge,620,65-74,22,27,49
2001,2,Districte II,5,Collblanc,212,00-02,14,17,31
1995,4,Districte IV,7,la Florida,422,18-24,50,52,102
1994,5,Districte V,10,Pubilla Cases,508,00-02,8,9,17
2015,1,Districte I,2,Sanfeliu,129,16-17,8,14,22
1995,2,Districte II,5,Collblanc,206,18-24,45,57,102
2002,4,Districte IV,7,la Florida,410,18-24,85,93,178
1997,1,Districte I,1,Centre,109,12-15,28,34,62
1994,5,Districte V,9,Can Serra,535,00-02,8,8,16
2014,2,Districte II,5,Collblanc,226,12-15,31,28,59
2002,4,Districte IV,8,les Planes,441,25-34,122,160,282
2011,4,Districte IV,8,les Planes,436,65-74,31,23,54
2003,1,Districte I,3,Sant Josep,137,65-74,51,32,83
2011,6,Districte VI,12,Bellvitge,624,25-34,61,86,147
2004,4,Districte IV,7,la Florida,427,12-15,13,20,33
2005,2,Districte II,5,Collblanc,222,16-17,10,6,16
1996,2,Districte II,5,Collblanc,220,16-17,11,6,17
1998,6,Districte VI,12,Bellvitge,618,65-74,26,20,46
2004,5,Districte V,10,Pubilla Cases,536,65-74,66,59,125
2002,2,Districte II,4,la Torrassa,229,16-17,7,7,14
2007,4,Districte IV,8,les Planes,418,75 i +,60,38,98
2012,2,Districte II,5,Collblanc,215,18-24,40,30,70
1994,5,Districte V,10,Pubilla Cases,525,16-17,17,14,31
1999,2,Districte II,4,la Torrassa,248,18-24,36,59,95
2004,2,Districte II,5,Collblanc,215,65-74,56,23,79
2009,1,Districte I,3,Sant Josep,115,75 i +,74,42,116
2011,4,Districte IV,7,la Florida,411,65-74,66,57,123
1996,2,Districte II,5,Collblanc,207,18-24,26,30,56
2015,1,Districte I,1,Centre,128,00-02,11,22,33
1997,2,Districte II,5,Collblanc,213,03-11,32,32,64
2002,1,Districte I,1,Centre,113,50-64,122,151,273
1998,1,Districte I,3,Sant Josep,119,50-64,153,164,317
2009,3,Districte III,6,Santa Eulàlia,308,12-15,35,42,77
2003,3,Districte III,6,Santa Eulàlia,322,18-24,64,59,123
1997,1,Districte I,3,Sant Josep,115,25-34,102,115,217
2013,6,Districte VI,12,Bellvitge,618,16-17,7,15,22
2005,5,Districte V,10,Pubilla Cases,527,65-74,59,42,101
1997,1,Districte I,1,Centre,134,65-74,51,37,88
2011,5,Districte V,9,Can Serra,507,65-74,45,47,92
2000,2,Districte II,5,Collblanc,207,75 i +,65,28,93
2014,5,Districte V,10,Pubilla Cases,520,16-17,4,9,13
1995,2,Districte II,4,la Torrassa,245,35-49,89,90,179
2001,1,Districte I,1,Centre,124,75 i +,37,23,60
2013,6,Districte VI,12,Bellvitge,619,00-02,11,11,22
2013,3,Districte III,6,Santa Eulàlia,316,18-24,92,95,187
1996,2,Districte II,5,Collblanc,212,18-24,75,74,149
1997,4,Districte IV,8,les Planes,433,18-24,50,74,124
1994,5,Districte V,10,Pubilla Cases,531,12-15,15,20,35
1995,4,Districte IV,8,les Planes,437,18-24,56,58,114
2005,5,Districte V,10,Pubilla Cases,533,12-15,9,8,17
2007,2,Districte II,5,Collblanc,226,00-02,11,6,17
1994,2,Districte II,5,Collblanc,203,25-34,53,58,111
2000,1,Districte I,1,Centre,123,25-34,111,102,213
2003,5,Districte V,10,Pubilla Cases,519,25-34,60,73,133
2008,1,Districte I,1,Centre,111,75 i +,47,41,88
2016,5,Districte V,10,Pubilla Cases,532,12-15,25,26,51
1995,4,Districte IV,7,la Florida,402,03-11,23,24,47
2010,1,Districte I,1,Centre,105,75 i +,59,35,94
2006,4,Districte IV,8,les Planes,436,03-11,41,47,88
1997,2,Districte II,4,la Torrassa,241,03-11,32,27,59
1994,1,Districte I,1,Centre,133,03-11,35,35,70
2009,1,Districte I,3,Sant Josep,126,00-02,10,13,23
2007,6,Districte VI,11,el Gornal,617,35-49,97,106,203
2002,1,Districte I,1,Centre,110,00-02,10,5,15
1996,2,Districte II,5,Collblanc,209,16-17,7,4,11
2002,2,Districte II,5,Collblanc,214,00-02,8,13,21
2008,1,Districte I,3,Sant Josep,122,18-24,35,16,51
1994,4,Districte IV,7,la Florida,414,65-74,62,47,109
1999,4,Districte IV,7,la Florida,408,65-74,53,54,107
2014,1,Districte I,3,Sant Josep,106,18-24,40,54,94
2005,5,Districte V,10,Pubilla Cases,533,16-17,14,10,24
2004,4,Districte IV,7,la Florida,415,12-15,6,14,20
2000,6,Districte VI,12,Bellvitge,606,12-15,24,18,42
1999,2,Districte II,4,la Torrassa,240,50-64,65,60,125
1997,5,Districte V,10,Pubilla Cases,526,25-34,57,50,107
1995,2,Districte II,5,Collblanc,212,25-34,118,123,241
2006,2,Districte II,5,Collblanc,209,65-74,57,50,107
2011,2,Districte II,5,Collblanc,215,35-49,135,147,282
2010,1,Districte I,1,Centre,128,65-74,52,54,106
1999,5,Districte V,9,Can Serra,507,12-15,23,20,43
2013,5,Districte V,10,Pubilla Cases,508,18-24,53,64,117
2012,6,Districte VI,12,Bellvitge,607,16-17,8,7,15
1998,5,Districte V,10,Pubilla Cases,518,03-11,36,37,73
2008,4,Districte IV,7,la Florida,405,12-15,12,14,26
2007,2,Districte II,4,la Torrassa,228,03-11,11,20,31
1999,5,Districte V,9,Can Serra,535,65-74,40,38,78
2003,4,Districte IV,7,la Florida,415,65-74,35,27,62
2003,4,Districte IV,8,les Planes,437,25-34,79,94,173
1996,3,Districte III,6,Santa Eulàlia,320,35-49,81,59,140
2002,4,Districte IV,7,la Florida,412,75 i +,68,46,114
2013,1,Districte I,2,Sanfeliu,129,75 i +,87,66,153
1999,4,Districte IV,7,la Florida,430,50-64,82,90,172
2012,2,Districte II,4,la Torrassa,248,12-15,22,20,42
2005,6,Districte VI,12,Bellvitge,613,12-15,14,19,33
2006,3,Districte III,6,Santa Eulàlia,319,75 i +,41,22,63
2016,4,Districte IV,8,les Planes,437,75 i +,111,77,188
2006,3,Districte III,6,Santa Eulàlia,317,50-64,61,73,134
2016,4,Districte IV,7,la Florida,427,16-17,13,26,39
1995,1,Districte I,3,Sant Josep,140,25-34,78,87,165
2011,1,Districte I,1,Centre,108,18-24,39,43,82
2007,6,Districte VI,12,Bellvitge,611,50-64,148,111,259
1998,2,Districte II,5,Collblanc,244,75 i +,36,30,66
2004,1,Districte I,1,Centre,101,25-34,195,199,394
1999,4,Districte IV,8,les Planes,438,16-17,9,5,14
1998,2,Districte II,4,la Torrassa,211,18-24,34,52,86
2000,2,Districte II,5,Collblanc,215,12-15,15,15,30
2005,2,Districte II,4,la Torrassa,248,75 i +,73,39,112
2011,4,Districte IV,8,les Planes,439,65-74,60,34,94
2007,4,Districte IV,7,la Florida,424,18-24,24,31,55
2015,1,Districte I,1,Centre,111,35-49,93,90,183
2015,3,Districte III,6,Santa Eulàlia,313,25-34,121,117,238
2010,3,Districte III,6,Santa Eulàlia,307,00-02,12,18,30
2016,4,Districte IV,7,la Florida,404,75 i +,81,55,136
2008,4,Districte IV,8,les Planes,441,12-15,36,28,64
1998,5,Districte V,9,Can Serra,521,18-24,107,129,236
2000,3,Districte III,6,Santa Eulàlia,303,16-17,4,12,16
1996,2,Districte II,5,Collblanc,203,65-74,66,49,115
2010,2,Districte II,4,la Torrassa,236,35-49,132,129,261
2007,3,Districte III,6,Santa Eulàlia,305,00-02,26,11,37
2003,5,Districte V,9,Can Serra,535,03-11,23,31,54
2013,5,Districte V,10,Pubilla Cases,532,00-02,27,21,48
2010,1,Districte I,3,Sant Josep,126,35-49,99,113,212
1994,4,Districte IV,8,les Planes,434,12-15,15,12,27
2001,6,Districte VI,12,Bellvitge,619,18-24,86,85,171
2013,4,Districte IV,8,les Planes,419,65-74,94,56,150
2005,2,Districte II,5,Collblanc,221,35-49,120,123,243
1999,4,Districte IV,7,la Florida,405,16-17,5,7,12
2001,5,Districte V,10,Pubilla Cases,512,00-02,4,13,17
2008,4,Districte IV,7,la Florida,431,50-64,95,106,201
2015,1,Districte I,3,Sant Josep,139,25-34,49,59,108
2004,1,Districte I,3,Sant Josep,114,16-17,12,7,19
1999,6,Districte VI,12,Bellvitge,627,16-17,20,19,39
2011,5,Districte V,10,Pubilla Cases,528,16-17,15,17,32
2009,6,Districte VI,12,Bellvitge,627,25-34,83,81,164
2003,2,Districte II,4,la Torrassa,233,03-11,22,31,53
2011,2,Districte II,5,Collblanc,207,75 i +,60,20,80
2008,3,Districte III,6,Santa Eulàlia,319,18-24,57,69,126
2000,4,Districte IV,7,la Florida,405,35-49,57,70,127
2011,1,Districte I,3,Sant Josep,136,00-02,26,20,46
2008,3,Districte III,6,Santa Eulàlia,322,35-49,148,131,279
1997,2,Districte II,5,Collblanc,219,16-17,9,15,24
2016,3,Districte III,6,Santa Eulàlia,311,25-34,114,119,233
2009,6,Districte VI,12,Bellvitge,621,25-34,120,148,268
2010,4,Districte IV,8,les Planes,419,75 i +,39,31,70
1998,3,Districte III,6,Santa Eulàlia,308,35-49,149,141,290
2009,2,Districte II,5,Collblanc,222,12-15,20,14,34
2004,2,Districte II,4,la Torrassa,233,18-24,38,31,69
2003,6,Districte VI,12,Bellvitge,604,16-17,7,5,12
1999,4,Districte IV,7,la Florida,411,25-34,62,76,138
2009,3,Districte III,6,Santa Eulàlia,311,03-11,61,71,132
2009,1,Districte I,1,Centre,130,03-11,48,37,85
2011,5,Districte V,9,Can Serra,502,50-64,139,116,255
1998,1,Districte I,3,Sant Josep,114,16-17,29,21,50
2008,4,Districte IV,7,la Florida,430,65-74,52,44,96
1998,6,Districte VI,12,Bellvitge,604,00-02,9,10,19
2009,5,Districte V,9,Can Serra,504,65-74,94,90,184
2002,2,Districte II,5,Collblanc,224,00-02,9,5,14
2016,6,Districte VI,11,el Gornal,632,03-11,38,50,88
2001,1,Districte I,3,Sant Josep,125,25-34,115,131,246
2013,2,Districte II,4,la Torrassa,248,25-34,95,101,196
2013,2,Districte II,4,la Torrassa,217,03-11,50,60,110
1994,5,Districte V,10,Pubilla Cases,522,12-15,17,20,37
2005,4,Districte IV,7,la Florida,409,25-34,75,94,169
2004,2,Districte II,4,la Torrassa,228,16-17,4,7,11
2007,5,Districte V,9,Can Serra,504,16-17,8,8,16
2004,2,Districte II,4,la Torrassa,238,50-64,69,61,130
2013,1,Districte I,3,Sant Josep,139,35-49,102,121,223
1995,6,Districte VI,12,Bellvitge,609,35-49,111,66,177
2011,1,Districte I,1,Centre,134,12-15,25,17,42
2013,5,Districte V,10,Pubilla Cases,531,35-49,122,134,256
2003,4,Districte IV,7,la Florida,414,12-15,12,14,26
1997,6,Districte VI,12,Bellvitge,624,16-17,12,17,29
2010,6,Districte VI,12,Bellvitge,607,00-02,13,16,29
2003,1,Districte I,1,Centre,107,18-24,83,96,179
2011,6,Districte VI,12,Bellvitge,631,65-74,92,93,185
2015,1,Districte I,3,Sant Josep,115,00-02,21,15,36
2001,6,Districte VI,12,Bellvitge,630,00-02,7,7,14
1996,6,Districte VI,12,Bellvitge,602,65-74,23,24,47
1998,2,Districte II,5,Collblanc,208,00-02,9,6,15
2002,3,Districte III,6,Santa Eulàlia,302,03-11,32,45,77
2003,1,Districte I,1,Centre,105,75 i +,49,22,71
2008,3,Districte III,6,Santa Eulàlia,310,35-49,106,102,208
2005,5,Districte V,10,Pubilla Cases,510,16-17,9,10,19
2002,1,Districte I,1,Centre,135,03-11,57,39,96
2016,1,Districte I,2,Sanfeliu,118,25-34,85,67,152
2004,5,Districte V,10,Pubilla Cases,523,75 i +,99,46,145
2004,1,Districte I,1,Centre,108,00-02,16,8,24
1995,4,Districte IV,8,les Planes,436,35-49,57,79,136
2004,2,Districte II,4,la Torrassa,237,00-02,23,27,50
2013,5,Districte V,9,Can Serra,503,65-74,44,48,92
2003,1,Districte I,1,Centre,124,75 i +,32,21,53
2009,4,Districte IV,7,la Florida,404,18-24,62,70,132
2010,6,Districte VI,12,Bellvitge,602,12-15,12,13,25
2006,6,Districte VI,11,el Gornal,622,16-17,8,8,16
2000,1,Districte I,1,Centre,133,03-11,16,32,48
2001,5,Districte V,10,Pubilla Cases,532,75 i +,71,44,115
1998,4,Districte IV,7,la Florida,425,12-15,14,12,26
2009,4,Districte IV,7,la Florida,421,35-49,155,177,332
2015,2,Districte II,5,Collblanc,216,03-11,53,69,122
2016,6,Districte VI,12,Bellvitge,614,00-02,13,11,24
1996,2,Districte II,5,Collblanc,205,50-64,89,88,177
2012,6,Districte VI,12,Bellvitge,621,03-11,48,53,101
1995,1,Districte I,3,Sant Josep,121,25-34,87,110,197
1998,5,Districte V,10,Pubilla Cases,522,25-34,45,50,95
2013,2,Districte II,5,Collblanc,212,16-17,11,17,28
2008,4,Districte IV,7,la Florida,430,35-49,119,154,273
2015,6,Districte VI,12,Bellvitge,607,12-15,18,9,27
2000,4,Districte IV,8,les Planes,420,75 i +,72,38,110
2008,2,Districte II,4,la Torrassa,238,50-64,73,69,142
2006,2,Districte II,4,la Torrassa,241,75 i +,67,33,100
2000,2,Districte II,4,la Torrassa,228,03-11,20,16,36
1997,6,Districte VI,12,Bellvitge,625,75 i +,15,7,22
2011,5,Districte V,10,Pubilla Cases,519,35-49,72,106,178
2000,2,Districte II,5,Collblanc,204,65-74,52,41,93
2006,3,Districte III,6,Santa Eulàlia,311,50-64,120,94,214
2007,5,Districte V,9,Can Serra,506,25-34,139,143,282
1994,6,Districte VI,12,Bellvitge,601,12-15,54,59,113
1998,2,Districte II,5,Collblanc,215,16-17,7,6,13
2012,3,Districte III,6,Santa Eulàlia,322,18-24,52,46,98
2010,6,Districte VI,12,Bellvitge,601,12-15,14,19,33
2001,1,Districte I,2,Sanfeliu,118,00-02,21,22,43
2005,1,Districte I,1,Centre,123,75 i +,82,54,136
1998,6,Districte VI,11,el Gornal,617,18-24,70,95,165
1997,1,Districte I,1,Centre,113,65-74,42,35,77
2010,5,Districte V,10,Pubilla Cases,520,35-49,105,98,203
2001,6,Districte VI,12,Bellvitge,604,75 i +,26,13,39
2007,5,Districte V,9,Can Serra,521,50-64,158,134,292
2012,2,Districte II,5,Collblanc,202,50-64,68,50,118
2016,5,Districte V,10,Pubilla Cases,531,03-11,42,36,78
2005,6,Districte VI,12,Bellvitge,609,25-34,83,86,169
1997,4,Districte IV,7,la Florida,414,18-24,49,49,98
2005,6,Districte VI,11,el Gornal,617,25-34,92,105,197
2006,2,Districte II,4,la Torrassa,243,35-49,202,198,400
2010,3,Districte III,6,Santa Eulàlia,313,50-64,219,177,396
2001,6,Districte VI,11,el Gornal,632,12-15,19,20,39
2005,5,Districte V,10,Pubilla Cases,518,75 i +,57,32,89
1998,5,Districte V,9,Can Serra,506,65-74,70,70,140
1996,5,Districte V,9,Can Serra,504,12-15,20,14,34
2002,2,Districte II,4,la Torrassa,243,16-17,7,10,17
2007,6,Districte VI,11,el Gornal,632,18-24,34,48,82
1995,2,Districte II,5,Collblanc,213,50-64,94,92,186
2012,6,Districte VI,11,el Gornal,629,65-74,38,28,66
1996,6,Districte VI,12,Bellvitge,614,35-49,102,78,180
2007,1,Districte I,3,Sant Josep,115,03-11,42,46,88
2006,6,Districte VI,12,Bellvitge,606,50-64,85,57,142
1994,6,Districte VI,12,Bellvitge,601,00-02,11,14,25
1996,4,Districte IV,7,la Florida,431,65-74,86,78,164
1997,1,Districte I,3,Sant Josep,137,12-15,36,27,63
2016,2,Districte II,5,Collblanc,208,03-11,36,44,80
2001,5,Districte V,10,Pubilla Cases,526,03-11,18,23,41
1996,5,Districte V,10,Pubilla Cases,519,00-02,5,5,10
2001,3,Districte III,6,Santa Eulàlia,315,25-34,152,141,293
2004,2,Districte II,5,Collblanc,227,12-15,10,5,15
1994,5,Districte V,10,Pubilla Cases,522,65-74,39,30,69
2002,1,Districte I,1,Centre,135,18-24,84,109,193
1995,3,Districte III,6,Santa Eulàlia,303,00-02,9,10,19
2013,1,Districte I,3,Sant Josep,137,50-64,152,125,277
1996,2,Districte II,4,la Torrassa,240,25-34,48,59,107
1998,6,Districte VI,12,Bellvitge,604,16-17,6,9,15
2006,5,Districte V,10,Pubilla Cases,509,75 i +,27,15,42
2009,2,Districte II,5,Collblanc,221,12-15,23,19,42
2009,3,Districte III,6,Santa Eulàlia,316,12-15,35,38,73
2000,4,Districte IV,8,les Planes,419,75 i +,42,18,60
2015,1,Districte I,1,Centre,128,50-64,83,87,170
2006,4,Districte IV,7,la Florida,422,50-64,84,72,156
1995,3,Districte III,6,Santa Eulàlia,309,25-34,66,55,121
2014,2,Districte II,4,la Torrassa,242,12-15,16,17,33
1995,1,Districte I,1,Centre,113,50-64,92,91,183
2013,6,Districte VI,12,Bellvitge,623,03-11,55,73,128
2003,1,Districte I,1,Centre,108,50-64,114,111,225
2008,4,Districte IV,8,les Planes,440,00-02,7,17,24
2012,1,Districte I,1,Centre,112,00-02,21,21,42
2015,1,Districte I,2,Sanfeliu,118,35-49,175,192,367
2011,6,Districte VI,12,Bellvitge,609,50-64,75,46,121
2003,6,Districte VI,12,Bellvitge,607,16-17,9,14,23
2016,4,Districte IV,8,les Planes,418,00-02,9,15,24
2010,5,Districte V,10,Pubilla Cases,532,75 i +,81,58,139
1998,6,Districte VI,11,el Gornal,616,35-49,220,227,447
2005,5,Districte V,10,Pubilla Cases,515,00-02,11,9,20
2005,1,Districte I,1,Centre,105,03-11,32,44,76
2004,6,Districte VI,12,Bellvitge,621,03-11,50,57,107
2014,3,Districte III,6,Santa Eulàlia,303,16-17,12,14,26
1997,2,Districte II,4,la Torrassa,236,50-64,108,110,218
2012,4,Districte IV,7,la Florida,414,75 i +,60,46,106
2010,6,Districte VI,12,Bellvitge,614,18-24,27,39,66
2012,4,Districte IV,8,les Planes,441,16-17,25,7,32
2004,6,Districte VI,12,Bellvitge,625,65-74,49,50,99
2001,4,Districte IV,8,les Planes,429,00-02,9,3,12
1994,1,Districte I,1,Centre,134,03-11,63,72,135
2016,6,Districte VI,12,Bellvitge,624,25-34,45,39,84
2002,1,Districte I,1,Centre,128,65-74,55,51,106
2005,4,Districte IV,8,les Planes,436,75 i +,34,21,55
1999,4,Districte IV,7,la Florida,406,00-02,11,12,23
2005,2,Districte II,4,la Torrassa,237,65-74,79,69,148
2010,2,Districte II,4,la Torrassa,229,75 i +,53,40,93
2001,5,Districte V,10,Pubilla Cases,519,16-17,6,4,10
2012,1,Districte I,1,Centre,124,18-24,27,28,55
2002,6,Districte VI,12,Bellvitge,612,03-11,28,38,66
2008,1,Districte I,2,Sanfeliu,129,50-64,105,92,197
2013,5,Districte V,10,Pubilla Cases,526,18-24,84,62,146
2003,6,Districte VI,12,Bellvitge,605,50-64,93,68,161
1996,1,Districte I,2,Sanfeliu,116,16-17,21,30,51
2003,4,Districte IV,7,la Florida,412,35-49,165,169,334
1996,5,Districte V,10,Pubilla Cases,508,65-74,40,34,74
1995,4,Districte IV,7,la Florida,411,00-02,10,9,19
2011,3,Districte III,6,Santa Eulàlia,318,12-15,14,16,30
1999,3,Districte III,6,Santa Eulàlia,312,75 i +,46,29,75
1994,2,Districte II,5,Collblanc,207,35-49,78,62,140
1997,5,Districte V,10,Pubilla Cases,508,50-64,65,54,119
1999,6,Districte VI,12,Bellvitge,605,12-15,9,5,14
1995,5,Districte V,10,Pubilla Cases,513,00-02,2,7,9
2009,2,Districte II,4,la Torrassa,236,25-34,93,95,188
2001,5,Districte V,10,Pubilla Cases,529,12-15,15,11,26
2008,5,Districte V,10,Pubilla Cases,527,00-02,20,33,53
2008,2,Districte II,4,la Torrassa,242,18-24,41,55,96
2012,1,Districte I,1,Centre,105,12-15,10,15,25
2002,4,Districte IV,7,la Florida,431,12-15,19,15,34
1999,2,Districte II,5,Collblanc,223,75 i +,62,26,88
2014,4,Districte IV,7,la Florida,402,35-49,134,118,252
1995,1,Districte I,3,Sant Josep,138,16-17,15,24,39
2003,6,Districte VI,12,Bellvitge,623,00-02,16,27,43
1998,4,Districte IV,7,la Florida,404,35-49,111,118,229
1996,2,Districte II,5,Collblanc,208,12-15,24,46,70
2000,3,Districte III,6,Santa Eulàlia,322,16-17,14,8,22
1999,5,Districte V,10,Pubilla Cases,511,00-02,9,3,12
1994,4,Districte IV,7,la Florida,411,25-34,76,75,151
1994,4,Districte IV,8,les Planes,433,18-24,58,67,125
1995,2,Districte II,5,Collblanc,214,12-15,13,18,31
2004,3,Districte III,6,Santa Eulàlia,306,35-49,166,180,346
2011,1,Districte I,1,Centre,108,12-15,28,28,56
1994,4,Districte IV,8,les Planes,401,00-02,16,4,20
2007,4,Districte IV,8,les Planes,420,18-24,58,74,132
2008,2,Districte II,4,la Torrassa,231,18-24,33,37,70
2006,6,Districte VI,11,el Gornal,626,65-74,62,50,112
2012,4,Districte IV,7,la Florida,405,65-74,66,37,103
2005,1,Districte I,1,Centre,107,18-24,69,80,149
2014,4,Districte IV,7,la Florida,427,35-49,231,226,457
2000,6,Districte VI,12,Bellvitge,604,18-24,38,48,86
1995,1,Districte I,2,Sanfeliu,116,12-15,51,43,94
2010,4,Districte IV,7,la Florida,423,18-24,27,42,69
2004,4,Districte IV,8,les Planes,434,35-49,70,73,143
2013,4,Districte IV,8,les Planes,435,16-17,12,15,27
2007,4,Districte IV,7,la Florida,410,16-17,15,9,24
2002,4,Districte IV,7,la Florida,428,75 i +,24,18,42
2016,3,Districte III,6,Santa Eulàlia,313,16-17,18,19,37
1994,4,Districte IV,8,les Planes,438,00-02,5,9,14
1997,5,Districte V,10,Pubilla Cases,524,16-17,17,13,30
2007,4,Districte IV,7,la Florida,413,65-74,30,25,55
1994,5,Districte V,10,Pubilla Cases,518,50-64,145,136,281
2001,4,Districte IV,7,la Florida,432,65-74,76,66,142
2009,4,Districte IV,8,les Planes,438,00-02,15,13,28
2013,6,Districte VI,12,Bellvitge,625,12-15,19,24,43
2014,6,Districte VI,12,Bellvitge,619,12-15,19,13,32
1994,1,Districte I,1,Centre,101,03-11,67,57,124
2012,1,Districte I,3,Sant Josep,122,03-11,43,34,77
2008,3,Districte III,6,Santa Eulàlia,305,35-49,218,191,409
2001,3,Districte III,6,Santa Eulàlia,324,35-49,76,84,160
1996,2,Districte II,4,la Torrassa,247,00-02,7,10,17
1997,6,Districte VI,11,el Gornal,632,50-64,107,104,211
2003,2,Districte II,4,la Torrassa,228,75 i +,44,24,68
2000,4,Districte IV,7,la Florida,411,65-74,94,71,165
1994,2,Districte II,4,la Torrassa,239,35-49,93,77,170
2002,1,Districte I,1,Centre,131,18-24,92,73,165
1998,4,Districte IV,8,les Planes,401,50-64,111,99,210
2007,2,Districte II,5,Collblanc,208,18-24,55,66,121
2000,5,Districte V,10,Pubilla Cases,510,00-02,17,23,40
1995,1,Districte I,3,Sant Josep,127,50-64,61,58,119
1994,4,Districte IV,7,la Florida,422,00-02,7,15,22
2007,4,Districte IV,7,la Florida,427,35-49,115,125,240
2013,6,Districte VI,12,Bellvitge,630,16-17,5,9,14
2002,5,Districte V,10,Pubilla Cases,514,65-74,55,42,97
2006,2,Districte II,5,Collblanc,206,35-49,99,100,199
2015,1,Districte I,2,Sanfeliu,132,25-34,139,154,293
2012,6,Districte VI,11,el Gornal,622,50-64,102,78,180
1996,2,Districte II,4,la Torrassa,247,75 i +,57,33,90
1998,3,Districte III,6,Santa Eulàlia,301,12-15,38,59,97
1998,2,Districte II,4,la Torrassa,245,65-74,70,50,120
2016,1,Districte I,3,Sant Josep,125,50-64,147,141,288
2012,4,Districte IV,8,les Planes,401,35-49,137,127,264
2003,2,Districte II,4,la Torrassa,245,65-74,65,59,124
2007,4,Districte IV,7,la Florida,408,50-64,83,71,154
2007,1,Districte I,2,Sanfeliu,116,00-02,24,15,39
2009,6,Districte VI,11,el Gornal,616,18-24,110,136,246
1994,3,Districte III,6,Santa Eulàlia,316,35-49,473,473,946
1999,5,Districte V,10,Pubilla Cases,511,65-74,57,47,104
1997,2,Districte II,5,Collblanc,219,00-02,11,6,17
1998,3,Districte III,6,Santa Eulàlia,313,50-64,162,155,317
1995,1,Districte I,3,Sant Josep,140,12-15,17,21,38
2003,6,Districte VI,12,Bellvitge,604,65-74,42,34,76
1996,1,Districte I,1,Centre,134,00-02,12,15,27
2009,5,Districte V,10,Pubilla Cases,525,00-02,23,16,39
1996,3,Districte III,6,Santa Eulàlia,310,16-17,12,14,26
1995,4,Districte IV,7,la Florida,405,12-15,9,16,25
2006,1,Districte I,3,Sant Josep,114,18-24,52,56,108
1999,5,Districte V,10,Pubilla Cases,528,16-17,9,9,18
2012,3,Districte III,6,Santa Eulàlia,319,00-02,23,38,61
2007,2,Districte II,4,la Torrassa,248,00-02,18,15,33
2007,2,Districte II,4,la Torrassa,248,16-17,15,9,24
2014,4,Districte IV,7,la Florida,402,65-74,44,30,74
2014,5,Districte V,10,Pubilla Cases,520,03-11,39,42,81
2011,2,Districte II,5,Collblanc,214,25-34,94,106,200
2006,6,Districte VI,12,Bellvitge,628,35-49,108,90,198
2010,1,Districte I,3,Sant Josep,138,65-74,45,40,85
2010,5,Districte V,10,Pubilla Cases,518,18-24,49,44,93
2015,1,Districte I,3,Sant Josep,140,35-49,123,124,247
2005,2,Districte II,5,Collblanc,201,35-49,69,78,147
2006,1,Districte I,3,Sant Josep,125,25-34,144,153,297
2013,6,Districte VI,12,Bellvitge,611,00-02,26,42,68
2004,1,Districte I,1,Centre,105,65-74,38,33,71
1994,3,Districte III,6,Santa Eulàlia,323,12-15,118,117,235
1999,2,Districte II,4,la Torrassa,235,65-74,106,87,193
2001,6,Districte VI,12,Bellvitge,605,18-24,27,33,60
1996,4,Districte IV,7,la Florida,415,25-34,72,60,132
1997,1,Districte I,1,Centre,104,35-49,74,60,134
2006,6,Districte VI,12,Bellvitge,612,03-11,28,44,72
2001,4,Districte IV,8,les Planes,440,75 i +,53,35,88
2008,6,Districte VI,12,Bellvitge,624,18-24,33,27,60
2014,2,Districte II,4,la Torrassa,248,18-24,43,46,89
2015,6,Districte VI,12,Bellvitge,602,03-11,57,67,124
2011,5,Districte V,10,Pubilla Cases,532,25-34,138,144,282
1994,1,Districte I,3,Sant Josep,117,50-64,125,134,259
1994,1,Districte I,3,Sant Josep,121,75 i +,26,20,46
1995,6,Districte VI,12,Bellvitge,623,16-17,33,33,66
2014,4,Districte IV,8,les Planes,441,75 i +,113,69,182
2014,2,Districte II,4,la Torrassa,247,03-11,70,74,144
2001,4,Districte IV,8,les Planes,436,65-74,34,28,62
2010,4,Districte IV,8,les Planes,433,75 i +,41,24,65
2005,6,Districte VI,11,el Gornal,608,65-74,71,57,128
2010,3,Districte III,6,Santa Eulàlia,302,35-49,139,170,309
2008,2,Districte II,4,la Torrassa,246,65-74,50,39,89
1997,4,Districte IV,7,la Florida,432,00-02,5,13,18
2008,3,Districte III,6,Santa Eulàlia,324,25-34,126,112,238
2014,6,Districte VI,12,Bellvitge,613,65-74,142,103,245
2002,6,Districte VI,12,Bellvitge,602,18-24,28,19,47
2009,3,Districte III,6,Santa Eulàlia,309,65-74,35,28,63
2009,4,Districte IV,7,la Florida,402,16-17,8,7,15
2012,5,Districte V,9,Can Serra,507,03-11,28,39,67
2014,6,Districte VI,12,Bellvitge,619,25-34,56,79,135
2015,2,Districte II,5,Collblanc,210,25-34,46,50,96
2006,1,Districte I,1,Centre,108,00-02,9,22,31
1995,2,Districte II,4,la Torrassa,217,12-15,8,9,17
1999,4,Districte IV,7,la Florida,410,50-64,201,189,390
2011,1,Districte I,1,Centre,109,50-64,122,113,235
2010,3,Districte III,6,Santa Eulàlia,314,16-17,19,24,43
2007,5,Districte V,10,Pubilla Cases,536,75 i +,66,50,116
2014,1,Districte I,1,Centre,102,18-24,40,51,91
2005,3,Districte III,6,Santa Eulàlia,307,16-17,8,17,25
2007,1,Districte I,3,Sant Josep,117,12-15,37,32,69
2006,2,Districte II,4,la Torrassa,228,18-24,25,36,61
2012,2,Districte II,4,la Torrassa,235,35-49,210,238,448
2012,2,Districte II,5,Collblanc,202,65-74,30,28,58
1996,5,Districte V,9,Can Serra,506,35-49,261,218,479
2010,5,Districte V,10,Pubilla Cases,537,12-15,17,12,29
2001,1,Districte I,1,Centre,113,16-17,23,16,39
2002,4,Districte IV,7,la Florida,423,00-02,10,8,18
1995,2,Districte II,5,Collblanc,221,75 i +,42,20,62
2013,4,Districte IV,8,les Planes,419,03-11,87,129,216
2012,1,Districte I,1,Centre,109,16-17,5,12,17
2001,6,Districte VI,12,Bellvitge,614,18-24,48,52,100
2004,1,Districte I,1,Centre,128,00-02,11,11,22
2004,2,Districte II,4,la Torrassa,228,12-15,10,8,18
1999,4,Districte IV,7,la Florida,404,03-11,49,41,90
2006,5,Districte V,10,Pubilla Cases,517,50-64,91,79,170
2012,4,Districte IV,8,les Planes,441,75 i +,100,72,172
2006,4,Districte IV,8,les Planes,401,25-34,103,83,186
2000,2,Districte II,4,la Torrassa,249,16-17,6,10,16
2010,6,Districte VI,12,Bellvitge,606,25-34,95,94,189
1995,1,Districte I,3,Sant Josep,126,18-24,125,116,241
2003,4,Districte IV,8,les Planes,434,18-24,26,24,50
2011,2,Districte II,4,la Torrassa,228,65-74,46,28,74
2004,2,Districte II,4,la Torrassa,248,18-24,53,52,105
1996,1,Districte I,1,Centre,130,18-24,39,53,92
2011,2,Districte II,5,Collblanc,225,50-64,49,38,87
1994,2,Districte II,4,la Torrassa,246,03-11,33,27,60
2010,6,Districte VI,12,Bellvitge,620,18-24,25,27,52
1996,1,Districte I,1,Centre,107,75 i +,49,26,75
2014,2,Districte II,4,la Torrassa,242,18-24,29,33,62
2012,4,Districte IV,8,les Planes,438,00-02,18,7,25
1995,4,Districte IV,7,la Florida,421,16-17,13,27,40
2000,5,Districte V,10,Pubilla Cases,511,18-24,30,26,56
2010,5,Districte V,10,Pubilla Cases,518,03-11,51,51,102
2004,3,Districte III,6,Santa Eulàlia,310,50-64,83,92,175
2007,2,Districte II,4,la Torrassa,228,12-15,25,14,39
2013,5,Districte V,9,Can Serra,502,18-24,47,43,90
2011,4,Districte IV,7,la Florida,424,03-11,20,26,46
1998,4,Districte IV,7,la Florida,422,75 i +,59,40,99
2014,5,Districte V,9,Can Serra,505,65-74,155,127,282
2001,3,Districte III,6,Santa Eulàlia,311,16-17,8,8,16
2001,5,Districte V,10,Pubilla Cases,509,50-64,69,79,148
1994,1,Districte I,1,Centre,104,12-15,15,17,32
1998,5,Districte V,9,Can Serra,504,03-11,22,31,53
2016,4,Districte IV,7,la Florida,426,25-34,86,83,169
1994,4,Districte IV,7,la Florida,403,25-34,101,98,199
2006,1,Districte I,3,Sant Josep,119,25-34,95,114,209
2009,6,Districte VI,12,Bellvitge,610,35-49,139,145,284
2013,6,Districte VI,12,Bellvitge,627,25-34,52,67,119
2001,1,Districte I,2,Sanfeliu,118,16-17,26,35,61
2001,4,Districte IV,7,la Florida,422,50-64,81,78,159
1997,4,Districte IV,8,les Planes,440,18-24,108,94,202
2003,1,Districte I,3,Sant Josep,106,35-49,222,200,422
1997,1,Districte I,3,Sant Josep,138,75 i +,19,8,27
2003,4,Districte IV,7,la Florida,423,50-64,86,81,167
1994,6,Districte VI,12,Bellvitge,609,65-74,32,26,58
2007,5,Districte V,9,Can Serra,507,12-15,10,12,22
2013,1,Districte I,1,Centre,103,35-49,108,114,222
2008,1,Districte I,1,Centre,124,50-64,87,72,159
1996,1,Districte I,1,Centre,112,12-15,41,30,71
2003,1,Districte I,3,Sant Josep,120,50-64,139,142,281
1995,1,Districte I,1,Centre,107,03-11,70,76,146
1995,2,Districte II,4,la Torrassa,217,16-17,5,6,11
1994,2,Districte II,4,la Torrassa,239,65-74,83,72,155
2003,2,Districte II,5,Collblanc,215,00-02,11,12,23
2012,4,Districte IV,7,la Florida,426,50-64,76,80,156
2004,6,Districte VI,11,el Gornal,616,65-74,53,59,112
2004,3,Districte III,6,Santa Eulàlia,302,03-11,38,47,85
1995,1,Districte I,1,Centre,110,03-11,55,50,105
2005,5,Districte V,10,Pubilla Cases,518,25-34,120,118,238
2010,5,Districte V,10,Pubilla Cases,527,35-49,135,154,289
2003,4,Districte IV,7,la Florida,411,00-02,5,5,10
2010,1,Districte I,3,Sant Josep,121,65-74,34,19,53
2003,5,Districte V,10,Pubilla Cases,531,18-24,35,46,81
2002,2,Districte II,5,Collblanc,214,65-74,39,35,74
2004,5,Districte V,10,Pubilla Cases,522,35-49,92,100,192
2008,2,Districte II,5,Collblanc,210,65-74,60,42,102
2012,1,Districte I,1,Centre,103,16-17,4,6,10
1997,5,Districte V,10,Pubilla Cases,531,12-15,10,20,30
2010,3,Districte III,6,Santa Eulàlia,322,16-17,13,10,23
2004,2,Districte II,5,Collblanc,205,75 i +,55,27,82
2010,3,Districte III,6,Santa Eulàlia,310,65-74,40,31,71
2007,1,Districte I,2,Sanfeliu,116,25-34,120,142,262
2011,5,Districte V,10,Pubilla Cases,526,75 i +,37,19,56
2010,6,Districte VI,12,Bellvitge,624,35-49,98,131,229
2012,1,Districte I,1,Centre,101,00-02,35,37,72
2003,2,Districte II,5,Collblanc,202,18-24,34,31,65
2002,5,Districte V,10,Pubilla Cases,514,16-17,3,1,4
1998,6,Districte VI,12,Bellvitge,606,12-15,20,19,39
1998,6,Districte VI,11,el Gornal,629,18-24,42,42,84
2004,6,Districte VI,12,Bellvitge,618,18-24,20,22,42
2003,1,Districte I,1,Centre,124,50-64,72,65,137
2015,4,Districte IV,7,la Florida,423,12-15,20,20,40
2007,3,Districte III,6,Santa Eulàlia,323,25-34,247,278,525
2001,3,Districte III,6,Santa Eulàlia,302,12-15,27,10,37
2000,5,Districte V,10,Pubilla Cases,537,00-02,8,13,21
1994,3,Districte III,6,Santa Eulàlia,303,00-02,11,15,26
2003,1,Districte I,3,Sant Josep,119,16-17,18,11,29
1995,2,Districte II,4,la Torrassa,238,50-64,75,69,144
1997,5,Districte V,9,Can Serra,535,35-49,141,120,261
1996,3,Districte III,6,Santa Eulàlia,307,16-17,28,25,53
1998,4,Districte IV,8,les Planes,434,16-17,4,6,10
1999,1,Districte I,3,Sant Josep,140,18-24,62,56,118
2001,4,Districte IV,7,la Florida,407,65-74,84,69,153
2010,6,Districte VI,12,Bellvitge,630,00-02,8,12,20
2004,1,Districte I,1,Centre,109,25-34,88,80,168
2004,2,Districte II,5,Collblanc,208,18-24,73,81,154
1998,2,Districte II,4,la Torrassa,242,65-74,96,81,177
2011,4,Districte IV,7,la Florida,425,00-02,18,20,38
1998,3,Districte III,6,Santa Eulàlia,302,12-15,26,26,52
2009,4,Districte IV,7,la Florida,425,03-11,29,39,68
2011,1,Districte I,3,Sant Josep,122,03-11,48,39,87
2010,2,Districte II,5,Collblanc,215,00-02,12,19,31
1998,5,Districte V,9,Can Serra,502,18-24,97,107,204
2007,3,Districte III,6,Santa Eulàlia,308,00-02,31,36,67
2008,1,Districte I,3,Sant Josep,122,00-02,12,11,23
2007,4,Districte IV,7,la Florida,403,18-24,64,57,121
1994,2,Districte II,5,Collblanc,220,12-15,19,18,37
2011,6,Districte VI,12,Bellvitge,605,00-02,9,12,21
2016,1,Districte I,3,Sant Josep,117,50-64,247,225,472
2008,3,Districte III,6,Santa Eulàlia,315,12-15,22,25,47
1995,5,Districte V,10,Pubilla Cases,510,16-17,15,15,30
2002,5,Districte V,10,Pubilla Cases,511,12-15,8,11,19
2006,4,Districte IV,8,les Planes,441,18-24,111,107,218
2003,2,Districte II,4,la Torrassa,229,18-24,28,24,52
2013,4,Districte IV,7,la Florida,430,03-11,49,60,109
2012,1,Districte I,3,Sant Josep,127,25-34,68,59,127
1998,1,Districte I,3,Sant Josep,136,65-74,60,55,115
2004,5,Districte V,10,Pubilla Cases,532,65-74,81,73,154
2001,5,Districte V,10,Pubilla Cases,525,35-49,73,81,154
2009,6,Districte VI,12,Bellvitge,610,12-15,17,25,42
2011,2,Districte II,4,la Torrassa,240,25-34,74,85,159
2013,5,Districte V,9,Can Serra,501,03-11,31,46,77
1999,5,Districte V,10,Pubilla Cases,519,03-11,8,24,32
2000,4,Districte IV,7,la Florida,426,65-74,60,45,105
1998,6,Districte VI,12,Bellvitge,602,25-34,74,90,164
2004,3,Districte III,6,Santa Eulàlia,311,35-49,134,150,284
1995,3,Districte III,6,Santa Eulàlia,302,25-34,121,131,252
1999,1,Districte I,1,Centre,130,50-64,113,80,193
2005,1,Districte I,2,Sanfeliu,116,35-49,151,153,304
2004,1,Districte I,1,Centre,109,35-49,130,115,245
2009,5,Districte V,10,Pubilla Cases,518,50-64,86,60,146
2011,6,Districte VI,12,Bellvitge,620,50-64,62,58,120
2006,1,Districte I,2,Sanfeliu,132,50-64,222,212,434
1997,1,Districte I,2,Sanfeliu,116,50-64,160,169,329
2014,6,Districte VI,12,Bellvitge,607,25-34,67,57,124
1999,2,Districte II,5,Collblanc,213,18-24,53,60,113
2005,2,Districte II,5,Collblanc,212,18-24,56,76,132
2001,4,Districte IV,7,la Florida,427,03-11,20,36,56
2007,1,Districte I,1,Centre,135,16-17,15,10,25
2011,2,Districte II,5,Collblanc,205,25-34,88,70,158
1999,4,Districte IV,8,les Planes,401,00-02,9,15,24
2005,1,Districte I,1,Centre,135,35-49,195,173,368
2007,5,Districte V,10,Pubilla Cases,524,35-49,154,155,309
2014,4,Districte IV,7,la Florida,421,50-64,85,75,160
2015,1,Districte I,3,Sant Josep,122,18-24,26,23,49
2005,6,Districte VI,12,Bellvitge,602,25-34,57,53,110
2009,3,Districte III,6,Santa Eulàlia,301,75 i +,120,71,191
2011,1,Districte I,2,Sanfeliu,132,25-34,147,169,316
2010,3,Districte III,6,Santa Eulàlia,312,75 i +,72,40,112
1999,2,Districte II,4,la Torrassa,247,18-24,59,53,112
2000,1,Districte I,3,Sant Josep,122,25-34,81,88,169
2004,3,Districte III,6,Santa Eulàlia,305,50-64,134,144,278
2016,4,Districte IV,7,la Florida,421,18-24,28,55,83
2001,6,Districte VI,12,Bellvitge,620,12-15,14,14,28
2002,4,Districte IV,7,la Florida,416,35-49,70,79,149
2001,2,Districte II,5,Collblanc,227,50-64,73,58,131
2001,1,Districte I,1,Centre,110,75 i +,53,26,79
1998,3,Districte III,6,Santa Eulàlia,312,25-34,136,192,328
2014,6,Districte VI,12,Bellvitge,615,25-34,42,34,76
2010,2,Districte II,4,la Torrassa,243,18-24,60,68,128
1999,5,Districte V,10,Pubilla Cases,512,16-17,4,5,9
1995,1,Districte I,1,Centre,130,65-74,71,64,135
2004,5,Districte V,10,Pubilla Cases,508,75 i +,39,26,65
2014,1,Districte I,3,Sant Josep,122,25-34,55,45,100
1999,2,Districte II,5,Collblanc,221,50-64,109,99,208
2011,1,Districte I,3,Sant Josep,115,35-49,155,156,311
2002,6,Districte VI,12,Bellvitge,602,50-64,70,59,129
2009,3,Districte III,6,Santa Eulàlia,311,16-17,10,13,23
2000,1,Districte I,3,Sant Josep,117,12-15,52,51,103
2000,3,Districte III,6,Santa Eulàlia,322,35-49,104,100,204
2003,4,Districte IV,7,la Florida,427,03-11,39,38,77
2004,4,Districte IV,7,la Florida,414,35-49,106,105,211
1996,6,Districte VI,11,el Gornal,626,35-49,107,111,218
2010,1,Districte I,1,Centre,109,75 i +,67,43,110
2004,2,Districte II,4,la Torrassa,234,12-15,12,19,31
2001,2,Districte II,5,Collblanc,220,25-34,79,77,156
2016,2,Districte II,5,Collblanc,220,50-64,169,141,310
2005,5,Districte V,10,Pubilla Cases,531,16-17,5,11,16
2014,2,Districte II,5,Collblanc,221,25-34,133,153,286
2008,1,Districte I,1,Centre,105,25-34,94,111,205
2008,5,Districte V,10,Pubilla Cases,538,35-49,145,143,288
1996,6,Districte VI,12,Bellvitge,620,50-64,87,96,183
2016,1,Districte I,1,Centre,108,03-11,61,69,130
1999,2,Districte II,4,la Torrassa,211,65-74,86,73,159
2007,5,Districte V,10,Pubilla Cases,514,75 i +,29,20,49
2007,5,Districte V,10,Pubilla Cases,511,18-24,22,23,45
2012,1,Districte I,1,Centre,131,16-17,9,10,19
2008,6,Districte VI,12,Bellvitge,630,00-02,7,16,23
1995,1,Districte I,2,Sanfeliu,116,18-24,152,140,292
1997,2,Districte II,5,Collblanc,202,03-11,16,21,37
2010,2,Districte II,4,la Torrassa,241,25-34,83,75,158
2012,2,Districte II,4,la Torrassa,232,00-02,14,18,32
2005,1,Districte I,3,Sant Josep,114,12-15,23,18,41
2000,2,Districte II,5,Collblanc,215,65-74,75,52,127
1999,2,Districte II,5,Collblanc,227,16-17,6,10,16
1998,2,Districte II,5,Collblanc,210,16-17,4,3,7
2014,1,Districte I,1,Centre,134,75 i +,75,38,113
2001,6,Districte VI,12,Bellvitge,613,65-74,68,58,126
2008,1,Districte I,3,Sant Josep,119,25-34,97,107,204
2015,6,Districte VI,11,el Gornal,622,16-17,7,10,17
2004,1,Districte I,3,Sant Josep,125,25-34,146,167,313
2016,6,Districte VI,11,el Gornal,616,75 i +,61,37,98
2016,6,Districte VI,12,Bellvitge,619,00-02,12,11,23
2002,4,Districte IV,8,les Planes,401,50-64,91,92,183
2001,5,Districte V,10,Pubilla Cases,513,25-34,73,64,137
2007,3,Districte III,6,Santa Eulàlia,316,03-11,42,58,100
2014,4,Districte IV,7,la Florida,422,00-02,18,18,36
2013,4,Districte IV,7,la Florida,410,00-02,13,21,34
1997,2,Districte II,4,la Torrassa,233,12-15,5,9,14
2005,6,Districte VI,12,Bellvitge,621,75 i +,44,21,65
2011,2,Districte II,4,la Torrassa,234,75 i +,76,41,117
1995,2,Districte II,4,la Torrassa,217,50-64,53,53,106
2006,5,Districte V,10,Pubilla Cases,514,50-64,57,53,110
2007,6,Districte VI,12,Bellvitge,628,18-24,33,41,74
2000,6,Districte VI,11,el Gornal,617,00-02,12,9,21
2011,6,Districte VI,12,Bellvitge,614,25-34,47,73,120
2002,4,Districte IV,7,la Florida,417,03-11,23,16,39
2007,6,Districte VI,12,Bellvitge,620,16-17,4,8,12
1995,6,Districte VI,12,Bellvitge,607,50-64,161,155,316
2002,5,Districte V,10,Pubilla Cases,522,65-74,47,45,92
1997,3,Districte III,6,Santa Eulàlia,308,03-11,36,48,84
1998,5,Districte V,10,Pubilla Cases,510,18-24,65,51,116
2014,4,Districte IV,7,la Florida,426,12-15,21,15,36
1999,1,Districte I,1,Centre,109,25-34,92,80,172
2013,2,Districte II,5,Collblanc,213,25-34,83,92,175
2001,5,Districte V,10,Pubilla Cases,509,03-11,24,27,51
2003,6,Districte VI,11,el Gornal,629,16-17,9,6,15
2005,1,Districte I,3,Sant Josep,127,12-15,18,15,33
2014,2,Districte II,4,la Torrassa,229,50-64,138,133,271
2006,6,Districte VI,11,el Gornal,632,75 i +,35,20,55
2011,3,Districte III,6,Santa Eulàlia,304,03-11,115,104,219
2009,2,Districte II,4,la Torrassa,211,16-17,8,14,22
2005,6,Districte VI,12,Bellvitge,613,00-02,17,17,34
1996,1,Districte I,1,Centre,133,18-24,61,60,121
1996,2,Districte II,5,Collblanc,244,16-17,5,5,10
2012,2,Districte II,4,la Torrassa,211,03-11,64,61,125
1998,2,Districte II,4,la Torrassa,211,03-11,41,38,79
2007,2,Districte II,5,Collblanc,244,03-11,21,22,43
1996,4,Districte IV,7,la Florida,431,16-17,25,18,43
2012,4,Districte IV,7,la Florida,424,00-02,8,10,18
1995,3,Districte III,6,Santa Eulàlia,323,75 i +,38,9,47
2009,2,Districte II,4,la Torrassa,242,35-49,118,148,266
2009,2,Districte II,5,Collblanc,208,25-34,128,139,267
2002,1,Districte I,1,Centre,107,12-15,26,26,52
2014,2,Districte II,5,Collblanc,201,65-74,53,38,91
2005,6,Districte VI,12,Bellvitge,620,18-24,31,21,52
2009,2,Districte II,5,Collblanc,227,12-15,11,17,28
1997,1,Districte I,3,Sant Josep,114,16-17,30,35,65
2007,6,Districte VI,12,Bellvitge,612,25-34,87,103,190
2010,6,Districte VI,12,Bellvitge,631,65-74,89,85,174
2012,1,Districte I,3,Sant Josep,106,50-64,258,210,468
2004,4,Districte IV,7,la Florida,417,18-24,26,26,52
2011,4,Districte IV,7,la Florida,424,16-17,5,4,9
1997,2,Districte II,5,Collblanc,222,00-02,8,7,15
2008,6,Districte VI,11,el Gornal,608,65-74,63,45,108
2012,3,Districte III,6,Santa Eulàlia,320,35-49,168,160,328
2011,4,Districte IV,7,la Florida,413,35-49,68,86,154
1995,6,Districte VI,12,Bellvitge,602,03-11,18,16,34
2011,1,Districte I,1,Centre,109,25-34,102,85,187
2012,6,Districte VI,12,Bellvitge,603,00-02,15,16,31
2015,6,Districte VI,12,Bellvitge,630,16-17,4,9,13
2008,4,Districte IV,7,la Florida,428,75 i +,42,24,66
2005,2,Districte II,4,la Torrassa,231,75 i +,96,42,138
2002,3,Districte III,6,Santa Eulàlia,307,16-17,11,19,30
2002,2,Districte II,4,la Torrassa,249,12-15,11,22,33
2001,2,Districte II,5,Collblanc,216,18-24,55,59,114
2001,2,Districte II,5,Collblanc,205,12-15,12,12,24
2004,6,Districte VI,12,Bellvitge,607,65-74,82,93,175
2000,2,Districte II,5,Collblanc,222,16-17,9,8,17
2014,5,Districte V,10,Pubilla Cases,532,16-17,6,9,15
2015,1,Districte I,3,Sant Josep,137,75 i +,58,43,101
2005,6,Districte VI,12,Bellvitge,623,16-17,10,7,17
1999,4,Districte IV,7,la Florida,414,50-64,87,80,167
2000,3,Districte III,6,Santa Eulàlia,313,00-02,25,27,52
2006,5,Districte V,10,Pubilla Cases,516,35-49,92,113,205
2016,4,Districte IV,7,la Florida,409,03-11,77,77,154
1998,2,Districte II,4,la Torrassa,217,35-49,63,67,130
2004,5,Districte V,10,Pubilla Cases,524,35-49,133,140,273
1995,3,Districte III,6,Santa Eulàlia,323,65-74,52,39,91
2009,2,Districte II,5,Collblanc,222,18-24,42,55,97
1996,2,Districte II,5,Collblanc,206,12-15,17,12,29
2012,1,Districte I,1,Centre,133,16-17,4,4,8
2016,1,Districte I,2,Sanfeliu,118,50-64,190,149,339
1997,4,Districte IV,7,la Florida,415,75 i +,45,26,71
2012,1,Districte I,1,Centre,134,12-15,28,22,50
1997,3,Districte III,6,Santa Eulàlia,314,16-17,34,35,69
2009,6,Districte VI,12,Bellvitge,611,75 i +,80,51,131
2015,5,Districte V,10,Pubilla Cases,520,25-34,56,58,114
2001,1,Districte I,1,Centre,110,25-34,105,109,214
1996,6,Districte VI,12,Bellvitge,603,18-24,56,62,118
1998,1,Districte I,1,Centre,104,12-15,7,6,13
1999,6,Districte VI,12,Bellvitge,624,18-24,85,118,203
2016,6,Districte VI,12,Bellvitge,619,75 i +,112,92,204
2005,4,Districte IV,7,la Florida,428,12-15,11,7,18
2004,5,Districte V,10,Pubilla Cases,515,16-17,11,12,23
1996,3,Districte III,6,Santa Eulàlia,323,75 i +,36,12,48
1996,6,Districte VI,11,el Gornal,617,75 i +,19,18,37
2000,6,Districte VI,12,Bellvitge,611,16-17,13,10,23
1995,6,Districte VI,12,Bellvitge,623,35-49,218,180,398
2004,2,Districte II,4,la Torrassa,242,50-64,98,96,194
2010,2,Districte II,4,la Torrassa,239,03-11,43,50,93
1994,2,Districte II,4,la Torrassa,249,03-11,22,28,50
2008,1,Districte I,3,Sant Josep,126,50-64,116,86,202
1998,2,Districte II,4,la Torrassa,211,12-15,15,16,31
1999,1,Districte I,1,Centre,112,16-17,25,11,36
2010,6,Districte VI,11,el Gornal,626,12-15,16,19,35
2006,6,Districte VI,12,Bellvitge,601,12-15,27,21,48
2008,1,Districte I,1,Centre,104,25-34,62,66,128
1994,1,Districte I,1,Centre,101,65-74,37,31,68
2006,4,Districte IV,7,la Florida,404,12-15,27,24,51
2005,3,Districte III,6,Santa Eulàlia,304,75 i +,104,46,150
1998,4,Districte IV,8,les Planes,436,18-24,55,44,99
2009,6,Districte VI,12,Bellvitge,610,25-34,80,90,170
2011,4,Districte IV,8,les Planes,437,03-11,45,37,82
2003,5,Districte V,9,Can Serra,504,00-02,9,11,20
2016,1,Districte I,2,Sanfeliu,132,16-17,10,16,26
1997,3,Districte III,6,Santa Eulàlia,307,25-34,98,83,181
2007,6,Districte VI,11,el Gornal,616,12-15,66,67,133
2009,3,Districte III,6,Santa Eulàlia,315,00-02,35,22,57
2010,4,Districte IV,7,la Florida,409,12-15,5,10,15
2004,2,Districte II,5,Collblanc,206,65-74,66,54,120
2003,4,Districte IV,8,les Planes,418,03-11,49,39,88
1996,3,Districte III,6,Santa Eulàlia,324,25-34,71,68,139
2003,6,Districte VI,11,el Gornal,626,18-24,34,34,68
2012,3,Districte III,6,Santa Eulàlia,319,25-34,140,156,296
1997,4,Districte IV,7,la Florida,427,12-15,12,11,23
1996,2,Districte II,5,Collblanc,214,00-02,1,12,13
1997,3,Districte III,6,Santa Eulàlia,320,03-11,16,20,36
2015,4,Districte IV,8,les Planes,418,03-11,71,54,125
2006,4,Districte IV,7,la Florida,410,00-02,23,26,49
2003,1,Districte I,2,Sanfeliu,118,16-17,14,20,34
1997,6,Districte VI,12,Bellvitge,630,00-02,3,13,16
1998,4,Districte IV,8,les Planes,433,16-17,12,10,22
2003,2,Districte II,4,la Torrassa,238,25-34,82,81,163
2007,6,Districte VI,11,el Gornal,629,50-64,54,45,99
2009,4,Districte IV,7,la Florida,421,00-02,8,20,28
2010,2,Districte II,5,Collblanc,214,50-64,46,41,87
1998,1,Districte I,3,Sant Josep,136,18-24,65,76,141
1997,5,Districte V,10,Pubilla Cases,534,35-49,80,81,161
2010,4,Districte IV,7,la Florida,413,25-34,66,58,124
2005,4,Districte IV,7,la Florida,431,75 i +,81,40,121
2000,5,Districte V,9,Can Serra,506,50-64,218,237,455
1997,4,Districte IV,7,la Florida,424,50-64,70,66,136
2002,3,Districte III,6,Santa Eulàlia,315,12-15,23,31,54
2003,1,Districte I,3,Sant Josep,120,25-34,155,148,303
2005,3,Districte III,6,Santa Eulàlia,301,16-17,20,13,33
2002,1,Districte I,1,Centre,133,75 i +,46,32,78
2004,3,Districte III,6,Santa Eulàlia,321,18-24,118,114,232
2015,4,Districte IV,8,les Planes,401,12-15,18,15,33
1997,1,Districte I,3,Sant Josep,127,65-74,41,36,77
2016,2,Districte II,5,Collblanc,216,12-15,25,21,46
2005,4,Districte IV,8,les Planes,437,75 i +,36,21,57
2004,4,Districte IV,7,la Florida,406,50-64,132,122,254
2002,2,Districte II,5,Collblanc,220,25-34,78,80,158
1996,5,Districte V,10,Pubilla Cases,512,03-11,27,33,60
2002,5,Districte V,9,Can Serra,507,50-64,91,87,178
1996,4,Districte IV,7,la Florida,413,03-11,23,25,48
2011,1,Districte I,1,Centre,108,16-17,11,9,20
1998,4,Districte IV,8,les Planes,435,03-11,41,38,79
2012,6,Districte VI,12,Bellvitge,605,75 i +,52,35,87
1996,6,Districte VI,11,el Gornal,629,50-64,74,63,137
2012,4,Districte IV,7,la Florida,410,16-17,8,16,24
2014,4,Districte IV,7,la Florida,405,03-11,80,75,155
2000,4,Districte IV,7,la Florida,404,25-34,113,128,241
1996,6,Districte VI,11,el Gornal,616,12-15,60,41,101
2001,5,Districte V,10,Pubilla Cases,512,03-11,25,20,45
2005,3,Districte III,6,Santa Eulàlia,308,18-24,66,82,148
2013,5,Districte V,10,Pubilla Cases,511,12-15,36,37,73
2008,3,Districte III,6,Santa Eulàlia,310,00-02,17,16,33
2003,6,Districte VI,12,Bellvitge,628,18-24,54,51,105
2006,4,Districte IV,7,la Florida,422,75 i +,79,49,128
2002,2,Districte II,4,la Torrassa,243,65-74,108,93,201
2011,6,Districte VI,12,Bellvitge,614,12-15,11,12,23
2013,4,Districte IV,7,la Florida,421,18-24,30,54,84
2002,5,Districte V,10,Pubilla Cases,536,12-15,12,9,21
2004,5,Districte V,10,Pubilla Cases,525,35-49,103,98,201
2004,3,Districte III,6,Santa Eulàlia,304,18-24,39,45,84
1997,6,Districte VI,12,Bellvitge,604,03-11,26,37,63
2008,5,Districte V,10,Pubilla Cases,518,18-24,56,51,107
1996,6,Districte VI,11,el Gornal,629,25-34,56,57,113
1997,6,Districte VI,12,Bellvitge,625,65-74,23,27,50
2001,6,Districte VI,12,Bellvitge,612,35-49,71,73,144
2005,1,Districte I,3,Sant Josep,114,35-49,166,155,321
2007,6,Districte VI,12,Bellvitge,627,65-74,39,43,82
2006,2,Districte II,5,Collblanc,207,75 i +,66,29,95
1994,2,Districte II,4,la Torrassa,234,65-74,88,56,144
2007,1,Districte I,1,Centre,109,35-49,122,109,231
1997,3,Districte III,6,Santa Eulàlia,318,16-17,13,12,25
2001,6,Districte VI,12,Bellvitge,603,16-17,3,8,11
2008,1,Districte I,3,Sant Josep,127,00-02,11,14,25
2007,6,Districte VI,12,Bellvitge,621,35-49,137,144,281
2003,1,Districte I,1,Centre,109,35-49,131,125,256
2004,1,Districte I,2,Sanfeliu,118,03-11,63,70,133
2016,4,Districte IV,7,la Florida,409,35-49,207,230,437
2004,3,Districte III,6,Santa Eulàlia,318,18-24,50,44,94
1998,4,Districte IV,7,la Florida,426,12-15,12,11,23
2007,2,Districte II,5,Collblanc,222,18-24,47,33,80
2007,4,Districte IV,7,la Florida,430,00-02,19,22,41
2003,3,Districte III,6,Santa Eulàlia,303,18-24,54,55,109
1999,5,Districte V,9,Can Serra,502,25-34,112,124,236
1997,4,Districte IV,7,la Florida,407,03-11,23,39,62
2008,5,Districte V,10,Pubilla Cases,537,00-02,11,10,21
1999,1,Districte I,3,Sant Josep,126,18-24,87,68,155
2013,1,Districte I,1,Centre,112,00-02,22,18,40
2013,1,Districte I,3,Sant Josep,136,65-74,59,56,115
2016,5,Districte V,10,Pubilla Cases,513,18-24,54,57,111
2012,6,Districte VI,12,Bellvitge,609,12-15,17,12,29
1995,3,Districte III,6,Santa Eulàlia,310,00-02,7,9,16
2007,4,Districte IV,7,la Florida,415,16-17,5,12,17
2009,3,Districte III,6,Santa Eulàlia,312,50-64,151,146,297
2010,5,Districte V,10,Pubilla Cases,529,00-02,24,26,50
2007,4,Districte IV,7,la Florida,427,12-15,18,22,40
2004,5,Districte V,10,Pubilla Cases,520,75 i +,49,35,84
2005,3,Districte III,6,Santa Eulàlia,314,25-34,211,229,440
2011,1,Districte I,1,Centre,124,18-24,28,30,58
2006,2,Districte II,4,la Torrassa,246,50-64,76,63,139
2007,1,Districte I,1,Centre,134,65-74,56,41,97
2013,5,Districte V,10,Pubilla Cases,513,65-74,64,48,112
1998,1,Districte I,1,Centre,130,16-17,8,9,17
1996,5,Districte V,9,Can Serra,505,00-02,15,11,26
2008,4,Districte IV,7,la Florida,403,00-02,15,14,29
2004,5,Districte V,10,Pubilla Cases,518,16-17,10,5,15
2011,6,Districte VI,12,Bellvitge,627,16-17,3,6,9
2005,6,Districte VI,12,Bellvitge,620,50-64,73,70,143
2004,6,Districte VI,12,Bellvitge,619,12-15,15,25,40
2007,4,Districte IV,8,les Planes,429,12-15,11,11,22
2005,2,Districte II,4,la Torrassa,235,12-15,22,19,41
2001,1,Districte I,3,Sant Josep,126,16-17,6,6,12
2016,6,Districte VI,12,Bellvitge,631,25-34,46,38,84
2010,5,Districte V,10,Pubilla Cases,531,25-34,81,102,183
2000,3,Districte III,6,Santa Eulàlia,308,65-74,70,64,134
2007,5,Districte V,10,Pubilla Cases,508,03-11,21,20,41
2000,6,Districte VI,12,Bellvitge,607,16-17,7,11,18
2006,1,Districte I,2,Sanfeliu,118,03-11,61,59,120
2007,2,Districte II,5,Collblanc,244,00-02,9,9,18
2000,4,Districte IV,7,la Florida,416,03-11,24,32,56
1995,6,Districte VI,12,Bellvitge,630,35-49,140,126,266
2010,5,Districte V,10,Pubilla Cases,515,03-11,26,33,59
2015,1,Districte I,3,Sant Josep,136,00-02,21,17,38
2013,2,Districte II,5,Collblanc,204,25-34,121,127,248
2005,3,Districte III,6,Santa Eulàlia,316,65-74,49,47,96
2013,1,Districte I,1,Centre,135,35-49,178,177,355
2011,5,Districte V,9,Can Serra,521,25-34,57,51,108
1995,5,Districte V,9,Can Serra,507,16-17,14,20,34
2001,2,Districte II,4,la Torrassa,249,18-24,40,49,89
1997,2,Districte II,4,la Torrassa,245,16-17,17,11,28
2004,2,Districte II,4,la Torrassa,230,12-15,20,15,35
1995,2,Districte II,5,Collblanc,207,18-24,37,33,70
2002,2,Districte II,5,Collblanc,222,35-49,83,72,155
2004,2,Districte II,4,la Torrassa,229,65-74,48,40,88
2004,5,Districte V,10,Pubilla Cases,511,65-74,60,42,102
2009,1,Districte I,1,Centre,103,18-24,23,20,43
2011,6,Districte VI,11,el Gornal,616,50-64,279,263,542
1997,1,Districte I,1,Centre,131,16-17,30,24,54
2006,6,Districte VI,12,Bellvitge,615,25-34,70,76,146
2007,4,Districte IV,7,la Florida,417,75 i +,30,19,49
2009,1,Districte I,1,Centre,124,65-74,30,34,64
2007,1,Districte I,3,Sant Josep,121,18-24,15,25,40
2002,5,Districte V,10,Pubilla Cases,511,16-17,4,5,9
1998,1,Districte I,1,Centre,112,50-64,135,134,269
2015,4,Districte IV,7,la Florida,430,75 i +,56,35,91
2001,2,Districte II,5,Collblanc,205,16-17,8,10,18
2005,4,Districte IV,7,la Florida,406,16-17,9,8,17
1998,5,Districte V,9,Can Serra,521,00-02,5,10,15
2016,5,Districte V,9,Can Serra,521,16-17,7,5,12
1994,2,Districte II,5,Collblanc,226,03-11,34,34,68
2009,4,Districte IV,7,la Florida,414,18-24,37,30,67
2007,4,Districte IV,7,la Florida,431,75 i +,84,46,130
2009,2,Districte II,5,Collblanc,216,16-17,14,13,27
1994,1,Districte I,1,Centre,109,16-17,21,14,35
1998,2,Districte II,5,Collblanc,224,16-17,7,8,15
1998,1,Districte I,2,Sanfeliu,116,18-24,120,119,239
2005,1,Districte I,1,Centre,107,65-74,107,83,190
2006,1,Districte I,1,Centre,113,03-11,45,70,115
2014,2,Districte II,4,la Torrassa,240,50-64,135,135,270
2012,1,Districte I,1,Centre,101,65-74,56,44,100
2001,1,Districte I,1,Centre,135,35-49,181,163,344
2016,6,Districte VI,12,Bellvitge,611,50-64,134,137,271
2005,5,Districte V,9,Can Serra,504,16-17,4,9,13
2005,3,Districte III,6,Santa Eulàlia,309,03-11,30,53,83
2010,1,Districte I,3,Sant Josep,106,50-64,270,222,492
1995,5,Districte V,10,Pubilla Cases,533,50-64,119,107,226
2004,5,Districte V,9,Can Serra,535,50-64,146,130,276
2005,3,Districte III,6,Santa Eulàlia,323,12-15,55,52,107
2008,5,Districte V,10,Pubilla Cases,513,16-17,5,6,11
1995,4,Districte IV,7,la Florida,405,03-11,20,24,44
2013,2,Districte II,5,Collblanc,226,50-64,165,131,296
2008,4,Districte IV,7,la Florida,410,18-24,49,64,113
2000,5,Districte V,10,Pubilla Cases,516,50-64,64,53,117
2003,5,Districte V,10,Pubilla Cases,510,12-15,16,17,33
1998,3,Districte III,6,Santa Eulàlia,307,18-24,114,105,219
2011,2,Districte II,5,Collblanc,207,18-24,23,25,48
2013,1,Districte I,3,Sant Josep,140,50-64,88,66,154
1995,4,Districte IV,8,les Planes,435,12-15,15,24,39
2002,4,Districte IV,8,les Planes,438,75 i +,32,13,45
2006,1,Districte I,3,Sant Josep,121,65-74,59,35,94
1997,5,Districte V,9,Can Serra,505,50-64,217,231,448
1999,2,Districte II,4,la Torrassa,238,03-11,17,19,36
2015,1,Districte I,1,Centre,123,65-74,69,55,124
1994,3,Districte III,6,Santa Eulàlia,321,35-49,317,295,612
2016,1,Districte I,3,Sant Josep,138,03-11,21,28,49
1994,2,Districte II,5,Collblanc,201,18-24,46,53,99
2011,4,Districte IV,8,les Planes,418,75 i +,71,51,122
2005,6,Districte VI,12,Bellvitge,631,75 i +,43,23,66
2006,2,Districte II,5,Collblanc,222,35-49,93,117,210
2015,3,Districte III,6,Santa Eulàlia,315,50-64,186,158,344
1994,2,Districte II,5,Collblanc,222,35-49,84,72,156
1994,6,Districte VI,12,Bellvitge,619,03-11,57,72,129
2000,5,Districte V,9,Can Serra,505,16-17,14,9,23
2012,5,Districte V,9,Can Serra,506,75 i +,100,72,172
1999,2,Districte II,5,Collblanc,204,18-24,19,18,37
1998,6,Districte VI,12,Bellvitge,614,25-34,96,98,194
2002,3,Districte III,6,Santa Eulàlia,307,65-74,70,55,125
1996,1,Districte I,1,Centre,130,75 i +,66,24,90
1995,4,Districte IV,7,la Florida,409,25-34,62,65,127
1995,2,Districte II,5,Collblanc,227,00-02,6,8,14
2011,4,Districte IV,7,la Florida,413,65-74,20,23,43
2001,6,Districte VI,12,Bellvitge,614,75 i +,35,20,55
2008,6,Districte VI,12,Bellvitge,621,00-02,17,21,38
2003,2,Districte II,4,la Torrassa,246,18-24,48,35,83
1994,1,Districte I,1,Centre,124,03-11,56,39,95
2012,2,Districte II,4,la Torrassa,230,00-02,14,16,30
2016,6,Districte VI,12,Bellvitge,614,16-17,6,7,13
2004,1,Districte I,3,Sant Josep,106,16-17,24,17,41
2004,2,Districte II,4,la Torrassa,233,65-74,48,42,90
1998,2,Districte II,4,la Torrassa,217,65-74,45,35,80
2012,4,Districte IV,7,la Florida,412,50-64,177,152,329
1998,4,Districte IV,7,la Florida,409,16-17,16,10,26
2001,4,Districte IV,7,la Florida,412,35-49,178,156,334
2016,6,Districte VI,12,Bellvitge,623,12-15,23,33,56
2000,5,Districte V,9,Can Serra,502,25-34,115,131,246
2008,1,Districte I,3,Sant Josep,138,18-24,26,49,75
2005,1,Districte I,1,Centre,133,35-49,99,93,192
1995,6,Districte VI,12,Bellvitge,612,18-24,118,127,245
1998,5,Districte V,10,Pubilla Cases,529,12-15,12,15,27
2007,6,Districte VI,12,Bellvitge,614,16-17,9,6,15
2012,2,Districte II,4,la Torrassa,234,16-17,8,10,18
2004,6,Districte VI,11,el Gornal,616,03-11,129,156,285
2010,4,Districte IV,7,la Florida,413,18-24,23,28,51
2013,6,Districte VI,12,Bellvitge,624,75 i +,55,34,89
2004,2,Districte II,4,la Torrassa,235,18-24,55,69,124
2003,6,Districte VI,12,Bellvitge,605,16-17,5,2,7
2004,3,Districte III,6,Santa Eulàlia,313,12-15,40,31,71
2001,2,Districte II,4,la Torrassa,245,12-15,11,19,30
2010,5,Districte V,10,Pubilla Cases,509,00-02,22,15,37
2012,1,Districte I,1,Centre,131,12-15,19,15,34
2013,2,Districte II,5,Collblanc,212,03-11,58,61,119
2002,2,Districte II,4,la Torrassa,237,35-49,132,152,284
2006,1,Districte I,2,Sanfeliu,116,00-02,21,14,35
2012,4,Districte IV,8,les Planes,420,00-02,30,21,51
2000,5,Districte V,10,Pubilla Cases,518,35-49,79,94,173
2008,6,Districte VI,11,el Gornal,616,25-34,196,193,389
2016,3,Districte III,6,Santa Eulàlia,314,00-02,36,39,75
1999,1,Districte I,3,Sant Josep,137,12-15,26,30,56
1994,1,Districte I,1,Centre,108,12-15,24,28,52
2002,6,Districte VI,12,Bellvitge,628,25-34,96,111,207
2011,4,Districte IV,7,la Florida,404,03-11,52,61,113
2008,6,Districte VI,12,Bellvitge,603,35-49,69,69,138
1995,3,Districte III,6,Santa Eulàlia,308,25-34,105,102,207
1995,6,Districte VI,12,Bellvitge,612,35-49,101,80,181
2014,4,Districte IV,8,les Planes,420,12-15,25,44,69
2011,4,Districte IV,7,la Florida,410,03-11,59,80,139
2008,2,Districte II,4,la Torrassa,237,35-49,177,197,374
1994,5,Districte V,10,Pubilla Cases,520,50-64,92,97,189
2005,4,Districte IV,7,la Florida,423,75 i +,55,33,88
2004,2,Districte II,5,Collblanc,210,75 i +,87,44,131
2008,5,Districte V,10,Pubilla Cases,513,50-64,53,48,101
2011,5,Districte V,9,Can Serra,506,16-17,13,14,27
1995,6,Districte VI,12,Bellvitge,627,00-02,7,10,17
2002,2,Districte II,4,la Torrassa,245,65-74,65,55,120
2015,4,Districte IV,7,la Florida,409,50-64,159,143,302
2000,2,Districte II,5,Collblanc,206,12-15,15,12,27
1994,5,Districte V,10,Pubilla Cases,533,12-15,14,14,28
2010,2,Districte II,4,la Torrassa,232,25-34,92,81,173
2002,1,Districte I,1,Centre,108,65-74,81,71,152
1996,2,Districte II,5,Collblanc,213,03-11,30,38,68
1998,5,Districte V,9,Can Serra,507,03-11,29,25,54
1995,6,Districte VI,12,Bellvitge,614,00-02,9,12,21
1999,1,Districte I,3,Sant Josep,125,00-02,8,8,16
2015,3,Districte III,6,Santa Eulàlia,322,03-11,65,57,122
2009,2,Districte II,4,la Torrassa,230,25-34,112,114,226
2004,6,Districte VI,12,Bellvitge,613,75 i +,43,18,61
1997,2,Districte II,4,la Torrassa,234,18-24,31,40,71
2011,3,Districte III,6,Santa Eulàlia,322,50-64,107,93,200
2014,3,Districte III,6,Santa Eulàlia,322,12-15,25,31,56
2011,4,Districte IV,8,les Planes,441,35-49,194,219,413
2006,6,Districte VI,11,el Gornal,629,50-64,52,44,96
2009,6,Districte VI,12,Bellvitge,630,18-24,29,35,64
1997,3,Districte III,6,Santa Eulàlia,308,00-02,9,15,24
1994,1,Districte I,2,Sanfeliu,118,35-49,275,277,552
2014,3,Districte III,6,Santa Eulàlia,309,25-34,109,92,201
2016,6,Districte VI,11,el Gornal,626,50-64,74,72,146
2007,3,Districte III,6,Santa Eulàlia,310,18-24,44,40,84
1998,1,Districte I,3,Sant Josep,121,65-74,96,79,175
1997,1,Districte I,1,Centre,113,03-11,72,78,150
2015,2,Districte II,5,Collblanc,208,65-74,101,88,189
1994,1,Districte I,1,Centre,103,00-02,6,7,13
2010,4,Districte IV,7,la Florida,428,65-74,20,12,32
2016,5,Districte V,10,Pubilla Cases,520,16-17,11,11,22
2008,5,Districte V,10,Pubilla Cases,526,75 i +,39,24,63
2011,5,Districte V,10,Pubilla Cases,524,65-74,57,43,100
2004,1,Districte I,2,Sanfeliu,132,16-17,27,18,45
2010,2,Districte II,4,la Torrassa,247,25-34,122,127,249
1996,4,Districte IV,7,la Florida,425,16-17,10,6,16
2001,1,Districte I,1,Centre,130,16-17,4,5,9
2008,6,Districte VI,12,Bellvitge,615,50-64,116,71,187
1996,4,Districte IV,7,la Florida,416,16-17,7,13,20
1995,4,Districte IV,7,la Florida,423,25-34,82,88,170
2003,4,Districte IV,7,la Florida,424,65-74,36,37,73
1998,1,Districte I,1,Centre,111,18-24,50,84,134
2011,5,Districte V,10,Pubilla Cases,534,00-02,8,14,22
2012,1,Districte I,1,Centre,110,75 i +,80,38,118
2000,2,Districte II,4,la Torrassa,231,18-24,46,57,103
1998,6,Districte VI,12,Bellvitge,615,65-74,30,28,58
2000,6,Districte VI,11,el Gornal,616,16-17,54,31,85
2014,4,Districte IV,7,la Florida,407,65-74,45,33,78
1995,1,Districte I,1,Centre,130,00-02,6,4,10
2008,1,Districte I,3,Sant Josep,125,18-24,65,61,126
2006,5,Districte V,10,Pubilla Cases,532,65-74,72,67,139
1997,2,Districte II,4,la Torrassa,249,03-11,22,21,43
2010,1,Districte I,1,Centre,113,03-11,51,77,128
1999,2,Districte II,4,la Torrassa,247,25-34,94,103,197
1995,1,Districte I,3,Sant Josep,117,12-15,62,73,135
2010,1,Districte I,1,Centre,131,75 i +,62,53,115
2007,1,Districte I,1,Centre,112,75 i +,70,37,107
2003,5,Districte V,10,Pubilla Cases,524,25-34,151,153,304
2008,6,Districte VI,12,Bellvitge,631,12-15,18,13,31
2014,4,Districte IV,8,les Planes,437,16-17,15,13,28
2005,4,Districte IV,7,la Florida,410,00-02,15,24,39
1996,3,Districte III,6,Santa Eulàlia,304,00-02,12,13,25
2016,2,Districte II,4,la Torrassa,246,25-34,101,104,205
2016,6,Districte VI,12,Bellvitge,627,65-74,88,91,179
2003,5,Districte V,10,Pubilla Cases,518,18-24,39,39,78
2008,4,Districte IV,7,la Florida,413,25-34,56,59,115
2013,3,Districte III,6,Santa Eulàlia,316,65-74,100,113,213
2003,6,Districte VI,12,Bellvitge,602,75 i +,19,10,29
2008,5,Districte V,10,Pubilla Cases,524,00-02,36,27,63
1995,2,Districte II,4,la Torrassa,238,03-11,18,28,46
2007,4,Districte IV,7,la Florida,413,50-64,40,37,77
2012,6,Districte VI,12,Bellvitge,620,03-11,20,16,36
2005,2,Districte II,4,la Torrassa,240,00-02,11,10,21
1997,3,Districte III,6,Santa Eulàlia,306,50-64,132,115,247
2007,1,Districte I,3,Sant Josep,139,75 i +,40,22,62
1998,6,Districte VI,12,Bellvitge,611,12-15,23,18,41
1995,6,Districte VI,12,Bellvitge,628,00-02,10,9,19
2003,3,Districte III,6,Santa Eulàlia,306,03-11,66,54,120
2006,5,Districte V,9,Can Serra,521,35-49,69,83,152
2000,4,Districte IV,7,la Florida,421,75 i +,50,33,83
2014,6,Districte VI,11,el Gornal,622,12-15,10,21,31
1999,5,Districte V,10,Pubilla Cases,510,75 i +,42,25,67
2005,1,Districte I,1,Centre,105,75 i +,56,32,88
2003,5,Districte V,9,Can Serra,535,65-74,41,48,89
1999,3,Districte III,6,Santa Eulàlia,315,35-49,176,176,352
1997,3,Districte III,6,Santa Eulàlia,325,65-74,124,98,222
1998,5,Districte V,10,Pubilla Cases,509,50-64,80,88,168
2005,6,Districte VI,12,Bellvitge,619,75 i +,55,39,94
1997,6,Districte VI,12,Bellvitge,613,75 i +,37,22,59
1997,4,Districte IV,7,la Florida,402,16-17,3,7,10
1999,1,Districte I,1,Centre,128,50-64,107,104,211
2006,6,Districte VI,12,Bellvitge,627,35-49,93,75,168
2006,4,Districte IV,7,la Florida,415,00-02,17,11,28
2008,5,Districte V,10,Pubilla Cases,525,25-34,94,123,217
2001,3,Districte III,6,Santa Eulàlia,310,12-15,17,21,38
2009,3,Districte III,6,Santa Eulàlia,301,12-15,34,41,75
1996,1,Districte I,3,Sant Josep,122,50-64,134,122,256
2016,5,Districte V,10,Pubilla Cases,530,65-74,64,33,97
2013,6,Districte VI,11,el Gornal,608,12-15,19,17,36
1996,1,Districte I,3,Sant Josep,122,12-15,13,8,21
2000,2,Districte II,4,la Torrassa,233,12-15,11,8,19
2009,1,Districte I,1,Centre,131,03-11,44,46,90
2014,2,Districte II,5,Collblanc,209,75 i +,78,55,133
2005,2,Districte II,5,Collblanc,203,18-24,36,33,69
2000,5,Districte V,10,Pubilla Cases,517,18-24,44,62,106
2010,5,Districte V,9,Can Serra,502,75 i +,126,66,192
2015,1,Districte I,1,Centre,101,25-34,139,130,269
1994,2,Districte II,4,la Torrassa,240,75 i +,42,16,58
2010,1,Districte I,1,Centre,110,35-49,118,113,231
1995,4,Districte IV,7,la Florida,410,75 i +,56,33,89
2012,4,Districte IV,7,la Florida,407,18-24,34,39,73
2007,6,Districte VI,12,Bellvitge,615,50-64,133,79,212
1999,4,Districte IV,7,la Florida,415,16-17,8,9,17
2011,2,Districte II,4,la Torrassa,243,12-15,15,33,48
1996,1,Districte I,1,Centre,128,00-02,9,9,18
2005,1,Districte I,2,Sanfeliu,132,75 i +,65,45,110
2010,4,Districte IV,8,les Planes,440,03-11,38,40,78
1997,1,Districte I,1,Centre,107,16-17,34,28,62
2003,3,Districte III,6,Santa Eulàlia,315,25-34,167,155,322
2010,5,Districte V,10,Pubilla Cases,524,65-74,62,43,105
2006,5,Districte V,10,Pubilla Cases,517,16-17,12,13,25
2006,2,Districte II,5,Collblanc,204,03-11,12,13,25
2004,1,Districte I,3,Sant Josep,139,25-34,103,96,199
2014,5,Districte V,10,Pubilla Cases,508,25-34,110,108,218
2007,5,Districte V,10,Pubilla Cases,538,18-24,54,59,113
1998,5,Districte V,10,Pubilla Cases,538,00-02,8,11,19
1997,3,Districte III,6,Santa Eulàlia,321,00-02,23,22,45
1999,5,Districte V,10,Pubilla Cases,526,75 i +,34,18,52
2015,2,Districte II,5,Collblanc,213,25-34,94,76,170
2015,2,Districte II,4,la Torrassa,243,75 i +,108,70,178
2004,1,Districte I,3,Sant Josep,121,00-02,16,9,25
2009,3,Districte III,6,Santa Eulàlia,323,50-64,391,347,738
1998,2,Districte II,5,Collblanc,207,00-02,7,6,13
1994,2,Districte II,5,Collblanc,201,50-64,91,90,181
2000,5,Districte V,9,Can Serra,502,00-02,14,15,29
2002,3,Districte III,6,Santa Eulàlia,321,25-34,177,183,360
2016,5,Districte V,10,Pubilla Cases,517,25-34,165,180,345
2007,5,Districte V,10,Pubilla Cases,528,75 i +,59,42,101
2006,6,Districte VI,12,Bellvitge,621,35-49,137,136,273
2010,6,Districte VI,12,Bellvitge,613,12-15,13,22,35
2006,1,Districte I,1,Centre,103,65-74,49,32,81
1996,1,Districte I,1,Centre,133,65-74,53,47,100
1999,6,Districte VI,12,Bellvitge,605,25-34,68,81,149
2008,2,Districte II,5,Collblanc,221,75 i +,60,46,106
2003,6,Districte VI,12,Bellvitge,614,25-34,85,100,185
2000,1,Districte I,1,Centre,109,16-17,9,15,24
1997,2,Districte II,4,la Torrassa,242,03-11,32,27,59
2013,1,Districte I,3,Sant Josep,114,75 i +,101,62,163
1995,6,Districte VI,12,Bellvitge,607,35-49,83,83,166
1994,2,Districte II,5,Collblanc,206,16-17,11,13,24
2000,2,Districte II,5,Collblanc,203,50-64,55,61,116
1999,2,Districte II,5,Collblanc,224,12-15,8,14,22
1999,5,Districte V,10,Pubilla Cases,513,00-02,6,10,16
2009,2,Districte II,4,la Torrassa,238,03-11,34,33,67
1999,4,Districte IV,7,la Florida,412,25-34,100,129,229
2010,5,Districte V,10,Pubilla Cases,515,50-64,37,32,69
2005,2,Districte II,4,la Torrassa,236,50-64,91,82,173
2011,4,Districte IV,7,la Florida,405,00-02,14,12,26
2011,2,Districte II,5,Collblanc,244,18-24,28,25,53
1998,2,Districte II,5,Collblanc,206,03-11,30,27,57
1997,6,Districte VI,12,Bellvitge,611,18-24,113,106,219
2013,1,Districte I,1,Centre,108,12-15,30,27,57
2015,2,Districte II,4,la Torrassa,229,16-17,25,14,39
2014,1,Districte I,3,Sant Josep,136,65-74,64,63,127
2016,5,Districte V,10,Pubilla Cases,529,12-15,24,25,49
1997,5,Districte V,10,Pubilla Cases,532,75 i +,64,41,105
2012,3,Districte III,6,Santa Eulàlia,325,16-17,21,12,33
1997,2,Districte II,5,Collblanc,222,25-34,72,73,145
2003,4,Districte IV,8,les Planes,437,50-64,83,54,137
2000,6,Districte VI,12,Bellvitge,615,35-49,51,52,103
2014,3,Districte III,6,Santa Eulàlia,314,00-02,28,24,52
2013,1,Districte I,1,Centre,103,00-02,11,14,25
2001,1,Districte I,1,Centre,101,65-74,37,37,74
2010,6,Districte VI,12,Bellvitge,611,35-49,233,274,507
1997,2,Districte II,4,la Torrassa,243,03-11,42,53,95
2016,1,Districte I,3,Sant Josep,115,35-49,164,159,323
2008,2,Districte II,4,la Torrassa,239,12-15,18,17,35
2008,6,Districte VI,12,Bellvitge,619,03-11,47,44,91
2012,3,Districte III,6,Santa Eulàlia,325,75 i +,188,100,288
2010,2,Districte II,4,la Torrassa,243,65-74,79,57,136
1995,5,Districte V,10,Pubilla Cases,520,50-64,88,96,184
1999,2,Districte II,4,la Torrassa,238,00-02,5,6,11
2006,4,Districte IV,8,les Planes,442,50-64,50,42,92
2012,4,Districte IV,7,la Florida,407,25-34,79,88,167
2014,4,Districte IV,7,la Florida,430,75 i +,52,36,88
2014,4,Districte IV,8,les Planes,437,35-49,187,221,408
2011,1,Districte I,3,Sant Josep,137,75 i +,52,36,88
1998,2,Districte II,5,Collblanc,204,18-24,23,21,44
2003,5,Districte V,10,Pubilla Cases,538,35-49,125,116,241
1995,5,Districte V,10,Pubilla Cases,525,16-17,20,11,31
2016,1,Districte I,3,Sant Josep,125,03-11,74,78,152
2010,1,Districte I,1,Centre,130,00-02,18,19,37
2005,1,Districte I,3,Sant Josep,117,50-64,214,213,427
2016,1,Districte I,1,Centre,112,12-15,43,31,74
2015,1,Districte I,1,Centre,133,03-11,38,31,69
2004,3,Districte III,6,Santa Eulàlia,312,75 i +,60,30,90
2012,4,Districte IV,8,les Planes,419,03-11,42,59,101
2000,1,Districte I,3,Sant Josep,115,75 i +,49,26,75
2003,2,Districte II,5,Collblanc,215,18-24,34,39,73
2000,4,Districte IV,8,les Planes,438,18-24,36,34,70
2005,1,Districte I,1,Centre,113,03-11,38,68,106
1995,3,Districte III,6,Santa Eulàlia,321,03-11,97,115,212
1994,3,Districte III,6,Santa Eulàlia,319,00-02,5,8,13
2010,5,Districte V,10,Pubilla Cases,533,65-74,59,29,88
2009,4,Districte IV,7,la Florida,413,03-11,15,24,39
2003,5,Districte V,10,Pubilla Cases,531,03-11,25,34,59
2015,3,Districte III,6,Santa Eulàlia,322,75 i +,73,44,117
2007,2,Districte II,5,Collblanc,203,12-15,7,14,21
2004,1,Districte I,1,Centre,109,75 i +,60,36,96
1995,6,Districte VI,11,el Gornal,622,25-34,94,85,179
2005,6,Districte VI,12,Bellvitge,612,18-24,37,35,72
1994,6,Districte VI,12,Bellvitge,613,12-15,24,24,48
1996,3,Districte III,6,Santa Eulàlia,308,00-02,9,16,25
2000,2,Districte II,5,Collblanc,202,25-34,66,74,140
2000,5,Districte V,10,Pubilla Cases,536,16-17,5,7,12
2013,2,Districte II,5,Collblanc,202,50-64,130,102,232
1996,2,Districte II,4,la Torrassa,234,12-15,15,17,32
2015,5,Districte V,9,Can Serra,504,25-34,83,73,156
1996,5,Districte V,10,Pubilla Cases,520,50-64,87,97,184
2005,2,Districte II,5,Collblanc,222,00-02,18,8,26
2016,1,Districte I,1,Centre,113,16-17,11,10,21
2016,2,Districte II,5,Collblanc,223,25-34,95,100,195
1995,3,Districte III,6,Santa Eulàlia,314,50-64,122,139,261
1998,3,Districte III,6,Santa Eulàlia,319,35-49,109,97,206
2006,1,Districte I,1,Centre,103,18-24,28,30,58
1996,4,Districte IV,8,les Planes,433,25-34,108,110,218
2005,1,Districte I,3,Sant Josep,139,00-02,11,18,29
2015,1,Districte I,1,Centre,109,16-17,16,7,23
1999,5,Districte V,10,Pubilla Cases,508,12-15,13,11,24
1999,4,Districte IV,7,la Florida,430,12-15,11,15,26
2012,2,Districte II,5,Collblanc,220,50-64,69,60,129
2012,6,Districte VI,12,Bellvitge,620,25-34,28,28,56
2003,3,Districte III,6,Santa Eulàlia,317,00-02,14,13,27
2004,2,Districte II,4,la Torrassa,211,00-02,23,16,39
2013,1,Districte I,1,Centre,101,16-17,15,12,27
1995,2,Districte II,4,la Torrassa,237,12-15,26,21,47
2002,1,Districte I,2,Sanfeliu,116,25-34,146,139,285
2009,5,Districte V,10,Pubilla Cases,520,65-74,49,46,95
1995,2,Districte II,5,Collblanc,207,12-15,15,19,34
2005,3,Districte III,6,Santa Eulàlia,315,16-17,12,17,29
2009,5,Districte V,10,Pubilla Cases,530,12-15,18,24,42
1997,6,Districte VI,12,Bellvitge,611,16-17,14,20,34
2000,2,Districte II,5,Collblanc,210,35-49,76,82,158
2004,6,Districte VI,12,Bellvitge,628,35-49,83,92,175
2009,1,Districte I,1,Centre,135,65-74,79,66,145
2012,2,Districte II,5,Collblanc,221,65-74,50,45,95
2002,1,Districte I,1,Centre,101,00-02,26,18,44
1998,3,Districte III,6,Santa Eulàlia,322,12-15,26,18,44
1994,6,Districte VI,11,el Gornal,608,35-49,101,95,196
1998,4,Districte IV,8,les Planes,434,00-02,6,5,11
1995,4,Districte IV,8,les Planes,435,65-74,114,89,203
1996,4,Districte IV,7,la Florida,421,12-15,21,25,46
1995,2,Districte II,4,la Torrassa,231,12-15,14,17,31
2003,3,Districte III,6,Santa Eulàlia,311,25-34,123,147,270
1996,5,Districte V,10,Pubilla Cases,536,18-24,53,55,108
2014,4,Districte IV,7,la Florida,403,00-02,17,13,30
2009,1,Districte I,3,Sant Josep,126,16-17,8,3,11
2012,1,Districte I,3,Sant Josep,125,50-64,152,142,294
1995,5,Districte V,10,Pubilla Cases,520,16-17,14,16,30
1997,6,Districte VI,11,el Gornal,629,03-11,26,22,48
2004,2,Districte II,5,Collblanc,220,35-49,112,111,223
2013,5,Districte V,10,Pubilla Cases,532,25-34,113,110,223
2000,4,Districte IV,8,les Planes,401,35-49,119,113,232
1998,1,Districte I,3,Sant Josep,137,16-17,22,12,34
1998,2,Districte II,5,Collblanc,225,65-74,52,33,85
2006,1,Districte I,1,Centre,105,25-34,117,108,225
2007,5,Districte V,10,Pubilla Cases,512,75 i +,49,21,70
2001,4,Districte IV,7,la Florida,405,65-74,81,80,161
2003,1,Districte I,1,Centre,124,18-24,45,39,84
2008,2,Districte II,4,la Torrassa,235,25-34,154,176,330
2001,6,Districte VI,12,Bellvitge,624,00-02,6,12,18
2002,2,Districte II,4,la Torrassa,238,03-11,20,18,38
1996,6,Districte VI,12,Bellvitge,604,18-24,62,59,121
2005,5,Districte V,9,Can Serra,503,12-15,14,18,32
2007,1,Districte I,1,Centre,105,50-64,138,112,250
2006,2,Districte II,4,la Torrassa,211,35-49,186,217,403
2001,6,Districte VI,12,Bellvitge,624,65-74,50,40,90
2011,1,Districte I,1,Centre,123,12-15,14,28,42
2016,4,Districte IV,7,la Florida,414,50-64,161,143,304
2010,1,Districte I,1,Centre,134,00-02,21,22,43
2001,2,Districte II,4,la Torrassa,234,16-17,5,8,13
2000,2,Districte II,5,Collblanc,223,65-74,80,70,150
2001,1,Districte I,3,Sant Josep,119,50-64,173,174,347
2016,1,Districte I,1,Centre,124,18-24,20,23,43
1997,5,Districte V,10,Pubilla Cases,532,00-02,16,12,28
1995,4,Districte IV,8,les Planes,441,35-49,280,281,561
2012,4,Districte IV,7,la Florida,422,16-17,11,10,21
2014,6,Districte VI,12,Bellvitge,623,65-74,125,97,222
2005,5,Districte V,9,Can Serra,503,25-34,74,89,163
2006,4,Districte IV,7,la Florida,422,25-34,113,132,245
2010,2,Districte II,4,la Torrassa,239,00-02,19,20,39
2008,5,Districte V,10,Pubilla Cases,516,12-15,11,23,34
2006,1,Districte I,3,Sant Josep,121,35-49,105,105,210
2005,2,Districte II,4,la Torrassa,249,00-02,17,17,34
2011,1,Districte I,1,Centre,135,12-15,27,22,49
2002,4,Districte IV,7,la Florida,426,50-64,80,75,155
2000,2,Districte II,5,Collblanc,215,18-24,32,35,67
2016,6,Districte VI,12,Bellvitge,601,25-34,117,123,240
2012,4,Districte IV,7,la Florida,427,18-24,31,46,77
2005,5,Districte V,10,Pubilla Cases,509,25-34,87,106,193
2009,1,Districte I,1,Centre,113,65-74,55,56,111
1994,4,Districte IV,7,la Florida,407,75 i +,28,21,49
2007,1,Districte I,1,Centre,123,03-11,46,50,96
2009,1,Districte I,2,Sanfeliu,118,35-49,187,181,368
2015,3,Districte III,6,Santa Eulàlia,306,16-17,19,15,34
1998,1,Districte I,3,Sant Josep,138,03-11,27,44,71
2009,3,Districte III,6,Santa Eulàlia,313,65-74,78,75,153
2001,1,Districte I,1,Centre,112,00-02,8,12,20
2010,6,Districte VI,12,Bellvitge,618,00-02,4,5,9
2001,3,Districte III,6,Santa Eulàlia,305,00-02,20,14,34
2016,1,Districte I,3,Sant Josep,137,50-64,163,139,302
2014,2,Districte II,5,Collblanc,201,12-15,21,21,42
2004,6,Districte VI,12,Bellvitge,601,25-34,127,147,274
1996,2,Districte II,5,Collblanc,205,25-34,54,59,113
2003,2,Districte II,5,Collblanc,219,65-74,74,54,128
2011,6,Districte VI,12,Bellvitge,611,00-02,16,29,45
2002,6,Districte VI,12,Bellvitge,605,18-24,24,25,49
1994,3,Districte III,6,Santa Eulàlia,302,25-34,122,124,246
1998,6,Districte VI,12,Bellvitge,631,25-34,108,110,218
1999,2,Districte II,4,la Torrassa,248,00-02,12,9,21
2003,4,Districte IV,7,la Florida,432,50-64,152,151,303
2010,3,Districte III,6,Santa Eulàlia,322,03-11,61,60,121
2001,6,Districte VI,12,Bellvitge,615,03-11,11,21,32
2012,1,Districte I,3,Sant Josep,126,35-49,118,119,237
2003,5,Districte V,9,Can Serra,521,16-17,16,7,23
2009,6,Districte VI,11,el Gornal,622,18-24,30,33,63
2005,4,Districte IV,7,la Florida,427,50-64,69,58,127
2013,5,Districte V,9,Can Serra,521,65-74,88,103,191
2013,1,Districte I,1,Centre,101,25-34,89,68,157
2007,1,Districte I,1,Centre,101,16-17,8,15,23
2010,5,Districte V,10,Pubilla Cases,509,35-49,93,115,208
1999,1,Districte I,2,Sanfeliu,129,50-64,128,126,254
2006,3,Districte III,6,Santa Eulàlia,320,00-02,22,17,39
2013,5,Districte V,9,Can Serra,505,50-64,106,67,173
2002,1,Districte I,3,Sant Josep,127,00-02,13,8,21
2015,5,Districte V,10,Pubilla Cases,518,50-64,84,84,168
2013,6,Districte VI,12,Bellvitge,630,25-34,50,60,110
2010,2,Districte II,4,la Torrassa,239,75 i +,94,63,157
2004,4,Districte IV,8,les Planes,401,18-24,57,70,127
2013,4,Districte IV,7,la Florida,425,65-74,45,44,89
2008,6,Districte VI,11,el Gornal,632,00-02,23,22,45
1999,3,Districte III,6,Santa Eulàlia,306,12-15,26,36,62
1995,4,Districte IV,7,la Florida,425,16-17,8,13,21
1996,5,Districte V,10,Pubilla Cases,511,12-15,6,11,17
1997,3,Districte III,6,Santa Eulàlia,312,35-49,136,134,270
1997,1,Districte I,1,Centre,130,12-15,8,14,22
2001,1,Districte I,3,Sant Josep,115,35-49,152,143,295
2003,5,Districte V,10,Pubilla Cases,529,35-49,127,127,254
1994,2,Districte II,5,Collblanc,207,16-17,5,12,17
1995,3,Districte III,6,Santa Eulàlia,319,35-49,106,100,206
1995,3,Districte III,6,Santa Eulàlia,307,00-02,15,15,30
2014,6,Districte VI,12,Bellvitge,621,50-64,163,106,269
2010,5,Districte V,10,Pubilla Cases,536,65-74,44,44,88
2011,2,Districte II,4,la Torrassa,238,35-49,121,133,254
2009,2,Districte II,4,la Torrassa,231,03-11,56,59,115
2014,3,Districte III,6,Santa Eulàlia,307,25-34,79,91,170
1998,2,Districte II,5,Collblanc,244,35-49,56,64,120
2005,4,Districte IV,7,la Florida,414,03-11,34,43,77
2005,4,Districte IV,8,les Planes,434,00-02,10,7,17
2015,2,Districte II,4,la Torrassa,240,75 i +,125,74,199
2000,1,Districte I,3,Sant Josep,127,18-24,35,41,76
2011,6,Districte VI,12,Bellvitge,618,50-64,61,40,101
2015,2,Districte II,4,la Torrassa,233,25-34,95,79,174
2013,1,Districte I,1,Centre,113,00-02,26,27,53
2015,2,Districte II,4,la Torrassa,234,65-74,40,24,64
2004,4,Districte IV,7,la Florida,422,25-34,109,130,239
1994,3,Districte III,6,Santa Eulàlia,301,00-02,13,17,30
2005,1,Districte I,3,Sant Josep,106,16-17,24,14,38
2009,1,Districte I,1,Centre,109,18-24,45,30,75
2005,4,Districte IV,7,la Florida,414,12-15,20,13,33
1995,4,Districte IV,7,la Florida,423,50-64,132,130,262
2008,1,Districte I,1,Centre,112,35-49,191,169,360
2010,1,Districte I,1,Centre,112,16-17,22,12,34
2001,2,Districte II,5,Collblanc,215,12-15,12,14,26
2011,5,Districte V,9,Can Serra,535,03-11,31,40,71
2012,5,Districte V,10,Pubilla Cases,528,18-24,48,47,95
2015,1,Districte I,1,Centre,134,50-64,136,113,249
2002,5,Districte V,10,Pubilla Cases,528,16-17,3,6,9
2006,4,Districte IV,8,les Planes,436,12-15,13,15,28
2013,2,Districte II,5,Collblanc,216,16-17,12,10,22
2001,1,Districte I,3,Sant Josep,127,25-34,61,85,146
1998,4,Districte IV,7,la Florida,424,12-15,10,13,23
2007,1,Districte I,3,Sant Josep,122,50-64,85,54,139
2008,1,Districte I,3,Sant Josep,119,16-17,9,14,23
1996,3,Districte III,6,Santa Eulàlia,310,25-34,70,69,139
1994,5,Districte V,10,Pubilla Cases,525,35-49,74,77,151
2005,5,Districte V,9,Can Serra,507,25-34,93,102,195
2011,2,Districte II,5,Collblanc,215,50-64,85,70,155
2003,1,Districte I,1,Centre,131,16-17,8,15,23
2013,4,Districte IV,7,la Florida,407,16-17,10,3,13
2006,2,Districte II,5,Collblanc,208,00-02,17,12,29
2002,4,Districte IV,8,les Planes,434,25-34,39,38,77
2006,2,Districte II,5,Collblanc,204,35-49,64,80,144
2011,4,Districte IV,7,la Florida,414,65-74,43,43,86
2005,4,Districte IV,8,les Planes,435,00-02,11,17,28
2013,2,Districte II,5,Collblanc,208,03-11,38,58,96
2004,4,Districte IV,7,la Florida,405,16-17,8,3,11
2003,5,Districte V,10,Pubilla Cases,538,65-74,86,88,174
2016,6,Districte VI,11,el Gornal,626,00-02,13,10,23
1999,3,Districte III,6,Santa Eulàlia,324,03-11,37,34,71
2000,2,Districte II,5,Collblanc,206,18-24,36,35,71
2005,2,Districte II,5,Collblanc,227,12-15,13,7,20
2009,1,Districte I,3,Sant Josep,140,50-64,85,74,159
1994,1,Districte I,3,Sant Josep,114,12-15,66,54,120
1994,4,Districte IV,7,la Florida,421,35-49,110,86,196
2013,6,Districte VI,11,el Gornal,632,18-24,26,35,61
2008,4,Districte IV,7,la Florida,425,25-34,88,81,169
2003,3,Districte III,6,Santa Eulàlia,320,75 i +,34,13,47
2001,6,Districte VI,12,Bellvitge,613,50-64,200,181,381
2011,3,Districte III,6,Santa Eulàlia,313,03-11,93,91,184
2004,4,Districte IV,8,les Planes,429,35-49,57,68,125
2011,5,Districte V,10,Pubilla Cases,524,18-24,53,62,115
2000,6,Districte VI,12,Bellvitge,606,65-74,78,64,142
2010,4,Districte IV,7,la Florida,411,75 i +,96,61,157
2002,2,Districte II,5,Collblanc,222,03-11,43,24,67
1998,5,Districte V,10,Pubilla Cases,514,75 i +,32,13,45
1998,1,Districte I,3,Sant Josep,127,00-02,8,11,19
2010,2,Districte II,5,Collblanc,220,18-24,35,38,73
2005,1,Districte I,3,Sant Josep,139,03-11,35,46,81
2003,4,Districte IV,7,la Florida,426,25-34,90,123,213
2003,5,Districte V,10,Pubilla Cases,532,75 i +,81,46,127
1999,2,Districte II,5,Collblanc,204,50-64,52,42,94
1994,6,Districte VI,12,Bellvitge,628,16-17,24,33,57
2014,6,Districte VI,12,Bellvitge,610,50-64,79,72,151
2015,2,Districte II,4,la Torrassa,238,50-64,65,59,124
1996,2,Districte II,5,Collblanc,214,75 i +,35,18,53
1999,4,Districte IV,7,la Florida,412,35-49,175,172,347
1994,4,Districte IV,7,la Florida,414,16-17,14,13,27
1997,1,Districte I,3,Sant Josep,136,50-64,93,88,181
2002,5,Districte V,10,Pubilla Cases,534,25-34,91,106,197
1999,4,Districte IV,7,la Florida,426,03-11,24,26,50
1998,2,Districte II,4,la Torrassa,236,25-34,70,83,153
2006,5,Districte V,10,Pubilla Cases,509,25-34,85,111,196
2004,3,Districte III,6,Santa Eulàlia,302,50-64,193,182,375
2010,6,Districte VI,12,Bellvitge,630,35-49,72,90,162
2016,3,Districte III,6,Santa Eulàlia,316,65-74,146,141,287
2014,6,Districte VI,11,el Gornal,622,00-02,7,7,14
2010,1,Districte I,1,Centre,112,50-64,171,166,337
1995,4,Districte IV,7,la Florida,427,16-17,8,15,23
2003,6,Districte VI,11,el Gornal,632,65-74,61,54,115
2009,6,Districte VI,12,Bellvitge,607,65-74,103,92,195
2008,4,Districte IV,7,la Florida,410,12-15,22,26,48
2014,6,Districte VI,11,el Gornal,617,25-34,49,49,98
2011,4,Districte IV,7,la Florida,402,35-49,106,107,213
2012,1,Districte I,3,Sant Josep,121,12-15,18,15,33
1996,2,Districte II,4,la Torrassa,238,65-74,62,50,112
1994,5,Districte V,9,Can Serra,503,25-34,78,64,142
2004,4,Districte IV,8,les Planes,442,18-24,28,19,47
2012,3,Districte III,6,Santa Eulàlia,314,65-74,94,89,183
2015,1,Districte I,1,Centre,134,16-17,18,9,27
1998,2,Districte II,4,la Torrassa,246,35-49,86,98,184
2006,2,Districte II,4,la Torrassa,229,12-15,18,22,40
1994,6,Districte VI,12,Bellvitge,606,75 i +,32,13,45
1998,6,Districte VI,12,Bellvitge,603,50-64,84,74,158
2004,3,Districte III,6,Santa Eulàlia,302,65-74,59,45,104
1998,5,Districte V,9,Can Serra,535,35-49,124,111,235
1997,6,Districte VI,11,el Gornal,632,00-02,19,17,36
2007,6,Districte VI,12,Bellvitge,602,35-49,62,67,129
1995,1,Districte I,1,Centre,124,12-15,27,31,58
2016,3,Districte III,6,Santa Eulàlia,326,12-15,18,15,33
2016,2,Districte II,4,la Torrassa,231,16-17,21,17,38
2004,4,Districte IV,8,les Planes,435,50-64,81,77,158
1994,1,Districte I,1,Centre,108,75 i +,72,39,111
2005,1,Districte I,1,Centre,109,25-34,87,70,157
2015,4,Districte IV,7,la Florida,403,65-74,83,57,140
2005,3,Districte III,6,Santa Eulàlia,303,00-02,15,15,30
1999,4,Districte IV,8,les Planes,434,16-17,3,9,12
1997,5,Districte V,10,Pubilla Cases,511,25-34,56,74,130
1996,5,Districte V,10,Pubilla Cases,509,00-02,7,14,21
1994,2,Districte II,4,la Torrassa,242,35-49,83,92,175
2004,3,Districte III,6,Santa Eulàlia,316,35-49,298,221,519
2009,2,Districte II,4,la Torrassa,228,50-64,42,43,85
2002,1,Districte I,3,Sant Josep,120,18-24,75,84,159
1996,3,Districte III,6,Santa Eulàlia,322,00-02,16,12,28
2002,1,Districte I,2,Sanfeliu,132,12-15,43,32,75
1998,5,Districte V,9,Can Serra,507,18-24,60,64,124
1999,5,Districte V,10,Pubilla Cases,520,16-17,7,11,18
1995,4,Districte IV,7,la Florida,427,50-64,105,70,175
2001,2,Districte II,4,la Torrassa,249,16-17,7,12,19
1994,5,Districte V,10,Pubilla Cases,520,25-34,79,67,146
2015,4,Districte IV,7,la Florida,412,18-24,62,54,116
2011,1,Districte I,3,Sant Josep,119,65-74,87,80,167
2002,5,Districte V,10,Pubilla Cases,522,50-64,57,53,110
2009,4,Districte IV,8,les Planes,440,03-11,41,34,75
2001,3,Districte III,6,Santa Eulàlia,309,18-24,40,48,88
2011,4,Districte IV,7,la Florida,416,50-64,57,55,112
2010,6,Districte VI,11,el Gornal,608,50-64,77,58,135
2002,2,Districte II,5,Collblanc,207,00-02,7,10,17
1996,5,Districte V,9,Can Serra,505,25-34,114,123,237
2014,2,Districte II,5,Collblanc,208,03-11,33,52,85
2001,4,Districte IV,8,les Planes,420,65-74,77,67,144
2009,3,Districte III,6,Santa Eulàlia,304,00-02,35,43,78
1998,2,Districte II,4,la Torrassa,249,00-02,8,8,16
1997,2,Districte II,4,la Torrassa,237,65-74,83,57,140
2008,5,Districte V,10,Pubilla Cases,512,18-24,43,49,92
1996,3,Districte III,6,Santa Eulàlia,302,12-15,31,36,67
2001,2,Districte II,5,Collblanc,225,75 i +,45,34,79
2006,4,Districte IV,7,la Florida,430,35-49,112,124,236
1997,5,Districte V,10,Pubilla Cases,514,25-34,67,62,129
2013,4,Districte IV,8,les Planes,420,00-02,32,32,64
1999,4,Districte IV,7,la Florida,406,35-49,128,130,258
2007,4,Districte IV,7,la Florida,417,12-15,7,11,18
2014,5,Districte V,10,Pubilla Cases,523,50-64,87,115,202
2003,2,Districte II,4,la Torrassa,230,65-74,47,42,89
2004,4,Districte IV,8,les Planes,419,00-02,15,18,33
1994,3,Districte III,6,Santa Eulàlia,312,03-11,64,35,99
2012,5,Districte V,9,Can Serra,521,16-17,7,8,15
2011,2,Districte II,4,la Torrassa,248,75 i +,72,50,122
1994,5,Districte V,10,Pubilla Cases,523,25-34,108,104,212
1999,3,Districte III,6,Santa Eulàlia,306,16-17,30,15,45
2000,6,Districte VI,12,Bellvitge,620,16-17,9,7,16
2011,5,Districte V,9,Can Serra,506,00-02,12,14,26
2012,3,Districte III,6,Santa Eulàlia,314,03-11,87,98,185
1999,1,Districte I,1,Centre,111,12-15,18,17,35
2013,5,Districte V,9,Can Serra,535,50-64,108,92,200
2015,4,Districte IV,7,la Florida,405,65-74,87,54,141
1999,6,Districte VI,11,el Gornal,622,00-02,10,14,24
1997,1,Districte I,2,Sanfeliu,132,35-49,259,238,497
2015,1,Districte I,3,Sant Josep,120,03-11,50,79,129
2007,3,Districte III,6,Santa Eulàlia,305,25-34,112,125,237
2009,2,Districte II,5,Collblanc,225,35-49,51,53,104
2008,5,Districte V,10,Pubilla Cases,520,12-15,16,17,33
2003,5,Districte V,10,Pubilla Cases,526,50-64,54,56,110
2007,1,Districte I,3,Sant Josep,139,16-17,6,5,11
2013,2,Districte II,5,Collblanc,224,03-11,49,60,109
2009,1,Districte I,2,Sanfeliu,132,65-74,108,87,195
2011,1,Districte I,3,Sant Josep,121,16-17,9,9,18
2012,6,Districte VI,11,el Gornal,626,25-34,48,58,106
2006,2,Districte II,5,Collblanc,226,65-74,60,43,103
2002,5,Districte V,10,Pubilla Cases,512,18-24,22,39,61
1995,5,Districte V,10,Pubilla Cases,522,75 i +,26,24,50
2004,4,Districte IV,7,la Florida,415,16-17,5,4,9
2007,5,Districte V,10,Pubilla Cases,511,25-34,61,74,135
2012,6,Districte VI,12,Bellvitge,630,65-74,58,53,111
2002,4,Districte IV,8,les Planes,435,25-34,67,84,151
2012,2,Districte II,4,la Torrassa,235,25-34,122,137,259
1999,1,Districte I,1,Centre,113,50-64,106,124,230
2001,2,Districte II,4,la Torrassa,232,12-15,13,19,32
2010,1,Districte I,1,Centre,102,03-11,58,73,131
2002,4,Districte IV,8,les Planes,440,00-02,6,11,17
1997,2,Districte II,4,la Torrassa,242,65-74,90,88,178
2006,6,Districte VI,11,el Gornal,622,50-64,98,92,190
2008,5,Districte V,10,Pubilla Cases,510,12-15,15,21,36
1994,1,Districte I,2,Sanfeliu,132,03-11,103,96,199
2004,1,Districte I,1,Centre,113,65-74,47,30,77
2007,6,Districte VI,12,Bellvitge,627,25-34,89,78,167
2003,1,Districte I,3,Sant Josep,138,50-64,91,88,179
2005,6,Districte VI,12,Bellvitge,615,12-15,5,9,14
2011,4,Districte IV,8,les Planes,440,12-15,14,18,32
2012,2,Districte II,4,la Torrassa,218,75 i +,37,25,62
2010,2,Districte II,4,la Torrassa,239,35-49,143,152,295
1994,3,Districte III,6,Santa Eulàlia,319,25-34,68,65,133
2007,5,Districte V,10,Pubilla Cases,508,00-02,9,13,22
2013,1,Districte I,2,Sanfeliu,116,18-24,51,40,91
2015,3,Districte III,6,Santa Eulàlia,303,35-49,192,209,401
2016,2,Districte II,4,la Torrassa,229,25-34,160,141,301
1994,1,Districte I,3,Sant Josep,120,25-34,130,111,241
2004,2,Districte II,5,Collblanc,244,18-24,24,22,46
2015,2,Districte II,4,la Torrassa,249,00-02,14,12,26
2011,1,Districte I,3,Sant Josep,117,25-34,150,159,309
1999,5,Districte V,10,Pubilla Cases,518,35-49,75,90,165
2006,5,Districte V,9,Can Serra,535,00-02,10,6,16
1994,4,Districte IV,7,la Florida,412,75 i +,38,22,60
2005,6,Districte VI,11,el Gornal,629,75 i +,28,13,41
2006,4,Districte IV,8,les Planes,440,50-64,109,93,202
2004,3,Districte III,6,Santa Eulàlia,318,25-34,68,85,153
2015,5,Districte V,10,Pubilla Cases,537,35-49,139,116,255
1997,1,Districte I,3,Sant Josep,136,03-11,51,45,96
2009,3,Districte III,6,Santa Eulàlia,310,65-74,42,28,70
2008,5,Districte V,10,Pubilla Cases,537,75 i +,72,46,118
2005,6,Districte VI,11,el Gornal,616,16-17,36,36,72
2010,5,Districte V,9,Can Serra,504,75 i +,76,62,138
1998,4,Districte IV,7,la Florida,426,03-11,23,36,59
2004,2,Districte II,5,Collblanc,201,75 i +,40,25,65
1994,4,Districte IV,8,les Planes,439,12-15,16,18,34
2003,1,Districte I,3,Sant Josep,125,00-02,13,20,33
2016,2,Districte II,4,la Torrassa,228,18-24,90,81,171
2015,4,Districte IV,7,la Florida,427,12-15,29,25,54
1997,6,Districte VI,12,Bellvitge,628,18-24,104,124,228
2003,5,Districte V,10,Pubilla Cases,528,16-17,7,11,18
2016,2,Districte II,4,la Torrassa,228,50-64,173,179,352
2005,2,Districte II,5,Collblanc,206,35-49,99,107,206
2001,2,Districte II,4,la Torrassa,231,18-24,40,55,95
1998,1,Districte I,3,Sant Josep,117,35-49,270,247,517
2002,4,Districte IV,7,la Florida,405,12-15,13,9,22
2004,6,Districte VI,12,Bellvitge,619,25-34,92,121,213
2005,4,Districte IV,7,la Florida,415,18-24,47,52,99
2013,5,Districte V,10,Pubilla Cases,520,00-02,12,10,22
2015,1,Districte I,1,Centre,110,00-02,13,13,26
2016,6,Districte VI,12,Bellvitge,631,65-74,120,92,212
2011,2,Districte II,5,Collblanc,220,16-17,8,8,16
2008,1,Districte I,3,Sant Josep,126,25-34,86,80,166
1997,6,Districte VI,12,Bellvitge,618,25-34,45,65,110
2007,1,Districte I,2,Sanfeliu,118,16-17,16,10,26
2009,3,Districte III,6,Santa Eulàlia,316,50-64,376,361,737
1996,3,Districte III,6,Santa Eulàlia,321,50-64,162,190,352
2012,2,Districte II,5,Collblanc,204,25-34,53,50,103
1996,2,Districte II,4,la Torrassa,234,25-34,72,79,151
2014,6,Districte VI,12,Bellvitge,601,03-11,69,87,156
2012,2,Districte II,4,la Torrassa,217,25-34,63,68,131
2000,6,Districte VI,12,Bellvitge,630,25-34,64,72,136
2014,4,Districte IV,8,les Planes,440,75 i +,63,58,121
2005,3,Districte III,6,Santa Eulàlia,312,35-49,177,216,393
2012,4,Districte IV,8,les Planes,419,65-74,45,26,71
2011,4,Districte IV,8,les Planes,442,00-02,8,9,17
2000,2,Districte II,5,Collblanc,201,16-17,8,6,14
1999,2,Districte II,5,Collblanc,226,35-49,99,93,192
2003,4,Districte IV,8,les Planes,434,50-64,42,44,86
2003,2,Districte II,5,Collblanc,213,50-64,90,84,174
2008,6,Districte VI,12,Bellvitge,610,16-17,7,8,15
2006,5,Districte V,10,Pubilla Cases,514,35-49,84,99,183
1996,4,Districte IV,8,les Planes,418,25-34,96,107,203
1994,4,Districte IV,7,la Florida,432,18-24,72,85,157
2000,2,Districte II,4,la Torrassa,235,25-34,121,111,232
2001,6,Districte VI,12,Bellvitge,628,16-17,15,8,23
2014,5,Districte V,10,Pubilla Cases,525,50-64,68,64,132
2008,1,Districte I,1,Centre,133,00-02,9,14,23
1995,1,Districte I,1,Centre,112,18-24,107,99,206
2016,4,Districte IV,7,la Florida,406,75 i +,74,61,135
1994,6,Districte VI,12,Bellvitge,624,75 i +,24,12,36
2014,6,Districte VI,12,Bellvitge,610,75 i +,72,62,134
2002,2,Districte II,5,Collblanc,224,12-15,4,9,13
2002,3,Districte III,6,Santa Eulàlia,321,00-02,28,33,61
2000,1,Districte I,3,Sant Josep,117,25-34,178,165,343
2004,3,Districte III,6,Santa Eulàlia,317,65-74,41,25,66
1999,4,Districte IV,8,les Planes,434,35-49,55,51,106
1997,2,Districte II,4,la Torrassa,231,65-74,84,68,152
2014,5,Districte V,9,Can Serra,503,18-24,21,27,48
2005,3,Districte III,6,Santa Eulàlia,305,35-49,210,201,411
1995,2,Districte II,5,Collblanc,202,12-15,13,16,29
2012,2,Districte II,5,Collblanc,244,12-15,3,9,12
1995,2,Districte II,4,la Torrassa,228,12-15,12,6,18
2013,1,Districte I,1,Centre,107,50-64,154,133,287
1999,2,Districte II,4,la Torrassa,218,12-15,7,18,25
2004,1,Districte I,3,Sant Josep,139,75 i +,27,13,40
1996,1,Districte I,3,Sant Josep,119,16-17,19,30,49
2009,3,Districte III,6,Santa Eulàlia,303,18-24,45,41,86
2012,4,Districte IV,7,la Florida,402,65-74,42,30,72
2016,5,Districte V,9,Can Serra,503,12-15,7,9,16
1996,2,Districte II,4,la Torrassa,239,50-64,131,102,233
2005,4,Districte IV,8,les Planes,429,75 i +,32,24,56
1997,1,Districte I,3,Sant Josep,119,18-24,129,131,260
2000,1,Districte I,1,Centre,134,16-17,11,14,25
2013,5,Districte V,10,Pubilla Cases,520,03-11,35,38,73
2002,4,Districte IV,7,la Florida,431,03-11,40,45,85
2007,2,Districte II,5,Collblanc,220,18-24,36,35,71
1994,1,Districte I,1,Centre,105,03-11,54,67,121
2015,2,Districte II,5,Collblanc,226,65-74,85,72,157
2011,1,Districte I,1,Centre,103,18-24,27,13,40
2010,4,Districte IV,8,les Planes,440,65-74,88,80,168
2004,1,Districte I,3,Sant Josep,119,75 i +,61,50,111
2010,2,Districte II,5,Collblanc,223,25-34,119,121,240
2000,6,Districte VI,12,Bellvitge,620,18-24,62,42,104
2006,1,Districte I,3,Sant Josep,117,03-11,81,73,154
1997,2,Districte II,4,la Torrassa,233,75 i +,69,33,102
1997,5,Districte V,10,Pubilla Cases,531,65-74,56,49,105
2003,2,Districte II,4,la Torrassa,245,75 i +,63,34,97
2006,1,Districte I,3,Sant Josep,122,65-74,66,68,134
2016,1,Districte I,3,Sant Josep,114,00-02,10,8,18
1996,1,Districte I,1,Centre,134,75 i +,61,26,87
2005,4,Districte IV,7,la Florida,431,25-34,161,221,382
2011,2,Districte II,4,la Torrassa,246,16-17,19,9,28
1994,3,Districte III,6,Santa Eulàlia,310,50-64,68,68,136
2009,5,Districte V,9,Can Serra,535,35-49,93,100,193
1997,4,Districte IV,7,la Florida,423,18-24,50,57,107
2015,1,Districte I,1,Centre,112,03-11,62,72,134
2006,2,Districte II,5,Collblanc,213,03-11,26,50,76
2000,2,Districte II,4,la Torrassa,218,12-15,7,18,25
2000,3,Districte III,6,Santa Eulàlia,318,50-64,68,75,143
1995,2,Districte II,5,Collblanc,216,18-24,82,100,182
2008,2,Districte II,5,Collblanc,212,00-02,31,30,61
1999,3,Districte III,6,Santa Eulàlia,304,16-17,11,9,20
2003,5,Districte V,10,Pubilla Cases,525,00-02,9,6,15
2007,5,Districte V,10,Pubilla Cases,519,12-15,8,17,25
2006,1,Districte I,1,Centre,131,25-34,131,141,272
2007,5,Districte V,10,Pubilla Cases,518,65-74,78,65,143
2001,6,Districte VI,11,el Gornal,617,12-15,15,18,33
2005,2,Districte II,4,la Torrassa,240,65-74,60,44,104
1997,2,Districte II,5,Collblanc,219,50-64,108,99,207
1997,1,Districte I,1,Centre,134,12-15,31,25,56
2012,4,Districte IV,7,la Florida,425,75 i +,79,48,127
2001,2,Districte II,5,Collblanc,201,75 i +,41,17,58
2000,1,Districte I,1,Centre,102,35-49,156,142,298
2000,1,Districte I,1,Centre,109,75 i +,46,24,70
2000,2,Districte II,5,Collblanc,214,00-02,7,5,12
2007,3,Districte III,6,Santa Eulàlia,302,12-15,22,29,51
2014,3,Districte III,6,Santa Eulàlia,322,00-02,26,29,55
1998,2,Districte II,5,Collblanc,204,35-49,41,48,89
2013,1,Districte I,1,Centre,109,16-17,6,13,19
1995,3,Districte III,6,Santa Eulàlia,315,50-64,109,105,214
2015,6,Districte VI,11,el Gornal,617,35-49,117,137,254
1999,2,Districte II,5,Collblanc,210,16-17,5,7,12
2001,5,Districte V,10,Pubilla Cases,526,18-24,22,33,55
2011,2,Districte II,4,la Torrassa,237,50-64,101,101,202
2001,3,Districte III,6,Santa Eulàlia,313,12-15,39,29,68
2002,4,Districte IV,7,la Florida,413,75 i +,40,18,58
2003,5,Districte V,10,Pubilla Cases,512,00-02,6,13,19
2002,1,Districte I,1,Centre,104,65-74,70,44,114
2012,4,Districte IV,8,les Planes,437,25-34,66,98,164
2006,3,Districte III,6,Santa Eulàlia,302,75 i +,56,33,89
2008,6,Districte VI,11,el Gornal,622,35-49,90,87,177
2016,5,Districte V,10,Pubilla Cases,528,35-49,171,170,341
2011,1,Districte I,3,Sant Josep,140,65-74,55,56,111
1999,5,Districte V,10,Pubilla Cases,511,12-15,4,8,12
2004,1,Districte I,3,Sant Josep,117,75 i +,64,35,99
2010,2,Districte II,5,Collblanc,203,00-02,11,8,19
2003,2,Districte II,5,Collblanc,201,18-24,26,27,53
1997,5,Districte V,10,Pubilla Cases,509,00-02,5,10,15
2001,1,Districte I,1,Centre,131,00-02,11,20,31
1999,5,Districte V,10,Pubilla Cases,508,35-49,47,56,103
2013,2,Districte II,5,Collblanc,209,12-15,16,13,29
2004,4,Districte IV,8,les Planes,401,65-74,95,66,161
2006,4,Districte IV,8,les Planes,441,35-49,226,208,434
2009,4,Districte IV,8,les Planes,429,12-15,14,10,24
2014,3,Districte III,6,Santa Eulàlia,313,25-34,114,115,229
2014,5,Districte V,10,Pubilla Cases,529,75 i +,94,64,158
1994,1,Districte I,3,Sant Josep,126,00-02,14,5,19
1994,5,Districte V,10,Pubilla Cases,511,18-24,46,54,100
2000,6,Districte VI,11,el Gornal,608,12-15,19,25,44
2004,3,Districte III,6,Santa Eulàlia,311,03-11,38,51,89
2009,1,Districte I,3,Sant Josep,122,03-11,35,43,78
2016,2,Districte II,5,Collblanc,205,12-15,20,20,40
2001,6,Districte VI,12,Bellvitge,624,25-34,103,143,246
2001,5,Districte V,10,Pubilla Cases,513,03-11,16,19,35
2012,1,Districte I,3,Sant Josep,117,12-15,32,35,67
1995,5,Districte V,10,Pubilla Cases,522,00-02,6,7,13
2011,2,Districte II,5,Collblanc,205,75 i +,87,52,139
1994,6,Districte VI,12,Bellvitge,611,35-49,147,101,248
2001,2,Districte II,5,Collblanc,215,65-74,75,44,119
1997,6,Districte VI,12,Bellvitge,605,65-74,34,34,68
2001,1,Districte I,3,Sant Josep,114,75 i +,60,23,83
1996,6,Districte VI,12,Bellvitge,615,12-15,18,6,24
1994,1,Districte I,1,Centre,135,16-17,30,30,60
1995,3,Districte III,6,Santa Eulàlia,316,16-17,52,62,114
1996,2,Districte II,4,la Torrassa,243,00-02,23,17,40
2005,6,Districte VI,12,Bellvitge,606,75 i +,52,23,75
1999,3,Districte III,6,Santa Eulàlia,313,12-15,39,44,83
2013,4,Districte IV,7,la Florida,416,12-15,21,26,47
1999,6,Districte VI,12,Bellvitge,620,75 i +,11,4,15
1997,5,Districte V,10,Pubilla Cases,515,25-34,56,45,101
2000,5,Districte V,10,Pubilla Cases,525,00-02,10,10,20
2014,4,Districte IV,7,la Florida,426,50-64,73,79,152
2003,6,Districte VI,11,el Gornal,617,03-11,29,41,70
2014,4,Districte IV,8,les Planes,420,35-49,223,261,484
2005,4,Districte IV,8,les Planes,419,00-02,17,12,29
2008,2,Districte II,4,la Torrassa,235,50-64,110,86,196
2009,1,Districte I,1,Centre,134,35-49,167,169,336
2001,5,Districte V,10,Pubilla Cases,534,12-15,10,14,24
2002,5,Districte V,10,Pubilla Cases,513,18-24,40,23,63
2015,3,Districte III,6,Santa Eulàlia,326,75 i +,4,2,6
2009,4,Districte IV,8,les Planes,418,75 i +,69,48,117
1999,3,Districte III,6,Santa Eulàlia,301,16-17,17,32,49
2013,2,Districte II,4,la Torrassa,233,18-24,27,29,56
2013,2,Districte II,4,la Torrassa,243,75 i +,115,68,183
2011,4,Districte IV,7,la Florida,405,12-15,17,12,29
2007,6,Districte VI,11,el Gornal,617,50-64,87,79,166
2001,4,Districte IV,8,les Planes,401,25-34,76,71,147
2009,5,Districte V,10,Pubilla Cases,527,12-15,25,13,38
2006,4,Districte IV,8,les Planes,438,18-24,39,38,77
1997,4,Districte IV,7,la Florida,426,50-64,81,74,155
2016,1,Districte I,1,Centre,101,03-11,145,181,326
2008,1,Districte I,3,Sant Josep,117,18-24,100,79,179
2006,2,Districte II,5,Collblanc,222,75 i +,41,22,63
1995,5,Districte V,9,Can Serra,507,18-24,58,69,127
2015,2,Districte II,4,la Torrassa,236,35-49,129,131,260
2012,4,Districte IV,8,les Planes,418,00-02,25,20,45
2003,4,Districte IV,8,les Planes,436,18-24,39,57,96
2008,4,Districte IV,7,la Florida,409,25-34,62,94,156
1997,1,Districte I,3,Sant Josep,140,75 i +,41,16,57
1997,1,Districte I,3,Sant Josep,117,18-24,124,156,280
2011,4,Districte IV,8,les Planes,435,18-24,58,46,104
2002,2,Districte II,4,la Torrassa,235,75 i +,74,47,121
1996,2,Districte II,5,Collblanc,226,75 i +,71,34,105
2002,3,Districte III,6,Santa Eulàlia,302,12-15,24,10,34
1994,2,Districte II,4,la Torrassa,232,16-17,9,14,23
1995,4,Districte IV,8,les Planes,440,00-02,8,5,13
2010,2,Districte II,4,la Torrassa,236,03-11,43,40,83
2005,5,Districte V,10,Pubilla Cases,537,25-34,105,118,223
1999,2,Districte II,4,la Torrassa,230,18-24,34,30,64
2000,3,Districte III,6,Santa Eulàlia,318,75 i +,13,12,25
2007,2,Districte II,5,Collblanc,201,25-34,59,82,141
2008,5,Districte V,10,Pubilla Cases,530,65-74,78,69,147
2001,5,Districte V,10,Pubilla Cases,517,16-17,5,8,13
2010,6,Districte VI,12,Bellvitge,604,75 i +,33,23,56
2001,4,Districte IV,8,les Planes,434,16-17,7,5,12
2001,1,Districte I,1,Centre,103,00-02,5,8,13
2005,6,Districte VI,12,Bellvitge,627,75 i +,33,18,51
1998,2,Districte II,4,la Torrassa,245,75 i +,71,35,106
1999,1,Districte I,3,Sant Josep,139,18-24,59,55,114
2006,1,Districte I,1,Centre,109,18-24,47,44,91
2005,2,Districte II,4,la Torrassa,238,50-64,69,66,135
2011,2,Districte II,4,la Torrassa,229,12-15,25,17,42
1999,2,Districte II,5,Collblanc,223,25-34,89,86,175
2015,2,Districte II,5,Collblanc,212,65-74,65,44,109
2003,6,Districte VI,12,Bellvitge,630,65-74,31,29,60
1995,3,Districte III,6,Santa Eulàlia,317,18-24,40,59,99
2013,5,Districte V,10,Pubilla Cases,538,50-64,96,85,181
2006,1,Districte I,1,Centre,110,35-49,115,100,215
1994,6,Districte VI,11,el Gornal,616,03-11,79,84,163
2016,3,Districte III,6,Santa Eulàlia,324,50-64,66,79,145
2008,1,Districte I,3,Sant Josep,136,12-15,24,14,38
2009,5,Districte V,10,Pubilla Cases,527,16-17,10,7,17
1999,1,Districte I,3,Sant Josep,122,50-64,129,107,236
1995,5,Districte V,10,Pubilla Cases,534,18-24,75,77,152
2000,3,Districte III,6,Santa Eulàlia,315,12-15,24,28,52
2007,1,Districte I,1,Centre,124,16-17,9,9,18
1999,5,Districte V,10,Pubilla Cases,528,00-02,12,9,21
2012,4,Districte IV,8,les Planes,433,75 i +,43,23,66
1998,6,Districte VI,11,el Gornal,617,00-02,12,14,26
2011,2,Districte II,4,la Torrassa,218,25-34,50,82,132
1998,2,Districte II,5,Collblanc,219,18-24,51,49,100
2002,3,Districte III,6,Santa Eulàlia,323,35-49,412,374,786
1995,2,Districte II,4,la Torrassa,242,00-02,6,6,12
2013,1,Districte I,3,Sant Josep,127,12-15,11,15,26
2002,5,Districte V,9,Can Serra,505,75 i +,45,33,78
2007,2,Districte II,4,la Torrassa,218,18-24,29,45,74
2003,4,Districte IV,7,la Florida,403,18-24,48,43,91
1998,5,Districte V,10,Pubilla Cases,536,35-49,65,67,132
2009,1,Districte I,1,Centre,103,00-02,10,6,16
1998,5,Districte V,10,Pubilla Cases,527,18-24,45,39,84
2001,3,Districte III,6,Santa Eulàlia,308,50-64,181,158,339
1997,1,Districte I,1,Centre,101,16-17,20,19,39
1999,1,Districte I,3,Sant Josep,126,12-15,13,12,25
2000,5,Districte V,9,Can Serra,506,25-34,156,165,321
2009,1,Districte I,1,Centre,104,16-17,9,7,16
2006,4,Districte IV,8,les Planes,401,12-15,24,13,37
1996,2,Districte II,4,la Torrassa,233,75 i +,73,33,106
1995,1,Districte I,1,Centre,135,35-49,186,178,364
2003,3,Districte III,6,Santa Eulàlia,306,35-49,157,178,335
2000,1,Districte I,1,Centre,128,35-49,94,89,183
1998,4,Districte IV,8,les Planes,442,16-17,6,5,11
2008,4,Districte IV,8,les Planes,418,35-49,170,175,345
1995,5,Districte V,9,Can Serra,506,25-34,144,164,308
1997,4,Districte IV,7,la Florida,422,03-11,31,44,75
2006,4,Districte IV,7,la Florida,428,50-64,45,31,76
1997,5,Districte V,10,Pubilla Cases,538,35-49,89,92,181
2006,4,Districte IV,8,les Planes,419,50-64,65,54,119
2007,4,Districte IV,7,la Florida,406,18-24,73,64,137
2003,3,Districte III,6,Santa Eulàlia,313,18-24,105,89,194
2005,2,Districte II,5,Collblanc,202,65-74,42,33,75
1995,5,Districte V,10,Pubilla Cases,524,65-74,70,53,123
1999,2,Districte II,5,Collblanc,225,16-17,4,3,7
2010,2,Districte II,4,la Torrassa,234,12-15,21,21,42
1998,5,Districte V,10,Pubilla Cases,524,16-17,12,15,27
2005,5,Districte V,10,Pubilla Cases,516,03-11,26,35,61
2000,3,Districte III,6,Santa Eulàlia,317,12-15,14,17,31
2000,1,Districte I,1,Centre,104,03-11,30,19,49
1995,6,Districte VI,12,Bellvitge,601,03-11,52,56,108
2016,1,Districte I,3,Sant Josep,119,50-64,138,93,231
2009,2,Districte II,5,Collblanc,209,03-11,33,39,72
2015,4,Districte IV,7,la Florida,410,25-34,99,99,198
1996,2,Districte II,4,la Torrassa,234,50-64,101,74,175
2007,4,Districte IV,7,la Florida,421,35-49,133,155,288
2011,5,Districte V,9,Can Serra,502,16-17,12,16,28
2016,3,Districte III,6,Santa Eulàlia,302,00-02,16,20,36
2001,2,Districte II,5,Collblanc,227,18-24,29,26,55
1998,3,Districte III,6,Santa Eulàlia,307,12-15,36,32,68
2011,4,Districte IV,8,les Planes,401,25-34,96,105,201
2014,1,Districte I,1,Centre,133,12-15,17,11,28
2012,2,Districte II,5,Collblanc,223,25-34,122,103,225
2005,1,Districte I,2,Sanfeliu,116,18-24,67,51,118
2008,2,Districte II,4,la Torrassa,242,75 i +,81,47,128
2001,2,Districte II,4,la Torrassa,242,75 i +,57,49,106
2007,6,Districte VI,12,Bellvitge,625,03-11,35,44,79
2001,3,Districte III,6,Santa Eulàlia,312,03-11,54,52,106
2003,1,Districte I,1,Centre,113,12-15,33,33,66
2006,2,Districte II,4,la Torrassa,229,16-17,5,5,10
2009,1,Districte I,1,Centre,110,25-34,97,111,208
1996,1,Districte I,1,Centre,102,50-64,195,201,396
2013,2,Districte II,5,Collblanc,213,35-49,110,117,227
2002,4,Districte IV,7,la Florida,428,18-24,17,27,44
2014,1,Districte I,2,Sanfeliu,132,18-24,64,73,137
2002,6,Districte VI,12,Bellvitge,610,65-74,59,70,129
2003,4,Districte IV,7,la Florida,430,75 i +,60,33,93
2003,3,Districte III,6,Santa Eulàlia,314,25-34,202,210,412
1997,1,Districte I,1,Centre,111,12-15,19,13,32
2003,4,Districte IV,8,les Planes,439,16-17,4,9,13
2012,2,Districte II,5,Collblanc,220,35-49,133,135,268
2013,1,Districte I,3,Sant Josep,126,03-11,42,45,87
1999,2,Districte II,4,la Torrassa,243,16-17,15,8,23
2003,1,Districte I,3,Sant Josep,126,50-64,151,134,285
2005,2,Districte II,5,Collblanc,208,25-34,141,123,264
2009,4,Districte IV,7,la Florida,414,12-15,17,16,33
2010,2,Districte II,5,Collblanc,213,35-49,121,125,246
1996,4,Districte IV,8,les Planes,433,12-15,21,27,48
2014,6,Districte VI,12,Bellvitge,605,18-24,44,40,84
1999,4,Districte IV,7,la Florida,424,00-02,7,5,12
2004,5,Districte V,10,Pubilla Cases,525,16-17,10,11,21
2015,1,Districte I,1,Centre,107,16-17,15,8,23
1994,5,Districte V,10,Pubilla Cases,519,75 i +,16,11,27
2011,1,Districte I,3,Sant Josep,139,25-34,72,87,159
2012,5,Districte V,10,Pubilla Cases,518,25-34,75,74,149
2014,3,Districte III,6,Santa Eulàlia,320,65-74,1,2,3
2010,1,Districte I,3,Sant Josep,136,18-24,43,34,77
2012,6,Districte VI,12,Bellvitge,618,18-24,12,21,33
2004,2,Districte II,4,la Torrassa,241,00-02,7,9,16
2016,4,Districte IV,8,les Planes,441,12-15,33,40,73
1996,1,Districte I,2,Sanfeliu,129,16-17,13,13,26
2001,2,Districte II,4,la Torrassa,234,50-64,72,60,132
2006,4,Districte IV,7,la Florida,430,65-74,48,40,88
2011,6,Districte VI,11,el Gornal,617,25-34,60,70,130
2006,2,Districte II,4,la Torrassa,242,75 i +,75,54,129
2004,1,Districte I,2,Sanfeliu,116,00-02,13,19,32
2002,6,Districte VI,11,el Gornal,626,03-11,39,31,70
2016,2,Districte II,5,Collblanc,207,12-15,24,31,55
2007,6,Districte VI,12,Bellvitge,623,03-11,58,58,116
2003,5,Districte V,10,Pubilla Cases,526,00-02,5,5,10
1998,6,Districte VI,12,Bellvitge,631,00-02,10,10,20
2011,2,Districte II,5,Collblanc,206,65-74,48,33,81
2000,6,Districte VI,12,Bellvitge,610,25-34,117,150,267
2012,2,Districte II,5,Collblanc,207,12-15,8,13,21
1997,4,Districte IV,8,les Planes,439,03-11,37,33,70
2008,5,Districte V,10,Pubilla Cases,528,65-74,66,56,122
2010,3,Districte III,6,Santa Eulàlia,309,35-49,128,136,264
2004,5,Districte V,10,Pubilla Cases,538,25-34,109,115,224
2000,5,Districte V,9,Can Serra,535,50-64,147,144,291
2008,6,Districte VI,12,Bellvitge,609,65-74,55,57,112
2013,6,Districte VI,12,Bellvitge,613,12-15,17,24,41
2016,2,Districte II,4,la Torrassa,239,25-34,78,83,161
1995,5,Districte V,9,Can Serra,505,03-11,46,40,86
2013,5,Districte V,10,Pubilla Cases,534,65-74,56,46,102
2007,1,Districte I,3,Sant Josep,140,50-64,87,90,177
2009,4,Districte IV,8,les Planes,435,03-11,52,46,98
1997,3,Districte III,6,Santa Eulàlia,304,16-17,9,6,15
2001,2,Districte II,4,la Torrassa,240,03-11,17,24,41
2008,5,Districte V,10,Pubilla Cases,536,12-15,11,17,28
2012,5,Districte V,10,Pubilla Cases,509,35-49,96,116,212
2002,1,Districte I,3,Sant Josep,126,35-49,59,64,123
2008,2,Districte II,5,Collblanc,222,00-02,15,17,32
2012,2,Districte II,5,Collblanc,208,18-24,62,53,115
2001,5,Districte V,10,Pubilla Cases,528,00-02,14,14,28
1996,4,Districte IV,8,les Planes,442,00-02,8,4,12
1997,5,Districte V,10,Pubilla Cases,519,16-17,3,12,15
2015,3,Districte III,6,Santa Eulàlia,307,12-15,12,17,29
2015,2,Districte II,4,la Torrassa,237,12-15,21,30,51
2010,2,Districte II,5,Collblanc,204,35-49,69,83,152
2013,2,Districte II,5,Collblanc,209,00-02,15,9,24
2005,2,Districte II,4,la Torrassa,240,75 i +,55,29,84
2007,4,Districte IV,7,la Florida,403,65-74,83,91,174
2001,3,Districte III,6,Santa Eulàlia,311,12-15,19,20,39
2016,2,Districte II,4,la Torrassa,229,16-17,24,17,41
2002,6,Districte VI,12,Bellvitge,618,65-74,26,24,50
2001,1,Districte I,1,Centre,123,12-15,19,14,33
2002,1,Districte I,1,Centre,111,03-11,21,29,50
2007,5,Districte V,10,Pubilla Cases,512,50-64,64,70,134
2002,5,Districte V,10,Pubilla Cases,514,03-11,25,22,47
2007,2,Districte II,4,la Torrassa,233,03-11,26,36,62
2005,3,Districte III,6,Santa Eulàlia,319,25-34,183,197,380
2009,5,Districte V,9,Can Serra,507,35-49,108,123,231
2005,3,Districte III,6,Santa Eulàlia,317,35-49,101,111,212
2002,4,Districte IV,7,la Florida,428,50-64,34,32,66
2002,3,Districte III,6,Santa Eulàlia,310,00-02,13,13,26
2016,3,Districte III,6,Santa Eulàlia,304,65-74,78,67,145
2006,5,Districte V,10,Pubilla Cases,508,75 i +,39,26,65
1999,4,Districte IV,7,la Florida,426,00-02,12,4,16
2003,5,Districte V,10,Pubilla Cases,512,75 i +,50,26,76
2002,2,Districte II,4,la Torrassa,217,75 i +,46,17,63
2007,6,Districte VI,12,Bellvitge,603,35-49,60,72,132
2007,2,Districte II,4,la Torrassa,246,75 i +,77,50,127
2007,6,Districte VI,12,Bellvitge,612,16-17,10,7,17
2001,5,Districte V,10,Pubilla Cases,514,35-49,62,80,142
2003,6,Districte VI,12,Bellvitge,627,25-34,88,92,180
1994,1,Districte I,1,Centre,135,75 i +,39,17,56
2003,3,Districte III,6,Santa Eulàlia,308,75 i +,71,43,114
1996,1,Districte I,3,Sant Josep,125,03-11,45,41,86
2000,4,Districte IV,7,la Florida,417,12-15,13,9,22
2005,1,Districte I,1,Centre,101,16-17,14,9,23
2002,4,Districte IV,7,la Florida,406,50-64,127,120,247
1995,6,Districte VI,12,Bellvitge,627,50-64,69,103,172
2013,1,Districte I,3,Sant Josep,136,12-15,22,23,45
2007,6,Districte VI,12,Bellvitge,627,12-15,6,17,23
2003,4,Districte IV,7,la Florida,427,25-34,100,109,209
2008,6,Districte VI,12,Bellvitge,625,50-64,196,177,373
2006,2,Districte II,5,Collblanc,223,50-64,98,79,177
2008,1,Districte I,1,Centre,134,25-34,107,133,240
1998,5,Districte V,10,Pubilla Cases,536,00-02,7,9,16
2007,5,Districte V,10,Pubilla Cases,531,03-11,38,35,73
1997,5,Districte V,9,Can Serra,504,03-11,23,32,55
1996,2,Districte II,4,la Torrassa,234,03-11,28,26,54
2000,1,Districte I,1,Centre,113,18-24,101,87,188
2009,1,Districte I,2,Sanfeliu,116,25-34,109,120,229
2011,1,Districte I,1,Centre,104,12-15,20,11,31
2009,2,Districte II,5,Collblanc,207,75 i +,69,24,93
2012,5,Districte V,10,Pubilla Cases,510,65-74,55,50,105
2006,4,Districte IV,7,la Florida,407,18-24,33,49,82
2000,6,Districte VI,12,Bellvitge,624,18-24,74,107,181
1998,1,Districte I,3,Sant Josep,127,65-74,43,37,80
2001,4,Districte IV,8,les Planes,439,25-34,100,121,221
2016,3,Districte III,6,Santa Eulàlia,310,03-11,51,48,99
2015,4,Districte IV,7,la Florida,403,18-24,29,34,63
1995,1,Districte I,1,Centre,130,16-17,15,8,23
2004,6,Districte VI,12,Bellvitge,604,50-64,75,57,132
2013,4,Districte IV,7,la Florida,411,18-24,33,25,58
2004,2,Districte II,4,la Torrassa,242,16-17,6,7,13
1998,4,Districte IV,7,la Florida,410,16-17,20,15,35
1998,5,Districte V,10,Pubilla Cases,518,50-64,133,110,243
2016,5,Districte V,10,Pubilla Cases,537,35-49,146,126,272
2016,2,Districte II,5,Collblanc,223,12-15,24,23,47
2001,4,Districte IV,7,la Florida,403,50-64,151,122,273
2006,3,Districte III,6,Santa Eulàlia,319,18-24,56,65,121
2005,5,Districte V,10,Pubilla Cases,511,65-74,54,40,94
2016,5,Districte V,9,Can Serra,507,25-34,46,51,97
2003,3,Districte III,6,Santa Eulàlia,302,25-34,140,169,309
1994,1,Districte I,1,Centre,110,25-34,88,85,173
2006,3,Districte III,6,Santa Eulàlia,315,03-11,57,65,122
1994,4,Districte IV,7,la Florida,416,16-17,3,7,10
2002,3,Districte III,6,Santa Eulàlia,323,25-34,274,290,564
2009,2,Districte II,4,la Torrassa,233,00-02,25,14,39
2008,4,Districte IV,8,les Planes,419,03-11,42,51,93
2012,2,Districte II,5,Collblanc,208,50-64,190,157,347
1996,6,Districte VI,12,Bellvitge,630,50-64,79,93,172
2002,1,Districte I,3,Sant Josep,115,18-24,78,63,141
2009,6,Districte VI,11,el Gornal,632,35-49,104,109,213
2000,2,Districte II,4,la Torrassa,237,03-11,35,30,65
2011,5,Districte V,9,Can Serra,535,16-17,10,12,22
2009,4,Districte IV,7,la Florida,421,50-64,89,71,160
2007,6,Districte VI,12,Bellvitge,630,18-24,36,34,70
2010,2,Districte II,4,la Torrassa,228,75 i +,45,35,80
2016,3,Districte III,6,Santa Eulàlia,302,35-49,160,187,347
1997,6,Districte VI,12,Bellvitge,615,50-64,155,166,321
2013,2,Districte II,4,la Torrassa,232,16-17,11,9,20
1995,1,Districte I,3,Sant Josep,139,35-49,101,105,206
2012,2,Districte II,4,la Torrassa,240,16-17,4,9,13
1995,5,Districte V,10,Pubilla Cases,511,00-02,3,12,15
2006,2,Districte II,4,la Torrassa,211,25-34,123,197,320
2006,4,Districte IV,7,la Florida,415,03-11,25,32,57
2007,1,Districte I,3,Sant Josep,117,65-74,72,60,132
2007,3,Districte III,6,Santa Eulàlia,305,12-15,38,18,56
2016,1,Districte I,3,Sant Josep,122,25-34,58,43,101
2016,5,Districte V,9,Can Serra,501,16-17,14,8,22
2011,2,Districte II,4,la Torrassa,242,50-64,96,92,188
1996,4,Districte IV,7,la Florida,407,18-24,48,59,107
1997,2,Districte II,5,Collblanc,225,03-11,11,15,26
1997,4,Districte IV,8,les Planes,441,25-34,126,126,252
1998,2,Districte II,4,la Torrassa,233,03-11,23,18,41
2003,4,Districte IV,8,les Planes,420,00-02,19,20,39
2010,1,Districte I,1,Centre,131,50-64,175,158,333
2012,4,Districte IV,8,les Planes,439,25-34,90,117,207
2016,1,Districte I,1,Centre,130,18-24,26,32,58
2011,6,Districte VI,12,Bellvitge,607,00-02,8,11,19
2015,6,Districte VI,12,Bellvitge,631,00-02,10,15,25
2011,2,Districte II,5,Collblanc,203,03-11,28,45,73
2005,2,Districte II,4,la Torrassa,242,03-11,30,27,57
2003,2,Districte II,4,la Torrassa,237,25-34,120,134,254
2007,2,Districte II,5,Collblanc,214,00-02,14,9,23
2015,4,Districte IV,7,la Florida,422,35-49,144,163,307
2013,5,Districte V,10,Pubilla Cases,513,03-11,76,70,146
2002,1,Districte I,3,Sant Josep,139,18-24,46,46,92
1995,1,Districte I,3,Sant Josep,106,25-34,122,141,263
2009,2,Districte II,5,Collblanc,204,16-17,7,7,14
2012,1,Districte I,2,Sanfeliu,118,75 i +,55,41,96
2006,3,Districte III,6,Santa Eulàlia,307,35-49,136,115,251
1997,5,Districte V,10,Pubilla Cases,533,03-11,27,22,49
2000,2,Districte II,4,la Torrassa,234,50-64,79,65,144
1996,4,Districte IV,7,la Florida,403,12-15,33,23,56
1996,5,Districte V,10,Pubilla Cases,529,03-11,23,37,60
2016,1,Districte I,1,Centre,131,75 i +,70,61,131
2001,4,Districte IV,8,les Planes,434,25-34,34,34,68
2007,5,Districte V,10,Pubilla Cases,536,35-49,99,107,206
1998,6,Districte VI,12,Bellvitge,624,25-34,94,119,213
1995,1,Districte I,1,Centre,135,00-02,18,16,34
2003,2,Districte II,5,Collblanc,208,50-64,196,156,352
1998,1,Districte I,1,Centre,128,18-24,75,72,147
2012,5,Districte V,9,Can Serra,502,03-11,49,63,112
2000,1,Districte I,3,Sant Josep,119,75 i +,49,42,91
2008,1,Districte I,2,Sanfeliu,132,18-24,79,91,170
2008,2,Districte II,4,la Torrassa,230,16-17,8,11,19
2010,5,Districte V,10,Pubilla Cases,513,65-74,51,37,88
2002,6,Districte VI,12,Bellvitge,625,16-17,11,21,32
2013,2,Districte II,4,la Torrassa,236,65-74,65,42,107
2002,2,Districte II,4,la Torrassa,228,65-74,43,46,89
2004,4,Districte IV,7,la Florida,430,12-15,8,17,25
2009,6,Districte VI,12,Bellvitge,613,00-02,19,19,38
2006,1,Districte I,3,Sant Josep,140,50-64,86,91,177
2008,5,Districte V,9,Can Serra,507,16-17,6,8,14
2001,6,Districte VI,12,Bellvitge,606,35-49,92,104,196
2005,2,Districte II,5,Collblanc,201,25-34,54,70,124
2011,2,Districte II,4,la Torrassa,237,18-24,63,53,116
2007,5,Districte V,10,Pubilla Cases,518,12-15,18,23,41
2008,4,Districte IV,8,les Planes,441,25-34,157,157,314
2016,3,Districte III,13,Granvia Sud,312,00-02,30,29,59
1994,5,Districte V,9,Can Serra,506,18-24,181,185,366
2000,2,Districte II,4,la Torrassa,218,18-24,33,37,70
1995,2,Districte II,4,la Torrassa,228,50-64,73,77,150
2001,5,Districte V,10,Pubilla Cases,526,65-74,36,33,69
1998,2,Districte II,5,Collblanc,221,25-34,99,90,189
2008,2,Districte II,5,Collblanc,244,12-15,13,9,22
2008,6,Districte VI,12,Bellvitge,613,35-49,133,145,278
1997,2,Districte II,4,la Torrassa,248,65-74,81,56,137
2014,1,Districte I,1,Centre,101,75 i +,54,36,90
1998,2,Districte II,5,Collblanc,215,65-74,76,56,132
1994,6,Districte VI,12,Bellvitge,601,18-24,102,139,241
2006,1,Districte I,1,Centre,123,35-49,153,153,306
2007,5,Districte V,10,Pubilla Cases,528,16-17,9,7,16
2002,2,Districte II,4,la Torrassa,230,03-11,29,37,66
2002,4,Districte IV,7,la Florida,409,65-74,44,34,78
2010,4,Districte IV,8,les Planes,437,00-02,20,17,37
1998,4,Districte IV,7,la Florida,410,35-49,152,141,293
2014,5,Districte V,10,Pubilla Cases,508,16-17,13,12,25
2012,5,Districte V,10,Pubilla Cases,512,00-02,6,13,19
1994,1,Districte I,3,Sant Josep,106,16-17,35,60,95
2003,6,Districte VI,11,el Gornal,629,00-02,12,7,19
2007,4,Districte IV,7,la Florida,414,18-24,33,32,65
2014,2,Districte II,5,Collblanc,209,65-74,41,28,69
2002,5,Districte V,10,Pubilla Cases,537,12-15,20,12,32
2004,2,Districte II,5,Collblanc,206,16-17,9,7,16
2009,5,Districte V,10,Pubilla Cases,513,65-74,54,42,96
2008,4,Districte IV,7,la Florida,413,65-74,27,24,51
1997,2,Districte II,5,Collblanc,215,16-17,4,10,14
2012,1,Districte I,1,Centre,130,16-17,5,10,15
2014,6,Districte VI,12,Bellvitge,605,50-64,132,91,223
2016,2,Districte II,4,la Torrassa,249,35-49,129,125,254
1998,4,Districte IV,7,la Florida,415,18-24,30,28,58
2002,4,Districte IV,7,la Florida,406,03-11,36,43,79
2012,3,Districte III,6,Santa Eulàlia,308,50-64,224,205,429
2002,2,Districte II,5,Collblanc,222,00-02,9,9,18
2009,4,Districte IV,7,la Florida,414,03-11,41,41,82
2010,5,Districte V,10,Pubilla Cases,520,25-34,54,75,129
2003,5,Districte V,10,Pubilla Cases,510,65-74,63,55,118
2016,1,Districte I,3,Sant Josep,121,03-11,33,52,85
2000,1,Districte I,3,Sant Josep,117,03-11,73,64,137
2003,5,Districte V,10,Pubilla Cases,524,50-64,103,84,187
1999,1,Districte I,2,Sanfeliu,132,16-17,28,35,63
2006,1,Districte I,3,Sant Josep,137,12-15,27,21,48
1995,6,Districte VI,11,el Gornal,617,75 i +,19,16,35
2008,1,Districte I,2,Sanfeliu,132,75 i +,79,56,135
2015,3,Districte III,6,Santa Eulàlia,305,35-49,177,192,369
2005,3,Districte III,6,Santa Eulàlia,318,75 i +,20,13,33
2010,2,Districte II,4,la Torrassa,240,75 i +,62,37,99
1995,4,Districte IV,7,la Florida,425,35-49,85,76,161
1999,5,Districte V,10,Pubilla Cases,523,25-34,115,111,226
2004,5,Districte V,9,Can Serra,505,18-24,55,37,92
1999,1,Districte I,3,Sant Josep,106,00-02,20,21,41
1996,4,Districte IV,8,les Planes,401,18-24,59,75,134
2003,4,Districte IV,7,la Florida,432,03-11,31,38,69
1995,3,Districte III,6,Santa Eulàlia,319,75 i +,38,16,54
2015,3,Districte III,6,Santa Eulàlia,307,03-11,43,34,77
1995,4,Districte IV,8,les Planes,438,18-24,69,61,130
2001,1,Districte I,3,Sant Josep,106,25-34,179,178,357
1994,5,Districte V,10,Pubilla Cases,522,25-34,65,68,133
2002,1,Districte I,1,Centre,105,12-15,25,30,55
2000,3,Districte III,6,Santa Eulàlia,318,03-11,40,45,85
2003,4,Districte IV,8,les Planes,429,35-49,56,63,119
2008,2,Districte II,4,la Torrassa,229,50-64,58,49,107
2007,2,Districte II,5,Collblanc,227,35-49,77,80,157
2014,6,Districte VI,12,Bellvitge,602,03-11,58,69,127
2003,4,Districte IV,7,la Florida,414,35-49,97,104,201
2003,1,Districte I,3,Sant Josep,117,03-11,85,71,156
2011,6,Districte VI,11,el Gornal,629,00-02,9,7,16
1998,6,Districte VI,12,Bellvitge,612,18-24,81,95,176
2006,3,Districte III,6,Santa Eulàlia,311,16-17,9,19,28
2010,4,Districte IV,7,la Florida,404,03-11,54,53,107
1996,4,Districte IV,7,la Florida,425,65-74,67,64,131
1997,2,Districte II,5,Collblanc,226,35-49,105,91,196
2015,2,Districte II,4,la Torrassa,236,50-64,83,73,156
2007,6,Districte VI,11,el Gornal,632,65-74,59,52,111
1995,2,Districte II,4,la Torrassa,245,50-64,108,91,199
1998,2,Districte II,5,Collblanc,210,65-74,89,61,150
2009,4,Districte IV,8,les Planes,434,50-64,55,55,110
1998,5,Districte V,10,Pubilla Cases,526,50-64,58,67,125
2002,4,Districte IV,7,la Florida,424,35-49,41,54,95
2014,6,Districte VI,12,Bellvitge,625,00-02,10,13,23
1998,6,Districte VI,12,Bellvitge,604,35-49,62,69,131
1994,4,Districte IV,8,les Planes,433,35-49,84,85,169
2002,1,Districte I,1,Centre,130,50-64,79,59,138
2005,1,Districte I,3,Sant Josep,121,75 i +,68,40,108
1995,4,Districte IV,7,la Florida,413,75 i +,29,13,42
2008,3,Districte III,6,Santa Eulàlia,309,65-74,37,24,61
2006,3,Districte III,6,Santa Eulàlia,313,18-24,88,80,168
2001,5,Districte V,10,Pubilla Cases,529,65-74,87,89,176
2001,1,Districte I,1,Centre,109,12-15,23,14,37
2005,5,Districte V,10,Pubilla Cases,526,03-11,26,32,58
2008,1,Districte I,3,Sant Josep,117,75 i +,69,38,107
1995,1,Districte I,3,Sant Josep,114,12-15,58,53,111
2003,4,Districte IV,8,les Planes,418,65-74,71,54,125
2005,2,Districte II,4,la Torrassa,248,25-34,131,152,283
2014,1,Districte I,1,Centre,104,18-24,30,24,54
1996,6,Districte VI,12,Bellvitge,627,03-11,40,62,102
1994,1,Districte I,1,Centre,113,16-17,32,25,57
2002,6,Districte VI,12,Bellvitge,609,35-49,65,55,120
2002,5,Districte V,9,Can Serra,502,65-74,75,61,136
2005,5,Districte V,9,Can Serra,504,35-49,89,110,199
2012,2,Districte II,5,Collblanc,205,16-17,7,9,16
1996,2,Districte II,5,Collblanc,223,50-64,123,117,240
2005,6,Districte VI,12,Bellvitge,618,75 i +,26,14,40
1995,2,Districte II,5,Collblanc,244,00-02,6,4,10
2003,6,Districte VI,12,Bellvitge,614,65-74,56,53,109
2010,1,Districte I,1,Centre,113,12-15,24,29,53
2001,2,Districte II,4,la Torrassa,234,25-34,73,87,160
1994,3,Districte III,6,Santa Eulàlia,301,75 i +,56,22,78
2011,2,Districte II,5,Collblanc,221,00-02,20,15,35
2003,6,Districte VI,12,Bellvitge,619,35-49,147,149,296
2004,6,Districte VI,12,Bellvitge,611,12-15,33,25,58
2012,6,Districte VI,12,Bellvitge,618,65-74,49,43,92
1994,6,Districte VI,12,Bellvitge,604,18-24,70,80,150
2015,3,Districte III,6,Santa Eulàlia,323,16-17,26,17,43
2002,1,Districte I,1,Centre,107,75 i +,71,34,105
2009,5,Districte V,10,Pubilla Cases,527,00-02,19,23,42
2005,4,Districte IV,7,la Florida,405,25-34,78,78,156
2012,2,Districte II,5,Collblanc,207,25-34,79,71,150
2006,4,Districte IV,7,la Florida,406,12-15,24,27,51
2008,1,Districte I,1,Centre,131,16-17,9,12,21
2005,2,Districte II,4,la Torrassa,218,65-74,38,27,65
2004,1,Districte I,1,Centre,134,50-64,117,111,228
1996,2,Districte II,5,Collblanc,215,50-64,92,72,164
2012,4,Districte IV,7,la Florida,422,00-02,12,22,34
2005,5,Districte V,10,Pubilla Cases,528,00-02,14,14,28
2011,6,Districte VI,12,Bellvitge,624,12-15,12,13,25
2003,2,Districte II,4,la Torrassa,238,75 i +,67,30,97
2010,3,Districte III,6,Santa Eulàlia,301,35-49,340,336,676
1994,1,Districte I,3,Sant Josep,127,12-15,19,28,47
2011,4,Districte IV,7,la Florida,426,50-64,80,69,149
2009,2,Districte II,5,Collblanc,226,12-15,16,18,34
2013,1,Districte I,1,Centre,130,12-15,17,14,31
1995,6,Districte VI,12,Bellvitge,628,75 i +,27,11,38
2003,2,Districte II,4,la Torrassa,248,18-24,55,60,115
2005,4,Districte IV,7,la Florida,424,03-11,18,23,41
2009,1,Districte I,1,Centre,113,16-17,9,12,21
2010,5,Districte V,9,Can Serra,507,00-02,13,16,29
2001,4,Districte IV,7,la Florida,404,03-11,53,46,99
2015,3,Districte III,13,Granvia Sud,312,25-34,168,136,304
2012,4,Districte IV,7,la Florida,405,35-49,101,113,214
2011,1,Districte I,1,Centre,102,18-24,46,47,93
2016,4,Districte IV,7,la Florida,430,50-64,84,86,170
2013,1,Districte I,3,Sant Josep,126,35-49,120,121,241
2014,2,Districte II,4,la Torrassa,229,18-24,70,88,158
2002,4,Districte IV,7,la Florida,409,50-64,63,61,124
2014,3,Districte III,6,Santa Eulàlia,322,25-34,93,80,173
2005,1,Districte I,2,Sanfeliu,132,03-11,74,72,146
2010,6,Districte VI,11,el Gornal,632,12-15,20,19,39
2004,1,Districte I,3,Sant Josep,139,03-11,34,45,79
2014,4,Districte IV,8,les Planes,401,75 i +,98,49,147
2011,6,Districte VI,12,Bellvitge,613,25-34,82,89,171
2005,3,Districte III,6,Santa Eulàlia,305,75 i +,100,47,147
2014,4,Districte IV,7,la Florida,421,03-11,45,48,93
2000,5,Districte V,10,Pubilla Cases,517,16-17,10,14,24
2008,2,Districte II,5,Collblanc,227,75 i +,56,34,90
1998,1,Districte I,2,Sanfeliu,118,12-15,57,57,114
2015,3,Districte III,6,Santa Eulàlia,318,75 i +,45,26,71
2010,2,Districte II,5,Collblanc,226,75 i +,83,47,130
1997,2,Districte II,4,la Torrassa,232,03-11,30,24,54
1994,5,Districte V,10,Pubilla Cases,519,35-49,35,36,71
2006,5,Districte V,9,Can Serra,505,75 i +,54,39,93
2008,3,Districte III,6,Santa Eulàlia,313,00-02,30,31,61
2002,2,Districte II,4,la Torrassa,246,03-11,40,39,79
1994,5,Districte V,10,Pubilla Cases,536,35-49,85,75,160
2012,6,Districte VI,12,Bellvitge,618,03-11,36,42,78
2003,2,Districte II,4,la Torrassa,242,00-02,11,9,20
2000,3,Districte III,6,Santa Eulàlia,314,00-02,28,28,56
2008,5,Districte V,10,Pubilla Cases,519,75 i +,30,25,55
2009,5,Districte V,10,Pubilla Cases,537,00-02,16,10,26
1999,3,Districte III,6,Santa Eulàlia,303,12-15,18,27,45
1998,1,Districte I,1,Centre,104,00-02,9,5,14
1995,2,Districte II,4,la Torrassa,236,18-24,66,64,130
2001,2,Districte II,5,Collblanc,210,18-24,32,36,68
1998,1,Districte I,2,Sanfeliu,132,50-64,175,222,397
2010,5,Districte V,10,Pubilla Cases,524,35-49,166,189,355
2005,4,Districte IV,7,la Florida,421,12-15,13,12,25
2001,5,Districte V,10,Pubilla Cases,529,03-11,31,43,74
2012,2,Districte II,4,la Torrassa,240,03-11,38,28,66
1998,6,Districte VI,12,Bellvitge,609,12-15,14,18,32
1998,1,Districte I,3,Sant Josep,119,65-74,69,60,129
2009,4,Districte IV,8,les Planes,429,18-24,26,37,63
1999,6,Districte VI,12,Bellvitge,605,35-49,50,38,88
1994,3,Districte III,6,Santa Eulàlia,321,25-34,130,137,267
2015,3,Districte III,6,Santa Eulàlia,327,16-17,10,10,20
2012,1,Districte I,2,Sanfeliu,116,03-11,54,62,116
2001,1,Districte I,3,Sant Josep,117,65-74,69,53,122
2004,2,Districte II,4,la Torrassa,231,18-24,40,34,74
1999,5,Districte V,9,Can Serra,506,75 i +,57,34,91
1994,4,Districte IV,7,la Florida,423,25-34,77,90,167
2000,6,Districte VI,12,Bellvitge,602,18-24,32,24,56
2003,1,Districte I,1,Centre,131,65-74,56,52,108
2000,1,Districte I,3,Sant Josep,126,16-17,10,9,19
2010,2,Districte II,5,Collblanc,201,12-15,9,17,26
2003,6,Districte VI,12,Bellvitge,627,00-02,14,10,24
2006,2,Districte II,4,la Torrassa,230,35-49,103,138,241
1994,5,Districte V,9,Can Serra,503,16-17,26,23,49
2011,4,Districte IV,8,les Planes,433,18-24,51,57,108
2013,2,Districte II,4,la Torrassa,242,25-34,89,95,184
2000,4,Districte IV,7,la Florida,432,12-15,18,24,42
2011,5,Districte V,10,Pubilla Cases,531,65-74,42,39,81
2010,4,Districte IV,7,la Florida,404,12-15,26,40,66
1999,5,Districte V,10,Pubilla Cases,530,18-24,55,74,129
2010,2,Districte II,4,la Torrassa,211,75 i +,87,43,130
2001,1,Districte I,3,Sant Josep,127,75 i +,29,14,43
2015,2,Districte II,4,la Torrassa,248,03-11,61,63,124
2003,6,Districte VI,11,el Gornal,608,25-34,66,98,164
2004,2,Districte II,5,Collblanc,201,00-02,9,9,18
2016,4,Districte IV,7,la Florida,421,75 i +,86,67,153
2001,4,Districte IV,7,la Florida,408,18-24,33,48,81
1997,4,Districte IV,7,la Florida,405,50-64,128,94,222
2004,5,Districte V,10,Pubilla Cases,529,16-17,12,11,23
2006,2,Districte II,5,Collblanc,224,00-02,5,7,12
2008,3,Districte III,6,Santa Eulàlia,315,03-11,76,69,145
2002,2,Districte II,4,la Torrassa,232,16-17,9,9,18
1995,6,Districte VI,12,Bellvitge,611,50-64,214,250,464
2006,2,Districte II,4,la Torrassa,211,18-24,72,74,146
1994,5,Districte V,10,Pubilla Cases,516,00-02,8,5,13
2016,3,Districte III,6,Santa Eulàlia,302,65-74,114,110,224
1996,5,Districte V,10,Pubilla Cases,532,18-24,95,104,199
2009,4,Districte IV,8,les Planes,441,18-24,94,96,190
2016,6,Districte VI,11,el Gornal,632,16-17,13,8,21
2007,1,Districte I,2,Sanfeliu,118,50-64,212,205,417
2009,1,Districte I,3,Sant Josep,137,75 i +,54,31,85
1999,4,Districte IV,7,la Florida,405,65-74,85,69,154
2010,3,Districte III,6,Santa Eulàlia,314,65-74,78,87,165
2001,1,Districte I,3,Sant Josep,126,65-74,63,50,113
2011,1,Districte I,1,Centre,111,12-15,13,12,25
1996,2,Districte II,4,la Torrassa,242,65-74,81,84,165
2010,1,Districte I,3,Sant Josep,114,03-11,47,65,112
2001,3,Districte III,6,Santa Eulàlia,317,65-74,57,38,95
2000,4,Districte IV,8,les Planes,441,16-17,37,32,69
2003,1,Districte I,1,Centre,102,50-64,189,183,372
2010,1,Districte I,1,Centre,128,75 i +,54,33,87
1995,2,Districte II,5,Collblanc,206,35-49,73,70,143
2007,1,Districte I,3,Sant Josep,125,12-15,19,18,37
2009,4,Districte IV,7,la Florida,413,65-74,21,23,44
2011,3,Districte III,6,Santa Eulàlia,308,00-02,23,27,50
2008,4,Districte IV,8,les Planes,438,03-11,27,31,58
2008,6,Districte VI,11,el Gornal,632,12-15,21,23,44
2007,5,Districte V,10,Pubilla Cases,513,65-74,60,43,103
1996,1,Districte I,3,Sant Josep,106,75 i +,34,23,57
2012,1,Districte I,3,Sant Josep,115,16-17,12,15,27
2008,3,Districte III,6,Santa Eulàlia,310,50-64,85,100,185
2011,3,Districte III,6,Santa Eulàlia,322,03-11,68,70,138
2001,3,Districte III,6,Santa Eulàlia,316,00-02,10,16,26
1994,2,Districte II,4,la Torrassa,248,18-24,56,64,120
2004,5,Districte V,10,Pubilla Cases,522,50-64,57,56,113
2011,6,Districte VI,12,Bellvitge,612,16-17,3,9,12
2012,5,Districte V,10,Pubilla Cases,531,16-17,13,9,22
2012,6,Districte VI,12,Bellvitge,615,50-64,66,42,108
2001,2,Districte II,4,la Torrassa,234,18-24,29,35,64
2006,5,Districte V,10,Pubilla Cases,523,65-74,89,78,167
2005,5,Districte V,9,Can Serra,521,75 i +,50,29,79
2014,5,Districte V,9,Can Serra,501,35-49,112,117,229
2001,6,Districte VI,12,Bellvitge,611,35-49,133,174,307
2001,5,Districte V,10,Pubilla Cases,517,65-74,71,64,135
2010,4,Districte IV,8,les Planes,434,25-34,49,49,98
2006,5,Districte V,10,Pubilla Cases,508,25-34,70,62,132
2004,1,Districte I,1,Centre,131,12-15,19,14,33
2009,1,Districte I,1,Centre,131,00-02,17,19,36
2014,6,Districte VI,11,el Gornal,626,03-11,32,37,69
2010,3,Districte III,6,Santa Eulàlia,320,35-49,151,151,302
2001,6,Districte VI,11,el Gornal,616,35-49,292,281,573
2006,4,Districte IV,7,la Florida,416,65-74,50,46,96
2003,2,Districte II,4,la Torrassa,241,65-74,56,45,101
2015,2,Districte II,5,Collblanc,210,12-15,8,14,22
2005,6,Districte VI,12,Bellvitge,623,50-64,215,184,399
2000,2,Districte II,4,la Torrassa,217,35-49,68,70,138
2010,4,Districte IV,8,les Planes,420,75 i +,77,49,126
2010,2,Districte II,5,Collblanc,208,00-02,14,15,29
2011,4,Districte IV,7,la Florida,422,25-34,84,107,191
2014,6,Districte VI,12,Bellvitge,614,50-64,76,70,146
1996,6,Districte VI,12,Bellvitge,609,16-17,19,15,34
2009,4,Districte IV,7,la Florida,410,16-17,15,19,34
2002,1,Districte I,3,Sant Josep,119,00-02,5,16,21
2008,2,Districte II,5,Collblanc,225,00-02,6,7,13
2006,3,Districte III,6,Santa Eulàlia,302,25-34,154,171,325
2002,5,Districte V,10,Pubilla Cases,538,75 i +,62,39,101
1996,4,Districte IV,7,la Florida,416,25-34,68,72,140
2015,6,Districte VI,12,Bellvitge,613,18-24,28,38,66
2012,6,Districte VI,12,Bellvitge,620,75 i +,34,31,65
1994,1,Districte I,1,Centre,107,03-11,77,84,161
2002,4,Districte IV,7,la Florida,430,25-34,80,90,170
1999,4,Districte IV,8,les Planes,442,25-34,46,47,93
2006,3,Districte III,6,Santa Eulàlia,303,03-11,36,52,88
1998,3,Districte III,6,Santa Eulàlia,301,50-64,220,220,440
1997,5,Districte V,9,Can Serra,504,25-34,93,118,211
1997,2,Districte II,5,Collblanc,224,18-24,33,29,62
2010,4,Districte IV,8,les Planes,435,03-11,58,60,118
2006,3,Districte III,6,Santa Eulàlia,322,75 i +,51,38,89
1994,1,Districte I,1,Centre,135,18-24,67,98,165
2014,1,Districte I,3,Sant Josep,120,12-15,33,42,75
2001,4,Districte IV,7,la Florida,409,16-17,5,4,9
2008,1,Districte I,1,Centre,107,16-17,12,20,32
1997,4,Districte IV,8,les Planes,419,03-11,24,29,53
1995,6,Districte VI,12,Bellvitge,618,65-74,26,24,50
1994,2,Districte II,5,Collblanc,223,00-02,13,16,29
2009,3,Districte III,6,Santa Eulàlia,313,16-17,21,12,33
2010,2,Districte II,5,Collblanc,222,25-34,85,108,193
2014,1,Districte I,1,Centre,110,50-64,122,102,224
2013,1,Districte I,1,Centre,133,16-17,3,9,12
2013,2,Districte II,5,Collblanc,216,35-49,155,149,304
2003,2,Districte II,4,la Torrassa,247,35-49,152,164,316
2015,3,Districte III,6,Santa Eulàlia,304,65-74,85,65,150
2004,6,Districte VI,11,el Gornal,616,00-02,39,41,80
2016,2,Districte II,5,Collblanc,216,25-34,90,83,173
2003,1,Districte I,3,Sant Josep,106,18-24,129,119,248
2008,6,Districte VI,12,Bellvitge,615,00-02,10,8,18
2001,6,Districte VI,12,Bellvitge,605,12-15,7,4,11
2004,1,Districte I,1,Centre,112,18-24,79,71,150
2000,4,Districte IV,8,les Planes,418,25-34,95,107,202
2003,3,Districte III,6,Santa Eulàlia,311,16-17,7,6,13
2013,2,Districte II,5,Collblanc,212,12-15,26,23,49
1999,2,Districte II,5,Collblanc,224,75 i +,40,13,53
2002,2,Districte II,5,Collblanc,209,16-17,5,5,10
2010,2,Districte II,4,la Torrassa,230,12-15,16,21,37
2013,3,Districte III,6,Santa Eulàlia,310,12-15,9,15,24
1997,4,Districte IV,7,la Florida,424,65-74,27,31,58
2011,6,Districte VI,11,el Gornal,629,75 i +,29,23,52
2004,3,Districte III,6,Santa Eulàlia,304,75 i +,107,48,155
2015,5,Districte V,10,Pubilla Cases,513,65-74,57,37,94
2000,2,Districte II,5,Collblanc,208,03-11,38,43,81
2004,2,Districte II,5,Collblanc,204,25-34,45,66,111
2008,4,Districte IV,8,les Planes,433,50-64,75,75,150
2000,5,Districte V,10,Pubilla Cases,533,25-34,86,91,177
2010,2,Districte II,4,la Torrassa,211,18-24,55,52,107
2001,2,Districte II,4,la Torrassa,231,00-02,11,13,24
2007,5,Districte V,10,Pubilla Cases,536,18-24,26,25,51
2015,4,Districte IV,7,la Florida,405,16-17,13,20,33
2000,4,Districte IV,7,la Florida,407,16-17,6,6,12
2002,5,Districte V,10,Pubilla Cases,532,16-17,13,7,20
1997,4,Districte IV,7,la Florida,412,12-15,54,37,91
2010,2,Districte II,5,Collblanc,202,35-49,85,116,201
2012,2,Districte II,4,la Torrassa,232,16-17,9,5,14
1996,5,Districte V,10,Pubilla Cases,537,25-34,96,106,202
1994,5,Districte V,9,Can Serra,521,12-15,43,45,88
1994,4,Districte IV,8,les Planes,440,03-11,21,29,50
1996,1,Districte I,3,Sant Josep,117,65-74,62,45,107
1998,5,Districte V,10,Pubilla Cases,522,35-49,69,53,122
2011,2,Districte II,4,la Torrassa,248,18-24,56,47,103
2015,6,Districte VI,12,Bellvitge,612,35-49,116,141,257
2006,3,Districte III,6,Santa Eulàlia,308,35-49,244,241,485
1999,2,Districte II,5,Collblanc,203,50-64,60,67,127
2015,1,Districte I,3,Sant Josep,125,16-17,10,18,28
1998,2,Districte II,5,Collblanc,202,03-11,16,16,32
2012,4,Districte IV,8,les Planes,419,35-49,111,139,250
2004,1,Districte I,3,Sant Josep,140,18-24,40,40,80
2009,5,Districte V,9,Can Serra,521,25-34,64,72,136
2013,3,Districte III,6,Santa Eulàlia,305,65-74,71,67,138
1994,2,Districte II,4,la Torrassa,243,25-34,145,156,301
2008,2,Districte II,4,la Torrassa,217,35-49,85,123,208
1997,1,Districte I,1,Centre,104,12-15,6,8,14
1996,4,Districte IV,7,la Florida,412,00-02,16,19,35
2006,5,Districte V,10,Pubilla Cases,511,03-11,28,20,48
2002,2,Districte II,4,la Torrassa,236,25-34,97,115,212
1994,4,Districte IV,7,la Florida,410,18-24,126,116,242
2007,2,Districte II,5,Collblanc,222,00-02,15,15,30
1999,2,Districte II,5,Collblanc,215,12-15,14,12,26
2007,6,Districte VI,12,Bellvitge,628,16-17,12,7,19
2004,3,Districte III,6,Santa Eulàlia,322,18-24,56,58,114
2004,3,Districte III,6,Santa Eulàlia,302,18-24,60,63,123
2003,6,Districte VI,12,Bellvitge,630,35-49,83,74,157
1999,6,Districte VI,12,Bellvitge,612,18-24,64,85,149
2004,2,Districte II,4,la Torrassa,231,00-02,16,14,30
1995,6,Districte VI,12,Bellvitge,621,18-24,160,202,362
2005,2,Districte II,4,la Torrassa,245,18-24,39,53,92
1997,3,Districte III,6,Santa Eulàlia,303,12-15,26,31,57
2006,1,Districte I,3,Sant Josep,122,25-34,88,79,167
1997,2,Districte II,4,la Torrassa,211,25-34,117,113,230
1997,3,Districte III,6,Santa Eulàlia,310,75 i +,23,12,35
2003,1,Districte I,1,Centre,123,65-74,70,76,146
2006,1,Districte I,1,Centre,110,25-34,112,126,238
1994,3,Districte III,6,Santa Eulàlia,315,25-34,135,116,251
1997,5,Districte V,9,Can Serra,506,18-24,191,179,370
2002,1,Districte I,1,Centre,110,65-74,69,48,117
2014,6,Districte VI,11,el Gornal,617,65-74,65,46,111
1999,3,Districte III,6,Santa Eulàlia,322,65-74,66,53,119
1996,1,Districte I,3,Sant Josep,125,75 i +,16,21,37
2006,1,Districte I,1,Centre,101,00-02,46,55,101
2005,2,Districte II,4,la Torrassa,217,25-34,66,70,136
1999,2,Districte II,5,Collblanc,203,16-17,6,9,15
2000,4,Districte IV,7,la Florida,402,50-64,80,74,154
2007,2,Districte II,4,la Torrassa,229,18-24,28,31,59
2009,1,Districte I,3,Sant Josep,125,18-24,69,59,128
2008,5,Districte V,10,Pubilla Cases,515,00-02,12,9,21
2012,2,Districte II,5,Collblanc,215,35-49,143,148,291
2014,1,Districte I,2,Sanfeliu,132,65-74,112,134,246
2011,6,Districte VI,12,Bellvitge,620,25-34,29,28,57
2011,1,Districte I,3,Sant Josep,138,03-11,25,27,52
1995,1,Districte I,1,Centre,105,16-17,27,20,47
2010,2,Districte II,5,Collblanc,214,35-49,133,137,270
1999,6,Districte VI,12,Bellvitge,620,03-11,17,30,47
1999,1,Districte I,3,Sant Josep,106,03-11,63,61,124
1994,3,Districte III,6,Santa Eulàlia,309,16-17,12,14,26
1999,5,Districte V,10,Pubilla Cases,512,03-11,28,26,54
1997,5,Districte V,10,Pubilla Cases,508,35-49,51,55,106
1995,2,Districte II,5,Collblanc,209,75 i +,68,35,103
2010,4,Districte IV,8,les Planes,439,16-17,11,10,21
2008,3,Districte III,6,Santa Eulàlia,313,50-64,224,187,411
2016,2,Districte II,4,la Torrassa,238,65-74,37,37,74
1994,4,Districte IV,8,les Planes,419,35-49,65,68,133
2016,3,Districte III,6,Santa Eulàlia,314,12-15,31,35,66
1998,1,Districte I,3,Sant Josep,137,18-24,94,88,182
2012,2,Districte II,5,Collblanc,202,16-17,10,9,19
2010,2,Districte II,5,Collblanc,207,25-34,69,81,150
2014,5,Districte V,10,Pubilla Cases,531,65-74,48,33,81
1997,4,Districte IV,7,la Florida,410,35-49,158,153,311
2002,2,Districte II,5,Collblanc,216,35-49,115,109,224
2002,3,Districte III,6,Santa Eulàlia,318,35-49,124,124,248
2014,5,Districte V,9,Can Serra,521,16-17,7,6,13
1998,4,Districte IV,8,les Planes,440,16-17,13,8,21
1996,2,Districte II,5,Collblanc,219,12-15,12,31,43
1998,1,Districte I,2,Sanfeliu,129,35-49,98,107,205
2009,5,Districte V,10,Pubilla Cases,538,35-49,146,149,295
2007,6,Districte VI,12,Bellvitge,618,25-34,41,39,80
2009,2,Districte II,5,Collblanc,214,75 i +,31,24,55
2006,5,Districte V,10,Pubilla Cases,523,16-17,14,8,22
1994,3,Districte III,6,Santa Eulàlia,312,25-34,110,118,228
2013,1,Districte I,1,Centre,113,35-49,179,177,356
2002,4,Districte IV,8,les Planes,433,16-17,10,3,13
2013,6,Districte VI,12,Bellvitge,627,50-64,142,110,252
2000,1,Districte I,2,Sanfeliu,129,75 i +,40,20,60
1997,5,Districte V,10,Pubilla Cases,509,25-34,67,77,144
2003,6,Districte VI,12,Bellvitge,623,25-34,157,155,312
2001,2,Districte II,4,la Torrassa,248,50-64,83,84,167
1995,2,Districte II,5,Collblanc,202,65-74,41,31,72
1995,2,Districte II,5,Collblanc,244,12-15,11,9,20
2015,1,Districte I,3,Sant Josep,127,18-24,22,23,45
1999,4,Districte IV,8,les Planes,440,65-74,51,48,99
2003,5,Districte V,10,Pubilla Cases,512,03-11,28,30,58
2010,4,Districte IV,7,la Florida,424,25-34,62,69,131
2005,4,Districte IV,8,les Planes,440,25-34,91,100,191
2007,1,Districte I,1,Centre,102,75 i +,91,49,140
2015,5,Districte V,9,Can Serra,506,25-34,92,104,196
2006,2,Districte II,5,Collblanc,207,16-17,5,3,8
1998,5,Districte V,10,Pubilla Cases,514,50-64,80,65,145
2015,3,Districte III,13,Granvia Sud,312,03-11,56,67,123
2004,5,Districte V,10,Pubilla Cases,532,75 i +,81,50,131
1995,6,Districte VI,12,Bellvitge,624,50-64,133,150,283
1995,4,Districte IV,7,la Florida,405,50-64,142,121,263
2016,4,Districte IV,7,la Florida,414,16-17,22,21,43
2016,4,Districte IV,7,la Florida,423,50-64,85,70,155
2009,4,Districte IV,8,les Planes,439,18-24,44,57,101
2003,4,Districte IV,7,la Florida,417,65-74,37,31,68
2004,3,Districte III,6,Santa Eulàlia,303,65-74,126,134,260
2008,1,Districte I,1,Centre,111,18-24,41,27,68
2016,1,Districte I,1,Centre,108,35-49,183,177,360
1997,2,Districte II,5,Collblanc,223,25-34,102,98,200
1995,5,Districte V,9,Can Serra,505,75 i +,41,24,65
2002,1,Districte I,1,Centre,104,12-15,10,8,18
2006,5,Districte V,10,Pubilla Cases,520,35-49,88,83,171
2016,5,Districte V,10,Pubilla Cases,520,75 i +,57,35,92
2011,5,Districte V,9,Can Serra,505,50-64,128,83,211
2008,2,Districte II,5,Collblanc,209,03-11,29,36,65
2002,2,Districte II,5,Collblanc,226,16-17,11,13,24
1998,3,Districte III,6,Santa Eulàlia,307,65-74,76,67,143
1995,3,Districte III,6,Santa Eulàlia,318,35-49,136,144,280
2015,3,Districte III,13,Granvia Sud,320,65-74,92,83,175
2001,4,Districte IV,7,la Florida,424,18-24,32,43,75
2011,3,Districte III,6,Santa Eulàlia,306,25-34,128,134,262
2005,5,Districte V,10,Pubilla Cases,536,12-15,14,7,21
2003,6,Districte VI,12,Bellvitge,615,16-17,7,8,15
2006,5,Districte V,10,Pubilla Cases,520,65-74,52,45,97
2015,5,Districte V,9,Can Serra,503,03-11,18,25,43
2016,2,Districte II,5,Collblanc,226,65-74,91,70,161
2016,1,Districte I,3,Sant Josep,120,50-64,202,194,396
1998,6,Districte VI,12,Bellvitge,618,03-11,18,21,39
1994,3,Districte III,6,Santa Eulàlia,319,65-74,36,26,62
2000,4,Districte IV,8,les Planes,418,35-49,95,115,210
2003,4,Districte IV,8,les Planes,437,35-49,86,98,184
2003,4,Districte IV,8,les Planes,441,16-17,32,28,60
2004,2,Districte II,5,Collblanc,214,50-64,55,42,97
2014,2,Districte II,4,la Torrassa,228,35-49,295,318,613
2016,6,Districte VI,12,Bellvitge,619,35-49,131,131,262
2009,5,Districte V,10,Pubilla Cases,531,18-24,46,48,94
1999,2,Districte II,5,Collblanc,203,00-02,5,7,12
2001,3,Districte III,6,Santa Eulàlia,321,00-02,30,34,64
2006,3,Districte III,6,Santa Eulàlia,323,75 i +,62,27,89
2000,6,Districte VI,12,Bellvitge,607,03-11,35,33,68
2016,1,Districte I,1,Centre,105,50-64,134,108,242
2008,4,Districte IV,7,la Florida,425,00-02,18,11,29
2013,1,Districte I,3,Sant Josep,106,18-24,43,58,101
2004,1,Districte I,1,Centre,102,65-74,92,87,179
2013,3,Districte III,6,Santa Eulàlia,324,65-74,49,41,90
2008,2,Districte II,5,Collblanc,219,03-11,57,53,110
2000,1,Districte I,1,Centre,111,12-15,17,21,38
1999,2,Districte II,5,Collblanc,202,50-64,79,69,148
2010,5,Districte V,9,Can Serra,503,35-49,84,58,142
1996,4,Districte IV,7,la Florida,409,25-34,59,63,122
2016,2,Districte II,4,la Torrassa,240,65-74,60,38,98
2016,5,Districte V,10,Pubilla Cases,533,00-02,28,34,62
1996,5,Districte V,10,Pubilla Cases,512,18-24,54,56,110
2014,6,Districte VI,12,Bellvitge,615,18-24,21,25,46
1994,1,Districte I,3,Sant Josep,114,18-24,134,145,279
2002,4,Districte IV,8,les Planes,435,18-24,45,50,95
2011,5,Districte V,10,Pubilla Cases,513,18-24,23,21,44
1995,1,Districte I,3,Sant Josep,140,00-02,6,5,11
2008,6,Districte VI,12,Bellvitge,621,03-11,52,60,112
2004,1,Districte I,1,Centre,105,50-64,114,118,232
2014,2,Districte II,5,Collblanc,210,35-49,92,89,181
2013,1,Districte I,3,Sant Josep,137,65-74,76,74,150
2009,4,Districte IV,7,la Florida,412,35-49,162,192,354
1997,2,Districte II,4,la Torrassa,234,00-02,4,9,13
2012,1,Districte I,1,Centre,133,25-34,52,66,118
2006,6,Districte VI,12,Bellvitge,623,00-02,22,22,44
1997,4,Districte IV,7,la Florida,431,03-11,40,40,80
2009,4,Districte IV,8,les Planes,420,75 i +,79,46,125
1998,1,Districte I,1,Centre,102,00-02,14,21,35
2012,2,Districte II,5,Collblanc,220,75 i +,63,40,103
1998,5,Districte V,10,Pubilla Cases,518,35-49,73,88,161
2005,4,Districte IV,7,la Florida,407,16-17,7,11,18
2010,1,Districte I,1,Centre,101,16-17,19,12,31
1996,2,Districte II,4,la Torrassa,248,35-49,94,93,187
2013,4,Districte IV,7,la Florida,422,00-02,21,23,44
1994,2,Districte II,5,Collblanc,203,18-24,40,39,79
2002,3,Districte III,6,Santa Eulàlia,319,75 i +,28,25,53
1997,4,Districte IV,7,la Florida,411,35-49,98,89,187
2014,4,Districte IV,7,la Florida,416,35-49,187,180,367
1994,5,Districte V,10,Pubilla Cases,510,50-64,121,115,236
2011,4,Districte IV,8,les Planes,442,25-34,45,54,99
2000,3,Districte III,6,Santa Eulàlia,320,03-11,16,26,42
2008,1,Districte I,1,Centre,102,65-74,102,96,198
2008,5,Districte V,9,Can Serra,506,03-11,63,77,140
2004,2,Districte II,5,Collblanc,224,16-17,1,3,4
2013,2,Districte II,4,la Torrassa,239,25-34,96,103,199
2016,2,Districte II,5,Collblanc,226,00-02,29,29,58
2011,2,Districte II,4,la Torrassa,240,03-11,37,22,59
2000,5,Districte V,10,Pubilla Cases,527,75 i +,56,28,84
1996,1,Districte I,1,Centre,124,35-49,130,102,232
2010,3,Districte III,6,Santa Eulàlia,310,35-49,106,112,218
2016,5,Districte V,9,Can Serra,535,16-17,7,12,19
2009,5,Districte V,9,Can Serra,502,03-11,43,77,120
2012,6,Districte VI,12,Bellvitge,606,65-74,67,48,115
2010,2,Districte II,4,la Torrassa,237,16-17,13,11,24
2009,5,Districte V,10,Pubilla Cases,518,12-15,18,24,42
2005,2,Districte II,5,Collblanc,216,25-34,107,121,228
1996,4,Districte IV,7,la Florida,428,16-17,2,4,6
1999,2,Districte II,5,Collblanc,216,18-24,76,65,141
2015,5,Districte V,9,Can Serra,535,75 i +,60,63,123
2016,1,Districte I,1,Centre,123,00-02,17,13,30
1995,5,Districte V,10,Pubilla Cases,528,75 i +,30,19,49
2011,3,Districte III,6,Santa Eulàlia,302,18-24,52,36,88
1997,2,Districte II,5,Collblanc,224,75 i +,36,17,53
2005,5,Districte V,10,Pubilla Cases,519,75 i +,26,23,49
2006,4,Districte IV,7,la Florida,405,75 i +,56,42,98
2011,5,Districte V,10,Pubilla Cases,537,18-24,64,48,112
2006,5,Districte V,10,Pubilla Cases,514,12-15,17,8,25
2003,4,Districte IV,8,les Planes,437,65-74,52,53,105
2004,2,Districte II,4,la Torrassa,235,00-02,28,25,53
2012,4,Districte IV,8,les Planes,435,35-49,121,169,290
2003,3,Districte III,6,Santa Eulàlia,304,25-34,123,139,262
1995,2,Districte II,5,Collblanc,212,50-64,138,129,267
2009,6,Districte VI,12,Bellvitge,615,16-17,5,4,9
1994,6,Districte VI,11,el Gornal,629,18-24,53,63,116
1997,3,Districte III,6,Santa Eulàlia,318,75 i +,7,7,14
2014,2,Districte II,4,la Torrassa,248,35-49,165,179,344
2012,4,Districte IV,7,la Florida,412,12-15,23,14,37
1995,5,Districte V,9,Can Serra,503,50-64,67,69,136
2015,1,Districte I,1,Centre,123,03-11,51,56,107
2011,3,Districte III,6,Santa Eulàlia,319,50-64,149,142,291
1995,5,Districte V,10,Pubilla Cases,515,00-02,5,8,13
1997,2,Districte II,5,Collblanc,212,12-15,21,17,38
2008,1,Districte I,1,Centre,108,18-24,45,40,85
2003,4,Districte IV,7,la Florida,416,00-02,16,12,28
1997,2,Districte II,5,Collblanc,212,65-74,77,67,144
2007,5,Districte V,10,Pubilla Cases,509,18-24,40,36,76
1997,2,Districte II,5,Collblanc,216,35-49,124,109,233
1996,5,Districte V,10,Pubilla Cases,516,12-15,16,5,21
1996,1,Districte I,3,Sant Josep,125,16-17,19,27,46
1994,5,Districte V,10,Pubilla Cases,534,12-15,18,26,44
2006,6,Districte VI,12,Bellvitge,630,12-15,10,10,20
2011,4,Districte IV,8,les Planes,433,12-15,16,23,39
2005,5,Districte V,10,Pubilla Cases,538,00-02,21,18,39
2014,5,Districte V,10,Pubilla Cases,513,50-64,107,116,223
1995,4,Districte IV,7,la Florida,405,00-02,9,10,19
2011,4,Districte IV,8,les Planes,418,35-49,161,175,336
1995,2,Districte II,5,Collblanc,222,00-02,13,9,22
1994,1,Districte I,1,Centre,135,65-74,56,47,103
2012,6,Districte VI,12,Bellvitge,627,03-11,34,32,66
2008,4,Districte IV,8,les Planes,439,75 i +,48,37,85
2005,2,Districte II,4,la Torrassa,239,00-02,16,13,29
2015,4,Districte IV,7,la Florida,432,65-74,89,82,171
1995,4,Districte IV,7,la Florida,404,25-34,114,132,246
2012,4,Districte IV,7,la Florida,424,25-34,43,54,97
2000,2,Districte II,5,Collblanc,227,12-15,6,6,12
2010,4,Districte IV,7,la Florida,430,03-11,40,46,86
1995,4,Districte IV,7,la Florida,430,25-34,75,81,156
2012,6,Districte VI,11,el Gornal,622,75 i +,35,12,47
2016,1,Districte I,3,Sant Josep,126,50-64,78,58,136
2007,6,Districte VI,12,Bellvitge,618,75 i +,25,15,40
2003,5,Districte V,10,Pubilla Cases,512,25-34,64,96,160
2011,6,Districte VI,12,Bellvitge,621,35-49,160,176,336
2010,4,Districte IV,8,les Planes,441,65-74,103,94,197
1999,6,Districte VI,12,Bellvitge,627,00-02,17,6,23
2009,4,Districte IV,7,la Florida,427,25-34,107,112,219
1994,2,Districte II,5,Collblanc,210,50-64,111,93,204
2012,3,Districte III,6,Santa Eulàlia,306,03-11,72,60,132
2011,2,Districte II,5,Collblanc,224,75 i +,36,23,59
1996,4,Districte IV,7,la Florida,408,35-49,88,90,178
2001,2,Districte II,5,Collblanc,209,03-11,25,33,58
2011,4,Districte IV,7,la Florida,402,03-11,28,43,71
2015,2,Districte II,4,la Torrassa,229,03-11,72,89,161
2004,5,Districte V,10,Pubilla Cases,538,18-24,41,52,93
1995,2,Districte II,5,Collblanc,222,25-34,68,64,132
1996,1,Districte I,3,Sant Josep,114,25-34,138,164,302
1996,1,Districte I,3,Sant Josep,126,75 i +,39,14,53
1995,1,Districte I,3,Sant Josep,117,16-17,44,43,87
1995,4,Districte IV,7,la Florida,405,16-17,9,10,19
2004,1,Districte I,1,Centre,131,25-34,133,152,285
2001,6,Districte VI,12,Bellvitge,605,50-64,100,82,182
1994,2,Districte II,4,la Torrassa,218,03-11,24,39,63
1998,2,Districte II,5,Collblanc,205,00-02,15,12,27
1999,3,Districte III,6,Santa Eulàlia,314,18-24,129,138,267
2003,3,Districte III,6,Santa Eulàlia,320,65-74,31,20,51
1996,2,Districte II,4,la Torrassa,230,18-24,44,31,75
2008,5,Districte V,10,Pubilla Cases,511,65-74,40,29,69
1998,5,Districte V,9,Can Serra,505,18-24,116,101,217
1995,1,Districte I,3,Sant Josep,120,12-15,37,44,81
1995,2,Districte II,4,la Torrassa,231,75 i +,75,31,106
2006,2,Districte II,5,Collblanc,214,75 i +,31,16,47
2011,6,Districte VI,12,Bellvitge,606,16-17,11,12,23
1996,3,Districte III,6,Santa Eulàlia,302,18-24,121,120,241
2007,3,Districte III,6,Santa Eulàlia,308,18-24,68,76,144
2002,4,Districte IV,7,la Florida,405,18-24,34,33,67
2015,5,Districte V,10,Pubilla Cases,517,03-11,113,99,212
2014,5,Districte V,10,Pubilla Cases,520,65-74,48,44,92
1999,6,Districte VI,12,Bellvitge,613,12-15,15,15,30
2002,2,Districte II,5,Collblanc,227,35-49,75,69,144
2011,2,Districte II,5,Collblanc,206,35-49,121,123,244
2015,4,Districte IV,7,la Florida,412,12-15,28,21,49
2011,6,Districte VI,12,Bellvitge,607,03-11,46,31,77
2007,6,Districte VI,12,Bellvitge,631,03-11,32,37,69
1997,6,Districte VI,12,Bellvitge,621,35-49,233,187,420
2003,2,Districte II,5,Collblanc,215,16-17,10,8,18
2013,4,Districte IV,8,les Planes,436,75 i +,57,41,98
2007,6,Districte VI,12,Bellvitge,612,65-74,87,77,164
2012,1,Districte I,1,Centre,101,12-15,33,31,64
2014,1,Districte I,3,Sant Josep,125,16-17,13,15,28
1994,4,Districte IV,8,les Planes,438,35-49,65,75,140
2011,6,Districte VI,11,el Gornal,617,65-74,59,43,102
2003,1,Districte I,3,Sant Josep,127,16-17,14,11,25
2013,2,Districte II,4,la Torrassa,232,65-74,54,43,97
2012,6,Districte VI,11,el Gornal,632,00-02,8,14,22
2013,3,Districte III,6,Santa Eulàlia,316,50-64,378,312,690
2002,3,Districte III,6,Santa Eulàlia,320,35-49,78,74,152
2002,6,Districte VI,11,el Gornal,608,75 i +,40,17,57
2004,2,Districte II,4,la Torrassa,231,25-34,99,107,206
2008,1,Districte I,3,Sant Josep,126,00-02,9,12,21
2007,3,Districte III,6,Santa Eulàlia,320,00-02,19,21,40
2006,6,Districte VI,12,Bellvitge,630,35-49,72,85,157
2001,4,Districte IV,7,la Florida,405,16-17,5,4,9
2003,2,Districte II,4,la Torrassa,237,50-64,116,109,225
2000,4,Districte IV,7,la Florida,406,50-64,130,120,250
1994,2,Districte II,5,Collblanc,204,00-02,3,7,10
2012,1,Districte I,1,Centre,109,25-34,98,93,191
2000,1,Districte I,2,Sanfeliu,116,65-74,67,56,123
2002,2,Districte II,4,la Torrassa,243,75 i +,84,54,138
2010,1,Districte I,3,Sant Josep,120,03-11,62,96,158
1994,3,Districte III,6,Santa Eulàlia,308,16-17,27,23,50
2011,2,Districte II,4,la Torrassa,248,35-49,192,178,370
2015,5,Districte V,9,Can Serra,502,16-17,18,15,33
2016,1,Districte I,3,Sant Josep,140,16-17,9,9,18
2000,5,Districte V,10,Pubilla Cases,534,25-34,90,104,194
2000,6,Districte VI,12,Bellvitge,602,25-34,59,79,138
2008,1,Districte I,1,Centre,112,03-11,55,62,117
1995,4,Districte IV,8,les Planes,436,25-34,75,84,159
1994,5,Districte V,9,Can Serra,504,35-49,126,123,249
2002,5,Districte V,10,Pubilla Cases,518,75 i +,57,24,81
2002,2,Districte II,4,la Torrassa,240,50-64,47,46,93
1997,2,Districte II,4,la Torrassa,229,00-02,8,8,16
2001,2,Districte II,4,la Torrassa,236,00-02,13,7,20
2008,5,Districte V,10,Pubilla Cases,508,16-17,6,11,17
1998,4,Districte IV,8,les Planes,429,00-02,1,4,5
2009,1,Districte I,3,Sant Josep,117,65-74,80,83,163
1996,4,Districte IV,7,la Florida,425,35-49,81,74,155
2014,2,Districte II,5,Collblanc,209,12-15,17,12,29
1996,1,Districte I,1,Centre,112,16-17,28,24,52
2015,6,Districte VI,12,Bellvitge,611,12-15,38,23,61
1995,1,Districte I,1,Centre,123,03-11,53,42,95
2000,2,Districte II,5,Collblanc,204,35-49,41,56,97
2014,2,Districte II,4,la Torrassa,248,12-15,16,18,34
1994,2,Districte II,4,la Torrassa,232,12-15,23,20,43
2000,1,Districte I,3,Sant Josep,139,03-11,28,35,63
1999,2,Districte II,4,la Torrassa,231,50-64,95,81,176
1997,4,Districte IV,8,les Planes,441,75 i +,46,41,87
2003,4,Districte IV,7,la Florida,432,12-15,17,23,40
2005,2,Districte II,4,la Torrassa,211,00-02,16,17,33
2008,4,Districte IV,8,les Planes,438,00-02,17,13,30
2009,5,Districte V,10,Pubilla Cases,516,35-49,105,107,212
2013,2,Districte II,5,Collblanc,208,65-74,112,83,195
2007,4,Districte IV,7,la Florida,417,50-64,56,58,114
1999,1,Districte I,3,Sant Josep,137,75 i +,42,18,60
1994,3,Districte III,6,Santa Eulàlia,310,12-15,27,33,60
2013,2,Districte II,5,Collblanc,216,03-11,48,62,110
2002,4,Districte IV,7,la Florida,402,03-11,25,24,49
2015,6,Districte VI,11,el Gornal,626,50-64,71,75,146
2006,2,Districte II,4,la Torrassa,232,65-74,65,53,118
1999,2,Districte II,5,Collblanc,205,00-02,13,12,25
1998,2,Districte II,4,la Torrassa,248,00-02,12,8,20
2016,3,Districte III,6,Santa Eulàlia,316,50-64,353,283,636
1997,2,Districte II,4,la Torrassa,242,25-34,85,81,166
2000,5,Districte V,9,Can Serra,504,03-11,19,25,44
1996,5,Districte V,10,Pubilla Cases,531,03-11,34,30,64
2016,5,Districte V,10,Pubilla Cases,523,75 i +,88,66,154
2000,1,Districte I,1,Centre,112,75 i +,64,17,81
2003,4,Districte IV,7,la Florida,416,50-64,64,49,113
2002,2,Districte II,4,la Torrassa,246,12-15,6,16,22
1995,2,Districte II,4,la Torrassa,243,16-17,16,14,30
2008,1,Districte I,3,Sant Josep,137,65-74,59,57,116
1995,1,Districte I,3,Sant Josep,114,25-34,142,175,317
1994,4,Districte IV,8,les Planes,435,12-15,17,27,44
2010,1,Districte I,1,Centre,128,35-49,133,144,277
1997,5,Districte V,10,Pubilla Cases,518,18-24,59,59,118
2015,3,Districte III,6,Santa Eulàlia,310,65-74,49,49,98
1996,5,Districte V,10,Pubilla Cases,515,75 i +,24,11,35
2003,4,Districte IV,7,la Florida,408,50-64,71,58,129
2000,4,Districte IV,7,la Florida,411,18-24,65,53,118
2003,4,Districte IV,7,la Florida,430,00-02,16,13,29
2006,5,Districte V,10,Pubilla Cases,530,65-74,85,80,165
2001,2,Districte II,4,la Torrassa,229,35-49,66,65,131
2011,1,Districte I,2,Sanfeliu,129,12-15,19,25,44
2007,1,Districte I,1,Centre,128,35-49,122,119,241
1998,3,Districte III,6,Santa Eulàlia,311,25-34,126,145,271
2001,4,Districte IV,7,la Florida,432,16-17,12,9,21
2006,1,Districte I,1,Centre,108,16-17,11,6,17
2010,4,Districte IV,7,la Florida,412,12-15,27,24,51
1995,5,Districte V,10,Pubilla Cases,538,16-17,18,14,32
1995,1,Districte I,2,Sanfeliu,116,25-34,125,129,254
2005,4,Districte IV,7,la Florida,410,03-11,45,77,122
1995,4,Districte IV,8,les Planes,442,00-02,5,2,7
2010,4,Districte IV,8,les Planes,429,25-34,39,53,92
2016,1,Districte I,3,Sant Josep,139,16-17,4,10,14
2014,6,Districte VI,12,Bellvitge,607,50-64,88,86,174
2007,6,Districte VI,12,Bellvitge,602,03-11,19,20,39
2000,4,Districte IV,7,la Florida,421,18-24,54,55,109
2013,1,Districte I,1,Centre,109,35-49,126,117,243
2010,4,Districte IV,8,les Planes,429,75 i +,52,28,80
2014,6,Districte VI,12,Bellvitge,612,16-17,8,13,21
2012,4,Districte IV,7,la Florida,410,12-15,26,27,53
1995,1,Districte I,3,Sant Josep,136,03-11,59,57,116
2001,1,Districte I,1,Centre,131,65-74,54,52,106
2006,2,Districte II,5,Collblanc,223,12-15,25,29,54
1994,4,Districte IV,7,la Florida,428,03-11,18,13,31
1995,1,Districte I,3,Sant Josep,121,75 i +,30,22,52
1997,5,Districte V,10,Pubilla Cases,538,75 i +,53,25,78
2004,1,Districte I,3,Sant Josep,115,75 i +,58,44,102
2016,6,Districte VI,11,el Gornal,608,65-74,70,46,116
2016,5,Districte V,9,Can Serra,501,12-15,19,24,43
2002,6,Districte VI,12,Bellvitge,613,18-24,43,35,78
2015,6,Districte VI,11,el Gornal,616,25-34,111,135,246
1998,4,Districte IV,7,la Florida,414,50-64,91,86,177
2001,6,Districte VI,11,el Gornal,629,12-15,16,9,25
2016,5,Districte V,10,Pubilla Cases,511,35-49,266,290,556
1994,2,Districte II,5,Collblanc,203,00-02,7,7,14
2006,2,Districte II,4,la Torrassa,229,00-02,7,11,18
2011,6,Districte VI,12,Bellvitge,628,16-17,9,5,14
2002,2,Districte II,5,Collblanc,216,50-64,152,125,277
2004,1,Districte I,3,Sant Josep,106,25-34,169,195,364
1999,1,Districte I,1,Centre,102,50-64,204,210,414
2004,2,Districte II,4,la Torrassa,248,12-15,18,18,36
2000,4,Districte IV,7,la Florida,402,00-02,5,9,14
2012,1,Districte I,1,Centre,111,75 i +,65,41,106
2010,3,Districte III,6,Santa Eulàlia,304,65-74,78,54,132
1995,2,Districte II,4,la Torrassa,245,25-34,56,67,123
2014,2,Districte II,5,Collblanc,221,18-24,88,76,164
2015,1,Districte I,1,Centre,109,18-24,30,41,71
2015,3,Districte III,6,Santa Eulàlia,315,16-17,19,18,37
2006,1,Districte I,3,Sant Josep,119,65-74,58,55,113
2002,4,Districte IV,7,la Florida,413,16-17,3,5,8
2012,4,Districte IV,8,les Planes,418,25-34,85,116,201
2004,2,Districte II,4,la Torrassa,248,00-02,17,10,27
2012,3,Districte III,6,Santa Eulàlia,316,75 i +,75,36,111
1998,2,Districte II,5,Collblanc,213,25-34,63,71,134
2011,5,Districte V,10,Pubilla Cases,536,16-17,6,10,16
2005,5,Districte V,10,Pubilla Cases,534,25-34,105,132,237
2005,6,Districte VI,12,Bellvitge,614,03-11,36,35,71
2010,2,Districte II,5,Collblanc,212,50-64,103,111,214
2002,4,Districte IV,8,les Planes,442,16-17,7,8,15
2014,1,Districte I,3,Sant Josep,106,35-49,178,186,364
2004,4,Districte IV,7,la Florida,422,00-02,8,16,24
1994,6,Districte VI,12,Bellvitge,613,50-64,166,221,387
2014,6,Districte VI,11,el Gornal,626,25-34,50,43,93
1997,2,Districte II,4,la Torrassa,241,35-49,56,58,114
2002,3,Districte III,6,Santa Eulàlia,314,00-02,28,21,49
2008,4,Districte IV,8,les Planes,433,35-49,139,186,325
1997,2,Districte II,5,Collblanc,244,12-15,6,9,15
2012,1,Districte I,3,Sant Josep,126,50-64,86,59,145
2002,3,Districte III,6,Santa Eulàlia,323,03-11,150,121,271
1998,3,Districte III,6,Santa Eulàlia,306,18-24,74,83,157
2002,4,Districte IV,8,les Planes,418,00-02,16,8,24
2002,6,Districte VI,11,el Gornal,617,18-24,45,61,106
1997,1,Districte I,2,Sanfeliu,116,25-34,140,135,275
2007,5,Districte V,10,Pubilla Cases,530,65-74,77,83,160
2000,4,Districte IV,8,les Planes,440,18-24,66,67,133
1998,2,Districte II,4,la Torrassa,243,00-02,6,17,23
1995,1,Districte I,1,Centre,104,00-02,10,7,17
2010,5,Districte V,10,Pubilla Cases,538,75 i +,87,58,145
1997,3,Districte III,6,Santa Eulàlia,303,35-49,120,104,224
2006,4,Districte IV,7,la Florida,408,00-02,12,12,24
1997,5,Districte V,10,Pubilla Cases,509,65-74,29,31,60
2013,2,Districte II,4,la Torrassa,249,16-17,8,10,18
2003,2,Districte II,4,la Torrassa,242,12-15,12,15,27
2013,6,Districte VI,12,Bellvitge,605,12-15,27,30,57
2006,5,Districte V,10,Pubilla Cases,526,16-17,4,8,12
2008,1,Districte I,1,Centre,101,03-11,102,85,187
2002,5,Districte V,10,Pubilla Cases,525,00-02,8,8,16
1996,6,Districte VI,11,el Gornal,608,03-11,37,56,93
2015,6,Districte VI,12,Bellvitge,602,12-15,25,34,59
2001,2,Districte II,4,la Torrassa,230,03-11,25,27,52
2012,1,Districte I,3,Sant Josep,119,16-17,4,8,12
2005,3,Districte III,6,Santa Eulàlia,311,25-34,122,144,266
2011,4,Districte IV,7,la Florida,424,00-02,10,11,21
1999,3,Districte III,6,Santa Eulàlia,305,75 i +,80,41,121
1998,2,Districte II,4,la Torrassa,242,18-24,35,40,75
1996,6,Districte VI,12,Bellvitge,627,50-64,81,108,189
2010,2,Districte II,4,la Torrassa,233,00-02,29,15,44
2005,3,Districte III,6,Santa Eulàlia,305,16-17,15,19,34
2015,4,Districte IV,7,la Florida,430,03-11,54,59,113
2008,2,Districte II,5,Collblanc,221,03-11,43,36,79
1997,1,Districte I,1,Centre,130,18-24,38,48,86
2002,1,Districte I,1,Centre,133,00-02,8,17,25
2014,2,Districte II,4,la Torrassa,248,50-64,109,110,219
2000,1,Districte I,3,Sant Josep,126,50-64,152,159,311
2005,2,Districte II,5,Collblanc,201,75 i +,39,29,68
1994,1,Districte I,3,Sant Josep,138,03-11,37,62,99
2002,5,Districte V,9,Can Serra,506,75 i +,61,39,100
1996,6,Districte VI,12,Bellvitge,610,50-64,187,223,410
2011,3,Districte III,6,Santa Eulàlia,314,00-02,35,37,72
2006,1,Districte I,3,Sant Josep,138,75 i +,35,18,53
2006,6,Districte VI,11,el Gornal,626,25-34,79,79,158
1995,3,Districte III,6,Santa Eulàlia,313,50-64,159,154,313
2004,2,Districte II,4,la Torrassa,240,00-02,12,13,25
2000,5,Districte V,9,Can Serra,504,16-17,14,5,19
2010,5,Districte V,10,Pubilla Cases,512,35-49,116,111,227
2016,5,Districte V,10,Pubilla Cases,531,16-17,5,6,11
1994,4,Districte IV,7,la Florida,428,50-64,62,46,108
2000,1,Districte I,1,Centre,131,00-02,14,12,26
2012,3,Districte III,6,Santa Eulàlia,324,75 i +,53,26,79
2009,3,Districte III,6,Santa Eulàlia,312,03-11,52,56,108
2011,6,Districte VI,12,Bellvitge,602,35-49,82,83,165
1997,1,Districte I,3,Sant Josep,115,16-17,22,19,41
2002,2,Districte II,4,la Torrassa,229,25-34,56,75,131
1996,5,Districte V,10,Pubilla Cases,516,25-34,62,66,128
2012,2,Districte II,4,la Torrassa,235,65-74,77,57,134
2016,4,Districte IV,8,les Planes,437,00-02,14,26,40
2005,3,Districte III,6,Santa Eulàlia,323,75 i +,55,26,81
2004,2,Districte II,4,la Torrassa,246,25-34,128,130,258
1997,5,Districte V,10,Pubilla Cases,537,50-64,150,141,291
2007,1,Districte I,3,Sant Josep,120,18-24,81,77,158
1998,5,Districte V,9,Can Serra,504,75 i +,54,35,89
2008,1,Districte I,1,Centre,111,50-64,94,69,163
1999,4,Districte IV,7,la Florida,424,16-17,4,7,11
1998,6,Districte VI,12,Bellvitge,610,65-74,59,50,109
2015,3,Districte III,6,Santa Eulàlia,310,50-64,95,84,179
2012,4,Districte IV,7,la Florida,431,00-02,23,28,51
2004,4,Districte IV,8,les Planes,441,65-74,84,76,160
2002,1,Districte I,1,Centre,134,50-64,110,105,215
2008,4,Districte IV,7,la Florida,413,50-64,42,42,84
2001,3,Districte III,6,Santa Eulàlia,322,50-64,98,93,191
1999,4,Districte IV,7,la Florida,423,25-34,75,91,166
2001,1,Districte I,2,Sanfeliu,116,50-64,184,174,358
2016,6,Districte VI,12,Bellvitge,602,25-34,58,60,118
2003,2,Districte II,5,Collblanc,216,65-74,77,65,142
2002,2,Districte II,5,Collblanc,223,65-74,70,63,133
1996,4,Districte IV,8,les Planes,433,16-17,9,11,20
2010,2,Districte II,5,Collblanc,225,16-17,2,2,4
1996,4,Districte IV,8,les Planes,435,75 i +,87,37,124
1999,2,Districte II,5,Collblanc,204,16-17,3,3,6
2009,4,Districte IV,7,la Florida,413,16-17,13,6,19
2013,4,Districte IV,7,la Florida,406,00-02,24,15,39
2001,6,Districte VI,12,Bellvitge,631,18-24,53,65,118
2015,6,Districte VI,12,Bellvitge,607,00-02,10,12,22
1997,1,Districte I,3,Sant Josep,122,12-15,10,13,23
2001,3,Districte III,6,Santa Eulàlia,309,12-15,13,13,26
1995,4,Districte IV,7,la Florida,424,25-34,37,49,86
2012,3,Districte III,6,Santa Eulàlia,305,16-17,11,11,22
1994,1,Districte I,1,Centre,111,03-11,48,33,81
2003,1,Districte I,3,Sant Josep,115,75 i +,54,42,96
1996,6,Districte VI,12,Bellvitge,618,16-17,11,7,18
2004,1,Districte I,1,Centre,124,35-49,95,85,180
2012,4,Districte IV,7,la Florida,416,03-11,47,40,87
2012,2,Districte II,5,Collblanc,210,75 i +,111,43,154
2003,1,Districte I,3,Sant Josep,117,12-15,37,23,60
2004,3,Districte III,6,Santa Eulàlia,309,65-74,31,22,53
2001,2,Districte II,4,la Torrassa,229,75 i +,49,19,68
2011,5,Districte V,10,Pubilla Cases,518,75 i +,79,54,133
1995,5,Districte V,10,Pubilla Cases,512,35-49,60,68,128
2016,4,Districte IV,7,la Florida,416,00-02,21,30,51
2010,2,Districte II,5,Collblanc,216,50-64,119,96,215
2010,5,Districte V,10,Pubilla Cases,523,18-24,62,54,116
2010,4,Districte IV,8,les Planes,429,00-02,9,11,20
1996,6,Districte VI,12,Bellvitge,618,65-74,28,24,52
1996,2,Districte II,5,Collblanc,220,25-34,77,61,138
1995,5,Districte V,10,Pubilla Cases,531,25-34,85,86,171
2006,2,Districte II,4,la Torrassa,211,16-17,13,11,24
2008,2,Districte II,4,la Torrassa,239,50-64,87,74,161
2009,3,Districte III,6,Santa Eulàlia,315,16-17,12,14,26
2005,5,Districte V,10,Pubilla Cases,532,12-15,21,27,48
2011,6,Districte VI,12,Bellvitge,609,18-24,21,21,42
2007,5,Districte V,10,Pubilla Cases,516,18-24,30,34,64
2016,1,Districte I,3,Sant Josep,119,12-15,10,17,27
2002,2,Districte II,4,la Torrassa,245,16-17,5,8,13
1996,1,Districte I,1,Centre,102,16-17,28,33,61
2011,4,Districte IV,7,la Florida,415,50-64,49,47,96
2015,1,Districte I,1,Centre,108,75 i +,100,58,158
2008,3,Districte III,6,Santa Eulàlia,321,50-64,303,278,581
2006,1,Districte I,2,Sanfeliu,132,65-74,89,82,171
2001,4,Districte IV,8,les Planes,419,50-64,69,74,143
2004,4,Districte IV,7,la Florida,428,18-24,25,27,52
2001,3,Districte III,6,Santa Eulàlia,319,16-17,10,11,21
2012,1,Districte I,1,Centre,112,35-49,188,160,348
1999,2,Districte II,5,Collblanc,221,12-15,13,27,40
2004,5,Districte V,10,Pubilla Cases,516,16-17,6,2,8
2008,5,Districte V,10,Pubilla Cases,538,03-11,54,51,105
2011,4,Districte IV,7,la Florida,428,75 i +,34,23,57
1997,3,Districte III,6,Santa Eulàlia,325,25-34,153,149,302
1994,6,Districte VI,12,Bellvitge,609,25-34,70,81,151
2010,2,Districte II,4,la Torrassa,240,25-34,72,81,153
1999,3,Districte III,6,Santa Eulàlia,323,16-17,50,51,101
2006,6,Districte VI,12,Bellvitge,630,03-11,20,30,50
1996,4,Districte IV,7,la Florida,402,03-11,19,19,38
1998,4,Districte IV,7,la Florida,403,03-11,26,31,57
2001,3,Districte III,6,Santa Eulàlia,309,25-34,59,69,128
2007,6,Districte VI,12,Bellvitge,613,25-34,93,116,209
2007,6,Districte VI,12,Bellvitge,601,65-74,83,94,177
2015,6,Districte VI,12,Bellvitge,618,18-24,38,41,79
2007,4,Districte IV,7,la Florida,406,75 i +,55,53,108
1999,6,Districte VI,12,Bellvitge,627,50-64,108,123,231
1999,4,Districte IV,7,la Florida,411,35-49,87,80,167
2004,4,Districte IV,7,la Florida,406,25-34,107,139,246
2001,6,Districte VI,12,Bellvitge,625,16-17,24,19,43
1994,2,Districte II,4,la Torrassa,248,65-74,77,51,128
1995,5,Districte V,10,Pubilla Cases,530,03-11,42,51,93
1994,2,Districte II,4,la Torrassa,234,00-02,9,10,19
2002,2,Districte II,5,Collblanc,223,16-17,7,12,19
2015,1,Districte I,2,Sanfeliu,118,18-24,62,51,113
2016,6,Districte VI,12,Bellvitge,630,65-74,75,61,136
1997,2,Districte II,4,la Torrassa,235,75 i +,62,40,102
2009,5,Districte V,10,Pubilla Cases,532,50-64,109,83,192
2012,3,Districte III,6,Santa Eulàlia,312,03-11,60,65,125
2000,5,Districte V,10,Pubilla Cases,508,75 i +,31,21,52
2007,6,Districte VI,12,Bellvitge,620,18-24,25,27,52
1998,1,Districte I,3,Sant Josep,138,18-24,52,53,105
1997,2,Districte II,5,Collblanc,207,18-24,29,27,56
2002,5,Districte V,10,Pubilla Cases,519,18-24,26,34,60
2006,6,Districte VI,12,Bellvitge,623,65-74,65,74,139
1995,2,Districte II,5,Collblanc,213,75 i +,22,10,32
1998,4,Districte IV,7,la Florida,414,75 i +,37,24,61
2011,5,Districte V,10,Pubilla Cases,523,18-24,51,52,103
2002,6,Districte VI,12,Bellvitge,614,16-17,6,8,14
2001,5,Districte V,10,Pubilla Cases,537,03-11,48,32,80
2015,1,Districte I,3,Sant Josep,140,00-02,15,14,29
2003,6,Districte VI,12,Bellvitge,606,75 i +,51,27,78
2008,4,Districte IV,7,la Florida,431,16-17,17,24,41
2012,3,Districte III,6,Santa Eulàlia,321,18-24,80,87,167
2014,2,Districte II,5,Collblanc,207,16-17,14,15,29
2008,1,Districte I,3,Sant Josep,137,03-11,72,56,128
1994,2,Districte II,5,Collblanc,220,00-02,5,2,7
2009,5,Districte V,10,Pubilla Cases,524,00-02,28,27,55
1997,1,Districte I,2,Sanfeliu,132,65-74,70,66,136
2009,4,Districte IV,7,la Florida,414,35-49,113,134,247
2006,6,Districte VI,12,Bellvitge,611,75 i +,67,41,108
2015,2,Districte II,5,Collblanc,209,50-64,112,94,206
2010,1,Districte I,1,Centre,110,16-17,8,9,17
2008,4,Districte IV,8,les Planes,419,18-24,46,51,97
1998,5,Districte V,10,Pubilla Cases,538,16-17,7,12,19
1996,2,Districte II,5,Collblanc,227,65-74,52,44,96
2012,1,Districte I,3,Sant Josep,120,25-34,92,109,201
1999,3,Districte III,6,Santa Eulàlia,310,65-74,37,35,72
1999,2,Districte II,5,Collblanc,220,25-34,77,73,150
2008,2,Districte II,5,Collblanc,220,16-17,10,11,21
2015,6,Districte VI,12,Bellvitge,631,12-15,12,15,27
2006,3,Districte III,6,Santa Eulàlia,311,03-11,49,61,110
1995,4,Districte IV,7,la Florida,410,00-02,12,13,25
2014,1,Districte I,3,Sant Josep,126,12-15,24,19,43
2004,2,Districte II,4,la Torrassa,235,75 i +,85,43,128
2010,2,Districte II,5,Collblanc,223,00-02,19,19,38
2008,1,Districte I,1,Centre,113,65-74,51,54,105
2003,1,Districte I,3,Sant Josep,122,12-15,18,6,24
2014,6,Districte VI,12,Bellvitge,621,25-34,81,83,164
2015,4,Districte IV,7,la Florida,411,03-11,36,27,63
2009,4,Districte IV,7,la Florida,426,16-17,14,14,28
2004,2,Districte II,4,la Torrassa,232,65-74,63,50,113
2000,4,Districte IV,7,la Florida,412,25-34,108,134,242
1997,6,Districte VI,12,Bellvitge,604,25-34,77,93,170
2013,6,Districte VI,12,Bellvitge,623,65-74,120,100,220
2003,6,Districte VI,12,Bellvitge,603,35-49,51,51,102
1997,3,Districte III,6,Santa Eulàlia,316,00-02,14,22,36
2012,4,Districte IV,7,la Florida,431,18-24,69,52,121
2001,1,Districte I,2,Sanfeliu,132,65-74,89,86,175
2011,3,Districte III,6,Santa Eulàlia,322,35-49,179,158,337
1996,5,Districte V,10,Pubilla Cases,531,65-74,55,47,102
2016,2,Districte II,5,Collblanc,201,16-17,10,13,23
1998,6,Districte VI,11,el Gornal,632,75 i +,26,10,36
2001,4,Districte IV,8,les Planes,440,03-11,28,30,58
2013,5,Districte V,10,Pubilla Cases,518,75 i +,76,57,133
1996,6,Districte VI,11,el Gornal,626,00-02,13,12,25
2003,2,Districte II,4,la Torrassa,232,25-34,98,99,197
2001,4,Districte IV,8,les Planes,438,12-15,15,9,24
2012,4,Districte IV,8,les Planes,438,75 i +,46,44,90
1999,2,Districte II,4,la Torrassa,236,65-74,92,73,165
2010,1,Districte I,3,Sant Josep,126,18-24,35,21,56
1996,6,Districte VI,12,Bellvitge,621,25-34,117,115,232
2010,2,Districte II,4,la Torrassa,211,50-64,85,78,163
1996,3,Districte III,6,Santa Eulàlia,321,00-02,21,26,47
2005,6,Districte VI,11,el Gornal,608,00-02,8,11,19
2012,5,Districte V,9,Can Serra,507,25-34,56,64,120
2004,1,Districte I,1,Centre,108,16-17,12,14,26
1994,6,Districte VI,11,el Gornal,616,75 i +,22,13,35
2006,2,Districte II,5,Collblanc,224,03-11,24,22,46
2006,3,Districte III,6,Santa Eulàlia,308,12-15,31,34,65
2010,1,Districte I,1,Centre,123,25-34,99,86,185
2004,1,Districte I,1,Centre,123,50-64,108,107,215
2008,2,Districte II,5,Collblanc,220,12-15,22,14,36
2003,6,Districte VI,12,Bellvitge,624,00-02,12,13,25
2012,2,Districte II,5,Collblanc,216,65-74,81,56,137
1998,3,Districte III,6,Santa Eulàlia,302,35-49,177,133,310
2002,4,Districte IV,7,la Florida,402,35-49,69,88,157
2006,4,Districte IV,7,la Florida,403,65-74,86,88,174
2014,4,Districte IV,7,la Florida,430,18-24,33,42,75
2005,5,Districte V,10,Pubilla Cases,534,18-24,40,44,84
2001,4,Districte IV,7,la Florida,406,03-11,42,41,83
2012,2,Districte II,5,Collblanc,208,25-34,135,123,258
2008,1,Districte I,1,Centre,130,18-24,28,31,59
2000,3,Districte III,6,Santa Eulàlia,310,18-24,51,60,111
2015,1,Districte I,3,Sant Josep,126,18-24,30,33,63
2001,1,Districte I,1,Centre,113,25-34,91,96,187
2012,1,Districte I,1,Centre,102,18-24,43,55,98
2001,2,Districte II,4,la Torrassa,231,12-15,17,15,32
1997,1,Districte I,3,Sant Josep,117,50-64,143,166,309
1997,6,Districte VI,12,Bellvitge,606,25-34,123,116,239
2015,6,Districte VI,12,Bellvitge,610,03-11,45,43,88
2001,2,Districte II,5,Collblanc,206,12-15,15,10,25
2003,6,Districte VI,12,Bellvitge,605,18-24,24,24,48
2003,4,Districte IV,7,la Florida,412,65-74,96,99,195
2012,2,Districte II,4,la Torrassa,243,50-64,117,114,231
2007,2,Districte II,5,Collblanc,210,35-49,91,84,175
2016,1,Districte I,3,Sant Josep,136,03-11,62,56,118
1994,2,Districte II,5,Collblanc,207,00-02,5,6,11
2012,4,Districte IV,7,la Florida,413,03-11,22,32,54
1995,1,Districte I,1,Centre,104,75 i +,61,29,90
2006,4,Districte IV,7,la Florida,431,50-64,104,107,211
2006,2,Districte II,5,Collblanc,203,03-11,24,37,61
2002,3,Districte III,6,Santa Eulàlia,318,12-15,26,21,47
2003,1,Districte I,1,Centre,123,75 i +,77,42,119
2005,4,Districte IV,7,la Florida,412,50-64,189,160,349
2001,4,Districte IV,7,la Florida,414,50-64,73,70,143
2014,1,Districte I,3,Sant Josep,114,65-74,127,92,219
2011,1,Districte I,2,Sanfeliu,116,18-24,47,42,89
2001,4,Districte IV,7,la Florida,403,16-17,7,6,13
1995,3,Districte III,6,Santa Eulàlia,316,18-24,137,131,268
2012,5,Districte V,10,Pubilla Cases,536,65-74,53,41,94
2016,2,Districte II,5,Collblanc,210,03-11,36,28,64
2014,5,Districte V,10,Pubilla Cases,513,25-34,96,83,179
2005,2,Districte II,5,Collblanc,221,75 i +,43,38,81
2015,3,Districte III,6,Santa Eulàlia,309,03-11,63,69,132
2011,4,Districte IV,7,la Florida,411,00-02,12,8,20
2004,3,Districte III,6,Santa Eulàlia,303,03-11,35,45,80
2006,1,Districte I,3,Sant Josep,114,16-17,11,6,17
2012,1,Districte I,2,Sanfeliu,129,50-64,94,87,181
1997,2,Districte II,4,la Torrassa,230,12-15,8,9,17
1995,5,Districte V,10,Pubilla Cases,517,65-74,45,48,93
2012,1,Districte I,1,Centre,134,00-02,24,23,47
1998,3,Districte III,6,Santa Eulàlia,307,35-49,212,186,398
2011,6,Districte VI,12,Bellvitge,630,12-15,6,17,23
1994,5,Districte V,10,Pubilla Cases,519,25-34,59,60,119
2000,5,Districte V,10,Pubilla Cases,524,75 i +,55,28,83
2014,2,Districte II,5,Collblanc,210,16-17,8,8,16
2008,6,Districte VI,12,Bellvitge,612,50-64,106,76,182
1996,3,Districte III,6,Santa Eulàlia,325,03-11,44,54,98
2009,5,Districte V,10,Pubilla Cases,510,12-15,15,21,36
2013,6,Districte VI,11,el Gornal,632,75 i +,56,38,94
2008,2,Districte II,4,la Torrassa,232,18-24,38,51,89
1999,5,Districte V,10,Pubilla Cases,518,65-74,63,72,135
2006,4,Districte IV,8,les Planes,419,25-34,85,117,202
2015,1,Districte I,3,Sant Josep,137,03-11,87,60,147
2012,5,Districte V,10,Pubilla Cases,508,00-02,10,15,25
1999,1,Districte I,3,Sant Josep,115,12-15,18,31,49
2006,2,Districte II,5,Collblanc,212,25-34,148,177,325
2002,2,Districte II,5,Collblanc,201,65-74,50,53,103
2013,1,Districte I,1,Centre,102,65-74,131,123,254
2001,2,Districte II,5,Collblanc,212,03-11,37,47,84
2013,1,Districte I,3,Sant Josep,126,18-24,23,24,47
2004,5,Districte V,10,Pubilla Cases,538,03-11,35,51,86
1994,2,Districte II,5,Collblanc,219,12-15,18,24,42
2001,5,Districte V,9,Can Serra,507,03-11,22,33,55
2006,2,Districte II,4,la Torrassa,234,65-74,61,36,97
2009,2,Districte II,4,la Torrassa,249,16-17,6,11,17
1996,1,Districte I,1,Centre,128,12-15,27,26,53
1996,3,Districte III,6,Santa Eulàlia,305,03-11,89,63,152
2010,2,Districte II,5,Collblanc,227,35-49,91,93,184
1997,4,Districte IV,8,les Planes,441,35-49,273,268,541
1999,1,Districte I,1,Centre,109,65-74,57,46,103
2003,5,Districte V,10,Pubilla Cases,524,03-11,58,59,117
2003,6,Districte VI,11,el Gornal,617,16-17,9,12,21
2013,3,Districte III,6,Santa Eulàlia,301,03-11,160,154,314
1998,1,Districte I,3,Sant Josep,106,12-15,57,53,110
2003,4,Districte IV,7,la Florida,423,65-74,73,68,141
2006,4,Districte IV,8,les Planes,434,25-34,60,60,120
2009,4,Districte IV,7,la Florida,409,50-64,58,54,112
2011,6,Districte VI,11,el Gornal,622,16-17,10,11,21
1997,6,Districte VI,11,el Gornal,616,35-49,207,221,428
2000,2,Districte II,4,la Torrassa,243,65-74,104,94,198
1995,2,Districte II,5,Collblanc,225,00-02,1,4,5
2005,1,Districte I,1,Centre,111,25-34,87,107,194
2010,3,Districte III,6,Santa Eulàlia,301,25-34,187,178,365
2015,1,Districte I,1,Centre,103,00-02,13,7,20
1994,2,Districte II,4,la Torrassa,230,12-15,10,10,20
1997,4,Districte IV,8,les Planes,439,18-24,57,41,98
1999,5,Districte V,10,Pubilla Cases,534,12-15,10,13,23
2000,5,Districte V,9,Can Serra,521,12-15,24,18,42
1997,2,Districte II,4,la Torrassa,241,75 i +,44,30,74
2008,6,Districte VI,12,Bellvitge,631,75 i +,48,29,77
2013,3,Districte III,6,Santa Eulàlia,310,75 i +,47,22,69
2002,2,Districte II,5,Collblanc,212,03-11,38,46,84
2000,6,Districte VI,12,Bellvitge,612,65-74,46,56,102
2014,1,Districte I,2,Sanfeliu,132,16-17,21,24,45
1997,2,Districte II,4,la Torrassa,248,25-34,99,103,202
2001,1,Districte I,1,Centre,134,25-34,91,103,194
2001,1,Districte I,1,Centre,110,18-24,70,75,145
1999,1,Districte I,1,Centre,110,12-15,29,21,50
2003,4,Districte IV,7,la Florida,424,12-15,5,7,12
2003,1,Districte I,1,Centre,112,12-15,26,35,61
1998,1,Districte I,2,Sanfeliu,118,16-17,26,36,62
1994,2,Districte II,4,la Torrassa,229,16-17,6,10,16
2000,5,Districte V,10,Pubilla Cases,524,50-64,117,95,212
2012,3,Districte III,6,Santa Eulàlia,318,12-15,18,16,34
1996,2,Districte II,5,Collblanc,209,50-64,105,96,201
2006,5,Districte V,10,Pubilla Cases,510,65-74,73,50,123
1996,5,Districte V,10,Pubilla Cases,523,00-02,6,16,22
2008,2,Districte II,5,Collblanc,227,16-17,7,3,10
2009,5,Districte V,10,Pubilla Cases,517,50-64,89,79,168
1995,6,Districte VI,12,Bellvitge,614,35-49,118,86,204
2004,2,Districte II,5,Collblanc,219,03-11,64,45,109
1994,6,Districte VI,12,Bellvitge,618,18-24,63,72,135
2006,6,Districte VI,11,el Gornal,617,18-24,40,36,76
2009,5,Districte V,10,Pubilla Cases,511,12-15,11,16,27
2014,6,Districte VI,12,Bellvitge,627,25-34,50,63,113
1994,2,Districte II,4,la Torrassa,245,18-24,42,65,107
2002,1,Districte I,2,Sanfeliu,129,12-15,16,17,33
2004,2,Districte II,4,la Torrassa,235,16-17,11,9,20
2002,1,Districte I,1,Centre,124,75 i +,35,18,53
1994,1,Districte I,1,Centre,134,18-24,91,80,171
2012,4,Districte IV,7,la Florida,403,12-15,16,15,31
2016,1,Districte I,2,Sanfeliu,116,65-74,122,91,213
2004,4,Districte IV,8,les Planes,418,75 i +,61,39,100
2007,3,Districte III,6,Santa Eulàlia,313,18-24,92,76,168
2003,2,Districte II,4,la Torrassa,238,18-24,25,38,63
2008,1,Districte I,1,Centre,103,03-11,29,37,66
2006,4,Districte IV,8,les Planes,429,16-17,6,11,17
2010,5,Districte V,10,Pubilla Cases,511,12-15,18,11,29
2003,6,Districte VI,11,el Gornal,632,25-34,91,111,202
1997,1,Districte I,3,Sant Josep,127,12-15,19,14,33
2009,5,Districte V,10,Pubilla Cases,526,50-64,54,50,104
2006,4,Districte IV,7,la Florida,408,35-49,97,114,211
2003,1,Districte I,3,Sant Josep,127,00-02,17,11,28
2011,2,Districte II,5,Collblanc,208,00-02,15,11,26
2008,4,Districte IV,7,la Florida,421,00-02,13,10,23
2011,3,Districte III,6,Santa Eulàlia,308,50-64,219,200,419
2008,4,Districte IV,7,la Florida,415,00-02,14,16,30
2009,3,Districte III,6,Santa Eulàlia,303,25-34,149,151,300
2011,2,Districte II,5,Collblanc,208,12-15,26,25,51
2012,1,Districte I,3,Sant Josep,138,18-24,26,26,52
2008,6,Districte VI,12,Bellvitge,620,65-74,50,48,98
2016,2,Districte II,5,Collblanc,226,18-24,59,68,127
2009,1,Districte I,3,Sant Josep,120,35-49,231,228,459
2015,1,Districte I,3,Sant Josep,106,65-74,107,129,236
1997,6,Districte VI,12,Bellvitge,607,25-34,97,124,221
2007,6,Districte VI,12,Bellvitge,618,18-24,19,19,38
2005,1,Districte I,2,Sanfeliu,132,25-34,175,210,385
2014,1,Districte I,3,Sant Josep,127,35-49,102,109,211
2015,6,Districte VI,12,Bellvitge,611,25-34,88,100,188
1996,4,Districte IV,7,la Florida,406,65-74,60,58,118
2014,2,Districte II,5,Collblanc,221,16-17,11,17,28
2005,5,Districte V,10,Pubilla Cases,517,00-02,20,27,47
1998,1,Districte I,2,Sanfeliu,118,65-74,46,36,82
2003,2,Districte II,4,la Torrassa,241,12-15,20,11,31
1998,6,Districte VI,12,Bellvitge,601,75 i +,62,26,88
2008,1,Districte I,2,Sanfeliu,132,35-49,227,263,490
2013,2,Districte II,5,Collblanc,214,35-49,311,299,610
1994,1,Districte I,1,Centre,133,50-64,86,79,165
2004,4,Districte IV,7,la Florida,432,50-64,161,150,311
2002,5,Districte V,9,Can Serra,521,16-17,15,11,26
1998,6,Districte VI,12,Bellvitge,625,03-11,53,67,120
2015,4,Districte IV,7,la Florida,407,03-11,47,45,92
2006,4,Districte IV,7,la Florida,409,03-11,20,22,42
2005,2,Districte II,4,la Torrassa,234,03-11,29,27,56
1999,3,Districte III,6,Santa Eulàlia,322,18-24,66,68,134
2015,1,Districte I,2,Sanfeliu,129,03-11,42,42,84
1999,3,Districte III,6,Santa Eulàlia,312,35-49,139,145,284
2007,2,Districte II,5,Collblanc,226,65-74,49,40,89
1997,2,Districte II,5,Collblanc,203,75 i +,50,27,77
2008,4,Districte IV,8,les Planes,438,18-24,38,41,79
2015,1,Districte I,2,Sanfeliu,116,75 i +,94,76,170
2000,1,Districte I,1,Centre,101,25-34,97,107,204
2000,4,Districte IV,7,la Florida,410,03-11,43,58,101
2009,5,Districte V,10,Pubilla Cases,520,25-34,69,72,141
2000,2,Districte II,5,Collblanc,212,03-11,38,43,81
1998,5,Districte V,9,Can Serra,535,00-02,4,2,6
2012,6,Districte VI,12,Bellvitge,619,65-74,97,82,179
2015,4,Districte IV,8,les Planes,418,18-24,49,66,115
2007,5,Districte V,9,Can Serra,521,00-02,10,10,20
2012,1,Districte I,1,Centre,130,00-02,12,18,30
1997,5,Districte V,10,Pubilla Cases,513,75 i +,43,14,57
2000,4,Districte IV,8,les Planes,418,03-11,29,33,62
2009,4,Districte IV,8,les Planes,438,65-74,62,49,111
2012,6,Districte VI,12,Bellvitge,627,00-02,9,19,28
2003,5,Districte V,10,Pubilla Cases,520,65-74,52,50,102
2011,1,Districte I,3,Sant Josep,122,50-64,63,50,113
2004,2,Districte II,4,la Torrassa,246,18-24,55,37,92
2005,2,Districte II,5,Collblanc,224,12-15,14,12,26
1997,6,Districte VI,12,Bellvitge,603,03-11,26,28,54
1998,1,Districte I,3,Sant Josep,140,50-64,127,116,243
1996,1,Districte I,3,Sant Josep,126,12-15,23,17,40
1997,4,Districte IV,7,la Florida,425,65-74,68,65,133
2002,4,Districte IV,7,la Florida,422,75 i +,66,46,112
2011,1,Districte I,3,Sant Josep,138,00-02,10,10,20
2006,5,Districte V,10,Pubilla Cases,516,75 i +,27,18,45
2007,5,Districte V,10,Pubilla Cases,531,65-74,55,49,104
2008,3,Districte III,6,Santa Eulàlia,316,03-11,44,63,107
2012,5,Districte V,9,Can Serra,521,50-64,125,85,210
1997,5,Districte V,10,Pubilla Cases,525,50-64,99,91,190
2008,4,Districte IV,8,les Planes,420,00-02,38,33,71
2007,6,Districte VI,12,Bellvitge,620,00-02,4,6,10
2001,4,Districte IV,7,la Florida,407,00-02,11,11,22
2012,3,Districte III,6,Santa Eulàlia,319,18-24,49,51,100
2009,6,Districte VI,12,Bellvitge,624,75 i +,43,29,72
2006,4,Districte IV,7,la Florida,423,18-24,46,50,96
2001,3,Districte III,6,Santa Eulàlia,310,65-74,45,37,82
2006,6,Districte VI,12,Bellvitge,631,03-11,30,35,65
2014,1,Districte I,3,Sant Josep,117,25-34,110,129,239
1994,1,Districte I,3,Sant Josep,122,16-17,14,8,22
2001,1,Districte I,3,Sant Josep,126,75 i +,47,25,72
2015,1,Districte I,3,Sant Josep,136,35-49,165,167,332
1999,3,Districte III,6,Santa Eulàlia,324,25-34,71,78,149
2014,2,Districte II,4,la Torrassa,234,50-64,84,76,160
1997,1,Districte I,1,Centre,103,65-74,39,34,73
1998,3,Districte III,6,Santa Eulàlia,305,65-74,88,63,151
1997,4,Districte IV,8,les Planes,401,16-17,15,9,24
2015,1,Districte I,1,Centre,105,50-64,134,108,242
1998,3,Districte III,6,Santa Eulàlia,323,03-11,124,130,254
1995,2,Districte II,4,la Torrassa,240,12-15,16,12,28
1994,5,Districte V,10,Pubilla Cases,529,00-02,7,13,20
2004,1,Districte I,3,Sant Josep,138,25-34,64,57,121
1994,6,Districte VI,12,Bellvitge,620,65-74,11,10,21
2011,5,Districte V,10,Pubilla Cases,517,18-24,61,63,124
1997,5,Districte V,10,Pubilla Cases,529,35-49,84,77,161
1998,5,Districte V,10,Pubilla Cases,530,16-17,6,10,16
1997,1,Districte I,1,Centre,111,16-17,10,12,22
1994,1,Districte I,1,Centre,130,35-49,66,68,134
2010,2,Districte II,5,Collblanc,222,35-49,127,138,265
2014,5,Districte V,10,Pubilla Cases,510,50-64,82,71,153
2011,2,Districte II,5,Collblanc,219,65-74,58,47,105
2011,1,Districte I,1,Centre,110,00-02,20,16,36
2008,5,Districte V,10,Pubilla Cases,527,75 i +,55,33,88
1997,3,Districte III,6,Santa Eulàlia,320,50-64,68,73,141
2009,2,Districte II,5,Collblanc,206,03-11,37,40,77
2005,2,Districte II,4,la Torrassa,241,35-49,113,96,209
2016,2,Districte II,4,la Torrassa,229,03-11,78,93,171
2014,3,Districte III,6,Santa Eulàlia,326,12-15,10,10,20
1999,5,Districte V,10,Pubilla Cases,526,16-17,7,8,15
2003,2,Districte II,5,Collblanc,220,50-64,61,45,106
2006,6,Districte VI,12,Bellvitge,610,25-34,94,94,188
1999,2,Districte II,5,Collblanc,220,12-15,8,12,20
2003,1,Districte I,2,Sanfeliu,129,00-02,10,17,27
1999,1,Districte I,3,Sant Josep,119,03-11,22,45,67
2013,4,Districte IV,7,la Florida,425,35-49,127,124,251
2014,2,Districte II,4,la Torrassa,236,65-74,68,39,107
1998,2,Districte II,5,Collblanc,223,16-17,9,9,18
1994,4,Districte IV,7,la Florida,405,25-34,76,103,179
2009,3,Districte III,6,Santa Eulàlia,322,75 i +,64,41,105
1999,4,Districte IV,7,la Florida,431,00-02,22,12,34
2011,5,Districte V,10,Pubilla Cases,534,75 i +,60,48,108
1997,3,Districte III,6,Santa Eulàlia,325,00-02,21,11,32
2002,2,Districte II,4,la Torrassa,238,65-74,57,44,101
2008,5,Districte V,10,Pubilla Cases,520,65-74,52,41,93
2016,6,Districte VI,12,Bellvitge,621,03-11,55,51,106
1994,6,Districte VI,12,Bellvitge,618,50-64,66,75,141
1995,6,Districte VI,12,Bellvitge,606,25-34,122,128,250
2009,1,Districte I,3,Sant Josep,114,18-24,39,39,78
1999,6,Districte VI,11,el Gornal,629,12-15,12,12,24
2006,2,Districte II,5,Collblanc,213,12-15,13,12,25
2012,5,Districte V,10,Pubilla Cases,517,03-11,52,65,117
2006,4,Districte IV,7,la Florida,411,35-49,104,114,218
2009,1,Districte I,3,Sant Josep,106,25-34,183,178,361
2002,5,Districte V,10,Pubilla Cases,530,65-74,110,82,192
2004,1,Districte I,3,Sant Josep,122,50-64,99,72,171
1996,3,Districte III,6,Santa Eulàlia,301,35-49,142,160,302
1996,5,Districte V,9,Can Serra,505,03-11,38,39,77
1998,3,Districte III,6,Santa Eulàlia,313,00-02,18,20,38
2002,4,Districte IV,8,les Planes,437,75 i +,27,18,45
1997,6,Districte VI,12,Bellvitge,613,50-64,202,220,422
2014,5,Districte V,10,Pubilla Cases,517,35-49,257,298,555
2007,6,Districte VI,12,Bellvitge,623,25-34,118,147,265
2004,2,Districte II,4,la Torrassa,243,12-15,25,37,62
2000,1,Districte I,1,Centre,112,25-34,120,112,232
2003,2,Districte II,4,la Torrassa,218,18-24,26,38,64
2013,3,Districte III,6,Santa Eulàlia,327,16-17,16,9,25
2011,2,Districte II,5,Collblanc,224,65-74,15,11,26
2011,5,Districte V,10,Pubilla Cases,511,16-17,9,11,20
2012,5,Districte V,10,Pubilla Cases,526,65-74,34,35,69
2016,4,Districte IV,7,la Florida,431,18-24,56,59,115
2005,4,Districte IV,7,la Florida,423,00-02,15,13,28
1997,4,Districte IV,7,la Florida,413,12-15,8,8,16
2010,1,Districte I,1,Centre,133,25-34,73,71,144
2009,4,Districte IV,7,la Florida,423,35-49,105,124,229
2003,3,Districte III,6,Santa Eulàlia,310,65-74,36,28,64
1994,5,Districte V,10,Pubilla Cases,511,12-15,10,13,23
2015,4,Districte IV,7,la Florida,406,25-34,94,86,180
2013,5,Districte V,10,Pubilla Cases,510,18-24,32,38,70
2011,2,Districte II,4,la Torrassa,211,16-17,12,16,28
1996,2,Districte II,4,la Torrassa,218,00-02,10,2,12
2016,6,Districte VI,12,Bellvitge,623,16-17,9,10,19
1999,5,Districte V,10,Pubilla Cases,536,25-34,90,94,184
2006,1,Districte I,1,Centre,112,16-17,11,18,29
2012,6,Districte VI,12,Bellvitge,605,18-24,11,11,22
2016,5,Districte V,10,Pubilla Cases,526,65-74,66,46,112
2013,3,Districte III,6,Santa Eulàlia,319,16-17,9,15,24
1994,4,Districte IV,8,les Planes,442,18-24,52,48,100
2011,4,Districte IV,7,la Florida,411,12-15,14,9,23
1997,2,Districte II,5,Collblanc,206,35-49,75,67,142
2000,4,Districte IV,8,les Planes,436,50-64,61,60,121
2011,3,Districte III,6,Santa Eulàlia,312,75 i +,75,46,121
2005,2,Districte II,5,Collblanc,224,50-64,40,50,90
2008,1,Districte I,3,Sant Josep,119,35-49,124,128,252
1994,1,Districte I,2,Sanfeliu,116,50-64,124,141,265
2006,4,Districte IV,8,les Planes,438,35-49,97,102,199
1998,1,Districte I,2,Sanfeliu,116,50-64,168,178,346
2003,5,Districte V,9,Can Serra,502,35-49,151,148,299
2011,5,Districte V,10,Pubilla Cases,522,35-49,104,109,213
1995,2,Districte II,5,Collblanc,213,25-34,60,77,137
2006,4,Districte IV,7,la Florida,410,03-11,47,70,117
2014,3,Districte III,6,Santa Eulàlia,310,18-24,28,27,55
2000,3,Districte III,6,Santa Eulàlia,325,25-34,158,174,332
2006,5,Districte V,9,Can Serra,503,18-24,43,41,84
2014,2,Districte II,5,Collblanc,204,12-15,26,18,44
2010,5,Districte V,10,Pubilla Cases,528,50-64,97,79,176
2011,3,Districte III,6,Santa Eulàlia,311,00-02,25,19,44
2007,5,Districte V,10,Pubilla Cases,511,03-11,35,25,60
1994,2,Districte II,5,Collblanc,205,50-64,90,94,184
1998,6,Districte VI,11,el Gornal,622,03-11,38,47,85
2013,2,Districte II,4,la Torrassa,229,03-11,74,71,145
2012,2,Districte II,5,Collblanc,207,03-11,37,33,70
2015,2,Districte II,5,Collblanc,220,50-64,159,136,295
1998,4,Districte IV,7,la Florida,411,35-49,93,83,176
1999,2,Districte II,5,Collblanc,219,65-74,82,61,143
2011,4,Districte IV,7,la Florida,403,25-34,100,92,192
1996,5,Districte V,9,Can Serra,506,65-74,65,65,130
1998,6,Districte VI,12,Bellvitge,615,16-17,5,4,9
2005,2,Districte II,5,Collblanc,215,03-11,35,39,74
2002,5,Districte V,9,Can Serra,505,16-17,8,5,13
2014,3,Districte III,6,Santa Eulàlia,314,35-49,269,272,541
2014,4,Districte IV,7,la Florida,407,75 i +,95,49,144
2009,4,Districte IV,8,les Planes,437,18-24,43,40,83
2002,1,Districte I,3,Sant Josep,138,12-15,14,18,32
1995,1,Districte I,3,Sant Josep,125,35-49,163,150,313
2014,3,Districte III,6,Santa Eulàlia,326,16-17,5,5,10
1999,5,Districte V,10,Pubilla Cases,512,00-02,9,8,17
1998,5,Districte V,9,Can Serra,535,25-34,54,95,149
2003,1,Districte I,1,Centre,111,35-49,101,84,185
2005,4,Districte IV,7,la Florida,408,25-34,100,103,203
2000,3,Districte III,6,Santa Eulàlia,324,75 i +,52,24,76
2011,1,Districte I,2,Sanfeliu,129,35-49,144,154,298
2001,1,Districte I,1,Centre,131,18-24,111,91,202
2014,2,Districte II,5,Collblanc,202,75 i +,80,60,140
1995,6,Districte VI,12,Bellvitge,620,65-74,9,13,22
1999,2,Districte II,4,la Torrassa,234,16-17,5,7,12
2011,1,Districte I,1,Centre,111,35-49,96,96,192
1994,2,Districte II,4,la Torrassa,242,75 i +,59,30,89
2004,5,Districte V,9,Can Serra,506,75 i +,65,41,106
2007,5,Districte V,10,Pubilla Cases,536,50-64,75,63,138
1995,1,Districte I,3,Sant Josep,138,00-02,5,16,21
2014,6,Districte VI,11,el Gornal,622,03-11,27,39,66
1999,2,Districte II,5,Collblanc,206,65-74,58,61,119
2009,1,Districte I,2,Sanfeliu,116,75 i +,71,44,115
1998,5,Districte V,9,Can Serra,506,35-49,237,198,435
1995,4,Districte IV,7,la Florida,424,75 i +,14,9,23
2016,5,Districte V,10,Pubilla Cases,511,25-34,162,146,308
2011,4,Districte IV,8,les Planes,438,12-15,16,18,34
2005,1,Districte I,1,Centre,110,65-74,61,47,108
2004,3,Districte III,6,Santa Eulàlia,307,35-49,162,128,290
2009,4,Districte IV,7,la Florida,421,65-74,79,64,143
2008,5,Districte V,10,Pubilla Cases,529,50-64,80,88,168
1996,4,Districte IV,7,la Florida,417,00-02,2,5,7
2007,6,Districte VI,12,Bellvitge,615,03-11,35,22,57
2002,5,Districte V,10,Pubilla Cases,520,12-15,15,17,32
2001,6,Districte VI,12,Bellvitge,618,18-24,34,25,59
2016,6,Districte VI,12,Bellvitge,609,25-34,36,38,74
2002,4,Districte IV,8,les Planes,439,35-49,88,91,179
2016,2,Districte II,5,Collblanc,214,25-34,190,200,390
2003,4,Districte IV,8,les Planes,441,03-11,61,54,115
2008,5,Districte V,10,Pubilla Cases,537,18-24,51,47,98
2002,5,Districte V,10,Pubilla Cases,528,35-49,119,106,225
2015,3,Districte III,6,Santa Eulàlia,309,25-34,98,90,188
2000,3,Districte III,6,Santa Eulàlia,312,65-74,62,54,116
1996,2,Districte II,5,Collblanc,221,03-11,36,43,79
2000,2,Districte II,4,la Torrassa,245,35-49,96,93,189
1997,5,Districte V,9,Can Serra,504,35-49,102,96,198
2003,2,Districte II,4,la Torrassa,217,00-02,6,6,12
2003,5,Districte V,10,Pubilla Cases,513,25-34,70,68,138
1999,1,Districte I,3,Sant Josep,106,18-24,151,183,334
2002,5,Districte V,10,Pubilla Cases,534,00-02,10,9,19
2011,4,Districte IV,7,la Florida,408,65-74,52,27,79
2011,4,Districte IV,7,la Florida,432,18-24,48,52,100
2005,3,Districte III,6,Santa Eulàlia,303,16-17,9,8,17
2001,2,Districte II,5,Collblanc,215,03-11,30,21,51
2001,2,Districte II,5,Collblanc,225,16-17,8,8,16
2012,4,Districte IV,8,les Planes,435,25-34,102,115,217
2012,5,Districte V,10,Pubilla Cases,513,12-15,20,9,29
2000,5,Districte V,10,Pubilla Cases,523,00-02,9,10,19
1996,4,Districte IV,8,les Planes,442,35-49,68,58,126
1995,6,Districte VI,11,el Gornal,629,50-64,73,65,138
2015,3,Districte III,6,Santa Eulàlia,305,65-74,72,71,143
2002,5,Districte V,10,Pubilla Cases,509,03-11,22,38,60
2010,4,Districte IV,7,la Florida,417,50-64,54,41,95
2005,4,Districte IV,8,les Planes,438,18-24,35,38,73
2001,5,Districte V,10,Pubilla Cases,508,16-17,5,6,11
2010,6,Districte VI,12,Bellvitge,619,03-11,47,47,94
1995,6,Districte VI,12,Bellvitge,601,18-24,103,127,230
2012,2,Districte II,5,Collblanc,207,35-49,89,97,186
2013,6,Districte VI,12,Bellvitge,618,35-49,136,125,261
2012,4,Districte IV,8,les Planes,419,18-24,30,45,75
2014,2,Districte II,4,la Torrassa,236,75 i +,100,51,151
2008,2,Districte II,5,Collblanc,206,18-24,41,40,81
2010,5,Districte V,9,Can Serra,504,35-49,108,124,232
2009,1,Districte I,1,Centre,102,65-74,105,107,212
1994,5,Districte V,9,Can Serra,503,18-24,53,57,110
1999,6,Districte VI,11,el Gornal,617,12-15,27,18,45
2015,1,Districte I,1,Centre,109,50-64,134,119,253
2015,1,Districte I,1,Centre,134,65-74,69,63,132
2015,6,Districte VI,12,Bellvitge,615,00-02,11,13,24
2006,2,Districte II,4,la Torrassa,228,12-15,23,12,35
2003,6,Districte VI,12,Bellvitge,602,16-17,4,8,12
2005,5,Districte V,10,Pubilla Cases,533,25-34,113,146,259
1996,2,Districte II,5,Collblanc,213,50-64,83,84,167
2014,4,Districte IV,7,la Florida,423,03-11,45,41,86
1995,4,Districte IV,7,la Florida,416,16-17,5,15,20
2012,1,Districte I,3,Sant Josep,127,12-15,10,13,23
1998,3,Districte III,6,Santa Eulàlia,303,50-64,229,204,433
1996,4,Districte IV,7,la Florida,432,65-74,66,56,122
2011,3,Districte III,6,Santa Eulàlia,301,35-49,338,342,680
1995,2,Districte II,4,la Torrassa,230,16-17,7,9,16
2011,1,Districte I,1,Centre,101,25-34,119,89,208
2010,1,Districte I,2,Sanfeliu,116,03-11,64,60,124
1997,2,Districte II,5,Collblanc,225,50-64,57,44,101
1997,3,Districte III,6,Santa Eulàlia,309,16-17,13,12,25
1995,4,Districte IV,8,les Planes,434,12-15,12,13,25
1998,4,Districte IV,7,la Florida,432,12-15,20,24,44
2000,4,Districte IV,7,la Florida,432,35-49,124,117,241
1998,2,Districte II,5,Collblanc,227,50-64,67,61,128
1995,6,Districte VI,12,Bellvitge,631,12-15,35,30,65
1997,5,Districte V,9,Can Serra,501,00-02,8,12,20
2009,4,Districte IV,7,la Florida,425,00-02,20,16,36
2004,4,Districte IV,8,les Planes,429,16-17,6,5,11
2005,1,Districte I,1,Centre,103,16-17,5,4,9
2016,5,Districte V,10,Pubilla Cases,533,50-64,154,142,296
2009,2,Districte II,5,Collblanc,220,25-34,78,111,189
1997,2,Districte II,5,Collblanc,201,50-64,87,79,166
2006,2,Districte II,5,Collblanc,216,00-02,26,19,45
2004,3,Districte III,6,Santa Eulàlia,325,12-15,29,27,56
1998,2,Districte II,4,la Torrassa,231,18-24,51,46,97
2003,4,Districte IV,8,les Planes,435,50-64,79,74,153
2011,5,Districte V,9,Can Serra,507,50-64,89,73,162
2016,3,Districte III,6,Santa Eulàlia,304,25-34,288,261,549
2010,5,Districte V,10,Pubilla Cases,531,03-11,38,34,72
2014,6,Districte VI,12,Bellvitge,615,50-64,52,38,90
2013,6,Districte VI,11,el Gornal,616,03-11,111,99,210
2000,2,Districte II,5,Collblanc,220,25-34,80,73,153
2001,3,Districte III,6,Santa Eulàlia,301,50-64,195,194,389
2005,4,Districte IV,8,les Planes,420,35-49,161,189,350
2001,3,Districte III,6,Santa Eulàlia,320,12-15,14,12,26
2006,2,Districte II,5,Collblanc,227,35-49,80,72,152
2002,2,Districte II,4,la Torrassa,241,25-34,62,63,125
1995,2,Districte II,5,Collblanc,201,12-15,14,10,24
2000,5,Districte V,10,Pubilla Cases,534,18-24,46,51,97
2007,4,Districte IV,7,la Florida,408,03-11,28,39,67
2002,2,Districte II,5,Collblanc,204,75 i +,36,21,57
2005,2,Districte II,4,la Torrassa,247,12-15,28,23,51
2010,2,Districte II,5,Collblanc,222,16-17,8,6,14
2007,2,Districte II,4,la Torrassa,230,50-64,40,38,78
2010,2,Districte II,4,la Torrassa,246,03-11,49,58,107
2016,3,Districte III,6,Santa Eulàlia,315,03-11,81,86,167
1999,5,Districte V,10,Pubilla Cases,510,35-49,79,81,160
1999,4,Districte IV,7,la Florida,407,16-17,9,14,23
2010,2,Districte II,4,la Torrassa,237,00-02,26,26,52
2014,6,Districte VI,11,el Gornal,626,35-49,98,104,202
2008,3,Districte III,6,Santa Eulàlia,324,12-15,20,24,44
2006,6,Districte VI,12,Bellvitge,621,50-64,221,203,424
2005,1,Districte I,1,Centre,123,65-74,60,66,126
1994,3,Districte III,6,Santa Eulàlia,321,65-74,83,63,146
2015,3,Districte III,6,Santa Eulàlia,321,75 i +,126,85,211
2002,4,Districte IV,7,la Florida,411,18-24,65,48,113
1994,3,Districte III,6,Santa Eulàlia,311,00-02,10,13,23
2007,1,Districte I,3,Sant Josep,119,75 i +,77,52,129
2002,1,Districte I,2,Sanfeliu,129,00-02,8,16,24
2009,4,Districte IV,7,la Florida,413,35-49,67,105,172
2012,4,Districte IV,7,la Florida,422,35-49,142,164,306
2007,6,Districte VI,12,Bellvitge,625,50-64,197,175,372
2003,2,Districte II,5,Collblanc,221,18-24,44,58,102
1999,1,Districte I,1,Centre,107,18-24,118,120,238
2013,6,Districte VI,12,Bellvitge,619,25-34,63,88,151
2016,3,Districte III,6,Santa Eulàlia,323,35-49,223,229,452
2008,4,Districte IV,7,la Florida,404,35-49,139,169,308
2009,6,Districte VI,12,Bellvitge,631,35-49,110,119,229
2009,2,Districte II,5,Collblanc,206,35-49,111,125,236
2006,2,Districte II,5,Collblanc,208,25-34,131,129,260
2012,5,Districte V,10,Pubilla Cases,516,12-15,14,13,27
2006,5,Districte V,10,Pubilla Cases,518,50-64,82,58,140
2006,4,Districte IV,8,les Planes,434,12-15,16,10,26
2005,1,Districte I,3,Sant Josep,138,75 i +,30,17,47
2011,2,Districte II,5,Collblanc,226,12-15,7,12,19
2005,5,Districte V,10,Pubilla Cases,532,16-17,12,12,24
1999,5,Districte V,10,Pubilla Cases,520,25-34,73,72,145
2009,3,Districte III,6,Santa Eulàlia,301,03-11,117,110,227
2008,1,Districte I,2,Sanfeliu,116,03-11,67,60,127
2011,2,Districte II,4,la Torrassa,247,12-15,15,25,40
1999,6,Districte VI,12,Bellvitge,631,25-34,117,125,242
1997,4,Districte IV,8,les Planes,437,18-24,48,43,91
2003,1,Districte I,3,Sant Josep,114,00-02,12,21,33
2001,2,Districte II,5,Collblanc,213,16-17,10,15,25
2015,5,Districte V,10,Pubilla Cases,520,65-74,47,44,91
2007,2,Districte II,5,Collblanc,223,16-17,11,18,29
2013,2,Districte II,5,Collblanc,221,00-02,32,34,66
2007,4,Districte IV,8,les Planes,440,00-02,7,13,20
2014,2,Districte II,4,la Torrassa,234,16-17,8,7,15
2005,4,Districte IV,7,la Florida,408,65-74,59,46,105
1997,3,Districte III,6,Santa Eulàlia,303,75 i +,64,36,100
1996,4,Districte IV,7,la Florida,428,50-64,53,43,96
2011,1,Districte I,3,Sant Josep,117,18-24,55,63,118
2004,5,Districte V,9,Can Serra,505,50-64,210,174,384
2000,1,Districte I,3,Sant Josep,121,25-34,86,82,168
2002,5,Districte V,10,Pubilla Cases,530,12-15,25,28,53
2006,6,Districte VI,11,el Gornal,608,18-24,27,31,58
1996,1,Districte I,1,Centre,104,16-17,11,12,23
1994,3,Districte III,6,Santa Eulàlia,307,35-49,241,232,473
1999,5,Districte V,10,Pubilla Cases,514,00-02,8,8,16
2003,6,Districte VI,11,el Gornal,629,35-49,64,61,125
2004,5,Districte V,10,Pubilla Cases,518,75 i +,57,32,89
2010,2,Districte II,5,Collblanc,214,00-02,14,13,27
1995,5,Districte V,10,Pubilla Cases,537,75 i +,40,28,68
2014,1,Districte I,3,Sant Josep,117,75 i +,84,50,134
2008,4,Districte IV,7,la Florida,408,03-11,37,40,77
2005,1,Districte I,3,Sant Josep,139,16-17,5,9,14
2001,1,Districte I,1,Centre,124,65-74,44,42,86
2015,6,Districte VI,12,Bellvitge,614,65-74,88,68,156
2011,6,Districte VI,11,el Gornal,617,18-24,32,26,58
2002,1,Districte I,1,Centre,131,25-34,113,152,265
2014,2,Districte II,5,Collblanc,214,03-11,97,105,202
2001,4,Districte IV,8,les Planes,434,00-02,6,5,11
2015,5,Districte V,9,Can Serra,501,65-74,102,109,211
2002,4,Districte IV,7,la Florida,431,25-34,147,168,315
2015,6,Districte VI,12,Bellvitge,607,25-34,59,62,121
2005,6,Districte VI,11,el Gornal,629,16-17,7,3,10
2007,5,Districte V,10,Pubilla Cases,538,00-02,18,25,43
2001,5,Districte V,10,Pubilla Cases,537,16-17,10,11,21
1994,4,Districte IV,7,la Florida,411,35-49,109,96,205
2001,1,Districte I,3,Sant Josep,117,35-49,246,243,489
2013,5,Districte V,10,Pubilla Cases,528,16-17,15,11,26
2001,2,Districte II,5,Collblanc,227,00-02,9,10,19
1999,6,Districte VI,12,Bellvitge,613,00-02,10,13,23
1995,2,Districte II,4,la Torrassa,236,65-74,85,69,154
1998,5,Districte V,9,Can Serra,505,03-11,43,32,75
2012,6,Districte VI,12,Bellvitge,623,16-17,12,10,22
1996,3,Districte III,6,Santa Eulàlia,301,00-02,12,20,32
2003,6,Districte VI,12,Bellvitge,602,12-15,9,4,13
2009,1,Districte I,3,Sant Josep,121,35-49,116,112,228
1997,6,Districte VI,11,el Gornal,608,18-24,67,95,162
1997,3,Districte III,6,Santa Eulàlia,323,00-02,29,38,67
2011,5,Districte V,10,Pubilla Cases,526,65-74,28,30,58
2007,1,Districte I,3,Sant Josep,120,03-11,64,79,143
1995,5,Districte V,9,Can Serra,501,50-64,88,122,210
2006,2,Districte II,4,la Torrassa,242,00-02,17,9,26
2016,4,Districte IV,7,la Florida,432,18-24,36,49,85
1997,3,Districte III,6,Santa Eulàlia,308,65-74,61,59,120
2004,1,Districte I,1,Centre,111,00-02,9,10,19
2002,6,Districte VI,12,Bellvitge,605,75 i +,25,18,43
2012,4,Districte IV,8,les Planes,401,18-24,49,48,97
2006,2,Districte II,5,Collblanc,221,18-24,46,45,91
1999,2,Districte II,5,Collblanc,221,75 i +,34,28,62
2004,4,Districte IV,7,la Florida,430,75 i +,61,38,99
2014,1,Districte I,1,Centre,108,35-49,193,160,353
2009,1,Districte I,1,Centre,108,03-11,52,53,105
2015,1,Districte I,1,Centre,112,12-15,41,31,72
2001,4,Districte IV,7,la Florida,424,12-15,8,5,13
1994,5,Districte V,10,Pubilla Cases,538,75 i +,44,24,68
2011,1,Districte I,1,Centre,102,25-34,84,89,173
2000,3,Districte III,6,Santa Eulàlia,306,12-15,22,36,58
2015,5,Districte V,9,Can Serra,501,12-15,19,25,44
2003,2,Districte II,5,Collblanc,222,35-49,90,85,175
2000,1,Districte I,3,Sant Josep,136,75 i +,57,28,85
2008,2,Districte II,4,la Torrassa,248,65-74,51,46,97
2001,5,Districte V,10,Pubilla Cases,524,35-49,119,113,232
2004,3,Districte III,6,Santa Eulàlia,303,75 i +,82,60,142
2010,5,Districte V,10,Pubilla Cases,534,03-11,34,37,71
2011,3,Districte III,6,Santa Eulàlia,310,75 i +,49,24,73
2005,6,Districte VI,12,Bellvitge,621,12-15,30,26,56
2001,4,Districte IV,8,les Planes,439,16-17,5,11,16
1995,6,Districte VI,12,Bellvitge,615,12-15,17,15,32
1996,4,Districte IV,7,la Florida,408,16-17,15,13,28
2013,6,Districte VI,12,Bellvitge,619,35-49,115,128,243
2003,2,Districte II,4,la Torrassa,235,03-11,46,41,87
1998,2,Districte II,4,la Torrassa,229,50-64,65,64,129
1996,1,Districte I,1,Centre,107,00-02,14,13,27
2007,3,Districte III,6,Santa Eulàlia,312,50-64,174,150,324
2009,2,Districte II,4,la Torrassa,234,25-34,104,106,210
1999,4,Districte IV,7,la Florida,403,75 i +,50,23,73
1998,4,Districte IV,8,les Planes,420,75 i +,66,39,105
2007,2,Districte II,5,Collblanc,215,16-17,9,12,21
1999,5,Districte V,10,Pubilla Cases,537,75 i +,51,28,79
1997,4,Districte IV,7,la Florida,416,25-34,64,78,142
1994,2,Districte II,5,Collblanc,205,35-49,96,84,180
2003,5,Districte V,10,Pubilla Cases,524,18-24,67,69,136
1996,5,Districte V,9,Can Serra,507,12-15,19,13,32
2005,2,Districte II,5,Collblanc,244,50-64,55,36,91
2011,6,Districte VI,12,Bellvitge,609,00-02,14,14,28
2013,5,Districte V,10,Pubilla Cases,537,35-49,139,117,256
2002,2,Districte II,5,Collblanc,225,12-15,8,6,14
2003,6,Districte VI,12,Bellvitge,625,12-15,35,30,65
1999,4,Districte IV,8,les Planes,420,03-11,37,32,69
2004,1,Districte I,1,Centre,113,03-11,43,66,109
2010,1,Districte I,3,Sant Josep,115,75 i +,85,42,127
2015,6,Districte VI,12,Bellvitge,602,75 i +,78,75,153
1994,5,Districte V,10,Pubilla Cases,519,03-11,25,24,49
2008,6,Districte VI,12,Bellvitge,612,12-15,13,21,34
2015,3,Districte III,6,Santa Eulàlia,315,00-02,29,16,45
2003,1,Districte I,1,Centre,108,35-49,166,127,293
2003,3,Districte III,6,Santa Eulàlia,321,25-34,180,177,357
2009,2,Districte II,4,la Torrassa,239,18-24,44,49,93
2003,2,Districte II,4,la Torrassa,234,12-15,10,21,31
2013,3,Districte III,6,Santa Eulàlia,320,12-15,29,35,64
2006,1,Districte I,3,Sant Josep,125,18-24,56,68,124
2015,1,Districte I,3,Sant Josep,119,25-34,75,66,141
1997,1,Districte I,2,Sanfeliu,129,16-17,10,15,25
2002,2,Districte II,5,Collblanc,213,03-11,20,37,57
2013,4,Districte IV,7,la Florida,406,25-34,113,109,222
2005,2,Districte II,4,la Torrassa,246,75 i +,74,49,123
2007,3,Districte III,6,Santa Eulàlia,301,35-49,306,295,601
2013,2,Districte II,4,la Torrassa,245,12-15,25,15,40
2011,5,Districte V,10,Pubilla Cases,513,00-02,17,8,25
2001,1,Districte I,2,Sanfeliu,132,25-34,171,174,345
2016,1,Districte I,3,Sant Josep,139,35-49,106,116,222
1996,3,Districte III,6,Santa Eulàlia,306,16-17,21,26,47
1994,1,Districte I,3,Sant Josep,121,16-17,7,10,17
2012,1,Districte I,3,Sant Josep,117,50-64,234,216,450
2005,1,Districte I,3,Sant Josep,126,16-17,4,7,11
2005,5,Districte V,10,Pubilla Cases,536,75 i +,55,46,101
2007,5,Districte V,10,Pubilla Cases,522,75 i +,40,22,62
2009,2,Districte II,5,Collblanc,203,35-49,106,117,223
2016,2,Districte II,5,Collblanc,213,50-64,90,76,166
2010,5,Districte V,10,Pubilla Cases,511,25-34,55,66,121
2000,3,Districte III,6,Santa Eulàlia,312,12-15,25,17,42
1997,5,Districte V,10,Pubilla Cases,512,03-11,27,30,57
1998,6,Districte VI,12,Bellvitge,620,75 i +,13,4,17
2000,4,Districte IV,7,la Florida,426,50-64,74,73,147
2010,4,Districte IV,8,les Planes,420,50-64,99,96,195
2001,5,Districte V,10,Pubilla Cases,531,16-17,6,10,16
2007,2,Districte II,5,Collblanc,203,35-49,107,105,212
2016,4,Districte IV,8,les Planes,401,50-64,142,117,259
2003,5,Districte V,9,Can Serra,502,65-74,73,62,135
2010,1,Districte I,1,Centre,101,65-74,58,49,107
2010,3,Districte III,6,Santa Eulàlia,325,00-02,16,18,34
1997,6,Districte VI,12,Bellvitge,631,50-64,143,170,313
2001,4,Districte IV,7,la Florida,404,00-02,20,12,32
1996,4,Districte IV,8,les Planes,419,75 i +,34,18,52
2010,2,Districte II,5,Collblanc,212,18-24,55,56,111
2007,2,Districte II,5,Collblanc,227,25-34,67,65,132
2005,4,Districte IV,7,la Florida,410,18-24,65,66,131
2010,4,Districte IV,7,la Florida,422,75 i +,84,49,133
1994,2,Districte II,5,Collblanc,203,35-49,54,53,107
1999,3,Districte III,6,Santa Eulàlia,313,18-24,139,115,254
2010,5,Districte V,9,Can Serra,504,18-24,20,37,57
2004,1,Districte I,1,Centre,108,50-64,120,111,231
1995,2,Districte II,5,Collblanc,219,00-02,12,6,18
2008,2,Districte II,4,la Torrassa,245,16-17,12,15,27
1994,4,Districte IV,7,la Florida,424,03-11,27,20,47
2004,6,Districte VI,12,Bellvitge,623,16-17,10,9,19
2001,4,Districte IV,8,les Planes,435,50-64,74,64,138
2014,2,Districte II,4,la Torrassa,239,03-11,34,47,81
2014,3,Districte III,6,Santa Eulàlia,316,50-64,368,304,672
2002,1,Districte I,1,Centre,133,16-17,9,8,17
2000,3,Districte III,6,Santa Eulàlia,301,18-24,101,117,218
2015,5,Districte V,9,Can Serra,502,65-74,89,77,166
2002,2,Districte II,5,Collblanc,216,65-74,77,63,140
1998,6,Districte VI,12,Bellvitge,614,65-74,48,44,92
1998,1,Districte I,1,Centre,101,75 i +,24,8,32
2007,6,Districte VI,11,el Gornal,616,35-49,303,310,613
2009,1,Districte I,1,Centre,123,25-34,105,93,198
1995,4,Districte IV,7,la Florida,422,75 i +,58,30,88
2013,4,Districte IV,7,la Florida,422,75 i +,75,52,127
2011,3,Districte III,6,Santa Eulàlia,324,75 i +,50,25,75
2003,3,Districte III,6,Santa Eulàlia,321,03-11,91,100,191
2006,5,Districte V,10,Pubilla Cases,528,12-15,22,20,42
2003,2,Districte II,5,Collblanc,202,65-74,46,42,88
2005,4,Districte IV,8,les Planes,420,16-17,9,14,23
2000,1,Districte I,2,Sanfeliu,132,75 i +,60,25,85
2013,1,Districte I,3,Sant Josep,120,00-02,21,18,39
1995,6,Districte VI,12,Bellvitge,605,50-64,125,121,246
2005,5,Districte V,10,Pubilla Cases,537,16-17,10,6,16
2000,6,Districte VI,12,Bellvitge,606,50-64,103,81,184
2001,5,Districte V,9,Can Serra,506,50-64,218,236,454
1994,5,Districte V,9,Can Serra,506,25-34,158,167,325
2013,3,Districte III,6,Santa Eulàlia,306,65-74,64,59,123
2005,4,Districte IV,8,les Planes,434,50-64,42,42,84
2003,6,Districte VI,12,Bellvitge,603,00-02,6,9,15
2004,6,Districte VI,12,Bellvitge,625,18-24,89,92,181
1997,6,Districte VI,12,Bellvitge,612,75 i +,35,17,52
1994,5,Districte V,10,Pubilla Cases,534,50-64,99,105,204
1998,3,Districte III,6,Santa Eulàlia,305,12-15,40,37,77
2016,6,Districte VI,12,Bellvitge,601,16-17,15,14,29
2002,1,Districte I,1,Centre,128,35-49,96,98,194
1994,4,Districte IV,7,la Florida,417,75 i +,17,10,27
1997,2,Districte II,4,la Torrassa,236,00-02,9,4,13
2004,4,Districte IV,7,la Florida,414,65-74,57,52,109
2010,1,Districte I,1,Centre,109,65-74,50,48,98
2005,5,Districte V,10,Pubilla Cases,514,25-34,77,102,179
2004,3,Districte III,6,Santa Eulàlia,323,18-24,134,170,304
1998,5,Districte V,10,Pubilla Cases,523,00-02,9,9,18
1995,3,Districte III,6,Santa Eulàlia,318,12-15,30,27,57
2010,5,Districte V,10,Pubilla Cases,534,00-02,8,15,23
1999,1,Districte I,3,Sant Josep,136,50-64,103,103,206
1995,5,Districte V,10,Pubilla Cases,528,16-17,6,20,26
2012,5,Districte V,10,Pubilla Cases,511,03-11,30,31,61
2016,6,Districte VI,12,Bellvitge,601,50-64,183,160,343
2006,1,Districte I,1,Centre,113,25-34,180,156,336
2007,5,Districte V,9,Can Serra,503,65-74,36,30,66
2015,3,Districte III,6,Santa Eulàlia,313,75 i +,90,68,158
1999,5,Districte V,10,Pubilla Cases,517,16-17,11,17,28
2011,3,Districte III,6,Santa Eulàlia,319,12-15,28,33,61
2008,2,Districte II,4,la Torrassa,249,00-02,27,20,47
2011,5,Districte V,9,Can Serra,505,12-15,8,9,17
2009,1,Districte I,3,Sant Josep,137,16-17,19,13,32
1999,5,Districte V,10,Pubilla Cases,514,50-64,73,60,133
2016,2,Districte II,4,la Torrassa,247,00-02,20,24,44
2013,2,Districte II,4,la Torrassa,242,50-64,80,85,165
2000,5,Districte V,10,Pubilla Cases,527,16-17,9,12,21
1994,1,Districte I,2,Sanfeliu,116,03-11,73,54,127
2000,4,Districte IV,7,la Florida,407,50-64,97,78,175
2012,5,Districte V,10,Pubilla Cases,525,75 i +,67,37,104
2010,2,Districte II,4,la Torrassa,248,50-64,98,90,188
2002,4,Districte IV,7,la Florida,406,18-24,72,71,143
1999,1,Districte I,3,Sant Josep,137,25-34,120,100,220
2010,6,Districte VI,12,Bellvitge,601,16-17,19,13,32
2000,3,Districte III,6,Santa Eulàlia,323,12-15,68,52,120
2013,3,Districte III,6,Santa Eulàlia,307,03-11,36,38,74
2012,2,Districte II,4,la Torrassa,218,35-49,81,96,177
1998,6,Districte VI,11,el Gornal,626,18-24,78,94,172
1996,1,Districte I,1,Centre,123,25-34,90,97,187
1997,2,Districte II,4,la Torrassa,230,75 i +,40,16,56
2013,4,Districte IV,7,la Florida,422,12-15,26,19,45
2000,5,Districte V,10,Pubilla Cases,508,25-34,42,51,93
2003,2,Districte II,4,la Torrassa,239,16-17,3,11,14
2015,1,Districte I,3,Sant Josep,106,75 i +,75,38,113
2004,3,Districte III,6,Santa Eulàlia,307,50-64,202,192,394
2005,6,Districte VI,12,Bellvitge,620,16-17,4,11,15
2014,3,Districte III,6,Santa Eulàlia,313,00-02,23,20,43
2011,3,Districte III,6,Santa Eulàlia,320,35-49,158,152,310
2013,6,Districte VI,12,Bellvitge,610,16-17,7,13,20
1999,4,Districte IV,7,la Florida,412,50-64,183,169,352
2001,2,Districte II,5,Collblanc,204,35-49,43,56,99
1999,1,Districte I,1,Centre,112,12-15,30,27,57
2001,4,Districte IV,8,les Planes,420,25-34,109,134,243
2013,1,Districte I,3,Sant Josep,121,00-02,10,14,24
2010,4,Districte IV,8,les Planes,434,35-49,72,77,149
2008,1,Districte I,3,Sant Josep,125,50-64,172,154,326
2006,3,Districte III,6,Santa Eulàlia,318,03-11,30,33,63
2003,6,Districte VI,11,el Gornal,626,25-34,74,102,176
2004,1,Districte I,1,Centre,107,65-74,107,79,186
2002,4,Districte IV,8,les Planes,419,03-11,34,40,74
2002,5,Districte V,10,Pubilla Cases,525,18-24,46,43,89
1995,6,Districte VI,12,Bellvitge,605,16-17,11,13,24
2007,4,Districte IV,8,les Planes,441,50-64,237,233,470
1996,6,Districte VI,12,Bellvitge,630,65-74,28,19,47
2007,5,Districte V,10,Pubilla Cases,523,35-49,169,176,345
2005,1,Districte I,1,Centre,104,03-11,35,38,73
2008,6,Districte VI,12,Bellvitge,624,12-15,12,14,26
2000,2,Districte II,5,Collblanc,216,03-11,32,34,66
1998,6,Districte VI,11,el Gornal,626,16-17,10,12,22
1997,4,Districte IV,7,la Florida,416,00-02,10,11,21
2009,1,Districte I,1,Centre,131,50-64,187,177,364
2013,4,Districte IV,7,la Florida,407,25-34,78,79,157
2009,6,Districte VI,12,Bellvitge,624,00-02,17,20,37
2007,4,Districte IV,7,la Florida,430,65-74,48,42,90
1995,5,Districte V,10,Pubilla Cases,528,18-24,89,81,170
2012,2,Districte II,5,Collblanc,209,35-49,125,117,242
2003,2,Districte II,4,la Torrassa,233,18-24,37,30,67
1996,6,Districte VI,12,Bellvitge,602,18-24,40,50,90
1999,3,Districte III,6,Santa Eulàlia,316,65-74,38,30,68
1999,4,Districte IV,8,les Planes,439,03-11,35,30,65
1995,4,Districte IV,7,la Florida,422,50-64,97,92,189
2002,6,Districte VI,11,el Gornal,616,12-15,65,72,137
1994,2,Districte II,5,Collblanc,208,50-64,245,211,456
1994,6,Districte VI,12,Bellvitge,606,00-02,15,16,31
1996,6,Districte VI,12,Bellvitge,602,00-02,7,6,13
2008,4,Districte IV,7,la Florida,404,12-15,22,22,44
1996,3,Districte III,6,Santa Eulàlia,321,16-17,46,47,93
2004,2,Districte II,5,Collblanc,213,75 i +,47,25,72
1995,3,Districte III,6,Santa Eulàlia,310,03-11,52,51,103
2016,1,Districte I,3,Sant Josep,126,18-24,33,35,68
1994,1,Districte I,2,Sanfeliu,132,12-15,66,94,160
2008,4,Districte IV,7,la Florida,424,18-24,26,35,61
2002,5,Districte V,10,Pubilla Cases,519,50-64,48,37,85
2000,1,Districte I,1,Centre,130,00-02,9,10,19
1995,3,Districte III,6,Santa Eulàlia,310,16-17,14,15,29
1999,2,Districte II,5,Collblanc,209,25-34,78,86,164
2013,2,Districte II,5,Collblanc,202,35-49,218,250,468
2016,4,Districte IV,8,les Planes,437,50-64,148,131,279
2002,4,Districte IV,7,la Florida,421,16-17,3,6,9
2010,5,Districte V,10,Pubilla Cases,518,35-49,144,134,278
2012,4,Districte IV,7,la Florida,426,03-11,49,50,99
2016,2,Districte II,5,Collblanc,205,25-34,73,82,155
2004,5,Districte V,9,Can Serra,501,00-02,13,19,32
2006,4,Districte IV,8,les Planes,401,03-11,56,67,123
1999,5,Districte V,9,Can Serra,505,75 i +,40,27,67
2006,2,Districte II,4,la Torrassa,238,25-34,78,100,178
1995,5,Districte V,10,Pubilla Cases,533,65-74,35,45,80
2013,4,Districte IV,7,la Florida,407,18-24,30,35,65
2010,6,Districte VI,12,Bellvitge,609,75 i +,31,29,60
2000,4,Districte IV,8,les Planes,429,16-17,5,5,10
1997,4,Districte IV,7,la Florida,421,65-74,62,68,130
2012,4,Districte IV,7,la Florida,414,12-15,20,18,38
2011,1,Districte I,3,Sant Josep,138,25-34,62,62,124
2008,4,Districte IV,8,les Planes,437,18-24,41,49,90
2007,1,Districte I,1,Centre,131,00-02,13,24,37
2012,5,Districte V,10,Pubilla Cases,529,50-64,88,85,173
2001,3,Districte III,6,Santa Eulàlia,304,00-02,14,14,28
2016,2,Districte II,5,Collblanc,205,18-24,30,43,73
2010,6,Districte VI,12,Bellvitge,613,03-11,45,49,94
2012,6,Districte VI,11,el Gornal,608,12-15,12,7,19
2004,6,Districte VI,12,Bellvitge,606,03-11,37,46,83
2009,4,Districte IV,7,la Florida,406,50-64,122,118,240
2014,2,Districte II,4,la Torrassa,246,16-17,9,11,20
2001,2,Districte II,4,la Torrassa,228,00-02,5,6,11
1999,1,Districte I,1,Centre,108,12-15,27,13,40
2005,4,Districte IV,7,la Florida,423,35-49,104,120,224
1997,1,Districte I,3,Sant Josep,138,03-11,29,56,85
2015,6,Districte VI,12,Bellvitge,601,50-64,177,155,332
2012,6,Districte VI,11,el Gornal,616,25-34,305,320,625
2015,6,Districte VI,12,Bellvitge,630,50-64,87,73,160
2008,4,Districte IV,8,les Planes,442,65-74,28,24,52
2010,4,Districte IV,7,la Florida,405,50-64,48,58,106
2000,4,Districte IV,7,la Florida,427,75 i +,44,33,77
2011,6,Districte VI,12,Bellvitge,612,12-15,9,24,33
2009,6,Districte VI,12,Bellvitge,630,03-11,31,29,60
2004,1,Districte I,1,Centre,131,16-17,16,10,26
1999,5,Districte V,10,Pubilla Cases,516,03-11,12,21,33
2007,4,Districte IV,7,la Florida,406,03-11,42,62,104
2012,1,Districte I,3,Sant Josep,115,65-74,59,68,127
2004,6,Districte VI,12,Bellvitge,605,16-17,3,4,7
1999,1,Districte I,3,Sant Josep,120,35-49,231,221,452
1999,6,Districte VI,12,Bellvitge,606,03-11,41,45,86
2013,4,Districte IV,7,la Florida,404,16-17,15,17,32
1996,2,Districte II,4,la Torrassa,231,65-74,85,66,151
1996,4,Districte IV,8,les Planes,438,03-11,30,26,56
2004,6,Districte VI,11,el Gornal,616,75 i +,41,24,65
1997,3,Districte III,6,Santa Eulàlia,322,25-34,94,104,198
2012,5,Districte V,10,Pubilla Cases,523,16-17,18,14,32
2001,1,Districte I,3,Sant Josep,127,65-74,46,45,91
1998,5,Districte V,10,Pubilla Cases,529,00-02,8,12,20
1995,1,Districte I,3,Sant Josep,119,00-02,7,11,18
2004,5,Districte V,9,Can Serra,502,00-02,15,26,41
1995,5,Districte V,10,Pubilla Cases,509,75 i +,39,18,57
1996,3,Districte III,6,Santa Eulàlia,304,65-74,101,66,167
1997,4,Districte IV,7,la Florida,402,65-74,51,57,108
2015,2,Districte II,5,Collblanc,207,18-24,64,73,137
2005,2,Districte II,4,la Torrassa,228,12-15,18,9,27
2015,1,Districte I,1,Centre,109,65-74,62,66,128
2009,2,Districte II,4,la Torrassa,248,35-49,179,173,352
2010,2,Districte II,4,la Torrassa,234,65-74,48,33,81
2015,4,Districte IV,7,la Florida,426,00-02,16,13,29
1997,4,Districte IV,7,la Florida,406,65-74,63,67,130
2015,4,Districte IV,7,la Florida,430,16-17,4,12,16
2006,3,Districte III,6,Santa Eulàlia,313,03-11,79,82,161
2013,4,Districte IV,7,la Florida,406,75 i +,75,62,137
2000,1,Districte I,2,Sanfeliu,118,16-17,33,31,64
2008,5,Districte V,10,Pubilla Cases,529,18-24,54,51,105
2003,4,Districte IV,8,les Planes,433,75 i +,42,20,62
1999,4,Districte IV,7,la Florida,412,18-24,91,108,199
2013,6,Districte VI,11,el Gornal,616,18-24,85,93,178
2001,2,Districte II,5,Collblanc,201,12-15,8,17,25
2007,4,Districte IV,8,les Planes,437,12-15,14,19,33
2007,3,Districte III,6,Santa Eulàlia,312,16-17,15,11,26
2015,4,Districte IV,7,la Florida,431,65-74,60,47,107
1998,2,Districte II,5,Collblanc,201,00-02,5,10,15
2004,2,Districte II,4,la Torrassa,243,35-49,181,189,370
2004,4,Districte IV,7,la Florida,409,25-34,79,98,177
2016,2,Districte II,5,Collblanc,202,25-34,151,171,322
2013,6,Districte VI,12,Bellvitge,611,18-24,63,60,123
1994,4,Districte IV,7,la Florida,431,16-17,19,26,45
2007,5,Districte V,10,Pubilla Cases,537,18-24,50,47,97
2001,6,Districte VI,12,Bellvitge,628,65-74,50,48,98
2000,1,Districte I,1,Centre,108,03-11,46,40,86
2014,4,Districte IV,7,la Florida,411,65-74,77,57,134
2016,5,Districte V,9,Can Serra,502,00-02,18,24,42
1997,1,Districte I,3,Sant Josep,114,65-74,59,56,115
1994,4,Districte IV,7,la Florida,403,18-24,74,90,164
2014,3,Districte III,6,Santa Eulàlia,306,03-11,66,54,120
2007,4,Districte IV,7,la Florida,409,18-24,32,42,74
2016,4,Districte IV,8,les Planes,401,16-17,9,20,29
2015,1,Districte I,3,Sant Josep,136,03-11,59,55,114
2004,6,Districte VI,12,Bellvitge,627,25-34,99,82,181
2001,3,Districte III,6,Santa Eulàlia,306,18-24,95,78,173
2007,6,Districte VI,12,Bellvitge,611,25-34,186,189,375
1998,1,Districte I,1,Centre,102,35-49,149,132,281
2007,2,Districte II,4,la Torrassa,242,65-74,70,57,127
2014,1,Districte I,2,Sanfeliu,116,18-24,44,36,80
1998,1,Districte I,3,Sant Josep,122,65-74,48,37,85
2005,4,Districte IV,7,la Florida,414,75 i +,60,39,99
1995,2,Districte II,5,Collblanc,202,18-24,41,41,82
2003,4,Districte IV,7,la Florida,410,00-02,16,27,43
1996,4,Districte IV,7,la Florida,402,75 i +,41,24,65
2006,5,Districte V,9,Can Serra,503,35-49,83,66,149
2000,1,Districte I,2,Sanfeliu,116,00-02,17,15,32
2012,4,Districte IV,8,les Planes,440,25-34,77,57,134
1994,1,Districte I,3,Sant Josep,115,18-24,73,120,193
2010,2,Districte II,5,Collblanc,203,16-17,2,7,9
1994,5,Districte V,10,Pubilla Cases,532,50-64,161,162,323
2008,2,Districte II,4,la Torrassa,248,00-02,19,14,33
2014,2,Districte II,4,la Torrassa,228,50-64,142,162,304
2010,1,Districte I,1,Centre,123,00-02,22,17,39
1999,2,Districte II,4,la Torrassa,245,35-49,88,87,175
2010,6,Districte VI,11,el Gornal,626,75 i +,55,43,98
1995,2,Districte II,4,la Torrassa,211,75 i +,59,36,95
2008,4,Districte IV,8,les Planes,401,50-64,101,99,200
2000,1,Districte I,2,Sanfeliu,129,50-64,128,124,252
2010,1,Districte I,2,Sanfeliu,129,16-17,11,10,21
1998,4,Districte IV,7,la Florida,424,03-11,16,9,25
1995,1,Districte I,1,Centre,108,35-49,147,140,287
2013,4,Districte IV,8,les Planes,420,12-15,30,39,69
1998,3,Districte III,6,Santa Eulàlia,305,75 i +,71,40,111
1996,4,Districte IV,7,la Florida,414,25-34,76,76,152
1994,4,Districte IV,7,la Florida,406,50-64,139,137,276
2003,4,Districte IV,8,les Planes,435,35-49,82,113,195
1999,4,Districte IV,8,les Planes,435,35-49,76,99,175
1994,2,Districte II,4,la Torrassa,245,16-17,10,15,25
2016,2,Districte II,4,la Torrassa,242,25-34,96,79,175
2015,1,Districte I,3,Sant Josep,136,18-24,36,37,73
2015,5,Districte V,10,Pubilla Cases,533,35-49,239,263,502
2009,2,Districte II,5,Collblanc,215,35-49,133,127,260
1995,4,Districte IV,8,les Planes,436,16-17,10,10,20
2011,6,Districte VI,12,Bellvitge,615,12-15,12,16,28
2003,1,Districte I,3,Sant Josep,125,03-11,39,49,88
2001,5,Districte V,10,Pubilla Cases,524,00-02,20,14,34
2002,5,Districte V,9,Can Serra,506,03-11,70,79,149
2015,1,Districte I,1,Centre,123,75 i +,81,65,146
2003,3,Districte III,6,Santa Eulàlia,312,00-02,11,18,29
2010,6,Districte VI,11,el Gornal,632,25-34,59,75,134
2001,6,Districte VI,12,Bellvitge,603,03-11,22,20,42
2005,3,Districte III,6,Santa Eulàlia,321,35-49,283,264,547
1995,6,Districte VI,11,el Gornal,617,16-17,24,27,51
2004,1,Districte I,1,Centre,104,03-11,30,38,68
2008,2,Districte II,4,la Torrassa,217,25-34,85,97,182
2015,5,Districte V,9,Can Serra,535,12-15,10,25,35
2003,2,Districte II,4,la Torrassa,231,50-64,88,63,151
2002,1,Districte I,3,Sant Josep,139,75 i +,21,10,31
2010,6,Districte VI,12,Bellvitge,625,65-74,77,59,136
2007,3,Districte III,6,Santa Eulàlia,307,00-02,13,12,25
2003,2,Districte II,5,Collblanc,208,12-15,23,20,43
2008,5,Districte V,9,Can Serra,501,65-74,46,42,88
2004,2,Districte II,5,Collblanc,204,12-15,9,11,20
2004,2,Districte II,5,Collblanc,221,50-64,90,88,178
1999,5,Districte V,9,Can Serra,521,75 i +,39,22,61
2000,2,Districte II,5,Collblanc,201,25-34,58,57,115
1996,4,Districte IV,8,les Planes,437,12-15,15,20,35
2016,3,Districte III,6,Santa Eulàlia,322,35-49,181,179,360
2005,1,Districte I,1,Centre,135,65-74,73,58,131
2016,1,Districte I,3,Sant Josep,137,35-49,180,157,337
2009,2,Districte II,4,la Torrassa,243,18-24,72,66,138
2013,3,Districte III,6,Santa Eulàlia,313,50-64,217,196,413
2003,5,Districte V,9,Can Serra,501,25-34,104,130,234
2015,1,Districte I,3,Sant Josep,119,16-17,9,8,17
2015,1,Districte I,1,Centre,107,18-24,30,57,87
2015,1,Districte I,1,Centre,123,12-15,21,18,39
1998,6,Districte VI,12,Bellvitge,628,35-49,116,85,201
1995,2,Districte II,4,la Torrassa,242,25-34,73,83,156
2009,2,Districte II,5,Collblanc,205,35-49,108,106,214
2013,3,Districte III,6,Santa Eulàlia,304,65-74,77,63,140
2007,2,Districte II,5,Collblanc,209,12-15,11,10,21
2004,2,Districte II,4,la Torrassa,211,16-17,16,11,27
2003,2,Districte II,4,la Torrassa,237,65-74,89,66,155
2000,4,Districte IV,8,les Planes,429,12-15,7,14,21
2011,5,Districte V,10,Pubilla Cases,530,50-64,94,96,190
2014,1,Districte I,1,Centre,101,25-34,97,89,186
2001,4,Districte IV,7,la Florida,407,75 i +,42,36,78
2002,4,Districte IV,7,la Florida,404,50-64,120,104,224
2000,4,Districte IV,8,les Planes,420,18-24,52,73,125
2000,5,Districte V,10,Pubilla Cases,529,18-24,54,50,104
2003,2,Districte II,5,Collblanc,205,03-11,33,26,59
1998,6,Districte VI,12,Bellvitge,609,25-34,78,99,177
1998,1,Districte I,3,Sant Josep,114,50-64,216,187,403
1997,6,Districte VI,12,Bellvitge,630,35-49,131,110,241
2004,1,Districte I,1,Centre,134,35-49,149,142,291
2008,2,Districte II,4,la Torrassa,245,12-15,13,18,31
2007,6,Districte VI,12,Bellvitge,619,75 i +,61,45,106
1998,4,Districte IV,7,la Florida,406,12-15,23,35,58
2012,3,Districte III,6,Santa Eulàlia,323,25-34,208,203,411
2011,3,Districte III,6,Santa Eulàlia,316,12-15,25,31,56
2009,5,Districte V,9,Can Serra,506,75 i +,86,68,154
1996,3,Districte III,6,Santa Eulàlia,323,25-34,198,187,385
1994,2,Districte II,4,la Torrassa,249,75 i +,48,24,72
2012,1,Districte I,3,Sant Josep,106,18-24,53,63,116
2009,2,Districte II,4,la Torrassa,236,00-02,13,18,31
2012,2,Districte II,4,la Torrassa,248,00-02,12,19,31
2007,2,Districte II,5,Collblanc,216,03-11,62,37,99
2001,6,Districte VI,12,Bellvitge,623,25-34,154,161,315
2001,4,Districte IV,8,les Planes,441,65-74,94,80,174
2006,1,Districte I,3,Sant Josep,125,12-15,19,20,39
2001,6,Districte VI,12,Bellvitge,614,12-15,9,29,38
2007,3,Districte III,6,Santa Eulàlia,308,03-11,92,115,207
2011,2,Districte II,5,Collblanc,208,35-49,173,160,333
2009,2,Districte II,5,Collblanc,215,16-17,11,8,19
2016,5,Districte V,9,Can Serra,501,65-74,112,118,230
2006,3,Districte III,6,Santa Eulàlia,315,12-15,22,24,46
2006,5,Districte V,10,Pubilla Cases,513,25-34,82,71,153
1999,2,Districte II,5,Collblanc,206,03-11,24,26,50
1999,5,Districte V,10,Pubilla Cases,519,50-64,56,49,105
2010,3,Districte III,6,Santa Eulàlia,321,25-34,179,145,324
2008,3,Districte III,6,Santa Eulàlia,317,50-64,60,72,132
2011,2,Districte II,4,la Torrassa,231,18-24,42,40,82
2010,6,Districte VI,12,Bellvitge,618,35-49,78,74,152
2009,4,Districte IV,7,la Florida,409,75 i +,29,23,52
2013,5,Districte V,10,Pubilla Cases,528,75 i +,63,48,111
2008,4,Districte IV,7,la Florida,415,65-74,27,25,52
2013,1,Districte I,1,Centre,131,50-64,148,142,290
2012,1,Districte I,3,Sant Josep,121,50-64,50,67,117
2013,4,Districte IV,7,la Florida,430,35-49,133,172,305
2002,4,Districte IV,7,la Florida,421,50-64,124,97,221
2000,1,Districte I,3,Sant Josep,117,35-49,248,241,489
1995,6,Districte VI,12,Bellvitge,609,50-64,107,146,253
1994,5,Districte V,10,Pubilla Cases,523,35-49,102,104,206
2004,6,Districte VI,12,Bellvitge,619,35-49,141,134,275
2003,2,Districte II,4,la Torrassa,229,03-11,32,32,64
2002,4,Districte IV,8,les Planes,420,18-24,62,83,145
2001,2,Districte II,5,Collblanc,226,25-34,103,95,198
2006,4,Districte IV,8,les Planes,420,50-64,103,84,187
2010,4,Districte IV,7,la Florida,403,00-02,22,17,39
1994,2,Districte II,5,Collblanc,227,25-34,53,50,103
1995,1,Districte I,1,Centre,124,18-24,67,51,118
2009,6,Districte VI,11,el Gornal,629,03-11,29,14,43
1995,4,Districte IV,8,les Planes,401,35-49,122,115,237
1994,5,Districte V,10,Pubilla Cases,538,00-02,6,9,15
2004,4,Districte IV,7,la Florida,406,18-24,71,53,124
2003,2,Districte II,5,Collblanc,244,25-34,76,58,134
1995,2,Districte II,4,la Torrassa,243,03-11,49,42,91
2014,1,Districte I,2,Sanfeliu,116,12-15,24,20,44
2002,4,Districte IV,8,les Planes,439,16-17,5,11,16
2010,5,Districte V,10,Pubilla Cases,528,75 i +,61,42,103
2000,4,Districte IV,7,la Florida,407,25-34,74,95,169
2011,4,Districte IV,8,les Planes,442,50-64,44,47,91
1996,5,Districte V,10,Pubilla Cases,509,03-11,25,23,48
2008,3,Districte III,6,Santa Eulàlia,310,65-74,42,29,71
2007,5,Districte V,10,Pubilla Cases,537,25-34,97,127,224
2016,2,Districte II,5,Collblanc,220,00-02,31,28,59
2003,1,Districte I,2,Sanfeliu,116,75 i +,62,41,103
2004,5,Districte V,10,Pubilla Cases,537,16-17,7,8,15
2009,4,Districte IV,7,la Florida,421,25-34,91,116,207
1998,2,Districte II,5,Collblanc,226,00-02,3,6,9
1997,6,Districte VI,12,Bellvitge,610,65-74,62,48,110
2002,3,Districte III,6,Santa Eulàlia,311,12-15,20,25,45
2010,5,Districte V,10,Pubilla Cases,526,00-02,7,10,17
2002,6,Districte VI,12,Bellvitge,603,25-34,53,84,137
1994,5,Districte V,10,Pubilla Cases,517,25-34,99,112,211
1995,2,Districte II,4,la Torrassa,231,16-17,13,17,30
2007,5,Districte V,9,Can Serra,521,75 i +,48,32,80
1996,5,Districte V,10,Pubilla Cases,520,25-34,63,60,123
2006,6,Districte VI,12,Bellvitge,627,50-64,157,163,320
2001,5,Districte V,10,Pubilla Cases,533,00-02,8,11,19
1997,6,Districte VI,11,el Gornal,626,16-17,13,16,29
2012,1,Districte I,3,Sant Josep,120,50-64,198,194,392
2006,5,Districte V,10,Pubilla Cases,523,03-11,53,46,99
2000,6,Districte VI,11,el Gornal,616,12-15,73,89,162
2010,6,Districte VI,12,Bellvitge,607,16-17,9,14,23
2010,2,Districte II,5,Collblanc,224,50-64,47,57,104
1999,3,Districte III,6,Santa Eulàlia,304,75 i +,77,39,116
2012,5,Districte V,10,Pubilla Cases,509,65-74,42,32,74
1998,1,Districte I,1,Centre,109,16-17,14,17,31
1997,6,Districte VI,12,Bellvitge,611,00-02,14,12,26
2004,1,Districte I,3,Sant Josep,122,75 i +,43,19,62
2005,6,Districte VI,12,Bellvitge,612,16-17,5,9,14
2010,4,Districte IV,7,la Florida,411,25-34,83,67,150
1999,4,Districte IV,7,la Florida,422,25-34,76,79,155
2016,2,Districte II,5,Collblanc,201,18-24,37,44,81
2002,4,Districte IV,8,les Planes,438,65-74,46,50,96
1997,2,Districte II,5,Collblanc,214,65-74,42,35,77
2012,5,Districte V,10,Pubilla Cases,515,00-02,8,15,23
2004,1,Districte I,3,Sant Josep,139,18-24,38,44,82
2011,1,Districte I,1,Centre,134,25-34,104,110,214
2006,5,Districte V,10,Pubilla Cases,529,50-64,83,85,168
1997,2,Districte II,4,la Torrassa,217,50-64,44,43,87
2003,4,Districte IV,8,les Planes,419,18-24,35,35,70
2004,6,Districte VI,12,Bellvitge,602,75 i +,19,13,32
1999,6,Districte VI,12,Bellvitge,605,03-11,10,19,29
1996,5,Districte V,10,Pubilla Cases,538,35-49,91,97,188
2001,5,Districte V,9,Can Serra,501,35-49,130,90,220
2006,1,Districte I,1,Centre,128,12-15,12,14,26
2009,1,Districte I,2,Sanfeliu,132,35-49,215,267,482
1995,1,Districte I,2,Sanfeliu,118,12-15,73,70,143
2008,3,Districte III,6,Santa Eulàlia,302,18-24,52,45,97
1995,4,Districte IV,7,la Florida,426,50-64,84,81,165
2003,6,Districte VI,12,Bellvitge,610,25-34,113,124,237
2010,1,Districte I,1,Centre,105,12-15,12,9,21
2011,1,Districte I,1,Centre,133,25-34,57,69,126
2006,2,Districte II,5,Collblanc,227,18-24,18,20,38
1998,4,Districte IV,7,la Florida,430,25-34,76,71,147
1999,2,Districte II,4,la Torrassa,217,18-24,22,21,43
1996,5,Districte V,9,Can Serra,506,16-17,38,35,73
2016,1,Districte I,1,Centre,105,25-34,69,71,140
2008,6,Districte VI,11,el Gornal,632,50-64,85,75,160
1999,1,Districte I,3,Sant Josep,119,00-02,15,9,24
1996,3,Districte III,6,Santa Eulàlia,313,25-34,148,156,304
2008,4,Districte IV,7,la Florida,404,16-17,15,24,39
2013,6,Districte VI,12,Bellvitge,619,16-17,5,14,19
2010,6,Districte VI,12,Bellvitge,602,03-11,20,18,38
2012,6,Districte VI,12,Bellvitge,627,18-24,22,34,56
1996,6,Districte VI,12,Bellvitge,606,35-49,77,81,158
2001,5,Districte V,10,Pubilla Cases,520,50-64,87,85,172
2012,5,Districte V,10,Pubilla Cases,516,35-49,86,87,173
1994,6,Districte VI,12,Bellvitge,624,25-34,55,95,150
2013,3,Districte III,6,Santa Eulàlia,317,18-24,42,41,83
2003,6,Districte VI,12,Bellvitge,614,16-17,6,12,18
2015,1,Districte I,1,Centre,130,12-15,18,19,37
2014,2,Districte II,5,Collblanc,223,00-02,13,21,34
2006,6,Districte VI,12,Bellvitge,624,18-24,37,34,71
1996,2,Districte II,5,Collblanc,212,50-64,132,129,261
1994,1,Districte I,1,Centre,131,16-17,34,40,74
2008,1,Districte I,1,Centre,128,00-02,12,19,31
2001,1,Districte I,1,Centre,108,00-02,19,12,31
1996,3,Districte III,6,Santa Eulàlia,321,12-15,77,67,144
1994,5,Districte V,10,Pubilla Cases,512,16-17,13,13,26
2006,4,Districte IV,7,la Florida,415,25-34,96,107,203
1997,6,Districte VI,12,Bellvitge,612,00-02,4,15,19
2007,2,Districte II,4,la Torrassa,242,16-17,9,11,20
2015,3,Districte III,6,Santa Eulàlia,316,35-49,168,145,313
2009,3,Districte III,6,Santa Eulàlia,314,03-11,81,93,174
2004,4,Districte IV,7,la Florida,407,25-34,76,120,196
2015,1,Districte I,3,Sant Josep,126,25-34,57,48,105
2007,6,Districte VI,12,Bellvitge,611,16-17,18,16,34
2012,1,Districte I,1,Centre,103,50-64,61,58,119
2016,6,Districte VI,12,Bellvitge,627,35-49,93,98,191
1996,6,Districte VI,12,Bellvitge,610,25-34,108,129,237
1994,5,Districte V,9,Can Serra,506,16-17,48,49,97
1995,4,Districte IV,8,les Planes,437,75 i +,19,7,26
2009,1,Districte I,1,Centre,104,18-24,17,21,38
2003,4,Districte IV,7,la Florida,412,75 i +,72,46,118
2012,2,Districte II,5,Collblanc,225,12-15,4,12,16
1997,4,Districte IV,8,les Planes,440,35-49,93,80,173
2009,5,Districte V,10,Pubilla Cases,510,16-17,5,10,15
2010,6,Districte VI,11,el Gornal,616,35-49,345,359,704
2015,5,Districte V,10,Pubilla Cases,510,35-49,111,131,242
1996,4,Districte IV,8,les Planes,429,18-24,39,49,88
2011,1,Districte I,3,Sant Josep,140,50-64,87,76,163
2006,5,Districte V,9,Can Serra,501,00-02,8,16,24
1997,5,Districte V,10,Pubilla Cases,525,12-15,15,18,33
2001,5,Districte V,10,Pubilla Cases,523,16-17,9,11,20
2004,1,Districte I,1,Centre,107,25-34,165,216,381
2013,1,Districte I,1,Centre,130,18-24,24,37,61
1994,4,Districte IV,7,la Florida,412,03-11,75,73,148
1995,4,Districte IV,7,la Florida,406,35-49,150,157,307
1995,4,Districte IV,7,la Florida,425,12-15,22,13,35
2000,5,Districte V,9,Can Serra,505,25-34,139,161,300
2014,5,Districte V,10,Pubilla Cases,510,18-24,33,30,63
1998,6,Districte VI,12,Bellvitge,614,03-11,25,46,71
2014,2,Districte II,4,la Torrassa,243,00-02,18,20,38
1995,5,Districte V,10,Pubilla Cases,518,00-02,14,9,23
2005,2,Districte II,5,Collblanc,216,50-64,146,117,263
1995,2,Districte II,4,la Torrassa,247,75 i +,63,30,93
2007,5,Districte V,10,Pubilla Cases,510,16-17,7,6,13
1998,5,Districte V,10,Pubilla Cases,536,12-15,7,13,20
2007,2,Districte II,4,la Torrassa,228,65-74,46,38,84
2012,3,Districte III,6,Santa Eulàlia,317,25-34,100,111,211
2004,2,Districte II,5,Collblanc,205,18-24,54,45,99
1996,1,Districte I,1,Centre,107,25-34,134,158,292
2015,1,Districte I,3,Sant Josep,122,65-74,56,35,91
1995,2,Districte II,5,Collblanc,201,03-11,15,20,35
2003,4,Districte IV,8,les Planes,401,00-02,19,8,27
2015,1,Districte I,1,Centre,105,12-15,12,23,35
2007,2,Districte II,5,Collblanc,206,00-02,9,12,21
2010,6,Districte VI,12,Bellvitge,621,50-64,183,165,348
2007,6,Districte VI,12,Bellvitge,625,18-24,63,81,144
2013,2,Districte II,4,la Torrassa,231,75 i +,84,48,132
2015,6,Districte VI,11,el Gornal,608,35-49,139,176,315
2007,6,Districte VI,11,el Gornal,629,75 i +,33,15,48
1996,4,Districte IV,7,la Florida,410,35-49,166,160,326
2006,2,Districte II,4,la Torrassa,228,16-17,12,5,17
2011,5,Districte V,10,Pubilla Cases,519,65-74,29,18,47
2009,1,Districte I,3,Sant Josep,139,03-11,33,45,78
2014,4,Districte IV,7,la Florida,411,35-49,81,94,175
2004,5,Districte V,10,Pubilla Cases,511,75 i +,48,34,82
1998,3,Districte III,6,Santa Eulàlia,314,50-64,145,164,309
1994,2,Districte II,5,Collblanc,223,65-74,60,48,108
2010,2,Districte II,5,Collblanc,219,65-74,60,47,107
2002,6,Districte VI,12,Bellvitge,621,16-17,5,20,25
1995,3,Districte III,6,Santa Eulàlia,324,00-02,8,8,16
2003,6,Districte VI,11,el Gornal,629,65-74,40,40,80
1994,5,Districte V,10,Pubilla Cases,533,18-24,64,52,116
2014,3,Districte III,6,Santa Eulàlia,301,12-15,44,48,92
1998,5,Districte V,10,Pubilla Cases,515,65-74,33,26,59
2004,6,Districte VI,11,el Gornal,608,18-24,33,36,69
2008,2,Districte II,5,Collblanc,214,03-11,42,33,75
2002,3,Districte III,6,Santa Eulàlia,304,16-17,6,7,13
2014,2,Districte II,4,la Torrassa,247,18-24,49,62,111
2000,2,Districte II,4,la Torrassa,238,03-11,16,18,34
2005,1,Districte I,3,Sant Josep,121,12-15,14,18,32
2000,5,Districte V,9,Can Serra,521,16-17,11,10,21
2009,4,Districte IV,7,la Florida,422,65-74,50,41,91
2010,2,Districte II,5,Collblanc,208,03-11,50,56,106
2005,2,Districte II,4,la Torrassa,247,25-34,139,156,295
2000,3,Districte III,6,Santa Eulàlia,311,25-34,126,144,270
1995,4,Districte IV,7,la Florida,406,18-24,83,88,171
2001,2,Districte II,4,la Torrassa,243,03-11,46,54,100
1998,2,Districte II,5,Collblanc,203,50-64,66,69,135
2012,4,Districte IV,8,les Planes,419,16-17,11,15,26
2002,3,Districte III,6,Santa Eulàlia,323,75 i +,46,24,70
1996,5,Districte V,10,Pubilla Cases,534,35-49,84,78,162
2009,5,Districte V,10,Pubilla Cases,518,03-11,56,43,99
2016,1,Districte I,3,Sant Josep,114,35-49,179,189,368
1994,1,Districte I,2,Sanfeliu,129,16-17,21,22,43
2004,1,Districte I,1,Centre,101,18-24,65,63,128
1998,2,Districte II,5,Collblanc,223,25-34,93,93,186
1998,3,Districte III,6,Santa Eulàlia,309,16-17,9,10,19
2009,4,Districte IV,7,la Florida,410,03-11,59,84,143
2002,1,Districte I,1,Centre,109,12-15,19,16,35
2002,1,Districte I,3,Sant Josep,136,50-64,103,111,214
2001,3,Districte III,6,Santa Eulàlia,325,18-24,98,77,175
1995,2,Districte II,5,Collblanc,206,12-15,21,14,35
2005,6,Districte VI,12,Bellvitge,610,18-24,43,51,94
2008,4,Districte IV,7,la Florida,431,25-34,179,196,375
1996,6,Districte VI,12,Bellvitge,613,35-49,111,76,187
1994,2,Districte II,5,Collblanc,244,12-15,11,8,19
2000,6,Districte VI,11,el Gornal,626,12-15,15,18,33
2012,6,Districte VI,12,Bellvitge,609,50-64,72,41,113
1998,1,Districte I,3,Sant Josep,117,03-11,73,70,143
1996,2,Districte II,5,Collblanc,213,65-74,55,50,105
2005,4,Districte IV,7,la Florida,428,16-17,11,5,16
2003,1,Districte I,3,Sant Josep,138,00-02,4,7,11
2009,5,Districte V,10,Pubilla Cases,526,65-74,29,31,60
2000,1,Districte I,3,Sant Josep,127,00-02,15,10,25
2014,5,Districte V,10,Pubilla Cases,518,03-11,41,44,85
2016,5,Districte V,9,Can Serra,535,25-34,50,46,96
2010,4,Districte IV,7,la Florida,432,25-34,98,112,210
2012,4,Districte IV,7,la Florida,432,35-49,116,140,256
1997,5,Districte V,9,Can Serra,504,00-02,5,10,15
2003,6,Districte VI,12,Bellvitge,603,16-17,4,3,7
2008,2,Districte II,5,Collblanc,221,16-17,10,15,25
2000,4,Districte IV,8,les Planes,420,12-15,13,20,33
1997,1,Districte I,3,Sant Josep,121,12-15,12,7,19
2002,4,Districte IV,7,la Florida,414,12-15,7,15,22
2006,1,Districte I,1,Centre,102,03-11,62,69,131
2004,5,Districte V,10,Pubilla Cases,510,18-24,45,49,94
2002,5,Districte V,10,Pubilla Cases,520,03-11,22,26,48
2011,1,Districte I,3,Sant Josep,115,25-34,103,103,206
2012,5,Districte V,9,Can Serra,504,35-49,110,125,235
1999,2,Districte II,5,Collblanc,224,16-17,4,10,14
2005,3,Districte III,6,Santa Eulàlia,304,50-64,110,94,204
1994,6,Districte VI,11,el Gornal,622,35-49,124,118,242
2006,4,Districte IV,7,la Florida,427,18-24,38,43,81
2003,1,Districte I,2,Sanfeliu,132,03-11,72,86,158
1998,5,Districte V,10,Pubilla Cases,532,03-11,38,31,69
2006,1,Districte I,3,Sant Josep,139,03-11,30,47,77
2011,4,Districte IV,8,les Planes,436,35-49,125,153,278
2012,4,Districte IV,8,les Planes,429,75 i +,55,28,83
1999,3,Districte III,6,Santa Eulàlia,312,16-17,9,16,25
2004,1,Districte I,1,Centre,112,65-74,60,56,116
2008,6,Districte VI,12,Bellvitge,620,35-49,60,57,117
2011,1,Districte I,2,Sanfeliu,118,65-74,70,80,150
2004,1,Districte I,1,Centre,112,16-17,14,15,29
2008,6,Districte VI,12,Bellvitge,613,75 i +,62,36,98
2008,4,Districte IV,7,la Florida,432,00-02,16,19,35
2013,5,Districte V,9,Can Serra,521,18-24,24,19,43
2013,1,Districte I,1,Centre,110,00-02,16,9,25
2001,2,Districte II,4,la Torrassa,241,35-49,73,68,141
2015,5,Districte V,10,Pubilla Cases,526,65-74,66,47,113
2004,4,Districte IV,7,la Florida,409,18-24,26,34,60
1999,2,Districte II,5,Collblanc,227,75 i +,45,24,69
1996,4,Districte IV,8,les Planes,439,03-11,35,32,67
2000,4,Districte IV,7,la Florida,413,50-64,45,47,92
2003,5,Districte V,10,Pubilla Cases,517,00-02,13,23,36
2012,1,Districte I,3,Sant Josep,138,03-11,23,28,51
1999,3,Districte III,6,Santa Eulàlia,305,12-15,47,41,88
2007,1,Districte I,1,Centre,107,35-49,183,198,381
2007,6,Districte VI,12,Bellvitge,615,35-49,71,83,154
2012,2,Districte II,5,Collblanc,222,12-15,10,13,23
2014,5,Districte V,10,Pubilla Cases,526,00-02,30,40,70
2012,6,Districte VI,12,Bellvitge,624,50-64,103,60,163
1994,4,Districte IV,7,la Florida,430,18-24,53,57,110
1999,5,Districte V,9,Can Serra,501,50-64,140,172,312
2000,2,Districte II,4,la Torrassa,218,16-17,0,6,6
2000,6,Districte VI,12,Bellvitge,601,65-74,56,68,124
1996,4,Districte IV,7,la Florida,413,35-49,53,48,101
1994,2,Districte II,5,Collblanc,222,12-15,22,25,47
2010,2,Districte II,5,Collblanc,215,65-74,43,22,65
1996,1,Districte I,1,Centre,108,16-17,15,15,30
2012,6,Districte VI,11,el Gornal,629,00-02,8,6,14
2014,1,Districte I,1,Centre,133,03-11,29,30,59
1996,2,Districte II,5,Collblanc,207,03-11,19,18,37
2008,2,Districte II,5,Collblanc,213,16-17,6,11,17
1994,2,Districte II,5,Collblanc,227,00-02,3,7,10
2007,4,Districte IV,8,les Planes,418,16-17,10,13,23
2000,2,Districte II,5,Collblanc,202,75 i +,31,24,55
2000,4,Districte IV,7,la Florida,427,00-02,8,12,20
2008,3,Districte III,6,Santa Eulàlia,316,12-15,37,44,81
2013,5,Districte V,10,Pubilla Cases,510,16-17,9,7,16
2001,5,Districte V,10,Pubilla Cases,531,18-24,36,45,81
2001,5,Districte V,10,Pubilla Cases,526,35-49,61,71,132
2011,2,Districte II,5,Collblanc,220,18-24,35,36,71
2011,2,Districte II,4,la Torrassa,230,25-34,110,107,217
1999,1,Districte I,3,Sant Josep,119,35-49,155,135,290
2015,2,Districte II,5,Collblanc,216,75 i +,80,62,142
2003,1,Districte I,1,Centre,110,35-49,112,97,209
2016,3,Districte III,6,Santa Eulàlia,303,12-15,16,17,33
2016,5,Districte V,10,Pubilla Cases,518,00-02,14,13,27
1997,3,Districte III,6,Santa Eulàlia,316,03-11,129,136,265
1996,4,Districte IV,7,la Florida,412,25-34,109,129,238
1996,6,Districte VI,12,Bellvitge,625,00-02,7,12,19
2002,3,Districte III,6,Santa Eulàlia,320,75 i +,31,11,42
2007,2,Districte II,4,la Torrassa,242,25-34,97,112,209
1996,5,Districte V,10,Pubilla Cases,528,25-34,98,111,209
2004,3,Districte III,6,Santa Eulàlia,302,16-17,11,7,18
2003,2,Districte II,4,la Torrassa,242,75 i +,67,58,125
2015,5,Districte V,10,Pubilla Cases,518,18-24,33,48,81
1995,6,Districte VI,11,el Gornal,617,50-64,135,124,259
2015,2,Districte II,5,Collblanc,223,03-11,54,58,112
1995,2,Districte II,5,Collblanc,244,75 i +,38,22,60
2013,1,Districte I,3,Sant Josep,137,12-15,30,30,60
2003,2,Districte II,5,Collblanc,210,18-24,40,30,70
1994,4,Districte IV,7,la Florida,416,65-74,50,36,86
2013,4,Districte IV,7,la Florida,427,75 i +,98,56,154
2000,5,Districte V,10,Pubilla Cases,510,25-34,107,106,213
2006,6,Districte VI,12,Bellvitge,612,35-49,91,114,205
2015,2,Districte II,4,la Torrassa,246,25-34,89,86,175
2002,6,Districte VI,11,el Gornal,622,50-64,84,80,164
2010,1,Districte I,3,Sant Josep,137,18-24,54,50,104
2002,4,Districte IV,8,les Planes,442,25-34,49,60,109
2014,2,Districte II,4,la Torrassa,211,65-74,44,38,82
2014,4,Districte IV,8,les Planes,433,25-34,137,121,258
1997,1,Districte I,3,Sant Josep,119,50-64,142,157,299
2016,2,Districte II,5,Collblanc,221,25-34,125,161,286
1999,5,Districte V,9,Can Serra,521,12-15,23,19,42
1995,1,Districte I,3,Sant Josep,138,12-15,22,28,50
2013,3,Districte III,6,Santa Eulàlia,301,00-02,38,47,85
2016,3,Districte III,13,Granvia Sud,320,35-49,189,185,374
2001,4,Districte IV,7,la Florida,431,03-11,37,40,77
1995,1,Districte I,3,Sant Josep,114,35-49,202,182,384
2001,1,Districte I,1,Centre,103,18-24,48,33,81
1996,6,Districte VI,12,Bellvitge,603,12-15,12,13,25
1995,2,Districte II,4,la Torrassa,249,50-64,119,107,226
2007,1,Districte I,1,Centre,102,35-49,163,189,352
2003,1,Districte I,1,Centre,107,16-17,16,19,35
2015,3,Districte III,6,Santa Eulàlia,324,75 i +,43,30,73
2008,1,Districte I,3,Sant Josep,122,12-15,12,9,21
1995,6,Districte VI,12,Bellvitge,630,50-64,81,87,168
2006,2,Districte II,5,Collblanc,207,12-15,9,10,19
1994,4,Districte IV,7,la Florida,409,16-17,9,11,20
2010,1,Districte I,1,Centre,103,35-49,97,99,196
2016,3,Districte III,6,Santa Eulàlia,313,25-34,106,113,219
2015,6,Districte VI,11,el Gornal,622,03-11,28,36,64
2004,2,Districte II,5,Collblanc,210,25-34,72,78,150
1997,2,Districte II,5,Collblanc,207,16-17,11,7,18
1997,6,Districte VI,12,Bellvitge,623,16-17,28,39,67
2013,4,Districte IV,7,la Florida,421,75 i +,91,71,162
1995,5,Districte V,9,Can Serra,535,75 i +,29,18,47
1997,6,Districte VI,11,el Gornal,617,03-11,43,49,92
2016,5,Districte V,10,Pubilla Cases,537,50-64,120,106,226
2011,2,Districte II,5,Collblanc,206,00-02,15,19,34
2001,3,Districte III,6,Santa Eulàlia,317,75 i +,45,29,74
2002,2,Districte II,4,la Torrassa,248,75 i +,73,37,110
2009,1,Districte I,2,Sanfeliu,129,65-74,63,69,132
1998,6,Districte VI,11,el Gornal,622,16-17,16,21,37
1994,5,Districte V,10,Pubilla Cases,516,35-49,43,53,96
2015,6,Districte VI,12,Bellvitge,615,16-17,6,3,9
2015,2,Districte II,5,Collblanc,226,00-02,23,27,50
2011,2,Districte II,4,la Torrassa,239,00-02,11,18,29
2008,3,Districte III,6,Santa Eulàlia,308,65-74,93,90,183
2004,2,Districte II,5,Collblanc,222,75 i +,41,18,59
2001,6,Districte VI,12,Bellvitge,602,12-15,10,8,18
2005,2,Districte II,4,la Torrassa,233,65-74,54,48,102
2000,6,Districte VI,12,Bellvitge,627,16-17,24,17,41
2002,4,Districte IV,7,la Florida,410,50-64,193,171,364
2003,5,Districte V,10,Pubilla Cases,517,12-15,17,22,39
2015,2,Districte II,4,la Torrassa,238,00-02,15,16,31
2005,4,Districte IV,8,les Planes,433,03-11,51,54,105
2014,4,Districte IV,7,la Florida,409,50-64,154,144,298
1997,2,Districte II,4,la Torrassa,242,35-49,81,89,170
2006,4,Districte IV,7,la Florida,402,12-15,13,8,21
1995,6,Districte VI,11,el Gornal,629,16-17,9,12,21
1999,1,Districte I,3,Sant Josep,122,03-11,33,18,51
2009,1,Districte I,3,Sant Josep,117,35-49,210,207,417
1998,6,Districte VI,12,Bellvitge,627,25-34,73,85,158
2001,5,Districte V,9,Can Serra,535,65-74,38,41,79
2009,3,Districte III,6,Santa Eulàlia,312,12-15,24,26,50
2003,2,Districte II,4,la Torrassa,232,50-64,96,79,175
2004,3,Districte III,6,Santa Eulàlia,313,03-11,61,62,123
2008,6,Districte VI,12,Bellvitge,627,25-34,86,80,166
2005,1,Districte I,3,Sant Josep,137,00-02,30,21,51
1999,1,Districte I,3,Sant Josep,114,12-15,28,30,58
1999,3,Districte III,6,Santa Eulàlia,309,03-11,26,37,63
1998,3,Districte III,6,Santa Eulàlia,301,35-49,150,177,327
2001,3,Districte III,6,Santa Eulàlia,312,16-17,13,12,25
2016,5,Districte V,10,Pubilla Cases,514,25-34,90,85,175
1994,6,Districte VI,11,el Gornal,626,75 i +,20,12,32
1996,3,Districte III,6,Santa Eulàlia,315,00-02,19,11,30
2002,3,Districte III,6,Santa Eulàlia,322,75 i +,45,29,74
2011,4,Districte IV,7,la Florida,415,18-24,34,33,67
2002,1,Districte I,1,Centre,102,00-02,21,15,36
2000,4,Districte IV,7,la Florida,430,75 i +,58,29,87
2002,1,Districte I,3,Sant Josep,121,16-17,5,3,8
2002,5,Districte V,10,Pubilla Cases,531,16-17,5,9,14
2012,2,Districte II,4,la Torrassa,228,35-49,106,121,227
1997,6,Districte VI,12,Bellvitge,618,65-74,27,23,50
1997,5,Districte V,10,Pubilla Cases,524,03-11,39,49,88
1997,1,Districte I,1,Centre,111,75 i +,34,23,57
1999,2,Districte II,5,Collblanc,207,12-15,7,8,15
1994,4,Districte IV,8,les Planes,401,12-15,28,28,56
2011,6,Districte VI,12,Bellvitge,605,03-11,26,26,52
1998,4,Districte IV,7,la Florida,422,00-02,9,11,20
1999,3,Districte III,6,Santa Eulàlia,320,03-11,15,21,36
2001,5,Districte V,9,Can Serra,505,65-74,63,47,110
2006,5,Districte V,10,Pubilla Cases,524,75 i +,64,31,95
1998,1,Districte I,3,Sant Josep,125,65-74,53,40,93
1997,5,Districte V,10,Pubilla Cases,515,03-11,24,27,51
2013,1,Districte I,1,Centre,105,12-15,10,21,31
2010,6,Districte VI,12,Bellvitge,610,18-24,32,39,71
1997,5,Districte V,10,Pubilla Cases,524,00-02,16,14,30
2003,1,Districte I,1,Centre,135,50-64,154,157,311
2010,2,Districte II,5,Collblanc,223,50-64,92,98,190
2006,1,Districte I,3,Sant Josep,138,35-49,85,79,164
2012,3,Districte III,6,Santa Eulàlia,311,35-49,175,211,386
2013,1,Districte I,1,Centre,112,12-15,24,24,48
2002,5,Districte V,9,Can Serra,501,03-11,38,37,75
1995,6,Districte VI,12,Bellvitge,603,16-17,13,11,24
2005,2,Districte II,5,Collblanc,207,00-02,10,8,18
2005,1,Districte I,3,Sant Josep,125,12-15,28,21,49
2000,6,Districte VI,12,Bellvitge,607,75 i +,36,20,56
2009,5,Districte V,10,Pubilla Cases,532,00-02,22,24,46
1997,1,Districte I,3,Sant Josep,140,50-64,125,116,241
2011,3,Districte III,6,Santa Eulàlia,307,75 i +,82,62,144
2016,2,Districte II,5,Collblanc,201,12-15,23,32,55
2016,5,Districte V,10,Pubilla Cases,530,50-64,147,139,286
2003,5,Districte V,10,Pubilla Cases,531,65-74,49,50,99
2013,3,Districte III,6,Santa Eulàlia,320,25-34,96,104,200
1999,2,Districte II,5,Collblanc,205,35-49,94,93,187
2016,3,Districte III,6,Santa Eulàlia,301,12-15,62,52,114
1998,2,Districte II,5,Collblanc,203,03-11,13,20,33
2016,6,Districte VI,12,Bellvitge,618,25-34,41,49,90
1996,5,Districte V,10,Pubilla Cases,524,50-64,139,123,262
2013,3,Districte III,6,Santa Eulàlia,327,75 i +,28,14,42
1996,4,Districte IV,8,les Planes,419,00-02,10,9,19
1999,3,Districte III,6,Santa Eulàlia,317,16-17,8,9,17
2015,3,Districte III,6,Santa Eulàlia,308,75 i +,101,84,185
2006,4,Districte IV,8,les Planes,401,75 i +,86,43,129
2011,2,Districte II,4,la Torrassa,235,12-15,29,34,63
2015,5,Districte V,10,Pubilla Cases,508,16-17,11,15,26
2001,2,Districte II,4,la Torrassa,231,65-74,82,64,146
2007,6,Districte VI,11,el Gornal,626,12-15,8,12,20
2015,1,Districte I,3,Sant Josep,122,75 i +,66,53,119
2009,5,Districte V,10,Pubilla Cases,508,00-02,9,10,19
2001,1,Districte I,1,Centre,109,18-24,58,56,114
2011,5,Districte V,10,Pubilla Cases,528,75 i +,67,45,112
2014,3,Districte III,6,Santa Eulàlia,308,65-74,113,101,214
2008,1,Districte I,3,Sant Josep,106,50-64,261,238,499
2000,5,Districte V,10,Pubilla Cases,529,12-15,14,16,30
1995,5,Districte V,10,Pubilla Cases,510,50-64,125,121,246
2012,1,Districte I,3,Sant Josep,106,75 i +,74,31,105
2008,4,Districte IV,8,les Planes,437,25-34,84,122,206
2011,4,Districte IV,7,la Florida,414,16-17,9,9,18
2012,1,Districte I,3,Sant Josep,115,50-64,131,116,247
2010,2,Districte II,4,la Torrassa,232,65-74,57,51,108
2015,2,Districte II,4,la Torrassa,243,00-02,15,17,32
1998,4,Districte IV,8,les Planes,401,75 i +,35,16,51
2010,4,Districte IV,7,la Florida,412,03-11,68,44,112
1996,2,Districte II,5,Collblanc,212,65-74,79,60,139
1997,6,Districte VI,12,Bellvitge,602,35-49,35,34,69
2016,2,Districte II,4,la Torrassa,232,75 i +,73,48,121
1998,1,Districte I,3,Sant Josep,126,50-64,155,163,318
1997,1,Districte I,3,Sant Josep,139,25-34,86,69,155
2013,2,Districte II,4,la Torrassa,242,35-49,112,134,246
2002,6,Districte VI,11,el Gornal,626,50-64,116,104,220
1998,3,Districte III,6,Santa Eulàlia,316,00-02,12,22,34
1996,4,Districte IV,7,la Florida,417,25-34,53,47,100
2015,6,Districte VI,12,Bellvitge,621,18-24,57,40,97
1995,4,Districte IV,7,la Florida,422,35-49,83,109,192
2005,2,Districte II,5,Collblanc,207,16-17,6,7,13
2003,2,Districte II,4,la Torrassa,230,00-02,15,13,28
2007,3,Districte III,6,Santa Eulàlia,320,50-64,101,101,202
2013,5,Districte V,9,Can Serra,506,50-64,207,154,361
2002,4,Districte IV,8,les Planes,433,00-02,16,23,39
2004,3,Districte III,6,Santa Eulàlia,319,18-24,72,79,151
2012,4,Districte IV,8,les Planes,420,12-15,25,34,59
2012,6,Districte VI,12,Bellvitge,615,35-49,87,106,193
2008,2,Districte II,5,Collblanc,204,25-34,57,74,131
2014,4,Districte IV,8,les Planes,440,03-11,34,40,74
2016,1,Districte I,1,Centre,109,18-24,29,38,67
2006,2,Districte II,5,Collblanc,201,12-15,9,11,20
2013,3,Districte III,6,Santa Eulàlia,319,12-15,30,36,66
2016,3,Districte III,6,Santa Eulàlia,311,50-64,121,114,235
1994,1,Districte I,2,Sanfeliu,129,00-02,19,5,24
2006,5,Districte V,9,Can Serra,503,50-64,120,108,228
2012,5,Districte V,10,Pubilla Cases,534,65-74,49,46,95
1999,4,Districte IV,7,la Florida,402,00-02,4,5,9
1996,4,Districte IV,8,les Planes,438,35-49,66,65,131
1994,2,Districte II,5,Collblanc,210,12-15,21,9,30
2000,4,Districte IV,8,les Planes,442,75 i +,30,20,50
1994,2,Districte II,5,Collblanc,205,12-15,23,22,45
2008,5,Districte V,10,Pubilla Cases,531,35-49,105,129,234
1999,5,Districte V,10,Pubilla Cases,532,75 i +,69,39,108
2004,2,Districte II,5,Collblanc,202,65-74,42,38,80
2013,3,Districte III,6,Santa Eulàlia,303,12-15,20,19,39
2005,6,Districte VI,12,Bellvitge,605,75 i +,33,24,57
1998,5,Districte V,10,Pubilla Cases,525,65-74,52,41,93
2003,1,Districte I,1,Centre,113,50-64,141,161,302
2006,5,Districte V,10,Pubilla Cases,515,12-15,17,16,33
2010,6,Districte VI,11,el Gornal,617,65-74,65,40,105
2003,1,Districte I,1,Centre,103,25-34,71,65,136
2015,1,Districte I,3,Sant Josep,121,50-64,62,79,141
1996,1,Districte I,1,Centre,105,18-24,80,73,153
2012,1,Districte I,3,Sant Josep,122,35-49,120,112,232
2013,1,Districte I,3,Sant Josep,126,16-17,11,9,20
2002,2,Districte II,5,Collblanc,215,25-34,79,83,162
1996,4,Districte IV,7,la Florida,409,50-64,84,83,167
1996,4,Districte IV,7,la Florida,421,18-24,71,71,142
2014,2,Districte II,4,la Torrassa,239,25-34,84,79,163
2014,5,Districte V,10,Pubilla Cases,524,03-11,58,59,117
1995,4,Districte IV,7,la Florida,427,25-34,74,76,150
2013,4,Districte IV,7,la Florida,405,16-17,19,19,38
2004,2,Districte II,5,Collblanc,202,35-49,79,81,160
2002,1,Districte I,1,Centre,123,25-34,120,107,227
2015,4,Districte IV,7,la Florida,414,18-24,59,81,140
2016,6,Districte VI,12,Bellvitge,607,12-15,18,8,26
2013,4,Districte IV,7,la Florida,411,25-34,70,57,127
2014,4,Districte IV,8,les Planes,437,75 i +,103,72,175
2005,3,Districte III,6,Santa Eulàlia,302,35-49,134,150,284
1999,5,Districte V,9,Can Serra,502,00-02,13,13,26
2009,2,Districte II,5,Collblanc,215,75 i +,65,30,95
2000,4,Districte IV,8,les Planes,441,35-49,249,245,494
2013,2,Districte II,4,la Torrassa,232,18-24,39,34,73
2001,1,Districte I,1,Centre,111,35-49,105,87,192
1996,1,Districte I,3,Sant Josep,117,03-11,91,88,179
2011,2,Districte II,4,la Torrassa,230,00-02,14,18,32
2011,6,Districte VI,12,Bellvitge,615,65-74,86,89,175
2002,6,Districte VI,11,el Gornal,622,16-17,6,15,21
1994,3,Districte III,6,Santa Eulàlia,319,35-49,113,107,220
2003,1,Districte I,3,Sant Josep,121,25-34,82,68,150
1995,2,Districte II,4,la Torrassa,232,25-34,73,84,157
2003,2,Districte II,5,Collblanc,225,00-02,2,4,6
2008,6,Districte VI,12,Bellvitge,631,50-64,143,102,245
2000,2,Districte II,4,la Torrassa,243,00-02,20,21,41
1998,3,Districte III,6,Santa Eulàlia,313,12-15,55,40,95
2003,5,Districte V,10,Pubilla Cases,510,50-64,112,92,204
1999,1,Districte I,1,Centre,104,35-49,72,62,134
2014,3,Districte III,6,Santa Eulàlia,322,75 i +,73,44,117
2006,3,Districte III,6,Santa Eulàlia,318,35-49,119,99,218
2014,2,Districte II,4,la Torrassa,231,25-34,127,110,237
2002,4,Districte IV,7,la Florida,427,12-15,9,17,26
2003,6,Districte VI,12,Bellvitge,613,25-34,131,156,287
2003,6,Districte VI,12,Bellvitge,625,65-74,47,51,98
2002,5,Districte V,10,Pubilla Cases,508,18-24,38,28,66
2011,2,Districte II,4,la Torrassa,242,35-49,122,143,265
2001,1,Districte I,2,Sanfeliu,132,75 i +,62,31,93
2004,3,Districte III,6,Santa Eulàlia,316,16-17,40,33,73
2000,5,Districte V,10,Pubilla Cases,511,25-34,56,66,122
2014,6,Districte VI,12,Bellvitge,630,25-34,43,47,90
1999,4,Districte IV,8,les Planes,435,16-17,4,12,16
2003,2,Districte II,5,Collblanc,227,18-24,27,23,50
2002,5,Districte V,10,Pubilla Cases,523,65-74,91,94,185
2010,6,Districte VI,11,el Gornal,632,65-74,64,48,112
2011,6,Districte VI,12,Bellvitge,614,03-11,46,36,82
2003,5,Districte V,10,Pubilla Cases,515,50-64,49,44,93
1996,1,Districte I,3,Sant Josep,115,65-74,76,49,125
2004,1,Districte I,1,Centre,124,12-15,14,23,37
2004,1,Districte I,3,Sant Josep,140,75 i +,51,34,85
1994,4,Districte IV,7,la Florida,415,18-24,36,40,76
2015,2,Districte II,4,la Torrassa,217,50-64,125,124,249
2013,5,Districte V,10,Pubilla Cases,511,03-11,88,93,181
2014,3,Districte III,6,Santa Eulàlia,304,12-15,68,41,109
2005,4,Districte IV,7,la Florida,402,16-17,6,6,12
1994,6,Districte VI,12,Bellvitge,604,00-02,5,11,16
2002,4,Districte IV,7,la Florida,403,18-24,64,60,124
2014,3,Districte III,13,Granvia Sud,320,18-24,44,43,87
2010,1,Districte I,3,Sant Josep,138,03-11,27,27,54
1999,6,Districte VI,12,Bellvitge,607,03-11,32,29,61
2013,1,Districte I,3,Sant Josep,136,35-49,168,168,336
2009,4,Districte IV,8,les Planes,436,03-11,45,53,98
2012,1,Districte I,3,Sant Josep,138,50-64,97,93,190
2013,4,Districte IV,7,la Florida,404,18-24,48,61,109
2003,4,Districte IV,7,la Florida,417,75 i +,34,19,53
2000,1,Districte I,1,Centre,109,50-64,89,95,184
2010,5,Districte V,10,Pubilla Cases,532,16-17,16,9,25
2016,6,Districte VI,12,Bellvitge,606,50-64,87,93,180
2013,2,Districte II,4,la Torrassa,228,35-49,298,345,643
2008,5,Districte V,10,Pubilla Cases,513,35-49,95,93,188
1997,4,Districte IV,7,la Florida,403,03-11,35,35,70
2005,5,Districte V,10,Pubilla Cases,517,25-34,118,146,264
1994,1,Districte I,3,Sant Josep,117,25-34,120,126,246
2014,1,Districte I,3,Sant Josep,137,25-34,107,84,191
2010,3,Districte III,6,Santa Eulàlia,322,50-64,103,100,203
2007,3,Districte III,6,Santa Eulàlia,313,35-49,221,212,433
2014,2,Districte II,5,Collblanc,207,35-49,256,227,483
2016,1,Districte I,3,Sant Josep,126,03-11,39,37,76
2011,1,Districte I,1,Centre,109,12-15,22,19,41
2016,2,Districte II,4,la Torrassa,247,75 i +,78,42,120
1999,1,Districte I,3,Sant Josep,125,65-74,51,47,98
1994,4,Districte IV,7,la Florida,409,18-24,50,59,109
2000,1,Districte I,1,Centre,102,25-34,143,166,309
2014,5,Districte V,9,Can Serra,501,18-24,31,35,66
2010,3,Districte III,6,Santa Eulàlia,325,35-49,202,171,373
2016,4,Districte IV,7,la Florida,405,65-74,79,59,138
2009,3,Districte III,6,Santa Eulàlia,313,25-34,176,165,341
2005,1,Districte I,1,Centre,128,16-17,5,8,13
2012,2,Districte II,4,la Torrassa,243,16-17,10,15,25
1999,2,Districte II,5,Collblanc,220,16-17,10,10,20
2011,6,Districte VI,12,Bellvitge,618,35-49,77,76,153
2012,6,Districte VI,12,Bellvitge,615,18-24,18,25,43
1997,2,Districte II,5,Collblanc,216,03-11,26,38,64
2002,3,Districte III,6,Santa Eulàlia,309,25-34,70,85,155
2006,6,Districte VI,12,Bellvitge,624,35-49,85,122,207
2007,4,Districte IV,8,les Planes,438,65-74,63,54,117
1995,6,Districte VI,12,Bellvitge,612,16-17,18,29,47
2002,2,Districte II,4,la Torrassa,240,25-34,66,72,138
2014,3,Districte III,6,Santa Eulàlia,309,35-49,151,161,312
1999,4,Districte IV,8,les Planes,419,12-15,12,9,21
1999,4,Districte IV,8,les Planes,440,00-02,6,7,13
2000,3,Districte III,6,Santa Eulàlia,324,00-02,16,12,28
2001,4,Districte IV,8,les Planes,429,25-34,34,40,74
2010,3,Districte III,6,Santa Eulàlia,318,35-49,102,88,190
2013,3,Districte III,6,Santa Eulàlia,319,75 i +,44,29,73
2016,5,Districte V,9,Can Serra,502,12-15,29,31,60
2008,3,Districte III,6,Santa Eulàlia,321,00-02,20,23,43
2008,4,Districte IV,8,les Planes,436,18-24,42,44,86
2014,6,Districte VI,12,Bellvitge,625,03-11,29,44,73
1994,2,Districte II,4,la Torrassa,233,18-24,45,45,90
2009,4,Districte IV,7,la Florida,406,35-49,141,151,292
2016,1,Districte I,1,Centre,104,03-11,39,30,69
2000,4,Districte IV,8,les Planes,441,00-02,13,16,29
2005,3,Districte III,6,Santa Eulàlia,304,18-24,42,61,103
2010,6,Districte VI,12,Bellvitge,618,03-11,37,37,74
1994,2,Districte II,4,la Torrassa,242,00-02,10,4,14
2002,1,Districte I,3,Sant Josep,120,35-49,232,225,457
2006,6,Districte VI,12,Bellvitge,618,03-11,30,35,65
1995,2,Districte II,5,Collblanc,214,18-24,34,41,75
2008,1,Districte I,3,Sant Josep,127,03-11,25,28,53
2007,5,Districte V,10,Pubilla Cases,512,03-11,23,36,59
1996,6,Districte VI,11,el Gornal,608,18-24,75,109,184
2012,5,Districte V,9,Can Serra,535,25-34,56,54,110
2000,1,Districte I,1,Centre,111,18-24,37,56,93
2013,3,Districte III,6,Santa Eulàlia,302,35-49,130,167,297
2010,3,Districte III,6,Santa Eulàlia,310,18-24,28,38,66
2013,1,Districte I,1,Centre,130,16-17,7,16,23
2004,6,Districte VI,12,Bellvitge,618,03-11,20,29,49
2007,3,Districte III,6,Santa Eulàlia,321,16-17,22,28,50
2009,1,Districte I,3,Sant Josep,120,18-24,77,83,160
2012,1,Districte I,1,Centre,134,75 i +,80,34,114
2016,4,Districte IV,8,les Planes,440,75 i +,80,67,147
2002,1,Districte I,1,Centre,124,16-17,11,11,22
2014,6,Districte VI,11,el Gornal,622,35-49,99,99,198
2014,1,Districte I,1,Centre,111,65-74,71,55,126
1999,4,Districte IV,8,les Planes,419,00-02,18,15,33
1996,1,Districte I,1,Centre,105,25-34,74,76,150
2016,1,Districte I,1,Centre,107,12-15,26,37,63
2012,4,Districte IV,8,les Planes,436,50-64,53,58,111
2000,1,Districte I,3,Sant Josep,121,50-64,54,41,95
1997,6,Districte VI,11,el Gornal,608,75 i +,27,11,38
2003,3,Districte III,6,Santa Eulàlia,307,75 i +,80,44,124
2016,2,Districte II,4,la Torrassa,229,00-02,25,34,59
2010,3,Districte III,6,Santa Eulàlia,309,18-24,36,33,69
2005,2,Districte II,4,la Torrassa,228,65-74,41,45,86
1994,1,Districte I,3,Sant Josep,121,12-15,11,10,21
2009,2,Districte II,5,Collblanc,225,16-17,1,1,2
2006,1,Districte I,1,Centre,134,18-24,54,66,120
1995,3,Districte III,6,Santa Eulàlia,321,35-49,316,299,615
2016,5,Districte V,9,Can Serra,535,18-24,38,27,65
2004,4,Districte IV,7,la Florida,403,75 i +,62,37,99
2000,5,Districte V,10,Pubilla Cases,532,25-34,131,126,257
1996,1,Districte I,1,Centre,108,18-24,74,66,140
1995,2,Districte II,5,Collblanc,212,18-24,82,89,171
2000,3,Districte III,6,Santa Eulàlia,302,00-02,12,20,32
1999,4,Districte IV,7,la Florida,406,25-34,92,104,196
1996,3,Districte III,6,Santa Eulàlia,317,50-64,68,72,140
2006,4,Districte IV,8,les Planes,418,65-74,74,63,137
2012,6,Districte VI,11,el Gornal,616,16-17,38,30,68
2008,6,Districte VI,12,Bellvitge,602,65-74,55,68,123
2002,2,Districte II,5,Collblanc,227,25-34,70,69,139
2007,1,Districte I,1,Centre,110,35-49,106,107,213
2013,2,Districte II,5,Collblanc,205,12-15,17,15,32
2006,1,Districte I,3,Sant Josep,115,12-15,13,32,45
2012,2,Districte II,5,Collblanc,210,12-15,13,13,26
2009,6,Districte VI,12,Bellvitge,607,16-17,10,15,25
2009,2,Districte II,5,Collblanc,208,12-15,20,26,46
2007,6,Districte VI,12,Bellvitge,613,00-02,17,25,42
2004,2,Districte II,5,Collblanc,220,12-15,12,18,30
2000,2,Districte II,5,Collblanc,205,50-64,82,74,156
2003,6,Districte VI,12,Bellvitge,618,03-11,19,26,45
2016,1,Districte I,1,Centre,133,03-11,36,39,75
1995,2,Districte II,5,Collblanc,210,75 i +,46,30,76
2007,2,Districte II,5,Collblanc,244,75 i +,58,33,91
1995,1,Districte I,1,Centre,109,03-11,52,50,102
1994,6,Districte VI,12,Bellvitge,627,25-34,66,76,142
2003,3,Districte III,6,Santa Eulàlia,320,25-34,116,125,241
2015,6,Districte VI,12,Bellvitge,619,75 i +,109,92,201
2010,6,Districte VI,12,Bellvitge,620,00-02,5,3,8
2006,1,Districte I,1,Centre,133,75 i +,54,36,90
2009,6,Districte VI,12,Bellvitge,620,65-74,55,52,107
2015,1,Districte I,3,Sant Josep,106,12-15,36,24,60
2013,5,Districte V,10,Pubilla Cases,526,50-64,125,123,248
2010,2,Districte II,4,la Torrassa,245,50-64,82,77,159
2003,3,Districte III,6,Santa Eulàlia,305,18-24,80,75,155
2000,4,Districte IV,7,la Florida,406,65-74,82,80,162
2014,4,Districte IV,7,la Florida,426,00-02,14,16,30
2012,3,Districte III,6,Santa Eulàlia,301,16-17,19,16,35
2001,2,Districte II,4,la Torrassa,211,00-02,10,29,39
1999,3,Districte III,6,Santa Eulàlia,321,12-15,45,55,100
2007,1,Districte I,3,Sant Josep,137,18-24,66,52,118
2015,5,Districte V,9,Can Serra,503,18-24,24,25,49
2011,1,Districte I,2,Sanfeliu,129,16-17,12,9,21
2007,2,Districte II,5,Collblanc,244,65-74,28,20,48
2006,4,Districte IV,7,la Florida,425,50-64,70,70,140
2001,6,Districte VI,12,Bellvitge,615,75 i +,18,12,30
1996,4,Districte IV,7,la Florida,407,75 i +,24,22,46
1994,2,Districte II,5,Collblanc,201,16-17,4,17,21
2004,6,Districte VI,12,Bellvitge,609,65-74,44,40,84
1999,3,Districte III,6,Santa Eulàlia,303,25-34,182,206,388
2002,6,Districte VI,12,Bellvitge,613,75 i +,43,20,63
2014,2,Districte II,4,la Torrassa,246,75 i +,69,46,115
2015,6,Districte VI,12,Bellvitge,630,12-15,15,11,26
2009,6,Districte VI,11,el Gornal,626,75 i +,49,43,92
2012,2,Districte II,4,la Torrassa,243,03-11,67,78,145
2012,2,Districte II,5,Collblanc,210,25-34,47,52,99
2005,6,Districte VI,11,el Gornal,617,65-74,66,55,121
2011,3,Districte III,6,Santa Eulàlia,309,18-24,34,31,65
1997,1,Districte I,3,Sant Josep,114,25-34,149,156,305
2004,1,Districte I,3,Sant Josep,122,25-34,85,97,182
2006,6,Districte VI,12,Bellvitge,623,35-49,121,128,249
2012,2,Districte II,4,la Torrassa,230,50-64,58,48,106
1996,6,Districte VI,12,Bellvitge,631,65-74,35,35,70
2016,4,Districte IV,7,la Florida,403,03-11,53,51,104
1998,3,Districte III,6,Santa Eulàlia,309,18-24,46,51,97
2000,3,Districte III,6,Santa Eulàlia,306,35-49,170,161,331
2014,2,Districte II,4,la Torrassa,217,75 i +,69,47,116
2005,2,Districte II,5,Collblanc,202,00-02,9,6,15
2013,2,Districte II,4,la Torrassa,249,75 i +,78,40,118
1995,5,Districte V,9,Can Serra,501,00-02,8,7,15
1997,1,Districte I,1,Centre,104,50-64,82,75,157
2006,2,Districte II,4,la Torrassa,230,16-17,8,9,17
1996,3,Districte III,6,Santa Eulàlia,313,35-49,242,226,468
2012,4,Districte IV,7,la Florida,413,18-24,31,23,54
2009,6,Districte VI,11,el Gornal,622,03-11,26,38,64
2008,1,Districte I,2,Sanfeliu,129,35-49,130,145,275
2001,1,Districte I,3,Sant Josep,106,16-17,25,28,53
2001,1,Districte I,3,Sant Josep,127,50-64,53,50,103
2005,5,Districte V,10,Pubilla Cases,527,12-15,22,13,35
2003,4,Districte IV,8,les Planes,401,50-64,96,92,188
2004,4,Districte IV,7,la Florida,432,18-24,64,67,131
1996,2,Districte II,4,la Torrassa,238,12-15,13,12,25
1994,3,Districte III,6,Santa Eulàlia,324,50-64,66,71,137
2000,5,Districte V,10,Pubilla Cases,520,50-64,88,92,180
2006,6,Districte VI,11,el Gornal,632,16-17,8,7,15
1995,6,Districte VI,12,Bellvitge,627,35-49,197,167,364
2005,4,Districte IV,7,la Florida,432,00-02,12,6,18
2016,4,Districte IV,7,la Florida,414,03-11,89,86,175
2005,3,Districte III,6,Santa Eulàlia,304,16-17,12,12,24
2002,1,Districte I,1,Centre,103,35-49,87,72,159
2011,1,Districte I,3,Sant Josep,137,50-64,152,128,280
2010,3,Districte III,6,Santa Eulàlia,315,12-15,24,29,53
2004,4,Districte IV,7,la Florida,403,50-64,134,102,236
2007,5,Districte V,10,Pubilla Cases,526,50-64,61,51,112
2015,2,Districte II,4,la Torrassa,228,65-74,104,61,165
2004,2,Districte II,4,la Torrassa,240,18-24,33,35,68
2001,4,Districte IV,7,la Florida,416,12-15,9,16,25
1995,4,Districte IV,8,les Planes,437,50-64,98,91,189
2012,2,Districte II,4,la Torrassa,249,03-11,43,41,84
2012,6,Districte VI,12,Bellvitge,623,75 i +,63,46,109
2012,1,Districte I,3,Sant Josep,127,75 i +,50,35,85
2011,2,Districte II,5,Collblanc,201,35-49,136,147,283
1999,2,Districte II,5,Collblanc,202,25-34,65,75,140
2006,6,Districte VI,11,el Gornal,616,18-24,125,126,251
2001,2,Districte II,5,Collblanc,206,35-49,84,78,162
2012,2,Districte II,5,Collblanc,205,18-24,37,44,81
2004,1,Districte I,1,Centre,135,65-74,64,56,120
2014,5,Districte V,9,Can Serra,506,35-49,163,176,339
2005,1,Districte I,3,Sant Josep,115,00-02,13,14,27
2007,5,Districte V,9,Can Serra,504,25-34,98,108,206
1998,1,Districte I,1,Centre,109,12-15,23,25,48
1995,2,Districte II,4,la Torrassa,238,75 i +,48,23,71
2002,6,Districte VI,12,Bellvitge,612,25-34,114,136,250
2006,1,Districte I,1,Centre,103,03-11,26,27,53
2016,6,Districte VI,11,el Gornal,617,75 i +,72,42,114
1996,4,Districte IV,7,la Florida,421,35-49,89,76,165
2010,2,Districte II,5,Collblanc,219,03-11,59,46,105
2005,1,Districte I,1,Centre,110,25-34,115,127,242
2012,2,Districte II,4,la Torrassa,231,25-34,123,124,247
2009,1,Districte I,3,Sant Josep,126,50-64,108,83,191
2000,1,Districte I,1,Centre,133,50-64,87,80,167
2016,4,Districte IV,7,la Florida,426,75 i +,47,24,71
2014,2,Districte II,5,Collblanc,224,12-15,17,19,36
2014,6,Districte VI,12,Bellvitge,612,50-64,58,61,119
2005,5,Districte V,10,Pubilla Cases,538,50-64,113,76,189
2000,4,Districte IV,8,les Planes,437,65-74,51,50,101
2007,3,Districte III,6,Santa Eulàlia,303,65-74,132,125,257
2005,1,Districte I,3,Sant Josep,114,00-02,18,24,42
2008,4,Districte IV,8,les Planes,434,65-74,31,13,44
1997,1,Districte I,1,Centre,111,25-34,67,85,152
2001,2,Districte II,4,la Torrassa,230,75 i +,50,25,75
2004,1,Districte I,3,Sant Josep,136,35-49,119,125,244
2005,4,Districte IV,7,la Florida,411,16-17,9,3,12
2005,2,Districte II,4,la Torrassa,237,16-17,12,12,24
1996,5,Districte V,10,Pubilla Cases,526,35-49,63,61,124
1996,2,Districte II,5,Collblanc,201,00-02,6,10,16
1995,1,Districte I,3,Sant Josep,117,00-02,22,23,45
1999,5,Districte V,10,Pubilla Cases,519,12-15,9,8,17
1998,1,Districte I,2,Sanfeliu,118,03-11,78,64,142
2010,3,Districte III,6,Santa Eulàlia,308,50-64,208,200,408
2004,4,Districte IV,8,les Planes,436,16-17,11,12,23
2000,4,Districte IV,7,la Florida,422,16-17,14,7,21
1996,4,Districte IV,8,les Planes,420,18-24,74,73,147
2008,2,Districte II,4,la Torrassa,243,03-11,49,66,115
2011,3,Districte III,6,Santa Eulàlia,304,35-49,300,306,606
1997,2,Districte II,5,Collblanc,223,16-17,9,10,19
1997,1,Districte I,3,Sant Josep,126,35-49,97,76,173
2001,1,Districte I,3,Sant Josep,119,65-74,68,56,124
1995,3,Districte III,6,Santa Eulàlia,305,25-34,87,98,185
1998,1,Districte I,1,Centre,134,00-02,12,13,25
2008,2,Districte II,5,Collblanc,222,03-11,46,32,78
2000,6,Districte VI,12,Bellvitge,607,18-24,44,47,91
2002,2,Districte II,4,la Torrassa,228,50-64,61,51,112
2015,1,Districte I,3,Sant Josep,137,00-02,24,14,38
2005,2,Districte II,5,Collblanc,223,00-02,11,19,30
2009,4,Districte IV,8,les Planes,401,03-11,52,62,114
2009,4,Districte IV,8,les Planes,433,35-49,140,186,326
2012,3,Districte III,6,Santa Eulàlia,323,18-24,107,93,200
2004,6,Districte VI,12,Bellvitge,611,16-17,16,14,30
2010,1,Districte I,3,Sant Josep,140,75 i +,57,41,98
2004,6,Districte VI,11,el Gornal,622,12-15,15,17,32
2011,4,Districte IV,7,la Florida,425,12-15,9,15,24
2003,4,Districte IV,7,la Florida,428,35-49,67,70,137
1996,2,Districte II,5,Collblanc,215,16-17,9,14,23
2009,2,Districte II,5,Collblanc,207,16-17,2,5,7
2009,1,Districte I,2,Sanfeliu,116,18-24,46,53,99
2008,5,Districte V,9,Can Serra,506,25-34,137,139,276
2013,5,Districte V,10,Pubilla Cases,510,65-74,57,49,106
1995,1,Districte I,1,Centre,103,50-64,77,73,150
2002,2,Districte II,4,la Torrassa,233,75 i +,69,21,90
2011,2,Districte II,4,la Torrassa,237,12-15,28,25,53
1999,3,Districte III,6,Santa Eulàlia,324,18-24,29,45,74
2015,5,Districte V,10,Pubilla Cases,526,16-17,21,20,41
2016,3,Districte III,6,Santa Eulàlia,303,35-49,188,214,402
2003,2,Districte II,4,la Torrassa,246,00-02,18,18,36
2015,4,Districte IV,8,les Planes,435,12-15,21,15,36
2010,2,Districte II,5,Collblanc,203,25-34,99,120,219
2010,1,Districte I,1,Centre,130,75 i +,90,65,155
2004,3,Districte III,6,Santa Eulàlia,308,65-74,83,85,168
2009,1,Districte I,1,Centre,123,16-17,11,18,29
2005,3,Districte III,6,Santa Eulàlia,313,18-24,98,85,183
2008,2,Districte II,5,Collblanc,209,25-34,83,88,171
2010,5,Districte V,9,Can Serra,502,03-11,47,81,128
2003,5,Districte V,10,Pubilla Cases,534,16-17,7,9,16
2005,3,Districte III,6,Santa Eulàlia,324,65-74,40,29,69
2016,5,Districte V,10,Pubilla Cases,526,00-02,34,27,61
1994,6,Districte VI,12,Bellvitge,621,25-34,109,105,214
2007,4,Districte IV,7,la Florida,416,50-64,51,51,102
2015,5,Districte V,10,Pubilla Cases,508,03-11,63,77,140
1999,6,Districte VI,12,Bellvitge,603,18-24,32,54,86
2016,2,Districte II,5,Collblanc,209,25-34,80,80,160
2002,2,Districte II,5,Collblanc,208,00-02,15,15,30
1998,4,Districte IV,8,les Planes,442,00-02,8,4,12
2004,4,Districte IV,7,la Florida,402,00-02,8,9,17
2004,1,Districte I,3,Sant Josep,136,18-24,64,53,117
2008,1,Districte I,3,Sant Josep,117,00-02,22,21,43
2009,3,Districte III,6,Santa Eulàlia,317,03-11,61,51,112
2011,6,Districte VI,11,el Gornal,632,65-74,60,41,101
2003,1,Districte I,1,Centre,113,00-02,8,23,31
1999,1,Districte I,1,Centre,101,35-49,147,162,309
2016,2,Districte II,4,la Torrassa,249,50-64,97,85,182
2009,1,Districte I,1,Centre,103,03-11,31,38,69
2014,1,Districte I,1,Centre,130,00-02,21,18,39
1998,2,Districte II,4,la Torrassa,231,12-15,12,10,22
2010,1,Districte I,1,Centre,124,12-15,11,13,24
2006,4,Districte IV,7,la Florida,416,25-34,61,71,132
1997,5,Districte V,10,Pubilla Cases,528,25-34,108,116,224
2007,1,Districte I,2,Sanfeliu,116,35-49,154,157,311
2010,1,Districte I,1,Centre,111,00-02,16,6,22
2012,2,Districte II,5,Collblanc,220,12-15,15,18,33
2003,5,Districte V,10,Pubilla Cases,534,00-02,8,14,22
2014,1,Districte I,1,Centre,109,75 i +,69,37,106
2013,1,Districte I,2,Sanfeliu,118,18-24,69,60,129
2015,4,Districte IV,7,la Florida,426,35-49,125,168,293
2010,3,Districte III,6,Santa Eulàlia,307,65-74,92,86,178
2012,4,Districte IV,7,la Florida,432,50-64,159,138,297
2015,6,Districte VI,12,Bellvitge,631,18-24,32,26,58
1997,5,Districte V,10,Pubilla Cases,518,25-34,92,113,205
2003,1,Districte I,1,Centre,104,25-34,79,89,168
2000,6,Districte VI,12,Bellvitge,609,16-17,7,9,16
2004,5,Districte V,9,Can Serra,521,35-49,77,79,156
2007,6,Districte VI,12,Bellvitge,605,16-17,2,3,5
2010,4,Districte IV,8,les Planes,419,12-15,16,16,32
2008,5,Districte V,9,Can Serra,502,35-49,160,183,343
2000,2,Districte II,5,Collblanc,223,12-15,14,13,27
2000,5,Districte V,9,Can Serra,535,00-02,6,8,14
2014,2,Districte II,4,la Torrassa,237,03-11,60,69,129
2009,3,Districte III,6,Santa Eulàlia,324,12-15,27,26,53
2016,1,Districte I,2,Sanfeliu,129,00-02,17,20,37
2012,5,Districte V,10,Pubilla Cases,522,12-15,10,16,26
2002,3,Districte III,6,Santa Eulàlia,325,25-34,139,167,306
2009,4,Districte IV,7,la Florida,425,65-74,52,39,91
2009,4,Districte IV,7,la Florida,405,50-64,57,54,111
2007,4,Districte IV,7,la Florida,411,00-02,12,8,20
2007,4,Districte IV,8,les Planes,433,35-49,135,172,307
2004,2,Districte II,4,la Torrassa,249,18-24,46,45,91
1995,2,Districte II,5,Collblanc,206,75 i +,53,29,82
1995,5,Districte V,10,Pubilla Cases,509,03-11,28,25,53
1996,6,Districte VI,11,el Gornal,626,18-24,89,118,207
1995,4,Districte IV,8,les Planes,437,65-74,39,42,81
2010,5,Districte V,10,Pubilla Cases,512,65-74,66,52,118
2015,3,Districte III,6,Santa Eulàlia,314,25-34,162,168,330
2008,5,Districte V,9,Can Serra,503,25-34,80,85,165
2001,6,Districte VI,11,el Gornal,616,00-02,37,59,96
1995,5,Districte V,10,Pubilla Cases,514,35-49,61,70,131
2001,3,Districte III,6,Santa Eulàlia,307,65-74,75,55,130
2007,2,Districte II,4,la Torrassa,239,03-11,44,43,87
2008,5,Districte V,10,Pubilla Cases,512,12-15,20,12,32
2004,1,Districte I,3,Sant Josep,140,03-11,33,37,70
1994,2,Districte II,5,Collblanc,225,18-24,36,25,61
1995,5,Districte V,10,Pubilla Cases,525,50-64,97,85,182
2013,2,Districte II,5,Collblanc,214,25-34,207,192,399
2005,2,Districte II,5,Collblanc,213,12-15,15,13,28
1997,3,Districte III,6,Santa Eulàlia,321,50-64,174,214,388
2013,1,Districte I,1,Centre,112,18-24,61,64,125
2010,4,Districte IV,7,la Florida,414,16-17,11,6,17
2002,4,Districte IV,7,la Florida,414,25-34,73,88,161
2004,4,Districte IV,7,la Florida,428,03-11,20,20,40
2007,6,Districte VI,12,Bellvitge,609,25-34,73,73,146
2007,6,Districte VI,11,el Gornal,626,03-11,42,45,87
1994,5,Districte V,10,Pubilla Cases,526,65-74,42,32,74
2004,2,Districte II,5,Collblanc,210,12-15,9,8,17
1999,4,Districte IV,8,les Planes,420,35-49,97,109,206
2006,4,Districte IV,7,la Florida,414,65-74,49,50,99
2006,4,Districte IV,8,les Planes,439,65-74,57,63,120
2002,4,Districte IV,7,la Florida,431,16-17,13,12,25
2006,3,Districte III,6,Santa Eulàlia,313,12-15,34,30,64
2006,3,Districte III,6,Santa Eulàlia,322,12-15,20,18,38
2005,1,Districte I,3,Sant Josep,125,50-64,185,161,346
2013,1,Districte I,1,Centre,109,25-34,85,79,164
2006,1,Districte I,1,Centre,108,25-34,111,108,219
1999,1,Districte I,3,Sant Josep,137,65-74,43,40,83
2015,1,Districte I,3,Sant Josep,120,00-02,15,11,26
2012,5,Districte V,10,Pubilla Cases,529,12-15,23,30,53
2016,1,Districte I,1,Centre,124,35-49,92,92,184
2005,5,Districte V,10,Pubilla Cases,513,65-74,61,46,107
2010,2,Districte II,5,Collblanc,201,75 i +,63,36,99
1995,3,Districte III,6,Santa Eulàlia,324,75 i +,48,16,64
2006,4,Districte IV,8,les Planes,442,75 i +,35,22,57
2009,4,Districte IV,7,la Florida,430,35-49,123,160,283
2011,1,Districte I,1,Centre,109,16-17,7,6,13
2008,6,Districte VI,12,Bellvitge,606,18-24,40,53,93
2012,1,Districte I,3,Sant Josep,114,65-74,117,91,208
2006,1,Districte I,3,Sant Josep,139,50-64,84,84,168
2012,2,Districte II,4,la Torrassa,233,16-17,4,7,11
1996,4,Districte IV,7,la Florida,427,00-02,8,9,17
1996,1,Districte I,2,Sanfeliu,129,00-02,13,7,20
2014,4,Districte IV,8,les Planes,419,03-11,75,115,190
2012,5,Districte V,10,Pubilla Cases,524,35-49,161,184,345
2006,1,Districte I,3,Sant Josep,137,50-64,172,151,323
2012,2,Districte II,4,la Torrassa,232,75 i +,76,50,126
2016,6,Districte VI,12,Bellvitge,631,12-15,8,14,22
2015,4,Districte IV,7,la Florida,431,50-64,115,105,220
2011,2,Districte II,4,la Torrassa,239,16-17,14,8,22
2007,1,Districte I,3,Sant Josep,117,03-11,79,78,157
2002,4,Districte IV,8,les Planes,419,12-15,18,11,29
2008,2,Districte II,5,Collblanc,224,65-74,25,15,40
1994,5,Districte V,10,Pubilla Cases,536,12-15,20,20,40
2004,6,Districte VI,12,Bellvitge,609,16-17,5,10,15
2006,3,Districte III,6,Santa Eulàlia,321,18-24,87,96,183
1998,1,Districte I,1,Centre,105,00-02,7,19,26
2010,5,Districte V,10,Pubilla Cases,530,35-49,190,183,373
1995,4,Districte IV,7,la Florida,410,50-64,225,196,421
1994,4,Districte IV,7,la Florida,424,12-15,10,22,32
2012,4,Districte IV,7,la Florida,430,50-64,69,70,139
2006,5,Districte V,10,Pubilla Cases,511,75 i +,54,34,88
2001,1,Districte I,1,Centre,112,50-64,147,151,298
2014,5,Districte V,10,Pubilla Cases,532,25-34,111,108,219
2000,6,Districte VI,12,Bellvitge,602,65-74,26,30,56
2002,1,Districte I,1,Centre,105,25-34,99,93,192
1997,2,Districte II,4,la Torrassa,246,16-17,13,4,17
1995,5,Districte V,10,Pubilla Cases,510,75 i +,28,20,48
2002,1,Districte I,1,Centre,108,25-34,92,91,183
1994,6,Districte VI,12,Bellvitge,628,00-02,15,11,26
1994,4,Districte IV,8,les Planes,429,65-74,45,39,84
2007,4,Districte IV,7,la Florida,409,03-11,25,23,48
2002,1,Districte I,1,Centre,128,75 i +,37,26,63
2000,5,Districte V,9,Can Serra,507,12-15,17,18,35
2006,5,Districte V,9,Can Serra,504,16-17,5,9,14
2009,2,Districte II,4,la Torrassa,231,50-64,78,59,137
2013,5,Districte V,10,Pubilla Cases,508,16-17,16,19,35
2001,5,Districte V,10,Pubilla Cases,516,65-74,53,39,92
2004,2,Districte II,5,Collblanc,225,35-49,50,64,114
1996,1,Districte I,3,Sant Josep,137,00-02,14,15,29
1999,4,Districte IV,7,la Florida,425,25-34,91,80,171
1994,4,Districte IV,7,la Florida,405,65-74,56,44,100
2015,3,Districte III,6,Santa Eulàlia,323,65-74,102,112,214
2000,2,Districte II,5,Collblanc,215,35-49,80,70,150
2011,2,Districte II,5,Collblanc,216,18-24,41,47,88
2006,1,Districte I,3,Sant Josep,126,65-74,61,78,139
2005,1,Districte I,3,Sant Josep,115,50-64,120,132,252
2011,5,Districte V,10,Pubilla Cases,524,50-64,95,88,183
2008,4,Districte IV,7,la Florida,407,25-34,93,101,194
2007,3,Districte III,6,Santa Eulàlia,319,35-49,213,226,439
1999,5,Districte V,10,Pubilla Cases,515,12-15,15,12,27
2001,5,Districte V,10,Pubilla Cases,527,25-34,85,91,176
2013,1,Districte I,1,Centre,123,35-49,157,153,310
1998,5,Districte V,10,Pubilla Cases,519,50-64,63,49,112
2015,5,Districte V,9,Can Serra,505,35-49,146,132,278
1997,2,Districte II,4,la Torrassa,237,25-34,111,128,239
2006,3,Districte III,6,Santa Eulàlia,325,65-74,103,81,184
2003,5,Districte V,10,Pubilla Cases,522,16-17,6,8,14
2007,1,Districte I,3,Sant Josep,120,12-15,42,33,75
2016,3,Districte III,6,Santa Eulàlia,322,00-02,16,17,33
2008,4,Districte IV,8,les Planes,436,25-34,116,135,251
2011,5,Districte V,9,Can Serra,503,18-24,28,29,57
2010,3,Districte III,6,Santa Eulàlia,311,18-24,51,54,105
1997,5,Districte V,10,Pubilla Cases,532,65-74,81,76,157
1996,2,Districte II,5,Collblanc,209,00-02,7,11,18
2016,3,Districte III,6,Santa Eulàlia,325,18-24,65,54,119
2010,6,Districte VI,12,Bellvitge,620,25-34,37,37,74
2005,1,Districte I,3,Sant Josep,127,18-24,40,35,75
1999,1,Districte I,3,Sant Josep,114,25-34,146,157,303
1998,2,Districte II,5,Collblanc,206,75 i +,64,34,98
2010,5,Districte V,10,Pubilla Cases,519,25-34,68,71,139
2012,4,Districte IV,7,la Florida,408,12-15,14,19,33
2015,2,Districte II,4,la Torrassa,231,03-11,61,75,136
1996,3,Districte III,6,Santa Eulàlia,314,12-15,75,76,151
1999,1,Districte I,1,Centre,101,18-24,65,61,126
1995,6,Districte VI,12,Bellvitge,611,12-15,27,31,58
2013,1,Districte I,3,Sant Josep,125,65-74,83,80,163
1994,2,Districte II,4,la Torrassa,245,25-34,69,68,137
2005,4,Districte IV,7,la Florida,411,50-64,106,86,192
1996,3,Districte III,6,Santa Eulàlia,302,75 i +,42,21,63
2002,3,Districte III,6,Santa Eulàlia,309,50-64,62,68,130
2016,4,Districte IV,7,la Florida,404,03-11,70,68,138
2013,4,Districte IV,7,la Florida,432,03-11,54,44,98
1994,6,Districte VI,12,Bellvitge,606,12-15,35,24,59
2006,5,Districte V,10,Pubilla Cases,527,16-17,13,5,18
2016,4,Districte IV,7,la Florida,410,25-34,103,108,211
2016,6,Districte VI,11,el Gornal,608,25-34,59,65,124
2007,2,Districte II,5,Collblanc,226,03-11,40,39,79
2015,5,Districte V,10,Pubilla Cases,526,25-34,150,158,308
2015,4,Districte IV,8,les Planes,418,00-02,14,19,33
1998,4,Districte IV,7,la Florida,415,25-34,67,66,133
2006,2,Districte II,5,Collblanc,201,00-02,11,8,19
2002,2,Districte II,5,Collblanc,202,18-24,33,39,72
1994,3,Districte III,6,Santa Eulàlia,325,18-24,127,144,271
2005,5,Districte V,10,Pubilla Cases,508,75 i +,39,24,63
2006,1,Districte I,3,Sant Josep,122,35-49,80,98,178
2014,3,Districte III,6,Santa Eulàlia,320,50-64,4,4,8
1999,6,Districte VI,11,el Gornal,622,50-64,66,78,144
1996,5,Districte V,10,Pubilla Cases,508,16-17,7,7,14
1998,5,Districte V,10,Pubilla Cases,528,12-15,13,14,27
1998,4,Districte IV,8,les Planes,435,50-64,84,68,152
2003,3,Districte III,6,Santa Eulàlia,313,75 i +,71,35,106
1999,2,Districte II,5,Collblanc,201,03-11,22,19,41
2000,4,Districte IV,7,la Florida,402,75 i +,45,29,74
2007,6,Districte VI,12,Bellvitge,606,25-34,111,117,228
2015,1,Districte I,3,Sant Josep,115,03-11,52,54,106
2006,5,Districte V,10,Pubilla Cases,514,65-74,54,40,94
2016,6,Districte VI,12,Bellvitge,606,35-49,131,127,258
2003,4,Districte IV,7,la Florida,414,16-17,6,9,15
2007,2,Districte II,4,la Torrassa,249,75 i +,74,50,124
2016,5,Districte V,10,Pubilla Cases,517,50-64,197,152,349
1995,4,Districte IV,8,les Planes,437,35-49,73,67,140
2002,2,Districte II,4,la Torrassa,245,12-15,16,20,36
2013,6,Districte VI,12,Bellvitge,609,12-15,16,14,30
2007,4,Districte IV,7,la Florida,407,16-17,8,10,18
2008,2,Districte II,5,Collblanc,204,03-11,22,12,34
2000,1,Districte I,1,Centre,101,18-24,59,64,123
2003,2,Districte II,5,Collblanc,220,35-49,105,106,211
1994,4,Districte IV,7,la Florida,405,35-49,58,55,113
1999,2,Districte II,5,Collblanc,214,25-34,56,70,126
1997,5,Districte V,10,Pubilla Cases,518,12-15,13,25,38
2000,4,Districte IV,7,la Florida,411,16-17,14,6,20
2002,3,Districte III,6,Santa Eulàlia,319,12-15,13,14,27
2007,4,Districte IV,7,la Florida,402,03-11,35,36,71
1995,4,Districte IV,7,la Florida,415,35-49,65,63,128
2000,3,Districte III,6,Santa Eulàlia,307,35-49,201,157,358
1998,2,Districte II,5,Collblanc,205,12-15,21,16,37
2011,2,Districte II,5,Collblanc,215,03-11,35,46,81
2008,5,Districte V,10,Pubilla Cases,508,35-49,62,88,150
1995,4,Districte IV,8,les Planes,418,03-11,38,41,79
1999,6,Districte VI,12,Bellvitge,619,25-34,111,134,245
1997,6,Districte VI,12,Bellvitge,610,25-34,113,137,250
2008,1,Districte I,1,Centre,128,18-24,30,49,79
1998,1,Districte I,3,Sant Josep,106,00-02,17,23,40
1997,6,Districte VI,11,el Gornal,617,12-15,32,25,57
1997,3,Districte III,6,Santa Eulàlia,318,12-15,22,21,43
2012,4,Districte IV,7,la Florida,406,75 i +,74,61,135
1994,3,Districte III,6,Santa Eulàlia,307,50-64,134,132,266
2016,1,Districte I,1,Centre,108,16-17,15,15,30
1998,4,Districte IV,7,la Florida,404,18-24,64,58,122
1999,2,Districte II,5,Collblanc,210,12-15,7,11,18
2011,3,Districte III,6,Santa Eulàlia,311,65-74,61,59,120
2012,1,Districte I,3,Sant Josep,121,65-74,31,17,48
2005,2,Districte II,4,la Torrassa,248,00-02,18,14,32
1996,3,Districte III,6,Santa Eulàlia,304,25-34,88,101,189
1994,6,Districte VI,12,Bellvitge,620,75 i +,13,3,16
2004,2,Districte II,5,Collblanc,202,75 i +,36,26,62
2015,1,Districte I,3,Sant Josep,126,35-49,110,115,225
1995,2,Districte II,5,Collblanc,227,75 i +,40,21,61
2015,2,Districte II,5,Collblanc,207,25-34,162,119,281
2004,2,Districte II,5,Collblanc,219,16-17,10,12,22
2003,4,Districte IV,7,la Florida,409,75 i +,22,20,42
2013,2,Districte II,4,la Torrassa,232,12-15,17,19,36
1994,1,Districte I,3,Sant Josep,120,00-02,18,18,36
2015,5,Districte V,10,Pubilla Cases,533,12-15,39,21,60
2012,4,Districte IV,8,les Planes,438,18-24,27,32,59
2008,1,Districte I,3,Sant Josep,120,18-24,81,79,160
2000,5,Districte V,10,Pubilla Cases,526,75 i +,37,19,56
1995,1,Districte I,1,Centre,113,12-15,48,49,97
2012,2,Districte II,5,Collblanc,213,25-34,81,94,175
2003,5,Districte V,10,Pubilla Cases,520,75 i +,48,33,81
1995,5,Districte V,10,Pubilla Cases,514,65-74,37,34,71
2005,6,Districte VI,12,Bellvitge,621,18-24,56,78,134
1999,6,Districte VI,12,Bellvitge,630,65-74,30,27,57
2008,3,Districte III,6,Santa Eulàlia,307,00-02,17,15,32
2013,3,Districte III,6,Santa Eulàlia,314,75 i +,91,53,144
2000,5,Districte V,10,Pubilla Cases,512,50-64,104,100,204
2004,2,Districte II,5,Collblanc,213,65-74,49,42,91
2005,1,Districte I,1,Centre,124,25-34,73,60,133
1997,6,Districte VI,12,Bellvitge,625,18-24,110,120,230
2011,1,Districte I,1,Centre,103,16-17,2,3,5
1996,3,Districte III,6,Santa Eulàlia,315,50-64,104,116,220
2006,1,Districte I,3,Sant Josep,136,65-74,60,43,103
2016,5,Districte V,10,Pubilla Cases,518,50-64,89,84,173
2011,2,Districte II,4,la Torrassa,233,25-34,106,103,209
2011,1,Districte I,3,Sant Josep,106,16-17,10,10,20
2009,1,Districte I,1,Centre,102,18-24,47,49,96
1999,5,Districte V,10,Pubilla Cases,524,12-15,18,22,40
2003,1,Districte I,3,Sant Josep,106,25-34,167,187,354
2005,2,Districte II,5,Collblanc,227,35-49,75,71,146
2002,1,Districte I,1,Centre,113,03-11,48,61,109
2002,6,Districte VI,11,el Gornal,617,50-64,110,86,196
2012,6,Districte VI,12,Bellvitge,627,75 i +,47,33,80
2010,3,Districte III,6,Santa Eulàlia,324,16-17,7,9,16
2009,6,Districte VI,12,Bellvitge,621,65-74,71,78,149
2014,5,Districte V,10,Pubilla Cases,532,35-49,179,195,374
2014,5,Districte V,10,Pubilla Cases,511,03-11,93,103,196
2010,6,Districte VI,12,Bellvitge,621,65-74,75,89,164
1995,6,Districte VI,12,Bellvitge,604,03-11,31,34,65
2008,1,Districte I,3,Sant Josep,127,50-64,66,70,136
2011,1,Districte I,1,Centre,123,00-02,22,14,36
2011,2,Districte II,4,la Torrassa,232,65-74,53,51,104
1999,6,Districte VI,12,Bellvitge,630,50-64,101,113,214
2012,5,Districte V,10,Pubilla Cases,532,75 i +,90,58,148
2016,3,Districte III,6,Santa Eulàlia,325,65-74,128,106,234
2006,5,Districte V,10,Pubilla Cases,534,18-24,35,36,71
2014,1,Districte I,3,Sant Josep,127,12-15,11,15,26
2002,5,Districte V,10,Pubilla Cases,528,00-02,18,17,35
1999,3,Districte III,6,Santa Eulàlia,316,75 i +,32,22,54
1995,1,Districte I,1,Centre,103,25-34,59,71,130
2004,2,Districte II,5,Collblanc,203,25-34,93,89,182
2001,1,Districte I,1,Centre,102,25-34,143,166,309
2000,4,Districte IV,8,les Planes,420,50-64,120,102,222
2015,3,Districte III,6,Santa Eulàlia,316,65-74,127,135,262
2007,1,Districte I,1,Centre,109,18-24,46,39,85
1994,6,Districte VI,12,Bellvitge,627,12-15,54,58,112
1994,4,Districte IV,7,la Florida,414,50-64,104,103,207
2009,4,Districte IV,7,la Florida,417,75 i +,33,23,56
2015,2,Districte II,5,Collblanc,209,18-24,30,42,72
2005,5,Districte V,9,Can Serra,501,03-11,43,39,82
2006,1,Districte I,2,Sanfeliu,118,75 i +,56,24,80
2010,1,Districte I,1,Centre,101,03-11,115,111,226
2005,2,Districte II,5,Collblanc,225,03-11,9,14,23
2015,3,Districte III,6,Santa Eulàlia,307,00-02,20,11,31
2002,2,Districte II,5,Collblanc,244,12-15,6,7,13
2001,4,Districte IV,7,la Florida,424,50-64,61,57,118
1995,5,Districte V,10,Pubilla Cases,526,12-15,18,18,36
2003,4,Districte IV,8,les Planes,401,12-15,20,32,52
1998,6,Districte VI,12,Bellvitge,604,25-34,66,88,154
1995,2,Districte II,5,Collblanc,215,03-11,26,25,51
2008,2,Districte II,4,la Torrassa,217,03-11,24,32,56
2002,4,Districte IV,7,la Florida,427,00-02,15,14,29
2004,2,Districte II,5,Collblanc,208,35-49,190,196,386
2012,2,Districte II,4,la Torrassa,245,00-02,20,21,41
1997,2,Districte II,4,la Torrassa,238,12-15,13,12,25
2007,4,Districte IV,7,la Florida,423,16-17,4,9,13
2009,5,Districte V,10,Pubilla Cases,509,50-64,59,62,121
1998,3,Districte III,6,Santa Eulàlia,314,03-11,96,122,218
2011,4,Districte IV,7,la Florida,415,75 i +,34,26,60
2007,5,Districte V,10,Pubilla Cases,513,25-34,69,74,143
1994,5,Districte V,10,Pubilla Cases,514,35-49,64,65,129
2004,4,Districte IV,8,les Planes,420,75 i +,76,39,115
2015,3,Districte III,6,Santa Eulàlia,309,00-02,16,24,40
2010,6,Districte VI,12,Bellvitge,620,35-49,57,62,119
2008,4,Districte IV,8,les Planes,437,35-49,103,130,233
1998,5,Districte V,10,Pubilla Cases,538,25-34,110,106,216
2016,4,Districte IV,7,la Florida,423,35-49,135,132,267
2003,5,Districte V,10,Pubilla Cases,523,65-74,92,84,176
2015,6,Districte VI,12,Bellvitge,627,50-64,123,84,207
1995,5,Districte V,10,Pubilla Cases,508,25-34,46,65,111
2014,4,Districte IV,8,les Planes,440,50-64,72,82,154
2003,3,Districte III,6,Santa Eulàlia,323,00-02,50,38,88
1994,2,Districte II,4,la Torrassa,247,35-49,100,110,210
2006,5,Districte V,10,Pubilla Cases,526,00-02,12,7,19
1994,2,Districte II,5,Collblanc,209,75 i +,66,32,98
2000,3,Districte III,6,Santa Eulàlia,325,35-49,205,176,381
2004,6,Districte VI,12,Bellvitge,628,65-74,47,55,102
1997,1,Districte I,1,Centre,105,35-49,189,164,353
2001,4,Districte IV,8,les Planes,437,65-74,53,56,109
2013,1,Districte I,1,Centre,109,12-15,23,19,42
2003,2,Districte II,4,la Torrassa,248,75 i +,70,35,105
2000,5,Districte V,10,Pubilla Cases,520,16-17,8,9,17
2000,5,Districte V,9,Can Serra,521,65-74,47,44,91
1996,4,Districte IV,7,la Florida,404,16-17,11,6,17
2004,2,Districte II,5,Collblanc,209,16-17,7,12,19
1998,2,Districte II,5,Collblanc,244,12-15,6,7,13
2013,6,Districte VI,12,Bellvitge,601,50-64,179,167,346
2007,5,Districte V,10,Pubilla Cases,526,00-02,16,9,25
2005,4,Districte IV,7,la Florida,431,50-64,110,103,213
2003,1,Districte I,3,Sant Josep,136,50-64,108,116,224
1998,6,Districte VI,12,Bellvitge,605,25-34,75,78,153
2010,2,Districte II,4,la Torrassa,239,50-64,88,75,163
2002,3,Districte III,6,Santa Eulàlia,314,16-17,39,44,83
2000,1,Districte I,3,Sant Josep,114,65-74,67,67,134
1995,2,Districte II,5,Collblanc,226,35-49,96,94,190
2009,1,Districte I,1,Centre,101,16-17,11,17,28
2001,1,Districte I,3,Sant Josep,119,18-24,90,92,182
2001,3,Districte III,6,Santa Eulàlia,305,65-74,86,63,149
2008,2,Districte II,4,la Torrassa,235,65-74,79,64,143
2000,3,Districte III,6,Santa Eulàlia,320,00-02,7,7,14
2015,4,Districte IV,7,la Florida,411,35-49,80,101,181
1997,6,Districte VI,12,Bellvitge,606,65-74,68,56,124
2006,4,Districte IV,7,la Florida,411,16-17,11,5,16
1997,6,Districte VI,11,el Gornal,626,25-34,88,119,207
2007,5,Districte V,10,Pubilla Cases,512,25-34,94,103,197
1995,6,Districte VI,12,Bellvitge,603,18-24,60,61,121
2016,1,Districte I,3,Sant Josep,138,65-74,61,47,108
1996,2,Districte II,4,la Torrassa,245,03-11,30,28,58
2010,3,Districte III,6,Santa Eulàlia,305,75 i +,99,55,154
2014,2,Districte II,5,Collblanc,220,00-02,27,25,52
2010,3,Districte III,6,Santa Eulàlia,309,00-02,28,21,49
2004,4,Districte IV,8,les Planes,441,50-64,215,208,423
1997,6,Districte VI,12,Bellvitge,611,25-34,172,203,375
1998,4,Districte IV,7,la Florida,417,18-24,40,33,73
2009,2,Districte II,4,la Torrassa,247,35-49,161,183,344
2008,1,Districte I,1,Centre,113,03-11,46,66,112
2007,2,Districte II,5,Collblanc,221,25-34,92,115,207
1994,5,Districte V,9,Can Serra,505,65-74,46,41,87
2008,5,Districte V,10,Pubilla Cases,526,25-34,74,78,152
1998,6,Districte VI,11,el Gornal,629,65-74,39,34,73
2011,2,Districte II,5,Collblanc,224,25-34,60,57,117
2003,3,Districte III,6,Santa Eulàlia,322,12-15,18,20,38
2008,1,Districte I,1,Centre,110,03-11,27,28,55
2016,3,Districte III,6,Santa Eulàlia,304,03-11,179,201,380
2009,2,Districte II,5,Collblanc,213,50-64,83,90,173
2012,3,Districte III,6,Santa Eulàlia,317,03-11,52,60,112
1997,3,Districte III,6,Santa Eulàlia,315,00-02,17,15,32
2007,5,Districte V,10,Pubilla Cases,522,25-34,73,110,183
2014,6,Districte VI,12,Bellvitge,607,18-24,26,32,58
2009,3,Districte III,6,Santa Eulàlia,314,75 i +,85,49,134
1996,1,Districte I,1,Centre,104,35-49,77,55,132
2008,1,Districte I,3,Sant Josep,127,65-74,38,33,71
2010,4,Districte IV,8,les Planes,429,35-49,65,74,139
2004,3,Districte III,6,Santa Eulàlia,309,00-02,12,16,28
2007,4,Districte IV,7,la Florida,407,35-49,119,145,264
2010,2,Districte II,5,Collblanc,225,50-64,54,41,95
2003,4,Districte IV,7,la Florida,422,12-15,14,20,34
2013,1,Districte I,3,Sant Josep,138,03-11,24,26,50
1999,6,Districte VI,12,Bellvitge,627,18-24,100,101,201
2004,6,Districte VI,11,el Gornal,622,18-24,38,43,81
2005,6,Districte VI,12,Bellvitge,607,75 i +,44,29,73
2010,4,Districte IV,7,la Florida,412,16-17,17,18,35
2011,6,Districte VI,12,Bellvitge,609,16-17,6,9,15
2002,6,Districte VI,11,el Gornal,622,18-24,58,46,104
2005,1,Districte I,1,Centre,112,65-74,64,57,121
1998,2,Districte II,4,la Torrassa,238,00-02,2,4,6
2013,6,Districte VI,12,Bellvitge,609,00-02,13,10,23
2015,2,Districte II,5,Collblanc,220,03-11,78,82,160
2001,2,Districte II,4,la Torrassa,240,25-34,57,62,119
2016,6,Districte VI,12,Bellvitge,614,35-49,114,102,216
2009,2,Districte II,4,la Torrassa,229,18-24,34,44,78
2008,2,Districte II,5,Collblanc,202,18-24,31,35,66
2002,1,Districte I,3,Sant Josep,114,50-64,192,184,376
2009,2,Districte II,5,Collblanc,201,12-15,11,16,27
2015,2,Districte II,4,la Torrassa,217,65-74,62,51,113
2011,2,Districte II,5,Collblanc,225,03-11,14,22,36
2011,4,Districte IV,7,la Florida,405,50-64,45,63,108
1994,2,Districte II,5,Collblanc,205,16-17,12,16,28
2002,5,Districte V,10,Pubilla Cases,511,00-02,17,9,26
2003,4,Districte IV,7,la Florida,432,35-49,112,119,231
2016,6,Districte VI,12,Bellvitge,618,00-02,7,9,16
1995,3,Districte III,6,Santa Eulàlia,322,25-34,89,108,197
2011,3,Districte III,6,Santa Eulàlia,323,50-64,377,345,722
2014,3,Districte III,6,Santa Eulàlia,322,18-24,39,47,86
2014,1,Districte I,1,Centre,131,35-49,150,174,324
2001,4,Districte IV,7,la Florida,426,25-34,84,98,182
2000,1,Districte I,1,Centre,131,50-64,159,170,329
2004,6,Districte VI,12,Bellvitge,612,16-17,7,7,14
1997,5,Districte V,10,Pubilla Cases,525,35-49,69,70,139
2000,3,Districte III,6,Santa Eulàlia,321,65-74,81,77,158
2013,3,Districte III,6,Santa Eulàlia,303,25-34,108,98,206
2008,1,Districte I,1,Centre,102,50-64,178,159,337
2006,4,Districte IV,7,la Florida,414,18-24,34,37,71
1997,2,Districte II,5,Collblanc,219,12-15,10,24,34
1996,5,Districte V,10,Pubilla Cases,532,75 i +,56,35,91
2007,2,Districte II,5,Collblanc,225,75 i +,50,28,78
2012,4,Districte IV,7,la Florida,402,50-64,64,63,127
1999,6,Districte VI,12,Bellvitge,625,00-02,12,10,22
2001,2,Districte II,4,la Torrassa,228,35-49,52,58,110
2006,4,Districte IV,8,les Planes,429,35-49,57,70,127
2012,2,Districte II,4,la Torrassa,245,12-15,21,17,38
2006,4,Districte IV,7,la Florida,423,75 i +,60,35,95
2008,5,Districte V,9,Can Serra,521,65-74,69,80,149
2004,2,Districte II,5,Collblanc,208,00-02,21,16,37
2009,4,Districte IV,7,la Florida,404,75 i +,81,42,123
1999,5,Districte V,9,Can Serra,507,75 i +,36,22,58
2011,6,Districte VI,12,Bellvitge,631,18-24,31,31,62
1995,3,Districte III,6,Santa Eulàlia,323,00-02,32,37,69
2000,5,Districte V,10,Pubilla Cases,530,16-17,12,14,26
2000,1,Districte I,2,Sanfeliu,129,12-15,23,19,42
1998,1,Districte I,3,Sant Josep,126,00-02,9,8,17
1998,2,Districte II,4,la Torrassa,247,03-11,38,39,77
2015,2,Districte II,5,Collblanc,221,65-74,91,70,161
2001,3,Districte III,6,Santa Eulàlia,322,65-74,58,54,112
2005,5,Districte V,10,Pubilla Cases,520,65-74,55,45,100
1998,2,Districte II,5,Collblanc,216,65-74,77,67,144
2005,2,Districte II,5,Collblanc,204,18-24,23,31,54
2008,2,Districte II,4,la Torrassa,239,00-02,21,19,40
2009,1,Districte I,2,Sanfeliu,132,18-24,79,87,166
2001,1,Districte I,1,Centre,123,03-11,41,63,104
2007,3,Districte III,6,Santa Eulàlia,303,03-11,42,49,91
2004,3,Districte III,6,Santa Eulàlia,308,50-64,198,182,380
2016,1,Districte I,2,Sanfeliu,129,65-74,69,52,121
1996,1,Districte I,1,Centre,105,12-15,25,34,59
2001,2,Districte II,5,Collblanc,207,25-34,45,44,89
1999,3,Districte III,6,Santa Eulàlia,309,65-74,35,30,65
1996,6,Districte VI,12,Bellvitge,630,25-34,62,73,135
2002,1,Districte I,1,Centre,102,18-24,68,67,135
1997,2,Districte II,4,la Torrassa,239,16-17,13,8,21
2011,4,Districte IV,7,la Florida,412,03-11,63,49,112
2000,4,Districte IV,8,les Planes,419,65-74,36,34,70
2008,1,Districte I,3,Sant Josep,121,03-11,26,42,68
1998,2,Districte II,5,Collblanc,210,25-34,62,63,125
1996,4,Districte IV,8,les Planes,418,03-11,39,38,77
2002,4,Districte IV,7,la Florida,416,03-11,25,26,51
2011,4,Districte IV,7,la Florida,403,35-49,110,139,249
2001,2,Districte II,4,la Torrassa,235,50-64,119,99,218
2008,4,Districte IV,7,la Florida,425,50-64,72,73,145
2007,3,Districte III,6,Santa Eulàlia,308,12-15,32,38,70
2012,4,Districte IV,7,la Florida,407,12-15,19,14,33
2002,5,Districte V,10,Pubilla Cases,522,18-24,55,52,107
2010,6,Districte VI,11,el Gornal,608,00-02,10,10,20
1997,6,Districte VI,12,Bellvitge,621,65-74,41,31,72
2012,1,Districte I,1,Centre,134,25-34,93,110,203
2010,5,Districte V,10,Pubilla Cases,518,75 i +,78,46,124
2014,5,Districte V,10,Pubilla Cases,520,00-02,8,8,16
2004,1,Districte I,3,Sant Josep,106,75 i +,49,28,77
2001,2,Districte II,5,Collblanc,226,65-74,80,54,134
2016,3,Districte III,6,Santa Eulàlia,305,65-74,74,75,149
2005,6,Districte VI,12,Bellvitge,623,00-02,20,25,45
1999,2,Districte II,4,la Torrassa,241,00-02,7,9,16
2009,4,Districte IV,8,les Planes,439,35-49,150,172,322
2009,5,Districte V,10,Pubilla Cases,513,03-11,37,36,73
1998,6,Districte VI,12,Bellvitge,607,50-64,163,143,306
2015,4,Districte IV,7,la Florida,410,75 i +,158,101,259
1998,2,Districte II,5,Collblanc,227,12-15,7,10,17
2013,2,Districte II,4,la Torrassa,232,75 i +,75,40,115
1995,2,Districte II,5,Collblanc,203,12-15,10,13,23
2003,3,Districte III,6,Santa Eulàlia,310,03-11,31,33,64
1998,1,Districte I,3,Sant Josep,122,75 i +,42,27,69
2007,4,Districte IV,7,la Florida,415,25-34,91,115,206
2012,1,Districte I,2,Sanfeliu,129,00-02,11,17,28
2014,6,Districte VI,12,Bellvitge,618,16-17,7,23,30
1995,3,Districte III,6,Santa Eulàlia,302,18-24,111,119,230
1999,4,Districte IV,8,les Planes,436,16-17,3,4,7
2005,4,Districte IV,7,la Florida,427,03-11,37,38,75
2000,4,Districte IV,7,la Florida,424,35-49,38,44,82
2007,2,Districte II,5,Collblanc,207,25-34,83,80,163
2001,2,Districte II,5,Collblanc,208,35-49,183,177,360
1995,5,Districte V,10,Pubilla Cases,510,18-24,82,72,154
2003,5,Districte V,10,Pubilla Cases,509,75 i +,29,17,46
2011,3,Districte III,6,Santa Eulàlia,311,12-15,27,25,52
1995,2,Districte II,4,la Torrassa,243,00-02,19,20,39
2002,3,Districte III,6,Santa Eulàlia,305,00-02,19,14,33
1996,3,Districte III,6,Santa Eulàlia,309,18-24,41,56,97
2009,4,Districte IV,7,la Florida,430,16-17,8,11,19
2008,6,Districte VI,12,Bellvitge,614,16-17,6,8,14
2011,4,Districte IV,7,la Florida,410,65-74,111,85,196
1999,5,Districte V,10,Pubilla Cases,529,16-17,7,10,17
2008,2,Districte II,5,Collblanc,219,65-74,66,48,114
2003,2,Districte II,5,Collblanc,207,18-24,32,23,55
2004,3,Districte III,6,Santa Eulàlia,318,50-64,83,87,170
2014,5,Districte V,10,Pubilla Cases,520,50-64,80,50,130
2008,4,Districte IV,8,les Planes,418,16-17,14,14,28
2003,4,Districte IV,7,la Florida,414,18-24,28,47,75
2000,1,Districte I,3,Sant Josep,139,65-74,35,27,62
2009,6,Districte VI,12,Bellvitge,631,75 i +,49,29,78
2014,5,Districte V,10,Pubilla Cases,514,50-64,117,102,219
2015,6,Districte VI,12,Bellvitge,624,03-11,37,43,80
2013,5,Districte V,9,Can Serra,521,16-17,6,7,13
2010,2,Districte II,5,Collblanc,219,35-49,190,154,344
2012,4,Districte IV,8,les Planes,440,35-49,112,112,224
2003,4,Districte IV,8,les Planes,429,25-34,31,52,83
1994,2,Districte II,5,Collblanc,215,16-17,9,9,18
2003,5,Districte V,10,Pubilla Cases,537,03-11,39,43,82
2008,2,Districte II,5,Collblanc,220,35-49,121,146,267
2004,6,Districte VI,12,Bellvitge,631,16-17,6,8,14
2015,4,Districte IV,8,les Planes,420,12-15,31,42,73
2009,2,Districte II,4,la Torrassa,245,03-11,47,39,86
2014,1,Districte I,3,Sant Josep,117,50-64,237,223,460
1994,1,Districte I,1,Centre,131,25-34,100,126,226
2007,2,Districte II,4,la Torrassa,231,75 i +,85,47,132
2010,5,Districte V,10,Pubilla Cases,537,18-24,66,49,115
2011,5,Districte V,9,Can Serra,504,12-15,13,13,26
2000,1,Districte I,3,Sant Josep,119,03-11,27,44,71
2008,5,Districte V,10,Pubilla Cases,514,00-02,12,22,34
2016,5,Districte V,10,Pubilla Cases,532,75 i +,98,68,166
1996,3,Districte III,6,Santa Eulàlia,304,50-64,112,107,219
1995,2,Districte II,5,Collblanc,213,65-74,54,48,102
2016,5,Districte V,10,Pubilla Cases,517,18-24,75,101,176
2015,3,Districte III,6,Santa Eulàlia,301,18-24,82,84,166
1998,5,Districte V,10,Pubilla Cases,536,16-17,11,8,19
1996,4,Districte IV,7,la Florida,417,35-49,61,57,118
2013,1,Districte I,2,Sanfeliu,129,25-34,77,79,156
2005,2,Districte II,4,la Torrassa,239,65-74,84,63,147
2002,4,Districte IV,8,les Planes,418,03-11,42,42,84
2011,6,Districte VI,12,Bellvitge,614,35-49,103,109,212
2010,6,Districte VI,12,Bellvitge,619,18-24,30,47,77
2002,4,Districte IV,7,la Florida,405,50-64,96,66,162
1998,3,Districte III,6,Santa Eulàlia,321,03-11,85,105,190
2006,5,Districte V,10,Pubilla Cases,522,00-02,15,21,36
2000,2,Districte II,4,la Torrassa,217,50-64,35,38,73
2014,2,Districte II,5,Collblanc,213,35-49,105,112,217
2005,2,Districte II,5,Collblanc,215,50-64,71,57,128
2016,4,Districte IV,7,la Florida,404,18-24,49,57,106
2004,5,Districte V,10,Pubilla Cases,515,65-74,36,24,60
2004,6,Districte VI,12,Bellvitge,602,00-02,7,4,11
1994,5,Districte V,10,Pubilla Cases,513,75 i +,39,11,50
2005,6,Districte VI,12,Bellvitge,603,75 i +,19,14,33
2006,3,Districte III,6,Santa Eulàlia,303,35-49,136,166,302
2016,3,Districte III,6,Santa Eulàlia,326,65-74,15,11,26
2009,3,Districte III,6,Santa Eulàlia,307,03-11,35,40,75
2004,2,Districte II,4,la Torrassa,231,12-15,12,10,22
2002,1,Districte I,3,Sant Josep,117,12-15,46,31,77
1995,5,Districte V,10,Pubilla Cases,526,35-49,65,65,130
2007,3,Districte III,6,Santa Eulàlia,321,65-74,83,85,168
1995,3,Districte III,6,Santa Eulàlia,307,35-49,234,222,456
2008,4,Districte IV,7,la Florida,408,18-24,33,35,68
2001,1,Districte I,3,Sant Josep,120,75 i +,49,28,77
2001,2,Districte II,4,la Torrassa,239,25-34,84,101,185
2015,1,Districte I,3,Sant Josep,139,12-15,14,18,32
2014,2,Districte II,4,la Torrassa,231,16-17,10,10,20
2012,3,Districte III,6,Santa Eulàlia,316,16-17,17,22,39
2011,5,Districte V,10,Pubilla Cases,531,03-11,33,36,69
1999,1,Districte I,1,Centre,113,03-11,53,66,119
1994,6,Districte VI,12,Bellvitge,601,25-34,95,109,204
2005,5,Districte V,10,Pubilla Cases,509,65-74,43,42,85
1995,5,Districte V,10,Pubilla Cases,513,16-17,5,10,15
1997,2,Districte II,5,Collblanc,244,35-49,53,58,111
1995,1,Districte I,3,Sant Josep,137,12-15,40,28,68
1994,2,Districte II,4,la Torrassa,230,18-24,50,40,90
1996,2,Districte II,4,la Torrassa,230,65-74,64,50,114
2011,5,Districte V,10,Pubilla Cases,530,00-02,22,28,50
1995,1,Districte I,1,Centre,104,03-11,23,23,46
1995,1,Districte I,1,Centre,110,16-17,29,34,63
2005,5,Districte V,10,Pubilla Cases,523,03-11,43,42,85
2000,4,Districte IV,8,les Planes,420,00-02,10,13,23
2016,6,Districte VI,12,Bellvitge,612,03-11,40,32,72
2004,5,Districte V,10,Pubilla Cases,538,65-74,87,85,172
2014,5,Districte V,10,Pubilla Cases,514,18-24,46,51,97
2010,4,Districte IV,7,la Florida,416,12-15,11,10,21
2013,6,Districte VI,12,Bellvitge,607,18-24,31,32,63
1997,1,Districte I,1,Centre,123,65-74,87,70,157
1994,4,Districte IV,7,la Florida,422,75 i +,53,29,82
2003,2,Districte II,5,Collblanc,205,50-64,84,71,155
1995,2,Districte II,4,la Torrassa,241,25-34,54,51,105
2016,5,Districte V,10,Pubilla Cases,524,16-17,17,11,28
2010,5,Districte V,10,Pubilla Cases,511,65-74,44,25,69
2008,2,Districte II,5,Collblanc,215,50-64,83,72,155
2014,1,Districte I,1,Centre,111,75 i +,57,40,97
2003,2,Districte II,5,Collblanc,227,00-02,11,7,18
2016,2,Districte II,4,la Torrassa,228,03-11,107,111,218
2001,4,Districte IV,8,les Planes,442,16-17,6,4,10
2005,2,Districte II,5,Collblanc,213,25-34,92,100,192
2013,5,Districte V,10,Pubilla Cases,529,25-34,97,92,189
2009,6,Districte VI,12,Bellvitge,614,35-49,103,108,211
2001,5,Districte V,10,Pubilla Cases,508,18-24,38,24,62
2005,6,Districte VI,12,Bellvitge,625,03-11,38,45,83
2004,5,Districte V,9,Can Serra,507,18-24,40,45,85
1997,2,Districte II,4,la Torrassa,232,50-64,103,86,189
2002,3,Districte III,6,Santa Eulàlia,302,35-49,135,124,259
2003,6,Districte VI,12,Bellvitge,619,50-64,150,131,281
1996,3,Districte III,6,Santa Eulàlia,318,00-02,14,11,25
2002,6,Districte VI,12,Bellvitge,618,18-24,29,22,51
2008,6,Districte VI,12,Bellvitge,628,18-24,34,33,67
2005,5,Districte V,10,Pubilla Cases,508,35-49,58,84,142
2013,6,Districte VI,12,Bellvitge,601,65-74,158,118,276
2008,1,Districte I,1,Centre,109,00-02,15,16,31
2002,1,Districte I,1,Centre,112,25-34,156,134,290
2008,2,Districte II,5,Collblanc,205,00-02,13,10,23
1997,2,Districte II,5,Collblanc,244,50-64,54,50,104
2004,3,Districte III,6,Santa Eulàlia,307,03-11,47,40,87
2001,2,Districte II,4,la Torrassa,248,75 i +,70,43,113
2010,4,Districte IV,8,les Planes,439,75 i +,54,43,97
1997,5,Districte V,10,Pubilla Cases,532,12-15,18,14,32
1997,4,Districte IV,8,les Planes,438,50-64,108,114,222
2001,1,Districte I,1,Centre,101,75 i +,26,18,44
2007,2,Districte II,5,Collblanc,202,65-74,37,33,70
1997,2,Districte II,5,Collblanc,227,12-15,10,9,19
2006,6,Districte VI,12,Bellvitge,603,50-64,68,44,112
1995,2,Districte II,5,Collblanc,212,35-49,116,114,230
2005,1,Districte I,1,Centre,128,12-15,15,22,37
2008,5,Districte V,10,Pubilla Cases,532,12-15,30,15,45
2011,3,Districte III,6,Santa Eulàlia,315,35-49,228,248,476
2005,2,Districte II,5,Collblanc,204,16-17,4,7,11
2002,2,Districte II,4,la Torrassa,246,50-64,72,60,132
2002,2,Districte II,4,la Torrassa,218,12-15,7,21,28
2005,5,Districte V,9,Can Serra,503,00-02,7,6,13
2016,4,Districte IV,7,la Florida,410,50-64,155,136,291
1995,4,Districte IV,8,les Planes,438,03-11,33,27,60
2008,3,Districte III,6,Santa Eulàlia,312,03-11,44,53,97
2015,5,Districte V,10,Pubilla Cases,538,18-24,49,46,95
2015,1,Districte I,3,Sant Josep,126,03-11,38,39,77
1994,4,Districte IV,8,les Planes,439,25-34,108,110,218
2015,2,Districte II,5,Collblanc,201,00-02,38,43,81
1995,4,Districte IV,7,la Florida,412,65-74,73,80,153
2006,3,Districte III,6,Santa Eulàlia,321,03-11,88,84,172
2008,2,Districte II,4,la Torrassa,235,03-11,64,81,145
2002,2,Districte II,5,Collblanc,216,00-02,10,15,25
2003,5,Districte V,10,Pubilla Cases,532,25-34,141,148,289
2001,2,Districte II,4,la Torrassa,230,16-17,6,7,13
2012,2,Districte II,4,la Torrassa,238,65-74,38,33,71
2008,5,Districte V,10,Pubilla Cases,511,25-34,69,71,140
1996,5,Districte V,9,Can Serra,504,25-34,92,107,199
2007,1,Districte I,1,Centre,101,25-34,169,169,338
2009,2,Districte II,4,la Torrassa,236,03-11,41,42,83
2002,2,Districte II,4,la Torrassa,234,12-15,9,18,27
2001,4,Districte IV,7,la Florida,415,50-64,52,52,104
1996,1,Districte I,1,Centre,128,16-17,15,15,30
2000,4,Districte IV,7,la Florida,405,75 i +,33,23,56
2001,1,Districte I,1,Centre,113,12-15,44,38,82
2000,1,Districte I,1,Centre,134,35-49,136,119,255
1999,3,Districte III,6,Santa Eulàlia,302,50-64,150,183,333
1998,2,Districte II,5,Collblanc,219,12-15,18,22,40
2003,2,Districte II,4,la Torrassa,249,35-49,129,129,258
2008,4,Districte IV,7,la Florida,422,12-15,13,25,38
2009,5,Districte V,9,Can Serra,521,50-64,149,114,263
2004,4,Districte IV,7,la Florida,409,75 i +,23,17,40
2008,6,Districte VI,12,Bellvitge,604,16-17,6,8,14
2008,1,Districte I,1,Centre,134,18-24,63,51,114
2001,1,Districte I,1,Centre,102,50-64,199,196,395
1998,4,Districte IV,7,la Florida,405,75 i +,31,22,53
2003,2,Districte II,4,la Torrassa,238,03-11,22,26,48
2010,6,Districte VI,12,Bellvitge,607,03-11,46,28,74
2000,2,Districte II,4,la Torrassa,230,65-74,56,43,99
1999,2,Districte II,5,Collblanc,244,75 i +,39,36,75
2006,3,Districte III,6,Santa Eulàlia,306,18-24,69,68,137
2012,3,Districte III,6,Santa Eulàlia,318,25-34,55,56,111
2012,3,Districte III,6,Santa Eulàlia,319,75 i +,50,31,81
2009,3,Districte III,6,Santa Eulàlia,313,18-24,72,69,141
1994,6,Districte VI,11,el Gornal,632,16-17,31,27,58
2004,6,Districte VI,12,Bellvitge,624,75 i +,38,18,56
2014,5,Districte V,10,Pubilla Cases,513,18-24,47,53,100
2005,4,Districte IV,7,la Florida,426,00-02,14,25,39
2013,6,Districte VI,12,Bellvitge,609,75 i +,42,28,70
2009,6,Districte VI,11,el Gornal,617,12-15,11,22,33
1999,3,Districte III,6,Santa Eulàlia,323,18-24,231,219,450
2009,1,Districte I,1,Centre,111,35-49,99,98,197
2006,4,Districte IV,8,les Planes,434,16-17,5,9,14
2004,3,Districte III,6,Santa Eulàlia,324,65-74,45,30,75
2014,4,Districte IV,8,les Planes,441,35-49,190,242,432
1995,4,Districte IV,7,la Florida,405,35-49,51,56,107
2003,1,Districte I,1,Centre,134,50-64,115,113,228
2008,3,Districte III,6,Santa Eulàlia,306,25-34,121,152,273
2000,4,Districte IV,7,la Florida,430,50-64,83,81,164
2015,1,Districte I,3,Sant Josep,138,35-49,91,80,171
2007,4,Districte IV,7,la Florida,416,16-17,4,3,7
1997,4,Districte IV,7,la Florida,407,16-17,8,8,16
2007,4,Districte IV,8,les Planes,433,00-02,35,25,60
2004,1,Districte I,3,Sant Josep,136,50-64,113,117,230
2009,4,Districte IV,8,les Planes,437,35-49,105,136,241
2009,1,Districte I,1,Centre,112,12-15,30,29,59
2011,2,Districte II,5,Collblanc,225,00-02,7,8,15
2001,5,Districte V,10,Pubilla Cases,536,18-24,36,40,76
2009,3,Districte III,6,Santa Eulàlia,313,03-11,94,93,187
2010,1,Districte I,3,Sant Josep,106,12-15,23,26,49
1995,2,Districte II,4,la Torrassa,235,18-24,82,68,150
2012,5,Districte V,9,Can Serra,502,50-64,139,116,255
2011,1,Districte I,2,Sanfeliu,129,18-24,43,38,81
1996,6,Districte VI,12,Bellvitge,609,03-11,31,41,72
1996,5,Districte V,10,Pubilla Cases,517,65-74,50,49,99
2013,3,Districte III,6,Santa Eulàlia,327,25-34,69,55,124
2014,4,Districte IV,7,la Florida,422,75 i +,75,50,125
1997,1,Districte I,3,Sant Josep,127,00-02,7,8,15
1998,6,Districte VI,12,Bellvitge,607,35-49,82,94,176
2003,4,Districte IV,8,les Planes,438,35-49,95,93,188
2012,2,Districte II,4,la Torrassa,234,65-74,36,28,64
2009,4,Districte IV,8,les Planes,435,35-49,106,141,247
2008,3,Districte III,6,Santa Eulàlia,310,16-17,6,7,13
2006,3,Districte III,6,Santa Eulàlia,313,25-34,191,187,378
1995,6,Districte VI,12,Bellvitge,624,00-02,9,9,18
1997,1,Districte I,1,Centre,113,35-49,205,196,401
2005,6,Districte VI,12,Bellvitge,611,12-15,39,25,64
2002,4,Districte IV,8,les Planes,434,18-24,26,26,52
2014,4,Districte IV,8,les Planes,436,75 i +,63,44,107
2010,5,Districte V,10,Pubilla Cases,522,50-64,69,57,126
2010,2,Districte II,4,la Torrassa,234,16-17,13,7,20
2010,4,Districte IV,8,les Planes,441,18-24,100,98,198
2011,4,Districte IV,7,la Florida,412,65-74,103,84,187
2016,4,Districte IV,7,la Florida,402,03-11,57,53,110
2006,2,Districte II,4,la Torrassa,218,12-15,15,11,26
1996,1,Districte I,1,Centre,101,16-17,18,25,43
2005,2,Districte II,4,la Torrassa,245,50-64,79,68,147
2009,1,Districte I,2,Sanfeliu,132,25-34,179,210,389
2015,3,Districte III,6,Santa Eulàlia,319,25-34,113,101,214
2013,4,Districte IV,8,les Planes,440,12-15,15,12,27
2007,1,Districte I,1,Centre,134,03-11,46,53,99
2007,4,Districte IV,7,la Florida,424,50-64,55,55,110
2010,2,Districte II,4,la Torrassa,231,03-11,57,67,124
2011,2,Districte II,4,la Torrassa,235,50-64,93,89,182
2007,3,Districte III,6,Santa Eulàlia,318,00-02,12,8,20
2001,5,Districte V,10,Pubilla Cases,531,75 i +,47,27,74
2004,4,Districte IV,7,la Florida,430,16-17,5,10,15
2009,3,Districte III,6,Santa Eulàlia,301,16-17,27,22,49
2001,5,Districte V,10,Pubilla Cases,512,18-24,23,44,67
2003,6,Districte VI,12,Bellvitge,602,50-64,64,58,122
2008,1,Districte I,3,Sant Josep,138,25-34,86,68,154
1996,6,Districte VI,12,Bellvitge,605,25-34,70,70,140
1999,6,Districte VI,11,el Gornal,629,25-34,46,64,110
2013,2,Districte II,5,Collblanc,220,25-34,134,141,275
2016,2,Districte II,4,la Torrassa,232,25-34,83,81,164
2002,2,Districte II,4,la Torrassa,233,16-17,6,5,11
2014,1,Districte I,1,Centre,108,25-34,95,84,179
2002,6,Districte VI,11,el Gornal,626,35-49,89,90,179
2006,5,Districte V,10,Pubilla Cases,529,12-15,27,25,52
2016,3,Districte III,13,Granvia Sud,320,65-74,89,86,175
1998,4,Districte IV,8,les Planes,436,50-64,69,67,136
2007,4,Districte IV,7,la Florida,402,18-24,36,24,60
1999,4,Districte IV,8,les Planes,442,16-17,6,7,13
2003,4,Districte IV,8,les Planes,437,16-17,7,9,16
2002,5,Districte V,10,Pubilla Cases,508,16-17,6,5,11
2004,1,Districte I,2,Sanfeliu,118,35-49,203,156,359
1999,1,Districte I,3,Sant Josep,115,75 i +,45,24,69
2002,1,Districte I,3,Sant Josep,136,00-02,16,17,33
2002,5,Districte V,10,Pubilla Cases,510,12-15,18,21,39
2009,4,Districte IV,8,les Planes,419,00-02,22,23,45
2006,3,Districte III,6,Santa Eulàlia,302,50-64,180,162,342
1994,5,Districte V,10,Pubilla Cases,537,75 i +,39,28,67
1996,3,Districte III,6,Santa Eulàlia,312,16-17,13,3,16
2011,5,Districte V,9,Can Serra,505,16-17,10,8,18
1997,2,Districte II,5,Collblanc,221,16-17,12,12,24
2010,1,Districte I,3,Sant Josep,139,18-24,26,27,53
2002,1,Districte I,3,Sant Josep,138,16-17,7,17,24
1995,5,Districte V,10,Pubilla Cases,538,03-11,25,41,66
1996,6,Districte VI,12,Bellvitge,609,65-74,30,25,55
2013,2,Districte II,4,la Torrassa,236,50-64,86,69,155
1995,3,Districte III,6,Santa Eulàlia,320,35-49,95,62,157
2010,5,Districte V,10,Pubilla Cases,536,35-49,105,117,222
1994,2,Districte II,5,Collblanc,226,00-02,6,5,11
1999,1,Districte I,1,Centre,108,16-17,9,15,24
2008,5,Districte V,9,Can Serra,506,50-64,249,203,452
1995,2,Districte II,5,Collblanc,214,50-64,83,66,149
2000,4,Districte IV,7,la Florida,406,25-34,93,108,201
2004,1,Districte I,3,Sant Josep,121,65-74,75,50,125
2012,2,Districte II,4,la Torrassa,236,03-11,43,38,81
2000,1,Districte I,2,Sanfeliu,132,12-15,44,43,87
2006,2,Districte II,4,la Torrassa,238,00-02,6,18,24
2009,2,Districte II,4,la Torrassa,217,75 i +,42,28,70
2010,3,Districte III,6,Santa Eulàlia,316,16-17,24,23,47
2002,6,Districte VI,12,Bellvitge,630,16-17,10,7,17
2010,1,Districte I,3,Sant Josep,140,16-17,4,8,12
2009,1,Districte I,1,Centre,133,12-15,8,15,23
2011,5,Districte V,10,Pubilla Cases,520,00-02,12,8,20
1998,5,Districte V,10,Pubilla Cases,528,75 i +,38,25,63
1997,3,Districte III,6,Santa Eulàlia,316,18-24,153,160,313
2016,6,Districte VI,12,Bellvitge,610,25-34,53,51,104
1996,6,Districte VI,12,Bellvitge,621,00-02,20,16,36
2003,2,Districte II,4,la Torrassa,245,50-64,79,65,144
1995,4,Districte IV,8,les Planes,429,12-15,16,24,40
1999,6,Districte VI,12,Bellvitge,610,00-02,5,8,13
2001,2,Districte II,4,la Torrassa,218,75 i +,43,19,62
2008,4,Districte IV,7,la Florida,423,50-64,74,60,134
2013,4,Districte IV,7,la Florida,431,65-74,62,45,107
2008,5,Districte V,10,Pubilla Cases,520,25-34,65,81,146
2005,5,Districte V,10,Pubilla Cases,515,50-64,44,38,82
2006,4,Districte IV,7,la Florida,417,35-49,75,83,158
1996,5,Districte V,10,Pubilla Cases,516,50-64,75,65,140
1999,4,Districte IV,7,la Florida,432,25-34,89,86,175
1994,6,Districte VI,12,Bellvitge,613,16-17,21,25,46
2007,4,Districte IV,8,les Planes,429,35-49,61,68,129
2010,6,Districte VI,12,Bellvitge,607,35-49,129,133,262
2012,3,Districte III,6,Santa Eulàlia,324,00-02,21,28,49
2004,5,Districte V,10,Pubilla Cases,537,35-49,129,130,259
1994,6,Districte VI,11,el Gornal,629,35-49,62,57,119
2007,2,Districte II,5,Collblanc,206,75 i +,77,42,119
2013,1,Districte I,1,Centre,134,12-15,30,28,58
2011,5,Districte V,10,Pubilla Cases,532,35-49,167,178,345
2014,4,Districte IV,7,la Florida,416,16-17,10,14,24
2013,2,Districte II,4,la Torrassa,246,16-17,18,15,33
2002,3,Districte III,6,Santa Eulàlia,312,18-24,67,70,137
2006,1,Districte I,1,Centre,133,18-24,39,31,70
2011,4,Districte IV,7,la Florida,410,25-34,121,121,242
2000,1,Districte I,3,Sant Josep,115,03-11,39,59,98
2006,2,Districte II,4,la Torrassa,235,75 i +,87,50,137
2012,6,Districte VI,12,Bellvitge,610,00-02,15,13,28
2013,2,Districte II,5,Collblanc,201,18-24,28,28,56
2007,2,Districte II,4,la Torrassa,239,50-64,94,73,167
2003,1,Districte I,3,Sant Josep,117,25-34,182,192,374
2005,2,Districte II,5,Collblanc,207,03-11,16,25,41
1997,6,Districte VI,11,el Gornal,632,75 i +,26,8,34
2014,2,Districte II,4,la Torrassa,232,65-74,48,40,88
2000,2,Districte II,4,la Torrassa,231,03-11,36,23,59
2001,5,Districte V,10,Pubilla Cases,515,12-15,11,17,28
2014,5,Districte V,9,Can Serra,505,50-64,91,77,168
2000,4,Districte IV,8,les Planes,442,00-02,5,3,8
2007,2,Districte II,5,Collblanc,220,25-34,78,73,151
2010,5,Districte V,10,Pubilla Cases,517,75 i +,63,32,95
2009,1,Districte I,1,Centre,124,12-15,9,10,19
1996,4,Districte IV,7,la Florida,411,35-49,100,93,193
2015,5,Districte V,10,Pubilla Cases,534,00-02,11,14,25
2014,3,Districte III,6,Santa Eulàlia,319,12-15,30,38,68
2016,6,Districte VI,11,el Gornal,608,16-17,12,9,21
1996,2,Districte II,5,Collblanc,227,18-24,45,41,86
2000,6,Districte VI,12,Bellvitge,603,00-02,9,6,15
1995,5,Districte V,10,Pubilla Cases,511,50-64,81,75,156
1995,1,Districte I,1,Centre,101,12-15,33,36,69
2008,4,Districte IV,7,la Florida,428,00-02,19,12,31
1999,6,Districte VI,12,Bellvitge,607,12-15,12,21,33
2012,2,Districte II,4,la Torrassa,245,25-34,87,88,175
2004,6,Districte VI,12,Bellvitge,606,12-15,15,23,38
2002,2,Districte II,4,la Torrassa,243,03-11,50,59,109
2010,4,Districte IV,7,la Florida,410,65-74,120,88,208
1994,6,Districte VI,12,Bellvitge,603,50-64,72,81,153
2016,1,Districte I,2,Sanfeliu,118,35-49,175,190,365
2013,3,Districte III,6,Santa Eulàlia,318,03-11,23,35,58
2005,4,Districte IV,8,les Planes,429,65-74,46,24,70
2001,1,Districte I,1,Centre,128,12-15,14,12,26
2007,5,Districte V,10,Pubilla Cases,524,18-24,44,58,102
2008,1,Districte I,1,Centre,123,65-74,62,58,120
2010,3,Districte III,6,Santa Eulàlia,305,65-74,53,61,114
2011,5,Districte V,9,Can Serra,501,03-11,40,51,91
2006,2,Districte II,5,Collblanc,201,03-11,28,32,60
2012,1,Districte I,3,Sant Josep,106,35-49,182,162,344
2007,5,Districte V,10,Pubilla Cases,531,50-64,85,73,158
2009,1,Districte I,3,Sant Josep,125,25-34,117,139,256
2000,1,Districte I,3,Sant Josep,122,12-15,8,6,14
1999,3,Districte III,6,Santa Eulàlia,301,18-24,113,119,232
2014,6,Districte VI,12,Bellvitge,630,50-64,91,80,171
2002,6,Districte VI,12,Bellvitge,628,00-02,10,12,22
2008,1,Districte I,1,Centre,108,35-49,182,158,340
2001,1,Districte I,1,Centre,111,16-17,10,8,18
2008,2,Districte II,5,Collblanc,203,75 i +,54,30,84
2009,2,Districte II,5,Collblanc,214,00-02,10,10,20
2006,1,Districte I,1,Centre,102,16-17,9,15,24
2016,5,Districte V,10,Pubilla Cases,528,03-11,45,48,93
2006,4,Districte IV,7,la Florida,402,18-24,33,23,56
2009,3,Districte III,6,Santa Eulàlia,315,03-11,73,69,142
2010,2,Districte II,5,Collblanc,206,75 i +,80,45,125
2010,3,Districte III,6,Santa Eulàlia,308,00-02,32,20,52
1997,2,Districte II,5,Collblanc,222,50-64,79,82,161
2009,2,Districte II,5,Collblanc,201,75 i +,56,35,91
2007,5,Districte V,10,Pubilla Cases,531,12-15,20,16,36
2007,2,Districte II,4,la Torrassa,236,65-74,68,48,116
2000,5,Districte V,9,Can Serra,507,65-74,36,35,71
1997,2,Districte II,5,Collblanc,201,03-11,19,22,41
2007,4,Districte IV,7,la Florida,416,65-74,48,40,88
2001,2,Districte II,5,Collblanc,220,35-49,84,80,164
2003,6,Districte VI,12,Bellvitge,601,16-17,8,10,18
2003,4,Districte IV,8,les Planes,439,25-34,109,142,251
2001,6,Districte VI,12,Bellvitge,631,16-17,13,7,20
1996,1,Districte I,3,Sant Josep,117,16-17,34,42,76
1999,6,Districte VI,12,Bellvitge,610,03-11,28,37,65
2004,5,Districte V,10,Pubilla Cases,528,25-34,110,135,245
2007,2,Districte II,4,la Torrassa,243,35-49,199,209,408
2001,6,Districte VI,12,Bellvitge,611,75 i +,54,35,89
2002,6,Districte VI,12,Bellvitge,628,18-24,64,62,126
2013,5,Districte V,10,Pubilla Cases,526,00-02,30,36,66
2016,2,Districte II,5,Collblanc,207,18-24,66,70,136
2016,5,Districte V,10,Pubilla Cases,525,50-64,58,60,118
1996,1,Districte I,1,Centre,135,16-17,21,33,54
2010,1,Districte I,3,Sant Josep,117,03-11,71,80,151
2007,3,Districte III,6,Santa Eulàlia,315,03-11,69,69,138
2003,5,Districte V,10,Pubilla Cases,527,35-49,131,132,263
1997,2,Districte II,5,Collblanc,210,75 i +,55,40,95
2010,4,Districte IV,7,la Florida,425,25-34,73,99,172
2005,5,Districte V,10,Pubilla Cases,510,00-02,11,14,25
2001,6,Districte VI,12,Bellvitge,624,18-24,65,86,151
2002,1,Districte I,3,Sant Josep,127,75 i +,29,20,49
2002,1,Districte I,1,Centre,103,75 i +,47,16,63
2015,6,Districte VI,12,Bellvitge,619,35-49,123,131,254
2013,2,Districte II,5,Collblanc,207,00-02,33,27,60
2003,6,Districte VI,11,el Gornal,622,25-34,78,97,175
2006,5,Districte V,10,Pubilla Cases,515,16-17,8,9,17
2003,2,Districte II,5,Collblanc,222,03-11,43,37,80
1994,1,Districte I,3,Sant Josep,137,16-17,17,26,43
2012,4,Districte IV,7,la Florida,413,50-64,45,55,100
2001,2,Districte II,5,Collblanc,216,75 i +,52,38,90
2006,2,Districte II,4,la Torrassa,247,16-17,9,16,25
2002,4,Districte IV,8,les Planes,418,75 i +,68,41,109
2003,2,Districte II,5,Collblanc,208,00-02,15,14,29
2003,2,Districte II,4,la Torrassa,240,16-17,3,4,7
2000,4,Districte IV,7,la Florida,425,65-74,75,62,137
2005,5,Districte V,10,Pubilla Cases,522,65-74,40,38,78
1999,4,Districte IV,8,les Planes,436,25-34,74,81,155
2010,2,Districte II,4,la Torrassa,236,18-24,40,62,102
2007,2,Districte II,5,Collblanc,212,16-17,19,13,32
2010,6,Districte VI,11,el Gornal,622,35-49,99,94,193
2001,6,Districte VI,11,el Gornal,629,03-11,17,16,33
1994,6,Districte VI,12,Bellvitge,610,16-17,28,21,49
2006,6,Districte VI,11,el Gornal,617,50-64,88,77,165
2008,3,Districte III,6,Santa Eulàlia,319,03-11,90,88,178
2003,1,Districte I,1,Centre,131,00-02,8,23,31
2000,1,Districte I,2,Sanfeliu,116,35-49,162,142,304
2007,1,Districte I,1,Centre,103,50-64,65,62,127
1999,2,Districte II,5,Collblanc,215,00-02,9,11,20
1998,1,Districte I,1,Centre,104,75 i +,59,33,92
2009,6,Districte VI,12,Bellvitge,627,00-02,12,13,25
2006,2,Districte II,4,la Torrassa,232,25-34,97,107,204
1996,6,Districte VI,12,Bellvitge,612,65-74,52,39,91
2001,5,Districte V,10,Pubilla Cases,531,65-74,58,54,112
2001,1,Districte I,3,Sant Josep,137,75 i +,50,26,76
2007,4,Districte IV,7,la Florida,407,00-02,11,15,26
2007,2,Districte II,4,la Torrassa,231,35-49,143,120,263
1994,6,Districte VI,12,Bellvitge,615,25-34,67,72,139
1996,6,Districte VI,11,el Gornal,616,25-34,105,119,224
2007,6,Districte VI,12,Bellvitge,628,50-64,121,104,225
2001,4,Districte IV,7,la Florida,405,00-02,12,14,26
1999,6,Districte VI,12,Bellvitge,631,12-15,19,15,34
2011,1,Districte I,3,Sant Josep,139,65-74,48,37,85
2002,2,Districte II,4,la Torrassa,232,03-11,38,23,61
2001,6,Districte VI,12,Bellvitge,631,25-34,121,123,244
2012,3,Districte III,6,Santa Eulàlia,313,50-64,222,194,416
2002,5,Districte V,10,Pubilla Cases,511,03-11,24,25,49
2015,4,Districte IV,7,la Florida,405,18-24,66,60,126
2006,2,Districte II,4,la Torrassa,237,50-64,96,89,185
2006,3,Districte III,6,Santa Eulàlia,304,12-15,25,19,44
2013,4,Districte IV,7,la Florida,412,18-24,49,63,112
2001,5,Districte V,10,Pubilla Cases,537,75 i +,60,29,89
2011,3,Districte III,6,Santa Eulàlia,314,65-74,92,86,178
1997,2,Districte II,5,Collblanc,204,65-74,56,41,97
1997,4,Districte IV,8,les Planes,436,75 i +,28,17,45
2009,6,Districte VI,11,el Gornal,629,50-64,52,45,97
2009,3,Districte III,6,Santa Eulàlia,319,50-64,146,143,289
2003,4,Districte IV,7,la Florida,410,75 i +,83,66,149
1996,1,Districte I,1,Centre,131,00-02,20,14,34
2007,1,Districte I,1,Centre,104,12-15,17,14,31
1998,4,Districte IV,7,la Florida,410,25-34,131,114,245
1996,3,Districte III,6,Santa Eulàlia,303,16-17,17,15,32
2001,1,Districte I,3,Sant Josep,125,00-02,13,17,30
2005,4,Districte IV,7,la Florida,425,50-64,77,73,150
2015,1,Districte I,1,Centre,102,00-02,12,14,26
2008,4,Districte IV,8,les Planes,441,50-64,242,232,474
2007,1,Districte I,1,Centre,104,35-49,100,120,220
2009,5,Districte V,10,Pubilla Cases,536,65-74,50,42,92
2003,1,Districte I,3,Sant Josep,115,00-02,14,14,28
2009,5,Districte V,10,Pubilla Cases,529,50-64,86,87,173
1996,6,Districte VI,12,Bellvitge,630,00-02,3,9,12
1997,5,Districte V,10,Pubilla Cases,508,18-24,45,27,72
1999,3,Districte III,6,Santa Eulàlia,308,50-64,166,168,334
2013,1,Districte I,2,Sanfeliu,132,50-64,237,206,443
1997,5,Districte V,10,Pubilla Cases,525,16-17,4,15,19
2000,5,Districte V,10,Pubilla Cases,522,65-74,38,38,76
2003,1,Districte I,1,Centre,131,75 i +,51,34,85
2007,2,Districte II,5,Collblanc,224,00-02,7,12,19
1997,1,Districte I,1,Centre,124,25-34,49,62,111
1998,2,Districte II,5,Collblanc,212,50-64,142,118,260
2006,5,Districte V,10,Pubilla Cases,514,18-24,43,34,77
2015,5,Districte V,10,Pubilla Cases,513,50-64,107,122,229
2002,5,Districte V,9,Can Serra,503,16-17,13,9,22
2002,3,Districte III,6,Santa Eulàlia,317,75 i +,49,29,78
1994,4,Districte IV,8,les Planes,433,25-34,99,102,201
2014,1,Districte I,1,Centre,128,35-49,147,146,293
2000,2,Districte II,5,Collblanc,222,03-11,36,27,63
2016,5,Districte V,9,Can Serra,507,75 i +,47,21,68
2015,5,Districte V,10,Pubilla Cases,532,16-17,7,12,19
2004,6,Districte VI,12,Bellvitge,628,00-02,6,13,19
2001,2,Districte II,4,la Torrassa,218,16-17,2,6,8
2003,4,Districte IV,7,la Florida,431,16-17,6,9,15
2015,6,Districte VI,12,Bellvitge,614,75 i +,69,51,120
2006,5,Districte V,9,Can Serra,505,65-74,78,98,176
2007,4,Districte IV,8,les Planes,429,03-11,19,21,40
2003,6,Districte VI,12,Bellvitge,601,50-64,164,150,314
2004,6,Districte VI,11,el Gornal,626,50-64,110,92,202
2004,4,Districte IV,7,la Florida,425,25-34,85,80,165
1995,6,Districte VI,12,Bellvitge,613,75 i +,35,20,55
2016,5,Districte V,10,Pubilla Cases,513,03-11,71,69,140
2007,6,Districte VI,12,Bellvitge,604,18-24,20,35,55
2003,1,Districte I,1,Centre,108,03-11,40,48,88
1994,6,Districte VI,11,el Gornal,626,00-02,5,12,17
2005,4,Districte IV,7,la Florida,423,03-11,37,26,63
2014,4,Districte IV,8,les Planes,419,18-24,74,91,165
1998,4,Districte IV,8,les Planes,440,12-15,17,6,23
2006,4,Districte IV,7,la Florida,402,50-64,70,67,137
2001,4,Districte IV,8,les Planes,401,50-64,92,87,179
2013,1,Districte I,1,Centre,108,75 i +,106,68,174
1995,5,Districte V,9,Can Serra,502,03-11,51,47,98
2004,2,Districte II,5,Collblanc,204,75 i +,43,21,64
2003,4,Districte IV,7,la Florida,412,50-64,189,173,362
2000,6,Districte VI,12,Bellvitge,618,03-11,15,21,36
2015,6,Districte VI,12,Bellvitge,614,18-24,21,28,49
1999,1,Districte I,1,Centre,101,75 i +,27,10,37
1994,3,Districte III,6,Santa Eulàlia,306,65-74,93,71,164
2012,4,Districte IV,8,les Planes,438,03-11,24,43,67
2001,2,Districte II,5,Collblanc,221,65-74,81,64,145
2003,1,Districte I,3,Sant Josep,138,18-24,40,52,92
1999,1,Districte I,3,Sant Josep,137,35-49,160,147,307
2009,4,Districte IV,8,les Planes,434,18-24,29,31,60
2002,4,Districte IV,7,la Florida,413,12-15,8,8,16
2016,1,Districte I,3,Sant Josep,137,75 i +,53,43,96
2011,6,Districte VI,12,Bellvitge,619,35-49,122,137,259
2006,6,Districte VI,11,el Gornal,616,65-74,62,61,123
2014,4,Districte IV,8,les Planes,436,18-24,65,57,122
2008,1,Districte I,1,Centre,109,16-17,7,11,18
1996,5,Districte V,10,Pubilla Cases,516,16-17,4,11,15
2015,3,Districte III,6,Santa Eulàlia,321,35-49,236,203,439
1998,2,Districte II,5,Collblanc,226,25-34,66,67,133
2004,2,Districte II,5,Collblanc,215,35-49,105,105,210
2008,1,Districte I,3,Sant Josep,125,16-17,14,9,23
2002,2,Districte II,4,la Torrassa,246,75 i +,78,37,115
2001,1,Districte I,1,Centre,107,65-74,95,74,169
2004,6,Districte VI,12,Bellvitge,627,18-24,65,72,137
2005,4,Districte IV,8,les Planes,442,25-34,45,63,108
1994,2,Districte II,4,la Torrassa,243,50-64,161,153,314
2008,2,Districte II,5,Collblanc,223,00-02,12,20,32
2006,4,Districte IV,7,la Florida,409,16-17,4,6,10
2009,6,Districte VI,11,el Gornal,632,50-64,83,74,157
2001,1,Districte I,1,Centre,103,65-74,43,40,83
2013,4,Districte IV,8,les Planes,440,16-17,4,11,15
2014,5,Districte V,10,Pubilla Cases,534,18-24,29,23,52
2010,1,Districte I,1,Centre,131,03-11,43,54,97
2011,1,Districte I,1,Centre,104,75 i +,90,43,133
2016,2,Districte II,4,la Torrassa,248,12-15,23,14,37
1994,5,Districte V,10,Pubilla Cases,533,16-17,8,15,23
2009,3,Districte III,6,Santa Eulàlia,306,35-49,189,201,390
2001,4,Districte IV,8,les Planes,401,00-02,12,7,19
2005,4,Districte IV,7,la Florida,421,25-34,96,107,203
1996,4,Districte IV,7,la Florida,413,65-74,37,34,71
2009,3,Districte III,6,Santa Eulàlia,317,75 i +,63,20,83
2004,2,Districte II,4,la Torrassa,247,16-17,16,13,29
2013,4,Districte IV,8,les Planes,436,03-11,80,80,160
2013,5,Districte V,10,Pubilla Cases,533,75 i +,130,86,216
2015,5,Districte V,10,Pubilla Cases,513,00-02,15,25,40
2004,2,Districte II,5,Collblanc,204,50-64,39,39,78
2000,1,Districte I,1,Centre,108,50-64,109,104,213
1999,6,Districte VI,12,Bellvitge,605,65-74,42,40,82
2011,6,Districte VI,12,Bellvitge,610,03-11,42,52,94
2012,2,Districte II,4,la Torrassa,211,18-24,61,48,109
1997,5,Districte V,10,Pubilla Cases,534,12-15,12,14,26
2012,4,Districte IV,7,la Florida,408,03-11,56,33,89
2012,4,Districte IV,7,la Florida,402,12-15,18,16,34
2010,6,Districte VI,12,Bellvitge,621,03-11,48,67,115
2014,2,Districte II,4,la Torrassa,229,25-34,158,142,300
2011,1,Districte I,3,Sant Josep,120,16-17,20,17,37
2002,5,Districte V,9,Can Serra,535,16-17,18,19,37
2014,4,Districte IV,7,la Florida,407,50-64,77,77,154
2006,2,Districte II,4,la Torrassa,239,25-34,117,124,241
2002,2,Districte II,5,Collblanc,215,35-49,91,86,177
2014,1,Districte I,1,Centre,108,18-24,43,48,91
2013,2,Districte II,5,Collblanc,214,00-02,33,30,63
2007,3,Districte III,6,Santa Eulàlia,304,75 i +,101,48,149
1997,1,Districte I,3,Sant Josep,139,03-11,24,41,65
2015,1,Districte I,1,Centre,133,12-15,13,15,28
2016,4,Districte IV,8,les Planes,418,35-49,146,179,325
2013,6,Districte VI,12,Bellvitge,619,65-74,87,84,171
2006,4,Districte IV,7,la Florida,424,18-24,29,34,63
2004,2,Districte II,5,Collblanc,215,50-64,74,61,135
2001,5,Districte V,10,Pubilla Cases,532,50-64,144,139,283
2014,4,Districte IV,7,la Florida,422,50-64,87,93,180
2009,2,Districte II,4,la Torrassa,218,03-11,18,27,45
2002,2,Districte II,5,Collblanc,222,25-34,79,99,178
2012,3,Districte III,6,Santa Eulàlia,312,50-64,148,145,293
2001,4,Districte IV,8,les Planes,418,75 i +,73,43,116
2005,4,Districte IV,7,la Florida,407,65-74,75,61,136
2012,5,Districte V,10,Pubilla Cases,527,25-34,107,107,214
2015,4,Districte IV,7,la Florida,411,12-15,16,13,29
2008,4,Districte IV,7,la Florida,427,12-15,16,21,37
2005,4,Districte IV,7,la Florida,404,35-49,145,158,303
2009,1,Districte I,1,Centre,134,75 i +,73,37,110
2000,5,Districte V,9,Can Serra,502,75 i +,73,43,116
2016,2,Districte II,4,la Torrassa,246,00-02,22,17,39
2007,5,Districte V,10,Pubilla Cases,532,35-49,150,155,305
2007,1,Districte I,3,Sant Josep,137,65-74,51,47,98
2015,1,Districte I,3,Sant Josep,139,65-74,55,55,110
2010,2,Districte II,5,Collblanc,205,75 i +,84,52,136
2003,2,Districte II,5,Collblanc,214,75 i +,29,15,44
2007,5,Districte V,10,Pubilla Cases,527,00-02,19,32,51
2000,6,Districte VI,12,Bellvitge,609,12-15,15,15,30
1998,2,Districte II,5,Collblanc,212,75 i +,63,34,97
2014,6,Districte VI,12,Bellvitge,615,35-49,91,102,193
2013,1,Districte I,2,Sanfeliu,116,35-49,158,169,327
2015,5,Districte V,10,Pubilla Cases,511,65-74,103,74,177
2011,4,Districte IV,8,les Planes,429,03-11,24,20,44
2007,2,Districte II,4,la Torrassa,245,25-34,107,116,223
2011,3,Districte III,6,Santa Eulàlia,307,12-15,15,18,33
1998,2,Districte II,4,la Torrassa,231,50-64,95,85,180
1997,4,Districte IV,7,la Florida,406,12-15,31,32,63
1996,2,Districte II,4,la Torrassa,249,75 i +,52,25,77
2004,2,Districte II,5,Collblanc,205,16-17,6,10,16
2002,5,Districte V,9,Can Serra,501,16-17,14,14,28
2013,3,Districte III,6,Santa Eulàlia,314,16-17,13,20,33
2000,1,Districte I,1,Centre,128,12-15,13,14,27
1996,4,Districte IV,7,la Florida,405,12-15,12,10,22
2015,2,Districte II,4,la Torrassa,248,35-49,171,166,337
2012,4,Districte IV,7,la Florida,414,50-64,65,54,119
2012,2,Districte II,4,la Torrassa,242,25-34,88,108,196
1995,5,Districte V,10,Pubilla Cases,517,18-24,71,81,152
2001,1,Districte I,1,Centre,102,16-17,14,13,27
2000,2,Districte II,5,Collblanc,202,50-64,76,67,143
2013,5,Districte V,10,Pubilla Cases,526,16-17,17,14,31
2009,4,Districte IV,7,la Florida,405,35-49,90,108,198
2005,5,Districte V,10,Pubilla Cases,508,12-15,10,14,24
2012,1,Districte I,1,Centre,123,35-49,158,146,304
2015,2,Districte II,4,la Torrassa,232,65-74,50,36,86
2012,3,Districte III,6,Santa Eulàlia,309,35-49,140,159,299
2008,1,Districte I,2,Sanfeliu,118,50-64,214,201,415
2001,6,Districte VI,12,Bellvitge,609,18-24,49,41,90
2009,6,Districte VI,12,Bellvitge,628,35-49,102,98,200
2004,6,Districte VI,12,Bellvitge,614,75 i +,32,19,51
2013,5,Districte V,10,Pubilla Cases,520,18-24,38,37,75
2015,2,Districte II,4,la Torrassa,249,65-74,49,43,92
2003,2,Districte II,5,Collblanc,224,00-02,9,7,16
1994,2,Districte II,5,Collblanc,227,12-15,14,10,24
2015,2,Districte II,5,Collblanc,205,12-15,16,19,35
1994,4,Districte IV,8,les Planes,441,25-34,129,118,247
2005,6,Districte VI,12,Bellvitge,607,25-34,76,110,186
2006,2,Districte II,5,Collblanc,213,00-02,16,19,35
2014,2,Districte II,5,Collblanc,212,18-24,47,45,92
2016,2,Districte II,4,la Torrassa,229,65-74,55,30,85
2012,2,Districte II,5,Collblanc,203,18-24,30,40,70
2008,6,Districte VI,12,Bellvitge,623,25-34,106,151,257
2008,1,Districte I,2,Sanfeliu,129,25-34,109,116,225
2000,6,Districte VI,11,el Gornal,626,18-24,58,64,122
2015,1,Districte I,2,Sanfeliu,118,00-02,11,22,33
2004,4,Districte IV,7,la Florida,412,16-17,11,16,27
2012,4,Districte IV,7,la Florida,409,35-49,81,91,172
2003,1,Districte I,1,Centre,130,00-02,16,15,31
2006,3,Districte III,6,Santa Eulàlia,306,50-64,150,130,280
2012,3,Districte III,6,Santa Eulàlia,304,16-17,54,19,73
1998,2,Districte II,4,la Torrassa,236,65-74,92,69,161
2005,6,Districte VI,12,Bellvitge,601,35-49,128,148,276
2003,4,Districte IV,7,la Florida,413,18-24,28,17,45
2014,1,Districte I,3,Sant Josep,139,18-24,29,32,61
1996,4,Districte IV,7,la Florida,427,03-11,20,30,50
1997,2,Districte II,4,la Torrassa,238,50-64,70,62,132
2008,5,Districte V,9,Can Serra,521,16-17,6,4,10
2006,1,Districte I,1,Centre,134,50-64,122,112,234
2000,4,Districte IV,8,les Planes,441,12-15,67,49,116
1995,1,Districte I,1,Centre,108,12-15,24,27,51
1999,5,Districte V,10,Pubilla Cases,514,03-11,23,19,42
2009,3,Districte III,6,Santa Eulàlia,309,12-15,13,21,34
2016,5,Districte V,10,Pubilla Cases,530,00-02,31,37,68
2009,6,Districte VI,11,el Gornal,626,18-24,34,24,58
2012,5,Districte V,10,Pubilla Cases,533,18-24,37,33,70
1995,2,Districte II,4,la Torrassa,211,16-17,6,13,19
2004,5,Districte V,10,Pubilla Cases,520,12-15,16,14,30
1999,5,Districte V,9,Can Serra,535,18-24,68,93,161
2013,3,Districte III,6,Santa Eulàlia,310,65-74,42,43,85
2000,5,Districte V,9,Can Serra,502,65-74,66,61,127
2016,5,Districte V,9,Can Serra,507,18-24,24,40,64
1994,6,Districte VI,11,el Gornal,608,50-64,114,99,213
2010,5,Districte V,10,Pubilla Cases,528,25-34,123,129,252
1995,5,Districte V,9,Can Serra,507,03-11,47,39,86
2008,1,Districte I,3,Sant Josep,140,65-74,67,53,120
1998,6,Districte VI,12,Bellvitge,615,35-49,62,40,102
1995,2,Districte II,4,la Torrassa,247,00-02,13,12,25
2011,2,Districte II,5,Collblanc,244,25-34,58,62,120
1998,1,Districte I,1,Centre,131,18-24,104,127,231
2001,1,Districte I,3,Sant Josep,127,12-15,24,19,43
2004,5,Districte V,10,Pubilla Cases,525,25-34,96,107,203
2012,6,Districte VI,11,el Gornal,608,00-02,5,9,14
2015,2,Districte II,5,Collblanc,223,65-74,61,36,97
2011,3,Districte III,6,Santa Eulàlia,318,25-34,54,47,101
2006,6,Districte VI,12,Bellvitge,604,12-15,14,12,26
2008,4,Districte IV,7,la Florida,410,00-02,23,19,42
2000,2,Districte II,4,la Torrassa,248,65-74,77,62,139
2008,1,Districte I,3,Sant Josep,115,12-15,22,26,48
2012,5,Districte V,10,Pubilla Cases,529,35-49,170,159,329
1997,4,Districte IV,8,les Planes,438,65-74,30,31,61
2005,4,Districte IV,7,la Florida,409,18-24,27,44,71
2011,4,Districte IV,8,les Planes,437,65-74,51,27,78
2003,3,Districte III,6,Santa Eulàlia,313,50-64,181,167,348
2004,2,Districte II,5,Collblanc,209,18-24,32,40,72
1996,1,Districte I,1,Centre,101,35-49,145,133,278
2008,6,Districte VI,12,Bellvitge,618,00-02,6,9,15
2015,2,Districte II,4,la Torrassa,246,16-17,6,10,16
2012,4,Districte IV,7,la Florida,431,25-34,124,158,282
2013,5,Districte V,9,Can Serra,501,75 i +,36,29,65
2012,5,Districte V,9,Can Serra,501,16-17,7,13,20
2002,5,Districte V,9,Can Serra,504,03-11,16,25,41
2015,4,Districte IV,7,la Florida,414,00-02,30,30,60
1996,2,Districte II,4,la Torrassa,237,12-15,27,19,46
2013,5,Districte V,10,Pubilla Cases,508,00-02,17,25,42
2012,6,Districte VI,12,Bellvitge,601,25-34,74,88,162
1995,2,Districte II,5,Collblanc,225,75 i +,20,22,42
2012,1,Districte I,3,Sant Josep,125,03-11,88,85,173
2001,6,Districte VI,11,el Gornal,622,25-34,89,106,195
2008,1,Districte I,2,Sanfeliu,116,18-24,53,53,106
2004,4,Districte IV,8,les Planes,437,16-17,7,11,18
2001,4,Districte IV,7,la Florida,402,00-02,6,11,17
2007,2,Districte II,4,la Torrassa,230,16-17,6,10,16
1998,6,Districte VI,11,el Gornal,617,35-49,107,102,209
2001,3,Districte III,6,Santa Eulàlia,319,25-34,68,60,128
2001,5,Districte V,10,Pubilla Cases,527,75 i +,57,30,87
2007,1,Districte I,3,Sant Josep,106,03-11,66,56,122
2009,6,Districte VI,12,Bellvitge,611,35-49,223,277,500
1998,1,Districte I,1,Centre,123,25-34,105,104,209
2006,1,Districte I,1,Centre,113,12-15,24,29,53
2007,4,Districte IV,7,la Florida,410,65-74,126,100,226
2016,6,Districte VI,12,Bellvitge,624,03-11,39,42,81
2010,5,Districte V,10,Pubilla Cases,523,35-49,185,180,365
1998,6,Districte VI,12,Bellvitge,612,12-15,16,22,38
2012,4,Districte IV,7,la Florida,411,12-15,13,9,22
1998,1,Districte I,3,Sant Josep,117,00-02,27,21,48
1998,1,Districte I,1,Centre,102,16-17,19,14,33
2010,1,Districte I,3,Sant Josep,117,18-24,68,61,129
1996,2,Districte II,4,la Torrassa,234,00-02,5,7,12
1998,2,Districte II,5,Collblanc,219,25-34,87,92,179
2016,4,Districte IV,7,la Florida,430,25-34,75,94,169
2008,2,Districte II,4,la Torrassa,241,50-64,53,52,105
2008,2,Districte II,4,la Torrassa,247,18-24,69,77,146
1998,3,Districte III,6,Santa Eulàlia,310,16-17,13,15,28
1997,2,Districte II,5,Collblanc,216,00-02,8,11,19
2015,6,Districte VI,12,Bellvitge,625,16-17,10,12,22
1996,5,Districte V,10,Pubilla Cases,532,25-34,101,106,207
2008,2,Districte II,4,la Torrassa,230,25-34,98,107,205
2013,5,Districte V,10,Pubilla Cases,510,00-02,13,9,22
2009,1,Districte I,1,Centre,128,12-15,17,13,30
2012,3,Districte III,6,Santa Eulàlia,323,65-74,107,118,225
2014,6,Districte VI,12,Bellvitge,601,16-17,12,16,28
2005,6,Districte VI,12,Bellvitge,631,50-64,169,132,301
1995,1,Districte I,1,Centre,128,50-64,94,98,192
2016,1,Districte I,3,Sant Josep,121,35-49,124,131,255
2011,5,Districte V,10,Pubilla Cases,513,25-34,47,54,101
2007,5,Districte V,10,Pubilla Cases,522,18-24,64,54,118
2015,1,Districte I,1,Centre,110,12-15,19,17,36
1999,2,Districte II,5,Collblanc,203,65-74,55,42,97
2000,4,Districte IV,8,les Planes,441,18-24,118,111,229
1996,1,Districte I,3,Sant Josep,115,35-49,168,160,328
2009,2,Districte II,4,la Torrassa,236,50-64,94,77,171
2001,3,Districte III,6,Santa Eulàlia,317,00-02,15,10,25
1994,6,Districte VI,12,Bellvitge,603,75 i +,9,8,17
1997,5,Districte V,10,Pubilla Cases,537,03-11,44,42,86
2012,4,Districte IV,7,la Florida,412,16-17,13,15,28
2006,4,Districte IV,8,les Planes,438,00-02,13,11,24
1999,5,Districte V,10,Pubilla Cases,537,65-74,78,59,137
2004,6,Districte VI,12,Bellvitge,604,00-02,7,9,16
2000,5,Districte V,9,Can Serra,506,18-24,143,143,286
2014,2,Districte II,5,Collblanc,204,35-49,184,204,388
2004,1,Districte I,1,Centre,109,16-17,12,10,22
2004,4,Districte IV,8,les Planes,440,18-24,42,28,70
2009,2,Districte II,4,la Torrassa,237,75 i +,77,49,126
2006,4,Districte IV,8,les Planes,429,03-11,19,19,38
2015,5,Districte V,10,Pubilla Cases,531,03-11,40,40,80
1999,1,Districte I,3,Sant Josep,126,03-11,24,20,44
2000,3,Districte III,6,Santa Eulàlia,318,12-15,18,24,42
2006,2,Districte II,5,Collblanc,225,03-11,12,15,27
2009,5,Districte V,9,Can Serra,507,16-17,9,6,15
2006,5,Districte V,10,Pubilla Cases,516,16-17,7,10,17
2015,2,Districte II,4,la Torrassa,245,25-34,92,69,161
2003,4,Districte IV,8,les Planes,419,75 i +,40,21,61
2010,2,Districte II,4,la Torrassa,243,35-49,197,181,378
1998,3,Districte III,6,Santa Eulàlia,301,03-11,70,84,154
2011,4,Districte IV,7,la Florida,413,16-17,15,7,22
2000,6,Districte VI,12,Bellvitge,604,65-74,34,36,70
2000,5,Districte V,10,Pubilla Cases,522,18-24,39,41,80
1994,2,Districte II,5,Collblanc,224,75 i +,27,12,39
2002,3,Districte III,6,Santa Eulàlia,308,50-64,184,170,354
1994,6,Districte VI,12,Bellvitge,605,03-11,17,16,33
2008,6,Districte VI,11,el Gornal,629,35-49,60,66,126
1994,2,Districte II,4,la Torrassa,237,16-17,12,14,26
2007,2,Districte II,5,Collblanc,202,16-17,4,6,10
1997,3,Districte III,6,Santa Eulàlia,317,18-24,47,51,98
2006,6,Districte VI,11,el Gornal,617,65-74,68,50,118
1997,4,Districte IV,7,la Florida,407,75 i +,33,25,58
2013,4,Districte IV,7,la Florida,404,65-74,69,46,115
1998,6,Districte VI,11,el Gornal,629,25-34,51,63,114
2006,5,Districte V,10,Pubilla Cases,528,03-11,58,47,105
2006,6,Districte VI,12,Bellvitge,612,18-24,31,33,64
2008,1,Districte I,3,Sant Josep,120,12-15,34,33,67
2016,2,Districte II,4,la Torrassa,229,35-49,241,226,467
2011,6,Districte VI,12,Bellvitge,627,65-74,53,65,118
2016,2,Districte II,4,la Torrassa,242,65-74,67,46,113
2009,2,Districte II,5,Collblanc,205,00-02,7,8,15
1999,2,Districte II,5,Collblanc,210,35-49,79,78,157
2003,1,Districte I,1,Centre,111,18-24,42,40,82
1999,5,Districte V,9,Can Serra,507,25-34,79,96,175
2016,2,Districte II,4,la Torrassa,243,16-17,15,17,32
2006,2,Districte II,5,Collblanc,244,50-64,51,41,92
2002,5,Districte V,10,Pubilla Cases,527,00-02,15,7,22
2011,2,Districte II,4,la Torrassa,233,75 i +,55,37,92
2014,4,Districte IV,7,la Florida,414,16-17,9,15,24
2001,1,Districte I,3,Sant Josep,126,25-34,122,134,256
2009,6,Districte VI,12,Bellvitge,606,35-49,137,135,272
2013,3,Districte III,6,Santa Eulàlia,324,25-34,85,83,168
1994,4,Districte IV,7,la Florida,430,25-34,72,84,156
2016,2,Districte II,5,Collblanc,205,35-49,106,102,208
1998,1,Districte I,1,Centre,130,25-34,87,102,189
1996,4,Districte IV,7,la Florida,402,16-17,7,7,14
2007,1,Districte I,3,Sant Josep,139,03-11,30,60,90
2011,2,Districte II,4,la Torrassa,246,18-24,45,42,87
2002,1,Districte I,1,Centre,124,50-64,66,62,128
1995,2,Districte II,5,Collblanc,201,18-24,36,50,86
2006,4,Districte IV,8,les Planes,434,35-49,70,78,148
2002,4,Districte IV,7,la Florida,422,16-17,3,11,14
2003,5,Districte V,10,Pubilla Cases,509,18-24,36,27,63
2011,6,Districte VI,12,Bellvitge,609,35-49,106,101,207
2016,5,Districte V,9,Can Serra,521,75 i +,70,59,129
2004,4,Districte IV,7,la Florida,413,25-34,62,63,125
2007,3,Districte III,6,Santa Eulàlia,317,18-24,51,45,96
2011,5,Districte V,10,Pubilla Cases,517,25-34,100,155,255
2005,3,Districte III,6,Santa Eulàlia,301,03-11,84,99,183
2001,6,Districte VI,12,Bellvitge,605,65-74,51,44,95
2007,4,Districte IV,7,la Florida,422,35-49,117,146,263
1999,2,Districte II,5,Collblanc,216,25-34,87,105,192
2006,2,Districte II,5,Collblanc,202,25-34,83,97,180
2015,6,Districte VI,11,el Gornal,622,12-15,10,18,28
2007,4,Districte IV,7,la Florida,432,03-11,46,40,86
1998,2,Districte II,4,la Torrassa,243,25-34,132,129,261
2016,2,Districte II,4,la Torrassa,243,00-02,18,15,33
2000,6,Districte VI,12,Bellvitge,611,03-11,71,62,133
2010,5,Districte V,10,Pubilla Cases,508,35-49,74,88,162
2015,2,Districte II,4,la Torrassa,234,25-34,81,73,154
2000,3,Districte III,6,Santa Eulàlia,305,00-02,15,15,30
2011,1,Districte I,1,Centre,105,12-15,8,12,20
2000,5,Districte V,9,Can Serra,507,18-24,38,46,84
2008,5,Districte V,9,Can Serra,506,75 i +,80,63,143
2006,6,Districte VI,11,el Gornal,626,12-15,16,10,26
2008,4,Districte IV,8,les Planes,418,50-64,101,83,184
2007,2,Districte II,4,la Torrassa,218,35-49,82,94,176
2001,2,Districte II,5,Collblanc,221,16-17,8,11,19
1994,3,Districte III,6,Santa Eulàlia,310,35-49,107,129,236
2009,5,Districte V,10,Pubilla Cases,527,50-64,81,79,160
2008,6,Districte VI,12,Bellvitge,614,12-15,14,17,31
2002,4,Districte IV,7,la Florida,409,35-49,73,62,135
1998,4,Districte IV,7,la Florida,422,16-17,9,10,19
2010,3,Districte III,6,Santa Eulàlia,306,35-49,186,206,392
2005,3,Districte III,6,Santa Eulàlia,324,12-15,13,12,25
2003,2,Districte II,5,Collblanc,209,16-17,4,7,11
2014,6,Districte VI,12,Bellvitge,613,12-15,18,18,36
1999,1,Districte I,1,Centre,110,65-74,54,44,98
2011,1,Districte I,3,Sant Josep,140,00-02,15,14,29
2000,4,Districte IV,7,la Florida,415,50-64,54,53,107
2012,4,Districte IV,7,la Florida,427,25-34,90,108,198
2001,4,Districte IV,7,la Florida,432,50-64,150,153,303
2012,4,Districte IV,8,les Planes,441,65-74,113,92,205
2011,2,Districte II,5,Collblanc,220,25-34,75,92,167
2007,1,Districte I,1,Centre,104,75 i +,80,42,122
1996,4,Districte IV,8,les Planes,442,75 i +,25,18,43
2007,4,Districte IV,7,la Florida,424,00-02,7,9,16
2012,5,Districte V,10,Pubilla Cases,524,03-11,54,62,116
2012,3,Districte III,6,Santa Eulàlia,312,75 i +,79,52,131
1998,2,Districte II,4,la Torrassa,243,16-17,13,12,25
1997,4,Districte IV,7,la Florida,413,75 i +,36,13,49
2006,2,Districte II,4,la Torrassa,249,65-74,67,35,102
2003,3,Districte III,6,Santa Eulàlia,325,00-02,17,24,41
2006,2,Districte II,4,la Torrassa,218,03-11,27,29,56
2003,6,Districte VI,12,Bellvitge,623,75 i +,54,30,84
2011,5,Districte V,10,Pubilla Cases,514,50-64,51,52,103
2003,1,Districte I,3,Sant Josep,137,16-17,11,14,25
2007,3,Districte III,6,Santa Eulàlia,311,00-02,16,28,44
2013,6,Districte VI,12,Bellvitge,623,18-24,33,41,74
2008,6,Districte VI,12,Bellvitge,613,18-24,34,34,68
2004,5,Districte V,10,Pubilla Cases,520,00-02,7,12,19
2002,4,Districte IV,8,les Planes,419,65-74,45,41,86
2013,6,Districte VI,12,Bellvitge,607,75 i +,81,70,151
1996,2,Districte II,5,Collblanc,244,50-64,60,48,108
2008,4,Districte IV,7,la Florida,410,03-11,49,84,133
1995,1,Districte I,3,Sant Josep,106,65-74,46,37,83
1995,4,Districte IV,7,la Florida,416,12-15,18,9,27
1997,5,Districte V,10,Pubilla Cases,523,25-34,105,110,215
2016,6,Districte VI,12,Bellvitge,624,12-15,18,20,38
2011,4,Districte IV,7,la Florida,402,16-17,5,4,9
2007,1,Districte I,1,Centre,112,35-49,188,167,355
1998,5,Districte V,10,Pubilla Cases,523,50-64,140,131,271
2009,1,Districte I,1,Centre,102,25-34,95,100,195
1996,4,Districte IV,7,la Florida,427,65-74,62,60,122
2003,3,Districte III,6,Santa Eulàlia,315,18-24,74,86,160
1996,4,Districte IV,7,la Florida,421,75 i +,47,32,79
1998,5,Districte V,10,Pubilla Cases,527,50-64,93,83,176
2000,2,Districte II,4,la Torrassa,229,25-34,46,66,112
2014,6,Districte VI,12,Bellvitge,625,75 i +,59,38,97
2013,2,Districte II,4,la Torrassa,237,75 i +,86,50,136
2009,1,Districte I,3,Sant Josep,121,18-24,20,26,46
2015,6,Districte VI,12,Bellvitge,631,16-17,4,7,11
2015,2,Districte II,4,la Torrassa,233,00-02,15,18,33
2007,6,Districte VI,12,Bellvitge,620,03-11,13,28,41
1995,1,Districte I,3,Sant Josep,114,18-24,123,130,253
1996,4,Districte IV,7,la Florida,414,75 i +,35,21,56
2013,6,Districte VI,12,Bellvitge,606,16-17,4,6,10
1994,5,Districte V,10,Pubilla Cases,511,16-17,11,6,17
1997,1,Districte I,3,Sant Josep,138,16-17,11,11,22
1996,4,Districte IV,8,les Planes,435,12-15,12,21,33
1997,5,Districte V,10,Pubilla Cases,518,65-74,59,61,120
1998,6,Districte VI,12,Bellvitge,631,35-49,115,72,187
2008,2,Districte II,4,la Torrassa,232,35-49,126,125,251
2011,1,Districte I,3,Sant Josep,136,03-11,58,50,108
2014,2,Districte II,4,la Torrassa,249,50-64,96,81,177
1997,2,Districte II,4,la Torrassa,237,50-64,141,131,272
2007,4,Districte IV,7,la Florida,409,75 i +,27,22,49
1995,5,Districte V,9,Can Serra,507,12-15,21,17,38
2004,1,Districte I,3,Sant Josep,137,18-24,68,60,128
1995,2,Districte II,4,la Torrassa,242,12-15,17,16,33
2009,1,Districte I,3,Sant Josep,120,65-74,51,58,109
2004,5,Districte V,10,Pubilla Cases,515,00-02,9,8,17
2010,1,Districte I,3,Sant Josep,117,16-17,13,17,30
1994,4,Districte IV,7,la Florida,417,16-17,6,17,23
1996,1,Districte I,1,Centre,128,50-64,100,104,204
2004,4,Districte IV,7,la Florida,421,50-64,125,92,217
1997,6,Districte VI,12,Bellvitge,606,03-11,46,51,97
2016,2,Districte II,5,Collblanc,207,50-64,171,140,311
2000,2,Districte II,5,Collblanc,219,12-15,20,23,43
2005,6,Districte VI,12,Bellvitge,601,12-15,24,23,47
2012,2,Districte II,5,Collblanc,206,00-02,14,8,22
2006,1,Districte I,1,Centre,135,16-17,12,13,25
2006,5,Districte V,10,Pubilla Cases,533,00-02,18,21,39
2000,2,Districte II,5,Collblanc,204,00-02,5,1,6
2002,6,Districte VI,12,Bellvitge,607,50-64,125,108,233
2013,5,Districte V,10,Pubilla Cases,523,65-74,75,58,133
2012,4,Districte IV,7,la Florida,407,50-64,70,76,146
1995,2,Districte II,4,la Torrassa,235,03-11,33,35,68
1998,4,Districte IV,7,la Florida,417,25-34,56,59,115
2015,3,Districte III,13,Granvia Sud,320,12-15,35,33,68
2014,1,Districte I,3,Sant Josep,117,03-11,69,81,150
2010,3,Districte III,6,Santa Eulàlia,317,75 i +,59,26,85
2006,6,Districte VI,12,Bellvitge,610,35-49,118,126,244
2009,4,Districte IV,8,les Planes,437,12-15,14,10,24
2010,5,Districte V,10,Pubilla Cases,513,12-15,10,12,22
2007,1,Districte I,3,Sant Josep,122,65-74,72,69,141
2004,4,Districte IV,7,la Florida,415,65-74,28,25,53
2011,3,Districte III,6,Santa Eulàlia,306,16-17,23,16,39
2012,2,Districte II,5,Collblanc,244,65-74,32,21,53
2007,2,Districte II,4,la Torrassa,235,03-11,64,72,136
1999,2,Districte II,5,Collblanc,208,35-49,176,163,339
2002,3,Districte III,6,Santa Eulàlia,301,03-11,84,94,178
2005,5,Districte V,10,Pubilla Cases,532,00-02,18,17,35
2001,5,Districte V,9,Can Serra,503,00-02,11,10,21
2013,4,Districte IV,8,les Planes,419,00-02,30,35,65
2004,5,Districte V,10,Pubilla Cases,517,16-17,12,6,18
2011,3,Districte III,6,Santa Eulàlia,315,16-17,9,7,16
1997,2,Districte II,5,Collblanc,224,35-49,57,59,116
2010,4,Districte IV,8,les Planes,438,50-64,66,73,139
1998,5,Districte V,10,Pubilla Cases,533,75 i +,41,21,62
2013,5,Districte V,10,Pubilla Cases,526,03-11,73,94,167
1996,2,Districte II,5,Collblanc,206,50-64,106,87,193
2014,2,Districte II,5,Collblanc,210,03-11,30,33,63
1995,4,Districte IV,7,la Florida,413,12-15,8,13,21
2001,5,Districte V,10,Pubilla Cases,514,12-15,18,10,28
2003,2,Districte II,5,Collblanc,207,35-49,70,64,134
2000,6,Districte VI,12,Bellvitge,623,25-34,150,154,304
2013,3,Districte III,6,Santa Eulàlia,306,35-49,189,191,380
1999,3,Districte III,6,Santa Eulàlia,306,75 i +,66,42,108
1998,1,Districte I,3,Sant Josep,119,00-02,12,12,24
2000,4,Districte IV,7,la Florida,409,25-34,62,70,132
2004,2,Districte II,5,Collblanc,221,16-17,8,12,20
2016,3,Districte III,6,Santa Eulàlia,327,25-34,88,84,172
2009,2,Districte II,5,Collblanc,244,18-24,28,24,52
2016,3,Districte III,6,Santa Eulàlia,306,50-64,146,155,301
1996,3,Districte III,6,Santa Eulàlia,318,03-11,47,59,106
2016,3,Districte III,6,Santa Eulàlia,317,50-64,88,71,159
2005,1,Districte I,3,Sant Josep,137,18-24,52,54,106
2000,5,Districte V,10,Pubilla Cases,516,35-49,46,66,112
2007,1,Districte I,1,Centre,123,25-34,110,89,199
2006,6,Districte VI,11,el Gornal,622,12-15,11,17,28
2001,5,Districte V,10,Pubilla Cases,520,65-74,60,57,117
1997,6,Districte VI,11,el Gornal,608,00-02,6,10,16
2009,1,Districte I,3,Sant Josep,121,16-17,9,7,16
2002,4,Districte IV,8,les Planes,433,35-49,105,106,211
2003,2,Districte II,4,la Torrassa,249,50-64,86,70,156
2000,6,Districte VI,11,el Gornal,632,16-17,13,16,29
2011,4,Districte IV,8,les Planes,401,00-02,11,27,38
1999,1,Districte I,3,Sant Josep,120,00-02,24,29,53
2010,2,Districte II,5,Collblanc,221,12-15,19,18,37
2009,6,Districte VI,12,Bellvitge,627,35-49,84,92,176
2002,5,Districte V,10,Pubilla Cases,516,50-64,58,51,109
2003,2,Districte II,4,la Torrassa,243,00-02,16,22,38
2003,2,Districte II,5,Collblanc,244,35-49,80,87,167
2009,3,Districte III,6,Santa Eulàlia,310,03-11,35,39,74
2016,1,Districte I,1,Centre,128,65-74,62,46,108
1998,1,Districte I,3,Sant Josep,125,00-02,6,7,13
2001,4,Districte IV,8,les Planes,441,50-64,205,191,396
2003,2,Districte II,4,la Torrassa,218,12-15,8,15,23
2013,1,Districte I,1,Centre,135,25-34,87,103,190
2005,5,Districte V,10,Pubilla Cases,528,35-49,140,147,287
2004,6,Districte VI,12,Bellvitge,621,18-24,70,94,164
1999,4,Districte IV,8,les Planes,433,75 i +,44,20,64
1994,4,Districte IV,8,les Planes,420,12-15,22,27,49
1998,1,Districte I,3,Sant Josep,119,12-15,35,29,64
2012,5,Districte V,9,Can Serra,502,35-49,184,217,401
2001,6,Districte VI,12,Bellvitge,614,16-17,4,5,9
2006,2,Districte II,5,Collblanc,210,35-49,84,80,164
1997,3,Districte III,6,Santa Eulàlia,312,50-64,198,188,386
2013,5,Districte V,10,Pubilla Cases,514,75 i +,92,63,155
1998,6,Districte VI,12,Bellvitge,624,65-74,36,39,75
2000,6,Districte VI,12,Bellvitge,628,18-24,68,83,151
2007,3,Districte III,6,Santa Eulàlia,301,00-02,47,51,98
1999,1,Districte I,1,Centre,134,12-15,32,33,65
2004,1,Districte I,1,Centre,131,75 i +,53,35,88
2004,5,Districte V,10,Pubilla Cases,527,75 i +,59,31,90
2005,4,Districte IV,7,la Florida,412,75 i +,71,51,122
2000,2,Districte II,4,la Torrassa,233,16-17,0,5,5
2002,3,Districte III,6,Santa Eulàlia,303,25-34,162,187,349
2012,2,Districte II,4,la Torrassa,247,16-17,10,17,27
2008,1,Districte I,1,Centre,108,03-11,53,47,100
1996,2,Districte II,4,la Torrassa,241,18-24,35,30,65
1994,5,Districte V,10,Pubilla Cases,520,12-15,17,27,44
2003,4,Districte IV,8,les Planes,442,35-49,71,57,128
2011,1,Districte I,2,Sanfeliu,116,65-74,101,94,195
2002,4,Districte IV,7,la Florida,403,12-15,15,15,30
2000,1,Districte I,1,Centre,104,00-02,15,11,26
1994,3,Districte III,6,Santa Eulàlia,310,03-11,58,54,112
2009,3,Districte III,6,Santa Eulàlia,323,03-11,142,138,280
1999,2,Districte II,5,Collblanc,212,00-02,13,18,31
1999,6,Districte VI,12,Bellvitge,628,50-64,133,148,281
1997,5,Districte V,10,Pubilla Cases,519,65-74,40,43,83
1997,4,Districte IV,8,les Planes,442,16-17,4,6,10
2013,2,Districte II,4,la Torrassa,243,65-74,60,49,109
2001,1,Districte I,1,Centre,105,16-17,7,13,20
1994,5,Districte V,10,Pubilla Cases,532,35-49,134,116,250
2014,3,Districte III,6,Santa Eulàlia,327,65-74,48,55,103
2001,4,Districte IV,7,la Florida,404,35-49,108,136,244
2015,2,Districte II,4,la Torrassa,232,18-24,52,45,97
2014,2,Districte II,4,la Torrassa,240,35-49,204,193,397
1994,2,Districte II,5,Collblanc,206,35-49,73,66,139
2014,3,Districte III,6,Santa Eulàlia,324,18-24,30,30,60
2005,6,Districte VI,12,Bellvitge,611,00-02,39,28,67
2004,2,Districte II,5,Collblanc,221,35-49,118,121,239
2001,2,Districte II,4,la Torrassa,247,35-49,132,142,274
1994,1,Districte I,3,Sant Josep,117,12-15,67,74,141
2002,2,Districte II,4,la Torrassa,228,18-24,33,34,67
2010,1,Districte I,1,Centre,135,18-24,57,51,108
2006,4,Districte IV,8,les Planes,441,12-15,28,38,66
2002,1,Districte I,1,Centre,104,16-17,4,4,8
2013,1,Districte I,1,Centre,110,25-34,70,65,135
2000,4,Districte IV,8,les Planes,439,35-49,76,66,142
1994,4,Districte IV,8,les Planes,439,50-64,124,129,253
1996,1,Districte I,3,Sant Josep,139,35-49,99,103,202
2005,2,Districte II,5,Collblanc,226,18-24,50,42,92
2006,3,Districte III,6,Santa Eulàlia,310,25-34,112,121,233
2008,1,Districte I,3,Sant Josep,114,00-02,13,21,34
1998,5,Districte V,10,Pubilla Cases,509,18-24,42,47,89
1999,2,Districte II,5,Collblanc,223,50-64,111,104,215
2004,1,Districte I,1,Centre,135,75 i +,49,36,85
2015,5,Districte V,10,Pubilla Cases,517,65-74,71,48,119
2016,2,Districte II,5,Collblanc,224,03-11,51,66,117
2009,1,Districte I,3,Sant Josep,125,65-74,57,71,128
2008,4,Districte IV,8,les Planes,418,03-11,55,58,113
2008,5,Districte V,10,Pubilla Cases,526,12-15,16,21,37
2011,6,Districte VI,12,Bellvitge,606,35-49,133,150,283
1995,2,Districte II,5,Collblanc,223,75 i +,55,21,76
2010,4,Districte IV,7,la Florida,404,00-02,26,27,53
2013,2,Districte II,5,Collblanc,220,50-64,132,121,253
2010,6,Districte VI,12,Bellvitge,624,65-74,76,91,167
1994,2,Districte II,4,la Torrassa,233,16-17,2,10,12
2006,5,Districte V,10,Pubilla Cases,510,12-15,13,18,31
1997,5,Districte V,10,Pubilla Cases,519,50-64,63,49,112
2008,1,Districte I,1,Centre,105,35-49,151,134,285
2004,4,Districte IV,7,la Florida,426,12-15,10,15,25
1997,4,Districte IV,7,la Florida,402,50-64,91,86,177
2013,1,Districte I,1,Centre,123,18-24,45,48,93
2006,1,Districte I,3,Sant Josep,115,25-34,129,132,261
2016,2,Districte II,4,la Torrassa,237,25-34,110,99,209
1996,4,Districte IV,7,la Florida,425,50-64,101,96,197
2000,2,Districte II,4,la Torrassa,247,12-15,18,17,35
2014,1,Districte I,1,Centre,107,25-34,99,108,207
2002,3,Districte III,6,Santa Eulàlia,318,16-17,8,12,20
2002,3,Districte III,6,Santa Eulàlia,315,75 i +,59,31,90
2016,6,Districte VI,12,Bellvitge,615,00-02,10,11,21
2012,4,Districte IV,7,la Florida,417,16-17,5,11,16
2013,4,Districte IV,7,la Florida,432,50-64,143,127,270
2014,1,Districte I,1,Centre,107,16-17,11,17,28
2008,1,Districte I,3,Sant Josep,120,50-64,177,181,358
2004,2,Districte II,5,Collblanc,220,50-64,65,44,109
2016,3,Districte III,6,Santa Eulàlia,305,00-02,26,17,43
2015,4,Districte IV,8,les Planes,418,16-17,13,19,32
2011,6,Districte VI,12,Bellvitge,618,75 i +,25,18,43
2011,1,Districte I,1,Centre,109,65-74,52,49,101
2005,2,Districte II,4,la Torrassa,242,50-64,89,94,183
2001,3,Districte III,6,Santa Eulàlia,319,18-24,40,54,94
2005,4,Districte IV,7,la Florida,402,35-49,84,106,190
2015,5,Districte V,10,Pubilla Cases,534,03-11,33,38,71
2015,1,Districte I,3,Sant Josep,119,03-11,40,41,81
2011,6,Districte VI,11,el Gornal,626,75 i +,63,44,107
2008,6,Districte VI,11,el Gornal,629,50-64,53,45,98
1994,1,Districte I,3,Sant Josep,140,75 i +,35,19,54
2008,6,Districte VI,12,Bellvitge,612,00-02,20,16,36
2006,5,Districte V,10,Pubilla Cases,509,50-64,67,53,120
2000,2,Districte II,5,Collblanc,201,03-11,15,20,35
1999,4,Districte IV,7,la Florida,407,18-24,39,43,82
2003,3,Districte III,6,Santa Eulàlia,325,18-24,77,76,153
2016,1,Districte I,3,Sant Josep,117,12-15,31,38,69
2007,5,Districte V,9,Can Serra,501,12-15,17,15,32
1999,1,Districte I,3,Sant Josep,117,75 i +,49,24,73
2011,2,Districte II,5,Collblanc,227,18-24,17,11,28
2011,6,Districte VI,12,Bellvitge,628,50-64,103,76,179
1996,4,Districte IV,8,les Planes,441,18-24,113,141,254
1996,5,Districte V,10,Pubilla Cases,519,50-64,69,54,123
2008,4,Districte IV,7,la Florida,424,65-74,32,26,58
2015,4,Districte IV,7,la Florida,423,35-49,118,120,238
2002,1,Districte I,1,Centre,134,03-11,44,49,93
2011,2,Districte II,5,Collblanc,221,12-15,17,16,33
1995,5,Districte V,9,Can Serra,504,75 i +,50,31,81
2015,5,Districte V,10,Pubilla Cases,529,00-02,24,14,38
2000,1,Districte I,3,Sant Josep,136,16-17,11,12,23
2012,5,Districte V,9,Can Serra,501,35-49,115,115,230
2009,6,Districte VI,11,el Gornal,617,50-64,82,81,163
1999,1,Districte I,3,Sant Josep,121,03-11,33,33,66
2013,5,Districte V,10,Pubilla Cases,529,18-24,48,48,96
1995,5,Districte V,10,Pubilla Cases,519,50-64,76,62,138
2003,5,Districte V,10,Pubilla Cases,529,25-34,108,135,243
2002,2,Districte II,4,la Torrassa,234,65-74,89,51,140
2003,2,Districte II,5,Collblanc,203,18-24,30,36,66
2005,4,Districte IV,7,la Florida,426,03-11,37,40,77
2000,2,Districte II,4,la Torrassa,246,03-11,34,27,61
2008,1,Districte I,3,Sant Josep,127,35-49,104,100,204
2006,3,Districte III,6,Santa Eulàlia,313,35-49,217,194,411
2003,3,Districte III,6,Santa Eulàlia,301,25-34,261,256,517
1994,3,Districte III,6,Santa Eulàlia,323,35-49,426,418,844
2008,5,Districte V,9,Can Serra,504,00-02,12,12,24
2008,3,Districte III,6,Santa Eulàlia,313,16-17,22,19,41
1995,6,Districte VI,12,Bellvitge,620,50-64,91,96,187
1996,2,Districte II,4,la Torrassa,246,00-02,21,8,29
2011,1,Districte I,1,Centre,135,65-74,81,80,161
2013,6,Districte VI,12,Bellvitge,618,25-34,49,57,106
2014,5,Districte V,10,Pubilla Cases,525,12-15,15,15,30
1995,5,Districte V,10,Pubilla Cases,511,35-49,47,47,94
2000,4,Districte IV,7,la Florida,417,03-11,20,17,37
2016,2,Districte II,4,la Torrassa,243,03-11,57,78,135
2009,2,Districte II,4,la Torrassa,239,65-74,67,43,110
2016,1,Districte I,1,Centre,128,03-11,43,57,100
2002,5,Districte V,9,Can Serra,507,25-34,82,94,176
1995,3,Districte III,6,Santa Eulàlia,305,00-02,18,9,27
1999,2,Districte II,4,la Torrassa,243,25-34,146,127,273
2016,1,Districte I,3,Sant Josep,138,25-34,40,56,96
1998,5,Districte V,10,Pubilla Cases,527,16-17,10,10,20
1999,6,Districte VI,12,Bellvitge,620,16-17,9,5,14
2010,5,Districte V,10,Pubilla Cases,526,16-17,9,10,19
1995,1,Districte I,1,Centre,123,18-24,73,58,131
2015,2,Districte II,5,Collblanc,226,18-24,59,68,127
1995,5,Districte V,9,Can Serra,501,75 i +,21,9,30
1994,4,Districte IV,7,la Florida,417,03-11,28,26,54
2005,6,Districte VI,11,el Gornal,629,18-24,23,28,51
2004,5,Districte V,10,Pubilla Cases,531,50-64,84,79,163
2016,1,Districte I,3,Sant Josep,137,16-17,16,13,29
1999,5,Districte V,10,Pubilla Cases,536,00-02,7,11,18
2004,4,Districte IV,7,la Florida,421,12-15,14,15,29
2010,2,Districte II,4,la Torrassa,228,50-64,37,47,84
1996,5,Districte V,10,Pubilla Cases,528,18-24,86,83,169
2016,4,Districte IV,7,la Florida,430,18-24,39,57,96
2015,6,Districte VI,12,Bellvitge,613,25-34,48,60,108
1996,5,Districte V,10,Pubilla Cases,515,35-49,50,39,89
2008,1,Districte I,1,Centre,133,65-74,46,34,80
2016,1,Districte I,1,Centre,130,00-02,18,13,31
2014,3,Districte III,6,Santa Eulàlia,321,75 i +,120,80,200
2006,4,Districte IV,7,la Florida,416,12-15,15,17,32
2012,4,Districte IV,7,la Florida,405,18-24,28,26,54
1997,4,Districte IV,7,la Florida,402,25-34,48,71,119
2007,5,Districte V,10,Pubilla Cases,532,75 i +,77,60,137
2006,3,Districte III,6,Santa Eulàlia,312,75 i +,63,32,95
2016,3,Districte III,6,Santa Eulàlia,327,35-49,141,152,293
2014,3,Districte III,6,Santa Eulàlia,302,35-49,140,163,303
2016,3,Districte III,6,Santa Eulàlia,310,65-74,49,50,99
2016,6,Districte VI,12,Bellvitge,624,18-24,30,27,57
2011,4,Districte IV,8,les Planes,438,50-64,66,65,131
1997,1,Districte I,3,Sant Josep,121,00-02,11,9,20
2007,4,Districte IV,7,la Florida,416,03-11,34,42,76
2000,5,Districte V,10,Pubilla Cases,526,00-02,4,8,12
1999,2,Districte II,4,la Torrassa,246,00-02,6,16,22
2013,3,Districte III,6,Santa Eulàlia,308,50-64,216,207,423
2009,6,Districte VI,11,el Gornal,626,16-17,2,6,8
2010,2,Districte II,4,la Torrassa,242,35-49,115,133,248
2001,3,Districte III,6,Santa Eulàlia,315,16-17,17,17,34
1998,1,Districte I,1,Centre,107,16-17,24,26,50
1998,2,Districte II,5,Collblanc,212,00-02,10,16,26
1999,2,Districte II,4,la Torrassa,249,00-02,6,11,17
2006,5,Districte V,10,Pubilla Cases,508,65-74,40,31,71
2007,2,Districte II,5,Collblanc,210,65-74,61,45,106
1999,2,Districte II,4,la Torrassa,234,00-02,12,6,18
1997,4,Districte IV,8,les Planes,435,65-74,116,73,189
2014,6,Districte VI,12,Bellvitge,612,00-02,18,14,32
2007,2,Districte II,4,la Torrassa,230,03-11,38,32,70
2011,4,Districte IV,7,la Florida,405,16-17,4,8,12
1999,2,Districte II,4,la Torrassa,242,65-74,95,75,170
1997,3,Districte III,6,Santa Eulàlia,323,25-34,191,195,386
2006,6,Districte VI,12,Bellvitge,621,75 i +,37,20,57
1998,3,Districte III,6,Santa Eulàlia,322,18-24,67,82,149
1997,1,Districte I,3,Sant Josep,122,25-34,78,95,173
2001,4,Districte IV,7,la Florida,428,65-74,48,30,78
1998,1,Districte I,3,Sant Josep,127,25-34,67,75,142
2009,2,Districte II,5,Collblanc,227,25-34,74,61,135
1996,5,Districte V,10,Pubilla Cases,525,75 i +,32,23,55
2001,3,Districte III,6,Santa Eulàlia,303,03-11,39,45,84
2006,2,Districte II,4,la Torrassa,237,12-15,21,19,40
2009,2,Districte II,5,Collblanc,226,75 i +,82,46,128
2008,4,Districte IV,7,la Florida,416,00-02,17,11,28
1996,3,Districte III,6,Santa Eulàlia,306,25-34,120,122,242
1999,2,Districte II,5,Collblanc,208,00-02,12,13,25
1995,3,Districte III,6,Santa Eulàlia,314,25-34,202,172,374
2016,2,Districte II,4,la Torrassa,248,65-74,45,43,88
2003,2,Districte II,4,la Torrassa,248,12-15,16,23,39
2013,1,Districte I,3,Sant Josep,138,18-24,27,24,51
1996,5,Districte V,9,Can Serra,506,03-11,86,106,192
2003,4,Districte IV,7,la Florida,402,03-11,29,29,58
1995,5,Districte V,9,Can Serra,503,75 i +,19,7,26
2015,4,Districte IV,7,la Florida,416,75 i +,90,55,145
1999,6,Districte VI,12,Bellvitge,623,16-17,15,25,40
2016,1,Districte I,1,Centre,130,75 i +,100,58,158
2011,4,Districte IV,7,la Florida,407,16-17,4,6,10
1998,3,Districte III,6,Santa Eulàlia,324,50-64,73,70,143
1997,1,Districte I,1,Centre,133,50-64,85,84,169
2016,4,Districte IV,7,la Florida,403,75 i +,96,80,176
2008,4,Districte IV,8,les Planes,418,18-24,53,74,127
2000,2,Districte II,4,la Torrassa,243,16-17,15,5,20
2013,1,Districte I,1,Centre,124,03-11,41,35,76
2016,1,Districte I,3,Sant Josep,126,35-49,115,107,222
2004,5,Districte V,10,Pubilla Cases,536,00-02,11,14,25
1998,4,Districte IV,7,la Florida,416,35-49,51,58,109
2001,6,Districte VI,12,Bellvitge,603,18-24,32,38,70
2006,1,Districte I,2,Sanfeliu,132,00-02,38,21,59
1997,5,Districte V,9,Can Serra,507,50-64,81,106,187
1994,2,Districte II,5,Collblanc,204,18-24,34,24,58
2009,1,Districte I,3,Sant Josep,119,75 i +,77,47,124
2000,3,Districte III,6,Santa Eulàlia,325,16-17,20,16,36
2008,3,Districte III,6,Santa Eulàlia,307,12-15,16,17,33
2001,5,Districte V,9,Can Serra,521,12-15,22,16,38
1995,5,Districte V,10,Pubilla Cases,528,25-34,94,111,205
2016,4,Districte IV,8,les Planes,437,03-11,64,70,134
2016,5,Districte V,10,Pubilla Cases,511,18-24,87,82,169
2009,5,Districte V,10,Pubilla Cases,537,12-15,18,15,33
1997,2,Districte II,4,la Torrassa,242,00-02,6,11,17
2009,3,Districte III,6,Santa Eulàlia,303,35-49,164,191,355
2016,6,Districte VI,12,Bellvitge,602,03-11,58,67,125
2008,2,Districte II,5,Collblanc,203,25-34,93,108,201
2005,2,Districte II,4,la Torrassa,238,03-11,26,28,54
1997,4,Districte IV,7,la Florida,413,16-17,2,7,9
2011,1,Districte I,1,Centre,105,65-74,44,48,92
1998,5,Districte V,10,Pubilla Cases,516,50-64,67,58,125
2016,1,Districte I,3,Sant Josep,125,65-74,108,93,201
1994,4,Districte IV,7,la Florida,403,50-64,157,160,317
2006,1,Districte I,1,Centre,123,12-15,30,31,61
1998,6,Districte VI,11,el Gornal,616,18-24,189,193,382
2015,5,Districte V,9,Can Serra,535,16-17,7,8,15
2000,5,Districte V,10,Pubilla Cases,537,65-74,81,60,141
2016,5,Districte V,10,Pubilla Cases,538,03-11,52,50,102
2003,2,Districte II,4,la Torrassa,240,00-02,9,14,23
1994,4,Districte IV,7,la Florida,404,12-15,28,26,54
1994,4,Districte IV,8,les Planes,435,35-49,83,97,180
2009,3,Districte III,6,Santa Eulàlia,320,35-49,147,151,298
1997,2,Districte II,5,Collblanc,216,12-15,20,24,44
2005,1,Districte I,1,Centre,130,65-74,92,69,161
2001,1,Districte I,1,Centre,130,35-49,86,99,185
2000,6,Districte VI,12,Bellvitge,631,18-24,66,83,149
2008,2,Districte II,5,Collblanc,223,18-24,54,46,100
2004,5,Districte V,10,Pubilla Cases,533,00-02,8,12,20
2002,5,Districte V,10,Pubilla Cases,514,12-15,18,9,27
1996,4,Districte IV,8,les Planes,420,75 i +,66,40,106
2008,1,Districte I,1,Centre,133,03-11,39,38,77
2004,2,Districte II,5,Collblanc,219,18-24,46,61,107
2009,6,Districte VI,12,Bellvitge,625,35-49,111,125,236
2001,4,Districte IV,7,la Florida,423,18-24,44,43,87
2009,5,Districte V,10,Pubilla Cases,515,75 i +,31,11,42
2010,2,Districte II,5,Collblanc,216,16-17,12,13,25
1996,6,Districte VI,12,Bellvitge,612,50-64,178,180,358
2005,4,Districte IV,7,la Florida,410,25-34,139,146,285
1995,5,Districte V,10,Pubilla Cases,533,75 i +,46,23,69
2008,2,Districte II,4,la Torrassa,233,12-15,10,13,23
2009,5,Districte V,10,Pubilla Cases,512,65-74,70,56,126
2004,5,Districte V,9,Can Serra,535,75 i +,48,28,76
2007,6,Districte VI,12,Bellvitge,609,75 i +,30,28,58
2013,4,Districte IV,8,les Planes,441,03-11,75,78,153
2002,2,Districte II,5,Collblanc,202,03-11,11,27,38
2011,5,Districte V,10,Pubilla Cases,510,75 i +,72,39,111
2005,3,Districte III,6,Santa Eulàlia,323,03-11,138,142,280
2013,4,Districte IV,7,la Florida,427,03-11,87,87,174
2005,2,Districte II,5,Collblanc,209,00-02,10,18,28
2001,1,Districte I,3,Sant Josep,136,25-34,104,104,208
2006,1,Districte I,3,Sant Josep,126,50-64,131,98,229
1996,2,Districte II,5,Collblanc,212,25-34,118,116,234
2009,6,Districte VI,12,Bellvitge,627,50-64,162,147,309
2009,1,Districte I,1,Centre,110,12-15,15,15,30
2015,3,Districte III,6,Santa Eulàlia,313,65-74,100,88,188
2015,1,Districte I,1,Centre,124,75 i +,47,40,87
2010,4,Districte IV,7,la Florida,432,03-11,48,38,86
2016,1,Districte I,3,Sant Josep,115,12-15,20,23,43
2005,1,Districte I,3,Sant Josep,138,50-64,92,88,180
2007,1,Districte I,3,Sant Josep,140,75 i +,52,41,93
2007,2,Districte II,5,Collblanc,222,50-64,75,70,145
2005,1,Districte I,3,Sant Josep,127,03-11,25,29,54
1996,2,Districte II,5,Collblanc,221,35-49,98,93,191
2012,3,Districte III,6,Santa Eulàlia,317,35-49,135,181,316
1998,5,Districte V,9,Can Serra,535,03-11,34,34,68
2007,5,Districte V,9,Can Serra,505,03-11,26,26,52
1996,1,Districte I,2,Sanfeliu,118,65-74,43,29,72
1996,1,Districte I,1,Centre,128,65-74,42,41,83
2008,5,Districte V,10,Pubilla Cases,513,25-34,78,93,171
2006,2,Districte II,5,Collblanc,210,18-24,15,29,44
2013,5,Districte V,10,Pubilla Cases,511,25-34,173,167,340
2002,6,Districte VI,12,Bellvitge,610,25-34,119,130,249
2015,4,Districte IV,7,la Florida,416,16-17,9,9,18
1996,1,Districte I,2,Sanfeliu,132,16-17,37,53,90
2002,2,Districte II,5,Collblanc,204,35-49,44,59,103
2002,4,Districte IV,7,la Florida,425,00-02,11,8,19
1999,3,Districte III,6,Santa Eulàlia,308,00-02,18,20,38
2011,4,Districte IV,8,les Planes,401,65-74,51,54,105
2003,5,Districte V,10,Pubilla Cases,516,35-49,69,89,158
1994,4,Districte IV,7,la Florida,423,50-64,134,135,269
1995,5,Districte V,9,Can Serra,505,18-24,158,163,321
2011,6,Districte VI,12,Bellvitge,614,18-24,26,37,63
2011,4,Districte IV,7,la Florida,411,50-64,90,73,163
2011,2,Districte II,4,la Torrassa,233,65-74,52,24,76
2002,1,Districte I,2,Sanfeliu,118,50-64,182,205,387
2006,2,Districte II,4,la Torrassa,237,35-49,160,204,364
2004,4,Districte IV,7,la Florida,424,03-11,20,19,39
1998,1,Districte I,3,Sant Josep,122,00-02,10,9,19
2004,1,Districte I,3,Sant Josep,114,75 i +,67,34,101
2005,1,Districte I,1,Centre,107,03-11,43,57,100
1995,3,Districte III,6,Santa Eulàlia,318,00-02,13,12,25
2000,6,Districte VI,12,Bellvitge,605,03-11,10,18,28
1995,2,Districte II,4,la Torrassa,248,18-24,52,57,109
2002,1,Districte I,3,Sant Josep,127,35-49,103,97,200
2002,4,Districte IV,7,la Florida,417,35-49,73,67,140
1995,5,Districte V,9,Can Serra,503,00-02,8,18,26
2011,2,Districte II,4,la Torrassa,236,50-64,91,80,171
2005,2,Districte II,5,Collblanc,227,25-34,91,70,161
2010,2,Districte II,5,Collblanc,244,65-74,31,23,54
1999,4,Districte IV,7,la Florida,413,16-17,6,5,11
2006,5,Districte V,10,Pubilla Cases,520,00-02,9,7,16
1997,1,Districte I,3,Sant Josep,114,35-49,186,183,369
2003,3,Districte III,6,Santa Eulàlia,311,03-11,38,47,85
2006,3,Districte III,6,Santa Eulàlia,302,00-02,16,15,31
2008,4,Districte IV,7,la Florida,416,03-11,41,43,84
2015,3,Districte III,6,Santa Eulàlia,315,75 i +,56,43,99
2011,1,Districte I,1,Centre,104,50-64,78,62,140
2006,5,Districte V,10,Pubilla Cases,532,00-02,14,21,35
2003,2,Districte II,4,la Torrassa,237,12-15,20,21,41
2009,5,Districte V,10,Pubilla Cases,530,03-11,50,50,100
2013,5,Districte V,10,Pubilla Cases,517,65-74,82,56,138
2000,5,Districte V,10,Pubilla Cases,513,00-02,9,9,18
2003,1,Districte I,3,Sant Josep,120,16-17,19,22,41
1997,5,Districte V,10,Pubilla Cases,531,25-34,86,78,164
2001,6,Districte VI,12,Bellvitge,620,75 i +,14,4,18
2006,5,Districte V,10,Pubilla Cases,516,50-64,43,42,85
2009,3,Districte III,6,Santa Eulàlia,318,18-24,38,33,71
2011,3,Districte III,6,Santa Eulàlia,325,35-49,204,168,372
2015,6,Districte VI,12,Bellvitge,615,50-64,50,45,95
2010,4,Districte IV,8,les Planes,436,75 i +,31,23,54
2016,5,Districte V,10,Pubilla Cases,529,18-24,50,48,98
2001,2,Districte II,5,Collblanc,223,35-49,95,113,208
2016,1,Districte I,1,Centre,113,25-34,96,95,191
2016,3,Districte III,6,Santa Eulàlia,315,25-34,125,131,256
2002,6,Districte VI,12,Bellvitge,619,35-49,146,147,293
1999,4,Districte IV,8,les Planes,438,12-15,18,10,28
2014,1,Districte I,3,Sant Josep,122,65-74,64,38,102
2012,4,Districte IV,7,la Florida,408,35-49,125,116,241
2006,1,Districte I,2,Sanfeliu,132,25-34,172,207,379
2009,1,Districte I,1,Centre,131,75 i +,58,42,100
1995,4,Districte IV,7,la Florida,407,00-02,9,11,20
1996,3,Districte III,6,Santa Eulàlia,307,03-11,56,76,132
1995,4,Districte IV,7,la Florida,414,03-11,27,43,70
2002,5,Districte V,10,Pubilla Cases,522,75 i +,33,18,51
2000,4,Districte IV,8,les Planes,438,03-11,25,24,49
2007,2,Districte II,4,la Torrassa,242,18-24,42,54,96
1995,4,Districte IV,7,la Florida,430,50-64,100,109,209
1998,4,Districte IV,8,les Planes,436,25-34,70,89,159
2016,1,Districte I,3,Sant Josep,106,03-11,56,64,120
2016,5,Districte V,9,Can Serra,503,16-17,6,7,13
2006,4,Districte IV,8,les Planes,401,50-64,90,94,184
2008,5,Districte V,10,Pubilla Cases,533,50-64,59,62,121
1999,2,Districte II,4,la Torrassa,234,03-11,23,30,53
1998,6,Districte VI,11,el Gornal,626,12-15,17,22,39
2002,6,Districte VI,12,Bellvitge,612,16-17,8,11,19
1995,3,Districte III,6,Santa Eulàlia,306,65-74,99,76,175
2008,2,Districte II,4,la Torrassa,218,35-49,81,91,172
1999,6,Districte VI,12,Bellvitge,606,35-49,87,101,188
2005,2,Districte II,5,Collblanc,204,12-15,10,9,19
2000,2,Districte II,4,la Torrassa,246,18-24,44,37,81
2008,1,Districte I,1,Centre,105,18-24,47,50,97
2002,5,Districte V,10,Pubilla Cases,513,16-17,4,7,11
1999,1,Districte I,3,Sant Josep,120,03-11,79,76,155
1994,3,Districte III,6,Santa Eulàlia,304,75 i +,60,42,102
1999,4,Districte IV,8,les Planes,442,00-02,4,3,7
2012,2,Districte II,5,Collblanc,225,00-02,8,9,17
2011,1,Districte I,1,Centre,108,25-34,105,105,210
2000,3,Districte III,6,Santa Eulàlia,317,00-02,9,15,24
2007,2,Districte II,4,la Torrassa,240,25-34,73,78,151
2008,5,Districte V,9,Can Serra,502,75 i +,139,64,203
1999,2,Districte II,4,la Torrassa,230,75 i +,41,18,59
2000,4,Districte IV,7,la Florida,417,00-02,6,6,12
2013,1,Districte I,3,Sant Josep,137,00-02,13,19,32
2005,3,Districte III,6,Santa Eulàlia,302,16-17,13,5,18
2007,3,Districte III,6,Santa Eulàlia,316,00-02,17,14,31
2009,2,Districte II,5,Collblanc,208,00-02,10,16,26
2003,2,Districte II,5,Collblanc,219,12-15,14,20,34
2002,2,Districte II,5,Collblanc,221,35-49,103,127,230
2012,1,Districte I,1,Centre,124,75 i +,45,44,89
1995,1,Districte I,3,Sant Josep,117,03-11,92,94,186
2010,3,Districte III,6,Santa Eulàlia,323,16-17,30,27,57
2003,5,Districte V,9,Can Serra,503,50-64,98,109,207
1999,1,Districte I,1,Centre,124,18-24,49,46,95
1994,5,Districte V,10,Pubilla Cases,529,75 i +,59,28,87
2008,1,Districte I,1,Centre,102,35-49,166,183,349
2007,2,Districte II,5,Collblanc,204,65-74,28,22,50
2013,1,Districte I,3,Sant Josep,122,65-74,70,44,114
2000,1,Districte I,3,Sant Josep,125,50-64,129,142,271
2002,6,Districte VI,12,Bellvitge,607,03-11,30,28,58
1999,4,Districte IV,7,la Florida,413,00-02,2,2,4
2004,4,Districte IV,8,les Planes,441,35-49,225,227,452
1994,1,Districte I,1,Centre,128,75 i +,29,13,42
2003,3,Districte III,6,Santa Eulàlia,322,65-74,54,58,112
2015,6,Districte VI,12,Bellvitge,631,35-49,132,132,264
1997,4,Districte IV,8,les Planes,442,50-64,66,61,127
2011,1,Districte I,3,Sant Josep,127,35-49,102,113,215
1996,1,Districte I,3,Sant Josep,138,16-17,14,20,34
1997,2,Districte II,5,Collblanc,219,65-74,79,68,147
2007,2,Districte II,5,Collblanc,213,18-24,58,53,111
1998,1,Districte I,3,Sant Josep,127,12-15,25,16,41
2011,5,Districte V,10,Pubilla Cases,536,65-74,49,40,89
2013,3,Districte III,6,Santa Eulàlia,313,00-02,18,23,41
2004,5,Districte V,10,Pubilla Cases,517,18-24,67,69,136
2015,1,Districte I,1,Centre,107,65-74,101,89,190
2010,1,Districte I,2,Sanfeliu,132,50-64,224,211,435
1994,5,Districte V,10,Pubilla Cases,528,65-74,57,56,113
2007,3,Districte III,6,Santa Eulàlia,303,12-15,15,21,36
2012,6,Districte VI,12,Bellvitge,606,00-02,20,19,39
2001,6,Districte VI,12,Bellvitge,610,35-49,91,93,184
2007,3,Districte III,6,Santa Eulàlia,325,50-64,206,183,389
2004,6,Districte VI,11,el Gornal,608,00-02,10,9,19
2011,6,Districte VI,12,Bellvitge,619,50-64,144,118,262
1997,6,Districte VI,12,Bellvitge,601,25-34,85,140,225
2001,5,Districte V,9,Can Serra,501,65-74,22,23,45
2011,4,Districte IV,8,les Planes,418,00-02,23,13,36
2003,4,Districte IV,7,la Florida,430,16-17,6,7,13
1999,2,Districte II,4,la Torrassa,249,35-49,85,83,168
2001,4,Districte IV,7,la Florida,431,65-74,87,68,155
1994,5,Districte V,10,Pubilla Cases,509,75 i +,36,14,50
2007,3,Districte III,6,Santa Eulàlia,301,75 i +,104,65,169
1997,6,Districte VI,12,Bellvitge,602,75 i +,21,13,34
2007,2,Districte II,5,Collblanc,205,25-34,88,86,174
2016,5,Districte V,10,Pubilla Cases,530,35-49,246,239,485
2003,2,Districte II,4,la Torrassa,233,12-15,9,15,24
2004,2,Districte II,5,Collblanc,207,00-02,6,10,16
2001,6,Districte VI,12,Bellvitge,620,00-02,5,8,13
2007,1,Districte I,1,Centre,110,75 i +,62,36,98
1995,1,Districte I,1,Centre,110,35-49,184,154,338
2000,1,Districte I,3,Sant Josep,121,16-17,3,3,6
2007,6,Districte VI,12,Bellvitge,605,03-11,17,21,38
1999,1,Districte I,3,Sant Josep,126,25-34,105,129,234
1995,1,Districte I,1,Centre,108,65-74,94,75,169
2005,3,Districte III,6,Santa Eulàlia,315,35-49,205,191,396
1998,5,Districte V,9,Can Serra,507,00-02,8,12,20
1994,5,Districte V,9,Can Serra,535,75 i +,26,16,42
2002,2,Districte II,4,la Torrassa,235,35-49,109,134,243
1996,2,Districte II,5,Collblanc,206,16-17,7,8,15
2000,5,Districte V,10,Pubilla Cases,517,75 i +,49,30,79
2009,5,Districte V,9,Can Serra,507,25-34,73,78,151
2010,1,Districte I,1,Centre,111,75 i +,55,46,101
2011,6,Districte VI,11,el Gornal,632,16-17,10,11,21
1995,2,Districte II,5,Collblanc,220,12-15,16,15,31
2008,5,Districte V,10,Pubilla Cases,517,25-34,134,179,313
2005,4,Districte IV,7,la Florida,428,25-34,58,82,140
2015,1,Districte I,3,Sant Josep,121,75 i +,78,43,121
1999,2,Districte II,4,la Torrassa,245,03-11,25,29,54
2003,5,Districte V,9,Can Serra,504,12-15,10,15,25
2016,4,Districte IV,8,les Planes,419,25-34,138,161,299
2010,2,Districte II,5,Collblanc,219,75 i +,92,49,141
2015,5,Districte V,10,Pubilla Cases,528,03-11,47,55,102
2005,6,Districte VI,12,Bellvitge,609,12-15,16,8,24
1999,5,Districte V,10,Pubilla Cases,538,50-64,130,106,236
1994,2,Districte II,4,la Torrassa,231,16-17,16,16,32
2005,4,Districte IV,7,la Florida,417,35-49,70,87,157
2012,3,Districte III,6,Santa Eulàlia,302,00-02,26,28,54
1997,6,Districte VI,12,Bellvitge,603,75 i +,11,12,23
2014,1,Districte I,1,Centre,103,35-49,104,116,220
1999,3,Districte III,6,Santa Eulàlia,309,35-49,92,71,163
2012,2,Districte II,4,la Torrassa,235,75 i +,87,58,145
2009,2,Districte II,5,Collblanc,209,35-49,133,124,257
2013,6,Districte VI,12,Bellvitge,610,65-74,135,104,239
2000,3,Districte III,6,Santa Eulàlia,307,16-17,21,13,34
1994,2,Districte II,5,Collblanc,220,35-49,68,57,125
2009,4,Districte IV,7,la Florida,411,25-34,73,93,166
2011,2,Districte II,5,Collblanc,213,50-64,85,79,164
2001,1,Districte I,3,Sant Josep,117,75 i +,59,33,92
2010,2,Districte II,4,la Torrassa,234,03-11,29,47,76
1996,1,Districte I,1,Centre,131,25-34,110,120,230
1997,6,Districte VI,12,Bellvitge,628,50-64,131,152,283
2001,6,Districte VI,12,Bellvitge,613,00-02,14,15,29
2010,6,Districte VI,11,el Gornal,608,35-49,83,111,194
2003,2,Districte II,4,la Torrassa,239,03-11,31,42,73
2014,3,Districte III,6,Santa Eulàlia,322,16-17,20,14,34
2005,6,Districte VI,12,Bellvitge,610,00-02,15,14,29
2016,1,Districte I,3,Sant Josep,120,12-15,23,48,71
2012,6,Districte VI,11,el Gornal,632,50-64,78,64,142
1999,1,Districte I,1,Centre,112,00-02,14,16,30
2003,3,Districte III,6,Santa Eulàlia,314,65-74,69,66,135
1994,3,Districte III,6,Santa Eulàlia,314,25-34,203,183,386
1994,5,Districte V,10,Pubilla Cases,509,65-74,25,29,54
1999,6,Districte VI,12,Bellvitge,628,12-15,21,20,41
2012,3,Districte III,6,Santa Eulàlia,303,65-74,131,102,233
2004,4,Districte IV,7,la Florida,430,25-34,86,119,205
2014,3,Districte III,6,Santa Eulàlia,311,50-64,109,93,202
2011,1,Districte I,3,Sant Josep,138,12-15,20,13,33
2010,4,Districte IV,8,les Planes,439,03-11,57,54,111
2007,2,Districte II,5,Collblanc,213,25-34,83,135,218
2000,4,Districte IV,7,la Florida,405,16-17,6,3,9
2014,2,Districte II,4,la Torrassa,234,35-49,134,139,273
2016,1,Districte I,1,Centre,103,25-34,42,37,79
1996,5,Districte V,10,Pubilla Cases,518,75 i +,49,27,76
2016,4,Districte IV,7,la Florida,406,03-11,57,60,117
2001,1,Districte I,3,Sant Josep,122,18-24,39,28,67
2003,4,Districte IV,7,la Florida,405,16-17,8,3,11
1995,5,Districte V,10,Pubilla Cases,514,16-17,6,11,17
1994,6,Districte VI,12,Bellvitge,615,65-74,31,19,50
2015,1,Districte I,3,Sant Josep,136,25-34,84,53,137
2008,1,Districte I,2,Sanfeliu,132,65-74,95,89,184
2005,1,Districte I,3,Sant Josep,125,18-24,51,67,118
2007,4,Districte IV,7,la Florida,414,35-49,97,113,210
2008,4,Districte IV,8,les Planes,419,65-74,49,34,83
2003,4,Districte IV,7,la Florida,404,75 i +,63,27,90
2014,4,Districte IV,7,la Florida,425,16-17,10,10,20
2011,4,Districte IV,7,la Florida,403,03-11,43,35,78
2014,3,Districte III,13,Granvia Sud,320,75 i +,49,28,77
1997,3,Districte III,6,Santa Eulàlia,310,00-02,7,8,15
2013,5,Districte V,10,Pubilla Cases,526,65-74,77,60,137
1996,4,Districte IV,8,les Planes,442,65-74,40,28,68
2016,5,Districte V,10,Pubilla Cases,526,16-17,15,22,37
2005,4,Districte IV,7,la Florida,430,12-15,9,16,25
1997,5,Districte V,10,Pubilla Cases,537,75 i +,47,26,73
1994,2,Districte II,5,Collblanc,215,12-15,14,21,35
2002,4,Districte IV,7,la Florida,407,75 i +,45,38,83
2016,2,Districte II,4,la Torrassa,233,03-11,37,47,84
2002,6,Districte VI,12,Bellvitge,627,03-11,26,29,55
2004,2,Districte II,4,la Torrassa,248,35-49,128,159,287
2008,4,Districte IV,7,la Florida,410,65-74,131,98,229
2005,1,Districte I,2,Sanfeliu,118,03-11,64,69,133
1999,6,Districte VI,12,Bellvitge,614,50-64,140,126,266
2016,1,Districte I,1,Centre,101,18-24,64,68,132
1997,2,Districte II,5,Collblanc,204,35-49,43,46,89
2005,4,Districte IV,7,la Florida,412,18-24,82,92,174
2004,2,Districte II,5,Collblanc,209,50-64,70,68,138
2016,4,Districte IV,7,la Florida,404,65-74,68,50,118
2001,2,Districte II,4,la Torrassa,237,18-24,46,48,94
2003,3,Districte III,6,Santa Eulàlia,323,65-74,82,52,134
2007,4,Districte IV,7,la Florida,406,12-15,22,27,49
1994,4,Districte IV,7,la Florida,416,03-11,17,16,33
2014,6,Districte VI,12,Bellvitge,624,03-11,38,45,83
1999,2,Districte II,5,Collblanc,216,12-15,21,22,43
2007,4,Districte IV,8,les Planes,436,16-17,7,11,18
2005,4,Districte IV,7,la Florida,428,75 i +,27,22,49
1998,6,Districte VI,12,Bellvitge,625,35-49,214,187,401
1997,1,Districte I,3,Sant Josep,117,65-74,66,49,115
1995,6,Districte VI,12,Bellvitge,619,50-64,160,167,327
2003,2,Districte II,4,la Torrassa,242,35-49,114,112,226
2014,3,Districte III,6,Santa Eulàlia,315,75 i +,49,39,88
1995,6,Districte VI,12,Bellvitge,603,65-74,24,25,49
2014,2,Districte II,5,Collblanc,226,50-64,168,138,306
2007,5,Districte V,10,Pubilla Cases,517,75 i +,59,27,86
2010,5,Districte V,9,Can Serra,504,12-15,14,18,32
2013,4,Districte IV,7,la Florida,423,03-11,53,45,98
2010,2,Districte II,4,la Torrassa,235,35-49,200,217,417
2005,1,Districte I,2,Sanfeliu,116,03-11,61,48,109
2008,4,Districte IV,7,la Florida,407,50-64,83,69,152
2008,2,Districte II,4,la Torrassa,236,16-17,16,10,26
2013,6,Districte VI,12,Bellvitge,625,00-02,11,20,31
2005,6,Districte VI,12,Bellvitge,619,50-64,147,135,282
2009,6,Districte VI,12,Bellvitge,605,25-34,53,59,112
1997,6,Districte VI,12,Bellvitge,610,16-17,28,14,42
2015,4,Districte IV,8,les Planes,437,25-34,106,126,232
2004,4,Districte IV,7,la Florida,422,12-15,17,19,36
2003,3,Districte III,6,Santa Eulàlia,308,35-49,213,240,453
2006,2,Districte II,4,la Torrassa,231,75 i +,91,44,135
2002,5,Districte V,10,Pubilla Cases,519,12-15,7,8,15
1995,4,Districte IV,7,la Florida,424,03-11,25,17,42
2000,3,Districte III,6,Santa Eulàlia,302,35-49,157,114,271
2015,4,Districte IV,7,la Florida,427,03-11,82,90,172
1994,4,Districte IV,7,la Florida,421,03-11,24,44,68
2005,5,Districte V,10,Pubilla Cases,533,00-02,19,16,35
2002,4,Districte IV,7,la Florida,427,50-64,68,56,124
2002,6,Districte VI,12,Bellvitge,624,16-17,8,8,16
2011,5,Districte V,10,Pubilla Cases,523,65-74,84,69,153
1996,4,Districte IV,7,la Florida,402,18-24,49,47,96
2011,4,Districte IV,7,la Florida,425,25-34,69,107,176
2004,6,Districte VI,12,Bellvitge,613,65-74,77,77,154
2000,2,Districte II,4,la Torrassa,233,75 i +,74,29,103
1998,1,Districte I,1,Centre,107,25-34,148,184,332
2000,2,Districte II,5,Collblanc,204,12-15,6,12,18
2010,1,Districte I,1,Centre,131,35-49,155,180,335
2013,4,Districte IV,8,les Planes,401,50-64,116,100,216
2000,2,Districte II,5,Collblanc,212,16-17,14,8,22
2002,6,Districte VI,11,el Gornal,608,00-02,9,7,16
1994,2,Districte II,4,la Torrassa,248,35-49,111,84,195
2013,6,Districte VI,12,Bellvitge,614,25-34,36,67,103
2009,2,Districte II,5,Collblanc,210,35-49,103,90,193
2013,2,Districte II,5,Collblanc,216,75 i +,77,56,133
1998,2,Districte II,5,Collblanc,205,65-74,55,50,105
1998,1,Districte I,1,Centre,130,35-49,67,79,146
1996,1,Districte I,3,Sant Josep,122,65-74,46,34,80
2014,3,Districte III,6,Santa Eulàlia,310,25-34,74,67,141
1996,5,Districte V,10,Pubilla Cases,510,18-24,86,70,156
2012,1,Districte I,3,Sant Josep,120,16-17,12,17,29
2004,5,Districte V,9,Can Serra,506,50-64,259,225,484
2007,2,Districte II,5,Collblanc,221,18-24,56,40,96
2001,6,Districte VI,12,Bellvitge,601,00-02,12,7,19
2010,1,Districte I,2,Sanfeliu,132,35-49,217,276,493
1995,2,Districte II,5,Collblanc,212,03-11,41,57,98
1996,6,Districte VI,12,Bellvitge,619,00-02,10,14,24
1998,5,Districte V,10,Pubilla Cases,514,00-02,8,9,17
2011,3,Districte III,6,Santa Eulàlia,325,25-34,109,140,249
2005,4,Districte IV,8,les Planes,419,03-11,39,44,83
1998,4,Districte IV,7,la Florida,412,12-15,36,35,71
1999,1,Districte I,3,Sant Josep,140,50-64,118,111,229
2013,1,Districte I,3,Sant Josep,136,03-11,57,50,107
2011,1,Districte I,3,Sant Josep,125,50-64,159,151,310
2006,4,Districte IV,7,la Florida,413,16-17,5,5,10
1998,5,Districte V,10,Pubilla Cases,511,12-15,5,8,13
2005,2,Districte II,5,Collblanc,214,75 i +,31,17,48
2014,3,Districte III,6,Santa Eulàlia,318,50-64,107,101,208
2009,2,Districte II,4,la Torrassa,246,18-24,47,51,98
1996,5,Districte V,10,Pubilla Cases,525,00-02,9,5,14
1995,2,Districte II,5,Collblanc,212,12-15,24,23,47
1999,1,Districte I,1,Centre,103,65-74,39,34,73
2005,6,Districte VI,12,Bellvitge,603,16-17,3,9,12
2014,4,Districte IV,7,la Florida,421,35-49,159,163,322
2010,2,Districte II,4,la Torrassa,228,03-11,26,31,57
2004,6,Districte VI,12,Bellvitge,606,00-02,15,11,26
2008,6,Districte VI,12,Bellvitge,607,00-02,16,17,33
1994,2,Districte II,4,la Torrassa,245,75 i +,55,26,81
2010,2,Districte II,4,la Torrassa,248,35-49,186,180,366
1999,4,Districte IV,8,les Planes,436,18-24,42,45,87
2000,5,Districte V,9,Can Serra,506,12-15,38,40,78
2014,1,Districte I,1,Centre,112,25-34,99,86,185
1999,5,Districte V,10,Pubilla Cases,533,18-24,41,47,88
2007,4,Districte IV,7,la Florida,431,12-15,27,35,62
2002,4,Districte IV,7,la Florida,405,35-49,77,75,152
1995,3,Districte III,6,Santa Eulàlia,301,00-02,10,16,26
2003,4,Districte IV,7,la Florida,417,00-02,5,12,17
2013,3,Districte III,6,Santa Eulàlia,322,12-15,25,24,49
2010,6,Districte VI,12,Bellvitge,601,25-34,90,116,206
1998,3,Districte III,6,Santa Eulàlia,323,65-74,59,39,98
1998,5,Districte V,10,Pubilla Cases,508,12-15,12,14,26
2001,2,Districte II,5,Collblanc,227,03-11,21,18,39
2008,1,Districte I,3,Sant Josep,121,12-15,15,19,34
2016,4,Districte IV,7,la Florida,430,16-17,6,12,18
1998,1,Districte I,3,Sant Josep,121,35-49,53,74,127
1998,2,Districte II,4,la Torrassa,238,50-64,72,62,134
2001,6,Districte VI,12,Bellvitge,618,12-15,15,9,24
2011,5,Districte V,10,Pubilla Cases,536,12-15,12,15,27
2013,6,Districte VI,12,Bellvitge,610,75 i +,71,60,131
2009,1,Districte I,2,Sanfeliu,118,18-24,77,64,141
2001,3,Districte III,6,Santa Eulàlia,322,25-34,126,130,256
2012,2,Districte II,5,Collblanc,216,12-15,22,9,31
2003,4,Districte IV,7,la Florida,430,18-24,55,39,94
2004,5,Districte V,10,Pubilla Cases,529,12-15,16,30,46
1999,6,Districte VI,12,Bellvitge,614,35-49,82,71,153
2011,1,Districte I,3,Sant Josep,106,12-15,19,25,44
2003,1,Districte I,1,Centre,134,25-34,104,96,200
2016,4,Districte IV,7,la Florida,421,12-15,29,19,48
2001,4,Districte IV,8,les Planes,418,00-02,14,9,23
1999,2,Districte II,5,Collblanc,207,35-49,75,66,141
2011,5,Districte V,9,Can Serra,521,12-15,14,17,31
2005,2,Districte II,4,la Torrassa,247,00-02,15,27,42
2011,5,Districte V,10,Pubilla Cases,538,00-02,23,14,37
1996,2,Districte II,4,la Torrassa,240,75 i +,40,12,52
1999,6,Districte VI,12,Bellvitge,625,50-64,118,136,254
1995,1,Districte I,1,Centre,103,03-11,27,23,50
2000,3,Districte III,6,Santa Eulàlia,305,65-74,84,54,138
2014,1,Districte I,3,Sant Josep,121,00-02,6,10,16
1999,2,Districte II,4,la Torrassa,236,12-15,13,11,24
2000,5,Districte V,10,Pubilla Cases,515,75 i +,24,14,38
2001,4,Districte IV,7,la Florida,411,16-17,4,5,9
1995,6,Districte VI,12,Bellvitge,625,65-74,16,21,37
1999,4,Districte IV,7,la Florida,413,12-15,6,9,15
2012,6,Districte VI,12,Bellvitge,621,12-15,21,31,52
2016,5,Districte V,10,Pubilla Cases,531,50-64,81,82,163
2013,1,Districte I,3,Sant Josep,114,65-74,119,91,210
1996,5,Districte V,10,Pubilla Cases,534,50-64,92,99,191
2004,5,Districte V,10,Pubilla Cases,538,50-64,117,79,196
2014,2,Districte II,5,Collblanc,216,00-02,17,17,34
1994,3,Districte III,6,Santa Eulàlia,308,00-02,8,9,17
2002,4,Districte IV,7,la Florida,430,03-11,28,43,71
2006,2,Districte II,4,la Torrassa,240,12-15,14,16,30
2004,6,Districte VI,12,Bellvitge,605,00-02,9,5,14
2011,2,Districte II,4,la Torrassa,234,25-34,95,93,188
2013,3,Districte III,6,Santa Eulàlia,308,25-34,129,120,249
1997,2,Districte II,5,Collblanc,202,00-02,3,8,11
2004,1,Districte I,1,Centre,105,16-17,9,15,24
1996,1,Districte I,1,Centre,123,65-74,76,63,139
2010,2,Districte II,4,la Torrassa,241,16-17,8,7,15
1997,6,Districte VI,12,Bellvitge,631,35-49,134,85,219
2012,2,Districte II,5,Collblanc,205,35-49,113,111,224
2004,6,Districte VI,12,Bellvitge,631,50-64,170,143,313
2015,3,Districte III,6,Santa Eulàlia,327,18-24,47,37,84
2007,6,Districte VI,11,el Gornal,608,75 i +,41,28,69
2001,4,Districte IV,7,la Florida,404,12-15,15,15,30
1999,4,Districte IV,8,les Planes,441,03-11,85,74,159
2000,6,Districte VI,12,Bellvitge,625,75 i +,15,8,23
2007,1,Districte I,2,Sanfeliu,118,18-24,97,87,184
1994,4,Districte IV,8,les Planes,437,25-34,68,94,162
2004,6,Districte VI,12,Bellvitge,618,16-17,12,6,18
2016,2,Districte II,5,Collblanc,213,03-11,37,56,93
1998,2,Districte II,4,la Torrassa,211,00-02,12,12,24
2004,1,Districte I,3,Sant Josep,115,35-49,149,152,301
2010,2,Districte II,4,la Torrassa,232,16-17,9,8,17
2015,1,Districte I,1,Centre,103,75 i +,54,33,87
2008,5,Districte V,10,Pubilla Cases,517,18-24,51,65,116
2002,3,Districte III,6,Santa Eulàlia,323,16-17,30,24,54
2000,4,Districte IV,7,la Florida,412,50-64,181,169,350
2002,1,Districte I,3,Sant Josep,117,35-49,253,244,497
2005,3,Districte III,6,Santa Eulàlia,316,35-49,263,176,439
2005,6,Districte VI,12,Bellvitge,624,75 i +,31,19,50
2015,1,Districte I,1,Centre,104,12-15,9,22,31
2004,3,Districte III,6,Santa Eulàlia,303,35-49,113,136,249
2011,5,Districte V,9,Can Serra,503,75 i +,41,22,63
2000,6,Districte VI,12,Bellvitge,601,16-17,12,16,28
2002,6,Districte VI,12,Bellvitge,628,75 i +,35,19,54
1999,4,Districte IV,7,la Florida,408,00-02,5,15,20
2014,5,Districte V,10,Pubilla Cases,537,00-02,16,18,34
2010,4,Districte IV,7,la Florida,410,16-17,12,14,26
2014,5,Districte V,9,Can Serra,501,50-64,116,90,206
2008,3,Districte III,6,Santa Eulàlia,322,75 i +,56,43,99
2005,1,Districte I,1,Centre,134,75 i +,66,32,98
2013,5,Districte V,10,Pubilla Cases,508,65-74,68,48,116
2001,5,Districte V,10,Pubilla Cases,524,25-34,131,122,253
2015,1,Districte I,3,Sant Josep,138,12-15,14,9,23
1999,5,Districte V,10,Pubilla Cases,537,25-34,107,93,200
2003,1,Districte I,2,Sanfeliu,116,16-17,18,7,25
1999,6,Districte VI,11,el Gornal,616,75 i +,31,19,50
2014,3,Districte III,6,Santa Eulàlia,310,16-17,3,7,10
2003,4,Districte IV,7,la Florida,430,03-11,29,50,79
2001,1,Districte I,3,Sant Josep,115,18-24,73,74,147
2009,2,Districte II,5,Collblanc,222,25-34,92,102,194
2001,2,Districte II,5,Collblanc,208,50-64,186,155,341
2004,1,Districte I,2,Sanfeliu,116,50-64,196,162,358
2008,5,Districte V,10,Pubilla Cases,509,03-11,34,38,72
1999,4,Districte IV,7,la Florida,405,00-02,10,13,23
2004,2,Districte II,5,Collblanc,216,00-02,24,16,40
1996,2,Districte II,4,la Torrassa,229,50-64,67,66,133
2011,2,Districte II,4,la Torrassa,211,65-74,48,37,85
2002,6,Districte VI,12,Bellvitge,630,75 i +,22,16,38
2001,2,Districte II,4,la Torrassa,246,35-49,98,112,210
2006,3,Districte III,6,Santa Eulàlia,305,75 i +,95,55,150
2002,6,Districte VI,12,Bellvitge,601,75 i +,57,25,82
1996,2,Districte II,5,Collblanc,208,35-49,177,157,334
2003,1,Districte I,1,Centre,113,35-49,188,149,337
2010,5,Districte V,10,Pubilla Cases,510,65-74,57,57,114
2007,5,Districte V,9,Can Serra,521,65-74,65,69,134
1999,5,Districte V,9,Can Serra,507,03-11,23,27,50
1996,5,Districte V,10,Pubilla Cases,517,03-11,39,41,80
2005,4,Districte IV,8,les Planes,420,03-11,50,67,117
1999,1,Districte I,3,Sant Josep,106,65-74,54,41,95
2003,5,Districte V,9,Can Serra,502,18-24,85,73,158
2005,2,Districte II,4,la Torrassa,241,50-64,45,56,101
2013,6,Districte VI,12,Bellvitge,602,35-49,160,166,326
2013,5,Districte V,10,Pubilla Cases,532,03-11,61,61,122
2006,1,Districte I,1,Centre,102,12-15,23,27,50
2002,4,Districte IV,7,la Florida,417,50-64,58,47,105
2009,2,Districte II,5,Collblanc,212,12-15,15,38,53
2004,2,Districte II,5,Collblanc,208,75 i +,132,83,215
1997,3,Districte III,6,Santa Eulàlia,314,03-11,96,128,224
2000,3,Districte III,6,Santa Eulàlia,306,25-34,123,122,245
2002,2,Districte II,5,Collblanc,221,03-11,42,37,79
2006,1,Districte I,3,Sant Josep,121,25-34,73,79,152
2004,4,Districte IV,8,les Planes,419,25-34,83,108,191
2016,3,Districte III,6,Santa Eulàlia,308,50-64,212,197,409
1998,5,Districte V,10,Pubilla Cases,525,18-24,42,53,95
1996,4,Districte IV,7,la Florida,408,12-15,19,25,44
2002,3,Districte III,6,Santa Eulàlia,309,65-74,32,21,53
2008,1,Districte I,3,Sant Josep,127,18-24,37,37,74
1996,2,Districte II,5,Collblanc,215,00-02,11,7,18
2004,4,Districte IV,7,la Florida,416,18-24,36,26,62
2015,6,Districte VI,12,Bellvitge,627,18-24,14,29,43
2016,4,Districte IV,7,la Florida,407,35-49,121,138,259
1996,3,Districte III,6,Santa Eulàlia,301,18-24,138,151,289
2003,5,Districte V,9,Can Serra,506,75 i +,65,40,105
1997,3,Districte III,6,Santa Eulàlia,304,00-02,9,14,23
2000,4,Districte IV,8,les Planes,429,25-34,30,40,70
2001,2,Districte II,4,la Torrassa,245,75 i +,70,35,105
2006,5,Districte V,10,Pubilla Cases,530,35-49,164,162,326
2002,4,Districte IV,7,la Florida,411,75 i +,55,41,96
2015,2,Districte II,4,la Torrassa,231,00-02,22,24,46
2000,3,Districte III,6,Santa Eulàlia,303,12-15,17,21,38
2011,4,Districte IV,7,la Florida,422,12-15,20,14,34
2002,5,Districte V,10,Pubilla Cases,530,35-49,133,142,275
2002,4,Districte IV,7,la Florida,423,03-11,35,26,61
1997,4,Districte IV,7,la Florida,403,50-64,162,154,316
2010,5,Districte V,9,Can Serra,521,16-17,3,6,9
2010,6,Districte VI,12,Bellvitge,621,18-24,44,40,84
2015,1,Districte I,3,Sant Josep,125,25-34,91,94,185
2007,2,Districte II,5,Collblanc,208,35-49,166,176,342
1999,2,Districte II,4,la Torrassa,229,16-17,2,4,6
2001,4,Districte IV,7,la Florida,409,03-11,13,19,32
2000,3,Districte III,6,Santa Eulàlia,309,18-24,40,49,89
2011,2,Districte II,5,Collblanc,205,35-49,116,112,228
2003,1,Districte I,1,Centre,110,65-74,64,42,106
2000,4,Districte IV,7,la Florida,404,18-24,55,66,121
2004,2,Districte II,4,la Torrassa,231,50-64,84,63,147
2002,2,Districte II,5,Collblanc,208,65-74,141,134,275
2005,1,Districte I,2,Sanfeliu,129,25-34,135,133,268
2008,1,Districte I,3,Sant Josep,114,16-17,11,9,20
1999,4,Districte IV,7,la Florida,415,00-02,3,10,13
2009,3,Districte III,6,Santa Eulàlia,314,65-74,77,73,150
1996,6,Districte VI,12,Bellvitge,625,50-64,111,118,229
2008,1,Districte I,1,Centre,111,65-74,65,47,112
2011,4,Districte IV,7,la Florida,414,25-34,78,86,164
2002,3,Districte III,6,Santa Eulàlia,307,75 i +,72,39,111
1994,2,Districte II,5,Collblanc,221,50-64,125,129,254
2004,5,Districte V,10,Pubilla Cases,526,16-17,4,7,11
2000,5,Districte V,10,Pubilla Cases,530,03-11,50,42,92
2012,6,Districte VI,12,Bellvitge,627,16-17,3,7,10
2004,4,Districte IV,7,la Florida,424,35-49,53,62,115
2008,2,Districte II,5,Collblanc,221,35-49,135,135,270
2009,4,Districte IV,7,la Florida,431,25-34,164,189,353
1994,4,Districte IV,7,la Florida,413,65-74,37,30,67
2008,2,Districte II,4,la Torrassa,238,03-11,41,40,81
2012,3,Districte III,6,Santa Eulàlia,322,35-49,192,178,370
2013,1,Districte I,2,Sanfeliu,129,50-64,92,81,173
2007,6,Districte VI,12,Bellvitge,631,16-17,13,8,21
2002,6,Districte VI,11,el Gornal,629,35-49,66,59,125
2007,6,Districte VI,11,el Gornal,622,25-34,60,83,143
1996,2,Districte II,5,Collblanc,209,12-15,9,13,22
2004,6,Districte VI,12,Bellvitge,624,03-11,29,34,63
2005,5,Districte V,10,Pubilla Cases,511,18-24,21,30,51
2000,2,Districte II,4,la Torrassa,245,12-15,10,19,29
2005,2,Districte II,4,la Torrassa,237,35-49,154,202,356
2016,2,Districte II,4,la Torrassa,238,03-11,42,55,97
1995,4,Districte IV,7,la Florida,416,00-02,7,5,12
2016,5,Districte V,10,Pubilla Cases,513,65-74,57,37,94
2000,6,Districte VI,12,Bellvitge,630,50-64,105,118,223
2015,1,Districte I,1,Centre,135,50-64,165,145,310
2010,5,Districte V,10,Pubilla Cases,525,18-24,44,40,84
1997,4,Districte IV,8,les Planes,401,03-11,56,42,98
2011,6,Districte VI,12,Bellvitge,604,12-15,11,10,21
2013,3,Districte III,6,Santa Eulàlia,305,50-64,192,180,372
2006,3,Districte III,6,Santa Eulàlia,316,25-34,151,166,317
1998,4,Districte IV,7,la Florida,406,00-02,9,14,23
2015,1,Districte I,1,Centre,110,03-11,44,34,78
1998,4,Districte IV,8,les Planes,433,03-11,44,36,80
2010,4,Districte IV,8,les Planes,435,50-64,88,78,166
2013,5,Districte V,10,Pubilla Cases,513,16-17,18,13,31
2016,6,Districte VI,12,Bellvitge,630,18-24,19,34,53
2010,4,Districte IV,8,les Planes,401,00-02,20,24,44
1999,5,Districte V,10,Pubilla Cases,508,16-17,9,6,15
2006,5,Districte V,9,Can Serra,505,35-49,115,106,221
2004,4,Districte IV,8,les Planes,429,12-15,9,13,22
2010,6,Districte VI,12,Bellvitge,625,35-49,113,114,227
2006,5,Districte V,9,Can Serra,501,03-11,41,40,81
1998,1,Districte I,1,Centre,104,50-64,81,74,155
2009,2,Districte II,5,Collblanc,212,18-24,53,64,117
2010,6,Districte VI,12,Bellvitge,621,12-15,26,28,54
2007,4,Districte IV,7,la Florida,415,35-49,91,140,231
1996,1,Districte I,3,Sant Josep,114,16-17,32,30,62
2011,4,Districte IV,7,la Florida,426,03-11,51,55,106
2016,6,Districte VI,12,Bellvitge,623,03-11,54,61,115
2003,4,Districte IV,7,la Florida,425,00-02,13,7,20
2010,5,Districte V,10,Pubilla Cases,526,50-64,54,51,105
2011,3,Districte III,6,Santa Eulàlia,324,50-64,74,67,141
2009,4,Districte IV,7,la Florida,416,75 i +,47,39,86
2012,1,Districte I,1,Centre,108,25-34,109,95,204
1994,5,Districte V,10,Pubilla Cases,524,18-24,106,85,191
2000,4,Districte IV,7,la Florida,431,03-11,34,37,71
1994,1,Districte I,3,Sant Josep,127,03-11,60,44,104
1999,2,Districte II,4,la Torrassa,239,65-74,101,75,176
1994,2,Districte II,4,la Torrassa,235,16-17,14,23,37
1997,1,Districte I,3,Sant Josep,137,25-34,102,93,195
1997,5,Districte V,10,Pubilla Cases,527,35-49,76,96,172
2011,1,Districte I,3,Sant Josep,136,18-24,40,38,78
1997,4,Districte IV,8,les Planes,418,50-64,132,116,248
1994,2,Districte II,4,la Torrassa,217,16-17,5,8,13
2013,1,Districte I,3,Sant Josep,137,75 i +,59,37,96
2005,6,Districte VI,12,Bellvitge,604,00-02,9,9,18
2002,5,Districte V,9,Can Serra,502,00-02,14,17,31
2001,1,Districte I,3,Sant Josep,126,35-49,58,55,113
2006,5,Districte V,10,Pubilla Cases,537,00-02,18,4,22
2000,6,Districte VI,12,Bellvitge,603,65-74,24,23,47
2002,5,Districte V,9,Can Serra,506,65-74,87,83,170
2003,1,Districte I,1,Centre,109,75 i +,57,35,92
2009,2,Districte II,4,la Torrassa,235,03-11,69,86,155
2007,1,Districte I,3,Sant Josep,115,16-17,4,17,21
2008,2,Districte II,5,Collblanc,244,00-02,9,11,20
2012,4,Districte IV,8,les Planes,441,25-34,193,187,380
1999,3,Districte III,6,Santa Eulàlia,308,12-15,30,37,67
2012,5,Districte V,10,Pubilla Cases,536,35-49,111,126,237
2003,2,Districte II,4,la Torrassa,231,35-49,118,109,227
2010,2,Districte II,5,Collblanc,221,50-64,86,82,168
2003,1,Districte I,3,Sant Josep,126,25-34,118,127,245
2001,2,Districte II,5,Collblanc,215,25-34,64,69,133
1995,1,Districte I,3,Sant Josep,106,16-17,46,61,107
1994,2,Districte II,5,Collblanc,205,00-02,9,5,14
2006,5,Districte V,10,Pubilla Cases,515,25-34,61,69,130
2001,5,Districte V,9,Can Serra,535,75 i +,41,28,69
2012,6,Districte VI,12,Bellvitge,604,16-17,6,4,10
1994,4,Districte IV,7,la Florida,428,65-74,29,36,65
2003,3,Districte III,6,Santa Eulàlia,316,00-02,4,21,25
2005,6,Districte VI,11,el Gornal,626,16-17,10,5,15
2001,6,Districte VI,12,Bellvitge,604,03-11,26,34,60
2012,5,Districte V,10,Pubilla Cases,519,35-49,75,100,175
2001,2,Districte II,5,Collblanc,221,50-64,98,93,191
2000,6,Districte VI,12,Bellvitge,606,35-49,84,96,180
1994,3,Districte III,6,Santa Eulàlia,318,75 i +,6,10,16
2000,6,Districte VI,12,Bellvitge,620,03-11,20,31,51
2012,5,Districte V,10,Pubilla Cases,520,25-34,58,57,115
2013,4,Districte IV,7,la Florida,412,00-02,12,18,30
2010,5,Districte V,10,Pubilla Cases,508,12-15,10,9,19
1994,4,Districte IV,7,la Florida,404,75 i +,51,28,79
2016,2,Districte II,4,la Torrassa,237,65-74,64,49,113
2012,5,Districte V,10,Pubilla Cases,522,18-24,33,27,60
2009,1,Districte I,1,Centre,131,65-74,68,62,130
2004,4,Districte IV,7,la Florida,413,03-11,21,20,41
1999,4,Districte IV,7,la Florida,431,75 i +,65,38,103
2009,1,Districte I,3,Sant Josep,127,12-15,10,11,21
2012,1,Districte I,1,Centre,130,03-11,49,41,90
2012,5,Districte V,10,Pubilla Cases,511,50-64,51,46,97
2010,6,Districte VI,12,Bellvitge,605,00-02,12,13,25
1994,6,Districte VI,12,Bellvitge,606,65-74,55,40,95
1998,1,Districte I,3,Sant Josep,139,03-11,27,36,63
2012,6,Districte VI,12,Bellvitge,631,65-74,100,99,199
1998,2,Districte II,4,la Torrassa,229,35-49,49,48,97
2016,1,Districte I,1,Centre,102,50-64,152,132,284
2002,1,Districte I,2,Sanfeliu,118,18-24,127,128,255
1996,2,Districte II,4,la Torrassa,241,35-49,51,58,109
2013,5,Districte V,10,Pubilla Cases,533,03-11,83,96,179
2016,4,Districte IV,7,la Florida,406,18-24,60,54,114
1995,6,Districte VI,12,Bellvitge,631,16-17,21,24,45
2010,4,Districte IV,7,la Florida,427,00-02,19,25,44
1994,2,Districte II,5,Collblanc,210,65-74,80,75,155
1994,2,Districte II,5,Collblanc,201,00-02,4,4,8
2000,3,Districte III,6,Santa Eulàlia,308,12-15,29,33,62
1997,4,Districte IV,8,les Planes,437,16-17,7,10,17
2016,1,Districte I,1,Centre,112,00-02,23,23,46
1999,4,Districte IV,7,la Florida,409,18-24,45,43,88
2005,2,Districte II,5,Collblanc,225,65-74,34,23,57
1994,2,Districte II,5,Collblanc,204,12-15,6,11,17
2004,5,Districte V,10,Pubilla Cases,514,18-24,35,32,67
2014,1,Districte I,1,Centre,109,25-34,87,78,165
2006,6,Districte VI,12,Bellvitge,603,00-02,4,7,11
1997,6,Districte VI,12,Bellvitge,628,16-17,16,20,36
1996,6,Districte VI,12,Bellvitge,631,18-24,127,149,276
1999,2,Districte II,4,la Torrassa,246,16-17,9,9,18
2012,4,Districte IV,7,la Florida,417,65-74,30,22,52
1994,2,Districte II,4,la Torrassa,240,25-34,46,62,108
2010,5,Districte V,10,Pubilla Cases,527,00-02,26,27,53
2005,4,Districte IV,8,les Planes,439,16-17,5,13,18
2011,6,Districte VI,12,Bellvitge,611,03-11,90,91,181
1998,5,Districte V,10,Pubilla Cases,524,75 i +,49,26,75
2000,3,Districte III,6,Santa Eulàlia,301,00-02,32,17,49
2010,1,Districte I,2,Sanfeliu,132,25-34,162,188,350
2009,5,Districte V,10,Pubilla Cases,530,25-34,131,143,274
1997,5,Districte V,9,Can Serra,506,35-49,256,217,473
2010,4,Districte IV,7,la Florida,405,00-02,14,14,28
2001,6,Districte VI,11,el Gornal,608,12-15,15,20,35
1999,6,Districte VI,12,Bellvitge,614,16-17,8,15,23
1998,4,Districte IV,8,les Planes,420,65-74,90,68,158
1998,2,Districte II,4,la Torrassa,234,35-49,76,69,145
2003,2,Districte II,5,Collblanc,213,03-11,19,35,54
2002,4,Districte IV,7,la Florida,415,03-11,23,34,57
2008,3,Districte III,6,Santa Eulàlia,301,03-11,111,109,220
2001,2,Districte II,5,Collblanc,208,25-34,125,141,266
2002,5,Districte V,10,Pubilla Cases,516,75 i +,24,12,36
1994,4,Districte IV,8,les Planes,437,00-02,11,10,21
2001,2,Districte II,5,Collblanc,216,03-11,35,35,70
2015,4,Districte IV,7,la Florida,427,00-02,24,28,52
2007,6,Districte VI,12,Bellvitge,610,12-15,13,24,37
2016,4,Districte IV,8,les Planes,440,03-11,40,46,86
1994,1,Districte I,3,Sant Josep,115,12-15,44,44,88
2010,5,Districte V,10,Pubilla Cases,525,65-74,51,32,83
2007,2,Districte II,4,la Torrassa,233,50-64,62,56,118
1997,5,Districte V,10,Pubilla Cases,516,25-34,57,63,120
1999,5,Districte V,10,Pubilla Cases,532,18-24,68,74,142
2005,1,Districte I,1,Centre,107,50-64,178,160,338
1998,4,Districte IV,7,la Florida,428,35-49,44,43,87
1997,5,Districte V,10,Pubilla Cases,523,75 i +,83,36,119
2006,5,Districte V,10,Pubilla Cases,517,35-49,155,172,327
2005,6,Districte VI,12,Bellvitge,621,25-34,133,167,300
2014,1,Districte I,1,Centre,109,18-24,31,35,66
2014,4,Districte IV,7,la Florida,414,65-74,67,55,122
2000,2,Districte II,4,la Torrassa,228,25-34,62,70,132
2002,1,Districte I,3,Sant Josep,119,16-17,19,10,29
1998,3,Districte III,6,Santa Eulàlia,314,35-49,330,334,664
2010,2,Districte II,5,Collblanc,210,12-15,15,9,24
1996,4,Districte IV,7,la Florida,403,50-64,163,153,316
2002,6,Districte VI,12,Bellvitge,630,18-24,69,68,137
2016,4,Districte IV,8,les Planes,441,00-02,34,30,64
1997,1,Districte I,2,Sanfeliu,116,12-15,45,33,78
1999,2,Districte II,5,Collblanc,206,16-17,8,8,16
1994,2,Districte II,5,Collblanc,209,03-11,30,39,69
2008,5,Districte V,10,Pubilla Cases,517,75 i +,60,28,88
2001,4,Districte IV,7,la Florida,427,18-24,49,50,99
2009,1,Districte I,1,Centre,107,12-15,11,30,41
2001,3,Districte III,6,Santa Eulàlia,323,50-64,235,286,521
2010,4,Districte IV,8,les Planes,418,50-64,103,87,190
2003,4,Districte IV,8,les Planes,420,75 i +,71,38,109
2003,2,Districte II,4,la Torrassa,243,25-34,146,124,270
2000,3,Districte III,6,Santa Eulàlia,310,25-34,82,74,156
2015,2,Districte II,4,la Torrassa,243,65-74,57,49,106
1997,4,Districte IV,7,la Florida,426,00-02,7,6,13
2013,1,Districte I,1,Centre,130,75 i +,99,64,163
2008,2,Districte II,4,la Torrassa,231,50-64,79,61,140
1999,6,Districte VI,12,Bellvitge,612,50-64,176,148,324
1996,4,Districte IV,8,les Planes,437,25-34,63,78,141
1996,1,Districte I,3,Sant Josep,120,12-15,39,44,83
2000,5,Districte V,9,Can Serra,504,25-34,122,123,245
2001,1,Districte I,3,Sant Josep,137,35-49,164,156,320
2002,4,Districte IV,7,la Florida,431,35-49,132,128,260
2015,4,Districte IV,8,les Planes,418,12-15,23,25,48
2012,5,Districte V,10,Pubilla Cases,522,03-11,47,39,86
2000,1,Districte I,1,Centre,112,65-74,56,48,104
1998,2,Districte II,4,la Torrassa,230,00-02,13,13,26
2009,4,Districte IV,8,les Planes,439,16-17,9,11,20
2014,1,Districte I,3,Sant Josep,127,50-64,82,75,157
2005,3,Districte III,6,Santa Eulàlia,302,12-15,17,18,35
2016,3,Districte III,6,Santa Eulàlia,301,25-34,149,171,320
2016,2,Districte II,4,la Torrassa,211,18-24,57,67,124
2009,4,Districte IV,8,les Planes,418,65-74,70,58,128
2008,5,Districte V,10,Pubilla Cases,518,65-74,81,56,137
1998,6,Districte VI,12,Bellvitge,601,65-74,58,61,119
2007,4,Districte IV,7,la Florida,413,16-17,11,7,18
2004,2,Districte II,5,Collblanc,202,03-11,21,29,50
2002,1,Districte I,1,Centre,124,65-74,46,47,93
2004,3,Districte III,6,Santa Eulàlia,323,65-74,84,51,135
1994,1,Districte I,3,Sant Josep,125,25-34,85,89,174
1998,6,Districte VI,12,Bellvitge,621,12-15,29,49,78
2013,1,Districte I,1,Centre,103,12-15,15,20,35
2007,4,Districte IV,7,la Florida,425,00-02,14,11,25
2011,4,Districte IV,7,la Florida,428,00-02,18,11,29
2003,6,Districte VI,12,Bellvitge,613,16-17,8,7,15
1996,4,Districte IV,7,la Florida,403,16-17,17,12,29
1999,1,Districte I,1,Centre,104,18-24,35,38,73
2009,3,Districte III,6,Santa Eulàlia,311,65-74,73,63,136
2013,2,Districte II,4,la Torrassa,211,18-24,46,46,92
1999,4,Districte IV,7,la Florida,417,18-24,32,31,63
2007,1,Districte I,3,Sant Josep,125,03-11,54,58,112
2010,1,Districte I,1,Centre,133,65-74,45,34,79
2013,4,Districte IV,8,les Planes,435,00-02,18,22,40
1998,1,Districte I,3,Sant Josep,137,25-34,116,101,217
2013,5,Districte V,9,Can Serra,502,65-74,83,83,166
2007,2,Districte II,4,la Torrassa,235,50-64,114,85,199
2007,4,Districte IV,7,la Florida,417,65-74,39,23,62
1996,1,Districte I,3,Sant Josep,126,35-49,110,87,197
2012,2,Districte II,5,Collblanc,210,16-17,6,2,8
2006,3,Districte III,6,Santa Eulàlia,311,18-24,61,47,108
1999,4,Districte IV,7,la Florida,407,35-49,86,90,176
2006,2,Districte II,4,la Torrassa,241,35-49,119,98,217
2011,5,Districte V,10,Pubilla Cases,518,00-02,10,12,22
2002,2,Districte II,4,la Torrassa,247,50-64,95,95,190
1998,5,Districte V,10,Pubilla Cases,531,12-15,9,17,26
2009,5,Districte V,10,Pubilla Cases,517,25-34,132,147,279
2006,2,Districte II,5,Collblanc,202,35-49,87,104,191
2001,1,Districte I,1,Centre,123,50-64,101,102,203
2005,4,Districte IV,7,la Florida,414,35-49,101,113,214
2004,5,Districte V,10,Pubilla Cases,509,50-64,70,65,135
1995,4,Districte IV,7,la Florida,426,65-74,56,45,101
2014,1,Districte I,1,Centre,130,65-74,54,29,83
2015,4,Districte IV,7,la Florida,411,25-34,71,47,118
2004,6,Districte VI,12,Bellvitge,618,25-34,50,51,101
2011,1,Districte I,3,Sant Josep,126,03-11,50,48,98
2007,6,Districte VI,12,Bellvitge,619,03-11,40,48,88
2000,4,Districte IV,7,la Florida,410,00-02,11,18,29
2014,2,Districte II,5,Collblanc,212,12-15,24,22,46
1998,4,Districte IV,7,la Florida,421,12-15,9,18,27
2001,5,Districte V,9,Can Serra,506,65-74,82,73,155
2014,2,Districte II,4,la Torrassa,231,75 i +,81,40,121
2016,6,Districte VI,12,Bellvitge,613,25-34,47,52,99
2000,5,Districte V,10,Pubilla Cases,530,18-24,51,80,131
2006,5,Districte V,10,Pubilla Cases,512,03-11,20,35,55
2012,2,Districte II,4,la Torrassa,242,65-74,61,54,115
1997,3,Districte III,6,Santa Eulàlia,324,18-24,36,60,96
1998,1,Districte I,3,Sant Josep,137,03-11,50,54,104
2000,4,Districte IV,7,la Florida,422,12-15,14,22,36
2012,5,Districte V,10,Pubilla Cases,538,75 i +,96,59,155
1998,5,Districte V,10,Pubilla Cases,512,16-17,6,7,13
2014,4,Districte IV,7,la Florida,402,12-15,11,17,28
2015,3,Districte III,6,Santa Eulàlia,315,65-74,75,79,154
2008,1,Districte I,3,Sant Josep,120,35-49,241,228,469
2001,5,Districte V,10,Pubilla Cases,523,35-49,126,121,247
2006,2,Districte II,5,Collblanc,215,50-64,75,62,137
2010,3,Districte III,6,Santa Eulàlia,302,18-24,46,36,82
2002,2,Districte II,4,la Torrassa,235,03-11,36,32,68
1999,2,Districte II,5,Collblanc,219,03-11,31,32,63
2004,6,Districte VI,11,el Gornal,629,00-02,13,7,20
2001,6,Districte VI,12,Bellvitge,611,00-02,20,24,44
2007,3,Districte III,6,Santa Eulàlia,323,75 i +,71,27,98
2016,2,Districte II,5,Collblanc,212,35-49,193,192,385
1999,5,Districte V,10,Pubilla Cases,528,75 i +,42,25,67
1994,4,Districte IV,7,la Florida,425,12-15,21,10,31
2002,6,Districte VI,12,Bellvitge,601,03-11,40,46,86
2016,4,Districte IV,7,la Florida,410,65-74,104,86,190
2000,6,Districte VI,12,Bellvitge,614,50-64,137,119,256
2010,1,Districte I,1,Centre,113,35-49,170,180,350
2000,2,Districte II,4,la Torrassa,237,18-24,56,57,113
1999,3,Districte III,6,Santa Eulàlia,306,50-64,130,123,253
1995,2,Districte II,5,Collblanc,208,03-11,52,54,106
1996,3,Districte III,6,Santa Eulàlia,309,25-34,63,55,118
1999,5,Districte V,10,Pubilla Cases,520,00-02,9,8,17
2005,5,Districte V,9,Can Serra,507,03-11,23,36,59
1995,5,Districte V,9,Can Serra,521,00-02,5,6,11
1997,6,Districte VI,12,Bellvitge,607,03-11,32,38,70
1995,1,Districte I,1,Centre,113,35-49,193,187,380
2000,6,Districte VI,12,Bellvitge,605,00-02,4,5,9
2009,1,Districte I,3,Sant Josep,137,35-49,180,171,351
2002,4,Districte IV,8,les Planes,441,00-02,14,16,30
1996,5,Districte V,10,Pubilla Cases,538,25-34,102,96,198
2012,1,Districte I,1,Centre,107,16-17,6,17,23
2014,6,Districte VI,12,Bellvitge,601,35-49,214,276,490
2005,2,Districte II,4,la Torrassa,240,16-17,4,6,10
2011,5,Districte V,10,Pubilla Cases,520,75 i +,57,42,99
2007,1,Districte I,1,Centre,108,18-24,47,44,91
2003,5,Districte V,10,Pubilla Cases,523,00-02,21,11,32
2009,3,Districte III,6,Santa Eulàlia,304,35-49,225,222,447
2005,2,Districte II,5,Collblanc,205,25-34,85,80,165
1994,1,Districte I,3,Sant Josep,122,00-02,13,5,18
2006,2,Districte II,5,Collblanc,209,18-24,32,48,80
1999,3,Districte III,6,Santa Eulàlia,314,75 i +,65,30,95
2009,6,Districte VI,11,el Gornal,626,00-02,8,11,19
2014,1,Districte I,1,Centre,104,00-02,11,10,21
2002,5,Districte V,10,Pubilla Cases,534,50-64,99,89,188
2004,5,Districte V,9,Can Serra,504,00-02,8,13,21
2012,5,Districte V,10,Pubilla Cases,518,50-64,80,67,147
2002,3,Districte III,6,Santa Eulàlia,303,35-49,117,125,242
2013,1,Districte I,1,Centre,111,18-24,34,26,60
1999,5,Districte V,10,Pubilla Cases,538,03-11,24,39,63
2004,4,Districte IV,8,les Planes,438,18-24,38,36,74
2015,3,Districte III,6,Santa Eulàlia,306,03-11,70,57,127
1996,2,Districte II,4,la Torrassa,229,65-74,58,44,102
1997,6,Districte VI,12,Bellvitge,613,00-02,13,8,21
2006,1,Districte I,1,Centre,104,65-74,59,42,101
2004,6,Districte VI,12,Bellvitge,614,00-02,8,14,22
2004,5,Districte V,10,Pubilla Cases,531,75 i +,46,29,75
2006,2,Districte II,5,Collblanc,225,35-49,53,57,110
2006,2,Districte II,4,la Torrassa,238,65-74,43,38,81
2005,4,Districte IV,7,la Florida,408,00-02,7,9,16
1997,5,Districte V,10,Pubilla Cases,528,03-11,45,35,80
1997,5,Districte V,10,Pubilla Cases,508,16-17,5,7,12
1995,6,Districte VI,12,Bellvitge,603,03-11,19,28,47
2007,5,Districte V,10,Pubilla Cases,514,18-24,44,45,89
2008,2,Districte II,4,la Torrassa,237,12-15,27,20,47
1996,4,Districte IV,7,la Florida,426,18-24,57,61,118
2006,6,Districte VI,12,Bellvitge,603,18-24,18,22,40
2012,1,Districte I,3,Sant Josep,125,00-02,20,35,55
2004,2,Districte II,5,Collblanc,216,16-17,10,7,17
1995,6,Districte VI,12,Bellvitge,615,50-64,130,160,290
2003,2,Districte II,4,la Torrassa,229,25-34,66,90,156
2003,5,Districte V,10,Pubilla Cases,518,12-15,19,17,36
2014,1,Districte I,1,Centre,107,65-74,103,91,194
2008,2,Districte II,5,Collblanc,207,16-17,5,4,9
2015,4,Districte IV,7,la Florida,404,12-15,26,25,51
2003,1,Districte I,3,Sant Josep,137,18-24,82,57,139
1996,1,Districte I,3,Sant Josep,125,12-15,23,33,56
1999,1,Districte I,1,Centre,130,00-02,8,14,22
2015,5,Districte V,9,Can Serra,502,35-49,187,194,381
1997,6,Districte VI,12,Bellvitge,614,65-74,47,39,86
2002,4,Districte IV,7,la Florida,408,35-49,94,100,194
2007,2,Districte II,5,Collblanc,244,18-24,26,27,53
2012,2,Districte II,5,Collblanc,212,50-64,109,104,213
1998,6,Districte VI,12,Bellvitge,631,18-24,97,126,223
2005,3,Districte III,6,Santa Eulàlia,314,75 i +,91,40,131
2009,5,Districte V,10,Pubilla Cases,519,35-49,80,110,190
1996,4,Districte IV,8,les Planes,418,35-49,96,107,203
2010,2,Districte II,5,Collblanc,223,35-49,145,159,304
2010,2,Districte II,5,Collblanc,208,18-24,53,42,95
2016,4,Districte IV,7,la Florida,427,25-34,156,127,283
2013,4,Districte IV,7,la Florida,409,00-02,34,28,62
1997,4,Districte IV,8,les Planes,439,75 i +,42,23,65
2006,4,Districte IV,8,les Planes,437,03-11,39,36,75
1994,5,Districte V,10,Pubilla Cases,516,12-15,12,15,27
2000,3,Districte III,6,Santa Eulàlia,321,03-11,91,94,185
2004,6,Districte VI,12,Bellvitge,602,03-11,15,23,38
2015,4,Districte IV,7,la Florida,427,18-24,72,81,153
2011,6,Districte VI,12,Bellvitge,613,75 i +,76,46,122
2014,2,Districte II,5,Collblanc,209,35-49,124,118,242
2016,4,Districte IV,8,les Planes,433,16-17,18,14,32
2015,2,Districte II,4,la Torrassa,232,12-15,16,13,29
1996,2,Districte II,5,Collblanc,216,25-34,85,92,177
2000,4,Districte IV,7,la Florida,415,35-49,64,69,133
2015,6,Districte VI,12,Bellvitge,609,50-64,48,48,96
1999,3,Districte III,6,Santa Eulàlia,325,50-64,206,182,388
2006,2,Districte II,5,Collblanc,208,18-24,62,63,125
2000,6,Districte VI,12,Bellvitge,610,75 i +,35,26,61
2005,4,Districte IV,7,la Florida,413,00-02,6,9,15
1995,6,Districte VI,12,Bellvitge,601,50-64,173,184,357
2004,2,Districte II,4,la Torrassa,234,50-64,67,54,121
2007,6,Districte VI,12,Bellvitge,603,65-74,34,39,73
1996,1,Districte I,3,Sant Josep,136,03-11,55,47,102
2015,2,Districte II,4,la Torrassa,211,16-17,12,20,32
2011,4,Districte IV,7,la Florida,409,50-64,52,54,106
2013,2,Districte II,5,Collblanc,224,35-49,146,153,299
2011,4,Districte IV,7,la Florida,427,75 i +,64,35,99
2005,2,Districte II,4,la Torrassa,211,25-34,134,186,320
1999,4,Districte IV,8,les Planes,435,00-02,10,14,24
1994,5,Districte V,10,Pubilla Cases,523,18-24,88,79,167
2003,2,Districte II,5,Collblanc,208,03-11,39,50,89
2012,6,Districte VI,12,Bellvitge,607,65-74,90,63,153
1994,3,Districte III,6,Santa Eulàlia,309,00-02,13,10,23
2010,4,Districte IV,7,la Florida,411,18-24,41,33,74
1998,1,Districte I,2,Sanfeliu,132,75 i +,55,25,80
2002,2,Districte II,5,Collblanc,216,18-24,60,51,111
2016,2,Districte II,5,Collblanc,202,12-15,27,26,53
2015,5,Districte V,10,Pubilla Cases,532,75 i +,99,62,161
1994,1,Districte I,1,Centre,123,16-17,17,24,41
2010,4,Districte IV,8,les Planes,420,25-34,142,151,293
2010,4,Districte IV,7,la Florida,425,18-24,39,42,81
1994,4,Districte IV,7,la Florida,406,16-17,24,28,52
2005,1,Districte I,3,Sant Josep,115,12-15,17,26,43
2004,5,Districte V,10,Pubilla Cases,514,00-02,14,16,30
2006,2,Districte II,4,la Torrassa,239,03-11,42,38,80
1996,2,Districte II,5,Collblanc,202,18-24,42,39,81
1995,2,Districte II,5,Collblanc,207,35-49,81,64,145
2006,1,Districte I,3,Sant Josep,122,00-02,17,16,33
2003,3,Districte III,6,Santa Eulàlia,324,50-64,70,72,142
2003,2,Districte II,4,la Torrassa,249,25-34,100,123,223
1998,3,Districte III,6,Santa Eulàlia,306,12-15,35,33,68
2007,2,Districte II,4,la Torrassa,243,18-24,63,58,121
2009,1,Districte I,3,Sant Josep,140,75 i +,55,41,96
2002,6,Districte VI,12,Bellvitge,618,12-15,15,9,24
2004,2,Districte II,4,la Torrassa,231,65-74,74,54,128
2011,2,Districte II,5,Collblanc,221,25-34,79,93,172
2016,1,Districte I,3,Sant Josep,137,00-02,22,18,40
1995,2,Districte II,5,Collblanc,204,12-15,8,9,17
2013,2,Districte II,4,la Torrassa,238,18-24,31,38,69
1999,5,Districte V,10,Pubilla Cases,538,18-24,56,57,113
2006,1,Districte I,3,Sant Josep,114,25-34,166,154,320
2003,6,Districte VI,12,Bellvitge,628,65-74,46,56,102
1996,2,Districte II,4,la Torrassa,211,50-64,104,79,183
2011,3,Districte III,6,Santa Eulàlia,310,35-49,111,117,228
2015,3,Districte III,6,Santa Eulàlia,306,25-34,109,110,219
2005,1,Districte I,1,Centre,105,00-02,24,17,41
2008,4,Districte IV,7,la Florida,423,65-74,66,66,132
2016,2,Districte II,4,la Torrassa,234,00-02,16,18,34
2011,1,Districte I,1,Centre,103,75 i +,45,34,79
2005,4,Districte IV,7,la Florida,416,03-11,34,37,71
1998,4,Districte IV,7,la Florida,416,03-11,20,20,40
2012,1,Districte I,1,Centre,111,35-49,96,93,189
2007,4,Districte IV,8,les Planes,436,12-15,18,19,37
1996,2,Districte II,5,Collblanc,202,03-11,17,25,42
1996,5,Districte V,10,Pubilla Cases,509,65-74,24,27,51
2007,6,Districte VI,12,Bellvitge,630,00-02,9,12,21
2008,5,Districte V,9,Can Serra,504,25-34,97,99,196
2002,2,Districte II,5,Collblanc,202,12-15,4,9,13
2001,5,Districte V,9,Can Serra,505,35-49,83,73,156
2016,6,Districte VI,12,Bellvitge,607,75 i +,103,90,193
1997,2,Districte II,4,la Torrassa,234,65-74,81,58,139
1996,3,Districte III,6,Santa Eulàlia,319,16-17,13,16,29
2011,4,Districte IV,7,la Florida,410,16-17,8,12,20
1996,5,Districte V,10,Pubilla Cases,528,50-64,137,139,276
2005,2,Districte II,5,Collblanc,206,25-34,87,124,211
2000,6,Districte VI,12,Bellvitge,618,16-17,5,9,14
2010,1,Districte I,1,Centre,113,16-17,13,15,28
2006,1,Districte I,3,Sant Josep,139,65-74,33,26,59
1994,5,Districte V,10,Pubilla Cases,524,25-34,114,108,222
2008,5,Districte V,10,Pubilla Cases,516,16-17,11,10,21
2012,2,Districte II,4,la Torrassa,241,16-17,13,9,22
2012,2,Districte II,4,la Torrassa,231,75 i +,91,48,139
1998,1,Districte I,3,Sant Josep,126,35-49,80,68,148
2003,6,Districte VI,12,Bellvitge,609,16-17,11,5,16
1996,4,Districte IV,8,les Planes,440,25-34,62,86,148
1999,4,Districte IV,7,la Florida,430,65-74,57,48,105
2014,6,Districte VI,12,Bellvitge,624,12-15,14,16,30
2011,3,Districte III,6,Santa Eulàlia,320,12-15,17,19,36
2003,5,Districte V,10,Pubilla Cases,530,18-24,49,67,116
2015,2,Districte II,4,la Torrassa,245,00-02,15,17,32
2002,3,Districte III,6,Santa Eulàlia,302,50-64,179,191,370
2009,5,Districte V,10,Pubilla Cases,511,25-34,66,73,139
2008,6,Districte VI,11,el Gornal,629,65-74,33,34,67
2012,6,Districte VI,11,el Gornal,608,65-74,49,30,79
2013,1,Districte I,3,Sant Josep,106,00-02,18,24,42
2004,5,Districte V,10,Pubilla Cases,538,12-15,11,16,27
2012,3,Districte III,6,Santa Eulàlia,307,50-64,190,148,338
2013,5,Districte V,10,Pubilla Cases,533,25-34,163,153,316
2004,5,Districte V,10,Pubilla Cases,516,25-34,64,75,139
2005,2,Districte II,5,Collblanc,213,16-17,13,5,18
2016,3,Districte III,13,Granvia Sud,312,12-15,19,25,44
2007,4,Districte IV,8,les Planes,436,35-49,111,149,260
2005,1,Districte I,2,Sanfeliu,118,12-15,31,23,54
1995,2,Districte II,5,Collblanc,223,18-24,63,63,126
2009,5,Districte V,10,Pubilla Cases,523,12-15,24,23,47
1997,2,Districte II,5,Collblanc,214,35-49,49,49,98
2007,1,Districte I,1,Centre,123,00-02,15,18,33
1998,2,Districte II,4,la Torrassa,230,18-24,41,29,70
2000,5,Districte V,10,Pubilla Cases,526,18-24,27,39,66
2016,5,Districte V,10,Pubilla Cases,537,16-17,13,14,27
2007,6,Districte VI,12,Bellvitge,606,65-74,77,60,137
1995,2,Districte II,4,la Torrassa,248,00-02,12,6,18
2012,3,Districte III,6,Santa Eulàlia,323,35-49,339,358,697
2008,1,Districte I,1,Centre,105,00-02,19,22,41
2001,4,Districte IV,7,la Florida,416,35-49,63,79,142
2001,5,Districte V,9,Can Serra,502,03-11,49,27,76
2016,1,Districte I,3,Sant Josep,136,65-74,63,64,127
2014,1,Districte I,3,Sant Josep,114,35-49,171,186,357
2016,5,Districte V,10,Pubilla Cases,523,00-02,17,21,38
2008,4,Districte IV,7,la Florida,426,03-11,52,45,97
2003,4,Districte IV,8,les Planes,429,50-64,53,63,116
2008,3,Districte III,6,Santa Eulàlia,311,16-17,6,13,19
2008,3,Districte III,6,Santa Eulàlia,311,50-64,115,94,209
2000,4,Districte IV,8,les Planes,439,65-74,60,64,124
1997,1,Districte I,1,Centre,135,25-34,108,121,229
1996,4,Districte IV,7,la Florida,426,25-34,83,94,177
2001,5,Districte V,10,Pubilla Cases,532,16-17,13,6,19
2007,1,Districte I,1,Centre,111,35-49,98,98,196
1997,5,Districte V,10,Pubilla Cases,528,75 i +,36,21,57
1997,5,Districte V,9,Can Serra,502,65-74,75,68,143
2014,1,Districte I,1,Centre,110,18-24,23,38,61
2005,3,Districte III,6,Santa Eulàlia,301,00-02,45,52,97
2007,3,Districte III,6,Santa Eulàlia,304,50-64,105,111,216
1997,2,Districte II,4,la Torrassa,240,75 i +,37,17,54
2004,5,Districte V,10,Pubilla Cases,517,25-34,124,148,272
1998,2,Districte II,5,Collblanc,223,12-15,12,18,30
1997,5,Districte V,9,Can Serra,521,35-49,147,104,251
2011,1,Districte I,2,Sanfeliu,129,25-34,87,83,170
2001,5,Districte V,9,Can Serra,503,03-11,25,38,63
2009,3,Districte III,6,Santa Eulàlia,318,16-17,5,15,20
2003,1,Districte I,1,Centre,123,12-15,25,25,50
2013,2,Districte II,5,Collblanc,221,03-11,80,89,169
2006,3,Districte III,6,Santa Eulàlia,313,50-64,212,187,399
2002,5,Districte V,9,Can Serra,521,18-24,60,68,128
1994,5,Districte V,10,Pubilla Cases,508,16-17,14,6,20
2004,5,Districte V,9,Can Serra,503,50-64,111,112,223
2015,5,Districte V,10,Pubilla Cases,518,12-15,21,19,40
2011,6,Districte VI,11,el Gornal,626,18-24,27,20,47
1998,1,Districte I,1,Centre,113,03-11,64,75,139
2003,1,Districte I,1,Centre,113,75 i +,42,24,66
1994,5,Districte V,9,Can Serra,505,35-49,175,125,300
2013,3,Districte III,6,Santa Eulàlia,307,18-24,28,42,70
2004,3,Districte III,6,Santa Eulàlia,302,25-34,144,174,318
2014,1,Districte I,3,Sant Josep,119,03-11,33,36,69
2005,5,Districte V,9,Can Serra,535,25-34,60,81,141
1994,4,Districte IV,8,les Planes,435,18-24,52,53,105
2012,2,Districte II,4,la Torrassa,238,75 i +,63,43,106
2013,2,Districte II,5,Collblanc,221,35-49,256,302,558
2004,2,Districte II,5,Collblanc,223,00-02,11,20,31
1994,5,Districte V,10,Pubilla Cases,534,18-24,68,75,143
1999,4,Districte IV,7,la Florida,426,75 i +,51,33,84
2000,5,Districte V,10,Pubilla Cases,515,16-17,7,4,11
2002,1,Districte I,3,Sant Josep,106,03-11,58,63,121
2011,4,Districte IV,7,la Florida,414,50-64,65,55,120
2001,6,Districte VI,12,Bellvitge,606,03-11,36,44,80
1996,5,Districte V,10,Pubilla Cases,531,25-34,79,80,159
1998,2,Districte II,4,la Torrassa,247,50-64,97,93,190
2008,2,Districte II,4,la Torrassa,211,03-11,44,54,98
2002,4,Districte IV,8,les Planes,440,12-15,3,13,16
1999,4,Districte IV,7,la Florida,413,25-34,41,53,94
1995,1,Districte I,3,Sant Josep,115,25-34,120,106,226
2009,3,Districte III,6,Santa Eulàlia,306,00-02,32,22,54
2009,4,Districte IV,8,les Planes,433,16-17,10,12,22
2005,3,Districte III,6,Santa Eulàlia,309,12-15,16,15,31
2009,6,Districte VI,12,Bellvitge,614,25-34,57,86,143
1998,3,Districte III,6,Santa Eulàlia,319,12-15,17,24,41
1994,2,Districte II,5,Collblanc,204,25-34,40,48,88
2004,1,Districte I,3,Sant Josep,127,50-64,55,52,107
2005,2,Districte II,5,Collblanc,220,12-15,14,13,27
2014,2,Districte II,5,Collblanc,201,00-02,35,41,76
1999,1,Districte I,2,Sanfeliu,132,75 i +,53,24,77
2002,4,Districte IV,7,la Florida,421,03-11,34,35,69
2006,2,Districte II,5,Collblanc,202,03-11,22,27,49
2015,5,Districte V,10,Pubilla Cases,533,75 i +,131,85,216
2014,4,Districte IV,7,la Florida,404,25-34,106,91,197
2015,5,Districte V,9,Can Serra,505,75 i +,87,81,168
2003,4,Districte IV,8,les Planes,435,65-74,85,43,128
2007,2,Districte II,5,Collblanc,216,50-64,133,107,240
1999,1,Districte I,2,Sanfeliu,132,65-74,72,82,154
2009,2,Districte II,5,Collblanc,227,75 i +,52,33,85
2007,6,Districte VI,12,Bellvitge,612,12-15,12,19,31
2000,5,Districte V,10,Pubilla Cases,530,50-64,118,98,216
2016,4,Districte IV,7,la Florida,412,75 i +,111,86,197
2003,5,Districte V,10,Pubilla Cases,525,75 i +,40,27,67
1999,1,Districte I,1,Centre,135,75 i +,49,21,70
1999,5,Districte V,10,Pubilla Cases,508,65-74,43,33,76
2016,4,Districte IV,7,la Florida,411,50-64,94,74,168
2009,1,Districte I,1,Centre,134,65-74,56,45,101
2007,5,Districte V,10,Pubilla Cases,527,35-49,150,166,316
2013,5,Districte V,9,Can Serra,504,16-17,4,8,12
2014,6,Districte VI,11,el Gornal,626,12-15,11,20,31
1997,3,Districte III,6,Santa Eulàlia,306,16-17,23,18,41
2006,1,Districte I,3,Sant Josep,122,12-15,9,9,18
2015,3,Districte III,6,Santa Eulàlia,305,12-15,30,23,53
2012,5,Districte V,9,Can Serra,507,18-24,24,38,62
2013,3,Districte III,6,Santa Eulàlia,311,16-17,13,14,27
2014,1,Districte I,1,Centre,102,16-17,11,16,27
2012,2,Districte II,4,la Torrassa,218,12-15,7,15,22
2009,4,Districte IV,7,la Florida,415,00-02,11,23,34
1995,4,Districte IV,8,les Planes,442,75 i +,22,16,38
1995,1,Districte I,3,Sant Josep,139,12-15,28,19,47
2013,5,Districte V,10,Pubilla Cases,517,00-02,41,36,77
2016,5,Districte V,10,Pubilla Cases,534,65-74,57,46,103
1997,6,Districte VI,11,el Gornal,616,75 i +,24,14,38
2015,5,Districte V,10,Pubilla Cases,526,18-24,75,66,141
2016,5,Districte V,9,Can Serra,521,03-11,36,31,67
2004,6,Districte VI,12,Bellvitge,601,35-49,119,136,255
2009,5,Districte V,9,Can Serra,504,00-02,13,17,30
2004,6,Districte VI,12,Bellvitge,607,18-24,38,44,82
1998,1,Districte I,3,Sant Josep,121,25-34,88,87,175
2013,3,Districte III,6,Santa Eulàlia,311,00-02,12,18,30
2015,1,Districte I,3,Sant Josep,125,18-24,40,46,86
2009,1,Districte I,2,Sanfeliu,129,00-02,20,19,39
2011,5,Districte V,9,Can Serra,505,25-34,72,75,147
2002,1,Districte I,1,Centre,112,18-24,82,68,150
2011,1,Districte I,3,Sant Josep,106,50-64,273,214,487
2015,1,Districte I,1,Centre,133,25-34,58,57,115
2000,4,Districte IV,8,les Planes,401,50-64,96,93,189
2012,1,Districte I,2,Sanfeliu,129,75 i +,78,58,136
2015,3,Districte III,6,Santa Eulàlia,314,00-02,35,31,66
2003,1,Districte I,1,Centre,102,16-17,18,15,33
1994,1,Districte I,1,Centre,131,35-49,217,215,432
2004,4,Districte IV,8,les Planes,439,16-17,3,7,10
2007,5,Districte V,10,Pubilla Cases,519,75 i +,28,26,54
1996,6,Districte VI,12,Bellvitge,602,35-49,32,32,64
2002,2,Districte II,5,Collblanc,210,75 i +,77,36,113
2011,1,Districte I,1,Centre,111,18-24,36,17,53
2007,2,Districte II,4,la Torrassa,243,16-17,17,18,35
2011,4,Districte IV,7,la Florida,426,75 i +,58,34,92
2013,3,Districte III,6,Santa Eulàlia,327,18-24,40,35,75
2005,1,Districte I,3,Sant Josep,136,25-34,126,132,258
2007,2,Districte II,5,Collblanc,203,25-34,90,120,210
1995,1,Districte I,3,Sant Josep,119,03-11,58,64,122
1995,5,Districte V,10,Pubilla Cases,536,35-49,81,68,149
1994,6,Districte VI,12,Bellvitge,601,35-49,178,163,341
1994,1,Districte I,2,Sanfeliu,129,50-64,104,117,221
2003,4,Districte IV,8,les Planes,418,12-15,17,21,38
2010,5,Districte V,10,Pubilla Cases,532,18-24,62,52,114
2002,5,Districte V,10,Pubilla Cases,525,35-49,84,83,167
2008,5,Districte V,10,Pubilla Cases,522,25-34,84,114,198
2012,5,Districte V,10,Pubilla Cases,524,75 i +,76,46,122
2016,2,Districte II,5,Collblanc,214,03-11,98,108,206
1995,6,Districte VI,12,Bellvitge,614,50-64,116,135,251
1997,4,Districte IV,8,les Planes,439,35-49,54,66,120
2005,2,Districte II,5,Collblanc,223,50-64,98,76,174
1999,2,Districte II,4,la Torrassa,248,12-15,26,19,45
1999,1,Districte I,3,Sant Josep,117,50-64,160,174,334
2004,4,Districte IV,7,la Florida,404,16-17,14,11,25
2003,4,Districte IV,8,les Planes,436,25-34,105,128,233
1998,5,Districte V,9,Can Serra,504,25-34,99,112,211
2008,6,Districte VI,12,Bellvitge,603,25-34,54,59,113
2006,6,Districte VI,12,Bellvitge,620,00-02,3,5,8
2001,4,Districte IV,7,la Florida,417,35-49,63,64,127
2003,6,Districte VI,11,el Gornal,626,35-49,90,89,179
2009,6,Districte VI,12,Bellvitge,631,16-17,8,10,18
2015,5,Districte V,9,Can Serra,505,65-74,148,113,261
2006,4,Districte IV,8,les Planes,418,00-02,21,15,36
2002,4,Districte IV,7,la Florida,431,75 i +,71,40,111
2002,2,Districte II,5,Collblanc,224,25-34,64,50,114
2006,1,Districte I,2,Sanfeliu,116,16-17,7,17,24
2000,6,Districte VI,12,Bellvitge,619,00-02,16,14,30
2013,2,Districte II,4,la Torrassa,238,75 i +,65,45,110
2013,6,Districte VI,12,Bellvitge,602,65-74,109,85,194
2002,4,Districte IV,7,la Florida,425,03-11,30,37,67
2008,1,Districte I,2,Sanfeliu,118,03-11,64,56,120
2013,2,Districte II,4,la Torrassa,228,18-24,93,85,178
1996,4,Districte IV,8,les Planes,436,00-02,7,12,19
2009,1,Districte I,1,Centre,112,65-74,70,45,115
2013,5,Districte V,10,Pubilla Cases,534,35-49,119,132,251
2008,2,Districte II,4,la Torrassa,233,65-74,55,42,97
1999,1,Districte I,1,Centre,123,00-02,10,18,28
2013,2,Districte II,4,la Torrassa,238,16-17,9,13,22
1994,2,Districte II,5,Collblanc,225,50-64,57,52,109
2016,4,Districte IV,8,les Planes,419,18-24,65,92,157
1998,4,Districte IV,7,la Florida,431,65-74,90,73,163
1997,4,Districte IV,8,les Planes,420,03-11,34,46,80
2007,2,Districte II,5,Collblanc,226,75 i +,90,50,140
1994,2,Districte II,5,Collblanc,221,16-17,17,21,38
2013,6,Districte VI,12,Bellvitge,618,12-15,25,34,59
1995,1,Districte I,1,Centre,112,12-15,52,43,95
2002,5,Districte V,9,Can Serra,521,25-34,94,113,207
2015,4,Districte IV,8,les Planes,420,03-11,88,81,169
2011,6,Districte VI,12,Bellvitge,613,03-11,47,57,104
1999,5,Districte V,10,Pubilla Cases,538,25-34,97,108,205
2013,1,Districte I,2,Sanfeliu,118,16-17,16,12,28
1996,5,Districte V,10,Pubilla Cases,524,12-15,19,29,48
2013,1,Districte I,1,Centre,103,25-34,44,48,92
1998,2,Districte II,4,la Torrassa,218,50-64,77,70,147
1994,6,Districte VI,11,el Gornal,622,65-74,37,27,64
2000,6,Districte VI,11,el Gornal,617,50-64,119,96,215
2014,2,Districte II,4,la Torrassa,234,65-74,41,24,65
2003,2,Districte II,4,la Torrassa,247,16-17,17,15,32
2010,5,Districte V,10,Pubilla Cases,509,12-15,18,25,43
2007,2,Districte II,5,Collblanc,227,16-17,6,5,11
1994,3,Districte III,6,Santa Eulàlia,303,75 i +,64,36,100
2004,3,Districte III,6,Santa Eulàlia,321,00-02,24,29,53
2010,6,Districte VI,12,Bellvitge,606,18-24,41,48,89
1997,1,Districte I,3,Sant Josep,117,12-15,67,78,145
1996,2,Districte II,5,Collblanc,203,75 i +,48,27,75
2015,6,Districte VI,12,Bellvitge,631,03-11,44,49,93
1998,6,Districte VI,12,Bellvitge,612,50-64,180,161,341
1999,5,Districte V,10,Pubilla Cases,533,75 i +,41,23,64
2006,6,Districte VI,12,Bellvitge,609,50-64,124,97,221
2003,1,Districte I,1,Centre,111,00-02,10,12,22
1994,1,Districte I,1,Centre,105,18-24,65,73,138
2007,1,Districte I,1,Centre,103,25-34,74,86,160
1995,4,Districte IV,7,la Florida,431,18-24,98,85,183
2016,2,Districte II,5,Collblanc,213,00-02,20,10,30
1995,5,Districte V,9,Can Serra,535,65-74,37,28,65
2001,4,Districte IV,7,la Florida,428,75 i +,26,21,47
1995,4,Districte IV,7,la Florida,425,00-02,7,7,14
2015,5,Districte V,9,Can Serra,521,35-49,87,114,201
2007,4,Districte IV,7,la Florida,421,75 i +,81,53,134
2008,2,Districte II,5,Collblanc,215,25-34,98,103,201
1997,5,Districte V,10,Pubilla Cases,533,75 i +,40,22,62
2009,2,Districte II,5,Collblanc,216,25-34,113,114,227
1999,1,Districte I,1,Centre,108,75 i +,83,43,126
2001,3,Districte III,6,Santa Eulàlia,301,03-11,75,100,175
2009,6,Districte VI,12,Bellvitge,628,65-74,66,61,127
2006,2,Districte II,5,Collblanc,244,25-34,73,74,147
2015,1,Districte I,1,Centre,108,03-11,55,61,116
2015,3,Districte III,13,Granvia Sud,312,75 i +,87,61,148
2001,1,Districte I,1,Centre,108,35-49,140,130,270
2006,6,Districte VI,11,el Gornal,617,16-17,12,12,24
2008,6,Districte VI,12,Bellvitge,612,16-17,8,7,15
2004,3,Districte III,6,Santa Eulàlia,312,03-11,50,64,114
2010,5,Districte V,10,Pubilla Cases,519,00-02,4,7,11
2014,5,Districte V,9,Can Serra,502,18-24,38,38,76
1994,1,Districte I,1,Centre,113,00-02,14,19,33
2003,1,Districte I,1,Centre,134,00-02,7,13,20
2011,2,Districte II,4,la Torrassa,235,03-11,70,77,147
2016,3,Districte III,6,Santa Eulàlia,311,00-02,21,26,47
1995,2,Districte II,4,la Torrassa,229,18-24,36,34,70
2014,6,Districte VI,12,Bellvitge,618,75 i +,69,61,130
2015,3,Districte III,6,Santa Eulàlia,301,35-49,391,405,796
2016,5,Districte V,10,Pubilla Cases,514,75 i +,101,60,161
1996,4,Districte IV,7,la Florida,404,50-64,158,130,288
2007,1,Districte I,1,Centre,105,12-15,15,21,36
1995,4,Districte IV,8,les Planes,418,18-24,70,68,138
2010,5,Districte V,10,Pubilla Cases,529,50-64,86,91,177
2006,5,Districte V,10,Pubilla Cases,523,25-34,130,154,284
2003,1,Districte I,3,Sant Josep,139,03-11,36,41,77
2005,4,Districte IV,8,les Planes,401,65-74,91,65,156
2006,1,Districte I,1,Centre,128,75 i +,46,33,79
2000,2,Districte II,5,Collblanc,208,12-15,28,14,42
1996,2,Districte II,4,la Torrassa,240,35-49,60,52,112
1997,1,Districte I,2,Sanfeliu,132,00-02,23,24,47
2009,1,Districte I,3,Sant Josep,139,75 i +,36,23,59
2015,2,Districte II,4,la Torrassa,237,25-34,116,114,230
2005,6,Districte VI,12,Bellvitge,605,03-11,14,15,29
2005,4,Districte IV,7,la Florida,427,35-49,93,118,211
2015,2,Districte II,5,Collblanc,207,65-74,75,57,132
2014,5,Districte V,10,Pubilla Cases,518,75 i +,80,57,137
1995,1,Districte I,2,Sanfeliu,116,00-02,17,13,30
1998,2,Districte II,4,la Torrassa,230,25-34,73,82,155
2000,4,Districte IV,7,la Florida,430,12-15,14,14,28
1994,1,Districte I,1,Centre,107,65-74,79,52,131
1994,5,Districte V,9,Can Serra,502,03-11,61,53,114
2002,1,Districte I,3,Sant Josep,125,16-17,16,9,25
2004,5,Districte V,9,Can Serra,507,25-34,84,105,189
2004,1,Districte I,1,Centre,110,75 i +,48,29,77
2001,2,Districte II,5,Collblanc,205,35-49,85,87,172
1999,2,Districte II,4,la Torrassa,233,12-15,7,8,15
1997,2,Districte II,4,la Torrassa,229,35-49,47,49,96
2004,2,Districte II,5,Collblanc,226,16-17,11,13,24
1996,5,Districte V,10,Pubilla Cases,523,03-11,34,36,70
2009,3,Districte III,6,Santa Eulàlia,320,16-17,7,7,14
2000,2,Districte II,5,Collblanc,204,25-34,45,44,89
2005,2,Districte II,4,la Torrassa,218,35-49,90,85,175
2010,2,Districte II,5,Collblanc,204,16-17,6,6,12
2012,2,Districte II,5,Collblanc,220,18-24,30,30,60
2009,4,Districte IV,7,la Florida,421,18-24,38,48,86
1995,5,Districte V,10,Pubilla Cases,528,12-15,23,30,53
2011,2,Districte II,5,Collblanc,214,18-24,41,45,86
2010,4,Districte IV,7,la Florida,417,25-34,79,79,158
1998,3,Districte III,6,Santa Eulàlia,322,00-02,17,19,36
2015,2,Districte II,4,la Torrassa,247,12-15,26,24,50
2011,2,Districte II,4,la Torrassa,241,65-74,30,26,56
1997,6,Districte VI,12,Bellvitge,614,00-02,11,14,25
2015,1,Districte I,2,Sanfeliu,118,50-64,195,161,356
2013,4,Districte IV,7,la Florida,404,00-02,18,26,44
1996,2,Districte II,5,Collblanc,222,03-11,39,38,77
2010,3,Districte III,6,Santa Eulàlia,304,50-64,127,123,250
2009,3,Districte III,6,Santa Eulàlia,312,35-49,209,229,438
2003,1,Districte I,1,Centre,133,35-49,87,90,177
2001,5,Districte V,10,Pubilla Cases,528,03-11,39,31,70
2003,2,Districte II,5,Collblanc,225,25-34,33,45,78
1997,2,Districte II,5,Collblanc,219,75 i +,76,32,108
2005,2,Districte II,5,Collblanc,208,12-15,21,19,40
1997,1,Districte I,3,Sant Josep,136,00-02,14,11,25
1996,4,Districte IV,8,les Planes,441,35-49,277,269,546
2008,5,Districte V,10,Pubilla Cases,537,12-15,21,23,44
2002,4,Districte IV,8,les Planes,436,75 i +,30,19,49
2015,1,Districte I,3,Sant Josep,121,16-17,4,10,14
2004,5,Districte V,10,Pubilla Cases,533,12-15,18,11,29
2010,6,Districte VI,12,Bellvitge,615,16-17,4,7,11
2002,4,Districte IV,7,la Florida,417,25-34,59,67,126
2013,6,Districte VI,11,el Gornal,626,18-24,27,20,47
2002,2,Districte II,4,la Torrassa,238,50-64,63,65,128
1996,4,Districte IV,7,la Florida,432,12-15,28,38,66
2016,6,Districte VI,12,Bellvitge,610,18-24,31,43,74
2014,2,Districte II,4,la Torrassa,232,00-02,15,21,36
2001,2,Districte II,4,la Torrassa,245,50-64,79,66,145
2012,5,Districte V,10,Pubilla Cases,516,25-34,58,83,141
2015,1,Districte I,2,Sanfeliu,116,03-11,60,51,111
2011,2,Districte II,4,la Torrassa,235,75 i +,88,59,147
1995,4,Districte IV,8,les Planes,440,25-34,70,86,156
2011,5,Districte V,10,Pubilla Cases,533,65-74,51,26,77
2004,4,Districte IV,7,la Florida,409,50-64,58,62,120
1995,1,Districte I,1,Centre,134,25-34,107,95,202
2006,6,Districte VI,12,Bellvitge,615,75 i +,25,17,42
2004,4,Districte IV,7,la Florida,402,75 i +,36,25,61
1997,4,Districte IV,7,la Florida,403,16-17,16,16,32
2008,2,Districte II,4,la Torrassa,231,35-49,147,136,283
1996,4,Districte IV,7,la Florida,411,50-64,117,109,226
2012,1,Districte I,3,Sant Josep,138,75 i +,37,30,67
2000,2,Districte II,5,Collblanc,202,16-17,4,6,10
2016,1,Districte I,2,Sanfeliu,132,18-24,68,78,146
2008,2,Districte II,5,Collblanc,204,50-64,44,38,82
2001,2,Districte II,5,Collblanc,205,03-11,31,32,63
2002,4,Districte IV,7,la Florida,416,18-24,34,36,70
2009,2,Districte II,5,Collblanc,209,25-34,75,99,174
2010,2,Districte II,5,Collblanc,224,03-11,25,25,50
2010,4,Districte IV,7,la Florida,421,35-49,156,175,331
2012,1,Districte I,1,Centre,123,65-74,55,53,108
1996,1,Districte I,3,Sant Josep,138,00-02,8,10,18
2000,6,Districte VI,12,Bellvitge,611,12-15,22,22,44
2009,3,Districte III,6,Santa Eulàlia,316,65-74,69,61,130
1999,6,Districte VI,12,Bellvitge,602,25-34,69,90,159
2009,4,Districte IV,7,la Florida,410,25-34,115,126,241
1994,6,Districte VI,12,Bellvitge,605,50-64,116,126,242
2002,4,Districte IV,7,la Florida,424,25-34,46,68,114
1995,4,Districte IV,7,la Florida,402,25-34,51,82,133
2002,6,Districte VI,12,Bellvitge,619,12-15,24,24,48
1995,5,Districte V,10,Pubilla Cases,512,12-15,11,16,27
1994,4,Districte IV,7,la Florida,417,50-64,62,63,125
2010,2,Districte II,5,Collblanc,227,00-02,11,16,27
2015,3,Districte III,6,Santa Eulàlia,327,75 i +,28,17,45
1998,4,Districte IV,7,la Florida,406,03-11,43,40,83
2000,1,Districte I,1,Centre,107,16-17,14,20,34
2007,3,Districte III,6,Santa Eulàlia,318,65-74,31,22,53
2013,1,Districte I,3,Sant Josep,119,03-11,36,39,75
1994,6,Districte VI,12,Bellvitge,611,75 i +,32,19,51
1998,1,Districte I,1,Centre,103,50-64,67,66,133
2003,5,Districte V,10,Pubilla Cases,511,65-74,58,46,104
2013,5,Districte V,10,Pubilla Cases,511,75 i +,143,94,237
2002,2,Districte II,5,Collblanc,212,18-24,66,53,119
2001,6,Districte VI,12,Bellvitge,610,25-34,114,148,262
2014,1,Districte I,3,Sant Josep,125,12-15,23,28,51
2013,6,Districte VI,12,Bellvitge,624,35-49,107,142,249
2010,4,Districte IV,8,les Planes,437,75 i +,48,34,82
2012,2,Districte II,5,Collblanc,208,00-02,13,16,29
1999,3,Districte III,6,Santa Eulàlia,317,35-49,59,80,139
2007,5,Districte V,10,Pubilla Cases,527,18-24,67,67,134
2005,4,Districte IV,7,la Florida,403,18-24,58,48,106
1997,6,Districte VI,12,Bellvitge,606,35-49,79,85,164
2012,6,Districte VI,12,Bellvitge,612,12-15,8,24,32
2014,3,Districte III,6,Santa Eulàlia,313,75 i +,87,59,146
2007,4,Districte IV,8,les Planes,436,03-11,48,55,103
1999,5,Districte V,10,Pubilla Cases,530,00-02,4,15,19
1998,4,Districte IV,7,la Florida,414,18-24,38,46,84
2011,1,Districte I,2,Sanfeliu,118,16-17,11,24,35
1994,2,Districte II,4,la Torrassa,248,75 i +,63,41,104
1997,2,Districte II,4,la Torrassa,236,75 i +,49,41,90
1996,1,Districte I,1,Centre,131,12-15,45,32,77
2002,4,Districte IV,8,les Planes,434,75 i +,60,28,88
1995,4,Districte IV,7,la Florida,428,12-15,7,7,14
2005,5,Districte V,9,Can Serra,505,65-74,76,91,167
2011,3,Districte III,6,Santa Eulàlia,319,18-24,44,58,102
2008,1,Districte I,1,Centre,113,18-24,78,81,159
2007,4,Districte IV,7,la Florida,410,35-49,163,165,328
1994,6,Districte VI,12,Bellvitge,624,12-15,38,41,79
2008,2,Districte II,4,la Torrassa,248,12-15,28,26,54
2016,6,Districte VI,12,Bellvitge,618,16-17,13,15,28
1994,4,Districte IV,7,la Florida,410,35-49,174,164,338
1994,6,Districte VI,11,el Gornal,617,65-74,42,46,88
2014,1,Districte I,1,Centre,128,12-15,12,17,29
2009,6,Districte VI,11,el Gornal,616,25-34,215,208,423
1996,2,Districte II,4,la Torrassa,228,16-17,6,6,12
1994,3,Districte III,6,Santa Eulàlia,309,25-34,73,58,131
2001,5,Districte V,10,Pubilla Cases,531,00-02,12,11,23
2005,4,Districte IV,7,la Florida,430,75 i +,55,38,93
1994,1,Districte I,1,Centre,134,50-64,90,94,184
1998,2,Districte II,5,Collblanc,215,25-34,75,73,148
2011,5,Districte V,9,Can Serra,521,16-17,5,5,10
1998,4,Districte IV,7,la Florida,411,03-11,37,20,57
1996,1,Districte I,3,Sant Josep,122,16-17,6,7,13
1997,2,Districte II,5,Collblanc,222,35-49,74,68,142
2016,1,Districte I,1,Centre,108,00-02,23,22,45
2003,1,Districte I,1,Centre,130,12-15,13,18,31
1998,5,Districte V,10,Pubilla Cases,517,12-15,16,18,34
2003,2,Districte II,4,la Torrassa,217,25-34,47,50,97
2014,4,Districte IV,7,la Florida,410,25-34,99,99,198
2015,4,Districte IV,7,la Florida,410,03-11,61,52,113
2005,4,Districte IV,7,la Florida,417,03-11,24,19,43
2014,2,Districte II,4,la Torrassa,237,75 i +,83,49,132
2016,1,Districte I,1,Centre,133,35-49,92,114,206
1996,3,Districte III,6,Santa Eulàlia,309,12-15,16,16,32
1997,4,Districte IV,8,les Planes,429,25-34,40,43,83
2010,2,Districte II,4,la Torrassa,230,75 i +,55,25,80
2008,6,Districte VI,12,Bellvitge,619,00-02,14,15,29
2009,1,Districte I,3,Sant Josep,137,65-74,62,64,126
2008,4,Districte IV,8,les Planes,435,65-74,48,31,79
2013,6,Districte VI,11,el Gornal,616,16-17,29,34,63
1995,1,Districte I,3,Sant Josep,137,75 i +,31,12,43
2008,2,Districte II,5,Collblanc,201,65-74,49,43,92
2004,5,Districte V,9,Can Serra,535,03-11,21,33,54
2007,6,Districte VI,11,el Gornal,622,16-17,11,12,23
2006,1,Districte I,1,Centre,124,75 i +,38,20,58
2012,2,Districte II,5,Collblanc,204,18-24,26,25,51
1996,3,Districte III,6,Santa Eulàlia,325,00-02,18,11,29
2011,1,Districte I,3,Sant Josep,126,18-24,26,24,50
1997,1,Districte I,1,Centre,112,35-49,180,180,360
2007,5,Districte V,10,Pubilla Cases,523,75 i +,108,50,158
2010,2,Districte II,4,la Torrassa,217,65-74,19,14,33
2005,4,Districte IV,7,la Florida,430,03-11,38,41,79
2012,2,Districte II,5,Collblanc,201,18-24,25,26,51
2012,4,Districte IV,7,la Florida,402,16-17,4,3,7
1997,5,Districte V,10,Pubilla Cases,525,25-34,76,80,156
1999,2,Districte II,4,la Torrassa,246,75 i +,72,34,106
2011,2,Districte II,4,la Torrassa,234,16-17,9,7,16
2013,6,Districte VI,12,Bellvitge,606,50-64,82,74,156
2005,2,Districte II,5,Collblanc,221,50-64,92,89,181
1999,3,Districte III,6,Santa Eulàlia,325,35-49,199,175,374
2010,1,Districte I,3,Sant Josep,117,00-02,23,25,48
2000,3,Districte III,6,Santa Eulàlia,306,16-17,26,13,39
2014,3,Districte III,6,Santa Eulàlia,308,16-17,21,18,39
2002,2,Districte II,5,Collblanc,212,50-64,131,117,248
2005,4,Districte IV,7,la Florida,414,65-74,53,52,105
1997,6,Districte VI,12,Bellvitge,603,65-74,23,22,45
2002,6,Districte VI,12,Bellvitge,619,50-64,158,136,294
1996,6,Districte VI,12,Bellvitge,623,75 i +,47,23,70
1999,4,Districte IV,7,la Florida,421,50-64,139,108,247
2011,5,Districte V,10,Pubilla Cases,516,00-02,12,22,34
2001,2,Districte II,5,Collblanc,223,65-74,79,67,146
2006,1,Districte I,3,Sant Josep,106,16-17,14,14,28
2012,4,Districte IV,7,la Florida,410,75 i +,145,102,247
2011,5,Districte V,10,Pubilla Cases,525,35-49,113,129,242
2005,5,Districte V,9,Can Serra,501,25-34,88,122,210
2012,5,Districte V,9,Can Serra,507,50-64,85,62,147
1995,6,Districte VI,11,el Gornal,617,00-02,7,9,16
2004,5,Districte V,10,Pubilla Cases,509,12-15,10,8,18
2009,1,Districte I,2,Sanfeliu,116,65-74,85,89,174
2009,2,Districte II,5,Collblanc,201,35-49,108,118,226
2009,2,Districte II,5,Collblanc,207,12-15,6,11,17
2015,5,Districte V,10,Pubilla Cases,533,18-24,63,61,124
2013,1,Districte I,1,Centre,110,18-24,27,38,65
2011,5,Districte V,9,Can Serra,506,50-64,234,181,415
2007,4,Districte IV,8,les Planes,419,75 i +,41,30,71
2002,6,Districte VI,12,Bellvitge,612,65-74,52,58,110
2009,2,Districte II,4,la Torrassa,233,65-74,56,36,92
2015,5,Districte V,10,Pubilla Cases,534,12-15,14,14,28
2009,6,Districte VI,11,el Gornal,629,75 i +,32,18,50
2002,1,Districte I,1,Centre,107,16-17,18,20,38
1999,1,Districte I,1,Centre,111,25-34,73,93,166
2015,4,Districte IV,7,la Florida,422,16-17,13,11,24
2005,1,Districte I,3,Sant Josep,125,35-49,145,173,318
1999,2,Districte II,5,Collblanc,227,18-24,30,32,62
1997,2,Districte II,5,Collblanc,219,35-49,95,96,191
2009,5,Districte V,10,Pubilla Cases,510,03-11,34,34,68
2004,4,Districte IV,7,la Florida,417,75 i +,36,20,56
1995,1,Districte I,1,Centre,109,12-15,26,45,71
2016,5,Districte V,9,Can Serra,503,03-11,18,23,41
1999,6,Districte VI,12,Bellvitge,631,16-17,11,9,20
2001,1,Districte I,1,Centre,134,65-74,47,37,84
2005,1,Districte I,3,Sant Josep,127,16-17,7,7,14
2012,6,Districte VI,12,Bellvitge,604,35-49,79,110,189
2008,4,Districte IV,8,les Planes,418,12-15,29,22,51
1997,2,Districte II,5,Collblanc,244,03-11,14,15,29
2001,4,Districte IV,8,les Planes,435,75 i +,89,48,137
2003,6,Districte VI,12,Bellvitge,612,50-64,151,121,272
2015,3,Districte III,6,Santa Eulàlia,317,35-49,134,185,319
2004,1,Districte I,1,Centre,108,18-24,60,48,108
1994,2,Districte II,4,la Torrassa,230,25-34,72,89,161
1996,2,Districte II,4,la Torrassa,245,25-34,62,70,132
2004,2,Districte II,5,Collblanc,206,03-11,22,28,50
2014,5,Districte V,9,Can Serra,502,65-74,88,84,172
2011,5,Districte V,10,Pubilla Cases,512,65-74,59,44,103
2014,1,Districte I,1,Centre,101,03-11,139,152,291
2006,4,Districte IV,7,la Florida,430,03-11,34,49,83
2013,1,Districte I,1,Centre,123,00-02,14,22,36
2013,2,Districte II,5,Collblanc,202,16-17,13,11,24
2011,3,Districte III,6,Santa Eulàlia,325,12-15,33,33,66
1998,5,Districte V,10,Pubilla Cases,511,18-24,38,31,69
2011,6,Districte VI,12,Bellvitge,618,16-17,4,6,10
2003,3,Districte III,6,Santa Eulàlia,319,75 i +,33,22,55
2008,1,Districte I,1,Centre,103,50-64,65,59,124
2011,2,Districte II,4,la Torrassa,242,25-34,90,101,191
2009,2,Districte II,4,la Torrassa,242,50-64,93,91,184
2001,6,Districte VI,12,Bellvitge,631,65-74,49,51,100
2001,5,Districte V,10,Pubilla Cases,512,35-49,78,76,154
2005,3,Districte III,6,Santa Eulàlia,307,35-49,151,115,266
2000,5,Districte V,10,Pubilla Cases,532,65-74,86,78,164
2011,2,Districte II,5,Collblanc,216,00-02,19,19,38
1995,6,Districte VI,12,Bellvitge,603,12-15,15,20,35
1998,3,Districte III,6,Santa Eulàlia,317,50-64,63,68,131
2011,1,Districte I,3,Sant Josep,138,65-74,53,36,89
2009,4,Districte IV,7,la Florida,427,50-64,66,55,121
2005,6,Districte VI,12,Bellvitge,618,03-11,24,35,59
2012,2,Districte II,4,la Torrassa,248,03-11,46,52,98
1996,6,Districte VI,12,Bellvitge,605,65-74,30,32,62
1998,4,Districte IV,7,la Florida,407,25-34,88,105,193
1994,3,Districte III,6,Santa Eulàlia,318,12-15,28,30,58
1998,5,Districte V,10,Pubilla Cases,528,65-74,62,54,116
2008,3,Districte III,6,Santa Eulàlia,304,65-74,73,55,128
2009,2,Districte II,5,Collblanc,212,16-17,20,15,35
2000,4,Districte IV,8,les Planes,440,65-74,51,52,103
2016,6,Districte VI,11,el Gornal,617,35-49,116,130,246
2005,1,Districte I,3,Sant Josep,139,75 i +,29,14,43
2005,3,Districte III,6,Santa Eulàlia,303,50-64,160,123,283
2006,2,Districte II,4,la Torrassa,239,75 i +,96,57,153
2011,5,Districte V,9,Can Serra,505,35-49,135,134,269
2002,2,Districte II,5,Collblanc,224,35-49,75,72,147
1994,2,Districte II,4,la Torrassa,217,03-11,21,24,45
1996,2,Districte II,5,Collblanc,224,00-02,7,9,16
2011,1,Districte I,1,Centre,101,35-49,276,297,573
2000,4,Districte IV,7,la Florida,414,35-49,87,81,168
2014,4,Districte IV,8,les Planes,401,18-24,51,52,103
2008,1,Districte I,1,Centre,105,03-11,39,49,88
2005,1,Districte I,2,Sanfeliu,118,35-49,192,173,365
2005,4,Districte IV,7,la Florida,422,12-15,19,21,40
1997,5,Districte V,9,Can Serra,506,03-11,79,99,178
2014,5,Districte V,10,Pubilla Cases,510,35-49,122,132,254
1995,5,Districte V,10,Pubilla Cases,525,03-11,31,35,66
1998,3,Districte III,6,Santa Eulàlia,319,03-11,23,29,52
1998,6,Districte VI,12,Bellvitge,627,75 i +,21,12,33
2009,6,Districte VI,12,Bellvitge,606,00-02,14,14,28
2000,4,Districte IV,8,les Planes,433,75 i +,47,20,67
2008,5,Districte V,10,Pubilla Cases,523,12-15,24,22,46
2003,1,Districte I,1,Centre,128,50-64,99,78,177
2009,5,Districte V,10,Pubilla Cases,531,75 i +,41,32,73
2007,1,Districte I,1,Centre,134,50-64,124,120,244
2012,2,Districte II,5,Collblanc,210,03-11,27,31,58
2003,5,Districte V,10,Pubilla Cases,524,16-17,10,15,25
1994,5,Districte V,10,Pubilla Cases,534,65-74,50,40,90
1998,1,Districte I,3,Sant Josep,115,35-49,158,145,303
2013,6,Districte VI,12,Bellvitge,605,03-11,78,74,152
2003,2,Districte II,5,Collblanc,206,12-15,14,14,28
2001,2,Districte II,5,Collblanc,204,65-74,52,38,90
2001,6,Districte VI,12,Bellvitge,627,25-34,76,108,184
1997,5,Districte V,10,Pubilla Cases,529,16-17,8,14,22
2006,3,Districte III,6,Santa Eulàlia,325,25-34,120,138,258
1999,4,Districte IV,7,la Florida,408,35-49,85,88,173
2006,4,Districte IV,7,la Florida,409,25-34,58,90,148
2000,5,Districte V,10,Pubilla Cases,531,03-11,24,30,54
2006,6,Districte VI,12,Bellvitge,628,25-34,62,83,145
2013,5,Districte V,10,Pubilla Cases,537,25-34,119,87,206
2012,4,Districte IV,7,la Florida,409,18-24,28,31,59
2002,4,Districte IV,7,la Florida,427,65-74,75,47,122
2005,2,Districte II,4,la Torrassa,245,65-74,58,54,112
2013,1,Districte I,2,Sanfeliu,118,00-02,28,24,52
1999,6,Districte VI,12,Bellvitge,612,35-49,73,75,148
1996,6,Districte VI,12,Bellvitge,614,16-17,9,20,29
2003,5,Districte V,10,Pubilla Cases,509,03-11,25,42,67
2005,2,Districte II,5,Collblanc,216,03-11,50,32,82
2007,3,Districte III,6,Santa Eulàlia,302,75 i +,61,33,94
2005,2,Districte II,5,Collblanc,203,35-49,101,108,209
2002,6,Districte VI,12,Bellvitge,612,50-64,154,130,284
2012,2,Districte II,5,Collblanc,210,00-02,9,9,18
2008,2,Districte II,5,Collblanc,225,16-17,5,4,9
2001,1,Districte I,1,Centre,124,16-17,13,12,25
2007,2,Districte II,5,Collblanc,223,25-34,113,100,213
2010,6,Districte VI,12,Bellvitge,612,35-49,111,139,250
2000,1,Districte I,3,Sant Josep,125,12-15,24,18,42
2006,1,Districte I,3,Sant Josep,117,65-74,73,64,137
2001,1,Districte I,1,Centre,123,00-02,10,13,23
1996,2,Districte II,5,Collblanc,226,12-15,22,21,43
1996,5,Districte V,10,Pubilla Cases,526,75 i +,23,16,39
2003,6,Districte VI,12,Bellvitge,618,12-15,10,12,22
2008,5,Districte V,10,Pubilla Cases,520,00-02,15,11,26
2015,4,Districte IV,7,la Florida,426,65-74,39,33,72
2003,2,Districte II,5,Collblanc,214,18-24,32,30,62
2009,5,Districte V,9,Can Serra,506,16-17,16,22,38
2010,5,Districte V,10,Pubilla Cases,516,65-74,35,22,57
2005,2,Districte II,4,la Torrassa,248,18-24,47,49,96
2004,4,Districte IV,7,la Florida,407,03-11,32,31,63
2004,2,Districte II,5,Collblanc,212,16-17,11,10,21
2006,2,Districte II,4,la Torrassa,241,12-15,17,12,29
2012,1,Districte I,3,Sant Josep,122,50-64,59,47,106
2012,4,Districte IV,7,la Florida,432,16-17,10,3,13
1994,5,Districte V,10,Pubilla Cases,537,25-34,89,93,182
1999,2,Districte II,4,la Torrassa,245,12-15,7,13,20
2009,4,Districte IV,8,les Planes,435,75 i +,89,40,129
1998,3,Districte III,6,Santa Eulàlia,304,75 i +,76,37,113
2001,1,Districte I,2,Sanfeliu,116,12-15,28,23,51
2016,6,Districte VI,12,Bellvitge,631,00-02,5,17,22
1995,5,Districte V,10,Pubilla Cases,529,12-15,19,23,42
1995,6,Districte VI,11,el Gornal,617,65-74,42,45,87
2012,4,Districte IV,8,les Planes,419,75 i +,46,35,81
2009,3,Districte III,6,Santa Eulàlia,301,50-64,187,180,367
2007,6,Districte VI,12,Bellvitge,625,35-49,122,116,238
2006,3,Districte III,6,Santa Eulàlia,320,65-74,34,29,63
2006,6,Districte VI,12,Bellvitge,607,35-49,128,127,255
1999,5,Districte V,10,Pubilla Cases,518,12-15,11,21,32
2005,5,Districte V,10,Pubilla Cases,512,00-02,13,21,34
2012,2,Districte II,5,Collblanc,206,50-64,75,67,142
1994,6,Districte VI,12,Bellvitge,625,12-15,77,78,155
1999,6,Districte VI,12,Bellvitge,603,65-74,24,23,47
2011,4,Districte IV,8,les Planes,429,75 i +,53,27,80
2015,5,Districte V,10,Pubilla Cases,517,00-02,26,33,59
2004,6,Districte VI,12,Bellvitge,623,00-02,19,24,43
2011,2,Districte II,5,Collblanc,210,75 i +,111,45,156
2001,1,Districte I,2,Sanfeliu,118,50-64,162,194,356
1997,5,Districte V,10,Pubilla Cases,508,25-34,41,57,98
2001,2,Districte II,4,la Torrassa,234,75 i +,77,38,115
2009,2,Districte II,5,Collblanc,208,18-24,59,43,102
2012,6,Districte VI,12,Bellvitge,612,50-64,63,60,123
1997,2,Districte II,4,la Torrassa,241,18-24,33,29,62
2009,2,Districte II,4,la Torrassa,247,25-34,128,125,253
1999,1,Districte I,1,Centre,103,25-34,59,55,114
1998,6,Districte VI,12,Bellvitge,627,00-02,9,8,17
2004,4,Districte IV,7,la Florida,406,03-11,34,42,76
2015,6,Districte VI,12,Bellvitge,607,50-64,90,83,173
2006,2,Districte II,5,Collblanc,215,00-02,8,11,19
2010,2,Districte II,4,la Torrassa,230,35-49,127,141,268
2011,4,Districte IV,7,la Florida,416,25-34,49,59,108
1996,4,Districte IV,8,les Planes,440,65-74,58,43,101
1995,1,Districte I,1,Centre,110,50-64,125,145,270
2015,1,Districte I,3,Sant Josep,138,03-11,26,24,50
2006,1,Districte I,2,Sanfeliu,129,03-11,40,48,88
2012,2,Districte II,4,la Torrassa,241,35-49,102,103,205
2008,1,Districte I,3,Sant Josep,120,00-02,19,32,51
1999,4,Districte IV,7,la Florida,405,25-34,77,84,161
1994,3,Districte III,6,Santa Eulàlia,306,12-15,41,44,85
1996,5,Districte V,10,Pubilla Cases,537,75 i +,42,26,68
1995,6,Districte VI,12,Bellvitge,607,12-15,17,24,41
2008,4,Districte IV,7,la Florida,405,35-49,79,107,186
2012,5,Districte V,10,Pubilla Cases,529,18-24,54,60,114
2012,1,Districte I,1,Centre,135,35-49,184,174,358
1997,2,Districte II,5,Collblanc,226,65-74,85,64,149
1994,1,Districte I,3,Sant Josep,126,12-15,27,26,53
1994,2,Districte II,5,Collblanc,216,03-11,36,45,81
2015,6,Districte VI,12,Bellvitge,621,03-11,54,57,111
2004,2,Districte II,5,Collblanc,201,18-24,21,28,49
2014,1,Districte I,2,Sanfeliu,132,50-64,243,208,451
2000,4,Districte IV,7,la Florida,409,16-17,4,7,11
2009,1,Districte I,1,Centre,109,00-02,16,14,30
2009,4,Districte IV,7,la Florida,412,16-17,13,16,29
2016,3,Districte III,6,Santa Eulàlia,325,12-15,27,40,67
2011,5,Districte V,10,Pubilla Cases,527,18-24,45,44,89
2013,4,Districte IV,7,la Florida,403,12-15,17,16,33
1996,2,Districte II,4,la Torrassa,217,75 i +,42,18,60
1998,4,Districte IV,8,les Planes,435,25-34,73,72,145
1999,4,Districte IV,7,la Florida,402,03-11,21,15,36
2016,1,Districte I,3,Sant Josep,119,65-74,112,107,219
2004,6,Districte VI,11,el Gornal,626,18-24,32,34,66
1998,4,Districte IV,8,les Planes,436,75 i +,31,21,52
1995,5,Districte V,10,Pubilla Cases,532,50-64,159,171,330
2007,4,Districte IV,7,la Florida,411,75 i +,86,63,149
2000,2,Districte II,5,Collblanc,226,25-34,86,76,162
2001,3,Districte III,6,Santa Eulàlia,322,03-11,43,45,88
2010,4,Districte IV,8,les Planes,438,35-49,104,113,217
2005,3,Districte III,6,Santa Eulàlia,322,18-24,58,43,101
2003,6,Districte VI,11,el Gornal,629,12-15,12,6,18
2001,5,Districte V,9,Can Serra,505,16-17,12,6,18
2010,5,Districte V,10,Pubilla Cases,514,03-11,33,33,66
1996,1,Districte I,3,Sant Josep,126,25-34,89,104,193
2000,1,Districte I,3,Sant Josep,127,25-34,65,83,148
1998,3,Districte III,6,Santa Eulàlia,321,00-02,24,19,43
1994,2,Districte II,5,Collblanc,202,75 i +,35,18,53
2011,3,Districte III,6,Santa Eulàlia,325,18-24,54,60,114
2008,2,Districte II,4,la Torrassa,242,50-64,95,96,191
1996,2,Districte II,5,Collblanc,244,25-34,55,59,114
2011,1,Districte I,1,Centre,133,75 i +,64,33,97
2014,4,Districte IV,7,la Florida,404,65-74,68,50,118
1999,5,Districte V,10,Pubilla Cases,525,50-64,96,84,180
2015,1,Districte I,3,Sant Josep,106,35-49,182,196,378
1999,1,Districte I,1,Centre,130,25-34,86,102,188
2014,1,Districte I,2,Sanfeliu,118,50-64,207,165,372
2008,2,Districte II,5,Collblanc,244,03-11,22,24,46
1996,1,Districte I,3,Sant Josep,127,16-17,7,17,24
1997,6,Districte VI,12,Bellvitge,610,12-15,20,27,47
2004,3,Districte III,6,Santa Eulàlia,316,00-02,9,15,24
1997,3,Districte III,6,Santa Eulàlia,302,35-49,187,157,344
2011,4,Districte IV,7,la Florida,408,35-49,117,111,228
2010,3,Districte III,6,Santa Eulàlia,308,18-24,62,71,133
2008,1,Districte I,1,Centre,103,35-49,85,87,172
2006,5,Districte V,9,Can Serra,507,03-11,26,38,64
2006,6,Districte VI,12,Bellvitge,603,12-15,10,14,24
1996,4,Districte IV,7,la Florida,422,75 i +,54,32,86
2000,6,Districte VI,12,Bellvitge,601,35-49,124,124,248
2000,2,Districte II,4,la Torrassa,243,75 i +,82,45,127
2008,5,Districte V,10,Pubilla Cases,510,16-17,7,14,21
1998,4,Districte IV,8,les Planes,401,12-15,25,38,63
1999,2,Districte II,5,Collblanc,220,35-49,65,65,130
2001,3,Districte III,6,Santa Eulàlia,314,00-02,31,24,55
2014,5,Districte V,9,Can Serra,504,75 i +,89,79,168
1999,4,Districte IV,7,la Florida,432,75 i +,33,33,66
2001,6,Districte VI,11,el Gornal,632,00-02,16,14,30
1996,6,Districte VI,12,Bellvitge,618,25-34,46,50,96
2011,6,Districte VI,12,Bellvitge,604,18-24,24,40,64
2011,5,Districte V,9,Can Serra,521,18-24,25,28,53
2002,2,Districte II,5,Collblanc,201,16-17,6,5,11
2012,2,Districte II,5,Collblanc,206,18-24,36,29,65
2008,2,Districte II,5,Collblanc,226,03-11,41,36,77
1994,6,Districte VI,12,Bellvitge,612,03-11,40,45,85
1994,6,Districte VI,12,Bellvitge,623,00-02,18,16,34
1998,1,Districte I,1,Centre,130,03-11,33,31,64
2009,1,Districte I,1,Centre,105,50-64,141,108,249
2016,4,Districte IV,7,la Florida,409,25-34,130,142,272
2009,3,Districte III,6,Santa Eulàlia,306,25-34,134,149,283
2006,4,Districte IV,8,les Planes,434,50-64,42,46,88
2005,2,Districte II,4,la Torrassa,236,00-02,15,11,26
2016,6,Districte VI,12,Bellvitge,610,65-74,130,88,218
1994,5,Districte V,9,Can Serra,535,35-49,159,144,303
2014,1,Districte I,1,Centre,130,16-17,8,12,20
2010,5,Districte V,10,Pubilla Cases,537,75 i +,80,49,129
2004,3,Districte III,6,Santa Eulàlia,323,00-02,42,36,78
2014,1,Districte I,1,Centre,105,75 i +,58,35,93
2012,6,Districte VI,12,Bellvitge,611,50-64,115,114,229
2000,1,Districte I,3,Sant Josep,119,16-17,19,17,36
2007,1,Districte I,1,Centre,110,16-17,7,13,20
2000,1,Districte I,1,Centre,110,03-11,34,44,78
2000,1,Districte I,3,Sant Josep,120,65-74,54,39,93
2008,2,Districte II,5,Collblanc,214,50-64,55,48,103
2016,5,Districte V,10,Pubilla Cases,538,16-17,11,16,27
2010,2,Districte II,4,la Torrassa,229,35-49,108,117,225
1997,4,Districte IV,7,la Florida,414,03-11,26,40,66
2014,5,Districte V,10,Pubilla Cases,524,35-49,163,194,357
1999,5,Districte V,10,Pubilla Cases,525,12-15,12,11,23
2006,2,Districte II,5,Collblanc,202,16-17,2,4,6
2001,1,Districte I,3,Sant Josep,117,03-11,79,68,147
2006,4,Districte IV,8,les Planes,418,75 i +,60,38,98
1996,5,Districte V,10,Pubilla Cases,532,00-02,14,9,23
1996,2,Districte II,4,la Torrassa,218,35-49,80,67,147
2004,6,Districte VI,12,Bellvitge,610,75 i +,50,37,87
2004,3,Districte III,6,Santa Eulàlia,306,75 i +,90,61,151
1994,6,Districte VI,12,Bellvitge,602,16-17,8,8,16
2001,3,Districte III,6,Santa Eulàlia,302,35-49,137,121,258
2000,5,Districte V,9,Can Serra,502,50-64,151,156,307
2003,1,Districte I,3,Sant Josep,125,25-34,158,181,339
2004,4,Districte IV,7,la Florida,430,00-02,20,9,29
2012,1,Districte I,3,Sant Josep,121,03-11,27,47,74
2002,4,Districte IV,7,la Florida,403,00-02,10,6,16
1995,5,Districte V,9,Can Serra,507,75 i +,33,21,54
1997,2,Districte II,5,Collblanc,207,50-64,72,53,125
1997,6,Districte VI,12,Bellvitge,630,75 i +,23,12,35
2013,2,Districte II,4,la Torrassa,228,16-17,19,22,41
2013,5,Districte V,10,Pubilla Cases,513,00-02,24,28,52
2006,4,Districte IV,7,la Florida,417,16-17,6,3,9
1994,6,Districte VI,12,Bellvitge,615,12-15,20,24,44
2015,6,Districte VI,12,Bellvitge,623,03-11,57,60,117
2014,1,Districte I,3,Sant Josep,120,00-02,15,13,28
1999,6,Districte VI,12,Bellvitge,623,50-64,196,197,393
2006,5,Districte V,10,Pubilla Cases,516,18-24,30,31,61
2004,2,Districte II,5,Collblanc,212,12-15,25,20,45
2004,6,Districte VI,12,Bellvitge,610,65-74,65,71,136
1998,4,Districte IV,7,la Florida,426,16-17,8,12,20
1996,5,Districte V,10,Pubilla Cases,517,75 i +,51,28,79
2016,6,Districte VI,11,el Gornal,608,12-15,30,23,53
2010,3,Districte III,6,Santa Eulàlia,317,00-02,20,23,43
1998,4,Districte IV,7,la Florida,431,16-17,14,12,26
2009,4,Districte IV,8,les Planes,401,18-24,51,68,119
2016,4,Districte IV,7,la Florida,423,65-74,49,40,89
1998,1,Districte I,1,Centre,110,65-74,52,48,100
2010,6,Districte VI,12,Bellvitge,614,03-11,39,30,69
2012,6,Districte VI,12,Bellvitge,613,18-24,31,38,69
2010,1,Districte I,3,Sant Josep,120,00-02,20,24,44
2006,3,Districte III,6,Santa Eulàlia,318,50-64,85,100,185
2005,6,Districte VI,12,Bellvitge,601,25-34,123,134,257
1997,4,Districte IV,7,la Florida,423,12-15,14,14,28
2011,4,Districte IV,8,les Planes,401,16-17,10,9,19
2011,4,Districte IV,7,la Florida,406,25-34,125,118,243
1997,5,Districte V,9,Can Serra,521,16-17,19,24,43
2001,2,Districte II,4,la Torrassa,242,03-11,35,22,57
1999,5,Districte V,10,Pubilla Cases,526,25-34,57,58,115
2013,6,Districte VI,12,Bellvitge,607,03-11,47,28,75
2007,6,Districte VI,11,el Gornal,617,65-74,68,52,120
2013,2,Districte II,5,Collblanc,224,00-02,23,15,38
2010,5,Districte V,10,Pubilla Cases,520,03-11,38,38,76
2008,4,Districte IV,8,les Planes,401,18-24,50,63,113
1998,2,Districte II,5,Collblanc,220,65-74,67,60,127
2002,1,Districte I,1,Centre,105,35-49,157,127,284
2000,4,Districte IV,7,la Florida,423,75 i +,50,24,74
1998,6,Districte VI,12,Bellvitge,610,00-02,6,10,16
1999,6,Districte VI,12,Bellvitge,619,35-49,154,142,296
2008,5,Districte V,10,Pubilla Cases,538,00-02,18,25,43
1999,2,Districte II,4,la Torrassa,237,03-11,39,31,70
1999,2,Districte II,4,la Torrassa,233,35-49,66,68,134
2005,5,Districte V,10,Pubilla Cases,513,00-02,12,10,22
2004,4,Districte IV,7,la Florida,415,75 i +,42,25,67
2015,2,Districte II,5,Collblanc,204,75 i +,107,61,168
2002,6,Districte VI,12,Bellvitge,625,12-15,32,41,73
2005,6,Districte VI,12,Bellvitge,628,00-02,8,13,21
2005,1,Districte I,3,Sant Josep,121,65-74,70,44,114
2001,4,Districte IV,7,la Florida,431,18-24,81,85,166
2009,2,Districte II,5,Collblanc,220,18-24,39,43,82
2002,3,Districte III,6,Santa Eulàlia,322,16-17,11,10,21
1996,5,Districte V,10,Pubilla Cases,517,16-17,11,14,25
2005,4,Districte IV,7,la Florida,410,75 i +,98,89,187
2001,5,Districte V,10,Pubilla Cases,538,00-02,13,18,31
1997,4,Districte IV,7,la Florida,425,12-15,15,11,26
2003,1,Districte I,2,Sanfeliu,132,18-24,118,128,246
2011,5,Districte V,10,Pubilla Cases,513,75 i +,56,34,90
1997,2,Districte II,4,la Torrassa,234,16-17,7,11,18
1995,4,Districte IV,7,la Florida,423,35-49,76,69,145
2002,3,Districte III,6,Santa Eulàlia,305,16-17,28,19,47
2016,2,Districte II,4,la Torrassa,217,12-15,18,26,44
1999,2,Districte II,5,Collblanc,215,03-11,23,20,43
1999,2,Districte II,5,Collblanc,216,50-64,144,119,263
2003,6,Districte VI,12,Bellvitge,619,12-15,18,25,43
1999,5,Districte V,10,Pubilla Cases,515,03-11,18,21,39
2014,3,Districte III,6,Santa Eulàlia,322,03-11,64,57,121
1996,2,Districte II,4,la Torrassa,229,12-15,4,10,14
2009,5,Districte V,10,Pubilla Cases,516,12-15,12,21,33
1999,2,Districte II,5,Collblanc,212,03-11,33,40,73
2001,6,Districte VI,12,Bellvitge,601,35-49,123,117,240
1996,1,Districte I,2,Sanfeliu,116,18-24,143,130,273
2007,1,Districte I,1,Centre,108,16-17,11,11,22
1997,1,Districte I,2,Sanfeliu,118,25-34,133,129,262
2007,1,Districte I,1,Centre,133,18-24,40,32,72
2000,2,Districte II,4,la Torrassa,245,03-11,29,28,57
2010,5,Districte V,10,Pubilla Cases,530,03-11,54,64,118
1999,5,Districte V,9,Can Serra,503,50-64,75,86,161
2008,4,Districte IV,8,les Planes,442,00-02,8,10,18
2001,5,Districte V,10,Pubilla Cases,531,50-64,74,80,154
2014,5,Districte V,10,Pubilla Cases,517,75 i +,98,71,169
1994,2,Districte II,5,Collblanc,222,65-74,59,40,99
2007,4,Districte IV,8,les Planes,441,00-02,19,19,38
2016,3,Districte III,6,Santa Eulàlia,314,35-49,274,273,547
2006,4,Districte IV,8,les Planes,441,75 i +,83,63,146
1999,1,Districte I,3,Sant Josep,127,18-24,29,46,75
2001,5,Districte V,10,Pubilla Cases,526,12-15,6,9,15
1998,5,Districte V,10,Pubilla Cases,512,75 i +,44,23,67
2012,6,Districte VI,12,Bellvitge,631,25-34,66,58,124
2005,4,Districte IV,7,la Florida,404,12-15,34,32,66
2014,3,Districte III,13,Granvia Sud,312,25-34,179,147,326
2015,4,Districte IV,8,les Planes,441,25-34,166,167,333
1994,2,Districte II,5,Collblanc,208,25-34,123,148,271
1999,3,Districte III,6,Santa Eulàlia,322,50-64,95,92,187
1996,2,Districte II,5,Collblanc,224,25-34,46,57,103
2001,4,Districte IV,7,la Florida,428,12-15,14,7,21
2014,4,Districte IV,8,les Planes,401,50-64,133,104,237
2013,4,Districte IV,8,les Planes,441,16-17,27,16,43
2005,4,Districte IV,7,la Florida,431,35-49,154,188,342
2008,6,Districte VI,12,Bellvitge,609,25-34,69,68,137
1995,4,Districte IV,7,la Florida,405,65-74,60,50,110
2005,1,Districte I,1,Centre,108,50-64,132,109,241
2012,2,Districte II,4,la Torrassa,232,35-49,118,146,264
2004,5,Districte V,10,Pubilla Cases,516,35-49,78,88,166
1997,6,Districte VI,12,Bellvitge,605,00-02,1,6,7
2005,1,Districte I,3,Sant Josep,137,50-64,173,147,320
1995,6,Districte VI,12,Bellvitge,620,00-02,1,4,5
2006,5,Districte V,10,Pubilla Cases,527,50-64,65,64,129
2011,4,Districte IV,8,les Planes,419,50-64,48,52,100
1994,1,Districte I,3,Sant Josep,119,18-24,104,117,221
1999,2,Districte II,4,la Torrassa,246,18-24,49,33,82
2010,2,Districte II,4,la Torrassa,241,65-74,33,30,63
2014,5,Districte V,10,Pubilla Cases,510,12-15,17,13,30
1997,5,Districte V,10,Pubilla Cases,515,35-49,54,43,97
2004,2,Districte II,4,la Torrassa,241,25-34,70,78,148
2001,6,Districte VI,12,Bellvitge,623,12-15,25,22,47
1996,6,Districte VI,12,Bellvitge,613,00-02,14,8,22
1996,6,Districte VI,11,el Gornal,616,35-49,174,175,349
2007,3,Districte III,6,Santa Eulàlia,306,50-64,151,126,277
2013,4,Districte IV,8,les Planes,436,50-64,112,106,218
2007,5,Districte V,10,Pubilla Cases,532,03-11,44,48,92
1996,5,Districte V,10,Pubilla Cases,527,03-11,41,30,71
2010,3,Districte III,6,Santa Eulàlia,310,16-17,9,9,18
1995,4,Districte IV,8,les Planes,419,03-11,28,25,53
1994,5,Districte V,9,Can Serra,535,50-64,105,136,241
2001,4,Districte IV,8,les Planes,420,03-11,42,36,78
1996,6,Districte VI,12,Bellvitge,615,16-17,12,20,32
2000,5,Districte V,10,Pubilla Cases,509,00-02,6,14,20
2004,1,Districte I,1,Centre,103,00-02,12,6,18
1998,6,Districte VI,12,Bellvitge,621,00-02,17,19,36
2005,6,Districte VI,12,Bellvitge,601,00-02,12,21,33
2005,5,Districte V,10,Pubilla Cases,520,35-49,78,80,158
1998,1,Districte I,1,Centre,111,35-49,102,97,199
2000,5,Districte V,10,Pubilla Cases,527,03-11,37,26,63
2003,4,Districte IV,7,la Florida,431,18-24,90,80,170
2005,5,Districte V,10,Pubilla Cases,536,65-74,62,51,113
1995,2,Districte II,4,la Torrassa,230,12-15,9,7,16
1996,5,Districte V,10,Pubilla Cases,516,75 i +,27,10,37
2000,3,Districte III,6,Santa Eulàlia,321,75 i +,86,44,130
1994,6,Districte VI,11,el Gornal,608,75 i +,22,8,30
2011,2,Districte II,4,la Torrassa,232,12-15,18,21,39
1997,4,Districte IV,8,les Planes,420,12-15,17,23,40
1998,2,Districte II,4,la Torrassa,218,12-15,6,13,19
2007,1,Districte I,3,Sant Josep,121,16-17,6,8,14
1995,2,Districte II,5,Collblanc,224,00-02,4,6,10
2001,6,Districte VI,12,Bellvitge,606,12-15,20,19,39
2001,4,Districte IV,7,la Florida,417,12-15,10,9,19
1999,6,Districte VI,12,Bellvitge,618,12-15,10,13,23
2008,2,Districte II,4,la Torrassa,230,50-64,42,38,80
2004,2,Districte II,4,la Torrassa,237,75 i +,66,30,96
1998,3,Districte III,6,Santa Eulàlia,309,25-34,64,55,119
2002,2,Districte II,4,la Torrassa,218,00-02,4,7,11
2012,1,Districte I,1,Centre,135,00-02,16,21,37
1995,6,Districte VI,12,Bellvitge,619,03-11,55,69,124
1996,5,Districte V,10,Pubilla Cases,513,75 i +,39,14,53
2004,4,Districte IV,8,les Planes,434,00-02,9,6,15
2003,2,Districte II,4,la Torrassa,217,75 i +,42,15,57
1998,3,Districte III,6,Santa Eulàlia,321,18-24,164,148,312
2005,6,Districte VI,12,Bellvitge,613,18-24,33,36,69
1999,4,Districte IV,7,la Florida,413,35-49,47,51,98
1995,4,Districte IV,7,la Florida,430,75 i +,48,16,64
2014,1,Districte I,1,Centre,101,35-49,309,301,610
2008,2,Districte II,4,la Torrassa,246,75 i +,76,47,123
1994,2,Districte II,4,la Torrassa,239,03-11,19,29,48
2005,1,Districte I,3,Sant Josep,138,16-17,8,6,14
2000,1,Districte I,1,Centre,103,75 i +,46,22,68
2001,5,Districte V,10,Pubilla Cases,518,18-24,46,46,92
1995,2,Districte II,4,la Torrassa,231,03-11,24,14,38
2012,2,Districte II,5,Collblanc,212,16-17,10,19,29
2010,6,Districte VI,12,Bellvitge,611,18-24,55,61,116
2004,4,Districte IV,8,les Planes,437,65-74,54,50,104
1996,5,Districte V,10,Pubilla Cases,531,50-64,91,95,186
2004,2,Districte II,4,la Torrassa,237,16-17,16,12,28
1999,2,Districte II,5,Collblanc,225,12-15,9,12,21
2016,1,Districte I,2,Sanfeliu,129,25-34,50,78,128
1996,4,Districte IV,7,la Florida,405,00-02,9,13,22
2004,6,Districte VI,11,el Gornal,626,12-15,20,11,31
2013,5,Districte V,10,Pubilla Cases,520,25-34,64,58,122
2013,6,Districte VI,12,Bellvitge,615,25-34,49,29,78
2010,6,Districte VI,11,el Gornal,626,16-17,7,6,13
1998,4,Districte IV,7,la Florida,424,75 i +,20,11,31
1996,3,Districte III,6,Santa Eulàlia,320,75 i +,26,19,45
2016,2,Districte II,4,la Torrassa,211,16-17,14,17,31
2008,1,Districte I,3,Sant Josep,115,75 i +,73,42,115
2015,2,Districte II,5,Collblanc,213,03-11,40,55,95
2011,2,Districte II,5,Collblanc,227,65-74,31,34,65
1996,5,Districte V,10,Pubilla Cases,515,65-74,34,24,58
2004,5,Districte V,10,Pubilla Cases,522,65-74,39,42,81
2007,5,Districte V,9,Can Serra,501,03-11,42,48,90
2008,4,Districte IV,8,les Planes,429,12-15,11,14,25
2009,2,Districte II,5,Collblanc,226,25-34,122,129,251
2003,3,Districte III,6,Santa Eulàlia,309,18-24,32,33,65
2013,4,Districte IV,7,la Florida,426,65-74,37,35,72
1994,2,Districte II,4,la Torrassa,235,00-02,12,12,24
1999,2,Districte II,5,Collblanc,210,00-02,5,7,12
1997,6,Districte VI,12,Bellvitge,614,18-24,79,85,164
2007,3,Districte III,6,Santa Eulàlia,308,50-64,210,192,402
2010,4,Districte IV,8,les Planes,418,25-34,106,119,225
1999,4,Districte IV,8,les Planes,439,50-64,95,86,181
1998,6,Districte VI,12,Bellvitge,614,16-17,15,10,25
2012,2,Districte II,4,la Torrassa,218,00-02,10,8,18
2003,3,Districte III,6,Santa Eulàlia,306,65-74,100,73,173
2012,2,Districte II,4,la Torrassa,229,18-24,42,29,71
2009,4,Districte IV,7,la Florida,431,12-15,29,36,65
1998,1,Districte I,3,Sant Josep,122,35-49,53,60,113
2005,2,Districte II,5,Collblanc,201,12-15,15,7,22
2006,4,Districte IV,7,la Florida,424,16-17,2,1,3
2006,4,Districte IV,7,la Florida,410,25-34,118,118,236
1997,5,Districte V,9,Can Serra,506,25-34,141,157,298
2009,5,Districte V,10,Pubilla Cases,534,18-24,39,41,80
2014,2,Districte II,4,la Torrassa,240,03-11,84,62,146
2016,1,Districte I,1,Centre,103,12-15,15,10,25
1997,1,Districte I,1,Centre,101,00-02,14,21,35
2014,2,Districte II,5,Collblanc,220,65-74,67,36,103
1998,2,Districte II,4,la Torrassa,232,75 i +,60,32,92
2001,5,Districte V,10,Pubilla Cases,525,65-74,62,52,114
1997,4,Districte IV,7,la Florida,430,75 i +,43,24,67
2001,3,Districte III,6,Santa Eulàlia,316,18-24,184,198,382
1994,2,Districte II,4,la Torrassa,236,75 i +,41,39,80
2009,4,Districte IV,8,les Planes,436,16-17,10,9,19
2001,4,Districte IV,8,les Planes,437,25-34,80,86,166
2002,2,Districte II,5,Collblanc,220,50-64,63,43,106
1999,2,Districte II,4,la Torrassa,245,65-74,74,56,130
2011,3,Districte III,6,Santa Eulàlia,318,18-24,39,43,82
2011,3,Districte III,6,Santa Eulàlia,302,03-11,47,38,85
2002,5,Districte V,10,Pubilla Cases,510,03-11,34,37,71
2006,2,Districte II,5,Collblanc,220,18-24,33,46,79
2004,2,Districte II,5,Collblanc,220,75 i +,45,37,82
1994,3,Districte III,6,Santa Eulàlia,320,03-11,25,18,43
2007,4,Districte IV,7,la Florida,411,03-11,32,25,57
2004,2,Districte II,5,Collblanc,219,12-15,18,19,37
2001,5,Districte V,10,Pubilla Cases,532,12-15,19,18,37
2004,4,Districte IV,8,les Planes,418,00-02,13,14,27
2013,6,Districte VI,12,Bellvitge,605,65-74,159,128,287
2011,2,Districte II,5,Collblanc,216,12-15,21,14,35
1998,2,Districte II,4,la Torrassa,217,12-15,12,12,24
1999,1,Districte I,1,Centre,134,35-49,143,123,266
2012,2,Districte II,5,Collblanc,202,25-34,87,98,185
2011,2,Districte II,5,Collblanc,202,03-11,38,39,77
2006,5,Districte V,9,Can Serra,501,25-34,91,121,212
2005,6,Districte VI,12,Bellvitge,601,03-11,47,45,92
2003,2,Districte II,5,Collblanc,209,50-64,70,73,143
1998,3,Districte III,6,Santa Eulàlia,323,16-17,45,53,98
2010,2,Districte II,4,la Torrassa,218,65-74,39,33,72
1998,2,Districte II,5,Collblanc,220,25-34,73,70,143
2003,5,Districte V,9,Can Serra,507,12-15,18,16,34
2015,3,Districte III,6,Santa Eulàlia,313,35-49,216,213,429
2005,4,Districte IV,7,la Florida,412,03-11,55,44,99
2006,5,Districte V,10,Pubilla Cases,537,18-24,59,51,110
2013,5,Districte V,10,Pubilla Cases,511,00-02,31,34,65
2008,2,Districte II,4,la Torrassa,211,35-49,174,215,389
1997,3,Districte III,6,Santa Eulàlia,313,16-17,39,30,69
2004,2,Districte II,4,la Torrassa,218,16-17,2,11,13
1997,2,Districte II,4,la Torrassa,229,25-34,54,53,107
2007,2,Districte II,5,Collblanc,203,16-17,3,5,8
2013,3,Districte III,6,Santa Eulàlia,315,50-64,183,151,334
2000,3,Districte III,6,Santa Eulàlia,325,75 i +,137,70,207
2005,4,Districte IV,8,les Planes,442,35-49,77,70,147
2014,1,Districte I,3,Sant Josep,125,00-02,26,37,63
1997,1,Districte I,3,Sant Josep,126,12-15,14,13,27
2008,3,Districte III,6,Santa Eulàlia,315,65-74,62,64,126
2004,2,Districte II,4,la Torrassa,245,25-34,116,124,240
1997,2,Districte II,5,Collblanc,209,00-02,7,7,14
1998,4,Districte IV,7,la Florida,411,25-34,62,72,134
2012,3,Districte III,6,Santa Eulàlia,316,25-34,175,214,389
2014,2,Districte II,5,Collblanc,224,25-34,114,107,221
2014,6,Districte VI,12,Bellvitge,627,65-74,79,85,164
2014,4,Districte IV,7,la Florida,425,50-64,71,85,156
2013,5,Districte V,10,Pubilla Cases,532,65-74,76,61,137
1999,1,Districte I,1,Centre,104,00-02,14,7,21
1998,2,Districte II,4,la Torrassa,231,16-17,6,7,13
1994,2,Districte II,4,la Torrassa,237,65-74,80,54,134
2007,3,Districte III,6,Santa Eulàlia,315,65-74,60,55,115
1996,4,Districte IV,7,la Florida,404,12-15,28,26,54
2007,5,Districte V,10,Pubilla Cases,522,35-49,111,99,210
1999,2,Districte II,4,la Torrassa,228,25-34,62,62,124
2006,5,Districte V,10,Pubilla Cases,518,35-49,137,140,277
2013,2,Districte II,5,Collblanc,213,03-11,34,54,88
2013,2,Districte II,5,Collblanc,223,35-49,152,151,303
2003,5,Districte V,10,Pubilla Cases,519,18-24,37,36,73
2008,3,Districte III,6,Santa Eulàlia,314,25-34,205,210,415
1999,4,Districte IV,7,la Florida,430,35-49,67,76,143
2012,5,Districte V,10,Pubilla Cases,538,50-64,90,82,172
2000,1,Districte I,1,Centre,107,25-34,173,209,382
2008,2,Districte II,5,Collblanc,205,03-11,29,28,57
1996,2,Districte II,5,Collblanc,219,35-49,103,89,192
2014,5,Districte V,9,Can Serra,501,65-74,95,111,206
2007,2,Districte II,4,la Torrassa,232,16-17,8,5,13
2009,3,Districte III,6,Santa Eulàlia,306,65-74,70,49,119
2008,1,Districte I,1,Centre,108,50-64,130,121,251
1994,6,Districte VI,12,Bellvitge,603,00-02,6,8,14
2004,2,Districte II,4,la Torrassa,249,75 i +,64,39,103
1997,6,Districte VI,11,el Gornal,616,65-74,46,38,84
2001,5,Districte V,10,Pubilla Cases,512,25-34,66,72,138
2004,3,Districte III,6,Santa Eulàlia,314,65-74,67,71,138
2001,6,Districte VI,12,Bellvitge,628,03-11,43,33,76
1996,1,Districte I,1,Centre,109,25-34,95,95,190
1994,2,Districte II,5,Collblanc,227,50-64,75,68,143
1998,5,Districte V,10,Pubilla Cases,532,25-34,118,106,224
2016,6,Districte VI,11,el Gornal,626,12-15,16,21,37
1994,3,Districte III,6,Santa Eulàlia,318,25-34,82,63,145
2013,2,Districte II,4,la Torrassa,239,35-49,128,139,267
2007,1,Districte I,1,Centre,112,03-11,51,55,106
2010,3,Districte III,6,Santa Eulàlia,308,12-15,37,37,74
1996,1,Districte I,1,Centre,104,65-74,74,48,122
2013,6,Districte VI,12,Bellvitge,614,65-74,94,68,162
2014,1,Districte I,1,Centre,124,03-11,40,33,73
1999,4,Districte IV,7,la Florida,414,25-34,73,67,140
2009,1,Districte I,1,Centre,108,12-15,23,23,46
1998,2,Districte II,4,la Torrassa,236,50-64,110,97,207
1995,5,Districte V,10,Pubilla Cases,513,12-15,16,10,26
2011,1,Districte I,1,Centre,111,16-17,4,8,12
1997,3,Districte III,6,Santa Eulàlia,311,16-17,17,14,31
2002,5,Districte V,10,Pubilla Cases,531,65-74,52,56,108
2009,4,Districte IV,7,la Florida,423,50-64,70,55,125
2009,6,Districte VI,12,Bellvitge,615,25-34,60,60,120
2010,1,Districte I,3,Sant Josep,136,00-02,19,20,39
2013,1,Districte I,3,Sant Josep,137,16-17,18,9,27
2016,5,Districte V,10,Pubilla Cases,518,18-24,37,49,86
1995,4,Districte IV,8,les Planes,435,25-34,69,85,154
1998,1,Districte I,3,Sant Josep,139,35-49,91,98,189
2000,4,Districte IV,8,les Planes,440,25-34,99,115,214
2016,6,Districte VI,12,Bellvitge,609,16-17,5,7,12
1998,4,Districte IV,7,la Florida,413,35-49,49,55,104
2006,4,Districte IV,8,les Planes,419,65-74,51,33,84
2008,2,Districte II,4,la Torrassa,217,00-02,16,16,32
2009,6,Districte VI,11,el Gornal,629,25-34,37,56,93
2007,5,Districte V,9,Can Serra,506,75 i +,72,52,124
2010,6,Districte VI,12,Bellvitge,601,35-49,129,172,301
2007,2,Districte II,5,Collblanc,215,75 i +,65,34,99
2014,4,Districte IV,7,la Florida,412,18-24,46,63,109
2000,5,Districte V,10,Pubilla Cases,517,35-49,106,111,217
2009,4,Districte IV,7,la Florida,415,75 i +,40,22,62
1996,1,Districte I,1,Centre,128,03-11,34,37,71
2005,1,Districte I,1,Centre,123,25-34,131,105,236
2009,4,Districte IV,8,les Planes,434,25-34,48,56,104
2005,2,Districte II,4,la Torrassa,249,35-49,142,145,287
2009,5,Districte V,10,Pubilla Cases,508,65-74,35,25,60
2010,3,Districte III,6,Santa Eulàlia,312,25-34,171,179,350
2005,4,Districte IV,7,la Florida,414,50-64,67,63,130
2010,5,Districte V,10,Pubilla Cases,536,16-17,2,9,11
2010,6,Districte VI,11,el Gornal,616,75 i +,56,37,93
2005,1,Districte I,2,Sanfeliu,118,00-02,25,23,48
1996,3,Districte III,6,Santa Eulàlia,317,18-24,40,50,90
1999,4,Districte IV,8,les Planes,434,65-74,70,43,113
2011,2,Districte II,5,Collblanc,215,18-24,43,39,82
2006,4,Districte IV,8,les Planes,438,65-74,60,55,115
2001,5,Districte V,10,Pubilla Cases,536,25-34,75,88,163
2010,2,Districte II,5,Collblanc,226,18-24,52,51,103
2012,2,Districte II,5,Collblanc,244,16-17,7,3,10
2008,5,Districte V,10,Pubilla Cases,509,18-24,31,38,69
2000,2,Districte II,4,la Torrassa,237,00-02,15,9,24
2005,6,Districte VI,12,Bellvitge,612,12-15,16,18,34
2005,4,Districte IV,8,les Planes,440,35-49,73,83,156
2015,5,Districte V,10,Pubilla Cases,533,65-74,95,62,157
2004,4,Districte IV,7,la Florida,432,03-11,30,38,68
2002,2,Districte II,4,la Torrassa,249,65-74,82,60,142
2014,6,Districte VI,12,Bellvitge,623,35-49,151,158,309
1994,2,Districte II,5,Collblanc,205,25-34,68,71,139
2011,2,Districte II,4,la Torrassa,247,75 i +,77,45,122
2006,2,Districte II,4,la Torrassa,236,75 i +,76,43,119
2002,1,Districte I,3,Sant Josep,139,50-64,87,85,172
2007,1,Districte I,1,Centre,103,00-02,11,5,16
2010,1,Districte I,2,Sanfeliu,116,35-49,166,172,338
2007,2,Districte II,4,la Torrassa,246,18-24,44,50,94
2011,1,Districte I,3,Sant Josep,121,03-11,24,41,65
1997,2,Districte II,5,Collblanc,220,16-17,10,4,14
1995,6,Districte VI,11,el Gornal,617,12-15,30,33,63
1996,2,Districte II,5,Collblanc,203,25-34,55,58,113
2008,4,Districte IV,7,la Florida,423,00-02,14,15,29
2001,3,Districte III,6,Santa Eulàlia,313,18-24,145,99,244
2000,6,Districte VI,12,Bellvitge,628,65-74,44,43,87
2005,3,Districte III,6,Santa Eulàlia,315,00-02,22,29,51
2003,1,Districte I,3,Sant Josep,114,65-74,79,70,149
2012,5,Districte V,10,Pubilla Cases,519,18-24,19,38,57
2001,1,Districte I,3,Sant Josep,106,75 i +,51,27,78
2015,1,Districte I,1,Centre,102,18-24,43,48,91
2016,3,Districte III,6,Santa Eulàlia,307,18-24,28,39,67
1996,2,Districte II,5,Collblanc,224,65-74,42,32,74
2002,6,Districte VI,12,Bellvitge,627,25-34,85,97,182
1999,5,Districte V,9,Can Serra,521,00-02,4,4,8
2002,5,Districte V,9,Can Serra,502,35-49,148,143,291
2013,1,Districte I,3,Sant Josep,115,75 i +,68,40,108
2002,2,Districte II,4,la Torrassa,218,25-34,61,68,129
2009,2,Districte II,4,la Torrassa,233,50-64,65,68,133
1997,2,Districte II,4,la Torrassa,230,00-02,10,8,18
2009,3,Districte III,6,Santa Eulàlia,303,65-74,133,115,248
1997,4,Districte IV,7,la Florida,430,35-49,69,80,149
2015,5,Districte V,10,Pubilla Cases,517,18-24,68,99,167
2003,4,Districte IV,7,la Florida,426,16-17,9,12,21
1994,6,Districte VI,12,Bellvitge,619,50-64,165,157,322
1995,2,Districte II,5,Collblanc,223,03-11,29,45,74
2009,3,Districte III,6,Santa Eulàlia,325,18-24,50,59,109
2008,3,Districte III,6,Santa Eulàlia,312,12-15,22,22,44
2003,4,Districte IV,7,la Florida,427,65-74,73,40,113
2000,5,Districte V,9,Can Serra,504,35-49,87,83,170
2014,1,Districte I,3,Sant Josep,126,50-64,79,55,134
2006,2,Districte II,5,Collblanc,204,00-02,7,8,15
1995,5,Districte V,9,Can Serra,507,35-49,92,88,180
2006,5,Districte V,10,Pubilla Cases,523,50-64,113,100,213
2007,3,Districte III,6,Santa Eulàlia,318,35-49,110,103,213
2010,2,Districte II,4,la Torrassa,237,50-64,101,107,208
2012,2,Districte II,5,Collblanc,216,16-17,17,17,34
1998,3,Districte III,6,Santa Eulàlia,310,00-02,8,8,16
1999,5,Districte V,10,Pubilla Cases,525,35-49,68,70,138
2001,2,Districte II,4,la Torrassa,246,65-74,80,60,140
2003,3,Districte III,6,Santa Eulàlia,301,16-17,23,26,49
2010,2,Districte II,4,la Torrassa,243,75 i +,102,70,172
2008,3,Districte III,6,Santa Eulàlia,318,18-24,41,34,75
2014,6,Districte VI,12,Bellvitge,611,12-15,28,29,57
2008,4,Districte IV,7,la Florida,424,25-34,62,81,143
2016,1,Districte I,1,Centre,128,75 i +,58,46,104
2008,1,Districte I,2,Sanfeliu,118,18-24,84,70,154
1999,2,Districte II,5,Collblanc,222,12-15,12,17,29
2003,4,Districte IV,7,la Florida,428,25-34,48,58,106
2016,1,Districte I,1,Centre,105,16-17,7,10,17
2000,6,Districte VI,12,Bellvitge,621,50-64,188,228,416
2012,1,Districte I,3,Sant Josep,121,35-49,110,122,232
2005,1,Districte I,3,Sant Josep,126,65-74,60,69,129
2003,2,Districte II,5,Collblanc,221,00-02,7,12,19
2010,4,Districte IV,7,la Florida,432,16-17,8,12,20
2004,5,Districte V,10,Pubilla Cases,523,65-74,89,78,167
2000,6,Districte VI,11,el Gornal,608,50-64,96,72,168
2013,6,Districte VI,12,Bellvitge,627,65-74,65,77,142
2010,6,Districte VI,12,Bellvitge,615,12-15,12,14,26
2010,6,Districte VI,12,Bellvitge,610,25-34,68,73,141
1997,5,Districte V,9,Can Serra,535,12-15,35,34,69
2016,3,Districte III,6,Santa Eulàlia,304,35-49,481,486,967
2010,3,Districte III,6,Santa Eulàlia,308,75 i +,101,52,153
2011,2,Districte II,4,la Torrassa,240,16-17,5,8,13
2004,3,Districte III,6,Santa Eulàlia,303,25-34,161,170,331
2008,4,Districte IV,7,la Florida,421,50-64,96,78,174
2002,4,Districte IV,7,la Florida,415,75 i +,46,27,73
2016,1,Districte I,1,Centre,101,25-34,132,124,256
2003,4,Districte IV,7,la Florida,431,03-11,46,63,109
1998,3,Districte III,6,Santa Eulàlia,304,12-15,13,16,29
2011,2,Districte II,4,la Torrassa,211,18-24,57,57,114
1996,2,Districte II,4,la Torrassa,246,50-64,95,87,182
2004,4,Districte IV,8,les Planes,439,12-15,15,23,38
2010,6,Districte VI,12,Bellvitge,604,65-74,48,34,82
2003,5,Districte V,9,Can Serra,501,00-02,14,17,31
2005,4,Districte IV,7,la Florida,405,16-17,5,5,10
1997,2,Districte II,5,Collblanc,219,18-24,51,45,96
2009,4,Districte IV,8,les Planes,433,18-24,69,64,133
1998,4,Districte IV,7,la Florida,431,18-24,77,83,160
2004,6,Districte VI,12,Bellvitge,630,50-64,135,114,249
1998,2,Districte II,4,la Torrassa,229,16-17,2,5,7
2011,2,Districte II,5,Collblanc,224,00-02,14,14,28
2000,4,Districte IV,7,la Florida,404,16-17,11,6,17
2016,1,Districte I,3,Sant Josep,115,50-64,112,126,238
2005,3,Districte III,6,Santa Eulàlia,317,25-34,125,145,270
2013,5,Districte V,10,Pubilla Cases,517,35-49,259,318,577
2008,4,Districte IV,7,la Florida,416,50-64,54,55,109
2010,2,Districte II,5,Collblanc,220,75 i +,56,36,92
2003,5,Districte V,9,Can Serra,506,00-02,17,16,33
2016,2,Districte II,5,Collblanc,208,16-17,13,11,24
2000,2,Districte II,5,Collblanc,202,00-02,2,5,7
2011,1,Districte I,1,Centre,102,35-49,181,185,366
2008,2,Districte II,4,la Torrassa,249,03-11,39,46,85
2009,4,Districte IV,7,la Florida,431,03-11,75,69,144
1997,4,Districte IV,7,la Florida,422,35-49,86,106,192
2003,6,Districte VI,12,Bellvitge,614,35-49,87,84,171
2014,6,Districte VI,12,Bellvitge,623,00-02,8,15,23
2003,1,Districte I,3,Sant Josep,125,18-24,51,77,128
2014,1,Districte I,3,Sant Josep,115,16-17,12,4,16
1994,1,Districte I,1,Centre,105,12-15,50,43,93
1999,1,Districte I,1,Centre,112,75 i +,58,19,77
1998,2,Districte II,4,la Torrassa,237,35-49,107,109,216
2005,5,Districte V,9,Can Serra,505,03-11,33,26,59
2016,6,Districte VI,12,Bellvitge,611,65-74,109,73,182
2014,1,Districte I,3,Sant Josep,127,25-34,58,49,107
2012,1,Districte I,3,Sant Josep,137,00-02,21,21,42
2006,4,Districte IV,8,les Planes,401,65-74,78,64,142
2001,1,Districte I,1,Centre,128,50-64,95,83,178
2010,3,Districte III,6,Santa Eulàlia,317,12-15,24,18,42
2000,2,Districte II,4,la Torrassa,229,16-17,6,6,12
1997,2,Districte II,4,la Torrassa,241,25-34,65,57,122
2000,6,Districte VI,12,Bellvitge,631,16-17,12,8,20
2014,5,Districte V,9,Can Serra,506,18-24,64,66,130
2011,1,Districte I,3,Sant Josep,140,75 i +,63,44,107
1999,1,Districte I,3,Sant Josep,138,50-64,88,73,161
2014,2,Districte II,4,la Torrassa,228,12-15,38,42,80
2013,5,Districte V,10,Pubilla Cases,510,25-34,62,83,145
2001,6,Districte VI,11,el Gornal,616,65-74,52,52,104
1998,2,Districte II,5,Collblanc,213,18-24,58,66,124
2001,6,Districte VI,11,el Gornal,629,16-17,4,7,11
1999,2,Districte II,5,Collblanc,216,75 i +,50,35,85
2005,5,Districte V,10,Pubilla Cases,514,03-11,37,35,72
2013,4,Districte IV,7,la Florida,409,50-64,154,143,297
2008,4,Districte IV,7,la Florida,426,12-15,15,27,42
2012,5,Districte V,9,Can Serra,501,12-15,19,18,37
2000,5,Districte V,9,Can Serra,535,25-34,74,101,175
2010,2,Districte II,4,la Torrassa,233,12-15,14,18,32
2002,4,Districte IV,7,la Florida,425,50-64,84,78,162
2007,6,Districte VI,11,el Gornal,622,65-74,32,34,66
2015,3,Districte III,6,Santa Eulàlia,309,16-17,4,11,15
1999,3,Districte III,6,Santa Eulàlia,317,75 i +,48,23,71
2007,2,Districte II,5,Collblanc,224,12-15,15,7,22
2011,3,Districte III,6,Santa Eulàlia,315,00-02,34,37,71
1998,6,Districte VI,12,Bellvitge,628,12-15,26,24,50
2001,4,Districte IV,7,la Florida,425,18-24,45,37,82
1995,5,Districte V,10,Pubilla Cases,516,03-11,23,12,35
2006,5,Districte V,10,Pubilla Cases,525,65-74,72,53,125
2008,1,Districte I,1,Centre,107,65-74,105,95,200
2000,4,Districte IV,7,la Florida,410,12-15,22,16,38
2003,5,Districte V,10,Pubilla Cases,529,65-74,82,84,166
2007,2,Districte II,5,Collblanc,225,00-02,10,8,18
1998,1,Districte I,1,Centre,123,16-17,16,15,31
2009,1,Districte I,3,Sant Josep,126,03-11,38,41,79
1998,2,Districte II,4,la Torrassa,249,12-15,12,16,28
2007,2,Districte II,4,la Torrassa,234,18-24,35,37,72
1995,2,Districte II,4,la Torrassa,238,12-15,13,18,31
2015,1,Districte I,3,Sant Josep,140,18-24,27,43,70
1996,2,Districte II,5,Collblanc,208,03-11,49,44,93
2016,1,Districte I,1,Centre,109,25-34,68,67,135
2007,1,Districte I,3,Sant Josep,137,16-17,13,11,24
1997,3,Districte III,6,Santa Eulàlia,315,35-49,172,183,355
2014,3,Districte III,6,Santa Eulàlia,315,12-15,31,26,57
2011,1,Districte I,3,Sant Josep,119,75 i +,84,47,131
2015,1,Districte I,1,Centre,112,65-74,91,75,166
2005,5,Districte V,10,Pubilla Cases,518,16-17,10,7,17
2010,5,Districte V,10,Pubilla Cases,527,12-15,26,19,45
2013,5,Districte V,9,Can Serra,535,16-17,6,5,11
2006,2,Districte II,4,la Torrassa,241,65-74,43,37,80
1998,5,Districte V,10,Pubilla Cases,530,35-49,106,109,215
2006,3,Districte III,6,Santa Eulàlia,316,50-64,312,345,657
1997,4,Districte IV,8,les Planes,437,25-34,64,78,142
2006,4,Districte IV,8,les Planes,438,12-15,11,21,32
2012,5,Districte V,9,Can Serra,505,75 i +,77,61,138
2010,2,Districte II,5,Collblanc,227,25-34,72,57,129
2009,5,Districte V,10,Pubilla Cases,536,16-17,8,10,18
2016,1,Districte I,1,Centre,104,50-64,80,80,160
2011,5,Districte V,9,Can Serra,505,75 i +,72,53,125
2009,1,Districte I,3,Sant Josep,122,16-17,4,4,8
2007,3,Districte III,6,Santa Eulàlia,310,25-34,104,103,207
2013,3,Districte III,6,Santa Eulàlia,304,16-17,37,14,51
2012,3,Districte III,6,Santa Eulàlia,323,03-11,134,156,290
1995,6,Districte VI,12,Bellvitge,621,00-02,23,23,46
2009,4,Districte IV,8,les Planes,441,16-17,17,19,36
2014,4,Districte IV,7,la Florida,404,50-64,108,103,211
2011,3,Districte III,6,Santa Eulàlia,304,18-24,81,78,159
2004,6,Districte VI,12,Bellvitge,621,75 i +,43,19,62
2009,2,Districte II,4,la Torrassa,239,35-49,153,175,328
2007,6,Districte VI,12,Bellvitge,609,65-74,47,43,90
2000,6,Districte VI,12,Bellvitge,618,18-24,40,33,73
2012,6,Districte VI,11,el Gornal,622,16-17,7,10,17
2009,6,Districte VI,12,Bellvitge,604,75 i +,27,18,45
2015,2,Districte II,5,Collblanc,220,25-34,147,152,299
2013,2,Districte II,4,la Torrassa,248,16-17,10,7,17
2003,6,Districte VI,12,Bellvitge,609,00-02,7,8,15
2009,1,Districte I,3,Sant Josep,114,65-74,101,96,197
1997,1,Districte I,1,Centre,135,00-02,11,14,25
1997,4,Districte IV,8,les Planes,440,16-17,15,12,27
2016,1,Districte I,1,Centre,134,35-49,164,173,337
2006,6,Districte VI,12,Bellvitge,619,50-64,146,132,278
2000,1,Districte I,2,Sanfeliu,132,50-64,183,213,396
1998,2,Districte II,5,Collblanc,226,16-17,15,15,30
2005,2,Districte II,5,Collblanc,244,75 i +,47,35,82
2009,2,Districte II,4,la Torrassa,246,12-15,31,20,51
2014,4,Districte IV,8,les Planes,418,75 i +,78,61,139
2003,2,Districte II,5,Collblanc,215,03-11,31,28,59
2014,1,Districte I,1,Centre,123,75 i +,85,64,149
2007,4,Districte IV,8,les Planes,438,75 i +,33,23,56
2008,3,Districte III,6,Santa Eulàlia,305,16-17,22,17,39
1998,1,Districte I,1,Centre,105,25-34,82,93,175
1999,1,Districte I,3,Sant Josep,136,75 i +,48,26,74
2011,3,Districte III,6,Santa Eulàlia,305,65-74,55,60,115
1998,2,Districte II,4,la Torrassa,242,03-11,30,27,57
1994,6,Districte VI,12,Bellvitge,619,25-34,121,140,261
1998,2,Districte II,5,Collblanc,210,50-64,101,79,180
1994,5,Districte V,10,Pubilla Cases,530,75 i +,55,32,87
2015,2,Districte II,5,Collblanc,224,75 i +,74,32,106
2012,5,Districte V,10,Pubilla Cases,520,75 i +,55,46,101
2005,5,Districte V,10,Pubilla Cases,519,25-34,76,88,164
1994,6,Districte VI,12,Bellvitge,604,12-15,22,28,50
1997,1,Districte I,3,Sant Josep,122,18-24,48,56,104
2016,5,Districte V,9,Can Serra,535,00-02,8,5,13
2009,6,Districte VI,12,Bellvitge,619,12-15,10,24,34
2007,6,Districte VI,11,el Gornal,622,50-64,103,90,193
2016,2,Districte II,4,la Torrassa,246,75 i +,69,46,115
2000,2,Districte II,4,la Torrassa,233,65-74,45,44,89
2007,6,Districte VI,12,Bellvitge,619,12-15,15,16,31
2003,3,Districte III,6,Santa Eulàlia,301,18-24,90,108,198
2007,2,Districte II,5,Collblanc,201,18-24,25,36,61
2013,4,Districte IV,7,la Florida,422,25-34,104,98,202
2004,2,Districte II,5,Collblanc,227,75 i +,45,27,72
2001,5,Districte V,9,Can Serra,504,12-15,8,17,25
2012,5,Districte V,10,Pubilla Cases,524,50-64,90,81,171
2016,3,Districte III,6,Santa Eulàlia,321,18-24,67,78,145
2004,6,Districte VI,12,Bellvitge,603,16-17,2,11,13
1999,4,Districte IV,7,la Florida,424,50-64,68,60,128
2001,3,Districte III,6,Santa Eulàlia,314,50-64,182,197,379
1997,2,Districte II,5,Collblanc,222,18-24,41,61,102
2000,3,Districte III,6,Santa Eulàlia,313,16-17,30,18,48
2010,6,Districte VI,12,Bellvitge,611,00-02,20,26,46
2000,4,Districte IV,7,la Florida,427,50-64,68,50,118
1998,2,Districte II,5,Collblanc,244,50-64,55,48,103
1994,6,Districte VI,11,el Gornal,626,16-17,24,19,43
2007,6,Districte VI,12,Bellvitge,631,35-49,97,116,213
2006,1,Districte I,3,Sant Josep,120,50-64,160,166,326
2006,4,Districte IV,7,la Florida,423,16-17,7,6,13
2002,2,Districte II,4,la Torrassa,240,65-74,68,48,116
2014,4,Districte IV,8,les Planes,437,65-74,91,68,159
2005,3,Districte III,6,Santa Eulàlia,311,75 i +,96,51,147
1999,1,Districte I,1,Centre,108,65-74,90,79,169
2009,4,Districte IV,7,la Florida,417,03-11,22,31,53
2007,1,Districte I,1,Centre,128,03-11,29,37,66
2003,3,Districte III,6,Santa Eulàlia,309,16-17,4,4,8
2006,6,Districte VI,12,Bellvitge,613,75 i +,50,31,81
2004,6,Districte VI,12,Bellvitge,602,12-15,8,9,17
2004,2,Districte II,4,la Torrassa,218,18-24,29,28,57
2011,4,Districte IV,7,la Florida,413,25-34,61,55,116
2012,6,Districte VI,12,Bellvitge,613,75 i +,85,48,133
2014,6,Districte VI,12,Bellvitge,602,16-17,12,20,32
1994,1,Districte I,3,Sant Josep,122,50-64,128,134,262
2005,6,Districte VI,12,Bellvitge,620,00-02,4,7,11
2002,3,Districte III,6,Santa Eulàlia,304,18-24,49,46,95
1994,4,Districte IV,8,les Planes,439,65-74,54,40,94
2006,5,Districte V,9,Can Serra,502,12-15,25,17,42
2007,5,Districte V,10,Pubilla Cases,522,12-15,12,17,29
2005,4,Districte IV,7,la Florida,422,03-11,42,37,79
2008,5,Districte V,10,Pubilla Cases,528,35-49,184,146,330
1994,1,Districte I,2,Sanfeliu,118,00-02,20,27,47
2015,2,Districte II,5,Collblanc,210,75 i +,92,44,136
2012,6,Districte VI,12,Bellvitge,605,65-74,73,59,132
1997,4,Districte IV,8,les Planes,420,16-17,12,14,26
2013,2,Districte II,4,la Torrassa,237,18-24,49,46,95
2009,5,Districte V,10,Pubilla Cases,525,25-34,88,117,205
2000,2,Districte II,5,Collblanc,203,75 i +,52,26,78
2000,4,Districte IV,8,les Planes,419,00-02,17,12,29
2005,2,Districte II,4,la Torrassa,245,00-02,15,14,29
2014,5,Districte V,10,Pubilla Cases,525,03-11,45,49,94
2014,5,Districte V,9,Can Serra,504,18-24,24,25,49
2015,2,Districte II,5,Collblanc,202,50-64,126,111,237
2001,4,Districte IV,7,la Florida,409,12-15,8,10,18
2005,6,Districte VI,12,Bellvitge,601,65-74,81,92,173
2008,1,Districte I,3,Sant Josep,106,12-15,25,25,50
2014,3,Districte III,6,Santa Eulàlia,306,18-24,63,72,135
1997,3,Districte III,6,Santa Eulàlia,321,75 i +,71,40,111
2013,5,Districte V,10,Pubilla Cases,531,25-34,74,81,155
2006,2,Districte II,5,Collblanc,203,16-17,7,4,11
2007,1,Districte I,1,Centre,110,12-15,14,17,31
2005,3,Districte III,6,Santa Eulàlia,307,00-02,6,15,21
2002,1,Districte I,1,Centre,123,75 i +,69,43,112
2011,5,Districte V,10,Pubilla Cases,523,35-49,185,174,359
1999,3,Districte III,6,Santa Eulàlia,301,75 i +,74,34,108
1997,4,Districte IV,7,la Florida,404,00-02,11,19,30
2008,5,Districte V,10,Pubilla Cases,532,25-34,155,156,311
2012,5,Districte V,10,Pubilla Cases,537,00-02,16,13,29
1997,1,Districte I,3,Sant Josep,137,16-17,19,19,38
1999,4,Districte IV,8,les Planes,440,25-34,93,108,201
2004,2,Districte II,4,la Torrassa,228,00-02,4,7,11
2011,5,Districte V,10,Pubilla Cases,524,16-17,12,12,24
2014,5,Districte V,10,Pubilla Cases,517,50-64,171,149,320
2013,2,Districte II,4,la Torrassa,236,35-49,123,120,243
1996,2,Districte II,5,Collblanc,216,35-49,129,111,240
1998,4,Districte IV,8,les Planes,420,35-49,89,109,198
2009,3,Districte III,6,Santa Eulàlia,307,00-02,10,15,25
1996,5,Districte V,10,Pubilla Cases,533,65-74,44,51,95
2016,4,Districte IV,7,la Florida,410,75 i +,159,108,267
2010,1,Districte I,1,Centre,111,03-11,23,39,62
1998,4,Districte IV,7,la Florida,403,00-02,7,9,16
2009,2,Districte II,5,Collblanc,225,03-11,13,19,32
1999,2,Districte II,5,Collblanc,222,16-17,9,8,17
1999,5,Districte V,10,Pubilla Cases,510,50-64,115,112,227
2014,3,Districte III,6,Santa Eulàlia,305,65-74,68,70,138
1997,2,Districte II,4,la Torrassa,218,12-15,9,11,20
1999,5,Districte V,10,Pubilla Cases,532,25-34,126,108,234
2001,2,Districte II,4,la Torrassa,239,03-11,30,28,58
1996,4,Districte IV,7,la Florida,432,16-17,26,17,43
1997,2,Districte II,5,Collblanc,244,16-17,6,6,12
2012,5,Districte V,10,Pubilla Cases,518,00-02,10,17,27
1996,2,Districte II,4,la Torrassa,234,65-74,78,58,136
1995,6,Districte VI,11,el Gornal,626,18-24,99,146,245
2008,3,Districte III,6,Santa Eulàlia,301,12-15,38,37,75
1999,4,Districte IV,7,la Florida,411,65-74,97,77,174
1997,6,Districte VI,12,Bellvitge,630,12-15,30,29,59
2004,1,Districte I,1,Centre,104,50-64,67,62,129
2008,2,Districte II,4,la Torrassa,249,50-64,91,71,162
2016,2,Districte II,4,la Torrassa,249,16-17,10,13,23
2007,2,Districte II,5,Collblanc,213,16-17,9,8,17
2003,2,Districte II,5,Collblanc,213,00-02,6,15,21
1997,3,Districte III,6,Santa Eulàlia,318,65-74,24,17,41
2016,5,Districte V,9,Can Serra,501,75 i +,41,37,78
2003,3,Districte III,6,Santa Eulàlia,309,65-74,32,22,54
2012,4,Districte IV,8,les Planes,439,12-15,18,20,38
2003,2,Districte II,4,la Torrassa,234,03-11,32,26,58
1998,6,Districte VI,12,Bellvitge,623,16-17,22,37,59
2016,1,Districte I,1,Centre,107,75 i +,111,68,179
1997,1,Districte I,3,Sant Josep,117,25-34,154,151,305
2012,2,Districte II,5,Collblanc,215,12-15,19,19,38
2002,6,Districte VI,12,Bellvitge,609,00-02,9,12,21
2015,5,Districte V,9,Can Serra,521,03-11,36,34,70
1998,4,Districte IV,7,la Florida,422,12-15,17,16,33
2007,4,Districte IV,7,la Florida,415,75 i +,43,24,67
2012,2,Districte II,4,la Torrassa,247,00-02,31,36,67
2016,1,Districte I,1,Centre,113,18-24,49,58,107
1994,4,Districte IV,7,la Florida,427,25-34,69,79,148
2012,5,Districte V,10,Pubilla Cases,528,65-74,65,48,113
2007,6,Districte VI,12,Bellvitge,601,18-24,37,47,84
2012,4,Districte IV,7,la Florida,417,18-24,35,18,53
1995,1,Districte I,1,Centre,111,50-64,112,107,219
1996,4,Districte IV,8,les Planes,434,75 i +,51,33,84
1996,4,Districte IV,8,les Planes,429,65-74,39,34,73
2005,3,Districte III,6,Santa Eulàlia,321,16-17,18,21,39
2009,6,Districte VI,12,Bellvitge,613,35-49,146,150,296
2006,6,Districte VI,12,Bellvitge,619,12-15,16,21,37
2015,4,Districte IV,7,la Florida,423,65-74,48,43,91
2004,4,Districte IV,8,les Planes,441,12-15,36,54,90
2011,2,Districte II,5,Collblanc,201,75 i +,62,40,102
2007,2,Districte II,5,Collblanc,223,03-11,53,52,105
2012,5,Districte V,10,Pubilla Cases,508,75 i +,36,22,58
1996,4,Districte IV,7,la Florida,431,18-24,91,88,179
2007,4,Districte IV,7,la Florida,421,65-74,85,59,144
2009,6,Districte VI,12,Bellvitge,609,00-02,14,8,22
2013,4,Districte IV,8,les Planes,401,18-24,50,53,103
2008,4,Districte IV,7,la Florida,416,75 i +,53,44,97
2000,3,Districte III,6,Santa Eulàlia,324,50-64,70,68,138
1996,1,Districte I,3,Sant Josep,136,00-02,16,10,26
2009,2,Districte II,5,Collblanc,204,65-74,28,17,45
2016,6,Districte VI,12,Bellvitge,614,18-24,21,32,53
1999,1,Districte I,1,Centre,130,18-24,38,39,77
2007,2,Districte II,4,la Torrassa,233,00-02,5,15,20
1997,4,Districte IV,8,les Planes,420,65-74,82,56,138
2008,4,Districte IV,7,la Florida,412,12-15,28,27,55
1996,2,Districte II,4,la Torrassa,211,03-11,35,41,76
1997,3,Districte III,6,Santa Eulàlia,321,35-49,338,320,658
2013,3,Districte III,6,Santa Eulàlia,305,18-24,76,54,130
1998,4,Districte IV,7,la Florida,425,18-24,42,44,86
2001,3,Districte III,6,Santa Eulàlia,325,03-11,68,60,128
1999,6,Districte VI,12,Bellvitge,613,75 i +,40,20,60
2010,6,Districte VI,12,Bellvitge,614,75 i +,51,36,87
2011,1,Districte I,1,Centre,110,16-17,8,10,18
2012,5,Districte V,10,Pubilla Cases,533,65-74,47,21,68
2004,1,Districte I,1,Centre,113,35-49,184,155,339
1994,4,Districte IV,7,la Florida,411,16-17,27,12,39
1995,2,Districte II,4,la Torrassa,243,50-64,151,144,295
2001,5,Districte V,9,Can Serra,507,16-17,13,7,20
1996,3,Districte III,6,Santa Eulàlia,308,25-34,96,102,198
2002,4,Districte IV,8,les Planes,439,25-34,110,126,236
1996,4,Districte IV,7,la Florida,409,65-74,32,29,61
2016,3,Districte III,6,Santa Eulàlia,317,25-34,79,85,164
2010,2,Districte II,4,la Torrassa,242,50-64,91,89,180
2011,2,Districte II,4,la Torrassa,241,03-11,34,36,70
1997,2,Districte II,5,Collblanc,203,18-24,30,36,66
1995,4,Districte IV,7,la Florida,430,35-49,64,75,139
2016,6,Districte VI,12,Bellvitge,607,25-34,54,63,117
2003,2,Districte II,4,la Torrassa,236,65-74,79,60,139
1998,2,Districte II,5,Collblanc,203,16-17,6,8,14
2003,4,Districte IV,7,la Florida,414,25-34,87,89,176
2005,4,Districte IV,7,la Florida,432,12-15,23,21,44
1998,3,Districte III,6,Santa Eulàlia,319,16-17,16,16,32
1997,3,Districte III,6,Santa Eulàlia,312,25-34,154,185,339
1998,2,Districte II,4,la Torrassa,231,00-02,14,3,17
2013,3,Districte III,6,Santa Eulàlia,313,35-49,235,213,448
2010,3,Districte III,6,Santa Eulàlia,325,18-24,45,51,96
2000,4,Districte IV,7,la Florida,432,18-24,78,87,165
2009,3,Districte III,6,Santa Eulàlia,325,35-49,202,167,369
1994,4,Districte IV,8,les Planes,440,75 i +,38,28,66
1998,4,Districte IV,7,la Florida,411,16-17,14,9,23
1995,6,Districte VI,12,Bellvitge,604,65-74,33,27,60
2012,3,Districte III,6,Santa Eulàlia,301,00-02,45,48,93
2013,2,Districte II,5,Collblanc,209,35-49,116,107,223
1996,2,Districte II,4,la Torrassa,238,16-17,4,9,13
2003,4,Districte IV,7,la Florida,412,03-11,47,42,89
2011,2,Districte II,5,Collblanc,210,00-02,9,11,20
1996,1,Districte I,1,Centre,103,50-64,75,64,139
1997,6,Districte VI,12,Bellvitge,609,75 i +,28,12,40
2016,1,Districte I,1,Centre,134,25-34,87,97,184
2003,2,Districte II,5,Collblanc,208,18-24,69,81,150
1995,6,Districte VI,12,Bellvitge,623,65-74,48,29,77
2011,5,Districte V,9,Can Serra,506,18-24,61,79,140
2000,2,Districte II,4,la Torrassa,229,00-02,8,4,12
2008,5,Districte V,10,Pubilla Cases,517,03-11,61,70,131
2012,2,Districte II,4,la Torrassa,237,03-11,63,71,134
2012,1,Districte I,3,Sant Josep,115,75 i +,79,38,117
1997,1,Districte I,3,Sant Josep,122,03-11,27,10,37
2005,3,Districte III,6,Santa Eulàlia,322,65-74,58,47,105
2006,5,Districte V,10,Pubilla Cases,538,25-34,100,123,223
1997,2,Districte II,5,Collblanc,221,00-02,11,6,17
2008,4,Districte IV,8,les Planes,436,12-15,25,23,48
1996,5,Districte V,9,Can Serra,503,50-64,68,73,141
2001,4,Districte IV,8,les Planes,433,00-02,9,23,32
2011,2,Districte II,5,Collblanc,204,25-34,47,53,100
2014,3,Districte III,6,Santa Eulàlia,302,75 i +,66,44,110
1998,3,Districte III,6,Santa Eulàlia,313,25-34,142,141,283
2009,2,Districte II,5,Collblanc,213,16-17,8,9,17
1995,2,Districte II,4,la Torrassa,235,00-02,14,9,23
1998,3,Districte III,6,Santa Eulàlia,317,65-74,56,41,97
2005,4,Districte IV,7,la Florida,428,50-64,39,33,72
2001,5,Districte V,10,Pubilla Cases,523,75 i +,84,33,117
2002,1,Districte I,3,Sant Josep,120,16-17,20,19,39
1995,2,Districte II,4,la Torrassa,240,35-49,60,48,108
2004,5,Districte V,10,Pubilla Cases,533,65-74,71,56,127
2003,6,Districte VI,12,Bellvitge,619,03-11,40,46,86
2012,4,Districte IV,7,la Florida,405,00-02,14,14,28
2010,4,Districte IV,8,les Planes,419,35-49,110,134,244
2002,3,Districte III,6,Santa Eulàlia,319,35-49,125,114,239
2007,6,Districte VI,12,Bellvitge,601,50-64,147,117,264
2014,4,Districte IV,7,la Florida,426,65-74,39,36,75
2012,5,Districte V,10,Pubilla Cases,512,18-24,33,33,66
1998,3,Districte III,6,Santa Eulàlia,311,18-24,76,80,156
2015,1,Districte I,2,Sanfeliu,129,50-64,88,81,169
2007,3,Districte III,6,Santa Eulàlia,316,65-74,59,59,118
1996,6,Districte VI,11,el Gornal,622,35-49,123,114,237
2008,5,Districte V,9,Can Serra,507,12-15,10,15,25
1998,4,Districte IV,7,la Florida,414,35-49,81,73,154
2005,5,Districte V,9,Can Serra,506,25-34,131,138,269
2007,5,Districte V,10,Pubilla Cases,525,25-34,98,109,207
2011,5,Districte V,10,Pubilla Cases,522,18-24,30,32,62
1998,6,Districte VI,12,Bellvitge,606,25-34,110,113,223
2009,5,Districte V,10,Pubilla Cases,513,75 i +,43,28,71
2013,2,Districte II,5,Collblanc,201,16-17,3,10,13
2013,3,Districte III,6,Santa Eulàlia,317,50-64,74,75,149
2002,1,Districte I,2,Sanfeliu,116,16-17,16,14,30
2004,6,Districte VI,12,Bellvitge,628,03-11,34,42,76
2002,4,Districte IV,8,les Planes,437,12-15,8,19,27
2013,3,Districte III,6,Santa Eulàlia,318,16-17,6,7,13
2012,1,Districte I,1,Centre,111,03-11,30,37,67
2004,4,Districte IV,8,les Planes,436,18-24,50,54,104
2003,3,Districte III,6,Santa Eulàlia,301,75 i +,76,45,121
1997,4,Districte IV,8,les Planes,418,03-11,36,37,73
1995,5,Districte V,10,Pubilla Cases,511,16-17,7,6,13
2006,1,Districte I,3,Sant Josep,120,12-15,44,36,80
1996,6,Districte VI,12,Bellvitge,603,50-64,78,76,154
2008,2,Districte II,4,la Torrassa,229,65-74,48,30,78
2010,2,Districte II,4,la Torrassa,232,12-15,14,14,28
1996,4,Districte IV,7,la Florida,416,50-64,92,92,184
2011,2,Districte II,5,Collblanc,222,65-74,37,37,74
1996,4,Districte IV,7,la Florida,407,16-17,13,14,27
1998,5,Districte V,10,Pubilla Cases,526,18-24,33,40,73
1994,1,Districte I,1,Centre,108,00-02,12,16,28
2008,4,Districte IV,7,la Florida,413,18-24,26,30,56
2005,2,Districte II,5,Collblanc,220,25-34,80,95,175
2016,2,Districte II,5,Collblanc,201,50-64,101,89,190
2006,6,Districte VI,12,Bellvitge,610,65-74,73,85,158
2000,2,Districte II,4,la Torrassa,239,12-15,7,20,27
1997,1,Districte I,1,Centre,102,16-17,19,28,47
2015,6,Districte VI,12,Bellvitge,605,35-49,203,198,401
2003,2,Districte II,5,Collblanc,244,16-17,5,4,9
1997,3,Districte III,6,Santa Eulàlia,321,18-24,168,163,331
2013,2,Districte II,4,la Torrassa,234,00-02,11,19,30
2007,4,Districte IV,7,la Florida,431,25-34,164,201,365
2000,4,Districte IV,7,la Florida,421,12-15,8,11,19
2005,3,Districte III,6,Santa Eulàlia,305,18-24,77,78,155
2011,1,Districte I,1,Centre,128,35-49,131,143,274
2006,6,Districte VI,11,el Gornal,622,35-49,79,86,165
2012,5,Districte V,10,Pubilla Cases,519,03-11,23,34,57
2006,4,Districte IV,8,les Planes,401,35-49,141,122,263
2012,1,Districte I,3,Sant Josep,115,35-49,156,174,330
2003,4,Districte IV,7,la Florida,409,65-74,42,32,74
2013,6,Districte VI,12,Bellvitge,619,50-64,143,123,266
2000,6,Districte VI,11,el Gornal,622,18-24,62,61,123
2014,5,Districte V,10,Pubilla Cases,524,16-17,8,15,23
1996,3,Districte III,6,Santa Eulàlia,316,65-74,35,32,67
2004,1,Districte I,3,Sant Josep,138,16-17,8,10,18
2004,6,Districte VI,12,Bellvitge,609,35-49,74,72,146
2004,6,Districte VI,12,Bellvitge,613,16-17,12,6,18
2010,4,Districte IV,7,la Florida,415,16-17,6,7,13
1996,6,Districte VI,12,Bellvitge,627,65-74,30,21,51
2011,4,Districte IV,8,les Planes,434,65-74,22,15,37
2016,2,Districte II,4,la Torrassa,242,16-17,11,13,24
2000,1,Districte I,1,Centre,102,12-15,30,30,60
2009,3,Districte III,6,Santa Eulàlia,325,65-74,98,82,180
1994,3,Districte III,6,Santa Eulàlia,321,00-02,24,18,42
1997,3,Districte III,6,Santa Eulàlia,309,35-49,90,73,163
2010,2,Districte II,5,Collblanc,205,12-15,15,18,33
2011,5,Districte V,10,Pubilla Cases,514,35-49,94,121,215
2008,2,Districte II,5,Collblanc,202,03-11,27,27,54
1998,3,Districte III,6,Santa Eulàlia,301,75 i +,81,34,115
1996,1,Districte I,2,Sanfeliu,132,03-11,89,84,173
2012,1,Districte I,1,Centre,104,03-11,37,40,77
2007,2,Districte II,5,Collblanc,224,25-34,66,66,132
2010,5,Districte V,9,Can Serra,535,65-74,80,91,171
2015,6,Districte VI,12,Bellvitge,614,35-49,106,108,214
2001,2,Districte II,4,la Torrassa,232,25-34,83,86,169
2010,2,Districte II,5,Collblanc,206,12-15,15,21,36
1995,3,Districte III,6,Santa Eulàlia,313,12-15,77,53,130
2014,1,Districte I,1,Centre,130,03-11,54,40,94
2016,1,Districte I,3,Sant Josep,139,12-15,15,17,32
2001,4,Districte IV,7,la Florida,430,25-34,90,75,165
1997,4,Districte IV,7,la Florida,405,75 i +,31,20,51
2001,4,Districte IV,8,les Planes,401,35-49,124,123,247
2006,6,Districte VI,12,Bellvitge,610,16-17,13,10,23
1998,5,Districte V,10,Pubilla Cases,530,12-15,20,25,45
2004,3,Districte III,6,Santa Eulàlia,320,16-17,13,7,20
2016,6,Districte VI,12,Bellvitge,618,03-11,48,48,96
2001,4,Districte IV,8,les Planes,418,16-17,10,15,25
1994,4,Districte IV,7,la Florida,412,12-15,56,62,118
2015,5,Districte V,10,Pubilla Cases,510,18-24,40,35,75
2014,4,Districte IV,8,les Planes,401,65-74,48,46,94
2010,4,Districte IV,8,les Planes,435,16-17,12,12,24
1994,1,Districte I,1,Centre,105,00-02,20,19,39
2002,1,Districte I,3,Sant Josep,115,50-64,116,125,241
1996,1,Districte I,3,Sant Josep,106,12-15,73,63,136
2010,5,Districte V,9,Can Serra,535,00-02,6,14,20
1997,6,Districte VI,12,Bellvitge,624,35-49,136,94,230
2012,5,Districte V,9,Can Serra,505,50-64,117,74,191
2012,1,Districte I,3,Sant Josep,138,65-74,55,38,93
2001,2,Districte II,4,la Torrassa,247,75 i +,64,33,97
2002,6,Districte VI,12,Bellvitge,607,00-02,9,9,18
1996,2,Districte II,5,Collblanc,203,00-02,4,3,7
1994,6,Districte VI,12,Bellvitge,623,18-24,147,161,308
2010,5,Districte V,10,Pubilla Cases,510,18-24,34,43,77
2006,2,Districte II,4,la Torrassa,238,12-15,13,12,25
1999,2,Districte II,4,la Torrassa,242,12-15,12,17,29
1998,2,Districte II,5,Collblanc,222,03-11,42,29,71
2013,2,Districte II,5,Collblanc,202,12-15,20,23,43
1994,4,Districte IV,7,la Florida,408,00-02,7,6,13
2008,2,Districte II,5,Collblanc,201,50-64,60,45,105
2005,3,Districte III,6,Santa Eulàlia,304,65-74,73,67,140
2012,5,Districte V,10,Pubilla Cases,526,35-49,91,87,178
2016,3,Districte III,6,Santa Eulàlia,301,50-64,233,224,457
2013,1,Districte I,2,Sanfeliu,132,03-11,97,68,165
2016,1,Districte I,1,Centre,128,12-15,12,15,27
1998,3,Districte III,6,Santa Eulàlia,308,25-34,123,121,244
2003,2,Districte II,5,Collblanc,202,16-17,4,7,11
1998,2,Districte II,4,la Torrassa,229,25-34,49,56,105
1997,6,Districte VI,12,Bellvitge,612,65-74,54,39,93
1998,5,Districte V,10,Pubilla Cases,533,35-49,71,68,139
2010,1,Districte I,1,Centre,135,12-15,23,19,42
2015,4,Districte IV,7,la Florida,410,18-24,54,72,126
2009,5,Districte V,10,Pubilla Cases,516,25-34,57,66,123
1996,2,Districte II,4,la Torrassa,235,18-24,82,63,145
1995,6,Districte VI,12,Bellvitge,605,75 i +,22,11,33
2014,5,Districte V,10,Pubilla Cases,511,35-49,275,290,565
1995,1,Districte I,2,Sanfeliu,118,75 i +,14,16,30
2012,6,Districte VI,12,Bellvitge,612,75 i +,53,44,97
2009,6,Districte VI,12,Bellvitge,620,18-24,21,26,47
2013,5,Districte V,10,Pubilla Cases,529,00-02,14,19,33
2002,3,Districte III,6,Santa Eulàlia,323,12-15,66,65,131
2010,6,Districte VI,12,Bellvitge,605,16-17,1,2,3
2001,4,Districte IV,7,la Florida,431,12-15,15,19,34
2006,2,Districte II,4,la Torrassa,229,65-74,39,36,75
1996,4,Districte IV,7,la Florida,417,18-24,38,53,91
2012,6,Districte VI,12,Bellvitge,631,12-15,13,18,31
2004,2,Districte II,5,Collblanc,224,12-15,12,10,22
2007,5,Districte V,10,Pubilla Cases,528,50-64,83,80,163
2009,5,Districte V,10,Pubilla Cases,512,50-64,56,60,116
2011,1,Districte I,1,Centre,113,03-11,54,79,133
1995,4,Districte IV,7,la Florida,412,00-02,19,19,38
2013,4,Districte IV,7,la Florida,404,50-64,111,106,217
1999,1,Districte I,3,Sant Josep,127,00-02,11,12,23
2010,6,Districte VI,11,el Gornal,622,25-34,56,68,124
2004,1,Districte I,3,Sant Josep,126,18-24,35,31,66
2016,2,Districte II,5,Collblanc,212,12-15,17,28,45
1994,3,Districte III,6,Santa Eulàlia,306,03-11,53,80,133
2013,3,Districte III,6,Santa Eulàlia,313,25-34,124,111,235
2013,3,Districte III,6,Santa Eulàlia,314,65-74,100,92,192
2012,4,Districte IV,7,la Florida,422,65-74,47,26,73
2001,4,Districte IV,8,les Planes,438,00-02,6,14,20
1995,2,Districte II,5,Collblanc,219,18-24,59,62,121
2001,1,Districte I,2,Sanfeliu,118,35-49,227,175,402
2016,3,Districte III,6,Santa Eulàlia,324,12-15,26,23,49
2003,6,Districte VI,12,Bellvitge,620,00-02,5,7,12
1994,2,Districte II,5,Collblanc,224,00-02,3,8,11
1996,2,Districte II,5,Collblanc,213,25-34,56,82,138
2003,5,Districte V,10,Pubilla Cases,520,12-15,14,14,28
2014,6,Districte VI,12,Bellvitge,606,03-11,51,47,98
2006,4,Districte IV,7,la Florida,422,16-17,7,12,19
2011,4,Districte IV,7,la Florida,406,75 i +,83,65,148
1994,2,Districte II,4,la Torrassa,218,35-49,84,84,168
2016,6,Districte VI,12,Bellvitge,607,65-74,66,24,90
2011,5,Districte V,10,Pubilla Cases,526,03-11,20,28,48
2014,6,Districte VI,11,el Gornal,617,03-11,31,52,83
1994,2,Districte II,4,la Torrassa,239,50-64,141,123,264
1997,1,Districte I,1,Centre,123,25-34,95,98,193
1995,5,Districte V,10,Pubilla Cases,530,75 i +,57,32,89
2010,2,Districte II,5,Collblanc,214,03-11,39,27,66
1997,3,Districte III,6,Santa Eulàlia,325,35-49,189,159,348
2004,1,Districte I,3,Sant Josep,125,75 i +,49,30,79
1994,6,Districte VI,12,Bellvitge,606,25-34,124,151,275
2004,6,Districte VI,12,Bellvitge,631,75 i +,38,23,61
2012,3,Districte III,6,Santa Eulàlia,309,65-74,31,40,71
2015,4,Districte IV,7,la Florida,425,25-34,93,86,179
1994,4,Districte IV,7,la Florida,407,18-24,57,68,125
2005,3,Districte III,6,Santa Eulàlia,321,00-02,25,24,49
2000,3,Districte III,6,Santa Eulàlia,312,03-11,51,46,97
2002,4,Districte IV,7,la Florida,407,00-02,11,16,27
2008,2,Districte II,5,Collblanc,227,25-34,73,77,150
1996,1,Districte I,3,Sant Josep,137,75 i +,33,12,45
2006,6,Districte VI,11,el Gornal,608,25-34,59,78,137
1998,3,Districte III,6,Santa Eulàlia,322,03-11,43,49,92
2013,1,Districte I,1,Centre,108,50-64,149,125,274
1999,3,Districte III,6,Santa Eulàlia,306,35-49,170,160,330
2013,5,Districte V,9,Can Serra,504,00-02,12,13,25
1996,6,Districte VI,12,Bellvitge,606,12-15,28,24,52
1995,1,Districte I,1,Centre,108,75 i +,75,37,112
2005,3,Districte III,6,Santa Eulàlia,309,50-64,77,75,152
1998,6,Districte VI,11,el Gornal,608,75 i +,30,10,40
2013,4,Districte IV,7,la Florida,411,75 i +,93,77,170
2009,3,Districte III,6,Santa Eulàlia,325,00-02,15,14,29
2002,4,Districte IV,7,la Florida,416,50-64,64,52,116
1999,5,Districte V,10,Pubilla Cases,513,75 i +,40,15,55
2006,1,Districte I,3,Sant Josep,115,16-17,9,16,25
2001,6,Districte VI,12,Bellvitge,628,50-64,136,143,279
2013,3,Districte III,6,Santa Eulàlia,312,50-64,147,138,285
2012,4,Districte IV,7,la Florida,414,35-49,135,127,262
1999,1,Districte I,3,Sant Josep,119,25-34,101,118,219
2011,4,Districte IV,7,la Florida,405,25-34,49,62,111
1998,5,Districte V,10,Pubilla Cases,526,16-17,9,8,17
2006,5,Districte V,10,Pubilla Cases,522,16-17,11,8,19
2010,1,Districte I,1,Centre,107,12-15,18,28,46
2016,4,Districte IV,7,la Florida,423,75 i +,75,57,132
2010,1,Districte I,1,Centre,107,25-34,142,152,294
2010,3,Districte III,6,Santa Eulàlia,313,03-11,89,90,179
1999,2,Districte II,4,la Torrassa,233,16-17,5,7,12
2015,6,Districte VI,11,el Gornal,622,00-02,8,6,14
1997,2,Districte II,4,la Torrassa,238,18-24,23,38,61
1999,5,Districte V,10,Pubilla Cases,512,18-24,35,51,86
2006,5,Districte V,10,Pubilla Cases,512,16-17,5,9,14
2009,6,Districte VI,12,Bellvitge,612,50-64,101,67,168
2012,4,Districte IV,7,la Florida,427,75 i +,65,36,101
1999,2,Districte II,4,la Torrassa,242,16-17,6,11,17
2001,4,Districte IV,8,les Planes,437,50-64,81,57,138
1995,6,Districte VI,11,el Gornal,622,50-64,67,68,135
2014,1,Districte I,1,Centre,113,00-02,25,28,53
2012,4,Districte IV,7,la Florida,407,00-02,17,13,30
2012,1,Districte I,1,Centre,102,03-11,61,59,120
2010,1,Districte I,3,Sant Josep,121,12-15,15,16,31
1997,6,Districte VI,12,Bellvitge,615,03-11,14,22,36
1998,5,Districte V,10,Pubilla Cases,523,12-15,25,19,44
1999,5,Districte V,10,Pubilla Cases,512,12-15,20,16,36
2004,6,Districte VI,12,Bellvitge,605,12-15,10,6,16
2007,2,Districte II,4,la Torrassa,239,65-74,71,56,127
2008,2,Districte II,4,la Torrassa,246,00-02,18,22,40
1998,1,Districte I,1,Centre,113,25-34,96,82,178
2012,3,Districte III,6,Santa Eulàlia,320,03-11,70,62,132
2015,5,Districte V,10,Pubilla Cases,534,50-64,79,77,156
2003,2,Districte II,4,la Torrassa,238,00-02,7,9,16
2000,4,Districte IV,8,les Planes,442,65-74,26,26,52
2008,1,Districte I,3,Sant Josep,121,50-64,45,42,87
2011,5,Districte V,10,Pubilla Cases,520,16-17,10,6,16
2008,4,Districte IV,8,les Planes,434,16-17,9,8,17
2002,6,Districte VI,12,Bellvitge,613,16-17,6,8,14
2001,6,Districte VI,11,el Gornal,626,25-34,82,118,200
2006,4,Districte IV,7,la Florida,430,18-24,38,44,82
2011,1,Districte I,3,Sant Josep,125,03-11,83,83,166
2011,2,Districte II,5,Collblanc,220,00-02,14,13,27
2013,2,Districte II,5,Collblanc,209,75 i +,79,61,140
2016,5,Districte V,9,Can Serra,506,12-15,28,39,67
2012,2,Districte II,5,Collblanc,206,35-49,115,129,244
2003,3,Districte III,6,Santa Eulàlia,323,03-11,137,131,268
2011,5,Districte V,9,Can Serra,502,75 i +,127,68,195
2016,6,Districte VI,12,Bellvitge,624,16-17,7,7,14
2004,2,Districte II,5,Collblanc,225,03-11,8,16,24
2010,1,Districte I,3,Sant Josep,114,75 i +,83,47,130
2013,1,Districte I,1,Centre,123,75 i +,88,65,153
2010,1,Districte I,3,Sant Josep,127,65-74,37,29,66
1996,5,Districte V,9,Can Serra,507,65-74,41,35,76
2002,6,Districte VI,12,Bellvitge,631,35-49,83,87,170
2007,5,Districte V,10,Pubilla Cases,515,75 i +,29,13,42
1998,4,Districte IV,7,la Florida,402,00-02,7,2,9
2011,1,Districte I,3,Sant Josep,120,75 i +,65,27,92
2000,1,Districte I,3,Sant Josep,114,75 i +,59,20,79
2004,3,Districte III,6,Santa Eulàlia,318,75 i +,19,14,33
2003,1,Districte I,2,Sanfeliu,129,18-24,60,52,112
2002,5,Districte V,10,Pubilla Cases,517,50-64,90,86,176
2008,1,Districte I,1,Centre,124,75 i +,36,26,62
1995,4,Districte IV,7,la Florida,408,65-74,41,36,77
1996,1,Districte I,2,Sanfeliu,118,25-34,128,133,261
2001,3,Districte III,6,Santa Eulàlia,306,75 i +,83,55,138
1997,1,Districte I,2,Sanfeliu,116,03-11,64,50,114
1995,6,Districte VI,12,Bellvitge,631,50-64,133,153,286
2004,6,Districte VI,12,Bellvitge,627,16-17,6,17,23
1997,4,Districte IV,8,les Planes,437,12-15,19,15,34
1995,4,Districte IV,8,les Planes,429,03-11,21,27,48
2001,4,Districte IV,8,les Planes,429,18-24,31,36,67
2007,4,Districte IV,8,les Planes,418,00-02,19,15,34
1998,1,Districte I,3,Sant Josep,122,16-17,9,4,13
2009,1,Districte I,1,Centre,105,65-74,39,48,87
1999,6,Districte VI,11,el Gornal,617,65-74,56,52,108
2012,1,Districte I,2,Sanfeliu,116,12-15,31,22,53
2001,5,Districte V,9,Can Serra,505,18-24,80,67,147
2008,3,Districte III,6,Santa Eulàlia,318,35-49,105,102,207
2007,5,Districte V,9,Can Serra,535,12-15,18,16,34
2011,5,Districte V,10,Pubilla Cases,520,50-64,76,56,132
2014,1,Districte I,3,Sant Josep,114,18-24,41,39,80
2008,6,Districte VI,12,Bellvitge,615,16-17,6,4,10
2016,6,Districte VI,12,Bellvitge,614,03-11,36,46,82
2011,1,Districte I,3,Sant Josep,114,18-24,39,30,69
2002,5,Districte V,10,Pubilla Cases,523,16-17,8,14,22
2003,6,Districte VI,12,Bellvitge,630,03-11,16,29,45
1998,5,Districte V,10,Pubilla Cases,534,65-74,54,47,101
2011,4,Districte IV,7,la Florida,430,18-24,35,45,80
2000,2,Districte II,4,la Torrassa,242,18-24,39,35,74
1994,1,Districte I,3,Sant Josep,115,35-49,178,173,351
1996,1,Districte I,1,Centre,113,03-11,67,60,127
2016,5,Districte V,10,Pubilla Cases,526,75 i +,88,60,148
2004,4,Districte IV,7,la Florida,407,75 i +,56,43,99
2001,4,Districte IV,7,la Florida,416,25-34,62,70,132
2005,6,Districte VI,11,el Gornal,632,50-64,96,81,177
2015,3,Districte III,6,Santa Eulàlia,313,00-02,19,24,43
1997,3,Districte III,6,Santa Eulàlia,317,65-74,56,40,96
2009,1,Districte I,1,Centre,101,35-49,267,279,546
2010,5,Districte V,10,Pubilla Cases,533,12-15,13,11,24
2003,1,Districte I,1,Centre,123,25-34,107,111,218
2005,4,Districte IV,7,la Florida,403,00-02,13,10,23
2007,5,Districte V,10,Pubilla Cases,533,12-15,16,13,29
2014,3,Districte III,6,Santa Eulàlia,321,00-02,20,26,46
2011,4,Districte IV,8,les Planes,442,12-15,13,21,34
2004,6,Districte VI,11,el Gornal,617,25-34,97,113,210
2005,4,Districte IV,7,la Florida,417,12-15,11,4,15
1995,1,Districte I,1,Centre,128,25-34,76,90,166
1995,2,Districte II,5,Collblanc,208,00-02,11,11,22
2005,3,Districte III,6,Santa Eulàlia,304,12-15,17,21,38
2012,5,Districte V,10,Pubilla Cases,518,16-17,6,12,18
2009,5,Districte V,10,Pubilla Cases,526,25-34,83,83,166
2002,3,Districte III,6,Santa Eulàlia,311,75 i +,83,50,133
2008,6,Districte VI,12,Bellvitge,612,35-49,109,128,237
2016,1,Districte I,1,Centre,108,65-74,66,57,123
2013,4,Districte IV,7,la Florida,426,50-64,80,77,157
1997,5,Districte V,9,Can Serra,521,75 i +,31,17,48
2007,2,Districte II,4,la Torrassa,245,12-15,8,22,30
2012,4,Districte IV,7,la Florida,408,00-02,19,10,29
1995,4,Districte IV,7,la Florida,407,18-24,53,70,123
2005,4,Districte IV,7,la Florida,426,25-34,116,155,271
1997,2,Districte II,5,Collblanc,210,00-02,7,2,9
2007,5,Districte V,10,Pubilla Cases,510,35-49,117,125,242
2010,5,Districte V,10,Pubilla Cases,516,00-02,17,16,33
2008,5,Districte V,10,Pubilla Cases,524,16-17,12,10,22
2009,1,Districte I,2,Sanfeliu,116,12-15,31,19,50
2005,1,Districte I,1,Centre,124,35-49,96,78,174
2007,1,Districte I,1,Centre,105,25-34,106,106,212
2001,6,Districte VI,12,Bellvitge,604,00-02,6,5,11
2002,6,Districte VI,11,el Gornal,629,50-64,57,45,102
2005,1,Districte I,1,Centre,131,50-64,179,178,357
2001,5,Districte V,9,Can Serra,501,12-15,20,13,33
2009,2,Districte II,4,la Torrassa,211,75 i +,84,48,132
2015,5,Districte V,10,Pubilla Cases,538,16-17,7,13,20
1994,1,Districte I,3,Sant Josep,117,35-49,275,272,547
1998,1,Districte I,2,Sanfeliu,129,00-02,12,14,26
2014,6,Districte VI,11,el Gornal,608,16-17,7,4,11
2006,2,Districte II,5,Collblanc,244,18-24,27,25,52
1997,2,Districte II,4,la Torrassa,243,00-02,12,12,24
1998,4,Districte IV,7,la Florida,409,03-11,15,19,34
1994,1,Districte I,1,Centre,133,65-74,51,49,100
2007,1,Districte I,1,Centre,112,18-24,63,66,129
2007,4,Districte IV,7,la Florida,407,65-74,62,45,107
2000,5,Districte V,9,Can Serra,521,00-02,5,4,9
2004,2,Districte II,4,la Torrassa,232,50-64,94,85,179
1998,5,Districte V,9,Can Serra,503,75 i +,20,11,31
2003,2,Districte II,5,Collblanc,209,25-34,72,82,154
2001,5,Districte V,9,Can Serra,535,50-64,150,141,291
1998,6,Districte VI,12,Bellvitge,601,25-34,88,144,232
2012,1,Districte I,1,Centre,103,25-34,47,51,98
2003,4,Districte IV,7,la Florida,408,75 i +,39,23,62
1997,1,Districte I,1,Centre,131,65-74,60,48,108
2002,1,Districte I,3,Sant Josep,136,16-17,14,6,20
1999,3,Districte III,6,Santa Eulàlia,306,25-34,116,112,228
2015,4,Districte IV,7,la Florida,425,65-74,47,33,80
1999,4,Districte IV,7,la Florida,432,65-74,75,60,135
2006,3,Districte III,6,Santa Eulàlia,312,03-11,49,62,111
2001,4,Districte IV,7,la Florida,417,18-24,25,38,63
2002,4,Districte IV,8,les Planes,437,65-74,51,52,103
2005,6,Districte VI,12,Bellvitge,614,35-49,93,95,188
2015,1,Districte I,1,Centre,131,12-15,9,29,38
2007,2,Districte II,4,la Torrassa,234,75 i +,73,42,115
1994,2,Districte II,5,Collblanc,203,16-17,7,7,14
2007,4,Districte IV,8,les Planes,436,18-24,44,40,84
2016,6,Districte VI,11,el Gornal,617,50-64,81,74,155
2009,1,Districte I,1,Centre,124,16-17,5,11,16
2002,2,Districte II,5,Collblanc,213,65-74,58,46,104
2009,1,Districte I,1,Centre,111,65-74,66,46,112
2009,4,Districte IV,8,les Planes,401,65-74,58,52,110
1998,5,Districte V,9,Can Serra,535,50-64,145,153,298
1994,2,Districte II,4,la Torrassa,241,50-64,80,65,145
2007,5,Districte V,9,Can Serra,505,16-17,12,7,19
2011,2,Districte II,4,la Torrassa,229,35-49,102,111,213
2015,4,Districte IV,8,les Planes,433,50-64,149,154,303
2003,4,Districte IV,8,les Planes,439,00-02,19,19,38
2013,4,Districte IV,8,les Planes,420,16-17,22,16,38
1998,5,Districte V,10,Pubilla Cases,512,03-11,29,30,59
1999,6,Districte VI,12,Bellvitge,603,50-64,86,69,155
2007,5,Districte V,9,Can Serra,507,16-17,8,11,19
2007,3,Districte III,6,Santa Eulàlia,312,25-34,150,161,311
2005,2,Districte II,5,Collblanc,219,65-74,63,57,120
2010,3,Districte III,6,Santa Eulàlia,304,75 i +,102,51,153
2003,1,Districte I,3,Sant Josep,117,50-64,198,199,397
2008,4,Districte IV,7,la Florida,412,00-02,17,24,41
1994,3,Districte III,6,Santa Eulàlia,310,75 i +,23,12,35
1998,2,Districte II,5,Collblanc,225,03-11,10,12,22
2007,6,Districte VI,12,Bellvitge,612,03-11,36,44,80
2015,1,Districte I,3,Sant Josep,127,03-11,35,33,68
2009,6,Districte VI,12,Bellvitge,623,16-17,7,7,14
2007,1,Districte I,1,Centre,113,12-15,17,28,45
2003,1,Districte I,3,Sant Josep,125,75 i +,45,32,77
2012,1,Districte I,3,Sant Josep,115,25-34,90,84,174
1995,4,Districte IV,7,la Florida,425,18-24,65,54,119
2015,4,Districte IV,7,la Florida,411,65-74,71,52,123
1995,2,Districte II,5,Collblanc,207,16-17,5,13,18
2001,2,Districte II,4,la Torrassa,234,03-11,21,30,51
2009,6,Districte VI,11,el Gornal,632,18-24,31,38,69
2004,4,Districte IV,7,la Florida,403,16-17,9,4,13
1995,3,Districte III,6,Santa Eulàlia,311,16-17,15,19,34
2008,2,Districte II,5,Collblanc,209,50-64,84,59,143
2005,4,Districte IV,8,les Planes,420,65-74,79,65,144
2012,6,Districte VI,12,Bellvitge,610,65-74,133,110,243
2010,4,Districte IV,7,la Florida,403,16-17,9,12,21
2013,1,Districte I,3,Sant Josep,115,16-17,8,9,17
2008,5,Districte V,10,Pubilla Cases,526,00-02,10,14,24
1994,4,Districte IV,8,les Planes,436,18-24,58,46,104
1995,5,Districte V,9,Can Serra,504,16-17,14,24,38
1999,6,Districte VI,11,el Gornal,626,65-74,53,66,119
2005,1,Districte I,3,Sant Josep,120,50-64,153,150,303
2000,2,Districte II,4,la Torrassa,240,16-17,6,7,13
2014,4,Districte IV,8,les Planes,433,18-24,77,68,145
2011,2,Districte II,5,Collblanc,203,50-64,71,54,125
2002,1,Districte I,1,Centre,113,65-74,59,29,88
1997,1,Districte I,1,Centre,110,75 i +,45,24,69
2013,1,Districte I,1,Centre,128,50-64,90,80,170
2004,2,Districte II,5,Collblanc,215,16-17,8,11,19
2010,4,Districte IV,8,les Planes,439,35-49,145,169,314
1997,2,Districte II,4,la Torrassa,247,25-34,99,101,200
2012,1,Districte I,1,Centre,109,18-24,41,30,71
2012,3,Districte III,6,Santa Eulàlia,324,65-74,40,38,78
2000,5,Districte V,10,Pubilla Cases,533,65-74,63,63,126
2001,6,Districte VI,12,Bellvitge,625,03-11,42,44,86
2013,4,Districte IV,8,les Planes,440,25-34,57,61,118
2014,2,Districte II,4,la Torrassa,234,75 i +,70,40,110
1994,2,Districte II,5,Collblanc,224,25-34,47,53,100
2000,2,Districte II,5,Collblanc,214,25-34,66,69,135
2004,1,Districte I,1,Centre,108,65-74,75,63,138
2006,5,Districte V,10,Pubilla Cases,527,25-34,123,129,252
1998,1,Districte I,1,Centre,131,75 i +,35,18,53
1999,2,Districte II,5,Collblanc,213,16-17,4,13,17
1996,2,Districte II,4,la Torrassa,240,65-74,62,46,108
1996,2,Districte II,5,Collblanc,208,75 i +,106,63,169
2015,5,Districte V,9,Can Serra,521,25-34,51,44,95
2004,4,Districte IV,7,la Florida,413,16-17,4,4,8
2004,2,Districte II,4,la Torrassa,240,25-34,78,80,158
1998,4,Districte IV,7,la Florida,406,16-17,18,13,31
2004,2,Districte II,4,la Torrassa,232,18-24,51,49,100
2009,5,Districte V,10,Pubilla Cases,515,50-64,45,32,77
2007,3,Districte III,6,Santa Eulàlia,310,16-17,6,8,14
1995,5,Districte V,10,Pubilla Cases,524,50-64,139,125,264
2002,6,Districte VI,12,Bellvitge,601,16-17,10,11,21
2007,4,Districte IV,7,la Florida,428,18-24,44,36,80
2008,2,Districte II,5,Collblanc,226,12-15,22,18,40
1994,3,Districte III,6,Santa Eulàlia,321,18-24,134,133,267
2003,1,Districte I,1,Centre,135,12-15,27,29,56
1997,5,Districte V,10,Pubilla Cases,529,12-15,16,19,35
2001,4,Districte IV,8,les Planes,418,65-74,63,52,115
1997,6,Districte VI,12,Bellvitge,631,18-24,119,137,256
2005,6,Districte VI,12,Bellvitge,618,18-24,22,20,42
2011,6,Districte VI,12,Bellvitge,610,25-34,62,64,126
2000,6,Districte VI,12,Bellvitge,619,75 i +,45,29,74
2001,4,Districte IV,8,les Planes,419,18-24,35,38,73
2000,4,Districte IV,7,la Florida,416,25-34,58,66,124
2000,4,Districte IV,7,la Florida,427,35-49,71,72,143
1997,1,Districte I,1,Centre,130,16-17,9,9,18
1995,6,Districte VI,11,el Gornal,626,03-11,43,42,85
2007,5,Districte V,10,Pubilla Cases,537,00-02,9,5,14
2004,6,Districte VI,12,Bellvitge,610,18-24,52,49,101
2015,6,Districte VI,12,Bellvitge,610,12-15,20,28,48
2007,1,Districte I,3,Sant Josep,125,65-74,52,60,112
1995,5,Districte V,10,Pubilla Cases,513,25-34,63,72,135
2009,5,Districte V,10,Pubilla Cases,536,00-02,9,16,25
1997,4,Districte IV,7,la Florida,431,18-24,81,76,157
2004,4,Districte IV,7,la Florida,427,03-11,38,47,85
1999,4,Districte IV,7,la Florida,406,16-17,17,19,36
2006,4,Districte IV,7,la Florida,422,65-74,58,47,105
2014,5,Districte V,9,Can Serra,507,75 i +,48,21,69
2007,4,Districte IV,8,les Planes,436,00-02,18,21,39
2004,2,Districte II,4,la Torrassa,248,50-64,78,77,155
1995,5,Districte V,10,Pubilla Cases,512,03-11,28,33,61
2013,2,Districte II,4,la Torrassa,245,00-02,21,20,41
2007,2,Districte II,5,Collblanc,204,18-24,27,34,61
2006,6,Districte VI,12,Bellvitge,618,12-15,6,13,19
2014,1,Districte I,3,Sant Josep,119,18-24,29,36,65
2001,1,Districte I,1,Centre,135,65-74,62,51,113
2000,2,Districte II,5,Collblanc,220,16-17,9,11,20
2015,1,Districte I,1,Centre,102,35-49,164,178,342
2013,4,Districte IV,7,la Florida,416,35-49,186,190,376
2011,6,Districte VI,12,Bellvitge,624,00-02,16,12,28
2002,1,Districte I,3,Sant Josep,140,65-74,71,62,133
1998,5,Districte V,10,Pubilla Cases,529,75 i +,59,38,97
2004,4,Districte IV,7,la Florida,422,50-64,83,69,152
2012,4,Districte IV,7,la Florida,411,03-11,35,26,61
1998,1,Districte I,3,Sant Josep,126,16-17,13,5,18
1995,1,Districte I,3,Sant Josep,137,35-49,194,160,354
2002,4,Districte IV,8,les Planes,433,18-24,54,54,108
2000,5,Districte V,10,Pubilla Cases,510,50-64,113,106,219
2002,6,Districte VI,12,Bellvitge,610,50-64,195,163,358
2001,2,Districte II,5,Collblanc,219,75 i +,82,42,124
2012,1,Districte I,1,Centre,124,35-49,77,85,162
2012,4,Districte IV,7,la Florida,403,75 i +,82,66,148
2012,2,Districte II,5,Collblanc,222,50-64,68,54,122
2001,6,Districte VI,12,Bellvitge,605,25-34,68,77,145
1998,5,Districte V,10,Pubilla Cases,530,50-64,132,116,248
2005,3,Districte III,6,Santa Eulàlia,325,00-02,20,29,49
1995,4,Districte IV,7,la Florida,415,65-74,53,38,91
1995,3,Districte III,6,Santa Eulàlia,316,12-15,110,129,239
2010,1,Districte I,3,Sant Josep,119,50-64,172,130,302
2016,1,Districte I,1,Centre,130,50-64,84,84,168
2002,6,Districte VI,12,Bellvitge,602,25-34,48,66,114
2010,4,Districte IV,8,les Planes,433,00-02,28,29,57
1995,6,Districte VI,11,el Gornal,616,00-02,13,14,27
1998,4,Districte IV,7,la Florida,409,25-34,54,65,119
2011,1,Districte I,3,Sant Josep,126,35-49,109,113,222
2011,4,Districte IV,7,la Florida,410,18-24,60,50,110
2005,2,Districte II,4,la Torrassa,237,50-64,100,91,191
2008,4,Districte IV,8,les Planes,436,00-02,18,22,40
2013,1,Districte I,3,Sant Josep,138,50-64,99,91,190
2001,5,Districte V,10,Pubilla Cases,533,25-34,90,101,191
2011,2,Districte II,4,la Torrassa,232,75 i +,79,46,125
2000,2,Districte II,4,la Torrassa,232,50-64,94,87,181
2006,1,Districte I,3,Sant Josep,120,25-34,119,140,259
2001,4,Districte IV,7,la Florida,415,65-74,43,35,78
1996,5,Districte V,10,Pubilla Cases,534,16-17,11,17,28
2011,6,Districte VI,12,Bellvitge,618,18-24,14,21,35
2004,1,Districte I,1,Centre,128,18-24,39,34,73
1998,2,Districte II,4,la Torrassa,235,35-49,89,98,187
1996,2,Districte II,4,la Torrassa,237,03-11,33,31,64
2005,3,Districte III,6,Santa Eulàlia,312,16-17,17,13,30
1995,4,Districte IV,7,la Florida,412,25-34,119,141,260
1994,3,Districte III,6,Santa Eulàlia,314,65-74,74,61,135
2014,2,Districte II,5,Collblanc,207,12-15,26,32,58
2007,2,Districte II,4,la Torrassa,237,12-15,28,23,51
1994,4,Districte IV,7,la Florida,422,50-64,108,100,208
2013,2,Districte II,4,la Torrassa,246,25-34,101,89,190
2002,2,Districte II,4,la Torrassa,241,00-02,2,4,6
1996,4,Districte IV,7,la Florida,422,50-64,91,88,179
2012,1,Districte I,2,Sanfeliu,116,18-24,48,39,87
2011,4,Districte IV,7,la Florida,427,12-15,15,19,34
1996,2,Districte II,4,la Torrassa,248,12-15,14,24,38
2008,5,Districte V,10,Pubilla Cases,508,12-15,11,11,22
1996,1,Districte I,3,Sant Josep,138,03-11,30,56,86
2002,6,Districte VI,12,Bellvitge,603,50-64,80,67,147
2014,4,Districte IV,8,les Planes,433,03-11,75,106,181
2012,5,Districte V,9,Can Serra,504,50-64,93,71,164
1998,2,Districte II,5,Collblanc,216,00-02,10,9,19
2006,1,Districte I,1,Centre,133,12-15,11,14,25
2003,6,Districte VI,12,Bellvitge,624,75 i +,36,17,53
2014,3,Districte III,6,Santa Eulàlia,303,65-74,127,90,217
2003,4,Districte IV,7,la Florida,425,75 i +,63,31,94
2000,4,Districte IV,8,les Planes,433,12-15,18,10,28
1994,3,Districte III,6,Santa Eulàlia,302,18-24,106,110,216
2003,1,Districte I,3,Sant Josep,121,16-17,4,3,7
2005,2,Districte II,5,Collblanc,205,18-24,52,44,96
2007,6,Districte VI,12,Bellvitge,620,75 i +,16,15,31
2005,4,Districte IV,8,les Planes,439,75 i +,49,26,75
2005,2,Districte II,5,Collblanc,214,65-74,37,28,65
1994,2,Districte II,4,la Torrassa,238,03-11,19,31,50
2009,6,Districte VI,12,Bellvitge,621,35-49,155,155,310
1996,2,Districte II,5,Collblanc,208,16-17,23,19,42
2003,2,Districte II,4,la Torrassa,240,75 i +,46,32,78
2013,1,Districte I,1,Centre,133,75 i +,62,33,95
1995,5,Districte V,10,Pubilla Cases,528,00-02,10,14,24
2008,5,Districte V,10,Pubilla Cases,537,50-64,130,95,225
2016,4,Districte IV,7,la Florida,432,75 i +,82,52,134
1996,2,Districte II,5,Collblanc,220,03-11,17,25,42
1996,5,Districte V,10,Pubilla Cases,515,25-34,58,51,109
1997,4,Districte IV,8,les Planes,442,12-15,12,13,25
2016,6,Districte VI,11,el Gornal,622,03-11,28,35,63
2013,5,Districte V,10,Pubilla Cases,524,12-15,20,21,41
1998,2,Districte II,5,Collblanc,215,12-15,12,10,22
2003,4,Districte IV,8,les Planes,440,75 i +,59,41,100
2016,5,Districte V,10,Pubilla Cases,510,25-34,64,74,138
2007,5,Districte V,10,Pubilla Cases,510,18-24,40,48,88
2002,4,Districte IV,7,la Florida,432,65-74,67,64,131
2014,5,Districte V,10,Pubilla Cases,520,75 i +,52,38,90
2012,2,Districte II,5,Collblanc,224,16-17,7,7,14
2015,1,Districte I,1,Centre,133,35-49,91,110,201
2008,2,Districte II,4,la Torrassa,248,03-11,54,44,98
2007,2,Districte II,4,la Torrassa,238,00-02,9,17,26
2003,2,Districte II,4,la Torrassa,246,35-49,99,126,225
2014,3,Districte III,6,Santa Eulàlia,323,65-74,92,103,195
1996,6,Districte VI,12,Bellvitge,623,50-64,174,196,370
1999,5,Districte V,10,Pubilla Cases,520,50-64,96,99,195
1998,5,Districte V,10,Pubilla Cases,528,18-24,61,78,139
2015,1,Districte I,1,Centre,108,00-02,19,32,51
1999,4,Districte IV,8,les Planes,429,25-34,31,45,76
1994,1,Districte I,1,Centre,111,65-74,34,40,74
1999,5,Districte V,10,Pubilla Cases,538,65-74,88,80,168
2003,5,Districte V,10,Pubilla Cases,534,50-64,94,84,178
2002,2,Districte II,5,Collblanc,212,00-02,12,19,31
2010,2,Districte II,5,Collblanc,221,00-02,15,19,34
2010,2,Districte II,4,la Torrassa,241,75 i +,71,37,108
2016,2,Districte II,4,la Torrassa,229,75 i +,87,51,138
2007,3,Districte III,6,Santa Eulàlia,318,18-24,45,40,85
2001,5,Districte V,10,Pubilla Cases,510,16-17,7,10,17
1994,4,Districte IV,7,la Florida,417,12-15,18,19,37
2015,3,Districte III,6,Santa Eulàlia,324,35-49,151,185,336
2007,2,Districte II,5,Collblanc,210,00-02,8,4,12
2004,5,Districte V,10,Pubilla Cases,520,25-34,77,84,161
2007,2,Districte II,5,Collblanc,213,65-74,41,44,85
2005,1,Districte I,1,Centre,103,35-49,87,72,159
1996,6,Districte VI,12,Bellvitge,619,25-34,110,141,251
2013,4,Districte IV,8,les Planes,437,50-64,139,111,250
1995,4,Districte IV,8,les Planes,441,16-17,49,32,81
1997,2,Districte II,4,la Torrassa,228,50-64,78,64,142
2013,3,Districte III,6,Santa Eulàlia,322,75 i +,71,49,120
1998,2,Districte II,5,Collblanc,244,00-02,8,4,12
2005,2,Districte II,4,la Torrassa,228,16-17,5,8,13
2008,4,Districte IV,7,la Florida,403,75 i +,74,45,119
2001,6,Districte VI,12,Bellvitge,620,65-74,26,29,55
2016,4,Districte IV,7,la Florida,431,65-74,58,47,105
2010,5,Districte V,10,Pubilla Cases,519,35-49,84,119,203
2004,4,Districte IV,7,la Florida,416,35-49,76,83,159
2005,3,Districte III,6,Santa Eulàlia,301,35-49,286,270,556
2001,1,Districte I,3,Sant Josep,139,50-64,87,85,172
2006,3,Districte III,6,Santa Eulàlia,314,25-34,199,233,432
2011,3,Districte III,6,Santa Eulàlia,305,18-24,73,71,144
2004,6,Districte VI,11,el Gornal,617,35-49,90,101,191
2013,5,Districte V,9,Can Serra,521,35-49,98,111,209
2011,5,Districte V,9,Can Serra,521,03-11,29,41,70
2005,3,Districte III,6,Santa Eulàlia,317,75 i +,65,25,90
1994,5,Districte V,10,Pubilla Cases,522,18-24,47,51,98
2000,2,Districte II,5,Collblanc,223,00-02,8,6,14
2003,2,Districte II,5,Collblanc,215,25-34,84,74,158
1994,6,Districte VI,12,Bellvitge,603,25-34,59,55,114
2015,1,Districte I,3,Sant Josep,125,65-74,99,88,187
1997,2,Districte II,4,la Torrassa,237,03-11,34,32,66
2007,4,Districte IV,8,les Planes,419,65-74,49,37,86
1994,2,Districte II,5,Collblanc,225,12-15,9,19,28
1996,4,Districte IV,7,la Florida,410,16-17,25,24,49
1996,4,Districte IV,7,la Florida,417,03-11,28,26,54
2012,1,Districte I,2,Sanfeliu,132,03-11,106,66,172
2009,2,Districte II,4,la Torrassa,236,16-17,10,15,25
2006,2,Districte II,5,Collblanc,205,00-02,5,9,14
1998,3,Districte III,6,Santa Eulàlia,316,12-15,103,120,223
2004,6,Districte VI,12,Bellvitge,602,35-49,54,58,112
2010,1,Districte I,1,Centre,109,25-34,99,87,186
2012,4,Districte IV,7,la Florida,428,16-17,6,8,14
2009,1,Districte I,3,Sant Josep,115,25-34,116,111,227
1997,3,Districte III,6,Santa Eulàlia,305,16-17,26,20,46
1997,2,Districte II,4,la Torrassa,249,18-24,50,61,111
2008,4,Districte IV,8,les Planes,440,35-49,92,103,195
2004,1,Districte I,2,Sanfeliu,118,16-17,22,21,43
2006,2,Districte II,5,Collblanc,227,12-15,13,8,21
2010,4,Districte IV,7,la Florida,425,75 i +,75,51,126
1996,1,Districte I,3,Sant Josep,117,35-49,285,262,547
2010,1,Districte I,3,Sant Josep,114,16-17,11,11,22
2015,5,Districte V,10,Pubilla Cases,531,75 i +,49,41,90
2010,6,Districte VI,12,Bellvitge,601,75 i +,55,50,105
1998,5,Districte V,10,Pubilla Cases,517,25-34,103,104,207
2005,2,Districte II,4,la Torrassa,229,65-74,44,42,86
2009,5,Districte V,10,Pubilla Cases,531,35-49,103,130,233
2008,5,Districte V,9,Can Serra,502,25-34,159,169,328
2002,2,Districte II,4,la Torrassa,217,18-24,28,21,49
2001,5,Districte V,9,Can Serra,521,00-02,8,5,13
2001,1,Districte I,1,Centre,104,65-74,70,47,117
2005,1,Districte I,3,Sant Josep,138,35-49,92,82,174
2004,3,Districte III,6,Santa Eulàlia,305,03-11,73,53,126
2011,1,Districte I,1,Centre,104,18-24,26,22,48
2009,1,Districte I,1,Centre,105,18-24,46,58,104
1996,5,Districte V,10,Pubilla Cases,522,35-49,67,53,120
2016,2,Districte II,5,Collblanc,221,35-49,261,275,536
2004,1,Districte I,2,Sanfeliu,129,50-64,117,109,226
2012,2,Districte II,5,Collblanc,213,16-17,4,9,13
2001,6,Districte VI,12,Bellvitge,602,75 i +,21,15,36
2010,6,Districte VI,12,Bellvitge,615,35-49,85,94,179
2008,1,Districte I,1,Centre,128,65-74,51,51,102
2016,4,Districte IV,8,les Planes,401,25-34,91,89,180
2016,4,Districte IV,8,les Planes,433,75 i +,75,36,111
2003,1,Districte I,1,Centre,105,35-49,153,125,278
2006,6,Districte VI,12,Bellvitge,607,00-02,10,10,20
2007,2,Districte II,4,la Torrassa,233,75 i +,55,23,78
1996,2,Districte II,5,Collblanc,219,65-74,86,64,150
2000,1,Districte I,3,Sant Josep,120,03-11,83,78,161
1998,1,Districte I,3,Sant Josep,106,18-24,130,174,304
2003,1,Districte I,3,Sant Josep,120,03-11,73,73,146
2011,1,Districte I,3,Sant Josep,114,12-15,36,20,56
2001,3,Districte III,6,Santa Eulàlia,315,50-64,122,133,255
1995,1,Districte I,1,Centre,112,25-34,120,128,248
1994,1,Districte I,1,Centre,123,00-02,14,21,35
1997,1,Districte I,3,Sant Josep,139,50-64,77,74,151
1998,4,Districte IV,7,la Florida,423,12-15,13,13,26
2011,2,Districte II,5,Collblanc,220,03-11,53,39,92
1999,2,Districte II,5,Collblanc,201,18-24,25,34,59
1998,4,Districte IV,7,la Florida,403,18-24,59,73,132
2012,5,Districte V,10,Pubilla Cases,534,18-24,41,37,78
2015,2,Districte II,5,Collblanc,224,03-11,56,64,120
2014,6,Districte VI,12,Bellvitge,619,16-17,7,11,18
2005,2,Districte II,5,Collblanc,225,16-17,7,6,13
1995,5,Districte V,10,Pubilla Cases,529,18-24,57,75,132
2000,3,Districte III,6,Santa Eulàlia,306,03-11,56,45,101
1997,2,Districte II,4,la Torrassa,240,03-11,17,27,44
2010,6,Districte VI,12,Bellvitge,611,50-64,115,94,209
2010,6,Districte VI,12,Bellvitge,630,16-17,4,6,10
2011,3,Districte III,6,Santa Eulàlia,320,50-64,86,84,170
2012,1,Districte I,3,Sant Josep,106,12-15,18,21,39
2002,2,Districte II,5,Collblanc,215,65-74,63,41,104
1998,3,Districte III,6,Santa Eulàlia,321,35-49,320,307,627
1998,1,Districte I,1,Centre,135,12-15,29,31,60
2007,6,Districte VI,12,Bellvitge,610,16-17,10,6,16
2007,2,Districte II,5,Collblanc,226,12-15,20,12,32
1995,6,Districte VI,12,Bellvitge,620,12-15,21,18,39
2010,4,Districte IV,7,la Florida,422,50-64,78,85,163
2004,6,Districte VI,11,el Gornal,632,12-15,10,19,29
2003,5,Districte V,9,Can Serra,505,65-74,68,68,136
2012,3,Districte III,6,Santa Eulàlia,303,18-24,42,39,81
2009,1,Districte I,1,Centre,107,16-17,13,15,28
2008,6,Districte VI,12,Bellvitge,623,16-17,4,15,19
2006,6,Districte VI,12,Bellvitge,623,50-64,208,182,390
2004,5,Districte V,10,Pubilla Cases,538,00-02,15,18,33
2009,2,Districte II,5,Collblanc,202,16-17,6,8,14
2008,5,Districte V,9,Can Serra,505,75 i +,58,46,104
2002,2,Districte II,4,la Torrassa,242,50-64,94,91,185
1995,1,Districte I,1,Centre,135,16-17,32,38,70
1997,5,Districte V,10,Pubilla Cases,533,00-02,12,6,18
1995,4,Districte IV,7,la Florida,411,03-11,34,19,53
2009,2,Districte II,5,Collblanc,205,16-17,10,8,18
2005,5,Districte V,10,Pubilla Cases,526,16-17,5,5,10
2011,3,Districte III,6,Santa Eulàlia,317,18-24,46,46,92
2009,6,Districte VI,12,Bellvitge,606,75 i +,77,48,125
1999,2,Districte II,5,Collblanc,212,12-15,19,27,46
1994,4,Districte IV,8,les Planes,439,16-17,10,12,22
2001,3,Districte III,6,Santa Eulàlia,303,35-49,110,119,229
2005,6,Districte VI,12,Bellvitge,603,50-64,69,54,123
2004,6,Districte VI,11,el Gornal,622,50-64,91,86,177
2006,1,Districte I,1,Centre,134,75 i +,65,35,100
2005,1,Districte I,2,Sanfeliu,118,65-74,48,55,103
1997,1,Districte I,1,Centre,134,03-11,44,60,104
2007,6,Districte VI,12,Bellvitge,604,00-02,13,8,21
2004,4,Districte IV,8,les Planes,441,75 i +,81,61,142
1996,6,Districte VI,12,Bellvitge,618,50-64,67,78,145
1998,4,Districte IV,7,la Florida,403,75 i +,49,25,74
2000,1,Districte I,2,Sanfeliu,116,03-11,51,46,97
2002,4,Districte IV,8,les Planes,442,18-24,26,28,54
2008,2,Districte II,5,Collblanc,207,65-74,39,32,71
2003,3,Districte III,6,Santa Eulàlia,325,16-17,15,10,25
2016,2,Districte II,5,Collblanc,202,18-24,75,72,147
2009,1,Districte I,3,Sant Josep,126,12-15,16,16,32
1995,3,Districte III,6,Santa Eulàlia,301,25-34,160,143,303
1995,4,Districte IV,8,les Planes,436,18-24,58,47,105
2014,4,Districte IV,7,la Florida,406,00-02,25,18,43
1994,1,Districte I,1,Centre,128,35-49,122,107,229
1999,4,Districte IV,8,les Planes,401,18-24,55,53,108
2004,5,Districte V,10,Pubilla Cases,516,50-64,53,48,101
2016,4,Districte IV,7,la Florida,432,65-74,90,86,176
2006,2,Districte II,5,Collblanc,219,75 i +,92,55,147
2002,1,Districte I,1,Centre,135,75 i +,49,25,74
1996,6,Districte VI,12,Bellvitge,605,50-64,129,117,246
2002,2,Districte II,4,la Torrassa,248,00-02,14,10,24
2012,3,Districte III,6,Santa Eulàlia,316,18-24,109,100,209
2000,4,Districte IV,7,la Florida,402,12-15,10,12,22
2015,3,Districte III,6,Santa Eulàlia,324,16-17,9,11,20
1999,2,Districte II,4,la Torrassa,211,12-15,15,13,28
2004,4,Districte IV,7,la Florida,423,16-17,5,11,16
2009,4,Districte IV,8,les Planes,433,03-11,43,55,98
2003,4,Districte IV,8,les Planes,437,03-11,29,36,65
2012,3,Districte III,6,Santa Eulàlia,308,00-02,25,26,51
2014,3,Districte III,6,Santa Eulàlia,309,00-02,26,30,56
1994,3,Districte III,6,Santa Eulàlia,302,12-15,49,52,101
2012,2,Districte II,4,la Torrassa,247,50-64,98,104,202
2007,5,Districte V,10,Pubilla Cases,529,12-15,25,22,47
2004,4,Districte IV,8,les Planes,440,16-17,3,7,10
2003,4,Districte IV,7,la Florida,408,35-49,101,116,217
2010,2,Districte II,4,la Torrassa,230,00-02,13,23,36
1994,4,Districte IV,7,la Florida,430,16-17,12,9,21
1997,4,Districte IV,7,la Florida,414,16-17,8,10,18
2010,5,Districte V,10,Pubilla Cases,529,03-11,56,62,118
2006,4,Districte IV,7,la Florida,425,35-49,107,129,236
2012,6,Districte VI,12,Bellvitge,609,16-17,5,13,18
2010,3,Districte III,6,Santa Eulàlia,319,00-02,32,45,77
2008,5,Districte V,10,Pubilla Cases,517,35-49,158,190,348
1996,4,Districte IV,8,les Planes,441,03-11,123,109,232
2005,1,Districte I,1,Centre,104,12-15,14,11,25
2002,5,Districte V,9,Can Serra,535,35-49,111,112,223
2004,1,Districte I,1,Centre,107,12-15,19,31,50
2003,2,Districte II,5,Collblanc,210,16-17,5,6,11
2011,3,Districte III,6,Santa Eulàlia,323,03-11,137,141,278
2007,4,Districte IV,7,la Florida,410,03-11,51,82,133
1996,3,Districte III,6,Santa Eulàlia,318,18-24,36,60,96
2006,5,Districte V,10,Pubilla Cases,533,50-64,58,53,111
1996,6,Districte VI,12,Bellvitge,630,03-11,40,36,76
2016,2,Districte II,4,la Torrassa,248,75 i +,62,47,109
1994,2,Districte II,5,Collblanc,223,16-17,13,10,23
2009,2,Districte II,5,Collblanc,204,00-02,11,12,23
2000,5,Districte V,10,Pubilla Cases,523,03-11,30,38,68
2010,5,Districte V,10,Pubilla Cases,522,65-74,29,23,52
2010,6,Districte VI,12,Bellvitge,618,75 i +,22,16,38
2013,5,Districte V,10,Pubilla Cases,528,18-24,41,44,85
2009,5,Districte V,10,Pubilla Cases,523,75 i +,96,49,145
2015,1,Districte I,3,Sant Josep,122,50-64,52,48,100
2013,2,Districte II,4,la Torrassa,237,50-64,94,101,195
2008,5,Districte V,9,Can Serra,507,03-11,31,43,74
1994,3,Districte III,6,Santa Eulàlia,325,00-02,14,22,36
1994,2,Districte II,5,Collblanc,244,00-02,6,7,13
2002,6,Districte VI,11,el Gornal,616,03-11,132,160,292
2016,3,Districte III,6,Santa Eulàlia,327,00-02,13,19,32
2016,3,Districte III,6,Santa Eulàlia,309,12-15,17,31,48
1998,2,Districte II,5,Collblanc,201,03-11,21,23,44
2001,6,Districte VI,12,Bellvitge,627,16-17,15,15,30
2001,3,Districte III,6,Santa Eulàlia,321,35-49,313,295,608
2000,2,Districte II,4,la Torrassa,249,03-11,24,29,53
2002,4,Districte IV,8,les Planes,436,03-11,34,40,74
1997,2,Districte II,4,la Torrassa,248,75 i +,56,42,98
2012,2,Districte II,5,Collblanc,206,75 i +,77,41,118
2010,1,Districte I,3,Sant Josep,122,00-02,11,20,31
2003,5,Districte V,10,Pubilla Cases,528,75 i +,51,35,86
1997,3,Districte III,6,Santa Eulàlia,302,18-24,120,132,252
2013,5,Districte V,10,Pubilla Cases,526,25-34,150,172,322
2011,1,Districte I,2,Sanfeliu,132,18-24,69,82,151
1994,3,Districte III,6,Santa Eulàlia,303,03-11,41,42,83
2012,1,Districte I,3,Sant Josep,115,18-24,28,51,79
2010,1,Districte I,3,Sant Josep,120,12-15,30,38,68
2012,1,Districte I,3,Sant Josep,126,75 i +,69,40,109
2004,2,Districte II,5,Collblanc,225,12-15,7,12,19
2005,6,Districte VI,11,el Gornal,622,35-49,92,85,177
2004,2,Districte II,4,la Torrassa,243,00-02,17,22,39
2006,5,Districte V,10,Pubilla Cases,514,25-34,68,85,153
2011,1,Districte I,1,Centre,134,50-64,129,120,249
2015,3,Districte III,6,Santa Eulàlia,311,18-24,39,49,88
1994,3,Districte III,6,Santa Eulàlia,324,25-34,71,73,144
1998,1,Districte I,1,Centre,135,00-02,17,13,30
2012,6,Districte VI,11,el Gornal,626,65-74,68,55,123
1998,3,Districte III,6,Santa Eulàlia,317,35-49,67,81,148
2013,5,Districte V,10,Pubilla Cases,526,12-15,33,39,72
1997,1,Districte I,1,Centre,135,75 i +,44,17,61
1997,5,Districte V,10,Pubilla Cases,526,00-02,9,8,17
2008,4,Districte IV,7,la Florida,405,25-34,74,76,150
2002,1,Districte I,2,Sanfeliu,132,00-02,29,22,51
2013,3,Districte III,6,Santa Eulàlia,302,16-17,6,9,15
1999,5,Districte V,9,Can Serra,502,65-74,67,62,129
2009,2,Districte II,5,Collblanc,226,50-64,95,83,178
2013,1,Districte I,1,Centre,109,50-64,124,110,234
2003,2,Districte II,5,Collblanc,202,50-64,69,65,134
2010,5,Districte V,9,Can Serra,504,16-17,4,2,6
2016,6,Districte VI,12,Bellvitge,625,16-17,8,9,17
1999,2,Districte II,5,Collblanc,220,65-74,67,55,122
2006,2,Districte II,5,Collblanc,210,50-64,91,79,170
1998,6,Districte VI,12,Bellvitge,612,03-11,31,33,64
1996,2,Districte II,5,Collblanc,221,16-17,14,18,32
2011,2,Districte II,5,Collblanc,227,35-49,85,84,169
2006,2,Districte II,4,la Torrassa,246,12-15,18,15,33
2016,1,Districte I,1,Centre,111,18-24,25,22,47
2008,2,Districte II,5,Collblanc,210,00-02,5,4,9
1995,5,Districte V,10,Pubilla Cases,519,16-17,3,8,11
2008,4,Districte IV,8,les Planes,429,03-11,18,19,37
2010,6,Districte VI,12,Bellvitge,601,00-02,21,26,47
2006,4,Districte IV,7,la Florida,402,75 i +,44,32,76
2014,2,Districte II,5,Collblanc,208,25-34,126,110,236
2007,5,Districte V,10,Pubilla Cases,529,03-11,41,49,90
2008,2,Districte II,5,Collblanc,224,12-15,13,11,24
2014,1,Districte I,3,Sant Josep,139,75 i +,34,30,64
2008,2,Districte II,5,Collblanc,222,18-24,41,37,78
2007,1,Districte I,3,Sant Josep,126,50-64,121,94,215
1995,1,Districte I,3,Sant Josep,126,00-02,9,6,15
2011,3,Districte III,6,Santa Eulàlia,321,50-64,300,269,569
2009,4,Districte IV,7,la Florida,423,65-74,66,67,133
2002,1,Districte I,1,Centre,133,35-49,87,98,185
2006,4,Districte IV,7,la Florida,417,25-34,65,76,141
2005,5,Districte V,10,Pubilla Cases,522,75 i +,33,21,54
2005,6,Districte VI,12,Bellvitge,628,65-74,45,57,102
2012,5,Districte V,9,Can Serra,504,65-74,92,73,165
2012,4,Districte IV,8,les Planes,419,12-15,14,21,35
2001,3,Districte III,6,Santa Eulàlia,325,12-15,25,26,51
2014,2,Districte II,4,la Torrassa,246,35-49,142,163,305
2005,1,Districte I,1,Centre,128,75 i +,43,33,76
2011,4,Districte IV,7,la Florida,412,25-34,126,140,266
2008,3,Districte III,6,Santa Eulàlia,301,16-17,21,27,48
2000,2,Districte II,5,Collblanc,214,50-64,64,54,118
2006,4,Districte IV,7,la Florida,407,12-15,12,12,24
2012,4,Districte IV,7,la Florida,423,35-49,119,138,257
2014,4,Districte IV,7,la Florida,407,35-49,120,147,267
2003,3,Districte III,6,Santa Eulàlia,306,75 i +,82,59,141
2008,6,Districte VI,12,Bellvitge,605,75 i +,41,28,69
2003,5,Districte V,10,Pubilla Cases,516,03-11,25,37,62
2011,4,Districte IV,7,la Florida,404,00-02,26,28,54
2001,2,Districte II,5,Collblanc,202,00-02,6,7,13
2002,2,Districte II,4,la Torrassa,236,65-74,86,68,154
2011,5,Districte V,10,Pubilla Cases,525,18-24,41,39,80
2000,6,Districte VI,11,el Gornal,616,25-34,233,270,503
2009,5,Districte V,10,Pubilla Cases,519,03-11,27,39,66
1996,4,Districte IV,7,la Florida,404,18-24,72,71,143
2010,5,Districte V,10,Pubilla Cases,533,03-11,50,43,93
2014,6,Districte VI,11,el Gornal,616,03-11,110,103,213
2016,1,Districte I,3,Sant Josep,126,25-34,57,51,108
2013,5,Districte V,10,Pubilla Cases,528,12-15,18,19,37
2008,6,Districte VI,11,el Gornal,626,03-11,39,40,79
2004,1,Districte I,1,Centre,104,00-02,8,11,19
2006,6,Districte VI,11,el Gornal,608,03-11,24,24,48
2014,2,Districte II,4,la Torrassa,242,16-17,13,9,22
1994,6,Districte VI,11,el Gornal,608,03-11,42,60,102
1998,1,Districte I,3,Sant Josep,119,35-49,166,142,308
2009,2,Districte II,5,Collblanc,205,03-11,30,26,56
1997,5,Districte V,10,Pubilla Cases,525,75 i +,31,24,55
2000,4,Districte IV,7,la Florida,421,50-64,136,102,238
2004,2,Districte II,5,Collblanc,214,65-74,41,32,73
2008,5,Districte V,9,Can Serra,535,12-15,12,19,31
1996,2,Districte II,5,Collblanc,204,65-74,53,36,89
1998,6,Districte VI,12,Bellvitge,627,35-49,171,141,312
2007,4,Districte IV,7,la Florida,402,16-17,6,5,11
2002,5,Districte V,10,Pubilla Cases,515,00-02,2,6,8
2006,5,Districte V,10,Pubilla Cases,529,25-34,135,126,261
2012,3,Districte III,6,Santa Eulàlia,320,12-15,20,22,42
2008,5,Districte V,10,Pubilla Cases,534,18-24,27,44,71
2015,3,Districte III,6,Santa Eulàlia,303,03-11,67,52,119
2006,2,Districte II,4,la Torrassa,230,75 i +,58,26,84
1998,4,Districte IV,8,les Planes,438,35-49,67,63,130
2008,1,Districte I,3,Sant Josep,114,50-64,181,133,314
2000,1,Districte I,1,Centre,131,18-24,105,98,203
2013,5,Districte V,10,Pubilla Cases,531,03-11,34,27,61
2013,4,Districte IV,7,la Florida,421,03-11,44,51,95
2013,5,Districte V,9,Can Serra,535,75 i +,50,48,98
1997,2,Districte II,5,Collblanc,215,25-34,72,65,137
2000,6,Districte VI,12,Bellvitge,630,18-24,78,96,174
2008,4,Districte IV,7,la Florida,402,75 i +,53,46,99
2007,1,Districte I,3,Sant Josep,125,25-34,137,169,306
1997,1,Districte I,3,Sant Josep,117,35-49,279,249,528
2007,5,Districte V,10,Pubilla Cases,529,35-49,155,155,310
2007,1,Districte I,1,Centre,123,12-15,21,33,54
2002,5,Districte V,9,Can Serra,507,35-49,80,85,165
2002,6,Districte VI,12,Bellvitge,614,65-74,62,49,111
2004,4,Districte IV,7,la Florida,425,35-49,91,112,203
2000,3,Districte III,6,Santa Eulàlia,314,65-74,67,55,122
2002,4,Districte IV,7,la Florida,417,18-24,28,30,58
2003,1,Districte I,2,Sanfeliu,132,12-15,33,39,72
2010,2,Districte II,5,Collblanc,224,25-34,63,70,133
2010,4,Districte IV,7,la Florida,404,65-74,77,55,132
2007,5,Districte V,9,Can Serra,507,25-34,93,97,190
1997,2,Districte II,4,la Torrassa,217,65-74,45,36,81
1994,4,Districte IV,7,la Florida,413,03-11,20,24,44
2000,5,Districte V,10,Pubilla Cases,527,00-02,13,14,27
1995,4,Districte IV,8,les Planes,441,12-15,62,67,129
1996,6,Districte VI,11,el Gornal,629,35-49,60,56,116
1994,5,Districte V,10,Pubilla Cases,528,50-64,135,135,270
2014,6,Districte VI,11,el Gornal,617,00-02,13,14,27
2001,5,Districte V,9,Can Serra,535,03-11,34,31,65
2013,1,Districte I,3,Sant Josep,115,00-02,20,18,38
2007,2,Districte II,4,la Torrassa,238,16-17,7,9,16
1994,6,Districte VI,12,Bellvitge,611,50-64,203,256,459
2007,4,Districte IV,7,la Florida,422,65-74,54,46,100
1997,2,Districte II,5,Collblanc,219,03-11,41,34,75
2016,5,Districte V,10,Pubilla Cases,531,00-02,7,18,25
2016,1,Districte I,2,Sanfeliu,129,75 i +,102,72,174
2002,4,Districte IV,7,la Florida,404,03-11,54,53,107
1995,6,Districte VI,12,Bellvitge,610,16-17,19,24,43
1994,5,Districte V,10,Pubilla Cases,513,00-02,3,8,11
2002,6,Districte VI,12,Bellvitge,612,00-02,12,11,23
2010,4,Districte IV,7,la Florida,407,25-34,90,99,189
1996,2,Districte II,4,la Torrassa,230,50-64,83,79,162
1995,4,Districte IV,7,la Florida,432,35-49,159,141,300
1999,6,Districte VI,12,Bellvitge,623,18-24,113,121,234
2012,4,Districte IV,7,la Florida,409,25-34,56,63,119
2010,4,Districte IV,7,la Florida,428,03-11,37,21,58
1994,4,Districte IV,8,les Planes,442,65-74,40,28,68
2003,1,Districte I,1,Centre,103,18-24,36,30,66
2004,5,Districte V,10,Pubilla Cases,537,25-34,114,131,245
2008,3,Districte III,6,Santa Eulàlia,305,03-11,73,52,125
1996,1,Districte I,3,Sant Josep,140,65-74,64,59,123
2016,6,Districte VI,11,el Gornal,616,65-74,110,100,210
2009,4,Districte IV,7,la Florida,428,35-49,78,101,179
2004,2,Districte II,5,Collblanc,214,16-17,5,4,9
2005,4,Districte IV,7,la Florida,411,00-02,11,12,23
2013,1,Districte I,3,Sant Josep,125,25-34,93,111,204
2004,2,Districte II,5,Collblanc,203,12-15,12,14,26
2005,6,Districte VI,12,Bellvitge,621,00-02,17,21,38
2011,5,Districte V,10,Pubilla Cases,528,25-34,111,113,224
2009,6,Districte VI,12,Bellvitge,624,35-49,104,132,236
2011,4,Districte IV,7,la Florida,428,25-34,74,78,152
2002,5,Districte V,10,Pubilla Cases,525,75 i +,36,28,64
2000,5,Districte V,10,Pubilla Cases,537,50-64,148,125,273
2006,4,Districte IV,7,la Florida,425,03-11,24,36,60
2013,5,Districte V,10,Pubilla Cases,523,16-17,10,12,22
2007,3,Districte III,6,Santa Eulàlia,325,03-11,70,66,136
1997,2,Districte II,4,la Torrassa,236,16-17,10,7,17
1999,1,Districte I,1,Centre,103,12-15,16,11,27
2006,1,Districte I,1,Centre,128,50-64,105,75,180
2002,6,Districte VI,11,el Gornal,629,18-24,22,33,55
2013,2,Districte II,5,Collblanc,204,35-49,182,214,396
1995,5,Districte V,10,Pubilla Cases,510,12-15,20,25,45
2009,6,Districte VI,12,Bellvitge,614,03-11,34,29,63
2008,4,Districte IV,8,les Planes,429,35-49,56,70,126
2005,3,Districte III,6,Santa Eulàlia,320,35-49,126,119,245
1997,5,Districte V,10,Pubilla Cases,526,65-74,37,30,67
1998,4,Districte IV,8,les Planes,440,35-49,78,81,159
2011,6,Districte VI,11,el Gornal,632,75 i +,47,34,81
1996,6,Districte VI,11,el Gornal,622,00-02,9,20,29
1995,5,Districte V,10,Pubilla Cases,530,50-64,168,153,321
1999,4,Districte IV,7,la Florida,409,12-15,8,8,16
2002,3,Districte III,6,Santa Eulàlia,316,18-24,192,208,400
2011,5,Districte V,10,Pubilla Cases,510,50-64,83,72,155
2010,1,Districte I,3,Sant Josep,125,18-24,70,52,122
2000,2,Districte II,4,la Torrassa,238,35-49,71,73,144
2003,5,Districte V,10,Pubilla Cases,514,16-17,12,5,17
2003,2,Districte II,4,la Torrassa,235,35-49,135,142,277
2009,5,Districte V,10,Pubilla Cases,531,00-02,12,22,34
2007,4,Districte IV,8,les Planes,401,00-02,14,20,34
1998,4,Districte IV,8,les Planes,436,12-15,9,13,22
1996,2,Districte II,4,la Torrassa,217,25-34,50,52,102
2012,4,Districte IV,7,la Florida,415,65-74,23,27,50
2012,4,Districte IV,8,les Planes,418,16-17,13,16,29
2004,2,Districte II,4,la Torrassa,238,65-74,47,42,89
2013,2,Districte II,5,Collblanc,220,12-15,20,25,45
1994,4,Districte IV,7,la Florida,413,50-64,56,61,117
2001,6,Districte VI,12,Bellvitge,613,03-11,42,35,77
2001,5,Districte V,10,Pubilla Cases,537,65-74,79,66,145
2012,1,Districte I,3,Sant Josep,126,03-11,50,43,93
2007,6,Districte VI,12,Bellvitge,607,12-15,15,19,34
2007,4,Districte IV,7,la Florida,425,35-49,116,134,250
2003,4,Districte IV,7,la Florida,409,12-15,8,14,22
2016,1,Districte I,1,Centre,111,50-64,96,70,166
2005,1,Districte I,1,Centre,101,03-11,79,58,137
2011,4,Districte IV,7,la Florida,423,50-64,70,68,138
2010,6,Districte VI,12,Bellvitge,609,18-24,28,25,53
1998,6,Districte VI,11,el Gornal,608,25-34,85,108,193
2010,2,Districte II,4,la Torrassa,242,65-74,75,63,138
1996,3,Districte III,6,Santa Eulàlia,314,16-17,37,39,76
2012,1,Districte I,3,Sant Josep,126,16-17,9,7,16
2015,4,Districte IV,7,la Florida,406,65-74,86,66,152
2010,5,Districte V,10,Pubilla Cases,530,25-34,134,130,264
2002,1,Districte I,1,Centre,104,03-11,39,30,69
2012,6,Districte VI,12,Bellvitge,614,03-11,43,38,81
2006,4,Districte IV,7,la Florida,416,16-17,3,9,12
2008,1,Districte I,1,Centre,101,12-15,30,28,58
2008,4,Districte IV,7,la Florida,412,25-34,139,181,320
1995,2,Districte II,4,la Torrassa,246,75 i +,58,27,85
2006,6,Districte VI,12,Bellvitge,628,16-17,9,6,15
2000,1,Districte I,1,Centre,103,00-02,12,8,20
2010,1,Districte I,3,Sant Josep,127,12-15,9,11,20
2009,1,Districte I,1,Centre,131,35-49,138,166,304
2015,6,Districte VI,12,Bellvitge,601,16-17,17,16,33
2011,1,Districte I,1,Centre,113,65-74,62,68,130
2009,5,Districte V,10,Pubilla Cases,513,16-17,6,10,16
1996,2,Districte II,5,Collblanc,226,03-11,31,34,65
2008,5,Districte V,9,Can Serra,506,00-02,15,18,33
2003,6,Districte VI,12,Bellvitge,601,75 i +,65,30,95
2006,3,Districte III,6,Santa Eulàlia,320,25-34,96,108,204
2007,6,Districte VI,12,Bellvitge,613,50-64,153,98,251
1997,4,Districte IV,8,les Planes,419,12-15,15,12,27
2001,5,Districte V,10,Pubilla Cases,532,65-74,90,70,160
1994,2,Districte II,5,Collblanc,208,12-15,39,39,78
2003,6,Districte VI,12,Bellvitge,611,35-49,153,180,333
2012,4,Districte IV,7,la Florida,426,35-49,135,133,268
2008,6,Districte VI,12,Bellvitge,627,00-02,9,8,17
2013,2,Districte II,4,la Torrassa,239,00-02,8,12,20
1995,6,Districte VI,12,Bellvitge,610,65-74,58,44,102
1998,6,Districte VI,12,Bellvitge,628,03-11,39,37,76
1995,4,Districte IV,8,les Planes,401,65-74,85,81,166
2010,4,Districte IV,7,la Florida,422,18-24,56,58,114
1994,5,Districte V,10,Pubilla Cases,509,18-24,55,72,127
2016,6,Districte VI,12,Bellvitge,605,50-64,146,113,259
2002,2,Districte II,4,la Torrassa,211,75 i +,78,51,129
2002,4,Districte IV,7,la Florida,412,18-24,95,101,196
2014,2,Districte II,4,la Torrassa,237,16-17,11,16,27
2006,2,Districte II,5,Collblanc,222,12-15,18,18,36
2003,5,Districte V,9,Can Serra,521,25-34,91,113,204
2005,4,Districte IV,7,la Florida,417,18-24,25,28,53
2012,5,Districte V,10,Pubilla Cases,514,18-24,32,15,47
1998,5,Districte V,10,Pubilla Cases,515,25-34,48,44,92
1996,5,Districte V,10,Pubilla Cases,524,25-34,107,110,217
2002,4,Districte IV,7,la Florida,423,12-15,10,17,27
2002,1,Districte I,1,Centre,111,65-74,55,43,98
1997,5,Districte V,10,Pubilla Cases,516,16-17,6,10,16
1996,2,Districte II,5,Collblanc,207,65-74,67,45,112
2008,5,Districte V,10,Pubilla Cases,522,00-02,23,17,40
2006,2,Districte II,5,Collblanc,202,18-24,34,38,72
2016,2,Districte II,4,la Torrassa,240,16-17,15,12,27
2011,2,Districte II,5,Collblanc,207,16-17,6,5,11
2001,2,Districte II,5,Collblanc,212,18-24,58,51,109
2012,6,Districte VI,12,Bellvitge,603,12-15,16,16,32
2002,5,Districte V,10,Pubilla Cases,529,00-02,16,11,27
2005,2,Districte II,5,Collblanc,203,50-64,69,59,128
2010,1,Districte I,3,Sant Josep,114,50-64,163,119,282
2015,1,Districte I,1,Centre,105,18-24,28,39,67
1995,2,Districte II,5,Collblanc,215,75 i +,70,35,105
2013,5,Districte V,10,Pubilla Cases,532,12-15,21,19,40
1996,4,Districte IV,8,les Planes,438,50-64,110,112,222
2004,1,Districte I,2,Sanfeliu,118,00-02,28,16,44
2006,6,Districte VI,12,Bellvitge,610,75 i +,54,34,88
1996,2,Districte II,4,la Torrassa,248,65-74,76,54,130
1994,4,Districte IV,8,les Planes,434,35-49,49,63,112
1995,2,Districte II,5,Collblanc,214,03-11,19,18,37
2002,5,Districte V,10,Pubilla Cases,537,65-74,78,67,145
2010,5,Districte V,9,Can Serra,502,16-17,11,11,22
2003,5,Districte V,10,Pubilla Cases,517,25-34,116,131,247
2010,6,Districte VI,12,Bellvitge,618,18-24,19,23,42
2003,5,Districte V,10,Pubilla Cases,510,16-17,10,8,18
2009,1,Districte I,3,Sant Josep,138,12-15,14,12,26
2015,2,Districte II,5,Collblanc,207,75 i +,121,50,171
2002,6,Districte VI,12,Bellvitge,602,03-11,13,20,33
1998,4,Districte IV,7,la Florida,403,50-64,158,147,305
2011,5,Districte V,9,Can Serra,503,00-02,5,10,15
2005,6,Districte VI,11,el Gornal,626,50-64,106,90,196
2003,6,Districte VI,12,Bellvitge,606,25-34,96,95,191
2005,1,Districte I,3,Sant Josep,121,35-49,91,109,200
2004,2,Districte II,4,la Torrassa,241,18-24,38,23,61
2004,2,Districte II,4,la Torrassa,233,50-64,68,60,128
2015,5,Districte V,10,Pubilla Cases,511,18-24,82,72,154
2005,2,Districte II,5,Collblanc,224,03-11,23,23,46
2006,6,Districte VI,12,Bellvitge,610,00-02,15,13,28
2013,5,Districte V,10,Pubilla Cases,531,18-24,41,43,84
2013,1,Districte I,1,Centre,101,65-74,60,45,105
2015,4,Districte IV,7,la Florida,430,35-49,139,173,312
1995,2,Districte II,5,Collblanc,203,03-11,12,24,36
2014,2,Districte II,5,Collblanc,224,75 i +,70,32,102
2012,6,Districte VI,12,Bellvitge,603,50-64,44,42,86
2008,5,Districte V,10,Pubilla Cases,508,00-02,13,17,30
2002,5,Districte V,10,Pubilla Cases,527,18-24,51,54,105
2000,4,Districte IV,8,les Planes,442,03-11,22,23,45
2015,1,Districte I,3,Sant Josep,125,50-64,149,141,290
2000,6,Districte VI,12,Bellvitge,631,00-02,6,12,18
2003,5,Districte V,10,Pubilla Cases,520,00-02,7,10,17
2007,5,Districte V,10,Pubilla Cases,515,00-02,10,11,21
2004,2,Districte II,4,la Torrassa,234,35-49,103,110,213
1996,2,Districte II,5,Collblanc,225,00-02,2,4,6
2006,4,Districte IV,7,la Florida,406,50-64,134,115,249
1995,4,Districte IV,7,la Florida,427,03-11,21,31,52
1996,2,Districte II,4,la Torrassa,241,65-74,67,51,118
2004,2,Districte II,4,la Torrassa,245,65-74,57,56,113
2003,6,Districte VI,12,Bellvitge,602,25-34,52,68,120
2005,2,Districte II,4,la Torrassa,230,75 i +,57,27,84
2013,6,Districte VI,12,Bellvitge,602,18-24,32,43,75
1999,5,Districte V,10,Pubilla Cases,509,03-11,24,31,55
1999,2,Districte II,4,la Torrassa,232,00-02,9,9,18
2013,1,Districte I,1,Centre,104,50-64,77,71,148
2006,6,Districte VI,11,el Gornal,632,50-64,91,76,167
2003,6,Districte VI,11,el Gornal,616,65-74,52,58,110
2013,4,Districte IV,7,la Florida,404,75 i +,91,53,144
2016,2,Districte II,4,la Torrassa,239,16-17,7,10,17
2012,2,Districte II,5,Collblanc,212,75 i +,82,48,130
2004,6,Districte VI,12,Bellvitge,607,00-02,15,15,30
2013,5,Districte V,10,Pubilla Cases,525,25-34,95,88,183
1997,5,Districte V,9,Can Serra,501,12-15,26,29,55
2014,3,Districte III,6,Santa Eulàlia,304,50-64,165,148,313
1999,2,Districte II,5,Collblanc,225,65-74,45,28,73
2015,4,Districte IV,7,la Florida,406,12-15,26,25,51
1996,2,Districte II,5,Collblanc,220,18-24,39,40,79
2012,1,Districte I,1,Centre,109,35-49,123,126,249
2009,6,Districte VI,12,Bellvitge,605,50-64,58,32,90
2012,1,Districte I,3,Sant Josep,140,35-49,118,134,252
2010,2,Districte II,4,la Torrassa,235,75 i +,86,57,143
2010,3,Districte III,6,Santa Eulàlia,322,18-24,44,49,93
1995,6,Districte VI,12,Bellvitge,605,12-15,13,17,30
2004,2,Districte II,5,Collblanc,202,00-02,14,10,24
2008,2,Districte II,4,la Torrassa,211,65-74,59,39,98
2014,5,Districte V,10,Pubilla Cases,514,16-17,19,20,39
2006,1,Districte I,1,Centre,113,75 i +,49,30,79
2003,2,Districte II,5,Collblanc,212,35-49,131,146,277
1995,1,Districte I,1,Centre,128,03-11,37,43,80
2003,1,Districte I,1,Centre,103,35-49,84,79,163
2003,1,Districte I,3,Sant Josep,138,25-34,63,57,120
2006,2,Districte II,5,Collblanc,208,75 i +,139,90,229
2009,2,Districte II,4,la Torrassa,237,03-11,59,68,127
2016,2,Districte II,5,Collblanc,223,35-49,150,151,301
2001,4,Districte IV,8,les Planes,439,50-64,83,66,149
2008,2,Districte II,5,Collblanc,227,18-24,19,13,32
2006,6,Districte VI,12,Bellvitge,602,65-74,49,66,115
1994,3,Districte III,6,Santa Eulàlia,309,75 i +,23,7,30
1997,4,Districte IV,7,la Florida,430,50-64,99,96,195
1997,6,Districte VI,12,Bellvitge,628,25-34,82,86,168
2016,1,Districte I,3,Sant Josep,125,35-49,217,229,446
2001,5,Districte V,10,Pubilla Cases,514,25-34,54,59,113
2001,6,Districte VI,12,Bellvitge,609,03-11,24,26,50
2006,3,Districte III,6,Santa Eulàlia,302,65-74,67,51,118
1998,4,Districte IV,8,les Planes,438,16-17,11,9,20
2003,5,Districte V,9,Can Serra,535,18-24,62,64,126
1998,6,Districte VI,12,Bellvitge,607,75 i +,36,16,52
2001,1,Districte I,1,Centre,107,00-02,21,14,35
2004,1,Districte I,1,Centre,102,12-15,24,28,52
1997,1,Districte I,1,Centre,109,18-24,58,50,108
2011,4,Districte IV,8,les Planes,429,12-15,11,14,25
2010,2,Districte II,4,la Torrassa,233,65-74,58,30,88
2007,6,Districte VI,12,Bellvitge,630,25-34,85,115,200
2016,2,Districte II,5,Collblanc,216,35-49,149,150,299
2011,6,Districte VI,12,Bellvitge,610,75 i +,63,44,107
2001,5,Districte V,9,Can Serra,505,50-64,231,208,439
1998,2,Districte II,5,Collblanc,213,00-02,11,9,20
2012,2,Districte II,4,la Torrassa,246,25-34,104,104,208
2015,3,Districte III,6,Santa Eulàlia,310,18-24,26,26,52
1995,6,Districte VI,12,Bellvitge,627,12-15,52,54,106
1999,2,Districte II,4,la Torrassa,243,65-74,106,89,195
2003,6,Districte VI,12,Bellvitge,610,16-17,7,13,20
2001,5,Districte V,10,Pubilla Cases,527,35-49,113,129,242
1995,6,Districte VI,12,Bellvitge,620,16-17,15,15,30
2007,5,Districte V,10,Pubilla Cases,520,03-11,29,36,65
1997,2,Districte II,5,Collblanc,210,12-15,5,11,16
2007,5,Districte V,10,Pubilla Cases,534,35-49,137,111,248
1997,6,Districte VI,12,Bellvitge,604,75 i +,18,12,30
2016,3,Districte III,6,Santa Eulàlia,325,03-11,63,63,126
1998,6,Districte VI,12,Bellvitge,621,75 i +,25,13,38
1996,1,Districte I,1,Centre,128,35-49,107,93,200
1998,2,Districte II,4,la Torrassa,246,16-17,9,7,16
2012,4,Districte IV,7,la Florida,411,35-49,102,101,203
2008,1,Districte I,3,Sant Josep,139,50-64,87,90,177
1999,6,Districte VI,11,el Gornal,608,03-11,30,41,71
2003,6,Districte VI,12,Bellvitge,618,16-17,10,4,14
2000,5,Districte V,10,Pubilla Cases,532,75 i +,72,37,109
1996,5,Districte V,10,Pubilla Cases,513,65-74,41,30,71
2006,1,Districte I,1,Centre,130,00-02,17,14,31
2000,4,Districte IV,8,les Planes,401,03-11,42,45,87
2007,1,Districte I,1,Centre,101,00-02,49,60,109
2008,4,Districte IV,7,la Florida,403,50-64,122,95,217
2002,1,Districte I,3,Sant Josep,125,65-74,54,54,108
1994,6,Districte VI,12,Bellvitge,627,75 i +,15,13,28
1997,2,Districte II,5,Collblanc,214,12-15,7,15,22
2004,6,Districte VI,12,Bellvitge,630,25-34,83,101,184
2005,2,Districte II,5,Collblanc,212,03-11,43,67,110
2012,4,Districte IV,8,les Planes,435,18-24,43,42,85
2005,3,Districte III,6,Santa Eulàlia,307,65-74,64,59,123
2007,3,Districte III,6,Santa Eulàlia,305,03-11,62,53,115
1997,1,Districte I,1,Centre,101,25-34,109,120,229
2009,2,Districte II,4,la Torrassa,229,35-49,102,119,221
1998,1,Districte I,3,Sant Josep,115,65-74,73,51,124
1995,5,Districte V,10,Pubilla Cases,512,18-24,62,64,126
2016,2,Districte II,4,la Torrassa,234,50-64,90,90,180
2000,2,Districte II,4,la Torrassa,235,35-49,92,95,187
2009,6,Districte VI,12,Bellvitge,619,25-34,84,88,172
2000,2,Districte II,5,Collblanc,209,65-74,71,56,127
1998,5,Districte V,10,Pubilla Cases,517,50-64,110,104,214
2015,1,Districte I,3,Sant Josep,121,25-34,51,47,98
2015,4,Districte IV,7,la Florida,412,25-34,96,110,206
2016,1,Districte I,1,Centre,107,65-74,101,81,182
2016,6,Districte VI,12,Bellvitge,606,65-74,53,34,87
2016,4,Districte IV,7,la Florida,406,00-02,22,16,38
2003,2,Districte II,5,Collblanc,202,03-11,17,26,43
2011,3,Districte III,6,Santa Eulàlia,310,12-15,12,12,24
2016,6,Districte VI,12,Bellvitge,605,12-15,32,31,63
2001,1,Districte I,3,Sant Josep,122,35-49,71,84,155
2007,5,Districte V,10,Pubilla Cases,519,35-49,73,106,179
2004,4,Districte IV,7,la Florida,404,03-11,60,53,113
2013,2,Districte II,4,la Torrassa,234,03-11,30,37,67
2016,2,Districte II,4,la Torrassa,240,12-15,24,30,54
2013,5,Districte V,9,Can Serra,503,00-02,10,12,22
2011,1,Districte I,3,Sant Josep,125,35-49,214,225,439
2012,2,Districte II,4,la Torrassa,231,12-15,25,24,49
1997,1,Districte I,1,Centre,130,75 i +,66,29,95
2011,5,Districte V,10,Pubilla Cases,510,00-02,14,14,28
2016,5,Districte V,9,Can Serra,502,25-34,89,91,180
2009,6,Districte VI,12,Bellvitge,615,75 i +,31,27,58
2000,5,Districte V,10,Pubilla Cases,534,65-74,53,58,111
2008,5,Districte V,9,Can Serra,503,18-24,37,30,67
2013,4,Districte IV,8,les Planes,433,12-15,26,31,57
2005,1,Districte I,3,Sant Josep,122,35-49,81,93,174
2000,5,Districte V,10,Pubilla Cases,518,25-34,102,107,209
1999,4,Districte IV,7,la Florida,412,00-02,7,10,17
2001,2,Districte II,4,la Torrassa,218,25-34,59,63,122
2007,2,Districte II,5,Collblanc,226,25-34,123,135,258
2015,6,Districte VI,12,Bellvitge,623,75 i +,71,52,123
2007,3,Districte III,6,Santa Eulàlia,312,75 i +,62,33,95
2006,6,Districte VI,11,el Gornal,629,75 i +,30,13,43
1995,1,Districte I,3,Sant Josep,106,00-02,13,19,32
2004,1,Districte I,3,Sant Josep,115,03-11,48,52,100
2007,6,Districte VI,12,Bellvitge,614,00-02,16,11,27
2016,6,Districte VI,12,Bellvitge,618,75 i +,85,72,157
2015,5,Districte V,10,Pubilla Cases,529,12-15,25,27,52
2002,5,Districte V,10,Pubilla Cases,517,75 i +,52,24,76
2015,3,Districte III,6,Santa Eulàlia,315,03-11,80,88,168
2006,4,Districte IV,8,les Planes,419,03-11,42,41,83
2003,5,Districte V,10,Pubilla Cases,533,50-64,79,61,140
1998,1,Districte I,3,Sant Josep,127,35-49,103,97,200
2010,5,Districte V,9,Can Serra,521,65-74,76,98,174
1999,1,Districte I,1,Centre,108,18-24,41,55,96
2006,6,Districte VI,12,Bellvitge,624,03-11,29,38,67
2005,4,Districte IV,7,la Florida,412,12-15,21,22,43
2000,5,Districte V,10,Pubilla Cases,526,50-64,61,62,123
2006,4,Districte IV,8,les Planes,437,65-74,47,40,87
2016,2,Districte II,4,la Torrassa,231,35-49,183,179,362
2004,5,Districte V,10,Pubilla Cases,516,18-24,24,35,59
2014,1,Districte I,3,Sant Josep,125,35-49,217,229,446
2010,6,Districte VI,11,el Gornal,622,12-15,10,20,30
2011,1,Districte I,1,Centre,110,65-74,78,82,160
2010,5,Districte V,10,Pubilla Cases,529,16-17,18,14,32
2006,5,Districte V,10,Pubilla Cases,528,00-02,16,17,33
2013,6,Districte VI,12,Bellvitge,627,75 i +,49,34,83
1996,3,Districte III,6,Santa Eulàlia,323,12-15,96,106,202
2004,5,Districte V,10,Pubilla Cases,527,50-64,65,60,125
2006,6,Districte VI,12,Bellvitge,615,65-74,59,70,129
2002,3,Districte III,6,Santa Eulàlia,316,03-11,67,80,147
2011,6,Districte VI,12,Bellvitge,624,16-17,5,9,14
1999,4,Districte IV,7,la Florida,428,35-49,43,49,92
1995,6,Districte VI,12,Bellvitge,610,35-49,149,83,232
1998,3,Districte III,6,Santa Eulàlia,313,35-49,237,217,454
2012,6,Districte VI,11,el Gornal,617,75 i +,58,36,94
2016,2,Districte II,5,Collblanc,207,75 i +,118,53,171
2016,1,Districte I,1,Centre,109,00-02,9,9,18
1994,1,Districte I,3,Sant Josep,139,03-11,26,44,70
2003,6,Districte VI,12,Bellvitge,602,00-02,7,8,15
2008,4,Districte IV,7,la Florida,409,75 i +,28,21,49
2007,1,Districte I,3,Sant Josep,127,18-24,35,37,72
1997,6,Districte VI,12,Bellvitge,619,12-15,38,36,74
1999,3,Districte III,6,Santa Eulàlia,325,75 i +,128,72,200
1999,1,Districte I,2,Sanfeliu,116,00-02,19,11,30
1999,4,Districte IV,7,la Florida,413,03-11,27,18,45
2012,2,Districte II,4,la Torrassa,228,18-24,36,39,75
2006,1,Districte I,3,Sant Josep,136,35-49,117,140,257
2000,5,Districte V,10,Pubilla Cases,512,35-49,78,74,152
2004,1,Districte I,1,Centre,112,75 i +,66,26,92
1998,2,Districte II,4,la Torrassa,229,00-02,9,7,16
2007,2,Districte II,4,la Torrassa,240,35-49,85,97,182
2004,6,Districte VI,12,Bellvitge,603,00-02,6,8,14
1998,4,Districte IV,8,les Planes,440,18-24,87,83,170
2002,2,Districte II,5,Collblanc,219,18-24,42,51,93
2011,5,Districte V,10,Pubilla Cases,536,50-64,72,61,133
2002,6,Districte VI,12,Bellvitge,615,35-49,56,64,120
2006,4,Districte IV,8,les Planes,439,35-49,133,154,287
2000,2,Districte II,5,Collblanc,206,03-11,18,23,41
2007,2,Districte II,5,Collblanc,204,16-17,6,5,11
2004,1,Districte I,3,Sant Josep,137,12-15,27,18,45
1998,4,Districte IV,8,les Planes,436,35-49,66,79,145
2012,4,Districte IV,8,les Planes,429,65-74,26,21,47
1996,3,Districte III,6,Santa Eulàlia,302,50-64,130,147,277
2001,2,Districte II,5,Collblanc,210,16-17,2,5,7
2010,2,Districte II,5,Collblanc,225,65-74,27,16,43
2007,2,Districte II,5,Collblanc,202,50-64,61,61,122
2003,2,Districte II,4,la Torrassa,245,25-34,112,116,228
2005,2,Districte II,5,Collblanc,207,50-64,64,54,118
2003,3,Districte III,6,Santa Eulàlia,315,16-17,12,16,28
1997,5,Districte V,10,Pubilla Cases,510,16-17,10,11,21
2009,6,Districte VI,12,Bellvitge,614,65-74,70,71,141
1994,3,Districte III,6,Santa Eulàlia,312,16-17,14,21,35
2005,2,Districte II,5,Collblanc,204,50-64,43,36,79
2006,3,Districte III,6,Santa Eulàlia,319,03-11,72,66,138
1995,6,Districte VI,12,Bellvitge,609,65-74,32,27,59
2002,6,Districte VI,12,Bellvitge,603,03-11,19,19,38
1996,1,Districte I,3,Sant Josep,106,00-02,15,15,30
2007,3,Districte III,6,Santa Eulàlia,304,25-34,159,174,333
1996,2,Districte II,5,Collblanc,226,35-49,103,89,192
2014,2,Districte II,4,la Torrassa,217,00-02,17,11,28
1999,3,Districte III,6,Santa Eulàlia,302,12-15,24,19,43
2005,4,Districte IV,7,la Florida,406,35-49,137,147,284
1999,4,Districte IV,8,les Planes,439,25-34,99,93,192
2000,3,Districte III,6,Santa Eulàlia,305,12-15,50,39,89
2013,3,Districte III,6,Santa Eulàlia,306,12-15,30,36,66
2002,1,Districte I,1,Centre,108,12-15,24,18,42
1997,2,Districte II,5,Collblanc,224,00-02,4,7,11
2010,6,Districte VI,12,Bellvitge,630,12-15,5,18,23
2002,1,Districte I,3,Sant Josep,122,25-34,91,94,185
1994,5,Districte V,10,Pubilla Cases,512,65-74,48,39,87
2007,6,Districte VI,12,Bellvitge,603,50-64,67,46,113
1998,6,Districte VI,12,Bellvitge,628,00-02,8,6,14
2002,3,Districte III,6,Santa Eulàlia,315,18-24,83,91,174
2014,3,Districte III,6,Santa Eulàlia,326,00-02,41,32,73
2001,1,Districte I,1,Centre,135,00-02,23,20,43
2015,5,Districte V,9,Can Serra,502,12-15,24,26,50
2016,6,Districte VI,11,el Gornal,622,16-17,9,13,22
2014,1,Districte I,1,Centre,108,03-11,50,48,98
2006,1,Districte I,3,Sant Josep,126,18-24,34,31,65
1999,1,Districte I,1,Centre,109,35-49,135,147,282
2015,2,Districte II,5,Collblanc,208,25-34,119,110,229
2016,3,Districte III,6,Santa Eulàlia,313,00-02,25,22,47
2002,2,Districte II,5,Collblanc,212,65-74,82,68,150
2009,5,Districte V,10,Pubilla Cases,519,00-02,4,9,13
2005,6,Districte VI,12,Bellvitge,610,16-17,9,8,17
2015,1,Districte I,2,Sanfeliu,129,65-74,74,48,122
2014,1,Districte I,1,Centre,109,03-11,46,43,89
2007,3,Districte III,6,Santa Eulàlia,306,25-34,128,149,277
2003,5,Districte V,9,Can Serra,502,12-15,27,23,50
2012,4,Districte IV,7,la Florida,409,16-17,3,4,7
1998,1,Districte I,1,Centre,104,65-74,72,52,124
2007,6,Districte VI,12,Bellvitge,607,75 i +,47,29,76
2002,4,Districte IV,7,la Florida,409,75 i +,25,19,44
2013,2,Districte II,4,la Torrassa,211,16-17,11,16,27
2011,3,Districte III,6,Santa Eulàlia,306,75 i +,100,71,171
2001,3,Districte III,6,Santa Eulàlia,303,25-34,151,189,340
2008,4,Districte IV,7,la Florida,432,12-15,16,23,39
2012,1,Districte I,1,Centre,133,03-11,34,34,68
1998,1,Districte I,3,Sant Josep,125,16-17,7,23,30
2004,1,Districte I,3,Sant Josep,125,50-64,186,166,352
2008,5,Districte V,9,Can Serra,521,12-15,11,12,23
2002,4,Districte IV,8,les Planes,437,16-17,8,9,17
2011,2,Districte II,5,Collblanc,221,16-17,11,15,26
2014,2,Districte II,4,la Torrassa,246,12-15,12,18,30
1997,3,Districte III,6,Santa Eulàlia,302,25-34,134,130,264
2012,5,Districte V,10,Pubilla Cases,536,50-64,64,65,129
2011,2,Districte II,4,la Torrassa,243,50-64,123,111,234
2008,1,Districte I,3,Sant Josep,106,00-02,20,19,39
2014,4,Districte IV,7,la Florida,416,00-02,17,24,41
1998,4,Districte IV,7,la Florida,407,35-49,83,84,167
1998,4,Districte IV,7,la Florida,423,25-34,67,86,153
2006,1,Districte I,2,Sanfeliu,129,12-15,26,18,44
2000,6,Districte VI,11,el Gornal,629,65-74,42,43,85
2002,4,Districte IV,7,la Florida,402,25-34,66,76,142
2007,2,Districte II,4,la Torrassa,217,16-17,9,9,18
2016,4,Districte IV,8,les Planes,401,18-24,43,53,96
2009,4,Districte IV,7,la Florida,432,25-34,98,104,202
1995,2,Districte II,4,la Torrassa,230,18-24,48,34,82
2009,5,Districte V,9,Can Serra,502,12-15,22,23,45
2016,2,Districte II,5,Collblanc,209,16-17,15,8,23
2007,6,Districte VI,12,Bellvitge,628,75 i +,42,30,72
1999,4,Districte IV,7,la Florida,426,16-17,6,10,16
1995,4,Districte IV,7,la Florida,409,65-74,28,25,53
1997,6,Districte VI,12,Bellvitge,602,00-02,7,7,14
1997,6,Districte VI,11,el Gornal,632,16-17,19,17,36
2010,6,Districte VI,12,Bellvitge,605,25-34,54,61,115
2010,1,Districte I,3,Sant Josep,140,18-24,21,39,60
1994,4,Districte IV,7,la Florida,405,03-11,23,21,44
2006,2,Districte II,4,la Torrassa,231,18-24,43,44,87
2007,2,Districte II,4,la Torrassa,232,65-74,62,47,109
2000,3,Districte III,6,Santa Eulàlia,324,03-11,33,32,65
2010,5,Districte V,10,Pubilla Cases,517,16-17,12,11,23
2013,2,Districte II,4,la Torrassa,228,12-15,41,47,88
2003,4,Districte IV,8,les Planes,437,18-24,38,32,70
2009,3,Districte III,6,Santa Eulàlia,318,35-49,106,98,204
2010,2,Districte II,4,la Torrassa,248,12-15,31,23,54
2004,2,Districte II,4,la Torrassa,230,25-34,90,86,176
2014,1,Districte I,1,Centre,112,16-17,8,20,28
2010,5,Districte V,10,Pubilla Cases,530,50-64,88,85,173
1999,4,Districte IV,8,les Planes,418,18-24,61,58,119
1997,4,Districte IV,7,la Florida,412,00-02,18,12,30
2010,6,Districte VI,12,Bellvitge,619,50-64,141,120,261
2011,4,Districte IV,7,la Florida,404,18-24,48,62,110
1995,1,Districte I,1,Centre,104,16-17,5,8,13
2007,1,Districte I,1,Centre,102,00-02,19,22,41
1996,1,Districte I,3,Sant Josep,120,35-49,225,224,449
1996,1,Districte I,1,Centre,107,12-15,42,49,91
2015,3,Districte III,6,Santa Eulàlia,314,50-64,279,243,522
2008,4,Districte IV,8,les Planes,420,35-49,188,201,389
2001,5,Districte V,10,Pubilla Cases,536,12-15,11,11,22
2014,4,Districte IV,7,la Florida,432,25-34,88,84,172
1998,6,Districte VI,12,Bellvitge,610,03-11,30,38,68
2006,5,Districte V,10,Pubilla Cases,531,16-17,9,4,13
2007,6,Districte VI,12,Bellvitge,619,25-34,93,103,196
2009,1,Districte I,3,Sant Josep,136,35-49,131,158,289
2008,5,Districte V,10,Pubilla Cases,538,75 i +,87,48,135
2000,1,Districte I,3,Sant Josep,126,00-02,11,8,19
2015,3,Districte III,6,Santa Eulàlia,309,18-24,29,34,63
2006,4,Districte IV,8,les Planes,438,03-11,24,29,53
2005,2,Districte II,4,la Torrassa,248,12-15,25,14,39
1998,5,Districte V,10,Pubilla Cases,518,18-24,59,62,121
2006,3,Districte III,6,Santa Eulàlia,317,35-49,100,120,220
2003,2,Districte II,5,Collblanc,212,12-15,23,15,38
1998,5,Districte V,10,Pubilla Cases,536,75 i +,32,24,56
2006,4,Districte IV,7,la Florida,423,03-11,30,29,59
1996,2,Districte II,5,Collblanc,214,25-34,60,69,129
2014,1,Districte I,1,Centre,128,18-24,27,22,49
2004,4,Districte IV,8,les Planes,434,18-24,24,27,51
1999,5,Districte V,10,Pubilla Cases,530,16-17,9,12,21
2012,1,Districte I,2,Sanfeliu,118,03-11,78,65,143
2002,4,Districte IV,7,la Florida,408,50-64,74,56,130
1999,2,Districte II,4,la Torrassa,235,25-34,127,113,240
2004,6,Districte VI,11,el Gornal,632,75 i +,30,14,44
1999,6,Districte VI,11,el Gornal,632,18-24,86,82,168
2005,6,Districte VI,11,el Gornal,616,65-74,62,58,120
2004,5,Districte V,10,Pubilla Cases,528,18-24,47,55,102
2008,6,Districte VI,12,Bellvitge,602,18-24,18,23,41
2011,2,Districte II,5,Collblanc,224,16-17,3,5,8
2000,1,Districte I,1,Centre,124,03-11,25,32,57
1999,2,Districte II,5,Collblanc,202,18-24,36,44,80
2009,5,Districte V,10,Pubilla Cases,529,35-49,180,158,338
1999,3,Districte III,6,Santa Eulàlia,324,35-49,77,77,154
1999,3,Districte III,6,Santa Eulàlia,313,65-74,82,77,159
2005,3,Districte III,6,Santa Eulàlia,309,65-74,34,22,56
2011,6,Districte VI,12,Bellvitge,628,25-34,57,68,125
1997,2,Districte II,4,la Torrassa,231,16-17,8,9,17
2005,6,Districte VI,11,el Gornal,626,00-02,10,11,21
1994,1,Districte I,3,Sant Josep,119,16-17,52,47,99
1999,2,Districte II,4,la Torrassa,239,00-02,9,11,20
1997,5,Districte V,10,Pubilla Cases,523,35-49,110,107,217
2006,3,Districte III,6,Santa Eulàlia,305,18-24,84,83,167
2011,4,Districte IV,7,la Florida,426,00-02,11,17,28
1997,4,Districte IV,7,la Florida,427,75 i +,43,34,77
1998,2,Districte II,5,Collblanc,203,75 i +,56,26,82
2006,5,Districte V,10,Pubilla Cases,510,25-34,79,99,178
2006,2,Districte II,5,Collblanc,207,03-11,22,24,46
2013,4,Districte IV,8,les Planes,401,35-49,137,129,266
2003,1,Districte I,3,Sant Josep,120,35-49,234,223,457
2010,4,Districte IV,8,les Planes,442,75 i +,28,20,48
2000,5,Districte V,10,Pubilla Cases,532,00-02,21,12,33
2011,4,Districte IV,7,la Florida,423,75 i +,81,50,131
2006,1,Districte I,1,Centre,101,25-34,188,191,379
2014,2,Districte II,4,la Torrassa,239,65-74,55,38,93
2001,1,Districte I,1,Centre,124,50-64,66,64,130
2007,3,Districte III,6,Santa Eulàlia,316,18-24,154,155,309
2015,2,Districte II,4,la Torrassa,247,75 i +,85,48,133
1999,5,Districte V,10,Pubilla Cases,527,35-49,86,110,196
2013,6,Districte VI,12,Bellvitge,623,12-15,26,20,46
2014,4,Districte IV,7,la Florida,402,25-34,68,56,124
2010,3,Districte III,6,Santa Eulàlia,318,75 i +,29,17,46
2010,6,Districte VI,12,Bellvitge,613,65-74,119,124,243
2012,2,Districte II,4,la Torrassa,234,18-24,41,40,81
2005,1,Districte I,3,Sant Josep,121,00-02,14,13,27
1994,4,Districte IV,8,les Planes,436,16-17,13,12,25
2011,4,Districte IV,7,la Florida,404,25-34,104,84,188
2008,2,Districte II,5,Collblanc,216,18-24,52,51,103
2007,5,Districte V,10,Pubilla Cases,528,65-74,63,61,124
2004,5,Districte V,9,Can Serra,504,16-17,6,10,16
2002,3,Districte III,6,Santa Eulàlia,309,35-49,107,88,195
2005,6,Districte VI,11,el Gornal,626,12-15,15,10,25
1994,2,Districte II,4,la Torrassa,229,03-11,16,22,38
2009,1,Districte I,3,Sant Josep,122,00-02,11,11,22
2011,2,Districte II,5,Collblanc,212,25-34,161,163,324
2000,4,Districte IV,8,les Planes,418,00-02,14,11,25
1999,6,Districte VI,12,Bellvitge,624,00-02,9,8,17
2014,3,Districte III,6,Santa Eulàlia,319,25-34,116,113,229
1995,4,Districte IV,7,la Florida,416,75 i +,23,10,33
2007,5,Districte V,9,Can Serra,504,35-49,94,106,200
2010,5,Districte V,10,Pubilla Cases,534,50-64,83,74,157
1994,6,Districte VI,11,el Gornal,617,50-64,136,124,260
1994,2,Districte II,5,Collblanc,214,03-11,20,26,46
1995,3,Districte III,6,Santa Eulàlia,313,00-02,16,14,30
2015,3,Districte III,6,Santa Eulàlia,303,65-74,115,79,194
1997,6,Districte VI,12,Bellvitge,609,50-64,130,146,276
2010,5,Districte V,10,Pubilla Cases,524,16-17,14,19,33
2004,1,Districte I,1,Centre,131,03-11,40,52,92
1999,4,Districte IV,8,les Planes,436,00-02,10,16,26
2007,2,Districte II,4,la Torrassa,247,03-11,48,46,94
1994,1,Districte I,1,Centre,104,25-34,58,82,140
2008,6,Districte VI,12,Bellvitge,602,75 i +,25,18,43
1999,1,Districte I,3,Sant Josep,136,25-34,94,94,188
1995,6,Districte VI,11,el Gornal,629,03-11,26,21,47
2009,2,Districte II,4,la Torrassa,240,18-24,24,29,53
2012,6,Districte VI,11,el Gornal,629,25-34,38,40,78
1999,6,Districte VI,11,el Gornal,626,35-49,104,104,208
1997,1,Districte I,3,Sant Josep,106,75 i +,39,27,66
2007,6,Districte VI,11,el Gornal,629,65-74,33,38,71
2005,4,Districte IV,7,la Florida,404,50-64,113,110,223
2006,2,Districte II,5,Collblanc,205,50-64,91,79,170
2006,5,Districte V,10,Pubilla Cases,536,35-49,95,112,207
2010,2,Districte II,5,Collblanc,204,12-15,12,4,16
2004,2,Districte II,4,la Torrassa,247,00-02,18,17,35
1997,4,Districte IV,8,les Planes,436,65-74,40,26,66
2016,5,Districte V,10,Pubilla Cases,528,16-17,16,8,24
2003,5,Districte V,10,Pubilla Cases,525,25-34,73,94,167
2002,1,Districte I,1,Centre,107,03-11,42,49,91
1995,2,Districte II,5,Collblanc,221,16-17,14,22,36
2004,4,Districte IV,7,la Florida,427,25-34,100,125,225
2009,1,Districte I,3,Sant Josep,119,50-64,176,137,313
2014,4,Districte IV,7,la Florida,404,18-24,48,54,102
1994,6,Districte VI,11,el Gornal,617,16-17,27,26,53
2014,6,Districte VI,12,Bellvitge,618,35-49,133,125,258
1995,2,Districte II,5,Collblanc,203,18-24,32,34,66
2016,3,Districte III,13,Granvia Sud,320,50-64,113,119,232
2002,5,Districte V,10,Pubilla Cases,537,35-49,126,116,242
2008,2,Districte II,4,la Torrassa,233,75 i +,52,28,80
2015,5,Districte V,10,Pubilla Cases,525,00-02,14,25,39
2006,5,Districte V,10,Pubilla Cases,515,65-74,32,28,60
2016,3,Districte III,6,Santa Eulàlia,327,12-15,31,19,50
2009,4,Districte IV,8,les Planes,440,35-49,106,120,226
1996,2,Districte II,4,la Torrassa,247,03-11,34,44,78
2010,5,Districte V,10,Pubilla Cases,533,16-17,5,11,16
2012,5,Districte V,10,Pubilla Cases,515,12-15,7,14,21
2005,2,Districte II,5,Collblanc,209,12-15,16,17,33
2003,1,Districte I,3,Sant Josep,140,16-17,3,9,12
2004,5,Districte V,9,Can Serra,521,16-17,9,6,15
2014,3,Districte III,6,Santa Eulàlia,311,03-11,64,81,145
2006,1,Districte I,3,Sant Josep,119,03-11,28,39,67
2005,6,Districte VI,12,Bellvitge,621,16-17,9,13,22
2011,4,Districte IV,7,la Florida,426,25-34,102,106,208
2002,4,Districte IV,7,la Florida,410,16-17,10,13,23
1994,4,Districte IV,8,les Planes,435,75 i +,79,33,112
2005,4,Districte IV,8,les Planes,438,16-17,12,4,16
2014,5,Districte V,9,Can Serra,503,50-64,122,87,209
2000,2,Districte II,4,la Torrassa,238,16-17,7,3,10
1998,5,Districte V,10,Pubilla Cases,529,50-64,125,132,257
2014,1,Districte I,1,Centre,102,65-74,136,125,261
2007,1,Districte I,1,Centre,101,18-24,61,54,115
2006,2,Districte II,4,la Torrassa,246,75 i +,76,49,125
2005,1,Districte I,1,Centre,135,18-24,87,79,166
2008,2,Districte II,5,Collblanc,204,65-74,31,22,53
2012,2,Districte II,5,Collblanc,208,12-15,26,22,48
1995,2,Districte II,4,la Torrassa,243,18-24,65,70,135
1995,1,Districte I,3,Sant Josep,115,00-02,10,17,27
2016,4,Districte IV,7,la Florida,406,12-15,27,28,55
2008,5,Districte V,10,Pubilla Cases,515,12-15,12,14,26
1999,3,Districte III,6,Santa Eulàlia,307,00-02,14,13,27
2002,6,Districte VI,12,Bellvitge,630,35-49,91,69,160
2014,5,Districte V,9,Can Serra,504,12-15,9,15,24
2009,5,Districte V,10,Pubilla Cases,531,12-15,16,22,38
2012,4,Districte IV,7,la Florida,427,03-11,64,60,124
2015,5,Districte V,10,Pubilla Cases,534,18-24,32,25,57
1996,2,Districte II,5,Collblanc,203,35-49,53,58,111
2009,6,Districte VI,12,Bellvitge,601,12-15,23,23,46
1997,3,Districte III,6,Santa Eulàlia,322,35-49,130,116,246
2000,1,Districte I,1,Centre,111,35-49,104,88,192
2013,6,Districte VI,12,Bellvitge,610,12-15,18,25,43
2004,5,Districte V,10,Pubilla Cases,517,65-74,64,64,128
2004,4,Districte IV,7,la Florida,402,25-34,97,90,187
2007,5,Districte V,10,Pubilla Cases,534,03-11,31,40,71
2016,4,Districte IV,7,la Florida,412,12-15,27,27,54
1999,2,Districte II,5,Collblanc,206,35-49,72,70,142
2004,3,Districte III,6,Santa Eulàlia,313,50-64,195,181,376
2001,5,Districte V,10,Pubilla Cases,533,03-11,29,13,42
2001,3,Districte III,6,Santa Eulàlia,304,65-74,80,73,153
2016,1,Districte I,1,Centre,111,00-02,8,8,16
2005,3,Districte III,6,Santa Eulàlia,305,50-64,145,143,288
2000,3,Districte III,6,Santa Eulàlia,305,18-24,75,81,156
2005,4,Districte IV,8,les Planes,436,18-24,42,46,88
2014,6,Districte VI,11,el Gornal,632,03-11,44,57,101
2002,6,Districte VI,12,Bellvitge,624,12-15,17,15,32
2006,1,Districte I,1,Centre,104,12-15,14,14,28
2013,3,Districte III,6,Santa Eulàlia,314,12-15,39,27,66
2009,1,Districte I,3,Sant Josep,122,18-24,34,12,46
1999,3,Districte III,6,Santa Eulàlia,320,65-74,26,14,40
2000,5,Districte V,10,Pubilla Cases,534,03-11,22,29,51
1995,2,Districte II,4,la Torrassa,233,35-49,49,56,105
2013,2,Districte II,4,la Torrassa,243,18-24,64,62,126
2013,4,Districte IV,8,les Planes,420,75 i +,139,89,228
2013,3,Districte III,6,Santa Eulàlia,315,18-24,60,59,119
2004,2,Districte II,4,la Torrassa,247,12-15,21,24,45
2011,4,Districte IV,7,la Florida,409,16-17,4,6,10
2015,2,Districte II,4,la Torrassa,245,35-49,136,163,299
2006,6,Districte VI,12,Bellvitge,602,35-49,59,62,121
2006,5,Districte V,10,Pubilla Cases,538,00-02,22,18,40
2001,1,Districte I,3,Sant Josep,140,18-24,48,57,105
1997,2,Districte II,4,la Torrassa,230,18-24,47,35,82
1997,4,Districte IV,7,la Florida,416,75 i +,21,12,33
2008,2,Districte II,5,Collblanc,219,18-24,47,49,96
1997,2,Districte II,4,la Torrassa,228,18-24,33,38,71
2015,1,Districte I,1,Centre,112,75 i +,73,40,113
1996,4,Districte IV,8,les Planes,437,00-02,12,6,18
1998,5,Districte V,10,Pubilla Cases,518,65-74,56,63,119
1995,3,Districte III,6,Santa Eulàlia,320,75 i +,23,17,40
2002,5,Districte V,10,Pubilla Cases,513,00-02,18,7,25
2002,6,Districte VI,12,Bellvitge,624,75 i +,32,12,44
1996,2,Districte II,5,Collblanc,225,16-17,4,14,18
2000,1,Districte I,1,Centre,109,00-02,19,12,31
1995,5,Districte V,9,Can Serra,506,03-11,83,107,190
2007,3,Districte III,6,Santa Eulàlia,323,35-49,337,345,682
2009,5,Districte V,10,Pubilla Cases,513,25-34,72,89,161
1998,6,Districte VI,12,Bellvitge,611,18-24,97,95,192
1995,2,Districte II,4,la Torrassa,246,00-02,15,5,20
1994,3,Districte III,6,Santa Eulàlia,324,18-24,39,56,95
1995,2,Districte II,5,Collblanc,205,16-17,14,11,25
2008,1,Districte I,3,Sant Josep,117,03-11,71,80,151
2009,3,Districte III,6,Santa Eulàlia,301,18-24,67,89,156
2002,3,Districte III,6,Santa Eulàlia,309,75 i +,29,15,44
2013,6,Districte VI,11,el Gornal,622,12-15,9,18,27
2007,6,Districte VI,12,Bellvitge,620,12-15,14,9,23
2000,5,Districte V,10,Pubilla Cases,510,12-15,17,19,36
1994,6,Districte VI,12,Bellvitge,612,18-24,130,152,282
2015,3,Districte III,6,Santa Eulàlia,321,12-15,39,40,79
2016,3,Districte III,13,Granvia Sud,320,25-34,61,66,127
1999,1,Districte I,3,Sant Josep,114,03-11,47,35,82
1999,2,Districte II,5,Collblanc,214,16-17,5,9,14
2012,2,Districte II,4,la Torrassa,239,35-49,135,150,285
2008,3,Districte III,6,Santa Eulàlia,307,65-74,80,69,149
2005,3,Districte III,6,Santa Eulàlia,313,65-74,90,79,169
1999,1,Districte I,3,Sant Josep,139,25-34,73,74,147
1994,1,Districte I,1,Centre,104,50-64,93,81,174
2002,6,Districte VI,12,Bellvitge,606,12-15,18,18,36
2016,3,Districte III,6,Santa Eulàlia,319,18-24,50,56,106
2004,5,Districte V,10,Pubilla Cases,537,00-02,15,11,26
2012,1,Districte I,3,Sant Josep,122,18-24,31,13,44
2005,5,Districte V,10,Pubilla Cases,518,03-11,51,46,97
2008,5,Districte V,10,Pubilla Cases,515,25-34,64,80,144
1997,2,Districte II,4,la Torrassa,248,18-24,40,55,95
1995,1,Districte I,1,Centre,112,00-02,24,14,38
2006,4,Districte IV,8,les Planes,439,25-34,126,149,275
2000,6,Districte VI,12,Bellvitge,601,25-34,102,136,238
2001,6,Districte VI,12,Bellvitge,630,25-34,69,79,148
2008,4,Districte IV,8,les Planes,435,50-64,80,70,150
2010,3,Districte III,6,Santa Eulàlia,319,35-49,269,255,524
2015,3,Districte III,6,Santa Eulàlia,301,12-15,52,47,99
2005,2,Districte II,4,la Torrassa,211,18-24,54,69,123
2013,5,Districte V,9,Can Serra,507,12-15,13,16,29
2003,6,Districte VI,12,Bellvitge,601,00-02,13,14,27
2006,1,Districte I,1,Centre,124,12-15,8,17,25
2008,3,Districte III,6,Santa Eulàlia,316,35-49,188,130,318
1994,4,Districte IV,8,les Planes,436,12-15,14,20,34
2008,2,Districte II,5,Collblanc,225,65-74,26,22,48
2011,5,Districte V,10,Pubilla Cases,518,35-49,134,129,263
2002,1,Districte I,2,Sanfeliu,132,25-34,174,174,348
2008,1,Districte I,1,Centre,108,25-34,115,121,236
2009,1,Districte I,1,Centre,102,75 i +,97,53,150
2011,2,Districte II,4,la Torrassa,217,12-15,18,13,31
2010,3,Districte III,6,Santa Eulàlia,313,25-34,148,149,297
2011,3,Districte III,6,Santa Eulàlia,309,03-11,45,56,101
2014,1,Districte I,1,Centre,103,50-64,62,60,122
2013,5,Districte V,10,Pubilla Cases,530,12-15,23,21,44
2016,4,Districte IV,7,la Florida,431,12-15,34,33,67
2000,1,Districte I,1,Centre,110,75 i +,53,29,82
2013,6,Districte VI,12,Bellvitge,607,00-02,13,6,19
2014,4,Districte IV,7,la Florida,427,00-02,22,37,59
2005,6,Districte VI,11,el Gornal,616,25-34,225,245,470
2003,2,Districte II,5,Collblanc,223,50-64,98,92,190
2008,6,Districte VI,12,Bellvitge,610,35-49,138,137,275
2012,3,Districte III,6,Santa Eulàlia,310,16-17,6,4,10
2013,2,Districte II,4,la Torrassa,236,25-34,66,80,146
2000,3,Districte III,6,Santa Eulàlia,304,25-34,99,106,205
2011,4,Districte IV,7,la Florida,410,12-15,23,32,55
2006,3,Districte III,6,Santa Eulàlia,309,35-49,105,112,217
1996,1,Districte I,2,Sanfeliu,132,00-02,21,25,46
1995,2,Districte II,4,la Torrassa,235,35-49,103,93,196
1999,6,Districte VI,11,el Gornal,608,25-34,80,104,184
2011,4,Districte IV,7,la Florida,421,50-64,77,79,156
1999,4,Districte IV,7,la Florida,410,35-49,145,139,284
1994,2,Districte II,5,Collblanc,204,65-74,50,38,88
2005,4,Districte IV,7,la Florida,424,16-17,1,2,3
2012,2,Districte II,4,la Torrassa,242,16-17,7,5,12
2014,4,Districte IV,7,la Florida,432,75 i +,69,52,121
2009,4,Districte IV,7,la Florida,405,12-15,12,10,22
2003,1,Districte I,3,Sant Josep,115,03-11,52,61,113
2015,3,Districte III,6,Santa Eulàlia,304,35-49,429,451,880
2016,5,Districte V,10,Pubilla Cases,518,16-17,6,15,21
2008,3,Districte III,6,Santa Eulàlia,323,12-15,57,56,113
2011,2,Districte II,4,la Torrassa,249,16-17,9,9,18
2001,3,Districte III,6,Santa Eulàlia,307,35-49,180,146,326
2015,4,Districte IV,7,la Florida,421,25-34,76,79,155
2001,3,Districte III,6,Santa Eulàlia,312,25-34,182,212,394
2016,1,Districte I,1,Centre,105,12-15,19,24,43
2008,1,Districte I,1,Centre,109,75 i +,73,36,109
2002,3,Districte III,6,Santa Eulàlia,302,18-24,84,72,156
2001,2,Districte II,5,Collblanc,244,75 i +,45,40,85
2009,5,Districte V,10,Pubilla Cases,509,18-24,39,45,84
2007,2,Districte II,4,la Torrassa,235,75 i +,83,53,136
2010,3,Districte III,6,Santa Eulàlia,316,00-02,15,14,29
2008,2,Districte II,5,Collblanc,215,18-24,43,33,76
1997,1,Districte I,2,Sanfeliu,129,03-11,45,32,77
2008,1,Districte I,1,Centre,135,12-15,24,15,39
2009,4,Districte IV,7,la Florida,403,00-02,16,16,32
2010,2,Districte II,5,Collblanc,201,35-49,119,134,253
2003,5,Districte V,10,Pubilla Cases,515,75 i +,25,12,37
1994,5,Districte V,9,Can Serra,506,12-15,78,70,148
2015,6,Districte VI,12,Bellvitge,605,03-11,67,79,146
2000,4,Districte IV,7,la Florida,412,18-24,95,109,204
2012,6,Districte VI,12,Bellvitge,606,35-49,134,152,286
1999,3,Districte III,6,Santa Eulàlia,314,12-15,66,71,137
2009,4,Districte IV,7,la Florida,412,00-02,20,27,47
2007,5,Districte V,9,Can Serra,502,35-49,155,172,327
1996,2,Districte II,4,la Torrassa,243,18-24,62,60,122
2008,5,Districte V,10,Pubilla Cases,528,03-11,57,56,113
1997,6,Districte VI,12,Bellvitge,620,03-11,20,27,47
1995,1,Districte I,3,Sant Josep,120,50-64,100,110,210
2016,3,Districte III,6,Santa Eulàlia,305,25-34,119,104,223
2000,5,Districte V,10,Pubilla Cases,533,35-49,77,83,160
1997,6,Districte VI,12,Bellvitge,614,16-17,12,11,23
2001,2,Districte II,4,la Torrassa,243,50-64,128,102,230
1995,1,Districte I,1,Centre,110,75 i +,41,20,61
2002,2,Districte II,5,Collblanc,215,03-11,32,23,55
2010,1,Districte I,1,Centre,123,75 i +,89,65,154
1994,6,Districte VI,11,el Gornal,617,75 i +,19,15,34
2004,2,Districte II,5,Collblanc,201,03-11,23,32,55
1994,3,Districte III,6,Santa Eulàlia,304,12-15,19,18,37
1995,1,Districte I,1,Centre,104,18-24,48,51,99
2005,6,Districte VI,11,el Gornal,629,25-34,38,51,89
1998,2,Districte II,4,la Torrassa,239,18-24,45,47,92
2003,6,Districte VI,12,Bellvitge,628,25-34,85,104,189
1997,5,Districte V,10,Pubilla Cases,510,75 i +,39,27,66
2000,3,Districte III,6,Santa Eulàlia,316,75 i +,40,24,64
2007,4,Districte IV,7,la Florida,403,16-17,7,11,18
2013,1,Districte I,3,Sant Josep,106,16-17,8,11,19
1996,2,Districte II,4,la Torrassa,229,25-34,55,52,107
2000,3,Districte III,6,Santa Eulàlia,316,25-34,103,104,207
1998,1,Districte I,1,Centre,131,65-74,59,54,113
1996,5,Districte V,10,Pubilla Cases,514,50-64,88,73,161
2004,2,Districte II,5,Collblanc,212,03-11,47,60,107
2010,4,Districte IV,8,les Planes,434,75 i +,62,25,87
2004,2,Districte II,5,Collblanc,244,00-02,9,7,16
2007,5,Districte V,10,Pubilla Cases,518,00-02,13,12,25
2014,1,Districte I,1,Centre,113,35-49,204,198,402
2008,5,Districte V,10,Pubilla Cases,518,25-34,99,122,221
2006,5,Districte V,10,Pubilla Cases,511,50-64,43,48,91
2002,2,Districte II,4,la Torrassa,231,65-74,81,63,144
1994,3,Districte III,6,Santa Eulàlia,301,50-64,206,215,421
2009,3,Districte III,6,Santa Eulàlia,303,12-15,22,26,48
2004,1,Districte I,1,Centre,104,16-17,4,5,9
2002,1,Districte I,1,Centre,135,12-15,29,29,58
1998,4,Districte IV,7,la Florida,415,65-74,46,34,80
1996,2,Districte II,4,la Torrassa,241,25-34,60,52,112
2009,2,Districte II,5,Collblanc,201,65-74,48,43,91
1994,3,Districte III,6,Santa Eulàlia,311,25-34,123,129,252
2011,1,Districte I,3,Sant Josep,127,50-64,76,71,147
2002,5,Districte V,9,Can Serra,505,35-49,85,74,159
1998,6,Districte VI,12,Bellvitge,624,16-17,15,20,35
1998,2,Districte II,5,Collblanc,225,16-17,2,5,7
2004,4,Districte IV,7,la Florida,416,00-02,17,14,31
2015,5,Districte V,10,Pubilla Cases,537,12-15,23,9,32
1994,6,Districte VI,12,Bellvitge,607,12-15,21,28,49
1996,6,Districte VI,12,Bellvitge,605,12-15,10,12,22
2009,2,Districte II,5,Collblanc,209,16-17,5,7,12
2005,2,Districte II,5,Collblanc,225,00-02,4,2,6
2001,6,Districte VI,12,Bellvitge,603,00-02,7,8,15
1998,2,Districte II,5,Collblanc,209,18-24,27,29,56
2000,2,Districte II,5,Collblanc,213,00-02,1,10,11
2011,3,Districte III,6,Santa Eulàlia,307,35-49,130,116,246
2013,4,Districte IV,8,les Planes,436,16-17,16,14,30
2013,1,Districte I,3,Sant Josep,138,65-74,54,45,99
1997,4,Districte IV,7,la Florida,406,18-24,88,99,187
2010,2,Districte II,5,Collblanc,202,50-64,68,59,127
2001,2,Districte II,5,Collblanc,214,00-02,10,9,19
2004,4,Districte IV,8,les Planes,439,18-24,45,61,106
1994,4,Districte IV,8,les Planes,434,50-64,55,55,110
2012,1,Districte I,1,Centre,123,18-24,47,48,95
1999,2,Districte II,4,la Torrassa,211,03-11,44,34,78
2006,2,Districte II,5,Collblanc,202,65-74,40,31,71
1997,2,Districte II,4,la Torrassa,217,35-49,55,58,113
1998,2,Districte II,5,Collblanc,202,35-49,57,54,111
1996,5,Districte V,9,Can Serra,501,50-64,97,133,230
2008,1,Districte I,3,Sant Josep,138,50-64,104,92,196
2014,6,Districte VI,11,el Gornal,616,25-34,133,137,270
1994,4,Districte IV,7,la Florida,427,65-74,47,54,101
2014,3,Districte III,6,Santa Eulàlia,304,18-24,86,68,154
2006,6,Districte VI,12,Bellvitge,606,00-02,23,11,34
1996,1,Districte I,1,Centre,109,18-24,57,44,101
2001,2,Districte II,4,la Torrassa,228,25-34,64,71,135
2014,1,Districte I,1,Centre,103,00-02,14,13,27
2013,1,Districte I,3,Sant Josep,125,12-15,21,31,52
2006,5,Districte V,10,Pubilla Cases,526,03-11,22,27,49
2004,5,Districte V,10,Pubilla Cases,514,12-15,9,5,14
1996,2,Districte II,4,la Torrassa,243,75 i +,83,38,121
2000,4,Districte IV,7,la Florida,408,65-74,58,61,119
2007,5,Districte V,9,Can Serra,502,50-64,155,148,303
2002,4,Districte IV,7,la Florida,422,12-15,15,23,38
2014,3,Districte III,6,Santa Eulàlia,308,35-49,266,238,504
1996,5,Districte V,10,Pubilla Cases,508,75 i +,19,14,33
1994,1,Districte I,1,Centre,101,35-49,131,130,261
2015,2,Districte II,5,Collblanc,204,00-02,17,32,49
2009,3,Districte III,6,Santa Eulàlia,309,03-11,33,65,98
2012,6,Districte VI,11,el Gornal,622,03-11,28,35,63
1995,1,Districte I,1,Centre,104,50-64,91,80,171
2000,4,Districte IV,7,la Florida,422,18-24,43,44,87
1994,6,Districte VI,12,Bellvitge,620,16-17,12,10,22
2001,2,Districte II,4,la Torrassa,249,50-64,103,78,181
2002,5,Districte V,10,Pubilla Cases,538,65-74,95,87,182
2001,6,Districte VI,12,Bellvitge,607,65-74,78,73,151
2006,3,Districte III,6,Santa Eulàlia,308,03-11,86,109,195
2014,1,Districte I,1,Centre,111,00-02,9,3,12
1997,1,Districte I,1,Centre,124,75 i +,32,18,50
2002,2,Districte II,4,la Torrassa,237,00-02,14,15,29
2001,4,Districte IV,8,les Planes,401,16-17,6,18,24
2001,5,Districte V,10,Pubilla Cases,529,18-24,48,48,96
1994,4,Districte IV,7,la Florida,431,03-11,53,63,116
1999,4,Districte IV,8,les Planes,419,18-24,33,51,84
2010,5,Districte V,10,Pubilla Cases,538,25-34,90,119,209
1994,2,Districte II,4,la Torrassa,236,16-17,8,10,18
2002,2,Districte II,5,Collblanc,214,12-15,10,6,16
2005,5,Districte V,10,Pubilla Cases,524,50-64,96,87,183
1995,5,Districte V,10,Pubilla Cases,523,65-74,78,80,158
2010,1,Districte I,3,Sant Josep,127,50-64,72,71,143
2006,2,Districte II,5,Collblanc,201,25-34,55,74,129
1998,6,Districte VI,12,Bellvitge,614,12-15,12,19,31
2014,3,Districte III,6,Santa Eulàlia,302,25-34,94,81,175
1997,2,Districte II,5,Collblanc,223,00-02,10,10,20
1996,4,Districte IV,7,la Florida,431,75 i +,60,35,95
1999,2,Districte II,5,Collblanc,201,25-34,58,62,120
1999,3,Districte III,6,Santa Eulàlia,312,50-64,202,181,383
2014,4,Districte IV,8,les Planes,440,18-24,34,37,71
2002,6,Districte VI,12,Bellvitge,603,18-24,30,28,58
2014,2,Districte II,5,Collblanc,202,65-74,71,64,135
2007,1,Districte I,2,Sanfeliu,118,65-74,51,67,118
2003,2,Districte II,4,la Torrassa,249,65-74,77,52,129
2002,4,Districte IV,7,la Florida,406,00-02,15,11,26
1994,1,Districte I,3,Sant Josep,126,16-17,29,30,59
2007,5,Districte V,10,Pubilla Cases,520,50-64,75,70,145
1999,3,Districte III,6,Santa Eulàlia,308,18-24,85,88,173
1999,2,Districte II,5,Collblanc,205,75 i +,33,20,53
1999,3,Districte III,6,Santa Eulàlia,307,03-11,43,62,105
2007,4,Districte IV,7,la Florida,424,12-15,7,11,18
2001,5,Districte V,10,Pubilla Cases,525,12-15,23,15,38
2011,1,Districte I,1,Centre,112,65-74,76,54,130
2014,3,Districte III,6,Santa Eulàlia,307,75 i +,82,66,148
1998,1,Districte I,3,Sant Josep,139,00-02,13,11,24
1998,5,Districte V,10,Pubilla Cases,519,18-24,16,36,52
2016,4,Districte IV,7,la Florida,410,12-15,22,38,60
2005,1,Districte I,1,Centre,110,35-49,110,97,207
2000,5,Districte V,10,Pubilla Cases,523,50-64,137,120,257
2007,6,Districte VI,12,Bellvitge,628,25-34,59,78,137
1996,1,Districte I,1,Centre,108,35-49,153,136,289
2011,4,Districte IV,7,la Florida,431,00-02,31,22,53
2002,2,Districte II,4,la Torrassa,238,35-49,74,82,156
2009,6,Districte VI,12,Bellvitge,618,35-49,79,65,144
2003,2,Districte II,5,Collblanc,222,18-24,49,51,100
2000,1,Districte I,3,Sant Josep,122,16-17,6,8,14
2014,2,Districte II,5,Collblanc,212,65-74,65,51,116
2000,5,Districte V,10,Pubilla Cases,538,16-17,10,10,20
2016,6,Districte VI,12,Bellvitge,619,16-17,11,11,22
2011,5,Districte V,9,Can Serra,505,65-74,126,140,266
1995,6,Districte VI,11,el Gornal,616,16-17,51,56,107
1994,6,Districte VI,12,Bellvitge,623,25-34,108,105,213
1998,1,Districte I,3,Sant Josep,125,25-34,89,84,173
2005,6,Districte VI,11,el Gornal,608,18-24,33,35,68
2013,4,Districte IV,7,la Florida,426,18-24,40,39,79
2005,1,Districte I,2,Sanfeliu,132,65-74,89,84,173
2015,3,Districte III,6,Santa Eulàlia,317,16-17,11,7,18
2016,6,Districte VI,11,el Gornal,632,65-74,49,40,89
2008,3,Districte III,6,Santa Eulàlia,303,75 i +,94,76,170
2015,6,Districte VI,12,Bellvitge,607,75 i +,96,84,180
1998,5,Districte V,10,Pubilla Cases,515,12-15,13,8,21
2014,6,Districte VI,12,Bellvitge,607,75 i +,88,75,163
2016,3,Districte III,6,Santa Eulàlia,311,75 i +,93,57,150
2016,2,Districte II,5,Collblanc,210,16-17,8,4,12
2015,1,Districte I,3,Sant Josep,122,12-15,15,19,34
1998,2,Districte II,5,Collblanc,208,12-15,24,34,58
2007,3,Districte III,6,Santa Eulàlia,310,50-64,83,103,186
2004,2,Districte II,5,Collblanc,204,18-24,27,31,58
2011,1,Districte I,1,Centre,105,35-49,141,127,268
2010,4,Districte IV,7,la Florida,432,65-74,71,66,137
1997,1,Districte I,1,Centre,108,00-02,16,10,26
2002,6,Districte VI,12,Bellvitge,603,16-17,4,6,10
2016,1,Districte I,1,Centre,124,12-15,16,11,27
2015,5,Districte V,10,Pubilla Cases,524,16-17,12,15,27
1996,1,Districte I,3,Sant Josep,106,03-11,81,86,167
2011,3,Districte III,6,Santa Eulàlia,317,00-02,17,25,42
2007,5,Districte V,10,Pubilla Cases,538,75 i +,76,42,118
2006,3,Districte III,6,Santa Eulàlia,325,75 i +,162,83,245
2013,4,Districte IV,7,la Florida,409,25-34,152,143,295
1994,4,Districte IV,8,les Planes,441,18-24,102,143,245
2007,6,Districte VI,12,Bellvitge,624,25-34,94,111,205
2008,6,Districte VI,11,el Gornal,629,03-11,27,15,42
2006,2,Districte II,4,la Torrassa,218,00-02,7,9,16
2008,4,Districte IV,8,les Planes,401,25-34,96,91,187
2012,2,Districte II,5,Collblanc,221,16-17,9,14,23
2004,5,Districte V,10,Pubilla Cases,529,25-34,124,133,257
2009,5,Districte V,10,Pubilla Cases,538,50-64,99,83,182
2001,6,Districte VI,11,el Gornal,608,50-64,89,63,152
1995,2,Districte II,5,Collblanc,206,50-64,107,94,201
2009,6,Districte VI,11,el Gornal,608,00-02,10,8,18
2013,3,Districte III,6,Santa Eulàlia,303,75 i +,125,112,237
1994,6,Districte VI,12,Bellvitge,615,16-17,26,22,48
2009,3,Districte III,6,Santa Eulàlia,321,75 i +,112,56,168
1995,3,Districte III,6,Santa Eulàlia,305,65-74,85,55,140
2008,4,Districte IV,8,les Planes,437,12-15,16,19,35
2002,6,Districte VI,11,el Gornal,629,65-74,44,43,87
2004,4,Districte IV,8,les Planes,433,03-11,49,56,105
2009,4,Districte IV,7,la Florida,411,12-15,15,16,31
2002,5,Districte V,10,Pubilla Cases,532,18-24,73,67,140
2013,4,Districte IV,7,la Florida,410,75 i +,152,107,259
1996,6,Districte VI,12,Bellvitge,624,00-02,10,10,20
2015,2,Districte II,4,la Torrassa,228,16-17,27,23,50
2005,3,Districte III,6,Santa Eulàlia,318,35-49,119,109,228
1997,5,Districte V,10,Pubilla Cases,522,03-11,17,17,34
2016,2,Districte II,4,la Torrassa,228,35-49,290,321,611
2012,4,Districte IV,7,la Florida,405,50-64,50,62,112
2006,5,Districte V,10,Pubilla Cases,517,00-02,18,15,33
1998,2,Districte II,5,Collblanc,207,16-17,12,7,19
2006,2,Districte II,4,la Torrassa,228,65-74,46,41,87
1994,3,Districte III,6,Santa Eulàlia,323,75 i +,34,11,45
1994,6,Districte VI,12,Bellvitge,610,65-74,59,46,105
2014,4,Districte IV,8,les Planes,440,00-02,8,12,20
1997,4,Districte IV,7,la Florida,410,75 i +,58,42,100
1999,5,Districte V,9,Can Serra,502,16-17,18,16,34
1996,2,Districte II,4,la Torrassa,237,25-34,101,122,223
1997,5,Districte V,10,Pubilla Cases,538,50-64,157,117,274
2010,4,Districte IV,8,les Planes,437,12-15,18,12,30
2003,6,Districte VI,12,Bellvitge,614,75 i +,28,20,48
2003,1,Districte I,3,Sant Josep,119,35-49,127,118,245
2009,6,Districte VI,12,Bellvitge,601,00-02,19,23,42
1995,6,Districte VI,12,Bellvitge,618,50-64,68,80,148
2010,4,Districte IV,7,la Florida,411,12-15,14,18,32
2004,4,Districte IV,8,les Planes,420,12-15,21,19,40
2004,1,Districte I,3,Sant Josep,120,75 i +,60,26,86
2016,5,Districte V,10,Pubilla Cases,538,00-02,17,13,30
2006,2,Districte II,4,la Torrassa,237,16-17,7,7,14
1995,1,Districte I,1,Centre,104,12-15,13,13,26
2012,5,Districte V,10,Pubilla Cases,538,03-11,56,53,109
2002,6,Districte VI,12,Bellvitge,627,75 i +,26,16,42
1998,3,Districte III,6,Santa Eulàlia,306,65-74,106,83,189
2016,5,Districte V,9,Can Serra,521,65-74,106,100,206
2007,6,Districte VI,12,Bellvitge,611,00-02,23,40,63
1998,5,Districte V,10,Pubilla Cases,537,35-49,107,105,212
2000,4,Districte IV,7,la Florida,413,18-24,22,21,43
2013,5,Districte V,10,Pubilla Cases,525,50-64,68,68,136
2015,2,Districte II,5,Collblanc,209,75 i +,81,54,135
2007,2,Districte II,5,Collblanc,209,00-02,10,19,29
1997,4,Districte IV,7,la Florida,431,75 i +,63,39,102
2010,5,Districte V,9,Can Serra,502,35-49,172,200,372
2014,6,Districte VI,12,Bellvitge,601,75 i +,138,98,236
2014,1,Districte I,1,Centre,110,75 i +,77,36,113
2016,3,Districte III,6,Santa Eulàlia,320,12-15,2,2,4
2016,5,Districte V,10,Pubilla Cases,530,18-24,57,66,123
2006,6,Districte VI,11,el Gornal,629,00-02,12,7,19
2006,1,Districte I,3,Sant Josep,121,03-11,30,32,62
2007,2,Districte II,4,la Torrassa,228,50-64,51,49,100
2004,3,Districte III,6,Santa Eulàlia,308,00-02,26,39,65
2015,1,Districte I,1,Centre,103,65-74,34,34,68
1994,1,Districte I,3,Sant Josep,122,03-11,24,22,46
2011,1,Districte I,3,Sant Josep,121,25-34,80,55,135
2002,1,Districte I,3,Sant Josep,139,25-34,90,93,183
2009,6,Districte VI,12,Bellvitge,630,35-49,82,97,179
2011,1,Districte I,1,Centre,133,18-24,22,27,49
2006,3,Districte III,6,Santa Eulàlia,323,03-11,138,140,278
1995,3,Districte III,6,Santa Eulàlia,306,00-02,16,13,29
2010,2,Districte II,4,la Torrassa,242,16-17,6,2,8
2003,6,Districte VI,12,Bellvitge,612,25-34,104,127,231
2003,2,Districte II,5,Collblanc,216,75 i +,60,39,99
1994,1,Districte I,1,Centre,111,00-02,19,7,26
2015,3,Districte III,6,Santa Eulàlia,324,50-64,66,74,140
2005,6,Districte VI,12,Bellvitge,630,18-24,53,39,92
2016,4,Districte IV,7,la Florida,412,65-74,118,91,209
2009,5,Districte V,10,Pubilla Cases,522,50-64,66,58,124
1994,4,Districte IV,8,les Planes,437,16-17,11,12,23
1994,3,Districte III,6,Santa Eulàlia,306,25-34,112,124,236
2014,3,Districte III,6,Santa Eulàlia,317,12-15,16,19,35
2004,3,Districte III,6,Santa Eulàlia,301,25-34,296,288,584
2003,4,Districte IV,7,la Florida,405,18-24,37,32,69
2009,1,Districte I,1,Centre,112,35-49,191,161,352
1995,5,Districte V,10,Pubilla Cases,532,65-74,84,74,158
2007,2,Districte II,4,la Torrassa,239,25-34,123,116,239
2009,2,Districte II,4,la Torrassa,234,00-02,10,17,27
2016,3,Districte III,6,Santa Eulàlia,327,16-17,7,11,18
2004,6,Districte VI,12,Bellvitge,625,25-34,106,100,206
2007,5,Districte V,10,Pubilla Cases,519,03-11,28,40,68
1994,4,Districte IV,7,la Florida,405,00-02,5,13,18
2011,5,Districte V,10,Pubilla Cases,527,25-34,123,109,232
2000,6,Districte VI,12,Bellvitge,624,16-17,17,13,30
2015,6,Districte VI,12,Bellvitge,625,25-34,61,81,142
2013,2,Districte II,5,Collblanc,213,50-64,81,77,158
2004,4,Districte IV,7,la Florida,416,50-64,56,53,109
2007,3,Districte III,6,Santa Eulàlia,316,75 i +,72,31,103
2001,2,Districte II,5,Collblanc,206,50-64,73,64,137
2015,6,Districte VI,12,Bellvitge,611,75 i +,101,84,185
2016,1,Districte I,1,Centre,111,12-15,10,21,31
1998,3,Districte III,6,Santa Eulàlia,323,00-02,37,26,63
1994,5,Districte V,10,Pubilla Cases,522,03-11,35,29,64
2016,4,Districte IV,8,les Planes,437,18-24,60,62,122
2005,2,Districte II,4,la Torrassa,233,25-34,81,108,189
2007,4,Districte IV,8,les Planes,434,75 i +,58,24,82
2000,5,Districte V,10,Pubilla Cases,536,35-49,73,79,152
1997,1,Districte I,1,Centre,108,50-64,111,98,209
2015,4,Districte IV,7,la Florida,430,00-02,22,14,36
2002,1,Districte I,2,Sanfeliu,129,65-74,46,50,96
2008,2,Districte II,5,Collblanc,227,12-15,12,7,19
1995,5,Districte V,10,Pubilla Cases,522,03-11,32,23,55
2009,1,Districte I,3,Sant Josep,117,18-24,82,67,149
2008,5,Districte V,9,Can Serra,504,16-17,7,6,13
2003,4,Districte IV,8,les Planes,442,16-17,6,8,14
1998,1,Districte I,2,Sanfeliu,132,25-34,169,175,344
2003,2,Districte II,4,la Torrassa,233,75 i +,64,23,87
2003,1,Districte I,1,Centre,124,35-49,101,82,183
1998,1,Districte I,3,Sant Josep,122,18-24,50,51,101
2016,4,Districte IV,8,les Planes,419,35-49,231,328,559
1995,2,Districte II,5,Collblanc,204,03-11,13,20,33
1998,5,Districte V,10,Pubilla Cases,533,12-15,13,17,30
2000,2,Districte II,5,Collblanc,202,18-24,37,40,77
1999,1,Districte I,3,Sant Josep,140,16-17,6,7,13
2009,6,Districte VI,12,Bellvitge,630,65-74,48,43,91
2009,2,Districte II,5,Collblanc,202,03-11,31,33,64
2008,1,Districte I,2,Sanfeliu,129,18-24,38,41,79
2009,5,Districte V,10,Pubilla Cases,518,65-74,75,51,126
2000,1,Districte I,3,Sant Josep,125,35-49,132,110,242
1996,5,Districte V,9,Can Serra,505,65-74,48,44,92
2015,2,Districte II,5,Collblanc,220,00-02,24,19,43
2001,6,Districte VI,12,Bellvitge,611,25-34,177,198,375
2012,2,Districte II,5,Collblanc,225,16-17,4,2,6
2002,2,Districte II,4,la Torrassa,235,18-24,48,62,110
2001,3,Districte III,6,Santa Eulàlia,318,35-49,129,128,257
2004,6,Districte VI,12,Bellvitge,605,03-11,11,20,31
2006,4,Districte IV,7,la Florida,425,75 i +,58,40,98
2011,2,Districte II,4,la Torrassa,231,75 i +,84,51,135
2000,2,Districte II,4,la Torrassa,218,65-74,40,30,70
2008,3,Districte III,6,Santa Eulàlia,310,25-34,98,93,191
2005,4,Districte IV,7,la Florida,424,12-15,9,13,22
2012,1,Districte I,3,Sant Josep,115,12-15,17,22,39
1998,2,Districte II,4,la Torrassa,211,35-49,96,105,201
2011,5,Districte V,9,Can Serra,504,35-49,117,121,238
2015,5,Districte V,9,Can Serra,506,18-24,63,68,131
2005,1,Districte I,3,Sant Josep,138,00-02,7,9,16
2008,2,Districte II,5,Collblanc,203,18-24,37,35,72
1999,1,Districte I,1,Centre,134,16-17,8,15,23
1994,2,Districte II,4,la Torrassa,235,75 i +,64,36,100
1995,4,Districte IV,7,la Florida,431,12-15,36,42,78
1999,6,Districte VI,12,Bellvitge,628,16-17,19,20,39
2000,2,Districte II,4,la Torrassa,237,65-74,90,62,152
2008,3,Districte III,6,Santa Eulàlia,317,16-17,10,12,22
1998,3,Districte III,6,Santa Eulàlia,310,18-24,49,55,104
2003,2,Districte II,5,Collblanc,214,35-49,74,72,146
2005,4,Districte IV,7,la Florida,417,16-17,5,5,10
2003,1,Districte I,2,Sanfeliu,118,50-64,189,210,399
2001,6,Districte VI,11,el Gornal,608,18-24,50,53,103
2008,2,Districte II,5,Collblanc,207,12-15,7,12,19
1999,3,Districte III,6,Santa Eulàlia,316,25-34,97,95,192
2008,5,Districte V,10,Pubilla Cases,524,03-11,59,60,119
1994,5,Districte V,9,Can Serra,535,65-74,40,31,71
1994,5,Districte V,10,Pubilla Cases,538,50-64,167,154,321
2002,4,Districte IV,7,la Florida,412,35-49,179,177,356
2009,1,Districte I,2,Sanfeliu,116,50-64,169,142,311
1998,6,Districte VI,11,el Gornal,622,75 i +,33,12,45
2006,6,Districte VI,12,Bellvitge,628,00-02,12,13,25
2003,4,Districte IV,8,les Planes,418,75 i +,69,40,109
2016,1,Districte I,1,Centre,109,12-15,17,14,31
2004,5,Districte V,9,Can Serra,521,12-15,12,12,24
2007,5,Districte V,10,Pubilla Cases,522,03-11,39,43,82
2010,2,Districte II,5,Collblanc,219,12-15,26,25,51
1996,3,Districte III,6,Santa Eulàlia,323,03-11,119,118,237
1997,2,Districte II,4,la Torrassa,245,65-74,65,53,118
2007,5,Districte V,10,Pubilla Cases,530,50-64,107,83,190
2015,4,Districte IV,7,la Florida,407,18-24,40,25,65
2004,2,Districte II,4,la Torrassa,237,65-74,85,67,152
1998,4,Districte IV,7,la Florida,411,12-15,19,13,32
1994,2,Districte II,5,Collblanc,205,18-24,46,42,88
2011,5,Districte V,10,Pubilla Cases,517,03-11,59,64,123
1999,4,Districte IV,7,la Florida,415,35-49,64,70,134
2015,4,Districte IV,7,la Florida,407,50-64,84,76,160
2010,2,Districte II,5,Collblanc,215,18-24,46,44,90
2013,5,Districte V,10,Pubilla Cases,523,12-15,15,20,35
2010,6,Districte VI,12,Bellvitge,625,25-34,87,113,200
2000,2,Districte II,4,la Torrassa,230,03-11,25,27,52
2012,3,Districte III,6,Santa Eulàlia,321,16-17,13,14,27
1995,2,Districte II,5,Collblanc,244,50-64,63,47,110
1997,2,Districte II,5,Collblanc,244,25-34,49,60,109
2007,1,Districte I,1,Centre,111,00-02,9,10,19
2015,3,Districte III,6,Santa Eulàlia,323,03-11,75,100,175
1994,1,Districte I,1,Centre,111,75 i +,32,17,49
2009,5,Districte V,10,Pubilla Cases,517,35-49,154,204,358
1997,4,Districte IV,7,la Florida,417,35-49,55,60,115
1995,4,Districte IV,8,les Planes,418,16-17,17,10,27
2001,5,Districte V,10,Pubilla Cases,538,25-34,98,115,213
2012,6,Districte VI,12,Bellvitge,611,65-74,131,105,236
2016,1,Districte I,3,Sant Josep,139,25-34,50,60,110
2016,6,Districte VI,12,Bellvitge,607,18-24,29,42,71
2014,1,Districte I,2,Sanfeliu,129,03-11,43,50,93
2004,2,Districte II,5,Collblanc,221,00-02,5,13,18
2007,4,Districte IV,7,la Florida,423,75 i +,65,38,103
2012,3,Districte III,6,Santa Eulàlia,317,00-02,21,20,41
2008,2,Districte II,5,Collblanc,210,50-64,90,86,176
2015,6,Districte VI,12,Bellvitge,606,03-11,50,46,96
2002,3,Districte III,6,Santa Eulàlia,325,16-17,9,12,21
2007,1,Districte I,1,Centre,109,12-15,13,16,29
2016,3,Districte III,6,Santa Eulàlia,320,75 i +,1,3,4
1996,1,Districte I,1,Centre,133,35-49,99,87,186
1994,5,Districte V,9,Can Serra,504,12-15,18,33,51
1999,6,Districte VI,12,Bellvitge,601,65-74,57,66,123
1997,6,Districte VI,12,Bellvitge,603,18-24,45,59,104
1996,3,Districte III,6,Santa Eulàlia,316,00-02,14,19,33
1997,5,Districte V,10,Pubilla Cases,530,75 i +,62,30,92
2013,5,Districte V,9,Can Serra,501,25-34,55,56,111
2010,6,Districte VI,12,Bellvitge,625,18-24,51,58,109
1997,2,Districte II,4,la Torrassa,232,75 i +,63,27,90
1997,6,Districte VI,12,Bellvitge,602,25-34,71,94,165
1997,1,Districte I,3,Sant Josep,126,03-11,30,27,57
2004,2,Districte II,5,Collblanc,213,35-49,107,114,221
2007,5,Districte V,9,Can Serra,503,50-64,118,102,220
2009,1,Districte I,1,Centre,123,75 i +,83,60,143
1999,4,Districte IV,7,la Florida,414,12-15,12,21,33
1995,4,Districte IV,7,la Florida,406,00-02,15,15,30
2004,5,Districte V,9,Can Serra,501,50-64,167,179,346
2000,6,Districte VI,12,Bellvitge,610,00-02,6,12,18
2002,6,Districte VI,12,Bellvitge,610,03-11,29,36,65
2000,4,Districte IV,8,les Planes,434,16-17,8,11,19
2014,3,Districte III,6,Santa Eulàlia,327,00-02,6,12,18
2003,2,Districte II,4,la Torrassa,229,75 i +,53,23,76
2001,1,Districte I,1,Centre,104,50-64,63,72,135
2010,3,Districte III,6,Santa Eulàlia,301,16-17,20,24,44
2012,4,Districte IV,8,les Planes,438,65-74,61,44,105
2012,2,Districte II,5,Collblanc,222,65-74,38,40,78
2007,6,Districte VI,12,Bellvitge,603,00-02,7,8,15
2003,2,Districte II,5,Collblanc,210,65-74,87,62,149
1996,5,Districte V,10,Pubilla Cases,522,65-74,43,36,79
1999,3,Districte III,6,Santa Eulàlia,320,12-15,7,9,16
1995,1,Districte I,2,Sanfeliu,116,35-49,193,172,365
2004,5,Districte V,10,Pubilla Cases,527,35-49,133,144,277
1996,4,Districte IV,7,la Florida,412,03-11,62,57,119
2013,5,Districte V,9,Can Serra,535,03-11,32,37,69
1998,1,Districte I,1,Centre,112,03-11,58,64,122
2007,6,Districte VI,12,Bellvitge,613,75 i +,57,33,90
2013,2,Districte II,5,Collblanc,205,50-64,102,97,199
2005,5,Districte V,9,Can Serra,521,18-24,44,32,76
2007,3,Districte III,6,Santa Eulàlia,309,12-15,13,15,28
2010,2,Districte II,5,Collblanc,221,35-49,134,139,273
2013,6,Districte VI,11,el Gornal,617,25-34,37,50,87
2009,2,Districte II,4,la Torrassa,211,00-02,26,22,48
1999,2,Districte II,4,la Torrassa,231,25-34,95,71,166
1994,6,Districte VI,11,el Gornal,608,12-15,34,27,61
2009,3,Districte III,6,Santa Eulàlia,323,00-02,44,49,93
2008,3,Districte III,6,Santa Eulàlia,320,12-15,15,11,26
1999,2,Districte II,4,la Torrassa,236,16-17,13,12,25
2002,3,Districte III,6,Santa Eulàlia,317,35-49,91,111,202
1996,5,Districte V,10,Pubilla Cases,511,00-02,5,11,16
2001,5,Districte V,10,Pubilla Cases,536,03-11,28,23,51
2014,5,Districte V,10,Pubilla Cases,514,03-11,59,66,125
2003,2,Districte II,4,la Torrassa,249,18-24,43,43,86
2013,6,Districte VI,12,Bellvitge,627,12-15,18,6,24
2009,4,Districte IV,8,les Planes,419,75 i +,40,29,69
2009,4,Districte IV,7,la Florida,426,18-24,36,49,85
2001,5,Districte V,10,Pubilla Cases,517,50-64,88,79,167
2010,2,Districte II,5,Collblanc,203,18-24,38,40,78
1995,2,Districte II,5,Collblanc,213,03-11,33,41,74
2013,6,Districte VI,12,Bellvitge,619,03-11,45,42,87
2009,5,Districte V,10,Pubilla Cases,520,03-11,32,42,74
1996,2,Districte II,4,la Torrassa,217,35-49,53,54,107
2008,6,Districte VI,11,el Gornal,617,16-17,11,8,19
2007,5,Districte V,10,Pubilla Cases,515,65-74,31,25,56
2008,6,Districte VI,12,Bellvitge,615,12-15,10,13,23
2012,5,Districte V,9,Can Serra,505,18-24,32,23,55
2011,2,Districte II,5,Collblanc,216,25-34,105,102,207
2008,1,Districte I,1,Centre,108,00-02,21,19,40
2015,3,Districte III,6,Santa Eulàlia,306,65-74,76,65,141
2005,3,Districte III,6,Santa Eulàlia,318,00-02,9,15,24
2007,1,Districte I,1,Centre,103,65-74,49,36,85
1994,5,Districte V,10,Pubilla Cases,537,16-17,19,21,40
2002,5,Districte V,10,Pubilla Cases,508,35-49,51,79,130
1997,2,Districte II,4,la Torrassa,231,50-64,101,98,199
2011,2,Districte II,4,la Torrassa,217,50-64,44,60,104
1994,6,Districte VI,12,Bellvitge,607,65-74,46,43,89
1998,1,Districte I,3,Sant Josep,114,25-34,149,158,307
1994,6,Districte VI,12,Bellvitge,619,12-15,55,54,109
1994,6,Districte VI,12,Bellvitge,621,18-24,141,182,323
2009,1,Districte I,3,Sant Josep,138,18-24,31,46,77
2014,6,Districte VI,12,Bellvitge,618,18-24,38,37,75
2015,3,Districte III,6,Santa Eulàlia,318,16-17,9,7,16
2010,5,Districte V,9,Can Serra,501,00-02,12,15,27
2012,4,Districte IV,7,la Florida,409,03-11,25,28,53
1999,4,Districte IV,7,la Florida,416,12-15,8,7,15
2003,5,Districte V,10,Pubilla Cases,517,18-24,59,53,112
2000,5,Districte V,9,Can Serra,501,50-64,149,180,329
2001,6,Districte VI,12,Bellvitge,623,00-02,15,19,34
2014,1,Districte I,3,Sant Josep,140,12-15,17,16,33
2000,1,Districte I,3,Sant Josep,120,75 i +,48,26,74
2013,1,Districte I,3,Sant Josep,127,00-02,13,8,21
2004,1,Districte I,2,Sanfeliu,132,12-15,35,44,79
2006,1,Districte I,1,Centre,108,35-49,162,145,307
2012,4,Districte IV,7,la Florida,410,35-49,173,160,333
2009,6,Districte VI,11,el Gornal,629,18-24,21,14,35
2010,2,Districte II,4,la Torrassa,240,50-64,56,39,95
2013,6,Districte VI,12,Bellvitge,630,18-24,22,20,42
2000,6,Districte VI,12,Bellvitge,627,75 i +,23,13,36
2009,1,Districte I,3,Sant Josep,119,03-11,37,42,79
2008,5,Districte V,10,Pubilla Cases,518,03-11,53,43,96
1996,5,Districte V,10,Pubilla Cases,514,18-24,46,42,88
2015,1,Districte I,1,Centre,107,00-02,24,16,40
2014,2,Districte II,5,Collblanc,224,65-74,52,40,92
2012,2,Districte II,4,la Torrassa,236,00-02,11,19,30
2014,5,Districte V,9,Can Serra,505,16-17,1,5,6
2010,2,Districte II,4,la Torrassa,249,18-24,41,47,88
2014,1,Districte I,1,Centre,108,00-02,20,26,46
2010,4,Districte IV,8,les Planes,434,12-15,16,16,32
2010,2,Districte II,4,la Torrassa,246,16-17,13,8,21
2013,5,Districte V,10,Pubilla Cases,531,75 i +,48,36,84
2002,3,Districte III,6,Santa Eulàlia,304,03-11,33,43,76
2004,4,Districte IV,7,la Florida,416,75 i +,43,27,70
2009,6,Districte VI,12,Bellvitge,602,75 i +,27,22,49
2006,6,Districte VI,12,Bellvitge,627,12-15,5,18,23
2009,4,Districte IV,7,la Florida,407,16-17,6,11,17
2002,2,Districte II,4,la Torrassa,238,18-24,29,35,64
2004,2,Districte II,4,la Torrassa,217,12-15,8,8,16
1999,5,Districte V,9,Can Serra,503,25-34,64,54,118
1999,6,Districte VI,11,el Gornal,629,00-02,6,7,13
2002,3,Districte III,6,Santa Eulàlia,314,65-74,67,66,133
2015,2,Districte II,5,Collblanc,205,16-17,8,8,16
2009,6,Districte VI,12,Bellvitge,619,00-02,17,16,33
2004,5,Districte V,9,Can Serra,505,16-17,10,7,17
2000,1,Districte I,2,Sanfeliu,118,00-02,20,28,48
2000,2,Districte II,4,la Torrassa,246,16-17,9,6,15
1999,2,Districte II,5,Collblanc,207,25-34,45,37,82
2014,3,Districte III,6,Santa Eulàlia,321,65-74,141,138,279
1996,2,Districte II,5,Collblanc,214,50-64,77,65,142
2008,5,Districte V,10,Pubilla Cases,530,35-49,163,167,330
2005,2,Districte II,5,Collblanc,212,00-02,22,21,43
2014,1,Districte I,3,Sant Josep,136,50-64,106,99,205
2000,1,Districte I,1,Centre,111,25-34,75,109,184
2001,1,Districte I,1,Centre,133,25-34,81,97,178
2010,2,Districte II,5,Collblanc,212,12-15,24,34,58
2015,2,Districte II,4,la Torrassa,237,50-64,111,107,218
2011,5,Districte V,10,Pubilla Cases,512,75 i +,49,35,84
1998,2,Districte II,4,la Torrassa,240,18-24,26,24,50
2010,3,Districte III,6,Santa Eulàlia,323,12-15,60,60,120
1998,6,Districte VI,12,Bellvitge,613,25-34,152,165,317
2010,5,Districte V,10,Pubilla Cases,527,75 i +,56,32,88
2004,4,Districte IV,7,la Florida,428,12-15,13,10,23
2000,6,Districte VI,12,Bellvitge,625,12-15,26,52,78
2005,4,Districte IV,7,la Florida,427,00-02,16,19,35
1994,4,Districte IV,8,les Planes,420,03-11,35,46,81
2011,4,Districte IV,8,les Planes,441,03-11,78,78,156
2009,1,Districte I,1,Centre,131,16-17,13,14,27
2010,4,Districte IV,7,la Florida,410,25-34,136,127,263
1994,6,Districte VI,11,el Gornal,622,75 i +,30,15,45
2009,2,Districte II,5,Collblanc,202,12-15,11,13,24
2011,1,Districte I,1,Centre,110,12-15,9,14,23
2013,1,Districte I,1,Centre,123,16-17,10,9,19
1994,2,Districte II,4,la Torrassa,232,50-64,106,98,204
1999,3,Districte III,6,Santa Eulàlia,310,75 i +,27,15,42
2011,5,Districte V,10,Pubilla Cases,515,25-34,50,65,115
2014,4,Districte IV,7,la Florida,416,50-64,110,102,212
1997,1,Districte I,2,Sanfeliu,129,18-24,100,72,172
2016,3,Districte III,6,Santa Eulàlia,302,12-15,16,14,30
1995,6,Districte VI,11,el Gornal,632,35-49,107,105,212
1994,1,Districte I,2,Sanfeliu,129,65-74,41,34,75
2012,4,Districte IV,8,les Planes,436,12-15,16,17,33
2006,1,Districte I,1,Centre,104,25-34,80,75,155
2001,1,Districte I,3,Sant Josep,120,16-17,23,19,42
2003,2,Districte II,5,Collblanc,209,65-74,69,54,123
2000,3,Districte III,6,Santa Eulàlia,324,65-74,55,40,95
2006,5,Districte V,9,Can Serra,535,35-49,99,94,193
2010,4,Districte IV,8,les Planes,440,12-15,16,14,30
2014,6,Districte VI,12,Bellvitge,609,65-74,85,78,163
2005,5,Districte V,10,Pubilla Cases,523,18-24,62,73,135
1997,3,Districte III,6,Santa Eulàlia,322,50-64,99,107,206
2007,4,Districte IV,7,la Florida,408,25-34,104,129,233
2015,4,Districte IV,8,les Planes,419,75 i +,114,81,195
1996,2,Districte II,5,Collblanc,205,12-15,19,19,38
2001,6,Districte VI,11,el Gornal,608,00-02,7,8,15
2009,4,Districte IV,7,la Florida,423,00-02,11,18,29
1997,5,Districte V,10,Pubilla Cases,529,50-64,138,142,280
2005,1,Districte I,1,Centre,133,75 i +,54,32,86
1995,6,Districte VI,12,Bellvitge,601,35-49,164,155,319
2015,6,Districte VI,12,Bellvitge,621,50-64,162,104,266
1995,2,Districte II,4,la Torrassa,236,00-02,9,3,12
2008,4,Districte IV,8,les Planes,436,03-11,40,59,99
1999,4,Districte IV,7,la Florida,424,25-34,30,59,89
2004,6,Districte VI,12,Bellvitge,625,75 i +,25,17,42
2003,1,Districte I,3,Sant Josep,125,12-15,30,24,54
2012,2,Districte II,4,la Torrassa,245,18-24,46,44,90
1998,4,Districte IV,8,les Planes,436,65-74,37,23,60
2003,2,Districte II,5,Collblanc,220,03-11,27,23,50
2007,6,Districte VI,12,Bellvitge,625,65-74,58,65,123
2016,6,Districte VI,12,Bellvitge,627,00-02,9,11,20
2003,4,Districte IV,8,les Planes,435,12-15,26,16,42
2015,4,Districte IV,7,la Florida,423,50-64,83,69,152
2002,2,Districte II,4,la Torrassa,228,35-49,53,62,115
2007,4,Districte IV,7,la Florida,428,65-74,27,17,44
2002,5,Districte V,10,Pubilla Cases,527,16-17,12,10,22
2016,4,Districte IV,7,la Florida,403,65-74,80,58,138
2000,3,Districte III,6,Santa Eulàlia,315,16-17,20,14,34
2007,3,Districte III,6,Santa Eulàlia,307,75 i +,80,57,137
2008,6,Districte VI,11,el Gornal,608,50-64,84,57,141
1994,5,Districte V,9,Can Serra,501,35-49,186,173,359
2010,4,Districte IV,7,la Florida,405,25-34,58,61,119
2011,1,Districte I,3,Sant Josep,125,16-17,9,14,23
2008,2,Districte II,4,la Torrassa,247,00-02,30,25,55
2010,1,Districte I,1,Centre,111,35-49,99,98,197
2007,5,Districte V,9,Can Serra,535,03-11,22,39,61
2005,1,Districte I,3,Sant Josep,117,12-15,38,27,65
2005,3,Districte III,6,Santa Eulàlia,310,50-64,82,94,176
2006,2,Districte II,5,Collblanc,214,35-49,81,108,189
2004,1,Districte I,1,Centre,104,65-74,64,38,102
2009,1,Districte I,3,Sant Josep,140,65-74,62,59,121
2000,4,Districte IV,7,la Florida,403,00-02,9,5,14
2008,5,Districte V,10,Pubilla Cases,530,16-17,7,9,16
1998,2,Districte II,4,la Torrassa,234,25-34,69,83,152
2003,4,Districte IV,7,la Florida,411,75 i +,63,50,113
2004,3,Districte III,6,Santa Eulàlia,323,35-49,377,358,735
2005,4,Districte IV,7,la Florida,423,25-34,97,117,214
2000,4,Districte IV,7,la Florida,414,16-17,7,13,20
2004,3,Districte III,6,Santa Eulàlia,313,65-74,87,79,166
1996,4,Districte IV,7,la Florida,414,50-64,97,106,203
2001,1,Districte I,1,Centre,133,65-74,58,39,97
1998,1,Districte I,2,Sanfeliu,118,00-02,17,22,39
2004,2,Districte II,5,Collblanc,223,75 i +,70,33,103
2015,2,Districte II,4,la Torrassa,239,18-24,36,36,72
2004,1,Districte I,2,Sanfeliu,129,03-11,39,33,72
2011,1,Districte I,1,Centre,107,16-17,4,11,15
1996,1,Districte I,1,Centre,103,65-74,40,37,77
2006,2,Districte II,5,Collblanc,216,75 i +,73,44,117
1995,4,Districte IV,8,les Planes,420,12-15,18,23,41
2012,5,Districte V,10,Pubilla Cases,523,50-64,87,103,190
2008,1,Districte I,1,Centre,112,75 i +,64,35,99
2011,4,Districte IV,7,la Florida,405,18-24,29,21,50
1998,4,Districte IV,7,la Florida,412,25-34,103,125,228
2007,1,Districte I,1,Centre,107,00-02,27,36,63
2007,3,Districte III,6,Santa Eulàlia,312,65-74,86,86,172
2003,2,Districte II,4,la Torrassa,237,75 i +,61,27,88
2012,5,Districte V,10,Pubilla Cases,529,00-02,19,20,39
2016,3,Districte III,6,Santa Eulàlia,301,65-74,136,110,246
1998,2,Districte II,4,la Torrassa,238,75 i +,57,30,87
2003,2,Districte II,4,la Torrassa,233,65-74,45,46,91
1997,3,Districte III,6,Santa Eulàlia,324,03-11,35,34,69
2011,4,Districte IV,7,la Florida,422,65-74,51,35,86
2004,5,Districte V,10,Pubilla Cases,526,65-74,30,35,65
2000,2,Districte II,4,la Torrassa,217,16-17,6,9,15
2015,4,Districte IV,7,la Florida,430,65-74,30,31,61
1997,5,Districte V,10,Pubilla Cases,528,65-74,66,54,120
2010,5,Districte V,10,Pubilla Cases,526,75 i +,36,21,57
2011,1,Districte I,2,Sanfeliu,118,18-24,68,59,127
2001,2,Districte II,4,la Torrassa,232,00-02,11,8,19
1999,5,Districte V,9,Can Serra,505,12-15,20,16,36
2003,1,Districte I,3,Sant Josep,125,35-49,150,144,294
2000,1,Districte I,1,Centre,113,75 i +,45,24,69
1994,6,Districte VI,12,Bellvitge,625,35-49,244,235,479
2012,5,Districte V,10,Pubilla Cases,515,16-17,5,7,12
2003,1,Districte I,1,Centre,112,50-64,158,155,313
2002,2,Districte II,4,la Torrassa,211,18-24,56,55,111
2001,2,Districte II,5,Collblanc,225,50-64,54,36,90
2014,1,Districte I,2,Sanfeliu,116,35-49,152,170,322
2016,3,Districte III,6,Santa Eulàlia,315,12-15,22,29,51
1996,4,Districte IV,7,la Florida,407,35-49,79,73,152
2002,2,Districte II,5,Collblanc,210,35-49,81,78,159
2002,2,Districte II,5,Collblanc,212,35-49,132,132,264
2012,6,Districte VI,12,Bellvitge,604,03-11,26,33,59
2011,2,Districte II,5,Collblanc,209,35-49,123,125,248
2004,1,Districte I,3,Sant Josep,114,03-11,49,56,105
2006,2,Districte II,5,Collblanc,216,65-74,74,61,135
1994,2,Districte II,5,Collblanc,244,18-24,39,28,67
1994,5,Districte V,10,Pubilla Cases,530,65-74,88,69,157
2003,5,Districte V,10,Pubilla Cases,538,00-02,7,27,34
2004,1,Districte I,1,Centre,133,35-49,97,96,193
2013,6,Districte VI,11,el Gornal,626,12-15,16,19,35
2013,2,Districte II,5,Collblanc,213,65-74,53,42,95
1997,2,Districte II,4,la Torrassa,242,12-15,11,14,25
1994,4,Districte IV,7,la Florida,431,18-24,88,85,173
1999,2,Districte II,5,Collblanc,215,75 i +,61,40,101
1995,2,Districte II,5,Collblanc,244,65-74,47,49,96
2003,3,Districte III,6,Santa Eulàlia,319,00-02,25,27,52
2005,6,Districte VI,12,Bellvitge,619,00-02,21,17,38
1994,6,Districte VI,12,Bellvitge,618,16-17,15,12,27
2001,6,Districte VI,12,Bellvitge,624,35-49,95,77,172
2001,3,Districte III,6,Santa Eulàlia,314,25-34,183,193,376
2004,1,Districte I,2,Sanfeliu,116,25-34,133,150,283
2008,2,Districte II,5,Collblanc,203,03-11,33,43,76
1997,1,Districte I,3,Sant Josep,115,00-02,16,13,29
1999,6,Districte VI,11,el Gornal,626,18-24,69,77,146
2008,1,Districte I,3,Sant Josep,114,12-15,20,27,47
1998,4,Districte IV,7,la Florida,411,18-24,68,69,137
1994,2,Districte II,4,la Torrassa,211,18-24,51,69,120
2002,6,Districte VI,12,Bellvitge,631,18-24,55,52,107
2009,6,Districte VI,11,el Gornal,616,65-74,79,76,155
2007,3,Districte III,6,Santa Eulàlia,311,25-34,105,140,245
2001,3,Districte III,6,Santa Eulàlia,311,65-74,89,72,161
2007,2,Districte II,4,la Torrassa,245,16-17,13,13,26
2002,3,Districte III,6,Santa Eulàlia,302,00-02,12,21,33
2015,1,Districte I,1,Centre,113,16-17,13,15,28
1995,6,Districte VI,12,Bellvitge,604,16-17,14,12,26
1999,4,Districte IV,7,la Florida,416,75 i +,26,16,42
1995,4,Districte IV,7,la Florida,407,75 i +,26,18,44
1994,2,Districte II,4,la Torrassa,230,00-02,5,4,9
2012,3,Districte III,6,Santa Eulàlia,313,16-17,12,12,24
2006,4,Districte IV,8,les Planes,418,16-17,15,14,29
1999,4,Districte IV,8,les Planes,418,00-02,12,11,23
2016,1,Districte I,1,Centre,103,50-64,67,66,133
2007,5,Districte V,10,Pubilla Cases,527,03-11,65,39,104
2012,3,Districte III,6,Santa Eulàlia,301,35-49,368,393,761
2005,1,Districte I,2,Sanfeliu,129,00-02,22,15,37
1996,2,Districte II,5,Collblanc,222,75 i +,31,20,51
2008,2,Districte II,4,la Torrassa,211,16-17,9,16,25
2015,5,Districte V,9,Can Serra,501,18-24,27,35,62
2001,2,Districte II,5,Collblanc,213,75 i +,37,26,63
2000,6,Districte VI,12,Bellvitge,615,16-17,9,1,10
1998,4,Districte IV,8,les Planes,435,00-02,6,13,19
2009,6,Districte VI,12,Bellvitge,625,65-74,69,55,124
1994,1,Districte I,3,Sant Josep,140,16-17,20,18,38
2012,6,Districte VI,11,el Gornal,622,25-34,58,51,109
2000,2,Districte II,4,la Torrassa,211,25-34,108,122,230
2000,2,Districte II,4,la Torrassa,236,03-11,36,26,62
2003,5,Districte V,9,Can Serra,502,03-11,48,48,96
2015,3,Districte III,6,Santa Eulàlia,302,75 i +,66,49,115
2015,3,Districte III,6,Santa Eulàlia,309,50-64,102,76,178
2009,2,Districte II,5,Collblanc,244,35-49,102,110,212
2010,6,Districte VI,11,el Gornal,616,03-11,109,151,260
1997,1,Districte I,1,Centre,101,12-15,35,33,68
2006,2,Districte II,5,Collblanc,219,00-02,18,18,36
1999,6,Districte VI,12,Bellvitge,614,65-74,47,42,89
1996,1,Districte I,1,Centre,103,12-15,25,18,43
1994,4,Districte IV,8,les Planes,401,25-34,86,104,190
1994,2,Districte II,4,la Torrassa,228,03-11,12,18,30
1994,4,Districte IV,8,les Planes,438,65-74,32,23,55
2008,4,Districte IV,7,la Florida,417,50-64,61,54,115
2008,1,Districte I,1,Centre,103,75 i +,42,22,64
2003,1,Districte I,3,Sant Josep,127,35-49,103,103,206
2013,1,Districte I,3,Sant Josep,117,03-11,63,83,146
2005,6,Districte VI,11,el Gornal,617,50-64,98,74,172
2012,2,Districte II,5,Collblanc,227,75 i +,52,37,89
2003,1,Districte I,2,Sanfeliu,118,75 i +,52,25,77
1998,6,Districte VI,12,Bellvitge,603,25-34,60,69,129
2004,2,Districte II,4,la Torrassa,242,03-11,27,28,55
1999,1,Districte I,1,Centre,133,50-64,89,83,172
2000,2,Districte II,5,Collblanc,207,35-49,76,64,140
1995,1,Districte I,1,Centre,105,00-02,17,11,28
2006,6,Districte VI,12,Bellvitge,621,65-74,48,55,103
2002,6,Districte VI,12,Bellvitge,612,35-49,72,76,148
2012,5,Districte V,10,Pubilla Cases,537,35-49,142,130,272
2005,6,Districte VI,11,el Gornal,617,18-24,36,40,76
2005,2,Districte II,5,Collblanc,203,03-11,27,37,64
1995,2,Districte II,4,la Torrassa,233,12-15,11,8,19
1995,6,Districte VI,12,Bellvitge,618,03-11,19,26,45
2000,1,Districte I,1,Centre,133,18-24,48,56,104
1996,1,Districte I,1,Centre,107,50-64,185,196,381
2000,4,Districte IV,8,les Planes,419,18-24,26,42,68
2003,2,Districte II,5,Collblanc,207,03-11,14,26,40
2005,1,Districte I,1,Centre,110,50-64,192,162,354
2001,2,Districte II,4,la Torrassa,242,00-02,6,10,16
1995,2,Districte II,5,Collblanc,226,00-02,10,6,16
2015,2,Districte II,5,Collblanc,223,25-34,99,91,190
2004,5,Districte V,10,Pubilla Cases,525,03-11,31,35,66
2005,5,Districte V,10,Pubilla Cases,537,03-11,47,42,89
2009,4,Districte IV,7,la Florida,412,03-11,64,41,105
1994,5,Districte V,10,Pubilla Cases,509,12-15,20,15,35
2000,1,Districte I,3,Sant Josep,138,03-11,20,34,54
2001,6,Districte VI,12,Bellvitge,601,25-34,116,135,251
1994,4,Districte IV,8,les Planes,420,00-02,14,11,25
2000,4,Districte IV,8,les Planes,437,00-02,16,4,20
2008,3,Districte III,6,Santa Eulàlia,309,00-02,18,19,37
2003,4,Districte IV,7,la Florida,411,50-64,114,92,206
2008,2,Districte II,4,la Torrassa,233,16-17,8,6,14
1997,6,Districte VI,12,Bellvitge,603,25-34,67,68,135
2003,5,Districte V,10,Pubilla Cases,525,03-11,26,28,54
2000,3,Districte III,6,Santa Eulàlia,307,00-02,11,7,18
1999,5,Districte V,9,Can Serra,506,18-24,175,155,330
2014,2,Districte II,4,la Torrassa,229,03-11,80,75,155
2003,2,Districte II,4,la Torrassa,246,65-74,69,56,125
2000,2,Districte II,4,la Torrassa,245,25-34,73,93,166
2016,6,Districte VI,12,Bellvitge,615,75 i +,53,54,107
2013,5,Districte V,10,Pubilla Cases,533,50-64,132,127,259
2009,3,Districte III,6,Santa Eulàlia,324,16-17,10,11,21
2006,6,Districte VI,12,Bellvitge,611,16-17,14,13,27
2001,5,Districte V,10,Pubilla Cases,522,00-02,5,9,14
1997,1,Districte I,3,Sant Josep,106,25-34,145,133,278
1994,5,Districte V,10,Pubilla Cases,519,12-15,5,19,24
2006,4,Districte IV,8,les Planes,434,18-24,28,32,60
2005,2,Districte II,4,la Torrassa,211,12-15,26,23,49
1999,4,Districte IV,7,la Florida,425,75 i +,47,23,70
1997,1,Districte I,1,Centre,135,65-74,60,54,114
2012,5,Districte V,9,Can Serra,504,00-02,15,15,30
2003,1,Districte I,3,Sant Josep,121,18-24,30,20,50
2008,3,Districte III,6,Santa Eulàlia,316,25-34,161,180,341
1994,2,Districte II,4,la Torrassa,232,25-34,75,75,150
1997,5,Districte V,10,Pubilla Cases,513,03-11,17,22,39
1995,1,Districte I,3,Sant Josep,138,18-24,58,58,116
2003,4,Districte IV,8,les Planes,429,03-11,14,20,34
2013,2,Districte II,4,la Torrassa,247,50-64,107,103,210
2004,2,Districte II,5,Collblanc,216,25-34,101,123,224
2002,2,Districte II,5,Collblanc,210,50-64,86,73,159
1994,5,Districte V,10,Pubilla Cases,508,18-24,43,38,81
2009,5,Districte V,10,Pubilla Cases,534,65-74,55,54,109
2000,5,Districte V,10,Pubilla Cases,534,75 i +,45,22,67
2010,4,Districte IV,8,les Planes,401,16-17,12,7,19
1999,1,Districte I,1,Centre,124,12-15,21,18,39
1997,5,Districte V,9,Can Serra,505,75 i +,43,29,72
1995,5,Districte V,10,Pubilla Cases,518,16-17,19,12,31
2008,4,Districte IV,7,la Florida,404,18-24,68,71,139
2011,2,Districte II,5,Collblanc,227,12-15,16,14,30
1995,5,Districte V,10,Pubilla Cases,515,16-17,6,10,16
2009,2,Districte II,4,la Torrassa,218,65-74,37,29,66
2005,4,Districte IV,7,la Florida,402,12-15,10,9,19
2006,6,Districte VI,11,el Gornal,632,18-24,37,49,86
1995,5,Districte V,10,Pubilla Cases,508,00-02,6,10,16
2005,6,Districte VI,12,Bellvitge,609,18-24,36,26,62
1997,4,Districte IV,8,les Planes,401,75 i +,34,13,47
2004,4,Districte IV,7,la Florida,410,50-64,191,164,355
1999,3,Districte III,6,Santa Eulàlia,308,16-17,17,13,30
2006,5,Districte V,9,Can Serra,535,25-34,68,87,155
2007,6,Districte VI,12,Bellvitge,623,18-24,46,50,96
2002,2,Districte II,4,la Torrassa,233,00-02,10,12,22
1995,2,Districte II,4,la Torrassa,236,35-49,95,84,179
1998,3,Districte III,6,Santa Eulàlia,318,35-49,136,136,272
2012,2,Districte II,4,la Torrassa,239,18-24,41,44,85
2014,6,Districte VI,12,Bellvitge,618,12-15,24,31,55
2007,5,Districte V,10,Pubilla Cases,522,16-17,6,6,12
1999,2,Districte II,5,Collblanc,219,75 i +,80,36,116
2005,2,Districte II,5,Collblanc,216,65-74,76,69,145
2016,1,Districte I,3,Sant Josep,122,50-64,56,50,106
2011,6,Districte VI,12,Bellvitge,623,25-34,90,105,195
1995,5,Districte V,10,Pubilla Cases,530,25-34,121,127,248
2007,2,Districte II,5,Collblanc,227,50-64,59,60,119
2014,1,Districte I,3,Sant Josep,126,16-17,8,10,18
1997,3,Districte III,6,Santa Eulàlia,302,12-15,26,32,58
2006,4,Districte IV,7,la Florida,409,12-15,10,8,18
2009,6,Districte VI,12,Bellvitge,610,18-24,39,38,77
1995,6,Districte VI,12,Bellvitge,607,65-74,55,47,102
2007,3,Districte III,6,Santa Eulàlia,325,00-02,20,20,40
2012,2,Districte II,5,Collblanc,213,00-02,9,9,18
2000,3,Districte III,6,Santa Eulàlia,311,00-02,19,14,33
1994,4,Districte IV,7,la Florida,424,16-17,13,12,25
2005,3,Districte III,6,Santa Eulàlia,322,50-64,99,95,194
2002,2,Districte II,4,la Torrassa,234,75 i +,70,36,106
2009,3,Districte III,6,Santa Eulàlia,304,65-74,71,50,121
1997,5,Districte V,10,Pubilla Cases,524,18-24,79,69,148
1999,2,Districte II,5,Collblanc,226,12-15,22,16,38
1998,1,Districte I,1,Centre,128,35-49,97,96,193
1995,4,Districte IV,8,les Planes,429,35-49,77,80,157
2012,4,Districte IV,7,la Florida,424,03-11,23,24,47
2000,2,Districte II,4,la Torrassa,231,35-49,97,104,201
1998,2,Districte II,5,Collblanc,244,16-17,7,4,11
2008,6,Districte VI,12,Bellvitge,603,50-64,63,43,106
2003,5,Districte V,10,Pubilla Cases,519,35-49,54,57,111
2001,1,Districte I,1,Centre,104,35-49,75,74,149
1998,6,Districte VI,12,Bellvitge,610,12-15,19,23,42
1994,5,Districte V,10,Pubilla Cases,534,00-02,6,8,14
2010,4,Districte IV,8,les Planes,439,65-74,60,38,98
1997,1,Districte I,1,Centre,112,65-74,55,47,102
2002,5,Districte V,10,Pubilla Cases,511,25-34,64,74,138
1997,5,Districte V,10,Pubilla Cases,530,65-74,104,69,173
2013,2,Districte II,5,Collblanc,221,12-15,33,33,66
2000,2,Districte II,4,la Torrassa,247,35-49,118,135,253
2008,3,Districte III,6,Santa Eulàlia,324,16-17,5,7,12
2000,2,Districte II,5,Collblanc,205,00-02,11,7,18
1995,1,Districte I,1,Centre,104,35-49,81,67,148
2014,3,Districte III,6,Santa Eulàlia,316,75 i +,75,40,115
2003,6,Districte VI,12,Bellvitge,624,65-74,46,43,89
2003,6,Districte VI,11,el Gornal,616,25-34,234,272,506
2006,5,Districte V,10,Pubilla Cases,529,75 i +,75,46,121
2014,4,Districte IV,8,les Planes,441,18-24,75,58,133
2010,2,Districte II,5,Collblanc,244,35-49,111,125,236
1997,2,Districte II,4,la Torrassa,247,16-17,12,9,21
2012,4,Districte IV,7,la Florida,432,25-34,85,89,174
2003,1,Districte I,1,Centre,112,16-17,17,15,32
2014,3,Districte III,6,Santa Eulàlia,318,65-74,42,36,78
1994,6,Districte VI,11,el Gornal,629,75 i +,21,6,27
2012,4,Districte IV,7,la Florida,426,25-34,89,95,184
2004,5,Districte V,10,Pubilla Cases,532,35-49,139,138,277
2006,1,Districte I,2,Sanfeliu,118,00-02,29,30,59
1996,6,Districte VI,12,Bellvitge,612,03-11,37,40,77
2015,4,Districte IV,8,les Planes,436,25-34,101,90,191
1996,1,Districte I,1,Centre,111,35-49,118,91,209
2004,6,Districte VI,12,Bellvitge,607,16-17,7,11,18
1995,3,Districte III,6,Santa Eulàlia,316,00-02,14,18,32
2001,3,Districte III,6,Santa Eulàlia,306,65-74,97,83,180
1997,4,Districte IV,7,la Florida,425,16-17,11,5,16
2012,6,Districte VI,11,el Gornal,617,50-64,83,80,163
2006,2,Districte II,4,la Torrassa,249,75 i +,65,51,116
2016,4,Districte IV,7,la Florida,432,35-49,132,144,276
1997,5,Districte V,10,Pubilla Cases,511,00-02,6,9,15
2003,6,Districte VI,12,Bellvitge,612,00-02,14,16,30
2015,3,Districte III,6,Santa Eulàlia,316,16-17,14,13,27
1998,1,Districte I,1,Centre,104,18-24,35,38,73
2009,1,Districte I,3,Sant Josep,138,75 i +,35,27,62
2008,1,Districte I,1,Centre,108,65-74,69,42,111
2006,4,Districte IV,8,les Planes,433,12-15,21,26,47
2002,1,Districte I,1,Centre,128,12-15,15,26,41
1999,5,Districte V,10,Pubilla Cases,530,75 i +,64,28,92
1997,3,Districte III,6,Santa Eulàlia,323,16-17,52,56,108
2001,2,Districte II,5,Collblanc,207,50-64,59,53,112
1994,5,Districte V,10,Pubilla Cases,528,25-34,90,109,199
2002,6,Districte VI,12,Bellvitge,624,35-49,84,92,176
1999,2,Districte II,4,la Torrassa,231,65-74,80,71,151
1997,4,Districte IV,7,la Florida,415,03-11,19,21,40
2012,4,Districte IV,7,la Florida,428,65-74,14,12,26
1995,4,Districte IV,8,les Planes,437,03-11,29,34,63
2007,6,Districte VI,12,Bellvitge,623,50-64,203,169,372
2011,1,Districte I,3,Sant Josep,125,00-02,24,30,54
1999,5,Districte V,10,Pubilla Cases,522,03-11,22,16,38
2005,2,Districte II,5,Collblanc,226,00-02,9,15,24
1997,3,Districte III,6,Santa Eulàlia,303,00-02,12,21,33
2006,2,Districte II,5,Collblanc,206,75 i +,69,40,109
2003,4,Districte IV,8,les Planes,439,75 i +,44,23,67
2011,4,Districte IV,8,les Planes,436,18-24,34,43,77
2012,5,Districte V,9,Can Serra,504,03-11,28,35,63
2001,5,Districte V,9,Can Serra,505,12-15,14,11,25
2007,1,Districte I,3,Sant Josep,127,25-34,58,70,128
2004,1,Districte I,2,Sanfeliu,129,12-15,16,18,34
2000,6,Districte VI,11,el Gornal,629,25-34,48,60,108
2001,2,Districte II,4,la Torrassa,236,03-11,34,28,62
1996,5,Districte V,10,Pubilla Cases,526,65-74,41,26,67
1994,5,Districte V,9,Can Serra,505,16-17,32,34,66
2000,5,Districte V,10,Pubilla Cases,519,25-34,60,54,114
1995,2,Districte II,5,Collblanc,226,50-64,109,90,199
2004,1,Districte I,1,Centre,110,35-49,115,91,206
1999,4,Districte IV,8,les Planes,436,12-15,10,15,25
2014,3,Districte III,6,Santa Eulàlia,301,75 i +,144,97,241
1999,4,Districte IV,7,la Florida,411,12-15,12,9,21
2015,3,Districte III,6,Santa Eulàlia,327,03-11,47,63,110
1999,2,Districte II,4,la Torrassa,237,65-74,86,65,151
2003,6,Districte VI,11,el Gornal,617,18-24,41,48,89
1995,2,Districte II,4,la Torrassa,248,03-11,36,35,71
1996,1,Districte I,1,Centre,108,03-11,49,43,92
2000,6,Districte VI,12,Bellvitge,615,25-34,93,133,226
1996,3,Districte III,6,Santa Eulàlia,325,65-74,122,95,217
2011,5,Districte V,10,Pubilla Cases,531,00-02,12,12,24
2009,1,Districte I,1,Centre,130,18-24,29,36,65
2009,5,Districte V,9,Can Serra,535,65-74,72,84,156
2010,1,Districte I,1,Centre,101,00-02,36,37,73
2001,2,Districte II,4,la Torrassa,246,12-15,7,18,25
2008,5,Districte V,10,Pubilla Cases,518,35-49,146,141,287
2014,1,Districte I,3,Sant Josep,136,03-11,62,52,114
2009,2,Districte II,5,Collblanc,208,50-64,183,145,328
2011,4,Districte IV,8,les Planes,429,50-64,69,68,137
2009,3,Districte III,6,Santa Eulàlia,322,35-49,157,158,315
2013,5,Districte V,10,Pubilla Cases,531,50-64,81,79,160
2006,5,Districte V,10,Pubilla Cases,531,00-02,13,10,23
2000,4,Districte IV,7,la Florida,427,65-74,77,57,134
2013,6,Districte VI,12,Bellvitge,601,00-02,25,27,52
2001,3,Districte III,6,Santa Eulàlia,306,25-34,117,115,232
2002,3,Districte III,6,Santa Eulàlia,317,50-64,68,67,135
2000,3,Districte III,6,Santa Eulàlia,301,65-74,111,106,217
1996,4,Districte IV,8,les Planes,429,50-64,68,47,115
2004,5,Districte V,9,Can Serra,501,25-34,95,130,225
2015,6,Districte VI,12,Bellvitge,602,65-74,92,62,154
2015,2,Districte II,5,Collblanc,226,16-17,11,10,21
2007,2,Districte II,4,la Torrassa,246,00-02,15,24,39
1999,5,Districte V,10,Pubilla Cases,536,16-17,5,5,10
2016,3,Districte III,6,Santa Eulàlia,303,65-74,113,77,190
2007,4,Districte IV,7,la Florida,428,03-11,31,20,51
2010,3,Districte III,6,Santa Eulàlia,312,50-64,152,149,301
2001,2,Districte II,4,la Torrassa,218,50-64,71,63,134
1994,6,Districte VI,12,Bellvitge,604,16-17,17,14,31
2011,2,Districte II,4,la Torrassa,235,16-17,10,11,21
2006,2,Districte II,4,la Torrassa,232,16-17,8,7,15
1994,5,Districte V,10,Pubilla Cases,529,03-11,25,37,62
1999,2,Districte II,5,Collblanc,226,18-24,57,60,117
2012,2,Districte II,5,Collblanc,202,75 i +,41,30,71
1999,2,Districte II,4,la Torrassa,246,35-49,79,97,176
2000,1,Districte I,3,Sant Josep,126,12-15,12,13,25
1997,4,Districte IV,7,la Florida,417,65-74,42,36,78
2015,2,Districte II,5,Collblanc,209,65-74,39,29,68
2011,6,Districte VI,12,Bellvitge,621,65-74,81,100,181
2009,1,Districte I,3,Sant Josep,139,50-64,89,87,176
1995,1,Districte I,1,Centre,107,12-15,57,54,111
1998,5,Districte V,10,Pubilla Cases,537,50-64,157,130,287
2009,2,Districte II,5,Collblanc,210,18-24,20,20,40
1996,2,Districte II,4,la Torrassa,239,25-34,86,89,175
2016,4,Districte IV,7,la Florida,407,16-17,13,8,21
1995,3,Districte III,6,Santa Eulàlia,306,50-64,134,112,246
1999,6,Districte VI,12,Bellvitge,614,75 i +,39,15,54
2016,3,Districte III,6,Santa Eulàlia,324,16-17,14,15,29
2016,2,Districte II,4,la Torrassa,234,18-24,50,39,89
1996,2,Districte II,5,Collblanc,207,50-64,69,54,123
2008,2,Districte II,4,la Torrassa,228,16-17,17,7,24
2010,5,Districte V,10,Pubilla Cases,514,00-02,17,11,28
1994,3,Districte III,6,Santa Eulàlia,313,25-34,143,147,290
1999,6,Districte VI,11,el Gornal,622,03-11,30,44,74
2016,2,Districte II,5,Collblanc,204,16-17,11,10,21
1996,2,Districte II,4,la Torrassa,228,18-24,37,40,77
2013,4,Districte IV,7,la Florida,430,12-15,13,24,37
2011,6,Districte VI,12,Bellvitge,601,65-74,117,94,211
2014,4,Districte IV,7,la Florida,411,12-15,13,12,25
2012,6,Districte VI,12,Bellvitge,601,18-24,41,50,91
2007,5,Districte V,9,Can Serra,501,75 i +,28,16,44
1996,2,Districte II,4,la Torrassa,237,35-49,107,107,214
2001,1,Districte I,1,Centre,113,03-11,41,58,99
1994,5,Districte V,10,Pubilla Cases,525,50-64,100,85,185
1996,1,Districte I,1,Centre,108,25-34,92,96,188
2004,3,Districte III,6,Santa Eulàlia,324,00-02,21,18,39
2011,1,Districte I,3,Sant Josep,126,16-17,6,6,12
2007,1,Districte I,1,Centre,124,35-49,94,71,165
2002,2,Districte II,4,la Torrassa,231,50-64,90,71,161
2006,4,Districte IV,7,la Florida,432,03-11,39,38,77
2001,4,Districte IV,7,la Florida,432,18-24,69,81,150
1999,6,Districte VI,12,Bellvitge,607,16-17,9,8,17
2005,4,Districte IV,7,la Florida,406,12-15,25,24,49
2012,3,Districte III,6,Santa Eulàlia,321,12-15,46,39,85
2004,2,Districte II,4,la Torrassa,211,35-49,173,177,350
2008,4,Districte IV,7,la Florida,409,16-17,5,4,9
1997,4,Districte IV,7,la Florida,426,65-74,55,48,103
2006,1,Districte I,1,Centre,124,00-02,10,13,23
2012,2,Districte II,4,la Torrassa,242,35-49,117,142,259
2009,2,Districte II,5,Collblanc,210,00-02,8,6,14
1994,6,Districte VI,12,Bellvitge,631,12-15,36,30,66
2003,3,Districte III,6,Santa Eulàlia,318,25-34,64,76,140
2002,1,Districte I,3,Sant Josep,117,03-11,78,72,150
2006,4,Districte IV,7,la Florida,407,50-64,77,60,137
2006,5,Districte V,10,Pubilla Cases,533,25-34,106,140,246
2016,1,Districte I,3,Sant Josep,136,50-64,113,98,211
2003,2,Districte II,4,la Torrassa,230,35-49,82,114,196
2008,1,Districte I,3,Sant Josep,115,00-02,15,24,39
2003,5,Districte V,10,Pubilla Cases,530,16-17,10,11,21
2000,4,Districte IV,7,la Florida,416,65-74,53,59,112
2005,6,Districte VI,12,Bellvitge,607,12-15,15,17,32
2008,5,Districte V,10,Pubilla Cases,533,03-11,50,40,90
1999,4,Districte IV,7,la Florida,412,16-17,25,22,47
2004,5,Districte V,9,Can Serra,502,75 i +,80,46,126
2004,4,Districte IV,8,les Planes,441,25-34,131,162,293
2015,1,Districte I,1,Centre,108,18-24,53,46,99
2010,4,Districte IV,8,les Planes,439,18-24,47,60,107
1997,2,Districte II,4,la Torrassa,242,16-17,11,4,15
2005,5,Districte V,10,Pubilla Cases,525,35-49,107,104,211
1999,1,Districte I,3,Sant Josep,106,16-17,30,31,61
2008,1,Districte I,1,Centre,134,65-74,59,41,100
2005,1,Districte I,2,Sanfeliu,118,25-34,170,186,356
2014,1,Districte I,3,Sant Josep,120,16-17,19,21,40
2002,1,Districte I,3,Sant Josep,127,18-24,34,34,68
1999,6,Districte VI,12,Bellvitge,604,75 i +,22,16,38
2004,4,Districte IV,7,la Florida,410,16-17,10,11,21
2016,4,Districte IV,7,la Florida,427,12-15,31,28,59
2008,3,Districte III,6,Santa Eulàlia,304,35-49,193,193,386
2001,6,Districte VI,11,el Gornal,617,75 i +,25,23,48
2007,3,Districte III,6,Santa Eulàlia,308,35-49,250,257,507
2002,5,Districte V,10,Pubilla Cases,526,00-02,6,6,12
2012,3,Districte III,6,Santa Eulàlia,321,25-34,164,149,313
2006,2,Districte II,4,la Torrassa,245,50-64,79,65,144
2009,4,Districte IV,7,la Florida,413,25-34,55,61,116
1996,5,Districte V,9,Can Serra,521,03-11,38,36,74
2001,1,Districte I,1,Centre,124,00-02,4,4,8
2009,1,Districte I,3,Sant Josep,127,03-11,29,34,63
1996,2,Districte II,4,la Torrassa,217,00-02,4,7,11
2004,3,Districte III,6,Santa Eulàlia,317,00-02,18,10,28
2008,3,Districte III,6,Santa Eulàlia,320,16-17,5,7,12
1994,3,Districte III,6,Santa Eulàlia,324,16-17,10,20,30
2006,1,Districte I,3,Sant Josep,127,00-02,9,12,21
2003,4,Districte IV,7,la Florida,417,50-64,59,42,101
2011,5,Districte V,10,Pubilla Cases,529,18-24,52,60,112
2003,2,Districte II,5,Collblanc,210,35-49,79,84,163
1996,2,Districte II,4,la Torrassa,235,16-17,12,15,27
2014,6,Districte VI,11,el Gornal,616,35-49,284,284,568
2014,2,Districte II,4,la Torrassa,234,18-24,37,44,81
2011,1,Districte I,1,Centre,101,65-74,56,49,105
1999,1,Districte I,3,Sant Josep,117,35-49,252,243,495
2009,6,Districte VI,12,Bellvitge,602,16-17,1,6,7
2014,6,Districte VI,12,Bellvitge,625,12-15,20,24,44
1994,4,Districte IV,7,la Florida,408,75 i +,23,19,42
2009,1,Districte I,1,Centre,113,35-49,167,179,346
2005,1,Districte I,1,Centre,102,12-15,22,26,48
1996,5,Districte V,10,Pubilla Cases,527,25-34,76,90,166
2003,6,Districte VI,11,el Gornal,622,16-17,10,11,21
2010,1,Districte I,1,Centre,128,00-02,17,25,42
2004,5,Districte V,10,Pubilla Cases,526,18-24,26,33,59
1995,3,Districte III,6,Santa Eulàlia,301,18-24,130,128,258
2004,4,Districte IV,8,les Planes,418,35-49,134,155,289
2009,4,Districte IV,7,la Florida,432,50-64,150,140,290
2002,1,Districte I,3,Sant Josep,140,16-17,6,8,14
2000,4,Districte IV,8,les Planes,442,16-17,7,5,12
2005,2,Districte II,4,la Torrassa,211,35-49,177,200,377
2010,2,Districte II,5,Collblanc,210,03-11,26,27,53
2013,4,Districte IV,7,la Florida,431,35-49,176,239,415
2009,4,Districte IV,8,les Planes,419,50-64,56,51,107
2004,4,Districte IV,7,la Florida,415,18-24,46,34,80
1997,3,Districte III,6,Santa Eulàlia,310,03-11,40,44,84
1996,5,Districte V,10,Pubilla Cases,518,00-02,10,13,23
2009,2,Districte II,4,la Torrassa,234,18-24,42,39,81
1998,4,Districte IV,7,la Florida,408,16-17,8,12,20
1999,6,Districte VI,12,Bellvitge,615,25-34,94,128,222
2007,2,Districte II,5,Collblanc,223,50-64,109,88,197
2002,5,Districte V,10,Pubilla Cases,516,00-02,10,13,23
2002,2,Districte II,5,Collblanc,206,00-02,5,6,11
1997,1,Districte I,2,Sanfeliu,132,75 i +,52,25,77
2013,5,Districte V,10,Pubilla Cases,520,16-17,3,9,12
1997,1,Districte I,1,Centre,112,75 i +,59,21,80
2011,1,Districte I,1,Centre,103,50-64,63,59,122
2010,5,Districte V,10,Pubilla Cases,525,03-11,42,39,81
2013,1,Districte I,3,Sant Josep,137,35-49,185,165,350
2004,4,Districte IV,8,les Planes,418,12-15,19,18,37
2014,3,Districte III,6,Santa Eulàlia,315,50-64,184,156,340
2002,6,Districte VI,12,Bellvitge,611,18-24,68,66,134
2006,4,Districte IV,8,les Planes,429,50-64,57,59,116
1994,5,Districte V,10,Pubilla Cases,517,75 i +,53,30,83
2015,4,Districte IV,7,la Florida,431,16-17,16,15,31
2001,2,Districte II,5,Collblanc,221,35-49,97,117,214
2009,5,Districte V,10,Pubilla Cases,526,75 i +,39,21,60
1995,1,Districte I,1,Centre,131,25-34,107,125,232
2002,1,Districte I,3,Sant Josep,121,50-64,42,38,80
1997,4,Districte IV,8,les Planes,420,75 i +,62,36,98
2013,2,Districte II,4,la Torrassa,233,35-49,131,151,282
2010,2,Districte II,4,la Torrassa,236,12-15,20,19,39
1994,1,Districte I,3,Sant Josep,106,03-11,110,105,215
2000,1,Districte I,3,Sant Josep,140,25-34,83,92,175
2014,5,Districte V,10,Pubilla Cases,528,50-64,104,82,186
2005,5,Districte V,10,Pubilla Cases,538,25-34,111,124,235
1997,5,Districte V,10,Pubilla Cases,527,16-17,6,11,17
2004,2,Districte II,5,Collblanc,203,18-24,38,41,79
2000,1,Districte I,3,Sant Josep,139,50-64,85,82,167
2003,4,Districte IV,8,les Planes,419,25-34,84,95,179
2013,4,Districte IV,7,la Florida,409,75 i +,108,81,189
1999,4,Districte IV,7,la Florida,423,35-49,72,82,154
2002,2,Districte II,5,Collblanc,210,16-17,4,6,10
2008,2,Districte II,5,Collblanc,209,12-15,12,12,24
2009,4,Districte IV,8,les Planes,401,35-49,135,130,265
2007,2,Districte II,4,la Torrassa,234,35-49,114,131,245
1997,3,Districte III,6,Santa Eulàlia,310,35-49,112,115,227
2013,3,Districte III,6,Santa Eulàlia,313,75 i +,90,61,151
2007,1,Districte I,3,Sant Josep,122,25-34,83,72,155
2009,6,Districte VI,12,Bellvitge,607,75 i +,56,39,95
2002,6,Districte VI,12,Bellvitge,604,18-24,38,47,85
2008,2,Districte II,5,Collblanc,223,25-34,108,122,230
1999,2,Districte II,4,la Torrassa,248,65-74,75,57,132
2012,5,Districte V,9,Can Serra,502,65-74,84,86,170
2014,5,Districte V,10,Pubilla Cases,523,18-24,42,50,92
2003,1,Districte I,3,Sant Josep,122,65-74,48,55,103
2002,2,Districte II,5,Collblanc,223,35-49,112,119,231
1997,2,Districte II,5,Collblanc,201,18-24,35,42,77
1994,2,Districte II,4,la Torrassa,237,75 i +,64,34,98
2004,4,Districte IV,7,la Florida,421,35-49,106,126,232
2010,1,Districte I,3,Sant Josep,137,65-74,65,71,136
1996,2,Districte II,4,la Torrassa,232,25-34,70,71,141
2014,4,Districte IV,7,la Florida,412,65-74,115,82,197
1997,6,Districte VI,11,el Gornal,626,18-24,91,111,202
2007,5,Districte V,10,Pubilla Cases,528,25-34,132,152,284
2010,1,Districte I,3,Sant Josep,139,16-17,7,7,14
1998,5,Districte V,10,Pubilla Cases,520,18-24,54,63,117
2015,2,Districte II,5,Collblanc,224,50-64,108,85,193
2005,2,Districte II,5,Collblanc,206,12-15,14,19,33
2013,6,Districte VI,12,Bellvitge,612,03-11,35,39,74
2015,3,Districte III,6,Santa Eulàlia,327,00-02,11,20,31
2002,6,Districte VI,11,el Gornal,616,65-74,56,55,111
1995,1,Districte I,3,Sant Josep,140,03-11,24,23,47
2012,4,Districte IV,7,la Florida,409,65-74,33,28,61
2016,2,Districte II,4,la Torrassa,240,03-11,77,55,132
1994,3,Districte III,6,Santa Eulàlia,323,16-17,69,74,143
2013,1,Districte I,1,Centre,135,75 i +,72,57,129
1997,2,Districte II,4,la Torrassa,235,12-15,15,15,30
2002,1,Districte I,1,Centre,128,25-34,120,115,235
2011,2,Districte II,5,Collblanc,223,50-64,95,94,189
1998,6,Districte VI,11,el Gornal,632,25-34,88,115,203
2000,4,Districte IV,7,la Florida,426,25-34,70,83,153
1997,4,Districte IV,7,la Florida,412,25-34,108,121,229
2008,4,Districte IV,7,la Florida,432,18-24,44,52,96
2001,6,Districte VI,12,Bellvitge,606,50-64,98,70,168
1999,4,Districte IV,8,les Planes,434,18-24,33,19,52
2013,6,Districte VI,12,Bellvitge,621,65-74,96,121,217
2014,6,Districte VI,12,Bellvitge,612,03-11,44,37,81
2001,6,Districte VI,12,Bellvitge,609,35-49,54,52,106
2004,6,Districte VI,12,Bellvitge,605,50-64,90,60,150
2013,2,Districte II,5,Collblanc,213,75 i +,50,33,83
2003,4,Districte IV,7,la Florida,403,25-34,70,91,161
2006,6,Districte VI,12,Bellvitge,603,03-11,27,24,51
2013,2,Districte II,5,Collblanc,216,65-74,78,49,127
2004,5,Districte V,9,Can Serra,501,16-17,10,5,15
2010,2,Districte II,4,la Torrassa,241,18-24,46,41,87
1997,3,Districte III,6,Santa Eulàlia,309,75 i +,24,9,33
2007,4,Districte IV,8,les Planes,418,50-64,104,84,188
1997,4,Districte IV,7,la Florida,406,00-02,8,15,23
2000,2,Districte II,5,Collblanc,227,25-34,67,65,132
1998,6,Districte VI,12,Bellvitge,607,25-34,97,112,209
2011,5,Districte V,9,Can Serra,504,18-24,21,31,52
1999,3,Districte III,6,Santa Eulàlia,319,00-02,9,14,23
2015,1,Districte I,1,Centre,135,12-15,20,25,45
1998,1,Districte I,1,Centre,135,35-49,170,169,339
2012,5,Districte V,10,Pubilla Cases,530,65-74,69,56,125
2004,5,Districte V,10,Pubilla Cases,515,12-15,14,16,30
2010,4,Districte IV,7,la Florida,404,25-34,117,105,222
2012,1,Districte I,1,Centre,108,00-02,18,16,34
2011,2,Districte II,5,Collblanc,212,65-74,67,47,114
2013,5,Districte V,10,Pubilla Cases,525,18-24,43,40,83
1998,2,Districte II,4,la Torrassa,235,65-74,110,91,201
2010,4,Districte IV,8,les Planes,440,75 i +,58,48,106
2011,1,Districte I,2,Sanfeliu,132,35-49,218,266,484
2003,5,Districte V,10,Pubilla Cases,537,16-17,8,11,19
1997,2,Districte II,4,la Torrassa,248,03-11,34,35,69
2001,4,Districte IV,7,la Florida,425,50-64,87,78,165
2008,5,Districte V,10,Pubilla Cases,508,25-34,77,60,137
2002,5,Districte V,9,Can Serra,521,03-11,18,25,43
2014,1,Districte I,1,Centre,105,16-17,3,6,9
2002,5,Districte V,10,Pubilla Cases,538,25-34,102,107,209
1999,5,Districte V,10,Pubilla Cases,534,75 i +,42,22,64
2002,2,Districte II,4,la Torrassa,240,12-15,9,9,18
1998,3,Districte III,6,Santa Eulàlia,303,00-02,14,19,33
1999,1,Districte I,1,Centre,135,65-74,64,50,114
1999,4,Districte IV,7,la Florida,421,65-74,83,75,158
2012,5,Districte V,10,Pubilla Cases,513,25-34,53,47,100
2015,2,Districte II,5,Collblanc,213,65-74,51,36,87
2008,1,Districte I,1,Centre,101,25-34,164,149,313
2004,5,Districte V,10,Pubilla Cases,511,00-02,12,19,31
2001,2,Districte II,4,la Torrassa,238,50-64,59,69,128
1997,1,Districte I,1,Centre,134,18-24,68,79,147
1996,4,Districte IV,8,les Planes,434,12-15,12,14,26
2016,6,Districte VI,11,el Gornal,616,12-15,39,45,84
2011,6,Districte VI,11,el Gornal,632,35-49,101,113,214
1998,4,Districte IV,7,la Florida,416,65-74,60,61,121
1997,4,Districte IV,7,la Florida,425,25-34,85,74,159
2016,1,Districte I,1,Centre,131,03-11,48,52,100
2012,3,Districte III,6,Santa Eulàlia,312,65-74,125,101,226
2016,2,Districte II,4,la Torrassa,249,65-74,51,34,85
2013,1,Districte I,3,Sant Josep,114,35-49,174,191,365
1994,1,Districte I,3,Sant Josep,106,35-49,308,297,605
2013,3,Districte III,6,Santa Eulàlia,318,65-74,35,30,65
1995,3,Districte III,6,Santa Eulàlia,301,16-17,36,26,62
2004,2,Districte II,5,Collblanc,201,12-15,10,7,17
2004,2,Districte II,4,la Torrassa,228,18-24,32,30,62
2004,5,Districte V,10,Pubilla Cases,516,00-02,8,6,14
2007,1,Districte I,3,Sant Josep,140,25-34,93,123,216
2012,1,Districte I,3,Sant Josep,121,25-34,74,52,126
2001,2,Districte II,5,Collblanc,212,65-74,80,72,152
2016,3,Districte III,6,Santa Eulàlia,305,03-11,62,69,131
1997,6,Districte VI,12,Bellvitge,630,50-64,83,102,185
2010,2,Districte II,4,la Torrassa,232,00-02,9,13,22
2016,1,Districte I,1,Centre,123,35-49,161,137,298
2001,1,Districte I,1,Centre,105,18-24,80,78,158
2006,2,Districte II,5,Collblanc,221,65-74,70,63,133
2009,5,Districte V,10,Pubilla Cases,523,65-74,82,78,160
1999,6,Districte VI,12,Bellvitge,609,50-64,143,135,278
2009,4,Districte IV,7,la Florida,424,25-34,65,63,128
2010,2,Districte II,5,Collblanc,215,03-11,35,38,73
1995,2,Districte II,4,la Torrassa,249,16-17,11,17,28
1998,5,Districte V,10,Pubilla Cases,526,00-02,4,6,10
1998,6,Districte VI,12,Bellvitge,602,03-11,17,14,31
1999,3,Districte III,6,Santa Eulàlia,311,16-17,11,14,25
1996,1,Districte I,1,Centre,124,25-34,51,62,113
2006,6,Districte VI,12,Bellvitge,623,18-24,46,57,103
2009,1,Districte I,3,Sant Josep,136,65-74,62,42,104
2000,1,Districte I,1,Centre,101,50-64,97,92,189
1994,4,Districte IV,8,les Planes,436,75 i +,30,11,41
2011,5,Districte V,10,Pubilla Cases,508,35-49,75,91,166
2016,3,Districte III,6,Santa Eulàlia,320,35-49,32,42,74
2004,4,Districte IV,7,la Florida,414,18-24,29,44,73
2006,2,Districte II,4,la Torrassa,245,16-17,10,6,16
1999,1,Districte I,2,Sanfeliu,116,25-34,144,143,287
2006,2,Districte II,5,Collblanc,202,75 i +,34,30,64
2014,1,Districte I,2,Sanfeliu,116,75 i +,80,69,149
2011,2,Districte II,5,Collblanc,213,65-74,45,43,88
1996,2,Districte II,4,la Torrassa,231,00-02,8,12,20
2012,1,Districte I,1,Centre,133,75 i +,60,34,94
2012,5,Districte V,10,Pubilla Cases,525,65-74,44,32,76
1997,5,Districte V,10,Pubilla Cases,524,25-34,110,107,217
2002,3,Districte III,6,Santa Eulàlia,325,50-64,189,179,368
1997,5,Districte V,10,Pubilla Cases,536,75 i +,27,26,53
2002,1,Districte I,1,Centre,102,16-17,13,13,26
2002,1,Districte I,2,Sanfeliu,129,16-17,11,12,23
2014,2,Districte II,4,la Torrassa,245,50-64,88,84,172
2000,3,Districte III,6,Santa Eulàlia,310,65-74,42,38,80
2010,2,Districte II,4,la Torrassa,232,75 i +,73,43,116
2003,2,Districte II,5,Collblanc,224,75 i +,30,12,42
2001,5,Districte V,10,Pubilla Cases,518,03-11,28,29,57
2002,5,Districte V,10,Pubilla Cases,533,75 i +,36,18,54
1995,2,Districte II,5,Collblanc,225,16-17,3,10,13
1998,6,Districte VI,12,Bellvitge,602,35-49,39,35,74
2013,6,Districte VI,12,Bellvitge,630,65-74,64,55,119
1994,3,Districte III,6,Santa Eulàlia,318,35-49,119,129,248
2013,4,Districte IV,7,la Florida,409,16-17,14,21,35
2001,2,Districte II,5,Collblanc,227,16-17,7,2,9
1994,2,Districte II,4,la Torrassa,233,12-15,13,11,24
1999,4,Districte IV,7,la Florida,423,50-64,119,112,231
2016,2,Districte II,4,la Torrassa,243,65-74,56,50,106
2005,5,Districte V,10,Pubilla Cases,520,12-15,12,13,25
2004,2,Districte II,5,Collblanc,214,75 i +,30,17,47
2006,4,Districte IV,8,les Planes,435,65-74,58,36,94
1999,5,Districte V,9,Can Serra,502,03-11,49,33,82
1996,1,Districte I,3,Sant Josep,106,65-74,48,37,85
1994,3,Districte III,6,Santa Eulàlia,313,16-17,42,30,72
2000,2,Districte II,4,la Torrassa,230,35-49,52,73,125
2010,6,Districte VI,12,Bellvitge,607,50-64,73,70,143
1998,6,Districte VI,11,el Gornal,629,12-15,10,14,24
1998,2,Districte II,5,Collblanc,225,12-15,10,12,22
2015,1,Districte I,1,Centre,112,25-34,99,90,189
2001,1,Districte I,1,Centre,131,35-49,157,147,304
2009,2,Districte II,4,la Torrassa,247,75 i +,68,48,116
2011,1,Districte I,1,Centre,103,65-74,42,27,69
2004,4,Districte IV,7,la Florida,426,65-74,43,37,80
2000,3,Districte III,6,Santa Eulàlia,307,50-64,166,166,332
1995,6,Districte VI,12,Bellvitge,625,18-24,103,105,208
2010,4,Districte IV,7,la Florida,423,00-02,18,19,37
2004,5,Districte V,10,Pubilla Cases,513,18-24,36,21,57
1999,1,Districte I,3,Sant Josep,125,50-64,127,142,269
2000,1,Districte I,1,Centre,109,12-15,28,13,41
2000,5,Districte V,10,Pubilla Cases,513,35-49,58,62,120
1996,1,Districte I,3,Sant Josep,137,03-11,60,65,125
2001,5,Districte V,10,Pubilla Cases,523,25-34,114,118,232
1994,2,Districte II,4,la Torrassa,245,65-74,80,55,135
2000,3,Districte III,6,Santa Eulàlia,321,12-15,37,54,91
2011,4,Districte IV,7,la Florida,416,03-11,49,42,91
2016,6,Districte VI,12,Bellvitge,605,18-24,53,43,96
2011,3,Districte III,6,Santa Eulàlia,320,25-34,57,70,127
1999,4,Districte IV,8,les Planes,440,75 i +,54,29,83
1998,6,Districte VI,12,Bellvitge,620,50-64,92,84,176
2001,4,Districte IV,8,les Planes,440,50-64,156,140,296
2012,6,Districte VI,11,el Gornal,616,75 i +,63,47,110
2012,1,Districte I,3,Sant Josep,139,03-11,35,38,73
2014,1,Districte I,1,Centre,112,12-15,32,22,54
2003,5,Districte V,10,Pubilla Cases,528,35-49,129,120,249
1998,4,Districte IV,7,la Florida,407,00-02,10,11,21
2016,2,Districte II,5,Collblanc,224,25-34,117,113,230
1996,6,Districte VI,11,el Gornal,626,12-15,20,21,41
1998,2,Districte II,4,la Torrassa,243,75 i +,86,45,131
2014,2,Districte II,5,Collblanc,212,00-02,21,18,39
1999,4,Districte IV,7,la Florida,432,50-64,139,145,284
2008,2,Districte II,4,la Torrassa,246,50-64,78,73,151
2011,3,Districte III,6,Santa Eulàlia,309,35-49,138,147,285
2014,2,Districte II,4,la Torrassa,236,35-49,133,120,253
1995,3,Districte III,6,Santa Eulàlia,323,50-64,141,155,296
2008,5,Districte V,10,Pubilla Cases,528,50-64,81,80,161
2014,2,Districte II,5,Collblanc,223,50-64,96,92,188
2004,1,Districte I,3,Sant Josep,139,00-02,13,17,30
2004,6,Districte VI,12,Bellvitge,619,18-24,56,69,125
2011,5,Districte V,10,Pubilla Cases,511,03-11,32,31,63
2002,2,Districte II,5,Collblanc,223,18-24,48,62,110
2007,5,Districte V,10,Pubilla Cases,513,00-02,11,15,26
2005,2,Districte II,4,la Torrassa,211,50-64,84,74,158
2009,2,Districte II,4,la Torrassa,230,50-64,45,40,85
2005,2,Districte II,4,la Torrassa,238,00-02,11,16,27
2000,2,Districte II,4,la Torrassa,234,65-74,83,49,132
2012,6,Districte VI,12,Bellvitge,625,25-34,88,92,180
2001,1,Districte I,1,Centre,103,75 i +,44,17,61
2015,1,Districte I,3,Sant Josep,114,25-34,62,60,122
2016,6,Districte VI,12,Bellvitge,605,00-02,30,7,37
2010,6,Districte VI,11,el Gornal,622,00-02,7,16,23
2013,2,Districte II,4,la Torrassa,243,16-17,6,16,22
2000,2,Districte II,4,la Torrassa,236,16-17,7,4,11
2010,4,Districte IV,7,la Florida,427,12-15,23,17,40
2010,1,Districte I,1,Centre,101,18-24,46,46,92
1994,4,Districte IV,8,les Planes,438,12-15,12,21,33
2011,3,Districte III,6,Santa Eulàlia,323,00-02,36,50,86
2015,5,Districte V,10,Pubilla Cases,532,18-24,50,53,103
1994,3,Districte III,6,Santa Eulàlia,314,75 i +,42,12,54
2012,3,Districte III,6,Santa Eulàlia,303,00-02,22,15,37
2009,1,Districte I,1,Centre,134,18-24,54,52,106
2002,5,Districte V,9,Can Serra,503,50-64,89,105,194
2005,2,Districte II,5,Collblanc,209,16-17,6,15,21
2010,5,Districte V,9,Can Serra,503,65-74,40,42,82
2003,4,Districte IV,7,la Florida,410,18-24,84,84,168
2006,1,Districte I,1,Centre,107,16-17,9,17,26
1998,1,Districte I,1,Centre,108,00-02,15,11,26
2003,4,Districte IV,7,la Florida,425,12-15,18,26,44
2016,1,Districte I,1,Centre,124,03-11,42,36,78
2016,3,Districte III,6,Santa Eulàlia,322,25-34,97,92,189
2005,4,Districte IV,8,les Planes,401,03-11,53,59,112
2006,6,Districte VI,12,Bellvitge,605,16-17,3,2,5
2012,2,Districte II,5,Collblanc,203,25-34,89,85,174
2006,5,Districte V,9,Can Serra,501,35-49,103,98,201
1996,3,Districte III,6,Santa Eulàlia,305,16-17,24,14,38
2001,1,Districte I,1,Centre,124,35-49,102,83,185
2006,6,Districte VI,11,el Gornal,629,65-74,39,41,80
1997,2,Districte II,5,Collblanc,214,75 i +,39,17,56
1998,2,Districte II,4,la Torrassa,249,75 i +,56,30,86
2004,1,Districte I,1,Centre,111,65-74,55,41,96
2013,5,Districte V,9,Can Serra,521,50-64,116,79,195
2003,4,Districte IV,8,les Planes,442,00-02,7,6,13
2001,2,Districte II,5,Collblanc,207,16-17,4,4,8
2001,3,Districte III,6,Santa Eulàlia,324,18-24,31,39,70
2008,1,Districte I,3,Sant Josep,138,35-49,84,78,162
1998,5,Districte V,9,Can Serra,503,00-02,8,8,16
1999,5,Districte V,10,Pubilla Cases,518,16-17,8,13,21
2009,3,Districte III,6,Santa Eulàlia,317,65-74,30,29,59
2013,2,Districte II,4,la Torrassa,217,65-74,61,54,115
1995,2,Districte II,4,la Torrassa,239,00-02,8,13,21
2013,3,Districte III,6,Santa Eulàlia,320,50-64,108,120,228
2005,4,Districte IV,8,les Planes,439,25-34,136,166,302
2004,6,Districte VI,12,Bellvitge,620,16-17,8,7,15
2015,1,Districte I,1,Centre,111,25-34,51,32,83
2006,6,Districte VI,12,Bellvitge,624,65-74,52,62,114
2007,3,Districte III,6,Santa Eulàlia,315,25-34,166,177,343
2003,6,Districte VI,12,Bellvitge,606,03-11,36,45,81
2010,1,Districte I,3,Sant Josep,120,35-49,230,214,444
2005,4,Districte IV,8,les Planes,419,18-24,45,39,84
1994,6,Districte VI,12,Bellvitge,609,75 i +,27,15,42
2010,5,Districte V,10,Pubilla Cases,522,75 i +,38,26,64
2015,5,Districte V,10,Pubilla Cases,538,25-34,98,89,187
2014,1,Districte I,3,Sant Josep,115,18-24,27,52,79
2002,2,Districte II,4,la Torrassa,239,65-74,99,66,165
1998,6,Districte VI,12,Bellvitge,619,03-11,47,47,94
2008,2,Districte II,4,la Torrassa,218,65-74,34,29,63
1998,4,Districte IV,7,la Florida,411,50-64,119,114,233
2005,5,Districte V,10,Pubilla Cases,527,35-49,147,153,300
1995,2,Districte II,4,la Torrassa,246,18-24,59,51,110
2008,6,Districte VI,12,Bellvitge,610,75 i +,50,34,84
1998,3,Districte III,6,Santa Eulàlia,324,18-24,30,51,81
2000,1,Districte I,1,Centre,110,50-64,161,154,315
2001,6,Districte VI,12,Bellvitge,630,65-74,34,29,63
1999,5,Districte V,10,Pubilla Cases,522,75 i +,29,20,49
2012,1,Districte I,2,Sanfeliu,116,00-02,16,20,36
2007,3,Districte III,6,Santa Eulàlia,302,35-49,123,146,269
2000,2,Districte II,4,la Torrassa,230,16-17,5,5,10
2002,4,Districte IV,8,les Planes,435,65-74,91,49,140
2013,6,Districte VI,12,Bellvitge,621,50-64,171,121,292
2015,5,Districte V,10,Pubilla Cases,534,25-34,68,63,131
2012,1,Districte I,1,Centre,113,03-11,59,87,146
2002,4,Districte IV,7,la Florida,416,75 i +,36,20,56
1999,1,Districte I,3,Sant Josep,115,65-74,73,51,124
1994,4,Districte IV,8,les Planes,429,03-11,21,29,50
2006,1,Districte I,1,Centre,135,00-02,16,22,38
1999,3,Districte III,6,Santa Eulàlia,318,16-17,17,11,28
2003,2,Districte II,5,Collblanc,207,00-02,4,5,9
1995,1,Districte I,2,Sanfeliu,118,65-74,50,31,81
2008,1,Districte I,2,Sanfeliu,129,16-17,9,9,18
2007,1,Districte I,2,Sanfeliu,118,75 i +,59,22,81
2005,3,Districte III,6,Santa Eulàlia,317,03-11,51,44,95
1999,4,Districte IV,8,les Planes,438,75 i +,30,12,42
2005,4,Districte IV,7,la Florida,408,35-49,102,123,225
2011,2,Districte II,4,la Torrassa,243,00-02,19,25,44
1996,1,Districte I,2,Sanfeliu,118,16-17,39,43,82
2011,3,Districte III,6,Santa Eulàlia,312,65-74,121,104,225
2000,1,Districte I,1,Centre,112,50-64,141,150,291
2012,2,Districte II,4,la Torrassa,230,12-15,21,22,43
1998,1,Districte I,1,Centre,123,18-24,70,65,135
2015,4,Districte IV,7,la Florida,432,00-02,20,17,37
2000,3,Districte III,6,Santa Eulàlia,314,75 i +,65,34,99
2007,3,Districte III,6,Santa Eulàlia,322,25-34,166,151,317
2001,4,Districte IV,7,la Florida,411,65-74,93,74,167
1996,6,Districte VI,11,el Gornal,622,65-74,36,26,62
2009,5,Districte V,10,Pubilla Cases,510,75 i +,63,32,95
2012,3,Districte III,6,Santa Eulàlia,317,18-24,35,39,74
2016,3,Districte III,6,Santa Eulàlia,310,12-15,14,18,32
2015,5,Districte V,10,Pubilla Cases,538,12-15,20,35,55
2002,3,Districte III,6,Santa Eulàlia,315,25-34,161,149,310
2004,5,Districte V,10,Pubilla Cases,518,50-64,93,63,156
1996,2,Districte II,5,Collblanc,204,75 i +,27,16,43
2002,4,Districte IV,8,les Planes,438,16-17,8,5,13
2001,4,Districte IV,7,la Florida,413,03-11,26,17,43
1998,5,Districte V,10,Pubilla Cases,524,65-74,75,57,132
2004,4,Districte IV,7,la Florida,407,50-64,79,79,158
2002,1,Districte I,2,Sanfeliu,116,50-64,188,171,359
2005,4,Districte IV,8,les Planes,435,16-17,21,12,33
2000,3,Districte III,6,Santa Eulàlia,321,18-24,163,155,318
2005,6,Districte VI,12,Bellvitge,611,75 i +,67,36,103
2000,1,Districte I,1,Centre,123,12-15,21,12,33
1997,5,Districte V,10,Pubilla Cases,510,50-64,115,117,232
2006,6,Districte VI,12,Bellvitge,601,03-11,36,39,75
1996,5,Districte V,9,Can Serra,535,75 i +,31,21,52
2011,2,Districte II,4,la Torrassa,211,75 i +,96,44,140
2002,4,Districte IV,8,les Planes,429,50-64,50,59,109
2016,3,Districte III,6,Santa Eulàlia,310,00-02,15,13,28
2002,5,Districte V,9,Can Serra,502,16-17,14,15,29
2005,1,Districte I,3,Sant Josep,115,75 i +,65,37,102
2001,6,Districte VI,11,el Gornal,617,00-02,10,6,16
2006,2,Districte II,4,la Torrassa,243,65-74,98,72,170
2007,2,Districte II,4,la Torrassa,249,35-49,131,145,276
2015,6,Districte VI,12,Bellvitge,627,75 i +,47,35,82
2009,5,Districte V,10,Pubilla Cases,527,35-49,130,152,282
2011,4,Districte IV,7,la Florida,408,00-02,20,11,31
2001,6,Districte VI,12,Bellvitge,631,03-11,38,32,70
2002,5,Districte V,10,Pubilla Cases,525,25-34,66,92,158
1995,6,Districte VI,12,Bellvitge,615,16-17,26,20,46
2008,2,Districte II,4,la Torrassa,235,75 i +,88,52,140
2000,1,Districte I,1,Centre,135,18-24,83,111,194
2000,2,Districte II,4,la Torrassa,245,16-17,2,7,9
2005,4,Districte IV,8,les Planes,439,50-64,70,54,124
2010,4,Districte IV,7,la Florida,427,16-17,10,11,21
2015,2,Districte II,5,Collblanc,209,25-34,76,72,148
1995,2,Districte II,4,la Torrassa,238,65-74,61,48,109
2000,5,Districte V,9,Can Serra,505,00-02,7,5,12
2004,2,Districte II,4,la Torrassa,247,75 i +,71,33,104
2004,1,Districte I,1,Centre,123,18-24,55,47,102
2002,3,Districte III,6,Santa Eulàlia,318,75 i +,17,15,32
2007,4,Districte IV,7,la Florida,426,03-11,41,39,80
2003,5,Districte V,9,Can Serra,521,65-74,60,51,111
2006,4,Districte IV,7,la Florida,426,00-02,13,24,37
2003,1,Districte I,1,Centre,128,12-15,15,24,39
2000,3,Districte III,6,Santa Eulàlia,311,12-15,19,16,35
2006,1,Districte I,3,Sant Josep,115,03-11,45,43,88
2002,6,Districte VI,12,Bellvitge,621,35-49,157,120,277
2010,1,Districte I,1,Centre,102,16-17,11,11,22
1995,2,Districte II,4,la Torrassa,235,75 i +,62,35,97
1994,4,Districte IV,7,la Florida,430,35-49,69,69,138
2007,2,Districte II,4,la Torrassa,248,35-49,166,184,350
2015,3,Districte III,6,Santa Eulàlia,321,65-74,157,135,292
1998,1,Districte I,1,Centre,111,75 i +,38,25,63
2014,3,Districte III,6,Santa Eulàlia,309,75 i +,40,22,62
2006,2,Districte II,5,Collblanc,202,00-02,9,8,17
2012,3,Districte III,6,Santa Eulàlia,319,65-74,49,57,106
2005,5,Districte V,10,Pubilla Cases,530,12-15,27,27,54
1996,6,Districte VI,12,Bellvitge,613,16-17,14,17,31
2001,5,Districte V,9,Can Serra,503,18-24,63,65,128
1997,6,Districte VI,12,Bellvitge,623,50-64,178,201,379
2009,2,Districte II,4,la Torrassa,217,50-64,38,53,91
1995,4,Districte IV,7,la Florida,410,35-49,169,159,328
2011,5,Districte V,10,Pubilla Cases,526,35-49,86,86,172
2011,4,Districte IV,7,la Florida,409,75 i +,32,22,54
2004,3,Districte III,6,Santa Eulàlia,315,12-15,26,35,61
2004,5,Districte V,9,Can Serra,503,03-11,23,29,52
2006,5,Districte V,10,Pubilla Cases,527,18-24,62,47,109
1996,6,Districte VI,11,el Gornal,622,50-64,68,67,135
1999,5,Districte V,9,Can Serra,506,50-64,209,234,443
2007,3,Districte III,6,Santa Eulàlia,313,25-34,191,187,378
2005,2,Districte II,4,la Torrassa,230,16-17,8,12,20
2010,5,Districte V,9,Can Serra,506,50-64,237,190,427
2000,2,Districte II,5,Collblanc,222,75 i +,33,20,53
2001,1,Districte I,1,Centre,110,03-11,32,46,78
2009,2,Districte II,4,la Torrassa,228,16-17,19,7,26
2000,6,Districte VI,11,el Gornal,622,25-34,89,104,193
2007,6,Districte VI,12,Bellvitge,609,12-15,11,14,25
2016,4,Districte IV,8,les Planes,401,75 i +,99,52,151
2015,1,Districte I,1,Centre,101,65-74,68,66,134
2012,2,Districte II,5,Collblanc,203,16-17,3,5,8
1996,2,Districte II,5,Collblanc,227,75 i +,41,18,59
2008,1,Districte I,1,Centre,108,75 i +,105,76,181
2011,2,Districte II,5,Collblanc,201,25-34,127,108,235
2001,4,Districte IV,8,les Planes,442,25-34,54,51,105
2004,2,Districte II,4,la Torrassa,239,65-74,87,64,151
2010,1,Districte I,2,Sanfeliu,118,18-24,73,53,126
2001,4,Districte IV,8,les Planes,438,25-34,92,94,186
2006,1,Districte I,3,Sant Josep,139,12-15,13,15,28
2004,5,Districte V,9,Can Serra,507,50-64,86,90,176
2005,1,Districte I,3,Sant Josep,136,65-74,59,41,100
2004,5,Districte V,9,Can Serra,502,50-64,149,153,302
2003,5,Districte V,10,Pubilla Cases,512,18-24,22,40,62
1994,1,Districte I,1,Centre,111,50-64,106,101,207
2000,3,Districte III,6,Santa Eulàlia,322,50-64,93,90,183
2001,5,Districte V,10,Pubilla Cases,515,35-49,50,52,102
2013,1,Districte I,3,Sant Josep,117,16-17,15,12,27
1998,6,Districte VI,12,Bellvitge,630,16-17,26,20,46
2011,5,Districte V,10,Pubilla Cases,509,12-15,17,22,39
2008,2,Districte II,4,la Torrassa,248,25-34,118,126,244
1997,1,Districte I,1,Centre,101,50-64,82,80,162
2016,1,Districte I,3,Sant Josep,121,16-17,5,11,16
2010,2,Districte II,4,la Torrassa,236,50-64,92,71,163
2005,2,Districte II,4,la Torrassa,232,65-74,64,51,115
2013,1,Districte I,1,Centre,123,25-34,81,74,155
2014,4,Districte IV,7,la Florida,406,16-17,12,10,22
2008,5,Districte V,10,Pubilla Cases,525,75 i +,59,38,97
2002,1,Districte I,1,Centre,107,25-34,162,199,361
1997,3,Districte III,6,Santa Eulàlia,320,16-17,5,4,9
1995,2,Districte II,4,la Torrassa,228,00-02,9,5,14
2014,1,Districte I,3,Sant Josep,120,25-34,88,97,185
1995,6,Districte VI,12,Bellvitge,618,12-15,13,15,28
2011,4,Districte IV,7,la Florida,421,35-49,147,172,319
2014,2,Districte II,5,Collblanc,226,75 i +,119,75,194
1995,6,Districte VI,12,Bellvitge,625,03-11,82,80,162
2016,1,Districte I,3,Sant Josep,138,00-02,7,7,14
1995,2,Districte II,5,Collblanc,206,65-74,58,45,103
1996,2,Districte II,5,Collblanc,210,18-24,52,60,112
1997,2,Districte II,4,la Torrassa,246,12-15,20,14,34
2012,2,Districte II,4,la Torrassa,249,18-24,50,46,96
1996,5,Districte V,10,Pubilla Cases,512,35-49,63,61,124
1994,2,Districte II,4,la Torrassa,249,50-64,125,106,231
2013,3,Districte III,6,Santa Eulàlia,316,12-15,25,27,52
2014,6,Districte VI,11,el Gornal,608,35-49,134,188,322
2001,6,Districte VI,12,Bellvitge,627,12-15,18,31,49
2002,1,Districte I,1,Centre,128,03-11,20,35,55
2014,5,Districte V,10,Pubilla Cases,510,16-17,6,7,13
2013,1,Districte I,3,Sant Josep,120,35-49,217,209,426
2016,2,Districte II,5,Collblanc,221,12-15,41,36,77
2013,4,Districte IV,7,la Florida,412,25-34,101,117,218
2006,2,Districte II,4,la Torrassa,233,16-17,6,11,17
2002,2,Districte II,5,Collblanc,220,00-02,8,9,17
2013,1,Districte I,3,Sant Josep,121,16-17,13,7,20
1999,2,Districte II,4,la Torrassa,237,25-34,106,135,241
1999,4,Districte IV,8,les Planes,429,16-17,7,9,16
2010,6,Districte VI,12,Bellvitge,624,18-24,40,32,72
2014,5,Districte V,10,Pubilla Cases,534,16-17,7,8,15
1996,6,Districte VI,11,el Gornal,629,00-02,3,9,12
2004,3,Districte III,6,Santa Eulàlia,306,03-11,66,55,121
1995,4,Districte IV,8,les Planes,420,00-02,17,11,28
2000,3,Districte III,6,Santa Eulàlia,309,03-11,22,34,56
2006,4,Districte IV,7,la Florida,404,35-49,145,170,315
1997,1,Districte I,1,Centre,113,12-15,44,46,90
2012,2,Districte II,4,la Torrassa,239,75 i +,102,56,158
2001,2,Districte II,5,Collblanc,223,18-24,44,43,87
2009,5,Districte V,10,Pubilla Cases,528,12-15,30,25,55
2014,3,Districte III,6,Santa Eulàlia,311,18-24,32,51,83
2007,6,Districte VI,12,Bellvitge,630,03-11,28,37,65
1999,2,Districte II,4,la Torrassa,218,16-17,7,6,13
2010,2,Districte II,5,Collblanc,226,25-34,113,120,233
2001,1,Districte I,3,Sant Josep,117,12-15,38,37,75
2015,2,Districte II,4,la Torrassa,239,75 i +,94,50,144
2011,2,Districte II,5,Collblanc,214,00-02,15,11,26
2005,5,Districte V,10,Pubilla Cases,510,03-11,39,42,81
1995,1,Districte I,3,Sant Josep,125,12-15,26,38,64
2004,3,Districte III,6,Santa Eulàlia,323,25-34,288,308,596
2006,1,Districte I,3,Sant Josep,106,03-11,68,55,123
2006,4,Districte IV,8,les Planes,429,25-34,55,64,119
1998,1,Districte I,1,Centre,134,65-74,45,36,81
1998,1,Districte I,3,Sant Josep,114,35-49,172,171,343
2008,4,Districte IV,7,la Florida,403,65-74,84,86,170
2013,5,Districte V,10,Pubilla Cases,513,18-24,47,60,107
2000,1,Districte I,3,Sant Josep,106,16-17,36,33,69
2014,1,Districte I,3,Sant Josep,120,03-11,52,81,133
1996,5,Districte V,10,Pubilla Cases,519,18-24,31,35,66
2007,5,Districte V,10,Pubilla Cases,532,50-64,122,84,206
2012,6,Districte VI,12,Bellvitge,606,12-15,18,25,43
1996,5,Districte V,9,Can Serra,503,75 i +,17,9,26
2004,6,Districte VI,11,el Gornal,629,16-17,11,2,13
2009,2,Districte II,5,Collblanc,244,50-64,56,44,100
2005,2,Districte II,5,Collblanc,223,65-74,64,61,125
2007,1,Districte I,3,Sant Josep,139,35-49,108,123,231
2003,6,Districte VI,12,Bellvitge,615,03-11,22,22,44
2001,2,Districte II,5,Collblanc,205,65-74,65,54,119
1996,1,Districte I,3,Sant Josep,114,50-64,201,203,404
2014,4,Districte IV,7,la Florida,402,00-02,8,16,24
1998,3,Districte III,6,Santa Eulàlia,325,25-34,170,163,333
2016,5,Districte V,9,Can Serra,507,16-17,5,13,18
1996,1,Districte I,2,Sanfeliu,118,75 i +,21,16,37
1995,3,Districte III,6,Santa Eulàlia,325,65-74,110,95,205
1996,4,Districte IV,8,les Planes,439,35-49,47,59,106
1994,1,Districte I,1,Centre,103,25-34,59,69,128
2002,1,Districte I,1,Centre,110,75 i +,48,27,75
2002,5,Districte V,9,Can Serra,502,75 i +,71,45,116
1995,5,Districte V,10,Pubilla Cases,519,03-11,21,25,46
2014,2,Districte II,4,la Torrassa,217,18-24,70,52,122
2002,2,Districte II,4,la Torrassa,234,00-02,11,6,17
2009,2,Districte II,4,la Torrassa,230,18-24,48,50,98
2006,5,Districte V,10,Pubilla Cases,534,35-49,124,96,220
2003,6,Districte VI,12,Bellvitge,602,18-24,26,20,46
2006,5,Districte V,10,Pubilla Cases,515,75 i +,24,13,37
2012,5,Districte V,10,Pubilla Cases,522,25-34,87,81,168
2013,2,Districte II,5,Collblanc,223,65-74,64,44,108
2006,6,Districte VI,12,Bellvitge,630,18-24,42,38,80
1995,4,Districte IV,7,la Florida,411,50-64,122,118,240
2016,2,Districte II,5,Collblanc,208,75 i +,221,114,335
2012,6,Districte VI,12,Bellvitge,631,18-24,40,26,66
1999,1,Districte I,2,Sanfeliu,118,16-17,32,24,56
2013,1,Districte I,1,Centre,107,00-02,16,26,42
2009,1,Districte I,1,Centre,103,65-74,42,36,78
2001,5,Districte V,10,Pubilla Cases,527,18-24,47,47,94
2003,4,Districte IV,7,la Florida,406,75 i +,44,39,83
2010,2,Districte II,4,la Torrassa,242,12-15,20,15,35
2013,3,Districte III,6,Santa Eulàlia,325,50-64,184,141,325
2003,6,Districte VI,11,el Gornal,629,03-11,17,23,40
2016,3,Districte III,6,Santa Eulàlia,325,00-02,14,22,36
2010,4,Districte IV,7,la Florida,424,03-11,19,34,53
1994,6,Districte VI,12,Bellvitge,623,50-64,146,164,310
2010,6,Districte VI,12,Bellvitge,624,25-34,69,97,166
2014,3,Districte III,6,Santa Eulàlia,325,35-49,190,193,383
2000,4,Districte IV,8,les Planes,437,75 i +,25,15,40
2009,2,Districte II,5,Collblanc,221,75 i +,62,49,111
2000,5,Districte V,10,Pubilla Cases,532,12-15,23,16,39
2008,4,Districte IV,8,les Planes,419,12-15,20,22,42
2013,5,Districte V,9,Can Serra,501,12-15,23,18,41
2008,5,Districte V,10,Pubilla Cases,515,03-11,23,25,48
2001,3,Districte III,6,Santa Eulàlia,310,00-02,16,11,27
2009,4,Districte IV,8,les Planes,441,75 i +,94,59,153
2000,4,Districte IV,8,les Planes,436,16-17,4,8,12
2005,5,Districte V,10,Pubilla Cases,516,75 i +,24,15,39
2001,1,Districte I,1,Centre,108,18-24,41,52,93
2014,5,Districte V,10,Pubilla Cases,517,03-11,118,96,214
2004,2,Districte II,4,la Torrassa,230,50-64,51,45,96
2001,6,Districte VI,12,Bellvitge,614,03-11,30,35,65
2007,3,Districte III,6,Santa Eulàlia,315,16-17,13,21,34
2000,5,Districte V,10,Pubilla Cases,510,65-74,61,50,111
2013,5,Districte V,10,Pubilla Cases,520,12-15,16,16,32
1995,5,Districte V,10,Pubilla Cases,516,35-49,46,57,103
2002,2,Districte II,4,la Torrassa,249,16-17,7,6,13
1999,5,Districte V,9,Can Serra,506,25-34,144,158,302
2006,4,Districte IV,7,la Florida,405,12-15,9,8,17
1998,6,Districte VI,12,Bellvitge,607,00-02,5,11,16
2009,3,Districte III,6,Santa Eulàlia,324,65-74,30,35,65
2000,4,Districte IV,7,la Florida,412,65-74,94,92,186
2007,3,Districte III,6,Santa Eulàlia,310,75 i +,36,27,63
2007,2,Districte II,5,Collblanc,224,35-49,73,89,162
2005,4,Districte IV,7,la Florida,405,75 i +,51,38,89
1997,1,Districte I,1,Centre,107,35-49,185,181,366
2007,3,Districte III,6,Santa Eulàlia,320,16-17,7,5,12
2002,4,Districte IV,8,les Planes,418,25-34,108,140,248
2015,3,Districte III,6,Santa Eulàlia,325,12-15,26,39,65
2016,5,Districte V,9,Can Serra,505,50-64,86,82,168
2007,1,Districte I,1,Centre,123,65-74,57,61,118
2003,4,Districte IV,8,les Planes,429,16-17,4,8,12
2004,6,Districte VI,11,el Gornal,622,65-74,37,23,60
2016,4,Districte IV,8,les Planes,435,00-02,26,14,40
2004,5,Districte V,10,Pubilla Cases,510,00-02,12,5,17
2000,3,Districte III,6,Santa Eulàlia,312,25-34,170,198,368
1999,6,Districte VI,12,Bellvitge,628,00-02,5,10,15
2016,3,Districte III,6,Santa Eulàlia,303,50-64,118,129,247
2009,5,Districte V,10,Pubilla Cases,516,18-24,37,41,78
1995,1,Districte I,3,Sant Josep,117,25-34,131,132,263
1998,1,Districte I,1,Centre,101,18-24,64,64,128
2002,1,Districte I,2,Sanfeliu,116,65-74,63,60,123
2007,5,Districte V,9,Can Serra,504,18-24,31,48,79
2008,2,Districte II,4,la Torrassa,229,25-34,93,79,172
2008,6,Districte VI,12,Bellvitge,606,35-49,129,146,275
2012,2,Districte II,5,Collblanc,226,25-34,96,107,203
2008,6,Districte VI,12,Bellvitge,619,12-15,12,22,34
2012,2,Districte II,5,Collblanc,223,00-02,22,15,37
1998,6,Districte VI,12,Bellvitge,621,16-17,22,33,55
2010,6,Districte VI,12,Bellvitge,603,75 i +,22,24,46
2003,4,Districte IV,7,la Florida,408,16-17,10,6,16
1994,5,Districte V,10,Pubilla Cases,514,50-64,94,78,172
2013,2,Districte II,4,la Torrassa,240,25-34,129,133,262
1997,2,Districte II,5,Collblanc,210,50-64,104,82,186
1998,2,Districte II,5,Collblanc,216,75 i +,50,30,80
2000,2,Districte II,5,Collblanc,213,75 i +,31,24,55
2014,2,Districte II,4,la Torrassa,239,16-17,12,9,21
2005,5,Districte V,9,Can Serra,502,16-17,16,15,31
1996,3,Districte III,6,Santa Eulàlia,311,12-15,15,29,44
2001,6,Districte VI,12,Bellvitge,614,00-02,13,5,18
1995,3,Districte III,6,Santa Eulàlia,320,65-74,45,23,68
2003,2,Districte II,4,la Torrassa,233,00-02,12,6,18
2001,6,Districte VI,11,el Gornal,608,65-74,64,62,126
1995,3,Districte III,6,Santa Eulàlia,315,00-02,13,12,25
2006,6,Districte VI,12,Bellvitge,627,16-17,7,14,21
2003,4,Districte IV,7,la Florida,413,25-34,55,62,117
1995,1,Districte I,3,Sant Josep,119,50-64,126,151,277
2003,5,Districte V,10,Pubilla Cases,526,18-24,29,39,68
1996,1,Districte I,1,Centre,124,03-11,40,35,75
1994,1,Districte I,1,Centre,105,25-34,94,77,171
2007,4,Districte IV,7,la Florida,424,75 i +,19,23,42
2010,3,Districte III,6,Santa Eulàlia,321,00-02,17,19,36
2008,6,Districte VI,12,Bellvitge,604,03-11,24,38,62
2012,2,Districte II,5,Collblanc,210,50-64,70,80,150
2014,6,Districte VI,12,Bellvitge,606,65-74,62,40,102
2015,1,Districte I,1,Centre,102,16-17,12,13,25
1995,5,Districte V,10,Pubilla Cases,524,35-49,95,97,192
2000,5,Districte V,10,Pubilla Cases,510,18-24,47,51,98
1997,5,Districte V,10,Pubilla Cases,508,65-74,39,34,73
1997,3,Districte III,6,Santa Eulàlia,303,18-24,112,125,237
2010,1,Districte I,3,Sant Josep,117,35-49,210,219,429
1995,2,Districte II,4,la Torrassa,234,03-11,25,30,55
1995,2,Districte II,5,Collblanc,202,75 i +,31,20,51
2005,2,Districte II,5,Collblanc,203,25-34,90,107,197
2008,2,Districte II,4,la Torrassa,231,25-34,110,129,239
2011,6,Districte VI,12,Bellvitge,611,50-64,110,103,213
2010,5,Districte V,9,Can Serra,503,03-11,28,23,51
2012,6,Districte VI,12,Bellvitge,604,12-15,13,12,25
1999,4,Districte IV,7,la Florida,410,75 i +,67,46,113
2003,1,Districte I,3,Sant Josep,138,75 i +,26,14,40
1996,1,Districte I,1,Centre,113,65-74,40,31,71
2015,1,Districte I,2,Sanfeliu,118,12-15,31,17,48
1997,5,Districte V,10,Pubilla Cases,514,18-24,35,36,71
2015,1,Districte I,1,Centre,101,16-17,19,15,34
2000,5,Districte V,10,Pubilla Cases,528,16-17,6,6,12
2015,2,Districte II,5,Collblanc,210,35-49,103,88,191
2003,2,Districte II,4,la Torrassa,246,75 i +,71,39,110
1998,4,Districte IV,7,la Florida,410,00-02,14,17,31
2005,4,Districte IV,7,la Florida,432,03-11,26,35,61
1995,4,Districte IV,7,la Florida,404,03-11,52,43,95
2001,4,Districte IV,7,la Florida,425,12-15,14,12,26
2007,4,Districte IV,8,les Planes,418,18-24,51,70,121
2016,1,Districte I,1,Centre,123,12-15,23,22,45
2013,2,Districte II,4,la Torrassa,240,03-11,82,65,147
2007,1,Districte I,3,Sant Josep,117,25-34,135,177,312
2004,4,Districte IV,7,la Florida,406,00-02,14,20,34
2001,4,Districte IV,7,la Florida,417,75 i +,31,17,48
2000,2,Districte II,5,Collblanc,221,25-34,100,73,173
1997,1,Districte I,1,Centre,113,75 i +,34,17,51
2010,4,Districte IV,8,les Planes,401,25-34,96,97,193
1995,2,Districte II,5,Collblanc,204,35-49,48,41,89
2015,1,Districte I,1,Centre,113,12-15,15,29,44
1997,4,Districte IV,7,la Florida,414,00-02,6,8,14
2011,5,Districte V,10,Pubilla Cases,534,16-17,4,4,8
1997,6,Districte VI,12,Bellvitge,623,03-11,48,58,106
2003,5,Districte V,10,Pubilla Cases,536,16-17,8,8,16
2013,5,Districte V,10,Pubilla Cases,508,75 i +,74,45,119
2004,3,Districte III,6,Santa Eulàlia,325,00-02,24,26,50
1999,6,Districte VI,11,el Gornal,616,50-64,175,183,358
2002,4,Districte IV,8,les Planes,435,35-49,75,112,187
1998,2,Districte II,4,la Torrassa,246,50-64,87,74,161
2008,1,Districte I,1,Centre,109,65-74,45,47,92
1998,1,Districte I,1,Centre,113,75 i +,37,21,58
2002,4,Districte IV,8,les Planes,441,75 i +,77,58,135
2008,6,Districte VI,12,Bellvitge,614,65-74,65,69,134
2000,3,Districte III,6,Santa Eulàlia,323,50-64,220,267,487
2016,6,Districte VI,11,el Gornal,632,25-34,47,52,99
2014,4,Districte IV,8,les Planes,401,16-17,12,18,30
2011,1,Districte I,3,Sant Josep,125,25-34,120,139,259
2011,3,Districte III,6,Santa Eulàlia,310,50-64,90,94,184
2002,3,Districte III,6,Santa Eulàlia,319,50-64,96,97,193
1994,3,Districte III,6,Santa Eulàlia,312,65-74,37,30,67
2000,1,Districte I,3,Sant Josep,120,12-15,40,45,85
2013,6,Districte VI,11,el Gornal,626,00-02,9,12,21
2001,3,Districte III,6,Santa Eulàlia,307,18-24,105,93,198
2011,4,Districte IV,7,la Florida,407,65-74,52,34,86
2007,5,Districte V,10,Pubilla Cases,528,03-11,65,51,116
2015,6,Districte VI,12,Bellvitge,605,65-74,153,102,255
1998,3,Districte III,6,Santa Eulàlia,321,50-64,200,227,427
2016,4,Districte IV,7,la Florida,406,35-49,162,155,317
2011,4,Districte IV,7,la Florida,430,03-11,48,52,100
1996,5,Districte V,9,Can Serra,502,50-64,154,159,313
2004,1,Districte I,3,Sant Josep,140,25-34,112,112,224
2016,1,Districte I,1,Centre,101,35-49,389,381,770
2002,1,Districte I,2,Sanfeliu,129,35-49,102,109,211
1997,1,Districte I,2,Sanfeliu,118,50-64,115,153,268
1994,3,Districte III,6,Santa Eulàlia,313,75 i +,49,22,71
2001,5,Districte V,10,Pubilla Cases,522,25-34,63,73,136
1994,2,Districte II,5,Collblanc,212,16-17,19,23,42
2010,5,Districte V,9,Can Serra,506,35-49,182,179,361
1997,3,Districte III,6,Santa Eulàlia,313,25-34,150,149,299
1994,6,Districte VI,12,Bellvitge,614,16-17,18,17,35
2013,1,Districte I,3,Sant Josep,114,12-15,26,25,51
2013,2,Districte II,5,Collblanc,205,75 i +,86,53,139
2009,1,Districte I,3,Sant Josep,126,65-74,67,85,152
2010,5,Districte V,10,Pubilla Cases,514,18-24,41,27,68
2011,3,Districte III,6,Santa Eulàlia,323,18-24,105,92,197
2005,2,Districte II,4,la Torrassa,246,03-11,37,36,73
2000,6,Districte VI,12,Bellvitge,630,16-17,13,11,24
1995,6,Districte VI,11,el Gornal,608,00-02,14,7,21
2010,5,Districte V,10,Pubilla Cases,511,18-24,22,28,50
2011,2,Districte II,5,Collblanc,226,75 i +,85,49,134
2013,5,Districte V,10,Pubilla Cases,533,35-49,245,273,518
2002,2,Districte II,4,la Torrassa,241,65-74,55,46,101
2007,5,Districte V,10,Pubilla Cases,528,18-24,65,55,120
2012,6,Districte VI,11,el Gornal,617,03-11,33,42,75
2014,6,Districte VI,12,Bellvitge,613,75 i +,80,50,130
2003,1,Districte I,3,Sant Josep,125,65-74,53,57,110
2006,6,Districte VI,12,Bellvitge,613,25-34,114,120,234
2013,4,Districte IV,7,la Florida,421,12-15,22,15,37
1998,3,Districte III,6,Santa Eulàlia,323,50-64,177,207,384
2011,1,Districte I,1,Centre,112,00-02,15,14,29
2011,4,Districte IV,8,les Planes,419,12-15,20,24,44
2003,5,Districte V,10,Pubilla Cases,513,18-24,41,20,61
1997,4,Districte IV,7,la Florida,426,18-24,50,64,114
2001,3,Districte III,6,Santa Eulàlia,306,50-64,145,122,267
2009,5,Districte V,9,Can Serra,535,00-02,8,11,19
2000,5,Districte V,10,Pubilla Cases,528,65-74,63,59,122
2007,1,Districte I,1,Centre,108,65-74,64,42,106
2007,5,Districte V,10,Pubilla Cases,515,18-24,37,43,80
1995,6,Districte VI,12,Bellvitge,631,00-02,9,8,17
2000,5,Districte V,10,Pubilla Cases,538,50-64,121,96,217
2001,4,Districte IV,7,la Florida,426,65-74,59,45,104
2009,3,Districte III,6,Santa Eulàlia,320,12-15,11,13,24
1995,5,Districte V,10,Pubilla Cases,512,16-17,9,6,15
1997,5,Districte V,9,Can Serra,535,25-34,43,81,124
2005,3,Districte III,6,Santa Eulàlia,319,75 i +,38,22,60
2012,4,Districte IV,8,les Planes,433,35-49,140,168,308
1999,6,Districte VI,12,Bellvitge,619,12-15,21,35,56
2007,5,Districte V,9,Can Serra,504,75 i +,68,52,120
2008,4,Districte IV,7,la Florida,404,75 i +,79,39,118
1996,4,Districte IV,7,la Florida,421,65-74,60,60,120
1996,5,Districte V,10,Pubilla Cases,512,16-17,5,10,15
1996,6,Districte VI,12,Bellvitge,631,12-15,24,26,50
1997,2,Districte II,5,Collblanc,210,18-24,48,50,98
2002,5,Districte V,10,Pubilla Cases,510,75 i +,55,27,82
2016,5,Districte V,10,Pubilla Cases,530,25-34,139,120,259
2012,4,Districte IV,7,la Florida,406,65-74,73,61,134
2010,6,Districte VI,12,Bellvitge,609,12-15,18,19,37
2015,5,Districte V,10,Pubilla Cases,517,16-17,23,27,50
2015,3,Districte III,6,Santa Eulàlia,303,18-24,37,38,75
2001,4,Districte IV,7,la Florida,417,16-17,5,5,10
1998,4,Districte IV,7,la Florida,404,12-15,21,20,41
2008,6,Districte VI,12,Bellvitge,620,18-24,24,26,50
1996,2,Districte II,4,la Torrassa,241,50-64,73,64,137
2002,2,Districte II,4,la Torrassa,231,35-49,113,123,236
2002,5,Districte V,9,Can Serra,535,50-64,139,135,274
2011,2,Districte II,5,Collblanc,201,16-17,7,7,14
2008,3,Districte III,6,Santa Eulàlia,315,75 i +,67,26,93
2009,5,Districte V,9,Can Serra,501,00-02,11,12,23
2010,1,Districte I,1,Centre,103,50-64,63,59,122
1994,1,Districte I,3,Sant Josep,117,65-74,63,46,109
1998,3,Districte III,6,Santa Eulàlia,301,00-02,18,23,41
2004,6,Districte VI,12,Bellvitge,601,75 i +,67,35,102
2003,3,Districte III,6,Santa Eulàlia,320,16-17,9,13,22
2009,6,Districte VI,12,Bellvitge,611,50-64,120,86,206
2001,1,Districte I,2,Sanfeliu,129,00-02,8,13,21
2008,1,Districte I,1,Centre,103,65-74,44,41,85
2000,1,Districte I,1,Centre,130,16-17,4,5,9
1995,2,Districte II,4,la Torrassa,217,35-49,48,57,105
2007,3,Districte III,6,Santa Eulàlia,310,12-15,13,12,25
2012,2,Districte II,4,la Torrassa,229,16-17,13,13,26
2015,1,Districte I,3,Sant Josep,120,65-74,88,80,168
2010,6,Districte VI,12,Bellvitge,631,12-15,15,12,27
1999,6,Districte VI,11,el Gornal,626,75 i +,25,17,42
2003,2,Districte II,5,Collblanc,210,25-34,72,74,146
2010,3,Districte III,6,Santa Eulàlia,324,65-74,38,34,72
2007,6,Districte VI,12,Bellvitge,605,18-24,22,16,38
2016,1,Districte I,3,Sant Josep,115,75 i +,70,37,107
2002,4,Districte IV,7,la Florida,425,12-15,17,15,32
2002,3,Districte III,6,Santa Eulàlia,316,65-74,44,41,85
2004,3,Districte III,6,Santa Eulàlia,315,03-11,44,58,102
2003,3,Districte III,6,Santa Eulàlia,304,18-24,46,45,91
1995,4,Districte IV,8,les Planes,435,16-17,13,12,25
1995,1,Districte I,1,Centre,130,03-11,30,26,56
1994,2,Districte II,4,la Torrassa,247,18-24,67,62,129
2012,1,Districte I,1,Centre,105,75 i +,67,38,105
2008,5,Districte V,10,Pubilla Cases,530,12-15,19,18,37
2005,3,Districte III,6,Santa Eulàlia,314,16-17,16,32,48
2002,1,Districte I,1,Centre,109,75 i +,53,31,84
2002,5,Districte V,10,Pubilla Cases,534,65-74,61,61,122
1998,6,Districte VI,12,Bellvitge,620,16-17,14,11,25
2001,2,Districte II,5,Collblanc,224,18-24,28,23,51
2008,5,Districte V,10,Pubilla Cases,508,50-64,36,41,77
2002,5,Districte V,10,Pubilla Cases,534,75 i +,53,20,73
1996,2,Districte II,5,Collblanc,213,18-24,58,64,122
2016,5,Districte V,9,Can Serra,503,25-34,28,49,77
2007,2,Districte II,4,la Torrassa,240,00-02,10,7,17
2001,4,Districte IV,7,la Florida,431,25-34,134,121,255
2002,3,Districte III,6,Santa Eulàlia,318,65-74,23,24,47
2001,6,Districte VI,12,Bellvitge,615,12-15,8,13,21
1999,1,Districte I,1,Centre,134,25-34,106,99,205
2004,2,Districte II,4,la Torrassa,240,03-11,25,34,59
2004,4,Districte IV,7,la Florida,413,65-74,40,32,72
2009,4,Districte IV,8,les Planes,441,03-11,63,76,139
2004,3,Districte III,6,Santa Eulàlia,304,25-34,128,132,260
2000,1,Districte I,2,Sanfeliu,132,25-34,161,174,335
1996,2,Districte II,4,la Torrassa,231,18-24,58,57,115
2009,6,Districte VI,12,Bellvitge,612,65-74,92,88,180
2005,5,Districte V,10,Pubilla Cases,516,35-49,86,109,195
2014,4,Districte IV,7,la Florida,421,25-34,76,78,154
2005,6,Districte VI,12,Bellvitge,615,18-24,25,22,47
2004,6,Districte VI,12,Bellvitge,628,25-34,86,109,195
2012,2,Districte II,5,Collblanc,215,25-34,102,91,193
2012,2,Districte II,5,Collblanc,201,12-15,13,18,31
2009,2,Districte II,4,la Torrassa,249,35-49,146,150,296
1998,1,Districte I,1,Centre,105,18-24,87,74,161
2004,3,Districte III,6,Santa Eulàlia,310,65-74,37,28,65
1996,3,Districte III,6,Santa Eulàlia,302,00-02,15,21,36
2008,1,Districte I,3,Sant Josep,139,16-17,7,5,12
1995,5,Districte V,10,Pubilla Cases,531,16-17,9,13,22
2002,4,Districte IV,7,la Florida,407,12-15,9,24,33
1996,6,Districte VI,12,Bellvitge,606,03-11,50,48,98
2015,2,Districte II,5,Collblanc,210,50-64,79,79,158
1998,4,Districte IV,8,les Planes,419,16-17,4,9,13
2005,1,Districte I,1,Centre,135,25-34,133,152,285
2013,1,Districte I,3,Sant Josep,106,25-34,130,137,267
2009,5,Districte V,9,Can Serra,506,50-64,237,204,441
1996,3,Districte III,6,Santa Eulàlia,306,03-11,51,73,124
2010,2,Districte II,5,Collblanc,210,65-74,56,46,102
1994,2,Districte II,4,la Torrassa,228,35-49,46,49,95
2000,5,Districte V,10,Pubilla Cases,516,25-34,68,62,130
2000,5,Districte V,10,Pubilla Cases,538,25-34,97,109,206
1994,4,Districte IV,7,la Florida,425,50-64,100,96,196
2002,2,Districte II,4,la Torrassa,230,00-02,14,10,24
2000,2,Districte II,5,Collblanc,214,16-17,2,7,9
2004,3,Districte III,6,Santa Eulàlia,319,03-11,57,73,130
2010,6,Districte VI,11,el Gornal,617,16-17,3,8,11
2016,1,Districte I,1,Centre,103,03-11,31,33,64
2011,4,Districte IV,7,la Florida,421,25-34,100,103,203
2014,4,Districte IV,7,la Florida,430,00-02,18,13,31
2000,1,Districte I,1,Centre,130,35-49,78,95,173
2013,2,Districte II,4,la Torrassa,246,12-15,17,21,38
2000,5,Districte V,10,Pubilla Cases,529,65-74,88,87,175
2008,5,Districte V,10,Pubilla Cases,531,00-02,16,23,39
2009,5,Districte V,10,Pubilla Cases,522,03-11,36,49,85
1998,6,Districte VI,12,Bellvitge,613,00-02,12,10,22
2011,2,Districte II,5,Collblanc,221,18-24,52,39,91
2003,2,Districte II,5,Collblanc,221,50-64,89,82,171
2007,5,Districte V,10,Pubilla Cases,537,50-64,136,95,231
2007,5,Districte V,9,Can Serra,501,65-74,39,33,72
2014,1,Districte I,1,Centre,104,25-34,49,49,98
2006,1,Districte I,3,Sant Josep,125,16-17,15,13,28
2008,3,Districte III,6,Santa Eulàlia,304,00-02,29,36,65
2015,4,Districte IV,7,la Florida,403,75 i +,95,82,177
2016,4,Districte IV,8,les Planes,419,50-64,150,154,304
1999,1,Districte I,3,Sant Josep,125,25-34,92,84,176
2006,3,Districte III,6,Santa Eulàlia,310,00-02,14,18,32
1998,4,Districte IV,7,la Florida,424,18-24,35,54,89
1997,6,Districte VI,12,Bellvitge,614,75 i +,37,15,52
2009,2,Districte II,5,Collblanc,207,25-34,77,81,158
2005,2,Districte II,4,la Torrassa,247,18-24,54,55,109
1996,6,Districte VI,11,el Gornal,608,00-02,14,11,25
2011,2,Districte II,5,Collblanc,225,65-74,31,18,49
2009,2,Districte II,4,la Torrassa,232,25-34,103,92,195
2009,5,Districte V,10,Pubilla Cases,510,35-49,111,137,248
2005,2,Districte II,4,la Torrassa,243,12-15,30,35,65
2013,6,Districte VI,11,el Gornal,617,03-11,34,46,80
2005,5,Districte V,9,Can Serra,506,75 i +,72,42,114
2009,4,Districte IV,7,la Florida,414,50-64,70,51,121
2005,4,Districte IV,7,la Florida,416,35-49,84,90,174
2000,2,Districte II,4,la Torrassa,235,50-64,142,112,254
1996,5,Districte V,10,Pubilla Cases,520,18-24,71,64,135
2005,1,Districte I,1,Centre,113,35-49,168,158,326
2008,3,Districte III,6,Santa Eulàlia,311,03-11,61,66,127
2013,3,Districte III,6,Santa Eulàlia,304,75 i +,108,59,167
2016,5,Districte V,9,Can Serra,506,18-24,49,62,111
2012,4,Districte IV,8,les Planes,442,18-24,16,26,42
2004,5,Districte V,10,Pubilla Cases,526,25-34,75,105,180
2005,1,Districte I,2,Sanfeliu,129,65-74,48,59,107
1995,3,Districte III,6,Santa Eulàlia,307,03-11,61,77,138
2009,4,Districte IV,7,la Florida,424,00-02,11,12,23
2007,1,Districte I,3,Sant Josep,106,00-02,27,22,49
2004,2,Districte II,5,Collblanc,227,18-24,22,28,50
2013,1,Districte I,3,Sant Josep,140,00-02,13,18,31
2009,5,Districte V,10,Pubilla Cases,517,03-11,57,71,128
2015,2,Districte II,5,Collblanc,212,12-15,23,23,46
2004,6,Districte VI,11,el Gornal,622,16-17,10,9,19
2013,2,Districte II,5,Collblanc,207,75 i +,124,54,178
1997,1,Districte I,3,Sant Josep,140,65-74,59,59,118
1996,5,Districte V,10,Pubilla Cases,538,00-02,5,11,16
2013,5,Districte V,10,Pubilla Cases,508,12-15,26,23,49
1998,4,Districte IV,8,les Planes,401,25-34,84,90,174
2010,3,Districte III,6,Santa Eulàlia,313,16-17,16,9,25
1996,6,Districte VI,12,Bellvitge,623,18-24,140,164,304
2006,1,Districte I,3,Sant Josep,121,00-02,9,13,22
2014,4,Districte IV,7,la Florida,405,35-49,230,221,451
2016,3,Districte III,13,Granvia Sud,320,00-02,14,21,35
2004,2,Districte II,4,la Torrassa,234,00-02,13,14,27
2000,6,Districte VI,11,el Gornal,622,35-49,97,89,186
2008,1,Districte I,3,Sant Josep,114,25-34,139,135,274
2008,3,Districte III,6,Santa Eulàlia,325,75 i +,172,99,271
2014,1,Districte I,3,Sant Josep,127,65-74,35,23,58
1995,2,Districte II,5,Collblanc,203,75 i +,45,22,67
2000,2,Districte II,5,Collblanc,219,25-34,103,89,192
2012,6,Districte VI,12,Bellvitge,601,03-11,45,68,113
2016,5,Districte V,10,Pubilla Cases,524,03-11,54,66,120
1994,4,Districte IV,7,la Florida,413,16-17,4,8,12
2009,1,Districte I,3,Sant Josep,114,75 i +,74,44,118
2009,3,Districte III,6,Santa Eulàlia,323,25-34,238,280,518
2001,2,Districte II,5,Collblanc,224,35-49,62,60,122
2000,2,Districte II,4,la Torrassa,240,25-34,60,65,125
2004,3,Districte III,6,Santa Eulàlia,307,75 i +,82,47,129
2007,4,Districte IV,8,les Planes,436,50-64,56,53,109
2001,1,Districte I,3,Sant Josep,137,00-02,18,18,36
2001,1,Districte I,3,Sant Josep,139,03-11,33,31,64
2010,2,Districte II,4,la Torrassa,245,35-49,146,158,304
1995,4,Districte IV,7,la Florida,415,16-17,6,10,16
1997,6,Districte VI,12,Bellvitge,618,12-15,9,14,23
2013,6,Districte VI,12,Bellvitge,615,75 i +,47,44,91
2004,4,Districte IV,7,la Florida,427,50-64,76,58,134
2000,6,Districte VI,12,Bellvitge,611,25-34,184,201,385
2006,2,Districte II,5,Collblanc,224,65-74,30,17,47
1997,5,Districte V,10,Pubilla Cases,534,65-74,54,47,101
2000,6,Districte VI,12,Bellvitge,624,50-64,159,179,338
1998,2,Districte II,5,Collblanc,227,25-34,58,55,113
2010,6,Districte VI,11,el Gornal,626,00-02,6,10,16
1995,3,Districte III,6,Santa Eulàlia,324,50-64,70,73,143
1998,6,Districte VI,12,Bellvitge,601,00-02,12,12,24
2002,2,Districte II,4,la Torrassa,240,75 i +,47,24,71
2012,6,Districte VI,11,el Gornal,617,35-49,110,130,240
2001,2,Districte II,5,Collblanc,205,00-02,8,6,14
2000,5,Districte V,10,Pubilla Cases,538,18-24,50,49,99
2010,6,Districte VI,12,Bellvitge,603,25-34,42,57,99
2010,4,Districte IV,7,la Florida,416,35-49,95,91,186
1999,2,Districte II,4,la Torrassa,218,18-24,34,39,73
2009,1,Districte I,3,Sant Josep,137,50-64,169,131,300
1996,2,Districte II,5,Collblanc,201,75 i +,33,11,44
1998,4,Districte IV,8,les Planes,420,03-11,39,40,79
2009,1,Districte I,3,Sant Josep,125,50-64,173,147,320
2013,2,Districte II,4,la Torrassa,233,03-11,33,36,69
2005,5,Districte V,10,Pubilla Cases,523,25-34,130,142,272
2003,2,Districte II,5,Collblanc,206,50-64,65,65,130
2005,5,Districte V,10,Pubilla Cases,534,75 i +,59,30,89
1996,2,Districte II,4,la Torrassa,239,35-49,90,78,168
2005,3,Districte III,6,Santa Eulàlia,310,25-34,105,120,225
2009,1,Districte I,1,Centre,135,00-02,24,18,42
1999,3,Districte III,6,Santa Eulàlia,311,65-74,86,74,160
1999,6,Districte VI,12,Bellvitge,628,18-24,77,97,174
2001,1,Districte I,3,Sant Josep,136,18-24,64,68,132
1997,1,Districte I,1,Centre,103,00-02,9,9,18
2012,2,Districte II,4,la Torrassa,241,18-24,49,39,88
2014,1,Districte I,3,Sant Josep,139,50-64,94,84,178
2008,2,Districte II,5,Collblanc,209,35-49,126,128,254
1998,4,Districte IV,7,la Florida,404,16-17,17,18,35
2014,6,Districte VI,12,Bellvitge,621,18-24,52,41,93
1998,6,Districte VI,12,Bellvitge,603,75 i +,12,14,26
2008,4,Districte IV,8,les Planes,438,25-34,79,94,173
2005,3,Districte III,6,Santa Eulàlia,312,12-15,26,25,51
2015,3,Districte III,6,Santa Eulàlia,311,35-49,169,215,384
2002,2,Districte II,5,Collblanc,223,12-15,15,14,29
2010,5,Districte V,10,Pubilla Cases,514,75 i +,43,29,72
2000,2,Districte II,4,la Torrassa,237,25-34,106,147,253
2007,2,Districte II,5,Collblanc,216,75 i +,68,49,117
2002,1,Districte I,1,Centre,135,16-17,12,17,29
2009,3,Districte III,6,Santa Eulàlia,316,35-49,175,133,308
2002,4,Districte IV,8,les Planes,433,03-11,37,47,84
2000,1,Districte I,3,Sant Josep,117,16-17,32,27,59
2014,5,Districte V,10,Pubilla Cases,529,65-74,55,41,96
1998,5,Districte V,10,Pubilla Cases,534,03-11,32,25,57
2005,3,Districte III,6,Santa Eulàlia,306,18-24,77,70,147
1996,1,Districte I,3,Sant Josep,136,75 i +,43,23,66
2004,6,Districte VI,12,Bellvitge,623,12-15,14,20,34
2003,3,Districte III,6,Santa Eulàlia,312,50-64,199,146,345
2009,3,Districte III,6,Santa Eulàlia,305,35-49,193,186,379
1996,6,Districte VI,12,Bellvitge,609,75 i +,31,14,45
2015,6,Districte VI,12,Bellvitge,614,12-15,17,8,25
1994,1,Districte I,3,Sant Josep,126,65-74,50,41,91
2014,6,Districte VI,12,Bellvitge,630,12-15,13,11,24
2011,5,Districte V,10,Pubilla Cases,515,00-02,4,13,17
2006,2,Districte II,5,Collblanc,209,16-17,11,12,23
2012,5,Districte V,10,Pubilla Cases,511,18-24,29,37,66
1995,1,Districte I,1,Centre,113,65-74,43,34,77
2006,2,Districte II,5,Collblanc,206,18-24,42,41,83
2016,6,Districte VI,12,Bellvitge,611,75 i +,101,91,192
1995,5,Districte V,10,Pubilla Cases,516,16-17,6,10,16
2008,6,Districte VI,12,Bellvitge,615,65-74,72,80,152
2008,3,Districte III,6,Santa Eulàlia,311,00-02,14,30,44
2012,1,Districte I,3,Sant Josep,137,12-15,34,25,59
1997,2,Districte II,4,la Torrassa,240,35-49,53,52,105
1994,4,Districte IV,7,la Florida,424,00-02,4,4,8
1997,5,Districte V,10,Pubilla Cases,522,65-74,39,38,77
2013,6,Districte VI,12,Bellvitge,609,65-74,80,76,156
1997,6,Districte VI,11,el Gornal,622,03-11,42,41,83
1994,2,Districte II,4,la Torrassa,229,75 i +,40,15,55
2006,6,Districte VI,12,Bellvitge,627,00-02,10,8,18
2010,3,Districte III,6,Santa Eulàlia,322,12-15,29,30,59
2015,2,Districte II,4,la Torrassa,232,35-49,136,140,276
2004,4,Districte IV,7,la Florida,430,18-24,51,42,93
1997,3,Districte III,6,Santa Eulàlia,314,75 i +,61,26,87
2001,1,Districte I,1,Centre,112,25-34,136,119,255
1999,5,Districte V,10,Pubilla Cases,526,35-49,55,62,117
2001,1,Districte I,3,Sant Josep,122,75 i +,44,23,67
2011,1,Districte I,1,Centre,113,00-02,30,41,71
2008,6,Districte VI,12,Bellvitge,628,50-64,124,93,217
2004,2,Districte II,4,la Torrassa,241,03-11,29,28,57
2014,1,Districte I,3,Sant Josep,122,18-24,27,17,44
2000,5,Districte V,10,Pubilla Cases,515,00-02,6,4,10
2009,2,Districte II,5,Collblanc,221,65-74,60,53,113
2013,5,Districte V,9,Can Serra,521,12-15,15,16,31
2002,4,Districte IV,7,la Florida,425,16-17,9,6,15
2001,2,Districte II,5,Collblanc,216,00-02,15,10,25
2004,2,Districte II,4,la Torrassa,249,35-49,124,134,258
2016,1,Districte I,1,Centre,135,16-17,16,11,27
1994,3,Districte III,6,Santa Eulàlia,315,12-15,41,56,97
2016,5,Districte V,10,Pubilla Cases,532,18-24,44,44,88
2008,1,Districte I,3,Sant Josep,136,00-02,21,20,41
2007,6,Districte VI,12,Bellvitge,619,16-17,6,11,17
2013,6,Districte VI,12,Bellvitge,621,75 i +,46,32,78
2013,6,Districte VI,12,Bellvitge,625,35-49,122,126,248
1998,6,Districte VI,12,Bellvitge,604,75 i +,21,15,36
1998,5,Districte V,10,Pubilla Cases,513,18-24,37,44,81
2010,3,Districte III,6,Santa Eulàlia,304,03-11,105,104,209
2009,3,Districte III,6,Santa Eulàlia,313,00-02,20,34,54
2004,5,Districte V,9,Can Serra,507,16-17,12,7,19
2007,3,Districte III,6,Santa Eulàlia,324,50-64,72,71,143
2000,5,Districte V,10,Pubilla Cases,515,35-49,50,43,93
2011,2,Districte II,4,la Torrassa,245,25-34,89,99,188
2008,2,Districte II,5,Collblanc,226,18-24,60,43,103
2008,6,Districte VI,12,Bellvitge,631,00-02,14,15,29
2013,5,Districte V,10,Pubilla Cases,533,16-17,17,13,30
2013,3,Districte III,6,Santa Eulàlia,309,03-11,58,61,119
2010,3,Districte III,6,Santa Eulàlia,325,16-17,16,15,31
2001,5,Districte V,10,Pubilla Cases,534,65-74,55,62,117
1997,1,Districte I,1,Centre,128,12-15,20,22,42
2000,6,Districte VI,12,Bellvitge,625,65-74,38,36,74
1996,1,Districte I,3,Sant Josep,120,03-11,82,91,173
2004,2,Districte II,5,Collblanc,206,25-34,79,104,183
1999,3,Districte III,6,Santa Eulàlia,305,65-74,87,57,144
1998,1,Districte I,1,Centre,110,50-64,156,152,308
2011,2,Districte II,5,Collblanc,223,16-17,15,10,25
2001,2,Districte II,5,Collblanc,226,16-17,8,9,17
2003,1,Districte I,1,Centre,107,03-11,45,56,101
2004,4,Districte IV,7,la Florida,417,03-11,25,16,41
2000,4,Districte IV,7,la Florida,423,12-15,11,19,30
2012,4,Districte IV,8,les Planes,435,75 i +,87,39,126
2010,5,Districte V,9,Can Serra,535,25-34,63,55,118
2006,2,Districte II,4,la Torrassa,249,12-15,22,17,39
2005,6,Districte VI,12,Bellvitge,604,25-34,42,83,125
2014,3,Districte III,6,Santa Eulàlia,310,03-11,37,48,85
2006,2,Districte II,4,la Torrassa,245,03-11,43,37,80
2016,2,Districte II,5,Collblanc,210,25-34,39,52,91
2012,4,Districte IV,7,la Florida,415,35-49,119,145,264
1994,5,Districte V,10,Pubilla Cases,537,35-49,140,116,256
2010,4,Districte IV,7,la Florida,422,35-49,123,144,267
1999,4,Districte IV,8,les Planes,434,75 i +,45,31,76
2003,5,Districte V,10,Pubilla Cases,532,50-64,137,118,255
2002,6,Districte VI,12,Bellvitge,627,50-64,127,139,266
2011,6,Districte VI,12,Bellvitge,623,16-17,8,18,26
2000,5,Districte V,10,Pubilla Cases,509,35-49,74,65,139
1994,4,Districte IV,8,les Planes,440,25-34,71,90,161
1998,6,Districte VI,12,Bellvitge,631,12-15,24,12,36
2008,2,Districte II,5,Collblanc,213,35-49,125,131,256
2006,3,Districte III,6,Santa Eulàlia,321,75 i +,111,59,170
2007,1,Districte I,1,Centre,113,75 i +,52,37,89
2005,4,Districte IV,8,les Planes,434,75 i +,54,23,77
1999,2,Districte II,5,Collblanc,222,75 i +,29,20,49
2003,5,Districte V,10,Pubilla Cases,529,50-64,102,85,187
2010,2,Districte II,4,la Torrassa,217,03-11,28,39,67
2015,2,Districte II,5,Collblanc,210,03-11,39,33,72
1997,2,Districte II,4,la Torrassa,229,18-24,32,37,69
2008,6,Districte VI,12,Bellvitge,613,25-34,88,127,215
1997,5,Districte V,10,Pubilla Cases,509,16-17,12,6,18
2001,1,Districte I,1,Centre,108,75 i +,88,43,131
2008,6,Districte VI,12,Bellvitge,621,18-24,48,53,101
2004,5,Districte V,10,Pubilla Cases,532,25-34,135,164,299
2014,5,Districte V,9,Can Serra,535,25-34,46,44,90
2008,3,Districte III,6,Santa Eulàlia,322,65-74,56,44,100
2014,3,Districte III,6,Santa Eulàlia,310,75 i +,45,20,65
2009,6,Districte VI,12,Bellvitge,607,03-11,48,31,79
1995,2,Districte II,4,la Torrassa,233,50-64,96,79,175
2014,3,Districte III,6,Santa Eulàlia,310,50-64,88,89,177
2005,3,Districte III,6,Santa Eulàlia,306,50-64,146,127,273
2006,3,Districte III,6,Santa Eulàlia,323,12-15,56,53,109
2008,2,Districte II,4,la Torrassa,218,16-17,5,5,10
2014,2,Districte II,5,Collblanc,209,25-34,76,77,153
1999,1,Districte I,1,Centre,124,16-17,13,14,27
2005,6,Districte VI,12,Bellvitge,628,50-64,142,117,259
2000,4,Districte IV,7,la Florida,421,03-11,28,35,63
2016,2,Districte II,4,la Torrassa,242,50-64,99,98,197
1996,3,Districte III,6,Santa Eulàlia,304,12-15,16,12,28
2006,5,Districte V,10,Pubilla Cases,518,00-02,11,19,30
2010,2,Districte II,4,la Torrassa,228,12-15,6,15,21
2013,3,Districte III,6,Santa Eulàlia,312,35-49,195,236,431
1997,2,Districte II,4,la Torrassa,247,35-49,100,112,212
2012,5,Districte V,10,Pubilla Cases,517,12-15,27,30,57
1996,6,Districte VI,12,Bellvitge,619,18-24,108,95,203
1999,5,Districte V,10,Pubilla Cases,531,65-74,55,51,106
2002,2,Districte II,5,Collblanc,207,35-49,72,67,139
2014,6,Districte VI,12,Bellvitge,614,75 i +,65,52,117
2006,4,Districte IV,8,les Planes,440,18-24,35,23,58
2002,5,Districte V,9,Can Serra,507,65-74,36,37,73
2012,1,Districte I,3,Sant Josep,121,75 i +,86,46,132
1994,4,Districte IV,7,la Florida,409,75 i +,19,7,26
2007,6,Districte VI,12,Bellvitge,602,25-34,48,44,92
1995,3,Districte III,6,Santa Eulàlia,320,25-34,56,68,124
2016,1,Districte I,3,Sant Josep,140,35-49,131,129,260
2014,2,Districte II,5,Collblanc,202,12-15,30,23,53
1996,6,Districte VI,12,Bellvitge,631,00-02,12,7,19
2013,2,Districte II,5,Collblanc,210,50-64,73,81,154
2006,1,Districte I,1,Centre,123,65-74,56,58,114
2004,2,Districte II,4,la Torrassa,230,03-11,30,55,85
2004,4,Districte IV,7,la Florida,410,18-24,73,64,137
2008,2,Districte II,4,la Torrassa,232,25-34,88,99,187
1997,4,Districte IV,7,la Florida,421,00-02,7,14,21
2016,1,Districte I,3,Sant Josep,120,03-11,55,71,126
1998,4,Districte IV,8,les Planes,440,03-11,15,26,41
2000,6,Districte VI,12,Bellvitge,605,35-49,52,41,93
1998,4,Districte IV,7,la Florida,431,35-49,123,120,243
2012,3,Districte III,6,Santa Eulàlia,315,35-49,255,241,496
2005,3,Districte III,6,Santa Eulàlia,324,18-24,48,45,93
1995,4,Districte IV,7,la Florida,422,03-11,29,45,74
2005,5,Districte V,10,Pubilla Cases,516,00-02,9,9,18
2011,1,Districte I,3,Sant Josep,122,35-49,105,107,212
2013,2,Districte II,4,la Torrassa,245,35-49,142,142,284
2008,5,Districte V,10,Pubilla Cases,522,03-11,37,52,89
2016,2,Districte II,4,la Torrassa,237,03-11,74,58,132
1994,1,Districte I,1,Centre,112,18-24,110,108,218
2008,6,Districte VI,12,Bellvitge,631,03-11,30,43,73
2005,6,Districte VI,11,el Gornal,629,35-49,60,56,116
2009,2,Districte II,5,Collblanc,219,12-15,34,23,57
2012,2,Districte II,4,la Torrassa,243,65-74,68,55,123
2015,5,Districte V,10,Pubilla Cases,524,25-34,94,103,197
2010,2,Districte II,5,Collblanc,222,00-02,15,16,31
1997,4,Districte IV,7,la Florida,432,16-17,24,21,45
1996,4,Districte IV,7,la Florida,417,16-17,13,7,20
2008,2,Districte II,4,la Torrassa,237,50-64,96,105,201
2010,3,Districte III,6,Santa Eulàlia,320,03-11,66,58,124
2016,2,Districte II,5,Collblanc,204,75 i +,108,67,175
2016,5,Districte V,10,Pubilla Cases,528,75 i +,73,55,128
2006,4,Districte IV,8,les Planes,438,50-64,73,59,132
1996,2,Districte II,5,Collblanc,202,25-34,56,89,145
2008,2,Districte II,5,Collblanc,204,16-17,5,8,13
2015,3,Districte III,6,Santa Eulàlia,316,00-02,15,29,44
2016,2,Districte II,5,Collblanc,221,03-11,93,89,182
2006,1,Districte I,1,Centre,123,75 i +,83,58,141
1995,2,Districte II,5,Collblanc,227,16-17,8,9,17
2000,3,Districte III,6,Santa Eulàlia,314,12-15,64,70,134
1999,2,Districte II,5,Collblanc,201,50-64,82,67,149
1999,3,Districte III,6,Santa Eulàlia,319,16-17,11,18,29
2010,5,Districte V,9,Can Serra,501,18-24,35,29,64
1998,6,Districte VI,11,el Gornal,617,65-74,53,47,100
2009,6,Districte VI,12,Bellvitge,601,75 i +,60,50,110
2013,1,Districte I,1,Centre,105,65-74,44,57,101
2014,2,Districte II,5,Collblanc,226,00-02,19,26,45
2002,5,Districte V,10,Pubilla Cases,520,35-49,79,67,146
1994,1,Districte I,3,Sant Josep,140,12-15,21,27,48
2008,6,Districte VI,12,Bellvitge,619,18-24,43,50,93
1999,3,Districte III,6,Santa Eulàlia,301,25-34,194,210,404
2013,3,Districte III,6,Santa Eulàlia,326,35-49,116,137,253
2014,1,Districte I,3,Sant Josep,114,75 i +,102,62,164
1998,6,Districte VI,12,Bellvitge,610,18-24,96,100,196
1995,5,Districte V,10,Pubilla Cases,518,12-15,18,26,44
1999,5,Districte V,10,Pubilla Cases,512,75 i +,46,22,68
2011,2,Districte II,5,Collblanc,213,18-24,33,39,72
2011,2,Districte II,4,la Torrassa,241,16-17,11,12,23
2006,4,Districte IV,7,la Florida,410,35-49,157,161,318
2005,2,Districte II,5,Collblanc,225,50-64,53,37,90
1997,2,Districte II,4,la Torrassa,217,18-24,21,25,46
2011,6,Districte VI,12,Bellvitge,607,75 i +,68,59,127
2009,4,Districte IV,7,la Florida,424,18-24,21,29,50
2013,5,Districte V,10,Pubilla Cases,523,75 i +,96,70,166
2009,3,Districte III,6,Santa Eulàlia,321,25-34,175,155,330
2010,5,Districte V,10,Pubilla Cases,511,00-02,12,10,22
1999,3,Districte III,6,Santa Eulàlia,322,25-34,105,110,215
1996,3,Districte III,6,Santa Eulàlia,301,16-17,25,30,55
2004,1,Districte I,2,Sanfeliu,118,50-64,211,217,428
2007,4,Districte IV,7,la Florida,415,65-74,25,29,54
2011,1,Districte I,2,Sanfeliu,116,12-15,28,23,51
1999,3,Districte III,6,Santa Eulàlia,324,12-15,19,19,38
2008,4,Districte IV,8,les Planes,437,00-02,19,16,35
2002,5,Districte V,10,Pubilla Cases,515,18-24,24,20,44
1994,6,Districte VI,11,el Gornal,616,00-02,11,15,26
1999,2,Districte II,4,la Torrassa,229,25-34,45,63,108
2007,2,Districte II,4,la Torrassa,246,16-17,14,14,28
1998,6,Districte VI,11,el Gornal,622,35-49,108,101,209
1995,1,Districte I,1,Centre,128,00-02,13,8,21
2001,6,Districte VI,12,Bellvitge,607,00-02,11,8,19
2013,2,Districte II,5,Collblanc,208,75 i +,228,129,357
2003,4,Districte IV,7,la Florida,403,16-17,17,8,25
2000,5,Districte V,10,Pubilla Cases,525,65-74,59,50,109
2000,2,Districte II,5,Collblanc,227,03-11,21,15,36
1997,4,Districte IV,7,la Florida,430,12-15,14,17,31
1999,1,Districte I,2,Sanfeliu,129,16-17,16,10,26
1995,2,Districte II,4,la Torrassa,243,35-49,115,113,228
2009,3,Districte III,6,Santa Eulàlia,323,12-15,61,54,115
2003,4,Districte IV,7,la Florida,425,35-49,97,107,204
2016,4,Districte IV,8,les Planes,418,03-11,68,57,125
2006,1,Districte I,3,Sant Josep,127,12-15,11,14,25
2006,1,Districte I,3,Sant Josep,140,03-11,35,41,76
2011,2,Districte II,4,la Torrassa,230,12-15,21,24,45
2010,4,Districte IV,7,la Florida,411,00-02,15,14,29
2005,2,Districte II,5,Collblanc,221,12-15,25,19,44
1994,4,Districte IV,7,la Florida,428,18-24,35,30,65
2011,5,Districte V,10,Pubilla Cases,529,12-15,22,21,43
2015,2,Districte II,5,Collblanc,221,50-64,164,167,331
2001,4,Districte IV,7,la Florida,423,65-74,79,55,134
2008,2,Districte II,4,la Torrassa,236,12-15,20,11,31
2003,6,Districte VI,12,Bellvitge,615,50-64,152,111,263
1996,3,Districte III,6,Santa Eulàlia,307,00-02,10,11,21
2000,5,Districte V,9,Can Serra,521,75 i +,42,24,66
2015,2,Districte II,5,Collblanc,224,00-02,20,21,41
1994,1,Districte I,3,Sant Josep,125,03-11,50,39,89
2015,5,Districte V,10,Pubilla Cases,529,50-64,88,90,178
1995,5,Districte V,10,Pubilla Cases,510,03-11,40,39,79
2015,4,Districte IV,7,la Florida,404,75 i +,85,54,139
1998,1,Districte I,1,Centre,124,16-17,10,16,26
2007,2,Districte II,4,la Torrassa,237,65-74,75,53,128
2010,1,Districte I,1,Centre,101,25-34,129,111,240
1994,3,Districte III,6,Santa Eulàlia,306,16-17,20,22,42
1996,5,Districte V,9,Can Serra,507,35-49,91,81,172
2003,4,Districte IV,7,la Florida,428,12-15,8,10,18
2010,2,Districte II,4,la Torrassa,237,12-15,32,25,57
2015,5,Districte V,10,Pubilla Cases,524,65-74,47,30,77
2007,6,Districte VI,11,el Gornal,608,25-34,59,76,135
2007,2,Districte II,5,Collblanc,227,00-02,12,5,17
2015,4,Districte IV,8,les Planes,437,35-49,176,212,388
1995,4,Districte IV,7,la Florida,405,75 i +,25,20,45
2012,4,Districte IV,7,la Florida,415,75 i +,31,21,52
1998,2,Districte II,4,la Torrassa,228,50-64,79,61,140
2009,6,Districte VI,11,el Gornal,622,35-49,101,89,190
2004,5,Districte V,9,Can Serra,506,16-17,18,20,38
2003,3,Districte III,6,Santa Eulàlia,302,00-02,13,18,31
1999,1,Districte I,1,Centre,124,50-64,74,76,150
2007,4,Districte IV,7,la Florida,402,75 i +,51,39,90
2004,4,Districte IV,8,les Planes,434,25-34,53,53,106
1998,1,Districte I,3,Sant Josep,117,65-74,67,47,114
2013,4,Districte IV,7,la Florida,404,25-34,110,96,206
2005,6,Districte VI,12,Bellvitge,631,18-24,40,32,72
2003,4,Districte IV,7,la Florida,405,03-11,27,34,61
2014,3,Districte III,6,Santa Eulàlia,322,65-74,61,53,114
2009,6,Districte VI,12,Bellvitge,602,50-64,45,30,75
1998,2,Districte II,4,la Torrassa,235,18-24,63,51,114
2016,4,Districte IV,8,les Planes,418,65-74,60,46,106
2007,4,Districte IV,8,les Planes,434,16-17,8,3,11
2009,1,Districte I,1,Centre,123,65-74,63,51,114
2012,5,Districte V,10,Pubilla Cases,516,50-64,47,48,95
2003,2,Districte II,5,Collblanc,221,03-11,48,38,86
1996,4,Districte IV,7,la Florida,415,12-15,18,14,32
2009,1,Districte I,1,Centre,112,18-24,57,65,122
2006,4,Districte IV,7,la Florida,413,35-49,62,90,152
2015,2,Districte II,5,Collblanc,226,12-15,40,27,67
1994,2,Districte II,4,la Torrassa,238,35-49,73,75,148
2000,2,Districte II,5,Collblanc,221,16-17,7,12,19
2004,1,Districte I,1,Centre,112,25-34,135,139,274
2006,2,Districte II,5,Collblanc,207,50-64,65,51,116
1995,1,Districte I,3,Sant Josep,122,35-49,56,40,96
2003,5,Districte V,10,Pubilla Cases,533,16-17,12,10,22
2012,2,Districte II,5,Collblanc,226,18-24,43,42,85
2008,2,Districte II,4,la Torrassa,247,03-11,58,53,111
2016,2,Districte II,4,la Torrassa,237,18-24,43,44,87
2010,2,Districte II,4,la Torrassa,228,35-49,89,98,187
1997,6,Districte VI,12,Bellvitge,621,00-02,24,14,38
2010,4,Districte IV,8,les Planes,437,03-11,39,38,77
2015,2,Districte II,4,la Torrassa,240,25-34,142,139,281
2007,3,Districte III,6,Santa Eulàlia,321,12-15,28,42,70
1999,3,Districte III,6,Santa Eulàlia,308,75 i +,68,39,107
2008,5,Districte V,10,Pubilla Cases,524,25-34,164,160,324
2009,5,Districte V,10,Pubilla Cases,519,65-74,38,24,62
2010,6,Districte VI,12,Bellvitge,613,18-24,30,30,60
2010,3,Districte III,6,Santa Eulàlia,324,35-49,141,163,304
1994,3,Districte III,6,Santa Eulàlia,323,18-24,162,157,319
2004,2,Districte II,4,la Torrassa,243,75 i +,83,59,142
2011,2,Districte II,4,la Torrassa,249,65-74,58,39,97
1997,4,Districte IV,7,la Florida,404,65-74,68,61,129
2012,2,Districte II,4,la Torrassa,232,03-11,32,40,72
2002,2,Districte II,4,la Torrassa,239,75 i +,74,60,134
2001,1,Districte I,3,Sant Josep,139,75 i +,23,11,34
1996,1,Districte I,1,Centre,110,35-49,181,146,327
1996,2,Districte II,4,la Torrassa,230,35-49,41,48,89
1997,1,Districte I,3,Sant Josep,115,75 i +,42,22,64
2015,6,Districte VI,12,Bellvitge,631,50-64,77,66,143
2007,2,Districte II,4,la Torrassa,234,25-34,93,102,195
2000,5,Districte V,10,Pubilla Cases,511,12-15,6,10,16
2001,2,Districte II,5,Collblanc,212,12-15,18,22,40
2016,1,Districte I,1,Centre,113,75 i +,58,48,106
2008,3,Districte III,6,Santa Eulàlia,321,18-24,96,101,197
1997,5,Districte V,10,Pubilla Cases,528,16-17,11,19,30
2001,6,Districte VI,12,Bellvitge,602,50-64,76,68,144
1996,2,Districte II,4,la Torrassa,248,50-64,95,96,191
2010,2,Districte II,4,la Torrassa,233,03-11,32,43,75
2011,3,Districte III,6,Santa Eulàlia,303,75 i +,122,105,227
1999,4,Districte IV,7,la Florida,407,75 i +,35,32,67
2005,3,Districte III,6,Santa Eulàlia,322,75 i +,45,42,87
2009,6,Districte VI,12,Bellvitge,631,18-24,33,24,57
2001,1,Districte I,3,Sant Josep,114,50-64,198,186,384
1998,2,Districte II,5,Collblanc,222,35-49,69,68,137
2006,2,Districte II,4,la Torrassa,229,03-11,38,28,66
2001,5,Districte V,10,Pubilla Cases,529,25-34,99,111,210
1994,4,Districte IV,7,la Florida,403,65-74,47,46,93
2010,2,Districte II,5,Collblanc,226,16-17,10,7,17
1999,4,Districte IV,7,la Florida,403,00-02,11,10,21
2012,2,Districte II,5,Collblanc,221,75 i +,79,51,130
2013,4,Districte IV,8,les Planes,441,18-24,80,68,148
1998,3,Districte III,6,Santa Eulàlia,320,16-17,3,5,8
2005,3,Districte III,6,Santa Eulàlia,313,16-17,25,13,38
2012,2,Districte II,4,la Torrassa,233,65-74,48,24,72
2015,5,Districte V,10,Pubilla Cases,518,25-34,62,57,119
2016,1,Districte I,2,Sanfeliu,116,12-15,18,24,42
2003,1,Districte I,1,Centre,131,35-49,148,139,287
2002,4,Districte IV,8,les Planes,434,00-02,7,4,11
2003,2,Districte II,4,la Torrassa,228,18-24,35,35,70
1994,4,Districte IV,7,la Florida,412,25-34,143,145,288
2000,5,Districte V,9,Can Serra,501,18-24,108,128,236
1998,6,Districte VI,12,Bellvitge,630,75 i +,23,10,33
1995,2,Districte II,4,la Torrassa,247,03-11,36,49,85
2003,5,Districte V,10,Pubilla Cases,538,50-64,113,85,198
2011,5,Districte V,10,Pubilla Cases,512,18-24,31,35,66
2013,6,Districte VI,12,Bellvitge,618,03-11,53,57,110
2015,4,Districte IV,7,la Florida,412,03-11,45,52,97
1996,2,Districte II,4,la Torrassa,236,03-11,29,28,57
2014,6,Districte VI,12,Bellvitge,624,65-74,106,114,220
1999,5,Districte V,10,Pubilla Cases,525,65-74,52,47,99
2010,1,Districte I,1,Centre,105,03-11,42,55,97
2008,5,Districte V,10,Pubilla Cases,510,65-74,61,57,118
1996,2,Districte II,4,la Torrassa,245,50-64,103,84,187
2014,1,Districte I,3,Sant Josep,119,65-74,109,105,214
2009,1,Districte I,3,Sant Josep,122,35-49,97,108,205
2006,4,Districte IV,7,la Florida,412,25-34,136,187,323
2016,5,Districte V,10,Pubilla Cases,537,75 i +,81,55,136
2014,2,Districte II,5,Collblanc,201,03-11,67,78,145
2011,2,Districte II,4,la Torrassa,218,75 i +,37,25,62
2015,3,Districte III,6,Santa Eulàlia,322,16-17,15,12,27
1995,2,Districte II,5,Collblanc,209,50-64,105,101,206
2003,1,Districte I,3,Sant Josep,137,12-15,30,18,48
2012,3,Districte III,6,Santa Eulàlia,311,25-34,118,129,247
1994,2,Districte II,4,la Torrassa,243,16-17,14,17,31
2006,4,Districte IV,8,les Planes,434,03-11,23,17,40
2014,4,Districte IV,8,les Planes,418,18-24,56,70,126
1997,5,Districte V,9,Can Serra,501,50-64,103,139,242
2000,3,Districte III,6,Santa Eulàlia,320,65-74,27,13,40
2004,1,Districte I,3,Sant Josep,139,65-74,33,28,61
1999,6,Districte VI,12,Bellvitge,602,50-64,91,75,166
2006,1,Districte I,1,Centre,131,12-15,16,19,35
2015,6,Districte VI,11,el Gornal,622,35-49,96,109,205
2012,5,Districte V,10,Pubilla Cases,531,35-49,118,137,255
1994,2,Districte II,5,Collblanc,214,18-24,45,46,91
2010,6,Districte VI,12,Bellvitge,619,35-49,136,145,281
1996,6,Districte VI,12,Bellvitge,612,00-02,6,13,19
2001,2,Districte II,4,la Torrassa,235,18-24,48,55,103
1995,2,Districte II,4,la Torrassa,211,12-15,17,17,34
2000,2,Districte II,4,la Torrassa,249,25-34,78,91,169
2005,2,Districte II,4,la Torrassa,233,18-24,39,38,77
2015,3,Districte III,6,Santa Eulàlia,323,25-34,100,114,214
2001,2,Districte II,5,Collblanc,214,18-24,31,28,59
1996,4,Districte IV,7,la Florida,411,00-02,9,6,15
1995,2,Districte II,4,la Torrassa,234,18-24,38,45,83
2005,4,Districte IV,8,les Planes,442,03-11,22,20,42
2016,2,Districte II,4,la Torrassa,246,03-11,61,51,112
2011,5,Districte V,10,Pubilla Cases,536,75 i +,74,46,120
2016,1,Districte I,3,Sant Josep,126,75 i +,71,69,140
2003,1,Districte I,3,Sant Josep,121,03-11,37,46,83
1998,1,Districte I,1,Centre,110,35-49,157,132,289
2011,2,Districte II,5,Collblanc,202,00-02,18,18,36
2009,3,Districte III,6,Santa Eulàlia,311,18-24,54,69,123
2013,3,Districte III,6,Santa Eulàlia,302,75 i +,67,40,107
2016,6,Districte VI,11,el Gornal,632,12-15,22,19,41
2006,5,Districte V,10,Pubilla Cases,508,00-02,8,15,23
2001,6,Districte VI,12,Bellvitge,610,18-24,70,56,126
2001,5,Districte V,9,Can Serra,506,00-02,22,25,47
1999,1,Districte I,1,Centre,103,03-11,25,21,46
2008,2,Districte II,4,la Torrassa,245,00-02,14,18,32
2013,4,Districte IV,8,les Planes,419,12-15,41,41,82
2006,6,Districte VI,12,Bellvitge,601,16-17,11,14,25
2011,5,Districte V,10,Pubilla Cases,536,03-11,36,42,78
2013,4,Districte IV,8,les Planes,440,35-49,107,110,217
2012,1,Districte I,3,Sant Josep,117,18-24,61,70,131
2012,6,Districte VI,12,Bellvitge,628,50-64,93,69,162
2004,1,Districte I,3,Sant Josep,120,35-49,223,226,449
1997,3,Districte III,6,Santa Eulàlia,312,03-11,61,40,101
2011,3,Districte III,6,Santa Eulàlia,321,00-02,21,16,37
1998,4,Districte IV,7,la Florida,430,03-11,24,34,58
1999,6,Districte VI,12,Bellvitge,627,03-11,24,48,72
2009,2,Districte II,4,la Torrassa,240,00-02,14,11,25
2000,5,Districte V,9,Can Serra,521,18-24,88,87,175
2007,1,Districte I,3,Sant Josep,117,35-49,230,215,445
2002,4,Districte IV,7,la Florida,404,25-34,123,146,269
2011,6,Districte VI,12,Bellvitge,619,25-34,62,84,146
2010,3,Districte III,6,Santa Eulàlia,305,16-17,23,15,38
2003,2,Districte II,5,Collblanc,223,18-24,41,52,93
2000,1,Districte I,1,Centre,128,00-02,8,6,14
1997,5,Districte V,10,Pubilla Cases,531,16-17,5,10,15
2001,6,Districte VI,11,el Gornal,622,65-74,35,25,60
2009,5,Districte V,10,Pubilla Cases,510,18-24,45,48,93
2003,3,Districte III,6,Santa Eulàlia,325,25-34,120,136,256
2015,1,Districte I,1,Centre,103,50-64,61,61,122
1995,4,Districte IV,7,la Florida,410,16-17,30,26,56
2000,4,Districte IV,7,la Florida,403,75 i +,50,25,75
2001,4,Districte IV,7,la Florida,432,12-15,15,26,41
2000,6,Districte VI,11,el Gornal,616,65-74,52,48,100
2002,2,Districte II,5,Collblanc,213,35-49,92,97,189
2004,5,Districte V,10,Pubilla Cases,508,03-11,15,22,37
1999,1,Districte I,2,Sanfeliu,118,12-15,40,57,97
1999,3,Districte III,6,Santa Eulàlia,309,25-34,62,56,118
1995,6,Districte VI,12,Bellvitge,619,65-74,56,53,109
2005,2,Districte II,5,Collblanc,209,25-34,95,83,178
2000,2,Districte II,4,la Torrassa,232,65-74,78,55,133
1999,5,Districte V,10,Pubilla Cases,515,25-34,38,41,79
2000,4,Districte IV,7,la Florida,405,25-34,87,80,167
2003,1,Districte I,3,Sant Josep,120,75 i +,52,24,76
1996,5,Districte V,9,Can Serra,504,00-02,7,7,14
1999,2,Districte II,4,la Torrassa,230,12-15,13,12,25
1997,2,Districte II,5,Collblanc,202,75 i +,33,17,50
1995,1,Districte I,1,Centre,134,35-49,157,156,313
2005,6,Districte VI,12,Bellvitge,615,65-74,55,68,123
2014,6,Districte VI,12,Bellvitge,630,16-17,4,11,15
1996,1,Districte I,1,Centre,109,16-17,17,20,37
2015,4,Districte IV,7,la Florida,412,16-17,6,12,18
2006,6,Districte VI,12,Bellvitge,615,12-15,5,11,16
2014,5,Districte V,10,Pubilla Cases,528,65-74,67,47,114
2007,5,Districte V,9,Can Serra,535,65-74,58,72,130
2010,2,Districte II,5,Collblanc,224,65-74,19,13,32
2004,2,Districte II,4,la Torrassa,245,12-15,21,16,37
2010,1,Districte I,3,Sant Josep,106,18-24,63,72,135
2004,1,Districte I,3,Sant Josep,122,35-49,82,95,177
2003,2,Districte II,5,Collblanc,220,18-24,39,38,77
2013,3,Districte III,6,Santa Eulàlia,319,50-64,151,127,278
2008,4,Districte IV,7,la Florida,413,16-17,7,5,12
2001,2,Districte II,5,Collblanc,203,00-02,7,9,16
2012,2,Districte II,5,Collblanc,215,50-64,91,72,163
2009,3,Districte III,6,Santa Eulàlia,302,12-15,18,23,41
2016,1,Districte I,1,Centre,101,50-64,199,200,399
2003,3,Districte III,6,Santa Eulàlia,318,50-64,71,78,149
1994,4,Districte IV,7,la Florida,409,35-49,71,69,140
1994,2,Districte II,5,Collblanc,226,16-17,13,14,27
2008,2,Districte II,4,la Torrassa,231,75 i +,82,52,134
1995,2,Districte II,5,Collblanc,219,65-74,92,59,151
2015,4,Districte IV,7,la Florida,407,65-74,46,28,74
2011,1,Districte I,1,Centre,134,03-11,55,62,117
1999,2,Districte II,4,la Torrassa,235,50-64,147,114,261
1996,5,Districte V,10,Pubilla Cases,509,25-34,67,72,139
2010,5,Districte V,10,Pubilla Cases,538,00-02,21,10,31
2010,6,Districte VI,12,Bellvitge,605,75 i +,44,31,75
1998,5,Districte V,10,Pubilla Cases,528,25-34,106,119,225
2003,6,Districte VI,11,el Gornal,617,65-74,63,53,116
2000,2,Districte II,5,Collblanc,222,00-02,10,5,15
2011,1,Districte I,1,Centre,102,12-15,22,31,53
2001,2,Districte II,5,Collblanc,224,25-34,48,53,101
2001,1,Districte I,3,Sant Josep,117,00-02,26,24,50
2009,1,Districte I,1,Centre,111,75 i +,47,46,93
2014,6,Districte VI,12,Bellvitge,606,35-49,129,141,270
2015,5,Districte V,9,Can Serra,505,50-64,92,78,170
1998,3,Districte III,6,Santa Eulàlia,307,25-34,100,87,187
2003,1,Districte I,1,Centre,108,00-02,17,12,29
2010,5,Districte V,10,Pubilla Cases,519,12-15,11,11,22
1996,5,Districte V,10,Pubilla Cases,522,16-17,5,8,13
2009,2,Districte II,5,Collblanc,216,18-24,44,48,92
1999,5,Districte V,10,Pubilla Cases,532,12-15,20,17,37
2008,1,Districte I,3,Sant Josep,136,03-11,44,51,95
2001,5,Districte V,10,Pubilla Cases,509,65-74,42,35,77
2006,5,Districte V,10,Pubilla Cases,515,03-11,23,23,46
2003,4,Districte IV,7,la Florida,402,00-02,10,9,19
2013,1,Districte I,3,Sant Josep,119,25-34,84,68,152
2003,6,Districte VI,12,Bellvitge,606,65-74,77,69,146
2013,5,Districte V,9,Can Serra,535,25-34,43,46,89
2003,4,Districte IV,7,la Florida,432,25-34,98,114,212
1997,1,Districte I,3,Sant Josep,114,00-02,21,16,37
2006,6,Districte VI,12,Bellvitge,604,00-02,10,7,17
2012,1,Districte I,3,Sant Josep,140,50-64,87,62,149
2001,4,Districte IV,8,les Planes,437,35-49,73,76,149
2011,3,Districte III,6,Santa Eulàlia,325,75 i +,184,98,282
2000,5,Districte V,9,Can Serra,503,75 i +,27,11,38
1998,3,Districte III,6,Santa Eulàlia,303,25-34,179,205,384
2002,6,Districte VI,12,Bellvitge,620,35-49,57,59,116
2012,3,Districte III,6,Santa Eulàlia,301,18-24,74,81,155
2010,5,Districte V,9,Can Serra,502,65-74,90,83,173
2011,3,Districte III,6,Santa Eulàlia,316,16-17,18,20,38
2014,6,Districte VI,12,Bellvitge,630,00-02,5,9,14
2003,1,Districte I,3,Sant Josep,106,12-15,32,31,63
2015,2,Districte II,5,Collblanc,204,03-11,47,60,107
1994,2,Districte II,5,Collblanc,221,12-15,25,25,50
1998,1,Districte I,3,Sant Josep,117,25-34,155,160,315
2003,2,Districte II,4,la Torrassa,242,25-34,76,101,177
2009,5,Districte V,10,Pubilla Cases,534,25-34,78,95,173
2010,5,Districte V,10,Pubilla Cases,513,18-24,29,25,54
2016,5,Districte V,10,Pubilla Cases,525,18-24,43,30,73
2000,2,Districte II,5,Collblanc,208,00-02,13,12,25
2015,1,Districte I,1,Centre,109,25-34,79,75,154
1997,2,Districte II,5,Collblanc,215,03-11,23,17,40
1998,1,Districte I,3,Sant Josep,125,35-49,149,119,268
1994,4,Districte IV,7,la Florida,415,65-74,55,38,93
2008,5,Districte V,10,Pubilla Cases,523,18-24,56,72,128
1996,2,Districte II,4,la Torrassa,235,50-64,158,140,298
2014,4,Districte IV,7,la Florida,430,12-15,17,26,43
2004,2,Districte II,5,Collblanc,222,00-02,14,8,22
1996,6,Districte VI,12,Bellvitge,628,25-34,77,81,158
2009,1,Districte I,1,Centre,109,03-11,52,32,84
2003,6,Districte VI,12,Bellvitge,631,50-64,172,140,312
2004,4,Districte IV,8,les Planes,442,50-64,64,52,116
2010,3,Districte III,6,Santa Eulàlia,317,18-24,42,46,88
1997,3,Districte III,6,Santa Eulàlia,320,75 i +,15,8,23
2000,4,Districte IV,7,la Florida,428,16-17,2,3,5
2001,3,Districte III,6,Santa Eulàlia,307,25-34,115,99,214
2012,3,Districte III,6,Santa Eulàlia,306,12-15,30,29,59
2010,2,Districte II,4,la Torrassa,231,00-02,18,21,39
2012,3,Districte III,6,Santa Eulàlia,314,35-49,276,298,574
2011,1,Districte I,3,Sant Josep,139,35-49,101,124,225
2010,1,Districte I,3,Sant Josep,139,03-11,32,40,72
1999,3,Districte III,6,Santa Eulàlia,310,50-64,80,70,150
2012,3,Districte III,6,Santa Eulàlia,315,75 i +,57,37,94
2008,4,Districte IV,7,la Florida,415,18-24,55,40,95
2011,5,Districte V,10,Pubilla Cases,511,50-64,49,45,94
2014,5,Districte V,10,Pubilla Cases,532,12-15,28,14,42
1996,2,Districte II,4,la Torrassa,236,25-34,72,85,157
2003,4,Districte IV,7,la Florida,415,00-02,10,8,18
2005,4,Districte IV,7,la Florida,405,12-15,9,6,15
2003,6,Districte VI,12,Bellvitge,611,12-15,28,24,52
2001,2,Districte II,4,la Torrassa,228,03-11,16,14,30
2009,2,Districte II,4,la Torrassa,246,75 i +,80,47,127
1999,6,Districte VI,12,Bellvitge,627,12-15,23,31,54
2012,6,Districte VI,12,Bellvitge,628,00-02,12,11,23
2000,6,Districte VI,12,Bellvitge,601,50-64,182,169,351
2012,1,Districte I,1,Centre,130,12-15,18,20,38
1996,2,Districte II,5,Collblanc,224,50-64,58,44,102
2012,2,Districte II,5,Collblanc,205,65-74,50,34,84
2008,5,Districte V,10,Pubilla Cases,511,50-64,50,48,98
2000,2,Districte II,5,Collblanc,215,00-02,5,6,11
2012,2,Districte II,4,la Torrassa,241,75 i +,64,38,102
1997,1,Districte I,1,Centre,124,03-11,33,31,64
2011,6,Districte VI,12,Bellvitge,630,00-02,11,13,24
2011,6,Districte VI,12,Bellvitge,623,03-11,58,74,132
2000,5,Districte V,10,Pubilla Cases,509,65-74,36,35,71
2010,6,Districte VI,12,Bellvitge,627,00-02,11,12,23
2013,2,Districte II,5,Collblanc,221,75 i +,118,81,199
2012,2,Districte II,5,Collblanc,244,18-24,34,24,58
2011,5,Districte V,10,Pubilla Cases,509,50-64,60,53,113
2014,3,Districte III,6,Santa Eulàlia,309,12-15,15,26,41
2010,5,Districte V,10,Pubilla Cases,537,50-64,113,102,215
1999,5,Districte V,9,Can Serra,505,65-74,60,50,110
1999,2,Districte II,5,Collblanc,213,75 i +,30,17,47
2015,2,Districte II,5,Collblanc,221,16-17,16,29,45
2002,1,Districte I,1,Centre,123,65-74,81,76,157
2009,1,Districte I,3,Sant Josep,115,18-24,35,52,87
2008,6,Districte VI,12,Bellvitge,612,65-74,91,80,171
2010,2,Districte II,4,la Torrassa,238,50-64,71,65,136
2012,1,Districte I,1,Centre,133,12-15,16,13,29
1995,1,Districte I,1,Centre,124,03-11,47,38,85
2012,6,Districte VI,11,el Gornal,632,18-24,22,33,55
1997,2,Districte II,5,Collblanc,225,75 i +,33,33,66
1998,5,Districte V,10,Pubilla Cases,516,75 i +,29,9,38
2012,2,Districte II,5,Collblanc,244,25-34,55,58,113
2013,5,Districte V,10,Pubilla Cases,538,65-74,74,38,112
2010,5,Districte V,10,Pubilla Cases,531,75 i +,47,31,78
2008,6,Districte VI,11,el Gornal,626,35-49,103,109,212
2006,4,Districte IV,7,la Florida,403,12-15,15,15,30
2004,1,Districte I,3,Sant Josep,126,25-34,109,110,219
2004,1,Districte I,1,Centre,130,03-11,40,37,77
1997,4,Districte IV,8,les Planes,419,00-02,10,8,18
2002,5,Districte V,10,Pubilla Cases,526,50-64,54,61,115
1995,2,Districte II,5,Collblanc,207,03-11,21,20,41
2016,5,Districte V,9,Can Serra,507,65-74,54,48,102
1998,4,Districte IV,8,les Planes,429,25-34,31,45,76
2008,1,Districte I,2,Sanfeliu,118,16-17,15,12,27
1997,5,Districte V,10,Pubilla Cases,534,75 i +,43,21,64
2014,1,Districte I,3,Sant Josep,138,35-49,86,78,164
2008,1,Districte I,3,Sant Josep,126,12-15,9,10,19
2001,4,Districte IV,7,la Florida,407,50-64,89,78,167
2003,4,Districte IV,7,la Florida,423,03-11,29,36,65
1999,5,Districte V,10,Pubilla Cases,536,75 i +,32,31,63
2014,2,Districte II,4,la Torrassa,247,35-49,182,179,361
1994,1,Districte I,1,Centre,130,75 i +,64,27,91
2009,4,Districte IV,7,la Florida,406,75 i +,61,54,115
1996,6,Districte VI,12,Bellvitge,615,35-49,94,59,153
2015,5,Districte V,10,Pubilla Cases,532,12-15,29,17,46
2016,6,Districte VI,12,Bellvitge,611,16-17,15,15,30
2016,2,Districte II,5,Collblanc,210,12-15,13,19,32
2002,5,Districte V,10,Pubilla Cases,523,35-49,135,129,264
2010,1,Districte I,2,Sanfeliu,118,03-11,78,56,134
2008,4,Districte IV,7,la Florida,426,50-64,69,66,135
2004,1,Districte I,1,Centre,128,12-15,14,25,39
2000,5,Districte V,10,Pubilla Cases,526,03-11,20,25,45
2010,1,Districte I,1,Centre,134,65-74,57,52,109
2004,4,Districte IV,8,les Planes,442,35-49,74,63,137
1995,6,Districte VI,11,el Gornal,629,12-15,18,16,34
2016,6,Districte VI,11,el Gornal,617,65-74,59,41,100
2015,1,Districte I,1,Centre,131,25-34,73,71,144
1994,1,Districte I,1,Centre,108,16-17,23,19,42
2001,2,Districte II,5,Collblanc,206,18-24,39,32,71
2008,2,Districte II,5,Collblanc,222,75 i +,41,22,63
1995,4,Districte IV,8,les Planes,442,03-11,22,20,42
1999,2,Districte II,5,Collblanc,208,18-24,70,77,147
2002,6,Districte VI,12,Bellvitge,601,18-24,76,91,167
2001,5,Districte V,10,Pubilla Cases,536,16-17,4,7,11
2004,5,Districte V,9,Can Serra,502,12-15,28,17,45
2010,1,Districte I,3,Sant Josep,126,12-15,18,18,36
2007,6,Districte VI,11,el Gornal,632,35-49,95,98,193
2000,1,Districte I,1,Centre,101,03-11,47,59,106
2000,1,Districte I,1,Centre,135,00-02,19,14,33
1999,2,Districte II,5,Collblanc,215,25-34,64,65,129
2015,6,Districte VI,12,Bellvitge,601,12-15,28,33,61
1997,2,Districte II,5,Collblanc,244,75 i +,38,30,68
2004,3,Districte III,6,Santa Eulàlia,307,65-74,66,57,123
2001,1,Districte I,1,Centre,109,50-64,94,93,187
2010,4,Districte IV,8,les Planes,442,03-11,30,28,58
2002,1,Districte I,1,Centre,134,18-24,49,64,113
1996,4,Districte IV,7,la Florida,422,65-74,93,69,162
1997,2,Districte II,5,Collblanc,209,16-17,5,4,9
2003,5,Districte V,10,Pubilla Cases,527,00-02,24,9,33
2014,2,Districte II,4,la Torrassa,246,18-24,54,37,91
2002,4,Districte IV,7,la Florida,421,12-15,13,16,29
2011,4,Districte IV,7,la Florida,422,35-49,132,151,283
2009,4,Districte IV,7,la Florida,432,65-74,73,59,132
2016,2,Districte II,4,la Torrassa,233,25-34,84,79,163
1995,2,Districte II,4,la Torrassa,236,25-34,77,94,171
1998,1,Districte I,3,Sant Josep,117,50-64,151,173,324
1997,6,Districte VI,12,Bellvitge,630,03-11,38,31,69
2003,3,Districte III,6,Santa Eulàlia,303,75 i +,79,52,131
2008,1,Districte I,2,Sanfeliu,129,00-02,17,19,36
2004,4,Districte IV,7,la Florida,425,18-24,39,36,75
2010,2,Districte II,4,la Torrassa,231,12-15,21,20,41
1994,3,Districte III,6,Santa Eulàlia,308,25-34,101,95,196
1999,6,Districte VI,12,Bellvitge,605,16-17,4,4,8
1997,1,Districte I,1,Centre,133,35-49,93,83,176
2002,6,Districte VI,12,Bellvitge,606,65-74,79,65,144
2004,3,Districte III,6,Santa Eulàlia,321,65-74,86,74,160
2013,5,Districte V,10,Pubilla Cases,531,12-15,12,15,27
2004,3,Districte III,6,Santa Eulàlia,312,00-02,14,21,35
2006,1,Districte I,2,Sanfeliu,129,00-02,19,16,35
2011,4,Districte IV,7,la Florida,414,12-15,19,20,39
2008,6,Districte VI,12,Bellvitge,615,03-11,36,22,58
2012,5,Districte V,10,Pubilla Cases,536,75 i +,76,50,126
2006,5,Districte V,10,Pubilla Cases,534,25-34,97,128,225
2004,4,Districte IV,7,la Florida,431,35-49,149,168,317
1998,3,Districte III,6,Santa Eulàlia,302,75 i +,44,18,62
2005,5,Districte V,9,Can Serra,501,16-17,7,4,11
2010,4,Districte IV,7,la Florida,426,16-17,11,17,28
2013,3,Districte III,6,Santa Eulàlia,310,03-11,40,42,82
2008,3,Districte III,6,Santa Eulàlia,319,65-74,47,42,89
1996,2,Districte II,4,la Torrassa,235,65-74,118,83,201
2004,2,Districte II,5,Collblanc,206,00-02,5,13,18
2013,2,Districte II,4,la Torrassa,242,00-02,13,16,29
2009,2,Districte II,5,Collblanc,212,25-34,146,171,317
2013,4,Districte IV,7,la Florida,404,03-11,82,61,143
1994,2,Districte II,4,la Torrassa,247,03-11,39,52,91
2009,2,Districte II,4,la Torrassa,247,03-11,58,58,116
1994,2,Districte II,5,Collblanc,222,16-17,13,18,31
2008,6,Districte VI,12,Bellvitge,609,00-02,14,13,27
2005,6,Districte VI,12,Bellvitge,606,12-15,14,19,33
1996,2,Districte II,5,Collblanc,215,12-15,15,13,28
2000,4,Districte IV,7,la Florida,422,25-34,71,78,149
2011,3,Districte III,6,Santa Eulàlia,303,35-49,167,184,351
2014,6,Districte VI,12,Bellvitge,611,35-49,243,278,521
2005,5,Districte V,10,Pubilla Cases,509,00-02,5,13,18
1999,2,Districte II,5,Collblanc,226,65-74,86,59,145
2008,3,Districte III,6,Santa Eulàlia,322,50-64,102,99,201
1995,5,Districte V,10,Pubilla Cases,531,12-15,8,16,24
2012,2,Districte II,4,la Torrassa,239,00-02,11,11,22
1998,5,Districte V,10,Pubilla Cases,511,75 i +,33,13,46
2000,2,Districte II,5,Collblanc,213,03-11,30,32,62
2015,2,Districte II,4,la Torrassa,238,65-74,43,36,79
2011,2,Districte II,5,Collblanc,225,18-24,20,19,39
1998,3,Districte III,6,Santa Eulàlia,317,25-34,63,82,145
2010,6,Districte VI,12,Bellvitge,607,18-24,34,40,74
1999,4,Districte IV,7,la Florida,408,50-64,83,67,150
2000,1,Districte I,1,Centre,131,12-15,27,29,56
2006,2,Districte II,4,la Torrassa,246,35-49,122,135,257
2011,1,Districte I,3,Sant Josep,119,16-17,7,4,11
2014,3,Districte III,6,Santa Eulàlia,311,75 i +,96,50,146
1997,5,Districte V,10,Pubilla Cases,518,03-11,28,35,63
1995,5,Districte V,10,Pubilla Cases,509,00-02,7,13,20
2001,5,Districte V,9,Can Serra,504,35-49,78,86,164
2016,5,Districte V,10,Pubilla Cases,510,12-15,17,11,28
2008,3,Districte III,6,Santa Eulàlia,316,50-64,359,359,718
2011,1,Districte I,2,Sanfeliu,132,12-15,28,38,66
2014,3,Districte III,6,Santa Eulàlia,306,12-15,32,29,61
2015,6,Districte VI,11,el Gornal,608,12-15,27,19,46
1997,4,Districte IV,8,les Planes,436,18-24,46,42,88
1996,4,Districte IV,7,la Florida,426,35-49,80,85,165
1994,1,Districte I,1,Centre,109,35-49,142,150,292
1996,2,Districte II,4,la Torrassa,248,75 i +,63,42,105
1999,4,Districte IV,7,la Florida,431,18-24,80,76,156
1998,4,Districte IV,7,la Florida,416,75 i +,26,15,41
2000,1,Districte I,3,Sant Josep,138,50-64,91,79,170
2002,4,Districte IV,8,les Planes,441,16-17,34,25,59
2004,6,Districte VI,12,Bellvitge,623,03-11,49,52,101
2005,5,Districte V,10,Pubilla Cases,528,65-74,65,64,129
2012,5,Districte V,9,Can Serra,504,16-17,3,10,13
2006,4,Districte IV,7,la Florida,427,35-49,103,114,217
1998,4,Districte IV,7,la Florida,410,18-24,98,117,215
1999,6,Districte VI,12,Bellvitge,619,75 i +,43,27,70
1994,3,Districte III,6,Santa Eulàlia,325,50-64,186,171,357
2014,5,Districte V,10,Pubilla Cases,511,00-02,29,28,57
2008,4,Districte IV,7,la Florida,421,25-34,96,112,208
2001,4,Districte IV,7,la Florida,411,35-49,90,81,171
1997,4,Districte IV,7,la Florida,431,00-02,8,16,24
2003,4,Districte IV,7,la Florida,403,00-02,11,9,20
2002,3,Districte III,6,Santa Eulàlia,307,18-24,101,75,176
2016,3,Districte III,6,Santa Eulàlia,314,25-34,145,168,313
1994,2,Districte II,4,la Torrassa,218,50-64,73,67,140
2005,5,Districte V,10,Pubilla Cases,527,03-11,40,28,68
2015,6,Districte VI,11,el Gornal,617,00-02,9,20,29
2015,4,Districte IV,7,la Florida,412,65-74,118,80,198
2005,1,Districte I,3,Sant Josep,140,25-34,105,108,213
2005,1,Districte I,2,Sanfeliu,132,16-17,20,20,40
1999,6,Districte VI,11,el Gornal,629,65-74,40,39,79
2009,5,Districte V,10,Pubilla Cases,524,75 i +,69,40,109
1997,2,Districte II,4,la Torrassa,243,35-49,121,121,242
1998,2,Districte II,4,la Torrassa,239,03-11,20,29,49
1997,3,Districte III,6,Santa Eulàlia,323,75 i +,37,14,51
2006,2,Districte II,5,Collblanc,206,16-17,7,5,12
2001,3,Districte III,6,Santa Eulàlia,314,35-49,314,306,620
2010,2,Districte II,4,la Torrassa,228,18-24,42,39,81
1995,1,Districte I,3,Sant Josep,125,18-24,105,106,211
1998,6,Districte VI,12,Bellvitge,627,16-17,22,26,48
2013,1,Districte I,3,Sant Josep,127,65-74,36,19,55
2010,4,Districte IV,7,la Florida,403,03-11,39,39,78
2007,1,Districte I,3,Sant Josep,137,25-34,126,124,250
2015,1,Districte I,3,Sant Josep,125,35-49,216,223,439
2013,2,Districte II,4,la Torrassa,237,25-34,118,112,230
2009,3,Districte III,6,Santa Eulàlia,307,25-34,117,107,224
2002,2,Districte II,4,la Torrassa,237,50-64,117,109,226
2004,5,Districte V,10,Pubilla Cases,509,75 i +,29,17,46
2011,5,Districte V,10,Pubilla Cases,514,65-74,40,29,69
2003,1,Districte I,3,Sant Josep,115,25-34,107,132,239
2008,5,Districte V,10,Pubilla Cases,527,50-64,81,72,153
2002,2,Districte II,5,Collblanc,216,12-15,13,12,25
1995,3,Districte III,6,Santa Eulàlia,308,18-24,102,94,196
2009,3,Districte III,6,Santa Eulàlia,305,50-64,191,172,363
2015,4,Districte IV,8,les Planes,418,35-49,151,175,326
2008,4,Districte IV,7,la Florida,426,16-17,11,11,22
1997,4,Districte IV,7,la Florida,421,75 i +,47,28,75
1996,4,Districte IV,7,la Florida,413,75 i +,31,14,45
1996,4,Districte IV,8,les Planes,442,18-24,42,43,85
2007,6,Districte VI,12,Bellvitge,609,35-49,79,83,162
1997,1,Districte I,3,Sant Josep,114,50-64,203,188,391
2016,5,Districte V,10,Pubilla Cases,514,35-49,174,190,364
2001,3,Districte III,6,Santa Eulàlia,311,25-34,129,154,283
2005,5,Districte V,10,Pubilla Cases,523,16-17,5,13,18
2002,3,Districte III,6,Santa Eulàlia,301,75 i +,78,43,121
2004,2,Districte II,4,la Torrassa,245,50-64,83,67,150
1998,2,Districte II,5,Collblanc,206,16-17,10,7,17
2010,3,Districte III,6,Santa Eulàlia,317,35-49,141,157,298
1994,2,Districte II,4,la Torrassa,233,75 i +,69,34,103
1996,1,Districte I,1,Centre,111,25-34,77,88,165
2004,1,Districte I,3,Sant Josep,106,00-02,30,16,46
2000,4,Districte IV,7,la Florida,406,75 i +,50,31,81
2004,5,Districte V,10,Pubilla Cases,536,16-17,8,6,14
1999,6,Districte VI,12,Bellvitge,619,00-02,14,15,29
2006,5,Districte V,10,Pubilla Cases,513,50-64,53,44,97
2015,6,Districte VI,11,el Gornal,626,35-49,100,100,200
2012,1,Districte I,3,Sant Josep,117,65-74,104,94,198
2007,4,Districte IV,8,les Planes,420,35-49,183,194,377
2013,1,Districte I,1,Centre,105,18-24,47,48,95
2009,2,Districte II,5,Collblanc,210,12-15,14,10,24
2002,5,Districte V,9,Can Serra,503,00-02,7,10,17
2011,6,Districte VI,11,el Gornal,626,25-34,48,57,105
2005,3,Districte III,6,Santa Eulàlia,314,12-15,35,63,98
1994,4,Districte IV,8,les Planes,433,00-02,16,11,27
1995,2,Districte II,5,Collblanc,215,00-02,11,10,21
2013,1,Districte I,3,Sant Josep,127,16-17,8,5,13
1999,3,Districte III,6,Santa Eulàlia,307,50-64,160,153,313
2003,3,Districte III,6,Santa Eulàlia,324,25-34,92,97,189
2002,6,Districte VI,12,Bellvitge,620,18-24,43,32,75
2002,3,Districte III,6,Santa Eulàlia,313,18-24,126,92,218
2002,2,Districte II,4,la Torrassa,245,75 i +,71,34,105
1998,4,Districte IV,8,les Planes,434,12-15,12,12,24
2014,6,Districte VI,12,Bellvitge,631,35-49,124,131,255
1994,3,Districte III,6,Santa Eulàlia,323,00-02,29,43,72
2011,5,Districte V,10,Pubilla Cases,509,00-02,11,11,22
2008,2,Districte II,4,la Torrassa,239,16-17,9,12,21
2003,2,Districte II,4,la Torrassa,231,03-11,37,35,72
2013,1,Districte I,1,Centre,131,16-17,6,11,17
1996,1,Districte I,3,Sant Josep,115,12-15,42,39,81
2000,4,Districte IV,8,les Planes,434,65-74,63,42,105
1994,5,Districte V,10,Pubilla Cases,528,12-15,19,39,58
2009,1,Districte I,1,Centre,109,12-15,11,16,27
2002,5,Districte V,10,Pubilla Cases,522,03-11,17,20,37
2015,3,Districte III,6,Santa Eulàlia,310,16-17,4,9,13
2003,4,Districte IV,8,les Planes,441,75 i +,74,63,137
2002,2,Districte II,4,la Torrassa,217,50-64,37,41,78
2004,2,Districte II,4,la Torrassa,246,65-74,66,56,122
1995,5,Districte V,10,Pubilla Cases,524,12-15,24,26,50
2001,4,Districte IV,8,les Planes,436,75 i +,27,23,50
2014,2,Districte II,5,Collblanc,216,35-49,154,149,303
2010,1,Districte I,1,Centre,123,12-15,14,27,41
1995,1,Districte I,3,Sant Josep,114,00-02,22,16,38
2013,4,Districte IV,7,la Florida,430,25-34,93,99,192
2011,3,Districte III,6,Santa Eulàlia,319,65-74,41,51,92
2016,3,Districte III,6,Santa Eulàlia,322,50-64,120,97,217
2007,5,Districte V,10,Pubilla Cases,524,16-17,10,6,16
2004,6,Districte VI,12,Bellvitge,624,16-17,10,6,16
1994,3,Districte III,6,Santa Eulàlia,325,35-49,211,179,390
2013,1,Districte I,2,Sanfeliu,118,75 i +,54,40,94
2009,4,Districte IV,7,la Florida,409,12-15,7,17,24
2009,5,Districte V,9,Can Serra,501,65-74,52,54,106
2011,4,Districte IV,8,les Planes,429,35-49,58,76,134
2012,4,Districte IV,7,la Florida,411,00-02,12,11,23
1994,3,Districte III,6,Santa Eulàlia,321,16-17,45,32,77
2014,2,Districte II,5,Collblanc,212,50-64,109,106,215
1994,5,Districte V,9,Can Serra,501,00-02,8,7,15
2015,3,Districte III,6,Santa Eulàlia,319,16-17,14,23,37
1995,4,Districte IV,7,la Florida,422,16-17,9,15,24
2015,5,Districte V,9,Can Serra,503,00-02,7,10,17
1994,2,Districte II,4,la Torrassa,243,75 i +,76,40,116
2013,2,Districte II,5,Collblanc,214,18-24,98,87,185
2005,1,Districte I,3,Sant Josep,119,50-64,198,166,364
2012,4,Districte IV,7,la Florida,408,16-17,6,7,13
2001,1,Districte I,3,Sant Josep,136,65-74,54,47,101
2000,4,Districte IV,7,la Florida,415,12-15,8,12,20
2015,6,Districte VI,12,Bellvitge,601,18-24,60,60,120
2008,5,Districte V,10,Pubilla Cases,530,25-34,132,158,290
1997,4,Districte IV,7,la Florida,422,65-74,91,62,153
2011,2,Districte II,4,la Torrassa,238,65-74,37,37,74
2002,6,Districte VI,12,Bellvitge,611,03-11,66,55,121
2005,3,Districte III,6,Santa Eulàlia,322,35-49,133,134,267
2002,3,Districte III,6,Santa Eulàlia,310,75 i +,37,17,54
2006,6,Districte VI,12,Bellvitge,613,65-74,79,87,166
2003,1,Districte I,1,Centre,105,03-11,29,47,76
2011,1,Districte I,1,Centre,108,65-74,52,48,100
2007,5,Districte V,9,Can Serra,501,50-64,161,154,315
1996,4,Districte IV,8,les Planes,419,18-24,43,56,99
2003,5,Districte V,10,Pubilla Cases,518,03-11,33,31,64
2009,6,Districte VI,11,el Gornal,608,65-74,62,45,107
1995,1,Districte I,3,Sant Josep,139,25-34,73,73,146
2007,2,Districte II,5,Collblanc,204,00-02,10,14,24
2004,5,Districte V,10,Pubilla Cases,515,35-49,79,73,152
2014,3,Districte III,6,Santa Eulàlia,306,25-34,103,101,204
2012,4,Districte IV,7,la Florida,425,25-34,73,113,186
2009,4,Districte IV,7,la Florida,408,25-34,107,124,231
2015,3,Districte III,6,Santa Eulàlia,302,16-17,5,11,16
2004,2,Districte II,4,la Torrassa,218,12-15,9,11,20
2005,5,Districte V,9,Can Serra,502,25-34,146,178,324
2014,5,Districte V,9,Can Serra,521,50-64,98,73,171
2004,1,Districte I,3,Sant Josep,115,00-02,13,13,26
1995,1,Districte I,2,Sanfeliu,132,35-49,255,244,499
2002,4,Districte IV,8,les Planes,433,12-15,23,17,40
2008,4,Districte IV,7,la Florida,417,03-11,19,28,47
2010,4,Districte IV,8,les Planes,418,03-11,61,53,114
2016,4,Districte IV,7,la Florida,421,50-64,100,80,180
2002,4,Districte IV,8,les Planes,438,50-64,94,80,174
2016,6,Districte VI,12,Bellvitge,625,50-64,178,140,318
1996,1,Districte I,3,Sant Josep,119,75 i +,36,28,64
2013,2,Districte II,4,la Torrassa,236,75 i +,100,55,155
2004,1,Districte I,1,Centre,130,00-02,16,13,29
2007,5,Districte V,10,Pubilla Cases,511,65-74,45,39,84
2000,3,Districte III,6,Santa Eulàlia,313,65-74,75,74,149
2010,5,Districte V,9,Can Serra,521,03-11,24,34,58
2004,6,Districte VI,12,Bellvitge,604,65-74,41,33,74
1999,3,Districte III,6,Santa Eulàlia,316,00-02,11,17,28
2001,4,Districte IV,7,la Florida,421,00-02,11,15,26
2011,1,Districte I,3,Sant Josep,140,25-34,77,92,169
2013,6,Districte VI,12,Bellvitge,612,12-15,11,20,31
2006,4,Districte IV,8,les Planes,433,35-49,122,154,276
2015,1,Districte I,1,Centre,102,12-15,39,36,75
1995,4,Districte IV,8,les Planes,439,12-15,14,19,33
1998,1,Districte I,3,Sant Josep,140,12-15,13,14,27
2008,3,Districte III,6,Santa Eulàlia,306,12-15,35,26,61
2014,3,Districte III,6,Santa Eulàlia,306,65-74,65,64,129
2002,1,Districte I,1,Centre,111,00-02,5,9,14
2010,2,Districte II,4,la Torrassa,230,65-74,32,24,56
1997,4,Districte IV,7,la Florida,414,35-49,79,69,148
2011,5,Districte V,10,Pubilla Cases,518,65-74,76,40,116
2014,4,Districte IV,8,les Planes,433,16-17,17,18,35
1994,3,Districte III,6,Santa Eulàlia,304,03-11,30,46,76
2000,2,Districte II,5,Collblanc,207,12-15,8,11,19
2016,6,Districte VI,12,Bellvitge,605,35-49,185,196,381
2000,4,Districte IV,8,les Planes,435,16-17,7,11,18
2016,2,Districte II,4,la Torrassa,247,16-17,12,8,20
1997,2,Districte II,4,la Torrassa,235,18-24,72,60,132
1995,2,Districte II,4,la Torrassa,218,65-74,41,29,70
2006,1,Districte I,1,Centre,101,65-74,50,52,102
1999,6,Districte VI,12,Bellvitge,618,25-34,54,69,123
1998,3,Districte III,6,Santa Eulàlia,325,16-17,21,17,38
2006,4,Districte IV,8,les Planes,438,75 i +,28,20,48
1996,6,Districte VI,12,Bellvitge,604,35-49,69,63,132
2002,4,Districte IV,7,la Florida,426,00-02,9,10,19
2006,2,Districte II,5,Collblanc,223,03-11,43,45,88
2016,2,Districte II,4,la Torrassa,240,75 i +,113,72,185
1997,2,Districte II,4,la Torrassa,218,16-17,10,12,22
2008,1,Districte I,3,Sant Josep,117,25-34,132,165,297
2000,3,Districte III,6,Santa Eulàlia,301,16-17,19,25,44
2000,2,Districte II,5,Collblanc,215,16-17,6,7,13
2002,2,Districte II,4,la Torrassa,233,12-15,11,11,22
2008,5,Districte V,10,Pubilla Cases,531,75 i +,45,35,80
2004,2,Districte II,5,Collblanc,224,50-64,36,44,80
2014,2,Districte II,4,la Torrassa,233,65-74,43,21,64
2006,4,Districte IV,8,les Planes,439,00-02,12,21,33
2013,5,Districte V,9,Can Serra,505,75 i +,78,65,143
1998,2,Districte II,4,la Torrassa,233,18-24,30,33,63
1998,2,Districte II,5,Collblanc,207,18-24,26,24,50
2000,3,Districte III,6,Santa Eulàlia,303,50-64,207,180,387
1999,5,Districte V,9,Can Serra,501,16-17,22,22,44
2002,4,Districte IV,7,la Florida,413,25-34,53,55,108
2000,2,Districte II,4,la Torrassa,229,75 i +,47,19,66
2012,6,Districte VI,12,Bellvitge,602,25-34,35,38,73
2004,5,Districte V,9,Can Serra,507,03-11,19,32,51
2012,2,Districte II,5,Collblanc,206,25-34,73,83,156
2008,6,Districte VI,12,Bellvitge,615,75 i +,30,20,50
2000,4,Districte IV,7,la Florida,414,75 i +,43,28,71
2008,1,Districte I,3,Sant Josep,114,35-49,171,173,344
1994,4,Districte IV,8,les Planes,401,35-49,121,122,243
1998,4,Districte IV,7,la Florida,417,16-17,6,9,15
2006,4,Districte IV,7,la Florida,411,75 i +,81,61,142
2007,5,Districte V,10,Pubilla Cases,520,18-24,32,39,71
2015,1,Districte I,1,Centre,105,16-17,7,7,14
2000,6,Districte VI,12,Bellvitge,614,03-11,28,36,64
2011,5,Districte V,10,Pubilla Cases,514,12-15,19,15,34
1999,5,Districte V,10,Pubilla Cases,510,25-34,99,114,213
2006,5,Districte V,10,Pubilla Cases,518,25-34,103,106,209
1998,6,Districte VI,12,Bellvitge,611,35-49,117,128,245
2011,4,Districte IV,7,la Florida,423,18-24,30,39,69
1997,4,Districte IV,8,les Planes,438,18-24,53,48,101
2009,6,Districte VI,12,Bellvitge,603,35-49,79,79,158
2007,4,Districte IV,8,les Planes,418,25-34,119,148,267
2014,6,Districte VI,12,Bellvitge,613,00-02,7,13,20
2012,1,Districte I,1,Centre,128,35-49,137,146,283
2009,6,Districte VI,12,Bellvitge,625,50-64,200,175,375
1995,5,Districte V,9,Can Serra,507,25-34,71,80,151
2014,4,Districte IV,8,les Planes,436,50-64,124,113,237
2008,3,Districte III,6,Santa Eulàlia,312,25-34,163,168,331
2001,1,Districte I,3,Sant Josep,120,03-11,80,83,163
1997,1,Districte I,1,Centre,108,12-15,26,24,50
1994,6,Districte VI,12,Bellvitge,624,16-17,29,51,80
1997,1,Districte I,1,Centre,109,16-17,11,19,30
2009,1,Districte I,3,Sant Josep,139,12-15,12,22,34
1997,2,Districte II,5,Collblanc,225,35-49,50,36,86
2011,1,Districte I,1,Centre,123,16-17,7,15,22
1996,2,Districte II,4,la Torrassa,218,03-11,21,30,51
1999,2,Districte II,4,la Torrassa,241,03-11,38,23,61
2016,1,Districte I,1,Centre,108,18-24,55,52,107
1999,2,Districte II,4,la Torrassa,245,16-17,6,8,14
2006,1,Districte I,1,Centre,107,18-24,72,71,143
2004,2,Districte II,5,Collblanc,225,16-17,6,5,11
2012,4,Districte IV,7,la Florida,423,75 i +,79,53,132
2011,4,Districte IV,8,les Planes,436,12-15,19,12,31
1994,4,Districte IV,7,la Florida,404,03-11,50,48,98
1997,6,Districte VI,12,Bellvitge,618,00-02,6,5,11
1997,4,Districte IV,7,la Florida,411,00-02,10,6,16
1997,1,Districte I,1,Centre,101,35-49,145,142,287
1998,5,Districte V,10,Pubilla Cases,531,00-02,8,9,17
2007,2,Districte II,5,Collblanc,210,18-24,17,30,47
2000,5,Districte V,10,Pubilla Cases,512,75 i +,51,27,78
2003,6,Districte VI,12,Bellvitge,601,18-24,58,69,127
2012,3,Districte III,6,Santa Eulàlia,321,75 i +,121,76,197
2004,5,Districte V,10,Pubilla Cases,520,50-64,80,76,156
2016,3,Districte III,6,Santa Eulàlia,316,16-17,14,13,27
1999,2,Districte II,4,la Torrassa,230,50-64,68,61,129
1996,3,Districte III,6,Santa Eulàlia,303,12-15,28,27,55
2010,6,Districte VI,12,Bellvitge,623,00-02,17,13,30
1994,6,Districte VI,12,Bellvitge,612,25-34,83,95,178
2006,5,Districte V,10,Pubilla Cases,536,18-24,24,28,52
2015,5,Districte V,10,Pubilla Cases,524,12-15,24,19,43
2011,1,Districte I,1,Centre,123,25-34,92,80,172
2008,2,Districte II,5,Collblanc,244,65-74,27,18,45
2009,4,Districte IV,8,les Planes,436,18-24,45,44,89
2014,3,Districte III,6,Santa Eulàlia,324,12-15,20,25,45
2003,2,Districte II,4,la Torrassa,235,50-64,114,98,212
2013,2,Districte II,4,la Torrassa,249,35-49,140,151,291
2015,1,Districte I,2,Sanfeliu,129,00-02,12,23,35
2008,2,Districte II,4,la Torrassa,238,18-24,29,42,71
2004,2,Districte II,5,Collblanc,225,18-24,22,29,51
2002,1,Districte I,1,Centre,133,12-15,16,16,32
2016,5,Districte V,10,Pubilla Cases,533,18-24,67,60,127
2002,1,Districte I,3,Sant Josep,137,50-64,141,145,286
2016,3,Districte III,13,Granvia Sud,320,12-15,43,34,77
2010,4,Districte IV,7,la Florida,414,75 i +,59,47,106
1997,5,Districte V,10,Pubilla Cases,536,65-74,76,66,142
1999,1,Districte I,3,Sant Josep,114,35-49,164,165,329
2009,1,Districte I,3,Sant Josep,106,12-15,21,27,48
1997,5,Districte V,10,Pubilla Cases,524,12-15,19,25,44
2008,2,Districte II,4,la Torrassa,217,16-17,10,8,18
2012,1,Districte I,1,Centre,107,03-11,78,81,159
2009,3,Districte III,6,Santa Eulàlia,313,75 i +,94,55,149
1998,6,Districte VI,12,Bellvitge,612,25-34,107,129,236
2001,6,Districte VI,12,Bellvitge,621,16-17,13,24,37
1999,1,Districte I,3,Sant Josep,127,25-34,69,74,143
2005,5,Districte V,10,Pubilla Cases,523,00-02,20,20,40
1994,4,Districte IV,8,les Planes,419,12-15,12,24,36
1996,2,Districte II,4,la Torrassa,236,65-74,90,68,158
1995,2,Districte II,5,Collblanc,227,18-24,48,43,91
2000,4,Districte IV,8,les Planes,435,12-15,23,24,47
2005,4,Districte IV,7,la Florida,424,18-24,32,36,68
2015,3,Districte III,6,Santa Eulàlia,305,16-17,17,10,27
2016,1,Districte I,1,Centre,110,16-17,2,8,10
1998,5,Districte V,10,Pubilla Cases,508,18-24,44,24,68
2015,1,Districte I,3,Sant Josep,140,50-64,83,68,151
2007,2,Districte II,4,la Torrassa,233,12-15,12,11,23
2013,2,Districte II,4,la Torrassa,238,50-64,57,63,120
2012,2,Districte II,4,la Torrassa,228,50-64,45,57,102
2012,4,Districte IV,8,les Planes,433,50-64,77,82,159
2001,2,Districte II,5,Collblanc,221,18-24,47,55,102
2000,1,Districte I,3,Sant Josep,121,35-49,74,94,168
1999,5,Districte V,10,Pubilla Cases,508,00-02,3,7,10
2001,4,Districte IV,7,la Florida,415,25-34,73,68,141
2007,6,Districte VI,12,Bellvitge,619,35-49,128,138,266
2014,3,Districte III,6,Santa Eulàlia,307,00-02,15,11,26
2000,1,Districte I,1,Centre,108,25-34,103,98,201
2013,6,Districte VI,12,Bellvitge,611,25-34,109,118,227
2003,4,Districte IV,7,la Florida,421,03-11,26,32,58
2010,2,Districte II,4,la Torrassa,245,65-74,49,32,81
2007,4,Districte IV,8,les Planes,434,35-49,85,87,172
2014,5,Districte V,10,Pubilla Cases,520,12-15,18,18,36
2004,5,Districte V,10,Pubilla Cases,519,12-15,4,15,19
2012,1,Districte I,3,Sant Josep,119,35-49,139,129,268
1999,3,Districte III,6,Santa Eulàlia,323,25-34,230,232,462
2015,5,Districte V,9,Can Serra,521,75 i +,67,60,127
2012,4,Districte IV,7,la Florida,428,35-49,80,100,180
1996,1,Districte I,2,Sanfeliu,118,18-24,146,157,303
2011,6,Districte VI,12,Bellvitge,602,65-74,60,52,112
2012,3,Districte III,6,Santa Eulàlia,318,00-02,10,7,17
2004,3,Districte III,6,Santa Eulàlia,306,18-24,83,69,152
1994,4,Districte IV,8,les Planes,419,00-02,9,14,23
2015,3,Districte III,6,Santa Eulàlia,314,75 i +,91,63,154
2003,1,Districte I,1,Centre,124,00-02,9,10,19
2011,2,Districte II,4,la Torrassa,230,18-24,28,39,67
2002,4,Districte IV,7,la Florida,432,75 i +,48,36,84
1997,1,Districte I,1,Centre,112,12-15,41,28,69
1997,2,Districte II,5,Collblanc,206,18-24,33,50,83
2016,5,Districte V,10,Pubilla Cases,526,03-11,79,96,175
2011,4,Districte IV,7,la Florida,414,00-02,15,18,33
2004,2,Districte II,4,la Torrassa,229,12-15,12,13,25
2016,3,Districte III,6,Santa Eulàlia,320,03-11,13,3,16
2008,2,Districte II,5,Collblanc,215,03-11,34,37,71
2012,6,Districte VI,11,el Gornal,632,75 i +,51,37,88
2007,4,Districte IV,8,les Planes,419,50-64,61,55,116
1997,4,Districte IV,7,la Florida,413,50-64,58,53,111
1999,6,Districte VI,12,Bellvitge,627,35-49,152,124,276
1996,4,Districte IV,8,les Planes,429,25-34,34,41,75
2016,3,Districte III,6,Santa Eulàlia,327,65-74,66,64,130
2015,3,Districte III,6,Santa Eulàlia,305,50-64,198,179,377
2000,3,Districte III,6,Santa Eulàlia,304,16-17,6,10,16
2012,4,Districte IV,7,la Florida,432,18-24,39,45,84
1999,2,Districte II,4,la Torrassa,217,50-64,38,34,72
2012,2,Districte II,5,Collblanc,224,75 i +,35,23,58
1994,1,Districte I,3,Sant Josep,138,75 i +,16,9,25
2016,2,Districte II,5,Collblanc,226,16-17,13,16,29
2002,6,Districte VI,11,el Gornal,617,00-02,13,11,24
2008,5,Districte V,10,Pubilla Cases,514,16-17,8,4,12
2008,5,Districte V,10,Pubilla Cases,508,75 i +,38,26,64
2011,5,Districte V,10,Pubilla Cases,538,18-24,43,43,86
2009,1,Districte I,3,Sant Josep,137,12-15,24,22,46
2006,2,Districte II,5,Collblanc,226,18-24,59,53,112
2002,3,Districte III,6,Santa Eulàlia,323,50-64,251,307,558
2013,4,Districte IV,7,la Florida,414,16-17,13,19,32
2009,2,Districte II,5,Collblanc,215,25-34,84,96,180
2001,2,Districte II,5,Collblanc,219,18-24,37,54,91
2008,2,Districte II,4,la Torrassa,241,25-34,75,82,157
2005,4,Districte IV,8,les Planes,440,12-15,7,12,19
1996,6,Districte VI,11,el Gornal,617,00-02,12,16,28
2008,1,Districte I,1,Centre,110,75 i +,62,38,100
2013,3,Districte III,6,Santa Eulàlia,325,35-49,201,200,401
2003,4,Districte IV,8,les Planes,418,16-17,10,16,26
2008,5,Districte V,10,Pubilla Cases,514,12-15,14,12,26
2012,4,Districte IV,7,la Florida,417,12-15,12,11,23
2003,6,Districte VI,12,Bellvitge,612,16-17,6,8,14
2001,1,Districte I,3,Sant Josep,139,00-02,13,9,22
2006,6,Districte VI,12,Bellvitge,625,75 i +,33,20,53
1997,3,Districte III,6,Santa Eulàlia,313,50-64,154,146,300
1998,2,Districte II,4,la Torrassa,246,18-24,48,37,85
1995,5,Districte V,10,Pubilla Cases,508,75 i +,20,13,33
2013,1,Districte I,1,Centre,107,75 i +,101,55,156
2000,4,Districte IV,7,la Florida,425,00-02,8,10,18
2008,5,Districte V,10,Pubilla Cases,524,12-15,24,26,50
2011,5,Districte V,10,Pubilla Cases,508,75 i +,38,24,62
1998,3,Districte III,6,Santa Eulàlia,312,12-15,25,18,43
2011,6,Districte VI,12,Bellvitge,618,00-02,4,8,12
2003,2,Districte II,4,la Torrassa,238,50-64,63,62,125
2004,2,Districte II,5,Collblanc,226,50-64,91,91,182
1994,6,Districte VI,12,Bellvitge,619,18-24,100,106,206
2006,6,Districte VI,12,Bellvitge,610,03-11,47,54,101
2009,6,Districte VI,11,el Gornal,629,00-02,6,3,9
2016,1,Districte I,1,Centre,131,65-74,124,114,238
2012,3,Districte III,6,Santa Eulàlia,316,03-11,52,69,121
1998,2,Districte II,5,Collblanc,207,25-34,58,45,103
1997,4,Districte IV,8,les Planes,434,00-02,3,6,9
2004,2,Districte II,5,Collblanc,219,00-02,12,15,27
1995,6,Districte VI,12,Bellvitge,630,12-15,40,42,82
2007,5,Districte V,10,Pubilla Cases,530,25-34,129,173,302
2004,3,Districte III,6,Santa Eulàlia,323,03-11,132,137,269
1999,2,Districte II,5,Collblanc,204,03-11,8,20,28
2000,1,Districte I,1,Centre,112,00-02,8,12,20
2012,1,Districte I,3,Sant Josep,122,16-17,10,7,17
1995,1,Districte I,1,Centre,112,65-74,51,42,93
2003,3,Districte III,6,Santa Eulàlia,301,12-15,33,38,71
2006,3,Districte III,6,Santa Eulàlia,312,65-74,79,81,160
2001,3,Districte III,6,Santa Eulàlia,324,03-11,39,31,70
1997,3,Districte III,6,Santa Eulàlia,321,03-11,92,109,201
2012,5,Districte V,10,Pubilla Cases,522,75 i +,37,32,69
1997,3,Districte III,6,Santa Eulàlia,310,16-17,16,18,34
1997,5,Districte V,9,Can Serra,507,75 i +,37,25,62
2004,4,Districte IV,8,les Planes,436,25-34,110,127,237
2011,5,Districte V,10,Pubilla Cases,523,00-02,20,19,39
2002,6,Districte VI,12,Bellvitge,614,25-34,80,107,187
2012,3,Districte III,6,Santa Eulàlia,309,16-17,7,12,19
2012,1,Districte I,1,Centre,135,16-17,13,10,23
2014,4,Districte IV,7,la Florida,411,50-64,84,71,155
2011,5,Districte V,10,Pubilla Cases,530,25-34,150,142,292
1996,1,Districte I,1,Centre,111,18-24,63,97,160
1997,4,Districte IV,7,la Florida,409,25-34,57,61,118
1996,3,Districte III,6,Santa Eulàlia,303,35-49,127,107,234
2006,6,Districte VI,12,Bellvitge,620,16-17,5,11,16
2001,2,Districte II,4,la Torrassa,235,12-15,12,14,26
1997,1,Districte I,3,Sant Josep,115,50-64,106,118,224
1999,4,Districte IV,7,la Florida,413,65-74,43,35,78
1997,5,Districte V,10,Pubilla Cases,520,16-17,7,11,18
2006,2,Districte II,4,la Torrassa,249,25-34,107,97,204
1995,2,Districte II,5,Collblanc,216,65-74,75,63,138
2000,4,Districte IV,8,les Planes,429,18-24,34,43,77
2006,2,Districte II,4,la Torrassa,240,25-34,67,72,139
2000,3,Districte III,6,Santa Eulàlia,305,25-34,99,112,211
1999,5,Districte V,10,Pubilla Cases,529,03-11,24,38,62
2013,2,Districte II,5,Collblanc,212,75 i +,86,46,132
1997,5,Districte V,9,Can Serra,506,65-74,62,67,129
2004,1,Districte I,2,Sanfeliu,116,75 i +,65,42,107
1999,5,Districte V,9,Can Serra,504,00-02,12,10,22
2014,4,Districte IV,7,la Florida,422,65-74,52,25,77
2015,2,Districte II,5,Collblanc,224,25-34,114,106,220
2012,5,Districte V,10,Pubilla Cases,528,75 i +,65,51,116
1994,6,Districte VI,11,el Gornal,626,65-74,36,45,81
2012,6,Districte VI,12,Bellvitge,630,50-64,115,88,203
1994,4,Districte IV,7,la Florida,414,03-11,29,51,80
2010,6,Districte VI,12,Bellvitge,613,00-02,17,19,36
2013,6,Districte VI,12,Bellvitge,614,18-24,20,30,50
1994,5,Districte V,10,Pubilla Cases,518,75 i +,48,20,68
2002,4,Districte IV,7,la Florida,404,65-74,83,73,156
2005,2,Districte II,4,la Torrassa,242,16-17,4,8,12
1994,6,Districte VI,11,el Gornal,622,50-64,65,67,132
2003,2,Districte II,4,la Torrassa,218,03-11,28,26,54
2013,4,Districte IV,7,la Florida,414,65-74,67,63,130
2016,3,Districte III,6,Santa Eulàlia,304,00-02,75,102,177
2015,4,Districte IV,7,la Florida,404,50-64,110,105,215
2016,1,Districte I,1,Centre,102,03-11,54,52,106
2012,6,Districte VI,12,Bellvitge,607,50-64,84,74,158
2002,6,Districte VI,12,Bellvitge,606,16-17,8,10,18
2006,4,Districte IV,7,la Florida,426,18-24,58,46,104
1994,1,Districte I,1,Centre,134,35-49,155,157,312
2008,1,Districte I,1,Centre,133,75 i +,53,42,95
2010,1,Districte I,3,Sant Josep,119,16-17,8,9,17
2006,1,Districte I,1,Centre,131,03-11,37,56,93
1996,2,Districte II,4,la Torrassa,242,00-02,9,6,15
2001,2,Districte II,5,Collblanc,222,25-34,69,86,155
1995,4,Districte IV,7,la Florida,409,35-49,71,69,140
2004,5,Districte V,9,Can Serra,505,65-74,68,70,138
2015,1,Districte I,1,Centre,111,00-02,13,5,18
2003,3,Districte III,6,Santa Eulàlia,315,50-64,122,140,262
2008,1,Districte I,3,Sant Josep,139,75 i +,41,24,65
2006,5,Districte V,10,Pubilla Cases,531,12-15,19,20,39
2001,2,Districte II,5,Collblanc,224,00-02,5,8,13
2002,3,Districte III,6,Santa Eulàlia,314,03-11,84,101,185
2008,4,Districte IV,8,les Planes,420,16-17,18,15,33
2003,3,Districte III,6,Santa Eulàlia,318,16-17,9,18,27
2003,3,Districte III,6,Santa Eulàlia,305,16-17,26,18,44
2010,3,Districte III,6,Santa Eulàlia,323,18-24,114,85,199
2009,4,Districte IV,8,les Planes,420,16-17,16,11,27
2002,1,Districte I,3,Sant Josep,119,50-64,177,175,352
2010,2,Districte II,4,la Torrassa,247,65-74,61,60,121
1998,5,Districte V,9,Can Serra,502,50-64,146,162,308
2016,1,Districte I,1,Centre,102,65-74,133,124,257
1996,3,Districte III,6,Santa Eulàlia,320,25-34,67,84,151
2011,2,Districte II,5,Collblanc,219,16-17,17,10,27
1998,2,Districte II,5,Collblanc,215,35-49,63,64,127
2010,5,Districte V,10,Pubilla Cases,531,50-64,90,79,169
1999,4,Districte IV,7,la Florida,414,03-11,23,31,54
2011,1,Districte I,3,Sant Josep,106,35-49,190,175,365
2015,4,Districte IV,7,la Florida,414,03-11,86,86,172
2007,4,Districte IV,8,les Planes,438,12-15,12,18,30
1998,6,Districte VI,12,Bellvitge,604,50-64,93,72,165
1996,2,Districte II,5,Collblanc,225,25-34,28,25,53
2009,4,Districte IV,7,la Florida,432,12-15,13,19,32
2015,2,Districte II,4,la Torrassa,239,25-34,77,89,166
2000,6,Districte VI,12,Bellvitge,625,00-02,14,10,24
1995,6,Districte VI,12,Bellvitge,604,18-24,64,72,136
2007,4,Districte IV,7,la Florida,406,00-02,19,23,42
2006,4,Districte IV,7,la Florida,403,00-02,7,16,23
2016,4,Districte IV,7,la Florida,430,75 i +,52,34,86
2003,6,Districte VI,12,Bellvitge,614,03-11,27,35,62
1994,4,Districte IV,7,la Florida,415,00-02,9,5,14
2001,1,Districte I,1,Centre,133,03-11,18,30,48
2007,5,Districte V,10,Pubilla Cases,517,65-74,58,54,112
2004,2,Districte II,5,Collblanc,215,18-24,39,34,73
2001,4,Districte IV,7,la Florida,427,25-34,84,88,172
2009,2,Districte II,4,la Torrassa,231,25-34,110,110,220
2000,6,Districte VI,12,Bellvitge,628,75 i +,32,15,47
2006,6,Districte VI,12,Bellvitge,618,00-02,7,10,17
2002,1,Districte I,1,Centre,112,00-02,20,14,34
2015,1,Districte I,1,Centre,107,12-15,28,24,52
1995,1,Districte I,3,Sant Josep,106,75 i +,22,20,42
2005,4,Districte IV,7,la Florida,426,16-17,10,6,16
1999,4,Districte IV,7,la Florida,403,12-15,25,17,42
1996,4,Districte IV,7,la Florida,431,03-11,47,51,98
2001,2,Districte II,5,Collblanc,212,75 i +,69,38,107
2007,2,Districte II,5,Collblanc,212,25-34,134,174,308
1995,6,Districte VI,12,Bellvitge,630,65-74,22,22,44
1999,5,Districte V,10,Pubilla Cases,523,18-24,65,65,130
2005,2,Districte II,4,la Torrassa,230,12-15,18,16,34
2011,2,Districte II,5,Collblanc,203,00-02,9,12,21
2005,6,Districte VI,12,Bellvitge,609,50-64,121,97,218
2006,1,Districte I,3,Sant Josep,106,12-15,21,27,48
2009,1,Districte I,1,Centre,103,12-15,10,9,19
2002,1,Districte I,1,Centre,107,00-02,20,26,46
2007,6,Districte VI,12,Bellvitge,601,35-49,125,151,276
2007,4,Districte IV,8,les Planes,439,03-11,51,61,112
1995,4,Districte IV,8,les Planes,433,03-11,45,40,85
2015,2,Districte II,5,Collblanc,210,65-74,62,49,111
2013,5,Districte V,10,Pubilla Cases,523,25-34,111,116,227
2010,3,Districte III,6,Santa Eulàlia,305,18-24,88,70,158
1994,6,Districte VI,12,Bellvitge,606,18-24,82,75,157
2005,5,Districte V,10,Pubilla Cases,510,18-24,46,51,97
2000,4,Districte IV,8,les Planes,442,18-24,23,28,51
2013,1,Districte I,3,Sant Josep,115,35-49,154,163,317
1998,5,Districte V,10,Pubilla Cases,512,35-49,69,66,135
2013,3,Districte III,6,Santa Eulàlia,312,16-17,11,14,25
1995,1,Districte I,3,Sant Josep,126,35-49,130,97,227
2005,1,Districte I,3,Sant Josep,126,75 i +,53,27,80
1995,5,Districte V,10,Pubilla Cases,523,03-11,39,39,78
1998,2,Districte II,4,la Torrassa,246,00-02,13,13,26
1999,1,Districte I,1,Centre,104,65-74,81,53,134
2015,2,Districte II,5,Collblanc,223,75 i +,61,44,105
2010,5,Districte V,10,Pubilla Cases,517,00-02,26,19,45
2012,1,Districte I,3,Sant Josep,121,16-17,10,10,20
2008,5,Districte V,10,Pubilla Cases,510,35-49,112,129,241
2012,3,Districte III,6,Santa Eulàlia,316,12-15,22,25,47
2000,1,Districte I,1,Centre,104,12-15,5,8,13
2005,2,Districte II,5,Collblanc,219,12-15,20,16,36
2010,5,Districte V,10,Pubilla Cases,527,16-17,13,6,19
2013,6,Districte VI,12,Bellvitge,631,03-11,29,43,72
2001,1,Districte I,3,Sant Josep,122,16-17,4,6,10
2006,5,Districte V,10,Pubilla Cases,523,12-15,12,23,35
2001,5,Districte V,10,Pubilla Cases,518,50-64,107,84,191
1998,5,Districte V,9,Can Serra,504,50-64,169,157,326
2010,2,Districte II,4,la Torrassa,228,16-17,14,6,20
1996,5,Districte V,10,Pubilla Cases,508,25-34,43,59,102
1998,4,Districte IV,7,la Florida,403,25-34,85,98,183
2003,6,Districte VI,12,Bellvitge,604,25-34,55,86,141
1999,5,Districte V,10,Pubilla Cases,526,65-74,38,34,72
2005,3,Districte III,6,Santa Eulàlia,302,65-74,63,48,111
2016,6,Districte VI,12,Bellvitge,615,12-15,17,8,25
2003,3,Districte III,6,Santa Eulàlia,311,35-49,129,139,268
2006,5,Districte V,10,Pubilla Cases,533,12-15,11,11,22
2016,5,Districte V,10,Pubilla Cases,520,35-49,92,92,184
2013,4,Districte IV,7,la Florida,423,50-64,77,68,145
2002,4,Districte IV,8,les Planes,442,35-49,60,57,117
2001,5,Districte V,10,Pubilla Cases,532,35-49,119,93,212
2000,1,Districte I,1,Centre,128,75 i +,38,24,62
2009,6,Districte VI,12,Bellvitge,618,65-74,36,41,77
1996,1,Districte I,1,Centre,107,65-74,70,57,127
2006,2,Districte II,4,la Torrassa,247,75 i +,78,36,114
2011,5,Districte V,10,Pubilla Cases,520,18-24,34,35,69
2008,2,Districte II,5,Collblanc,210,25-34,70,58,128
2013,2,Districte II,4,la Torrassa,233,75 i +,57,39,96
2016,2,Districte II,4,la Torrassa,229,12-15,48,27,75
2003,2,Districte II,4,la Torrassa,248,65-74,64,57,121
2010,2,Districte II,5,Collblanc,213,18-24,38,33,71
2009,2,Districte II,5,Collblanc,214,35-49,133,136,269
1994,4,Districte IV,7,la Florida,427,75 i +,56,34,90
2000,4,Districte IV,7,la Florida,432,03-11,26,42,68
2015,3,Districte III,6,Santa Eulàlia,324,25-34,96,76,172
2007,1,Districte I,2,Sanfeliu,129,65-74,55,60,115
1994,1,Districte I,3,Sant Josep,136,12-15,38,38,76
2004,4,Districte IV,7,la Florida,403,18-24,52,43,95
2007,1,Districte I,1,Centre,124,03-11,27,22,49
1999,4,Districte IV,7,la Florida,404,35-49,107,125,232
2008,5,Districte V,9,Can Serra,504,65-74,94,86,180
1995,3,Districte III,6,Santa Eulàlia,312,16-17,10,17,27
2015,5,Districte V,9,Can Serra,507,12-15,9,21,30
1995,6,Districte VI,12,Bellvitge,601,16-17,28,40,68
2004,2,Districte II,5,Collblanc,209,12-15,20,23,43
1998,3,Districte III,6,Santa Eulàlia,305,16-17,17,22,39
1994,2,Districte II,4,la Torrassa,246,16-17,9,16,25
1997,5,Districte V,10,Pubilla Cases,530,18-24,68,80,148
1996,3,Districte III,6,Santa Eulàlia,316,12-15,125,130,255
2014,2,Districte II,4,la Torrassa,238,12-15,14,18,32
2013,6,Districte VI,11,el Gornal,616,65-74,106,85,191
2014,1,Districte I,1,Centre,113,75 i +,56,40,96
2010,4,Districte IV,7,la Florida,406,16-17,12,12,24
2016,3,Districte III,6,Santa Eulàlia,318,65-74,45,41,86
2016,3,Districte III,6,Santa Eulàlia,308,18-24,75,79,154
2000,5,Districte V,9,Can Serra,521,35-49,103,82,185
1998,4,Districte IV,7,la Florida,428,65-74,45,36,81
2011,5,Districte V,9,Can Serra,503,65-74,45,43,88
2000,5,Districte V,10,Pubilla Cases,526,25-34,56,67,123
2015,4,Districte IV,7,la Florida,402,03-11,46,44,90
2011,5,Districte V,10,Pubilla Cases,530,65-74,75,57,132
1997,5,Districte V,10,Pubilla Cases,531,03-11,32,30,62
2013,6,Districte VI,12,Bellvitge,630,03-11,20,31,51
1999,1,Districte I,1,Centre,101,65-74,33,43,76
2005,5,Districte V,9,Can Serra,535,12-15,14,15,29
2016,2,Districte II,5,Collblanc,213,18-24,32,41,73
2007,2,Districte II,4,la Torrassa,239,00-02,17,15,32
1994,4,Districte IV,7,la Florida,410,03-11,46,56,102
2003,5,Districte V,10,Pubilla Cases,525,16-17,9,7,16
1995,5,Districte V,10,Pubilla Cases,510,25-34,85,113,198
2004,4,Districte IV,8,les Planes,433,18-24,56,46,102
2002,3,Districte III,6,Santa Eulàlia,305,65-74,77,60,137
2002,5,Districte V,10,Pubilla Cases,517,16-17,5,6,11
2004,1,Districte I,2,Sanfeliu,132,65-74,87,80,167
1996,5,Districte V,10,Pubilla Cases,533,00-02,8,7,15
1998,2,Districte II,5,Collblanc,244,03-11,16,16,32
2008,4,Districte IV,7,la Florida,412,35-49,161,181,342
1997,4,Districte IV,8,les Planes,418,12-15,25,23,48
2005,2,Districte II,4,la Torrassa,243,16-17,16,17,33
2008,1,Districte I,1,Centre,123,35-49,163,162,325
1995,5,Districte V,10,Pubilla Cases,509,16-17,12,9,21
2014,1,Districte I,3,Sant Josep,137,35-49,178,158,336
2014,4,Districte IV,7,la Florida,409,12-15,29,24,53
2006,1,Districte I,3,Sant Josep,138,50-64,92,88,180
2002,5,Districte V,10,Pubilla Cases,519,03-11,20,36,56
2016,2,Districte II,5,Collblanc,207,65-74,78,63,141
1999,2,Districte II,4,la Torrassa,229,75 i +,47,20,67
2009,6,Districte VI,12,Bellvitge,615,35-49,85,100,185
2001,3,Districte III,6,Santa Eulàlia,313,35-49,232,208,440
1999,6,Districte VI,11,el Gornal,616,00-02,27,51,78
1998,2,Districte II,5,Collblanc,204,65-74,53,43,96
2008,5,Districte V,10,Pubilla Cases,534,12-15,14,15,29
2009,6,Districte VI,11,el Gornal,616,50-64,258,236,494
2007,2,Districte II,4,la Torrassa,218,03-11,25,27,52
2004,1,Districte I,3,Sant Josep,126,75 i +,52,26,78
1994,4,Districte IV,7,la Florida,413,12-15,9,16,25
2002,6,Districte VI,12,Bellvitge,625,75 i +,20,11,31
1996,4,Districte IV,8,les Planes,420,25-34,100,112,212
2006,6,Districte VI,12,Bellvitge,607,50-64,92,59,151
2014,2,Districte II,5,Collblanc,214,16-17,19,17,36
2009,5,Districte V,9,Can Serra,502,18-24,63,79,142
1999,6,Districte VI,11,el Gornal,626,00-02,15,9,24
2004,5,Districte V,10,Pubilla Cases,509,16-17,6,9,15
2002,2,Districte II,4,la Torrassa,242,18-24,37,50,87
1997,4,Districte IV,7,la Florida,413,18-24,26,34,60
2000,5,Districte V,10,Pubilla Cases,533,50-64,84,71,155
2013,1,Districte I,1,Centre,108,25-34,97,88,185
2013,1,Districte I,1,Centre,108,35-49,195,158,353
2004,6,Districte VI,12,Bellvitge,615,65-74,51,59,110
2004,3,Districte III,6,Santa Eulàlia,316,75 i +,66,29,95
2007,1,Districte I,3,Sant Josep,122,35-49,90,102,192
1998,3,Districte III,6,Santa Eulàlia,318,50-64,58,67,125
2010,4,Districte IV,7,la Florida,415,03-11,33,46,79
2010,1,Districte I,3,Sant Josep,127,03-11,35,37,72
2010,2,Districte II,5,Collblanc,224,18-24,29,20,49
2006,6,Districte VI,12,Bellvitge,603,16-17,3,4,7
2009,5,Districte V,10,Pubilla Cases,525,35-49,95,127,222
2003,1,Districte I,3,Sant Josep,139,25-34,92,93,185
2012,4,Districte IV,7,la Florida,430,18-24,38,38,76
2003,2,Districte II,5,Collblanc,206,18-24,38,32,70
1999,2,Districte II,5,Collblanc,205,16-17,14,7,21
2013,5,Districte V,10,Pubilla Cases,537,18-24,48,49,97
1997,2,Districte II,4,la Torrassa,237,16-17,16,9,25
2005,1,Districte I,2,Sanfeliu,129,50-64,112,94,206
1994,3,Districte III,6,Santa Eulàlia,304,25-34,77,109,186
2000,3,Districte III,6,Santa Eulàlia,318,65-74,21,18,39
2000,4,Districte IV,8,les Planes,418,75 i +,72,40,112
2007,2,Districte II,4,la Torrassa,243,00-02,18,21,39
1996,5,Districte V,10,Pubilla Cases,537,35-49,119,104,223
2005,5,Districte V,10,Pubilla Cases,527,75 i +,53,29,82
1994,2,Districte II,5,Collblanc,204,75 i +,23,13,36
2005,1,Districte I,1,Centre,108,03-11,58,43,101
2010,6,Districte VI,12,Bellvitge,610,65-74,118,128,246
1997,1,Districte I,1,Centre,128,65-74,50,42,92
2009,4,Districte IV,7,la Florida,422,12-15,15,19,34
2008,6,Districte VI,11,el Gornal,629,00-02,6,3,9
2003,5,Districte V,10,Pubilla Cases,523,50-64,120,107,227
2004,4,Districte IV,7,la Florida,427,18-24,32,32,64
2013,4,Districte IV,8,les Planes,441,50-64,227,201,428
2003,2,Districte II,4,la Torrassa,239,18-24,46,35,81
2014,6,Districte VI,12,Bellvitge,621,65-74,106,133,239
2002,2,Districte II,5,Collblanc,226,25-34,108,114,222
2003,4,Districte IV,7,la Florida,410,16-17,7,10,17
2008,6,Districte VI,12,Bellvitge,615,18-24,20,24,44
2015,3,Districte III,6,Santa Eulàlia,324,03-11,57,56,113
2005,1,Districte I,1,Centre,133,50-64,93,81,174
2003,5,Districte V,10,Pubilla Cases,538,18-24,35,54,89
2013,5,Districte V,10,Pubilla Cases,514,65-74,61,36,97
2008,1,Districte I,1,Centre,108,12-15,18,28,46
2008,1,Districte I,3,Sant Josep,136,18-24,41,32,73
2007,5,Districte V,10,Pubilla Cases,533,16-17,5,10,15
2012,6,Districte VI,11,el Gornal,626,18-24,33,18,51
2013,1,Districte I,1,Centre,135,65-74,86,74,160
2011,4,Districte IV,7,la Florida,424,50-64,50,47,97
1996,1,Districte I,2,Sanfeliu,118,12-15,62,68,130
2009,2,Districte II,4,la Torrassa,217,35-49,91,132,223
2002,1,Districte I,1,Centre,109,16-17,16,6,22
2003,1,Districte I,1,Centre,102,65-74,95,85,180
2013,1,Districte I,1,Centre,112,35-49,199,173,372
2001,4,Districte IV,7,la Florida,413,50-64,39,48,87
2002,2,Districte II,4,la Torrassa,230,50-64,62,48,110
2003,2,Districte II,5,Collblanc,206,00-02,6,8,14
2003,1,Districte I,1,Centre,108,12-15,22,26,48
2013,5,Districte V,10,Pubilla Cases,529,35-49,176,158,334
2002,5,Districte V,10,Pubilla Cases,512,75 i +,55,23,78
2000,4,Districte IV,7,la Florida,427,03-11,19,30,49
1994,4,Districte IV,7,la Florida,409,03-11,28,28,56
2001,1,Districte I,1,Centre,135,18-24,77,101,178
1997,1,Districte I,1,Centre,104,16-17,11,8,19
2001,4,Districte IV,8,les Planes,435,12-15,27,22,49
2001,4,Districte IV,7,la Florida,408,35-49,100,100,200
1995,5,Districte V,10,Pubilla Cases,524,16-17,14,20,34
2004,1,Districte I,3,Sant Josep,139,50-64,92,85,177
2010,6,Districte VI,12,Bellvitge,614,35-49,107,112,219
2010,5,Districte V,10,Pubilla Cases,515,00-02,6,11,17
2009,5,Districte V,10,Pubilla Cases,524,50-64,99,92,191
2005,1,Districte I,1,Centre,107,25-34,160,199,359
2015,4,Districte IV,7,la Florida,432,35-49,127,144,271
2007,1,Districte I,1,Centre,134,75 i +,73,35,108
2000,4,Districte IV,7,la Florida,408,03-11,19,26,45
2002,6,Districte VI,11,el Gornal,616,35-49,282,286,568
2011,5,Districte V,9,Can Serra,535,65-74,90,90,180
2014,6,Districte VI,12,Bellvitge,602,18-24,37,44,81
1998,1,Districte I,2,Sanfeliu,132,12-15,50,56,106
1995,4,Districte IV,8,les Planes,419,16-17,8,14,22
2010,4,Districte IV,7,la Florida,427,75 i +,63,33,96
2015,1,Districte I,3,Sant Josep,137,25-34,98,81,179
2007,2,Districte II,5,Collblanc,213,50-64,85,86,171
2009,2,Districte II,5,Collblanc,202,65-74,32,33,65
2014,5,Districte V,9,Can Serra,503,75 i +,41,19,60
2008,3,Districte III,6,Santa Eulàlia,307,03-11,32,40,72
2001,4,Districte IV,7,la Florida,403,03-11,21,27,48
2004,2,Districte II,5,Collblanc,220,03-11,31,23,54
2015,2,Districte II,4,la Torrassa,228,03-11,100,104,204
2014,1,Districte I,1,Centre,135,25-34,80,91,171
2000,2,Districte II,4,la Torrassa,232,00-02,8,11,19
2007,4,Districte IV,7,la Florida,432,35-49,126,121,247
2010,4,Districte IV,8,les Planes,442,35-49,75,82,157
2013,2,Districte II,4,la Torrassa,236,03-11,34,46,80
2016,1,Districte I,1,Centre,135,25-34,89,107,196
1996,3,Districte III,6,Santa Eulàlia,324,12-15,19,11,30
2015,2,Districte II,4,la Torrassa,234,35-49,141,139,280
2010,3,Districte III,6,Santa Eulàlia,307,16-17,12,9,21
2001,5,Districte V,10,Pubilla Cases,520,75 i +,40,29,69
2008,3,Districte III,6,Santa Eulàlia,315,00-02,32,31,63
1996,1,Districte I,1,Centre,113,18-24,77,64,141
2011,5,Districte V,9,Can Serra,501,35-49,112,113,225
2006,5,Districte V,10,Pubilla Cases,512,35-49,96,107,203
2015,5,Districte V,9,Can Serra,507,25-34,49,57,106
1995,3,Districte III,6,Santa Eulàlia,302,65-74,48,47,95
2005,1,Districte I,3,Sant Josep,119,12-15,15,26,41
2001,6,Districte VI,11,el Gornal,617,65-74,62,48,110
2002,6,Districte VI,12,Bellvitge,613,00-02,15,19,34
2013,3,Districte III,6,Santa Eulàlia,323,16-17,15,14,29
2001,2,Districte II,5,Collblanc,224,03-11,16,21,37
2007,3,Districte III,6,Santa Eulàlia,317,65-74,31,30,61
1999,1,Districte I,1,Centre,113,25-34,95,93,188
2001,4,Districte IV,7,la Florida,402,50-64,84,70,154
2003,2,Districte II,4,la Torrassa,228,25-34,88,97,185
1999,4,Districte IV,8,les Planes,437,50-64,81,78,159
2015,1,Districte I,3,Sant Josep,115,50-64,117,123,240
2011,2,Districte II,5,Collblanc,226,16-17,9,4,13
2013,2,Districte II,5,Collblanc,204,12-15,25,15,40
2001,3,Districte III,6,Santa Eulàlia,325,50-64,193,178,371
2011,6,Districte VI,12,Bellvitge,611,65-74,139,118,257
2008,6,Districte VI,12,Bellvitge,630,16-17,8,7,15
2003,4,Districte IV,7,la Florida,417,03-11,24,18,42
2008,3,Districte III,6,Santa Eulàlia,324,35-49,130,142,272
2009,5,Districte V,9,Can Serra,503,65-74,41,36,77
1996,2,Districte II,4,la Torrassa,245,18-24,41,64,105
2011,6,Districte VI,12,Bellvitge,620,35-49,57,55,112
2013,3,Districte III,6,Santa Eulàlia,308,03-11,97,98,195
2000,1,Districte I,3,Sant Josep,117,00-02,26,21,47
2009,2,Districte II,4,la Torrassa,229,16-17,7,4,11
2010,1,Districte I,3,Sant Josep,138,35-49,89,62,151
2000,6,Districte VI,12,Bellvitge,611,00-02,13,18,31
2008,1,Districte I,3,Sant Josep,136,75 i +,66,40,106
2012,4,Districte IV,7,la Florida,403,00-02,19,18,37
2010,1,Districte I,1,Centre,112,25-34,123,90,213
2008,4,Districte IV,7,la Florida,416,18-24,35,43,78
2004,1,Districte I,3,Sant Josep,126,65-74,62,58,120
1996,4,Districte IV,7,la Florida,430,12-15,11,20,31
2003,4,Districte IV,7,la Florida,427,12-15,13,23,36
2008,6,Districte VI,11,el Gornal,616,65-74,71,72,143
2000,1,Districte I,1,Centre,105,50-64,91,107,198
2015,2,Districte II,4,la Torrassa,236,12-15,16,21,37
2010,2,Districte II,4,la Torrassa,246,65-74,38,35,73
1995,5,Districte V,10,Pubilla Cases,538,75 i +,48,24,72
1997,2,Districte II,5,Collblanc,209,18-24,31,35,66
1995,5,Districte V,10,Pubilla Cases,517,25-34,110,125,235
1994,4,Districte IV,7,la Florida,404,25-34,114,138,252
2005,1,Districte I,1,Centre,105,16-17,13,14,27
2001,4,Districte IV,8,les Planes,442,12-15,10,10,20
2006,4,Districte IV,7,la Florida,402,65-74,54,52,106
1995,2,Districte II,4,la Torrassa,232,75 i +,74,30,104
1999,4,Districte IV,8,les Planes,441,35-49,256,252,508
2006,3,Districte III,6,Santa Eulàlia,312,18-24,59,61,120
2015,4,Districte IV,7,la Florida,404,03-11,77,65,142
1997,4,Districte IV,7,la Florida,415,65-74,46,32,78
2002,6,Districte VI,11,el Gornal,616,18-24,178,174,352
2012,2,Districte II,5,Collblanc,202,35-49,106,133,239
2007,4,Districte IV,7,la Florida,404,03-11,56,62,118
2007,1,Districte I,1,Centre,110,50-64,182,142,324
2005,2,Districte II,5,Collblanc,204,00-02,10,7,17
2009,2,Districte II,4,la Torrassa,245,50-64,78,64,142
2014,6,Districte VI,12,Bellvitge,619,35-49,111,125,236
1997,5,Districte V,10,Pubilla Cases,527,75 i +,45,21,66
2013,3,Districte III,6,Santa Eulàlia,304,00-02,61,78,139
1995,3,Districte III,6,Santa Eulàlia,324,65-74,55,40,95
2012,5,Districte V,10,Pubilla Cases,524,25-34,117,109,226
2002,6,Districte VI,12,Bellvitge,615,12-15,6,10,16
2003,5,Districte V,10,Pubilla Cases,515,16-17,7,10,17
2008,6,Districte VI,12,Bellvitge,601,16-17,12,12,24
1997,3,Districte III,6,Santa Eulàlia,301,12-15,35,56,91
2002,4,Districte IV,7,la Florida,421,18-24,50,56,106
2013,6,Districte VI,12,Bellvitge,630,00-02,8,5,13
1997,1,Districte I,3,Sant Josep,120,03-11,85,80,165
2015,1,Districte I,3,Sant Josep,140,65-74,49,46,95
1994,4,Districte IV,7,la Florida,410,16-17,34,38,72
1998,5,Districte V,9,Can Serra,503,25-34,67,52,119
2000,2,Districte II,5,Collblanc,206,65-74,64,60,124
2005,2,Districte II,5,Collblanc,209,18-24,28,46,74
1999,6,Districte VI,12,Bellvitge,620,65-74,17,22,39
2008,2,Districte II,4,la Torrassa,238,75 i +,66,42,108
2005,5,Districte V,10,Pubilla Cases,517,16-17,13,9,22
2009,3,Districte III,6,Santa Eulàlia,322,16-17,18,8,26
2015,6,Districte VI,12,Bellvitge,606,00-02,12,22,34
2006,5,Districte V,10,Pubilla Cases,510,35-49,116,131,247
2000,6,Districte VI,11,el Gornal,626,75 i +,26,21,47
2007,4,Districte IV,7,la Florida,425,65-74,64,46,110
1998,2,Districte II,4,la Torrassa,240,75 i +,40,19,59
1998,4,Districte IV,8,les Planes,433,65-74,49,40,89
1997,2,Districte II,5,Collblanc,209,65-74,84,66,150
1997,1,Districte I,1,Centre,108,03-11,50,44,94
2012,5,Districte V,9,Can Serra,503,75 i +,40,21,61
2004,6,Districte VI,12,Bellvitge,611,75 i +,67,37,104
2015,5,Districte V,10,Pubilla Cases,525,12-15,11,16,27
1996,4,Districte IV,8,les Planes,401,50-64,126,114,240
2012,2,Districte II,4,la Torrassa,241,03-11,35,38,73
2011,3,Districte III,6,Santa Eulàlia,311,50-64,116,93,209
1999,6,Districte VI,12,Bellvitge,603,25-34,60,77,137
2011,4,Districte IV,7,la Florida,413,03-11,23,30,53
2009,4,Districte IV,8,les Planes,401,50-64,104,94,198
2015,6,Districte VI,12,Bellvitge,610,35-49,127,128,255
2011,6,Districte VI,12,Bellvitge,603,75 i +,22,23,45
1995,4,Districte IV,7,la Florida,408,18-24,46,47,93
2006,5,Districte V,10,Pubilla Cases,515,35-49,76,77,153
2016,1,Districte I,3,Sant Josep,114,65-74,114,82,196
1996,1,Districte I,3,Sant Josep,126,16-17,13,16,29
2009,2,Districte II,4,la Torrassa,239,25-34,114,136,250
2000,3,Districte III,6,Santa Eulàlia,309,75 i +,27,12,39
2004,5,Districte V,10,Pubilla Cases,527,25-34,113,125,238
2008,5,Districte V,10,Pubilla Cases,520,03-11,35,37,72
2010,1,Districte I,1,Centre,123,35-49,155,169,324
2009,4,Districte IV,8,les Planes,442,25-34,50,65,115
2003,1,Districte I,2,Sanfeliu,118,35-49,196,149,345
1997,6,Districte VI,11,el Gornal,617,00-02,10,14,24
1997,6,Districte VI,11,el Gornal,632,12-15,21,36,57
1999,3,Districte III,6,Santa Eulàlia,310,35-49,95,108,203
1995,5,Districte V,9,Can Serra,535,03-11,58,51,109
2012,2,Districte II,4,la Torrassa,231,50-64,77,65,142
2009,2,Districte II,4,la Torrassa,243,65-74,73,62,135
2004,6,Districte VI,12,Bellvitge,610,12-15,17,19,36
2007,2,Districte II,4,la Torrassa,236,75 i +,79,51,130
2002,3,Districte III,6,Santa Eulàlia,301,25-34,245,260,505
2012,1,Districte I,1,Centre,103,00-02,6,17,23
2010,3,Districte III,6,Santa Eulàlia,323,00-02,32,56,88
2005,6,Districte VI,12,Bellvitge,631,03-11,33,39,72
1997,1,Districte I,3,Sant Josep,117,16-17,30,36,66
1999,4,Districte IV,7,la Florida,422,65-74,87,61,148
2013,1,Districte I,3,Sant Josep,119,16-17,7,12,19
2008,3,Districte III,6,Santa Eulàlia,322,16-17,14,12,26
2002,1,Districte I,3,Sant Josep,120,03-11,82,76,158
2006,6,Districte VI,12,Bellvitge,607,03-11,38,36,74
2015,1,Districte I,3,Sant Josep,119,50-64,141,98,239
2004,4,Districte IV,8,les Planes,438,12-15,16,15,31
1995,6,Districte VI,11,el Gornal,626,16-17,21,15,36
1995,6,Districte VI,12,Bellvitge,604,75 i +,20,10,30
1997,4,Districte IV,7,la Florida,407,35-49,78,80,158
1995,6,Districte VI,11,el Gornal,616,03-11,72,84,156
1995,1,Districte I,3,Sant Josep,115,50-64,100,109,209
2001,2,Districte II,5,Collblanc,202,50-64,68,66,134
2007,1,Districte I,3,Sant Josep,136,25-34,129,122,251
1998,5,Districte V,9,Can Serra,521,65-74,42,35,77
2008,6,Districte VI,12,Bellvitge,621,75 i +,43,24,67
2012,1,Districte I,1,Centre,135,03-11,46,62,108
2010,4,Districte IV,7,la Florida,428,50-64,46,45,91
2013,5,Districte V,10,Pubilla Cases,538,25-34,84,94,178
2000,1,Districte I,3,Sant Josep,140,18-24,51,55,106
2003,4,Districte IV,8,les Planes,438,25-34,90,90,180
1997,2,Districte II,5,Collblanc,227,25-34,50,51,101
1996,3,Districte III,6,Santa Eulàlia,319,75 i +,30,15,45
2003,2,Districte II,4,la Torrassa,241,16-17,6,3,9
1995,1,Districte I,1,Centre,102,00-02,16,12,28
1994,6,Districte VI,12,Bellvitge,610,03-11,47,45,92
1996,5,Districte V,10,Pubilla Cases,538,16-17,14,12,26
2009,4,Districte IV,7,la Florida,425,75 i +,72,49,121
2009,4,Districte IV,7,la Florida,413,75 i +,44,30,74
2001,5,Districte V,10,Pubilla Cases,518,00-02,12,15,27
1998,4,Districte IV,8,les Planes,418,18-24,60,64,124
1997,4,Districte IV,7,la Florida,432,35-49,154,134,288
1998,4,Districte IV,7,la Florida,402,12-15,10,14,24
2003,3,Districte III,6,Santa Eulàlia,303,12-15,17,15,32
1995,4,Districte IV,7,la Florida,427,00-02,8,9,17
2008,5,Districte V,10,Pubilla Cases,519,35-49,92,110,202
2014,6,Districte VI,12,Bellvitge,612,35-49,114,143,257
2007,5,Districte V,9,Can Serra,504,03-11,26,31,57
2006,5,Districte V,10,Pubilla Cases,518,18-24,55,56,111
2006,1,Districte I,3,Sant Josep,125,03-11,39,52,91
2009,2,Districte II,5,Collblanc,208,75 i +,217,112,329
2002,2,Districte II,5,Collblanc,213,25-34,79,87,166
2016,2,Districte II,4,la Torrassa,239,00-02,18,8,26
2007,3,Districte III,6,Santa Eulàlia,312,00-02,25,21,46
2014,3,Districte III,6,Santa Eulàlia,304,00-02,73,80,153
2014,1,Districte I,2,Sanfeliu,118,35-49,181,208,389
2012,5,Districte V,10,Pubilla Cases,508,16-17,5,7,12
2008,4,Districte IV,7,la Florida,408,25-34,107,126,233
2009,5,Districte V,10,Pubilla Cases,536,75 i +,71,48,119
2000,5,Districte V,9,Can Serra,507,50-64,93,96,189
2005,1,Districte I,1,Centre,105,65-74,40,33,73
2004,6,Districte VI,12,Bellvitge,610,16-17,6,10,16
2013,5,Districte V,9,Can Serra,506,25-34,100,105,205
2000,6,Districte VI,11,el Gornal,608,35-49,91,88,179
1999,4,Districte IV,7,la Florida,412,03-11,43,46,89
2011,5,Districte V,10,Pubilla Cases,508,03-11,31,31,62
2003,1,Districte I,3,Sant Josep,119,25-34,109,118,227
2006,5,Districte V,9,Can Serra,501,50-64,161,161,322
2014,1,Districte I,1,Centre,131,18-24,41,44,85
1994,1,Districte I,3,Sant Josep,121,50-64,112,94,206
2012,2,Districte II,5,Collblanc,214,25-34,107,108,215
1998,5,Districte V,10,Pubilla Cases,513,75 i +,40,17,57
2014,6,Districte VI,12,Bellvitge,611,03-11,82,100,182
2013,1,Districte I,1,Centre,131,18-24,47,46,93
1999,2,Districte II,4,la Torrassa,231,75 i +,87,44,131
1998,3,Districte III,6,Santa Eulàlia,320,00-02,5,6,11
2004,4,Districte IV,7,la Florida,423,35-49,104,110,214
2010,1,Districte I,1,Centre,103,12-15,16,13,29
1995,6,Districte VI,12,Bellvitge,612,65-74,50,33,83
2012,2,Districte II,4,la Torrassa,249,50-64,94,83,177
2004,5,Districte V,10,Pubilla Cases,528,65-74,62,60,122
2008,1,Districte I,1,Centre,113,00-02,23,30,53
1997,5,Districte V,10,Pubilla Cases,522,16-17,10,11,21
2015,1,Districte I,3,Sant Josep,127,25-34,62,51,113
2010,3,Districte III,6,Santa Eulàlia,311,35-49,171,198,369
1999,1,Districte I,1,Centre,128,75 i +,35,21,56
1994,4,Districte IV,7,la Florida,405,75 i +,24,19,43
1994,4,Districte IV,7,la Florida,424,65-74,25,22,47
1998,4,Districte IV,8,les Planes,401,03-11,49,39,88
2007,4,Districte IV,7,la Florida,425,12-15,12,16,28
1996,3,Districte III,6,Santa Eulàlia,316,18-24,145,146,291
2013,2,Districte II,5,Collblanc,226,12-15,34,24,58
1997,6,Districte VI,11,el Gornal,622,50-64,63,74,137
1996,2,Districte II,4,la Torrassa,234,35-49,77,68,145
2012,6,Districte VI,12,Bellvitge,612,35-49,111,137,248
2011,2,Districte II,4,la Torrassa,243,03-11,68,73,141
2005,3,Districte III,6,Santa Eulàlia,323,50-64,316,337,653
1994,2,Districte II,5,Collblanc,214,50-64,86,68,154
1995,4,Districte IV,7,la Florida,417,00-02,5,6,11
2001,6,Districte VI,11,el Gornal,626,12-15,15,16,31
2012,1,Districte I,1,Centre,135,12-15,27,23,50
1995,1,Districte I,3,Sant Josep,137,65-74,41,38,79
2000,2,Districte II,4,la Torrassa,243,50-64,127,106,233
1994,6,Districte VI,12,Bellvitge,607,25-34,102,108,210
2000,2,Districte II,5,Collblanc,205,12-15,13,15,28
2004,3,Districte III,6,Santa Eulàlia,320,00-02,26,17,43
2012,5,Districte V,10,Pubilla Cases,529,65-74,64,41,105
1999,2,Districte II,5,Collblanc,219,35-49,96,104,200
2005,4,Districte IV,8,les Planes,439,65-74,56,66,122
2001,3,Districte III,6,Santa Eulàlia,316,12-15,71,79,150
2012,6,Districte VI,11,el Gornal,626,75 i +,68,45,113
1994,6,Districte VI,12,Bellvitge,610,25-34,88,121,209
2016,2,Districte II,4,la Torrassa,246,65-74,36,37,73
2006,2,Districte II,4,la Torrassa,242,25-34,95,108,203
2005,2,Districte II,5,Collblanc,215,12-15,11,19,30
2000,4,Districte IV,7,la Florida,424,18-24,24,44,68
1994,6,Districte VI,12,Bellvitge,628,35-49,155,122,277
1995,3,Districte III,6,Santa Eulàlia,308,16-17,28,21,49
2003,1,Districte I,1,Centre,105,25-34,117,104,221
2011,6,Districte VI,12,Bellvitge,601,75 i +,60,50,110
2009,5,Districte V,10,Pubilla Cases,533,50-64,56,67,123
2009,2,Districte II,5,Collblanc,212,35-49,188,194,382
1994,5,Districte V,10,Pubilla Cases,515,75 i +,21,12,33
2013,1,Districte I,1,Centre,104,18-24,28,20,48
2003,2,Districte II,4,la Torrassa,247,75 i +,65,34,99
2002,1,Districte I,3,Sant Josep,106,00-02,28,23,51
1994,6,Districte VI,12,Bellvitge,613,18-24,192,170,362
1995,5,Districte V,9,Can Serra,506,50-64,172,203,375
2012,4,Districte IV,8,les Planes,418,50-64,107,105,212
2004,2,Districte II,5,Collblanc,206,75 i +,65,31,96
1995,4,Districte IV,8,les Planes,440,65-74,58,46,104
2009,1,Districte I,1,Centre,104,00-02,11,12,23
1997,1,Districte I,2,Sanfeliu,129,65-74,44,34,78
2007,4,Districte IV,7,la Florida,412,75 i +,82,57,139
2009,1,Districte I,1,Centre,107,35-49,185,212,397
1995,4,Districte IV,7,la Florida,431,25-34,126,125,251
1999,5,Districte V,10,Pubilla Cases,520,03-11,32,23,55
1995,5,Districte V,10,Pubilla Cases,509,35-49,65,69,134
1996,2,Districte II,5,Collblanc,227,03-11,13,13,26
2001,5,Districte V,10,Pubilla Cases,531,12-15,8,10,18
2003,2,Districte II,5,Collblanc,207,75 i +,69,28,97
2012,4,Districte IV,8,les Planes,441,18-24,77,83,160
2006,3,Districte III,6,Santa Eulàlia,321,65-74,77,77,154
2006,5,Districte V,10,Pubilla Cases,530,03-11,39,52,91
2002,2,Districte II,4,la Torrassa,247,25-34,103,127,230
2006,4,Districte IV,8,les Planes,420,75 i +,68,35,103
2011,5,Districte V,10,Pubilla Cases,511,25-34,64,63,127
1998,4,Districte IV,7,la Florida,409,35-49,61,65,126
2000,1,Districte I,3,Sant Josep,106,03-11,56,61,117
2007,1,Districte I,3,Sant Josep,106,35-49,187,183,370
2008,5,Districte V,9,Can Serra,535,25-34,63,69,132
2005,3,Districte III,6,Santa Eulàlia,325,25-34,119,146,265
1996,5,Districte V,9,Can Serra,506,75 i +,49,23,72
2012,1,Districte I,1,Centre,135,50-64,159,141,300
2011,4,Districte IV,8,les Planes,440,65-74,82,82,164
2001,2,Districte II,5,Collblanc,205,18-24,46,45,91
1995,2,Districte II,5,Collblanc,216,35-49,134,116,250
2005,4,Districte IV,7,la Florida,422,35-49,125,160,285
2010,5,Districte V,10,Pubilla Cases,538,18-24,46,47,93
2004,6,Districte VI,12,Bellvitge,614,03-11,39,34,73
2012,6,Districte VI,12,Bellvitge,613,65-74,125,116,241
2014,2,Districte II,4,la Torrassa,237,12-15,17,29,46
2012,4,Districte IV,8,les Planes,442,12-15,11,13,24
2009,5,Districte V,9,Can Serra,503,35-49,79,56,135
1995,1,Districte I,1,Centre,134,12-15,27,32,59
2008,6,Districte VI,11,el Gornal,616,16-17,36,37,73
2001,3,Districte III,6,Santa Eulàlia,309,16-17,6,4,10
1997,1,Districte I,1,Centre,109,50-64,96,98,194
2008,2,Districte II,5,Collblanc,208,25-34,133,138,271
2016,1,Districte I,1,Centre,109,65-74,72,66,138
2005,4,Districte IV,7,la Florida,416,12-15,12,15,27
2006,4,Districte IV,8,les Planes,419,16-17,5,7,12
2002,5,Districte V,9,Can Serra,521,75 i +,40,27,67
1995,1,Districte I,3,Sant Josep,115,75 i +,32,21,53
2004,6,Districte VI,12,Bellvitge,610,50-64,192,148,340
2013,3,Districte III,6,Santa Eulàlia,310,18-24,27,34,61
1998,6,Districte VI,12,Bellvitge,610,16-17,14,14,28
2011,1,Districte I,1,Centre,112,03-11,72,58,130
2016,4,Districte IV,7,la Florida,405,00-02,17,37,54
1994,2,Districte II,4,la Torrassa,245,35-49,82,85,167
2008,1,Districte I,3,Sant Josep,126,03-11,40,40,80
1998,4,Districte IV,8,les Planes,442,03-11,19,18,37
2003,6,Districte VI,12,Bellvitge,618,65-74,24,23,47
1997,5,Districte V,10,Pubilla Cases,515,50-64,53,62,115
2002,6,Districte VI,12,Bellvitge,601,00-02,12,11,23
1999,2,Districte II,5,Collblanc,215,65-74,71,50,121
1994,3,Districte III,6,Santa Eulàlia,311,16-17,25,16,41
2013,1,Districte I,1,Centre,133,18-24,19,23,42
2005,1,Districte I,3,Sant Josep,137,03-11,46,57,103
2001,2,Districte II,4,la Torrassa,236,35-49,105,100,205
2002,4,Districte IV,8,les Planes,420,00-02,16,24,40
2014,4,Districte IV,8,les Planes,436,00-02,20,29,49
2012,1,Districte I,3,Sant Josep,115,03-11,50,54,104
2010,1,Districte I,3,Sant Josep,126,16-17,6,5,11
2010,2,Districte II,4,la Torrassa,243,00-02,24,27,51
1998,2,Districte II,4,la Torrassa,229,65-74,54,49,103
2006,5,Districte V,10,Pubilla Cases,509,03-11,32,37,69
2006,2,Districte II,4,la Torrassa,234,18-24,27,39,66
2014,2,Districte II,5,Collblanc,207,65-74,75,55,130
2001,2,Districte II,4,la Torrassa,233,18-24,28,34,62
2005,5,Districte V,10,Pubilla Cases,522,03-11,32,37,69
1994,2,Districte II,5,Collblanc,203,03-11,15,23,38
2015,1,Districte I,1,Centre,113,03-11,70,88,158
1997,4,Districte IV,7,la Florida,410,12-15,35,37,72
1994,2,Districte II,4,la Torrassa,231,25-34,83,84,167
2014,6,Districte VI,12,Bellvitge,618,65-74,106,84,190
2000,6,Districte VI,12,Bellvitge,604,25-34,61,84,145
2000,1,Districte I,3,Sant Josep,121,18-24,21,28,49
2002,1,Districte I,1,Centre,107,65-74,99,80,179
2007,2,Districte II,5,Collblanc,219,03-11,54,50,104
2014,5,Districte V,10,Pubilla Cases,538,35-49,169,162,331
2001,2,Districte II,4,la Torrassa,236,50-64,107,83,190
2001,6,Districte VI,12,Bellvitge,628,00-02,12,16,28
2006,6,Districte VI,12,Bellvitge,619,00-02,19,14,33
2016,3,Districte III,6,Santa Eulàlia,304,12-15,94,46,140
1999,1,Districte I,1,Centre,128,00-02,9,9,18
1994,1,Districte I,1,Centre,135,03-11,82,75,157
1994,1,Districte I,3,Sant Josep,137,35-49,191,164,355
1994,1,Districte I,3,Sant Josep,115,03-11,55,78,133
1997,6,Districte VI,12,Bellvitge,631,65-74,44,41,85
2000,1,Districte I,1,Centre,135,50-64,138,150,288
1994,2,Districte II,5,Collblanc,212,25-34,119,112,231
2015,5,Districte V,10,Pubilla Cases,511,35-49,277,285,562
2010,5,Districte V,10,Pubilla Cases,519,75 i +,37,26,63
2013,1,Districte I,1,Centre,134,35-49,183,172,355
2015,4,Districte IV,8,les Planes,433,03-11,84,102,186
2001,4,Districte IV,7,la Florida,421,12-15,8,16,24
2015,1,Districte I,1,Centre,101,03-11,155,181,336
2002,1,Districte I,1,Centre,104,35-49,75,88,163
2009,5,Districte V,10,Pubilla Cases,520,16-17,6,8,14
1994,6,Districte VI,12,Bellvitge,612,00-02,12,12,24
2003,3,Districte III,6,Santa Eulàlia,325,35-49,207,169,376
2012,3,Districte III,6,Santa Eulàlia,310,35-49,107,110,217
2008,2,Districte II,4,la Torrassa,242,12-15,16,9,25
2012,5,Districte V,10,Pubilla Cases,509,50-64,63,50,113
2009,2,Districte II,4,la Torrassa,237,16-17,10,13,23
2012,4,Districte IV,8,les Planes,429,18-24,23,30,53
1997,1,Districte I,2,Sanfeliu,116,75 i +,54,17,71
2002,1,Districte I,1,Centre,124,12-15,16,13,29
2000,2,Districte II,4,la Torrassa,235,03-11,24,35,59
2009,1,Districte I,3,Sant Josep,127,35-49,99,105,204
2016,6,Districte VI,11,el Gornal,626,25-34,51,35,86
1995,2,Districte II,5,Collblanc,209,00-02,2,7,9
1996,4,Districte IV,8,les Planes,401,65-74,95,81,176
2004,1,Districte I,3,Sant Josep,138,50-64,96,89,185
2011,5,Districte V,10,Pubilla Cases,533,12-15,20,12,32
2006,4,Districte IV,7,la Florida,426,75 i +,54,32,86
2003,3,Districte III,6,Santa Eulàlia,306,00-02,16,20,36
1997,6,Districte VI,12,Bellvitge,611,50-64,228,219,447
2009,3,Districte III,6,Santa Eulàlia,312,18-24,76,57,133
1997,1,Districte I,3,Sant Josep,125,25-34,88,92,180
1995,3,Districte III,6,Santa Eulàlia,307,18-24,105,101,206
2012,4,Districte IV,7,la Florida,426,65-74,39,31,70
2013,2,Districte II,4,la Torrassa,238,25-34,65,78,143
2006,2,Districte II,5,Collblanc,203,12-15,8,15,23
2016,4,Districte IV,7,la Florida,402,75 i +,60,43,103
2005,3,Districte III,6,Santa Eulàlia,325,75 i +,159,84,243
2013,4,Districte IV,8,les Planes,437,75 i +,96,75,171
1999,2,Districte II,5,Collblanc,223,12-15,14,14,28
1996,6,Districte VI,11,el Gornal,616,03-11,55,77,132
1996,5,Districte V,10,Pubilla Cases,509,35-49,63,66,129
2004,6,Districte VI,12,Bellvitge,630,00-02,14,10,24
2006,6,Districte VI,11,el Gornal,629,18-24,24,23,47
2010,4,Districte IV,8,les Planes,441,35-49,191,217,408
2012,4,Districte IV,7,la Florida,430,00-02,24,19,43
2011,1,Districte I,3,Sant Josep,120,25-34,100,126,226
2001,6,Districte VI,12,Bellvitge,602,65-74,30,34,64
2009,5,Districte V,10,Pubilla Cases,529,75 i +,87,58,145
2000,1,Districte I,3,Sant Josep,121,03-11,42,35,77
2015,3,Districte III,6,Santa Eulàlia,320,18-24,5,2,7
2015,2,Districte II,5,Collblanc,208,03-11,35,48,83
1999,2,Districte II,4,la Torrassa,238,65-74,56,41,97
2007,2,Districte II,5,Collblanc,209,50-64,73,62,135
2011,2,Districte II,5,Collblanc,226,50-64,101,73,174
2011,2,Districte II,5,Collblanc,222,16-17,13,8,21
2014,6,Districte VI,11,el Gornal,608,25-34,59,70,129
1997,6,Districte VI,11,el Gornal,629,16-17,12,9,21
1995,3,Districte III,6,Santa Eulàlia,305,12-15,41,36,77
1997,2,Districte II,5,Collblanc,221,12-15,22,18,40
2012,5,Districte V,10,Pubilla Cases,530,03-11,54,72,126
1994,2,Districte II,4,la Torrassa,241,18-24,34,27,61
2003,4,Districte IV,7,la Florida,426,00-02,10,9,19
2015,1,Districte I,1,Centre,134,18-24,43,48,91
2006,3,Districte III,6,Santa Eulàlia,322,00-02,25,14,39
2004,1,Districte I,3,Sant Josep,125,18-24,56,70,126
1997,3,Districte III,6,Santa Eulàlia,317,12-15,13,16,29
2010,2,Districte II,4,la Torrassa,240,65-74,34,34,68
2015,5,Districte V,9,Can Serra,501,03-11,21,35,56
2010,4,Districte IV,7,la Florida,407,03-11,45,47,92
2016,4,Districte IV,7,la Florida,423,12-15,26,22,48
2000,4,Districte IV,8,les Planes,436,18-24,47,49,96
2009,3,Districte III,6,Santa Eulàlia,315,18-24,70,64,134
1996,5,Districte V,10,Pubilla Cases,525,18-24,55,49,104
1999,3,Districte III,6,Santa Eulàlia,315,50-64,108,129,237
2016,1,Districte I,3,Sant Josep,140,00-02,14,12,26
2005,1,Districte I,3,Sant Josep,136,00-02,24,18,42
2008,1,Districte I,1,Centre,113,50-64,210,197,407
2012,1,Districte I,2,Sanfeliu,116,25-34,91,84,175
2012,4,Districte IV,7,la Florida,417,75 i +,35,21,56
2001,1,Districte I,1,Centre,134,12-15,22,33,55
2008,1,Districte I,1,Centre,123,03-11,49,51,100
2002,6,Districte VI,12,Bellvitge,623,18-24,89,105,194
2003,4,Districte IV,7,la Florida,417,18-24,29,23,52
2010,2,Districte II,4,la Torrassa,243,12-15,18,27,45
2009,2,Districte II,5,Collblanc,210,03-11,34,27,61
1994,4,Districte IV,8,les Planes,419,65-74,41,37,78
2014,1,Districte I,1,Centre,112,65-74,92,74,166
2000,5,Districte V,9,Can Serra,501,00-02,12,9,21
2002,2,Districte II,5,Collblanc,209,03-11,23,28,51
2016,1,Districte I,1,Centre,104,65-74,42,34,76
2003,1,Districte I,1,Centre,108,16-17,14,6,20
1997,6,Districte VI,12,Bellvitge,624,18-24,129,147,276
1998,5,Districte V,10,Pubilla Cases,517,35-49,95,100,195
2011,6,Districte VI,11,el Gornal,608,35-49,85,114,199
2016,5,Districte V,10,Pubilla Cases,531,25-34,75,83,158
2007,1,Districte I,1,Centre,104,18-24,14,19,33
1998,1,Districte I,2,Sanfeliu,116,65-74,61,61,122
1998,1,Districte I,3,Sant Josep,139,12-15,13,18,31
1995,3,Districte III,6,Santa Eulàlia,313,16-17,50,32,82
2010,2,Districte II,4,la Torrassa,217,25-34,70,71,141
1995,4,Districte IV,8,les Planes,437,25-34,64,96,160
2015,5,Districte V,9,Can Serra,505,00-02,8,9,17
2004,5,Districte V,10,Pubilla Cases,529,18-24,50,52,102
2007,4,Districte IV,8,les Planes,401,18-24,46,72,118
2013,4,Districte IV,7,la Florida,425,18-24,40,36,76
2011,4,Districte IV,7,la Florida,407,12-15,19,12,31
2003,4,Districte IV,7,la Florida,409,18-24,34,35,69
1999,5,Districte V,10,Pubilla Cases,512,50-64,107,106,213
2007,2,Districte II,5,Collblanc,209,25-34,75,78,153
1996,1,Districte I,1,Centre,134,18-24,83,80,163
1999,5,Districte V,10,Pubilla Cases,522,25-34,48,59,107
2013,2,Districte II,5,Collblanc,205,35-49,101,111,212
2013,4,Districte IV,8,les Planes,441,65-74,117,106,223
1996,1,Districte I,1,Centre,105,16-17,34,24,58
2002,6,Districte VI,12,Bellvitge,615,03-11,14,21,35
2008,2,Districte II,5,Collblanc,202,25-34,96,110,206
2002,1,Districte I,3,Sant Josep,126,18-24,56,41,97
2005,5,Districte V,10,Pubilla Cases,533,03-11,36,22,58
2006,2,Districte II,4,la Torrassa,235,65-74,73,67,140
2005,1,Districte I,3,Sant Josep,122,12-15,14,8,22
2005,6,Districte VI,12,Bellvitge,607,18-24,37,43,80
1994,5,Districte V,10,Pubilla Cases,524,16-17,11,21,32
2006,5,Districte V,9,Can Serra,505,12-15,15,11,26
2013,4,Districte IV,8,les Planes,440,75 i +,64,52,116
1994,4,Districte IV,8,les Planes,441,12-15,64,61,125
1995,3,Districte III,6,Santa Eulàlia,322,35-49,130,122,252
1996,1,Districte I,3,Sant Josep,120,75 i +,31,23,54
2011,6,Districte VI,12,Bellvitge,615,00-02,8,9,17
2004,3,Districte III,6,Santa Eulàlia,314,18-24,135,125,260
1998,6,Districte VI,12,Bellvitge,623,50-64,198,202,400
2015,1,Districte I,2,Sanfeliu,118,16-17,20,13,33
2000,2,Districte II,4,la Torrassa,237,12-15,13,13,26
2015,1,Districte I,2,Sanfeliu,132,65-74,117,134,251
2003,2,Districte II,5,Collblanc,220,12-15,10,15,25
2012,6,Districte VI,12,Bellvitge,602,03-11,28,19,47
2009,2,Districte II,4,la Torrassa,247,12-15,23,27,50
2013,2,Districte II,4,la Torrassa,249,00-02,15,17,32
2001,2,Districte II,5,Collblanc,215,18-24,37,39,76
1995,4,Districte IV,7,la Florida,408,75 i +,25,18,43
1997,1,Districte I,1,Centre,107,18-24,129,141,270
2016,3,Districte III,6,Santa Eulàlia,318,35-49,81,82,163
2011,2,Districte II,4,la Torrassa,242,12-15,17,21,38
2012,3,Districte III,6,Santa Eulàlia,308,16-17,16,22,38
1999,3,Districte III,6,Santa Eulàlia,308,25-34,141,137,278
1999,3,Districte III,6,Santa Eulàlia,320,50-64,97,82,179
2005,2,Districte II,4,la Torrassa,234,25-34,96,109,205
1996,2,Districte II,4,la Torrassa,232,35-49,89,66,155
1996,4,Districte IV,8,les Planes,418,65-74,72,53,125
2014,4,Districte IV,8,les Planes,401,25-34,83,89,172
2001,5,Districte V,10,Pubilla Cases,515,18-24,21,20,41
1999,5,Districte V,9,Can Serra,505,18-24,107,86,193
1996,4,Districte IV,7,la Florida,405,75 i +,31,20,51
2011,4,Districte IV,8,les Planes,439,75 i +,57,47,104
2013,2,Districte II,5,Collblanc,204,03-11,64,65,129
1999,2,Districte II,4,la Torrassa,237,16-17,12,10,22
1996,4,Districte IV,7,la Florida,424,12-15,8,15,23
1999,5,Districte V,10,Pubilla Cases,508,03-11,19,22,41
2000,6,Districte VI,12,Bellvitge,631,35-49,86,74,160
2015,1,Districte I,3,Sant Josep,115,16-17,13,9,22
1998,3,Districte III,6,Santa Eulàlia,323,35-49,400,369,769
2003,4,Districte IV,8,les Planes,433,03-11,44,47,91
2007,2,Districte II,5,Collblanc,208,16-17,12,4,16
2010,4,Districte IV,7,la Florida,431,16-17,19,20,39
2011,4,Districte IV,7,la Florida,414,03-11,48,39,87
2007,2,Districte II,5,Collblanc,212,00-02,26,26,52
2011,2,Districte II,4,la Torrassa,248,03-11,57,49,106
2001,2,Districte II,5,Collblanc,221,25-34,102,84,186
2007,2,Districte II,4,la Torrassa,246,65-74,54,46,100
2005,2,Districte II,5,Collblanc,214,12-15,11,12,23
2000,1,Districte I,1,Centre,131,16-17,17,12,29
2008,2,Districte II,5,Collblanc,210,03-11,31,29,60
1999,2,Districte II,5,Collblanc,219,50-64,107,89,196
1994,1,Districte I,2,Sanfeliu,116,25-34,124,119,243
2011,4,Districte IV,8,les Planes,419,03-11,44,57,101
2016,2,Districte II,4,la Torrassa,239,35-49,134,156,290
2009,3,Districte III,6,Santa Eulàlia,319,16-17,8,16,24
2009,3,Districte III,6,Santa Eulàlia,324,03-11,59,56,115
1995,5,Districte V,9,Can Serra,504,18-24,103,125,228
2003,2,Districte II,5,Collblanc,213,35-49,91,97,188
2001,6,Districte VI,11,el Gornal,626,50-64,124,106,230
2013,6,Districte VI,11,el Gornal,622,50-64,95,71,166
2011,2,Districte II,5,Collblanc,202,65-74,28,30,58
2007,6,Districte VI,11,el Gornal,616,00-02,31,43,74
2012,6,Districte VI,12,Bellvitge,610,03-11,38,42,80
1999,2,Districte II,4,la Torrassa,232,12-15,13,13,26
2002,6,Districte VI,11,el Gornal,617,12-15,18,16,34
2002,1,Districte I,1,Centre,111,18-24,38,40,78
2007,6,Districte VI,12,Bellvitge,627,35-49,85,80,165
2004,6,Districte VI,12,Bellvitge,614,25-34,78,104,182
1994,5,Districte V,10,Pubilla Cases,531,25-34,94,91,185
2003,1,Districte I,3,Sant Josep,120,18-24,69,86,155
2006,6,Districte VI,12,Bellvitge,612,50-64,120,92,212
2015,1,Districte I,1,Centre,130,03-11,54,36,90
1998,1,Districte I,1,Centre,113,50-64,105,114,219
2013,2,Districte II,5,Collblanc,221,65-74,90,74,164
1997,4,Districte IV,8,les Planes,437,35-49,75,72,147
1994,6,Districte VI,12,Bellvitge,601,65-74,38,35,73
1994,4,Districte IV,7,la Florida,432,65-74,69,55,124
2007,1,Districte I,1,Centre,111,65-74,60,48,108
2002,6,Districte VI,12,Bellvitge,621,18-24,105,115,220
2008,6,Districte VI,12,Bellvitge,624,03-11,36,43,79
2001,2,Districte II,5,Collblanc,244,50-64,46,48,94
2001,4,Districte IV,8,les Planes,435,35-49,85,109,194
1997,1,Districte I,2,Sanfeliu,129,75 i +,38,18,56
1997,6,Districte VI,12,Bellvitge,619,16-17,26,24,50
1994,1,Districte I,3,Sant Josep,126,18-24,131,121,252
1999,4,Districte IV,7,la Florida,405,03-11,24,20,44
2013,4,Districte IV,7,la Florida,409,03-11,75,86,161
2008,5,Districte V,10,Pubilla Cases,510,03-11,33,39,72
1996,5,Districte V,10,Pubilla Cases,514,35-49,63,73,136
2006,2,Districte II,4,la Torrassa,245,65-74,53,49,102
1999,5,Districte V,10,Pubilla Cases,531,50-64,83,86,169
2009,6,Districte VI,12,Bellvitge,621,12-15,28,26,54
1996,1,Districte I,2,Sanfeliu,129,75 i +,35,14,49
2013,6,Districte VI,11,el Gornal,608,25-34,70,80,150
1994,4,Districte IV,7,la Florida,423,75 i +,36,23,59
1998,6,Districte VI,12,Bellvitge,623,00-02,17,13,30
2006,4,Districte IV,8,les Planes,436,16-17,8,9,17
2003,2,Districte II,4,la Torrassa,211,18-24,47,59,106
1994,1,Districte I,1,Centre,104,35-49,76,65,141
2003,3,Districte III,6,Santa Eulàlia,320,03-11,34,34,68
1996,5,Districte V,10,Pubilla Cases,513,35-49,50,59,109
2008,6,Districte VI,12,Bellvitge,625,03-11,35,44,79
2009,2,Districte II,4,la Torrassa,234,50-64,59,56,115
2008,1,Districte I,1,Centre,109,35-49,120,109,229
2016,2,Districte II,4,la Torrassa,211,25-34,107,117,224
2009,1,Districte I,3,Sant Josep,115,50-64,136,138,274
2008,6,Districte VI,11,el Gornal,622,16-17,7,8,15
2008,5,Districte V,9,Can Serra,506,18-24,57,82,139
1995,5,Districte V,10,Pubilla Cases,536,65-74,66,63,129
2004,3,Districte III,6,Santa Eulàlia,311,25-34,121,155,276
2000,5,Districte V,9,Can Serra,506,16-17,16,25,41
1995,6,Districte VI,12,Bellvitge,614,75 i +,42,19,61
2003,5,Districte V,10,Pubilla Cases,531,35-49,80,96,176
2011,5,Districte V,9,Can Serra,507,12-15,13,21,34
2011,6,Districte VI,11,el Gornal,608,50-64,79,62,141
2001,4,Districte IV,8,les Planes,435,25-34,67,79,146
1996,2,Districte II,5,Collblanc,210,25-34,56,62,118
2010,4,Districte IV,7,la Florida,413,65-74,21,22,43
1996,2,Districte II,5,Collblanc,201,18-24,33,46,79
2002,2,Districte II,5,Collblanc,201,25-34,64,54,118
2008,1,Districte I,1,Centre,110,50-64,173,131,304
2001,4,Districte IV,7,la Florida,431,75 i +,65,43,108
1994,5,Districte V,10,Pubilla Cases,512,75 i +,37,17,54
2005,3,Districte III,6,Santa Eulàlia,318,03-11,32,35,67
2000,1,Districte I,1,Centre,102,50-64,203,204,407
2005,4,Districte IV,8,les Planes,435,75 i +,95,47,142
2016,2,Districte II,4,la Torrassa,238,18-24,41,34,75
2000,2,Districte II,4,la Torrassa,242,25-34,69,80,149
2001,2,Districte II,4,la Torrassa,233,25-34,69,64,133
1996,6,Districte VI,12,Bellvitge,607,35-49,82,86,168
1999,4,Districte IV,7,la Florida,407,65-74,80,72,152
2009,5,Districte V,10,Pubilla Cases,514,65-74,43,29,72
1997,5,Districte V,9,Can Serra,503,12-15,24,28,52
2001,3,Districte III,6,Santa Eulàlia,318,75 i +,15,11,26
1999,6,Districte VI,12,Bellvitge,610,65-74,59,47,106
2006,2,Districte II,5,Collblanc,227,16-17,1,0,1
2016,5,Districte V,9,Can Serra,504,50-64,75,70,145
2009,4,Districte IV,8,les Planes,419,18-24,37,51,88
2000,3,Districte III,6,Santa Eulàlia,311,18-24,56,73,129
2015,2,Districte II,5,Collblanc,216,35-49,155,146,301
2000,4,Districte IV,8,les Planes,436,00-02,11,17,28
1995,5,Districte V,10,Pubilla Cases,537,00-02,17,8,25
2010,4,Districte IV,7,la Florida,413,16-17,15,8,23
2006,4,Districte IV,7,la Florida,408,18-24,47,53,100
2010,5,Districte V,10,Pubilla Cases,516,03-11,34,40,74
2006,4,Districte IV,7,la Florida,404,16-17,15,13,28
2011,2,Districte II,4,la Torrassa,230,50-64,53,49,102
1994,2,Districte II,4,la Torrassa,232,03-11,26,35,61
2007,3,Districte III,6,Santa Eulàlia,315,35-49,225,222,447
2004,4,Districte IV,7,la Florida,411,12-15,19,9,28
1997,5,Districte V,10,Pubilla Cases,536,00-02,10,11,21
2005,1,Districte I,1,Centre,108,18-24,55,41,96
2006,2,Districte II,5,Collblanc,206,03-11,21,27,48
2010,1,Districte I,3,Sant Josep,140,12-15,12,22,34
1994,6,Districte VI,12,Bellvitge,610,12-15,36,33,69
2011,4,Districte IV,8,les Planes,401,03-11,49,60,109
2013,2,Districte II,4,la Torrassa,247,00-02,32,31,63
2004,3,Districte III,6,Santa Eulàlia,322,65-74,52,48,100
1994,5,Districte V,9,Can Serra,521,16-17,30,36,66
2001,1,Districte I,1,Centre,135,50-64,133,149,282
2003,1,Districte I,1,Centre,134,75 i +,64,30,94
2008,5,Districte V,10,Pubilla Cases,532,03-11,44,46,90
2009,6,Districte VI,12,Bellvitge,630,16-17,7,7,14
2014,5,Districte V,9,Can Serra,521,03-11,32,33,65
2005,2,Districte II,4,la Torrassa,235,03-11,50,60,110
2006,2,Districte II,4,la Torrassa,233,65-74,54,50,104
1997,1,Districte I,1,Centre,101,75 i +,25,8,33
1995,2,Districte II,4,la Torrassa,240,50-64,80,85,165
2015,2,Districte II,4,la Torrassa,243,16-17,17,21,38
2010,4,Districte IV,7,la Florida,405,16-17,5,7,12
2006,2,Districte II,4,la Torrassa,234,00-02,12,12,24
1996,6,Districte VI,12,Bellvitge,602,03-11,18,14,32
1995,1,Districte I,1,Centre,105,75 i +,42,22,64
2003,2,Districte II,4,la Torrassa,237,03-11,45,33,78
2010,1,Districte I,3,Sant Josep,119,25-34,92,88,180
2005,3,Districte III,6,Santa Eulàlia,311,50-64,122,97,219
2011,4,Districte IV,8,les Planes,437,12-15,14,13,27
1995,3,Districte III,6,Santa Eulàlia,303,65-74,84,84,168
2011,1,Districte I,3,Sant Josep,137,16-17,5,12,17
2013,4,Districte IV,7,la Florida,409,18-24,71,83,154
2012,2,Districte II,5,Collblanc,208,03-11,37,52,89
2011,4,Districte IV,7,la Florida,425,75 i +,78,50,128
1999,2,Districte II,4,la Torrassa,246,03-11,32,23,55
1997,6,Districte VI,12,Bellvitge,619,50-64,156,163,319
2002,5,Districte V,9,Can Serra,506,25-34,161,175,336
2014,2,Districte II,5,Collblanc,204,75 i +,112,58,170
2003,4,Districte IV,7,la Florida,407,16-17,2,11,13
2007,6,Districte VI,12,Bellvitge,602,12-15,7,10,17
2006,1,Districte I,1,Centre,130,18-24,29,17,46
2016,6,Districte VI,12,Bellvitge,625,65-74,106,86,192
1996,4,Districte IV,7,la Florida,402,65-74,47,47,94
2006,1,Districte I,1,Centre,128,18-24,31,32,63
1995,3,Districte III,6,Santa Eulàlia,317,00-02,5,8,13
2002,5,Districte V,10,Pubilla Cases,520,50-64,84,76,160
2015,1,Districte I,3,Sant Josep,120,12-15,28,38,66
1994,6,Districte VI,12,Bellvitge,615,50-64,125,147,272
2000,6,Districte VI,12,Bellvitge,628,00-02,6,11,17
2006,5,Districte V,10,Pubilla Cases,524,00-02,18,27,45
2010,5,Districte V,9,Can Serra,501,25-34,69,81,150
2006,2,Districte II,5,Collblanc,214,25-34,89,104,193
2011,5,Districte V,10,Pubilla Cases,524,75 i +,75,43,118
1999,1,Districte I,3,Sant Josep,138,12-15,13,32,45
1999,5,Districte V,10,Pubilla Cases,517,03-11,34,37,71
1997,6,Districte VI,12,Bellvitge,601,50-64,185,182,367
2002,5,Districte V,10,Pubilla Cases,529,50-64,105,81,186
2001,1,Districte I,3,Sant Josep,114,25-34,138,146,284
2016,4,Districte IV,7,la Florida,416,75 i +,88,50,138
1995,3,Districte III,6,Santa Eulàlia,301,12-15,31,50,81
1999,2,Districte II,4,la Torrassa,241,65-74,67,39,106
2006,1,Districte I,1,Centre,109,35-49,131,115,246
2001,1,Districte I,1,Centre,112,18-24,88,72,160
2001,1,Districte I,1,Centre,109,65-74,58,52,110
1994,5,Districte V,10,Pubilla Cases,508,03-11,25,20,45
1995,4,Districte IV,7,la Florida,413,35-49,48,45,93
2001,4,Districte IV,8,les Planes,433,25-34,106,110,216
2005,1,Districte I,1,Centre,133,65-74,46,40,86
2014,6,Districte VI,12,Bellvitge,613,18-24,28,36,64
1994,2,Districte II,5,Collblanc,216,65-74,69,58,127
1996,6,Districte VI,12,Bellvitge,611,65-74,78,61,139
1994,3,Districte III,6,Santa Eulàlia,317,18-24,43,61,104
1995,2,Districte II,5,Collblanc,208,18-24,91,104,195
2014,2,Districte II,4,la Torrassa,246,25-34,93,81,174
2016,2,Districte II,5,Collblanc,213,35-49,112,117,229
2016,5,Districte V,10,Pubilla Cases,514,65-74,49,30,79
2001,2,Districte II,4,la Torrassa,239,16-17,7,7,14
1994,6,Districte VI,11,el Gornal,632,00-02,14,12,26
1995,6,Districte VI,12,Bellvitge,627,25-34,62,81,143
2012,4,Districte IV,7,la Florida,428,12-15,11,8,19
1997,1,Districte I,3,Sant Josep,127,35-49,94,95,189
2011,5,Districte V,10,Pubilla Cases,525,00-02,20,21,41
2016,4,Districte IV,7,la Florida,405,16-17,23,18,41
2015,6,Districte VI,12,Bellvitge,613,00-02,7,12,19
2009,1,Districte I,1,Centre,124,03-11,29,30,59
2008,5,Districte V,10,Pubilla Cases,514,75 i +,37,26,63
2012,5,Districte V,9,Can Serra,501,50-64,135,111,246
2011,3,Districte III,6,Santa Eulàlia,301,50-64,186,181,367
1994,2,Districte II,5,Collblanc,222,00-02,10,15,25
2009,4,Districte IV,7,la Florida,416,18-24,36,39,75
2007,3,Districte III,6,Santa Eulàlia,316,35-49,199,137,336
2015,4,Districte IV,7,la Florida,426,16-17,19,4,23
1996,5,Districte V,9,Can Serra,535,35-49,145,135,280
1995,5,Districte V,10,Pubilla Cases,519,18-24,42,40,82
2004,2,Districte II,4,la Torrassa,228,25-34,82,105,187
2016,2,Districte II,5,Collblanc,216,00-02,22,15,37
2013,2,Districte II,4,la Torrassa,248,35-49,165,178,343
2004,2,Districte II,5,Collblanc,219,25-34,112,118,230
2002,2,Districte II,5,Collblanc,225,00-02,2,6,8
1996,4,Districte IV,7,la Florida,406,75 i +,43,33,76
2003,4,Districte IV,8,les Planes,434,65-74,43,27,70
1999,2,Districte II,4,la Torrassa,237,35-49,107,113,220
2015,1,Districte I,2,Sanfeliu,129,75 i +,98,79,177
2015,1,Districte I,1,Centre,101,35-49,369,366,735
2002,5,Districte V,10,Pubilla Cases,528,25-34,101,128,229
2016,3,Districte III,6,Santa Eulàlia,303,16-17,16,9,25
2014,2,Districte II,4,la Torrassa,239,12-15,13,21,34
2012,4,Districte IV,8,les Planes,419,00-02,14,14,28
1994,4,Districte IV,7,la Florida,415,16-17,6,7,13
2000,4,Districte IV,7,la Florida,415,65-74,44,33,77
2007,5,Districte V,10,Pubilla Cases,520,65-74,52,40,92
1994,1,Districte I,3,Sant Josep,106,25-34,128,131,259
2000,3,Districte III,6,Santa Eulàlia,323,75 i +,46,16,62
2004,4,Districte IV,8,les Planes,435,12-15,23,15,38
2007,1,Districte I,2,Sanfeliu,132,75 i +,79,55,134
2008,1,Districte I,3,Sant Josep,136,16-17,8,11,19
2012,2,Districte II,5,Collblanc,208,35-49,172,154,326
1996,5,Districte V,9,Can Serra,507,50-64,79,101,180
2000,5,Districte V,9,Can Serra,521,25-34,107,116,223
2010,3,Districte III,6,Santa Eulàlia,312,16-17,15,7,22
2005,1,Districte I,1,Centre,135,75 i +,54,38,92
2009,2,Districte II,4,la Torrassa,239,00-02,15,25,40
2015,5,Districte V,10,Pubilla Cases,511,50-64,187,154,341
2001,2,Districte II,5,Collblanc,208,00-02,9,11,20
2004,2,Districte II,4,la Torrassa,240,65-74,65,48,113
2013,2,Districte II,4,la Torrassa,245,50-64,91,85,176
2007,4,Districte IV,7,la Florida,409,16-17,6,7,13
2012,2,Districte II,5,Collblanc,214,18-24,35,43,78
1997,4,Districte IV,8,les Planes,441,00-02,16,12,28
2010,5,Districte V,10,Pubilla Cases,537,25-34,102,119,221
1998,1,Districte I,1,Centre,130,12-15,10,10,20
2011,4,Districte IV,7,la Florida,431,18-24,64,53,117
2004,2,Districte II,4,la Torrassa,249,65-74,73,47,120
2012,6,Districte VI,11,el Gornal,608,35-49,86,114,200
1994,3,Districte III,6,Santa Eulàlia,321,12-15,83,82,165
2016,1,Districte I,2,Sanfeliu,118,03-11,77,80,157
2013,3,Districte III,6,Santa Eulàlia,313,18-24,60,49,109
1996,2,Districte II,5,Collblanc,225,18-24,27,26,53
2005,4,Districte IV,7,la Florida,415,12-15,8,15,23
1995,1,Districte I,1,Centre,102,03-11,58,57,115
2009,6,Districte VI,12,Bellvitge,601,50-64,135,109,244
2002,1,Districte I,3,Sant Josep,138,50-64,91,83,174
1995,4,Districte IV,8,les Planes,401,16-17,13,23,36
2014,6,Districte VI,11,el Gornal,632,50-64,82,70,152
1997,4,Districte IV,8,les Planes,429,16-17,9,14,23
2012,1,Districte I,1,Centre,112,18-24,54,68,122
1996,1,Districte I,2,Sanfeliu,129,35-49,102,103,205
2005,1,Districte I,1,Centre,110,03-11,29,29,58
2014,5,Districte V,9,Can Serra,504,16-17,9,6,15
2001,3,Districte III,6,Santa Eulàlia,323,35-49,426,381,807
1998,6,Districte VI,11,el Gornal,632,65-74,39,37,76
2005,4,Districte IV,7,la Florida,413,65-74,36,26,62
2015,2,Districte II,4,la Torrassa,217,35-49,156,225,381
1998,1,Districte I,3,Sant Josep,121,00-02,12,11,23
2016,6,Districte VI,12,Bellvitge,623,65-74,141,99,240
2003,5,Districte V,10,Pubilla Cases,512,65-74,44,51,95
2009,1,Districte I,3,Sant Josep,127,25-34,60,60,120
2000,1,Districte I,3,Sant Josep,120,35-49,219,224,443
1996,5,Districte V,9,Can Serra,505,75 i +,41,24,65
2014,6,Districte VI,12,Bellvitge,609,12-15,9,14,23
2010,4,Districte IV,7,la Florida,408,16-17,5,10,15
1998,2,Districte II,4,la Torrassa,228,65-74,44,36,80
2011,6,Districte VI,12,Bellvitge,613,16-17,10,7,17
1999,6,Districte VI,11,el Gornal,629,18-24,38,41,79
1994,3,Districte III,6,Santa Eulàlia,322,00-02,15,13,28
2012,4,Districte IV,7,la Florida,403,03-11,40,39,79
2016,4,Districte IV,7,la Florida,432,03-11,50,48,98
2016,5,Districte V,10,Pubilla Cases,534,00-02,14,27,41
1996,3,Districte III,6,Santa Eulàlia,320,50-64,124,128,252
2008,5,Districte V,10,Pubilla Cases,536,50-64,78,63,141
2007,2,Districte II,4,la Torrassa,236,35-49,125,136,261
1999,4,Districte IV,8,les Planes,441,12-15,69,56,125
1999,3,Districte III,6,Santa Eulàlia,321,25-34,178,190,368
2013,6,Districte VI,12,Bellvitge,612,65-74,119,84,203
2000,5,Districte V,9,Can Serra,503,12-15,31,21,52
2016,2,Districte II,5,Collblanc,223,16-17,11,13,24
2016,2,Districte II,5,Collblanc,209,18-24,32,36,68
1999,4,Districte IV,7,la Florida,425,03-11,26,37,63
2001,6,Districte VI,11,el Gornal,617,25-34,93,116,209
2003,5,Districte V,9,Can Serra,501,35-49,114,94,208
2014,2,Districte II,4,la Torrassa,248,00-02,16,21,37
2015,2,Districte II,4,la Torrassa,211,75 i +,81,38,119
2014,1,Districte I,1,Centre,124,18-24,18,24,42
2007,6,Districte VI,12,Bellvitge,615,18-24,22,23,45
2001,2,Districte II,5,Collblanc,220,00-02,7,12,19
2008,2,Districte II,4,la Torrassa,237,75 i +,82,43,125
2006,6,Districte VI,11,el Gornal,629,03-11,22,18,40
2006,2,Districte II,4,la Torrassa,245,18-24,37,52,89
2002,6,Districte VI,12,Bellvitge,611,35-49,132,180,312
1997,4,Districte IV,7,la Florida,423,03-11,33,34,67
2009,6,Districte VI,12,Bellvitge,619,03-11,49,47,96
2002,4,Districte IV,7,la Florida,408,12-15,18,12,30
2011,2,Districte II,4,la Torrassa,243,18-24,62,61,123
2013,3,Districte III,6,Santa Eulàlia,313,03-11,93,90,183
2007,4,Districte IV,7,la Florida,416,18-24,37,41,78
1998,6,Districte VI,11,el Gornal,632,50-64,112,105,217
2008,5,Districte V,10,Pubilla Cases,527,65-74,48,33,81
2011,1,Districte I,1,Centre,102,16-17,10,13,23
2016,6,Districte VI,12,Bellvitge,623,35-49,160,172,332
2011,1,Districte I,1,Centre,105,16-17,10,7,17
2008,6,Districte VI,12,Bellvitge,607,35-49,129,143,272
2007,2,Districte II,4,la Torrassa,232,03-11,33,38,71
2003,6,Districte VI,11,el Gornal,608,16-17,8,13,21
2002,1,Districte I,1,Centre,131,12-15,31,21,52
2003,5,Districte V,9,Can Serra,506,25-34,153,168,321
2000,5,Districte V,10,Pubilla Cases,518,12-15,14,18,32
2004,3,Districte III,6,Santa Eulàlia,315,16-17,8,12,20
2016,3,Districte III,6,Santa Eulàlia,309,65-74,41,43,84
1995,2,Districte II,4,la Torrassa,248,65-74,79,56,135
2005,5,Districte V,10,Pubilla Cases,514,65-74,53,40,93
2005,5,Districte V,10,Pubilla Cases,516,25-34,68,82,150
2002,3,Districte III,6,Santa Eulàlia,324,65-74,48,33,81
2003,1,Districte I,1,Centre,128,35-49,95,100,195
2009,3,Districte III,6,Santa Eulàlia,309,25-34,118,123,241
1997,5,Districte V,10,Pubilla Cases,511,35-49,45,53,98
2010,5,Districte V,10,Pubilla Cases,534,16-17,9,7,16
2008,2,Districte II,4,la Torrassa,228,50-64,46,40,86
2001,6,Districte VI,11,el Gornal,616,18-24,183,178,361
2014,2,Districte II,4,la Torrassa,248,16-17,12,13,25
2008,4,Districte IV,8,les Planes,436,50-64,55,59,114
1996,6,Districte VI,12,Bellvitge,602,12-15,15,13,28
1996,6,Districte VI,12,Bellvitge,628,16-17,19,27,46
2012,1,Districte I,3,Sant Josep,140,00-02,14,18,32
2009,5,Districte V,10,Pubilla Cases,533,03-11,45,48,93
2008,4,Districte IV,7,la Florida,406,75 i +,59,54,113
2002,5,Districte V,10,Pubilla Cases,509,50-64,67,73,140
2013,4,Districte IV,7,la Florida,427,18-24,65,86,151
1997,4,Districte IV,7,la Florida,425,35-49,76,75,151
2012,3,Districte III,6,Santa Eulàlia,309,25-34,104,85,189
1996,5,Districte V,10,Pubilla Cases,522,03-11,19,25,44
2011,6,Districte VI,11,el Gornal,629,18-24,24,16,40
2014,3,Districte III,13,Granvia Sud,320,25-34,63,75,138
2002,6,Districte VI,12,Bellvitge,619,16-17,7,23,30
2008,5,Districte V,10,Pubilla Cases,537,25-34,105,120,225
2003,1,Districte I,3,Sant Josep,117,65-74,69,65,134
1994,3,Districte III,6,Santa Eulàlia,308,65-74,70,51,121
2014,5,Districte V,9,Can Serra,503,03-11,17,22,39
1998,6,Districte VI,12,Bellvitge,602,65-74,21,27,48
1995,4,Districte IV,7,la Florida,414,00-02,4,12,16
2001,6,Districte VI,12,Bellvitge,603,50-64,83,68,151
1995,6,Districte VI,12,Bellvitge,613,12-15,23,22,45
2003,1,Districte I,1,Centre,134,18-24,49,59,108
2003,5,Districte V,10,Pubilla Cases,518,00-02,18,24,42
2006,3,Districte III,6,Santa Eulàlia,308,16-17,9,15,24
1996,4,Districte IV,7,la Florida,410,25-34,114,120,234
1997,6,Districte VI,12,Bellvitge,612,12-15,23,24,47
2012,4,Districte IV,7,la Florida,413,12-15,7,5,12
2011,2,Districte II,5,Collblanc,212,03-11,61,55,116
2010,1,Districte I,1,Centre,131,25-34,107,125,232
1998,4,Districte IV,8,les Planes,437,50-64,83,80,163
2001,4,Districte IV,7,la Florida,431,50-64,116,105,221
2006,2,Districte II,4,la Torrassa,249,50-64,87,83,170
2003,1,Districte I,3,Sant Josep,136,12-15,14,20,34
2005,5,Districte V,9,Can Serra,502,12-15,28,13,41
2006,6,Districte VI,12,Bellvitge,619,75 i +,57,41,98
2001,5,Districte V,10,Pubilla Cases,520,03-11,27,25,52
2000,5,Districte V,9,Can Serra,501,35-49,139,95,234
2010,3,Districte III,6,Santa Eulàlia,303,16-17,9,9,18
2016,1,Districte I,1,Centre,133,00-02,11,5,16
2013,1,Districte I,2,Sanfeliu,132,12-15,35,37,72
1997,2,Districte II,4,la Torrassa,233,16-17,7,5,12
1999,4,Districte IV,7,la Florida,430,25-34,80,69,149
2004,6,Districte VI,12,Bellvitge,615,50-64,148,109,257
2014,5,Districte V,10,Pubilla Cases,524,12-15,27,17,44
2011,4,Districte IV,7,la Florida,430,12-15,14,24,38
1994,2,Districte II,5,Collblanc,215,03-11,29,23,52
2008,4,Districte IV,7,la Florida,410,50-64,164,149,313
1995,6,Districte VI,12,Bellvitge,628,65-74,37,31,68
2005,4,Districte IV,8,les Planes,433,65-74,49,42,91
2012,4,Districte IV,7,la Florida,405,16-17,7,11,18
2005,3,Districte III,6,Santa Eulàlia,320,50-64,98,98,196
2010,3,Districte III,6,Santa Eulàlia,315,75 i +,67,32,99
1999,1,Districte I,2,Sanfeliu,116,75 i +,56,25,81
2013,1,Districte I,3,Sant Josep,114,03-11,49,68,117
2004,4,Districte IV,8,les Planes,436,75 i +,31,21,52
2000,4,Districte IV,8,les Planes,438,35-49,67,67,134
2007,2,Districte II,4,la Torrassa,241,75 i +,71,32,103
2000,2,Districte II,5,Collblanc,206,35-49,76,66,142
2002,5,Districte V,9,Can Serra,502,03-11,47,37,84
2006,4,Districte IV,7,la Florida,417,00-02,7,9,16
2005,6,Districte VI,12,Bellvitge,630,25-34,75,116,191
2005,3,Districte III,6,Santa Eulàlia,318,12-15,14,24,38
1996,1,Districte I,3,Sant Josep,140,00-02,5,5,10
2014,4,Districte IV,7,la Florida,423,12-15,20,16,36
1995,5,Districte V,10,Pubilla Cases,536,75 i +,30,31,61
1995,5,Districte V,10,Pubilla Cases,509,25-34,64,72,136
1994,5,Districte V,10,Pubilla Cases,516,18-24,50,44,94
2015,3,Districte III,13,Granvia Sud,312,12-15,19,24,43
1998,1,Districte I,1,Centre,111,16-17,7,9,16
2009,6,Districte VI,12,Bellvitge,610,75 i +,52,33,85
1999,2,Districte II,4,la Torrassa,231,35-49,90,84,174
1994,4,Districte IV,7,la Florida,406,65-74,56,55,111
1997,1,Districte I,1,Centre,102,75 i +,75,34,109
2010,4,Districte IV,7,la Florida,428,18-24,28,24,52
2010,3,Districte III,6,Santa Eulàlia,320,00-02,16,18,34
2008,5,Districte V,10,Pubilla Cases,530,18-24,59,49,108
2014,1,Districte I,3,Sant Josep,114,16-17,19,6,25
2007,5,Districte V,10,Pubilla Cases,529,25-34,128,131,259
2003,2,Districte II,5,Collblanc,209,35-49,107,107,214
2001,2,Districte II,5,Collblanc,210,50-64,88,77,165
1994,6,Districte VI,12,Bellvitge,623,16-17,37,42,79
2001,2,Districte II,5,Collblanc,222,00-02,12,10,22
2003,2,Districte II,4,la Torrassa,241,75 i +,54,30,84
1999,4,Districte IV,7,la Florida,421,18-24,56,61,117
2008,4,Districte IV,7,la Florida,430,50-64,60,64,124
2011,6,Districte VI,12,Bellvitge,609,12-15,18,15,33
2008,2,Districte II,5,Collblanc,206,12-15,14,21,35
1996,6,Districte VI,11,el Gornal,632,00-02,21,21,42
2007,6,Districte VI,12,Bellvitge,603,12-15,13,10,23
1998,4,Districte IV,8,les Planes,429,65-74,42,34,76
1994,6,Districte VI,12,Bellvitge,625,16-17,36,46,82
2000,5,Districte V,10,Pubilla Cases,515,65-74,33,22,55
2000,5,Districte V,9,Can Serra,507,00-02,8,6,14
2005,2,Districte II,4,la Torrassa,238,16-17,3,8,11
2006,2,Districte II,4,la Torrassa,243,03-11,44,54,98
2005,2,Districte II,4,la Torrassa,228,50-64,59,53,112
1997,1,Districte I,3,Sant Josep,122,00-02,14,4,18
2013,1,Districte I,3,Sant Josep,114,18-24,40,33,73
2013,2,Districte II,4,la Torrassa,217,35-49,177,222,399
2015,3,Districte III,6,Santa Eulàlia,305,18-24,72,62,134
2009,2,Districte II,5,Collblanc,208,16-17,11,16,27
2005,4,Districte IV,7,la Florida,412,25-34,141,167,308
2016,1,Districte I,1,Centre,105,35-49,139,140,279
1995,5,Districte V,10,Pubilla Cases,525,75 i +,31,18,49
2011,4,Districte IV,7,la Florida,407,18-24,37,38,75
2002,5,Districte V,9,Can Serra,504,75 i +,51,40,91
2015,4,Districte IV,7,la Florida,427,65-74,54,37,91
1999,4,Districte IV,7,la Florida,407,03-11,19,29,48
1997,5,Districte V,10,Pubilla Cases,528,35-49,78,82,160
2005,5,Districte V,10,Pubilla Cases,515,03-11,25,28,53
1998,6,Districte VI,12,Bellvitge,615,12-15,17,6,23
2001,4,Districte IV,7,la Florida,426,16-17,8,7,15
1997,1,Districte I,3,Sant Josep,117,00-02,29,22,51
2014,5,Districte V,10,Pubilla Cases,511,18-24,81,80,161
2005,5,Districte V,10,Pubilla Cases,531,18-24,42,47,89
1995,1,Districte I,3,Sant Josep,136,25-34,87,102,189
2010,1,Districte I,1,Centre,104,75 i +,88,41,129
2001,5,Districte V,10,Pubilla Cases,518,75 i +,58,25,83
2007,4,Districte IV,8,les Planes,435,16-17,12,14,26
2002,1,Districte I,3,Sant Josep,106,25-34,174,180,354
2016,1,Districte I,2,Sanfeliu,129,35-49,123,128,251
2016,1,Districte I,1,Centre,112,35-49,214,203,417
1999,4,Districte IV,7,la Florida,422,12-15,12,18,30
2013,4,Districte IV,7,la Florida,409,35-49,215,256,471
1997,6,Districte VI,12,Bellvitge,604,12-15,18,16,34
2001,6,Districte VI,12,Bellvitge,610,03-11,31,29,60
2006,1,Districte I,3,Sant Josep,121,75 i +,71,44,115
2010,6,Districte VI,12,Bellvitge,630,75 i +,40,26,66
2007,3,Districte III,6,Santa Eulàlia,314,35-49,305,279,584
2009,6,Districte VI,12,Bellvitge,623,00-02,21,18,39
2006,6,Districte VI,12,Bellvitge,630,00-02,10,10,20
2008,6,Districte VI,11,el Gornal,617,03-11,35,41,76
2001,3,Districte III,6,Santa Eulàlia,303,65-74,118,129,247
2015,5,Districte V,10,Pubilla Cases,529,35-49,177,165,342
2003,3,Districte III,6,Santa Eulàlia,325,65-74,126,101,227
2015,5,Districte V,9,Can Serra,502,75 i +,141,81,222
1996,1,Districte I,3,Sant Josep,106,18-24,128,158,286
2013,5,Districte V,9,Can Serra,502,50-64,138,122,260
2008,6,Districte VI,12,Bellvitge,614,25-34,61,90,151
1999,1,Districte I,3,Sant Josep,122,65-74,46,41,87
2005,2,Districte II,5,Collblanc,224,65-74,38,19,57
2013,3,Districte III,6,Santa Eulàlia,309,65-74,34,42,76
2012,6,Districte VI,12,Bellvitge,609,00-02,12,14,26
2010,1,Districte I,1,Centre,103,00-02,10,15,25
1998,6,Districte VI,12,Bellvitge,610,50-64,208,211,419
1996,1,Districte I,1,Centre,102,12-15,35,24,59
1996,2,Districte II,4,la Torrassa,242,12-15,15,18,33
1998,3,Districte III,6,Santa Eulàlia,319,18-24,48,53,101
2000,2,Districte II,4,la Torrassa,239,00-02,10,13,23
2002,2,Districte II,5,Collblanc,219,25-34,96,96,192
2009,4,Districte IV,8,les Planes,437,50-64,78,53,131
2012,5,Districte V,10,Pubilla Cases,517,50-64,77,81,158
2014,3,Districte III,6,Santa Eulàlia,323,03-11,83,89,172
1996,2,Districte II,4,la Torrassa,229,00-02,6,8,14
2016,2,Districte II,5,Collblanc,212,16-17,12,8,20
2016,2,Districte II,5,Collblanc,216,16-17,18,14,32
2000,3,Districte III,6,Santa Eulàlia,305,03-11,58,42,100
1997,1,Districte I,1,Centre,112,00-02,20,16,36
2005,4,Districte IV,7,la Florida,427,16-17,8,5,13
1997,6,Districte VI,12,Bellvitge,624,00-02,8,8,16
2013,3,Districte III,6,Santa Eulàlia,311,65-74,64,49,113
2005,4,Districte IV,8,les Planes,420,75 i +,73,38,111
2012,3,Districte III,6,Santa Eulàlia,318,35-49,98,83,181
2000,2,Districte II,5,Collblanc,207,25-34,44,39,83
1997,3,Districte III,6,Santa Eulàlia,301,03-11,55,66,121
2011,5,Districte V,10,Pubilla Cases,511,00-02,8,10,18
2001,4,Districte IV,7,la Florida,406,12-15,20,17,37
1994,5,Districte V,9,Can Serra,503,12-15,33,39,72
2007,2,Districte II,5,Collblanc,220,35-49,123,130,253
2009,4,Districte IV,7,la Florida,412,25-34,121,163,284
2007,4,Districte IV,8,les Planes,418,03-11,40,47,87
2009,4,Districte IV,7,la Florida,425,16-17,5,11,16
2001,5,Districte V,10,Pubilla Cases,511,03-11,22,21,43
2015,1,Districte I,3,Sant Josep,122,16-17,5,9,14
2006,1,Districte I,1,Centre,113,50-64,195,198,393
2003,5,Districte V,10,Pubilla Cases,523,25-34,113,117,230
2014,1,Districte I,3,Sant Josep,117,18-24,66,57,123
1994,2,Districte II,5,Collblanc,202,65-74,37,31,68
2008,2,Districte II,5,Collblanc,214,12-15,22,12,34
2002,3,Districte III,6,Santa Eulàlia,312,25-34,191,216,407
2016,5,Districte V,10,Pubilla Cases,510,35-49,109,123,232
2012,6,Districte VI,12,Bellvitge,607,25-34,69,78,147
2015,2,Districte II,5,Collblanc,204,18-24,76,68,144
2014,4,Districte IV,7,la Florida,402,18-24,26,21,47
2003,1,Districte I,2,Sanfeliu,132,00-02,34,26,60
2002,3,Districte III,6,Santa Eulàlia,309,18-24,40,44,84
1998,5,Districte V,10,Pubilla Cases,531,35-49,75,72,147
2006,2,Districte II,4,la Torrassa,247,50-64,105,107,212
2012,2,Districte II,4,la Torrassa,218,25-34,54,90,144
2004,5,Districte V,10,Pubilla Cases,534,65-74,61,54,115
2003,5,Districte V,10,Pubilla Cases,519,65-74,45,36,81
2006,4,Districte IV,7,la Florida,426,65-74,45,36,81
1997,5,Districte V,10,Pubilla Cases,517,00-02,8,7,15
2003,2,Districte II,4,la Torrassa,229,35-49,73,76,149
2016,1,Districte I,1,Centre,111,16-17,12,7,19
2005,2,Districte II,5,Collblanc,213,50-64,89,81,170
1997,6,Districte VI,12,Bellvitge,628,03-11,39,32,71
1996,5,Districte V,10,Pubilla Cases,520,35-49,93,77,170
1997,4,Districte IV,7,la Florida,412,18-24,88,108,196
2015,6,Districte VI,11,el Gornal,626,25-34,52,39,91
2006,2,Districte II,5,Collblanc,227,50-64,58,57,115
2007,5,Districte V,9,Can Serra,535,35-49,103,97,200
2006,3,Districte III,6,Santa Eulàlia,316,03-11,42,61,103
2002,4,Districte IV,8,les Planes,440,65-74,60,59,119
2016,2,Districte II,4,la Torrassa,236,65-74,63,37,100
2005,2,Districte II,5,Collblanc,220,03-11,32,24,56
2002,4,Districte IV,7,la Florida,413,00-02,5,5,10
2001,4,Districte IV,7,la Florida,404,75 i +,55,28,83
2000,4,Districte IV,7,la Florida,416,50-64,76,59,135
1996,1,Districte I,1,Centre,123,75 i +,56,33,89
2002,6,Districte VI,12,Bellvitge,623,65-74,50,59,109
2009,1,Districte I,1,Centre,105,25-34,96,101,197
1999,1,Districte I,1,Centre,102,35-49,152,141,293
1994,5,Districte V,10,Pubilla Cases,529,35-49,89,74,163
2008,2,Districte II,5,Collblanc,220,18-24,29,39,68
2011,4,Districte IV,8,les Planes,441,18-24,88,93,181
2016,3,Districte III,6,Santa Eulàlia,309,50-64,107,79,186
2013,5,Districte V,9,Can Serra,504,75 i +,90,75,165
1997,6,Districte VI,12,Bellvitge,624,65-74,31,36,67
2003,6,Districte VI,12,Bellvitge,605,25-34,72,70,142
2003,4,Districte IV,8,les Planes,435,25-34,67,80,147
1999,3,Districte III,6,Santa Eulàlia,313,03-11,76,53,129
1999,4,Districte IV,8,les Planes,440,12-15,14,5,19
1994,4,Districte IV,7,la Florida,422,25-34,79,88,167
2003,4,Districte IV,7,la Florida,424,25-34,51,73,124
2007,2,Districte II,4,la Torrassa,247,35-49,162,180,342
2005,2,Districte II,5,Collblanc,220,65-74,52,38,90
2014,1,Districte I,1,Centre,110,16-17,9,2,11
2000,2,Districte II,4,la Torrassa,217,25-34,40,63,103
2011,2,Districte II,5,Collblanc,206,12-15,19,16,35
2006,3,Districte III,6,Santa Eulàlia,317,12-15,16,21,37
2016,6,Districte VI,12,Bellvitge,601,75 i +,128,112,240
1997,1,Districte I,3,Sant Josep,139,18-24,61,72,133
2016,4,Districte IV,8,les Planes,440,50-64,71,77,148
2003,4,Districte IV,8,les Planes,439,03-11,39,41,80
1994,2,Districte II,4,la Torrassa,235,50-64,162,148,310
2002,5,Districte V,10,Pubilla Cases,528,75 i +,49,33,82
2011,3,Districte III,6,Santa Eulàlia,304,25-34,263,225,488
2011,5,Districte V,10,Pubilla Cases,525,75 i +,66,39,105
2014,2,Districte II,5,Collblanc,207,00-02,27,22,49
1997,2,Districte II,4,la Torrassa,218,18-24,35,42,77
2012,2,Districte II,4,la Torrassa,229,65-74,34,25,59
2002,4,Districte IV,7,la Florida,408,25-34,61,61,122
2010,4,Districte IV,8,les Planes,434,65-74,25,12,37
1996,5,Districte V,10,Pubilla Cases,514,00-02,11,10,21
2016,5,Districte V,9,Can Serra,504,16-17,4,7,11
2003,2,Districte II,4,la Torrassa,235,16-17,6,8,14
2003,2,Districte II,4,la Torrassa,249,03-11,34,42,76
1996,2,Districte II,5,Collblanc,212,16-17,11,20,31
1995,1,Districte I,3,Sant Josep,115,18-24,68,130,198
1995,2,Districte II,5,Collblanc,219,35-49,102,93,195
1997,5,Districte V,10,Pubilla Cases,520,03-11,38,28,66
2008,2,Districte II,4,la Torrassa,239,35-49,139,163,302
2004,1,Districte I,1,Centre,133,18-24,39,34,73
2010,1,Districte I,3,Sant Josep,126,65-74,79,86,165
2004,4,Districte IV,7,la Florida,432,16-17,13,13,26
2004,4,Districte IV,7,la Florida,428,16-17,8,2,10
2007,4,Districte IV,8,les Planes,401,75 i +,90,46,136
2008,4,Districte IV,7,la Florida,405,00-02,14,16,30
1994,2,Districte II,4,la Torrassa,241,65-74,59,45,104
2004,2,Districte II,5,Collblanc,210,16-17,3,5,8
2011,2,Districte II,4,la Torrassa,233,00-02,16,17,33
2011,6,Districte VI,12,Bellvitge,606,18-24,40,48,88
2015,1,Districte I,3,Sant Josep,121,00-02,7,13,20
1997,2,Districte II,5,Collblanc,208,50-64,216,179,395
1995,4,Districte IV,7,la Florida,426,03-11,32,35,67
2014,6,Districte VI,12,Bellvitge,605,75 i +,105,93,198
1995,3,Districte III,6,Santa Eulàlia,310,65-74,36,33,69
2012,2,Districte II,5,Collblanc,209,75 i +,80,67,147
2000,4,Districte IV,7,la Florida,405,65-74,89,80,169
1998,2,Districte II,5,Collblanc,207,75 i +,56,33,89
1998,3,Districte III,6,Santa Eulàlia,304,65-74,92,73,165
1994,2,Districte II,5,Collblanc,226,65-74,84,69,153
2005,5,Districte V,9,Can Serra,507,18-24,39,37,76
2013,3,Districte III,6,Santa Eulàlia,321,12-15,39,48,87
2006,4,Districte IV,8,les Planes,437,00-02,13,11,24
2016,5,Districte V,10,Pubilla Cases,524,35-49,163,182,345
1996,2,Districte II,4,la Torrassa,228,65-74,46,34,80
2001,1,Districte I,1,Centre,112,12-15,26,24,50
2016,2,Districte II,4,la Torrassa,228,25-34,179,182,361
2003,4,Districte IV,7,la Florida,415,03-11,23,32,55
2002,2,Districte II,4,la Torrassa,228,03-11,23,19,42
2000,2,Districte II,4,la Torrassa,241,16-17,5,5,10
2016,5,Districte V,10,Pubilla Cases,510,03-11,48,44,92
2007,2,Districte II,5,Collblanc,224,18-24,31,22,53
2001,3,Districte III,6,Santa Eulàlia,301,16-17,22,28,50
2015,4,Districte IV,8,les Planes,436,03-11,76,74,150
1999,2,Districte II,4,la Torrassa,247,75 i +,63,33,96
2011,4,Districte IV,7,la Florida,415,16-17,4,8,12
2014,1,Districte I,1,Centre,135,03-11,42,59,101
2010,4,Districte IV,8,les Planes,434,00-02,8,18,26
2008,6,Districte VI,12,Bellvitge,601,35-49,118,162,280
2005,1,Districte I,3,Sant Josep,122,25-34,88,98,186
1998,2,Districte II,4,la Torrassa,239,16-17,10,9,19
2013,1,Districte I,3,Sant Josep,121,35-49,114,124,238
1998,4,Districte IV,8,les Planes,437,03-11,26,34,60
2006,2,Districte II,5,Collblanc,216,18-24,55,62,117
1999,1,Districte I,3,Sant Josep,115,35-49,154,147,301
2002,1,Districte I,1,Centre,107,18-24,89,112,201
2007,1,Districte I,3,Sant Josep,125,75 i +,54,36,90
1999,5,Districte V,10,Pubilla Cases,518,25-34,97,119,216
1998,3,Districte III,6,Santa Eulàlia,312,16-17,6,20,26
2010,4,Districte IV,7,la Florida,421,18-24,39,49,88
1996,6,Districte VI,11,el Gornal,632,35-49,107,99,206
2000,6,Districte VI,11,el Gornal,632,75 i +,25,13,38
1996,6,Districte VI,11,el Gornal,608,65-74,39,36,75
2009,5,Districte V,10,Pubilla Cases,526,18-24,23,44,67
2005,3,Districte III,6,Santa Eulàlia,308,50-64,197,187,384
1995,1,Districte I,1,Centre,111,00-02,7,7,14
1995,6,Districte VI,12,Bellvitge,618,16-17,15,8,23
2016,3,Districte III,6,Santa Eulàlia,321,12-15,35,43,78
2012,2,Districte II,5,Collblanc,244,50-64,55,53,108
2012,4,Districte IV,7,la Florida,408,65-74,48,25,73
2001,2,Districte II,4,la Torrassa,237,00-02,10,10,20
2010,1,Districte I,3,Sant Josep,127,75 i +,45,28,73
1998,4,Districte IV,7,la Florida,403,12-15,28,20,48
1999,2,Districte II,4,la Torrassa,234,50-64,79,68,147
1999,3,Districte III,6,Santa Eulàlia,317,18-24,42,50,92
1998,2,Districte II,4,la Torrassa,245,03-11,30,30,60
1997,3,Districte III,6,Santa Eulàlia,311,25-34,123,134,257
2010,6,Districte VI,12,Bellvitge,621,16-17,13,14,27
2002,6,Districte VI,12,Bellvitge,604,75 i +,25,12,37
1994,5,Districte V,10,Pubilla Cases,536,00-02,8,8,16
2016,4,Districte IV,8,les Planes,436,65-74,58,51,109
2006,4,Districte IV,7,la Florida,424,03-11,20,27,47
2013,3,Districte III,6,Santa Eulàlia,324,35-49,167,171,338
1999,6,Districte VI,12,Bellvitge,624,50-64,158,180,338
2005,4,Districte IV,8,les Planes,438,65-74,59,62,121
2008,2,Districte II,5,Collblanc,210,16-17,3,0,3
2005,4,Districte IV,7,la Florida,403,75 i +,60,37,97
1996,3,Districte III,6,Santa Eulàlia,312,65-74,35,33,68
2011,2,Districte II,5,Collblanc,224,18-24,25,17,42
2008,5,Districte V,10,Pubilla Cases,529,75 i +,80,51,131
2014,6,Districte VI,12,Bellvitge,621,03-11,52,54,106
1996,5,Districte V,10,Pubilla Cases,517,25-34,108,110,218
2010,4,Districte IV,7,la Florida,417,16-17,6,7,13
2013,1,Districte I,1,Centre,107,18-24,36,54,90
2013,2,Districte II,4,la Torrassa,240,12-15,32,15,47
2013,2,Districte II,4,la Torrassa,240,00-02,21,16,37
1994,3,Districte III,6,Santa Eulàlia,301,35-49,154,147,301
2002,4,Districte IV,8,les Planes,438,12-15,17,10,27
2007,5,Districte V,10,Pubilla Cases,534,25-34,85,95,180
1995,4,Districte IV,8,les Planes,419,75 i +,36,21,57
2000,6,Districte VI,12,Bellvitge,607,35-49,87,93,180
2010,2,Districte II,4,la Torrassa,247,03-11,61,66,127
2003,4,Districte IV,7,la Florida,403,50-64,135,111,246
1998,4,Districte IV,7,la Florida,426,18-24,49,60,109
2008,5,Districte V,10,Pubilla Cases,536,25-34,69,81,150
2009,1,Districte I,3,Sant Josep,122,25-34,74,72,146
2007,3,Districte III,6,Santa Eulàlia,303,00-02,21,16,37
2003,2,Districte II,5,Collblanc,208,16-17,17,11,28
2007,2,Districte II,4,la Torrassa,234,03-11,28,32,60
2015,2,Districte II,4,la Torrassa,242,50-64,92,89,181
1995,4,Districte IV,8,les Planes,420,03-11,41,44,85
2011,4,Districte IV,8,les Planes,418,18-24,37,56,93
2000,2,Districte II,5,Collblanc,204,18-24,19,21,40
2016,4,Districte IV,7,la Florida,431,50-64,115,105,220
2001,4,Districte IV,7,la Florida,428,16-17,2,2,4
2001,4,Districte IV,7,la Florida,406,25-34,97,105,202
2013,6,Districte VI,12,Bellvitge,601,75 i +,134,97,231
2009,3,Districte III,6,Santa Eulàlia,316,25-34,160,190,350
2010,1,Districte I,3,Sant Josep,139,50-64,84,92,176
2014,6,Districte VI,12,Bellvitge,624,18-24,28,27,55
1999,5,Districte V,10,Pubilla Cases,537,00-02,8,11,19
2006,2,Districte II,4,la Torrassa,240,35-49,82,92,174
1996,5,Districte V,10,Pubilla Cases,519,65-74,34,37,71
2000,1,Districte I,2,Sanfeliu,129,18-24,64,52,116
1994,3,Districte III,6,Santa Eulàlia,318,18-24,26,42,68
2010,6,Districte VI,12,Bellvitge,625,12-15,16,13,29
2008,6,Districte VI,12,Bellvitge,609,50-64,106,66,172
2000,2,Districte II,5,Collblanc,201,12-15,7,11,18
1994,6,Districte VI,12,Bellvitge,614,00-02,11,10,21
2011,2,Districte II,5,Collblanc,210,12-15,13,12,25
2014,6,Districte VI,12,Bellvitge,621,35-49,166,185,351
2010,5,Districte V,10,Pubilla Cases,519,65-74,36,21,57
2012,5,Districte V,10,Pubilla Cases,509,03-11,38,43,81
1998,2,Districte II,4,la Torrassa,247,00-02,8,10,18
2014,1,Districte I,1,Centre,102,50-64,142,134,276
2014,3,Districte III,6,Santa Eulàlia,303,75 i +,134,110,244
2004,1,Districte I,1,Centre,107,75 i +,68,32,100
2007,5,Districte V,10,Pubilla Cases,525,75 i +,52,34,86
2003,3,Districte III,6,Santa Eulàlia,314,50-64,191,215,406
2002,2,Districte II,4,la Torrassa,235,00-02,16,17,33
1996,6,Districte VI,12,Bellvitge,618,03-11,16,19,35
1999,3,Districte III,6,Santa Eulàlia,318,12-15,15,25,40
2015,1,Districte I,1,Centre,131,50-64,134,119,253
2002,2,Districte II,5,Collblanc,226,00-02,17,8,25
2009,1,Districte I,1,Centre,112,25-34,135,91,226
1994,2,Districte II,5,Collblanc,207,65-74,77,52,129
2013,5,Districte V,10,Pubilla Cases,514,16-17,12,18,30
2015,2,Districte II,4,la Torrassa,249,35-49,124,125,249
1998,1,Districte I,1,Centre,101,16-17,16,17,33
2010,6,Districte VI,11,el Gornal,629,00-02,5,5,10
2009,2,Districte II,4,la Torrassa,237,65-74,64,50,114
1995,5,Districte V,9,Can Serra,506,75 i +,49,26,75
1997,5,Districte V,10,Pubilla Cases,536,18-24,48,47,95
2003,1,Districte I,1,Centre,133,75 i +,56,31,87
2002,1,Districte I,1,Centre,135,50-64,144,144,288
1998,6,Districte VI,12,Bellvitge,612,00-02,7,14,21
2008,6,Districte VI,11,el Gornal,608,03-11,20,24,44
1996,1,Districte I,3,Sant Josep,139,50-64,75,75,150
2001,5,Districte V,10,Pubilla Cases,529,35-49,108,106,214
2009,2,Districte II,4,la Torrassa,217,12-15,12,13,25
2005,6,Districte VI,12,Bellvitge,623,35-49,119,127,246
2010,3,Districte III,6,Santa Eulàlia,311,00-02,22,23,45
2008,4,Districte IV,7,la Florida,404,65-74,73,66,139
2015,3,Districte III,6,Santa Eulàlia,325,00-02,19,17,36
2002,5,Districte V,10,Pubilla Cases,520,18-24,32,44,76
2003,5,Districte V,10,Pubilla Cases,534,25-34,92,123,215
2009,2,Districte II,4,la Torrassa,247,50-64,106,97,203
2014,6,Districte VI,12,Bellvitge,610,03-11,38,37,75
2009,5,Districte V,10,Pubilla Cases,519,25-34,68,70,138
2010,5,Districte V,10,Pubilla Cases,515,25-34,65,70,135
2000,5,Districte V,9,Can Serra,501,65-74,22,24,46
2013,2,Districte II,5,Collblanc,220,65-74,68,34,102
2003,6,Districte VI,12,Bellvitge,627,12-15,15,21,36
1998,2,Districte II,5,Collblanc,204,50-64,53,45,98
2005,2,Districte II,4,la Torrassa,233,03-11,19,31,50
1999,1,Districte I,3,Sant Josep,125,12-15,23,21,44
2007,2,Districte II,5,Collblanc,222,65-74,34,33,67
2007,1,Districte I,1,Centre,130,25-34,77,79,156
2003,3,Districte III,6,Santa Eulàlia,321,65-74,82,75,157
2006,2,Districte II,4,la Torrassa,241,18-24,32,38,70
2012,3,Districte III,6,Santa Eulàlia,306,00-02,23,21,44
2007,4,Districte IV,8,les Planes,441,25-34,143,159,302
2005,6,Districte VI,12,Bellvitge,607,65-74,90,105,195
1995,3,Districte III,6,Santa Eulàlia,314,18-24,119,137,256
2007,6,Districte VI,12,Bellvitge,603,16-17,4,7,11
2001,2,Districte II,5,Collblanc,244,25-34,65,56,121
1994,2,Districte II,4,la Torrassa,243,12-15,23,21,44
2008,5,Districte V,10,Pubilla Cases,508,03-11,25,14,39
1999,6,Districte VI,11,el Gornal,608,16-17,10,8,18
1997,2,Districte II,4,la Torrassa,234,03-11,30,30,60
2003,6,Districte VI,12,Bellvitge,607,25-34,83,93,176
2004,3,Districte III,6,Santa Eulàlia,323,75 i +,51,24,75
2003,3,Districte III,6,Santa Eulàlia,318,03-11,33,42,75
2004,2,Districte II,4,la Torrassa,228,03-11,22,20,42
2007,2,Districte II,5,Collblanc,212,65-74,65,59,124
2006,1,Districte I,1,Centre,107,35-49,179,178,357
1994,5,Districte V,10,Pubilla Cases,518,65-74,48,49,97
2007,2,Districte II,4,la Torrassa,241,18-24,30,32,62
2011,2,Districte II,5,Collblanc,213,12-15,10,18,28
2012,4,Districte IV,7,la Florida,427,12-15,15,25,40
2001,1,Districte I,1,Centre,104,12-15,7,9,16
2016,6,Districte VI,12,Bellvitge,606,00-02,12,21,33
2005,2,Districte II,5,Collblanc,212,75 i +,66,39,105
2005,5,Districte V,10,Pubilla Cases,511,35-49,74,69,143
1995,1,Districte I,1,Centre,108,16-17,20,20,40
2001,2,Districte II,4,la Torrassa,241,65-74,59,43,102
1999,4,Districte IV,7,la Florida,406,18-24,81,81,162
2010,2,Districte II,4,la Torrassa,234,00-02,14,22,36
1999,4,Districte IV,8,les Planes,441,50-64,180,179,359
2013,3,Districte III,6,Santa Eulàlia,319,25-34,132,132,264
2016,1,Districte I,2,Sanfeliu,116,75 i +,96,75,171
2001,6,Districte VI,12,Bellvitge,604,50-64,87,64,151
2010,1,Districte I,1,Centre,110,65-74,74,78,152
2014,4,Districte IV,7,la Florida,427,12-15,33,29,62
2000,5,Districte V,9,Can Serra,535,03-11,30,37,67
1998,6,Districte VI,12,Bellvitge,624,12-15,25,25,50
2006,5,Districte V,10,Pubilla Cases,519,00-02,10,17,27
1998,6,Districte VI,12,Bellvitge,619,65-74,67,61,128
2011,2,Districte II,4,la Torrassa,249,25-34,107,95,202
2001,2,Districte II,4,la Torrassa,232,35-49,98,87,185
2003,4,Districte IV,7,la Florida,407,65-74,82,63,145
2005,6,Districte VI,12,Bellvitge,605,35-49,58,53,111
1999,2,Districte II,5,Collblanc,224,18-24,31,25,56
2016,5,Districte V,10,Pubilla Cases,510,50-64,97,92,189
2010,6,Districte VI,12,Bellvitge,610,12-15,20,26,46
1998,6,Districte VI,12,Bellvitge,630,03-11,29,27,56
2003,5,Districte V,9,Can Serra,504,50-64,144,118,262
2015,3,Districte III,6,Santa Eulàlia,326,00-02,48,53,101
2009,3,Districte III,6,Santa Eulàlia,315,65-74,65,61,126
1994,2,Districte II,5,Collblanc,244,16-17,5,5,10
2007,5,Districte V,10,Pubilla Cases,531,25-34,96,110,206
1999,2,Districte II,4,la Torrassa,230,65-74,64,44,108
2014,3,Districte III,6,Santa Eulàlia,325,00-02,23,21,44
1994,4,Districte IV,7,la Florida,406,25-34,100,104,204
2013,1,Districte I,1,Centre,113,03-11,60,84,144
2006,5,Districte V,9,Can Serra,521,18-24,37,28,65
1994,4,Districte IV,7,la Florida,432,50-64,127,133,260
1998,5,Districte V,10,Pubilla Cases,514,03-11,33,20,53
2014,6,Districte VI,12,Bellvitge,609,00-02,12,8,20
1994,6,Districte VI,12,Bellvitge,623,65-74,49,30,79
1999,5,Districte V,9,Can Serra,503,35-49,138,111,249
2012,2,Districte II,5,Collblanc,204,50-64,48,41,89
2003,6,Districte VI,12,Bellvitge,620,03-11,21,27,48
2016,6,Districte VI,12,Bellvitge,602,75 i +,83,88,171
1995,3,Districte III,6,Santa Eulàlia,324,35-49,90,77,167
1995,5,Districte V,10,Pubilla Cases,526,65-74,43,31,74
2004,5,Districte V,9,Can Serra,505,35-49,104,104,208
2005,3,Districte III,6,Santa Eulàlia,305,65-74,56,70,126
2013,5,Districte V,10,Pubilla Cases,529,75 i +,95,66,161
2014,4,Districte IV,8,les Planes,435,03-11,54,54,108
2008,1,Districte I,3,Sant Josep,121,35-49,111,118,229
2001,2,Districte II,5,Collblanc,204,75 i +,36,16,52
1997,1,Districte I,3,Sant Josep,122,75 i +,40,28,68
1994,6,Districte VI,11,el Gornal,629,50-64,75,69,144
1995,1,Districte I,3,Sant Josep,126,12-15,27,25,52
2002,1,Districte I,1,Centre,113,75 i +,44,27,71
1994,1,Districte I,3,Sant Josep,122,12-15,18,14,32
2008,2,Districte II,4,la Torrassa,247,65-74,59,59,118
2001,4,Districte IV,7,la Florida,432,00-02,14,14,28
1994,1,Districte I,2,Sanfeliu,129,12-15,24,25,49
2013,4,Districte IV,7,la Florida,431,03-11,81,88,169
2000,1,Districte I,3,Sant Josep,115,12-15,14,29,43
2001,1,Districte I,2,Sanfeliu,129,75 i +,38,18,56
1995,4,Districte IV,7,la Florida,410,65-74,93,104,197
2010,2,Districte II,4,la Torrassa,238,03-11,36,34,70
1994,5,Districte V,10,Pubilla Cases,518,12-15,26,23,49
1997,3,Districte III,6,Santa Eulàlia,314,65-74,66,57,123
1998,6,Districte VI,11,el Gornal,626,00-02,13,11,24
2009,5,Districte V,9,Can Serra,535,16-17,9,5,14
2006,3,Districte III,6,Santa Eulàlia,318,25-34,57,62,119
2012,6,Districte VI,12,Bellvitge,627,65-74,58,71,129
1999,2,Districte II,5,Collblanc,206,50-64,87,69,156
2002,6,Districte VI,12,Bellvitge,620,16-17,4,5,9
2016,1,Districte I,3,Sant Josep,138,18-24,25,21,46
1997,1,Districte I,1,Centre,111,03-11,47,32,79
2003,1,Districte I,3,Sant Josep,121,50-64,41,41,82
2015,6,Districte VI,12,Bellvitge,619,25-34,50,66,116
2013,3,Districte III,6,Santa Eulàlia,322,03-11,67,65,132
2007,3,Districte III,6,Santa Eulàlia,307,65-74,79,58,137
2006,3,Districte III,6,Santa Eulàlia,324,75 i +,48,22,70
1995,5,Districte V,10,Pubilla Cases,529,25-34,104,107,211
2016,4,Districte IV,7,la Florida,405,50-64,158,147,305
2010,3,Districte III,6,Santa Eulàlia,318,03-11,28,37,65
2000,4,Districte IV,8,les Planes,437,16-17,9,7,16
1996,3,Districte III,6,Santa Eulàlia,304,18-24,54,71,125
1998,6,Districte VI,12,Bellvitge,624,50-64,157,185,342
1998,6,Districte VI,12,Bellvitge,609,65-74,29,33,62
2015,3,Districte III,6,Santa Eulàlia,308,00-02,23,16,39
2013,3,Districte III,6,Santa Eulàlia,318,12-15,16,15,31
1995,4,Districte IV,7,la Florida,432,00-02,9,12,21
2003,2,Districte II,4,la Torrassa,235,00-02,21,22,43
2011,1,Districte I,3,Sant Josep,117,35-49,214,234,448
2014,6,Districte VI,12,Bellvitge,631,03-11,36,45,81
2007,6,Districte VI,12,Bellvitge,606,03-11,41,46,87
2001,2,Districte II,4,la Torrassa,243,65-74,101,94,195
2008,3,Districte III,6,Santa Eulàlia,318,16-17,7,12,19
2013,1,Districte I,1,Centre,134,25-34,85,105,190
2009,2,Districte II,5,Collblanc,213,75 i +,57,30,87
2009,2,Districte II,4,la Torrassa,246,65-74,46,39,85
2014,6,Districte VI,12,Bellvitge,623,03-11,56,67,123
1999,1,Districte I,1,Centre,131,18-24,102,110,212
2015,6,Districte VI,11,el Gornal,622,75 i +,35,15,50
1995,1,Districte I,3,Sant Josep,136,65-74,56,53,109
2014,5,Districte V,9,Can Serra,506,12-15,38,36,74
2002,4,Districte IV,8,les Planes,438,03-11,23,29,52
1995,6,Districte VI,12,Bellvitge,611,18-24,148,144,292
1998,5,Districte V,10,Pubilla Cases,513,16-17,6,1,7
2005,6,Districte VI,12,Bellvitge,624,35-49,85,108,193
2007,5,Districte V,10,Pubilla Cases,537,65-74,72,73,145
1999,3,Districte III,6,Santa Eulàlia,307,16-17,19,18,37
2006,6,Districte VI,12,Bellvitge,603,75 i +,20,17,37
2004,3,Districte III,6,Santa Eulàlia,303,50-64,177,128,305
1996,4,Districte IV,8,les Planes,429,75 i +,30,17,47
1995,1,Districte I,1,Centre,105,03-11,48,66,114
1996,6,Districte VI,12,Bellvitge,615,50-64,143,162,305
2009,4,Districte IV,7,la Florida,414,65-74,47,43,90
2012,4,Districte IV,7,la Florida,413,16-17,14,9,23
1998,1,Districte I,1,Centre,112,65-74,54,48,102
1999,3,Districte III,6,Santa Eulàlia,304,25-34,103,100,203
1996,1,Districte I,3,Sant Josep,121,65-74,91,80,171
2009,2,Districte II,5,Collblanc,221,35-49,142,145,287
1996,5,Districte V,10,Pubilla Cases,534,03-11,23,30,53
2005,1,Districte I,3,Sant Josep,120,75 i +,62,27,89
2013,4,Districte IV,8,les Planes,437,25-34,128,115,243
2001,6,Districte VI,11,el Gornal,617,50-64,110,96,206
2015,1,Districte I,1,Centre,108,25-34,102,86,188
2005,4,Districte IV,7,la Florida,430,25-34,93,129,222
2001,3,Districte III,6,Santa Eulàlia,306,03-11,61,44,105
2009,5,Districte V,10,Pubilla Cases,532,12-15,31,15,46
2004,1,Districte I,1,Centre,134,16-17,8,20,28
2005,2,Districte II,5,Collblanc,220,18-24,42,41,83
1998,2,Districte II,4,la Torrassa,236,35-49,84,82,166
1996,2,Districte II,4,la Torrassa,239,65-74,93,71,164
2007,5,Districte V,10,Pubilla Cases,522,65-74,31,32,63
1997,3,Districte III,6,Santa Eulàlia,315,12-15,41,35,76
2016,1,Districte I,1,Centre,112,18-24,58,62,120
1995,4,Districte IV,8,les Planes,401,25-34,71,99,170
2006,2,Districte II,4,la Torrassa,217,65-74,25,23,48
1995,1,Districte I,3,Sant Josep,121,65-74,85,72,157
2008,3,Districte III,6,Santa Eulàlia,319,16-17,10,11,21
2000,6,Districte VI,12,Bellvitge,620,12-15,12,12,24
2001,6,Districte VI,12,Bellvitge,601,75 i +,60,26,86
2001,6,Districte VI,12,Bellvitge,605,03-11,9,17,26
2008,6,Districte VI,12,Bellvitge,609,35-49,82,89,171
1998,2,Districte II,5,Collblanc,215,75 i +,61,42,103
1994,5,Districte V,10,Pubilla Cases,529,50-64,145,157,302
2003,4,Districte IV,8,les Planes,401,35-49,149,143,292
2006,3,Districte III,6,Santa Eulàlia,310,12-15,12,12,24
2006,3,Districte III,6,Santa Eulàlia,324,25-34,84,99,183
2011,4,Districte IV,7,la Florida,413,75 i +,49,25,74
2004,4,Districte IV,7,la Florida,421,65-74,90,72,162
2002,6,Districte VI,12,Bellvitge,630,12-15,15,15,30
1999,4,Districte IV,7,la Florida,428,25-34,50,50,100
1998,1,Districte I,3,Sant Josep,115,18-24,65,98,163
2010,3,Districte III,6,Santa Eulàlia,317,50-64,65,66,131
1995,5,Districte V,10,Pubilla Cases,514,75 i +,36,17,53
2007,3,Districte III,6,Santa Eulàlia,302,25-34,146,179,325
2013,5,Districte V,10,Pubilla Cases,510,50-64,83,71,154
2001,4,Districte IV,7,la Florida,406,16-17,10,12,22
2002,4,Districte IV,7,la Florida,424,16-17,5,6,11
2009,6,Districte VI,12,Bellvitge,630,50-64,119,95,214
2001,2,Districte II,4,la Torrassa,239,50-64,109,64,173
1998,5,Districte V,9,Can Serra,502,65-74,75,65,140
1996,4,Districte IV,7,la Florida,423,75 i +,39,18,57
2013,1,Districte I,3,Sant Josep,115,18-24,31,56,87
1996,1,Districte I,3,Sant Josep,121,18-24,30,34,64
2004,3,Districte III,6,Santa Eulàlia,308,12-15,25,27,52
1995,5,Districte V,10,Pubilla Cases,517,75 i +,50,30,80
1996,6,Districte VI,12,Bellvitge,619,75 i +,35,18,53
2014,3,Districte III,6,Santa Eulàlia,304,35-49,372,416,788
2008,4,Districte IV,7,la Florida,414,65-74,45,40,85
1998,5,Districte V,10,Pubilla Cases,508,00-02,5,9,14
2007,6,Districte VI,12,Bellvitge,606,50-64,84,57,141
2006,3,Districte III,6,Santa Eulàlia,316,65-74,53,58,111
2002,6,Districte VI,11,el Gornal,616,75 i +,32,21,53
2004,5,Districte V,10,Pubilla Cases,523,00-02,23,17,40
1998,1,Districte I,1,Centre,102,12-15,29,22,51
1996,3,Districte III,6,Santa Eulàlia,310,50-64,67,71,138
2016,3,Districte III,6,Santa Eulàlia,326,25-34,140,105,245
1999,5,Districte V,10,Pubilla Cases,538,75 i +,57,31,88
1999,3,Districte III,6,Santa Eulàlia,312,25-34,145,199,344
2011,6,Districte VI,12,Bellvitge,631,50-64,107,74,181
2002,2,Districte II,4,la Torrassa,245,03-11,38,41,79
2016,5,Districte V,10,Pubilla Cases,538,50-64,120,103,223
2012,1,Districte I,1,Centre,133,35-49,102,106,208
2008,4,Districte IV,7,la Florida,403,03-11,37,29,66
2011,1,Districte I,1,Centre,134,00-02,19,23,42
2013,5,Districte V,9,Can Serra,504,65-74,91,79,170
2006,4,Districte IV,8,les Planes,437,25-34,84,108,192
2013,1,Districte I,1,Centre,134,75 i +,82,38,120
2003,6,Districte VI,12,Bellvitge,630,50-64,129,121,250
2004,2,Districte II,5,Collblanc,216,12-15,12,20,32
1996,2,Districte II,4,la Torrassa,232,50-64,108,89,197
2015,6,Districte VI,12,Bellvitge,609,00-02,9,8,17
2002,2,Districte II,4,la Torrassa,249,25-34,89,105,194
2001,5,Districte V,9,Can Serra,507,25-34,87,98,185
1999,5,Districte V,10,Pubilla Cases,527,12-15,12,19,31
2012,5,Districte V,9,Can Serra,507,65-74,47,51,98
2001,2,Districte II,5,Collblanc,201,16-17,8,6,14
2011,2,Districte II,5,Collblanc,205,18-24,32,40,72
2012,2,Districte II,5,Collblanc,216,75 i +,76,52,128
2008,2,Districte II,5,Collblanc,204,00-02,9,14,23
2016,5,Districte V,10,Pubilla Cases,511,75 i +,146,102,248
1995,5,Districte V,10,Pubilla Cases,508,12-15,14,9,23
1997,5,Districte V,10,Pubilla Cases,520,65-74,48,52,100
1995,4,Districte IV,8,les Planes,439,65-74,61,44,105
2009,3,Districte III,6,Santa Eulàlia,320,18-24,27,31,58
1994,2,Districte II,5,Collblanc,214,12-15,17,12,29
1996,3,Districte III,6,Santa Eulàlia,318,12-15,28,25,53
2013,1,Districte I,1,Centre,107,03-11,73,76,149
2009,1,Districte I,1,Centre,124,75 i +,39,32,71
2006,3,Districte III,6,Santa Eulàlia,324,65-74,40,33,73
1997,6,Districte VI,12,Bellvitge,602,12-15,11,11,22
1997,4,Districte IV,7,la Florida,428,50-64,48,42,90
2014,3,Districte III,6,Santa Eulàlia,305,12-15,29,26,55
2015,1,Districte I,3,Sant Josep,138,50-64,92,77,169
1995,6,Districte VI,11,el Gornal,629,65-74,29,27,56
2006,4,Districte IV,7,la Florida,428,03-11,28,21,49
2002,6,Districte VI,12,Bellvitge,614,03-11,27,35,62
1994,5,Districte V,10,Pubilla Cases,519,50-64,80,66,146
1996,2,Districte II,5,Collblanc,212,12-15,23,22,45
2010,2,Districte II,4,la Torrassa,218,16-17,13,4,17
2008,2,Districte II,4,la Torrassa,230,18-24,51,44,95
2014,1,Districte I,1,Centre,133,25-34,54,58,112
1998,5,Districte V,10,Pubilla Cases,524,12-15,19,21,40
1997,1,Districte I,2,Sanfeliu,132,12-15,52,67,119
2012,5,Districte V,10,Pubilla Cases,514,12-15,16,13,29
2007,4,Districte IV,8,les Planes,442,16-17,4,7,11
1997,1,Districte I,1,Centre,103,03-11,23,21,44
2011,4,Districte IV,8,les Planes,438,75 i +,45,37,82
2002,2,Districte II,4,la Torrassa,238,25-34,78,76,154
1995,5,Districte V,9,Can Serra,502,75 i +,47,21,68
2011,2,Districte II,4,la Torrassa,241,50-64,70,67,137
2004,1,Districte I,3,Sant Josep,127,18-24,45,36,81
2006,4,Districte IV,8,les Planes,440,65-74,71,76,147
1997,2,Districte II,4,la Torrassa,235,65-74,109,85,194
2008,1,Districte I,2,Sanfeliu,116,16-17,15,14,29
2002,4,Districte IV,7,la Florida,422,65-74,78,68,146
1995,5,Districte V,10,Pubilla Cases,508,18-24,47,29,76
2006,1,Districte I,1,Centre,110,12-15,11,23,34
2011,5,Districte V,10,Pubilla Cases,525,16-17,13,10,23
1998,2,Districte II,4,la Torrassa,246,75 i +,68,34,102
1995,5,Districte V,10,Pubilla Cases,516,18-24,45,39,84
1995,2,Districte II,4,la Torrassa,239,35-49,88,80,168
2011,2,Districte II,4,la Torrassa,229,18-24,33,29,62
2008,6,Districte VI,11,el Gornal,632,75 i +,37,27,64
2005,3,Districte III,6,Santa Eulàlia,318,25-34,67,70,137
2010,5,Districte V,10,Pubilla Cases,512,00-02,19,13,32
1999,5,Districte V,10,Pubilla Cases,528,35-49,80,87,167
2007,3,Districte III,6,Santa Eulàlia,325,25-34,123,130,253
2006,3,Districte III,6,Santa Eulàlia,304,35-49,154,175,329
2013,6,Districte VI,12,Bellvitge,607,16-17,2,14,16
2012,6,Districte VI,12,Bellvitge,609,25-34,49,44,93
2008,1,Districte I,3,Sant Josep,138,16-17,7,9,16
2003,1,Districte I,2,Sanfeliu,132,25-34,171,194,365
2002,5,Districte V,9,Can Serra,504,65-74,85,83,168
2009,5,Districte V,10,Pubilla Cases,508,12-15,10,8,18
2008,4,Districte IV,7,la Florida,415,75 i +,40,22,62
1999,2,Districte II,5,Collblanc,213,50-64,88,92,180
1999,5,Districte V,10,Pubilla Cases,509,18-24,47,35,82
2014,2,Districte II,4,la Torrassa,240,75 i +,123,71,194
2008,5,Districte V,10,Pubilla Cases,512,50-64,67,66,133
1994,3,Districte III,6,Santa Eulàlia,301,16-17,35,28,63
1997,6,Districte VI,12,Bellvitge,614,50-64,126,130,256
2005,4,Districte IV,7,la Florida,422,65-74,60,47,107
2004,6,Districte VI,12,Bellvitge,624,12-15,18,19,37
1996,2,Districte II,5,Collblanc,209,65-74,78,64,142
2006,1,Districte I,3,Sant Josep,122,75 i +,45,28,73
2015,3,Districte III,6,Santa Eulàlia,307,16-17,10,11,21
2007,1,Districte I,3,Sant Josep,125,35-49,165,214,379
2006,1,Districte I,3,Sant Josep,119,50-64,194,169,363
2011,3,Districte III,6,Santa Eulàlia,322,18-24,56,44,100
1998,3,Districte III,6,Santa Eulàlia,321,12-15,48,49,97
2012,5,Districte V,10,Pubilla Cases,524,00-02,23,22,45
1998,6,Districte VI,12,Bellvitge,619,16-17,27,21,48
2010,5,Districte V,10,Pubilla Cases,509,25-34,75,91,166
2008,2,Districte II,4,la Torrassa,233,18-24,40,45,85
2003,3,Districte III,6,Santa Eulàlia,313,35-49,199,186,385
1995,5,Districte V,10,Pubilla Cases,524,00-02,13,17,30
2010,2,Districte II,4,la Torrassa,248,18-24,51,48,99
2011,1,Districte I,1,Centre,107,00-02,27,24,51
2012,3,Districte III,6,Santa Eulàlia,325,12-15,34,31,65
2006,2,Districte II,5,Collblanc,210,16-17,8,5,13
2005,3,Districte III,6,Santa Eulàlia,309,35-49,107,109,216
2009,2,Districte II,5,Collblanc,203,16-17,3,12,15
2010,4,Districte IV,8,les Planes,420,03-11,66,83,149
1995,2,Districte II,4,la Torrassa,229,65-74,59,45,104
2009,4,Districte IV,7,la Florida,414,75 i +,61,47,108
1998,3,Districte III,6,Santa Eulàlia,309,12-15,11,9,20
1994,1,Districte I,1,Centre,123,75 i +,61,25,86
1996,4,Districte IV,7,la Florida,416,18-24,38,44,82
1994,2,Districte II,5,Collblanc,219,00-02,16,7,23
1994,4,Districte IV,7,la Florida,421,16-17,17,24,41
2008,5,Districte V,9,Can Serra,503,75 i +,35,13,48
2006,4,Districte IV,7,la Florida,430,50-64,58,64,122
2008,1,Districte I,3,Sant Josep,122,16-17,3,5,8
2008,6,Districte VI,12,Bellvitge,620,75 i +,19,20,39
2007,2,Districte II,5,Collblanc,210,25-34,72,62,134
2002,3,Districte III,6,Santa Eulàlia,321,03-11,91,90,181
1996,1,Districte I,1,Centre,124,65-74,36,31,67
2006,2,Districte II,5,Collblanc,212,75 i +,69,40,109
2004,5,Districte V,9,Can Serra,505,00-02,17,12,29
2012,2,Districte II,4,la Torrassa,231,03-11,60,64,124
2007,6,Districte VI,12,Bellvitge,602,75 i +,23,16,39
2015,2,Districte II,4,la Torrassa,236,00-02,15,14,29
2003,4,Districte IV,7,la Florida,425,25-34,80,78,158
2012,6,Districte VI,11,el Gornal,622,00-02,9,12,21
1994,5,Districte V,10,Pubilla Cases,516,25-34,61,75,136
2011,5,Districte V,9,Can Serra,501,00-02,8,11,19
1996,1,Districte I,1,Centre,112,00-02,23,6,29
2011,3,Districte III,6,Santa Eulàlia,325,03-11,61,68,129
1997,4,Districte IV,8,les Planes,438,16-17,7,9,16
2009,1,Districte I,1,Centre,135,25-34,130,135,265
2006,5,Districte V,10,Pubilla Cases,538,18-24,47,51,98
1997,3,Districte III,6,Santa Eulàlia,320,18-24,37,56,93
2006,4,Districte IV,7,la Florida,409,75 i +,26,23,49
1999,5,Districte V,10,Pubilla Cases,520,35-49,80,63,143
2003,1,Districte I,3,Sant Josep,106,03-11,54,55,109
2002,1,Districte I,3,Sant Josep,121,00-02,9,8,17
2011,4,Districte IV,7,la Florida,423,25-34,103,99,202
2014,4,Districte IV,7,la Florida,416,65-74,67,56,123
1999,4,Districte IV,7,la Florida,410,25-34,126,114,240
2003,2,Districte II,4,la Torrassa,232,18-24,51,50,101
2015,3,Districte III,6,Santa Eulàlia,311,16-17,17,16,33
2009,6,Districte VI,12,Bellvitge,618,50-64,62,46,108
2013,6,Districte VI,11,el Gornal,626,65-74,72,55,127
1999,6,Districte VI,12,Bellvitge,630,16-17,21,15,36
2000,6,Districte VI,12,Bellvitge,621,16-17,21,26,47
1998,5,Districte V,10,Pubilla Cases,538,65-74,86,82,168
1998,2,Districte II,4,la Torrassa,238,18-24,25,38,63
2000,5,Districte V,10,Pubilla Cases,528,35-49,90,98,188
2006,1,Districte I,3,Sant Josep,122,03-11,31,36,67
2007,2,Districte II,4,la Torrassa,240,12-15,13,12,25
2002,6,Districte VI,11,el Gornal,629,00-02,10,6,16
1995,4,Districte IV,7,la Florida,424,00-02,5,3,8
2015,1,Districte I,1,Centre,128,03-11,40,59,99
2003,6,Districte VI,12,Bellvitge,618,18-24,24,21,45
2007,6,Districte VI,11,el Gornal,626,65-74,61,50,111
1998,3,Districte III,6,Santa Eulàlia,317,12-15,12,13,25
2004,2,Districte II,5,Collblanc,206,35-49,96,104,200
2011,3,Districte III,6,Santa Eulàlia,323,25-34,203,207,410
2000,1,Districte I,1,Centre,111,16-17,10,5,15
1994,3,Districte III,6,Santa Eulàlia,318,00-02,10,14,24
2000,6,Districte VI,12,Bellvitge,610,50-64,212,199,411
2008,2,Districte II,4,la Torrassa,234,03-11,29,35,64
2005,1,Districte I,3,Sant Josep,136,35-49,119,132,251
1999,5,Districte V,10,Pubilla Cases,520,75 i +,40,25,65
2009,6,Districte VI,11,el Gornal,626,25-34,63,64,127
2016,6,Districte VI,12,Bellvitge,612,25-34,48,36,84
1995,2,Districte II,5,Collblanc,205,50-64,88,93,181
2012,1,Districte I,1,Centre,113,65-74,70,72,142
2013,1,Districte I,1,Centre,102,35-49,166,184,350
2012,2,Districte II,4,la Torrassa,231,18-24,45,40,85
2000,1,Districte I,3,Sant Josep,140,65-74,67,60,127
2011,1,Districte I,1,Centre,104,03-11,37,42,79
1998,1,Districte I,3,Sant Josep,140,75 i +,40,22,62
2016,3,Districte III,6,Santa Eulàlia,306,65-74,87,70,157
2016,2,Districte II,5,Collblanc,223,00-02,23,15,38
2010,2,Districte II,5,Collblanc,224,12-15,13,13,26
2014,6,Districte VI,12,Bellvitge,614,00-02,10,9,19
2015,2,Districte II,4,la Torrassa,240,03-11,82,63,145
2013,1,Districte I,1,Centre,108,00-02,14,20,34
2014,5,Districte V,10,Pubilla Cases,514,00-02,24,26,50
1997,2,Districte II,4,la Torrassa,231,35-49,83,76,159
1998,5,Districte V,10,Pubilla Cases,527,12-15,17,21,38
1999,2,Districte II,4,la Torrassa,233,03-11,22,18,40
2006,1,Districte I,3,Sant Josep,106,35-49,197,183,380
1996,2,Districte II,5,Collblanc,214,35-49,46,50,96
2014,3,Districte III,6,Santa Eulàlia,311,16-17,15,14,29
1994,1,Districte I,1,Centre,123,35-49,122,117,239
2007,2,Districte II,4,la Torrassa,249,65-74,61,31,92
2014,5,Districte V,10,Pubilla Cases,514,12-15,29,26,55
1995,5,Districte V,10,Pubilla Cases,508,65-74,40,34,74
2001,2,Districte II,4,la Torrassa,233,03-11,29,26,55
2010,5,Districte V,10,Pubilla Cases,528,03-11,54,57,111
2002,5,Districte V,10,Pubilla Cases,516,35-49,59,85,144
2003,2,Districte II,5,Collblanc,208,75 i +,126,88,214
1997,4,Districte IV,7,la Florida,416,35-49,54,57,111
2011,3,Districte III,6,Santa Eulàlia,320,75 i +,41,18,59
2006,6,Districte VI,11,el Gornal,608,75 i +,40,25,65
2012,5,Districte V,10,Pubilla Cases,525,35-49,113,121,234
1995,4,Districte IV,7,la Florida,404,16-17,16,13,29
2002,4,Districte IV,7,la Florida,403,25-34,63,86,149
2001,1,Districte I,1,Centre,103,35-49,87,73,160
2006,1,Districte I,1,Centre,135,50-64,148,151,299
1999,2,Districte II,5,Collblanc,206,25-34,69,74,143
2011,4,Districte IV,7,la Florida,409,65-74,39,29,68
1999,2,Districte II,5,Collblanc,205,18-24,48,52,100
2016,2,Districte II,4,la Torrassa,217,00-02,15,19,34
2014,5,Districte V,9,Can Serra,502,50-64,138,125,263
2000,3,Districte III,6,Santa Eulàlia,302,25-34,143,149,292
2006,4,Districte IV,7,la Florida,411,18-24,33,41,74
2001,6,Districte VI,12,Bellvitge,620,35-49,59,59,118
1994,6,Districte VI,12,Bellvitge,618,65-74,26,20,46
2013,2,Districte II,5,Collblanc,224,65-74,48,36,84
1999,3,Districte III,6,Santa Eulàlia,314,16-17,47,41,88
2009,2,Districte II,4,la Torrassa,229,25-34,89,70,159
2010,2,Districte II,5,Collblanc,226,50-64,97,77,174
2003,2,Districte II,5,Collblanc,205,65-74,62,56,118
2007,2,Districte II,5,Collblanc,222,16-17,14,16,30
1995,3,Districte III,6,Santa Eulàlia,325,35-49,189,175,364
2005,4,Districte IV,7,la Florida,427,65-74,54,29,83
1994,5,Districte V,10,Pubilla Cases,511,03-11,11,21,32
2015,2,Districte II,4,la Torrassa,231,75 i +,84,41,125
2011,2,Districte II,4,la Torrassa,241,75 i +,71,40,111
2014,3,Districte III,6,Santa Eulàlia,305,18-24,65,53,118
2007,1,Districte I,3,Sant Josep,127,00-02,10,17,27
2015,4,Districte IV,7,la Florida,431,25-34,114,140,254
1995,4,Districte IV,7,la Florida,402,65-74,48,40,88
2004,2,Districte II,4,la Torrassa,237,35-49,147,185,332
2005,5,Districte V,10,Pubilla Cases,524,03-11,50,53,103
2012,4,Districte IV,7,la Florida,416,65-74,44,25,69
1995,1,Districte I,1,Centre,124,65-74,34,31,65
2012,4,Districte IV,7,la Florida,424,12-15,8,12,20
2000,2,Districte II,5,Collblanc,210,03-11,25,20,45
2012,2,Districte II,4,la Torrassa,211,65-74,38,33,71
2001,5,Districte V,10,Pubilla Cases,519,35-49,45,53,98
1998,2,Districte II,5,Collblanc,216,12-15,22,28,50
2016,1,Districte I,3,Sant Josep,121,00-02,6,14,20
2011,6,Districte VI,11,el Gornal,616,75 i +,58,45,103
2004,2,Districte II,5,Collblanc,224,75 i +,30,14,44
2001,2,Districte II,5,Collblanc,244,03-11,17,19,36
2003,2,Districte II,4,la Torrassa,243,03-11,55,57,112
2005,1,Districte I,3,Sant Josep,114,16-17,14,5,19
2012,4,Districte IV,7,la Florida,411,18-24,33,26,59
1996,2,Districte II,5,Collblanc,227,25-34,48,46,94
1998,2,Districte II,4,la Torrassa,230,65-74,70,44,114
2001,1,Districte I,1,Centre,124,18-24,46,45,91
2002,4,Districte IV,7,la Florida,421,35-49,96,99,195
1996,4,Districte IV,7,la Florida,403,35-49,112,89,201
2001,1,Districte I,2,Sanfeliu,116,25-34,147,139,286
2009,5,Districte V,10,Pubilla Cases,534,75 i +,59,39,98
2013,4,Districte IV,7,la Florida,414,25-34,157,144,301
1999,1,Districte I,3,Sant Josep,137,03-11,55,55,110
2009,2,Districte II,5,Collblanc,216,50-64,116,98,214
1998,5,Districte V,10,Pubilla Cases,527,75 i +,49,28,77
1994,4,Districte IV,8,les Planes,441,16-17,42,42,84
2015,1,Districte I,1,Centre,135,65-74,79,80,159
2001,2,Districte II,5,Collblanc,202,18-24,35,38,73
2004,1,Districte I,2,Sanfeliu,118,65-74,48,48,96
2015,3,Districte III,6,Santa Eulàlia,301,25-34,157,171,328
2000,6,Districte VI,12,Bellvitge,627,35-49,145,117,262
2002,2,Districte II,4,la Torrassa,230,18-24,25,33,58
1996,3,Districte III,6,Santa Eulàlia,322,35-49,135,126,261
2006,2,Districte II,5,Collblanc,205,35-49,95,102,197
1996,5,Districte V,10,Pubilla Cases,519,03-11,19,25,44
2003,1,Districte I,3,Sant Josep,119,00-02,7,15,22
1994,4,Districte IV,7,la Florida,407,12-15,22,24,46
1995,3,Districte III,6,Santa Eulàlia,315,03-11,65,78,143
1997,2,Districte II,5,Collblanc,220,65-74,66,53,119
2001,6,Districte VI,12,Bellvitge,612,18-24,50,60,110
2007,4,Districte IV,7,la Florida,403,25-34,99,118,217
2007,2,Districte II,5,Collblanc,215,00-02,13,14,27
2013,2,Districte II,4,la Torrassa,245,03-11,38,55,93
2008,3,Districte III,6,Santa Eulàlia,322,12-15,21,23,44
1995,4,Districte IV,7,la Florida,430,65-74,57,47,104
2002,2,Districte II,5,Collblanc,203,03-11,21,23,44
2002,1,Districte I,3,Sant Josep,137,25-34,134,150,284
2000,1,Districte I,1,Centre,123,16-17,10,14,24
1996,6,Districte VI,12,Bellvitge,605,16-17,7,13,20
2009,5,Districte V,10,Pubilla Cases,530,00-02,18,36,54
1994,4,Districte IV,7,la Florida,409,25-34,59,55,114
2013,2,Districte II,5,Collblanc,207,16-17,10,18,28
2001,2,Districte II,4,la Torrassa,240,16-17,4,7,11
2001,1,Districte I,1,Centre,105,00-02,7,13,20
1996,4,Districte IV,8,les Planes,437,35-49,74,77,151
2010,5,Districte V,10,Pubilla Cases,523,50-64,96,102,198
2005,1,Districte I,1,Centre,111,12-15,20,12,32
2015,5,Districte V,9,Can Serra,504,12-15,9,12,21
1999,2,Districte II,5,Collblanc,226,50-64,92,94,186
2013,6,Districte VI,12,Bellvitge,631,12-15,13,15,28
2006,3,Districte III,6,Santa Eulàlia,323,65-74,85,69,154
1997,6,Districte VI,11,el Gornal,632,25-34,90,102,192
2013,1,Districte I,1,Centre,110,03-11,48,43,91
2012,2,Districte II,5,Collblanc,204,03-11,23,24,47
2013,2,Districte II,5,Collblanc,208,16-17,10,12,22
1996,6,Districte VI,12,Bellvitge,625,18-24,108,114,222
2006,1,Districte I,1,Centre,135,25-34,117,140,257
2008,1,Districte I,3,Sant Josep,122,75 i +,47,34,81
1998,5,Districte V,10,Pubilla Cases,523,75 i +,86,38,124
2004,5,Districte V,9,Can Serra,504,75 i +,59,43,102
2002,3,Districte III,6,Santa Eulàlia,301,16-17,24,32,56
2012,6,Districte VI,12,Bellvitge,613,00-02,18,16,34
1998,6,Districte VI,12,Bellvitge,604,12-15,16,14,30
1994,3,Districte III,6,Santa Eulàlia,310,00-02,10,10,20
2001,3,Districte III,6,Santa Eulàlia,320,03-11,21,25,46
2014,4,Districte IV,7,la Florida,405,50-64,120,140,260
2009,1,Districte I,3,Sant Josep,140,12-15,13,27,40
2012,2,Districte II,5,Collblanc,223,16-17,15,10,25
1998,2,Districte II,5,Collblanc,202,16-17,6,9,15
2015,1,Districte I,3,Sant Josep,127,12-15,15,18,33
1996,2,Districte II,5,Collblanc,205,00-02,4,7,11
2015,1,Districte I,3,Sant Josep,140,25-34,62,42,104
2013,1,Districte I,3,Sant Josep,139,18-24,32,22,54
2015,4,Districte IV,7,la Florida,405,50-64,140,143,283
2016,3,Districte III,6,Santa Eulàlia,316,25-34,155,165,320
1996,1,Districte I,3,Sant Josep,115,00-02,10,21,31
1997,5,Districte V,10,Pubilla Cases,527,50-64,97,86,183
2008,2,Districte II,4,la Torrassa,229,12-15,18,22,40
2013,4,Districte IV,8,les Planes,401,03-11,40,51,91
2013,6,Districte VI,12,Bellvitge,614,12-15,16,10,26
2007,5,Districte V,10,Pubilla Cases,523,50-64,106,99,205
1997,6,Districte VI,12,Bellvitge,609,65-74,27,27,54
1995,4,Districte IV,7,la Florida,407,50-64,126,120,246
2011,4,Districte IV,7,la Florida,411,35-49,102,104,206
2015,2,Districte II,5,Collblanc,214,03-11,98,106,204
2015,3,Districte III,6,Santa Eulàlia,309,35-49,159,159,318
2014,4,Districte IV,7,la Florida,423,50-64,81,61,142
2008,5,Districte V,10,Pubilla Cases,512,25-34,92,105,197
1995,1,Districte I,1,Centre,107,25-34,134,156,290
2016,2,Districte II,5,Collblanc,221,16-17,17,21,38
1995,2,Districte II,4,la Torrassa,237,35-49,113,112,225
2010,1,Districte I,1,Centre,113,00-02,28,36,64
1998,4,Districte IV,8,les Planes,429,75 i +,32,21,53
2012,2,Districte II,4,la Torrassa,233,18-24,27,33,60
2013,2,Districte II,5,Collblanc,221,16-17,18,13,31
2015,2,Districte II,5,Collblanc,212,00-02,16,19,35
1995,3,Districte III,6,Santa Eulàlia,301,65-74,82,65,147
2007,5,Districte V,10,Pubilla Cases,530,12-15,20,22,42
2011,4,Districte IV,7,la Florida,403,75 i +,83,65,148
2007,4,Districte IV,8,les Planes,429,18-24,23,39,62
2002,4,Districte IV,7,la Florida,413,03-11,24,17,41
2007,5,Districte V,10,Pubilla Cases,524,03-11,49,55,104
2011,4,Districte IV,8,les Planes,435,50-64,86,83,169
2012,1,Districte I,1,Centre,101,03-11,129,135,264
2001,1,Districte I,3,Sant Josep,106,65-74,61,42,103
1995,5,Districte V,9,Can Serra,505,12-15,39,33,72
2003,2,Districte II,4,la Torrassa,230,12-15,14,22,36
2011,6,Districte VI,11,el Gornal,632,00-02,11,17,28
1994,5,Districte V,10,Pubilla Cases,526,16-17,6,11,17
2004,5,Districte V,10,Pubilla Cases,530,65-74,102,79,181
2014,1,Districte I,1,Centre,124,65-74,41,32,73
2005,2,Districte II,4,la Torrassa,235,35-49,157,189,346
2002,2,Districte II,5,Collblanc,213,18-24,42,52,94
2002,6,Districte VI,12,Bellvitge,605,35-49,46,40,86
2005,2,Districte II,5,Collblanc,205,12-15,17,18,35
2003,2,Districte II,4,la Torrassa,233,16-17,8,5,13
2015,5,Districte V,9,Can Serra,505,16-17,4,6,10
1998,1,Districte I,3,Sant Josep,137,50-64,120,126,246
1998,5,Districte V,10,Pubilla Cases,538,35-49,93,92,185
1994,3,Districte III,6,Santa Eulàlia,310,16-17,14,15,29
1996,5,Districte V,10,Pubilla Cases,524,65-74,65,52,117
2014,5,Districte V,10,Pubilla Cases,525,35-49,124,136,260
1999,3,Districte III,6,Santa Eulàlia,303,16-17,12,19,31
2005,6,Districte VI,11,el Gornal,617,16-17,7,8,15
2008,6,Districte VI,12,Bellvitge,621,35-49,148,147,295
2001,1,Districte I,1,Centre,131,25-34,109,144,253
1995,3,Districte III,6,Santa Eulàlia,323,16-17,69,69,138
2007,1,Districte I,1,Centre,104,16-17,6,6,12
2008,2,Districte II,5,Collblanc,206,35-49,113,119,232
2012,5,Districte V,9,Can Serra,505,65-74,135,136,271
2007,1,Districte I,1,Centre,130,16-17,5,14,19
2001,2,Districte II,5,Collblanc,221,75 i +,34,32,66
2006,5,Districte V,9,Can Serra,501,12-15,15,18,33
2004,3,Districte III,6,Santa Eulàlia,315,75 i +,59,33,92
2000,2,Districte II,4,la Torrassa,240,35-49,61,60,121
2005,5,Districte V,9,Can Serra,501,65-74,34,36,70
2010,6,Districte VI,12,Bellvitge,609,16-17,5,7,12
2005,2,Districte II,4,la Torrassa,242,12-15,16,14,30
2005,5,Districte V,9,Can Serra,503,75 i +,34,14,48
2014,4,Districte IV,7,la Florida,406,03-11,50,58,108
1996,6,Districte VI,12,Bellvitge,604,12-15,14,18,32
1995,2,Districte II,4,la Torrassa,218,00-02,7,2,9
2006,3,Districte III,6,Santa Eulàlia,325,12-15,32,32,64
2014,3,Districte III,6,Santa Eulàlia,321,50-64,292,251,543
2015,6,Districte VI,12,Bellvitge,609,03-11,41,42,83
2012,2,Districte II,5,Collblanc,212,12-15,27,18,45
1998,3,Districte III,6,Santa Eulàlia,324,25-34,80,70,150
2016,1,Districte I,3,Sant Josep,114,03-11,50,60,110
2010,5,Districte V,10,Pubilla Cases,537,03-11,57,36,93
2001,5,Districte V,10,Pubilla Cases,538,16-17,5,9,14
2004,2,Districte II,5,Collblanc,216,03-11,49,39,88
2009,1,Districte I,3,Sant Josep,106,50-64,265,236,501
2007,5,Districte V,10,Pubilla Cases,527,50-64,78,67,145
2006,6,Districte VI,11,el Gornal,622,00-02,9,7,16
1998,5,Districte V,9,Can Serra,505,35-49,107,83,190
1998,2,Districte II,4,la Torrassa,248,12-15,26,22,48
1997,4,Districte IV,8,les Planes,441,16-17,30,36,66
2004,5,Districte V,10,Pubilla Cases,511,35-49,72,77,149
2002,1,Districte I,3,Sant Josep,122,50-64,103,79,182
2000,6,Districte VI,12,Bellvitge,610,65-74,59,52,111
2016,5,Districte V,10,Pubilla Cases,513,25-34,86,91,177
2001,3,Districte III,6,Santa Eulàlia,313,75 i +,69,31,100
2006,1,Districte I,1,Centre,130,65-74,84,61,145
2010,4,Districte IV,7,la Florida,416,18-24,33,31,64
1998,1,Districte I,2,Sanfeliu,118,75 i +,31,18,49
2015,3,Districte III,6,Santa Eulàlia,318,00-02,9,12,21
1999,1,Districte I,3,Sant Josep,114,65-74,65,62,127
1998,4,Districte IV,8,les Planes,438,65-74,33,38,71
1998,2,Districte II,5,Collblanc,201,12-15,13,9,22
2003,2,Districte II,4,la Torrassa,211,75 i +,87,48,135
2006,6,Districte VI,12,Bellvitge,606,25-34,93,121,214
2009,2,Districte II,5,Collblanc,224,50-64,43,55,98
2016,4,Districte IV,7,la Florida,403,25-34,71,79,150
2008,2,Districte II,4,la Torrassa,240,03-11,28,28,56
2004,2,Districte II,5,Collblanc,213,03-11,22,38,60
2016,5,Districte V,9,Can Serra,502,35-49,182,191,373
2009,4,Districte IV,7,la Florida,431,50-64,109,110,219
2007,6,Districte VI,12,Bellvitge,628,03-11,33,42,75
1996,3,Districte III,6,Santa Eulàlia,303,00-02,12,12,24
1994,4,Districte IV,8,les Planes,438,18-24,69,70,139
1994,4,Districte IV,7,la Florida,410,25-34,101,119,220
2011,5,Districte V,10,Pubilla Cases,528,00-02,15,20,35
2010,3,Districte III,6,Santa Eulàlia,316,25-34,147,198,345
2007,4,Districte IV,7,la Florida,432,18-24,52,58,110
2001,6,Districte VI,11,el Gornal,622,16-17,11,13,24
2002,2,Districte II,4,la Torrassa,242,35-49,110,119,229
1995,1,Districte I,1,Centre,102,50-64,192,194,386
2009,3,Districte III,6,Santa Eulàlia,308,65-74,98,93,191
2001,6,Districte VI,12,Bellvitge,610,50-64,203,173,376
2012,6,Districte VI,11,el Gornal,617,00-02,11,16,27
2002,3,Districte III,6,Santa Eulàlia,314,75 i +,77,34,111
1999,5,Districte V,9,Can Serra,502,35-49,149,134,283
2010,1,Districte I,2,Sanfeliu,118,00-02,19,31,50
2008,2,Districte II,5,Collblanc,212,75 i +,66,43,109
1997,1,Districte I,2,Sanfeliu,118,00-02,16,20,36
2008,3,Districte III,6,Santa Eulàlia,309,16-17,6,8,14
2011,2,Districte II,5,Collblanc,206,16-17,9,11,20
1999,2,Districte II,4,la Torrassa,217,03-11,16,15,31
2001,2,Districte II,5,Collblanc,212,35-49,120,116,236
1998,6,Districte VI,12,Bellvitge,618,35-49,64,46,110
1997,5,Districte V,10,Pubilla Cases,519,12-15,11,9,20
1999,2,Districte II,5,Collblanc,213,65-74,58,48,106
2003,2,Districte II,5,Collblanc,213,16-17,15,11,26
2013,1,Districte I,2,Sanfeliu,129,00-02,10,20,30
2009,4,Districte IV,7,la Florida,428,50-64,42,42,84
2014,4,Districte IV,7,la Florida,412,16-17,12,6,18
2008,4,Districte IV,8,les Planes,434,25-34,49,68,117
1994,2,Districte II,4,la Torrassa,238,16-17,7,7,14
2001,5,Districte V,10,Pubilla Cases,520,00-02,3,10,13
1997,5,Districte V,10,Pubilla Cases,532,35-49,116,94,210
2004,2,Districte II,5,Collblanc,209,00-02,15,14,29
2012,6,Districte VI,12,Bellvitge,627,12-15,19,9,28
2000,4,Districte IV,8,les Planes,433,16-17,11,12,23
1997,5,Districte V,10,Pubilla Cases,515,16-17,9,2,11
2009,2,Districte II,4,la Torrassa,218,25-34,59,86,145
1998,1,Districte I,3,Sant Josep,121,18-24,30,30,60
2014,6,Districte VI,12,Bellvitge,621,75 i +,51,32,83
1995,5,Districte V,10,Pubilla Cases,523,50-64,173,156,329
1994,5,Districte V,10,Pubilla Cases,523,03-11,47,39,86
2001,6,Districte VI,12,Bellvitge,612,12-15,13,14,27
2012,1,Districte I,1,Centre,110,35-49,117,111,228
2002,3,Districte III,6,Santa Eulàlia,324,03-11,39,39,78
2011,4,Districte IV,8,les Planes,434,18-24,24,31,55
2009,5,Districte V,10,Pubilla Cases,537,75 i +,75,47,122
2001,5,Districte V,10,Pubilla Cases,537,00-02,13,11,24
2016,4,Districte IV,7,la Florida,432,12-15,22,16,38
2010,4,Districte IV,8,les Planes,441,00-02,20,25,45
2004,2,Districte II,5,Collblanc,219,50-64,95,86,181
2005,5,Districte V,9,Can Serra,505,00-02,14,13,27
2009,6,Districte VI,12,Bellvitge,610,65-74,105,119,224
2009,4,Districte IV,7,la Florida,407,00-02,14,23,37
2004,3,Districte III,6,Santa Eulàlia,310,03-11,31,31,62
2003,6,Districte VI,12,Bellvitge,621,16-17,12,13,25
2011,3,Districte III,6,Santa Eulàlia,310,25-34,96,77,173
1999,6,Districte VI,12,Bellvitge,619,18-24,93,96,189
1999,2,Districte II,5,Collblanc,214,18-24,25,30,55
2014,1,Districte I,1,Centre,105,25-34,64,68,132
2010,6,Districte VI,12,Bellvitge,612,12-15,12,20,32
2008,3,Districte III,6,Santa Eulàlia,311,18-24,53,60,113
2016,1,Districte I,3,Sant Josep,122,16-17,4,15,19
2005,6,Districte VI,11,el Gornal,632,16-17,10,8,18
2005,1,Districte I,3,Sant Josep,125,03-11,36,52,88
2003,4,Districte IV,7,la Florida,412,18-24,84,88,172
2007,1,Districte I,3,Sant Josep,120,25-34,122,139,261
1995,2,Districte II,4,la Torrassa,229,00-02,2,7,9
2016,2,Districte II,4,la Torrassa,211,50-64,118,95,213
1997,6,Districte VI,12,Bellvitge,621,03-11,61,63,124
1997,2,Districte II,5,Collblanc,202,25-34,56,78,134
2006,5,Districte V,10,Pubilla Cases,522,75 i +,40,20,60
2016,6,Districte VI,11,el Gornal,616,16-17,23,35,58
2010,3,Districte III,6,Santa Eulàlia,315,16-17,11,10,21
2013,6,Districte VI,12,Bellvitge,605,00-02,17,19,36
2012,5,Districte V,10,Pubilla Cases,528,25-34,120,101,221
2011,4,Districte IV,7,la Florida,404,16-17,10,14,24
2007,1,Districte I,3,Sant Josep,122,03-11,34,39,73
2011,2,Districte II,5,Collblanc,223,18-24,59,65,124
2015,5,Districte V,10,Pubilla Cases,510,12-15,19,13,32
1995,6,Districte VI,12,Bellvitge,602,50-64,97,92,189
2000,6,Districte VI,12,Bellvitge,618,50-64,73,77,150
2016,4,Districte IV,7,la Florida,422,75 i +,77,39,116
2002,4,Districte IV,7,la Florida,427,25-34,95,97,192
2009,3,Districte III,6,Santa Eulàlia,319,25-34,163,199,362
2000,2,Districte II,4,la Torrassa,217,00-02,4,8,12
2001,2,Districte II,5,Collblanc,202,35-49,56,62,118
2016,5,Districte V,10,Pubilla Cases,538,25-34,88,79,167
2004,4,Districte IV,7,la Florida,413,18-24,23,25,48
2006,4,Districte IV,7,la Florida,408,25-34,96,99,195
2011,2,Districte II,5,Collblanc,214,03-11,32,29,61
2014,1,Districte I,1,Centre,102,75 i +,111,77,188
1999,5,Districte V,10,Pubilla Cases,531,16-17,2,6,8
2011,6,Districte VI,12,Bellvitge,628,65-74,77,76,153
1999,1,Districte I,1,Centre,111,50-64,115,97,212
1996,3,Districte III,6,Santa Eulàlia,325,12-15,33,24,57
2014,2,Districte II,5,Collblanc,212,03-11,57,57,114
2012,4,Districte IV,7,la Florida,406,03-11,38,67,105
2008,4,Districte IV,8,les Planes,435,35-49,104,140,244
2003,4,Districte IV,7,la Florida,405,25-34,83,77,160
1995,4,Districte IV,7,la Florida,428,16-17,3,5,8
2000,6,Districte VI,12,Bellvitge,602,50-64,85,75,160
2013,2,Districte II,5,Collblanc,221,18-24,88,77,165
1997,2,Districte II,5,Collblanc,215,75 i +,65,40,105
1996,4,Districte IV,7,la Florida,416,12-15,15,11,26
2002,5,Districte V,9,Can Serra,504,25-34,119,128,247
2009,5,Districte V,10,Pubilla Cases,513,50-64,57,48,105
1994,5,Districte V,10,Pubilla Cases,532,12-15,26,33,59
2005,1,Districte I,3,Sant Josep,106,18-24,127,98,225
1995,5,Districte V,9,Can Serra,521,18-24,132,129,261
2001,1,Districte I,1,Centre,111,18-24,42,47,89
2004,3,Districte III,6,Santa Eulàlia,324,16-17,10,10,20
1998,2,Districte II,5,Collblanc,214,12-15,8,11,19
2005,2,Districte II,4,la Torrassa,243,18-24,61,47,108
2008,2,Districte II,5,Collblanc,216,25-34,112,126,238
2009,4,Districte IV,7,la Florida,410,75 i +,118,100,218
2001,1,Districte I,1,Centre,134,75 i +,58,29,87
2001,5,Districte V,10,Pubilla Cases,524,12-15,17,18,35
2004,3,Districte III,6,Santa Eulàlia,312,50-64,195,146,341
2002,4,Districte IV,7,la Florida,426,35-49,98,107,205
2001,3,Districte III,6,Santa Eulàlia,313,03-11,72,60,132
1999,1,Districte I,1,Centre,128,25-34,101,90,191
2005,1,Districte I,3,Sant Josep,136,50-64,120,114,234
2010,1,Districte I,3,Sant Josep,127,25-34,61,59,120
1998,5,Districte V,9,Can Serra,502,75 i +,61,35,96
2003,3,Districte III,6,Santa Eulàlia,304,50-64,114,96,210
1994,3,Districte III,6,Santa Eulàlia,307,00-02,17,17,34
2010,3,Districte III,6,Santa Eulàlia,301,12-15,40,35,75
2013,1,Districte I,1,Centre,124,75 i +,46,38,84
2009,6,Districte VI,12,Bellvitge,603,65-74,44,48,92
2002,5,Districte V,10,Pubilla Cases,538,16-17,8,8,16
2013,1,Districte I,1,Centre,123,12-15,16,28,44
2009,4,Districte IV,8,les Planes,420,35-49,183,216,399
1999,5,Districte V,10,Pubilla Cases,524,18-24,65,59,124
2011,1,Districte I,1,Centre,105,50-64,151,112,263
2000,2,Districte II,5,Collblanc,226,03-11,23,30,53
1999,4,Districte IV,7,la Florida,421,16-17,11,8,19
2013,5,Districte V,9,Can Serra,506,75 i +,100,78,178
2014,6,Districte VI,12,Bellvitge,614,25-34,37,66,103
2000,2,Districte II,5,Collblanc,221,03-11,41,44,85
2006,5,Districte V,10,Pubilla Cases,532,12-15,24,24,48
2008,2,Districte II,5,Collblanc,208,35-49,163,174,337
2005,5,Districte V,9,Can Serra,502,50-64,148,147,295
2003,6,Districte VI,12,Bellvitge,607,75 i +,39,23,62
2016,2,Districte II,5,Collblanc,213,65-74,52,33,85
2006,4,Districte IV,8,les Planes,429,65-74,41,26,67
2015,4,Districte IV,7,la Florida,423,25-34,71,83,154
2005,4,Districte IV,7,la Florida,431,18-24,79,87,166
2009,1,Districte I,1,Centre,102,03-11,50,66,116
2012,5,Districte V,10,Pubilla Cases,518,18-24,40,42,82
2012,1,Districte I,1,Centre,101,75 i +,54,45,99
2008,5,Districte V,9,Can Serra,501,25-34,92,101,193
2006,6,Districte VI,12,Bellvitge,605,03-11,13,16,29
2006,1,Districte I,1,Centre,108,75 i +,101,62,163
2015,4,Districte IV,8,les Planes,433,65-74,58,50,108
2002,6,Districte VI,11,el Gornal,608,35-49,92,84,176
2014,5,Districte V,9,Can Serra,535,50-64,102,85,187
2004,2,Districte II,4,la Torrassa,241,35-49,107,87,194
2010,5,Districte V,10,Pubilla Cases,537,65-74,79,75,154
2006,2,Districte II,5,Collblanc,203,18-24,49,42,91
2001,3,Districte III,6,Santa Eulàlia,303,00-02,21,14,35
2015,2,Districte II,5,Collblanc,224,12-15,18,21,39
2012,5,Districte V,10,Pubilla Cases,523,35-49,181,184,365
2013,3,Districte III,6,Santa Eulàlia,321,16-17,18,12,30
2009,2,Districte II,5,Collblanc,244,25-34,62,61,123
2013,2,Districte II,4,la Torrassa,236,16-17,9,7,16
2009,6,Districte VI,12,Bellvitge,612,12-15,10,18,28
2009,1,Districte I,3,Sant Josep,121,50-64,38,46,84
2004,4,Districte IV,8,les Planes,435,03-11,38,43,81
2009,3,Districte III,6,Santa Eulàlia,311,12-15,26,30,56
1995,3,Districte III,6,Santa Eulàlia,319,18-24,37,44,81
2012,3,Districte III,6,Santa Eulàlia,304,65-74,83,60,143
1999,5,Districte V,9,Can Serra,501,00-02,8,12,20
2002,5,Districte V,10,Pubilla Cases,509,12-15,11,15,26
1995,2,Districte II,5,Collblanc,203,50-64,79,70,149
2014,6,Districte VI,12,Bellvitge,619,50-64,141,124,265
2004,5,Districte V,10,Pubilla Cases,529,03-11,49,39,88
2004,3,Districte III,6,Santa Eulàlia,317,03-11,58,50,108
2007,4,Districte IV,7,la Florida,410,25-34,118,125,243
2016,3,Districte III,6,Santa Eulàlia,301,75 i +,153,101,254
2015,1,Districte I,3,Sant Josep,119,18-24,35,35,70
2000,2,Districte II,5,Collblanc,210,00-02,5,5,10
2009,5,Districte V,9,Can Serra,505,65-74,104,118,222
1996,2,Districte II,4,la Torrassa,239,12-15,16,13,29
2000,1,Districte I,1,Centre,135,25-34,120,114,234
2011,4,Districte IV,8,les Planes,420,75 i +,80,55,135
1998,6,Districte VI,12,Bellvitge,615,03-11,8,20,28
1999,5,Districte V,9,Can Serra,502,12-15,26,32,58
2001,3,Districte III,6,Santa Eulàlia,311,00-02,17,14,31
1997,1,Districte I,3,Sant Josep,106,16-17,42,34,76
1998,2,Districte II,4,la Torrassa,238,65-74,58,41,99
2001,4,Districte IV,7,la Florida,416,18-24,25,36,61
1999,3,Districte III,6,Santa Eulàlia,310,25-34,71,73,144
2016,3,Districte III,6,Santa Eulàlia,309,00-02,12,19,31
2008,1,Districte I,1,Centre,102,75 i +,93,51,144
2004,2,Districte II,4,la Torrassa,249,50-64,85,75,160
2003,5,Districte V,9,Can Serra,521,75 i +,43,27,70
1999,1,Districte I,2,Sanfeliu,132,18-24,133,166,299
1996,6,Districte VI,12,Bellvitge,606,25-34,118,124,242
1997,3,Districte III,6,Santa Eulàlia,314,35-49,338,333,671
1995,6,Districte VI,12,Bellvitge,631,03-11,48,34,82
2008,4,Districte IV,7,la Florida,407,65-74,55,39,94
2013,3,Districte III,6,Santa Eulàlia,323,25-34,125,115,240
2004,6,Districte VI,12,Bellvitge,619,50-64,146,135,281
1994,2,Districte II,4,la Torrassa,247,00-02,10,15,25
1995,3,Districte III,6,Santa Eulàlia,316,65-74,33,29,62
2009,4,Districte IV,7,la Florida,431,00-02,28,30,58
2002,3,Districte III,6,Santa Eulàlia,306,50-64,148,133,281
2003,2,Districte II,5,Collblanc,207,50-64,64,58,122
1999,1,Districte I,1,Centre,131,16-17,30,15,45
2016,2,Districte II,5,Collblanc,201,03-11,71,80,151
2015,2,Districte II,4,la Torrassa,232,03-11,36,51,87
2012,6,Districte VI,12,Bellvitge,612,65-74,124,88,212
2002,4,Districte IV,7,la Florida,417,75 i +,31,18,49
2013,5,Districte V,10,Pubilla Cases,514,25-34,106,93,199
2006,2,Districte II,5,Collblanc,207,00-02,14,6,20
2015,2,Districte II,5,Collblanc,213,16-17,3,17,20
2012,1,Districte I,1,Centre,104,75 i +,86,42,128
2008,4,Districte IV,7,la Florida,431,12-15,27,34,61
2012,2,Districte II,4,la Torrassa,231,35-49,173,175,348
2001,5,Districte V,10,Pubilla Cases,532,25-34,125,134,259
2011,5,Districte V,10,Pubilla Cases,523,12-15,15,24,39
2014,5,Districte V,10,Pubilla Cases,524,65-74,58,31,89
1994,3,Districte III,6,Santa Eulàlia,302,35-49,211,200,411
2001,1,Districte I,3,Sant Josep,126,12-15,11,14,25
1996,4,Districte IV,7,la Florida,412,50-64,186,174,360
2011,6,Districte VI,12,Bellvitge,604,35-49,86,104,190
2000,2,Districte II,4,la Torrassa,242,65-74,89,80,169
2003,6,Districte VI,12,Bellvitge,618,75 i +,21,15,36
1995,5,Districte V,10,Pubilla Cases,509,12-15,19,14,33
2010,2,Districte II,5,Collblanc,212,35-49,194,187,381
2000,4,Districte IV,7,la Florida,402,03-11,25,14,39
1994,6,Districte VI,12,Bellvitge,620,35-49,79,67,146
1995,4,Districte IV,7,la Florida,431,16-17,17,14,31
1997,4,Districte IV,7,la Florida,428,75 i +,31,17,48
2013,1,Districte I,2,Sanfeliu,132,75 i +,105,73,178
2006,4,Districte IV,8,les Planes,439,12-15,17,20,37
2003,2,Districte II,4,la Torrassa,238,35-49,80,88,168
2004,2,Districte II,5,Collblanc,212,18-24,67,62,129
2005,3,Districte III,6,Santa Eulàlia,310,75 i +,40,26,66
2003,3,Districte III,6,Santa Eulàlia,316,50-64,261,278,539
1996,2,Districte II,4,la Torrassa,229,03-11,14,26,40
1996,5,Districte V,10,Pubilla Cases,510,03-11,35,41,76
1998,5,Districte V,10,Pubilla Cases,534,50-64,101,100,201
2008,2,Districte II,5,Collblanc,201,00-02,13,18,31
2001,4,Districte IV,7,la Florida,416,16-17,8,3,11
2010,5,Districte V,9,Can Serra,521,00-02,15,12,27
2013,4,Districte IV,7,la Florida,405,65-74,104,57,161
2012,1,Districte I,3,Sant Josep,106,00-02,22,25,47
1998,4,Districte IV,7,la Florida,404,00-02,13,23,36
1994,6,Districte VI,11,el Gornal,632,18-24,110,121,231
2001,2,Districte II,4,la Torrassa,230,50-64,64,52,116
1994,1,Districte I,2,Sanfeliu,118,16-17,67,65,132
1995,2,Districte II,4,la Torrassa,249,25-34,89,92,181
2001,3,Districte III,6,Santa Eulàlia,324,12-15,12,20,32
2003,6,Districte VI,11,el Gornal,616,00-02,47,53,100
1994,4,Districte IV,7,la Florida,405,16-17,8,12,20
2014,2,Districte II,5,Collblanc,212,75 i +,82,45,127
2015,2,Districte II,5,Collblanc,210,18-24,27,26,53
1997,1,Districte I,1,Centre,123,50-64,100,107,207
2008,1,Districte I,2,Sanfeliu,132,12-15,21,41,62
2004,2,Districte II,4,la Torrassa,217,75 i +,42,15,57
2003,6,Districte VI,12,Bellvitge,614,12-15,12,21,33
2003,2,Districte II,5,Collblanc,204,12-15,6,8,14
1998,4,Districte IV,7,la Florida,422,35-49,88,98,186
1995,3,Districte III,6,Santa Eulàlia,325,00-02,18,16,34
2015,5,Districte V,10,Pubilla Cases,510,25-34,64,71,135
2001,6,Districte VI,12,Bellvitge,606,75 i +,43,25,68
2004,4,Districte IV,8,les Planes,439,03-11,40,47,87
2011,6,Districte VI,12,Bellvitge,630,25-34,65,85,150
2003,5,Districte V,10,Pubilla Cases,524,75 i +,69,30,99
1996,5,Districte V,10,Pubilla Cases,512,00-02,11,8,19
2000,5,Districte V,9,Can Serra,506,75 i +,64,37,101
1995,1,Districte I,1,Centre,101,50-64,72,80,152
2005,4,Districte IV,7,la Florida,403,35-49,95,108,203
1998,2,Districte II,5,Collblanc,220,12-15,8,15,23
1997,5,Districte V,9,Can Serra,503,65-74,31,18,49
1996,4,Districte IV,7,la Florida,432,75 i +,26,17,43
2006,5,Districte V,9,Can Serra,503,12-15,12,19,31
1994,4,Districte IV,7,la Florida,404,00-02,16,13,29
2005,4,Districte IV,7,la Florida,412,16-17,9,12,21
2005,6,Districte VI,12,Bellvitge,614,65-74,60,55,115
2003,6,Districte VI,11,el Gornal,622,35-49,91,80,171
1996,2,Districte II,4,la Torrassa,218,16-17,10,13,23
2010,2,Districte II,4,la Torrassa,249,03-11,37,38,75
1999,1,Districte I,3,Sant Josep,125,18-24,78,104,182
2009,3,Districte III,6,Santa Eulàlia,317,00-02,20,20,40
2005,5,Districte V,10,Pubilla Cases,538,18-24,42,52,94
2003,2,Districte II,5,Collblanc,210,03-11,27,19,46
1995,2,Districte II,4,la Torrassa,237,65-74,83,61,144
2001,6,Districte VI,12,Bellvitge,602,03-11,14,17,31
2010,1,Districte I,2,Sanfeliu,116,16-17,15,7,22
2003,2,Districte II,4,la Torrassa,237,18-24,53,45,98
2014,3,Districte III,6,Santa Eulàlia,306,00-02,21,27,48
1999,6,Districte VI,12,Bellvitge,604,12-15,12,16,28
2007,2,Districte II,4,la Torrassa,239,35-49,136,153,289
1997,2,Districte II,5,Collblanc,226,16-17,13,13,26
2010,3,Districte III,6,Santa Eulàlia,317,16-17,12,12,24
1999,6,Districte VI,12,Bellvitge,605,18-24,38,50,88
2005,3,Districte III,6,Santa Eulàlia,312,00-02,14,19,33
2003,5,Districte V,10,Pubilla Cases,534,75 i +,55,25,80
2009,6,Districte VI,12,Bellvitge,619,35-49,135,151,286
1997,5,Districte V,10,Pubilla Cases,510,18-24,72,64,136
2013,3,Districte III,6,Santa Eulàlia,320,65-74,90,81,171
2014,4,Districte IV,8,les Planes,441,50-64,234,208,442
2015,4,Districte IV,8,les Planes,436,50-64,136,127,263
1995,4,Districte IV,7,la Florida,406,16-17,22,29,51
2001,1,Districte I,1,Centre,104,75 i +,70,38,108
1997,1,Districte I,1,Centre,104,18-24,35,44,79
2008,2,Districte II,5,Collblanc,207,25-34,78,84,162
2009,2,Districte II,5,Collblanc,223,00-02,16,14,30
2016,5,Districte V,10,Pubilla Cases,529,50-64,105,95,200
2007,2,Districte II,5,Collblanc,202,25-34,98,99,197
1997,2,Districte II,4,la Torrassa,231,03-11,31,29,60
2011,1,Districte I,3,Sant Josep,115,50-64,135,121,256
2013,4,Districte IV,8,les Planes,418,18-24,50,57,107
2012,5,Districte V,10,Pubilla Cases,533,03-11,42,52,94
1996,1,Districte I,1,Centre,107,16-17,38,31,69
1995,1,Districte I,1,Centre,124,75 i +,34,11,45
2011,1,Districte I,3,Sant Josep,136,65-74,60,47,107
1997,1,Districte I,1,Centre,112,18-24,98,90,188
1994,4,Districte IV,7,la Florida,407,35-49,80,67,147
2016,3,Districte III,6,Santa Eulàlia,311,03-11,54,80,134
2004,1,Districte I,1,Centre,112,03-11,64,58,122
2016,2,Districte II,4,la Torrassa,237,35-49,173,190,363
2005,6,Districte VI,12,Bellvitge,613,25-34,128,143,271
2016,1,Districte I,3,Sant Josep,121,12-15,14,12,26
2007,5,Districte V,10,Pubilla Cases,517,25-34,141,166,307
2014,6,Districte VI,12,Bellvitge,630,35-49,86,87,173
1999,5,Districte V,9,Can Serra,504,50-64,157,153,310
1998,1,Districte I,1,Centre,107,75 i +,53,26,79
2007,6,Districte VI,12,Bellvitge,627,03-11,31,22,53
2007,2,Districte II,5,Collblanc,220,12-15,14,15,29
2015,5,Districte V,9,Can Serra,535,35-49,89,88,177
1994,2,Districte II,5,Collblanc,208,35-49,187,162,349
2004,5,Districte V,10,Pubilla Cases,527,00-02,22,15,37
2013,1,Districte I,1,Centre,111,35-49,111,92,203
2014,5,Districte V,9,Can Serra,507,25-34,59,61,120
2016,5,Districte V,10,Pubilla Cases,525,03-11,46,48,94
2008,4,Districte IV,7,la Florida,431,03-11,71,75,146
2002,1,Districte I,1,Centre,109,18-24,56,56,112
2002,4,Districte IV,7,la Florida,423,50-64,87,90,177
2008,4,Districte IV,7,la Florida,415,25-34,92,127,219
2006,4,Districte IV,7,la Florida,413,75 i +,41,26,67
1997,2,Districte II,4,la Torrassa,218,03-11,16,30,46
2004,3,Districte III,6,Santa Eulàlia,305,75 i +,94,46,140
2016,2,Districte II,5,Collblanc,202,75 i +,74,60,134
1998,1,Districte I,1,Centre,112,75 i +,61,21,82
2011,4,Districte IV,7,la Florida,415,65-74,29,26,55
2009,5,Districte V,10,Pubilla Cases,533,16-17,8,12,20
2000,3,Districte III,6,Santa Eulàlia,306,75 i +,75,47,122
2012,2,Districte II,5,Collblanc,213,12-15,7,25,32
2002,4,Districte IV,7,la Florida,422,35-49,97,110,207
2003,4,Districte IV,7,la Florida,427,50-64,65,53,118
2006,1,Districte I,3,Sant Josep,138,12-15,12,11,23
2011,5,Districte V,10,Pubilla Cases,509,16-17,9,10,19
2002,6,Districte VI,12,Bellvitge,603,00-02,5,13,18
1998,2,Districte II,4,la Torrassa,236,12-15,11,8,19
1995,3,Districte III,6,Santa Eulàlia,311,25-34,127,131,258
2003,6,Districte VI,12,Bellvitge,607,50-64,121,92,213
2013,1,Districte I,1,Centre,124,65-74,38,32,70
2016,3,Districte III,6,Santa Eulàlia,310,75 i +,42,22,64
2016,1,Districte I,1,Centre,101,16-17,12,15,27
2010,6,Districte VI,11,el Gornal,626,65-74,66,49,115
2014,4,Districte IV,7,la Florida,409,75 i +,114,86,200
1994,2,Districte II,4,la Torrassa,239,00-02,8,12,20
2016,1,Districte I,1,Centre,128,00-02,10,18,28
1995,5,Districte V,10,Pubilla Cases,523,35-49,102,109,211
1998,6,Districte VI,12,Bellvitge,605,16-17,9,7,16
1996,2,Districte II,5,Collblanc,208,18-24,80,100,180
1998,5,Districte V,10,Pubilla Cases,537,00-02,11,8,19
2005,6,Districte VI,12,Bellvitge,614,12-15,14,14,28
2001,3,Districte III,6,Santa Eulàlia,310,25-34,77,91,168
2012,5,Districte V,9,Can Serra,535,50-64,119,90,209
2013,1,Districte I,1,Centre,134,65-74,66,61,127
2016,4,Districte IV,8,les Planes,435,65-74,37,28,65
1997,6,Districte VI,12,Bellvitge,621,16-17,31,33,64
2006,1,Districte I,3,Sant Josep,138,18-24,32,49,81
2000,3,Districte III,6,Santa Eulàlia,316,03-11,90,100,190
1996,6,Districte VI,12,Bellvitge,620,00-02,3,4,7
2015,3,Districte III,6,Santa Eulàlia,317,75 i +,49,23,72
2010,6,Districte VI,12,Bellvitge,628,35-49,100,106,206
2001,2,Districte II,5,Collblanc,244,00-02,2,6,8
1996,6,Districte VI,12,Bellvitge,611,16-17,16,19,35
2012,2,Districte II,5,Collblanc,227,12-15,15,15,30
2007,1,Districte I,3,Sant Josep,136,75 i +,65,44,109
2009,4,Districte IV,7,la Florida,405,75 i +,74,47,121
2001,3,Districte III,6,Santa Eulàlia,307,12-15,25,32,57
2005,1,Districte I,1,Centre,111,18-24,42,31,73
2004,2,Districte II,4,la Torrassa,246,16-17,3,14,17
2009,5,Districte V,9,Can Serra,503,16-17,9,7,16
1997,5,Districte V,9,Can Serra,507,00-02,7,11,18
2002,2,Districte II,5,Collblanc,220,75 i +,42,28,70
1995,1,Districte I,3,Sant Josep,120,16-17,19,30,49
2003,5,Districte V,10,Pubilla Cases,534,65-74,59,60,119
2014,4,Districte IV,7,la Florida,405,00-02,21,23,44
1997,4,Districte IV,8,les Planes,442,65-74,37,27,64
2015,5,Districte V,10,Pubilla Cases,528,50-64,108,83,191
2007,5,Districte V,9,Can Serra,503,75 i +,38,11,49
2002,4,Districte IV,7,la Florida,424,75 i +,18,8,26
2002,4,Districte IV,7,la Florida,417,16-17,7,9,16
2015,3,Districte III,13,Granvia Sud,312,65-74,137,91,228
2001,2,Districte II,5,Collblanc,205,50-64,84,75,159
1996,3,Districte III,6,Santa Eulàlia,308,75 i +,53,36,89
2008,5,Districte V,10,Pubilla Cases,532,65-74,76,71,147
2005,4,Districte IV,7,la Florida,428,00-02,13,11,24
2001,3,Districte III,6,Santa Eulàlia,316,25-34,109,114,223
2003,2,Districte II,4,la Torrassa,231,18-24,36,38,74
2015,1,Districte I,3,Sant Josep,139,35-49,96,116,212
2014,1,Districte I,1,Centre,111,50-64,83,67,150
1996,5,Districte V,10,Pubilla Cases,530,16-17,9,16,25
2007,4,Districte IV,7,la Florida,403,50-64,127,96,223
1995,3,Districte III,6,Santa Eulàlia,309,35-49,85,72,157
2007,2,Districte II,5,Collblanc,206,35-49,106,114,220
2012,1,Districte I,1,Centre,110,03-11,45,38,83
1996,4,Districte IV,7,la Florida,428,03-11,21,14,35
2011,3,Districte III,6,Santa Eulàlia,317,16-17,8,14,22
2001,4,Districte IV,8,les Planes,439,18-24,25,48,73
2014,6,Districte VI,11,el Gornal,626,50-64,75,78,153
2007,1,Districte I,3,Sant Josep,126,16-17,7,4,11
2012,5,Districte V,10,Pubilla Cases,514,35-49,91,121,212
2015,3,Districte III,6,Santa Eulàlia,327,25-34,91,84,175
1996,5,Districte V,9,Can Serra,507,00-02,6,9,15
2012,2,Districte II,5,Collblanc,205,50-64,102,102,204
2008,3,Districte III,6,Santa Eulàlia,319,35-49,228,257,485
2001,4,Districte IV,8,les Planes,419,65-74,41,37,78
2009,1,Districte I,1,Centre,110,03-11,29,36,65
1997,1,Districte I,1,Centre,107,75 i +,50,26,76
2000,4,Districte IV,7,la Florida,430,03-11,24,41,65
2005,1,Districte I,1,Centre,123,35-49,139,152,291
2009,4,Districte IV,7,la Florida,410,65-74,121,90,211
1994,1,Districte I,3,Sant Josep,139,35-49,100,100,200
2010,3,Districte III,6,Santa Eulàlia,304,35-49,258,261,519
2003,4,Districte IV,7,la Florida,406,65-74,79,79,158
2012,4,Districte IV,7,la Florida,406,16-17,15,13,28
1998,1,Districte I,3,Sant Josep,136,00-02,13,16,29
2012,3,Districte III,6,Santa Eulàlia,313,65-74,91,76,167
2003,5,Districte V,9,Can Serra,503,75 i +,32,14,46
1999,2,Districte II,5,Collblanc,213,00-02,6,8,14
2004,1,Districte I,1,Centre,123,75 i +,82,48,130
2003,3,Districte III,6,Santa Eulàlia,302,50-64,183,184,367
1994,3,Districte III,6,Santa Eulàlia,311,50-64,156,152,308
2009,1,Districte I,3,Sant Josep,115,35-49,141,141,282
1994,6,Districte VI,12,Bellvitge,619,00-02,15,16,31
2006,4,Districte IV,7,la Florida,422,12-15,19,21,40
2008,4,Districte IV,7,la Florida,415,16-17,4,10,14
2012,2,Districte II,4,la Torrassa,236,18-24,41,45,86
1998,1,Districte I,1,Centre,133,25-34,63,81,144
2012,1,Districte I,2,Sanfeliu,129,16-17,12,7,19
2005,2,Districte II,4,la Torrassa,247,75 i +,72,35,107
1997,2,Districte II,4,la Torrassa,231,75 i +,78,35,113
2012,6,Districte VI,12,Bellvitge,602,65-74,58,44,102
2013,6,Districte VI,12,Bellvitge,614,75 i +,63,52,115
2000,4,Districte IV,8,les Planes,440,35-49,63,84,147
2007,2,Districte II,5,Collblanc,201,75 i +,43,28,71
2014,5,Districte V,10,Pubilla Cases,525,75 i +,69,36,105
2010,4,Districte IV,8,les Planes,440,00-02,9,19,28
2002,4,Districte IV,8,les Planes,420,25-34,125,139,264
1994,6,Districte VI,11,el Gornal,622,25-34,82,88,170
2013,4,Districte IV,7,la Florida,407,35-49,126,131,257
2009,4,Districte IV,7,la Florida,415,18-24,54,42,96
2000,2,Districte II,4,la Torrassa,247,18-24,57,51,108
1996,3,Districte III,6,Santa Eulàlia,307,18-24,111,108,219
2001,4,Districte IV,7,la Florida,425,16-17,5,10,15
2013,1,Districte I,1,Centre,131,35-49,158,177,335
2013,6,Districte VI,11,el Gornal,608,03-11,49,42,91
2008,5,Districte V,10,Pubilla Cases,537,03-11,53,30,83
2015,4,Districte IV,7,la Florida,406,35-49,157,163,320
2008,3,Districte III,6,Santa Eulàlia,315,35-49,226,227,453
2013,2,Districte II,4,la Torrassa,242,18-24,29,36,65
1995,2,Districte II,5,Collblanc,210,50-64,106,91,197
1994,1,Districte I,1,Centre,133,18-24,72,74,146
1999,1,Districte I,1,Centre,123,25-34,108,99,207
2005,6,Districte VI,12,Bellvitge,620,12-15,15,14,29
1998,4,Districte IV,7,la Florida,408,50-64,91,76,167
2004,4,Districte IV,8,les Planes,436,50-64,59,63,122
2001,2,Districte II,5,Collblanc,209,16-17,4,5,9
2002,6,Districte VI,12,Bellvitge,610,12-15,17,16,33
2002,4,Districte IV,7,la Florida,428,12-15,10,3,13
2008,1,Districte I,3,Sant Josep,127,12-15,8,12,20
2005,4,Districte IV,8,les Planes,401,16-17,15,19,34
2014,5,Districte V,10,Pubilla Cases,533,75 i +,132,82,214
1997,2,Districte II,4,la Torrassa,237,00-02,11,14,25
2002,4,Districte IV,7,la Florida,411,50-64,113,96,209
2015,2,Districte II,4,la Torrassa,239,03-11,24,37,61
1994,2,Districte II,4,la Torrassa,211,03-11,35,46,81
2015,4,Districte IV,7,la Florida,407,16-17,9,7,16
2010,4,Districte IV,7,la Florida,422,00-02,12,20,32
2016,2,Districte II,5,Collblanc,220,25-34,148,167,315
2015,5,Districte V,10,Pubilla Cases,531,50-64,85,84,169
1995,5,Districte V,10,Pubilla Cases,534,03-11,27,31,58
2015,3,Districte III,6,Santa Eulàlia,322,00-02,22,20,42
2013,4,Districte IV,7,la Florida,430,16-17,6,12,18
2013,4,Districte IV,8,les Planes,418,16-17,8,20,28
2001,4,Districte IV,7,la Florida,421,03-11,33,34,67
1995,3,Districte III,6,Santa Eulàlia,316,50-64,103,130,233
1995,1,Districte I,1,Centre,105,50-64,77,81,158
2002,2,Districte II,5,Collblanc,224,16-17,7,6,13
2007,1,Districte I,1,Centre,113,00-02,23,30,53
2016,1,Districte I,3,Sant Josep,114,18-24,49,36,85
2002,2,Districte II,5,Collblanc,201,35-49,57,54,111
2007,2,Districte II,5,Collblanc,225,35-49,54,56,110
2002,6,Districte VI,11,el Gornal,626,12-15,18,11,29
2014,1,Districte I,3,Sant Josep,137,00-02,15,13,28
2011,2,Districte II,4,la Torrassa,248,25-34,100,112,212
2013,5,Districte V,9,Can Serra,505,18-24,26,24,50
2010,1,Districte I,3,Sant Josep,106,03-11,69,70,139
1997,2,Districte II,4,la Torrassa,249,75 i +,50,27,77
1996,2,Districte II,4,la Torrassa,243,65-74,92,90,182
2003,3,Districte III,6,Santa Eulàlia,318,12-15,27,17,44
2000,6,Districte VI,12,Bellvitge,606,18-24,54,48,102
2005,2,Districte II,5,Collblanc,225,75 i +,46,30,76
2013,3,Districte III,6,Santa Eulàlia,308,18-24,58,75,133
2013,6,Districte VI,12,Bellvitge,613,65-74,134,108,242
1995,3,Districte III,6,Santa Eulàlia,317,16-17,9,13,22
2004,5,Districte V,10,Pubilla Cases,513,12-15,14,11,25
1997,5,Districte V,10,Pubilla Cases,536,12-15,11,8,19
2010,2,Districte II,4,la Torrassa,229,65-74,41,28,69
2009,6,Districte VI,12,Bellvitge,611,12-15,20,32,52
2009,3,Districte III,6,Santa Eulàlia,302,16-17,14,14,28
2005,1,Districte I,1,Centre,135,16-17,15,19,34
1999,2,Districte II,4,la Torrassa,249,25-34,75,89,164
1999,5,Districte V,10,Pubilla Cases,511,25-34,58,66,124
2006,2,Districte II,4,la Torrassa,229,18-24,34,33,67
2015,6,Districte VI,12,Bellvitge,623,35-49,160,174,334
2012,2,Districte II,5,Collblanc,222,00-02,10,19,29
2004,5,Districte V,10,Pubilla Cases,524,75 i +,69,31,100
2013,1,Districte I,1,Centre,102,25-34,82,60,142
1996,5,Districte V,10,Pubilla Cases,532,65-74,91,82,173
2005,5,Districte V,10,Pubilla Cases,522,16-17,13,11,24
1997,5,Districte V,10,Pubilla Cases,520,18-24,59,62,121
2012,5,Districte V,9,Can Serra,507,75 i +,47,23,70
2003,5,Districte V,9,Can Serra,502,75 i +,79,47,126
2009,1,Districte I,3,Sant Josep,117,12-15,37,25,62
2009,4,Districte IV,7,la Florida,402,75 i +,52,45,97
2014,5,Districte V,10,Pubilla Cases,508,00-02,26,23,49
2001,4,Districte IV,8,les Planes,439,00-02,15,10,25
1997,1,Districte I,1,Centre,113,50-64,98,102,200
1997,4,Districte IV,8,les Planes,440,50-64,154,163,317
2001,5,Districte V,10,Pubilla Cases,531,03-11,24,34,58
2002,3,Districte III,6,Santa Eulàlia,317,65-74,53,31,84
1997,5,Districte V,10,Pubilla Cases,512,16-17,8,13,21
2009,1,Districte I,3,Sant Josep,120,16-17,24,17,41
1997,2,Districte II,5,Collblanc,208,16-17,19,20,39
2002,5,Districte V,10,Pubilla Cases,520,16-17,10,8,18
1994,3,Districte III,6,Santa Eulàlia,313,03-11,96,97,193
2007,4,Districte IV,7,la Florida,405,16-17,10,6,16
2010,3,Districte III,6,Santa Eulàlia,313,12-15,28,34,62
2004,6,Districte VI,11,el Gornal,617,75 i +,28,22,50
2001,1,Districte I,1,Centre,130,03-11,38,34,72
2006,6,Districte VI,12,Bellvitge,631,00-02,10,10,20
2007,2,Districte II,4,la Torrassa,230,65-74,39,34,73
2006,5,Districte V,10,Pubilla Cases,533,35-49,97,141,238
2005,3,Districte III,6,Santa Eulàlia,306,25-34,130,159,289
2001,5,Districte V,10,Pubilla Cases,511,50-64,66,62,128
2008,1,Districte I,3,Sant Josep,137,35-49,176,151,327
1998,1,Districte I,1,Centre,103,18-24,41,41,82
2011,6,Districte VI,12,Bellvitge,605,18-24,12,9,21
2012,2,Districte II,4,la Torrassa,246,00-02,18,19,37
2007,2,Districte II,4,la Torrassa,238,65-74,39,35,74
1995,2,Districte II,4,la Torrassa,237,50-64,145,132,277
1997,1,Districte I,1,Centre,124,00-02,10,6,16
2009,4,Districte IV,7,la Florida,416,35-49,97,103,200
2008,6,Districte VI,12,Bellvitge,611,00-02,20,44,64
1998,5,Districte V,10,Pubilla Cases,530,18-24,63,77,140
2009,4,Districte IV,7,la Florida,416,65-74,47,31,78
2010,2,Districte II,5,Collblanc,213,25-34,80,119,199
2013,3,Districte III,6,Santa Eulàlia,319,00-02,33,32,65
2009,4,Districte IV,7,la Florida,408,75 i +,49,31,80
2014,5,Districte V,10,Pubilla Cases,523,75 i +,94,66,160
1999,1,Districte I,3,Sant Josep,125,03-11,40,43,83
2002,1,Districte I,3,Sant Josep,136,12-15,17,16,33
2006,6,Districte VI,12,Bellvitge,607,65-74,103,111,214
2002,3,Districte III,6,Santa Eulàlia,306,16-17,18,20,38
2004,4,Districte IV,8,les Planes,418,50-64,114,100,214
2005,2,Districte II,5,Collblanc,215,25-34,89,78,167
2004,1,Districte I,1,Centre,109,12-15,16,17,33
1994,1,Districte I,1,Centre,131,75 i +,33,12,45
1999,4,Districte IV,7,la Florida,426,35-49,83,78,161
2003,4,Districte IV,7,la Florida,422,65-74,69,60,129
2006,5,Districte V,10,Pubilla Cases,525,35-49,106,101,207
2003,3,Districte III,6,Santa Eulàlia,322,25-34,142,155,297
1994,2,Districte II,4,la Torrassa,231,03-11,25,17,42
1994,6,Districte VI,11,el Gornal,616,12-15,75,79,154
2010,6,Districte VI,12,Bellvitge,620,50-64,59,55,114
2010,4,Districte IV,8,les Planes,435,12-15,15,19,34
2011,4,Districte IV,8,les Planes,433,50-64,79,84,163
2014,3,Districte III,6,Santa Eulàlia,303,18-24,35,31,66
1994,1,Districte I,1,Centre,104,03-11,21,25,46
2013,5,Districte V,10,Pubilla Cases,513,35-49,207,181,388
1996,1,Districte I,1,Centre,107,18-24,129,144,273
2004,5,Districte V,10,Pubilla Cases,523,25-34,131,118,249
1999,5,Districte V,10,Pubilla Cases,534,25-34,77,100,177
2013,2,Districte II,5,Collblanc,207,18-24,64,58,122
2001,5,Districte V,10,Pubilla Cases,522,35-49,86,70,156
2011,4,Districte IV,7,la Florida,432,35-49,115,148,263
2006,5,Districte V,10,Pubilla Cases,532,75 i +,76,52,128
2003,1,Districte I,1,Centre,103,50-64,63,59,122
2015,2,Districte II,4,la Torrassa,238,75 i +,56,37,93
2011,6,Districte VI,12,Bellvitge,607,65-74,94,70,164
2005,2,Districte II,4,la Torrassa,218,16-17,2,9,11
2006,3,Districte III,6,Santa Eulàlia,305,16-17,15,18,33
2002,1,Districte I,3,Sant Josep,126,50-64,150,142,292
2000,1,Districte I,3,Sant Josep,127,03-11,33,35,68
2003,1,Districte I,3,Sant Josep,122,35-49,76,91,167
2009,5,Districte V,10,Pubilla Cases,533,75 i +,49,36,85
2006,1,Districte I,1,Centre,110,00-02,15,7,22
1994,5,Districte V,10,Pubilla Cases,516,75 i +,28,13,41
2011,2,Districte II,4,la Torrassa,246,75 i +,86,48,134
2014,5,Districte V,10,Pubilla Cases,533,65-74,105,65,170
2004,3,Districte III,6,Santa Eulàlia,324,03-11,41,44,85
2009,6,Districte VI,11,el Gornal,616,12-15,59,79,138
2015,6,Districte VI,12,Bellvitge,602,00-02,16,20,36
2015,1,Districte I,3,Sant Josep,120,75 i +,70,42,112
1995,1,Districte I,3,Sant Josep,122,18-24,58,67,125
2000,4,Districte IV,7,la Florida,408,16-17,10,11,21
2012,1,Districte I,1,Centre,113,00-02,29,40,69
1995,6,Districte VI,12,Bellvitge,605,35-49,61,37,98
2000,3,Districte III,6,Santa Eulàlia,308,50-64,169,167,336
2003,1,Districte I,1,Centre,124,16-17,5,8,13
1998,5,Districte V,9,Can Serra,503,50-64,72,80,152
2011,1,Districte I,1,Centre,131,50-64,177,151,328
1997,2,Districte II,4,la Torrassa,241,12-15,10,8,18
1994,4,Districte IV,7,la Florida,407,00-02,7,8,15
1996,1,Districte I,3,Sant Josep,125,00-02,7,12,19
2000,6,Districte VI,12,Bellvitge,609,75 i +,29,11,40
2008,4,Districte IV,8,les Planes,436,65-74,31,21,52
1994,1,Districte I,1,Centre,108,65-74,92,81,173
2013,4,Districte IV,8,les Planes,436,18-24,60,70,130
2002,2,Districte II,5,Collblanc,206,75 i +,64,34,98
1999,6,Districte VI,12,Bellvitge,610,12-15,17,27,44
2000,4,Districte IV,7,la Florida,432,65-74,75,63,138
2003,4,Districte IV,7,la Florida,421,25-34,102,110,212
2007,4,Districte IV,8,les Planes,437,16-17,8,9,17
2000,2,Districte II,4,la Torrassa,228,12-15,7,8,15
2005,6,Districte VI,12,Bellvitge,620,25-34,48,41,89
2005,5,Districte V,10,Pubilla Cases,513,25-34,82,68,150
2012,5,Districte V,10,Pubilla Cases,517,65-74,53,39,92
2012,4,Districte IV,7,la Florida,403,25-34,94,102,196
1999,2,Districte II,5,Collblanc,226,75 i +,71,38,109
2005,5,Districte V,9,Can Serra,507,35-49,84,96,180
2013,1,Districte I,3,Sant Josep,114,25-34,81,82,163
1996,6,Districte VI,12,Bellvitge,618,75 i +,21,12,33
2016,4,Districte IV,8,les Planes,420,03-11,96,73,169
2005,4,Districte IV,8,les Planes,435,35-49,109,136,245
2007,6,Districte VI,12,Bellvitge,631,25-34,96,108,204
2014,5,Districte V,10,Pubilla Cases,513,12-15,30,27,57
2007,4,Districte IV,8,les Planes,420,65-74,79,64,143
2016,4,Districte IV,7,la Florida,402,00-02,6,20,26
2011,2,Districte II,4,la Torrassa,218,18-24,28,33,61
2002,5,Districte V,10,Pubilla Cases,513,25-34,74,63,137
2003,3,Districte III,6,Santa Eulàlia,324,75 i +,50,25,75
2011,3,Districte III,6,Santa Eulàlia,315,75 i +,62,35,97
2012,5,Districte V,10,Pubilla Cases,518,35-49,127,135,262
2016,1,Districte I,1,Centre,133,18-24,17,24,41
1997,3,Districte III,6,Santa Eulàlia,321,16-17,48,37,85
2000,4,Districte IV,7,la Florida,406,12-15,20,19,39
1996,5,Districte V,10,Pubilla Cases,516,00-02,8,10,18
1997,3,Districte III,6,Santa Eulàlia,312,65-74,50,43,93
2011,1,Districte I,2,Sanfeliu,129,75 i +,70,52,122
2008,4,Districte IV,7,la Florida,430,75 i +,56,34,90
2006,2,Districte II,4,la Torrassa,240,16-17,7,2,9
2000,4,Districte IV,7,la Florida,408,75 i +,36,18,54
2005,1,Districte I,1,Centre,101,35-49,203,201,404
1997,2,Districte II,5,Collblanc,203,50-64,67,67,134
2005,1,Districte I,1,Centre,111,00-02,10,11,21
1995,5,Districte V,9,Can Serra,502,35-49,154,156,310
1994,1,Districte I,1,Centre,131,03-11,65,61,126
2010,5,Districte V,9,Can Serra,506,25-34,119,122,241
2010,4,Districte IV,8,les Planes,442,65-74,35,31,66
2013,5,Districte V,9,Can Serra,535,00-02,6,5,11
2005,6,Districte VI,12,Bellvitge,631,00-02,11,11,22
2000,4,Districte IV,7,la Florida,432,00-02,10,8,18
2009,4,Districte IV,8,les Planes,439,50-64,56,58,114
2005,6,Districte VI,12,Bellvitge,614,25-34,73,98,171
1996,1,Districte I,1,Centre,101,75 i +,18,5,23
2001,6,Districte VI,12,Bellvitge,615,00-02,13,6,19
2010,4,Districte IV,7,la Florida,428,12-15,10,14,24
2012,6,Districte VI,12,Bellvitge,620,35-49,56,55,111
2009,2,Districte II,4,la Torrassa,231,00-02,15,15,30
2001,5,Districte V,10,Pubilla Cases,519,12-15,5,8,13
2005,4,Districte IV,7,la Florida,432,65-74,69,61,130
2001,4,Districte IV,7,la Florida,403,00-02,6,7,13
2004,5,Districte V,10,Pubilla Cases,515,75 i +,26,13,39
2006,4,Districte IV,7,la Florida,406,00-02,17,23,40
1999,2,Districte II,4,la Torrassa,228,16-17,3,4,7
1998,2,Districte II,4,la Torrassa,247,75 i +,58,29,87
2012,1,Districte I,2,Sanfeliu,129,65-74,73,67,140
1997,4,Districte IV,7,la Florida,421,25-34,119,127,246
2015,1,Districte I,1,Centre,103,16-17,5,4,9
1997,6,Districte VI,12,Bellvitge,602,65-74,24,24,48
2009,6,Districte VI,12,Bellvitge,619,75 i +,61,40,101
2010,5,Districte V,9,Can Serra,507,75 i +,46,22,68
1996,1,Districte I,1,Centre,104,50-64,81,78,159
1995,1,Districte I,1,Centre,131,00-02,20,18,38
1995,3,Districte III,6,Santa Eulàlia,302,50-64,124,133,257
2003,3,Districte III,6,Santa Eulàlia,304,00-02,17,15,32
2005,4,Districte IV,8,les Planes,429,35-49,57,73,130
1994,6,Districte VI,11,el Gornal,617,12-15,34,44,78
2007,2,Districte II,5,Collblanc,225,16-17,5,5,10
1996,3,Districte III,6,Santa Eulàlia,322,12-15,36,23,59
2001,2,Districte II,4,la Torrassa,236,18-24,46,40,86
1996,2,Districte II,4,la Torrassa,242,35-49,87,89,176
1994,1,Districte I,1,Centre,124,35-49,119,107,226
2006,2,Districte II,5,Collblanc,220,50-64,64,51,115
2011,6,Districte VI,11,el Gornal,626,00-02,4,6,10
2001,4,Districte IV,8,les Planes,420,35-49,123,126,249
1998,2,Districte II,4,la Torrassa,236,75 i +,54,41,95
2000,6,Districte VI,12,Bellvitge,602,03-11,20,19,39
2007,2,Districte II,4,la Torrassa,232,50-64,90,91,181
2015,3,Districte III,6,Santa Eulàlia,304,18-24,90,65,155
1998,4,Districte IV,7,la Florida,415,00-02,7,10,17
1996,2,Districte II,4,la Torrassa,230,25-34,76,84,160
1995,4,Districte IV,7,la Florida,426,75 i +,54,26,80
2013,1,Districte I,2,Sanfeliu,129,03-11,45,61,106
2002,4,Districte IV,7,la Florida,428,25-34,47,64,111
2015,1,Districte I,3,Sant Josep,126,50-64,77,54,131
2008,2,Districte II,5,Collblanc,225,25-34,44,62,106
2008,4,Districte IV,7,la Florida,411,75 i +,90,62,152
2010,4,Districte IV,7,la Florida,425,03-11,27,37,64
2011,2,Districte II,5,Collblanc,224,50-64,50,62,112
2012,5,Districte V,10,Pubilla Cases,530,16-17,9,17,26
1998,4,Districte IV,8,les Planes,434,35-49,52,56,108
1999,5,Districte V,10,Pubilla Cases,524,75 i +,52,22,74
1996,2,Districte II,5,Collblanc,221,12-15,18,21,39
1996,5,Districte V,10,Pubilla Cases,518,18-24,67,66,133
2009,4,Districte IV,7,la Florida,403,12-15,12,20,32
1996,1,Districte I,3,Sant Josep,120,25-34,110,109,219
1998,1,Districte I,1,Centre,131,16-17,30,20,50
2002,6,Districte VI,12,Bellvitge,610,00-02,19,18,37
2007,6,Districte VI,11,el Gornal,632,12-15,19,20,39
2002,3,Districte III,6,Santa Eulàlia,314,35-49,321,300,621
2009,1,Districte I,1,Centre,128,65-74,49,54,103
2014,6,Districte VI,12,Bellvitge,621,16-17,9,14,23
2004,4,Districte IV,8,les Planes,401,00-02,13,14,27
2006,6,Districte VI,12,Bellvitge,605,25-34,58,73,131
2006,5,Districte V,9,Can Serra,504,25-34,92,110,202
2008,5,Districte V,10,Pubilla Cases,524,65-74,69,42,111
2005,6,Districte VI,12,Bellvitge,611,50-64,167,134,301
2016,2,Districte II,4,la Torrassa,248,50-64,110,112,222
2008,1,Districte I,1,Centre,110,00-02,14,10,24
2008,2,Districte II,4,la Torrassa,240,18-24,19,25,44
2012,2,Districte II,5,Collblanc,214,75 i +,34,32,66
2014,6,Districte VI,12,Bellvitge,627,50-64,128,93,221
2014,3,Districte III,6,Santa Eulàlia,323,18-24,58,56,114
2005,1,Districte I,1,Centre,102,18-24,57,50,107
2015,4,Districte IV,7,la Florida,407,00-02,10,18,28
2000,1,Districte I,3,Sant Josep,139,00-02,12,8,20
1999,6,Districte VI,12,Bellvitge,624,75 i +,28,11,39
1998,2,Districte II,5,Collblanc,208,03-11,40,45,85
2014,1,Districte I,1,Centre,123,03-11,49,57,106
2010,1,Districte I,1,Centre,104,12-15,17,13,30
2002,5,Districte V,10,Pubilla Cases,529,16-17,10,9,19
2005,4,Districte IV,7,la Florida,423,50-64,81,73,154
2006,5,Districte V,10,Pubilla Cases,525,25-34,94,120,214
1998,1,Districte I,1,Centre,108,65-74,89,88,177
2010,4,Districte IV,7,la Florida,426,25-34,100,122,222
1998,2,Districte II,5,Collblanc,209,65-74,78,62,140
2011,5,Districte V,9,Can Serra,504,16-17,4,8,12
2001,6,Districte VI,12,Bellvitge,610,65-74,59,64,123
2001,6,Districte VI,12,Bellvitge,607,50-64,133,115,248
2007,4,Districte IV,8,les Planes,429,75 i +,42,24,66
2003,1,Districte I,1,Centre,111,16-17,6,5,11
2010,6,Districte VI,12,Bellvitge,619,12-15,12,24,36
2014,2,Districte II,4,la Torrassa,233,35-49,121,149,270
2016,3,Districte III,6,Santa Eulàlia,305,12-15,34,22,56
1997,3,Districte III,6,Santa Eulàlia,307,35-49,223,188,411
2006,3,Districte III,6,Santa Eulàlia,303,00-02,19,16,35
2010,2,Districte II,5,Collblanc,219,25-34,101,116,217
2010,3,Districte III,6,Santa Eulàlia,309,25-34,111,109,220
2015,5,Districte V,10,Pubilla Cases,523,75 i +,91,67,158
1997,6,Districte VI,12,Bellvitge,601,65-74,53,54,107
2011,2,Districte II,4,la Torrassa,232,03-11,31,45,76
2010,2,Districte II,4,la Torrassa,246,25-34,136,116,252
2010,2,Districte II,4,la Torrassa,231,25-34,110,118,228
2013,2,Districte II,4,la Torrassa,246,18-24,59,35,94
2010,3,Districte III,6,Santa Eulàlia,323,65-74,85,105,190
2012,4,Districte IV,8,les Planes,437,50-64,73,57,130
1998,6,Districte VI,12,Bellvitge,610,35-49,100,78,178
2012,1,Districte I,3,Sant Josep,114,16-17,11,17,28
2000,5,Districte V,10,Pubilla Cases,515,18-24,30,21,51
2000,1,Districte I,3,Sant Josep,139,18-24,55,58,113
2014,1,Districte I,3,Sant Josep,138,18-24,23,23,46
2004,6,Districte VI,12,Bellvitge,627,35-49,111,89,200
2010,4,Districte IV,7,la Florida,403,75 i +,86,59,145
2004,4,Districte IV,8,les Planes,436,00-02,14,22,36
2003,4,Districte IV,7,la Florida,411,03-11,27,23,50
2012,1,Districte I,3,Sant Josep,140,65-74,51,53,104
2005,1,Districte I,3,Sant Josep,120,25-34,132,152,284
2003,6,Districte VI,12,Bellvitge,619,25-34,101,118,219
2000,4,Districte IV,8,les Planes,438,50-64,102,95,197
2016,1,Districte I,3,Sant Josep,122,75 i +,69,59,128
2014,2,Districte II,4,la Torrassa,240,18-24,74,62,136
2005,3,Districte III,6,Santa Eulàlia,325,35-49,215,177,392
1997,5,Districte V,9,Can Serra,505,65-74,54,42,96
2013,2,Districte II,4,la Torrassa,217,50-64,124,130,254
2016,4,Districte IV,8,les Planes,436,35-49,202,223,425
2005,2,Districte II,5,Collblanc,210,12-15,11,6,17
1994,6,Districte VI,12,Bellvitge,624,35-49,179,148,327
2012,1,Districte I,3,Sant Josep,122,65-74,71,45,116
1998,5,Districte V,10,Pubilla Cases,520,16-17,5,13,18
2015,3,Districte III,6,Santa Eulàlia,301,16-17,21,17,38
2012,1,Districte I,1,Centre,105,03-11,60,62,122
1998,2,Districte II,5,Collblanc,212,18-24,65,72,137
2002,3,Districte III,6,Santa Eulàlia,301,35-49,225,210,435
2011,3,Districte III,6,Santa Eulàlia,309,65-74,31,37,68
2001,2,Districte II,5,Collblanc,220,12-15,7,11,18
2016,2,Districte II,5,Collblanc,201,35-49,232,238,470
1997,4,Districte IV,7,la Florida,408,03-11,34,19,53
2012,5,Districte V,10,Pubilla Cases,523,25-34,119,110,229
2002,3,Districte III,6,Santa Eulàlia,308,00-02,24,37,61
2006,1,Districte I,3,Sant Josep,106,18-24,111,91,202
2013,6,Districte VI,11,el Gornal,632,25-34,54,62,116
2008,5,Districte V,10,Pubilla Cases,536,75 i +,69,53,122
2003,6,Districte VI,12,Bellvitge,630,16-17,13,5,18
2013,1,Districte I,3,Sant Josep,121,25-34,64,38,102
2012,3,Districte III,6,Santa Eulàlia,320,18-24,32,27,59
2013,5,Districte V,10,Pubilla Cases,538,00-02,23,15,38
2010,6,Districte VI,11,el Gornal,632,35-49,101,114,215
1994,4,Districte IV,8,les Planes,435,25-34,69,88,157
2006,3,Districte III,6,Santa Eulàlia,301,65-74,126,113,239
2015,3,Districte III,6,Santa Eulàlia,317,25-34,79,88,167
2000,5,Districte V,10,Pubilla Cases,532,50-64,151,147,298
2002,6,Districte VI,12,Bellvitge,604,50-64,85,66,151
2007,1,Districte I,3,Sant Josep,127,65-74,39,33,72
2007,5,Districte V,10,Pubilla Cases,520,25-34,67,78,145
2007,5,Districte V,10,Pubilla Cases,515,25-34,61,63,124
2007,5,Districte V,10,Pubilla Cases,509,35-49,91,101,192
2005,1,Districte I,1,Centre,134,35-49,152,147,299
2001,2,Districte II,4,la Torrassa,232,18-24,41,53,94
2015,2,Districte II,5,Collblanc,204,25-34,118,113,231
1994,1,Districte I,3,Sant Josep,136,75 i +,36,23,59
2004,2,Districte II,5,Collblanc,203,16-17,2,9,11
2004,4,Districte IV,7,la Florida,408,75 i +,40,22,62
2015,2,Districte II,4,la Torrassa,237,00-02,21,26,47
2015,2,Districte II,5,Collblanc,221,75 i +,116,84,200
1996,3,Districte III,6,Santa Eulàlia,310,12-15,26,29,55
2005,5,Districte V,9,Can Serra,503,50-64,112,109,221
1997,5,Districte V,10,Pubilla Cases,516,75 i +,29,9,38
2009,4,Districte IV,7,la Florida,415,35-49,94,136,230
2001,3,Districte III,6,Santa Eulàlia,301,18-24,95,117,212
2009,3,Districte III,6,Santa Eulàlia,319,75 i +,47,31,78
2001,3,Districte III,6,Santa Eulàlia,316,75 i +,70,37,107
2001,2,Districte II,5,Collblanc,204,12-15,5,12,17
2001,4,Districte IV,8,les Planes,434,35-49,59,55,114
2008,2,Districte II,5,Collblanc,201,03-11,30,36,66
2013,2,Districte II,5,Collblanc,223,16-17,12,10,22
2006,5,Districte V,9,Can Serra,521,75 i +,46,30,76
2012,2,Districte II,5,Collblanc,219,18-24,55,39,94
2013,2,Districte II,4,la Torrassa,248,65-74,41,36,77
1994,5,Districte V,10,Pubilla Cases,525,12-15,19,29,48
1996,6,Districte VI,12,Bellvitge,624,35-49,153,104,257
2005,2,Districte II,4,la Torrassa,238,35-49,107,111,218
1998,4,Districte IV,7,la Florida,405,16-17,3,8,11
2015,3,Districte III,6,Santa Eulàlia,304,16-17,41,19,60
1998,4,Districte IV,7,la Florida,415,16-17,13,9,22
1997,3,Districte III,6,Santa Eulàlia,318,50-64,53,63,116
2006,2,Districte II,5,Collblanc,224,25-34,58,52,110
1995,2,Districte II,5,Collblanc,208,35-49,183,158,341
2011,3,Districte III,6,Santa Eulàlia,308,25-34,144,137,281
1997,6,Districte VI,12,Bellvitge,625,25-34,84,91,175
1997,6,Districte VI,12,Bellvitge,631,03-11,40,27,67
1999,2,Districte II,4,la Torrassa,218,50-64,75,63,138
1997,5,Districte V,10,Pubilla Cases,518,00-02,8,12,20
2015,4,Districte IV,7,la Florida,409,00-02,36,21,57
1995,1,Districte I,1,Centre,130,18-24,46,58,104
2012,3,Districte III,6,Santa Eulàlia,313,03-11,94,92,186
2014,3,Districte III,13,Granvia Sud,320,12-15,30,38,68
2008,2,Districte II,4,la Torrassa,228,75 i +,45,30,75
2014,2,Districte II,4,la Torrassa,228,25-34,147,164,311
2001,2,Districte II,4,la Torrassa,236,75 i +,69,40,109
2009,3,Districte III,6,Santa Eulàlia,320,65-74,51,55,106
2008,3,Districte III,6,Santa Eulàlia,315,18-24,71,72,143
1995,4,Districte IV,8,les Planes,419,65-74,47,36,83
2014,2,Districte II,4,la Torrassa,238,65-74,41,33,74
2013,5,Districte V,9,Can Serra,504,50-64,88,69,157
2004,2,Districte II,5,Collblanc,210,18-24,30,32,62
2000,2,Districte II,4,la Torrassa,211,18-24,45,49,94
2001,4,Districte IV,7,la Florida,404,65-74,82,76,158
2013,5,Districte V,10,Pubilla Cases,534,00-02,10,13,23
1998,1,Districte I,1,Centre,104,25-34,68,91,159
1994,5,Districte V,10,Pubilla Cases,527,12-15,18,23,41
2002,2,Districte II,5,Collblanc,203,50-64,58,60,118
2003,1,Districte I,1,Centre,101,16-17,16,15,31
2011,5,Districte V,9,Can Serra,505,18-24,33,22,55
1995,1,Districte I,1,Centre,123,12-15,33,31,64
1994,6,Districte VI,12,Bellvitge,607,16-17,9,17,26
2002,5,Districte V,10,Pubilla Cases,514,25-34,56,74,130
2003,5,Districte V,10,Pubilla Cases,537,25-34,106,107,213
2013,3,Districte III,6,Santa Eulàlia,307,75 i +,80,70,150
2000,6,Districte VI,11,el Gornal,629,18-24,34,34,68
2000,6,Districte VI,12,Bellvitge,618,35-49,57,48,105
1999,2,Districte II,5,Collblanc,223,00-02,9,8,17
2000,1,Districte I,1,Centre,128,65-74,47,49,96
1995,6,Districte VI,12,Bellvitge,602,18-24,46,61,107
2015,6,Districte VI,12,Bellvitge,605,12-15,30,30,60
2015,2,Districte II,4,la Torrassa,238,16-17,14,14,28
2012,5,Districte V,9,Can Serra,505,03-11,40,39,79
1995,1,Districte I,1,Centre,131,50-64,119,134,253
2016,3,Districte III,6,Santa Eulàlia,305,50-64,201,173,374
2000,1,Districte I,3,Sant Josep,125,75 i +,35,22,57
1994,1,Districte I,1,Centre,101,16-17,18,12,30
1995,2,Districte II,4,la Torrassa,238,35-49,72,82,154
2005,5,Districte V,10,Pubilla Cases,516,18-24,23,25,48
2007,6,Districte VI,12,Bellvitge,623,35-49,135,136,271
2012,4,Districte IV,7,la Florida,415,50-64,57,55,112
2001,6,Districte VI,12,Bellvitge,623,35-49,129,114,243
2016,1,Districte I,3,Sant Josep,127,35-49,99,91,190
2007,3,Districte III,6,Santa Eulàlia,311,16-17,9,19,28
1995,5,Districte V,9,Can Serra,502,50-64,148,160,308
2000,6,Districte VI,11,el Gornal,632,50-64,100,88,188
2004,3,Districte III,6,Santa Eulàlia,304,03-11,41,48,89
2016,1,Districte I,1,Centre,110,35-49,117,121,238
2013,6,Districte VI,12,Bellvitge,606,65-74,62,37,99
1995,4,Districte IV,7,la Florida,421,75 i +,46,36,82
2012,4,Districte IV,7,la Florida,406,25-34,119,109,228
2012,6,Districte VI,12,Bellvitge,623,25-34,78,88,166
2016,1,Districte I,3,Sant Josep,119,75 i +,101,59,160
2008,2,Districte II,4,la Torrassa,229,16-17,8,12,20
2008,3,Districte III,6,Santa Eulàlia,308,18-24,63,79,142
2004,4,Districte IV,7,la Florida,432,12-15,22,26,48
2016,2,Districte II,5,Collblanc,202,35-49,243,278,521
1996,2,Districte II,5,Collblanc,201,03-11,20,18,38
2004,1,Districte I,1,Centre,110,50-64,187,167,354
1998,1,Districte I,3,Sant Josep,139,65-74,33,24,57
2014,1,Districte I,2,Sanfeliu,129,16-17,13,13,26
2010,5,Districte V,9,Can Serra,521,18-24,31,25,56
2006,4,Districte IV,7,la Florida,431,16-17,12,14,26
2014,4,Districte IV,7,la Florida,414,03-11,90,83,173
2000,4,Districte IV,7,la Florida,413,65-74,48,40,88
1998,5,Districte V,9,Can Serra,505,25-34,129,138,267
2004,2,Districte II,5,Collblanc,203,35-49,102,119,221
2001,3,Districte III,6,Santa Eulàlia,303,75 i +,77,46,123
2015,5,Districte V,9,Can Serra,535,18-24,32,29,61
1997,5,Districte V,10,Pubilla Cases,531,18-24,41,52,93
2008,2,Districte II,4,la Torrassa,236,65-74,63,48,111
2013,4,Districte IV,7,la Florida,427,35-49,223,243,466
2007,6,Districte VI,12,Bellvitge,628,12-15,20,14,34
2016,2,Districte II,5,Collblanc,210,35-49,103,89,192
2014,1,Districte I,3,Sant Josep,138,65-74,60,43,103
1999,5,Districte V,10,Pubilla Cases,529,25-34,98,97,195
2000,5,Districte V,10,Pubilla Cases,516,00-02,11,13,24
1994,5,Districte V,9,Can Serra,505,03-11,48,47,95
2010,6,Districte VI,12,Bellvitge,625,75 i +,43,29,72
2011,3,Districte III,6,Santa Eulàlia,301,16-17,19,17,36
2009,5,Districte V,10,Pubilla Cases,528,03-11,56,60,116
2005,1,Districte I,3,Sant Josep,136,75 i +,59,42,101
2016,6,Districte VI,11,el Gornal,608,50-64,147,116,263
2011,4,Districte IV,7,la Florida,415,03-11,37,42,79
2008,6,Districte VI,12,Bellvitge,601,50-64,139,110,249
2003,2,Districte II,5,Collblanc,224,25-34,66,62,128
2013,2,Districte II,5,Collblanc,224,16-17,8,11,19
1996,2,Districte II,4,la Torrassa,231,16-17,12,10,22
1999,3,Districte III,6,Santa Eulàlia,309,00-02,6,12,18
2016,3,Districte III,13,Granvia Sud,312,03-11,55,74,129
2009,2,Districte II,4,la Torrassa,242,16-17,9,5,14
2016,3,Districte III,6,Santa Eulàlia,309,75 i +,46,27,73
1998,4,Districte IV,7,la Florida,426,50-64,77,69,146
1998,2,Districte II,4,la Torrassa,230,03-11,22,29,51
2004,6,Districte VI,12,Bellvitge,601,03-11,42,45,87
2008,5,Districte V,10,Pubilla Cases,513,18-24,27,22,49
2009,5,Districte V,10,Pubilla Cases,523,16-17,7,12,19
1995,4,Districte IV,8,les Planes,419,00-02,12,11,23
2000,5,Districte V,9,Can Serra,501,25-34,93,120,213
2001,3,Districte III,6,Santa Eulàlia,317,50-64,58,57,115
2007,1,Districte I,3,Sant Josep,126,18-24,31,28,59
2014,2,Districte II,4,la Torrassa,245,35-49,131,151,282
2003,4,Districte IV,7,la Florida,402,50-64,68,70,138
2007,3,Districte III,6,Santa Eulàlia,304,65-74,75,58,133
2010,1,Districte I,1,Centre,110,50-64,158,128,286
2010,4,Districte IV,8,les Planes,434,18-24,30,34,64
1994,5,Districte V,10,Pubilla Cases,523,00-02,8,15,23
2007,2,Districte II,5,Collblanc,210,16-17,6,1,7
2009,1,Districte I,1,Centre,101,03-11,111,96,207
2008,1,Districte I,3,Sant Josep,120,65-74,48,54,102
2004,5,Districte V,10,Pubilla Cases,510,03-11,43,45,88
2015,1,Districte I,3,Sant Josep,136,50-64,106,98,204
2006,4,Districte IV,7,la Florida,431,12-15,22,31,53
2006,4,Districte IV,8,les Planes,439,50-64,61,46,107
2012,2,Districte II,5,Collblanc,209,16-17,13,11,24
2006,3,Districte III,6,Santa Eulàlia,312,35-49,176,208,384
2004,5,Districte V,9,Can Serra,503,35-49,98,79,177
2005,2,Districte II,5,Collblanc,220,00-02,14,8,22
1997,4,Districte IV,7,la Florida,423,75 i +,43,20,63
1994,4,Districte IV,7,la Florida,428,12-15,7,6,13
2011,4,Districte IV,7,la Florida,416,65-74,46,26,72
1997,6,Districte VI,11,el Gornal,608,65-74,41,39,80
2010,4,Districte IV,7,la Florida,407,16-17,6,10,16
2004,1,Districte I,2,Sanfeliu,118,25-34,165,182,347
2015,5,Districte V,10,Pubilla Cases,518,03-11,47,52,99
2001,1,Districte I,2,Sanfeliu,116,00-02,20,16,36
2008,4,Districte IV,7,la Florida,407,16-17,9,5,14
2008,1,Districte I,1,Centre,123,00-02,15,16,31
2012,5,Districte V,10,Pubilla Cases,516,16-17,7,6,13
2005,2,Districte II,5,Collblanc,226,65-74,66,48,114
2011,4,Districte IV,8,les Planes,436,03-11,47,57,104
1998,4,Districte IV,8,les Planes,439,65-74,53,57,110
1999,3,Districte III,6,Santa Eulàlia,323,03-11,141,137,278
2000,2,Districte II,5,Collblanc,221,18-24,48,58,106
2008,3,Districte III,6,Santa Eulàlia,325,25-34,109,125,234
1995,5,Districte V,10,Pubilla Cases,526,16-17,2,13,15
1997,6,Districte VI,11,el Gornal,629,50-64,71,59,130
2007,3,Districte III,6,Santa Eulàlia,310,35-49,108,98,206
2013,5,Districte V,9,Can Serra,501,16-17,7,15,22
1996,2,Districte II,5,Collblanc,205,65-74,53,38,91
1994,2,Districte II,4,la Torrassa,228,12-15,12,8,20
2003,5,Districte V,10,Pubilla Cases,517,50-64,91,82,173
2003,1,Districte I,1,Centre,110,03-11,27,36,63
2011,6,Districte VI,12,Bellvitge,631,12-15,12,16,28
1996,2,Districte II,4,la Torrassa,245,12-15,20,13,33
2013,5,Districte V,10,Pubilla Cases,529,50-64,81,87,168
2012,5,Districte V,10,Pubilla Cases,530,18-24,68,66,134
2004,4,Districte IV,7,la Florida,407,12-15,12,21,33
2009,4,Districte IV,8,les Planes,420,03-11,64,73,137
2002,6,Districte VI,11,el Gornal,622,35-49,87,80,167
1999,6,Districte VI,12,Bellvitge,621,35-49,205,154,359
2010,4,Districte IV,7,la Florida,407,18-24,40,39,79
2014,1,Districte I,1,Centre,133,00-02,13,11,24
1996,2,Districte II,4,la Torrassa,240,50-64,72,79,151
2013,2,Districte II,5,Collblanc,201,25-34,104,93,197
1999,6,Districte VI,12,Bellvitge,602,03-11,24,15,39
2008,4,Districte IV,7,la Florida,405,16-17,5,6,11
2005,5,Districte V,9,Can Serra,503,16-17,11,9,20
2006,2,Districte II,4,la Torrassa,236,25-34,92,104,196
2009,5,Districte V,9,Can Serra,506,65-74,101,108,209
2003,6,Districte VI,11,el Gornal,626,00-02,8,17,25
1999,5,Districte V,10,Pubilla Cases,531,00-02,6,11,17
2004,2,Districte II,5,Collblanc,204,65-74,42,28,70
2000,2,Districte II,4,la Torrassa,240,50-64,58,53,111
2008,4,Districte IV,7,la Florida,426,18-24,44,42,86
1998,6,Districte VI,12,Bellvitge,613,16-17,7,9,16
2009,6,Districte VI,12,Bellvitge,601,25-34,98,123,221
2006,3,Districte III,6,Santa Eulàlia,319,25-34,191,189,380
1998,5,Districte V,10,Pubilla Cases,516,65-74,37,24,61
2009,1,Districte I,3,Sant Josep,125,00-02,31,19,50
1998,1,Districte I,2,Sanfeliu,129,16-17,14,10,24
2003,6,Districte VI,12,Bellvitge,607,00-02,13,9,22
2015,1,Districte I,2,Sanfeliu,129,35-49,130,144,274
1995,2,Districte II,5,Collblanc,210,03-11,21,26,47
1996,1,Districte I,3,Sant Josep,119,25-34,99,99,198
2015,2,Districte II,4,la Torrassa,240,00-02,24,19,43
1995,4,Districte IV,7,la Florida,405,25-34,76,102,178
2011,2,Districte II,5,Collblanc,210,25-34,50,58,108
1998,4,Districte IV,7,la Florida,424,25-34,34,53,87
2000,2,Districte II,5,Collblanc,225,18-24,17,26,43
1997,3,Districte III,6,Santa Eulàlia,314,00-02,22,28,50
2005,3,Districte III,6,Santa Eulàlia,323,25-34,277,300,577
1998,4,Districte IV,8,les Planes,441,65-74,112,85,197
2007,3,Districte III,6,Santa Eulàlia,321,50-64,297,276,573
2015,5,Districte V,10,Pubilla Cases,530,00-02,25,38,63
2008,5,Districte V,10,Pubilla Cases,531,18-24,37,53,90
1997,2,Districte II,5,Collblanc,208,25-34,107,135,242
2001,6,Districte VI,12,Bellvitge,620,03-11,17,26,43
1996,4,Districte IV,7,la Florida,411,03-11,31,22,53
2004,1,Districte I,1,Centre,124,25-34,81,63,144
2013,3,Districte III,6,Santa Eulàlia,303,65-74,130,91,221
2007,5,Districte V,10,Pubilla Cases,508,12-15,11,7,18
2001,5,Districte V,9,Can Serra,507,00-02,10,11,21
2011,1,Districte I,1,Centre,124,50-64,105,79,184
1996,5,Districte V,10,Pubilla Cases,527,65-74,63,39,102
2006,1,Districte I,3,Sant Josep,120,00-02,11,37,48
2001,1,Districte I,3,Sant Josep,120,35-49,230,232,462
2000,4,Districte IV,8,les Planes,436,12-15,15,15,30
2004,5,Districte V,10,Pubilla Cases,510,35-49,101,127,228
1994,5,Districte V,10,Pubilla Cases,513,18-24,50,52,102
2011,2,Districte II,5,Collblanc,210,35-49,97,87,184
1998,4,Districte IV,7,la Florida,432,18-24,82,90,172
2015,2,Districte II,4,la Torrassa,228,50-64,156,171,327
2011,1,Districte I,1,Centre,131,12-15,15,18,33
2005,2,Districte II,5,Collblanc,207,75 i +,59,23,82
1998,3,Districte III,6,Santa Eulàlia,306,03-11,54,59,113
2003,2,Districte II,5,Collblanc,214,12-15,13,4,17
2005,5,Districte V,9,Can Serra,505,35-49,104,101,205
2001,2,Districte II,4,la Torrassa,242,16-17,4,6,10
2005,1,Districte I,1,Centre,102,75 i +,81,43,124
1994,2,Districte II,5,Collblanc,221,65-74,50,54,104
2001,3,Districte III,6,Santa Eulàlia,309,35-49,98,81,179
2003,4,Districte IV,7,la Florida,404,65-74,82,72,154
2012,4,Districte IV,8,les Planes,418,65-74,72,54,126
1994,1,Districte I,1,Centre,108,50-64,120,114,234
2007,5,Districte V,10,Pubilla Cases,534,75 i +,58,34,92
1995,2,Districte II,5,Collblanc,224,16-17,7,7,14
1996,4,Districte IV,7,la Florida,423,03-11,28,34,62
2000,5,Districte V,10,Pubilla Cases,530,00-02,10,18,28
2008,6,Districte VI,12,Bellvitge,618,65-74,35,39,74
2000,5,Districte V,10,Pubilla Cases,512,16-17,7,5,12
2010,2,Districte II,5,Collblanc,215,12-15,22,18,40
2007,5,Districte V,10,Pubilla Cases,527,16-17,16,13,29
2002,6,Districte VI,12,Bellvitge,630,50-64,117,126,243
2009,5,Districte V,10,Pubilla Cases,529,18-24,46,55,101
1996,2,Districte II,5,Collblanc,201,50-64,89,80,169
1999,2,Districte II,4,la Torrassa,240,16-17,7,7,14
2007,2,Districte II,5,Collblanc,203,50-64,58,60,118
2012,6,Districte VI,12,Bellvitge,620,00-02,6,7,13
2001,6,Districte VI,12,Bellvitge,631,35-49,80,79,159
1999,4,Districte IV,7,la Florida,417,12-15,9,9,18
2010,4,Districte IV,7,la Florida,423,03-11,45,36,81
2003,1,Districte I,1,Centre,134,16-17,11,24,35
1999,1,Districte I,2,Sanfeliu,132,12-15,50,51,101
1997,5,Districte V,10,Pubilla Cases,529,18-24,63,49,112
2005,4,Districte IV,7,la Florida,421,18-24,29,38,67
1995,3,Districte III,6,Santa Eulàlia,325,16-17,27,22,49
2015,6,Districte VI,12,Bellvitge,601,65-74,155,113,268
2000,1,Districte I,3,Sant Josep,122,35-49,65,78,143
1998,4,Districte IV,8,les Planes,420,25-34,113,106,219
1996,1,Districte I,1,Centre,131,35-49,203,182,385
2002,2,Districte II,5,Collblanc,225,50-64,54,38,92
2008,1,Districte I,1,Centre,113,25-34,154,163,317
2004,6,Districte VI,12,Bellvitge,627,00-02,14,11,25
2008,4,Districte IV,8,les Planes,419,00-02,17,28,45
2005,3,Districte III,6,Santa Eulàlia,310,00-02,13,21,34
2007,1,Districte I,1,Centre,135,12-15,20,14,34
2004,5,Districte V,10,Pubilla Cases,520,65-74,51,49,100
2000,1,Districte I,3,Sant Josep,138,00-02,10,7,17
1998,6,Districte VI,12,Bellvitge,625,12-15,53,44,97
1994,6,Districte VI,11,el Gornal,622,16-17,17,21,38
2009,5,Districte V,10,Pubilla Cases,523,50-64,104,101,205
2004,2,Districte II,5,Collblanc,207,25-34,52,58,110
2004,1,Districte I,1,Centre,105,75 i +,58,24,82
2009,1,Districte I,1,Centre,109,25-34,90,87,177
2006,3,Districte III,6,Santa Eulàlia,322,50-64,104,97,201
2011,4,Districte IV,7,la Florida,421,12-15,20,19,39
2006,2,Districte II,5,Collblanc,212,18-24,66,84,150
2005,2,Districte II,4,la Torrassa,217,16-17,6,6,12
2011,4,Districte IV,8,les Planes,434,35-49,78,82,160
2006,4,Districte IV,8,les Planes,401,16-17,14,21,35
2012,2,Districte II,4,la Torrassa,248,50-64,97,108,205
1995,1,Districte I,3,Sant Josep,122,65-74,44,31,75
2012,1,Districte I,1,Centre,110,12-15,5,14,19
2006,5,Districte V,9,Can Serra,504,00-02,7,13,20
2006,6,Districte VI,11,el Gornal,622,75 i +,40,8,48
1999,6,Districte VI,11,el Gornal,616,18-24,207,221,428
2004,4,Districte IV,7,la Florida,410,35-49,149,159,308
2011,3,Districte III,6,Santa Eulàlia,309,75 i +,40,18,58
2008,2,Districte II,5,Collblanc,203,50-64,61,60,121
1994,5,Districte V,10,Pubilla Cases,515,65-74,38,21,59
2001,1,Districte I,1,Centre,101,35-49,152,160,312
1996,2,Districte II,5,Collblanc,213,12-15,21,24,45
2015,2,Districte II,5,Collblanc,205,35-49,99,97,196
2008,3,Districte III,6,Santa Eulàlia,323,00-02,41,45,86
1995,2,Districte II,5,Collblanc,226,03-11,29,29,58
2004,2,Districte II,4,la Torrassa,247,18-24,56,56,112
2009,3,Districte III,6,Santa Eulàlia,310,18-24,40,37,77
2002,4,Districte IV,7,la Florida,426,12-15,14,13,27
2008,4,Districte IV,7,la Florida,411,18-24,39,39,78
2012,4,Districte IV,7,la Florida,414,25-34,72,69,141
1996,2,Districte II,5,Collblanc,204,18-24,26,22,48
2012,6,Districte VI,12,Bellvitge,613,16-17,6,10,16
2015,6,Districte VI,12,Bellvitge,630,00-02,9,13,22
1994,2,Districte II,4,la Torrassa,217,50-64,59,58,117
2009,6,Districte VI,12,Bellvitge,623,03-11,55,67,122
2005,6,Districte VI,11,el Gornal,622,00-02,8,9,17
2006,3,Districte III,6,Santa Eulàlia,303,16-17,9,11,20
2011,1,Districte I,1,Centre,112,75 i +,72,32,104
2016,3,Districte III,6,Santa Eulàlia,324,65-74,51,34,85
2000,6,Districte VI,12,Bellvitge,613,03-11,35,37,72
2003,2,Districte II,4,la Torrassa,228,16-17,5,4,9
1995,4,Districte IV,7,la Florida,417,65-74,45,35,80
2007,1,Districte I,3,Sant Josep,122,00-02,13,11,24
2003,2,Districte II,5,Collblanc,215,65-74,60,34,94
2003,3,Districte III,6,Santa Eulàlia,313,12-15,32,27,59
2001,2,Districte II,4,la Torrassa,228,50-64,65,55,120
2008,2,Districte II,5,Collblanc,220,50-64,63,54,117
2010,2,Districte II,5,Collblanc,222,65-74,40,37,77
1997,1,Districte I,1,Centre,105,65-74,53,37,90
1994,2,Districte II,4,la Torrassa,211,75 i +,53,32,85
1995,5,Districte V,10,Pubilla Cases,532,35-49,132,107,239
2003,5,Districte V,10,Pubilla Cases,518,25-34,104,105,209
2013,5,Districte V,9,Can Serra,501,50-64,125,107,232
2005,6,Districte VI,12,Bellvitge,601,50-64,157,125,282
2014,2,Districte II,4,la Torrassa,245,00-02,23,17,40
2008,3,Districte III,6,Santa Eulàlia,303,65-74,132,129,261
2014,1,Districte I,1,Centre,102,00-02,10,13,23
2005,1,Districte I,1,Centre,111,50-64,100,81,181
2013,4,Districte IV,7,la Florida,411,65-74,74,54,128
2002,1,Districte I,1,Centre,130,12-15,13,16,29
1998,5,Districte V,10,Pubilla Cases,513,03-11,16,23,39
2006,1,Districte I,2,Sanfeliu,129,35-49,118,144,262
1994,5,Districte V,10,Pubilla Cases,530,00-02,12,13,25
2006,5,Districte V,9,Can Serra,507,35-49,89,107,196
1994,4,Districte IV,8,les Planes,442,16-17,9,13,22
2009,6,Districte VI,12,Bellvitge,625,00-02,8,14,22
2000,4,Districte IV,8,les Planes,419,03-11,32,30,62
1998,5,Districte V,10,Pubilla Cases,526,03-11,25,29,54
2010,5,Districte V,10,Pubilla Cases,516,12-15,12,22,34
2006,2,Districte II,4,la Torrassa,240,50-64,50,36,86
2008,1,Districte I,1,Centre,124,25-34,67,74,141
2000,4,Districte IV,7,la Florida,424,03-11,10,10,20
2006,4,Districte IV,7,la Florida,428,25-34,64,100,164
2005,6,Districte VI,12,Bellvitge,613,75 i +,46,23,69
2016,4,Districte IV,7,la Florida,404,16-17,6,15,21
1994,4,Districte IV,7,la Florida,417,18-24,49,47,96
2010,2,Districte II,5,Collblanc,202,75 i +,46,28,74
2002,1,Districte I,3,Sant Josep,122,03-11,34,25,59
2013,1,Districte I,1,Centre,101,75 i +,57,39,96
2013,4,Districte IV,7,la Florida,430,75 i +,55,39,94
2016,2,Districte II,4,la Torrassa,239,75 i +,90,52,142
2007,4,Districte IV,8,les Planes,435,35-49,105,141,246
2012,6,Districte VI,11,el Gornal,616,35-49,419,429,848
2015,1,Districte I,1,Centre,109,75 i +,72,37,109
1997,4,Districte IV,8,les Planes,434,35-49,53,63,116
2008,1,Districte I,1,Centre,128,35-49,131,126,257
2004,4,Districte IV,7,la Florida,427,00-02,11,15,26
2015,4,Districte IV,8,les Planes,436,75 i +,65,46,111
2005,3,Districte III,6,Santa Eulàlia,306,03-11,62,59,121
2007,4,Districte IV,7,la Florida,426,18-24,53,41,94
2004,5,Districte V,10,Pubilla Cases,534,00-02,13,19,32
2014,5,Districte V,9,Can Serra,504,03-11,24,41,65
2003,5,Districte V,10,Pubilla Cases,529,12-15,17,27,44
2011,1,Districte I,2,Sanfeliu,118,35-49,196,184,380
1996,2,Districte II,5,Collblanc,210,00-02,10,4,14
2013,1,Districte I,1,Centre,134,03-11,60,62,122
2010,4,Districte IV,7,la Florida,424,12-15,8,16,24
1998,1,Districte I,3,Sant Josep,126,75 i +,38,16,54
1995,4,Districte IV,7,la Florida,408,35-49,86,87,173
2008,4,Districte IV,7,la Florida,423,18-24,35,37,72
2015,5,Districte V,10,Pubilla Cases,538,03-11,54,57,111
2008,5,Districte V,9,Can Serra,505,12-15,19,9,28
2013,3,Districte III,6,Santa Eulàlia,323,50-64,219,197,416
1994,2,Districte II,5,Collblanc,205,03-11,37,40,77
2004,2,Districte II,4,la Torrassa,248,75 i +,75,35,110
2016,2,Districte II,4,la Torrassa,247,03-11,85,78,163
2013,1,Districte I,1,Centre,104,03-11,35,41,76
1996,4,Districte IV,7,la Florida,423,00-02,8,6,14
1996,5,Districte V,10,Pubilla Cases,508,03-11,21,21,42
2006,2,Districte II,5,Collblanc,207,65-74,40,30,70
2009,2,Districte II,5,Collblanc,203,65-74,42,35,77
2015,6,Districte VI,12,Bellvitge,613,75 i +,82,58,140
2000,6,Districte VI,11,el Gornal,616,75 i +,33,19,52
1995,4,Districte IV,7,la Florida,428,75 i +,29,17,46
2011,6,Districte VI,12,Bellvitge,614,50-64,100,78,178
1994,2,Districte II,4,la Torrassa,238,18-24,34,50,84
1997,2,Districte II,4,la Torrassa,230,25-34,69,83,152
2006,3,Districte III,6,Santa Eulàlia,324,03-11,46,50,96
2002,5,Districte V,10,Pubilla Cases,522,12-15,13,13,26
1996,4,Districte IV,8,les Planes,434,25-34,35,34,69
1997,4,Districte IV,8,les Planes,437,75 i +,18,12,30
2011,1,Districte I,1,Centre,105,03-11,50,61,111
1999,6,Districte VI,12,Bellvitge,609,75 i +,28,11,39
2008,4,Districte IV,7,la Florida,412,75 i +,85,68,153
1995,4,Districte IV,8,les Planes,434,35-49,54,63,117
2002,3,Districte III,6,Santa Eulàlia,310,35-49,100,107,207
2012,2,Districte II,5,Collblanc,213,50-64,86,77,163
2016,3,Districte III,6,Santa Eulàlia,307,16-17,9,10,19
2006,3,Districte III,6,Santa Eulàlia,307,00-02,8,14,22
1999,4,Districte IV,7,la Florida,417,00-02,8,2,10
2014,3,Districte III,6,Santa Eulàlia,319,75 i +,43,29,72
2007,1,Districte I,3,Sant Josep,120,65-74,48,49,97
2002,5,Districte V,10,Pubilla Cases,536,00-02,10,12,22
1998,1,Districte I,1,Centre,124,75 i +,30,19,49
1998,5,Districte V,10,Pubilla Cases,527,25-34,84,90,174
2007,5,Districte V,9,Can Serra,505,35-49,115,110,225
2002,3,Districte III,6,Santa Eulàlia,316,12-15,70,64,134
1998,2,Districte II,4,la Torrassa,231,75 i +,80,39,119
1997,1,Districte I,1,Centre,131,50-64,120,147,267
2000,3,Districte III,6,Santa Eulàlia,305,75 i +,74,42,116
2004,5,Districte V,10,Pubilla Cases,525,18-24,44,54,98
2007,3,Districte III,6,Santa Eulàlia,306,03-11,55,57,112
2016,4,Districte IV,8,les Planes,418,50-64,108,117,225
2011,1,Districte I,2,Sanfeliu,118,50-64,222,196,418
2014,6,Districte VI,11,el Gornal,632,65-74,53,49,102
1996,1,Districte I,2,Sanfeliu,132,12-15,54,74,128
1999,4,Districte IV,8,les Planes,429,18-24,34,44,78
1997,3,Districte III,6,Santa Eulàlia,317,16-17,5,6,11
2003,1,Districte I,1,Centre,101,65-74,44,45,89
2002,4,Districte IV,7,la Florida,410,12-15,16,22,38
2009,4,Districte IV,8,les Planes,441,65-74,84,94,178
2008,5,Districte V,10,Pubilla Cases,522,35-49,93,115,208
2012,1,Districte I,3,Sant Josep,139,00-02,11,10,21
2008,4,Districte IV,7,la Florida,427,16-17,5,10,15
2002,1,Districte I,1,Centre,123,03-11,39,65,104
2011,2,Districte II,4,la Torrassa,247,18-24,54,62,116
2015,5,Districte V,9,Can Serra,503,25-34,34,48,82
1998,4,Districte IV,7,la Florida,416,50-64,85,68,153
2013,2,Districte II,4,la Torrassa,239,75 i +,96,51,147
1998,4,Districte IV,8,les Planes,434,65-74,72,44,116
1999,4,Districte IV,7,la Florida,414,16-17,7,11,18
2007,3,Districte III,6,Santa Eulàlia,306,75 i +,105,65,170
2010,3,Districte III,6,Santa Eulàlia,317,65-74,32,31,63
1998,4,Districte IV,8,les Planes,433,50-64,84,80,164
1997,2,Districte II,5,Collblanc,227,50-64,66,66,132
2008,2,Districte II,5,Collblanc,225,50-64,49,34,83
2003,2,Districte II,5,Collblanc,227,12-15,5,3,8
1999,3,Districte III,6,Santa Eulàlia,307,75 i +,43,28,71
2006,4,Districte IV,7,la Florida,427,00-02,18,22,40
2011,2,Districte II,5,Collblanc,201,12-15,7,19,26
2002,2,Districte II,4,la Torrassa,243,00-02,15,24,39
2004,6,Districte VI,12,Bellvitge,614,16-17,4,16,20
1996,4,Districte IV,7,la Florida,424,75 i +,17,12,29
2007,5,Districte V,9,Can Serra,535,00-02,10,4,14
2011,2,Districte II,4,la Torrassa,233,35-49,129,147,276
2012,2,Districte II,4,la Torrassa,248,35-49,179,171,350
2008,2,Districte II,5,Collblanc,226,16-17,11,8,19
2012,5,Districte V,10,Pubilla Cases,525,18-24,49,36,85
2016,2,Districte II,5,Collblanc,210,75 i +,89,43,132
2011,2,Districte II,5,Collblanc,222,00-02,15,19,34
2001,1,Districte I,2,Sanfeliu,116,75 i +,61,29,90
1995,4,Districte IV,7,la Florida,406,65-74,54,57,111
2012,2,Districte II,4,la Torrassa,233,35-49,120,157,277
2001,2,Districte II,4,la Torrassa,211,12-15,13,16,29
1999,5,Districte V,10,Pubilla Cases,524,50-64,117,95,212
1996,1,Districte I,2,Sanfeliu,129,25-34,93,88,181
2008,3,Districte III,6,Santa Eulàlia,305,18-24,88,77,165
1998,3,Districte III,6,Santa Eulàlia,303,16-17,17,15,32
2000,5,Districte V,9,Can Serra,505,03-11,25,20,45
1999,5,Districte V,10,Pubilla Cases,516,25-34,71,62,133
2005,6,Districte VI,12,Bellvitge,610,35-49,104,114,218
2007,5,Districte V,9,Can Serra,503,16-17,4,11,15
2005,5,Districte V,10,Pubilla Cases,532,25-34,158,181,339
2011,5,Districte V,10,Pubilla Cases,532,12-15,18,19,37
2015,5,Districte V,10,Pubilla Cases,532,03-11,69,69,138
1996,2,Districte II,5,Collblanc,201,65-74,40,38,78
2014,1,Districte I,1,Centre,131,03-11,41,57,98
2007,4,Districte IV,7,la Florida,426,16-17,3,10,13
1995,1,Districte I,3,Sant Josep,138,03-11,32,56,88
2006,6,Districte VI,12,Bellvitge,614,16-17,9,8,17
2005,1,Districte I,1,Centre,133,25-34,91,101,192
2008,3,Districte III,6,Santa Eulàlia,314,35-49,290,274,564
2000,2,Districte II,5,Collblanc,225,16-17,6,5,11
2000,5,Districte V,10,Pubilla Cases,509,25-34,61,82,143
1998,1,Districte I,2,Sanfeliu,129,65-74,48,35,83
1998,6,Districte VI,12,Bellvitge,624,35-49,116,76,192
1997,2,Districte II,4,la Torrassa,248,00-02,8,11,19
2001,1,Districte I,3,Sant Josep,127,35-49,101,93,194
2003,2,Districte II,5,Collblanc,208,35-49,192,182,374
1995,6,Districte VI,11,el Gornal,617,18-24,89,126,215
2007,4,Districte IV,8,les Planes,429,25-34,58,74,132
2007,6,Districte VI,12,Bellvitge,615,12-15,7,9,16
2007,5,Districte V,9,Can Serra,506,03-11,68,72,140
2015,2,Districte II,5,Collblanc,223,00-02,26,16,42
1996,4,Districte IV,8,les Planes,419,12-15,14,13,27
2000,2,Districte II,5,Collblanc,203,35-49,70,78,148
1995,3,Districte III,6,Santa Eulàlia,322,03-11,42,46,88
1994,1,Districte I,1,Centre,112,25-34,124,116,240
2000,2,Districte II,4,la Torrassa,235,18-24,47,55,102
2001,3,Districte III,6,Santa Eulàlia,309,65-74,34,25,59
2008,6,Districte VI,11,el Gornal,622,50-64,101,86,187
2002,4,Districte IV,8,les Planes,435,16-17,5,15,20
1996,2,Districte II,5,Collblanc,206,35-49,69,66,135
2009,4,Districte IV,8,les Planes,438,35-49,94,105,199
1997,2,Districte II,4,la Torrassa,247,00-02,8,9,17
2016,1,Districte I,1,Centre,113,65-74,94,100,194
2009,4,Districte IV,8,les Planes,434,12-15,15,15,30
1995,3,Districte III,6,Santa Eulàlia,306,12-15,43,35,78
1995,5,Districte V,10,Pubilla Cases,536,50-64,114,105,219
2004,1,Districte I,1,Centre,133,03-11,23,39,62
2001,1,Districte I,3,Sant Josep,138,12-15,14,25,39
2003,4,Districte IV,7,la Florida,414,65-74,59,53,112
2005,5,Districte V,10,Pubilla Cases,529,50-64,94,88,182
2004,3,Districte III,6,Santa Eulàlia,305,12-15,32,25,57
1998,1,Districte I,1,Centre,107,18-24,132,123,255
1995,6,Districte VI,11,el Gornal,629,00-02,2,8,10
1994,5,Districte V,10,Pubilla Cases,508,12-15,18,14,32
2016,5,Districte V,10,Pubilla Cases,517,35-49,251,302,553
2005,5,Districte V,10,Pubilla Cases,527,50-64,60,59,119
2013,5,Districte V,10,Pubilla Cases,511,35-49,281,314,595
2007,6,Districte VI,12,Bellvitge,614,35-49,97,100,197
1999,6,Districte VI,12,Bellvitge,601,35-49,133,132,265
1994,6,Districte VI,12,Bellvitge,607,75 i +,24,8,32
2006,5,Districte V,9,Can Serra,503,03-11,26,29,55
1998,1,Districte I,3,Sant Josep,122,12-15,11,14,25
2012,2,Districte II,5,Collblanc,227,25-34,54,51,105
2000,3,Districte III,6,Santa Eulàlia,314,03-11,84,115,199
2014,6,Districte VI,12,Bellvitge,624,00-02,17,10,27
1994,2,Districte II,5,Collblanc,219,65-74,96,59,155
2014,5,Districte V,9,Can Serra,507,35-49,91,109,200
2010,2,Districte II,4,la Torrassa,242,03-11,29,33,62
2014,1,Districte I,1,Centre,103,12-15,16,18,34
2000,1,Districte I,1,Centre,133,35-49,90,87,177
1998,5,Districte V,10,Pubilla Cases,533,18-24,47,47,94
2012,6,Districte VI,12,Bellvitge,605,12-15,7,5,12
2013,1,Districte I,1,Centre,108,65-74,54,52,106
2010,4,Districte IV,7,la Florida,428,35-49,72,81,153
2007,5,Districte V,9,Can Serra,535,75 i +,43,28,71
2006,2,Districte II,5,Collblanc,208,12-15,20,23,43
2008,5,Districte V,9,Can Serra,535,03-11,23,34,57
2012,5,Districte V,10,Pubilla Cases,536,00-02,12,12,24
2004,2,Districte II,5,Collblanc,220,16-17,5,7,12
1996,4,Districte IV,7,la Florida,412,35-49,197,198,395
1994,2,Districte II,5,Collblanc,215,18-24,46,53,99
1999,2,Districte II,4,la Torrassa,240,00-02,5,6,11
2003,3,Districte III,6,Santa Eulàlia,323,50-64,280,332,612
2015,1,Districte I,3,Sant Josep,119,00-02,13,10,23
2012,5,Districte V,10,Pubilla Cases,533,75 i +,59,42,101
2005,6,Districte VI,12,Bellvitge,610,50-64,184,138,322
2005,5,Districte V,10,Pubilla Cases,515,25-34,59,78,137
2011,5,Districte V,10,Pubilla Cases,520,65-74,40,40,80
2006,4,Districte IV,7,la Florida,422,18-24,60,57,117
2015,4,Districte IV,8,les Planes,420,35-49,223,268,491
2014,4,Districte IV,7,la Florida,405,12-15,30,36,66
2007,4,Districte IV,8,les Planes,439,75 i +,48,36,84
2001,4,Districte IV,7,la Florida,410,50-64,200,172,372
2004,5,Districte V,9,Can Serra,507,75 i +,36,20,56
1995,1,Districte I,1,Centre,108,03-11,55,44,99
2008,2,Districte II,4,la Torrassa,246,16-17,13,10,23
2004,2,Districte II,5,Collblanc,210,03-11,29,21,50
2003,2,Districte II,5,Collblanc,221,65-74,80,68,148
2002,5,Districte V,10,Pubilla Cases,516,18-24,28,35,63
1998,5,Districte V,10,Pubilla Cases,509,75 i +,39,19,58
2008,2,Districte II,4,la Torrassa,239,65-74,64,48,112
2006,4,Districte IV,8,les Planes,435,50-64,70,67,137
2005,1,Districte I,1,Centre,103,00-02,11,5,16
2010,5,Districte V,10,Pubilla Cases,511,50-64,48,46,94
2003,4,Districte IV,7,la Florida,422,25-34,93,99,192
2000,2,Districte II,4,la Torrassa,245,65-74,72,58,130
2006,6,Districte VI,12,Bellvitge,615,03-11,35,20,55
2004,1,Districte I,1,Centre,102,03-11,59,61,120
2006,3,Districte III,6,Santa Eulàlia,314,16-17,16,45,61
1997,4,Districte IV,8,les Planes,434,03-11,28,21,49
1994,4,Districte IV,8,les Planes,419,18-24,54,57,111
2016,4,Districte IV,7,la Florida,422,16-17,12,8,20
2012,5,Districte V,10,Pubilla Cases,520,03-11,31,36,67
2005,3,Districte III,6,Santa Eulàlia,317,65-74,35,26,61
2011,5,Districte V,10,Pubilla Cases,528,18-24,55,46,101
2011,2,Districte II,5,Collblanc,209,00-02,9,13,22
2003,2,Districte II,4,la Torrassa,218,50-64,77,68,145
2000,2,Districte II,4,la Torrassa,218,35-49,73,79,152
2002,5,Districte V,10,Pubilla Cases,512,16-17,9,10,19
2008,1,Districte I,3,Sant Josep,125,35-49,196,229,425
2009,4,Districte IV,7,la Florida,422,00-02,19,17,36
2010,2,Districte II,5,Collblanc,226,12-15,13,17,30
1994,3,Districte III,6,Santa Eulàlia,317,35-49,67,87,154
2002,4,Districte IV,8,les Planes,418,12-15,18,21,39
2003,3,Districte III,6,Santa Eulàlia,317,18-24,44,54,98
1999,1,Districte I,3,Sant Josep,119,75 i +,42,37,79
1999,2,Districte II,4,la Torrassa,247,03-11,28,36,64
2015,1,Districte I,1,Centre,113,50-64,211,158,369
2010,1,Districte I,2,Sanfeliu,129,03-11,36,58,94
2013,5,Districte V,10,Pubilla Cases,537,00-02,16,12,28
2012,1,Districte I,1,Centre,105,65-74,39,48,87
1994,6,Districte VI,12,Bellvitge,614,75 i +,44,19,63
2000,6,Districte VI,11,el Gornal,629,50-64,65,49,114
2015,3,Districte III,6,Santa Eulàlia,318,35-49,88,81,169
1996,2,Districte II,5,Collblanc,244,12-15,9,10,19
2000,4,Districte IV,7,la Florida,408,25-34,68,79,147
2003,3,Districte III,6,Santa Eulàlia,321,50-64,267,263,530
1997,5,Districte V,10,Pubilla Cases,538,16-17,5,10,15
2010,6,Districte VI,11,el Gornal,616,18-24,119,133,252
2009,2,Districte II,5,Collblanc,206,75 i +,80,49,129
1999,5,Districte V,10,Pubilla Cases,517,00-02,13,6,19
2013,3,Districte III,6,Santa Eulàlia,326,25-34,137,127,264
2005,3,Districte III,6,Santa Eulàlia,308,12-15,27,32,59
2005,1,Districte I,1,Centre,107,75 i +,64,32,96
1999,6,Districte VI,12,Bellvitge,630,00-02,2,12,14
1995,2,Districte II,5,Collblanc,220,16-17,11,8,19
2012,2,Districte II,4,la Torrassa,236,50-64,86,67,153
2014,2,Districte II,5,Collblanc,220,03-11,60,74,134
2004,2,Districte II,5,Collblanc,205,12-15,16,19,35
2015,1,Districte I,1,Centre,111,03-11,28,28,56
2016,5,Districte V,10,Pubilla Cases,520,12-15,7,17,24
1996,1,Districte I,1,Centre,113,35-49,178,171,349
2009,5,Districte V,10,Pubilla Cases,537,16-17,11,13,24
2013,1,Districte I,1,Centre,103,75 i +,52,35,87
2010,4,Districte IV,8,les Planes,439,50-64,55,57,112
2005,4,Districte IV,8,les Planes,438,75 i +,29,17,46
1994,6,Districte VI,12,Bellvitge,627,35-49,191,182,373
1995,5,Districte V,9,Can Serra,501,65-74,19,18,37
2012,5,Districte V,10,Pubilla Cases,516,65-74,28,17,45
1996,3,Districte III,6,Santa Eulàlia,324,50-64,71,73,144
2015,5,Districte V,10,Pubilla Cases,511,75 i +,144,101,245
1995,1,Districte I,3,Sant Josep,137,18-24,87,98,185
1994,2,Districte II,5,Collblanc,208,75 i +,84,52,136
1997,4,Districte IV,8,les Planes,440,03-11,18,24,42
1994,2,Districte II,4,la Torrassa,230,35-49,49,53,102
2002,4,Districte IV,8,les Planes,429,03-11,16,24,40
2008,5,Districte V,10,Pubilla Cases,528,18-24,62,52,114
1994,6,Districte VI,12,Bellvitge,613,75 i +,34,19,53
2010,2,Districte II,4,la Torrassa,231,18-24,40,35,75
2014,1,Districte I,3,Sant Josep,120,35-49,202,199,401
1996,4,Districte IV,7,la Florida,414,65-74,68,55,123
1997,5,Districte V,9,Can Serra,521,50-64,133,183,316
2009,4,Districte IV,7,la Florida,417,00-02,11,14,25
1998,1,Districte I,1,Centre,134,50-64,117,108,225
2011,4,Districte IV,8,les Planes,438,35-49,103,104,207
2016,3,Districte III,6,Santa Eulàlia,306,35-49,212,182,394
2012,2,Districte II,5,Collblanc,201,25-34,115,107,222
2012,6,Districte VI,12,Bellvitge,618,25-34,31,25,56
1999,4,Districte IV,8,les Planes,433,18-24,44,62,106
1999,3,Districte III,6,Santa Eulàlia,314,65-74,68,55,123
2005,3,Districte III,6,Santa Eulàlia,308,16-17,15,12,27
1996,2,Districte II,5,Collblanc,216,03-11,26,34,60
2000,4,Districte IV,7,la Florida,405,12-15,9,8,17
1996,6,Districte VI,12,Bellvitge,601,50-64,184,186,370
2009,4,Districte IV,7,la Florida,414,16-17,17,6,23
2013,6,Districte VI,11,el Gornal,632,03-11,50,52,102
1999,1,Districte I,3,Sant Josep,138,16-17,13,18,31
1996,3,Districte III,6,Santa Eulàlia,313,50-64,165,150,315
2002,5,Districte V,9,Can Serra,506,00-02,20,21,41
2012,6,Districte VI,12,Bellvitge,611,18-24,65,60,125
2013,2,Districte II,4,la Torrassa,238,65-74,41,36,77
2006,4,Districte IV,8,les Planes,437,50-64,70,53,123
2006,4,Districte IV,7,la Florida,421,50-64,108,90,198
2001,2,Districte II,4,la Torrassa,242,65-74,82,70,152
2011,4,Districte IV,7,la Florida,428,35-49,75,85,160
1998,1,Districte I,1,Centre,111,65-74,40,39,79
2009,1,Districte I,3,Sant Josep,115,12-15,18,22,40
2011,1,Districte I,1,Centre,109,75 i +,70,48,118
2013,3,Districte III,6,Santa Eulàlia,317,65-74,30,31,61
2007,6,Districte VI,12,Bellvitge,624,65-74,54,67,121
2002,3,Districte III,6,Santa Eulàlia,325,35-49,201,185,386
2009,5,Districte V,9,Can Serra,507,18-24,34,37,71
2015,6,Districte VI,12,Bellvitge,618,03-11,50,46,96
2012,4,Districte IV,8,les Planes,440,18-24,26,26,52
2003,5,Districte V,10,Pubilla Cases,524,12-15,21,21,42
2011,1,Districte I,1,Centre,113,25-34,155,130,285
2014,2,Districte II,5,Collblanc,214,12-15,50,45,95
1997,6,Districte VI,11,el Gornal,632,18-24,101,110,211
1995,6,Districte VI,12,Bellvitge,631,25-34,92,93,185
2001,6,Districte VI,12,Bellvitge,606,65-74,80,66,146
2001,5,Districte V,10,Pubilla Cases,517,03-11,44,49,93
2001,2,Districte II,4,la Torrassa,240,50-64,59,53,112
2000,6,Districte VI,11,el Gornal,626,16-17,10,8,18
2007,1,Districte I,1,Centre,109,65-74,40,44,84
2002,1,Districte I,3,Sant Josep,120,65-74,55,45,100
2014,3,Districte III,13,Granvia Sud,312,18-24,66,55,121
2008,2,Districte II,4,la Torrassa,243,35-49,204,200,404
2012,4,Districte IV,7,la Florida,412,65-74,108,82,190
1997,5,Districte V,10,Pubilla Cases,522,35-49,68,53,121
2001,4,Districte IV,7,la Florida,404,18-24,51,67,118
1998,2,Districte II,4,la Torrassa,238,25-34,57,50,107
2015,5,Districte V,10,Pubilla Cases,524,50-64,104,80,184
2015,3,Districte III,6,Santa Eulàlia,316,50-64,359,299,658
2001,4,Districte IV,8,les Planes,439,12-15,9,14,23
2015,3,Districte III,6,Santa Eulàlia,319,75 i +,41,29,70
2003,2,Districte II,5,Collblanc,226,25-34,118,124,242
2010,2,Districte II,4,la Torrassa,247,75 i +,72,46,118
1999,3,Districte III,6,Santa Eulàlia,305,50-64,103,117,220
2005,2,Districte II,4,la Torrassa,218,18-24,29,34,63
1997,3,Districte III,6,Santa Eulàlia,308,50-64,143,143,286
2000,6,Districte VI,12,Bellvitge,618,12-15,12,11,23
2012,3,Districte III,6,Santa Eulàlia,305,50-64,186,170,356
2013,5,Districte V,10,Pubilla Cases,518,03-11,48,52,100
1998,4,Districte IV,7,la Florida,408,00-02,5,11,16
2012,6,Districte VI,12,Bellvitge,631,03-11,33,43,76
2007,3,Districte III,6,Santa Eulàlia,311,18-24,51,50,101
2004,5,Districte V,10,Pubilla Cases,516,03-11,22,31,53
2003,1,Districte I,1,Centre,131,03-11,41,45,86
2004,1,Districte I,1,Centre,135,00-02,17,21,38
1995,5,Districte V,10,Pubilla Cases,515,12-15,11,7,18
2011,5,Districte V,10,Pubilla Cases,533,03-11,52,52,104
2005,1,Districte I,3,Sant Josep,136,18-24,64,48,112
1996,2,Districte II,4,la Torrassa,245,16-17,10,14,24
1997,1,Districte I,3,Sant Josep,117,03-11,76,74,150
2011,5,Districte V,10,Pubilla Cases,537,12-15,17,20,37
2006,4,Districte IV,7,la Florida,417,12-15,12,5,17
1999,6,Districte VI,12,Bellvitge,604,03-11,27,34,61
2000,2,Districte II,5,Collblanc,214,75 i +,40,18,58
2014,6,Districte VI,11,el Gornal,608,75 i +,96,60,156
1994,2,Districte II,4,la Torrassa,233,65-74,61,39,100
2010,1,Districte I,3,Sant Josep,138,75 i +,37,27,64
2005,3,Districte III,6,Santa Eulàlia,314,65-74,69,77,146
2012,4,Districte IV,7,la Florida,404,12-15,30,40,70
1994,6,Districte VI,12,Bellvitge,609,12-15,34,27,61
2006,3,Districte III,6,Santa Eulàlia,302,18-24,58,56,114
1995,4,Districte IV,7,la Florida,407,12-15,19,23,42
2015,4,Districte IV,7,la Florida,422,75 i +,76,45,121
2011,1,Districte I,2,Sanfeliu,118,75 i +,59,36,95
2000,3,Districte III,6,Santa Eulàlia,304,00-02,12,13,25
1997,5,Districte V,10,Pubilla Cases,517,12-15,19,25,44
2007,2,Districte II,4,la Torrassa,211,25-34,130,199,329
2009,2,Districte II,5,Collblanc,219,00-02,24,22,46
2005,1,Districte I,3,Sant Josep,127,75 i +,35,24,59
1997,1,Districte I,3,Sant Josep,119,75 i +,38,28,66
2013,6,Districte VI,12,Bellvitge,607,12-15,13,15,28
2000,5,Districte V,10,Pubilla Cases,509,16-17,9,7,16
2003,4,Districte IV,7,la Florida,409,25-34,73,96,169
1999,2,Districte II,5,Collblanc,219,18-24,43,43,86
2016,4,Districte IV,8,les Planes,419,75 i +,110,75,185
2013,3,Districte III,6,Santa Eulàlia,312,12-15,18,23,41
2016,1,Districte I,2,Sanfeliu,116,18-24,46,38,84
2013,4,Districte IV,8,les Planes,418,00-02,24,18,42
1998,2,Districte II,5,Collblanc,216,18-24,83,81,164
2011,1,Districte I,1,Centre,101,03-11,126,124,250
2014,5,Districte V,10,Pubilla Cases,530,50-64,131,117,248
2001,1,Districte I,1,Centre,124,03-11,25,29,54
2009,5,Districte V,9,Can Serra,506,03-11,62,71,133
2006,6,Districte VI,11,el Gornal,617,75 i +,34,28,62
1996,6,Districte VI,12,Bellvitge,620,16-17,16,15,31
2004,3,Districte III,6,Santa Eulàlia,319,16-17,12,6,18
2001,2,Districte II,4,la Torrassa,237,25-34,114,153,267
2006,1,Districte I,3,Sant Josep,114,03-11,57,61,118
1999,5,Districte V,10,Pubilla Cases,527,03-11,43,27,70
2009,5,Districte V,10,Pubilla Cases,533,65-74,58,30,88
2013,1,Districte I,1,Centre,131,25-34,65,88,153
1995,1,Districte I,3,Sant Josep,119,18-24,122,120,242
2016,2,Districte II,5,Collblanc,220,75 i +,95,57,152
2001,3,Districte III,6,Santa Eulàlia,319,12-15,16,14,30
2008,6,Districte VI,11,el Gornal,626,25-34,63,72,135
1997,4,Districte IV,8,les Planes,433,25-34,111,110,221
2003,5,Districte V,10,Pubilla Cases,513,03-11,26,21,47
2011,2,Districte II,4,la Torrassa,248,12-15,26,19,45
2000,2,Districte II,5,Collblanc,209,35-49,88,95,183
2010,5,Districte V,10,Pubilla Cases,527,03-11,53,58,111
1997,5,Districte V,10,Pubilla Cases,536,50-64,107,101,208
2013,5,Districte V,10,Pubilla Cases,525,12-15,17,18,35
2006,1,Districte I,2,Sanfeliu,118,18-24,86,78,164
2001,2,Districte II,5,Collblanc,201,00-02,7,5,12
1996,6,Districte VI,11,el Gornal,632,50-64,105,99,204
2008,3,Districte III,6,Santa Eulàlia,318,65-74,32,20,52
2016,1,Districte I,3,Sant Josep,121,75 i +,73,42,115
1996,2,Districte II,5,Collblanc,214,16-17,9,5,14
2012,1,Districte I,3,Sant Josep,127,65-74,32,19,51
2006,6,Districte VI,12,Bellvitge,607,25-34,77,107,184
1994,5,Districte V,10,Pubilla Cases,531,03-11,31,32,63
1999,5,Districte V,9,Can Serra,501,75 i +,20,11,31
2008,5,Districte V,10,Pubilla Cases,533,25-34,135,164,299
1996,4,Districte IV,8,les Planes,434,00-02,4,5,9
2014,6,Districte VI,12,Bellvitge,615,03-11,29,21,50
2000,1,Districte I,2,Sanfeliu,116,12-15,27,23,50
2005,3,Districte III,6,Santa Eulàlia,321,65-74,80,74,154
2009,4,Districte IV,7,la Florida,425,18-24,52,49,101
2003,2,Districte II,4,la Torrassa,232,65-74,63,46,109
2007,1,Districte I,3,Sant Josep,114,50-64,185,150,335
2007,4,Districte IV,7,la Florida,414,00-02,15,11,26
2012,5,Districte V,9,Can Serra,521,18-24,22,25,47
2014,3,Districte III,6,Santa Eulàlia,321,03-11,70,78,148
1994,4,Districte IV,8,les Planes,440,16-17,23,21,44
2000,2,Districte II,4,la Torrassa,239,50-64,119,70,189
1997,5,Districte V,10,Pubilla Cases,509,18-24,44,52,96
2013,4,Districte IV,8,les Planes,433,75 i +,92,50,142
1994,1,Districte I,1,Centre,102,65-74,69,52,121
2004,4,Districte IV,7,la Florida,415,50-64,52,57,109
2008,1,Districte I,1,Centre,134,75 i +,68,35,103
2000,6,Districte VI,12,Bellvitge,628,16-17,16,12,28
1999,4,Districte IV,8,les Planes,436,75 i +,30,22,52
1999,6,Districte VI,12,Bellvitge,627,25-34,80,95,175
2002,2,Districte II,4,la Torrassa,229,75 i +,48,21,69
1998,5,Districte V,10,Pubilla Cases,515,75 i +,25,11,36
2002,1,Districte I,3,Sant Josep,119,03-11,27,40,67
2006,4,Districte IV,7,la Florida,411,12-15,16,9,25
2005,2,Districte II,5,Collblanc,210,25-34,74,75,149
2008,2,Districte II,5,Collblanc,208,50-64,184,137,321
2014,2,Districte II,4,la Torrassa,236,12-15,14,15,29
2003,1,Districte I,1,Centre,101,50-64,116,132,248
2014,3,Districte III,6,Santa Eulàlia,316,12-15,21,28,49
2009,2,Districte II,5,Collblanc,212,50-64,100,111,211
1999,1,Districte I,2,Sanfeliu,118,25-34,121,141,262
2000,5,Districte V,10,Pubilla Cases,536,65-74,78,64,142
2007,4,Districte IV,8,les Planes,438,50-64,68,62,130
2006,5,Districte V,10,Pubilla Cases,519,16-17,7,4,11
2014,2,Districte II,4,la Torrassa,243,35-49,213,217,430
2012,2,Districte II,4,la Torrassa,237,35-49,178,215,393
2012,6,Districte VI,12,Bellvitge,603,75 i +,21,22,43
2005,6,Districte VI,12,Bellvitge,612,25-34,98,104,202
2002,2,Districte II,4,la Torrassa,249,35-49,116,119,235
1997,6,Districte VI,11,el Gornal,626,00-02,13,12,25
2011,2,Districte II,4,la Torrassa,239,18-24,42,48,90
2000,4,Districte IV,8,les Planes,433,65-74,48,43,91
2016,5,Districte V,10,Pubilla Cases,520,00-02,9,12,21
2013,2,Districte II,5,Collblanc,210,00-02,5,10,15
2008,1,Districte I,1,Centre,103,16-17,9,4,13
2007,2,Districte II,5,Collblanc,213,00-02,18,15,33
2013,5,Districte V,10,Pubilla Cases,510,35-49,128,149,277
2014,6,Districte VI,11,el Gornal,608,18-24,37,42,79
1997,5,Districte V,10,Pubilla Cases,526,03-11,20,26,46
2003,1,Districte I,3,Sant Josep,115,65-74,75,42,117
2001,2,Districte II,5,Collblanc,206,65-74,66,61,127
2004,2,Districte II,5,Collblanc,227,25-34,84,63,147
1995,1,Districte I,3,Sant Josep,125,75 i +,22,15,37
1999,5,Districte V,10,Pubilla Cases,524,03-11,37,43,80
2016,5,Districte V,10,Pubilla Cases,532,50-64,119,86,205
1995,6,Districte VI,11,el Gornal,629,35-49,60,58,118
2011,3,Districte III,6,Santa Eulàlia,313,50-64,219,190,409
1999,4,Districte IV,7,la Florida,411,18-24,60,57,117
1997,1,Districte I,3,Sant Josep,137,35-49,181,155,336
2003,1,Districte I,3,Sant Josep,126,75 i +,54,23,77
2011,2,Districte II,4,la Torrassa,229,16-17,12,11,23
2006,4,Districte IV,7,la Florida,424,65-74,41,30,71
2013,6,Districte VI,12,Bellvitge,631,35-49,118,132,250
1995,1,Districte I,1,Centre,109,25-34,98,99,197
1994,2,Districte II,5,Collblanc,207,12-15,15,20,35
2016,2,Districte II,5,Collblanc,205,75 i +,76,49,125
2003,6,Districte VI,11,el Gornal,608,00-02,7,7,14
1997,2,Districte II,5,Collblanc,203,12-15,7,18,25
1996,5,Districte V,10,Pubilla Cases,527,50-64,105,98,203
1996,2,Districte II,5,Collblanc,219,03-11,48,37,85
2012,3,Districte III,6,Santa Eulàlia,301,25-34,188,201,389
2008,2,Districte II,5,Collblanc,205,75 i +,68,48,116
2003,5,Districte V,9,Can Serra,506,50-64,251,223,474
1996,6,Districte VI,11,el Gornal,616,50-64,123,130,253
1997,3,Districte III,6,Santa Eulàlia,302,50-64,133,158,291
2004,2,Districte II,4,la Torrassa,240,50-64,49,47,96
2007,5,Districte V,10,Pubilla Cases,525,50-64,65,65,130
2001,1,Districte I,3,Sant Josep,120,18-24,66,98,164
1999,4,Districte IV,7,la Florida,414,00-02,7,9,16
2016,1,Districte I,3,Sant Josep,119,03-11,45,39,84
1998,4,Districte IV,7,la Florida,413,65-74,43,40,83
1998,2,Districte II,4,la Torrassa,218,18-24,37,41,78
2010,2,Districte II,4,la Torrassa,218,25-34,56,89,145
2014,1,Districte I,3,Sant Josep,119,75 i +,91,47,138
2003,5,Districte V,9,Can Serra,535,16-17,12,15,27
2012,2,Districte II,4,la Torrassa,238,35-49,122,136,258
2004,1,Districte I,3,Sant Josep,120,12-15,36,38,74
2009,3,Districte III,6,Santa Eulàlia,316,75 i +,73,31,104
2014,6,Districte VI,12,Bellvitge,607,16-17,3,11,14
2000,6,Districte VI,12,Bellvitge,604,12-15,10,12,22
1994,1,Districte I,3,Sant Josep,117,75 i +,43,17,60
2006,2,Districte II,4,la Torrassa,217,16-17,7,9,16
2013,2,Districte II,5,Collblanc,210,75 i +,106,42,148
2007,1,Districte I,3,Sant Josep,120,75 i +,65,26,91
2016,4,Districte IV,7,la Florida,416,50-64,112,107,219
2015,1,Districte I,3,Sant Josep,122,00-02,16,17,33
2012,2,Districte II,4,la Torrassa,247,35-49,166,192,358
2010,5,Districte V,9,Can Serra,502,50-64,136,127,263
2011,2,Districte II,4,la Torrassa,233,16-17,9,9,18
1995,2,Districte II,4,la Torrassa,229,50-64,75,67,142
2012,6,Districte VI,12,Bellvitge,613,12-15,13,23,36
1994,5,Districte V,9,Can Serra,504,50-64,159,157,316
2008,4,Districte IV,7,la Florida,407,12-15,11,11,22
2014,6,Districte VI,12,Bellvitge,606,16-17,5,5,10
2002,3,Districte III,6,Santa Eulàlia,311,25-34,130,159,289
2002,1,Districte I,3,Sant Josep,121,65-74,93,60,153
2003,6,Districte VI,12,Bellvitge,615,12-15,6,10,16
2003,2,Districte II,4,la Torrassa,248,03-11,41,40,81
1998,1,Districte I,1,Centre,104,16-17,6,7,13
2002,5,Districte V,10,Pubilla Cases,518,18-24,47,41,88
2004,6,Districte VI,12,Bellvitge,612,35-49,75,84,159
2015,6,Districte VI,12,Bellvitge,624,00-02,16,11,27
1997,2,Districte II,4,la Torrassa,229,75 i +,42,17,59
1998,3,Districte III,6,Santa Eulàlia,322,16-17,22,13,35
2004,2,Districte II,4,la Torrassa,240,75 i +,48,32,80
2009,6,Districte VI,12,Bellvitge,624,50-64,132,106,238
2016,1,Districte I,1,Centre,109,50-64,132,119,251
1998,4,Districte IV,7,la Florida,421,16-17,14,9,23
2011,2,Districte II,4,la Torrassa,235,18-24,59,46,105
2010,1,Districte I,3,Sant Josep,140,03-11,32,39,71
1999,3,Districte III,6,Santa Eulàlia,306,00-02,14,21,35
2007,6,Districte VI,12,Bellvitge,613,65-74,82,104,186
2012,1,Districte I,2,Sanfeliu,132,25-34,143,146,289
1998,2,Districte II,5,Collblanc,209,35-49,85,87,172
2005,1,Districte I,1,Centre,134,16-17,12,9,21
2013,1,Districte I,3,Sant Josep,122,00-02,12,15,27
2012,1,Districte I,3,Sant Josep,119,18-24,37,39,76
2004,5,Districte V,10,Pubilla Cases,519,35-49,71,79,150
1994,2,Districte II,5,Collblanc,207,03-11,22,20,42
2013,4,Districte IV,7,la Florida,430,65-74,36,27,63
2004,4,Districte IV,7,la Florida,408,03-11,27,38,65
2003,4,Districte IV,8,les Planes,429,75 i +,34,25,59
2012,1,Districte I,1,Centre,128,25-34,91,81,172
2004,4,Districte IV,7,la Florida,428,65-74,41,23,64
2000,2,Districte II,5,Collblanc,214,18-24,34,27,61
2012,2,Districte II,4,la Torrassa,228,16-17,4,9,13
1999,4,Districte IV,8,les Planes,401,65-74,108,87,195
2005,4,Districte IV,8,les Planes,418,35-49,132,154,286
2002,5,Districte V,10,Pubilla Cases,529,35-49,117,118,235
1999,6,Districte VI,12,Bellvitge,611,35-49,112,136,248
1998,6,Districte VI,12,Bellvitge,613,18-24,108,94,202
1998,6,Districte VI,12,Bellvitge,615,25-34,97,118,215
2003,5,Districte V,10,Pubilla Cases,537,50-64,135,119,254
2002,5,Districte V,9,Can Serra,521,12-15,15,13,28
1995,2,Districte II,4,la Torrassa,228,25-34,60,65,125
2000,3,Districte III,6,Santa Eulàlia,320,75 i +,20,12,32
2009,3,Districte III,6,Santa Eulàlia,301,65-74,135,117,252
2016,1,Districte I,1,Centre,104,75 i +,79,40,119
2009,1,Districte I,1,Centre,103,35-49,91,94,185
2002,5,Districte V,10,Pubilla Cases,512,25-34,64,94,158
1999,1,Districte I,1,Centre,107,50-64,192,188,380
2005,5,Districte V,9,Can Serra,502,03-11,43,49,92
2006,6,Districte VI,11,el Gornal,632,35-49,86,95,181
2007,5,Districte V,9,Can Serra,505,75 i +,59,42,101
1997,5,Districte V,10,Pubilla Cases,513,65-74,41,37,78
1999,2,Districte II,5,Collblanc,203,75 i +,53,26,79
2014,5,Districte V,9,Can Serra,503,35-49,82,61,143
2007,1,Districte I,3,Sant Josep,140,65-74,63,55,118
1998,5,Districte V,10,Pubilla Cases,531,03-11,23,29,52
2016,1,Districte I,1,Centre,105,65-74,65,74,139
2000,1,Districte I,1,Centre,128,50-64,104,91,195
2012,1,Districte I,2,Sanfeliu,116,50-64,146,125,271
2016,6,Districte VI,12,Bellvitge,611,18-24,45,49,94
1997,6,Districte VI,11,el Gornal,617,35-49,102,111,213
2016,1,Districte I,3,Sant Josep,140,65-74,48,45,93
2008,5,Districte V,10,Pubilla Cases,518,50-64,78,62,140
2014,5,Districte V,10,Pubilla Cases,513,75 i +,95,55,150
2008,5,Districte V,10,Pubilla Cases,511,35-49,85,89,174
1998,2,Districte II,4,la Torrassa,211,75 i +,81,43,124
2015,3,Districte III,6,Santa Eulàlia,320,75 i +,1,1,2
2000,3,Districte III,6,Santa Eulàlia,312,75 i +,46,30,76
2011,4,Districte IV,7,la Florida,432,65-74,68,67,135
1998,5,Districte V,10,Pubilla Cases,509,00-02,7,10,17
2011,1,Districte I,1,Centre,101,16-17,16,15,31
1996,4,Districte IV,7,la Florida,403,25-34,77,100,177
2008,1,Districte I,1,Centre,107,12-15,15,23,38
2009,1,Districte I,1,Centre,113,75 i +,55,38,93
2005,1,Districte I,3,Sant Josep,122,00-02,12,16,28
2011,1,Districte I,3,Sant Josep,126,00-02,10,9,19
1997,4,Districte IV,7,la Florida,409,03-11,18,23,41
2010,4,Districte IV,7,la Florida,415,35-49,109,133,242
2007,4,Districte IV,7,la Florida,404,50-64,107,104,211
1999,4,Districte IV,7,la Florida,415,18-24,35,33,68
1997,4,Districte IV,8,les Planes,434,12-15,10,13,23
1998,5,Districte V,9,Can Serra,502,00-02,12,6,18
2015,5,Districte V,10,Pubilla Cases,531,00-02,10,13,23
1996,2,Districte II,5,Collblanc,216,75 i +,42,29,71
1994,2,Districte II,5,Collblanc,220,03-11,21,35,56
2010,2,Districte II,4,la Torrassa,211,35-49,169,191,360
1997,3,Districte III,6,Santa Eulàlia,309,25-34,61,54,115
1999,2,Districte II,4,la Torrassa,211,25-34,108,115,223
2015,5,Districte V,10,Pubilla Cases,513,16-17,16,17,33
2006,4,Districte IV,8,les Planes,420,00-02,32,27,59
2009,4,Districte IV,7,la Florida,423,25-34,108,101,209
2006,6,Districte VI,11,el Gornal,616,25-34,214,230,444
2012,6,Districte VI,12,Bellvitge,604,00-02,10,13,23
1997,5,Districte V,9,Can Serra,501,18-24,121,143,264
2012,4,Districte IV,8,les Planes,436,25-34,89,94,183
1997,6,Districte VI,12,Bellvitge,612,35-49,76,77,153
1995,4,Districte IV,8,les Planes,434,75 i +,57,30,87
2002,4,Districte IV,7,la Florida,432,03-11,28,36,64
2009,2,Districte II,4,la Torrassa,238,65-74,41,38,79
1996,6,Districte VI,12,Bellvitge,604,50-64,91,77,168
2014,2,Districte II,4,la Torrassa,240,25-34,122,149,271
2008,4,Districte IV,7,la Florida,417,18-24,38,34,72
2008,1,Districte I,1,Centre,101,35-49,250,259,509
2008,4,Districte IV,7,la Florida,406,35-49,151,169,320
2011,4,Districte IV,7,la Florida,423,00-02,16,22,38
1995,6,Districte VI,12,Bellvitge,603,50-64,74,79,153
2008,6,Districte VI,12,Bellvitge,625,75 i +,42,20,62
2002,5,Districte V,9,Can Serra,507,16-17,8,12,20
2015,5,Districte V,10,Pubilla Cases,514,75 i +,98,60,158
1998,4,Districte IV,7,la Florida,421,25-34,120,130,250
2001,3,Districte III,6,Santa Eulàlia,305,50-64,106,113,219
2006,5,Districte V,10,Pubilla Cases,523,00-02,19,18,37
2001,2,Districte II,5,Collblanc,201,03-11,21,27,48
2000,1,Districte I,1,Centre,103,03-11,28,20,48
2005,4,Districte IV,8,les Planes,435,03-11,42,43,85
2006,1,Districte I,1,Centre,123,03-11,42,50,92
2011,4,Districte IV,7,la Florida,404,50-64,101,104,205
1999,6,Districte VI,12,Bellvitge,612,00-02,9,8,17
2014,4,Districte IV,7,la Florida,430,50-64,68,81,149
1996,2,Districte II,5,Collblanc,206,00-02,5,6,11
2002,2,Districte II,5,Collblanc,207,12-15,10,9,19
2009,6,Districte VI,12,Bellvitge,614,12-15,14,18,32
2016,2,Districte II,5,Collblanc,210,00-02,7,7,14
2011,1,Districte I,3,Sant Josep,120,18-24,79,71,150
1999,3,Districte III,6,Santa Eulàlia,323,35-49,434,403,837
2000,4,Districte IV,8,les Planes,434,00-02,7,2,9
2007,1,Districte I,3,Sant Josep,138,00-02,7,9,16
2002,4,Districte IV,7,la Florida,428,35-49,59,58,117
1998,5,Districte V,10,Pubilla Cases,534,25-34,81,80,161
1994,5,Districte V,10,Pubilla Cases,522,35-49,71,66,137
2008,5,Districte V,9,Can Serra,506,16-17,18,26,44
2003,6,Districte VI,12,Bellvitge,625,50-64,159,171,330
2002,3,Districte III,6,Santa Eulàlia,310,65-74,35,35,70
1999,6,Districte VI,12,Bellvitge,615,16-17,9,3,12
2007,2,Districte II,4,la Torrassa,238,75 i +,66,41,107
2015,2,Districte II,5,Collblanc,207,35-49,259,232,491
1997,6,Districte VI,12,Bellvitge,610,03-11,32,42,74
1994,1,Districte I,3,Sant Josep,125,65-74,51,38,89
1995,2,Districte II,4,la Torrassa,248,75 i +,66,42,108
2010,4,Districte IV,7,la Florida,427,25-34,106,116,222
2007,2,Districte II,5,Collblanc,205,16-17,7,10,17
1999,2,Districte II,4,la Torrassa,249,75 i +,56,32,88
2009,6,Districte VI,12,Bellvitge,615,50-64,104,61,165
2013,1,Districte I,1,Centre,128,65-74,62,48,110
1998,5,Districte V,10,Pubilla Cases,519,12-15,12,10,22
1996,4,Districte IV,7,la Florida,402,00-02,3,2,5
2015,3,Districte III,13,Granvia Sud,320,75 i +,50,31,81
2004,4,Districte IV,7,la Florida,406,35-49,140,132,272
2000,2,Districte II,5,Collblanc,226,16-17,10,7,17
2006,4,Districte IV,8,les Planes,418,50-64,105,90,195
2013,6,Districte VI,12,Bellvitge,612,16-17,7,13,20
2016,6,Districte VI,11,el Gornal,617,18-24,36,34,70
2003,2,Districte II,4,la Torrassa,245,35-49,120,124,244
1998,4,Districte IV,7,la Florida,416,00-02,8,9,17
1994,4,Districte IV,8,les Planes,440,00-02,8,7,15
2004,2,Districte II,4,la Torrassa,243,50-64,110,90,200
2007,5,Districte V,9,Can Serra,504,65-74,87,84,171
2005,4,Districte IV,7,la Florida,407,35-49,115,128,243
1998,5,Districte V,10,Pubilla Cases,525,00-02,9,5,14
2012,3,Districte III,6,Santa Eulàlia,315,18-24,64,58,122
2004,4,Districte IV,7,la Florida,427,65-74,66,33,99
1999,1,Districte I,2,Sanfeliu,129,65-74,45,32,77
1997,2,Districte II,4,la Torrassa,239,50-64,133,97,230
2002,2,Districte II,4,la Torrassa,228,25-34,84,98,182
2009,4,Districte IV,7,la Florida,402,12-15,11,10,21
2012,1,Districte I,1,Centre,124,25-34,59,48,107
2010,1,Districte I,3,Sant Josep,121,75 i +,89,47,136
2000,1,Districte I,1,Centre,101,16-17,24,16,40
1999,4,Districte IV,7,la Florida,402,18-24,35,37,72
1996,4,Districte IV,8,les Planes,434,18-24,23,22,45
1999,2,Districte II,5,Collblanc,221,00-02,12,10,22
1998,3,Districte III,6,Santa Eulàlia,324,12-15,26,17,43
2000,5,Districte V,10,Pubilla Cases,513,50-64,80,68,148
2000,2,Districte II,4,la Torrassa,235,00-02,14,11,25
2005,3,Districte III,6,Santa Eulàlia,309,16-17,10,6,16
2009,1,Districte I,3,Sant Josep,114,12-15,27,23,50
2012,1,Districte I,1,Centre,111,65-74,67,47,114
2008,4,Districte IV,7,la Florida,411,12-15,16,15,31
1996,5,Districte V,10,Pubilla Cases,524,75 i +,45,28,73
1998,1,Districte I,1,Centre,110,25-34,88,93,181
2011,5,Districte V,10,Pubilla Cases,527,12-15,30,20,50
2004,5,Districte V,10,Pubilla Cases,510,12-15,14,18,32
2005,5,Districte V,10,Pubilla Cases,510,75 i +,58,24,82
2012,2,Districte II,4,la Torrassa,232,12-15,18,17,35
2004,3,Districte III,6,Santa Eulàlia,316,18-24,178,189,367
1995,3,Districte III,6,Santa Eulàlia,318,18-24,36,56,92
2011,4,Districte IV,8,les Planes,436,50-64,53,65,118
2013,5,Districte V,9,Can Serra,506,65-74,147,144,291
1999,6,Districte VI,12,Bellvitge,604,65-74,29,30,59
2015,5,Districte V,10,Pubilla Cases,528,35-49,163,152,315
2002,2,Districte II,5,Collblanc,224,50-64,35,40,75
2005,6,Districte VI,12,Bellvitge,604,50-64,69,55,124
2007,5,Districte V,10,Pubilla Cases,525,65-74,67,48,115
1995,3,Districte III,6,Santa Eulàlia,322,75 i +,38,16,54
2006,1,Districte I,1,Centre,128,16-17,8,14,22
1997,3,Districte III,6,Santa Eulàlia,319,18-24,45,55,100
2005,6,Districte VI,11,el Gornal,632,75 i +,30,18,48
1997,4,Districte IV,7,la Florida,417,16-17,8,2,10
2000,1,Districte I,1,Centre,113,50-64,110,130,240
1995,1,Districte I,1,Centre,107,65-74,77,55,132
1994,4,Districte IV,8,les Planes,435,65-74,110,88,198
2011,6,Districte VI,12,Bellvitge,612,03-11,37,36,73
2008,6,Districte VI,12,Bellvitge,630,25-34,85,104,189
2013,3,Districte III,6,Santa Eulàlia,309,12-15,10,23,33
2002,6,Districte VI,12,Bellvitge,606,00-02,17,15,32
2000,4,Districte IV,7,la Florida,425,35-49,76,86,162
2010,5,Districte V,10,Pubilla Cases,534,65-74,56,50,106
2003,5,Districte V,10,Pubilla Cases,508,03-11,19,23,42
1998,4,Districte IV,7,la Florida,428,18-24,21,23,44
1994,2,Districte II,4,la Torrassa,248,16-17,9,17,26
2011,2,Districte II,5,Collblanc,209,16-17,6,8,14
1994,6,Districte VI,12,Bellvitge,604,03-11,34,34,68
1998,4,Districte IV,7,la Florida,427,03-11,16,28,44
2006,6,Districte VI,12,Bellvitge,627,03-11,34,24,58
1999,5,Districte V,9,Can Serra,535,50-64,145,150,295
2011,5,Districte V,10,Pubilla Cases,538,16-17,10,14,24
2012,2,Districte II,4,la Torrassa,236,35-49,124,114,238
2003,1,Districte I,1,Centre,130,03-11,37,34,71
2003,2,Districte II,4,la Torrassa,217,50-64,35,37,72
2009,5,Districte V,10,Pubilla Cases,530,75 i +,97,60,157
2000,1,Districte I,1,Centre,133,00-02,5,4,9
2015,2,Districte II,5,Collblanc,205,75 i +,79,51,130
1995,1,Districte I,1,Centre,111,18-24,68,93,161
1998,5,Districte V,10,Pubilla Cases,523,03-11,25,39,64
1999,5,Districte V,10,Pubilla Cases,534,35-49,78,74,152
1997,5,Districte V,9,Can Serra,507,16-17,17,12,29
1998,5,Districte V,10,Pubilla Cases,517,16-17,12,14,26
1994,5,Districte V,9,Can Serra,505,18-24,166,161,327
2015,5,Districte V,10,Pubilla Cases,525,25-34,80,63,143
1999,4,Districte IV,7,la Florida,410,18-24,86,103,189
1998,2,Districte II,5,Collblanc,227,16-17,4,5,9
1994,1,Districte I,1,Centre,105,75 i +,42,22,64
2005,3,Districte III,6,Santa Eulàlia,311,00-02,20,22,42
2016,2,Districte II,4,la Torrassa,233,35-49,131,147,278
2003,4,Districte IV,7,la Florida,412,25-34,134,176,310
2005,1,Districte I,1,Centre,128,03-11,23,25,48
1999,2,Districte II,5,Collblanc,204,12-15,6,12,18
2005,6,Districte VI,12,Bellvitge,618,65-74,21,28,49
2008,4,Districte IV,7,la Florida,427,35-49,119,115,234
1998,5,Districte V,9,Can Serra,505,00-02,9,2,11
2008,2,Districte II,4,la Torrassa,241,35-49,111,106,217
2006,1,Districte I,3,Sant Josep,114,50-64,189,164,353
2011,4,Districte IV,7,la Florida,425,16-17,5,9,14
2012,4,Districte IV,8,les Planes,442,25-34,43,50,93
2004,4,Districte IV,8,les Planes,419,65-74,44,37,81
1996,1,Districte I,3,Sant Josep,139,03-11,20,39,59
2006,3,Districte III,6,Santa Eulàlia,304,25-34,148,150,298
2004,5,Districte V,10,Pubilla Cases,513,00-02,12,10,22
2009,6,Districte VI,11,el Gornal,622,25-34,56,71,127
1997,6,Districte VI,12,Bellvitge,605,50-64,125,105,230
1995,5,Districte V,9,Can Serra,502,12-15,46,30,76
2002,1,Districte I,1,Centre,133,18-24,44,52,96
2012,4,Districte IV,7,la Florida,422,03-11,45,62,107
2000,3,Districte III,6,Santa Eulàlia,318,16-17,15,9,24
2000,4,Districte IV,7,la Florida,402,16-17,4,7,11
2008,6,Districte VI,12,Bellvitge,604,18-24,21,39,60
2014,3,Districte III,6,Santa Eulàlia,303,25-34,109,102,211
2004,5,Districte V,9,Can Serra,507,12-15,20,15,35
2010,3,Districte III,6,Santa Eulàlia,302,65-74,66,73,139
2012,2,Districte II,5,Collblanc,203,65-74,31,36,67
2003,2,Districte II,4,la Torrassa,238,12-15,10,9,19
2000,4,Districte IV,7,la Florida,404,12-15,16,18,34
2010,1,Districte I,3,Sant Josep,126,50-64,94,75,169
2006,1,Districte I,3,Sant Josep,106,50-64,242,237,479
1995,3,Districte III,6,Santa Eulàlia,304,35-49,88,90,178
2001,4,Districte IV,7,la Florida,408,50-64,70,56,126
2000,4,Districte IV,7,la Florida,403,50-64,143,130,273
2010,5,Districte V,9,Can Serra,535,35-49,93,99,192
2011,6,Districte VI,12,Bellvitge,612,50-64,68,68,136
1999,4,Districte IV,7,la Florida,425,35-49,76,80,156
2005,4,Districte IV,8,les Planes,440,75 i +,56,37,93
2009,4,Districte IV,7,la Florida,427,65-74,48,25,73
2001,1,Districte I,1,Centre,111,65-74,49,48,97
2011,2,Districte II,5,Collblanc,209,18-24,33,48,81
2000,5,Districte V,10,Pubilla Cases,526,16-17,4,5,9
2011,4,Districte IV,7,la Florida,426,16-17,7,12,19
2012,2,Districte II,4,la Torrassa,243,00-02,19,23,42
2000,4,Districte IV,8,les Planes,442,25-34,47,46,93
2002,6,Districte VI,12,Bellvitge,615,50-64,155,123,278
1998,4,Districte IV,8,les Planes,438,03-11,22,26,48
2000,3,Districte III,6,Santa Eulàlia,322,75 i +,47,21,68
2014,2,Districte II,4,la Torrassa,217,35-49,179,222,401
2008,6,Districte VI,12,Bellvitge,628,03-11,28,48,76
1999,3,Districte III,6,Santa Eulàlia,319,12-15,16,18,34
2010,4,Districte IV,8,les Planes,418,65-74,75,63,138
2008,2,Districte II,5,Collblanc,223,65-74,65,53,118
2013,4,Districte IV,7,la Florida,406,18-24,56,49,105
2006,5,Districte V,10,Pubilla Cases,532,03-11,48,31,79
2009,1,Districte I,2,Sanfeliu,118,75 i +,56,32,88
2004,1,Districte I,3,Sant Josep,137,35-49,164,162,326
2002,5,Districte V,10,Pubilla Cases,510,50-64,111,92,203
1997,2,Districte II,4,la Torrassa,247,75 i +,58,30,88
2006,6,Districte VI,12,Bellvitge,631,75 i +,44,23,67
1998,2,Districte II,5,Collblanc,203,35-49,51,61,112
2002,2,Districte II,5,Collblanc,212,16-17,8,14,22
1999,1,Districte I,2,Sanfeliu,129,18-24,65,63,128
2000,2,Districte II,4,la Torrassa,247,25-34,96,107,203
2011,3,Districte III,6,Santa Eulàlia,306,12-15,30,32,62
2005,3,Districte III,6,Santa Eulàlia,324,16-17,9,12,21
2003,5,Districte V,10,Pubilla Cases,511,18-24,27,32,59
2014,4,Districte IV,7,la Florida,425,18-24,38,41,79
1995,3,Districte III,6,Santa Eulàlia,305,03-11,78,65,143
2013,6,Districte VI,11,el Gornal,616,35-49,280,273,553
2011,1,Districte I,1,Centre,124,65-74,31,28,59
2004,5,Districte V,10,Pubilla Cases,519,65-74,47,36,83
2015,1,Districte I,3,Sant Josep,120,18-24,69,62,131
1995,2,Districte II,4,la Torrassa,242,75 i +,59,35,94
1999,6,Districte VI,12,Bellvitge,615,00-02,5,5,10
1994,1,Districte I,1,Centre,108,03-11,57,51,108
2011,2,Districte II,4,la Torrassa,234,18-24,36,40,76
2007,1,Districte I,2,Sanfeliu,118,25-34,163,184,347
1995,5,Districte V,10,Pubilla Cases,527,65-74,66,45,111
2014,4,Districte IV,7,la Florida,404,35-49,162,184,346
2013,3,Districte III,6,Santa Eulàlia,319,35-49,261,271,532
2013,6,Districte VI,12,Bellvitge,615,16-17,8,13,21
2004,6,Districte VI,12,Bellvitge,620,65-74,32,42,74
2011,2,Districte II,4,la Torrassa,228,03-11,37,35,72
2007,6,Districte VI,12,Bellvitge,614,65-74,68,65,133
2009,6,Districte VI,12,Bellvitge,610,03-11,45,50,95
2005,4,Districte IV,7,la Florida,427,25-34,103,134,237
2004,5,Districte V,10,Pubilla Cases,531,25-34,100,105,205
2015,5,Districte V,10,Pubilla Cases,523,25-34,87,102,189
1998,5,Districte V,10,Pubilla Cases,537,75 i +,50,25,75
1995,4,Districte IV,8,les Planes,436,12-15,12,18,30
1997,2,Districte II,4,la Torrassa,229,12-15,6,11,17
2003,3,Districte III,6,Santa Eulàlia,319,50-64,117,124,241
2003,2,Districte II,5,Collblanc,225,75 i +,49,33,82
2000,5,Districte V,9,Can Serra,503,16-17,12,16,28
2012,6,Districte VI,12,Bellvitge,615,75 i +,43,38,81
2015,5,Districte V,9,Can Serra,507,65-74,57,45,102
2014,5,Districte V,10,Pubilla Cases,517,25-34,147,166,313
1998,3,Districte III,6,Santa Eulàlia,315,75 i +,51,29,80
1997,5,Districte V,10,Pubilla Cases,523,65-74,96,78,174
1999,6,Districte VI,12,Bellvitge,621,16-17,24,37,61
1994,1,Districte I,3,Sant Josep,126,75 i +,35,16,51
2015,4,Districte IV,7,la Florida,406,18-24,62,54,116
2002,2,Districte II,4,la Torrassa,243,12-15,20,22,42
2010,6,Districte VI,11,el Gornal,622,16-17,7,9,16
2013,6,Districte VI,12,Bellvitge,607,50-64,85,86,171
2016,5,Districte V,10,Pubilla Cases,537,65-74,88,68,156
2013,1,Districte I,2,Sanfeliu,116,16-17,12,13,25
2005,3,Districte III,6,Santa Eulàlia,322,16-17,8,13,21
1997,5,Districte V,10,Pubilla Cases,523,50-64,150,143,293
2012,5,Districte V,10,Pubilla Cases,534,35-49,125,137,262
2006,2,Districte II,5,Collblanc,219,03-11,56,45,101
2009,1,Districte I,1,Centre,128,03-11,27,35,62
2013,5,Districte V,9,Can Serra,504,03-11,25,39,64
1995,3,Districte III,6,Santa Eulàlia,303,50-64,228,228,456
2003,1,Districte I,1,Centre,135,18-24,87,108,195
1999,3,Districte III,6,Santa Eulàlia,311,25-34,114,146,260
2005,1,Districte I,2,Sanfeliu,132,00-02,32,20,52
2005,2,Districte II,5,Collblanc,220,50-64,64,47,111
2002,6,Districte VI,12,Bellvitge,625,00-02,10,10,20
1997,2,Districte II,5,Collblanc,210,16-17,10,6,16
2003,4,Districte IV,8,les Planes,429,18-24,34,31,65
2016,3,Districte III,6,Santa Eulàlia,318,25-34,51,49,100
2006,2,Districte II,4,la Torrassa,237,00-02,21,24,45
2005,4,Districte IV,8,les Planes,441,25-34,140,159,299
2001,2,Districte II,4,la Torrassa,230,65-74,53,43,96
2006,4,Districte IV,8,les Planes,435,18-24,50,71,121
1999,3,Districte III,6,Santa Eulàlia,302,03-11,51,51,102
1997,2,Districte II,5,Collblanc,212,75 i +,60,34,94
1997,5,Districte V,9,Can Serra,503,00-02,4,12,16
2012,2,Districte II,5,Collblanc,220,16-17,10,3,13
2013,2,Districte II,4,la Torrassa,211,65-74,43,35,78
2005,3,Districte III,6,Santa Eulàlia,312,25-34,181,159,340
2003,1,Districte I,1,Centre,102,00-02,25,24,49
2009,5,Districte V,10,Pubilla Cases,515,65-74,28,27,55
2003,2,Districte II,5,Collblanc,221,12-15,27,25,52
1999,5,Districte V,10,Pubilla Cases,533,65-74,60,63,123
1996,1,Districte I,1,Centre,102,35-49,161,153,314
2015,3,Districte III,6,Santa Eulàlia,326,16-17,6,5,11
2004,2,Districte II,4,la Torrassa,246,00-02,16,17,33
2001,1,Districte I,3,Sant Josep,138,16-17,5,12,17
1994,5,Districte V,10,Pubilla Cases,530,16-17,18,19,37
2012,3,Districte III,6,Santa Eulàlia,318,75 i +,31,21,52
2005,3,Districte III,6,Santa Eulàlia,325,65-74,120,85,205
2011,2,Districte II,5,Collblanc,205,50-64,104,96,200
1994,4,Districte IV,8,les Planes,434,75 i +,54,27,81
2008,2,Districte II,4,la Torrassa,240,12-15,13,16,29
2014,2,Districte II,4,la Torrassa,243,16-17,13,19,32
2001,1,Districte I,3,Sant Josep,126,18-24,59,47,106
2006,6,Districte VI,11,el Gornal,616,12-15,65,71,136
2012,3,Districte III,6,Santa Eulàlia,311,12-15,29,26,55
1995,3,Districte III,6,Santa Eulàlia,320,00-02,6,9,15
2004,6,Districte VI,12,Bellvitge,606,25-34,94,99,193
2014,2,Districte II,4,la Torrassa,239,50-64,92,77,169
1997,2,Districte II,4,la Torrassa,233,25-34,75,68,143
2003,4,Districte IV,8,les Planes,441,00-02,18,13,31
1995,4,Districte IV,7,la Florida,427,75 i +,52,34,86
1997,6,Districte VI,12,Bellvitge,610,00-02,7,12,19
1999,5,Districte V,10,Pubilla Cases,523,03-11,29,44,73
2009,6,Districte VI,12,Bellvitge,612,35-49,110,137,247
1995,2,Districte II,4,la Torrassa,235,50-64,155,152,307
2002,5,Districte V,10,Pubilla Cases,525,12-15,18,12,30
1997,6,Districte VI,12,Bellvitge,607,75 i +,33,13,46
2004,5,Districte V,10,Pubilla Cases,522,25-34,100,101,201
1994,6,Districte VI,12,Bellvitge,604,65-74,30,26,56
2000,6,Districte VI,12,Bellvitge,606,75 i +,37,22,59
2013,1,Districte I,1,Centre,123,50-64,129,114,243
2015,2,Districte II,4,la Torrassa,246,75 i +,73,48,121
2008,4,Districte IV,7,la Florida,422,50-64,77,73,150
2012,3,Districte III,6,Santa Eulàlia,310,25-34,90,68,158
2011,3,Districte III,6,Santa Eulàlia,310,18-24,25,31,56
1995,5,Districte V,10,Pubilla Cases,526,75 i +,27,11,38
1998,5,Districte V,10,Pubilla Cases,531,75 i +,45,23,68
2010,3,Districte III,6,Santa Eulàlia,316,03-11,45,59,104
2003,3,Districte III,6,Santa Eulàlia,303,03-11,37,42,79
2004,2,Districte II,5,Collblanc,215,75 i +,74,45,119
2006,4,Districte IV,7,la Florida,425,00-02,11,12,23
2007,5,Districte V,10,Pubilla Cases,511,00-02,8,10,18
2014,3,Districte III,6,Santa Eulàlia,320,12-15,2,5,7
2006,3,Districte III,6,Santa Eulàlia,305,25-34,109,122,231
1999,3,Districte III,6,Santa Eulàlia,315,00-02,12,20,32
2013,1,Districte I,3,Sant Josep,121,65-74,25,18,43
2010,5,Districte V,10,Pubilla Cases,525,35-49,102,121,223
2010,4,Districte IV,7,la Florida,427,65-74,41,25,66
2010,2,Districte II,4,la Torrassa,232,18-24,44,38,82
2004,5,Districte V,9,Can Serra,503,65-74,34,23,57
2004,1,Districte I,1,Centre,123,35-49,143,158,301
1999,6,Districte VI,12,Bellvitge,603,12-15,7,14,21
2010,6,Districte VI,11,el Gornal,622,50-64,98,86,184
2010,4,Districte IV,7,la Florida,428,25-34,67,71,138
2009,2,Districte II,5,Collblanc,220,00-02,20,17,37
2009,3,Districte III,6,Santa Eulàlia,308,16-17,18,19,37
2010,3,Districte III,6,Santa Eulàlia,324,25-34,104,114,218
2010,5,Districte V,10,Pubilla Cases,538,16-17,10,8,18
2005,4,Districte IV,7,la Florida,421,35-49,114,134,248
2008,2,Districte II,4,la Torrassa,247,35-49,166,191,357
2011,1,Districte I,3,Sant Josep,106,18-24,64,70,134
2011,1,Districte I,3,Sant Josep,119,18-24,36,44,80
2007,6,Districte VI,12,Bellvitge,601,03-11,41,42,83
2016,1,Districte I,3,Sant Josep,138,16-17,9,6,15
2006,3,Districte III,6,Santa Eulàlia,320,35-49,120,140,260
2016,2,Districte II,4,la Torrassa,248,35-49,171,168,339
2005,5,Districte V,10,Pubilla Cases,537,75 i +,72,40,112
1997,2,Districte II,5,Collblanc,208,03-11,45,45,90
2013,5,Districte V,10,Pubilla Cases,525,35-49,125,126,251
2007,1,Districte I,1,Centre,111,25-34,83,82,165
2006,5,Districte V,10,Pubilla Cases,524,25-34,157,157,314
2001,4,Districte IV,8,les Planes,437,18-24,39,36,75
2015,3,Districte III,6,Santa Eulàlia,321,16-17,27,25,52
2006,1,Districte I,2,Sanfeliu,132,12-15,34,42,76
2010,1,Districte I,1,Centre,104,35-49,103,133,236
2014,6,Districte VI,12,Bellvitge,627,03-11,29,29,58
2011,6,Districte VI,11,el Gornal,622,35-49,91,96,187
2010,5,Districte V,10,Pubilla Cases,533,00-02,16,20,36
2005,1,Districte I,1,Centre,111,03-11,15,34,49
1994,1,Districte I,1,Centre,135,12-15,48,65,113
2010,1,Districte I,1,Centre,104,03-11,40,33,73
2000,2,Districte II,4,la Torrassa,228,35-49,44,49,93
2004,4,Districte IV,8,les Planes,442,16-17,8,8,16
2012,2,Districte II,4,la Torrassa,249,16-17,11,9,20
2012,1,Districte I,2,Sanfeliu,118,16-17,13,16,29
2010,5,Districte V,10,Pubilla Cases,529,65-74,68,51,119
2013,2,Districte II,4,la Torrassa,248,03-11,58,54,112
2005,5,Districte V,10,Pubilla Cases,520,16-17,8,12,20
2007,2,Districte II,4,la Torrassa,237,50-64,89,92,181
1996,1,Districte I,3,Sant Josep,122,25-34,80,88,168
2001,3,Districte III,6,Santa Eulàlia,320,35-49,61,61,122
2006,5,Districte V,9,Can Serra,504,65-74,86,87,173
1998,2,Districte II,4,la Torrassa,235,00-02,13,14,27
2008,3,Districte III,6,Santa Eulàlia,306,18-24,57,68,125
1997,1,Districte I,1,Centre,110,35-49,172,138,310
2002,4,Districte IV,7,la Florida,416,00-02,12,12,24
2007,3,Districte III,6,Santa Eulàlia,312,35-49,194,204,398
2013,3,Districte III,6,Santa Eulàlia,301,12-15,37,40,77
2010,1,Districte I,1,Centre,113,18-24,67,74,141
2010,6,Districte VI,12,Bellvitge,606,16-17,14,6,20
2015,1,Districte I,1,Centre,108,50-64,145,126,271
2012,4,Districte IV,8,les Planes,429,03-11,25,23,48
2006,4,Districte IV,8,les Planes,419,75 i +,44,29,73
2013,6,Districte VI,11,el Gornal,608,50-64,137,111,248
1995,1,Districte I,1,Centre,112,35-49,198,201,399
2010,5,Districte V,10,Pubilla Cases,517,03-11,57,69,126
2001,4,Districte IV,7,la Florida,412,03-11,40,46,86
1999,2,Districte II,4,la Torrassa,240,25-34,64,58,122
2012,3,Districte III,6,Santa Eulàlia,302,75 i +,68,37,105
2007,3,Districte III,6,Santa Eulàlia,311,75 i +,95,51,146
1996,2,Districte II,5,Collblanc,212,00-02,7,12,19
2016,6,Districte VI,12,Bellvitge,602,00-02,12,20,32
2015,5,Districte V,10,Pubilla Cases,530,18-24,60,70,130
1995,3,Districte III,6,Santa Eulàlia,324,03-11,45,35,80
2007,2,Districte II,5,Collblanc,213,35-49,125,116,241
1994,4,Districte IV,7,la Florida,431,50-64,154,136,290
2002,5,Districte V,10,Pubilla Cases,538,35-49,118,108,226
1997,1,Districte I,3,Sant Josep,121,03-11,32,25,57
2005,5,Districte V,10,Pubilla Cases,534,50-64,92,83,175
2008,1,Districte I,1,Centre,128,03-11,29,31,60
2001,3,Districte III,6,Santa Eulàlia,319,75 i +,26,21,47
2013,3,Districte III,6,Santa Eulàlia,307,50-64,182,143,325
2008,5,Districte V,9,Can Serra,535,75 i +,41,30,71
1998,3,Districte III,6,Santa Eulàlia,307,00-02,12,14,26
2013,6,Districte VI,12,Bellvitge,625,25-34,77,93,170
2016,6,Districte VI,12,Bellvitge,621,75 i +,51,43,94
2003,4,Districte IV,7,la Florida,426,50-64,81,70,151
2003,2,Districte II,4,la Torrassa,247,00-02,20,13,33
1995,5,Districte V,10,Pubilla Cases,532,75 i +,51,33,84
1999,2,Districte II,4,la Torrassa,235,75 i +,69,44,113
2001,1,Districte I,1,Centre,124,12-15,18,17,35
1999,4,Districte IV,7,la Florida,417,25-34,57,58,115
2006,1,Districte I,1,Centre,123,25-34,128,101,229
2016,4,Districte IV,8,les Planes,433,50-64,163,157,320
2000,6,Districte VI,12,Bellvitge,620,35-49,63,60,123
2009,4,Districte IV,7,la Florida,407,18-24,36,49,85
2002,2,Districte II,5,Collblanc,219,65-74,81,60,141
2005,1,Districte I,3,Sant Josep,106,35-49,203,177,380
2015,1,Districte I,1,Centre,131,35-49,153,174,327
2004,6,Districte VI,12,Bellvitge,615,00-02,11,2,13
2004,3,Districte III,6,Santa Eulàlia,312,12-15,32,26,58
1997,4,Districte IV,7,la Florida,406,25-34,103,104,207
1998,6,Districte VI,12,Bellvitge,620,65-74,15,23,38
2000,3,Districte III,6,Santa Eulàlia,308,03-11,44,45,89
1996,5,Districte V,10,Pubilla Cases,508,35-49,49,52,101
2000,1,Districte I,1,Centre,128,25-34,112,104,216
1995,5,Districte V,10,Pubilla Cases,528,35-49,101,79,180
1996,1,Districte I,1,Centre,130,50-64,122,103,225
2011,4,Districte IV,7,la Florida,406,65-74,74,63,137
2015,4,Districte IV,7,la Florida,403,00-02,17,10,27
2013,1,Districte I,3,Sant Josep,126,00-02,12,12,24
2016,1,Districte I,3,Sant Josep,106,35-49,181,197,378
2009,5,Districte V,10,Pubilla Cases,518,25-34,97,107,204
2016,6,Districte VI,11,el Gornal,616,00-02,22,23,45
2008,4,Districte IV,7,la Florida,407,03-11,42,40,82
2009,4,Districte IV,7,la Florida,417,65-74,29,21,50
1996,4,Districte IV,7,la Florida,424,65-74,26,26,52
2004,2,Districte II,4,la Torrassa,228,65-74,43,37,80
2008,2,Districte II,4,la Torrassa,239,75 i +,97,60,157
2007,6,Districte VI,12,Bellvitge,607,25-34,81,106,187
1995,4,Districte IV,7,la Florida,416,35-49,48,44,92
2011,2,Districte II,4,la Torrassa,229,00-02,12,13,25
1995,6,Districte VI,11,el Gornal,632,16-17,29,26,55
2004,3,Districte III,6,Santa Eulàlia,316,12-15,46,52,98
1994,5,Districte V,9,Can Serra,505,00-02,18,10,28
2004,2,Districte II,5,Collblanc,214,12-15,12,4,16
2005,1,Districte I,3,Sant Josep,139,12-15,13,14,27
2006,2,Districte II,5,Collblanc,219,50-64,93,72,165
1994,1,Districte I,1,Centre,128,16-17,24,19,43
2003,6,Districte VI,12,Bellvitge,605,12-15,7,7,14
2011,2,Districte II,4,la Torrassa,228,25-34,77,74,151
1997,2,Districte II,5,Collblanc,219,25-34,88,91,179
2014,2,Districte II,4,la Torrassa,234,25-34,83,73,156
1994,5,Districte V,10,Pubilla Cases,538,18-24,75,91,166
2011,6,Districte VI,11,el Gornal,616,25-34,279,302,581
2013,4,Districte IV,7,la Florida,422,03-11,44,65,109
1998,1,Districte I,1,Centre,105,75 i +,46,28,74
2010,6,Districte VI,11,el Gornal,617,00-02,14,19,33
2010,1,Districte I,1,Centre,133,18-24,27,30,57
2005,6,Districte VI,12,Bellvitge,619,65-74,102,92,194
2007,3,Districte III,6,Santa Eulàlia,303,18-24,43,46,89
2006,4,Districte IV,8,les Planes,440,75 i +,58,38,96
2008,5,Districte V,10,Pubilla Cases,536,16-17,10,4,14
1999,2,Districte II,4,la Torrassa,241,25-34,61,56,117
2003,1,Districte I,1,Centre,109,12-15,20,13,33
1995,2,Districte II,5,Collblanc,206,03-11,26,21,47
2009,6,Districte VI,11,el Gornal,616,00-02,44,39,83
2012,4,Districte IV,7,la Florida,414,00-02,11,14,25
1997,6,Districte VI,12,Bellvitge,615,12-15,16,6,22
2002,5,Districte V,9,Can Serra,503,03-11,29,40,69
2001,6,Districte VI,12,Bellvitge,607,03-11,31,29,60
2013,4,Districte IV,8,les Planes,419,35-49,253,312,565
1999,3,Districte III,6,Santa Eulàlia,316,16-17,62,65,127
2015,6,Districte VI,11,el Gornal,617,75 i +,63,40,103
2000,6,Districte VI,12,Bellvitge,613,16-17,8,5,13
2010,3,Districte III,6,Santa Eulàlia,322,75 i +,65,44,109
2015,6,Districte VI,11,el Gornal,616,03-11,108,105,213
2005,2,Districte II,5,Collblanc,226,12-15,13,18,31
2015,3,Districte III,6,Santa Eulàlia,315,35-49,256,253,509
2006,1,Districte I,3,Sant Josep,127,65-74,40,38,78
2001,5,Districte V,10,Pubilla Cases,515,03-11,17,16,33
2004,1,Districte I,1,Centre,101,35-49,201,183,384
2006,4,Districte IV,7,la Florida,426,12-15,12,24,36
1999,4,Districte IV,7,la Florida,425,18-24,50,33,83
2007,1,Districte I,1,Centre,102,03-11,62,70,132
2000,4,Districte IV,7,la Florida,431,75 i +,63,41,104
1996,1,Districte I,3,Sant Josep,120,16-17,12,25,37
2006,6,Districte VI,12,Bellvitge,623,25-34,134,154,288
2000,6,Districte VI,12,Bellvitge,614,35-49,82,71,153
2012,6,Districte VI,12,Bellvitge,610,35-49,135,148,283
2003,6,Districte VI,12,Bellvitge,627,35-49,119,98,217
2006,6,Districte VI,11,el Gornal,617,00-02,5,12,17
2014,2,Districte II,5,Collblanc,226,65-74,81,70,151
1994,3,Districte III,6,Santa Eulàlia,320,12-15,13,23,36
1998,6,Districte VI,11,el Gornal,616,50-64,146,154,300
2009,5,Districte V,10,Pubilla Cases,519,75 i +,35,25,60
1996,6,Districte VI,12,Bellvitge,627,25-34,60,78,138
2015,2,Districte II,4,la Torrassa,249,75 i +,73,42,115
2001,1,Districte I,1,Centre,108,16-17,14,10,24
2012,3,Districte III,6,Santa Eulàlia,316,65-74,91,99,190
1994,6,Districte VI,11,el Gornal,629,16-17,12,9,21
1998,3,Districte III,6,Santa Eulàlia,307,03-11,43,64,107
1994,5,Districte V,10,Pubilla Cases,526,75 i +,26,12,38
2016,5,Districte V,10,Pubilla Cases,523,12-15,25,23,48
2013,5,Districte V,9,Can Serra,506,16-17,20,16,36
1999,5,Districte V,10,Pubilla Cases,530,35-49,108,108,216
2011,1,Districte I,1,Centre,104,65-74,45,35,80
2014,6,Districte VI,12,Bellvitge,610,12-15,19,29,48
2013,6,Districte VI,12,Bellvitge,601,03-11,77,89,166
2002,6,Districte VI,12,Bellvitge,606,35-49,98,111,209
2012,5,Districte V,9,Can Serra,502,12-15,29,29,58
1994,2,Districte II,4,la Torrassa,248,50-64,105,110,215
2009,4,Districte IV,8,les Planes,439,03-11,55,65,120
1998,3,Districte III,6,Santa Eulàlia,311,50-64,139,130,269
1994,4,Districte IV,8,les Planes,436,03-11,33,33,66
1994,3,Districte III,6,Santa Eulàlia,321,50-64,140,161,301
2009,1,Districte I,3,Sant Josep,121,75 i +,86,47,133
1996,2,Districte II,4,la Torrassa,245,75 i +,61,29,90
2013,1,Districte I,1,Centre,105,50-64,156,109,265
1996,5,Districte V,10,Pubilla Cases,536,12-15,13,15,28
2011,5,Districte V,10,Pubilla Cases,531,16-17,11,13,24
2010,6,Districte VI,12,Bellvitge,613,35-49,146,161,307
2007,6,Districte VI,11,el Gornal,616,16-17,26,43,69
2005,3,Districte III,6,Santa Eulàlia,317,12-15,16,21,37
2011,2,Districte II,5,Collblanc,222,50-64,67,59,126
2007,2,Districte II,5,Collblanc,215,03-11,27,44,71
2012,5,Districte V,9,Can Serra,521,35-49,104,111,215
1998,1,Districte I,3,Sant Josep,122,03-11,31,16,47
2006,5,Districte V,10,Pubilla Cases,515,00-02,8,13,21
2016,4,Districte IV,7,la Florida,402,12-15,14,18,32
2000,4,Districte IV,7,la Florida,415,03-11,21,23,44
2008,6,Districte VI,12,Bellvitge,604,75 i +,27,16,43
2003,1,Districte I,3,Sant Josep,117,18-24,120,128,248
2013,6,Districte VI,12,Bellvitge,602,25-34,81,72,153
2012,3,Districte III,6,Santa Eulàlia,322,00-02,19,30,49
1998,4,Districte IV,8,les Planes,441,75 i +,55,43,98
2005,5,Districte V,10,Pubilla Cases,510,12-15,14,17,31
2014,4,Districte IV,8,les Planes,418,35-49,154,175,329
2014,2,Districte II,4,la Torrassa,248,03-11,56,53,109
2006,3,Districte III,6,Santa Eulàlia,317,65-74,34,26,60
1994,4,Districte IV,8,les Planes,429,16-17,8,13,21
1999,6,Districte VI,11,el Gornal,608,50-64,104,75,179
1995,1,Districte I,1,Centre,123,00-02,8,22,30
2006,3,Districte III,6,Santa Eulàlia,309,25-34,107,119,226
2002,5,Districte V,10,Pubilla Cases,533,03-11,30,18,48
2002,5,Districte V,10,Pubilla Cases,523,03-11,28,45,73
2012,2,Districte II,5,Collblanc,226,03-11,50,37,87
2007,1,Districte I,1,Centre,113,50-64,204,205,409
2015,6,Districte VI,12,Bellvitge,611,18-24,50,58,108
2012,3,Districte III,6,Santa Eulàlia,310,00-02,16,12,28
2008,5,Districte V,10,Pubilla Cases,509,16-17,5,6,11
2012,1,Districte I,2,Sanfeliu,132,75 i +,101,68,169
2006,6,Districte VI,12,Bellvitge,620,50-64,73,75,148
2016,3,Districte III,6,Santa Eulàlia,303,75 i +,143,117,260
2000,1,Districte I,1,Centre,124,50-64,72,72,144
2015,1,Districte I,3,Sant Josep,139,03-11,33,34,67
2008,2,Districte II,5,Collblanc,220,00-02,15,11,26
2010,2,Districte II,5,Collblanc,201,50-64,71,53,124
2004,4,Districte IV,8,les Planes,429,18-24,28,34,62
2004,1,Districte I,1,Centre,124,65-74,41,41,82
2010,5,Districte V,9,Can Serra,535,75 i +,42,36,78
2013,1,Districte I,1,Centre,135,12-15,30,26,56
2005,2,Districte II,4,la Torrassa,239,75 i +,89,55,144
1998,4,Districte IV,8,les Planes,436,00-02,11,17,28
2004,1,Districte I,1,Centre,111,50-64,106,85,191
2015,1,Districte I,3,Sant Josep,121,03-11,35,50,85
1999,1,Districte I,2,Sanfeliu,132,25-34,165,170,335
2014,5,Districte V,10,Pubilla Cases,525,16-17,8,9,17
2002,6,Districte VI,12,Bellvitge,607,25-34,93,101,194
2010,5,Districte V,10,Pubilla Cases,523,16-17,9,10,19
2000,2,Districte II,4,la Torrassa,241,12-15,15,8,23
2011,1,Districte I,1,Centre,135,75 i +,78,55,133
1999,1,Districte I,1,Centre,102,75 i +,77,37,114
2011,4,Districte IV,7,la Florida,414,75 i +,62,49,111
1996,4,Districte IV,7,la Florida,410,65-74,103,102,205
2008,4,Districte IV,8,les Planes,420,18-24,65,75,140
2005,6,Districte VI,12,Bellvitge,624,65-74,54,57,111
2016,3,Districte III,6,Santa Eulàlia,322,16-17,14,16,30
2007,2,Districte II,5,Collblanc,203,18-24,45,32,77
2006,1,Districte I,1,Centre,102,25-34,119,126,245
2016,1,Districte I,1,Centre,112,25-34,92,96,188
1996,4,Districte IV,8,les Planes,419,35-49,52,68,120
1997,3,Districte III,6,Santa Eulàlia,317,50-64,61,74,135
2002,5,Districte V,10,Pubilla Cases,514,00-02,10,10,20
2004,1,Districte I,3,Sant Josep,140,16-17,4,6,10
1999,4,Districte IV,8,les Planes,437,16-17,6,9,15
1998,2,Districte II,4,la Torrassa,217,25-34,50,62,112
2016,2,Districte II,4,la Torrassa,239,12-15,14,18,32
2006,4,Districte IV,7,la Florida,415,35-49,85,116,201
2009,5,Districte V,10,Pubilla Cases,523,03-11,50,45,95
2010,2,Districte II,5,Collblanc,208,25-34,127,135,262
2003,2,Districte II,4,la Torrassa,246,25-34,128,124,252
2000,6,Districte VI,12,Bellvitge,615,03-11,12,22,34
2006,3,Districte III,6,Santa Eulàlia,301,03-11,93,91,184
2010,6,Districte VI,12,Bellvitge,621,25-34,119,139,258
2008,3,Districte III,6,Santa Eulàlia,314,75 i +,94,48,142
2005,3,Districte III,6,Santa Eulàlia,323,35-49,357,356,713
1998,3,Districte III,6,Santa Eulàlia,308,12-15,29,37,66
2008,4,Districte IV,7,la Florida,404,03-11,58,70,128
2002,1,Districte I,2,Sanfeliu,116,75 i +,64,38,102
2005,2,Districte II,5,Collblanc,201,65-74,53,47,100
2008,4,Districte IV,8,les Planes,435,18-24,59,63,122
1997,5,Districte V,10,Pubilla Cases,512,50-64,105,108,213
2010,4,Districte IV,7,la Florida,409,00-02,12,11,23
2016,1,Districte I,3,Sant Josep,122,18-24,24,23,47
2010,4,Districte IV,8,les Planes,418,00-02,26,12,38
2014,5,Districte V,9,Can Serra,507,16-17,2,9,11
2015,3,Districte III,6,Santa Eulàlia,304,12-15,82,47,129
1997,6,Districte VI,12,Bellvitge,625,35-49,222,195,417
2000,1,Districte I,1,Centre,112,18-24,93,79,172
1994,6,Districte VI,12,Bellvitge,614,25-34,81,76,157
1998,5,Districte V,9,Can Serra,504,16-17,9,7,16
2002,6,Districte VI,12,Bellvitge,607,16-17,6,13,19
1995,1,Districte I,1,Centre,111,16-17,12,23,35
2005,4,Districte IV,7,la Florida,424,25-34,54,70,124
2006,1,Districte I,1,Centre,112,65-74,64,50,114
2009,5,Districte V,9,Can Serra,521,00-02,14,12,26
2016,4,Districte IV,7,la Florida,407,50-64,86,74,160
1996,5,Districte V,10,Pubilla Cases,526,25-34,58,56,114
1996,5,Districte V,10,Pubilla Cases,532,35-49,129,99,228
2003,4,Districte IV,7,la Florida,428,75 i +,24,19,43
2010,5,Districte V,10,Pubilla Cases,508,18-24,28,27,55
2007,5,Districte V,10,Pubilla Cases,514,65-74,53,41,94
1999,1,Districte I,1,Centre,135,18-24,86,106,192
2005,3,Districte III,6,Santa Eulàlia,308,75 i +,79,52,131
2005,5,Districte V,10,Pubilla Cases,528,16-17,26,6,32
2002,1,Districte I,1,Centre,109,35-49,128,121,249
2007,4,Districte IV,8,les Planes,439,65-74,61,57,118
2008,4,Districte IV,7,la Florida,425,03-11,35,45,80
1999,4,Districte IV,7,la Florida,416,65-74,58,57,115
1998,4,Districte IV,8,les Planes,420,00-02,11,13,24
2011,5,Districte V,10,Pubilla Cases,526,12-15,10,15,25
1994,6,Districte VI,12,Bellvitge,612,50-64,148,181,329
2010,4,Districte IV,7,la Florida,413,50-64,38,45,83
2015,1,Districte I,1,Centre,107,35-49,202,213,415
1996,3,Districte III,6,Santa Eulàlia,319,50-64,61,62,123
2003,5,Districte V,9,Can Serra,506,12-15,30,41,71
1998,4,Districte IV,7,la Florida,432,25-34,82,83,165
1995,1,Districte I,1,Centre,112,75 i +,61,16,77
2005,1,Districte I,2,Sanfeliu,116,65-74,70,76,146
2007,4,Districte IV,7,la Florida,403,35-49,110,117,227
2000,4,Districte IV,7,la Florida,431,65-74,86,71,157
2007,2,Districte II,4,la Torrassa,232,75 i +,67,38,105
2011,5,Districte V,10,Pubilla Cases,517,00-02,24,24,48
2000,1,Districte I,3,Sant Josep,140,12-15,8,12,20
2001,2,Districte II,4,la Torrassa,233,12-15,11,10,21
2007,2,Districte II,4,la Torrassa,237,03-11,55,55,110
2005,2,Districte II,4,la Torrassa,233,00-02,10,10,20
1996,2,Districte II,5,Collblanc,209,75 i +,71,34,105
1994,6,Districte VI,12,Bellvitge,602,00-02,7,4,11
2008,5,Districte V,10,Pubilla Cases,512,35-49,112,119,231
2008,6,Districte VI,12,Bellvitge,623,35-49,136,142,278
2007,5,Districte V,9,Can Serra,505,12-15,25,12,37
1998,2,Districte II,4,la Torrassa,232,25-34,73,72,145
1996,1,Districte I,1,Centre,101,00-02,24,18,42
1999,5,Districte V,9,Can Serra,506,35-49,232,194,426
2006,2,Districte II,4,la Torrassa,243,50-64,110,98,208
2015,1,Districte I,3,Sant Josep,140,12-15,13,21,34
2015,6,Districte VI,12,Bellvitge,612,18-24,25,36,61
2009,5,Districte V,10,Pubilla Cases,516,50-64,36,48,84
2011,2,Districte II,5,Collblanc,204,12-15,13,4,17
1998,1,Districte I,3,Sant Josep,119,18-24,122,131,253
2014,2,Districte II,4,la Torrassa,237,35-49,176,191,367
2007,2,Districte II,4,la Torrassa,218,00-02,13,15,28
1999,6,Districte VI,12,Bellvitge,610,16-17,9,13,22
2010,1,Districte I,3,Sant Josep,122,18-24,33,17,50
2011,1,Districte I,1,Centre,113,35-49,181,186,367
2003,6,Districte VI,12,Bellvitge,613,03-11,34,34,68
2012,1,Districte I,1,Centre,108,12-15,31,26,57
1999,2,Districte II,4,la Torrassa,237,00-02,14,9,23
1994,1,Districte I,1,Centre,107,12-15,58,63,121
2008,6,Districte VI,12,Bellvitge,624,50-64,143,111,254
1997,5,Districte V,9,Can Serra,521,65-74,44,39,83
1994,4,Districte IV,8,les Planes,434,00-02,4,5,9
2007,3,Districte III,6,Santa Eulàlia,325,65-74,99,78,177
1998,4,Districte IV,8,les Planes,435,12-15,10,27,37
2012,1,Districte I,1,Centre,123,12-15,14,29,43
2003,4,Districte IV,7,la Florida,421,65-74,99,73,172
2010,4,Districte IV,7,la Florida,412,18-24,48,61,109
2011,2,Districte II,5,Collblanc,219,75 i +,86,51,137
2013,4,Districte IV,8,les Planes,433,16-17,18,23,41
2005,5,Districte V,10,Pubilla Cases,512,12-15,17,12,29
2007,4,Districte IV,7,la Florida,426,35-49,120,134,254
2013,1,Districte I,3,Sant Josep,122,18-24,34,15,49
2001,1,Districte I,1,Centre,103,25-34,57,53,110
2009,1,Districte I,2,Sanfeliu,132,03-11,94,66,160
2009,6,Districte VI,12,Bellvitge,624,03-11,33,40,73
2015,4,Districte IV,8,les Planes,441,03-11,84,75,159
2001,5,Districte V,9,Can Serra,501,00-02,13,6,19
2010,6,Districte VI,11,el Gornal,608,12-15,8,12,20
1996,4,Districte IV,8,les Planes,420,16-17,10,16,26
2012,5,Districte V,10,Pubilla Cases,527,12-15,24,24,48
2006,1,Districte I,1,Centre,131,65-74,57,59,116
2015,5,Districte V,10,Pubilla Cases,526,50-64,138,132,270
2003,5,Districte V,10,Pubilla Cases,519,12-15,5,10,15
2009,6,Districte VI,12,Bellvitge,603,25-34,54,55,109
1997,2,Districte II,5,Collblanc,226,18-24,64,55,119
2010,1,Districte I,1,Centre,111,50-64,103,65,168
2007,4,Districte IV,7,la Florida,432,12-15,15,28,43
1998,5,Districte V,10,Pubilla Cases,524,25-34,117,105,222
1997,5,Districte V,10,Pubilla Cases,530,12-15,22,26,48
1995,6,Districte VI,12,Bellvitge,620,18-24,77,58,135
2010,4,Districte IV,7,la Florida,421,25-34,105,110,215
2008,2,Districte II,5,Collblanc,224,35-49,79,89,168
2006,3,Districte III,6,Santa Eulàlia,312,16-17,16,12,28
2014,2,Districte II,5,Collblanc,221,75 i +,116,80,196
2012,3,Districte III,6,Santa Eulàlia,305,25-34,108,122,230
1995,4,Districte IV,7,la Florida,417,18-24,42,48,90
2013,1,Districte I,3,Sant Josep,117,12-15,35,39,74
2003,2,Districte II,5,Collblanc,216,00-02,17,15,32
2014,1,Districte I,1,Centre,134,03-11,63,68,131
2006,5,Districte V,9,Can Serra,504,12-15,11,9,20
1999,6,Districte VI,12,Bellvitge,618,03-11,13,20,33
1996,6,Districte VI,11,el Gornal,608,16-17,16,17,33
2004,4,Districte IV,8,les Planes,435,75 i +,99,50,149
1998,1,Districte I,3,Sant Josep,120,35-49,221,226,447
1998,2,Districte II,5,Collblanc,213,75 i +,28,14,42
2010,1,Districte I,3,Sant Josep,126,03-11,40,41,81
2009,1,Districte I,3,Sant Josep,137,25-34,129,118,247
1998,6,Districte VI,12,Bellvitge,602,50-64,92,82,174
2013,6,Districte VI,11,el Gornal,608,75 i +,89,62,151
1996,5,Districte V,10,Pubilla Cases,532,50-64,149,159,308
1995,2,Districte II,4,la Torrassa,236,75 i +,41,35,76
2009,4,Districte IV,7,la Florida,411,50-64,99,72,171
2000,1,Districte I,3,Sant Josep,139,25-34,76,82,158
2014,2,Districte II,4,la Torrassa,249,75 i +,73,39,112
2000,4,Districte IV,7,la Florida,409,00-02,13,5,18
1994,4,Districte IV,8,les Planes,420,75 i +,62,38,100
2007,4,Districte IV,7,la Florida,405,65-74,86,65,151
2009,2,Districte II,4,la Torrassa,228,75 i +,46,31,77
1994,5,Districte V,10,Pubilla Cases,517,50-64,134,128,262
2000,6,Districte VI,12,Bellvitge,613,12-15,17,16,33
2006,4,Districte IV,7,la Florida,404,25-34,117,130,247
2015,2,Districte II,4,la Torrassa,242,75 i +,76,55,131
2014,2,Districte II,5,Collblanc,226,18-24,52,69,121
1998,4,Districte IV,7,la Florida,430,75 i +,50,24,74
2003,4,Districte IV,7,la Florida,431,12-15,25,18,43
2007,6,Districte VI,12,Bellvitge,620,25-34,42,45,87
2002,4,Districte IV,7,la Florida,427,35-49,83,95,178
2012,4,Districte IV,7,la Florida,415,12-15,10,13,23
2012,3,Districte III,6,Santa Eulàlia,306,18-24,50,67,117
2009,3,Districte III,6,Santa Eulàlia,315,35-49,211,230,441
2015,3,Districte III,13,Granvia Sud,320,25-34,62,70,132
1996,1,Districte I,2,Sanfeliu,132,50-64,168,202,370
2016,4,Districte IV,7,la Florida,416,18-24,60,69,129
2002,4,Districte IV,7,la Florida,425,25-34,89,83,172
2007,2,Districte II,4,la Torrassa,235,16-17,12,14,26
2012,5,Districte V,10,Pubilla Cases,533,25-34,85,98,183
2013,4,Districte IV,7,la Florida,402,35-49,117,114,231
2000,6,Districte VI,11,el Gornal,626,25-34,79,117,196
2002,6,Districte VI,12,Bellvitge,620,12-15,14,17,31
1997,6,Districte VI,12,Bellvitge,621,18-24,161,198,359
2006,4,Districte IV,8,les Planes,429,75 i +,36,22,58
1996,4,Districte IV,7,la Florida,402,35-49,74,69,143
2007,4,Districte IV,7,la Florida,402,00-02,7,13,20
2003,1,Districte I,1,Centre,123,00-02,21,14,35
1996,3,Districte III,6,Santa Eulàlia,320,18-24,77,92,169
2014,3,Districte III,6,Santa Eulàlia,314,25-34,167,174,341
2011,6,Districte VI,11,el Gornal,622,00-02,8,11,19
1995,3,Districte III,6,Santa Eulàlia,321,25-34,142,150,292
2011,6,Districte VI,11,el Gornal,608,65-74,53,29,82
2004,4,Districte IV,7,la Florida,412,03-11,47,42,89
2003,1,Districte I,2,Sanfeliu,129,50-64,117,103,220
2000,6,Districte VI,12,Bellvitge,611,35-49,118,154,272
2008,2,Districte II,5,Collblanc,221,65-74,64,56,120
1995,1,Districte I,3,Sant Josep,115,12-15,40,40,80
2016,1,Districte I,1,Centre,134,50-64,147,113,260
2001,4,Districte IV,7,la Florida,424,00-02,11,7,18
2015,3,Districte III,6,Santa Eulàlia,317,50-64,84,69,153
2010,1,Districte I,3,Sant Josep,106,65-74,63,74,137
2015,1,Districte I,1,Centre,134,75 i +,81,41,122
2003,2,Districte II,4,la Torrassa,239,25-34,89,126,215
2015,1,Districte I,3,Sant Josep,137,12-15,25,26,51
2005,2,Districte II,4,la Torrassa,236,16-17,10,8,18
1997,1,Districte I,1,Centre,104,65-74,73,54,127
2001,6,Districte VI,12,Bellvitge,625,18-24,106,126,232
2008,5,Districte V,10,Pubilla Cases,517,12-15,21,20,41
2009,4,Districte IV,7,la Florida,417,50-64,59,46,105
2002,5,Districte V,10,Pubilla Cases,517,18-24,56,57,113
2001,6,Districte VI,12,Bellvitge,627,03-11,25,31,56
2004,2,Districte II,4,la Torrassa,211,18-24,56,59,115
2011,2,Districte II,4,la Torrassa,245,65-74,52,26,78
2014,3,Districte III,6,Santa Eulàlia,317,18-24,41,37,78
2006,3,Districte III,6,Santa Eulàlia,308,25-34,179,164,343
2014,4,Districte IV,8,les Planes,420,16-17,24,15,39
2009,3,Districte III,6,Santa Eulàlia,319,00-02,42,51,93
2003,6,Districte VI,12,Bellvitge,625,18-24,96,97,193
2015,2,Districte II,5,Collblanc,209,00-02,12,15,27
1995,2,Districte II,5,Collblanc,213,16-17,23,17,40
2007,6,Districte VI,12,Bellvitge,602,16-17,5,3,8
2005,4,Districte IV,7,la Florida,416,25-34,64,82,146
2010,4,Districte IV,8,les Planes,433,12-15,22,26,48
2008,4,Districte IV,7,la Florida,413,75 i +,43,32,75
1995,4,Districte IV,7,la Florida,411,18-24,69,83,152
2003,5,Districte V,9,Can Serra,504,03-11,20,28,48
1999,2,Districte II,5,Collblanc,225,50-64,55,41,96
2005,6,Districte VI,11,el Gornal,608,75 i +,38,19,57
2000,1,Districte I,1,Centre,131,65-74,61,53,114
2013,2,Districte II,4,la Torrassa,248,18-24,46,54,100
1996,5,Districte V,9,Can Serra,501,65-74,19,21,40
2016,4,Districte IV,7,la Florida,402,25-34,80,63,143
2008,2,Districte II,4,la Torrassa,239,03-11,44,49,93
2008,6,Districte VI,12,Bellvitge,625,25-34,100,129,229
2015,2,Districte II,5,Collblanc,212,16-17,16,13,29
2007,3,Districte III,6,Santa Eulàlia,308,65-74,93,90,183
2016,2,Districte II,4,la Torrassa,239,65-74,59,30,89
2001,6,Districte VI,12,Bellvitge,623,75 i +,52,27,79
2002,4,Districte IV,8,les Planes,401,75 i +,53,29,82
1994,6,Districte VI,12,Bellvitge,630,50-64,74,82,156
2002,4,Districte IV,7,la Florida,426,65-74,52,42,94
1995,2,Districte II,4,la Torrassa,218,12-15,17,17,34
1998,1,Districte I,1,Centre,110,03-11,38,44,82
2012,1,Districte I,3,Sant Josep,140,03-11,36,44,80
2000,4,Districte IV,7,la Florida,414,50-64,78,77,155
2008,4,Districte IV,8,les Planes,401,00-02,14,17,31
2010,3,Districte III,6,Santa Eulàlia,324,03-11,58,55,113
2013,2,Districte II,5,Collblanc,220,16-17,14,10,24
2015,3,Districte III,6,Santa Eulàlia,318,65-74,43,39,82
2006,6,Districte VI,12,Bellvitge,620,18-24,25,22,47
2000,1,Districte I,3,Sant Josep,122,65-74,50,48,98
1994,2,Districte II,4,la Torrassa,238,00-02,6,7,13
2011,6,Districte VI,11,el Gornal,632,03-11,55,50,105
2015,4,Districte IV,7,la Florida,402,12-15,11,23,34
2000,3,Districte III,6,Santa Eulàlia,322,00-02,12,10,22
1995,5,Districte V,10,Pubilla Cases,519,75 i +,18,11,29
2011,6,Districte VI,12,Bellvitge,610,50-64,107,68,175
2006,6,Districte VI,12,Bellvitge,615,35-49,62,77,139
2003,6,Districte VI,12,Bellvitge,631,03-11,33,40,73
1994,5,Districte V,10,Pubilla Cases,517,12-15,24,26,50
2007,3,Districte III,6,Santa Eulàlia,301,65-74,127,116,243
1999,4,Districte IV,7,la Florida,406,03-11,42,37,79
2008,5,Districte V,10,Pubilla Cases,525,16-17,3,11,14
1995,6,Districte VI,12,Bellvitge,604,35-49,67,67,134
2010,4,Districte IV,7,la Florida,415,65-74,24,29,53
2004,2,Districte II,4,la Torrassa,236,50-64,93,76,169
2007,1,Districte I,1,Centre,130,12-15,11,12,23
2002,6,Districte VI,12,Bellvitge,609,03-11,27,29,56
2004,6,Districte VI,12,Bellvitge,606,16-17,12,12,24
1997,3,Districte III,6,Santa Eulàlia,302,75 i +,45,21,66
1995,5,Districte V,9,Can Serra,505,35-49,158,109,267
1995,3,Districte III,6,Santa Eulàlia,311,12-15,33,33,66
1998,4,Districte IV,8,les Planes,439,50-64,103,95,198
1994,6,Districte VI,12,Bellvitge,619,16-17,32,24,56
1996,2,Districte II,5,Collblanc,208,25-34,115,141,256
2012,1,Districte I,1,Centre,130,65-74,59,34,93
2001,2,Districte II,4,la Torrassa,218,03-11,29,15,44
2011,2,Districte II,5,Collblanc,204,50-64,45,40,85
1995,4,Districte IV,8,les Planes,435,35-49,81,92,173
2011,5,Districte V,9,Can Serra,501,16-17,9,8,17
2016,5,Districte V,9,Can Serra,501,50-64,116,76,192
2000,4,Districte IV,7,la Florida,410,50-64,199,178,377
2007,2,Districte II,5,Collblanc,219,12-15,26,16,42
2004,1,Districte I,3,Sant Josep,117,50-64,206,215,421
1999,2,Districte II,4,la Torrassa,232,35-49,98,78,176
2013,2,Districte II,4,la Torrassa,231,65-74,46,29,75
2008,3,Districte III,6,Santa Eulàlia,311,12-15,17,26,43
2000,2,Districte II,4,la Torrassa,229,03-11,25,21,46
2010,3,Districte III,6,Santa Eulàlia,311,16-17,8,10,18
2016,1,Districte I,1,Centre,135,65-74,79,79,158
2005,5,Districte V,10,Pubilla Cases,519,00-02,11,8,19
2000,5,Districte V,10,Pubilla Cases,529,00-02,13,17,30
1994,2,Districte II,4,la Torrassa,237,03-11,37,27,64
2006,2,Districte II,4,la Torrassa,248,35-49,153,185,338
2003,2,Districte II,5,Collblanc,216,03-11,46,40,86
1994,1,Districte I,2,Sanfeliu,116,75 i +,48,17,65
2007,2,Districte II,5,Collblanc,202,03-11,26,23,49
2001,1,Districte I,2,Sanfeliu,116,03-11,51,47,98
2007,6,Districte VI,12,Bellvitge,621,16-17,18,14,32
1995,1,Districte I,1,Centre,107,75 i +,44,26,70
1994,4,Districte IV,8,les Planes,438,16-17,13,9,22
2007,2,Districte II,5,Collblanc,219,50-64,85,76,161
2004,6,Districte VI,12,Bellvitge,610,03-11,41,46,87
2013,3,Districte III,6,Santa Eulàlia,312,75 i +,74,51,125
1995,3,Districte III,6,Santa Eulàlia,304,00-02,8,11,19
1996,1,Districte I,1,Centre,123,00-02,6,21,27
2005,1,Districte I,1,Centre,112,50-64,162,158,320
2014,1,Districte I,3,Sant Josep,122,35-49,114,113,227
1999,1,Districte I,1,Centre,124,25-34,62,58,120
1994,6,Districte VI,12,Bellvitge,628,18-24,135,124,259
1999,4,Districte IV,7,la Florida,408,03-11,25,19,44
2005,1,Districte I,3,Sant Josep,114,18-24,57,70,127
2012,4,Districte IV,7,la Florida,410,18-24,56,52,108
2012,5,Districte V,10,Pubilla Cases,534,00-02,10,22,32
1994,1,Districte I,3,Sant Josep,139,18-24,60,64,124
1995,5,Districte V,9,Can Serra,521,03-11,35,39,74
1999,3,Districte III,6,Santa Eulàlia,314,00-02,25,28,53
2014,6,Districte VI,12,Bellvitge,619,03-11,48,40,88
1995,3,Districte III,6,Santa Eulàlia,315,35-49,173,181,354
1995,2,Districte II,4,la Torrassa,243,65-74,99,87,186
2012,4,Districte IV,7,la Florida,424,18-24,19,24,43
1997,4,Districte IV,7,la Florida,425,18-24,55,48,103
1995,5,Districte V,9,Can Serra,503,03-11,57,45,102
2001,6,Districte VI,12,Bellvitge,615,50-64,162,133,295
2003,2,Districte II,5,Collblanc,244,00-02,8,8,16
2006,2,Districte II,4,la Torrassa,217,35-49,77,107,184
2009,1,Districte I,3,Sant Josep,136,50-64,113,104,217
2000,6,Districte VI,12,Bellvitge,601,12-15,17,20,37
1998,4,Districte IV,7,la Florida,406,35-49,127,126,253
2014,5,Districte V,10,Pubilla Cases,523,35-49,168,174,342
2008,6,Districte VI,12,Bellvitge,618,18-24,18,18,36
2008,3,Districte III,6,Santa Eulàlia,308,16-17,18,17,35
1996,3,Districte III,6,Santa Eulàlia,310,03-11,50,49,99
2014,4,Districte IV,8,les Planes,419,00-02,33,29,62
1994,6,Districte VI,12,Bellvitge,603,18-24,72,74,146
2008,2,Districte II,4,la Torrassa,234,00-02,10,19,29
2010,5,Districte V,10,Pubilla Cases,512,12-15,21,16,37
1996,4,Districte IV,7,la Florida,404,00-02,9,15,24
2007,5,Districte V,10,Pubilla Cases,514,00-02,11,14,25
2012,4,Districte IV,7,la Florida,412,35-49,171,192,363
2010,6,Districte VI,11,el Gornal,617,03-11,33,37,70
2005,1,Districte I,1,Centre,128,00-02,9,11,20
2014,4,Districte IV,7,la Florida,414,18-24,68,78,146
1995,1,Districte I,3,Sant Josep,122,12-15,14,12,26
1996,5,Districte V,10,Pubilla Cases,538,65-74,73,70,143
2009,4,Districte IV,7,la Florida,425,12-15,11,19,30
2013,4,Districte IV,8,les Planes,441,00-02,24,20,44
2013,4,Districte IV,7,la Florida,402,50-64,62,68,130
1994,2,Districte II,5,Collblanc,244,35-49,61,55,116
2013,1,Districte I,3,Sant Josep,119,12-15,10,16,26
2014,2,Districte II,5,Collblanc,209,50-64,107,90,197
2013,2,Districte II,4,la Torrassa,248,12-15,12,23,35
1994,4,Districte IV,7,la Florida,411,18-24,70,91,161
2005,3,Districte III,6,Santa Eulàlia,301,18-24,85,105,190
2003,3,Districte III,6,Santa Eulàlia,319,25-34,154,160,314
1997,6,Districte VI,12,Bellvitge,604,50-64,93,76,169
2014,3,Districte III,6,Santa Eulàlia,327,35-49,111,111,222
1999,4,Districte IV,7,la Florida,416,16-17,4,7,11
1997,5,Districte V,10,Pubilla Cases,529,25-34,88,104,192
2000,2,Districte II,5,Collblanc,220,50-64,71,53,124
1999,4,Districte IV,8,les Planes,441,16-17,32,26,58
2011,4,Districte IV,8,les Planes,439,50-64,55,63,118
2012,2,Districte II,4,la Torrassa,230,03-11,50,45,95
2007,3,Districte III,6,Santa Eulàlia,316,12-15,35,42,77
2015,2,Districte II,4,la Torrassa,233,35-49,131,149,280
2008,2,Districte II,5,Collblanc,215,35-49,123,131,254
2007,1,Districte I,3,Sant Josep,122,16-17,9,3,12
2013,1,Districte I,3,Sant Josep,125,00-02,21,30,51
2002,5,Districte V,9,Can Serra,503,12-15,24,20,44
2001,5,Districte V,9,Can Serra,535,12-15,22,27,49
2010,1,Districte I,3,Sant Josep,125,35-49,218,227,445
2006,1,Districte I,3,Sant Josep,117,18-24,102,100,202
1999,4,Districte IV,8,les Planes,401,50-64,105,92,197
2009,3,Districte III,6,Santa Eulàlia,317,18-24,48,41,89
1999,6,Districte VI,12,Bellvitge,606,18-24,51,51,102
1996,4,Districte IV,8,les Planes,438,75 i +,32,14,46
2014,5,Districte V,10,Pubilla Cases,511,75 i +,137,91,228
1997,1,Districte I,3,Sant Josep,138,18-24,53,55,108
2004,4,Districte IV,8,les Planes,437,35-49,102,103,205
1998,5,Districte V,10,Pubilla Cases,534,16-17,9,9,18
1997,4,Districte IV,7,la Florida,404,35-49,112,121,233
2005,1,Districte I,1,Centre,103,75 i +,40,24,64
1999,2,Districte II,4,la Torrassa,242,25-34,83,84,167
2016,5,Districte V,10,Pubilla Cases,513,00-02,17,24,41
2011,6,Districte VI,12,Bellvitge,620,65-74,53,54,107
1994,4,Districte IV,7,la Florida,427,12-15,18,10,28
2015,2,Districte II,5,Collblanc,216,12-15,23,17,40
2000,5,Districte V,10,Pubilla Cases,511,65-74,54,46,100
2014,4,Districte IV,8,les Planes,401,12-15,19,20,39
2015,5,Districte V,10,Pubilla Cases,514,25-34,86,99,185
2016,1,Districte I,2,Sanfeliu,118,75 i +,58,54,112
1995,2,Districte II,5,Collblanc,215,35-49,76,71,147
2008,5,Districte V,10,Pubilla Cases,514,18-24,45,35,80
2002,4,Districte IV,7,la Florida,404,00-02,20,21,41
2006,5,Districte V,10,Pubilla Cases,512,50-64,68,64,132
1995,1,Districte I,1,Centre,110,00-02,10,14,24
2013,1,Districte I,2,Sanfeliu,118,12-15,33,23,56
2002,2,Districte II,4,la Torrassa,218,03-11,28,21,49
2010,3,Districte III,6,Santa Eulàlia,320,18-24,26,30,56
2010,3,Districte III,6,Santa Eulàlia,304,18-24,83,66,149
2015,5,Districte V,9,Can Serra,503,16-17,10,8,18
2008,2,Districte II,4,la Torrassa,230,75 i +,59,25,84
1996,2,Districte II,4,la Torrassa,240,12-15,16,14,30
1999,2,Districte II,5,Collblanc,223,18-24,41,38,79
2009,5,Districte V,10,Pubilla Cases,526,12-15,12,20,32
2014,2,Districte II,5,Collblanc,220,12-15,26,20,46
1995,2,Districte II,5,Collblanc,216,00-02,9,8,17
2008,4,Districte IV,7,la Florida,417,65-74,35,23,58
2015,3,Districte III,6,Santa Eulàlia,305,00-02,22,15,37
2013,4,Districte IV,7,la Florida,406,35-49,142,166,308
2008,6,Districte VI,12,Bellvitge,630,75 i +,36,21,57
2003,4,Districte IV,8,les Planes,436,65-74,36,25,61
1995,1,Districte I,3,Sant Josep,122,50-64,136,135,271
2003,5,Districte V,10,Pubilla Cases,531,16-17,4,8,12
2007,5,Districte V,10,Pubilla Cases,517,50-64,86,82,168
2010,3,Districte III,6,Santa Eulàlia,314,25-34,217,224,441
1997,2,Districte II,4,la Torrassa,237,12-15,23,14,37
2007,1,Districte I,1,Centre,105,75 i +,63,34,97
2016,1,Districte I,1,Centre,110,18-24,23,30,53
2012,1,Districte I,3,Sant Josep,136,65-74,55,55,110
2010,5,Districte V,9,Can Serra,506,03-11,59,79,138
2003,2,Districte II,4,la Torrassa,236,25-34,109,129,238
2011,5,Districte V,10,Pubilla Cases,525,25-34,82,98,180
2007,2,Districte II,5,Collblanc,227,12-15,11,8,19
1994,4,Districte IV,8,les Planes,401,03-11,60,55,115
2007,3,Districte III,6,Santa Eulàlia,308,25-34,171,154,325
2007,3,Districte III,6,Santa Eulàlia,313,00-02,30,30,60
2006,3,Districte III,6,Santa Eulàlia,315,00-02,27,23,50
2007,4,Districte IV,7,la Florida,408,16-17,6,6,12
2015,3,Districte III,13,Granvia Sud,320,00-02,20,17,37
2004,3,Districte III,6,Santa Eulàlia,312,18-24,55,56,111
2015,2,Districte II,5,Collblanc,201,03-11,69,85,154
2016,5,Districte V,10,Pubilla Cases,529,35-49,181,169,350
1994,6,Districte VI,12,Bellvitge,606,50-64,136,128,264
2002,2,Districte II,5,Collblanc,206,18-24,35,34,69
2006,2,Districte II,4,la Torrassa,234,75 i +,76,45,121
2008,3,Districte III,6,Santa Eulàlia,320,75 i +,37,14,51
2000,5,Districte V,10,Pubilla Cases,511,03-11,18,21,39
2011,4,Districte IV,7,la Florida,416,12-15,6,15,21
1996,5,Districte V,10,Pubilla Cases,523,12-15,34,26,60
2003,6,Districte VI,12,Bellvitge,630,00-02,12,9,21
2012,3,Districte III,6,Santa Eulàlia,313,12-15,32,40,72
1997,2,Districte II,4,la Torrassa,239,35-49,93,80,173
2007,2,Districte II,5,Collblanc,204,50-64,42,42,84
2006,4,Districte IV,7,la Florida,426,25-34,116,156,272
1999,1,Districte I,1,Centre,123,03-11,41,55,96
2005,2,Districte II,5,Collblanc,221,18-24,39,42,81
1999,6,Districte VI,11,el Gornal,629,35-49,68,56,124
2008,5,Districte V,9,Can Serra,504,03-11,32,30,62
1998,3,Districte III,6,Santa Eulàlia,301,65-74,102,86,188
2015,6,Districte VI,12,Bellvitge,624,65-74,109,103,212
2005,5,Districte V,10,Pubilla Cases,518,00-02,13,17,30
2010,2,Districte II,5,Collblanc,209,50-64,83,77,160
2008,3,Districte III,6,Santa Eulàlia,313,12-15,27,23,50
2013,2,Districte II,5,Collblanc,223,12-15,24,11,35
2016,3,Districte III,6,Santa Eulàlia,320,25-34,33,29,62
2007,6,Districte VI,11,el Gornal,608,12-15,19,16,35
2006,1,Districte I,1,Centre,105,16-17,17,16,33
2001,2,Districte II,4,la Torrassa,232,16-17,4,4,8
2004,2,Districte II,4,la Torrassa,236,65-74,72,58,130
2011,3,Districte III,6,Santa Eulàlia,318,16-17,6,9,15
1995,5,Districte V,10,Pubilla Cases,509,50-64,91,99,190
2012,4,Districte IV,7,la Florida,413,65-74,22,16,38
2005,5,Districte V,10,Pubilla Cases,517,12-15,21,29,50
2010,2,Districte II,5,Collblanc,210,16-17,4,3,7
2016,2,Districte II,5,Collblanc,223,03-11,58,51,109
2001,2,Districte II,5,Collblanc,214,12-15,9,6,15
2001,2,Districte II,4,la Torrassa,233,00-02,8,10,18
2005,2,Districte II,5,Collblanc,216,16-17,2,8,10
2011,4,Districte IV,8,les Planes,401,75 i +,93,48,141
2006,5,Districte V,10,Pubilla Cases,517,25-34,125,162,287
1997,2,Districte II,5,Collblanc,213,25-34,58,73,131
1997,2,Districte II,4,la Torrassa,238,03-11,17,23,40
2013,2,Districte II,5,Collblanc,210,03-11,29,27,56
2002,5,Districte V,9,Can Serra,501,75 i +,17,10,27
1999,6,Districte VI,12,Bellvitge,631,75 i +,32,20,52
2004,2,Districte II,5,Collblanc,201,50-64,69,47,116
2014,3,Districte III,6,Santa Eulàlia,305,03-11,57,64,121
2015,6,Districte VI,12,Bellvitge,606,50-64,89,82,171
2011,2,Districte II,4,la Torrassa,237,65-74,62,48,110
2006,2,Districte II,5,Collblanc,205,18-24,48,45,93
2006,4,Districte IV,8,les Planes,440,35-49,76,89,165
2002,1,Districte I,1,Centre,130,18-24,35,26,61
2004,4,Districte IV,7,la Florida,408,35-49,103,119,222
2002,5,Districte V,10,Pubilla Cases,534,18-24,39,53,92
1997,5,Districte V,10,Pubilla Cases,530,03-11,40,46,86
2006,2,Districte II,4,la Torrassa,249,16-17,8,10,18
2004,3,Districte III,6,Santa Eulàlia,320,75 i +,31,13,44
1996,2,Districte II,4,la Torrassa,211,75 i +,60,35,95
1995,2,Districte II,4,la Torrassa,234,75 i +,67,33,100
2012,5,Districte V,10,Pubilla Cases,537,50-64,119,102,221
2005,1,Districte I,2,Sanfeliu,132,12-15,37,42,79
2004,2,Districte II,4,la Torrassa,249,16-17,8,12,20
2007,6,Districte VI,12,Bellvitge,607,18-24,42,44,86
2003,3,Districte III,6,Santa Eulàlia,313,16-17,18,14,32
2011,5,Districte V,10,Pubilla Cases,519,25-34,69,53,122
2010,4,Districte IV,8,les Planes,433,25-34,119,144,263
2004,2,Districte II,5,Collblanc,226,35-49,123,140,263
2011,2,Districte II,5,Collblanc,204,18-24,40,27,67
1999,6,Districte VI,12,Bellvitge,609,25-34,85,108,193
2013,3,Districte III,6,Santa Eulàlia,307,25-34,101,92,193
2011,6,Districte VI,12,Bellvitge,625,12-15,16,15,31
2006,2,Districte II,4,la Torrassa,231,50-64,85,61,146
2003,5,Districte V,10,Pubilla Cases,525,65-74,69,49,118
2004,4,Districte IV,7,la Florida,414,25-34,87,95,182
2015,5,Districte V,10,Pubilla Cases,529,75 i +,95,60,155
2001,4,Districte IV,7,la Florida,414,35-49,93,86,179
2009,6,Districte VI,12,Bellvitge,627,16-17,4,11,15
1995,4,Districte IV,8,les Planes,401,03-11,56,47,103
2002,5,Districte V,10,Pubilla Cases,522,00-02,9,15,24
1995,2,Districte II,5,Collblanc,220,03-11,23,32,55
2005,1,Districte I,1,Centre,130,50-64,61,52,113
2007,1,Districte I,3,Sant Josep,125,18-24,62,70,132
2014,4,Districte IV,7,la Florida,423,75 i +,76,55,131
2004,6,Districte VI,12,Bellvitge,606,18-24,44,38,82
1998,6,Districte VI,12,Bellvitge,605,12-15,8,7,15
2003,1,Districte I,3,Sant Josep,106,00-02,31,19,50
2001,1,Districte I,2,Sanfeliu,116,16-17,15,13,28
2015,6,Districte VI,12,Bellvitge,606,35-49,129,129,258
2008,6,Districte VI,11,el Gornal,629,16-17,5,3,8
2003,6,Districte VI,12,Bellvitge,607,65-74,82,84,166
2009,1,Districte I,2,Sanfeliu,116,03-11,62,62,124
2014,2,Districte II,5,Collblanc,223,75 i +,66,42,108
2012,3,Districte III,6,Santa Eulàlia,316,00-02,18,15,33
2001,4,Districte IV,7,la Florida,403,75 i +,51,32,83
2013,6,Districte VI,11,el Gornal,616,12-15,40,57,97
1999,4,Districte IV,7,la Florida,411,16-17,20,8,28
1994,2,Districte II,5,Collblanc,202,00-02,6,10,16
1997,3,Districte III,6,Santa Eulàlia,316,35-49,469,402,871
1997,4,Districte IV,7,la Florida,404,25-34,104,117,221
1998,4,Districte IV,7,la Florida,414,65-74,69,64,133
2003,6,Districte VI,12,Bellvitge,621,00-02,12,19,31
2014,4,Districte IV,7,la Florida,411,00-02,10,7,17
1997,5,Districte V,9,Can Serra,505,25-34,130,129,259
2010,6,Districte VI,11,el Gornal,626,03-11,32,39,71
2001,1,Districte I,1,Centre,130,50-64,92,67,159
2013,3,Districte III,6,Santa Eulàlia,318,35-49,91,85,176
2015,4,Districte IV,7,la Florida,421,16-17,8,10,18
2001,6,Districte VI,12,Bellvitge,630,03-11,26,32,58
2015,4,Districte IV,7,la Florida,425,12-15,14,26,40
2016,2,Districte II,4,la Torrassa,249,25-34,76,88,164
2009,6,Districte VI,12,Bellvitge,604,00-02,8,13,21
1996,5,Districte V,10,Pubilla Cases,533,50-64,102,91,193
1994,3,Districte III,6,Santa Eulàlia,323,65-74,53,33,86
2012,6,Districte VI,11,el Gornal,626,00-02,8,10,18
1997,3,Districte III,6,Santa Eulàlia,315,03-11,51,67,118
2006,2,Districte II,5,Collblanc,244,35-49,89,91,180
1999,2,Districte II,4,la Torrassa,245,00-02,10,12,22
2015,6,Districte VI,12,Bellvitge,607,16-17,5,8,13
2011,4,Districte IV,8,les Planes,434,75 i +,58,23,81
1999,3,Districte III,6,Santa Eulàlia,317,12-15,14,14,28
2010,6,Districte VI,11,el Gornal,626,35-49,103,104,207
2007,2,Districte II,4,la Torrassa,235,12-15,25,20,45
2001,2,Districte II,5,Collblanc,213,12-15,27,14,41
2001,1,Districte I,3,Sant Josep,120,65-74,55,36,91
1997,5,Districte V,10,Pubilla Cases,524,75 i +,48,28,76
1995,2,Districte II,4,la Torrassa,218,75 i +,40,18,58
2007,1,Districte I,2,Sanfeliu,116,75 i +,65,46,111
2000,4,Districte IV,8,les Planes,436,35-49,72,80,152
2003,1,Districte I,3,Sant Josep,114,03-11,51,46,97
2001,5,Districte V,10,Pubilla Cases,523,00-02,13,10,23
1999,3,Districte III,6,Santa Eulàlia,317,50-64,59,63,122
2009,5,Districte V,10,Pubilla Cases,511,65-74,43,27,70
2010,2,Districte II,4,la Torrassa,231,16-17,7,11,18
1999,1,Districte I,1,Centre,105,35-49,173,137,310
2015,1,Districte I,1,Centre,134,25-34,93,95,188
2000,4,Districte IV,8,les Planes,442,50-64,64,56,120
2010,4,Districte IV,7,la Florida,430,75 i +,54,30,84
2015,4,Districte IV,7,la Florida,406,16-17,13,9,22
2013,2,Districte II,4,la Torrassa,217,25-34,113,149,262
2013,5,Districte V,10,Pubilla Cases,533,12-15,31,29,60
2003,2,Districte II,4,la Torrassa,240,18-24,39,40,79
2016,1,Districte I,3,Sant Josep,119,16-17,4,10,14
2004,5,Districte V,10,Pubilla Cases,525,12-15,10,14,24
2011,3,Districte III,6,Santa Eulàlia,301,03-11,122,136,258
2003,2,Districte II,5,Collblanc,244,50-64,56,41,97
2006,6,Districte VI,12,Bellvitge,613,50-64,164,119,283
2004,4,Districte IV,8,les Planes,434,50-64,45,46,91
1994,5,Districte V,10,Pubilla Cases,508,65-74,39,36,75
2004,4,Districte IV,8,les Planes,441,03-11,66,48,114
2000,3,Districte III,6,Santa Eulàlia,310,16-17,11,10,21
1998,2,Districte II,5,Collblanc,213,03-11,26,29,55
2008,1,Districte I,1,Centre,104,50-64,75,55,130
1998,4,Districte IV,7,la Florida,409,00-02,2,12,14
1994,5,Districte V,10,Pubilla Cases,508,75 i +,20,10,30
2004,4,Districte IV,7,la Florida,407,18-24,37,55,92
2003,2,Districte II,5,Collblanc,212,03-11,40,61,101
2016,5,Districte V,10,Pubilla Cases,508,16-17,11,13,24
2006,1,Districte I,1,Centre,135,65-74,75,59,134
2002,1,Districte I,2,Sanfeliu,118,12-15,45,31,76
2011,2,Districte II,5,Collblanc,223,12-15,26,18,44
2008,3,Districte III,6,Santa Eulàlia,303,03-11,45,51,96
2006,1,Districte I,1,Centre,124,16-17,9,9,18
2005,2,Districte II,4,la Torrassa,245,75 i +,67,30,97
2006,2,Districte II,5,Collblanc,219,18-24,50,56,106
2005,1,Districte I,1,Centre,111,16-17,9,9,18
2013,6,Districte VI,12,Bellvitge,621,00-02,20,18,38
1994,4,Districte IV,8,les Planes,433,12-15,23,19,42
2006,4,Districte IV,7,la Florida,427,75 i +,54,42,96
2013,2,Districte II,5,Collblanc,205,00-02,13,7,20
2009,5,Districte V,9,Can Serra,503,00-02,10,8,18
1999,3,Districte III,6,Santa Eulàlia,318,03-11,45,45,90
1995,1,Districte I,3,Sant Josep,106,50-64,116,125,241
1995,2,Districte II,5,Collblanc,203,25-34,55,57,112
2006,5,Districte V,10,Pubilla Cases,510,16-17,7,11,18
2003,5,Districte V,10,Pubilla Cases,520,03-11,25,31,56
2007,3,Districte III,6,Santa Eulàlia,324,65-74,35,36,71
2000,2,Districte II,4,la Torrassa,240,65-74,63,46,109
2014,6,Districte VI,11,el Gornal,608,03-11,51,46,97
2012,2,Districte II,4,la Torrassa,218,18-24,37,29,66
1998,2,Districte II,4,la Torrassa,232,16-17,9,7,16
1996,4,Districte IV,8,les Planes,439,18-24,49,47,96
2014,1,Districte I,1,Centre,134,35-49,183,164,347
2014,6,Districte VI,12,Bellvitge,627,75 i +,48,33,81
2002,4,Districte IV,7,la Florida,431,00-02,22,26,48
2010,1,Districte I,3,Sant Josep,121,50-64,44,47,91
2012,1,Districte I,3,Sant Josep,139,25-34,68,72,140
2010,1,Districte I,1,Centre,108,75 i +,116,73,189
1997,2,Districte II,5,Collblanc,206,50-64,103,86,189
2003,5,Districte V,10,Pubilla Cases,537,18-24,64,73,137
2003,3,Districte III,6,Santa Eulàlia,310,25-34,92,115,207
2012,2,Districte II,5,Collblanc,209,18-24,40,49,89
1999,4,Districte IV,8,les Planes,440,50-64,167,150,317
2004,6,Districte VI,12,Bellvitge,630,65-74,31,30,61
1995,2,Districte II,5,Collblanc,219,12-15,12,30,42
2010,2,Districte II,5,Collblanc,216,03-11,53,41,94
2011,5,Districte V,10,Pubilla Cases,513,03-11,34,29,63
2003,1,Districte I,3,Sant Josep,122,16-17,5,8,13
2007,4,Districte IV,7,la Florida,416,12-15,18,16,34
2013,1,Districte I,1,Centre,135,16-17,13,10,23
1994,1,Districte I,3,Sant Josep,139,25-34,64,82,146
2001,2,Districte II,4,la Torrassa,245,00-02,18,6,24
2004,3,Districte III,6,Santa Eulàlia,322,16-17,10,11,21
1994,5,Districte V,10,Pubilla Cases,512,25-34,73,82,155
2013,2,Districte II,4,la Torrassa,239,65-74,52,40,92
2009,2,Districte II,4,la Torrassa,218,12-15,18,8,26
2000,2,Districte II,5,Collblanc,225,25-34,30,42,72
2001,1,Districte I,1,Centre,128,35-49,94,90,184
2006,4,Districte IV,7,la Florida,430,00-02,21,18,39
1995,6,Districte VI,11,el Gornal,616,75 i +,21,15,36
2008,3,Districte III,6,Santa Eulàlia,314,00-02,28,30,58
1999,2,Districte II,5,Collblanc,210,25-34,62,66,128
2007,1,Districte I,1,Centre,128,50-64,100,76,176
2003,5,Districte V,10,Pubilla Cases,508,65-74,38,32,70
1999,5,Districte V,10,Pubilla Cases,532,65-74,84,75,159
2001,6,Districte VI,12,Bellvitge,610,16-17,8,11,19
2009,1,Districte I,1,Centre,107,25-34,143,164,307
1995,4,Districte IV,8,les Planes,418,35-49,104,107,211
1999,2,Districte II,5,Collblanc,204,25-34,48,40,88
2003,4,Districte IV,8,les Planes,437,12-15,11,21,32
1997,5,Districte V,9,Can Serra,502,18-24,94,126,220
2012,5,Districte V,10,Pubilla Cases,530,35-49,190,211,401
2008,1,Districte I,3,Sant Josep,115,18-24,39,50,89
1995,6,Districte VI,12,Bellvitge,627,18-24,93,100,193
2015,6,Districte VI,12,Bellvitge,618,16-17,12,19,31
1995,5,Districte V,9,Can Serra,521,75 i +,30,13,43
2005,1,Districte I,3,Sant Josep,114,50-64,189,167,356
2001,1,Districte I,2,Sanfeliu,132,03-11,64,81,145
1998,2,Districte II,5,Collblanc,221,65-74,65,67,132
2014,3,Districte III,6,Santa Eulàlia,308,03-11,100,102,202
2012,1,Districte I,3,Sant Josep,120,65-74,68,67,135
2007,2,Districte II,4,la Torrassa,234,50-64,57,51,108
2009,3,Districte III,6,Santa Eulàlia,313,12-15,26,26,52
2012,5,Districte V,10,Pubilla Cases,524,18-24,55,62,117
2005,1,Districte I,3,Sant Josep,121,50-64,38,44,82
2016,6,Districte VI,12,Bellvitge,631,03-11,44,49,93
2012,6,Districte VI,12,Bellvitge,628,03-11,45,44,89
2011,4,Districte IV,8,les Planes,433,75 i +,43,24,67
2006,2,Districte II,5,Collblanc,202,50-64,61,63,124
1997,1,Districte I,1,Centre,124,16-17,11,14,25
2004,5,Districte V,10,Pubilla Cases,529,75 i +,77,48,125
2007,6,Districte VI,11,el Gornal,608,50-64,83,65,148
2007,3,Districte III,6,Santa Eulàlia,307,18-24,48,56,104
1996,4,Districte IV,7,la Florida,417,12-15,11,16,27
2002,6,Districte VI,11,el Gornal,617,75 i +,26,24,50
2013,3,Districte III,6,Santa Eulàlia,302,12-15,12,18,30
2002,5,Districte V,10,Pubilla Cases,509,25-34,63,84,147
1997,1,Districte I,2,Sanfeliu,116,16-17,24,22,46
2005,5,Districte V,10,Pubilla Cases,511,12-15,12,11,23
2007,1,Districte I,3,Sant Josep,122,18-24,34,15,49
2006,5,Districte V,10,Pubilla Cases,530,25-34,124,163,287
2001,3,Districte III,6,Santa Eulàlia,315,03-11,52,57,109
2002,1,Districte I,3,Sant Josep,120,12-15,41,43,84
1996,5,Districte V,9,Can Serra,503,00-02,4,15,19
2014,5,Districte V,10,Pubilla Cases,513,65-74,64,44,108
2001,2,Districte II,5,Collblanc,222,35-49,81,71,152
2015,1,Districte I,3,Sant Josep,125,03-11,83,73,156
2002,3,Districte III,6,Santa Eulàlia,301,18-24,95,111,206
2016,4,Districte IV,8,les Planes,419,03-11,68,115,183
2011,1,Districte I,3,Sant Josep,117,65-74,93,90,183
2008,1,Districte I,3,Sant Josep,121,16-17,10,6,16
2010,4,Districte IV,8,les Planes,401,75 i +,94,45,139
2013,1,Districte I,1,Centre,113,18-24,49,59,108
2014,1,Districte I,1,Centre,105,50-64,143,109,252
2003,3,Districte III,6,Santa Eulàlia,317,12-15,13,19,32
2006,2,Districte II,5,Collblanc,215,65-74,50,29,79
2002,6,Districte VI,11,el Gornal,616,16-17,39,52,91
2004,2,Districte II,4,la Torrassa,248,25-34,111,125,236
2009,1,Districte I,1,Centre,108,65-74,59,47,106
1997,4,Districte IV,7,la Florida,421,16-17,15,12,27
1995,3,Districte III,6,Santa Eulàlia,322,50-64,109,102,211
1994,2,Districte II,5,Collblanc,244,25-34,50,57,107
2004,1,Districte I,3,Sant Josep,122,12-15,14,7,21
2015,5,Districte V,9,Can Serra,535,25-34,47,43,90
2010,4,Districte IV,7,la Florida,422,25-34,100,126,226
2011,3,Districte III,6,Santa Eulàlia,321,03-11,83,87,170
2003,6,Districte VI,11,el Gornal,629,75 i +,27,14,41
2003,5,Districte V,10,Pubilla Cases,510,03-11,38,44,82
2001,5,Districte V,9,Can Serra,502,18-24,100,82,182
1999,1,Districte I,1,Centre,112,65-74,52,51,103
2001,4,Districte IV,8,les Planes,442,00-02,8,4,12
2013,5,Districte V,9,Can Serra,507,16-17,3,11,14
2004,6,Districte VI,12,Bellvitge,614,12-15,11,17,28
2013,1,Districte I,1,Centre,130,03-11,48,35,83
1994,5,Districte V,10,Pubilla Cases,512,35-49,60,71,131
2009,5,Districte V,9,Can Serra,504,75 i +,71,55,126
2011,2,Districte II,4,la Torrassa,240,12-15,12,13,25
2002,1,Districte I,2,Sanfeliu,132,18-24,110,131,241
2009,4,Districte IV,8,les Planes,419,35-49,116,157,273
2009,4,Districte IV,7,la Florida,406,25-34,132,129,261
2006,2,Districte II,5,Collblanc,209,50-64,70,64,134
1996,2,Districte II,4,la Torrassa,236,16-17,12,4,16
2001,2,Districte II,5,Collblanc,222,18-24,45,61,106
2004,3,Districte III,6,Santa Eulàlia,303,12-15,17,18,35
2007,5,Districte V,10,Pubilla Cases,536,25-34,74,80,154
1998,5,Districte V,10,Pubilla Cases,515,50-64,48,56,104
2003,1,Districte I,1,Centre,123,35-49,137,149,286
2012,2,Districte II,4,la Torrassa,238,03-11,30,33,63
2014,4,Districte IV,7,la Florida,425,35-49,129,140,269
2003,4,Districte IV,7,la Florida,407,18-24,39,46,85
2011,6,Districte VI,12,Bellvitge,618,65-74,40,44,84
2006,1,Districte I,1,Centre,110,18-24,68,48,116
2009,2,Districte II,5,Collblanc,214,50-64,48,51,99
2015,4,Districte IV,7,la Florida,427,25-34,140,129,269
1995,1,Districte I,1,Centre,104,65-74,69,49,118
2004,4,Districte IV,7,la Florida,414,12-15,14,15,29
1997,3,Districte III,6,Santa Eulàlia,323,18-24,198,190,388
2004,2,Districte II,4,la Torrassa,235,65-74,85,68,153
2013,5,Districte V,10,Pubilla Cases,518,25-34,69,65,134
1994,5,Districte V,9,Can Serra,501,12-15,51,59,110
1995,6,Districte VI,12,Bellvitge,606,00-02,12,8,20
2015,2,Districte II,4,la Torrassa,243,35-49,215,202,417
1995,2,Districte II,5,Collblanc,213,35-49,99,99,198
2002,1,Districte I,3,Sant Josep,125,00-02,18,20,38
2012,4,Districte IV,7,la Florida,414,18-24,37,29,66
2001,6,Districte VI,12,Bellvitge,606,00-02,13,19,32
2007,1,Districte I,3,Sant Josep,137,75 i +,55,26,81
2001,2,Districte II,5,Collblanc,227,75 i +,46,27,73
2001,1,Districte I,1,Centre,112,03-11,63,72,135
2005,3,Districte III,6,Santa Eulàlia,301,25-34,296,287,583
2002,3,Districte III,6,Santa Eulàlia,303,00-02,21,18,39
2003,1,Districte I,1,Centre,104,35-49,81,103,184
2010,2,Districte II,5,Collblanc,207,12-15,9,10,19
2003,1,Districte I,1,Centre,108,75 i +,89,52,141
1994,5,Districte V,10,Pubilla Cases,536,18-24,61,66,127
2012,2,Districte II,5,Collblanc,213,35-49,119,111,230
2012,4,Districte IV,7,la Florida,407,35-49,117,133,250
2013,3,Districte III,6,Santa Eulàlia,323,65-74,75,85,160
2015,3,Districte III,6,Santa Eulàlia,327,12-15,25,24,49
2004,5,Districte V,10,Pubilla Cases,534,12-15,13,7,20
1995,2,Districte II,5,Collblanc,216,16-17,20,19,39
2007,3,Districte III,6,Santa Eulàlia,318,50-64,97,99,196
1994,3,Districte III,6,Santa Eulàlia,314,18-24,117,118,235
2005,1,Districte I,1,Centre,131,35-49,145,152,297
2006,5,Districte V,10,Pubilla Cases,536,00-02,10,11,21
2014,2,Districte II,4,la Torrassa,239,35-49,138,147,285
2003,6,Districte VI,11,el Gornal,632,00-02,19,15,34
1998,1,Districte I,1,Centre,124,35-49,109,91,200
1997,6,Districte VI,11,el Gornal,616,25-34,135,146,281
2002,6,Districte VI,12,Bellvitge,613,50-64,189,168,357
2003,2,Districte II,4,la Torrassa,211,00-02,18,18,36
1994,2,Districte II,5,Collblanc,223,35-49,97,100,197
2014,4,Districte IV,8,les Planes,433,65-74,62,45,107
2009,5,Districte V,9,Can Serra,505,25-34,94,94,188
2015,2,Districte II,5,Collblanc,212,50-64,114,106,220
1994,3,Districte III,6,Santa Eulàlia,323,50-64,127,142,269
2004,3,Districte III,6,Santa Eulàlia,312,35-49,175,220,395
2008,5,Districte V,10,Pubilla Cases,519,65-74,38,26,64
2011,6,Districte VI,12,Bellvitge,602,50-64,35,29,64
2009,4,Districte IV,7,la Florida,405,16-17,5,5,10
2009,5,Districte V,10,Pubilla Cases,538,25-34,112,119,231
2003,4,Districte IV,8,les Planes,438,03-11,28,32,60
2010,4,Districte IV,8,les Planes,442,00-02,8,10,18
1995,2,Districte II,5,Collblanc,205,25-34,69,62,131
1994,2,Districte II,4,la Torrassa,230,03-11,17,23,40
2014,3,Districte III,13,Granvia Sud,320,03-11,75,73,148
2009,1,Districte I,1,Centre,112,00-02,18,21,39
2016,2,Districte II,4,la Torrassa,249,00-02,14,11,25
2004,5,Districte V,10,Pubilla Cases,531,00-02,14,11,25
1997,2,Districte II,5,Collblanc,209,35-49,79,86,165
2016,5,Districte V,9,Can Serra,503,65-74,54,69,123
2000,5,Districte V,10,Pubilla Cases,513,25-34,62,64,126
1998,1,Districte I,1,Centre,133,18-24,55,61,116
1999,5,Districte V,10,Pubilla Cases,527,16-17,13,6,19
2008,1,Districte I,3,Sant Josep,140,16-17,4,9,13
2013,4,Districte IV,7,la Florida,403,18-24,30,40,70
2011,4,Districte IV,7,la Florida,423,03-11,45,35,80
2006,6,Districte VI,12,Bellvitge,627,25-34,88,75,163
2011,5,Districte V,10,Pubilla Cases,515,35-49,82,95,177
2007,2,Districte II,4,la Torrassa,217,25-34,73,91,164
2000,6,Districte VI,12,Bellvitge,613,50-64,205,186,391
2007,2,Districte II,5,Collblanc,208,00-02,14,16,30
2008,5,Districte V,10,Pubilla Cases,519,12-15,8,9,17
1996,2,Districte II,4,la Torrassa,233,35-49,53,53,106
1999,6,Districte VI,12,Bellvitge,601,03-11,45,48,93
2003,2,Districte II,4,la Torrassa,217,12-15,9,10,19
2003,1,Districte I,2,Sanfeliu,118,03-11,65,67,132
2002,1,Districte I,2,Sanfeliu,132,03-11,68,84,152
2006,2,Districte II,4,la Torrassa,249,00-02,23,23,46
1995,5,Districte V,10,Pubilla Cases,513,18-24,45,47,92
1998,2,Districte II,5,Collblanc,226,50-64,93,90,183
2002,5,Districte V,9,Can Serra,503,75 i +,30,13,43
2003,3,Districte III,6,Santa Eulàlia,316,35-49,312,247,559
2001,2,Districte II,4,la Torrassa,241,75 i +,51,33,84
2008,3,Districte III,6,Santa Eulàlia,308,50-64,212,197,409
1996,6,Districte VI,12,Bellvitge,630,16-17,20,34,54
2015,1,Districte I,1,Centre,134,35-49,174,165,339
2003,4,Districte IV,7,la Florida,416,18-24,35,35,70
1995,4,Districte IV,7,la Florida,424,50-64,71,71,142
1999,2,Districte II,4,la Torrassa,228,65-74,44,36,80
1998,4,Districte IV,8,les Planes,436,03-11,23,28,51
2001,5,Districte V,9,Can Serra,521,75 i +,41,26,67
2006,3,Districte III,6,Santa Eulàlia,311,12-15,12,23,35
2001,5,Districte V,9,Can Serra,501,75 i +,19,11,30
2001,5,Districte V,10,Pubilla Cases,526,00-02,6,9,15
2011,2,Districte II,5,Collblanc,244,75 i +,53,30,83
2005,2,Districte II,4,la Torrassa,246,50-64,72,61,133
2011,1,Districte I,3,Sant Josep,115,65-74,50,62,112
2010,4,Districte IV,8,les Planes,436,35-49,120,162,282
1998,6,Districte VI,11,el Gornal,629,75 i +,24,10,34
2004,6,Districte VI,12,Bellvitge,615,75 i +,21,15,36
2006,2,Districte II,5,Collblanc,225,16-17,4,4,8
1997,5,Districte V,10,Pubilla Cases,522,50-64,68,66,134
2002,1,Districte I,3,Sant Josep,121,25-34,78,77,155
2004,4,Districte IV,7,la Florida,408,50-64,79,61,140
2015,1,Districte I,3,Sant Josep,136,65-74,60,63,123
2013,2,Districte II,4,la Torrassa,247,12-15,26,22,48
1998,4,Districte IV,7,la Florida,406,18-24,92,98,190
2008,4,Districte IV,7,la Florida,432,16-17,20,15,35
2011,2,Districte II,4,la Torrassa,241,18-24,44,35,79
1996,3,Districte III,6,Santa Eulàlia,306,65-74,101,76,177
2007,5,Districte V,10,Pubilla Cases,534,16-17,5,6,11
2005,4,Districte IV,7,la Florida,411,12-15,15,11,26
2015,1,Districte I,1,Centre,131,75 i +,70,63,133
2003,4,Districte IV,8,les Planes,433,25-34,117,112,229
1996,6,Districte VI,12,Bellvitge,601,35-49,149,148,297
2007,1,Districte I,1,Centre,130,65-74,81,55,136
2013,4,Districte IV,7,la Florida,425,16-17,9,10,19
1995,2,Districte II,5,Collblanc,214,25-34,68,65,133
1996,6,Districte VI,12,Bellvitge,604,00-02,14,14,28
1994,5,Districte V,10,Pubilla Cases,512,50-64,112,112,224
1998,1,Districte I,1,Centre,108,03-11,48,44,92
2006,1,Districte I,1,Centre,104,75 i +,77,41,118
2001,2,Districte II,4,la Torrassa,245,25-34,98,100,198
2010,1,Districte I,3,Sant Josep,122,35-49,111,108,219
2008,1,Districte I,1,Centre,123,25-34,101,93,194
2007,1,Districte I,1,Centre,113,16-17,13,16,29
2014,6,Districte VI,12,Bellvitge,609,16-17,13,4,17
2010,4,Districte IV,7,la Florida,431,25-34,146,190,336
2013,6,Districte VI,12,Bellvitge,613,18-24,27,38,65
1999,2,Districte II,4,la Torrassa,235,16-17,10,7,17
2001,6,Districte VI,12,Bellvitge,631,12-15,12,8,20
1999,3,Districte III,6,Santa Eulàlia,311,18-24,70,77,147
1994,1,Districte I,1,Centre,112,03-11,67,66,133
2010,1,Districte I,1,Centre,104,25-34,60,62,122
1996,6,Districte VI,12,Bellvitge,603,16-17,9,12,21
1994,1,Districte I,3,Sant Josep,126,25-34,84,95,179
1996,6,Districte VI,12,Bellvitge,611,50-64,226,232,458
1998,1,Districte I,1,Centre,101,12-15,33,35,68
2009,6,Districte VI,11,el Gornal,626,65-74,63,50,113
2000,1,Districte I,1,Centre,131,03-11,45,49,94
2011,1,Districte I,3,Sant Josep,127,75 i +,48,34,82
2000,4,Districte IV,7,la Florida,428,03-11,17,15,32
2005,3,Districte III,6,Santa Eulàlia,302,18-24,51,60,111
2009,3,Districte III,6,Santa Eulàlia,307,18-24,47,64,111
2004,4,Districte IV,7,la Florida,413,00-02,5,6,11
1996,4,Districte IV,7,la Florida,406,12-15,33,35,68
2015,2,Districte II,4,la Torrassa,240,65-74,58,36,94
2000,1,Districte I,1,Centre,135,65-74,61,54,115
2010,5,Districte V,10,Pubilla Cases,532,03-11,66,59,125
2009,6,Districte VI,12,Bellvitge,612,00-02,14,21,35
2010,1,Districte I,1,Centre,108,35-49,207,172,379
2003,4,Districte IV,8,les Planes,438,12-15,18,14,32
2004,1,Districte I,3,Sant Josep,120,00-02,15,25,40
2006,2,Districte II,5,Collblanc,209,12-15,10,15,25
2007,1,Districte I,1,Centre,124,65-74,35,35,70
1998,4,Districte IV,7,la Florida,412,35-49,179,180,359
2010,1,Districte I,3,Sant Josep,115,50-64,135,128,263
1996,4,Districte IV,7,la Florida,421,00-02,9,11,20
1995,4,Districte IV,7,la Florida,413,00-02,10,9,19
2007,1,Districte I,2,Sanfeliu,129,16-17,6,9,15
1996,5,Districte V,9,Can Serra,501,35-49,168,133,301
2011,2,Districte II,5,Collblanc,207,50-64,75,62,137
1994,3,Districte III,6,Santa Eulàlia,308,50-64,141,139,280
2016,2,Districte II,5,Collblanc,224,35-49,157,149,306
2002,6,Districte VI,11,el Gornal,626,25-34,83,108,191
1995,2,Districte II,4,la Torrassa,240,16-17,12,9,21
1995,4,Districte IV,8,les Planes,434,65-74,68,47,115
1997,5,Districte V,10,Pubilla Cases,516,12-15,14,3,17
2004,1,Districte I,2,Sanfeliu,116,65-74,61,70,131
2016,3,Districte III,6,Santa Eulàlia,317,03-11,64,60,124
1994,5,Districte V,10,Pubilla Cases,537,50-64,146,136,282
1998,2,Districte II,4,la Torrassa,231,65-74,89,73,162
2015,5,Districte V,10,Pubilla Cases,531,18-24,45,41,86
2015,2,Districte II,5,Collblanc,213,18-24,32,36,68
1998,6,Districte VI,11,el Gornal,608,35-49,91,89,180
2004,2,Districte II,4,la Torrassa,236,35-49,127,134,261
1998,2,Districte II,4,la Torrassa,232,00-02,11,7,18
1998,6,Districte VI,12,Bellvitge,603,65-74,24,23,47
2011,1,Districte I,3,Sant Josep,106,03-11,72,58,130
2007,5,Districte V,9,Can Serra,506,00-02,18,22,40
1998,1,Districte I,1,Centre,131,25-34,125,122,247
1998,4,Districte IV,7,la Florida,414,25-34,83,73,156
1998,4,Districte IV,7,la Florida,412,75 i +,49,32,81
2007,1,Districte I,1,Centre,131,12-15,16,24,40
2005,5,Districte V,9,Can Serra,505,16-17,6,4,10
2013,4,Districte IV,7,la Florida,411,03-11,32,27,59
2002,5,Districte V,10,Pubilla Cases,508,12-15,13,6,19
1999,1,Districte I,3,Sant Josep,115,18-24,68,89,157
2015,5,Districte V,10,Pubilla Cases,531,12-15,19,8,27
1996,6,Districte VI,12,Bellvitge,613,12-15,16,19,35
2004,6,Districte VI,12,Bellvitge,601,18-24,54,66,120
2010,5,Districte V,9,Can Serra,503,25-34,72,70,142
2002,2,Districte II,5,Collblanc,214,50-64,60,46,106
2014,4,Districte IV,7,la Florida,430,65-74,39,30,69
1999,5,Districte V,10,Pubilla Cases,517,50-64,94,90,184
2009,6,Districte VI,12,Bellvitge,612,75 i +,53,39,92
2006,1,Districte I,1,Centre,128,25-34,94,98,192
2014,4,Districte IV,7,la Florida,409,00-02,34,26,60
2016,2,Districte II,4,la Torrassa,243,18-24,54,80,134
2016,1,Districte I,1,Centre,102,18-24,47,49,96
2007,6,Districte VI,12,Bellvitge,618,16-17,4,7,11
2012,6,Districte VI,11,el Gornal,626,50-64,84,73,157
1997,5,Districte V,10,Pubilla Cases,510,35-49,83,91,174
2009,4,Districte IV,8,les Planes,442,75 i +,28,18,46
2000,2,Districte II,5,Collblanc,221,00-02,14,13,27
2001,6,Districte VI,11,el Gornal,626,00-02,8,15,23
2008,2,Districte II,4,la Torrassa,217,12-15,15,14,29
2014,3,Districte III,6,Santa Eulàlia,326,03-11,54,49,103
2014,6,Districte VI,12,Bellvitge,630,75 i +,41,27,68
2010,4,Districte IV,7,la Florida,428,00-02,17,11,28
2001,1,Districte I,3,Sant Josep,106,03-11,58,64,122
2003,2,Districte II,4,la Torrassa,234,75 i +,76,38,114
1995,5,Districte V,10,Pubilla Cases,534,12-15,16,21,37
2011,3,Districte III,6,Santa Eulàlia,319,25-34,138,153,291
2001,2,Districte II,5,Collblanc,208,03-11,43,41,84
1997,3,Districte III,6,Santa Eulàlia,324,16-17,5,4,9
1996,4,Districte IV,7,la Florida,407,00-02,7,12,19
2006,5,Districte V,10,Pubilla Cases,538,65-74,81,68,149
1994,2,Districte II,5,Collblanc,244,75 i +,37,20,57
2000,3,Districte III,6,Santa Eulàlia,312,16-17,12,13,25
2004,2,Districte II,5,Collblanc,222,25-34,91,132,223
2010,2,Districte II,4,la Torrassa,247,50-64,104,90,194
2000,4,Districte IV,8,les Planes,429,00-02,4,6,10
2002,2,Districte II,5,Collblanc,226,03-11,28,40,68
1996,3,Districte III,6,Santa Eulàlia,324,18-24,35,63,98
2011,2,Districte II,4,la Torrassa,234,03-11,27,41,68
1998,6,Districte VI,11,el Gornal,629,50-64,67,58,125
2010,3,Districte III,6,Santa Eulàlia,306,12-15,28,34,62
2013,4,Districte IV,7,la Florida,416,65-74,74,46,120
2009,6,Districte VI,12,Bellvitge,623,65-74,90,89,179
2012,2,Districte II,4,la Torrassa,241,25-34,64,59,123
2010,4,Districte IV,7,la Florida,423,16-17,13,8,21
2007,1,Districte I,3,Sant Josep,114,00-02,12,20,32
2007,4,Districte IV,7,la Florida,413,18-24,26,28,54
2008,4,Districte IV,8,les Planes,437,50-64,72,51,123
2003,5,Districte V,9,Can Serra,502,00-02,14,18,32
1998,4,Districte IV,7,la Florida,427,75 i +,41,32,73
2011,1,Districte I,3,Sant Josep,140,03-11,35,45,80
2009,2,Districte II,5,Collblanc,223,03-11,47,47,94
2002,5,Districte V,9,Can Serra,501,12-15,19,13,32
2004,3,Districte III,6,Santa Eulàlia,315,50-64,130,147,277
2010,5,Districte V,10,Pubilla Cases,511,35-49,98,100,198
2005,2,Districte II,4,la Torrassa,234,50-64,60,51,111
1999,6,Districte VI,12,Bellvitge,604,25-34,65,89,154
2008,2,Districte II,5,Collblanc,244,16-17,8,3,11
1996,6,Districte VI,12,Bellvitge,607,00-02,11,4,15
2003,4,Districte IV,7,la Florida,410,25-34,136,171,307
2000,3,Districte III,6,Santa Eulàlia,303,65-74,111,115,226
2010,4,Districte IV,7,la Florida,410,03-11,57,78,135
2003,5,Districte V,10,Pubilla Cases,518,50-64,106,71,177
1998,1,Districte I,3,Sant Josep,140,65-74,59,55,114
2002,3,Districte III,6,Santa Eulàlia,323,65-74,77,56,133
2003,6,Districte VI,12,Bellvitge,606,18-24,48,40,88
2003,2,Districte II,5,Collblanc,216,12-15,9,18,27
1997,1,Districte I,1,Centre,110,65-74,54,49,103
2005,2,Districte II,5,Collblanc,216,00-02,28,18,46
2003,1,Districte I,2,Sanfeliu,132,75 i +,71,35,106
2009,4,Districte IV,7,la Florida,407,75 i +,83,55,138
2014,3,Districte III,6,Santa Eulàlia,302,12-15,11,20,31
2001,2,Districte II,5,Collblanc,208,16-17,20,22,42
2000,2,Districte II,4,la Torrassa,229,35-49,62,54,116
2011,5,Districte V,10,Pubilla Cases,529,25-34,116,99,215
2005,2,Districte II,4,la Torrassa,233,12-15,11,13,24
2005,4,Districte IV,7,la Florida,415,03-11,29,30,59
2016,2,Districte II,5,Collblanc,214,75 i +,118,66,184
2013,1,Districte I,1,Centre,113,12-15,14,25,39
2006,6,Districte VI,12,Bellvitge,609,12-15,10,11,21
2002,4,Districte IV,8,les Planes,441,03-11,61,48,109
2010,4,Districte IV,8,les Planes,435,25-34,119,131,250
2012,1,Districte I,1,Centre,108,16-17,9,10,19
2009,5,Districte V,9,Can Serra,506,35-49,191,187,378
2001,4,Districte IV,8,les Planes,435,03-11,25,29,54
1999,4,Districte IV,7,la Florida,415,12-15,9,11,20
2014,2,Districte II,4,la Torrassa,242,65-74,67,49,116
2003,5,Districte V,9,Can Serra,503,00-02,8,8,16
1994,2,Districte II,4,la Torrassa,218,25-34,55,51,106
2013,1,Districte I,1,Centre,110,65-74,101,92,193
2012,3,Districte III,6,Santa Eulàlia,319,50-64,151,123,274
2012,6,Districte VI,12,Bellvitge,601,00-02,22,12,34
1996,4,Districte IV,8,les Planes,433,18-24,53,64,117
2012,4,Districte IV,7,la Florida,410,00-02,19,20,39
2008,6,Districte VI,12,Bellvitge,621,65-74,52,66,118
2013,4,Districte IV,8,les Planes,419,18-24,89,95,184
1994,2,Districte II,4,la Torrassa,249,16-17,9,19,28
1998,4,Districte IV,8,les Planes,419,25-34,78,88,166
1999,6,Districte VI,11,el Gornal,616,25-34,212,233,445
2003,2,Districte II,4,la Torrassa,230,03-11,37,40,77
2007,4,Districte IV,7,la Florida,431,16-17,12,19,31
1999,1,Districte I,3,Sant Josep,138,75 i +,19,12,31
2000,2,Districte II,5,Collblanc,209,03-11,20,37,57
1994,1,Districte I,3,Sant Josep,140,25-34,73,77,150
2007,1,Districte I,3,Sant Josep,126,00-02,8,14,22
1998,1,Districte I,1,Centre,108,50-64,112,102,214
2000,1,Districte I,1,Centre,101,65-74,35,48,83
2005,3,Districte III,6,Santa Eulàlia,312,50-64,183,145,328
1996,1,Districte I,1,Centre,112,50-64,125,112,237
2016,1,Districte I,1,Centre,105,03-11,47,57,104
2009,2,Districte II,5,Collblanc,215,03-11,34,39,73
2016,2,Districte II,4,la Torrassa,247,50-64,127,108,235
2001,6,Districte VI,12,Bellvitge,606,16-17,5,6,11
1997,4,Districte IV,7,la Florida,402,03-11,19,20,39
2013,2,Districte II,4,la Torrassa,231,50-64,81,67,148
1998,2,Districte II,4,la Torrassa,217,18-24,20,21,41
2008,3,Districte III,6,Santa Eulàlia,305,25-34,111,140,251
2009,4,Districte IV,8,les Planes,440,00-02,7,20,27
2001,4,Districte IV,7,la Florida,416,50-64,71,54,125
1996,2,Districte II,4,la Torrassa,218,65-74,44,32,76
2001,4,Districte IV,7,la Florida,431,00-02,20,16,36
1994,1,Districte I,1,Centre,133,25-34,66,73,139
1998,5,Districte V,9,Can Serra,506,12-15,38,44,82
2009,4,Districte IV,7,la Florida,404,16-17,12,16,28
1996,2,Districte II,5,Collblanc,221,25-34,97,93,190
2006,2,Districte II,4,la Torrassa,240,03-11,23,30,53
2004,4,Districte IV,7,la Florida,407,16-17,7,11,18
1999,2,Districte II,5,Collblanc,207,75 i +,55,33,88
1994,4,Districte IV,8,les Planes,438,75 i +,29,16,45
2016,1,Districte I,1,Centre,135,75 i +,82,56,138
2012,5,Districte V,10,Pubilla Cases,532,50-64,99,72,171
2000,3,Districte III,6,Santa Eulàlia,323,00-02,54,40,94
1999,4,Districte IV,7,la Florida,427,03-11,16,29,45
1998,2,Districte II,5,Collblanc,224,65-74,40,36,76
2014,2,Districte II,4,la Torrassa,233,12-15,12,22,34
2000,1,Districte I,3,Sant Josep,138,75 i +,19,13,32
2003,6,Districte VI,11,el Gornal,622,50-64,89,87,176
2000,2,Districte II,5,Collblanc,220,00-02,7,10,17
1999,4,Districte IV,8,les Planes,434,50-64,40,42,82
2005,1,Districte I,3,Sant Josep,140,16-17,6,6,12
2015,2,Districte II,4,la Torrassa,231,35-49,172,178,350
2007,5,Districte V,10,Pubilla Cases,519,00-02,12,15,27
2001,2,Districte II,4,la Torrassa,238,16-17,5,7,12
1996,6,Districte VI,12,Bellvitge,607,12-15,18,21,39
1999,5,Districte V,10,Pubilla Cases,528,25-34,117,118,235
2009,2,Districte II,4,la Torrassa,233,12-15,13,21,34
2001,6,Districte VI,12,Bellvitge,615,65-74,43,43,86
2016,4,Districte IV,7,la Florida,412,50-64,162,132,294
2008,4,Districte IV,8,les Planes,433,03-11,53,54,107
2011,2,Districte II,5,Collblanc,227,03-11,32,18,50
2013,5,Districte V,9,Can Serra,501,35-49,118,114,232
2008,2,Districte II,5,Collblanc,222,16-17,10,18,28
1994,1,Districte I,3,Sant Josep,139,12-15,28,26,54
1998,4,Districte IV,7,la Florida,432,75 i +,31,27,58
2014,6,Districte VI,12,Bellvitge,627,00-02,6,17,23
2014,1,Districte I,3,Sant Josep,125,25-34,99,105,204
2013,2,Districte II,5,Collblanc,209,03-11,25,40,65
2005,1,Districte I,1,Centre,113,16-17,22,13,35
1994,4,Districte IV,8,les Planes,441,03-11,146,132,278
2002,2,Districte II,5,Collblanc,213,75 i +,39,19,58
2000,5,Districte V,10,Pubilla Cases,523,75 i +,82,35,117
2014,4,Districte IV,8,les Planes,437,12-15,33,36,69
2004,6,Districte VI,12,Bellvitge,620,25-34,45,40,85
2009,4,Districte IV,8,les Planes,418,03-11,63,55,118
2006,4,Districte IV,7,la Florida,402,00-02,10,10,20
2003,2,Districte II,5,Collblanc,244,75 i +,45,33,78
1995,4,Districte IV,7,la Florida,409,12-15,24,20,44
2003,4,Districte IV,7,la Florida,402,16-17,5,9,14
2010,5,Districte V,10,Pubilla Cases,515,18-24,30,37,67
1997,4,Districte IV,7,la Florida,416,03-11,19,23,42
2001,2,Districte II,4,la Torrassa,236,12-15,19,17,36
2002,3,Districte III,6,Santa Eulàlia,313,16-17,18,20,38
2000,4,Districte IV,7,la Florida,413,25-34,44,57,101
2007,2,Districte II,4,la Torrassa,217,50-64,37,47,84
2014,4,Districte IV,8,les Planes,418,25-34,77,107,184
1995,4,Districte IV,8,les Planes,433,75 i +,36,21,57
1999,4,Districte IV,8,les Planes,439,18-24,40,40,80
2011,6,Districte VI,12,Bellvitge,613,65-74,126,119,245
1995,1,Districte I,3,Sant Josep,126,75 i +,36,15,51
2006,2,Districte II,5,Collblanc,215,35-49,129,116,245
2005,4,Districte IV,8,les Planes,429,00-02,4,8,12
2011,1,Districte I,2,Sanfeliu,116,50-64,153,126,279
2004,2,Districte II,4,la Torrassa,242,18-24,45,48,93
2004,4,Districte IV,7,la Florida,425,03-11,25,31,56
2000,3,Districte III,6,Santa Eulàlia,313,03-11,76,53,129
2011,3,Districte III,6,Santa Eulàlia,308,16-17,18,21,39
2009,1,Districte I,1,Centre,128,75 i +,50,32,82
2009,6,Districte VI,11,el Gornal,629,35-49,57,67,124
2002,1,Districte I,1,Centre,103,03-11,29,28,57
1999,4,Districte IV,8,les Planes,419,65-74,37,36,73
1997,6,Districte VI,12,Bellvitge,615,65-74,33,25,58
2000,5,Districte V,9,Can Serra,502,35-49,149,135,284
1996,6,Districte VI,12,Bellvitge,604,75 i +,19,11,30
1999,1,Districte I,3,Sant Josep,126,65-74,70,48,118
1999,4,Districte IV,8,les Planes,429,75 i +,32,27,59
2003,6,Districte VI,12,Bellvitge,620,50-64,81,75,156
2008,6,Districte VI,12,Bellvitge,619,16-17,6,9,15
2012,4,Districte IV,7,la Florida,406,35-49,133,161,294
1996,5,Districte V,10,Pubilla Cases,526,03-11,22,31,53
1998,6,Districte VI,12,Bellvitge,609,00-02,7,8,15
1997,2,Districte II,4,la Torrassa,236,35-49,86,80,166
2015,2,Districte II,5,Collblanc,223,18-24,62,51,113
2013,4,Districte IV,7,la Florida,410,35-49,192,162,354
2002,2,Districte II,5,Collblanc,224,18-24,26,28,54
1998,4,Districte IV,7,la Florida,408,65-74,47,48,95
2006,4,Districte IV,7,la Florida,417,18-24,40,31,71
1997,5,Districte V,10,Pubilla Cases,537,18-24,76,76,152
2004,3,Districte III,6,Santa Eulàlia,315,65-74,58,43,101
2016,5,Districte V,9,Can Serra,501,03-11,19,35,54
2012,2,Districte II,4,la Torrassa,243,25-34,123,101,224
1995,6,Districte VI,11,el Gornal,622,35-49,118,119,237
2006,1,Districte I,3,Sant Josep,140,18-24,37,39,76
2015,1,Districte I,3,Sant Josep,106,18-24,44,50,94
2011,1,Districte I,2,Sanfeliu,129,03-11,39,54,93
2010,6,Districte VI,12,Bellvitge,623,75 i +,61,33,94
1994,4,Districte IV,7,la Florida,425,00-02,14,8,22
2008,4,Districte IV,7,la Florida,413,35-49,70,92,162
2016,1,Districte I,2,Sanfeliu,129,50-64,88,83,171
2013,1,Districte I,3,Sant Josep,125,18-24,49,50,99
2007,5,Districte V,10,Pubilla Cases,510,65-74,65,47,112
1995,4,Districte IV,7,la Florida,402,16-17,11,13,24
2001,4,Districte IV,7,la Florida,406,50-64,123,120,243
1998,2,Districte II,5,Collblanc,209,25-34,76,91,167
2006,1,Districte I,1,Centre,102,75 i +,81,49,130
2012,3,Districte III,6,Santa Eulàlia,318,50-64,103,106,209
1996,5,Districte V,10,Pubilla Cases,516,18-24,46,33,79
2015,2,Districte II,4,la Torrassa,234,18-24,38,38,76
2006,6,Districte VI,12,Bellvitge,631,18-24,34,25,59
2009,4,Districte IV,8,les Planes,437,03-11,35,33,68
1995,2,Districte II,5,Collblanc,207,25-34,53,51,104
2001,4,Districte IV,8,les Planes,433,75 i +,49,20,69
2009,1,Districte I,2,Sanfeliu,129,35-49,133,149,282
1995,6,Districte VI,12,Bellvitge,620,03-11,28,25,53
2007,2,Districte II,4,la Torrassa,242,50-64,93,92,185
2005,6,Districte VI,12,Bellvitge,605,00-02,5,7,12
2009,2,Districte II,4,la Torrassa,248,00-02,17,20,37
2002,5,Districte V,10,Pubilla Cases,520,65-74,54,55,109
2016,2,Districte II,5,Collblanc,201,65-74,49,31,80
2007,5,Districte V,10,Pubilla Cases,537,03-11,48,41,89
1999,5,Districte V,10,Pubilla Cases,537,03-11,44,28,72
2015,1,Districte I,1,Centre,102,25-34,71,58,129
1994,5,Districte V,9,Can Serra,501,65-74,16,18,34
2005,4,Districte IV,8,les Planes,420,00-02,28,25,53
1997,1,Districte I,1,Centre,101,65-74,33,37,70
2001,3,Districte III,6,Santa Eulàlia,318,00-02,13,16,29
1994,2,Districte II,5,Collblanc,214,65-74,41,35,76
1998,1,Districte I,1,Centre,133,65-74,54,50,104
2001,6,Districte VI,11,el Gornal,626,35-49,96,93,189
2011,6,Districte VI,12,Bellvitge,628,35-49,104,96,200
1994,3,Districte III,6,Santa Eulàlia,303,25-34,127,154,281
2009,2,Districte II,4,la Torrassa,234,75 i +,79,45,124
2004,4,Districte IV,7,la Florida,414,03-11,39,36,75
2012,6,Districte VI,11,el Gornal,617,65-74,64,39,103
2007,6,Districte VI,12,Bellvitge,631,65-74,61,56,117
2001,6,Districte VI,11,el Gornal,617,18-24,50,69,119
2013,4,Districte IV,7,la Florida,423,35-49,112,117,229
2009,2,Districte II,5,Collblanc,223,75 i +,65,43,108
2013,6,Districte VI,11,el Gornal,632,12-15,28,16,44
2005,4,Districte IV,7,la Florida,407,03-11,36,33,69
1998,4,Districte IV,8,les Planes,441,03-11,100,77,177
2012,1,Districte I,3,Sant Josep,126,25-34,70,57,127
1998,6,Districte VI,12,Bellvitge,625,18-24,112,126,238
1994,6,Districte VI,12,Bellvitge,614,12-15,25,32,57
2006,3,Districte III,6,Santa Eulàlia,323,18-24,123,134,257
1994,1,Districte I,3,Sant Josep,139,75 i +,24,7,31
2016,2,Districte II,4,la Torrassa,245,18-24,56,47,103
2005,6,Districte VI,12,Bellvitge,623,65-74,60,71,131
2001,2,Districte II,5,Collblanc,203,16-17,2,10,12
2004,1,Districte I,3,Sant Josep,122,65-74,56,61,117
2009,2,Districte II,4,la Torrassa,245,65-74,53,37,90
1998,1,Districte I,3,Sant Josep,140,03-11,16,16,32
2000,5,Districte V,9,Can Serra,535,65-74,41,37,78
2012,4,Districte IV,7,la Florida,425,03-11,33,50,83
1998,2,Districte II,5,Collblanc,222,16-17,11,12,23
1995,3,Districte III,6,Santa Eulàlia,306,75 i +,57,32,89
2007,1,Districte I,2,Sanfeliu,118,00-02,30,26,56
2002,1,Districte I,3,Sant Josep,136,25-34,101,113,214
1996,1,Districte I,3,Sant Josep,140,50-64,131,116,247
2001,4,Districte IV,8,les Planes,418,35-49,98,122,220
2000,5,Districte V,10,Pubilla Cases,527,25-34,84,92,176
2006,4,Districte IV,8,les Planes,442,03-11,27,23,50
2010,2,Districte II,4,la Torrassa,238,25-34,73,93,166
2014,1,Districte I,1,Centre,110,65-74,112,96,208
2003,2,Districte II,5,Collblanc,204,50-64,35,41,76
2014,5,Districte V,10,Pubilla Cases,523,65-74,76,54,130
2016,1,Districte I,1,Centre,128,50-64,79,82,161
1995,1,Districte I,1,Centre,131,18-24,123,133,256
2013,1,Districte I,3,Sant Josep,125,75 i +,54,52,106
2001,4,Districte IV,8,les Planes,434,50-64,43,44,87
2011,3,Districte III,6,Santa Eulàlia,302,75 i +,71,37,108
1996,3,Districte III,6,Santa Eulàlia,309,00-02,7,9,16
2006,5,Districte V,10,Pubilla Cases,509,65-74,41,39,80
2002,5,Districte V,10,Pubilla Cases,537,25-34,111,106,217
2009,2,Districte II,4,la Torrassa,228,03-11,26,29,55
2000,2,Districte II,5,Collblanc,212,50-64,141,114,255
1998,5,Districte V,10,Pubilla Cases,516,03-11,16,19,35
2000,6,Districte VI,12,Bellvitge,612,75 i +,45,22,67
2002,3,Districte III,6,Santa Eulàlia,305,25-34,119,123,242
2000,1,Districte I,1,Centre,133,75 i +,45,33,78
2005,2,Districte II,5,Collblanc,215,00-02,6,12,18
2004,1,Districte I,1,Centre,107,35-49,194,170,364
2002,6,Districte VI,11,el Gornal,617,65-74,61,51,112
1996,4,Districte IV,7,la Florida,426,75 i +,53,27,80
2015,3,Districte III,6,Santa Eulàlia,319,50-64,140,134,274
2010,3,Districte III,6,Santa Eulàlia,314,03-11,80,93,173
1994,4,Districte IV,8,les Planes,434,03-11,29,25,54
2011,3,Districte III,6,Santa Eulàlia,308,35-49,274,247,521
2009,1,Districte I,1,Centre,107,65-74,98,89,187
2010,1,Districte I,1,Centre,108,50-64,137,125,262
1996,3,Districte III,6,Santa Eulàlia,313,65-74,61,65,126
1998,6,Districte VI,11,el Gornal,622,25-34,86,94,180
2004,5,Districte V,10,Pubilla Cases,508,50-64,50,49,99
2001,6,Districte VI,11,el Gornal,608,25-34,74,97,171
2012,1,Districte I,1,Centre,113,75 i +,62,41,103
1999,2,Districte II,4,la Torrassa,243,35-49,139,133,272
2001,1,Districte I,1,Centre,112,75 i +,65,19,84
1997,4,Districte IV,8,les Planes,419,16-17,4,14,18
2011,5,Districte V,10,Pubilla Cases,527,35-49,135,153,288
2007,4,Districte IV,7,la Florida,430,16-17,5,8,13
2006,6,Districte VI,11,el Gornal,616,16-17,34,38,72
1996,2,Districte II,4,la Torrassa,233,12-15,8,7,15
1994,4,Districte IV,7,la Florida,422,16-17,7,15,22
1995,5,Districte V,9,Can Serra,505,65-74,45,40,85
2011,1,Districte I,3,Sant Josep,127,12-15,10,10,20
2007,6,Districte VI,12,Bellvitge,605,12-15,9,3,12
1999,5,Districte V,10,Pubilla Cases,529,50-64,121,124,245
2005,2,Districte II,4,la Torrassa,243,25-34,138,126,264
2007,2,Districte II,5,Collblanc,216,18-24,51,55,106
1995,6,Districte VI,12,Bellvitge,615,18-24,103,124,227
1996,1,Districte I,3,Sant Josep,121,75 i +,38,20,58
2003,3,Districte III,6,Santa Eulàlia,323,16-17,38,27,65
2016,2,Districte II,5,Collblanc,212,75 i +,77,49,126
2013,4,Districte IV,8,les Planes,419,50-64,115,145,260
2016,6,Districte VI,12,Bellvitge,621,16-17,10,17,27
2009,4,Districte IV,7,la Florida,426,35-49,158,156,314
2015,3,Districte III,6,Santa Eulàlia,327,35-49,131,137,268
2008,2,Districte II,4,la Torrassa,245,65-74,55,42,97
2001,5,Districte V,9,Can Serra,502,12-15,21,26,47
1998,3,Districte III,6,Santa Eulàlia,307,50-64,160,143,303
1995,2,Districte II,5,Collblanc,208,75 i +,95,58,153
2010,3,Districte III,6,Santa Eulàlia,321,50-64,306,277,583
2007,2,Districte II,5,Collblanc,210,50-64,86,78,164
2000,6,Districte VI,12,Bellvitge,624,03-11,36,33,69
2006,5,Districte V,9,Can Serra,504,50-64,129,92,221
2001,2,Districte II,4,la Torrassa,240,75 i +,42,22,64
2002,2,Districte II,5,Collblanc,201,75 i +,42,17,59
2003,5,Districte V,9,Can Serra,503,25-34,75,81,156
1994,1,Districte I,1,Centre,128,50-64,92,100,192
2012,1,Districte I,3,Sant Josep,136,12-15,16,25,41
1996,2,Districte II,4,la Torrassa,229,75 i +,40,15,55
2009,6,Districte VI,11,el Gornal,617,00-02,16,18,34
2013,4,Districte IV,7,la Florida,431,18-24,68,64,132
2008,2,Districte II,5,Collblanc,213,50-64,79,87,166
1995,6,Districte VI,12,Bellvitge,606,75 i +,30,12,42
2000,5,Districte V,10,Pubilla Cases,513,65-74,51,50,101
2001,4,Districte IV,8,les Planes,442,03-11,22,23,45
2007,2,Districte II,4,la Torrassa,239,12-15,15,21,36
2000,2,Districte II,5,Collblanc,205,18-24,44,44,88
2009,6,Districte VI,12,Bellvitge,628,75 i +,46,39,85
2004,3,Districte III,6,Santa Eulàlia,309,12-15,15,12,27
2007,2,Districte II,4,la Torrassa,239,75 i +,93,60,153
1994,4,Districte IV,7,la Florida,421,65-74,62,43,105
2006,3,Districte III,6,Santa Eulàlia,303,18-24,44,44,88
2008,5,Districte V,10,Pubilla Cases,530,03-11,45,50,95
2009,1,Districte I,1,Centre,130,12-15,16,18,34
2000,5,Districte V,10,Pubilla Cases,518,03-11,30,26,56
1994,4,Districte IV,7,la Florida,415,50-64,61,73,134
2014,2,Districte II,4,la Torrassa,232,18-24,39,42,81
2012,2,Districte II,4,la Torrassa,247,25-34,119,121,240
1997,6,Districte VI,12,Bellvitge,615,75 i +,22,11,33
1994,5,Districte V,9,Can Serra,503,75 i +,16,7,23
2015,1,Districte I,2,Sanfeliu,116,00-02,22,12,34
2015,1,Districte I,3,Sant Josep,126,00-02,10,12,22
1998,4,Districte IV,7,la Florida,431,03-11,33,41,74
2005,3,Districte III,6,Santa Eulàlia,320,16-17,12,6,18
2013,4,Districte IV,7,la Florida,412,03-11,53,56,109
2006,5,Districte V,9,Can Serra,521,50-64,167,137,304
1994,1,Districte I,1,Centre,112,35-49,203,207,410
2007,6,Districte VI,12,Bellvitge,624,00-02,12,17,29
2006,5,Districte V,9,Can Serra,507,00-02,16,12,28
1995,5,Districte V,9,Can Serra,504,03-11,33,43,76
2010,1,Districte I,1,Centre,123,18-24,43,36,79
2009,1,Districte I,1,Centre,135,16-17,4,8,12
1998,2,Districte II,5,Collblanc,201,75 i +,39,11,50
2001,3,Districte III,6,Santa Eulàlia,316,50-64,205,227,432
2007,6,Districte VI,12,Bellvitge,602,50-64,53,37,90
2011,5,Districte V,10,Pubilla Cases,534,25-34,77,86,163
2005,2,Districte II,5,Collblanc,226,16-17,7,15,22
2002,4,Districte IV,7,la Florida,406,65-74,84,79,163
2010,5,Districte V,10,Pubilla Cases,537,00-02,14,13,27
2001,4,Districte IV,7,la Florida,428,25-34,53,63,116
2001,5,Districte V,10,Pubilla Cases,530,18-24,46,82,128
2001,4,Districte IV,7,la Florida,425,65-74,75,62,137
2008,1,Districte I,1,Centre,109,50-64,125,127,252
1996,3,Districte III,6,Santa Eulàlia,314,75 i +,55,18,73
2006,1,Districte I,1,Centre,110,03-11,32,34,66
1995,1,Districte I,1,Centre,108,25-34,101,95,196
2001,4,Districte IV,7,la Florida,424,25-34,35,65,100
2005,6,Districte VI,12,Bellvitge,603,35-49,50,61,111
2003,5,Districte V,10,Pubilla Cases,509,25-34,67,88,155
2011,6,Districte VI,12,Bellvitge,611,16-17,8,17,25
2003,3,Districte III,6,Santa Eulàlia,309,00-02,11,16,27
2010,1,Districte I,3,Sant Josep,137,16-17,16,14,30
2002,4,Districte IV,7,la Florida,421,25-34,113,114,227
2004,5,Districte V,10,Pubilla Cases,531,12-15,13,15,28
2014,4,Districte IV,7,la Florida,416,25-34,97,110,207
2006,6,Districte VI,12,Bellvitge,623,16-17,8,7,15
1998,1,Districte I,1,Centre,113,65-74,49,35,84
2012,2,Districte II,4,la Torrassa,243,75 i +,110,71,181
1998,3,Districte III,6,Santa Eulàlia,308,03-11,40,45,85
2001,1,Districte I,1,Centre,108,50-64,103,102,205
2011,6,Districte VI,12,Bellvitge,619,12-15,15,22,37
1996,1,Districte I,3,Sant Josep,140,03-11,19,19,38
2015,6,Districte VI,12,Bellvitge,630,18-24,22,25,47
2009,5,Districte V,10,Pubilla Cases,536,12-15,15,16,31
1998,4,Districte IV,7,la Florida,404,50-64,138,119,257
1999,2,Districte II,4,la Torrassa,228,03-11,20,18,38
2001,3,Districte III,6,Santa Eulàlia,320,50-64,102,92,194
2015,6,Districte VI,12,Bellvitge,610,00-02,10,12,22
1996,2,Districte II,4,la Torrassa,217,18-24,19,26,45
2003,5,Districte V,10,Pubilla Cases,514,75 i +,31,14,45
2010,1,Districte I,3,Sant Josep,127,18-24,39,35,74
2011,2,Districte II,5,Collblanc,203,25-34,88,109,197
1994,4,Districte IV,8,les Planes,442,12-15,12,15,27
2011,4,Districte IV,8,les Planes,420,65-74,73,43,116
2008,2,Districte II,4,la Torrassa,240,50-64,61,39,100
2009,3,Districte III,6,Santa Eulàlia,319,18-24,59,67,126
2002,1,Districte I,1,Centre,131,50-64,171,185,356
2001,5,Districte V,10,Pubilla Cases,511,35-49,57,62,119
1999,5,Districte V,10,Pubilla Cases,514,25-34,54,52,106
2001,4,Districte IV,7,la Florida,432,25-34,88,99,187
1999,2,Districte II,4,la Torrassa,211,75 i +,85,44,129
1998,5,Districte V,10,Pubilla Cases,529,03-11,20,35,55
2003,5,Districte V,10,Pubilla Cases,538,25-34,111,110,221
2006,3,Districte III,6,Santa Eulàlia,325,18-24,57,58,115
2006,5,Districte V,10,Pubilla Cases,519,35-49,70,99,169
1997,6,Districte VI,12,Bellvitge,602,50-64,94,86,180
2004,1,Districte I,1,Centre,104,35-49,86,105,191
1999,5,Districte V,10,Pubilla Cases,517,25-34,99,99,198
2010,2,Districte II,5,Collblanc,220,03-11,42,34,76
1998,6,Districte VI,12,Bellvitge,624,03-11,36,38,74
2004,3,Districte III,6,Santa Eulàlia,304,35-49,134,180,314
2014,2,Districte II,4,la Torrassa,211,00-02,14,25,39
2004,2,Districte II,5,Collblanc,214,00-02,10,12,22
1995,2,Districte II,5,Collblanc,216,50-64,150,123,273
2009,5,Districte V,9,Can Serra,507,65-74,47,43,90
2005,1,Districte I,1,Centre,124,16-17,9,8,17
2000,1,Districte I,1,Centre,102,65-74,98,71,169
2002,2,Districte II,5,Collblanc,205,16-17,6,8,14
2013,2,Districte II,4,la Torrassa,229,25-34,161,147,308
2010,3,Districte III,6,Santa Eulàlia,325,25-34,117,144,261
2015,2,Districte II,4,la Torrassa,237,18-24,41,53,94
2002,6,Districte VI,12,Bellvitge,601,65-74,66,75,141
2011,2,Districte II,5,Collblanc,214,16-17,9,3,12
2001,5,Districte V,10,Pubilla Cases,530,35-49,119,130,249
1994,2,Districte II,4,la Torrassa,243,65-74,94,80,174
2004,4,Districte IV,8,les Planes,436,35-49,92,111,203
1997,3,Districte III,6,Santa Eulàlia,305,12-15,32,42,74
2009,5,Districte V,9,Can Serra,501,16-17,10,7,17
1994,1,Districte I,1,Centre,102,35-49,197,172,369
2013,2,Districte II,4,la Torrassa,242,12-15,14,15,29
2008,1,Districte I,3,Sant Josep,106,65-74,62,54,116
2013,5,Districte V,9,Can Serra,506,00-02,24,20,44
1999,1,Districte I,3,Sant Josep,114,18-24,110,114,224
2003,2,Districte II,4,la Torrassa,246,03-11,35,45,80
2010,4,Districte IV,7,la Florida,428,75 i +,36,24,60
1996,4,Districte IV,7,la Florida,425,75 i +,44,22,66
1997,5,Districte V,10,Pubilla Cases,532,18-24,83,98,181
2014,4,Districte IV,7,la Florida,427,18-24,70,84,154
2008,3,Districte III,6,Santa Eulàlia,325,16-17,17,13,30
1995,1,Districte I,1,Centre,101,75 i +,16,6,22
1995,4,Districte IV,7,la Florida,409,18-24,45,55,100
2006,3,Districte III,6,Santa Eulàlia,302,03-11,32,47,79
1995,4,Districte IV,7,la Florida,404,50-64,160,142,302
1994,3,Districte III,6,Santa Eulàlia,307,65-74,65,53,118
2000,1,Districte I,3,Sant Josep,139,12-15,11,15,26
2009,4,Districte IV,7,la Florida,431,65-74,68,47,115
2012,5,Districte V,10,Pubilla Cases,526,03-11,23,25,48
2012,5,Districte V,10,Pubilla Cases,515,65-74,26,30,56
2007,3,Districte III,6,Santa Eulàlia,322,00-02,39,16,55
2002,5,Districte V,10,Pubilla Cases,513,03-11,21,23,44
2000,5,Districte V,10,Pubilla Cases,529,25-34,100,98,198
2005,2,Districte II,4,la Torrassa,236,35-49,128,131,259
2006,2,Districte II,5,Collblanc,210,65-74,65,53,118
2002,3,Districte III,6,Santa Eulàlia,308,12-15,29,34,63
2015,2,Districte II,4,la Torrassa,228,00-02,32,27,59
2015,4,Districte IV,7,la Florida,425,18-24,36,43,79
2011,1,Districte I,1,Centre,134,16-17,13,19,32
2007,6,Districte VI,11,el Gornal,608,16-17,6,9,15
1996,6,Districte VI,12,Bellvitge,624,75 i +,23,11,34
2006,4,Districte IV,7,la Florida,432,16-17,12,13,25
2011,1,Districte I,1,Centre,123,75 i +,98,63,161
2012,6,Districte VI,12,Bellvitge,607,18-24,36,35,71
2008,1,Districte I,1,Centre,135,25-34,129,145,274
2004,5,Districte V,10,Pubilla Cases,526,03-11,27,30,57
1994,6,Districte VI,12,Bellvitge,623,12-15,58,71,129
2001,4,Districte IV,8,les Planes,440,16-17,10,3,13
1997,2,Districte II,4,la Torrassa,229,16-17,2,7,9
2016,2,Districte II,4,la Torrassa,234,35-49,147,134,281
2004,3,Districte III,6,Santa Eulàlia,325,50-64,203,184,387
2014,2,Districte II,4,la Torrassa,228,75 i +,133,83,216
2003,1,Districte I,1,Centre,110,25-34,116,118,234
2001,5,Districte V,10,Pubilla Cases,534,18-24,44,56,100
1999,3,Districte III,6,Santa Eulàlia,319,65-74,32,28,60
1994,4,Districte IV,7,la Florida,415,25-34,66,59,125
2011,4,Districte IV,7,la Florida,428,50-64,52,44,96
2011,3,Districte III,6,Santa Eulàlia,303,16-17,6,9,15
2013,4,Districte IV,7,la Florida,412,16-17,18,11,29
2001,3,Districte III,6,Santa Eulàlia,324,16-17,11,9,20
1999,2,Districte II,4,la Torrassa,231,03-11,29,32,61
1997,4,Districte IV,8,les Planes,420,18-24,65,71,136
2005,5,Districte V,9,Can Serra,505,18-24,51,35,86
2010,1,Districte I,2,Sanfeliu,116,65-74,96,88,184
2005,4,Districte IV,8,les Planes,440,18-24,39,23,62
2007,1,Districte I,3,Sant Josep,106,25-34,168,186,354
2003,4,Districte IV,7,la Florida,409,00-02,7,5,12
2008,1,Districte I,1,Centre,128,16-17,8,13,21
2016,5,Districte V,10,Pubilla Cases,513,16-17,16,16,32
1995,5,Districte V,10,Pubilla Cases,531,03-11,33,32,65
2009,6,Districte VI,12,Bellvitge,601,16-17,15,11,26
2011,3,Districte III,6,Santa Eulàlia,312,18-24,63,55,118
2010,5,Districte V,10,Pubilla Cases,529,12-15,22,20,42
2014,2,Districte II,4,la Torrassa,243,12-15,21,28,49
2004,4,Districte IV,8,les Planes,434,75 i +,60,25,85
2003,1,Districte I,2,Sanfeliu,118,65-74,44,43,87
1996,4,Districte IV,7,la Florida,416,00-02,12,6,18
2009,2,Districte II,5,Collblanc,209,12-15,11,13,24
2000,4,Districte IV,7,la Florida,414,25-34,75,73,148
2008,5,Districte V,9,Can Serra,507,00-02,12,13,25
1994,3,Districte III,6,Santa Eulàlia,307,16-17,35,39,74
1999,6,Districte VI,12,Bellvitge,613,16-17,10,5,15
1997,1,Districte I,1,Centre,107,50-64,188,194,382
2008,2,Districte II,4,la Torrassa,246,25-34,128,140,268
1998,4,Districte IV,8,les Planes,442,35-49,56,56,112
2006,2,Districte II,5,Collblanc,212,03-11,53,59,112
1999,4,Districte IV,7,la Florida,409,75 i +,23,10,33
2012,2,Districte II,4,la Torrassa,217,75 i +,43,23,66
2011,2,Districte II,4,la Torrassa,236,65-74,63,41,104
2005,4,Districte IV,7,la Florida,415,65-74,33,25,58
2012,4,Districte IV,8,les Planes,442,03-11,30,20,50
2002,4,Districte IV,8,les Planes,429,00-02,6,3,9
2011,4,Districte IV,7,la Florida,409,25-34,65,56,121
2013,1,Districte I,3,Sant Josep,137,25-34,105,101,206
2004,1,Districte I,1,Centre,107,03-11,54,54,108
2006,2,Districte II,5,Collblanc,205,12-15,14,12,26
1995,6,Districte VI,12,Bellvitge,630,18-24,80,76,156
2006,2,Districte II,5,Collblanc,223,00-02,18,20,38
2012,1,Districte I,3,Sant Josep,114,03-11,50,71,121
2006,5,Districte V,9,Can Serra,504,35-49,94,99,193
2003,3,Districte III,6,Santa Eulàlia,313,03-11,65,63,128
2006,5,Districte V,9,Can Serra,502,00-02,13,18,31
2003,6,Districte VI,12,Bellvitge,604,75 i +,26,13,39
2009,5,Districte V,10,Pubilla Cases,528,25-34,126,146,272
2016,3,Districte III,6,Santa Eulàlia,318,50-64,110,100,210
2006,1,Districte I,3,Sant Josep,114,75 i +,72,40,112
2003,5,Districte V,10,Pubilla Cases,512,35-49,87,100,187
2009,6,Districte VI,11,el Gornal,608,03-11,24,24,48
1996,6,Districte VI,12,Bellvitge,628,50-64,127,147,274
2016,1,Districte I,3,Sant Josep,138,75 i +,49,37,86
1998,1,Districte I,3,Sant Josep,137,00-02,13,15,28
2011,1,Districte I,3,Sant Josep,114,35-49,174,200,374
2009,5,Districte V,9,Can Serra,504,16-17,7,3,10
2007,5,Districte V,10,Pubilla Cases,518,50-64,88,65,153
2001,4,Districte IV,8,les Planes,429,35-49,64,71,135
2013,6,Districte VI,12,Bellvitge,630,12-15,14,16,30
1997,4,Districte IV,7,la Florida,427,25-34,72,73,145
2010,6,Districte VI,12,Bellvitge,611,03-11,86,92,178
2016,4,Districte IV,7,la Florida,416,65-74,68,54,122
1997,6,Districte VI,12,Bellvitge,627,75 i +,17,10,27
1997,6,Districte VI,11,el Gornal,629,00-02,4,12,16
2013,3,Districte III,6,Santa Eulàlia,325,12-15,27,32,59
2000,2,Districte II,5,Collblanc,209,50-64,85,67,152
2011,5,Districte V,10,Pubilla Cases,509,18-24,34,49,83
1999,3,Districte III,6,Santa Eulàlia,311,35-49,125,108,233
1999,4,Districte IV,8,les Planes,439,75 i +,42,21,63
2003,4,Districte IV,8,les Planes,442,03-11,26,21,47
2004,5,Districte V,10,Pubilla Cases,526,35-49,74,91,165
1996,5,Districte V,10,Pubilla Cases,523,65-74,89,79,168
2016,3,Districte III,6,Santa Eulàlia,303,00-02,23,23,46
2008,1,Districte I,1,Centre,128,12-15,17,13,30
2002,1,Districte I,3,Sant Josep,127,50-64,54,49,103
2013,5,Districte V,10,Pubilla Cases,514,35-49,162,199,361
2009,2,Districte II,5,Collblanc,203,00-02,9,10,19
2005,3,Districte III,6,Santa Eulàlia,313,12-15,31,29,60
2000,2,Districte II,4,la Torrassa,232,25-34,91,83,174
1995,6,Districte VI,11,el Gornal,616,25-34,105,117,222
1997,1,Districte I,1,Centre,104,25-34,64,87,151
2002,4,Districte IV,8,les Planes,433,75 i +,46,22,68
2007,2,Districte II,5,Collblanc,201,50-64,59,39,98
2005,1,Districte I,3,Sant Josep,137,35-49,163,156,319
1999,6,Districte VI,12,Bellvitge,625,75 i +,16,8,24
2010,1,Districte I,1,Centre,133,00-02,13,11,24
2004,3,Districte III,6,Santa Eulàlia,311,12-15,13,24,37
2010,4,Districte IV,8,les Planes,437,16-17,9,15,24
2011,4,Districte IV,8,les Planes,433,35-49,148,173,321
2009,6,Districte VI,12,Bellvitge,623,25-34,92,137,229
2006,5,Districte V,10,Pubilla Cases,520,75 i +,52,29,81
1995,2,Districte II,4,la Torrassa,248,35-49,97,85,182
2008,5,Districte V,10,Pubilla Cases,526,03-11,25,27,52
2006,6,Districte VI,12,Bellvitge,620,35-49,63,57,120
2009,2,Districte II,5,Collblanc,224,25-34,64,66,130
2006,4,Districte IV,7,la Florida,426,16-17,7,2,9
2006,2,Districte II,4,la Torrassa,238,03-11,34,31,65
2003,4,Districte IV,7,la Florida,412,16-17,16,21,37
2009,1,Districte I,2,Sanfeliu,118,12-15,24,35,59
2015,6,Districte VI,12,Bellvitge,601,00-02,19,31,50
2006,5,Districte V,10,Pubilla Cases,514,16-17,4,3,7
1994,4,Districte IV,7,la Florida,431,35-49,129,136,265
1998,5,Districte V,9,Can Serra,501,35-49,151,122,273
2014,3,Districte III,6,Santa Eulàlia,309,65-74,44,42,86
1995,6,Districte VI,12,Bellvitge,627,75 i +,17,13,30
2009,3,Districte III,6,Santa Eulàlia,316,03-11,45,61,106
2004,6,Districte VI,12,Bellvitge,607,12-15,19,13,32
1996,4,Districte IV,8,les Planes,438,18-24,66,49,115
1996,4,Districte IV,8,les Planes,433,00-02,17,12,29
1998,6,Districte VI,11,el Gornal,629,00-02,7,9,16
1995,2,Districte II,4,la Torrassa,236,12-15,20,18,38
1999,1,Districte I,1,Centre,110,16-17,16,12,28
2009,5,Districte V,10,Pubilla Cases,536,03-11,38,35,73
1995,2,Districte II,5,Collblanc,226,65-74,89,71,160
1997,6,Districte VI,11,el Gornal,616,16-17,49,47,96
1998,5,Districte V,10,Pubilla Cases,526,25-34,60,56,116
1998,6,Districte VI,12,Bellvitge,606,35-49,87,97,184
1999,1,Districte I,1,Centre,103,16-17,14,9,23
2001,5,Districte V,9,Can Serra,521,35-49,94,79,173
2011,2,Districte II,4,la Torrassa,238,03-11,30,32,62
2009,2,Districte II,5,Collblanc,226,35-49,147,151,298
1997,6,Districte VI,12,Bellvitge,601,75 i +,66,23,89
2015,6,Districte VI,12,Bellvitge,613,03-11,41,50,91
1994,4,Districte IV,7,la Florida,416,50-64,101,101,202
2010,2,Districte II,5,Collblanc,226,03-11,44,32,76
2003,1,Districte I,3,Sant Josep,106,16-17,21,15,36
2016,3,Districte III,6,Santa Eulàlia,309,03-11,69,70,139
2004,4,Districte IV,7,la Florida,423,03-11,36,31,67
1998,5,Districte V,10,Pubilla Cases,522,65-74,42,38,80
2004,5,Districte V,10,Pubilla Cases,530,75 i +,90,44,134
2002,2,Districte II,5,Collblanc,205,00-02,9,4,13
2015,4,Districte IV,8,les Planes,440,12-15,11,17,28
2009,4,Districte IV,7,la Florida,415,25-34,106,116,222
2010,4,Districte IV,7,la Florida,421,00-02,14,21,35
2009,5,Districte V,10,Pubilla Cases,527,03-11,63,53,116
2009,4,Districte IV,7,la Florida,412,18-24,56,69,125
1994,4,Districte IV,7,la Florida,423,65-74,56,34,90
2011,6,Districte VI,12,Bellvitge,615,35-49,87,106,193
2006,6,Districte VI,12,Bellvitge,603,25-34,56,59,115
2002,4,Districte IV,8,les Planes,434,65-74,51,30,81
2009,6,Districte VI,12,Bellvitge,627,12-15,10,15,25
2014,4,Districte IV,7,la Florida,431,50-64,105,96,201
2012,5,Districte V,10,Pubilla Cases,513,18-24,25,23,48
2000,6,Districte VI,11,el Gornal,632,00-02,19,13,32
2004,4,Districte IV,7,la Florida,411,16-17,6,2,8
2000,6,Districte VI,12,Bellvitge,619,50-64,171,151,322
1998,2,Districte II,5,Collblanc,221,03-11,42,50,92
2008,1,Districte I,1,Centre,104,00-02,11,6,17
2006,5,Districte V,10,Pubilla Cases,533,18-24,62,44,106
1997,2,Districte II,4,la Torrassa,238,35-49,65,72,137
2000,3,Districte III,6,Santa Eulàlia,304,18-24,50,53,103
2005,1,Districte I,1,Centre,133,00-02,11,13,24
2001,1,Districte I,3,Sant Josep,137,12-15,28,23,51
1999,5,Districte V,10,Pubilla Cases,510,12-15,15,17,32
2008,1,Districte I,3,Sant Josep,106,75 i +,70,37,107
2007,6,Districte VI,12,Bellvitge,627,75 i +,43,22,65
2002,5,Districte V,9,Can Serra,503,18-24,55,62,117
1999,4,Districte IV,7,la Florida,410,12-15,25,20,45
2010,3,Districte III,6,Santa Eulàlia,304,25-34,260,243,503
2014,6,Districte VI,12,Bellvitge,624,25-34,53,53,106
2005,2,Districte II,4,la Torrassa,239,12-15,13,16,29
1995,3,Districte III,6,Santa Eulàlia,318,16-17,18,13,31
1996,6,Districte VI,12,Bellvitge,612,18-24,101,116,217
1996,5,Districte V,9,Can Serra,506,12-15,58,58,116
2002,1,Districte I,1,Centre,113,16-17,18,14,32
1996,5,Districte V,10,Pubilla Cases,531,18-24,50,58,108
2016,1,Districte I,1,Centre,107,18-24,35,51,86
2007,4,Districte IV,8,les Planes,429,65-74,37,28,65
2000,2,Districte II,4,la Torrassa,248,75 i +,64,40,104
2006,2,Districte II,5,Collblanc,205,03-11,30,27,57
1998,4,Districte IV,8,les Planes,420,50-64,123,110,233
1995,5,Districte V,10,Pubilla Cases,522,18-24,47,50,97
2001,6,Districte VI,12,Bellvitge,607,35-49,99,97,196
1995,4,Districte IV,8,les Planes,433,25-34,101,105,206
2007,1,Districte I,3,Sant Josep,127,16-17,9,9,18
1998,6,Districte VI,12,Bellvitge,628,75 i +,33,14,47
1997,1,Districte I,3,Sant Josep,125,00-02,9,9,18
2006,5,Districte V,10,Pubilla Cases,513,16-17,3,6,9
2011,4,Districte IV,7,la Florida,408,50-64,76,77,153
2006,1,Districte I,1,Centre,108,03-11,55,43,98
2010,6,Districte VI,12,Bellvitge,614,65-74,72,76,148
2013,6,Districte VI,12,Bellvitge,615,35-49,95,110,205
2016,5,Districte V,9,Can Serra,535,35-49,91,91,182
2005,6,Districte VI,11,el Gornal,617,12-15,20,15,35
1996,4,Districte IV,8,les Planes,435,18-24,60,56,116
1994,3,Districte III,6,Santa Eulàlia,319,75 i +,32,18,50
2005,2,Districte II,5,Collblanc,208,18-24,65,69,134
2002,4,Districte IV,7,la Florida,412,16-17,20,19,39
2000,6,Districte VI,11,el Gornal,622,00-02,11,14,25
1997,5,Districte V,10,Pubilla Cases,526,18-24,33,48,81
2015,2,Districte II,5,Collblanc,201,16-17,6,11,17
2010,4,Districte IV,8,les Planes,419,25-34,71,79,150
1994,2,Districte II,5,Collblanc,220,18-24,49,45,94
2004,3,Districte III,6,Santa Eulàlia,304,12-15,15,19,34
2006,5,Districte V,9,Can Serra,507,18-24,40,37,77
2014,3,Districte III,6,Santa Eulàlia,327,12-15,19,19,38
2000,6,Districte VI,12,Bellvitge,628,12-15,20,23,43
1994,6,Districte VI,12,Bellvitge,605,65-74,32,23,55
2007,2,Districte II,5,Collblanc,244,12-15,13,9,22
2010,4,Districte IV,7,la Florida,414,65-74,48,47,95
2010,2,Districte II,5,Collblanc,227,12-15,15,15,30
1996,4,Districte IV,7,la Florida,405,16-17,10,8,18
2013,6,Districte VI,11,el Gornal,608,16-17,7,10,17
2011,5,Districte V,10,Pubilla Cases,530,03-11,46,66,112
2005,4,Districte IV,7,la Florida,430,65-74,53,40,93
1998,6,Districte VI,12,Bellvitge,627,12-15,36,32,68
2013,3,Districte III,6,Santa Eulàlia,310,35-49,112,115,227
2007,1,Districte I,3,Sant Josep,119,65-74,57,57,114
2009,2,Districte II,4,la Torrassa,248,65-74,43,48,91
1994,5,Districte V,10,Pubilla Cases,525,18-24,51,63,114
2001,2,Districte II,4,la Torrassa,228,18-24,33,30,63
1997,1,Districte I,2,Sanfeliu,129,35-49,96,104,200
2008,1,Districte I,1,Centre,109,18-24,45,35,80
2016,1,Districte I,3,Sant Josep,117,16-17,19,14,33
2013,2,Districte II,4,la Torrassa,249,50-64,91,80,171
1994,2,Districte II,5,Collblanc,214,35-49,58,62,120
2001,2,Districte II,4,la Torrassa,247,65-74,78,61,139
1999,3,Districte III,6,Santa Eulàlia,305,18-24,75,75,150
2004,4,Districte IV,7,la Florida,403,03-11,23,17,40
2010,1,Districte I,1,Centre,128,03-11,31,40,71
1999,2,Districte II,5,Collblanc,227,00-02,8,6,14
1996,2,Districte II,4,la Torrassa,240,00-02,3,7,10
2011,1,Districte I,1,Centre,130,18-24,25,39,64
2012,2,Districte II,5,Collblanc,204,35-49,85,86,171
1994,5,Districte V,10,Pubilla Cases,538,65-74,71,57,128
1999,3,Districte III,6,Santa Eulàlia,309,12-15,11,9,20
2000,4,Districte IV,7,la Florida,407,03-11,24,31,55
1994,5,Districte V,10,Pubilla Cases,532,75 i +,41,29,70
2016,3,Districte III,6,Santa Eulàlia,302,03-11,50,41,91
1994,3,Districte III,6,Santa Eulàlia,316,16-17,53,54,107
1997,6,Districte VI,12,Bellvitge,605,03-11,13,13,26
2002,3,Districte III,6,Santa Eulàlia,301,50-64,197,182,379
2011,6,Districte VI,12,Bellvitge,615,18-24,22,24,46
2000,5,Districte V,10,Pubilla Cases,509,75 i +,38,16,54
2011,5,Districte V,9,Can Serra,506,03-11,62,81,143
1996,6,Districte VI,12,Bellvitge,624,03-11,36,43,79
2004,3,Districte III,6,Santa Eulàlia,306,12-15,23,29,52
1996,2,Districte II,4,la Torrassa,232,03-11,33,27,60
2009,6,Districte VI,12,Bellvitge,619,18-24,39,50,89
2009,2,Districte II,5,Collblanc,220,03-11,35,35,70
2005,5,Districte V,10,Pubilla Cases,516,50-64,47,41,88
2012,1,Districte I,2,Sanfeliu,118,50-64,218,182,400
1996,5,Districte V,10,Pubilla Cases,528,16-17,10,21,31
1998,3,Districte III,6,Santa Eulàlia,319,25-34,57,65,122
2015,3,Districte III,6,Santa Eulàlia,324,12-15,23,25,48
2003,2,Districte II,4,la Torrassa,241,18-24,36,26,62
1994,4,Districte IV,7,la Florida,427,03-11,21,33,54
1995,4,Districte IV,8,les Planes,433,50-64,94,99,193
2008,5,Districte V,9,Can Serra,505,03-11,28,31,59
2012,4,Districte IV,8,les Planes,436,65-74,29,24,53
1997,6,Districte VI,11,el Gornal,622,35-49,120,114,234
2014,3,Districte III,6,Santa Eulàlia,314,50-64,281,261,542
2006,2,Districte II,4,la Torrassa,249,35-49,128,138,266
2000,4,Districte IV,8,les Planes,429,75 i +,33,23,56
2000,2,Districte II,5,Collblanc,244,35-49,67,76,143
2008,4,Districte IV,7,la Florida,423,35-49,109,113,222
2013,6,Districte VI,12,Bellvitge,606,35-49,132,136,268
2014,5,Districte V,10,Pubilla Cases,511,16-17,20,24,44
1999,2,Districte II,5,Collblanc,209,12-15,10,9,19
2004,6,Districte VI,12,Bellvitge,619,03-11,41,43,84
1999,2,Districte II,5,Collblanc,244,50-64,54,46,100
1994,1,Districte I,1,Centre,134,12-15,25,39,64
1995,1,Districte I,3,Sant Josep,126,25-34,78,102,180
2010,4,Districte IV,8,les Planes,441,50-64,246,221,467
2001,3,Districte III,6,Santa Eulàlia,308,03-11,55,57,112
2006,3,Districte III,6,Santa Eulàlia,304,03-11,51,55,106
1996,6,Districte VI,12,Bellvitge,605,18-24,53,70,123
2010,1,Districte I,1,Centre,102,50-64,163,142,305
2008,1,Districte I,1,Centre,133,50-64,101,81,182
2012,3,Districte III,6,Santa Eulàlia,315,03-11,74,87,161
2015,1,Districte I,3,Sant Josep,114,75 i +,106,72,178
2014,1,Districte I,3,Sant Josep,137,65-74,83,73,156
2012,2,Districte II,4,la Torrassa,238,16-17,5,11,16
1994,2,Districte II,4,la Torrassa,236,50-64,125,128,253
2011,5,Districte V,10,Pubilla Cases,518,12-15,16,19,35
1994,2,Districte II,4,la Torrassa,245,50-64,111,104,215
1995,2,Districte II,4,la Torrassa,229,75 i +,42,19,61
2014,4,Districte IV,8,les Planes,419,25-34,143,181,324
2008,3,Districte III,6,Santa Eulàlia,302,65-74,66,62,128
1995,2,Districte II,5,Collblanc,244,16-17,7,6,13
2010,4,Districte IV,8,les Planes,429,16-17,2,8,10
2004,3,Districte III,6,Santa Eulàlia,325,03-11,68,66,134
2000,4,Districte IV,8,les Planes,434,75 i +,55,33,88
2010,2,Districte II,4,la Torrassa,248,00-02,15,23,38
2015,6,Districte VI,11,el Gornal,617,50-64,81,72,153
2008,4,Districte IV,7,la Florida,427,50-64,65,61,126
2001,6,Districte VI,11,el Gornal,616,16-17,46,50,96
2009,2,Districte II,4,la Torrassa,237,35-49,173,197,370
2011,2,Districte II,4,la Torrassa,228,18-24,46,39,85
2006,4,Districte IV,7,la Florida,405,50-64,66,58,124
1996,2,Districte II,5,Collblanc,212,35-49,110,110,220
2014,4,Districte IV,8,les Planes,419,35-49,234,306,540
2006,4,Districte IV,7,la Florida,432,75 i +,59,39,98
2007,1,Districte I,1,Centre,134,12-15,17,22,39
2001,4,Districte IV,7,la Florida,404,50-64,126,103,229
2008,6,Districte VI,12,Bellvitge,607,16-17,9,8,17
2005,5,Districte V,9,Can Serra,507,16-17,9,4,13
2014,5,Districte V,10,Pubilla Cases,528,75 i +,67,55,122
2016,6,Districte VI,12,Bellvitge,601,03-11,76,85,161
2010,3,Districte III,6,Santa Eulàlia,319,75 i +,50,30,80
2016,2,Districte II,4,la Torrassa,242,75 i +,67,54,121
2009,2,Districte II,4,la Torrassa,248,25-34,111,111,222
2004,1,Districte I,3,Sant Josep,120,16-17,22,24,46
2006,5,Districte V,10,Pubilla Cases,517,75 i +,47,24,71
2009,6,Districte VI,11,el Gornal,608,75 i +,50,31,81
2001,4,Districte IV,8,les Planes,438,03-11,22,26,48
2011,1,Districte I,2,Sanfeliu,118,12-15,35,23,58
2004,1,Districte I,2,Sanfeliu,129,00-02,14,18,32
1994,2,Districte II,4,la Torrassa,235,65-74,110,75,185
2016,3,Districte III,6,Santa Eulàlia,305,16-17,14,13,27
2014,5,Districte V,10,Pubilla Cases,538,12-15,22,31,53
2009,5,Districte V,10,Pubilla Cases,515,12-15,8,16,24
2008,6,Districte VI,12,Bellvitge,618,03-11,35,37,72
2007,6,Districte VI,11,el Gornal,616,18-24,125,130,255
2013,4,Districte IV,8,les Planes,440,03-11,34,44,78
2004,1,Districte I,1,Centre,123,65-74,63,64,127
2008,5,Districte V,10,Pubilla Cases,520,16-17,3,9,12
2009,4,Districte IV,7,la Florida,402,25-34,85,83,168
2012,1,Districte I,1,Centre,104,16-17,5,7,12
2001,4,Districte IV,7,la Florida,406,00-02,9,14,23
2016,1,Districte I,3,Sant Josep,114,25-34,60,65,125
2011,2,Districte II,5,Collblanc,223,25-34,118,107,225
2008,6,Districte VI,12,Bellvitge,628,65-74,59,68,127
2012,2,Districte II,4,la Torrassa,241,50-64,82,71,153
2007,6,Districte VI,12,Bellvitge,601,00-02,17,17,34
2012,2,Districte II,4,la Torrassa,235,18-24,68,47,115
1994,3,Districte III,6,Santa Eulàlia,313,18-24,109,122,231
2016,3,Districte III,6,Santa Eulàlia,324,18-24,32,40,72
2006,3,Districte III,6,Santa Eulàlia,302,12-15,20,23,43
2010,4,Districte IV,7,la Florida,414,50-64,71,57,128
2009,6,Districte VI,12,Bellvitge,606,50-64,78,60,138
2003,2,Districte II,4,la Torrassa,236,16-17,12,11,23
2007,5,Districte V,10,Pubilla Cases,530,16-17,12,10,22
2009,5,Districte V,10,Pubilla Cases,517,12-15,18,21,39
2007,5,Districte V,9,Can Serra,501,18-24,33,31,64
2006,5,Districte V,10,Pubilla Cases,525,50-64,68,65,133
2004,3,Districte III,6,Santa Eulàlia,321,50-64,272,276,548
1998,1,Districte I,1,Centre,128,12-15,18,18,36
2002,2,Districte II,5,Collblanc,215,00-02,6,13,19
2016,6,Districte VI,12,Bellvitge,615,35-49,99,101,200
2003,1,Districte I,3,Sant Josep,121,12-15,8,17,25
1999,5,Districte V,10,Pubilla Cases,523,65-74,88,74,162
2000,5,Districte V,10,Pubilla Cases,524,12-15,17,18,35
2006,5,Districte V,9,Can Serra,506,12-15,32,44,76
2001,5,Districte V,10,Pubilla Cases,533,35-49,81,91,172
2015,6,Districte VI,12,Bellvitge,607,18-24,30,34,64
1996,3,Districte III,6,Santa Eulàlia,311,75 i +,73,37,110
2006,6,Districte VI,12,Bellvitge,623,03-11,54,51,105
1996,2,Districte II,5,Collblanc,220,50-64,82,77,159
1998,5,Districte V,10,Pubilla Cases,514,12-15,11,11,22
1995,5,Districte V,10,Pubilla Cases,525,18-24,50,62,112
2007,2,Districte II,5,Collblanc,210,75 i +,98,53,151
2006,2,Districte II,5,Collblanc,226,16-17,4,12,16
1999,6,Districte VI,12,Bellvitge,603,00-02,8,3,11
2004,2,Districte II,4,la Torrassa,245,16-17,10,17,27
2014,1,Districte I,1,Centre,104,50-64,79,69,148
2010,4,Districte IV,7,la Florida,408,18-24,38,34,72
2012,6,Districte VI,12,Bellvitge,614,35-49,102,116,218
2009,6,Districte VI,12,Bellvitge,623,18-24,44,47,91
2015,1,Districte I,2,Sanfeliu,132,50-64,239,216,455
1997,4,Districte IV,7,la Florida,421,12-15,17,18,35
2016,6,Districte VI,12,Bellvitge,602,50-64,91,105,196
2000,5,Districte V,10,Pubilla Cases,529,75 i +,66,37,103
2003,5,Districte V,10,Pubilla Cases,508,12-15,8,12,20
1998,2,Districte II,4,la Torrassa,230,35-49,48,56,104
2016,4,Districte IV,7,la Florida,403,00-02,17,14,31
2003,1,Districte I,1,Centre,108,65-74,80,71,151
2012,4,Districte IV,7,la Florida,413,25-34,59,54,113
2011,6,Districte VI,12,Bellvitge,630,03-11,28,32,60
2013,3,Districte III,6,Santa Eulàlia,312,18-24,59,49,108
2014,5,Districte V,10,Pubilla Cases,529,16-17,15,13,28
2013,2,Districte II,4,la Torrassa,233,65-74,45,25,70
2009,5,Districte V,10,Pubilla Cases,524,12-15,20,26,46
1995,5,Districte V,10,Pubilla Cases,538,00-02,2,9,11
1998,5,Districte V,9,Can Serra,506,25-34,147,148,295
2001,2,Districte II,5,Collblanc,206,03-11,25,26,51
1994,1,Districte I,1,Centre,130,16-17,12,5,17
1996,2,Districte II,5,Collblanc,209,03-11,23,35,58
2004,1,Districte I,1,Centre,105,12-15,25,40,65
2000,2,Districte II,5,Collblanc,244,75 i +,44,42,86
2008,1,Districte I,3,Sant Josep,138,12-15,12,9,21
2007,4,Districte IV,7,la Florida,422,18-24,46,69,115
2005,2,Districte II,5,Collblanc,219,35-49,148,161,309
2008,4,Districte IV,8,les Planes,439,00-02,22,27,49
1997,3,Districte III,6,Santa Eulàlia,325,18-24,117,132,249
2000,6,Districte VI,12,Bellvitge,619,25-34,104,125,229
2002,6,Districte VI,12,Bellvitge,602,00-02,7,5,12
2007,4,Districte IV,7,la Florida,425,25-34,86,74,160
2011,4,Districte IV,7,la Florida,412,16-17,17,20,37
2002,6,Districte VI,11,el Gornal,626,18-24,39,39,78
1996,4,Districte IV,7,la Florida,406,16-17,22,21,43
2012,4,Districte IV,8,les Planes,437,35-49,89,122,211
2015,4,Districte IV,7,la Florida,410,16-17,19,19,38
2011,2,Districte II,5,Collblanc,203,12-15,10,11,21
2007,3,Districte III,6,Santa Eulàlia,302,03-11,40,51,91
1998,2,Districte II,4,la Torrassa,241,03-11,34,23,57
2010,2,Districte II,5,Collblanc,201,18-24,23,39,62
2007,3,Districte III,6,Santa Eulàlia,308,16-17,14,17,31
2015,4,Districte IV,7,la Florida,409,03-11,72,79,151
2014,1,Districte I,1,Centre,130,18-24,26,38,64
2012,5,Districte V,10,Pubilla Cases,526,12-15,9,16,25
2000,2,Districte II,5,Collblanc,212,35-49,112,113,225
2001,6,Districte VI,11,el Gornal,617,16-17,16,8,24
1998,6,Districte VI,12,Bellvitge,605,03-11,13,19,32
2015,3,Districte III,6,Santa Eulàlia,307,50-64,179,124,303
1994,2,Districte II,5,Collblanc,244,03-11,16,13,29
2013,1,Districte I,1,Centre,113,50-64,215,174,389
2009,2,Districte II,5,Collblanc,214,65-74,40,33,73
2012,2,Districte II,5,Collblanc,225,25-34,54,54,108
2005,5,Districte V,9,Can Serra,503,35-49,99,76,175
1996,2,Districte II,5,Collblanc,202,35-49,63,51,114
2010,1,Districte I,3,Sant Josep,140,65-74,62,56,118
2010,2,Districte II,5,Collblanc,205,03-11,29,36,65
2014,2,Districte II,4,la Torrassa,232,25-34,73,71,144
2014,2,Districte II,5,Collblanc,214,35-49,299,313,612
2016,5,Districte V,10,Pubilla Cases,538,65-74,67,33,100
1994,4,Districte IV,8,les Planes,441,35-49,288,285,573
2003,6,Districte VI,12,Bellvitge,611,16-17,18,10,28
2010,2,Districte II,4,la Torrassa,239,25-34,110,132,242
2007,2,Districte II,5,Collblanc,203,00-02,14,18,32
2002,2,Districte II,5,Collblanc,207,16-17,4,3,7
2005,5,Districte V,10,Pubilla Cases,537,00-02,15,8,23
2004,2,Districte II,5,Collblanc,214,25-34,102,112,214
2014,1,Districte I,3,Sant Josep,119,00-02,16,12,28
2009,2,Districte II,5,Collblanc,207,03-11,27,28,55
1995,3,Districte III,6,Santa Eulàlia,304,12-15,15,12,27
1995,3,Districte III,6,Santa Eulàlia,309,65-74,29,23,52
1997,6,Districte VI,12,Bellvitge,609,03-11,29,32,61
1999,4,Districte IV,8,les Planes,401,75 i +,36,17,53
2012,1,Districte I,1,Centre,111,16-17,6,10,16
2005,1,Districte I,1,Centre,131,03-11,41,49,90
2015,5,Districte V,10,Pubilla Cases,537,75 i +,83,56,139
2012,1,Districte I,3,Sant Josep,122,75 i +,56,45,101
2011,4,Districte IV,7,la Florida,425,03-11,33,39,72
2012,3,Districte III,6,Santa Eulàlia,314,12-15,43,31,74
2006,5,Districte V,9,Can Serra,506,35-49,181,186,367
2008,2,Districte II,5,Collblanc,202,35-49,93,101,194
2005,6,Districte VI,11,el Gornal,616,75 i +,43,22,65
2009,4,Districte IV,8,les Planes,440,16-17,6,9,15
2011,2,Districte II,4,la Torrassa,231,12-15,19,21,40
2014,3,Districte III,6,Santa Eulàlia,320,16-17,0,1,1
1999,5,Districte V,10,Pubilla Cases,513,18-24,39,37,76
2013,1,Districte I,2,Sanfeliu,118,35-49,180,204,384
1995,6,Districte VI,12,Bellvitge,609,12-15,27,22,49
2007,5,Districte V,9,Can Serra,502,03-11,46,58,104
2004,1,Districte I,1,Centre,123,03-11,36,59,95
1996,3,Districte III,6,Santa Eulàlia,324,65-74,57,35,92
2011,1,Districte I,3,Sant Josep,121,18-24,25,29,54
1998,6,Districte VI,12,Bellvitge,613,50-64,206,212,418
2012,2,Districte II,4,la Torrassa,228,03-11,33,34,67
1996,4,Districte IV,7,la Florida,414,00-02,8,11,19
2008,1,Districte I,2,Sanfeliu,129,75 i +,51,33,84
2015,2,Districte II,4,la Torrassa,249,18-24,41,40,81
1994,1,Districte I,1,Centre,110,35-49,195,162,357
1998,4,Districte IV,7,la Florida,431,75 i +,64,36,100
1999,3,Districte III,6,Santa Eulàlia,313,00-02,24,26,50
2003,2,Districte II,5,Collblanc,201,35-49,61,55,116
2003,1,Districte I,1,Centre,135,35-49,184,171,355
1998,4,Districte IV,7,la Florida,408,18-24,41,56,97
1995,5,Districte V,10,Pubilla Cases,527,12-15,15,19,34
2014,1,Districte I,3,Sant Josep,125,50-64,152,137,289
2008,2,Districte II,5,Collblanc,206,00-02,12,10,22
1996,2,Districte II,5,Collblanc,225,65-74,59,39,98
2007,1,Districte I,3,Sant Josep,117,18-24,99,91,190
2015,3,Districte III,6,Santa Eulàlia,315,18-24,51,62,113
2015,4,Districte IV,7,la Florida,432,50-64,125,105,230
2006,5,Districte V,10,Pubilla Cases,529,00-02,19,20,39
1997,3,Districte III,6,Santa Eulàlia,311,03-11,42,38,80
2006,4,Districte IV,7,la Florida,415,16-17,9,8,17
2000,6,Districte VI,12,Bellvitge,630,12-15,19,15,34
2009,5,Districte V,10,Pubilla Cases,524,18-24,41,49,90
2012,2,Districte II,5,Collblanc,225,03-11,15,22,37
2001,2,Districte II,4,la Torrassa,239,00-02,9,17,26
2009,4,Districte IV,7,la Florida,407,35-49,132,153,285
2003,3,Districte III,6,Santa Eulàlia,322,50-64,99,88,187
2011,1,Districte I,1,Centre,131,18-24,50,48,98
2016,2,Districte II,4,la Torrassa,234,75 i +,59,41,100
2006,4,Districte IV,7,la Florida,407,16-17,6,15,21
2001,5,Districte V,10,Pubilla Cases,538,03-11,28,39,67
2010,5,Districte V,10,Pubilla Cases,513,00-02,22,10,32
2017,2,Districte II,5,Collblanc,223,75 i +,63,39,102
2017,4,Districte IV,7,la Florida,425,65-74,45,30,75
2017,2,Districte II,5,Collblanc,224,75 i +,71,32,103
2017,1,Districte I,3,Sant Josep,114,50-64,145,113,258
2017,3,Districte III,6,Santa Eulàlia,315,35-49,249,253,502
2017,2,Districte II,4,la Torrassa,234,35-49,144,142,286
2017,5,Districte V,9,Can Serra,504,35-49,131,133,264
2017,4,Districte IV,7,la Florida,403,12-15,25,15,40
2017,1,Districte I,1,Centre,109,50-64,134,112,246
2017,1,Districte I,1,Centre,123,18-24,31,49,80
2017,3,Districte III,6,Santa Eulàlia,304,75 i +,123,58,181
2017,3,Districte III,6,Santa Eulàlia,302,16-17,6,8,14
2017,2,Districte II,4,la Torrassa,243,50-64,171,159,330
2017,1,Districte I,1,Centre,123,00-02,11,11,22
2017,4,Districte IV,7,la Florida,423,03-11,40,39,79
2017,1,Districte I,3,Sant Josep,126,75 i +,80,70,150
2017,4,Districte IV,7,la Florida,402,16-17,8,9,17
2017,2,Districte II,4,la Torrassa,238,65-74,40,34,74
2017,3,Districte III,6,Santa Eulàlia,304,50-64,211,215,426
2017,1,Districte I,1,Centre,123,25-34,77,63,140
2017,3,Districte III,13,Granvia Sud,320,16-17,16,16,32
2017,1,Districte I,3,Sant Josep,139,75 i +,46,29,75
2017,5,Districte V,10,Pubilla Cases,517,18-24,91,100,191
2017,4,Districte IV,7,la Florida,426,12-15,16,23,39
2017,4,Districte IV,7,la Florida,411,00-02,7,13,20
2017,2,Districte II,4,la Torrassa,242,03-11,49,56,105
2017,5,Districte V,10,Pubilla Cases,514,12-15,27,31,58
2017,5,Districte V,9,Can Serra,502,25-34,90,100,190
2017,3,Districte III,6,Santa Eulàlia,324,65-74,47,31,78
2017,6,Districte VI,12,Bellvitge,627,75 i +,48,42,90
2017,5,Districte V,10,Pubilla Cases,513,18-24,58,64,122
2017,6,Districte VI,12,Bellvitge,606,16-17,9,12,21
2017,1,Districte I,3,Sant Josep,127,00-02,9,8,17
2017,1,Districte I,1,Centre,134,25-34,82,86,168
2017,3,Districte III,6,Santa Eulàlia,307,75 i +,102,61,163
2017,5,Districte V,10,Pubilla Cases,514,16-17,7,18,25
2017,6,Districte VI,12,Bellvitge,625,12-15,21,23,44
2017,6,Districte VI,12,Bellvitge,619,25-34,42,63,105
2017,2,Districte II,4,la Torrassa,248,75 i +,69,45,114
2017,6,Districte VI,11,el Gornal,616,03-11,115,107,222
2017,6,Districte VI,12,Bellvitge,618,16-17,12,15,27
2017,2,Districte II,5,Collblanc,220,50-64,179,159,338
2017,3,Districte III,6,Santa Eulàlia,320,25-34,25,31,56
2017,2,Districte II,5,Collblanc,216,25-34,80,88,168
2017,3,Districte III,6,Santa Eulàlia,325,12-15,36,38,74
2017,2,Districte II,4,la Torrassa,211,12-15,19,36,55
2017,1,Districte I,1,Centre,101,65-74,81,84,165
2017,4,Districte IV,8,les Planes,437,18-24,60,77,137
2017,1,Districte I,3,Sant Josep,140,35-49,126,134,260
2017,1,Districte I,1,Centre,111,00-02,5,5,10
2017,1,Districte I,3,Sant Josep,125,03-11,70,79,149
2017,6,Districte VI,12,Bellvitge,619,03-11,44,53,97
2017,3,Districte III,6,Santa Eulàlia,302,35-49,178,191,369
2017,1,Districte I,2,Sanfeliu,118,35-49,181,187,368
2017,5,Districte V,10,Pubilla Cases,523,50-64,116,117,233
2017,1,Districte I,1,Centre,113,75 i +,62,50,112
2017,1,Districte I,1,Centre,123,12-15,20,24,44
2017,1,Districte I,1,Centre,102,50-64,149,133,282
2017,3,Districte III,6,Santa Eulàlia,325,16-17,10,15,25
2017,1,Districte I,1,Centre,111,03-11,30,19,49
2017,2,Districte II,4,la Torrassa,242,65-74,64,42,106
2017,4,Districte IV,7,la Florida,404,35-49,156,168,324
2017,2,Districte II,4,la Torrassa,247,50-64,121,106,227
2017,2,Districte II,4,la Torrassa,238,12-15,12,19,31
2017,2,Districte II,4,la Torrassa,236,25-34,76,91,167
2017,2,Districte II,4,la Torrassa,237,65-74,52,49,101
2017,6,Districte VI,12,Bellvitge,613,18-24,27,39,66
2017,2,Districte II,4,la Torrassa,234,18-24,42,52,94
2017,5,Districte V,10,Pubilla Cases,520,35-49,90,93,183
2017,1,Districte I,1,Centre,105,50-64,128,105,233
2017,5,Districte V,10,Pubilla Cases,525,03-11,49,42,91
2017,2,Districte II,4,la Torrassa,228,35-49,301,316,617
2017,5,Districte V,9,Can Serra,535,25-34,54,47,101
2017,6,Districte VI,12,Bellvitge,615,18-24,22,22,44
2017,3,Districte III,13,Granvia Sud,320,75 i +,63,43,106
2017,2,Districte II,4,la Torrassa,246,12-15,27,25,52
2017,5,Districte V,10,Pubilla Cases,508,75 i +,80,49,129
2017,3,Districte III,6,Santa Eulàlia,316,35-49,169,179,348
2017,3,Districte III,6,Santa Eulàlia,321,18-24,69,73,142
2017,6,Districte VI,12,Bellvitge,606,65-74,53,30,83
2017,3,Districte III,6,Santa Eulàlia,317,00-02,15,15,30
2017,6,Districte VI,12,Bellvitge,630,18-24,16,32,48
2017,6,Districte VI,12,Bellvitge,625,75 i +,72,53,125
2017,4,Districte IV,7,la Florida,423,65-74,47,36,83
2017,5,Districte V,10,Pubilla Cases,524,65-74,50,38,88
2017,4,Districte IV,8,les Planes,440,03-11,42,52,94
2017,1,Districte I,1,Centre,102,65-74,130,115,245
2017,1,Districte I,1,Centre,124,16-17,7,7,14
2017,5,Districte V,9,Can Serra,506,25-34,96,101,197
2017,3,Districte III,6,Santa Eulàlia,307,12-15,13,15,28
2017,6,Districte VI,11,el Gornal,626,16-17,5,12,17
2017,1,Districte I,1,Centre,111,65-74,68,44,112
2017,4,Districte IV,7,la Florida,425,75 i +,74,45,119
2017,1,Districte I,1,Centre,124,50-64,92,74,166
2017,3,Districte III,6,Santa Eulàlia,313,50-64,198,165,363
2017,3,Districte III,6,Santa Eulàlia,324,03-11,59,71,130
2017,3,Districte III,6,Santa Eulàlia,321,00-02,21,36,57
2017,6,Districte VI,12,Bellvitge,610,75 i +,84,93,177
2017,2,Districte II,4,la Torrassa,228,25-34,193,185,378
2017,5,Districte V,10,Pubilla Cases,526,03-11,85,92,177
2017,6,Districte VI,12,Bellvitge,627,35-49,92,99,191
2017,5,Districte V,10,Pubilla Cases,524,35-49,164,190,354
2017,2,Districte II,4,la Torrassa,211,16-17,10,18,28
2017,1,Districte I,3,Sant Josep,117,12-15,31,35,66
2017,1,Districte I,1,Centre,128,65-74,64,42,106
2017,2,Districte II,4,la Torrassa,243,18-24,52,79,131
2017,4,Districte IV,8,les Planes,436,50-64,144,138,282
2017,1,Districte I,1,Centre,111,12-15,11,18,29
2017,2,Districte II,5,Collblanc,205,18-24,33,44,77
2017,3,Districte III,6,Santa Eulàlia,313,12-15,37,42,79
2017,1,Districte I,2,Sanfeliu,132,25-34,131,144,275
2017,3,Districte III,6,Santa Eulàlia,318,00-02,6,8,14
2017,6,Districte VI,12,Bellvitge,611,12-15,42,32,74
2017,5,Districte V,9,Can Serra,502,50-64,137,133,270
2017,5,Districte V,10,Pubilla Cases,533,65-74,85,60,145
2017,6,Districte VI,12,Bellvitge,613,50-64,74,78,152
2017,6,Districte VI,12,Bellvitge,605,12-15,30,27,57
2017,4,Districte IV,7,la Florida,407,16-17,8,13,21
2017,6,Districte VI,12,Bellvitge,609,50-64,55,58,113
2017,2,Districte II,4,la Torrassa,228,65-74,96,60,156
2017,1,Districte I,1,Centre,105,18-24,30,27,57
2017,3,Districte III,6,Santa Eulàlia,316,00-02,24,24,48
2017,1,Districte I,1,Centre,110,18-24,22,28,50
2017,1,Districte I,3,Sant Josep,127,65-74,27,23,50
2017,2,Districte II,4,la Torrassa,237,35-49,169,178,347
2017,3,Districte III,13,Granvia Sud,312,03-11,56,70,126
2017,1,Districte I,3,Sant Josep,114,25-34,68,60,128
2017,6,Districte VI,12,Bellvitge,607,18-24,27,45,72
2017,1,Districte I,3,Sant Josep,121,25-34,44,52,96
2017,3,Districte III,6,Santa Eulàlia,325,50-64,210,151,361
2017,2,Districte II,4,la Torrassa,239,75 i +,89,50,139
2017,2,Districte II,4,la Torrassa,243,00-02,24,16,40
2017,4,Districte IV,8,les Planes,440,18-24,41,34,75
2017,3,Districte III,6,Santa Eulàlia,319,03-11,89,116,205
2017,1,Districte I,3,Sant Josep,127,18-24,25,22,47
2017,1,Districte I,3,Sant Josep,119,16-17,4,7,11
2017,1,Districte I,3,Sant Josep,140,25-34,74,54,128
2017,1,Districte I,1,Centre,111,16-17,7,10,17
2017,6,Districte VI,11,el Gornal,617,35-49,115,122,237
2017,6,Districte VI,12,Bellvitge,618,50-64,108,103,211
2017,6,Districte VI,12,Bellvitge,602,35-49,155,143,298
2017,2,Districte II,4,la Torrassa,228,12-15,41,57,98
2017,4,Districte IV,7,la Florida,427,65-74,48,33,81
2017,2,Districte II,4,la Torrassa,239,50-64,112,98,210
2017,1,Districte I,1,Centre,134,35-49,169,178,347
2017,2,Districte II,5,Collblanc,204,25-34,140,133,273
2017,3,Districte III,13,Granvia Sud,320,25-34,64,68,132
2017,3,Districte III,6,Santa Eulàlia,306,35-49,203,184,387
2017,1,Districte I,1,Centre,124,75 i +,49,41,90
2017,6,Districte VI,12,Bellvitge,605,50-64,146,111,257
2017,4,Districte IV,8,les Planes,419,65-74,72,49,121
2017,1,Districte I,1,Centre,101,12-15,75,81,156
2017,6,Districte VI,11,el Gornal,622,50-64,81,83,164
2017,3,Districte III,6,Santa Eulàlia,314,25-34,145,168,313
2017,1,Districte I,3,Sant Josep,115,00-02,11,14,25
2017,5,Districte V,10,Pubilla Cases,525,18-24,42,34,76
2017,5,Districte V,10,Pubilla Cases,534,03-11,40,51,91
2017,6,Districte VI,12,Bellvitge,624,35-49,102,135,237
2017,2,Districte II,4,la Torrassa,243,35-49,187,197,384
2017,1,Districte I,3,Sant Josep,120,50-64,208,184,392
2017,2,Districte II,4,la Torrassa,237,00-02,17,20,37
2017,3,Districte III,6,Santa Eulàlia,314,12-15,32,42,74
2017,2,Districte II,5,Collblanc,224,12-15,22,19,41
2017,5,Districte V,10,Pubilla Cases,511,75 i +,145,95,240
2017,2,Districte II,4,la Torrassa,229,35-49,251,260,511
2017,1,Districte I,3,Sant Josep,119,75 i +,101,71,172
2017,1,Districte I,1,Centre,112,18-24,55,55,110
2017,6,Districte VI,12,Bellvitge,624,03-11,46,45,91
2017,6,Districte VI,12,Bellvitge,627,03-11,25,37,62
2017,5,Districte V,10,Pubilla Cases,532,50-64,111,83,194
2017,2,Districte II,4,la Torrassa,238,50-64,68,65,133
2017,4,Districte IV,7,la Florida,404,16-17,12,19,31
2017,1,Districte I,1,Centre,104,25-34,46,50,96
2017,4,Districte IV,7,la Florida,410,03-11,50,44,94
2017,4,Districte IV,7,la Florida,432,25-34,73,93,166
2017,1,Districte I,3,Sant Josep,122,12-15,21,16,37
2017,3,Districte III,6,Santa Eulàlia,324,25-34,83,63,146
2017,1,Districte I,1,Centre,112,25-34,95,99,194
2017,5,Districte V,9,Can Serra,521,35-49,88,112,200
2017,2,Districte II,4,la Torrassa,232,75 i +,75,48,123
2017,1,Districte I,1,Centre,103,75 i +,53,31,84
2017,5,Districte V,10,Pubilla Cases,528,18-24,56,40,96
2017,3,Districte III,6,Santa Eulàlia,309,16-17,5,14,19
2017,1,Districte I,3,Sant Josep,117,65-74,122,108,230
2017,2,Districte II,4,la Torrassa,232,35-49,128,133,261
2017,6,Districte VI,12,Bellvitge,631,18-24,28,26,54
2017,6,Districte VI,12,Bellvitge,621,35-49,154,190,344
2017,5,Districte V,10,Pubilla Cases,511,03-11,85,101,186
2017,4,Districte IV,7,la Florida,423,75 i +,75,59,134
2017,4,Districte IV,8,les Planes,436,25-34,108,115,223
2017,3,Districte III,6,Santa Eulàlia,324,75 i +,39,28,67
2017,1,Districte I,3,Sant Josep,140,50-64,93,74,167
2017,2,Districte II,4,la Torrassa,245,65-74,57,29,86
2017,3,Districte III,6,Santa Eulàlia,305,65-74,86,78,164
2017,1,Districte I,3,Sant Josep,119,03-11,43,37,80
2017,6,Districte VI,12,Bellvitge,618,18-24,38,56,94
2017,2,Districte II,4,la Torrassa,234,03-11,45,38,83
2017,5,Districte V,10,Pubilla Cases,534,16-17,11,7,18
2017,2,Districte II,4,la Torrassa,211,25-34,101,131,232
2017,6,Districte VI,12,Bellvitge,609,35-49,103,95,198
2017,2,Districte II,4,la Torrassa,236,18-24,44,37,81
2017,3,Districte III,6,Santa Eulàlia,303,18-24,42,50,92
2017,3,Districte III,6,Santa Eulàlia,309,65-74,46,41,87
2017,1,Districte I,3,Sant Josep,136,50-64,124,94,218
2017,6,Districte VI,12,Bellvitge,614,50-64,76,75,151
2017,3,Districte III,6,Santa Eulàlia,326,65-74,18,12,30
2017,1,Districte I,1,Centre,134,00-02,18,18,36
2017,2,Districte II,4,la Torrassa,239,12-15,16,14,30
2017,3,Districte III,6,Santa Eulàlia,326,35-49,227,277,504
2017,6,Districte VI,12,Bellvitge,627,50-64,105,80,185
2017,2,Districte II,4,la Torrassa,211,00-02,15,23,38
2017,1,Districte I,1,Centre,105,16-17,4,11,15
2017,2,Districte II,4,la Torrassa,242,35-49,148,154,302
2017,6,Districte VI,12,Bellvitge,607,65-74,62,27,89
2017,4,Districte IV,7,la Florida,403,00-02,15,13,28
2017,1,Districte I,3,Sant Josep,119,00-02,20,10,30
2017,4,Districte IV,7,la Florida,409,35-49,220,240,460
2017,3,Districte III,6,Santa Eulàlia,302,18-24,37,45,82
2017,4,Districte IV,7,la Florida,425,18-24,36,47,83
2017,1,Districte I,1,Centre,135,65-74,83,79,162
2017,5,Districte V,10,Pubilla Cases,513,00-02,24,36,60
2017,1,Districte I,1,Centre,131,65-74,120,118,238
2017,5,Districte V,10,Pubilla Cases,530,03-11,75,95,170
2017,5,Districte V,10,Pubilla Cases,528,00-02,13,15,28
2017,1,Districte I,1,Centre,134,75 i +,97,44,141
2017,2,Districte II,4,la Torrassa,229,75 i +,85,50,135
2017,2,Districte II,4,la Torrassa,229,16-17,22,18,40
2017,6,Districte VI,12,Bellvitge,627,00-02,8,11,19
2017,1,Districte I,1,Centre,108,50-64,154,138,292
2017,1,Districte I,3,Sant Josep,125,00-02,17,18,35
2017,6,Districte VI,11,el Gornal,632,00-02,11,17,28
2017,6,Districte VI,12,Bellvitge,627,25-34,43,54,97
2017,2,Districte II,4,la Torrassa,233,03-11,46,46,92
2017,2,Districte II,5,Collblanc,207,75 i +,107,57,164
2017,1,Districte I,1,Centre,108,75 i +,93,55,148
2017,5,Districte V,10,Pubilla Cases,511,16-17,13,19,32
2017,4,Districte IV,7,la Florida,404,18-24,47,63,110
2017,6,Districte VI,11,el Gornal,626,25-34,50,40,90
2017,1,Districte I,3,Sant Josep,138,25-34,38,54,92
2017,3,Districte III,6,Santa Eulàlia,301,75 i +,158,101,259
2017,4,Districte IV,7,la Florida,410,75 i +,160,110,270
2017,1,Districte I,3,Sant Josep,139,18-24,39,43,82
2017,1,Districte I,1,Centre,123,50-64,138,120,258
2017,5,Districte V,10,Pubilla Cases,528,65-74,53,43,96
2017,6,Districte VI,12,Bellvitge,609,75 i +,49,46,95
2017,5,Districte V,9,Can Serra,501,75 i +,45,41,86
2017,2,Districte II,4,la Torrassa,237,03-11,71,61,132
2017,1,Districte I,1,Centre,107,35-49,181,205,386
2017,2,Districte II,4,la Torrassa,248,50-64,124,115,239
2017,4,Districte IV,7,la Florida,425,16-17,5,10,15
2017,1,Districte I,1,Centre,104,35-49,116,112,228
2017,2,Districte II,5,Collblanc,212,75 i +,78,50,128
2017,3,Districte III,13,Granvia Sud,312,75 i +,102,67,169
2017,2,Districte II,5,Collblanc,202,35-49,238,275,513
2017,5,Districte V,10,Pubilla Cases,525,00-02,14,22,36
2017,6,Districte VI,12,Bellvitge,601,16-17,13,19,32
2017,4,Districte IV,7,la Florida,402,00-02,13,14,27
2017,2,Districte II,5,Collblanc,201,50-64,108,98,206
2017,4,Districte IV,7,la Florida,412,25-34,98,85,183
2017,3,Districte III,6,Santa Eulàlia,302,12-15,15,11,26
2017,4,Districte IV,7,la Florida,406,75 i +,77,64,141
2017,6,Districte VI,12,Bellvitge,624,25-34,51,44,95
2017,1,Districte I,1,Centre,108,25-34,112,92,204
2017,4,Districte IV,7,la Florida,426,75 i +,47,29,76
2017,5,Districte V,10,Pubilla Cases,517,35-49,257,298,555
2017,2,Districte II,5,Collblanc,202,03-11,60,79,139
2017,3,Districte III,6,Santa Eulàlia,309,00-02,14,18,32
2017,1,Districte I,3,Sant Josep,119,18-24,26,34,60
2017,4,Districte IV,7,la Florida,416,50-64,121,110,231
2017,2,Districte II,4,la Torrassa,231,16-17,22,15,37
2017,5,Districte V,9,Can Serra,507,50-64,81,74,155
2017,2,Districte II,5,Collblanc,208,75 i +,210,120,330
2017,1,Districte I,3,Sant Josep,121,50-64,85,86,171
2017,1,Districte I,1,Centre,102,35-49,160,167,327
2017,1,Districte I,1,Centre,104,50-64,77,83,160
2017,1,Districte I,1,Centre,103,00-02,14,11,25
2017,1,Districte I,1,Centre,102,25-34,65,69,134
2017,6,Districte VI,12,Bellvitge,615,16-17,10,4,14
2017,5,Districte V,9,Can Serra,505,16-17,6,6,12
2017,3,Districte III,6,Santa Eulàlia,321,25-34,128,125,253
2017,4,Districte IV,7,la Florida,431,65-74,53,52,105
2017,6,Districte VI,11,el Gornal,632,50-64,85,73,158
2017,2,Districte II,5,Collblanc,224,00-02,22,27,49
2017,2,Districte II,4,la Torrassa,240,12-15,29,32,61
2017,2,Districte II,4,la Torrassa,237,25-34,115,109,224
2017,3,Districte III,6,Santa Eulàlia,325,75 i +,185,95,280
2017,4,Districte IV,7,la Florida,405,65-74,79,57,136
2017,1,Districte I,1,Centre,102,03-11,55,48,103
2017,2,Districte II,5,Collblanc,207,25-34,153,131,284
2017,3,Districte III,13,Granvia Sud,320,65-74,85,77,162
2017,1,Districte I,3,Sant Josep,125,35-49,212,223,435
2017,6,Districte VI,12,Bellvitge,613,25-34,48,49,97
2017,6,Districte VI,12,Bellvitge,623,03-11,52,51,103
2017,2,Districte II,4,la Torrassa,248,35-49,156,164,320
2017,3,Districte III,6,Santa Eulàlia,320,75 i +,1,4,5
2017,2,Districte II,4,la Torrassa,247,18-24,45,37,82
2017,3,Districte III,6,Santa Eulàlia,303,75 i +,150,119,269
2017,5,Districte V,10,Pubilla Cases,510,25-34,77,85,162
2017,4,Districte IV,7,la Florida,406,25-34,105,93,198
2017,6,Districte VI,11,el Gornal,622,12-15,11,12,23
2017,4,Districte IV,7,la Florida,411,65-74,64,43,107
2017,2,Districte II,5,Collblanc,221,35-49,261,268,529
2017,4,Districte IV,8,les Planes,441,25-34,163,156,319
2017,6,Districte VI,11,el Gornal,608,12-15,32,27,59
2017,1,Districte I,3,Sant Josep,138,16-17,6,6,12
2017,1,Districte I,3,Sant Josep,122,35-49,122,113,235
2017,3,Districte III,6,Santa Eulàlia,311,50-64,124,129,253
2017,1,Districte I,1,Centre,124,12-15,18,15,33
2017,2,Districte II,5,Collblanc,210,35-49,97,86,183
2017,1,Districte I,1,Centre,109,16-17,7,15,22
2017,4,Districte IV,7,la Florida,412,00-02,8,17,25
2017,4,Districte IV,7,la Florida,432,00-02,15,12,27
2017,4,Districte IV,7,la Florida,422,50-64,104,107,211
2017,2,Districte II,5,Collblanc,223,16-17,10,12,22
2017,4,Districte IV,7,la Florida,403,50-64,108,111,219
2017,6,Districte VI,12,Bellvitge,606,75 i +,84,67,151
2017,1,Districte I,1,Centre,113,25-34,92,101,193
2017,1,Districte I,1,Centre,104,75 i +,74,42,116
2017,2,Districte II,5,Collblanc,210,16-17,7,6,13
2017,3,Districte III,6,Santa Eulàlia,313,03-11,76,78,154
2017,1,Districte I,1,Centre,128,03-11,37,57,94
2017,3,Districte III,6,Santa Eulàlia,309,18-24,32,36,68
2017,5,Districte V,10,Pubilla Cases,511,18-24,91,99,190
2017,3,Districte III,6,Santa Eulàlia,326,00-02,46,55,101
2017,4,Districte IV,7,la Florida,425,00-02,12,10,22
2017,6,Districte VI,12,Bellvitge,615,65-74,100,51,151
2017,1,Districte I,3,Sant Josep,138,03-11,19,30,49
2017,1,Districte I,2,Sanfeliu,129,03-11,38,58,96
2017,5,Districte V,10,Pubilla Cases,532,18-24,51,52,103
2017,4,Districte IV,7,la Florida,430,12-15,24,17,41
2017,6,Districte VI,12,Bellvitge,607,03-11,36,40,76
2017,1,Districte I,1,Centre,133,25-34,58,45,103
2017,6,Districte VI,12,Bellvitge,621,75 i +,57,49,106
2017,1,Districte I,3,Sant Josep,115,50-64,115,130,245
2017,2,Districte II,5,Collblanc,212,18-24,60,62,122
2017,5,Districte V,10,Pubilla Cases,513,75 i +,104,58,162
2017,3,Districte III,6,Santa Eulàlia,327,03-11,49,60,109
2017,5,Districte V,9,Can Serra,504,75 i +,98,78,176
2017,5,Districte V,9,Can Serra,521,16-17,8,6,14
2017,1,Districte I,3,Sant Josep,139,12-15,11,18,29
2017,1,Districte I,1,Centre,110,50-64,115,91,206
2017,1,Districte I,3,Sant Josep,126,35-49,110,110,220
2017,2,Districte II,4,la Torrassa,217,35-49,183,212,395
2017,3,Districte III,6,Santa Eulàlia,326,50-64,41,66,107
2017,5,Districte V,10,Pubilla Cases,532,25-34,108,99,207
2017,6,Districte VI,12,Bellvitge,614,00-02,11,10,21
2017,3,Districte III,6,Santa Eulàlia,315,65-74,78,86,164
2017,3,Districte III,6,Santa Eulàlia,320,00-02,8,4,12
2017,3,Districte III,6,Santa Eulàlia,310,75 i +,41,22,63
2017,1,Districte I,3,Sant Josep,136,00-02,15,15,30
2017,6,Districte VI,12,Bellvitge,606,50-64,85,91,176
2017,1,Districte I,1,Centre,128,35-49,152,155,307
2017,4,Districte IV,7,la Florida,423,12-15,23,20,43
2017,5,Districte V,9,Can Serra,505,12-15,17,13,30
2017,3,Districte III,6,Santa Eulàlia,324,18-24,34,42,76
2017,2,Districte II,5,Collblanc,208,65-74,129,82,211
2017,2,Districte II,5,Collblanc,209,75 i +,74,50,124
2017,3,Districte III,6,Santa Eulàlia,323,65-74,122,133,255
2017,3,Districte III,6,Santa Eulàlia,304,12-15,82,47,129
2017,2,Districte II,4,la Torrassa,217,75 i +,63,45,108
2017,2,Districte II,5,Collblanc,226,65-74,87,75,162
2017,6,Districte VI,11,el Gornal,616,00-02,26,25,51
2017,2,Districte II,4,la Torrassa,248,25-34,111,108,219
2017,2,Districte II,5,Collblanc,207,03-11,77,74,151
2017,2,Districte II,4,la Torrassa,243,16-17,14,14,28
2017,5,Districte V,9,Can Serra,535,12-15,12,16,28
2017,1,Districte I,3,Sant Josep,138,12-15,12,6,18
2017,5,Districte V,9,Can Serra,505,75 i +,95,93,188
2017,5,Districte V,9,Can Serra,535,75 i +,71,70,141
2017,4,Districte IV,7,la Florida,427,18-24,84,74,158
2017,2,Districte II,4,la Torrassa,238,25-34,84,86,170
2017,2,Districte II,4,la Torrassa,229,18-24,98,66,164
2017,5,Districte V,9,Can Serra,505,35-49,134,125,259
2017,4,Districte IV,7,la Florida,423,35-49,132,133,265
2017,4,Districte IV,8,les Planes,437,12-15,31,33,64
2017,6,Districte VI,12,Bellvitge,609,00-02,11,10,21
2017,6,Districte VI,12,Bellvitge,619,35-49,128,132,260
2017,3,Districte III,6,Santa Eulàlia,308,50-64,214,206,420
2017,5,Districte V,10,Pubilla Cases,517,12-15,43,36,79
2017,4,Districte IV,8,les Planes,441,00-02,35,23,58
2017,3,Districte III,6,Santa Eulàlia,322,65-74,58,59,117
2017,5,Districte V,10,Pubilla Cases,508,18-24,63,64,127
2017,6,Districte VI,12,Bellvitge,613,35-49,134,147,281
2017,3,Districte III,6,Santa Eulàlia,301,03-11,161,158,319
2017,1,Districte I,3,Sant Josep,139,65-74,58,57,115
2017,4,Districte IV,7,la Florida,422,18-24,50,57,107
2017,2,Districte II,5,Collblanc,208,35-49,170,152,322
2017,2,Districte II,5,Collblanc,204,16-17,11,14,25
2017,5,Districte V,10,Pubilla Cases,524,50-64,105,83,188
2017,3,Districte III,6,Santa Eulàlia,315,12-15,31,40,71
2017,3,Districte III,6,Santa Eulàlia,314,50-64,278,242,520
2017,2,Districte II,4,la Torrassa,246,50-64,103,102,205
2017,6,Districte VI,12,Bellvitge,610,50-64,86,86,172
2017,4,Districte IV,8,les Planes,420,18-24,96,87,183
2017,6,Districte VI,11,el Gornal,626,50-64,71,75,146
2017,2,Districte II,5,Collblanc,209,03-11,33,37,70
2017,4,Districte IV,7,la Florida,404,03-11,70,68,138
2017,4,Districte IV,7,la Florida,403,16-17,7,5,12
2017,1,Districte I,3,Sant Josep,120,00-02,25,19,44
2017,5,Districte V,10,Pubilla Cases,530,16-17,14,16,30
2017,2,Districte II,5,Collblanc,223,18-24,69,54,123
2017,3,Districte III,6,Santa Eulàlia,318,35-49,84,73,157
2017,6,Districte VI,11,el Gornal,626,18-24,31,29,60
2017,2,Districte II,5,Collblanc,213,35-49,125,115,240
2017,5,Districte V,9,Can Serra,503,00-02,4,8,12
2017,5,Districte V,9,Can Serra,501,00-02,14,7,21
2017,1,Districte I,2,Sanfeliu,118,65-74,138,142,280
2017,3,Districte III,6,Santa Eulàlia,311,35-49,195,216,411
2017,1,Districte I,3,Sant Josep,137,18-24,52,54,106
2017,2,Districte II,5,Collblanc,207,12-15,31,27,58
2017,6,Districte VI,12,Bellvitge,602,18-24,46,51,97
2017,3,Districte III,6,Santa Eulàlia,317,18-24,39,49,88
2017,4,Districte IV,7,la Florida,421,12-15,28,20,48
2017,2,Districte II,4,la Torrassa,229,03-11,70,89,159
2017,2,Districte II,5,Collblanc,214,35-49,313,320,633
2017,5,Districte V,10,Pubilla Cases,511,12-15,42,48,90
2017,2,Districte II,5,Collblanc,209,16-17,8,7,15
2017,1,Districte I,3,Sant Josep,139,16-17,10,10,20
2017,1,Districte I,1,Centre,109,25-34,69,66,135
2017,2,Districte II,4,la Torrassa,246,16-17,6,9,15
2017,6,Districte VI,12,Bellvitge,612,35-49,109,142,251
2017,5,Districte V,10,Pubilla Cases,532,16-17,14,9,23
2017,1,Districte I,2,Sanfeliu,129,65-74,69,47,116
2017,4,Districte IV,8,les Planes,436,18-24,75,70,145
2017,5,Districte V,9,Can Serra,507,75 i +,49,25,74
2017,1,Districte I,1,Centre,101,50-64,239,239,478
2017,6,Districte VI,11,el Gornal,617,03-11,33,55,88
2017,2,Districte II,5,Collblanc,205,00-02,11,12,23
2017,3,Districte III,6,Santa Eulàlia,302,50-64,135,103,238
2017,2,Districte II,5,Collblanc,209,18-24,33,31,64
2017,4,Districte IV,8,les Planes,420,12-15,43,36,79
2017,2,Districte II,5,Collblanc,201,03-11,74,95,169
2017,6,Districte VI,12,Bellvitge,618,75 i +,93,83,176
2017,1,Districte I,1,Centre,104,65-74,47,32,79
2017,1,Districte I,1,Centre,103,18-24,21,22,43
2017,4,Districte IV,7,la Florida,402,65-74,33,25,58
2017,1,Districte I,3,Sant Josep,122,50-64,57,56,113
2017,3,Districte III,6,Santa Eulàlia,327,12-15,24,26,50
2017,4,Districte IV,7,la Florida,422,65-74,51,32,83
2017,4,Districte IV,8,les Planes,418,03-11,76,51,127
2017,6,Districte VI,12,Bellvitge,602,16-17,12,20,32
2017,6,Districte VI,12,Bellvitge,615,03-11,30,32,62
2017,2,Districte II,4,la Torrassa,236,00-02,11,13,24
2017,2,Districte II,5,Collblanc,216,65-74,76,61,137
2017,5,Districte V,10,Pubilla Cases,530,12-15,23,25,48
2017,1,Districte I,1,Centre,107,12-15,26,39,65
2017,4,Districte IV,7,la Florida,427,75 i +,90,47,137
2017,2,Districte II,4,la Torrassa,234,75 i +,64,38,102
2017,1,Districte I,3,Sant Josep,122,00-02,19,16,35
2017,2,Districte II,5,Collblanc,207,35-49,245,237,482
2017,2,Districte II,4,la Torrassa,248,18-24,37,54,91
2017,2,Districte II,4,la Torrassa,231,75 i +,87,37,124
2017,1,Districte I,3,Sant Josep,140,75 i +,62,51,113
2017,3,Districte III,6,Santa Eulàlia,320,03-11,13,4,17
2017,4,Districte IV,8,les Planes,420,35-49,224,279,503
2017,6,Districte VI,12,Bellvitge,621,65-74,142,133,275
2017,3,Districte III,6,Santa Eulàlia,314,03-11,92,103,195
2017,5,Districte V,10,Pubilla Cases,508,35-49,182,188,370
2017,2,Districte II,4,la Torrassa,249,75 i +,67,38,105
2017,6,Districte VI,12,Bellvitge,605,18-24,51,49,100
2017,3,Districte III,6,Santa Eulàlia,320,35-49,38,49,87
2017,2,Districte II,4,la Torrassa,242,12-15,13,18,31
2017,1,Districte I,2,Sanfeliu,116,12-15,24,22,46
2017,2,Districte II,5,Collblanc,204,65-74,68,52,120
2017,5,Districte V,10,Pubilla Cases,534,75 i +,67,52,119
2017,2,Districte II,5,Collblanc,204,75 i +,110,62,172
2017,6,Districte VI,12,Bellvitge,611,50-64,143,150,293
2017,4,Districte IV,7,la Florida,416,00-02,21,26,47
2017,1,Districte I,3,Sant Josep,106,12-15,31,27,58
2017,3,Districte III,6,Santa Eulàlia,305,25-34,139,103,242
2017,2,Districte II,4,la Torrassa,236,50-64,85,80,165
2017,4,Districte IV,8,les Planes,441,50-64,245,199,444
2017,1,Districte I,1,Centre,111,25-34,49,31,80
2017,2,Districte II,5,Collblanc,224,25-34,123,99,222
2017,5,Districte V,10,Pubilla Cases,533,18-24,77,74,151
2017,5,Districte V,10,Pubilla Cases,531,03-11,37,45,82
2017,5,Districte V,10,Pubilla Cases,518,75 i +,88,55,143
2017,3,Districte III,6,Santa Eulàlia,307,65-74,128,115,243
2017,1,Districte I,2,Sanfeliu,116,75 i +,104,88,192
2017,6,Districte VI,12,Bellvitge,601,75 i +,142,121,263
2017,5,Districte V,10,Pubilla Cases,510,18-24,46,29,75
2017,1,Districte I,1,Centre,110,35-49,125,121,246
2017,4,Districte IV,8,les Planes,440,16-17,5,11,16
2017,6,Districte VI,11,el Gornal,616,65-74,124,102,226
2017,3,Districte III,6,Santa Eulàlia,319,35-49,255,258,513
2017,5,Districte V,10,Pubilla Cases,529,16-17,12,23,35
2017,4,Districte IV,8,les Planes,435,65-74,37,30,67
2017,2,Districte II,5,Collblanc,212,65-74,64,47,111
2017,1,Districte I,3,Sant Josep,127,12-15,14,16,30
2017,2,Districte II,4,la Torrassa,247,00-02,15,19,34
2017,3,Districte III,6,Santa Eulàlia,301,18-24,87,90,177
2017,5,Districte V,10,Pubilla Cases,530,35-49,250,251,501
2017,5,Districte V,9,Can Serra,501,18-24,31,29,60
2017,1,Districte I,3,Sant Josep,114,03-11,52,61,113
2017,3,Districte III,13,Granvia Sud,320,50-64,118,119,237
2017,1,Districte I,1,Centre,135,12-15,14,26,40
2017,6,Districte VI,12,Bellvitge,618,12-15,35,27,62
2017,1,Districte I,3,Sant Josep,137,16-17,15,17,32
2017,6,Districte VI,12,Bellvitge,614,18-24,23,35,58
2017,3,Districte III,6,Santa Eulàlia,302,25-34,101,89,190
2017,5,Districte V,10,Pubilla Cases,518,25-34,66,64,130
2017,4,Districte IV,7,la Florida,423,00-02,17,25,42
2017,6,Districte VI,12,Bellvitge,606,12-15,19,19,38
2017,5,Districte V,9,Can Serra,505,65-74,153,92,245
2017,5,Districte V,10,Pubilla Cases,534,18-24,33,39,72
2017,3,Districte III,6,Santa Eulàlia,314,65-74,137,127,264
2017,4,Districte IV,7,la Florida,432,75 i +,85,56,141
2017,5,Districte V,10,Pubilla Cases,533,12-15,37,32,69
2017,6,Districte VI,12,Bellvitge,610,00-02,11,12,23
2017,2,Districte II,5,Collblanc,204,50-64,145,135,280
2017,5,Districte V,10,Pubilla Cases,537,65-74,83,60,143
2017,1,Districte I,1,Centre,135,50-64,161,141,302
2017,6,Districte VI,12,Bellvitge,623,50-64,111,114,225
2017,3,Districte III,6,Santa Eulàlia,310,00-02,14,14,28
2017,2,Districte II,5,Collblanc,207,16-17,10,19,29
2017,5,Districte V,10,Pubilla Cases,514,03-11,52,74,126
2017,4,Districte IV,8,les Planes,418,25-34,89,101,190
2017,1,Districte I,1,Centre,105,03-11,48,57,105
2017,6,Districte VI,12,Bellvitge,612,03-11,44,34,78
2017,4,Districte IV,7,la Florida,416,75 i +,96,50,146
2017,5,Districte V,9,Can Serra,502,35-49,180,190,370
2017,3,Districte III,6,Santa Eulàlia,304,03-11,194,234,428
2017,2,Districte II,4,la Torrassa,237,18-24,43,55,98
2017,2,Districte II,4,la Torrassa,245,16-17,16,11,27
2017,4,Districte IV,7,la Florida,416,18-24,62,62,124
2017,2,Districte II,5,Collblanc,202,12-15,30,29,59
2017,4,Districte IV,7,la Florida,432,03-11,52,53,105
2017,4,Districte IV,7,la Florida,404,12-15,26,21,47
2017,2,Districte II,4,la Torrassa,245,50-64,96,98,194
2017,4,Districte IV,7,la Florida,409,65-74,85,75,160
2017,1,Districte I,1,Centre,123,03-11,44,50,94
2017,4,Districte IV,7,la Florida,412,03-11,44,66,110
2017,1,Districte I,1,Centre,131,12-15,11,23,34
2017,2,Districte II,4,la Torrassa,243,75 i +,109,68,177
2017,2,Districte II,5,Collblanc,209,00-02,9,20,29
2017,5,Districte V,10,Pubilla Cases,530,65-74,67,34,101
2017,3,Districte III,6,Santa Eulàlia,304,65-74,88,72,160
2017,5,Districte V,9,Can Serra,504,18-24,25,28,53
2017,4,Districte IV,8,les Planes,401,03-11,38,57,95
2017,6,Districte VI,12,Bellvitge,612,16-17,7,13,20
2017,1,Districte I,1,Centre,112,35-49,210,201,411
2017,3,Districte III,6,Santa Eulàlia,301,35-49,423,418,841
2017,5,Districte V,10,Pubilla Cases,529,12-15,22,23,45
2017,1,Districte I,3,Sant Josep,121,18-24,40,29,69
2017,6,Districte VI,12,Bellvitge,614,16-17,10,4,14
2017,1,Districte I,3,Sant Josep,140,18-24,31,44,75
2017,2,Districte II,5,Collblanc,221,12-15,33,37,70
2017,2,Districte II,5,Collblanc,210,18-24,34,30,64
2017,2,Districte II,5,Collblanc,207,18-24,71,74,145
2017,2,Districte II,4,la Torrassa,245,18-24,47,52,99
2017,1,Districte I,3,Sant Josep,120,35-49,187,182,369
2017,5,Districte V,9,Can Serra,507,00-02,9,14,23
2017,1,Districte I,2,Sanfeliu,118,03-11,69,76,145
2017,4,Districte IV,8,les Planes,437,35-49,210,195,405
2017,5,Districte V,10,Pubilla Cases,531,65-74,44,25,69
2017,5,Districte V,10,Pubilla Cases,529,75 i +,96,61,157
2017,5,Districte V,10,Pubilla Cases,528,16-17,12,17,29
2017,1,Districte I,1,Centre,135,75 i +,92,54,146
2017,1,Districte I,1,Centre,101,75 i +,68,44,112
2017,5,Districte V,9,Can Serra,535,35-49,91,88,179
2017,5,Districte V,9,Can Serra,507,65-74,56,44,100
2017,1,Districte I,2,Sanfeliu,132,50-64,243,218,461
2017,2,Districte II,5,Collblanc,213,03-11,44,49,93
2017,2,Districte II,5,Collblanc,216,16-17,15,13,28
2017,2,Districte II,4,la Torrassa,233,25-34,79,78,157
2017,6,Districte VI,12,Bellvitge,601,03-11,73,90,163
2017,4,Districte IV,7,la Florida,406,03-11,57,56,113
2017,3,Districte III,6,Santa Eulàlia,305,75 i +,82,46,128
2017,6,Districte VI,12,Bellvitge,621,00-02,20,24,44
2017,5,Districte V,9,Can Serra,503,18-24,27,27,54
2017,5,Districte V,10,Pubilla Cases,526,35-49,280,275,555
2017,4,Districte IV,8,les Planes,401,35-49,121,110,231
2017,4,Districte IV,7,la Florida,422,00-02,12,20,32
2017,1,Districte I,1,Centre,109,12-15,19,13,32
2017,1,Districte I,3,Sant Josep,106,16-17,11,14,25
2017,2,Districte II,5,Collblanc,212,03-11,62,62,124
2017,4,Districte IV,8,les Planes,441,75 i +,118,80,198
2017,4,Districte IV,7,la Florida,427,00-02,29,30,59
2017,2,Districte II,5,Collblanc,223,65-74,60,36,96
2017,1,Districte I,1,Centre,108,00-02,16,17,33
2017,1,Districte I,3,Sant Josep,119,12-15,15,20,35
2017,2,Districte II,4,la Torrassa,211,65-74,43,37,80
2017,4,Districte IV,7,la Florida,410,00-02,25,21,46
2017,5,Districte V,10,Pubilla Cases,530,18-24,70,75,145
2017,6,Districte VI,12,Bellvitge,630,75 i +,41,32,73
2017,2,Districte II,5,Collblanc,208,18-24,45,54,99
2017,5,Districte V,10,Pubilla Cases,534,65-74,57,47,104
2017,6,Districte VI,11,el Gornal,617,12-15,17,19,36
2017,5,Districte V,10,Pubilla Cases,524,16-17,8,13,21
2017,1,Districte I,3,Sant Josep,127,75 i +,41,33,74
2017,5,Districte V,10,Pubilla Cases,517,75 i +,97,61,158
2017,1,Districte I,3,Sant Josep,137,12-15,42,24,66
2017,4,Districte IV,7,la Florida,426,65-74,42,34,76
2017,3,Districte III,6,Santa Eulàlia,319,25-34,92,91,183
2017,1,Districte I,1,Centre,111,75 i +,68,47,115
2017,4,Districte IV,7,la Florida,407,18-24,43,32,75
2017,6,Districte VI,12,Bellvitge,627,65-74,97,87,184
2017,5,Districte V,10,Pubilla Cases,510,75 i +,77,42,119
2017,4,Districte IV,8,les Planes,433,35-49,229,222,451
2017,6,Districte VI,12,Bellvitge,619,18-24,33,42,75
2017,5,Districte V,10,Pubilla Cases,518,03-11,51,48,99
2017,1,Districte I,1,Centre,101,03-11,181,200,381
2017,6,Districte VI,12,Bellvitge,625,65-74,109,96,205
2017,5,Districte V,10,Pubilla Cases,533,16-17,24,15,39
2017,1,Districte I,1,Centre,130,25-34,56,73,129
2017,4,Districte IV,8,les Planes,433,16-17,19,15,34
2017,2,Districte II,4,la Torrassa,249,65-74,47,35,82
2017,4,Districte IV,7,la Florida,411,25-34,70,66,136
2017,5,Districte V,9,Can Serra,505,03-11,38,45,83
2017,5,Districte V,9,Can Serra,507,16-17,9,14,23
2017,2,Districte II,5,Collblanc,221,16-17,15,16,31
2017,1,Districte I,1,Centre,103,12-15,12,12,24
2017,3,Districte III,6,Santa Eulàlia,321,75 i +,128,88,216
2017,3,Districte III,6,Santa Eulàlia,313,75 i +,91,73,164
2017,5,Districte V,10,Pubilla Cases,510,16-17,11,6,17
2017,4,Districte IV,8,les Planes,441,16-17,16,23,39
2017,6,Districte VI,12,Bellvitge,630,00-02,18,10,28
2017,2,Districte II,4,la Torrassa,232,03-11,43,52,95
2017,2,Districte II,5,Collblanc,208,00-02,15,28,43
2017,2,Districte II,5,Collblanc,226,50-64,193,148,341
2017,3,Districte III,6,Santa Eulàlia,309,75 i +,48,27,75
2017,6,Districte VI,12,Bellvitge,630,12-15,13,8,21
2017,1,Districte I,1,Centre,133,03-11,41,39,80
2017,5,Districte V,9,Can Serra,521,12-15,8,21,29
2017,5,Districte V,10,Pubilla Cases,533,75 i +,130,78,208
2017,2,Districte II,4,la Torrassa,237,12-15,19,30,49
2017,3,Districte III,6,Santa Eulàlia,310,12-15,16,18,34
2017,4,Districte IV,7,la Florida,416,65-74,55,54,109
2017,2,Districte II,4,la Torrassa,243,03-11,61,73,134
2017,4,Districte IV,7,la Florida,421,65-74,67,44,111
2017,6,Districte VI,12,Bellvitge,612,18-24,28,46,74
2017,3,Districte III,13,Granvia Sud,320,00-02,6,19,25
2017,6,Districte VI,11,el Gornal,622,16-17,3,10,13
2017,1,Districte I,1,Centre,131,50-64,126,123,249
2017,3,Districte III,6,Santa Eulàlia,327,18-24,43,47,90
2017,5,Districte V,9,Can Serra,507,35-49,107,109,216
2017,4,Districte IV,7,la Florida,416,35-49,187,180,367
2017,3,Districte III,6,Santa Eulàlia,317,03-11,58,58,116
2017,4,Districte IV,7,la Florida,409,25-34,141,157,298
2017,4,Districte IV,7,la Florida,422,16-17,9,10,19
2017,1,Districte I,1,Centre,109,35-49,129,132,261
2017,6,Districte VI,12,Bellvitge,609,12-15,12,15,27
2017,2,Districte II,5,Collblanc,208,25-34,129,115,244
2017,2,Districte II,5,Collblanc,212,25-34,108,110,218
2017,1,Districte I,1,Centre,128,75 i +,60,42,102
2017,4,Districte IV,7,la Florida,432,35-49,139,152,291
2017,5,Districte V,10,Pubilla Cases,537,03-11,49,53,102
2017,1,Districte I,2,Sanfeliu,129,35-49,126,135,261
2017,6,Districte VI,11,el Gornal,632,35-49,107,132,239
2017,6,Districte VI,12,Bellvitge,621,16-17,9,15,24
2017,4,Districte IV,8,les Planes,441,12-15,38,35,73
2017,4,Districte IV,7,la Florida,421,03-11,41,57,98
2017,5,Districte V,9,Can Serra,502,18-24,49,57,106
2017,2,Districte II,4,la Torrassa,228,50-64,174,174,348
2017,6,Districte VI,12,Bellvitge,611,65-74,98,64,162
2017,1,Districte I,1,Centre,110,75 i +,81,57,138
2017,2,Districte II,5,Collblanc,210,03-11,27,29,56
2017,3,Districte III,6,Santa Eulàlia,302,00-02,16,18,34
2017,3,Districte III,6,Santa Eulàlia,323,16-17,18,22,40
2017,6,Districte VI,11,el Gornal,616,50-64,227,213,440
2017,1,Districte I,1,Centre,105,75 i +,59,45,104
2017,3,Districte III,6,Santa Eulàlia,305,12-15,30,24,54
2017,3,Districte III,6,Santa Eulàlia,301,25-34,142,171,313
2017,1,Districte I,1,Centre,104,00-02,17,17,34
2017,3,Districte III,6,Santa Eulàlia,327,65-74,73,67,140
2017,1,Districte I,1,Centre,124,35-49,94,93,187
2017,1,Districte I,3,Sant Josep,122,03-11,33,46,79
2017,3,Districte III,6,Santa Eulàlia,314,00-02,32,33,65
2017,6,Districte VI,12,Bellvitge,601,00-02,18,27,45
2017,2,Districte II,4,la Torrassa,228,16-17,19,29,48
2017,1,Districte I,3,Sant Josep,115,25-34,63,85,148
2017,1,Districte I,1,Centre,133,18-24,17,22,39
2017,1,Districte I,3,Sant Josep,138,00-02,6,7,13
2017,4,Districte IV,7,la Florida,414,03-11,101,81,182
2017,1,Districte I,1,Centre,124,65-74,46,29,75
2017,5,Districte V,10,Pubilla Cases,513,35-49,195,200,395
2017,5,Districte V,9,Can Serra,502,12-15,18,34,52
2017,2,Districte II,5,Collblanc,202,50-64,140,144,284
2017,1,Districte I,1,Centre,113,00-02,19,19,38
2017,4,Districte IV,8,les Planes,435,18-24,47,63,110
2017,5,Districte V,10,Pubilla Cases,531,25-34,74,75,149
2017,4,Districte IV,8,les Planes,433,25-34,149,145,294
2017,2,Districte II,5,Collblanc,205,65-74,58,37,95
2017,1,Districte I,2,Sanfeliu,116,18-24,51,39,90
2017,4,Districte IV,7,la Florida,405,00-02,24,32,56
2017,2,Districte II,4,la Torrassa,211,18-24,51,77,128
2017,1,Districte I,1,Centre,103,50-64,75,71,146
2017,1,Districte I,3,Sant Josep,106,03-11,58,66,124
2017,5,Districte V,10,Pubilla Cases,523,35-49,197,181,378
2017,1,Districte I,1,Centre,128,25-34,69,77,146
2017,4,Districte IV,7,la Florida,431,18-24,81,56,137
2017,3,Districte III,6,Santa Eulàlia,326,12-15,20,14,34
2017,2,Districte II,4,la Torrassa,229,00-02,24,33,57
2017,5,Districte V,10,Pubilla Cases,524,00-02,25,17,42
2017,4,Districte IV,8,les Planes,440,12-15,20,13,33
2017,5,Districte V,10,Pubilla Cases,518,35-49,148,146,294
2017,4,Districte IV,7,la Florida,404,50-64,120,114,234
2017,1,Districte I,1,Centre,112,12-15,40,32,72
2017,4,Districte IV,7,la Florida,431,25-34,132,134,266
2017,6,Districte VI,12,Bellvitge,609,18-24,30,30,60
2017,4,Districte IV,8,les Planes,436,00-02,27,20,47
2017,4,Districte IV,8,les Planes,441,35-49,223,236,459
2017,5,Districte V,9,Can Serra,504,03-11,28,44,72
2017,5,Districte V,10,Pubilla Cases,520,00-02,11,20,31
2017,2,Districte II,5,Collblanc,224,35-49,161,143,304
2017,2,Districte II,4,la Torrassa,234,00-02,15,20,35
2017,1,Districte I,2,Sanfeliu,118,50-64,179,132,311
2017,5,Districte V,10,Pubilla Cases,533,50-64,165,149,314
2017,2,Districte II,4,la Torrassa,246,00-02,16,10,26
2017,2,Districte II,5,Collblanc,201,16-17,15,13,28
2017,5,Districte V,10,Pubilla Cases,538,12-15,26,33,59
2017,2,Districte II,5,Collblanc,210,75 i +,81,43,124
2017,1,Districte I,1,Centre,130,16-17,9,9,18
2017,1,Districte I,1,Centre,131,25-34,76,72,148
2017,2,Districte II,5,Collblanc,220,25-34,152,172,324
2017,4,Districte IV,7,la Florida,407,75 i +,84,44,128
2017,1,Districte I,3,Sant Josep,106,00-02,21,21,42
2017,6,Districte VI,12,Bellvitge,619,75 i +,117,90,207
2017,1,Districte I,1,Centre,107,25-34,100,108,208
2017,5,Districte V,10,Pubilla Cases,518,50-64,94,92,186
2017,4,Districte IV,7,la Florida,425,25-34,82,69,151
2017,6,Districte VI,12,Bellvitge,612,75 i +,88,66,154
2017,6,Districte VI,12,Bellvitge,609,16-17,6,6,12
2017,6,Districte VI,12,Bellvitge,618,00-02,7,7,14
2017,4,Districte IV,7,la Florida,422,35-49,160,167,327
2017,2,Districte II,4,la Torrassa,246,35-49,181,193,374
2017,1,Districte I,1,Centre,133,12-15,12,13,25
2017,1,Districte I,1,Centre,112,50-64,177,148,325
2017,4,Districte IV,8,les Planes,418,12-15,20,27,47
2017,2,Districte II,4,la Torrassa,217,65-74,65,59,124
2017,5,Districte V,9,Can Serra,506,65-74,180,137,317
2017,1,Districte I,3,Sant Josep,139,03-11,28,33,61
2017,4,Districte IV,8,les Planes,420,25-34,153,132,285
2017,4,Districte IV,7,la Florida,421,16-17,17,14,31
2017,6,Districte VI,11,el Gornal,616,25-34,102,125,227
2017,3,Districte III,6,Santa Eulàlia,320,65-74,3,3,6
2017,2,Districte II,5,Collblanc,210,12-15,20,18,38
2017,6,Districte VI,12,Bellvitge,625,35-49,111,110,221
2017,5,Districte V,9,Can Serra,503,50-64,111,72,183
2017,1,Districte I,3,Sant Josep,140,16-17,9,5,14
2017,3,Districte III,6,Santa Eulàlia,316,03-11,57,74,131
2017,4,Districte IV,7,la Florida,414,18-24,78,73,151
2017,5,Districte V,10,Pubilla Cases,526,25-34,157,154,311
2017,3,Districte III,6,Santa Eulàlia,318,75 i +,51,28,79
2017,2,Districte II,5,Collblanc,201,25-34,169,138,307
2017,6,Districte VI,12,Bellvitge,601,18-24,72,68,140
2017,3,Districte III,13,Granvia Sud,312,16-17,11,15,26
2017,2,Districte II,5,Collblanc,216,75 i +,85,53,138
2017,4,Districte IV,8,les Planes,435,00-02,30,20,50
2017,2,Districte II,5,Collblanc,205,03-11,37,35,72
2017,5,Districte V,10,Pubilla Cases,529,35-49,190,170,360
2017,1,Districte I,3,Sant Josep,127,25-34,56,54,110
2017,6,Districte VI,12,Bellvitge,602,03-11,59,67,126
2017,1,Districte I,1,Centre,111,35-49,87,87,174
2017,6,Districte VI,12,Bellvitge,625,18-24,26,35,61
2017,1,Districte I,2,Sanfeliu,129,12-15,18,24,42
2017,4,Districte IV,8,les Planes,420,16-17,16,27,43
2017,5,Districte V,10,Pubilla Cases,538,65-74,72,33,105
2017,2,Districte II,4,la Torrassa,239,65-74,57,28,85
2017,3,Districte III,6,Santa Eulàlia,313,00-02,33,17,50
2017,4,Districte IV,8,les Planes,418,16-17,13,13,26
2017,1,Districte I,1,Centre,108,16-17,13,14,27
2017,5,Districte V,10,Pubilla Cases,532,03-11,74,70,144
2017,4,Districte IV,7,la Florida,414,25-34,165,158,323
2017,3,Districte III,6,Santa Eulàlia,316,18-24,72,62,134
2017,6,Districte VI,12,Bellvitge,630,16-17,13,7,20
2017,5,Districte V,9,Can Serra,506,18-24,57,60,117
2017,2,Districte II,5,Collblanc,213,75 i +,51,43,94
2017,5,Districte V,9,Can Serra,502,03-11,71,74,145
2017,3,Districte III,6,Santa Eulàlia,317,25-34,82,89,171
2017,1,Districte I,1,Centre,130,35-49,142,123,265
2017,6,Districte VI,11,el Gornal,608,35-49,133,172,305
2017,2,Districte II,5,Collblanc,213,25-34,84,75,159
2017,2,Districte II,4,la Torrassa,245,75 i +,64,44,108
2017,1,Districte I,1,Centre,113,65-74,106,105,211
2017,3,Districte III,6,Santa Eulàlia,308,03-11,87,70,157
2017,1,Districte I,1,Centre,102,00-02,16,16,32
2017,1,Districte I,2,Sanfeliu,116,35-49,161,154,315
2017,2,Districte II,5,Collblanc,226,75 i +,122,71,193
2017,5,Districte V,9,Can Serra,502,16-17,18,14,32
2017,2,Districte II,4,la Torrassa,242,50-64,102,99,201
2017,4,Districte IV,7,la Florida,416,12-15,29,32,61
2017,2,Districte II,5,Collblanc,209,35-49,132,110,242
2017,1,Districte I,3,Sant Josep,140,03-11,54,54,108
2017,6,Districte VI,12,Bellvitge,623,18-24,41,46,87
2017,3,Districte III,6,Santa Eulàlia,314,18-24,74,81,155
2017,5,Districte V,10,Pubilla Cases,511,65-74,100,65,165
2017,2,Districte II,5,Collblanc,220,12-15,36,30,66
2017,1,Districte I,1,Centre,111,50-64,93,70,163
2017,6,Districte VI,12,Bellvitge,611,00-02,17,20,37
2017,3,Districte III,6,Santa Eulàlia,321,12-15,40,35,75
2017,6,Districte VI,12,Bellvitge,606,35-49,137,121,258
2017,3,Districte III,6,Santa Eulàlia,303,35-49,202,212,414
2017,1,Districte I,1,Centre,130,75 i +,100,55,155
2017,2,Districte II,4,la Torrassa,249,18-24,46,47,93
2017,4,Districte IV,7,la Florida,414,00-02,34,38,72
2017,4,Districte IV,7,la Florida,407,65-74,45,29,74
2017,3,Districte III,6,Santa Eulàlia,307,16-17,7,10,17
2017,1,Districte I,3,Sant Josep,136,12-15,25,25,50
2017,1,Districte I,3,Sant Josep,137,25-34,94,81,175
2017,5,Districte V,10,Pubilla Cases,532,12-15,27,26,53
2017,2,Districte II,5,Collblanc,204,00-02,25,19,44
2017,3,Districte III,6,Santa Eulàlia,303,25-34,103,99,202
2017,6,Districte VI,11,el Gornal,622,65-74,64,46,110
2017,2,Districte II,4,la Torrassa,249,16-17,15,8,23
2017,6,Districte VI,12,Bellvitge,605,03-11,80,71,151
2017,2,Districte II,4,la Torrassa,234,12-15,18,13,31
2017,2,Districte II,5,Collblanc,204,12-15,28,22,50
2017,2,Districte II,4,la Torrassa,249,35-49,132,123,255
2017,2,Districte II,5,Collblanc,214,00-02,46,40,86
2017,1,Districte I,1,Centre,133,65-74,58,44,102
2017,4,Districte IV,8,les Planes,437,65-74,77,58,135
2017,4,Districte IV,7,la Florida,431,16-17,15,16,31
2017,4,Districte IV,7,la Florida,407,12-15,15,22,37
2017,1,Districte I,1,Centre,101,25-34,159,162,321
2017,4,Districte IV,7,la Florida,421,35-49,155,165,320
2017,3,Districte III,6,Santa Eulàlia,325,65-74,136,111,247
2017,5,Districte V,10,Pubilla Cases,523,16-17,12,11,23
2017,6,Districte VI,12,Bellvitge,605,35-49,187,191,378
2017,4,Districte IV,7,la Florida,403,18-24,37,47,84
2017,6,Districte VI,12,Bellvitge,624,16-17,9,6,15
2017,6,Districte VI,12,Bellvitge,615,25-34,33,36,69
2017,6,Districte VI,12,Bellvitge,627,12-15,11,13,24
2017,3,Districte III,6,Santa Eulàlia,305,35-49,165,187,352
2017,1,Districte I,3,Sant Josep,114,65-74,115,85,200
2017,5,Districte V,10,Pubilla Cases,524,12-15,30,21,51
2017,5,Districte V,10,Pubilla Cases,532,35-49,187,191,378
2017,5,Districte V,10,Pubilla Cases,523,75 i +,90,68,158
2017,5,Districte V,9,Can Serra,503,35-49,85,68,153
2017,1,Districte I,1,Centre,112,00-02,21,17,38
2017,2,Districte II,4,la Torrassa,248,65-74,43,41,84
2017,2,Districte II,5,Collblanc,223,03-11,62,55,117
2017,5,Districte V,10,Pubilla Cases,514,65-74,54,30,84
2017,2,Districte II,5,Collblanc,224,65-74,48,34,82
2017,2,Districte II,5,Collblanc,214,50-64,187,172,359
2017,2,Districte II,5,Collblanc,214,65-74,77,53,130
2017,6,Districte VI,12,Bellvitge,613,00-02,16,8,24
2017,4,Districte IV,7,la Florida,422,03-11,59,52,111
2017,2,Districte II,4,la Torrassa,217,12-15,25,26,51
2017,1,Districte I,1,Centre,108,65-74,65,59,124
2017,4,Districte IV,8,les Planes,437,03-11,68,81,149
2017,2,Districte II,4,la Torrassa,233,12-15,7,14,21
2017,2,Districte II,4,la Torrassa,234,65-74,41,23,64
2017,2,Districte II,5,Collblanc,208,03-11,34,36,70
2017,2,Districte II,5,Collblanc,201,75 i +,60,45,105
2017,5,Districte V,9,Can Serra,501,03-11,24,33,57
2017,5,Districte V,9,Can Serra,521,50-64,81,66,147
2017,6,Districte VI,11,el Gornal,622,18-24,18,37,55
2017,3,Districte III,6,Santa Eulàlia,315,00-02,24,25,49
2017,1,Districte I,3,Sant Josep,137,75 i +,56,48,104
2017,5,Districte V,10,Pubilla Cases,531,35-49,122,128,250
2017,1,Districte I,2,Sanfeliu,118,16-17,17,10,27
2017,4,Districte IV,7,la Florida,410,25-34,96,113,209
2017,6,Districte VI,11,el Gornal,608,00-02,12,10,22
2017,4,Districte IV,7,la Florida,416,03-11,62,78,140
2017,5,Districte V,9,Can Serra,501,35-49,105,128,233
2017,5,Districte V,10,Pubilla Cases,538,00-02,20,14,34
2017,4,Districte IV,8,les Planes,436,65-74,56,54,110
2017,6,Districte VI,12,Bellvitge,614,12-15,19,19,38
2017,2,Districte II,4,la Torrassa,236,12-15,17,23,40
2017,6,Districte VI,12,Bellvitge,613,12-15,16,17,33
2017,4,Districte IV,7,la Florida,425,03-11,42,44,86
2017,4,Districte IV,7,la Florida,432,18-24,47,52,99
2017,4,Districte IV,7,la Florida,431,12-15,35,44,79
2017,1,Districte I,1,Centre,103,35-49,105,113,218
2017,4,Districte IV,8,les Planes,419,16-17,24,18,42
2017,5,Districte V,9,Can Serra,503,65-74,59,68,127
2017,4,Districte IV,8,les Planes,419,75 i +,110,75,185
2017,5,Districte V,10,Pubilla Cases,508,50-64,133,134,267
2017,1,Districte I,2,Sanfeliu,132,00-02,22,20,42
2017,4,Districte IV,7,la Florida,421,00-02,16,15,31
2017,4,Districte IV,7,la Florida,405,03-11,75,73,148
2017,2,Districte II,5,Collblanc,224,03-11,62,68,130
2017,5,Districte V,9,Can Serra,506,35-49,174,182,356
2017,1,Districte I,1,Centre,112,03-11,62,59,121
2017,5,Districte V,10,Pubilla Cases,523,18-24,48,52,100
2017,3,Districte III,6,Santa Eulàlia,313,35-49,233,212,445
2017,3,Districte III,6,Santa Eulàlia,323,12-15,38,41,79
2017,1,Districte I,1,Centre,128,50-64,85,87,172
2017,4,Districte IV,7,la Florida,412,35-49,163,183,346
2017,4,Districte IV,7,la Florida,431,00-02,23,30,53
2017,3,Districte III,6,Santa Eulàlia,314,35-49,271,280,551
2017,6,Districte VI,12,Bellvitge,611,16-17,18,15,33
2017,6,Districte VI,12,Bellvitge,607,75 i +,104,91,195
2017,4,Districte IV,7,la Florida,411,18-24,36,32,68
2017,5,Districte V,10,Pubilla Cases,514,00-02,14,21,35
2017,6,Districte VI,11,el Gornal,617,18-24,24,35,59
2017,5,Districte V,10,Pubilla Cases,520,03-11,42,26,68
2017,2,Districte II,5,Collblanc,209,12-15,17,20,37
2017,6,Districte VI,12,Bellvitge,605,00-02,29,18,47
2017,6,Districte VI,12,Bellvitge,631,16-17,8,13,21
2017,5,Districte V,10,Pubilla Cases,530,25-34,138,110,248
2017,4,Districte IV,7,la Florida,432,50-64,122,102,224
2017,4,Districte IV,7,la Florida,405,25-34,139,107,246
2017,4,Districte IV,7,la Florida,431,75 i +,85,39,124
2017,1,Districte I,2,Sanfeliu,116,00-02,15,12,27
2017,4,Districte IV,7,la Florida,430,65-74,34,28,62
2017,1,Districte I,1,Centre,110,16-17,1,7,8
2017,1,Districte I,3,Sant Josep,136,16-17,10,9,19
2017,6,Districte VI,12,Bellvitge,631,35-49,133,124,257
2017,5,Districte V,10,Pubilla Cases,508,03-11,65,71,136
2017,3,Districte III,6,Santa Eulàlia,308,00-02,23,29,52
2017,5,Districte V,10,Pubilla Cases,537,50-64,132,106,238
2017,6,Districte VI,11,el Gornal,622,75 i +,36,21,57
2017,5,Districte V,9,Can Serra,502,75 i +,141,85,226
2017,5,Districte V,10,Pubilla Cases,513,65-74,48,40,88
2017,3,Districte III,6,Santa Eulàlia,311,65-74,63,43,106
2017,1,Districte I,3,Sant Josep,126,25-34,64,51,115
2017,6,Districte VI,11,el Gornal,626,65-74,74,54,128
2017,2,Districte II,5,Collblanc,213,12-15,19,24,43
2017,6,Districte VI,12,Bellvitge,618,25-34,53,44,97
2017,4,Districte IV,7,la Florida,423,50-64,89,77,166
2017,4,Districte IV,7,la Florida,403,35-49,138,141,279
2017,6,Districte VI,11,el Gornal,622,25-34,47,35,82
2017,4,Districte IV,8,les Planes,433,00-02,28,37,65
2017,1,Districte I,3,Sant Josep,137,03-11,72,58,130
2017,2,Districte II,4,la Torrassa,236,75 i +,97,48,145
2017,3,Districte III,6,Santa Eulàlia,303,50-64,123,128,251
2017,6,Districte VI,12,Bellvitge,630,50-64,82,64,146
2017,6,Districte VI,11,el Gornal,617,50-64,84,79,163
2017,6,Districte VI,12,Bellvitge,613,75 i +,95,89,184
2017,3,Districte III,6,Santa Eulàlia,306,65-74,88,72,160
2017,6,Districte VI,12,Bellvitge,619,00-02,9,10,19
2017,5,Districte V,10,Pubilla Cases,518,00-02,17,13,30
2017,1,Districte I,3,Sant Josep,126,03-11,31,35,66
2017,5,Districte V,9,Can Serra,501,65-74,117,116,233
2017,1,Districte I,1,Centre,108,12-15,22,18,40
2017,1,Districte I,3,Sant Josep,127,16-17,6,4,10
2017,3,Districte III,6,Santa Eulàlia,322,75 i +,79,41,120
2017,5,Districte V,10,Pubilla Cases,514,18-24,72,66,138
2017,6,Districte VI,12,Bellvitge,601,12-15,34,37,71
2017,4,Districte IV,7,la Florida,423,25-34,64,59,123
2017,6,Districte VI,12,Bellvitge,605,16-17,15,13,28
2017,5,Districte V,10,Pubilla Cases,514,25-34,106,87,193
2017,4,Districte IV,7,la Florida,426,35-49,115,165,280
2017,1,Districte I,1,Centre,104,03-11,33,26,59
2017,6,Districte VI,12,Bellvitge,611,35-49,233,243,476
2017,2,Districte II,5,Collblanc,216,18-24,52,45,97
2017,1,Districte I,1,Centre,107,16-17,16,11,27
2017,5,Districte V,10,Pubilla Cases,511,00-02,37,50,87
2017,2,Districte II,5,Collblanc,212,35-49,206,199,405
2017,3,Districte III,6,Santa Eulàlia,305,16-17,14,16,30
2017,5,Districte V,10,Pubilla Cases,531,75 i +,53,35,88
2017,4,Districte IV,7,la Florida,406,12-15,27,34,61
2017,6,Districte VI,12,Bellvitge,621,12-15,22,26,48
2017,5,Districte V,10,Pubilla Cases,517,16-17,17,29,46
2017,5,Districte V,10,Pubilla Cases,538,03-11,51,53,104
2017,3,Districte III,6,Santa Eulàlia,324,16-17,14,12,26
2017,5,Districte V,10,Pubilla Cases,510,35-49,117,127,244
2017,1,Districte I,1,Centre,103,03-11,34,34,68
2017,4,Districte IV,8,les Planes,435,16-17,8,8,16
2017,1,Districte I,1,Centre,124,25-34,66,65,131
2017,3,Districte III,13,Granvia Sud,312,00-02,31,29,60
2017,5,Districte V,10,Pubilla Cases,528,03-11,53,53,106
2017,1,Districte I,2,Sanfeliu,132,75 i +,115,78,193
2017,5,Districte V,10,Pubilla Cases,534,12-15,16,21,37
2017,4,Districte IV,8,les Planes,420,00-02,24,35,59
2017,1,Districte I,3,Sant Josep,120,75 i +,68,45,113
2017,1,Districte I,3,Sant Josep,120,12-15,19,42,61
2017,4,Districte IV,8,les Planes,418,65-74,56,40,96
2017,1,Districte I,1,Centre,110,03-11,41,31,72
2017,3,Districte III,6,Santa Eulàlia,319,00-02,25,32,57
2017,2,Districte II,4,la Torrassa,242,18-24,53,39,92
2017,4,Districte IV,8,les Planes,401,00-02,20,13,33
2017,5,Districte V,10,Pubilla Cases,529,50-64,101,97,198
2017,5,Districte V,10,Pubilla Cases,510,03-11,52,40,92
2017,1,Districte I,1,Centre,135,25-34,95,110,205
2017,5,Districte V,10,Pubilla Cases,537,18-24,58,51,109
2017,3,Districte III,6,Santa Eulàlia,325,35-49,191,185,376
2017,3,Districte III,6,Santa Eulàlia,307,03-11,54,40,94
2017,5,Districte V,10,Pubilla Cases,524,18-24,46,54,100
2017,3,Districte III,6,Santa Eulàlia,307,25-34,56,79,135
2017,5,Districte V,10,Pubilla Cases,525,50-64,62,65,127
2017,1,Districte I,3,Sant Josep,140,65-74,54,46,100
2017,2,Districte II,5,Collblanc,221,75 i +,113,78,191
2017,3,Districte III,6,Santa Eulàlia,303,16-17,14,12,26
2017,6,Districte VI,11,el Gornal,616,16-17,28,25,53
2017,1,Districte I,1,Centre,131,35-49,152,172,324
2017,4,Districte IV,7,la Florida,427,25-34,156,128,284
2017,5,Districte V,9,Can Serra,507,18-24,24,48,72
2017,1,Districte I,3,Sant Josep,106,65-74,137,139,276
2017,6,Districte VI,12,Bellvitge,612,00-02,10,8,18
2017,3,Districte III,6,Santa Eulàlia,303,00-02,23,19,42
2017,1,Districte I,3,Sant Josep,117,00-02,18,25,43
2017,1,Districte I,3,Sant Josep,136,65-74,64,68,132
2017,4,Districte IV,7,la Florida,423,18-24,47,30,77
2017,1,Districte I,2,Sanfeliu,129,50-64,95,85,180
2017,1,Districte I,3,Sant Josep,136,35-49,161,161,322
2017,6,Districte VI,12,Bellvitge,610,65-74,127,71,198
2017,6,Districte VI,11,el Gornal,632,65-74,50,38,88
2017,5,Districte V,9,Can Serra,535,50-64,103,85,188
2017,3,Districte III,13,Granvia Sud,312,12-15,18,24,42
2017,5,Districte V,10,Pubilla Cases,538,25-34,95,81,176
2017,5,Districte V,10,Pubilla Cases,517,50-64,196,154,350
2017,6,Districte VI,11,el Gornal,632,75 i +,53,37,90
2017,6,Districte VI,12,Bellvitge,630,35-49,97,105,202
2017,3,Districte III,6,Santa Eulàlia,323,00-02,23,20,43
2017,4,Districte IV,7,la Florida,409,16-17,13,12,25
2017,5,Districte V,10,Pubilla Cases,514,75 i +,95,59,154
2017,1,Districte I,2,Sanfeliu,118,75 i +,64,62,126
2017,2,Districte II,5,Collblanc,201,00-02,32,43,75
2017,6,Districte VI,12,Bellvitge,606,18-24,29,31,60
2017,6,Districte VI,11,el Gornal,626,03-11,38,40,78
2017,5,Districte V,10,Pubilla Cases,537,35-49,154,134,288
2017,2,Districte II,4,la Torrassa,232,65-74,51,36,87
2017,1,Districte I,1,Centre,130,00-02,15,17,32
2017,2,Districte II,4,la Torrassa,232,18-24,48,54,102
2017,3,Districte III,6,Santa Eulàlia,327,00-02,12,24,36
2017,3,Districte III,6,Santa Eulàlia,317,75 i +,47,24,71
2017,5,Districte V,10,Pubilla Cases,508,16-17,16,9,25
2017,5,Districte V,10,Pubilla Cases,508,25-34,118,107,225
2017,2,Districte II,4,la Torrassa,231,50-64,98,102,200
2017,3,Districte III,6,Santa Eulàlia,313,18-24,64,59,123
2017,2,Districte II,5,Collblanc,205,50-64,101,104,205
2017,4,Districte IV,7,la Florida,406,35-49,162,158,320
2017,1,Districte I,3,Sant Josep,114,75 i +,114,79,193
2017,5,Districte V,9,Can Serra,503,03-11,18,22,40
2017,3,Districte III,6,Santa Eulàlia,310,50-64,99,72,171
2017,2,Districte II,4,la Torrassa,243,12-15,20,33,53
2017,3,Districte III,6,Santa Eulàlia,324,00-02,20,10,30
2017,5,Districte V,9,Can Serra,521,25-34,45,38,83
2017,5,Districte V,10,Pubilla Cases,525,75 i +,78,36,114
2017,4,Districte IV,7,la Florida,425,35-49,135,143,278
2017,2,Districte II,4,la Torrassa,247,25-34,99,90,189
2017,3,Districte III,6,Santa Eulàlia,321,03-11,58,75,133
2017,3,Districte III,6,Santa Eulàlia,301,16-17,21,18,39
2017,4,Districte IV,7,la Florida,426,03-11,48,40,88
2017,3,Districte III,6,Santa Eulàlia,318,12-15,7,16,23
2017,5,Districte V,9,Can Serra,504,12-15,14,10,24
2017,2,Districte II,4,la Torrassa,237,75 i +,88,47,135
2017,4,Districte IV,8,les Planes,435,75 i +,66,25,91
2017,1,Districte I,1,Centre,128,12-15,16,15,31
2017,2,Districte II,4,la Torrassa,236,03-11,43,51,94
2017,3,Districte III,6,Santa Eulàlia,317,16-17,10,13,23
2017,3,Districte III,6,Santa Eulàlia,311,75 i +,94,62,156
2017,1,Districte I,1,Centre,109,65-74,81,66,147
2017,6,Districte VI,11,el Gornal,617,65-74,60,42,102
2017,2,Districte II,4,la Torrassa,246,25-34,98,93,191
2017,6,Districte VI,12,Bellvitge,610,18-24,31,42,73
2017,5,Districte V,10,Pubilla Cases,538,16-17,11,15,26
2017,6,Districte VI,12,Bellvitge,618,35-49,127,114,241
2017,1,Districte I,3,Sant Josep,137,00-02,19,23,42
2017,2,Districte II,5,Collblanc,212,16-17,15,16,31
2017,3,Districte III,6,Santa Eulàlia,308,65-74,122,103,225
2017,1,Districte I,1,Centre,107,03-11,67,64,131
2017,3,Districte III,6,Santa Eulàlia,327,50-64,163,129,292
2017,5,Districte V,9,Can Serra,521,18-24,20,24,44
2017,6,Districte VI,12,Bellvitge,624,75 i +,58,63,121
2017,4,Districte IV,7,la Florida,405,16-17,26,15,41
2017,2,Districte II,4,la Torrassa,248,16-17,7,11,18
2017,1,Districte I,3,Sant Josep,120,65-74,100,97,197
2017,6,Districte VI,12,Bellvitge,611,75 i +,112,97,209
2017,1,Districte I,1,Centre,110,65-74,120,93,213
2017,5,Districte V,9,Can Serra,535,03-11,33,31,64
2017,5,Districte V,10,Pubilla Cases,511,25-34,175,162,337
2017,3,Districte III,6,Santa Eulàlia,308,16-17,26,20,46
2017,4,Districte IV,8,les Planes,419,35-49,235,302,537
2017,3,Districte III,6,Santa Eulàlia,301,65-74,133,117,250
2017,6,Districte VI,12,Bellvitge,601,65-74,143,98,241
2017,2,Districte II,5,Collblanc,226,12-15,39,34,73
2017,4,Districte IV,8,les Planes,433,75 i +,65,39,104
2017,6,Districte VI,12,Bellvitge,621,18-24,44,48,92
2017,5,Districte V,10,Pubilla Cases,513,03-11,73,74,147
2017,4,Districte IV,7,la Florida,412,75 i +,117,85,202
2017,1,Districte I,3,Sant Josep,126,16-17,13,11,24
2017,3,Districte III,6,Santa Eulàlia,322,18-24,49,44,93
2017,4,Districte IV,7,la Florida,402,12-15,18,16,34
2017,1,Districte I,1,Centre,103,25-34,49,39,88
2017,3,Districte III,13,Granvia Sud,312,18-24,67,53,120
2017,5,Districte V,9,Can Serra,535,18-24,30,29,59
2017,5,Districte V,10,Pubilla Cases,534,00-02,18,24,42
2017,3,Districte III,6,Santa Eulàlia,324,12-15,27,21,48
2017,1,Districte I,3,Sant Josep,119,35-49,122,143,265
2017,2,Districte II,5,Collblanc,216,12-15,34,27,61
2017,5,Districte V,10,Pubilla Cases,537,25-34,99,95,194
2017,2,Districte II,4,la Torrassa,246,65-74,40,33,73
2017,4,Districte IV,8,les Planes,401,16-17,8,13,21
2017,5,Districte V,10,Pubilla Cases,528,25-34,72,66,138
2017,1,Districte I,3,Sant Josep,106,18-24,41,53,94
2017,3,Districte III,6,Santa Eulàlia,323,03-11,65,101,166
2017,3,Districte III,6,Santa Eulàlia,302,65-74,121,114,235
2017,1,Districte I,2,Sanfeliu,116,65-74,117,81,198
2017,1,Districte I,1,Centre,105,35-49,141,140,281
2017,4,Districte IV,7,la Florida,421,75 i +,90,73,163
2017,1,Districte I,3,Sant Josep,125,65-74,108,88,196
2017,1,Districte I,3,Sant Josep,126,12-15,22,16,38
2017,4,Districte IV,7,la Florida,430,00-02,20,13,33
2017,6,Districte VI,12,Bellvitge,615,75 i +,58,58,116
2017,1,Districte I,1,Centre,135,00-02,12,22,34
2017,2,Districte II,5,Collblanc,202,75 i +,79,65,144
2017,1,Districte I,1,Centre,133,75 i +,67,31,98
2017,3,Districte III,13,Granvia Sud,312,50-64,156,165,321
2017,5,Districte V,10,Pubilla Cases,508,00-02,18,19,37
2017,2,Districte II,5,Collblanc,205,16-17,8,13,21
2017,2,Districte II,5,Collblanc,213,65-74,55,34,89
2017,6,Districte VI,12,Bellvitge,615,50-64,50,45,95
2017,5,Districte V,9,Can Serra,505,25-34,55,54,109
2017,3,Districte III,6,Santa Eulàlia,321,65-74,180,162,342
2017,2,Districte II,4,la Torrassa,245,35-49,147,153,300
2017,4,Districte IV,7,la Florida,431,03-11,102,92,194
2017,4,Districte IV,7,la Florida,405,50-64,158,156,314
2017,3,Districte III,6,Santa Eulàlia,305,50-64,210,177,387
2017,5,Districte V,9,Can Serra,506,03-11,50,55,105
2017,4,Districte IV,7,la Florida,410,65-74,101,85,186
2017,6,Districte VI,12,Bellvitge,609,65-74,83,58,141
2017,5,Districte V,10,Pubilla Cases,537,16-17,14,9,23
2017,2,Districte II,4,la Torrassa,236,16-17,5,13,18
2017,6,Districte VI,12,Bellvitge,623,12-15,23,37,60
2017,3,Districte III,6,Santa Eulàlia,313,65-74,126,101,227
2017,5,Districte V,10,Pubilla Cases,514,35-49,188,186,374
2017,6,Districte VI,12,Bellvitge,614,03-11,37,48,85
2017,6,Districte VI,12,Bellvitge,613,16-17,11,13,24
2017,2,Districte II,4,la Torrassa,229,12-15,38,26,64
2017,2,Districte II,5,Collblanc,209,65-74,34,36,70
2017,4,Districte IV,7,la Florida,414,16-17,19,14,33
2017,1,Districte I,1,Centre,134,12-15,22,29,51
2017,1,Districte I,1,Centre,113,16-17,8,13,21
2017,5,Districte V,9,Can Serra,504,50-64,72,73,145
2017,6,Districte VI,12,Bellvitge,630,65-74,74,64,138
2017,1,Districte I,2,Sanfeliu,132,65-74,121,126,247
2017,3,Districte III,6,Santa Eulàlia,308,35-49,251,222,473
2017,2,Districte II,4,la Torrassa,231,00-02,25,21,46
2017,2,Districte II,4,la Torrassa,238,18-24,39,48,87
2017,2,Districte II,4,la Torrassa,228,75 i +,137,89,226
2017,1,Districte I,2,Sanfeliu,118,00-02,15,20,35
2017,2,Districte II,4,la Torrassa,249,00-02,16,13,29
2017,2,Districte II,5,Collblanc,223,00-02,22,14,36
2017,4,Districte IV,7,la Florida,405,75 i +,150,93,243
2017,2,Districte II,4,la Torrassa,242,00-02,19,17,36
2017,5,Districte V,9,Can Serra,507,25-34,52,59,111
2017,3,Districte III,6,Santa Eulàlia,315,03-11,84,79,163
2017,4,Districte IV,8,les Planes,420,65-74,89,70,159
2017,5,Districte V,10,Pubilla Cases,517,00-02,35,38,73
2017,1,Districte I,3,Sant Josep,127,03-11,37,32,69
2017,2,Districte II,4,la Torrassa,247,65-74,57,37,94
2017,2,Districte II,5,Collblanc,201,35-49,236,247,483
2017,1,Districte I,1,Centre,109,03-11,46,47,93
2017,2,Districte II,5,Collblanc,221,50-64,171,161,332
2017,4,Districte IV,7,la Florida,409,18-24,87,69,156
2017,1,Districte I,3,Sant Josep,106,35-49,180,207,387
2017,4,Districte IV,8,les Planes,436,75 i +,71,49,120
2017,3,Districte III,6,Santa Eulàlia,315,25-34,117,116,233
2017,2,Districte II,4,la Torrassa,217,50-64,130,143,273
2017,1,Districte I,3,Sant Josep,121,65-74,24,24,48
2017,6,Districte VI,12,Bellvitge,611,18-24,46,54,100
2017,1,Districte I,3,Sant Josep,127,35-49,95,89,184
2017,3,Districte III,6,Santa Eulàlia,324,50-64,75,81,156
2017,5,Districte V,10,Pubilla Cases,513,50-64,126,138,264
2017,5,Districte V,9,Can Serra,521,00-02,6,4,10
2017,5,Districte V,9,Can Serra,507,03-11,34,27,61
2017,2,Districte II,5,Collblanc,202,18-24,62,83,145
2017,6,Districte VI,11,el Gornal,632,16-17,13,6,19
2017,2,Districte II,5,Collblanc,221,00-02,28,31,59
2017,3,Districte III,13,Granvia Sud,320,12-15,38,36,74
2017,1,Districte I,3,Sant Josep,119,50-64,135,94,229
2017,1,Districte I,2,Sanfeliu,132,16-17,16,21,37
2017,4,Districte IV,7,la Florida,406,65-74,77,65,142
2017,2,Districte II,5,Collblanc,226,35-49,238,229,467
2017,5,Districte V,10,Pubilla Cases,538,75 i +,104,62,166
2017,3,Districte III,6,Santa Eulàlia,326,16-17,7,7,14
2017,1,Districte I,1,Centre,107,50-64,152,125,277
2017,3,Districte III,6,Santa Eulàlia,327,16-17,13,12,25
2017,6,Districte VI,12,Bellvitge,609,25-34,37,41,78
2017,1,Districte I,1,Centre,112,16-17,16,20,36
2017,4,Districte IV,7,la Florida,431,50-64,130,109,239
2017,3,Districte III,6,Santa Eulàlia,307,35-49,144,143,287
2017,1,Districte I,1,Centre,130,12-15,19,13,32
2017,6,Districte VI,11,el Gornal,608,75 i +,102,69,171
2017,1,Districte I,1,Centre,104,12-15,12,18,30
2017,1,Districte I,3,Sant Josep,121,03-11,32,53,85
2017,5,Districte V,9,Can Serra,504,00-02,9,18,27
2017,1,Districte I,1,Centre,104,16-17,8,10,18
2017,1,Districte I,3,Sant Josep,122,16-17,6,13,19
2017,5,Districte V,9,Can Serra,504,25-34,72,60,132
2017,2,Districte II,4,la Torrassa,228,18-24,100,87,187
2017,4,Districte IV,7,la Florida,410,18-24,58,73,131
2017,4,Districte IV,7,la Florida,412,16-17,9,13,22
2017,1,Districte I,1,Centre,130,03-11,56,45,101
2017,5,Districte V,10,Pubilla Cases,525,16-17,6,7,13
2017,1,Districte I,1,Centre,134,18-24,51,45,96
2017,1,Districte I,2,Sanfeliu,129,16-17,7,13,20
2017,5,Districte V,10,Pubilla Cases,531,00-02,7,12,19
2017,2,Districte II,5,Collblanc,221,65-74,83,69,152
2017,6,Districte VI,12,Bellvitge,627,16-17,7,2,9
2017,5,Districte V,10,Pubilla Cases,537,00-02,19,12,31
2017,5,Districte V,9,Can Serra,504,65-74,93,65,158
2017,2,Districte II,4,la Torrassa,238,75 i +,55,38,93
2017,4,Districte IV,8,les Planes,433,65-74,70,60,130
2017,3,Districte III,6,Santa Eulàlia,316,65-74,167,159,326
2017,6,Districte VI,12,Bellvitge,625,25-34,55,64,119
2017,3,Districte III,6,Santa Eulàlia,319,75 i +,43,37,80
2017,6,Districte VI,11,el Gornal,626,75 i +,69,45,114
2017,2,Districte II,5,Collblanc,216,00-02,20,13,33
2017,1,Districte I,1,Centre,113,12-15,20,37,57
2017,4,Districte IV,8,les Planes,401,18-24,59,59,118
2017,3,Districte III,6,Santa Eulàlia,323,18-24,75,54,129
2017,2,Districte II,4,la Torrassa,246,18-24,48,44,92
2017,3,Districte III,6,Santa Eulàlia,309,12-15,19,32,51
2017,2,Districte II,4,la Torrassa,229,65-74,52,32,84
2017,4,Districte IV,7,la Florida,403,75 i +,101,82,183
2017,2,Districte II,4,la Torrassa,228,00-02,33,29,62
2017,3,Districte III,6,Santa Eulàlia,308,25-34,97,98,195
2017,5,Districte V,10,Pubilla Cases,524,25-34,118,103,221
2017,5,Districte V,10,Pubilla Cases,528,12-15,23,21,44
2017,3,Districte III,6,Santa Eulàlia,316,25-34,156,154,310
2017,1,Districte I,3,Sant Josep,125,18-24,43,56,99
2017,4,Districte IV,7,la Florida,430,25-34,80,87,167
2017,1,Districte I,3,Sant Josep,122,18-24,27,22,49
2017,1,Districte I,1,Centre,133,00-02,9,11,20
2017,4,Districte IV,7,la Florida,409,12-15,29,36,65
2017,1,Districte I,2,Sanfeliu,116,50-64,146,124,270
2017,2,Districte II,5,Collblanc,213,16-17,4,12,16
2017,6,Districte VI,12,Bellvitge,605,25-34,89,78,167
2017,2,Districte II,4,la Torrassa,249,03-11,33,42,75
2017,2,Districte II,4,la Torrassa,211,35-49,195,196,391
2017,3,Districte III,6,Santa Eulàlia,311,12-15,32,27,59
2017,4,Districte IV,7,la Florida,412,12-15,32,24,56
2017,4,Districte IV,7,la Florida,427,03-11,84,117,201
2017,4,Districte IV,7,la Florida,402,50-64,88,74,162
2017,1,Districte I,1,Centre,124,03-11,40,39,79
2017,3,Districte III,13,Granvia Sud,320,03-11,68,71,139
2017,6,Districte VI,12,Bellvitge,610,16-17,11,19,30
2017,2,Districte II,4,la Torrassa,249,12-15,15,16,31
2017,2,Districte II,5,Collblanc,213,18-24,31,41,72
2017,4,Districte IV,7,la Florida,416,16-17,18,19,37
2017,1,Districte I,2,Sanfeliu,116,16-17,12,13,25
2017,1,Districte I,3,Sant Josep,121,12-15,16,10,26
2017,2,Districte II,5,Collblanc,210,65-74,60,48,108
2017,6,Districte VI,12,Bellvitge,601,25-34,107,115,222
2017,1,Districte I,1,Centre,123,65-74,66,57,123
2017,5,Districte V,10,Pubilla Cases,520,65-74,43,41,84
2017,1,Districte I,1,Centre,131,18-24,41,32,73
2017,2,Districte II,4,la Torrassa,211,75 i +,74,37,111
2017,6,Districte VI,11,el Gornal,617,75 i +,70,42,112
2017,3,Districte III,13,Granvia Sud,320,18-24,49,42,91
2017,5,Districte V,9,Can Serra,501,12-15,17,23,40
2017,5,Districte V,10,Pubilla Cases,523,12-15,26,19,45
2017,3,Districte III,6,Santa Eulàlia,322,16-17,14,19,33
2017,4,Districte IV,7,la Florida,402,25-34,74,53,127
2017,3,Districte III,6,Santa Eulàlia,319,16-17,14,15,29
2017,2,Districte II,4,la Torrassa,243,65-74,57,49,106
2017,2,Districte II,4,la Torrassa,245,03-11,51,57,108
2017,5,Districte V,10,Pubilla Cases,525,65-74,38,36,74
2017,4,Districte IV,8,les Planes,418,75 i +,87,67,154
2017,1,Districte I,1,Centre,112,65-74,100,88,188
2017,2,Districte II,4,la Torrassa,237,50-64,133,110,243
2017,2,Districte II,4,la Torrassa,247,75 i +,75,46,121
2017,3,Districte III,6,Santa Eulàlia,308,75 i +,105,91,196
2017,4,Districte IV,8,les Planes,437,25-34,95,121,216
2017,3,Districte III,6,Santa Eulàlia,322,50-64,119,95,214
2017,1,Districte I,1,Centre,108,03-11,65,64,129
2017,1,Districte I,1,Centre,113,50-64,198,154,352
2017,4,Districte IV,7,la Florida,412,65-74,112,92,204
2017,4,Districte IV,8,les Planes,433,12-15,30,35,65
2017,3,Districte III,6,Santa Eulàlia,306,03-11,64,60,124
2017,6,Districte VI,12,Bellvitge,613,03-11,35,49,84
2017,1,Districte I,3,Sant Josep,138,18-24,27,19,46
2017,3,Districte III,6,Santa Eulàlia,307,18-24,32,38,70
2017,1,Districte I,1,Centre,131,00-02,12,18,30
2017,4,Districte IV,7,la Florida,432,12-15,18,16,34
2017,4,Districte IV,7,la Florida,425,12-15,17,20,37
2017,1,Districte I,3,Sant Josep,136,03-11,55,54,109
2017,5,Districte V,9,Can Serra,506,00-02,16,19,35
2017,5,Districte V,9,Can Serra,506,12-15,26,35,61
2017,3,Districte III,6,Santa Eulàlia,324,35-49,162,185,347
2017,2,Districte II,5,Collblanc,210,25-34,42,47,89
2017,1,Districte I,3,Sant Josep,136,18-24,45,40,85
2017,6,Districte VI,12,Bellvitge,612,65-74,85,58,143
2017,2,Districte II,5,Collblanc,214,16-17,18,22,40
2017,2,Districte II,4,la Torrassa,234,50-64,89,84,173
2017,2,Districte II,4,la Torrassa,233,16-17,3,16,19
2017,5,Districte V,9,Can Serra,505,18-24,26,18,44
2017,4,Districte IV,8,les Planes,440,75 i +,84,72,156
2017,3,Districte III,6,Santa Eulàlia,309,25-34,83,74,157
2017,5,Districte V,10,Pubilla Cases,526,00-02,30,24,54
2017,1,Districte I,1,Centre,123,35-49,152,136,288
2017,5,Districte V,10,Pubilla Cases,537,75 i +,88,63,151
2017,5,Districte V,10,Pubilla Cases,514,50-64,121,125,246
2017,4,Districte IV,7,la Florida,411,75 i +,97,77,174
2017,3,Districte III,6,Santa Eulàlia,316,75 i +,85,55,140
2017,6,Districte VI,12,Bellvitge,615,00-02,13,5,18
2017,6,Districte VI,12,Bellvitge,630,03-11,22,43,65
2017,2,Districte II,5,Collblanc,205,35-49,111,107,218
2017,4,Districte IV,7,la Florida,403,03-11,52,54,106
2017,4,Districte IV,8,les Planes,419,12-15,31,42,73
2017,6,Districte VI,12,Bellvitge,631,75 i +,75,52,127
2017,3,Districte III,13,Granvia Sud,312,65-74,131,73,204
2017,2,Districte II,4,la Torrassa,211,03-11,60,69,129
2017,1,Districte I,3,Sant Josep,126,00-02,14,15,29
2017,5,Districte V,10,Pubilla Cases,513,12-15,20,30,50
2017,6,Districte VI,12,Bellvitge,631,50-64,74,76,150
2017,2,Districte II,4,la Torrassa,238,16-17,5,4,9
2017,6,Districte VI,11,el Gornal,632,18-24,39,34,73
2017,2,Districte II,5,Collblanc,220,65-74,64,34,98
2017,3,Districte III,6,Santa Eulàlia,306,00-02,22,34,56
2017,5,Districte V,9,Can Serra,535,65-74,101,71,172
2017,6,Districte VI,11,el Gornal,622,03-11,33,33,66
2017,1,Districte I,3,Sant Josep,114,35-49,183,199,382
2017,2,Districte II,4,la Torrassa,239,03-11,41,34,75
2017,4,Districte IV,8,les Planes,418,35-49,152,191,343
2017,1,Districte I,1,Centre,105,25-34,61,76,137
2017,1,Districte I,1,Centre,107,75 i +,115,66,181
2017,3,Districte III,13,Granvia Sud,312,35-49,233,257,490
2017,1,Districte I,3,Sant Josep,114,18-24,53,45,98
2017,2,Districte II,5,Collblanc,202,25-34,147,170,317
2017,6,Districte VI,11,el Gornal,608,18-24,33,33,66
2017,2,Districte II,5,Collblanc,208,16-17,7,15,22
2017,1,Districte I,1,Centre,130,50-64,93,95,188
2017,4,Districte IV,7,la Florida,410,35-49,188,158,346
2017,2,Districte II,4,la Torrassa,248,12-15,24,14,38
2017,2,Districte II,4,la Torrassa,217,16-17,5,12,17
2017,3,Districte III,6,Santa Eulàlia,317,65-74,28,31,59
2017,2,Districte II,5,Collblanc,226,00-02,31,28,59
2017,1,Districte I,3,Sant Josep,125,12-15,31,29,60
2017,2,Districte II,4,la Torrassa,233,35-49,133,143,276
2017,6,Districte VI,12,Bellvitge,625,03-11,28,32,60
2017,4,Districte IV,7,la Florida,402,75 i +,59,42,101
2017,4,Districte IV,7,la Florida,423,16-17,9,11,20
2017,6,Districte VI,12,Bellvitge,624,18-24,25,31,56
2017,6,Districte VI,12,Bellvitge,625,16-17,9,14,23
2017,6,Districte VI,12,Bellvitge,612,12-15,15,19,34
2017,2,Districte II,4,la Torrassa,232,00-02,19,19,38
2017,5,Districte V,10,Pubilla Cases,529,65-74,46,33,79
2017,4,Districte IV,8,les Planes,435,50-64,84,97,181
2017,6,Districte VI,12,Bellvitge,623,65-74,138,104,242
2017,1,Districte I,3,Sant Josep,122,75 i +,74,63,137
2017,4,Districte IV,7,la Florida,407,03-11,48,40,88
2017,3,Districte III,6,Santa Eulàlia,315,18-24,64,61,125
2017,2,Districte II,5,Collblanc,216,35-49,154,154,308
2017,5,Districte V,10,Pubilla Cases,526,75 i +,92,60,152
2017,4,Districte IV,7,la Florida,407,35-49,122,148,270
2017,5,Districte V,10,Pubilla Cases,518,16-17,8,12,20
2017,2,Districte II,5,Collblanc,202,16-17,21,15,36
2017,1,Districte I,2,Sanfeliu,129,25-34,56,67,123
2017,3,Districte III,6,Santa Eulàlia,320,18-24,4,4,8
2017,1,Districte I,1,Centre,108,35-49,162,175,337
2017,4,Districte IV,7,la Florida,411,12-15,19,18,37
2017,5,Districte V,10,Pubilla Cases,517,03-11,102,100,202
2017,1,Districte I,3,Sant Josep,119,65-74,123,110,233
2017,1,Districte I,2,Sanfeliu,116,25-34,64,68,132
2017,3,Districte III,6,Santa Eulàlia,325,25-34,83,78,161
2017,3,Districte III,6,Santa Eulàlia,326,18-24,22,23,45
2017,5,Districte V,10,Pubilla Cases,538,35-49,168,168,336
2017,2,Districte II,4,la Torrassa,239,25-34,84,102,186
2017,2,Districte II,5,Collblanc,223,50-64,117,104,221
2017,6,Districte VI,12,Bellvitge,602,75 i +,86,93,179
2017,3,Districte III,6,Santa Eulàlia,321,35-49,231,204,435
2017,1,Districte I,3,Sant Josep,140,12-15,11,22,33
2017,4,Districte IV,7,la Florida,410,50-64,157,145,302
2017,3,Districte III,6,Santa Eulàlia,323,75 i +,68,38,106
2017,6,Districte VI,11,el Gornal,608,50-64,145,119,264
2017,3,Districte III,6,Santa Eulàlia,306,16-17,20,19,39
2017,4,Districte IV,7,la Florida,411,03-11,32,28,60
2017,1,Districte I,1,Centre,128,18-24,28,22,50
2017,1,Districte I,2,Sanfeliu,132,35-49,216,259,475
2017,1,Districte I,3,Sant Josep,136,25-34,72,62,134
2017,3,Districte III,6,Santa Eulàlia,302,75 i +,72,48,120
2017,4,Districte IV,7,la Florida,414,12-15,23,28,51
2017,4,Districte IV,7,la Florida,430,03-11,56,58,114
2017,3,Districte III,6,Santa Eulàlia,321,50-64,280,239,519
2017,1,Districte I,1,Centre,130,18-24,30,29,59
2017,4,Districte IV,8,les Planes,419,03-11,74,118,192
2017,3,Districte III,6,Santa Eulàlia,310,65-74,54,59,113
2017,6,Districte VI,11,el Gornal,626,35-49,106,96,202
2017,6,Districte VI,12,Bellvitge,607,12-15,20,11,31
2017,1,Districte I,1,Centre,131,75 i +,80,55,135
2017,4,Districte IV,7,la Florida,402,18-24,43,26,69
2017,2,Districte II,4,la Torrassa,217,25-34,96,121,217
2017,6,Districte VI,12,Bellvitge,631,25-34,52,46,98
2017,1,Districte I,1,Centre,135,16-17,14,14,28
2017,3,Districte III,6,Santa Eulàlia,317,50-64,84,74,158
2017,1,Districte I,3,Sant Josep,138,50-64,90,73,163
2017,1,Districte I,1,Centre,135,03-11,45,56,101
2017,5,Districte V,10,Pubilla Cases,538,50-64,126,114,240
2017,3,Districte III,6,Santa Eulàlia,309,50-64,105,86,191
2017,5,Districte V,10,Pubilla Cases,523,00-02,18,24,42
2017,5,Districte V,9,Can Serra,521,75 i +,78,60,138
2017,6,Districte VI,12,Bellvitge,614,75 i +,81,54,135
2017,6,Districte VI,12,Bellvitge,602,25-34,59,62,121
2017,3,Districte III,6,Santa Eulàlia,314,75 i +,89,59,148
2017,6,Districte VI,11,el Gornal,632,03-11,35,51,86
2017,5,Districte V,9,Can Serra,535,00-02,8,4,12
2017,4,Districte IV,7,la Florida,426,00-02,19,16,35
2017,3,Districte III,6,Santa Eulàlia,311,16-17,10,20,30
2017,2,Districte II,5,Collblanc,212,12-15,22,27,49
2017,2,Districte II,5,Collblanc,207,00-02,26,24,50
2017,3,Districte III,6,Santa Eulàlia,322,00-02,16,25,41
2017,1,Districte I,1,Centre,135,18-24,48,38,86
2017,3,Districte III,6,Santa Eulàlia,326,03-11,80,77,157
2017,1,Districte I,3,Sant Josep,121,16-17,5,10,15
2017,1,Districte I,3,Sant Josep,137,50-64,163,142,305
2017,1,Districte I,3,Sant Josep,117,75 i +,97,58,155
2017,2,Districte II,4,la Torrassa,243,25-34,127,130,257
2017,5,Districte V,10,Pubilla Cases,520,50-64,84,69,153
2017,2,Districte II,5,Collblanc,214,03-11,96,101,197
2017,4,Districte IV,7,la Florida,430,18-24,42,62,104
2017,5,Districte V,9,Can Serra,503,12-15,4,7,11
2017,2,Districte II,5,Collblanc,221,03-11,90,90,180
2017,5,Districte V,10,Pubilla Cases,529,00-02,18,21,39
2017,1,Districte I,3,Sant Josep,122,65-74,47,26,73
2017,2,Districte II,4,la Torrassa,236,65-74,57,35,92
2017,1,Districte I,1,Centre,107,18-24,43,54,97
2017,3,Districte III,6,Santa Eulàlia,315,16-17,9,15,24
2017,2,Districte II,4,la Torrassa,249,50-64,99,91,190
2017,4,Districte IV,7,la Florida,407,50-64,94,72,166
2017,4,Districte IV,8,les Planes,436,03-11,72,58,130
2017,3,Districte III,6,Santa Eulàlia,319,12-15,39,37,76
2017,1,Districte I,3,Sant Josep,120,16-17,13,22,35
2017,4,Districte IV,8,les Planes,436,12-15,31,35,66
2017,1,Districte I,3,Sant Josep,115,35-49,160,155,315
2017,5,Districte V,10,Pubilla Cases,532,00-02,20,21,41
2017,5,Districte V,10,Pubilla Cases,525,12-15,20,16,36
2017,3,Districte III,6,Santa Eulàlia,317,35-49,141,185,326
2017,3,Districte III,6,Santa Eulàlia,306,25-34,114,119,233
2017,6,Districte VI,11,el Gornal,617,25-34,54,48,102
2017,5,Districte V,10,Pubilla Cases,538,18-24,44,52,96
2017,6,Districte VI,12,Bellvitge,612,50-64,71,71,142
2017,3,Districte III,6,Santa Eulàlia,325,03-11,64,62,126
2017,5,Districte V,10,Pubilla Cases,529,25-34,104,82,186
2017,2,Districte II,4,la Torrassa,238,03-11,48,42,90
2017,3,Districte III,6,Santa Eulàlia,323,50-64,201,169,370
2017,5,Districte V,9,Can Serra,521,03-11,41,32,73
2017,5,Districte V,10,Pubilla Cases,518,65-74,59,37,96
2017,3,Districte III,6,Santa Eulàlia,315,50-64,182,156,338
2017,2,Districte II,4,la Torrassa,231,12-15,19,29,48
2017,4,Districte IV,8,les Planes,419,25-34,151,161,312
2017,4,Districte IV,7,la Florida,409,75 i +,122,80,202
2017,2,Districte II,4,la Torrassa,233,65-74,32,20,52
2017,1,Districte I,3,Sant Josep,138,65-74,59,51,110
2017,4,Districte IV,7,la Florida,431,35-49,197,232,429
2017,4,Districte IV,7,la Florida,406,16-17,11,13,24
2017,6,Districte VI,12,Bellvitge,631,00-02,4,14,18
2017,1,Districte I,2,Sanfeliu,118,25-34,89,69,158
2017,4,Districte IV,8,les Planes,419,50-64,155,158,313
2017,2,Districte II,4,la Torrassa,232,12-15,8,17,25
2017,4,Districte IV,8,les Planes,420,50-64,206,181,387
2017,3,Districte III,6,Santa Eulàlia,320,12-15,3,3,6
2017,2,Districte II,5,Collblanc,220,03-11,77,72,149
2017,4,Districte IV,8,les Planes,441,18-24,99,58,157
2017,5,Districte V,10,Pubilla Cases,531,12-15,19,12,31
2017,4,Districte IV,8,les Planes,437,50-64,152,147,299
2017,3,Districte III,6,Santa Eulàlia,306,18-24,68,56,124
2017,1,Districte I,3,Sant Josep,140,00-02,11,15,26
2017,5,Districte V,9,Can Serra,501,16-17,12,11,23
2017,3,Districte III,6,Santa Eulàlia,325,00-02,11,23,34
2017,6,Districte VI,12,Bellvitge,631,65-74,114,84,198
2017,2,Districte II,5,Collblanc,213,50-64,97,81,178
2017,4,Districte IV,8,les Planes,435,35-49,129,180,309
2017,4,Districte IV,7,la Florida,402,03-11,43,49,92
2017,1,Districte I,3,Sant Josep,106,25-34,99,106,205
2017,6,Districte VI,11,el Gornal,622,00-02,6,7,13
2017,4,Districte IV,7,la Florida,427,35-49,231,230,461
2017,2,Districte II,4,la Torrassa,245,25-34,102,89,191
2017,3,Districte III,6,Santa Eulàlia,305,00-02,22,18,40
2017,2,Districte II,4,la Torrassa,217,03-11,58,58,116
2017,2,Districte II,5,Collblanc,212,00-02,20,24,44
2017,4,Districte IV,7,la Florida,414,50-64,165,145,310
2017,6,Districte VI,12,Bellvitge,624,12-15,18,21,39
2017,2,Districte II,5,Collblanc,204,18-24,76,71,147
2017,4,Districte IV,7,la Florida,407,00-02,14,19,33
2017,5,Districte V,9,Can Serra,501,25-34,40,40,80
2017,5,Districte V,9,Can Serra,505,50-64,91,93,184
2017,2,Districte II,4,la Torrassa,229,50-64,170,149,319
2017,6,Districte VI,12,Bellvitge,619,65-74,93,72,165
2017,2,Districte II,4,la Torrassa,233,00-02,12,11,23
2017,2,Districte II,4,la Torrassa,246,75 i +,66,51,117
2017,2,Districte II,5,Collblanc,201,18-24,30,50,80
2017,1,Districte I,1,Centre,134,65-74,71,64,135
2017,1,Districte I,3,Sant Josep,115,65-74,80,72,152
2017,3,Districte III,6,Santa Eulàlia,322,25-34,98,96,194
2017,4,Districte IV,7,la Florida,430,35-49,147,180,327
2017,1,Districte I,3,Sant Josep,115,03-11,57,55,112
2017,3,Districte III,6,Santa Eulàlia,310,35-49,97,118,215
2017,4,Districte IV,7,la Florida,430,16-17,9,11,20
2017,2,Districte II,4,la Torrassa,240,16-17,14,12,26
2017,3,Districte III,6,Santa Eulàlia,322,12-15,23,28,51
2017,4,Districte IV,8,les Planes,419,18-24,77,90,167
2017,5,Districte V,10,Pubilla Cases,534,35-49,126,122,248
2017,1,Districte I,3,Sant Josep,126,65-74,90,67,157
2017,4,Districte IV,7,la Florida,422,12-15,14,28,42
2017,5,Districte V,9,Can Serra,502,65-74,92,85,177
2017,3,Districte III,6,Santa Eulàlia,304,00-02,81,93,174
2017,2,Districte II,4,la Torrassa,211,50-64,127,96,223
2017,6,Districte VI,12,Bellvitge,621,25-34,74,76,150
2017,1,Districte I,2,Sanfeliu,132,18-24,52,64,116
2017,1,Districte I,2,Sanfeliu,129,00-02,10,14,24
2017,4,Districte IV,8,les Planes,401,12-15,21,21,42
2017,6,Districte VI,12,Bellvitge,630,25-34,53,42,95
2017,2,Districte II,4,la Torrassa,231,25-34,104,91,195
2017,5,Districte V,10,Pubilla Cases,529,03-11,53,62,115
2017,3,Districte III,6,Santa Eulàlia,310,16-17,6,8,14
2017,2,Districte II,4,la Torrassa,239,18-24,39,40,79
2017,1,Districte I,3,Sant Josep,114,00-02,19,11,30
2017,4,Districte IV,8,les Planes,436,35-49,204,218,422
2017,2,Districte II,4,la Torrassa,240,03-11,87,61,148
2017,5,Districte V,10,Pubilla Cases,530,50-64,144,131,275
2017,4,Districte IV,7,la Florida,430,75 i +,55,35,90
2017,5,Districte V,9,Can Serra,506,75 i +,113,94,207
2017,1,Districte I,1,Centre,134,50-64,151,121,272
2017,3,Districte III,6,Santa Eulàlia,301,12-15,66,60,126
2017,5,Districte V,9,Can Serra,505,00-02,8,17,25
2017,3,Districte III,6,Santa Eulàlia,302,03-11,53,48,101
2017,6,Districte VI,12,Bellvitge,607,50-64,98,88,186
2017,1,Districte I,1,Centre,128,00-02,17,22,39
2017,1,Districte I,1,Centre,133,50-64,80,79,159
2017,1,Districte I,3,Sant Josep,117,03-11,65,67,132
2017,5,Districte V,10,Pubilla Cases,534,50-64,83,74,157
2017,2,Districte II,5,Collblanc,209,25-34,75,80,155
2017,4,Districte IV,8,les Planes,401,75 i +,94,53,147
2017,5,Districte V,9,Can Serra,521,65-74,111,99,210
2017,4,Districte IV,7,la Florida,427,50-64,139,135,274
2017,1,Districte I,1,Centre,123,16-17,10,6,16
2017,5,Districte V,10,Pubilla Cases,525,25-34,68,56,124
2017,2,Districte II,5,Collblanc,220,16-17,11,8,19
2017,6,Districte VI,12,Bellvitge,611,25-34,105,104,209
2017,2,Districte II,4,la Torrassa,238,35-49,135,111,246
2017,5,Districte V,10,Pubilla Cases,513,16-17,14,14,28
2017,2,Districte II,5,Collblanc,224,18-24,39,46,85
2017,5,Districte V,10,Pubilla Cases,520,75 i +,63,37,100
2017,6,Districte VI,12,Bellvitge,610,03-11,42,40,82
2017,1,Districte I,3,Sant Josep,125,16-17,12,14,26
2017,2,Districte II,4,la Torrassa,228,03-11,102,107,209
2017,1,Districte I,1,Centre,128,16-17,9,6,15
2017,1,Districte I,3,Sant Josep,139,00-02,8,12,20
2017,4,Districte IV,7,la Florida,412,18-24,62,63,125
2017,2,Districte II,4,la Torrassa,231,35-49,183,182,365
2017,3,Districte III,6,Santa Eulàlia,322,35-49,184,187,371
2017,4,Districte IV,8,les Planes,433,50-64,173,158,331
2017,5,Districte V,10,Pubilla Cases,520,18-24,27,33,60
2017,2,Districte II,4,la Torrassa,240,35-49,229,208,437
2017,2,Districte II,5,Collblanc,223,12-15,24,24,48
2017,5,Districte V,10,Pubilla Cases,517,65-74,77,56,133
2017,5,Districte V,9,Can Serra,506,16-17,17,24,41
2017,4,Districte IV,7,la Florida,405,12-15,26,29,55
2017,4,Districte IV,7,la Florida,421,50-64,107,94,201
2017,1,Districte I,3,Sant Josep,117,18-24,66,59,125
2017,1,Districte I,3,Sant Josep,139,35-49,106,120,226
2017,2,Districte II,4,la Torrassa,237,16-17,13,13,26
2017,4,Districte IV,7,la Florida,404,00-02,12,22,34
2017,1,Districte I,1,Centre,124,18-24,27,22,49
2017,2,Districte II,4,la Torrassa,245,12-15,15,33,48
2017,1,Districte I,2,Sanfeliu,118,12-15,33,24,57
2017,2,Districte II,5,Collblanc,223,25-34,97,108,205
2017,2,Districte II,5,Collblanc,216,03-11,57,66,123
2017,2,Districte II,5,Collblanc,216,50-64,116,102,218
2017,5,Districte V,10,Pubilla Cases,508,12-15,27,27,54
2017,3,Districte III,6,Santa Eulàlia,303,12-15,25,25,50
2017,4,Districte IV,8,les Planes,435,25-34,105,101,206
2017,3,Districte III,6,Santa Eulàlia,319,50-64,153,141,294
2017,2,Districte II,5,Collblanc,205,12-15,22,21,43
2017,4,Districte IV,7,la Florida,426,50-64,81,85,166
2017,4,Districte IV,7,la Florida,426,25-34,105,85,190
2017,6,Districte VI,12,Bellvitge,602,12-15,20,25,45
2017,4,Districte IV,8,les Planes,436,16-17,24,19,43
2017,2,Districte II,4,la Torrassa,242,16-17,11,9,20
2017,3,Districte III,6,Santa Eulàlia,327,25-34,88,84,172
2017,6,Districte VI,12,Bellvitge,601,35-49,198,275,473
2017,3,Districte III,6,Santa Eulàlia,311,18-24,55,48,103
2017,2,Districte II,4,la Torrassa,249,25-34,72,92,164
2017,6,Districte VI,12,Bellvitge,607,25-34,59,69,128
2017,3,Districte III,6,Santa Eulàlia,304,25-34,289,252,541
2017,6,Districte VI,11,el Gornal,632,25-34,43,53,96
2017,3,Districte III,6,Santa Eulàlia,301,00-02,44,48,92
2017,2,Districte II,4,la Torrassa,248,03-11,59,66,125
2017,1,Districte I,3,Sant Josep,120,18-24,69,59,128
2017,5,Districte V,9,Can Serra,535,16-17,5,13,18
2017,2,Districte II,5,Collblanc,208,12-15,23,28,51
2017,2,Districte II,4,la Torrassa,233,75 i +,60,31,91
2017,4,Districte IV,7,la Florida,414,75 i +,89,62,151
2017,4,Districte IV,7,la Florida,406,50-64,129,124,253
2017,6,Districte VI,12,Bellvitge,607,00-02,10,9,19
2017,2,Districte II,5,Collblanc,226,03-11,83,87,170
2017,3,Districte III,6,Santa Eulàlia,321,16-17,14,21,35
2017,5,Districte V,10,Pubilla Cases,526,18-24,88,79,167
2017,6,Districte VI,11,el Gornal,608,16-17,9,11,20
2017,2,Districte II,5,Collblanc,214,18-24,114,95,209
2017,2,Districte II,5,Collblanc,205,75 i +,73,51,124
2017,6,Districte VI,12,Bellvitge,623,75 i +,82,62,144
2017,5,Districte V,10,Pubilla Cases,510,65-74,59,47,106
2017,2,Districte II,5,Collblanc,220,35-49,245,208,453
2017,5,Districte V,10,Pubilla Cases,508,65-74,58,36,94
2017,4,Districte IV,7,la Florida,406,00-02,20,14,34
2017,2,Districte II,5,Collblanc,205,25-34,79,69,148
2017,1,Districte I,1,Centre,111,18-24,22,25,47
2017,5,Districte V,10,Pubilla Cases,534,25-34,89,64,153
2017,3,Districte III,6,Santa Eulàlia,303,03-11,70,59,129
2017,5,Districte V,9,Can Serra,501,50-64,107,84,191
2017,2,Districte II,5,Collblanc,210,00-02,7,7,14
2017,4,Districte IV,7,la Florida,409,00-02,26,29,55
2017,1,Districte I,3,Sant Josep,117,50-64,241,212,453
2017,3,Districte III,6,Santa Eulàlia,306,12-15,29,30,59
2017,6,Districte VI,12,Bellvitge,613,65-74,123,60,183
2017,1,Districte I,1,Centre,130,65-74,41,29,70
2017,2,Districte II,4,la Torrassa,233,50-64,88,77,165
2017,1,Districte I,1,Centre,101,00-02,70,51,121
2017,3,Districte III,6,Santa Eulàlia,318,18-24,23,29,52
2017,3,Districte III,6,Santa Eulàlia,310,25-34,70,62,132
2017,6,Districte VI,12,Bellvitge,610,35-49,141,108,249
2017,4,Districte IV,8,les Planes,401,50-64,137,116,253
2017,6,Districte VI,12,Bellvitge,624,65-74,120,88,208
2017,2,Districte II,4,la Torrassa,231,65-74,40,27,67
2017,1,Districte I,1,Centre,105,00-02,10,17,27
2017,1,Districte I,1,Centre,107,00-02,24,13,37
2017,2,Districte II,5,Collblanc,207,65-74,84,66,150
2017,6,Districte VI,12,Bellvitge,607,35-49,103,121,224
2017,6,Districte VI,11,el Gornal,626,12-15,15,16,31
2017,5,Districte V,10,Pubilla Cases,510,12-15,19,16,35
2017,3,Districte III,6,Santa Eulàlia,309,35-49,168,173,341
2017,1,Districte I,1,Centre,105,12-15,28,23,51
2017,6,Districte VI,12,Bellvitge,624,00-02,15,7,22
2017,4,Districte IV,7,la Florida,404,65-74,65,49,114
2017,5,Districte V,10,Pubilla Cases,533,03-11,99,90,189
2017,2,Districte II,5,Collblanc,220,75 i +,102,50,152
2017,2,Districte II,4,la Torrassa,242,75 i +,73,59,132
2017,5,Districte V,9,Can Serra,507,12-15,16,19,35
2017,3,Districte III,6,Santa Eulàlia,318,25-34,40,47,87
2017,1,Districte I,1,Centre,102,16-17,20,17,37
2017,1,Districte I,1,Centre,134,03-11,59,58,117
2017,4,Districte IV,8,les Planes,435,03-11,53,77,130
2017,5,Districte V,10,Pubilla Cases,513,25-34,96,114,210
2017,2,Districte II,4,la Torrassa,239,35-49,142,156,298
2017,1,Districte I,3,Sant Josep,120,25-34,100,112,212
2017,3,Districte III,6,Santa Eulàlia,323,25-34,91,107,198
2017,6,Districte VI,12,Bellvitge,625,50-64,163,128,291
2017,1,Districte I,2,Sanfeliu,132,12-15,36,27,63
2017,6,Districte VI,12,Bellvitge,623,00-02,10,15,25
2017,1,Districte I,1,Centre,134,16-17,18,14,32
2017,2,Districte II,5,Collblanc,220,18-24,69,78,147
2017,2,Districte II,5,Collblanc,202,65-74,70,46,116
2017,5,Districte V,10,Pubilla Cases,523,03-11,58,55,113
2017,5,Districte V,10,Pubilla Cases,530,75 i +,88,75,163
2017,5,Districte V,10,Pubilla Cases,523,25-34,85,97,182
2017,5,Districte V,10,Pubilla Cases,532,75 i +,102,68,170
2017,3,Districte III,6,Santa Eulàlia,306,50-64,149,154,303
2017,4,Districte IV,8,les Planes,401,65-74,53,47,100
2017,6,Districte VI,12,Bellvitge,615,12-15,16,12,28
2017,3,Districte III,13,Granvia Sud,312,25-34,156,155,311
2017,1,Districte I,1,Centre,133,35-49,102,118,220
2017,4,Districte IV,7,la Florida,411,50-64,99,73,172
2017,3,Districte III,6,Santa Eulàlia,311,03-11,49,76,125
2017,3,Districte III,6,Santa Eulàlia,318,16-17,8,8,16
2017,5,Districte V,10,Pubilla Cases,526,16-17,10,22,32
2017,3,Districte III,6,Santa Eulàlia,320,50-64,17,16,33
2017,4,Districte IV,7,la Florida,411,35-49,93,102,195
2017,4,Districte IV,7,la Florida,411,16-17,7,9,16
2017,5,Districte V,10,Pubilla Cases,532,65-74,78,51,129
2017,1,Districte I,2,Sanfeliu,118,18-24,66,54,120
2017,4,Districte IV,7,la Florida,427,12-15,28,26,54
2017,4,Districte IV,8,les Planes,435,12-15,23,19,42
2017,6,Districte VI,12,Bellvitge,605,75 i +,125,125,250
2017,3,Districte III,6,Santa Eulàlia,313,25-34,111,113,224
2017,2,Districte II,4,la Torrassa,247,03-11,78,79,157
2017,6,Districte VI,12,Bellvitge,610,25-34,46,55,101
2017,3,Districte III,6,Santa Eulàlia,301,50-64,234,225,459
2017,1,Districte I,3,Sant Josep,115,12-15,16,18,34
2017,1,Districte I,3,Sant Josep,125,50-64,135,135,270
2017,5,Districte V,9,Can Serra,506,50-64,182,149,331
2017,2,Districte II,4,la Torrassa,240,00-02,25,19,44
2017,2,Districte II,5,Collblanc,209,50-64,109,85,194
2017,3,Districte III,6,Santa Eulàlia,306,75 i +,97,59,156
2017,4,Districte IV,8,les Planes,418,00-02,12,17,29
2017,5,Districte V,10,Pubilla Cases,511,35-49,267,306,573
2017,6,Districte VI,12,Bellvitge,614,35-49,109,106,215
2017,1,Districte I,3,Sant Josep,137,65-74,94,77,171
2017,3,Districte III,6,Santa Eulàlia,322,03-11,63,62,125
2017,4,Districte IV,8,les Planes,433,03-11,106,111,217
2017,6,Districte VI,12,Bellvitge,619,12-15,19,18,37
2017,2,Districte II,4,la Torrassa,240,18-24,78,68,146
2017,4,Districte IV,8,les Planes,440,50-64,82,83,165
2017,3,Districte III,6,Santa Eulàlia,308,12-15,43,53,96
2017,2,Districte II,5,Collblanc,221,18-24,88,92,180
2017,2,Districte II,5,Collblanc,204,03-11,63,69,132
2017,3,Districte III,6,Santa Eulàlia,326,25-34,131,91,222
2017,2,Districte II,5,Collblanc,221,25-34,145,173,318
2017,1,Districte I,2,Sanfeliu,132,03-11,90,72,162
2017,4,Districte IV,7,la Florida,422,75 i +,78,38,116
2017,1,Districte I,3,Sant Josep,117,35-49,206,212,418
2017,5,Districte V,10,Pubilla Cases,529,18-24,46,64,110
2017,6,Districte VI,11,el Gornal,632,12-15,21,20,41
2017,1,Districte I,3,Sant Josep,115,75 i +,71,40,111
2017,6,Districte VI,12,Bellvitge,606,00-02,15,20,35
2017,3,Districte III,6,Santa Eulàlia,311,25-34,101,115,216
2017,5,Districte V,10,Pubilla Cases,517,25-34,158,173,331
2017,2,Districte II,4,la Torrassa,247,12-15,32,25,57
2017,4,Districte IV,7,la Florida,404,75 i +,84,58,142
2017,1,Districte I,3,Sant Josep,125,25-34,90,83,173
2017,2,Districte II,5,Collblanc,214,75 i +,119,64,183
2017,4,Districte IV,8,les Planes,440,25-34,65,70,135
2017,2,Districte II,4,la Torrassa,238,00-02,11,16,27
2017,2,Districte II,5,Collblanc,226,25-34,144,159,303
2017,3,Districte III,6,Santa Eulàlia,305,18-24,60,59,119
2017,4,Districte IV,7,la Florida,410,16-17,14,24,38
2017,2,Districte II,5,Collblanc,207,50-64,177,139,316
2017,5,Districte V,9,Can Serra,504,16-17,8,5,13
2017,5,Districte V,10,Pubilla Cases,524,75 i +,77,32,109
2017,1,Districte I,3,Sant Josep,137,35-49,184,156,340
2017,4,Districte IV,8,les Planes,437,75 i +,113,79,192
2017,4,Districte IV,8,les Planes,401,25-34,85,92,177
2017,1,Districte I,3,Sant Josep,136,75 i +,76,40,116
2017,5,Districte V,9,Can Serra,503,25-34,39,44,83
2017,4,Districte IV,8,les Planes,433,18-24,100,65,165
2017,2,Districte II,4,la Torrassa,240,65-74,58,40,98
2017,6,Districte VI,12,Bellvitge,602,65-74,81,43,124
2017,6,Districte VI,12,Bellvitge,623,35-49,155,160,315
2017,1,Districte I,1,Centre,131,03-11,57,52,109
2017,2,Districte II,5,Collblanc,214,25-34,186,194,380
2017,2,Districte II,4,la Torrassa,232,16-17,12,5,17
2017,4,Districte IV,7,la Florida,405,35-49,233,226,459
2017,2,Districte II,4,la Torrassa,248,00-02,18,21,39
2017,5,Districte V,10,Pubilla Cases,528,35-49,167,169,336
2017,3,Districte III,6,Santa Eulàlia,327,75 i +,37,21,58
2017,1,Districte I,3,Sant Josep,119,25-34,76,57,133
2017,3,Districte III,13,Granvia Sud,320,35-49,182,194,376
2017,2,Districte II,5,Collblanc,201,65-74,49,27,76
2017,2,Districte II,5,Collblanc,204,35-49,195,193,388
2017,5,Districte V,10,Pubilla Cases,531,16-17,7,5,12
2017,1,Districte I,1,Centre,108,18-24,56,52,108
2017,1,Districte I,1,Centre,110,12-15,20,17,37
2017,4,Districte IV,7,la Florida,427,16-17,14,19,33
2017,4,Districte IV,8,les Planes,440,35-49,126,119,245
2017,1,Districte I,1,Centre,101,18-24,72,70,142
2017,4,Districte IV,7,la Florida,409,03-11,83,81,164
2017,1,Districte I,1,Centre,102,12-15,27,28,55
2017,6,Districte VI,12,Bellvitge,607,16-17,4,5,9
2017,6,Districte VI,12,Bellvitge,618,65-74,102,67,169
2017,1,Districte I,1,Centre,105,65-74,80,71,151
2017,1,Districte I,1,Centre,113,35-49,219,213,432
2017,5,Districte V,10,Pubilla Cases,533,25-34,160,137,297
2017,1,Districte I,1,Centre,109,18-24,38,33,71
2017,5,Districte V,10,Pubilla Cases,526,65-74,62,47,109
2017,5,Districte V,10,Pubilla Cases,526,50-64,146,138,284
2017,1,Districte I,2,Sanfeliu,129,75 i +,104,70,174
2017,3,Districte III,6,Santa Eulàlia,316,16-17,11,18,29
2017,2,Districte II,5,Collblanc,208,50-64,168,145,313
2017,4,Districte IV,7,la Florida,403,65-74,82,54,136
2017,5,Districte V,9,Can Serra,502,00-02,19,19,38
2017,1,Districte I,1,Centre,109,00-02,9,11,20
2017,1,Districte I,1,Centre,109,75 i +,66,43,109
2017,4,Districte IV,7,la Florida,425,50-64,84,91,175
2017,4,Districte IV,7,la Florida,406,18-24,68,58,126
2017,1,Districte I,2,Sanfeliu,116,03-11,54,52,106
2017,5,Districte V,10,Pubilla Cases,524,03-11,54,67,121
2017,5,Districte V,10,Pubilla Cases,525,35-49,126,120,246
2017,4,Districte IV,7,la Florida,402,35-49,121,117,238
2017,6,Districte VI,11,el Gornal,622,35-49,101,106,207
2017,1,Districte I,1,Centre,101,16-17,22,19,41
2017,1,Districte I,3,Sant Josep,121,75 i +,69,40,109
2017,2,Districte II,5,Collblanc,201,12-15,28,32,60
2017,2,Districte II,5,Collblanc,224,50-64,116,100,216
2017,5,Districte V,10,Pubilla Cases,520,25-34,63,65,128
2017,6,Districte VI,12,Bellvitge,615,35-49,103,103,206
2017,6,Districte VI,12,Bellvitge,619,50-64,138,131,269
2017,6,Districte VI,12,Bellvitge,610,12-15,23,25,48
2017,6,Districte VI,12,Bellvitge,631,12-15,11,12,23
2017,6,Districte VI,12,Bellvitge,602,50-64,97,103,200
2017,4,Districte IV,7,la Florida,422,25-34,77,86,163
2017,6,Districte VI,11,el Gornal,608,65-74,72,55,127
2017,6,Districte VI,12,Bellvitge,601,50-64,184,164,348
2017,1,Districte I,3,Sant Josep,139,25-34,59,58,117
2017,6,Districte VI,12,Bellvitge,621,03-11,56,51,107
2017,3,Districte III,6,Santa Eulàlia,326,75 i +,4,6,10
2017,2,Districte II,5,Collblanc,223,35-49,144,154,298
2017,2,Districte II,4,la Torrassa,217,18-24,57,58,115
2017,2,Districte II,5,Collblanc,213,00-02,15,9,24
2017,1,Districte I,1,Centre,131,16-17,8,13,21
2017,6,Districte VI,12,Bellvitge,606,03-11,43,53,96
2017,6,Districte VI,11,el Gornal,608,25-34,60,69,129
2017,3,Districte III,6,Santa Eulàlia,311,00-02,21,22,43
2017,2,Districte II,4,la Torrassa,240,75 i +,114,73,187
2017,3,Districte III,6,Santa Eulàlia,304,16-17,62,27,89
2017,4,Districte IV,8,les Planes,441,03-11,82,91,173
2017,4,Districte IV,8,les Planes,440,65-74,73,55,128
2017,4,Districte IV,8,les Planes,440,00-02,16,10,26
2017,4,Districte IV,8,les Planes,441,65-74,134,116,250
2017,3,Districte III,6,Santa Eulàlia,304,18-24,90,79,169
2017,5,Districte V,10,Pubilla Cases,530,00-02,41,37,78
2017,2,Districte II,4,la Torrassa,240,25-34,155,133,288
2017,6,Districte VI,12,Bellvitge,619,16-17,12,9,21
2017,5,Districte V,10,Pubilla Cases,533,00-02,22,31,53
2017,4,Districte IV,7,la Florida,426,18-24,57,41,98
2017,2,Districte II,4,la Torrassa,231,03-11,62,68,130
2017,3,Districte III,6,Santa Eulàlia,309,03-11,66,65,131
2017,6,Districte VI,12,Bellvitge,602,00-02,10,14,24
2017,1,Districte I,3,Sant Josep,138,75 i +,48,39,87
2017,6,Districte VI,12,Bellvitge,609,03-11,37,41,78
2017,6,Districte VI,11,el Gornal,608,03-11,54,45,99
2017,2,Districte II,4,la Torrassa,232,25-34,89,83,172
2017,1,Districte I,1,Centre,113,03-11,79,95,174
2017,4,Districte IV,7,la Florida,414,65-74,52,52,104
2017,4,Districte IV,7,la Florida,432,16-17,10,9,19
2017,4,Districte IV,8,les Planes,418,18-24,53,56,109
2017,2,Districte II,4,la Torrassa,239,16-17,6,10,16
2017,6,Districte VI,11,el Gornal,617,00-02,12,18,30
2017,6,Districte VI,12,Bellvitge,623,16-17,12,11,23
2017,5,Districte V,10,Pubilla Cases,537,12-15,23,17,40
2017,3,Districte III,6,Santa Eulàlia,323,35-49,227,224,451
2017,1,Districte I,1,Centre,135,35-49,159,179,338
2017,3,Districte III,6,Santa Eulàlia,318,50-64,107,99,206
2017,5,Districte V,10,Pubilla Cases,528,50-64,118,86,204
2017,2,Districte II,4,la Torrassa,217,00-02,17,19,36
2017,6,Districte VI,12,Bellvitge,621,50-64,146,92,238
2017,4,Districte IV,8,les Planes,418,50-64,116,119,235
2017,5,Districte V,10,Pubilla Cases,520,12-15,16,22,38
2017,1,Districte I,3,Sant Josep,106,50-64,223,156,379
2017,4,Districte IV,7,la Florida,412,50-64,170,130,300
2017,4,Districte IV,7,la Florida,421,25-34,84,66,150
2017,5,Districte V,10,Pubilla Cases,528,75 i +,77,55,132
2017,1,Districte I,1,Centre,103,16-17,9,12,21
2017,6,Districte VI,12,Bellvitge,623,25-34,45,53,98
2017,2,Districte II,4,la Torrassa,233,18-24,31,48,79
2017,2,Districte II,5,Collblanc,220,00-02,36,29,65
2017,2,Districte II,4,la Torrassa,240,50-64,159,138,297
2017,1,Districte I,1,Centre,124,00-02,11,9,20
2017,5,Districte V,10,Pubilla Cases,531,18-24,50,47,97
2017,2,Districte II,4,la Torrassa,239,00-02,13,10,23
2017,4,Districte IV,7,la Florida,410,12-15,24,38,62
2017,2,Districte II,4,la Torrassa,234,25-34,91,77,168
2017,1,Districte I,1,Centre,123,75 i +,87,71,158
2017,5,Districte V,10,Pubilla Cases,518,12-15,20,16,36
2017,2,Districte II,4,la Torrassa,246,03-11,65,62,127
2017,5,Districte V,10,Pubilla Cases,531,50-64,80,84,164
2017,4,Districte IV,7,la Florida,426,16-17,8,9,17
2017,6,Districte VI,12,Bellvitge,631,03-11,42,49,91
2017,4,Districte IV,7,la Florida,416,25-34,118,110,228
2017,2,Districte II,5,Collblanc,202,00-02,31,30,61
2017,5,Districte V,10,Pubilla Cases,526,12-15,35,34,69
2017,3,Districte III,6,Santa Eulàlia,316,12-15,25,30,55
2017,1,Districte I,3,Sant Josep,122,25-34,51,44,95
2017,2,Districte II,5,Collblanc,214,12-15,40,58,98
2017,1,Districte I,3,Sant Josep,117,16-17,21,21,42
2017,3,Districte III,6,Santa Eulàlia,327,35-49,145,155,300
2017,2,Districte II,4,la Torrassa,234,16-17,6,5,11
2017,3,Districte III,6,Santa Eulàlia,318,03-11,24,26,50
2017,4,Districte IV,7,la Florida,404,25-34,110,100,210
2017,1,Districte I,1,Centre,102,18-24,40,46,86
2017,2,Districte II,4,la Torrassa,229,25-34,157,152,309
2017,6,Districte VI,12,Bellvitge,618,03-11,36,45,81
2017,4,Districte IV,8,les Planes,419,00-02,37,38,75
2017,2,Districte II,4,la Torrassa,247,35-49,172,176,348
2017,6,Districte VI,12,Bellvitge,606,25-34,55,69,124
2017,2,Districte II,5,Collblanc,226,18-24,71,80,151
2017,1,Districte I,1,Centre,107,65-74,99,77,176
2017,2,Districte II,4,la Torrassa,231,18-24,55,56,111
2017,3,Districte III,6,Santa Eulàlia,307,50-64,157,112,269
2017,3,Districte III,6,Santa Eulàlia,305,03-11,61,66,127
2017,6,Districte VI,11,el Gornal,616,12-15,42,44,86
2017,2,Districte II,4,la Torrassa,245,00-02,14,18,32
2017,4,Districte IV,7,la Florida,414,35-49,258,249,507
2017,1,Districte I,1,Centre,112,75 i +,79,42,121
2017,5,Districte V,10,Pubilla Cases,510,50-64,102,86,188
2017,3,Districte III,6,Santa Eulàlia,314,16-17,15,10,25
2017,1,Districte I,1,Centre,110,25-34,66,57,123
2017,6,Districte VI,12,Bellvitge,614,25-34,40,53,93
2017,2,Districte II,4,la Torrassa,236,35-49,126,135,261
2017,4,Districte IV,7,la Florida,407,25-34,70,65,135
2017,3,Districte III,6,Santa Eulàlia,304,35-49,523,508,1031
2017,4,Districte IV,8,les Planes,420,75 i +,127,84,211
2017,6,Districte VI,12,Bellvitge,605,65-74,140,91,231
2017,1,Districte I,2,Sanfeliu,129,18-24,33,34,67
2017,1,Districte I,1,Centre,113,18-24,50,62,112
2017,1,Districte I,3,Sant Josep,115,18-24,38,44,82
2017,5,Districte V,10,Pubilla Cases,533,35-49,231,257,488
2017,5,Districte V,10,Pubilla Cases,510,00-02,18,14,32
2017,1,Districte I,1,Centre,103,65-74,39,32,71
2017,1,Districte I,3,Sant Josep,115,16-17,11,16,27
2017,3,Districte III,6,Santa Eulàlia,307,00-02,12,10,22
2017,1,Districte I,3,Sant Josep,138,35-49,83,69,152
2017,2,Districte II,4,la Torrassa,242,25-34,92,83,175
2017,3,Districte III,6,Santa Eulàlia,320,16-17,3,2,5
2017,1,Districte I,1,Centre,133,16-17,5,10,15
2017,6,Districte VI,11,el Gornal,617,16-17,9,6,15
2017,1,Districte I,3,Sant Josep,126,50-64,82,68,150
2017,2,Districte II,4,la Torrassa,232,50-64,92,91,183
2017,3,Districte III,6,Santa Eulàlia,319,18-24,61,60,121
2017,1,Districte I,3,Sant Josep,121,35-49,119,120,239
2017,3,Districte III,6,Santa Eulàlia,310,03-11,50,42,92
2017,6,Districte VI,11,el Gornal,616,35-49,287,269,556
2017,3,Districte III,6,Santa Eulàlia,325,18-24,62,56,118
2017,1,Districte I,3,Sant Josep,106,75 i +,72,44,116
2017,4,Districte IV,8,les Planes,420,03-11,95,73,168
2017,4,Districte IV,7,la Florida,403,25-34,80,74,154
2017,3,Districte III,6,Santa Eulàlia,315,75 i +,65,50,115
2017,6,Districte VI,12,Bellvitge,614,65-74,90,68,158
2017,5,Districte V,10,Pubilla Cases,523,65-74,69,53,122
2017,1,Districte I,3,Sant Josep,125,75 i +,72,67,139
2017,4,Districte IV,7,la Florida,421,18-24,36,52,88
2017,1,Districte I,3,Sant Josep,126,18-24,30,32,62
2017,5,Districte V,9,Can Serra,503,75 i +,43,21,64
2017,1,Districte I,3,Sant Josep,117,25-34,106,98,204
2017,1,Districte I,1,Centre,104,18-24,35,26,61
2017,1,Districte I,3,Sant Josep,120,03-11,61,64,125
2017,1,Districte I,1,Centre,101,35-49,470,468,938
2017,2,Districte II,5,Collblanc,224,16-17,6,8,14
2017,3,Districte III,6,Santa Eulàlia,316,50-64,326,253,579
2017,4,Districte IV,7,la Florida,409,50-64,171,151,322
2017,4,Districte IV,8,les Planes,437,00-02,14,27,41
2017,6,Districte VI,12,Bellvitge,625,00-02,11,12,23
2017,3,Districte III,6,Santa Eulàlia,313,16-17,19,19,38
2017,4,Districte IV,8,les Planes,437,16-17,15,14,29
2017,1,Districte I,3,Sant Josep,127,50-64,95,77,172
2017,1,Districte I,3,Sant Josep,121,00-02,7,14,21
2017,1,Districte I,3,Sant Josep,139,50-64,85,90,175
2017,4,Districte IV,7,la Florida,432,65-74,96,89,185
2017,5,Districte V,10,Pubilla Cases,520,16-17,7,8,15
2017,3,Districte III,6,Santa Eulàlia,308,18-24,82,96,178
2017,1,Districte I,1,Centre,110,00-02,10,14,24
2017,6,Districte VI,12,Bellvitge,611,03-11,81,94,175
2017,6,Districte VI,11,el Gornal,616,75 i +,66,35,101
2017,6,Districte VI,11,el Gornal,616,18-24,69,99,168
2017,6,Districte VI,12,Bellvitge,627,18-24,21,23,44
2017,6,Districte VI,12,Bellvitge,624,50-64,70,72,142
2017,6,Districte VI,12,Bellvitge,612,25-34,47,36,83
2017,3,Districte III,6,Santa Eulàlia,303,65-74,109,77,186
2017,2,Districte II,5,Collblanc,210,50-64,85,86,171
2017,5,Districte V,10,Pubilla Cases,518,18-24,45,50,95
2017,3,Districte III,6,Santa Eulàlia,318,65-74,49,45,94
2017,5,Districte V,10,Pubilla Cases,511,50-64,202,157,359
2017,1,Districte I,3,Sant Josep,114,12-15,24,29,53
2017,4,Districte IV,7,la Florida,430,50-64,92,83,175
2017,4,Districte IV,7,la Florida,405,18-24,71,86,157
2017,2,Districte II,5,Collblanc,226,16-17,23,14,37
2017,1,Districte I,1,Centre,102,75 i +,125,96,221
2017,2,Districte II,5,Collblanc,212,50-64,106,104,210
2017,5,Districte V,9,Can Serra,503,16-17,3,4,7
2017,2,Districte II,4,la Torrassa,247,16-17,17,8,25
2017,1,Districte I,3,Sant Josep,114,16-17,8,16,24
2017,6,Districte VI,11,el Gornal,626,00-02,13,12,25
2017,3,Districte III,6,Santa Eulàlia,310,18-24,30,28,58
2017,3,Districte III,6,Santa Eulàlia,317,12-15,21,28,49
2017,3,Districte III,6,Santa Eulàlia,319,65-74,92,71,163
2018,1,Districte I,2,Sanfeliu,129,00-02,8,16,24
2018,1,Districte I,3,Sant Josep,106,12-15,27,25,52
2018,3,Districte III,6,Santa Eulàlia,308,16-17,19,19,38
2018,4,Districte IV,8,les Planes,433,35-49,231,227,458
2018,2,Districte II,5,Collblanc,214,50-64,191,190,381
2018,2,Districte II,4,la Torrassa,242,00-02,17,19,36
2018,5,Districte V,10,Pubilla Cases,526,35-49,282,276,558
2018,3,Districte III,13,Granvia Sud,312,25-34,163,156,319
2018,2,Districte II,5,Collblanc,210,35-49,101,93,194
2018,3,Districte III,6,Santa Eulàlia,308,50-64,214,207,421
2018,1,Districte I,1,Centre,131,65-74,127,117,244
2018,6,Districte VI,11,el Gornal,632,65-74,47,40,87
2018,1,Districte I,1,Centre,130,50-64,99,91,190
2018,1,Districte I,1,Centre,104,00-02,11,13,24
2018,6,Districte VI,12,Bellvitge,615,50-64,50,47,97
2018,6,Districte VI,12,Bellvitge,619,50-64,143,136,279
2018,1,Districte I,3,Sant Josep,139,16-17,10,10,20
2018,5,Districte V,9,Can Serra,507,00-02,9,13,22
2018,4,Districte IV,7,la Florida,402,75 i +,57,43,100
2018,4,Districte IV,8,les Planes,436,03-11,83,63,146
2018,5,Districte V,10,Pubilla Cases,514,03-11,51,64,115
2018,5,Districte V,10,Pubilla Cases,513,65-74,50,35,85
2018,3,Districte III,6,Santa Eulàlia,318,18-24,33,27,60
2018,3,Districte III,6,Santa Eulàlia,322,12-15,30,22,52
2018,4,Districte IV,8,les Planes,436,25-34,108,115,223
2018,3,Districte III,6,Santa Eulàlia,303,25-34,100,96,196
2018,4,Districte IV,7,la Florida,409,00-02,29,26,55
2018,1,Districte I,1,Centre,112,12-15,36,32,68
2018,2,Districte II,5,Collblanc,212,00-02,14,20,34
2018,6,Districte VI,11,el Gornal,622,25-34,49,35,84
2018,5,Districte V,10,Pubilla Cases,530,12-15,24,32,56
2018,1,Districte I,3,Sant Josep,121,03-11,32,49,81
2018,5,Districte V,9,Can Serra,502,25-34,87,94,181
2018,4,Districte IV,7,la Florida,430,03-11,59,57,116
2018,6,Districte VI,12,Bellvitge,602,03-11,53,63,116
2018,3,Districte III,6,Santa Eulàlia,316,35-49,170,183,353
2018,1,Districte I,1,Centre,135,03-11,54,58,112
2018,2,Districte II,5,Collblanc,216,75 i +,87,58,145
2018,2,Districte II,4,la Torrassa,229,18-24,101,88,189
2018,2,Districte II,5,Collblanc,213,16-17,6,11,17
2018,6,Districte VI,12,Bellvitge,612,16-17,7,14,21
2018,5,Districte V,10,Pubilla Cases,537,65-74,79,53,132
2018,1,Districte I,1,Centre,131,03-11,60,46,106
2018,3,Districte III,6,Santa Eulàlia,325,03-11,49,60,109
2018,2,Districte II,5,Collblanc,207,50-64,182,154,336
2018,4,Districte IV,7,la Florida,422,25-34,84,83,167
2018,2,Districte II,4,la Torrassa,249,00-02,15,10,25
2018,4,Districte IV,7,la Florida,416,25-34,125,112,237
2018,6,Districte VI,12,Bellvitge,606,12-15,19,20,39
2018,5,Districte V,10,Pubilla Cases,513,50-64,137,143,280
2018,2,Districte II,4,la Torrassa,233,18-24,32,54,86
2018,4,Districte IV,8,les Planes,435,03-11,55,65,120
2018,6,Districte VI,12,Bellvitge,607,75 i +,114,91,205
2018,2,Districte II,5,Collblanc,224,25-34,121,107,228
2018,4,Districte IV,8,les Planes,418,00-02,10,24,34
2018,6,Districte VI,12,Bellvitge,625,50-64,144,114,258
2018,2,Districte II,5,Collblanc,226,00-02,26,22,48
2018,3,Districte III,6,Santa Eulàlia,308,00-02,27,26,53
2018,5,Districte V,10,Pubilla Cases,518,25-34,78,70,148
2018,3,Districte III,6,Santa Eulàlia,325,25-34,84,80,164
2018,2,Districte II,5,Collblanc,210,65-74,60,51,111
2018,2,Districte II,4,la Torrassa,236,16-17,4,13,17
2018,3,Districte III,6,Santa Eulàlia,305,00-02,16,19,35
2018,1,Districte I,1,Centre,130,35-49,139,133,272
2018,5,Districte V,10,Pubilla Cases,537,75 i +,89,61,150
2018,6,Districte VI,12,Bellvitge,610,18-24,43,49,92
2018,4,Districte IV,7,la Florida,406,35-49,164,151,315
2018,5,Districte V,10,Pubilla Cases,520,16-17,7,6,13
2018,6,Districte VI,12,Bellvitge,609,03-11,36,38,74
2018,2,Districte II,4,la Torrassa,217,00-02,19,17,36
2018,5,Districte V,10,Pubilla Cases,523,00-02,16,18,34
2018,1,Districte I,1,Centre,135,18-24,56,45,101
2018,4,Districte IV,7,la Florida,411,00-02,9,16,25
2018,3,Districte III,6,Santa Eulàlia,324,35-49,169,186,355
2018,1,Districte I,3,Sant Josep,117,16-17,18,23,41
2018,2,Districte II,5,Collblanc,213,03-11,48,44,92
2018,5,Districte V,9,Can Serra,521,75 i +,85,71,156
2018,1,Districte I,3,Sant Josep,120,25-34,98,114,212
2018,2,Districte II,5,Collblanc,213,50-64,97,77,174
2018,1,Districte I,1,Centre,141,16-17,7,11,18
2018,4,Districte IV,7,la Florida,412,65-74,111,88,199
2018,3,Districte III,6,Santa Eulàlia,308,12-15,49,50,99
2018,4,Districte IV,8,les Planes,418,03-11,75,52,127
2018,5,Districte V,10,Pubilla Cases,533,16-17,13,15,28
2018,5,Districte V,10,Pubilla Cases,525,50-64,63,67,130
2018,4,Districte IV,8,les Planes,436,35-49,202,222,424
2018,2,Districte II,5,Collblanc,212,12-15,21,34,55
2018,3,Districte III,6,Santa Eulàlia,318,50-64,113,89,202
2018,4,Districte IV,7,la Florida,427,35-49,224,236,460
2018,6,Districte VI,12,Bellvitge,614,50-64,82,78,160
2018,5,Districte V,10,Pubilla Cases,526,12-15,33,36,69
2018,4,Districte IV,8,les Planes,420,12-15,44,36,80
2018,4,Districte IV,8,les Planes,441,35-49,218,245,463
2018,1,Districte I,1,Centre,123,75 i +,93,67,160
2018,3,Districte III,6,Santa Eulàlia,328,12-15,53,43,96
2018,5,Districte V,10,Pubilla Cases,529,50-64,116,100,216
2018,1,Districte I,3,Sant Josep,106,50-64,216,151,367
2018,4,Districte IV,8,les Planes,437,16-17,17,18,35
2018,5,Districte V,9,Can Serra,504,35-49,137,125,262
2018,6,Districte VI,12,Bellvitge,605,00-02,23,29,52
2018,5,Districte V,10,Pubilla Cases,531,03-11,42,40,82
2018,6,Districte VI,12,Bellvitge,602,65-74,73,37,110
2018,5,Districte V,10,Pubilla Cases,528,75 i +,80,52,132
2018,1,Districte I,1,Centre,102,12-15,22,30,52
2018,2,Districte II,4,la Torrassa,237,35-49,177,179,356
2018,3,Districte III,6,Santa Eulàlia,324,25-34,84,81,165
2018,2,Districte II,4,la Torrassa,231,18-24,59,59,118
2018,6,Districte VI,12,Bellvitge,601,75 i +,161,125,286
2018,6,Districte VI,12,Bellvitge,611,18-24,47,57,104
2018,6,Districte VI,12,Bellvitge,609,50-64,60,64,124
2018,3,Districte III,6,Santa Eulàlia,320,35-49,54,72,126
2018,6,Districte VI,12,Bellvitge,619,12-15,20,20,40
2018,6,Districte VI,12,Bellvitge,609,12-15,13,15,28
2018,3,Districte III,6,Santa Eulàlia,307,16-17,8,9,17
2018,1,Districte I,3,Sant Josep,140,18-24,37,44,81
2018,4,Districte IV,7,la Florida,410,00-02,17,20,37
2018,1,Districte I,3,Sant Josep,115,50-64,127,134,261
2018,4,Districte IV,7,la Florida,412,03-11,38,54,92
2018,5,Districte V,10,Pubilla Cases,517,16-17,22,30,52
2018,5,Districte V,10,Pubilla Cases,514,16-17,12,9,21
2018,5,Districte V,9,Can Serra,502,16-17,16,12,28
2018,4,Districte IV,7,la Florida,410,50-64,153,153,306
2018,1,Districte I,1,Centre,108,00-02,15,18,33
2018,6,Districte VI,11,el Gornal,632,75 i +,58,33,91
2018,2,Districte II,4,la Torrassa,238,35-49,138,122,260
2018,3,Districte III,6,Santa Eulàlia,302,50-64,131,108,239
2018,6,Districte VI,11,el Gornal,616,35-49,276,251,527
2018,5,Districte V,9,Can Serra,535,75 i +,77,77,154
2018,2,Districte II,4,la Torrassa,237,12-15,21,36,57
2018,6,Districte VI,11,el Gornal,608,03-11,55,49,104
2018,6,Districte VI,12,Bellvitge,625,18-24,25,35,60
2018,6,Districte VI,12,Bellvitge,601,16-17,16,22,38
2018,2,Districte II,4,la Torrassa,240,16-17,13,18,31
2018,4,Districte IV,8,les Planes,436,16-17,15,25,40
2018,2,Districte II,5,Collblanc,210,50-64,81,79,160
2018,1,Districte I,1,Centre,101,18-24,57,49,106
2018,3,Districte III,6,Santa Eulàlia,320,12-15,4,2,6
2018,1,Districte I,3,Sant Josep,140,25-34,74,60,134
2018,6,Districte VI,12,Bellvitge,625,25-34,59,63,122
2018,1,Districte I,2,Sanfeliu,118,12-15,44,28,72
2018,2,Districte II,5,Collblanc,223,12-15,26,26,52
2018,2,Districte II,4,la Torrassa,217,50-64,134,136,270
2018,4,Districte IV,7,la Florida,414,25-34,179,154,333
2018,5,Districte V,9,Can Serra,504,16-17,9,4,13
2018,4,Districte IV,7,la Florida,421,12-15,30,17,47
2018,5,Districte V,9,Can Serra,506,35-49,183,176,359
2018,3,Districte III,6,Santa Eulàlia,311,00-02,22,22,44
2018,2,Districte II,4,la Torrassa,239,35-49,145,152,297
2018,3,Districte III,6,Santa Eulàlia,310,12-15,19,17,36
2018,5,Districte V,10,Pubilla Cases,510,00-02,10,13,23
2018,2,Districte II,4,la Torrassa,234,12-15,13,10,23
2018,4,Districte IV,8,les Planes,440,50-64,90,93,183
2018,3,Districte III,6,Santa Eulàlia,325,65-74,136,111,247
2018,3,Districte III,6,Santa Eulàlia,329,03-11,98,113,211
2018,1,Districte I,1,Centre,133,25-34,61,54,115
2018,6,Districte VI,12,Bellvitge,619,18-24,27,41,68
2018,1,Districte I,1,Centre,107,00-02,26,14,40
2018,2,Districte II,5,Collblanc,221,75 i +,115,73,188
2018,6,Districte VI,12,Bellvitge,615,03-11,37,32,69
2018,4,Districte IV,7,la Florida,405,18-24,84,92,176
2018,2,Districte II,4,la Torrassa,248,00-02,16,14,30
2018,1,Districte I,1,Centre,104,35-49,108,109,217
2018,2,Districte II,5,Collblanc,212,16-17,14,19,33
2018,5,Districte V,9,Can Serra,506,03-11,50,57,107
2018,1,Districte I,1,Centre,124,03-11,36,34,70
2018,1,Districte I,3,Sant Josep,122,12-15,24,20,44
2018,2,Districte II,4,la Torrassa,243,03-11,56,73,129
2018,6,Districte VI,12,Bellvitge,621,03-11,55,56,111
2018,5,Districte V,9,Can Serra,507,03-11,33,34,67
2018,1,Districte I,1,Centre,105,00-02,18,12,30
2018,5,Districte V,10,Pubilla Cases,533,65-74,82,62,144
2018,1,Districte I,1,Centre,107,12-15,28,37,65
2018,6,Districte VI,12,Bellvitge,601,12-15,33,39,72
2018,2,Districte II,5,Collblanc,221,18-24,79,91,170
2018,1,Districte I,3,Sant Josep,106,16-17,17,19,36
2018,2,Districte II,4,la Torrassa,247,16-17,18,14,32
2018,6,Districte VI,12,Bellvitge,605,50-64,147,122,269
2018,4,Districte IV,7,la Florida,423,65-74,45,31,76
2018,1,Districte I,3,Sant Josep,121,18-24,38,35,73
2018,5,Districte V,9,Can Serra,501,25-34,33,40,73
2018,3,Districte III,6,Santa Eulàlia,315,75 i +,68,60,128
2018,1,Districte I,3,Sant Josep,119,75 i +,109,73,182
2018,6,Districte VI,12,Bellvitge,619,03-11,46,52,98
2018,5,Districte V,10,Pubilla Cases,513,03-11,69,76,145
2018,4,Districte IV,7,la Florida,426,12-15,21,22,43
2018,6,Districte VI,12,Bellvitge,627,35-49,89,100,189
2018,2,Districte II,4,la Torrassa,231,75 i +,84,39,123
2018,3,Districte III,13,Granvia Sud,320,12-15,37,38,75
2018,3,Districte III,6,Santa Eulàlia,301,75 i +,145,99,244
2018,5,Districte V,10,Pubilla Cases,517,65-74,78,57,135
2018,1,Districte I,1,Centre,108,50-64,146,138,284
2018,6,Districte VI,12,Bellvitge,614,16-17,11,6,17
2018,6,Districte VI,11,el Gornal,616,12-15,45,44,89
2018,5,Districte V,10,Pubilla Cases,530,25-34,150,124,274
2018,4,Districte IV,7,la Florida,416,50-64,131,112,243
2018,2,Districte II,4,la Torrassa,229,65-74,46,31,77
2018,5,Districte V,10,Pubilla Cases,533,50-64,173,159,332
2018,2,Districte II,5,Collblanc,208,65-74,124,88,212
2018,5,Districte V,10,Pubilla Cases,530,35-49,265,258,523
2018,3,Districte III,6,Santa Eulàlia,313,65-74,130,103,233
2018,1,Districte I,1,Centre,141,25-34,45,51,96
2018,5,Districte V,10,Pubilla Cases,510,50-64,105,96,201
2018,4,Districte IV,7,la Florida,426,00-02,19,16,35
2018,4,Districte IV,8,les Planes,437,75 i +,118,80,198
2018,1,Districte I,1,Centre,104,50-64,83,88,171
2018,2,Districte II,5,Collblanc,224,12-15,22,24,46
2018,5,Districte V,10,Pubilla Cases,524,50-64,117,102,219
2018,3,Districte III,6,Santa Eulàlia,323,16-17,19,18,37
2018,1,Districte I,3,Sant Josep,117,25-34,106,104,210
2018,6,Districte VI,12,Bellvitge,614,00-02,3,7,10
2018,6,Districte VI,12,Bellvitge,602,18-24,43,55,98
2018,2,Districte II,4,la Torrassa,240,65-74,56,44,100
2018,2,Districte II,4,la Torrassa,243,35-49,190,202,392
2018,1,Districte I,3,Sant Josep,114,75 i +,114,88,202
2018,3,Districte III,6,Santa Eulàlia,305,35-49,177,207,384
2018,6,Districte VI,12,Bellvitge,631,03-11,39,49,88
2018,4,Districte IV,7,la Florida,427,12-15,32,39,71
2018,4,Districte IV,7,la Florida,403,18-24,38,45,83
2018,6,Districte VI,12,Bellvitge,602,00-02,12,10,22
2018,3,Districte III,6,Santa Eulàlia,313,50-64,197,162,359
2018,2,Districte II,5,Collblanc,207,12-15,35,36,71
2018,3,Districte III,6,Santa Eulàlia,306,16-17,21,16,37
2018,1,Districte I,1,Centre,133,75 i +,66,31,97
2018,6,Districte VI,12,Bellvitge,624,18-24,25,37,62
2018,3,Districte III,6,Santa Eulàlia,323,50-64,193,161,354
2018,1,Districte I,3,Sant Josep,115,00-02,10,11,21
2018,5,Districte V,10,Pubilla Cases,531,65-74,43,24,67
2018,4,Districte IV,7,la Florida,405,16-17,17,21,38
2018,6,Districte VI,12,Bellvitge,605,25-34,76,76,152
2018,2,Districte II,5,Collblanc,202,65-74,63,42,105
2018,3,Districte III,6,Santa Eulàlia,307,12-15,16,20,36
2018,6,Districte VI,12,Bellvitge,601,03-11,67,83,150
2018,2,Districte II,4,la Torrassa,229,12-15,35,38,73
2018,4,Districte IV,7,la Florida,423,00-02,22,21,43
2018,4,Districte IV,7,la Florida,431,12-15,45,40,85
2018,4,Districte IV,7,la Florida,411,25-34,65,61,126
2018,2,Districte II,5,Collblanc,202,25-34,148,158,306
2018,5,Districte V,10,Pubilla Cases,530,50-64,148,136,284
2018,4,Districte IV,7,la Florida,411,50-64,92,74,166
2018,2,Districte II,5,Collblanc,224,00-02,17,23,40
2018,1,Districte I,3,Sant Josep,114,03-11,45,60,105
2018,1,Districte I,1,Centre,101,75 i +,61,40,101
2018,2,Districte II,5,Collblanc,205,50-64,101,108,209
2018,6,Districte VI,12,Bellvitge,631,12-15,12,17,29
2018,5,Districte V,10,Pubilla Cases,529,75 i +,89,60,149
2018,2,Districte II,4,la Torrassa,229,25-34,153,144,297
2018,1,Districte I,1,Centre,133,16-17,8,8,16
2018,6,Districte VI,12,Bellvitge,610,65-74,118,66,184
2018,1,Districte I,3,Sant Josep,121,75 i +,66,34,100
2018,2,Districte II,4,la Torrassa,249,65-74,45,32,77
2018,1,Districte I,1,Centre,130,00-02,13,21,34
2018,1,Districte I,2,Sanfeliu,129,25-34,63,59,122
2018,3,Districte III,6,Santa Eulàlia,307,00-02,11,8,19
2018,5,Districte V,10,Pubilla Cases,525,35-49,128,122,250
2018,4,Districte IV,7,la Florida,411,75 i +,100,71,171
2018,1,Districte I,1,Centre,130,16-17,12,6,18
2018,3,Districte III,13,Granvia Sud,320,03-11,62,58,120
2018,2,Districte II,5,Collblanc,207,25-34,150,132,282
2018,2,Districte II,5,Collblanc,224,35-49,170,152,322
2018,1,Districte I,3,Sant Josep,127,75 i +,38,32,70
2018,3,Districte III,6,Santa Eulàlia,317,50-64,92,88,180
2018,1,Districte I,1,Centre,123,25-34,78,61,139
2018,3,Districte III,6,Santa Eulàlia,318,16-17,3,7,10
2018,1,Districte I,1,Centre,111,25-34,47,34,81
2018,4,Districte IV,7,la Florida,414,18-24,83,88,171
2018,4,Districte IV,7,la Florida,409,50-64,167,156,323
2018,3,Districte III,6,Santa Eulàlia,326,25-34,106,82,188
2018,1,Districte I,3,Sant Josep,120,12-15,18,43,61
2018,5,Districte V,10,Pubilla Cases,538,75 i +,102,60,162
2018,1,Districte I,3,Sant Josep,114,12-15,26,25,51
2018,4,Districte IV,7,la Florida,427,25-34,144,130,274
2018,3,Districte III,6,Santa Eulàlia,317,00-02,24,18,42
2018,4,Districte IV,7,la Florida,422,18-24,58,53,111
2018,2,Districte II,5,Collblanc,216,65-74,85,65,150
2018,1,Districte I,1,Centre,128,00-02,17,17,34
2018,1,Districte I,1,Centre,113,25-34,80,95,175
2018,2,Districte II,5,Collblanc,221,12-15,31,37,68
2018,5,Districte V,10,Pubilla Cases,524,18-24,53,63,116
2018,1,Districte I,1,Centre,134,65-74,71,62,133
2018,5,Districte V,10,Pubilla Cases,518,18-24,37,53,90
2018,2,Districte II,5,Collblanc,210,03-11,30,36,66
2018,5,Districte V,9,Can Serra,521,50-64,78,65,143
2018,3,Districte III,6,Santa Eulàlia,320,03-11,20,13,33
2018,1,Districte I,1,Centre,111,00-02,4,8,12
2018,4,Districte IV,7,la Florida,406,03-11,59,48,107
2018,6,Districte VI,11,el Gornal,616,03-11,114,108,222
2018,3,Districte III,6,Santa Eulàlia,317,65-74,24,31,55
2018,3,Districte III,6,Santa Eulàlia,321,00-02,23,37,60
2018,2,Districte II,4,la Torrassa,211,03-11,59,71,130
2018,1,Districte I,3,Sant Josep,115,03-11,53,52,105
2018,5,Districte V,9,Can Serra,507,50-64,77,79,156
2018,1,Districte I,3,Sant Josep,138,25-34,32,52,84
2018,4,Districte IV,7,la Florida,427,00-02,27,28,55
2018,3,Districte III,6,Santa Eulàlia,301,18-24,43,43,86
2018,4,Districte IV,7,la Florida,412,00-02,17,26,43
2018,1,Districte I,2,Sanfeliu,116,12-15,27,19,46
2018,1,Districte I,1,Centre,131,50-64,128,117,245
2018,2,Districte II,5,Collblanc,224,75 i +,69,30,99
2018,1,Districte I,1,Centre,101,65-74,72,82,154
2018,1,Districte I,1,Centre,131,12-15,15,18,33
2018,5,Districte V,9,Can Serra,505,03-11,44,43,87
2018,5,Districte V,9,Can Serra,535,12-15,14,19,33
2018,4,Districte IV,7,la Florida,421,18-24,50,59,109
2018,2,Districte II,5,Collblanc,208,03-11,30,43,73
2018,3,Districte III,6,Santa Eulàlia,304,65-74,66,52,118
2018,6,Districte VI,12,Bellvitge,611,35-49,222,244,466
2018,6,Districte VI,12,Bellvitge,613,35-49,136,155,291
2018,4,Districte IV,7,la Florida,405,03-11,84,81,165
2018,6,Districte VI,12,Bellvitge,630,18-24,22,29,51
2018,2,Districte II,4,la Torrassa,242,75 i +,77,58,135
2018,1,Districte I,1,Centre,103,50-64,72,68,140
2018,6,Districte VI,12,Bellvitge,602,12-15,21,29,50
2018,4,Districte IV,7,la Florida,411,16-17,10,10,20
2018,4,Districte IV,7,la Florida,406,18-24,71,59,130
2018,3,Districte III,13,Granvia Sud,320,50-64,126,122,248
2018,3,Districte III,13,Granvia Sud,312,03-11,60,73,133
2018,2,Districte II,4,la Torrassa,245,25-34,96,83,179
2018,6,Districte VI,11,el Gornal,616,50-64,236,210,446
2018,5,Districte V,9,Can Serra,501,00-02,11,7,18
2018,1,Districte I,3,Sant Josep,140,16-17,11,7,18
2018,5,Districte V,10,Pubilla Cases,538,35-49,166,163,329
2018,5,Districte V,10,Pubilla Cases,529,03-11,52,54,106
2018,3,Districte III,6,Santa Eulàlia,303,50-64,119,134,253
2018,1,Districte I,1,Centre,107,35-49,191,202,393
2018,1,Districte I,1,Centre,108,18-24,56,52,108
2018,1,Districte I,3,Sant Josep,136,00-02,13,14,27
2018,5,Districte V,9,Can Serra,521,03-11,37,33,70
2018,2,Districte II,5,Collblanc,204,65-74,65,56,121
2018,5,Districte V,10,Pubilla Cases,531,75 i +,51,35,86
2018,6,Districte VI,12,Bellvitge,621,12-15,24,27,51
2018,6,Districte VI,12,Bellvitge,613,65-74,110,41,151
2018,2,Districte II,4,la Torrassa,232,03-11,48,47,95
2018,5,Districte V,9,Can Serra,505,35-49,132,129,261
2018,3,Districte III,6,Santa Eulàlia,305,12-15,25,28,53
2018,1,Districte I,3,Sant Josep,139,03-11,26,35,61
2018,3,Districte III,6,Santa Eulàlia,325,16-17,12,24,36
2018,4,Districte IV,7,la Florida,421,35-49,162,169,331
2018,6,Districte VI,11,el Gornal,608,25-34,47,64,111
2018,6,Districte VI,12,Bellvitge,615,25-34,31,37,68
2018,2,Districte II,5,Collblanc,212,75 i +,73,44,117
2018,1,Districte I,3,Sant Josep,137,12-15,38,26,64
2018,2,Districte II,5,Collblanc,210,75 i +,77,43,120
2018,3,Districte III,6,Santa Eulàlia,311,50-64,141,137,278
2018,5,Districte V,9,Can Serra,506,16-17,17,20,37
2018,5,Districte V,10,Pubilla Cases,533,25-34,159,131,290
2018,4,Districte IV,7,la Florida,421,25-34,84,88,172
2018,6,Districte VI,12,Bellvitge,625,12-15,20,22,42
2018,2,Districte II,4,la Torrassa,233,50-64,99,80,179
2018,3,Districte III,13,Granvia Sud,312,35-49,244,276,520
2018,5,Districte V,10,Pubilla Cases,532,03-11,64,71,135
2018,3,Districte III,6,Santa Eulàlia,303,65-74,114,69,183
2018,3,Districte III,6,Santa Eulàlia,329,00-02,31,42,73
2018,3,Districte III,6,Santa Eulàlia,303,18-24,49,56,105
2018,2,Districte II,5,Collblanc,221,35-49,251,267,518
2018,4,Districte IV,8,les Planes,435,16-17,10,5,15
2018,5,Districte V,10,Pubilla Cases,528,25-34,80,80,160
2018,5,Districte V,10,Pubilla Cases,523,16-17,11,10,21
2018,2,Districte II,4,la Torrassa,242,12-15,17,16,33
2018,6,Districte VI,11,el Gornal,622,12-15,19,14,33
2018,5,Districte V,10,Pubilla Cases,520,03-11,39,30,69
2018,1,Districte I,3,Sant Josep,125,75 i +,74,69,143
2018,5,Districte V,9,Can Serra,505,75 i +,106,98,204
2018,4,Districte IV,7,la Florida,409,65-74,86,69,155
2018,1,Districte I,1,Centre,113,18-24,46,63,109
2018,2,Districte II,5,Collblanc,202,50-64,150,147,297
2018,5,Districte V,9,Can Serra,503,35-49,85,77,162
2018,1,Districte I,3,Sant Josep,122,65-74,46,26,72
2018,4,Districte IV,8,les Planes,420,75 i +,127,78,205
2018,4,Districte IV,7,la Florida,421,03-11,44,50,94
2018,4,Districte IV,7,la Florida,412,12-15,22,33,55
2018,2,Districte II,5,Collblanc,216,25-34,84,86,170
2018,6,Districte VI,12,Bellvitge,606,18-24,29,36,65
2018,4,Districte IV,8,les Planes,419,65-74,64,45,109
2018,2,Districte II,4,la Torrassa,233,16-17,5,11,16
2018,4,Districte IV,7,la Florida,406,12-15,19,35,54
2018,6,Districte VI,12,Bellvitge,601,35-49,209,263,472
2018,3,Districte III,6,Santa Eulàlia,329,25-34,74,69,143
2018,1,Districte I,3,Sant Josep,122,16-17,7,6,13
2018,5,Districte V,10,Pubilla Cases,513,25-34,110,112,222
2018,4,Districte IV,8,les Planes,440,65-74,68,48,116
2018,5,Districte V,10,Pubilla Cases,526,50-64,149,146,295
2018,1,Districte I,1,Centre,133,50-64,89,85,174
2018,3,Districte III,6,Santa Eulàlia,328,16-17,53,10,63
2018,3,Districte III,6,Santa Eulàlia,303,00-02,17,18,35
2018,4,Districte IV,7,la Florida,425,03-11,44,40,84
2018,1,Districte I,3,Sant Josep,138,03-11,18,31,49
2018,2,Districte II,4,la Torrassa,246,50-64,96,104,200
2018,2,Districte II,4,la Torrassa,242,03-11,48,55,103
2018,4,Districte IV,7,la Florida,405,35-49,228,223,451
2018,6,Districte VI,12,Bellvitge,607,18-24,27,40,67
2018,3,Districte III,6,Santa Eulàlia,306,12-15,27,32,59
2018,1,Districte I,1,Centre,112,65-74,99,96,195
2018,2,Districte II,5,Collblanc,226,03-11,76,93,169
2018,1,Districte I,1,Centre,135,50-64,164,145,309
2018,3,Districte III,6,Santa Eulàlia,321,75 i +,132,90,222
2018,4,Districte IV,8,les Planes,418,25-34,91,112,203
2018,5,Districte V,9,Can Serra,521,25-34,36,31,67
2018,4,Districte IV,8,les Planes,441,12-15,33,40,73
2018,1,Districte I,1,Centre,134,25-34,77,82,159
2018,6,Districte VI,12,Bellvitge,605,16-17,17,14,31
2018,4,Districte IV,7,la Florida,432,25-34,86,92,178
2018,1,Districte I,1,Centre,130,12-15,21,18,39
2018,4,Districte IV,8,les Planes,440,03-11,36,49,85
2018,1,Districte I,1,Centre,123,18-24,33,46,79
2018,4,Districte IV,8,les Planes,435,00-02,23,25,48
2018,1,Districte I,2,Sanfeliu,132,18-24,60,74,134
2018,2,Districte II,4,la Torrassa,239,65-74,54,28,82
2018,6,Districte VI,12,Bellvitge,611,12-15,36,45,81
2018,4,Districte IV,7,la Florida,412,75 i +,126,96,222
2018,5,Districte V,10,Pubilla Cases,524,75 i +,69,30,99
2018,5,Districte V,10,Pubilla Cases,524,00-02,20,26,46
2018,6,Districte VI,11,el Gornal,616,65-74,130,108,238
2018,1,Districte I,2,Sanfeliu,129,18-24,28,42,70
2018,6,Districte VI,12,Bellvitge,630,00-02,15,7,22
2018,2,Districte II,4,la Torrassa,231,00-02,23,23,46
2018,2,Districte II,5,Collblanc,216,35-49,159,168,327
2018,6,Districte VI,12,Bellvitge,631,50-64,71,72,143
2018,5,Districte V,10,Pubilla Cases,528,50-64,115,93,208
2018,4,Districte IV,8,les Planes,441,00-02,29,28,57
2018,3,Districte III,6,Santa Eulàlia,316,12-15,30,30,60
2018,1,Districte I,3,Sant Josep,121,25-34,50,52,102
2018,4,Districte IV,7,la Florida,405,65-74,79,53,132
2018,5,Districte V,9,Can Serra,506,25-34,88,104,192
2018,2,Districte II,4,la Torrassa,234,75 i +,65,39,104
2018,2,Districte II,4,la Torrassa,248,65-74,43,37,80
2018,3,Districte III,6,Santa Eulàlia,304,03-11,83,107,190
2018,4,Districte IV,7,la Florida,414,12-15,31,33,64
2018,5,Districte V,10,Pubilla Cases,524,03-11,68,72,140
2018,1,Districte I,1,Centre,124,18-24,24,21,45
2018,1,Districte I,1,Centre,103,18-24,22,25,47
2018,1,Districte I,1,Centre,134,03-11,63,54,117
2018,3,Districte III,6,Santa Eulàlia,315,16-17,9,12,21
2018,5,Districte V,10,Pubilla Cases,526,00-02,30,21,51
2018,1,Districte I,1,Centre,103,03-11,34,32,66
2018,6,Districte VI,12,Bellvitge,627,50-64,105,74,179
2018,5,Districte V,10,Pubilla Cases,538,16-17,13,16,29
2018,5,Districte V,10,Pubilla Cases,529,18-24,56,68,124
2018,3,Districte III,6,Santa Eulàlia,328,03-11,133,147,280
2018,2,Districte II,4,la Torrassa,238,03-11,53,43,96
2018,1,Districte I,1,Centre,123,03-11,47,45,92
2018,6,Districte VI,12,Bellvitge,630,16-17,8,5,13
2018,1,Districte I,3,Sant Josep,126,50-64,76,66,142
2018,5,Districte V,9,Can Serra,504,12-15,11,18,29
2018,3,Districte III,6,Santa Eulàlia,317,35-49,146,181,327
2018,1,Districte I,2,Sanfeliu,129,35-49,128,142,270
2018,1,Districte I,2,Sanfeliu,118,65-74,145,140,285
2018,6,Districte VI,12,Bellvitge,601,00-02,26,20,46
2018,1,Districte I,1,Centre,109,50-64,140,115,255
2018,1,Districte I,1,Centre,128,16-17,5,9,14
2018,1,Districte I,3,Sant Josep,125,03-11,68,76,144
2018,1,Districte I,1,Centre,141,00-02,32,28,60
2018,2,Districte II,4,la Torrassa,237,18-24,45,57,102
2018,3,Districte III,6,Santa Eulàlia,311,25-34,115,120,235
2018,6,Districte VI,12,Bellvitge,607,25-34,58,67,125
2018,4,Districte IV,7,la Florida,426,25-34,116,92,208
2018,3,Districte III,6,Santa Eulàlia,328,25-34,106,92,198
2018,3,Districte III,13,Granvia Sud,320,16-17,24,17,41
2018,4,Districte IV,7,la Florida,422,75 i +,81,41,122
2018,3,Districte III,6,Santa Eulàlia,329,50-64,123,121,244
2018,1,Districte I,2,Sanfeliu,118,25-34,90,67,157
2018,6,Districte VI,12,Bellvitge,609,18-24,29,35,64
2018,1,Districte I,3,Sant Josep,121,16-17,5,9,14
2018,4,Districte IV,8,les Planes,440,16-17,5,13,18
2018,1,Districte I,3,Sant Josep,106,65-74,140,137,277
2018,5,Districte V,10,Pubilla Cases,513,00-02,25,30,55
2018,4,Districte IV,7,la Florida,416,12-15,25,38,63
2018,2,Districte II,5,Collblanc,221,00-02,27,28,55
2018,3,Districte III,6,Santa Eulàlia,318,03-11,23,28,51
2018,1,Districte I,3,Sant Josep,126,35-49,112,120,232
2018,1,Districte I,3,Sant Josep,138,75 i +,50,36,86
2018,2,Districte II,5,Collblanc,216,00-02,14,13,27
2018,2,Districte II,4,la Torrassa,248,75 i +,65,47,112
2018,5,Districte V,9,Can Serra,502,03-11,72,75,147
2018,5,Districte V,9,Can Serra,503,12-15,6,4,10
2018,3,Districte III,13,Granvia Sud,320,65-74,86,69,155
2018,6,Districte VI,12,Bellvitge,602,50-64,107,103,210
2018,2,Districte II,4,la Torrassa,217,25-34,98,131,229
2018,4,Districte IV,7,la Florida,412,18-24,54,54,108
2018,5,Districte V,10,Pubilla Cases,511,12-15,39,47,86
2018,1,Districte I,1,Centre,109,75 i +,74,51,125
2018,6,Districte VI,12,Bellvitge,605,12-15,35,31,66
2018,5,Districte V,10,Pubilla Cases,530,03-11,71,97,168
2018,4,Districte IV,8,les Planes,418,65-74,52,46,98
2018,2,Districte II,5,Collblanc,212,65-74,62,42,104
2018,4,Districte IV,7,la Florida,410,18-24,60,88,148
2018,1,Districte I,2,Sanfeliu,132,50-64,243,228,471
2018,3,Districte III,13,Granvia Sud,320,75 i +,67,52,119
2018,4,Districte IV,7,la Florida,405,25-34,177,114,291
2018,3,Districte III,6,Santa Eulàlia,302,16-17,7,7,14
2018,3,Districte III,6,Santa Eulàlia,328,50-64,79,99,178
2018,1,Districte I,3,Sant Josep,136,35-49,158,161,319
2018,2,Districte II,4,la Torrassa,229,03-11,74,95,169
2018,2,Districte II,4,la Torrassa,232,65-74,55,33,88
2018,4,Districte IV,8,les Planes,401,03-11,44,53,97
2018,4,Districte IV,7,la Florida,411,12-15,19,13,32
2018,6,Districte VI,12,Bellvitge,630,75 i +,47,34,81
2018,3,Districte III,6,Santa Eulàlia,311,03-11,55,79,134
2018,1,Districte I,1,Centre,103,35-49,106,112,218
2018,5,Districte V,9,Can Serra,507,75 i +,52,29,81
2018,2,Districte II,5,Collblanc,212,18-24,57,64,121
2018,6,Districte VI,12,Bellvitge,621,75 i +,63,55,118
2018,4,Districte IV,8,les Planes,436,65-74,58,56,114
2018,4,Districte IV,7,la Florida,407,03-11,49,53,102
2018,2,Districte II,5,Collblanc,210,25-34,42,42,84
2018,2,Districte II,4,la Torrassa,211,00-02,18,20,38
2018,6,Districte VI,12,Bellvitge,618,50-64,117,119,236
2018,4,Districte IV,8,les Planes,440,00-02,15,13,28
2018,3,Districte III,6,Santa Eulàlia,326,50-64,52,68,120
2018,3,Districte III,6,Santa Eulàlia,320,65-74,3,5,8
2018,3,Districte III,6,Santa Eulàlia,325,50-64,214,156,370
2018,1,Districte I,1,Centre,110,12-15,18,12,30
2018,1,Districte I,3,Sant Josep,122,18-24,32,26,58
2018,3,Districte III,6,Santa Eulàlia,320,50-64,24,29,53
2018,2,Districte II,4,la Torrassa,242,65-74,56,41,97
2018,6,Districte VI,12,Bellvitge,610,00-02,13,13,26
2018,4,Districte IV,7,la Florida,410,03-11,59,51,110
2018,4,Districte IV,7,la Florida,425,18-24,48,47,95
2018,5,Districte V,10,Pubilla Cases,517,18-24,89,108,197
2018,2,Districte II,5,Collblanc,226,12-15,39,32,71
2018,6,Districte VI,11,el Gornal,626,25-34,48,44,92
2018,2,Districte II,5,Collblanc,208,12-15,23,23,46
2018,5,Districte V,9,Can Serra,507,12-15,18,14,32
2018,6,Districte VI,12,Bellvitge,609,16-17,4,8,12
2018,3,Districte III,6,Santa Eulàlia,313,03-11,71,73,144
2018,5,Districte V,10,Pubilla Cases,533,75 i +,130,69,199
2018,1,Districte I,3,Sant Josep,117,12-15,37,37,74
2018,5,Districte V,10,Pubilla Cases,538,12-15,25,36,61
2018,3,Districte III,6,Santa Eulàlia,302,75 i +,73,54,127
2018,3,Districte III,6,Santa Eulàlia,313,25-34,111,118,229
2018,6,Districte VI,11,el Gornal,608,75 i +,105,67,172
2018,1,Districte I,1,Centre,101,03-11,70,67,137
2018,6,Districte VI,11,el Gornal,632,35-49,108,130,238
2018,2,Districte II,5,Collblanc,205,35-49,106,109,215
2018,6,Districte VI,11,el Gornal,616,18-24,77,96,173
2018,5,Districte V,10,Pubilla Cases,526,18-24,86,75,161
2018,3,Districte III,6,Santa Eulàlia,314,00-02,23,28,51
2018,1,Districte I,3,Sant Josep,138,65-74,57,53,110
2018,3,Districte III,6,Santa Eulàlia,307,18-24,30,35,65
2018,6,Districte VI,12,Bellvitge,614,12-15,25,16,41
2018,2,Districte II,4,la Torrassa,234,03-11,44,38,82
2018,1,Districte I,1,Centre,107,65-74,101,72,173
2018,2,Districte II,5,Collblanc,223,18-24,62,59,121
2018,2,Districte II,4,la Torrassa,247,50-64,125,108,233
2018,4,Districte IV,8,les Planes,418,35-49,171,188,359
2018,5,Districte V,10,Pubilla Cases,529,65-74,40,30,70
2018,6,Districte VI,11,el Gornal,632,50-64,94,80,174
2018,2,Districte II,5,Collblanc,223,25-34,112,112,224
2018,6,Districte VI,12,Bellvitge,631,75 i +,77,64,141
2018,2,Districte II,4,la Torrassa,242,50-64,112,101,213
2018,1,Districte I,3,Sant Josep,106,25-34,88,106,194
2018,3,Districte III,6,Santa Eulàlia,327,75 i +,39,26,65
2018,2,Districte II,5,Collblanc,208,75 i +,210,118,328
2018,2,Districte II,4,la Torrassa,247,25-34,103,104,207
2018,2,Districte II,5,Collblanc,223,35-49,147,151,298
2018,2,Districte II,5,Collblanc,201,75 i +,59,40,99
2018,2,Districte II,5,Collblanc,212,50-64,105,117,222
2018,5,Districte V,9,Can Serra,507,18-24,25,48,73
2018,6,Districte VI,12,Bellvitge,615,00-02,8,4,12
2018,1,Districte I,2,Sanfeliu,132,16-17,21,18,39
2018,2,Districte II,5,Collblanc,216,18-24,52,46,98
2018,2,Districte II,4,la Torrassa,248,18-24,46,60,106
2018,5,Districte V,10,Pubilla Cases,508,00-02,20,27,47
2018,5,Districte V,9,Can Serra,502,50-64,140,140,280
2018,2,Districte II,5,Collblanc,214,16-17,14,31,45
2018,2,Districte II,5,Collblanc,224,03-11,68,67,135
2018,1,Districte I,3,Sant Josep,139,12-15,14,19,33
2018,6,Districte VI,11,el Gornal,616,25-34,103,134,237
2018,2,Districte II,4,la Torrassa,229,50-64,168,163,331
2018,4,Districte IV,7,la Florida,425,25-34,86,78,164
2018,2,Districte II,5,Collblanc,223,00-02,27,15,42
2018,3,Districte III,6,Santa Eulàlia,318,00-02,8,8,16
2018,3,Districte III,6,Santa Eulàlia,326,75 i +,6,7,13
2018,1,Districte I,1,Centre,104,18-24,38,33,71
2018,3,Districte III,6,Santa Eulàlia,319,00-02,20,26,46
2018,4,Districte IV,8,les Planes,440,12-15,17,16,33
2018,4,Districte IV,7,la Florida,402,25-34,81,63,144
2018,1,Districte I,3,Sant Josep,139,25-34,64,61,125
2018,2,Districte II,4,la Torrassa,231,12-15,13,33,46
2018,1,Districte I,1,Centre,107,18-24,51,53,104
2018,5,Districte V,10,Pubilla Cases,517,03-11,109,101,210
2018,3,Districte III,6,Santa Eulàlia,308,65-74,123,103,226
2018,5,Districte V,9,Can Serra,501,50-64,109,88,197
2018,4,Districte IV,8,les Planes,401,12-15,26,20,46
2018,3,Districte III,6,Santa Eulàlia,301,12-15,22,21,43
2018,5,Districte V,9,Can Serra,507,65-74,52,40,92
2018,6,Districte VI,12,Bellvitge,614,65-74,87,61,148
2018,2,Districte II,5,Collblanc,220,16-17,16,9,25
2018,4,Districte IV,7,la Florida,430,75 i +,54,37,91
2018,3,Districte III,6,Santa Eulàlia,309,65-74,53,41,94
2018,6,Districte VI,12,Bellvitge,621,35-49,158,189,347
2018,5,Districte V,10,Pubilla Cases,524,65-74,50,40,90
2018,1,Districte I,3,Sant Josep,137,18-24,56,52,108
2018,1,Districte I,3,Sant Josep,114,65-74,117,77,194
2018,5,Districte V,9,Can Serra,535,35-49,88,88,176
2018,6,Districte VI,12,Bellvitge,618,65-74,91,59,150
2018,3,Districte III,6,Santa Eulàlia,307,50-64,157,108,265
2018,6,Districte VI,11,el Gornal,632,00-02,7,15,22
2018,2,Districte II,4,la Torrassa,242,16-17,8,10,18
2018,4,Districte IV,7,la Florida,403,16-17,9,6,15
2018,1,Districte I,1,Centre,102,03-11,54,43,97
2018,4,Districte IV,8,les Planes,418,12-15,31,29,60
2018,4,Districte IV,8,les Planes,401,50-64,144,116,260
2018,1,Districte I,1,Centre,112,75 i +,83,42,125
2018,1,Districte I,1,Centre,135,65-74,89,85,174
2018,5,Districte V,10,Pubilla Cases,514,00-02,17,27,44
2018,1,Districte I,2,Sanfeliu,129,03-11,33,55,88
2018,2,Districte II,5,Collblanc,209,12-15,17,22,39
2018,3,Districte III,6,Santa Eulàlia,326,65-74,17,16,33
2018,5,Districte V,10,Pubilla Cases,531,50-64,85,83,168
2018,6,Districte VI,11,el Gornal,626,75 i +,72,41,113
2018,5,Districte V,10,Pubilla Cases,538,25-34,87,87,174
2018,5,Districte V,9,Can Serra,521,35-49,90,111,201
2018,4,Districte IV,8,les Planes,440,18-24,43,37,80
2018,3,Districte III,6,Santa Eulàlia,327,03-11,49,59,108
2018,3,Districte III,6,Santa Eulàlia,318,35-49,83,75,158
2018,3,Districte III,6,Santa Eulàlia,329,12-15,37,33,70
2018,4,Districte IV,7,la Florida,422,35-49,165,168,333
2018,4,Districte IV,7,la Florida,431,03-11,94,87,181
2018,3,Districte III,6,Santa Eulàlia,322,25-34,98,95,193
2018,1,Districte I,3,Sant Josep,120,75 i +,64,52,116
2018,1,Districte I,3,Sant Josep,127,00-02,7,8,15
2018,1,Districte I,3,Sant Josep,106,00-02,14,16,30
2018,6,Districte VI,12,Bellvitge,602,16-17,14,14,28
2018,3,Districte III,6,Santa Eulàlia,302,25-34,113,101,214
2018,5,Districte V,10,Pubilla Cases,520,50-64,79,67,146
2018,1,Districte I,1,Centre,134,35-49,158,178,336
2018,5,Districte V,10,Pubilla Cases,538,18-24,49,57,106
2018,4,Districte IV,7,la Florida,416,16-17,21,12,33
2018,3,Districte III,6,Santa Eulàlia,305,03-11,63,64,127
2018,1,Districte I,1,Centre,105,35-49,144,137,281
2018,6,Districte VI,12,Bellvitge,623,16-17,15,12,27
2018,5,Districte V,10,Pubilla Cases,526,03-11,86,91,177
2018,1,Districte I,1,Centre,113,50-64,180,151,331
2018,3,Districte III,6,Santa Eulàlia,301,50-64,132,103,235
2018,4,Districte IV,7,la Florida,425,50-64,94,102,196
2018,1,Districte I,3,Sant Josep,127,35-49,98,80,178
2018,1,Districte I,1,Centre,111,18-24,28,27,55
2018,1,Districte I,1,Centre,123,35-49,146,130,276
2018,5,Districte V,10,Pubilla Cases,524,25-34,116,116,232
2018,2,Districte II,5,Collblanc,205,00-02,8,8,16
2018,4,Districte IV,7,la Florida,403,03-11,48,57,105
2018,4,Districte IV,7,la Florida,416,00-02,25,25,50
2018,6,Districte VI,12,Bellvitge,611,65-74,89,59,148
2018,1,Districte I,3,Sant Josep,114,25-34,67,69,136
2018,1,Districte I,1,Centre,102,25-34,71,70,141
2018,6,Districte VI,12,Bellvitge,623,00-02,15,16,31
2018,6,Districte VI,11,el Gornal,632,25-34,40,51,91
2018,5,Districte V,10,Pubilla Cases,534,75 i +,69,51,120
2018,2,Districte II,5,Collblanc,201,00-02,30,47,77
2018,4,Districte IV,7,la Florida,414,00-02,38,30,68
2018,5,Districte V,10,Pubilla Cases,511,03-11,100,116,216
2018,2,Districte II,4,la Torrassa,234,65-74,34,28,62
2018,3,Districte III,6,Santa Eulàlia,326,18-24,27,26,53
2018,2,Districte II,4,la Torrassa,245,35-49,139,159,298
2018,3,Districte III,6,Santa Eulàlia,309,03-11,65,61,126
2018,3,Districte III,6,Santa Eulàlia,313,16-17,20,25,45
2018,1,Districte I,1,Centre,109,16-17,9,7,16
2018,5,Districte V,10,Pubilla Cases,514,12-15,30,40,70
2018,4,Districte IV,7,la Florida,423,75 i +,78,59,137
2018,5,Districte V,9,Can Serra,502,65-74,88,83,171
2018,6,Districte VI,12,Bellvitge,630,25-34,47,43,90
2018,4,Districte IV,8,les Planes,420,03-11,89,89,178
2018,5,Districte V,10,Pubilla Cases,508,50-64,141,138,279
2018,3,Districte III,6,Santa Eulàlia,306,18-24,67,64,131
2018,5,Districte V,10,Pubilla Cases,534,12-15,21,17,38
2018,6,Districte VI,12,Bellvitge,606,03-11,38,51,89
2018,1,Districte I,3,Sant Josep,119,65-74,133,111,244
2018,3,Districte III,6,Santa Eulàlia,302,65-74,122,106,228
2018,1,Districte I,1,Centre,110,16-17,9,9,18
2018,2,Districte II,4,la Torrassa,238,25-34,82,90,172
2018,6,Districte VI,12,Bellvitge,631,16-17,5,8,13
2018,1,Districte I,1,Centre,101,25-34,105,101,206
2018,6,Districte VI,12,Bellvitge,613,16-17,13,8,21
2018,2,Districte II,5,Collblanc,214,75 i +,117,63,180
2018,1,Districte I,2,Sanfeliu,129,75 i +,108,64,172
2018,3,Districte III,6,Santa Eulàlia,306,75 i +,91,55,146
2018,2,Districte II,4,la Torrassa,236,12-15,21,20,41
2018,1,Districte I,3,Sant Josep,122,03-11,50,54,104
2018,5,Districte V,10,Pubilla Cases,534,25-34,85,70,155
2018,4,Districte IV,7,la Florida,407,00-02,16,18,34
2018,1,Districte I,1,Centre,128,12-15,19,20,39
2018,4,Districte IV,7,la Florida,425,65-74,39,29,68
2018,1,Districte I,1,Centre,110,35-49,130,116,246
2018,6,Districte VI,12,Bellvitge,621,65-74,148,133,281
2018,3,Districte III,6,Santa Eulàlia,306,50-64,164,161,325
2018,2,Districte II,5,Collblanc,220,35-49,246,199,445
2018,6,Districte VI,12,Bellvitge,630,35-49,98,110,208
2018,2,Districte II,4,la Torrassa,237,00-02,18,18,36
2018,6,Districte VI,12,Bellvitge,612,00-02,7,9,16
2018,5,Districte V,10,Pubilla Cases,513,35-49,181,205,386
2018,4,Districte IV,8,les Planes,441,25-34,160,158,318
2018,6,Districte VI,12,Bellvitge,624,03-11,48,43,91
2018,1,Districte I,1,Centre,130,75 i +,96,53,149
2018,5,Districte V,10,Pubilla Cases,528,18-24,54,40,94
2018,3,Districte III,6,Santa Eulàlia,311,12-15,22,30,52
2018,2,Districte II,5,Collblanc,221,50-64,191,172,363
2018,1,Districte I,3,Sant Josep,127,18-24,19,23,42
2018,6,Districte VI,12,Bellvitge,615,18-24,22,24,46
2018,4,Districte IV,8,les Planes,435,18-24,40,59,99
2018,2,Districte II,4,la Torrassa,234,00-02,16,19,35
2018,1,Districte I,3,Sant Josep,136,50-64,123,98,221
2018,3,Districte III,6,Santa Eulàlia,303,12-15,23,26,49
2018,4,Districte IV,7,la Florida,404,65-74,68,49,117
2018,4,Districte IV,7,la Florida,431,65-74,56,53,109
2018,3,Districte III,6,Santa Eulàlia,327,00-02,10,22,32
2018,6,Districte VI,12,Bellvitge,623,35-49,152,155,307
2018,1,Districte I,1,Centre,123,50-64,143,130,273
2018,5,Districte V,10,Pubilla Cases,533,18-24,88,78,166
2018,2,Districte II,4,la Torrassa,211,12-15,17,30,47
2018,3,Districte III,6,Santa Eulàlia,313,35-49,220,215,435
2018,6,Districte VI,11,el Gornal,622,00-02,10,7,17
2018,6,Districte VI,12,Bellvitge,630,65-74,79,63,142
2018,4,Districte IV,7,la Florida,407,65-74,51,24,75
2018,5,Districte V,10,Pubilla Cases,538,03-11,50,45,95
2018,3,Districte III,6,Santa Eulàlia,304,35-49,303,284,587
2018,1,Districte I,3,Sant Josep,126,65-74,86,63,149
2018,5,Districte V,9,Can Serra,505,16-17,9,7,16
2018,1,Districte I,3,Sant Josep,137,50-64,161,147,308
2018,2,Districte II,4,la Torrassa,217,65-74,67,63,130
2018,6,Districte VI,12,Bellvitge,602,75 i +,93,98,191
2018,2,Districte II,4,la Torrassa,240,35-49,235,213,448
2018,5,Districte V,10,Pubilla Cases,526,75 i +,95,59,154
2018,5,Districte V,9,Can Serra,506,75 i +,120,97,217
2018,5,Districte V,9,Can Serra,503,50-64,107,67,174
2018,5,Districte V,10,Pubilla Cases,508,12-15,31,30,61
2018,4,Districte IV,8,les Planes,437,65-74,75,56,131
2018,1,Districte I,1,Centre,110,25-34,62,60,122
2018,2,Districte II,5,Collblanc,208,18-24,49,58,107
2018,3,Districte III,6,Santa Eulàlia,319,16-17,13,19,32
2018,3,Districte III,6,Santa Eulàlia,304,16-17,8,13,21
2018,3,Districte III,6,Santa Eulàlia,316,25-34,161,150,311
2018,6,Districte VI,12,Bellvitge,606,16-17,6,7,13
2018,5,Districte V,10,Pubilla Cases,525,75 i +,71,36,107
2018,2,Districte II,5,Collblanc,220,03-11,69,63,132
2018,3,Districte III,6,Santa Eulàlia,320,16-17,3,2,5
2018,3,Districte III,6,Santa Eulàlia,315,18-24,64,60,124
2018,2,Districte II,5,Collblanc,207,35-49,252,231,483
2018,2,Districte II,4,la Torrassa,236,18-24,39,38,77
2018,4,Districte IV,7,la Florida,430,65-74,32,23,55
2018,5,Districte V,10,Pubilla Cases,523,12-15,26,24,50
2018,4,Districte IV,8,les Planes,420,25-34,163,156,319
2018,4,Districte IV,7,la Florida,430,50-64,105,95,200
2018,1,Districte I,1,Centre,102,35-49,147,165,312
2018,1,Districte I,2,Sanfeliu,118,03-11,54,81,135
2018,6,Districte VI,11,el Gornal,608,18-24,41,37,78
2018,5,Districte V,9,Can Serra,504,75 i +,106,83,189
2018,5,Districte V,10,Pubilla Cases,526,16-17,15,15,30
2018,1,Districte I,2,Sanfeliu,132,25-34,137,142,279
2018,2,Districte II,5,Collblanc,209,18-24,39,36,75
2018,1,Districte I,3,Sant Josep,114,35-49,173,184,357
2018,3,Districte III,6,Santa Eulàlia,324,50-64,94,89,183
2018,4,Districte IV,7,la Florida,409,75 i +,116,83,199
2018,3,Districte III,6,Santa Eulàlia,320,25-34,41,43,84
2018,1,Districte I,1,Centre,104,75 i +,73,40,113
2018,1,Districte I,3,Sant Josep,140,35-49,128,132,260
2018,6,Districte VI,11,el Gornal,616,75 i +,64,39,103
2018,4,Districte IV,8,les Planes,420,16-17,22,27,49
2018,3,Districte III,6,Santa Eulàlia,323,18-24,74,61,135
2018,1,Districte I,1,Centre,111,65-74,63,40,103
2018,3,Districte III,6,Santa Eulàlia,327,65-74,82,77,159
2018,3,Districte III,6,Santa Eulàlia,309,50-64,105,94,199
2018,1,Districte I,1,Centre,141,12-15,44,52,96
2018,3,Districte III,6,Santa Eulàlia,324,12-15,24,24,48
2018,5,Districte V,10,Pubilla Cases,514,65-74,49,35,84
2018,1,Districte I,2,Sanfeliu,116,25-34,67,71,138
2018,1,Districte I,2,Sanfeliu,132,03-11,91,75,166
2018,6,Districte VI,11,el Gornal,632,18-24,37,33,70
2018,1,Districte I,3,Sant Josep,140,65-74,55,40,95
2018,4,Districte IV,7,la Florida,407,25-34,67,67,134
2018,6,Districte VI,12,Bellvitge,607,00-02,9,5,14
2018,5,Districte V,10,Pubilla Cases,524,35-49,175,186,361
2018,6,Districte VI,11,el Gornal,622,65-74,62,42,104
2018,1,Districte I,2,Sanfeliu,132,00-02,17,22,39
2018,2,Districte II,4,la Torrassa,233,25-34,95,86,181
2018,1,Districte I,2,Sanfeliu,116,03-11,55,53,108
2018,3,Districte III,6,Santa Eulàlia,301,03-11,63,49,112
2018,4,Districte IV,7,la Florida,405,75 i +,145,89,234
2018,4,Districte IV,8,les Planes,433,03-11,99,102,201
2018,2,Districte II,4,la Torrassa,232,35-49,127,136,263
2018,1,Districte I,1,Centre,123,65-74,61,65,126
2018,4,Districte IV,7,la Florida,404,75 i +,84,58,142
2018,1,Districte I,1,Centre,141,65-74,11,14,25
2018,3,Districte III,6,Santa Eulàlia,328,00-02,45,48,93
2018,2,Districte II,4,la Torrassa,246,00-02,16,17,33
2018,1,Districte I,2,Sanfeliu,129,12-15,22,19,41
2018,3,Districte III,6,Santa Eulàlia,306,25-34,122,129,251
2018,2,Districte II,5,Collblanc,226,25-34,138,175,313
2018,1,Districte I,2,Sanfeliu,116,35-49,161,166,327
2018,5,Districte V,9,Can Serra,501,35-49,103,117,220
2018,4,Districte IV,7,la Florida,426,50-64,92,86,178
2018,2,Districte II,5,Collblanc,208,16-17,8,17,25
2018,1,Districte I,2,Sanfeliu,118,16-17,16,7,23
2018,4,Districte IV,7,la Florida,427,03-11,80,108,188
2018,3,Districte III,6,Santa Eulàlia,317,03-11,60,60,120
2018,1,Districte I,1,Centre,131,16-17,3,15,18
2018,4,Districte IV,8,les Planes,401,35-49,127,120,247
2018,1,Districte I,1,Centre,102,00-02,17,18,35
2018,3,Districte III,13,Granvia Sud,312,75 i +,110,72,182
2018,5,Districte V,10,Pubilla Cases,529,35-49,194,167,361
2018,2,Districte II,4,la Torrassa,245,16-17,10,15,25
2018,6,Districte VI,12,Bellvitge,624,12-15,17,18,35
2018,5,Districte V,10,Pubilla Cases,537,25-34,98,95,193
2018,5,Districte V,10,Pubilla Cases,517,00-02,27,36,63
2018,1,Districte I,1,Centre,108,03-11,64,65,129
2018,3,Districte III,6,Santa Eulàlia,311,65-74,69,42,111
2018,5,Districte V,10,Pubilla Cases,531,12-15,20,13,33
2018,5,Districte V,10,Pubilla Cases,531,16-17,10,8,18
2018,1,Districte I,1,Centre,109,12-15,19,17,36
2018,2,Districte II,5,Collblanc,210,18-24,36,31,67
2018,1,Districte I,3,Sant Josep,137,75 i +,63,55,118
2018,6,Districte VI,12,Bellvitge,605,35-49,189,184,373
2018,6,Districte VI,12,Bellvitge,621,16-17,6,10,16
2018,6,Districte VI,12,Bellvitge,615,16-17,9,4,13
2018,1,Districte I,1,Centre,124,65-74,50,28,78
2018,6,Districte VI,12,Bellvitge,613,00-02,12,8,20
2018,3,Districte III,6,Santa Eulàlia,328,65-74,25,17,42
2018,3,Districte III,6,Santa Eulàlia,316,75 i +,90,56,146
2018,5,Districte V,10,Pubilla Cases,523,18-24,54,60,114
2018,5,Districte V,9,Can Serra,506,00-02,12,16,28
2018,5,Districte V,10,Pubilla Cases,517,12-15,44,39,83
2018,1,Districte I,1,Centre,108,12-15,21,18,39
2018,1,Districte I,3,Sant Josep,115,35-49,154,155,309
2018,1,Districte I,1,Centre,134,16-17,6,11,17
2018,2,Districte II,5,Collblanc,205,12-15,17,22,39
2018,3,Districte III,13,Granvia Sud,312,16-17,13,13,26
2018,1,Districte I,1,Centre,109,65-74,74,66,140
2018,5,Districte V,10,Pubilla Cases,511,65-74,101,61,162
2018,6,Districte VI,12,Bellvitge,607,03-11,37,39,76
2018,1,Districte I,1,Centre,141,35-49,250,250,500
2018,6,Districte VI,12,Bellvitge,606,65-74,56,29,85
2018,3,Districte III,13,Granvia Sud,320,35-49,176,189,365
2018,6,Districte VI,12,Bellvitge,630,50-64,79,61,140
2018,6,Districte VI,12,Bellvitge,618,18-24,38,59,97
2018,4,Districte IV,7,la Florida,410,16-17,12,20,32
2018,4,Districte IV,7,la Florida,402,03-11,39,55,94
2018,3,Districte III,6,Santa Eulàlia,311,16-17,16,19,35
2018,6,Districte VI,12,Bellvitge,606,35-49,124,111,235
2018,1,Districte I,2,Sanfeliu,118,35-49,186,188,374
2018,4,Districte IV,7,la Florida,430,00-02,24,17,41
2018,3,Districte III,6,Santa Eulàlia,304,12-15,33,20,53
2018,6,Districte VI,11,el Gornal,617,50-64,79,82,161
2018,6,Districte VI,11,el Gornal,626,12-15,17,13,30
2018,6,Districte VI,12,Bellvitge,621,50-64,145,84,229
2018,1,Districte I,1,Centre,130,25-34,60,65,125
2018,2,Districte II,5,Collblanc,201,35-49,259,266,525
2018,2,Districte II,4,la Torrassa,228,03-11,100,100,200
2018,1,Districte I,1,Centre,135,25-34,90,97,187
2018,2,Districte II,5,Collblanc,201,16-17,9,10,19
2018,3,Districte III,6,Santa Eulàlia,322,75 i +,78,39,117
2018,1,Districte I,3,Sant Josep,120,00-02,21,21,42
2018,3,Districte III,6,Santa Eulàlia,316,00-02,22,24,46
2018,1,Districte I,1,Centre,111,50-64,93,76,169
2018,5,Districte V,10,Pubilla Cases,532,16-17,18,9,27
2018,1,Districte I,1,Centre,107,50-64,145,134,279
2018,5,Districte V,9,Can Serra,505,25-34,63,40,103
2018,3,Districte III,6,Santa Eulàlia,325,00-02,16,25,41
2018,4,Districte IV,7,la Florida,404,03-11,68,68,136
2018,3,Districte III,6,Santa Eulàlia,314,03-11,102,100,202
2018,3,Districte III,6,Santa Eulàlia,315,25-34,113,130,243
2018,2,Districte II,4,la Torrassa,239,00-02,11,13,24
2018,1,Districte I,1,Centre,112,50-64,170,144,314
2018,2,Districte II,4,la Torrassa,238,65-74,41,30,71
2018,4,Districte IV,7,la Florida,410,12-15,30,32,62
2018,4,Districte IV,7,la Florida,402,16-17,6,8,14
2018,1,Districte I,3,Sant Josep,138,16-17,3,7,10
2018,1,Districte I,3,Sant Josep,125,18-24,49,64,113
2018,2,Districte II,5,Collblanc,223,50-64,119,107,226
2018,6,Districte VI,12,Bellvitge,612,03-11,44,29,73
2018,3,Districte III,6,Santa Eulàlia,309,18-24,37,40,77
2018,3,Districte III,6,Santa Eulàlia,323,12-15,39,43,82
2018,2,Districte II,4,la Torrassa,245,00-02,19,19,38
2018,1,Districte I,3,Sant Josep,122,25-34,64,56,120
2018,6,Districte VI,11,el Gornal,622,35-49,96,109,205
2018,2,Districte II,5,Collblanc,207,18-24,70,72,142
2018,2,Districte II,4,la Torrassa,229,75 i +,83,43,126
2018,2,Districte II,4,la Torrassa,236,00-02,13,10,23
2018,3,Districte III,6,Santa Eulàlia,304,00-02,40,31,71
2018,6,Districte VI,12,Bellvitge,624,16-17,7,13,20
2018,5,Districte V,9,Can Serra,506,18-24,51,58,109
2018,3,Districte III,6,Santa Eulàlia,310,50-64,104,72,176
2018,2,Districte II,4,la Torrassa,249,16-17,13,5,18
2018,4,Districte IV,7,la Florida,403,75 i +,103,83,186
2018,4,Districte IV,7,la Florida,404,50-64,122,122,244
2018,1,Districte I,1,Centre,124,75 i +,51,42,93
2018,5,Districte V,10,Pubilla Cases,511,50-64,205,159,364
2018,5,Districte V,10,Pubilla Cases,508,75 i +,81,49,130
2018,4,Districte IV,7,la Florida,403,50-64,108,107,215
2018,3,Districte III,6,Santa Eulàlia,328,75 i +,33,10,43
2018,3,Districte III,6,Santa Eulàlia,318,75 i +,50,27,77
2018,5,Districte V,9,Can Serra,521,00-02,7,6,13
2018,2,Districte II,4,la Torrassa,238,00-02,13,8,21
2018,1,Districte I,1,Centre,101,16-17,17,12,29
2018,2,Districte II,4,la Torrassa,248,35-49,166,164,330
2018,6,Districte VI,12,Bellvitge,619,35-49,121,130,251
2018,4,Districte IV,7,la Florida,432,16-17,12,7,19
2018,3,Districte III,6,Santa Eulàlia,319,03-11,75,105,180
2018,5,Districte V,9,Can Serra,502,12-15,19,34,53
2018,4,Districte IV,7,la Florida,423,25-34,78,70,148
2018,1,Districte I,2,Sanfeliu,118,75 i +,76,68,144
2018,1,Districte I,3,Sant Josep,117,18-24,65,55,120
2018,3,Districte III,6,Santa Eulàlia,309,35-49,178,184,362
2018,3,Districte III,6,Santa Eulàlia,329,35-49,257,249,506
2018,6,Districte VI,12,Bellvitge,613,18-24,23,39,62
2018,1,Districte I,1,Centre,112,35-49,209,204,413
2018,5,Districte V,10,Pubilla Cases,524,16-17,10,10,20
2018,4,Districte IV,7,la Florida,407,12-15,15,17,32
2018,2,Districte II,4,la Torrassa,228,25-34,198,189,387
2018,2,Districte II,4,la Torrassa,245,18-24,50,60,110
2018,6,Districte VI,12,Bellvitge,625,75 i +,77,54,131
2018,4,Districte IV,8,les Planes,435,25-34,109,107,216
2018,1,Districte I,1,Centre,105,25-34,71,85,156
2018,4,Districte IV,7,la Florida,402,35-49,123,120,243
2018,6,Districte VI,11,el Gornal,617,00-02,11,10,21
2018,4,Districte IV,7,la Florida,423,16-17,15,14,29
2018,3,Districte III,6,Santa Eulàlia,303,03-11,69,61,130
2018,4,Districte IV,8,les Planes,433,00-02,30,43,73
2018,4,Districte IV,7,la Florida,426,18-24,51,41,92
2018,4,Districte IV,7,la Florida,411,03-11,37,31,68
2018,3,Districte III,6,Santa Eulàlia,321,18-24,80,74,154
2018,4,Districte IV,7,la Florida,402,12-15,22,13,35
2018,1,Districte I,1,Centre,133,00-02,11,13,24
2018,3,Districte III,6,Santa Eulàlia,316,50-64,304,229,533
2018,2,Districte II,4,la Torrassa,248,12-15,30,13,43
2018,6,Districte VI,12,Bellvitge,615,35-49,101,99,200
2018,1,Districte I,1,Centre,110,65-74,124,80,204
2018,2,Districte II,5,Collblanc,209,03-11,41,40,81
2018,4,Districte IV,7,la Florida,422,65-74,41,30,71
2018,6,Districte VI,12,Bellvitge,625,16-17,12,14,26
2018,6,Districte VI,12,Bellvitge,610,25-34,52,63,115
2018,1,Districte I,1,Centre,105,03-11,52,55,107
2018,3,Districte III,13,Granvia Sud,320,18-24,44,49,93
2018,1,Districte I,1,Centre,107,75 i +,109,75,184
2018,2,Districte II,5,Collblanc,208,25-34,115,131,246
2018,1,Districte I,1,Centre,105,12-15,24,22,46
2018,2,Districte II,5,Collblanc,201,50-64,109,94,203
2018,5,Districte V,9,Can Serra,503,00-02,4,5,9
2018,2,Districte II,4,la Torrassa,236,50-64,94,86,180
2018,2,Districte II,5,Collblanc,207,16-17,15,18,33
2018,2,Districte II,4,la Torrassa,236,03-11,43,54,97
2018,3,Districte III,6,Santa Eulàlia,310,16-17,9,5,14
2018,4,Districte IV,8,les Planes,420,18-24,94,97,191
2018,4,Districte IV,7,la Florida,410,35-49,198,179,377
2018,1,Districte I,3,Sant Josep,120,18-24,70,64,134
2018,6,Districte VI,12,Bellvitge,609,35-49,108,89,197
2018,5,Districte V,10,Pubilla Cases,518,65-74,59,40,99
2018,1,Districte I,3,Sant Josep,120,35-49,191,182,373
2018,6,Districte VI,12,Bellvitge,618,75 i +,96,86,182
2018,1,Districte I,1,Centre,109,35-49,124,123,247
2018,1,Districte I,1,Centre,135,12-15,17,26,43
2018,5,Districte V,9,Can Serra,506,50-64,168,154,322
2018,1,Districte I,1,Centre,109,18-24,34,39,73
2018,5,Districte V,10,Pubilla Cases,533,03-11,101,91,192
2018,5,Districte V,10,Pubilla Cases,508,25-34,128,119,247
2018,1,Districte I,3,Sant Josep,138,50-64,90,64,154
2018,1,Districte I,3,Sant Josep,115,12-15,23,21,44
2018,3,Districte III,6,Santa Eulàlia,315,12-15,24,43,67
2018,5,Districte V,9,Can Serra,503,75 i +,43,27,70
2018,6,Districte VI,12,Bellvitge,601,50-64,184,172,356
2018,3,Districte III,6,Santa Eulàlia,323,35-49,232,226,458
2018,3,Districte III,6,Santa Eulàlia,305,50-64,201,173,374
2018,5,Districte V,9,Can Serra,501,03-11,28,29,57
2018,2,Districte II,4,la Torrassa,247,75 i +,72,50,122
2018,1,Districte I,3,Sant Josep,127,12-15,20,17,37
2018,2,Districte II,5,Collblanc,221,16-17,24,21,45
2018,5,Districte V,9,Can Serra,503,65-74,69,69,138
2018,3,Districte III,6,Santa Eulàlia,320,00-02,14,4,18
2018,2,Districte II,5,Collblanc,214,65-74,81,49,130
2018,2,Districte II,5,Collblanc,220,25-34,144,162,306
2018,1,Districte I,1,Centre,107,16-17,10,19,29
2018,3,Districte III,6,Santa Eulàlia,323,03-11,67,99,166
2018,2,Districte II,5,Collblanc,210,00-02,5,8,13
2018,6,Districte VI,12,Bellvitge,605,75 i +,141,126,267
2018,1,Districte I,3,Sant Josep,119,00-02,16,10,26
2018,5,Districte V,9,Can Serra,506,65-74,180,123,303
2018,6,Districte VI,11,el Gornal,616,00-02,28,22,50
2018,2,Districte II,4,la Torrassa,238,18-24,42,58,100
2018,4,Districte IV,8,les Planes,436,18-24,88,92,180
2018,5,Districte V,10,Pubilla Cases,528,12-15,21,26,47
2018,4,Districte IV,7,la Florida,416,03-11,61,75,136
2018,4,Districte IV,7,la Florida,402,18-24,38,35,73
2018,6,Districte VI,12,Bellvitge,623,03-11,57,49,106
2018,3,Districte III,6,Santa Eulàlia,316,18-24,62,61,123
2018,2,Districte II,4,la Torrassa,243,18-24,68,81,149
2018,4,Districte IV,7,la Florida,412,25-34,112,103,215
2018,4,Districte IV,8,les Planes,437,12-15,32,29,61
2018,6,Districte VI,12,Bellvitge,624,50-64,72,85,157
2018,3,Districte III,6,Santa Eulàlia,318,12-15,14,17,31
2018,3,Districte III,6,Santa Eulàlia,329,18-24,35,37,72
2018,4,Districte IV,7,la Florida,402,00-02,13,20,33
2018,5,Districte V,10,Pubilla Cases,518,00-02,14,17,31
2018,4,Districte IV,8,les Planes,437,35-49,221,191,412
2018,2,Districte II,5,Collblanc,207,00-02,25,22,47
2018,1,Districte I,1,Centre,113,03-11,67,84,151
2018,4,Districte IV,7,la Florida,411,35-49,103,112,215
2018,2,Districte II,4,la Torrassa,231,25-34,111,93,204
2018,2,Districte II,5,Collblanc,213,65-74,54,38,92
2018,2,Districte II,5,Collblanc,223,03-11,66,56,122
2018,3,Districte III,6,Santa Eulàlia,328,35-49,293,272,565
2018,4,Districte IV,8,les Planes,420,65-74,96,69,165
2018,1,Districte I,3,Sant Josep,126,16-17,11,12,23
2018,3,Districte III,6,Santa Eulàlia,317,16-17,7,12,19
2018,2,Districte II,4,la Torrassa,228,50-64,177,179,356
2018,4,Districte IV,7,la Florida,431,00-02,31,30,61
2018,2,Districte II,5,Collblanc,216,03-11,55,65,120
2018,2,Districte II,5,Collblanc,214,03-11,111,117,228
2018,2,Districte II,4,la Torrassa,239,25-34,88,98,186
2018,5,Districte V,9,Can Serra,504,50-64,74,78,152
2018,1,Districte I,2,Sanfeliu,118,18-24,64,53,117
2018,2,Districte II,5,Collblanc,226,65-74,87,71,158
2018,6,Districte VI,12,Bellvitge,614,25-34,41,50,91
2018,5,Districte V,10,Pubilla Cases,513,12-15,26,29,55
2018,2,Districte II,4,la Torrassa,233,75 i +,58,26,84
2018,1,Districte I,1,Centre,135,00-02,14,24,38
2018,1,Districte I,1,Centre,131,18-24,39,36,75
2018,6,Districte VI,12,Bellvitge,623,18-24,38,46,84
2018,1,Districte I,2,Sanfeliu,116,16-17,9,8,17
2018,1,Districte I,3,Sant Josep,139,65-74,63,51,114
2018,4,Districte IV,7,la Florida,403,00-02,10,11,21
2018,3,Districte III,6,Santa Eulàlia,313,00-02,28,14,42
2018,4,Districte IV,7,la Florida,406,25-34,123,94,217
2018,2,Districte II,4,la Torrassa,239,18-24,45,45,90
2018,5,Districte V,10,Pubilla Cases,510,16-17,10,9,19
2018,6,Districte VI,12,Bellvitge,619,75 i +,117,87,204
2018,3,Districte III,6,Santa Eulàlia,303,16-17,9,14,23
2018,1,Districte I,3,Sant Josep,106,35-49,184,189,373
2018,2,Districte II,5,Collblanc,205,16-17,12,13,25
2018,2,Districte II,4,la Torrassa,237,50-64,141,115,256
2018,6,Districte VI,11,el Gornal,617,18-24,28,39,67
2018,4,Districte IV,7,la Florida,426,75 i +,44,22,66
2018,2,Districte II,4,la Torrassa,242,25-34,95,90,185
2018,6,Districte VI,12,Bellvitge,618,25-34,46,50,96
2018,4,Districte IV,8,les Planes,419,03-11,87,116,203
2018,2,Districte II,4,la Torrassa,236,75 i +,91,50,141
2018,2,Districte II,4,la Torrassa,236,65-74,55,30,85
2018,2,Districte II,4,la Torrassa,240,00-02,30,23,53
2018,5,Districte V,10,Pubilla Cases,517,35-49,258,290,548
2018,6,Districte VI,12,Bellvitge,624,35-49,103,131,234
2018,1,Districte I,1,Centre,107,25-34,90,103,193
2018,1,Districte I,3,Sant Josep,122,00-02,14,13,27
2018,1,Districte I,3,Sant Josep,136,25-34,74,69,143
2018,3,Districte III,6,Santa Eulàlia,302,00-02,26,19,45
2018,1,Districte I,1,Centre,133,03-11,35,31,66
2018,2,Districte II,5,Collblanc,223,65-74,54,31,85
2018,3,Districte III,13,Granvia Sud,312,50-64,164,159,323
2018,3,Districte III,6,Santa Eulàlia,326,35-49,247,279,526
2018,6,Districte VI,11,el Gornal,608,00-02,15,10,25
2018,5,Districte V,10,Pubilla Cases,510,65-74,64,40,104
2018,3,Districte III,13,Granvia Sud,312,65-74,119,64,183
2018,4,Districte IV,8,les Planes,441,65-74,140,121,261
2018,5,Districte V,9,Can Serra,507,35-49,104,102,206
2018,1,Districte I,3,Sant Josep,119,25-34,70,60,130
2018,1,Districte I,1,Centre,102,65-74,127,112,239
2018,1,Districte I,1,Centre,108,75 i +,89,52,141
2018,5,Districte V,10,Pubilla Cases,510,18-24,46,36,82
2018,5,Districte V,10,Pubilla Cases,525,25-34,64,46,110
2018,1,Districte I,3,Sant Josep,136,75 i +,80,43,123
2018,2,Districte II,4,la Torrassa,217,03-11,65,54,119
2018,2,Districte II,5,Collblanc,202,00-02,29,28,57
2018,3,Districte III,6,Santa Eulàlia,327,50-64,157,127,284
2018,3,Districte III,6,Santa Eulàlia,322,50-64,108,98,206
2018,5,Districte V,10,Pubilla Cases,533,12-15,37,41,78
2018,3,Districte III,6,Santa Eulàlia,306,35-49,189,176,365
2018,1,Districte I,1,Centre,112,18-24,61,61,122
2018,4,Districte IV,7,la Florida,412,35-49,148,192,340
2018,2,Districte II,4,la Torrassa,217,16-17,12,13,25
2018,1,Districte I,3,Sant Josep,140,00-02,10,14,24
2018,1,Districte I,1,Centre,135,75 i +,94,55,149
2018,2,Districte II,4,la Torrassa,246,18-24,53,55,108
2018,1,Districte I,3,Sant Josep,140,50-64,99,83,182
2018,5,Districte V,10,Pubilla Cases,523,03-11,56,60,116
2018,1,Districte I,1,Centre,124,35-49,96,92,188
2018,5,Districte V,9,Can Serra,502,18-24,59,62,121
2018,1,Districte I,1,Centre,113,75 i +,69,59,128
2018,4,Districte IV,7,la Florida,406,75 i +,79,68,147
2018,4,Districte IV,7,la Florida,423,50-64,97,75,172
2018,2,Districte II,4,la Torrassa,249,25-34,92,100,192
2018,4,Districte IV,8,les Planes,419,12-15,33,47,80
2018,5,Districte V,9,Can Serra,535,16-17,3,13,16
2018,2,Districte II,5,Collblanc,201,18-24,25,53,78
2018,4,Districte IV,8,les Planes,419,35-49,233,285,518
2018,3,Districte III,6,Santa Eulàlia,310,75 i +,44,25,69
2018,1,Districte I,1,Centre,101,50-64,192,186,378
2018,2,Districte II,4,la Torrassa,245,50-64,102,94,196
2018,2,Districte II,4,la Torrassa,245,03-11,50,55,105
2018,3,Districte III,6,Santa Eulàlia,308,75 i +,113,91,204
2018,2,Districte II,5,Collblanc,201,03-11,76,96,172
2018,4,Districte IV,7,la Florida,427,75 i +,87,39,126
2018,1,Districte I,1,Centre,105,50-64,132,106,238
2018,1,Districte I,1,Centre,103,75 i +,55,33,88
2018,2,Districte II,4,la Torrassa,231,16-17,14,17,31
2018,1,Districte I,1,Centre,128,18-24,28,23,51
2018,5,Districte V,9,Can Serra,505,00-02,8,13,21
2018,4,Districte IV,7,la Florida,412,16-17,16,19,35
2018,2,Districte II,4,la Torrassa,234,35-49,130,141,271
2018,3,Districte III,6,Santa Eulàlia,305,18-24,56,66,122
2018,2,Districte II,5,Collblanc,204,16-17,17,12,29
2018,1,Districte I,1,Centre,134,00-02,12,20,32
2018,1,Districte I,3,Sant Josep,114,18-24,48,47,95
2018,4,Districte IV,8,les Planes,433,16-17,16,23,39
2018,5,Districte V,10,Pubilla Cases,532,12-15,25,30,55
2018,2,Districte II,4,la Torrassa,243,65-74,52,50,102
2018,6,Districte VI,12,Bellvitge,612,75 i +,100,71,171
2018,2,Districte II,4,la Torrassa,243,50-64,180,154,334
2018,3,Districte III,6,Santa Eulàlia,315,65-74,86,85,171
2018,3,Districte III,6,Santa Eulàlia,319,25-34,82,86,168
2018,6,Districte VI,12,Bellvitge,621,00-02,17,17,34
2018,3,Districte III,13,Granvia Sud,320,25-34,65,62,127
2018,4,Districte IV,7,la Florida,421,50-64,113,97,210
2018,5,Districte V,10,Pubilla Cases,528,00-02,11,22,33
2018,5,Districte V,10,Pubilla Cases,537,16-17,16,5,21
2018,2,Districte II,4,la Torrassa,240,25-34,154,145,299
2018,1,Districte I,3,Sant Josep,119,50-64,124,94,218
2018,5,Districte V,10,Pubilla Cases,510,25-34,75,79,154
2018,2,Districte II,4,la Torrassa,243,75 i +,108,64,172
2018,1,Districte I,3,Sant Josep,115,16-17,9,13,22
2018,2,Districte II,5,Collblanc,214,18-24,100,93,193
2018,6,Districte VI,12,Bellvitge,624,75 i +,62,71,133
2018,2,Districte II,5,Collblanc,209,65-74,37,35,72
2018,3,Districte III,6,Santa Eulàlia,315,00-02,27,27,54
2018,5,Districte V,10,Pubilla Cases,537,50-64,131,111,242
2018,2,Districte II,4,la Torrassa,240,12-15,37,34,71
2018,6,Districte VI,12,Bellvitge,612,65-74,76,54,130
2018,4,Districte IV,8,les Planes,437,00-02,18,27,45
2018,5,Districte V,10,Pubilla Cases,529,16-17,8,17,25
2018,5,Districte V,9,Can Serra,506,12-15,25,34,59
2018,1,Districte I,2,Sanfeliu,132,65-74,141,125,266
2018,2,Districte II,4,la Torrassa,232,16-17,7,6,13
2018,4,Districte IV,7,la Florida,423,35-49,135,138,273
2018,2,Districte II,4,la Torrassa,233,65-74,27,22,49
2018,4,Districte IV,7,la Florida,430,12-15,23,22,45
2018,2,Districte II,5,Collblanc,213,18-24,33,44,77
2018,1,Districte I,1,Centre,105,18-24,30,30,60
2018,5,Districte V,10,Pubilla Cases,534,18-24,36,39,75
2018,2,Districte II,5,Collblanc,210,16-17,4,8,12
2018,1,Districte I,1,Centre,128,35-49,155,160,315
2018,5,Districte V,9,Can Serra,505,65-74,138,86,224
2018,1,Districte I,1,Centre,113,16-17,8,18,26
2018,2,Districte II,5,Collblanc,214,35-49,324,307,631
2018,5,Districte V,9,Can Serra,505,18-24,25,21,46
2018,5,Districte V,10,Pubilla Cases,525,65-74,36,37,73
2018,4,Districte IV,7,la Florida,409,35-49,239,265,504
2018,4,Districte IV,7,la Florida,425,00-02,13,10,23
2018,2,Districte II,4,la Torrassa,245,12-15,21,29,50
2018,1,Districte I,2,Sanfeliu,132,35-49,218,254,472
2018,2,Districte II,4,la Torrassa,237,65-74,54,48,102
2018,4,Districte IV,7,la Florida,404,35-49,168,175,343
2018,2,Districte II,5,Collblanc,207,75 i +,104,57,161
2018,3,Districte III,6,Santa Eulàlia,325,75 i +,179,104,283
2018,3,Districte III,6,Santa Eulàlia,316,16-17,9,15,24
2018,5,Districte V,10,Pubilla Cases,520,12-15,17,22,39
2018,2,Districte II,5,Collblanc,213,35-49,129,114,243
2018,6,Districte VI,12,Bellvitge,607,16-17,4,4,8
2018,2,Districte II,4,la Torrassa,211,18-24,48,73,121
2018,4,Districte IV,7,la Florida,432,03-11,55,58,113
2018,5,Districte V,10,Pubilla Cases,538,65-74,66,27,93
2018,3,Districte III,6,Santa Eulàlia,325,35-49,189,174,363
2018,5,Districte V,9,Can Serra,521,16-17,6,8,14
2018,4,Districte IV,7,la Florida,407,35-49,126,148,274
2018,6,Districte VI,12,Bellvitge,610,16-17,10,13,23
2018,6,Districte VI,12,Bellvitge,610,50-64,93,87,180
2018,6,Districte VI,12,Bellvitge,605,65-74,128,85,213
2018,6,Districte VI,12,Bellvitge,609,25-34,36,43,79
2018,6,Districte VI,12,Bellvitge,621,18-24,39,50,89
2018,3,Districte III,6,Santa Eulàlia,310,00-02,15,13,28
2018,6,Districte VI,12,Bellvitge,623,50-64,111,113,224
2018,2,Districte II,4,la Torrassa,248,25-34,97,106,203
2018,2,Districte II,5,Collblanc,213,25-34,80,70,150
2018,2,Districte II,5,Collblanc,204,03-11,64,69,133
2018,1,Districte I,3,Sant Josep,137,03-11,76,51,127
2018,5,Districte V,10,Pubilla Cases,520,35-49,97,85,182
2018,1,Districte I,3,Sant Josep,120,16-17,11,24,35
2018,2,Districte II,4,la Torrassa,233,35-49,136,134,270
2018,2,Districte II,5,Collblanc,209,35-49,144,105,249
2018,6,Districte VI,11,el Gornal,622,16-17,3,7,10
2018,5,Districte V,10,Pubilla Cases,520,25-34,66,77,143
2018,1,Districte I,1,Centre,108,35-49,165,173,338
2018,1,Districte I,1,Centre,113,00-02,18,19,37
2018,2,Districte II,4,la Torrassa,239,75 i +,92,47,139
2018,3,Districte III,6,Santa Eulàlia,319,35-49,244,238,482
2018,5,Districte V,10,Pubilla Cases,517,50-64,201,173,374
2018,1,Districte I,3,Sant Josep,121,12-15,17,16,33
2018,6,Districte VI,12,Bellvitge,615,75 i +,71,55,126
2018,2,Districte II,4,la Torrassa,249,12-15,14,17,31
2018,4,Districte IV,8,les Planes,437,25-34,109,133,242
2018,3,Districte III,6,Santa Eulàlia,301,35-49,168,166,334
2018,6,Districte VI,12,Bellvitge,611,75 i +,110,105,215
2018,3,Districte III,6,Santa Eulàlia,327,18-24,40,51,91
2018,6,Districte VI,12,Bellvitge,624,25-34,51,46,97
2018,6,Districte VI,12,Bellvitge,623,65-74,130,101,231
2018,6,Districte VI,12,Bellvitge,630,12-15,12,15,27
2018,5,Districte V,10,Pubilla Cases,517,25-34,179,181,360
2018,4,Districte IV,7,la Florida,404,16-17,14,17,31
2018,1,Districte I,1,Centre,109,25-34,67,60,127
2018,5,Districte V,10,Pubilla Cases,523,25-34,102,114,216
2018,1,Districte I,1,Centre,133,18-24,21,25,46
2018,2,Districte II,4,la Torrassa,237,25-34,105,119,224
2018,2,Districte II,4,la Torrassa,211,25-34,112,133,245
2018,5,Districte V,10,Pubilla Cases,518,16-17,10,8,18
2018,1,Districte I,1,Centre,141,03-11,116,128,244
2018,3,Districte III,6,Santa Eulàlia,308,03-11,80,71,151
2018,2,Districte II,5,Collblanc,226,18-24,65,80,145
2018,1,Districte I,3,Sant Josep,106,75 i +,76,50,126
2018,3,Districte III,6,Santa Eulàlia,324,18-24,37,50,87
2018,1,Districte I,2,Sanfeliu,118,00-02,18,16,34
2018,1,Districte I,3,Sant Josep,126,12-15,18,14,32
2018,3,Districte III,6,Santa Eulàlia,326,12-15,25,18,43
2018,4,Districte IV,7,la Florida,426,16-17,5,7,12
2018,1,Districte I,1,Centre,133,65-74,58,41,99
2018,3,Districte III,6,Santa Eulàlia,309,00-02,17,21,38
2018,2,Districte II,4,la Torrassa,237,16-17,13,16,29
2018,4,Districte IV,7,la Florida,432,18-24,56,47,103
2018,4,Districte IV,7,la Florida,409,16-17,22,17,39
2018,3,Districte III,6,Santa Eulàlia,311,35-49,191,217,408
2018,1,Districte I,3,Sant Josep,125,25-34,83,88,171
2018,5,Districte V,10,Pubilla Cases,537,12-15,22,23,45
2018,2,Districte II,4,la Torrassa,228,75 i +,143,90,233
2018,5,Districte V,10,Pubilla Cases,524,12-15,27,29,56
2018,6,Districte VI,11,el Gornal,616,16-17,22,26,48
2018,3,Districte III,6,Santa Eulàlia,307,35-49,137,138,275
2018,5,Districte V,10,Pubilla Cases,532,00-02,17,21,38
2018,5,Districte V,10,Pubilla Cases,517,75 i +,88,59,147
2018,2,Districte II,5,Collblanc,220,00-02,31,30,61
2018,2,Districte II,4,la Torrassa,234,50-64,95,86,181
2018,2,Districte II,4,la Torrassa,236,35-49,123,132,255
2018,4,Districte IV,8,les Planes,401,16-17,9,10,19
2018,2,Districte II,5,Collblanc,221,25-34,162,172,334
2018,5,Districte V,10,Pubilla Cases,520,00-02,13,14,27
2018,2,Districte II,4,la Torrassa,238,75 i +,50,35,85
2018,4,Districte IV,7,la Florida,425,35-49,125,118,243
2018,3,Districte III,6,Santa Eulàlia,322,65-74,61,58,119
2018,1,Districte I,1,Centre,112,03-11,60,61,121
2018,5,Districte V,9,Can Serra,521,65-74,110,88,198
2018,1,Districte I,1,Centre,134,12-15,24,30,54
2018,3,Districte III,6,Santa Eulàlia,302,03-11,54,53,107
2018,4,Districte IV,8,les Planes,437,18-24,66,84,150
2018,3,Districte III,6,Santa Eulàlia,322,03-11,54,59,113
2018,5,Districte V,10,Pubilla Cases,508,03-11,68,80,148
2018,1,Districte I,1,Centre,130,65-74,42,25,67
2018,2,Districte II,4,la Torrassa,211,75 i +,77,40,117
2018,5,Districte V,10,Pubilla Cases,530,18-24,62,80,142
2018,2,Districte II,4,la Torrassa,232,75 i +,70,50,120
2018,3,Districte III,6,Santa Eulàlia,319,18-24,56,54,110
2018,2,Districte II,5,Collblanc,204,75 i +,109,59,168
2018,4,Districte IV,7,la Florida,431,50-64,134,109,243
2018,1,Districte I,3,Sant Josep,139,75 i +,46,35,81
2018,2,Districte II,5,Collblanc,212,35-49,210,196,406
2018,5,Districte V,10,Pubilla Cases,510,03-11,47,40,87
2018,1,Districte I,1,Centre,124,16-17,7,6,13
2018,6,Districte VI,12,Bellvitge,613,50-64,83,84,167
2018,6,Districte VI,12,Bellvitge,615,12-15,12,10,22
2018,6,Districte VI,11,el Gornal,608,35-49,137,168,305
2018,1,Districte I,3,Sant Josep,126,03-11,29,40,69
2018,2,Districte II,4,la Torrassa,234,16-17,9,6,15
2018,4,Districte IV,7,la Florida,405,50-64,166,167,333
2018,3,Districte III,6,Santa Eulàlia,324,65-74,44,30,74
2018,3,Districte III,6,Santa Eulàlia,328,18-24,52,41,93
2018,4,Districte IV,7,la Florida,432,65-74,95,83,178
2018,6,Districte VI,12,Bellvitge,610,03-11,37,45,82
2018,1,Districte I,3,Sant Josep,119,03-11,41,34,75
2018,5,Districte V,10,Pubilla Cases,537,35-49,156,135,291
2018,1,Districte I,3,Sant Josep,106,18-24,45,51,96
2018,5,Districte V,10,Pubilla Cases,534,50-64,76,74,150
2018,5,Districte V,10,Pubilla Cases,537,18-24,55,55,110
2018,2,Districte II,4,la Torrassa,237,03-11,72,62,134
2018,2,Districte II,5,Collblanc,226,50-64,195,147,342
2018,1,Districte I,2,Sanfeliu,129,50-64,101,100,201
2018,4,Districte IV,8,les Planes,419,75 i +,121,69,190
2018,1,Districte I,3,Sant Josep,125,12-15,35,35,70
2018,2,Districte II,5,Collblanc,208,00-02,14,18,32
2018,1,Districte I,1,Centre,128,65-74,64,42,106
2018,1,Districte I,3,Sant Josep,115,65-74,82,74,156
2018,3,Districte III,6,Santa Eulàlia,314,25-34,127,182,309
2018,1,Districte I,1,Centre,110,50-64,107,86,193
2018,6,Districte VI,12,Bellvitge,606,00-02,9,21,30
2018,4,Districte IV,7,la Florida,412,50-64,173,129,302
2018,2,Districte II,5,Collblanc,216,50-64,123,102,225
2018,4,Districte IV,7,la Florida,405,00-02,23,29,52
2018,2,Districte II,4,la Torrassa,231,50-64,112,104,216
2018,5,Districte V,10,Pubilla Cases,513,18-24,61,67,128
2018,6,Districte VI,12,Bellvitge,624,00-02,11,7,18
2018,6,Districte VI,12,Bellvitge,621,25-34,69,68,137
2018,4,Districte IV,7,la Florida,406,16-17,12,13,25
2018,1,Districte I,3,Sant Josep,106,03-11,61,69,130
2018,1,Districte I,2,Sanfeliu,116,65-74,121,81,202
2018,6,Districte VI,12,Bellvitge,614,03-11,32,48,80
2018,5,Districte V,10,Pubilla Cases,533,00-02,25,28,53
2018,2,Districte II,4,la Torrassa,233,03-11,49,61,110
2018,1,Districte I,1,Centre,124,00-02,11,13,24
2018,4,Districte IV,7,la Florida,406,65-74,66,58,124
2018,1,Districte I,1,Centre,112,00-02,20,16,36
2018,5,Districte V,9,Can Serra,501,75 i +,57,42,99
2018,6,Districte VI,12,Bellvitge,625,35-49,116,109,225
2018,2,Districte II,5,Collblanc,216,12-15,32,31,63
2018,5,Districte V,9,Can Serra,535,00-02,6,4,10
2018,1,Districte I,3,Sant Josep,136,65-74,65,68,133
2018,1,Districte I,3,Sant Josep,125,50-64,140,140,280
2018,1,Districte I,3,Sant Josep,137,35-49,187,155,342
2018,3,Districte III,6,Santa Eulàlia,326,03-11,88,97,185
2018,6,Districte VI,12,Bellvitge,627,03-11,24,36,60
2018,1,Districte I,3,Sant Josep,127,03-11,28,27,55
2018,3,Districte III,6,Santa Eulàlia,317,75 i +,42,24,66
2018,3,Districte III,6,Santa Eulàlia,324,75 i +,41,28,69
2018,2,Districte II,4,la Torrassa,247,18-24,48,36,84
2018,6,Districte VI,12,Bellvitge,612,25-34,46,42,88
2018,5,Districte V,10,Pubilla Cases,534,65-74,52,48,100
2018,3,Districte III,6,Santa Eulàlia,319,12-15,46,46,92
2018,2,Districte II,5,Collblanc,202,03-11,70,77,147
2018,1,Districte I,1,Centre,124,50-64,95,75,170
2018,2,Districte II,5,Collblanc,220,50-64,178,155,333
2018,1,Districte I,1,Centre,105,65-74,82,70,152
2018,2,Districte II,4,la Torrassa,229,35-49,257,258,515
2018,3,Districte III,6,Santa Eulàlia,310,03-11,43,46,89
2018,5,Districte V,10,Pubilla Cases,534,16-17,9,10,19
2018,6,Districte VI,12,Bellvitge,631,25-34,50,52,102
2018,2,Districte II,4,la Torrassa,228,18-24,97,96,193
2018,3,Districte III,6,Santa Eulàlia,315,03-11,82,75,157
2018,4,Districte IV,7,la Florida,414,35-49,267,257,524
2018,1,Districte I,1,Centre,135,35-49,163,189,352
2018,3,Districte III,6,Santa Eulàlia,319,50-64,167,148,315
2018,2,Districte II,5,Collblanc,201,12-15,34,36,70
2018,5,Districte V,10,Pubilla Cases,511,00-02,32,40,72
2018,6,Districte VI,11,el Gornal,622,03-11,27,27,54
2018,6,Districte VI,12,Bellvitge,625,00-02,15,10,25
2018,2,Districte II,4,la Torrassa,238,16-17,7,4,11
2018,3,Districte III,6,Santa Eulàlia,314,75 i +,87,66,153
2018,1,Districte I,1,Centre,104,03-11,36,26,62
2018,3,Districte III,6,Santa Eulàlia,307,03-11,56,41,97
2018,6,Districte VI,11,el Gornal,626,00-02,11,14,25
2018,5,Districte V,10,Pubilla Cases,518,03-11,51,44,95
2018,6,Districte VI,12,Bellvitge,631,18-24,32,28,60
2018,6,Districte VI,12,Bellvitge,618,12-15,37,27,64
2018,5,Districte V,10,Pubilla Cases,514,35-49,191,179,370
2018,5,Districte V,10,Pubilla Cases,531,18-24,52,51,103
2018,5,Districte V,9,Can Serra,535,25-34,58,62,120
2018,6,Districte VI,12,Bellvitge,624,65-74,116,79,195
2018,1,Districte I,3,Sant Josep,126,00-02,15,11,26
2018,5,Districte V,10,Pubilla Cases,511,16-17,20,16,36
2018,1,Districte I,1,Centre,107,03-11,68,60,128
2018,6,Districte VI,12,Bellvitge,611,03-11,77,96,173
2018,1,Districte I,1,Centre,141,18-24,20,23,43
2018,4,Districte IV,8,les Planes,419,50-64,161,175,336
2018,1,Districte I,1,Centre,112,16-17,17,17,34
2018,3,Districte III,6,Santa Eulàlia,322,16-17,15,18,33
2018,3,Districte III,6,Santa Eulàlia,316,03-11,49,75,124
2018,1,Districte I,3,Sant Josep,138,00-02,7,10,17
2018,2,Districte II,4,la Torrassa,248,50-64,124,112,236
2018,4,Districte IV,7,la Florida,426,35-49,120,162,282
2018,2,Districte II,4,la Torrassa,231,35-49,178,184,362
2018,5,Districte V,10,Pubilla Cases,529,00-02,16,16,32
2018,3,Districte III,6,Santa Eulàlia,302,12-15,16,10,26
2018,1,Districte I,3,Sant Josep,126,18-24,34,31,65
2018,4,Districte IV,7,la Florida,404,25-34,115,100,215
2018,1,Districte I,3,Sant Josep,115,18-24,40,54,94
2018,2,Districte II,4,la Torrassa,249,75 i +,68,39,107
2018,2,Districte II,5,Collblanc,220,18-24,73,72,145
2018,3,Districte III,6,Santa Eulàlia,309,16-17,11,12,23
2018,1,Districte I,3,Sant Josep,136,03-11,61,58,119
2018,2,Districte II,4,la Torrassa,249,35-49,121,119,240
2018,1,Districte I,3,Sant Josep,125,00-02,13,15,28
2018,6,Districte VI,12,Bellvitge,613,03-11,39,50,89
2018,5,Districte V,9,Can Serra,504,03-11,31,44,75
2018,2,Districte II,4,la Torrassa,211,50-64,124,100,224
2018,2,Districte II,5,Collblanc,224,65-74,49,37,86
2018,1,Districte I,3,Sant Josep,127,50-64,100,82,182
2018,4,Districte IV,7,la Florida,421,16-17,18,17,35
2018,4,Districte IV,7,la Florida,432,75 i +,80,55,135
2018,4,Districte IV,7,la Florida,409,03-11,85,87,172
2018,2,Districte II,4,la Torrassa,217,18-24,55,62,117
2018,3,Districte III,6,Santa Eulàlia,321,16-17,13,18,31
2018,2,Districte II,5,Collblanc,205,75 i +,69,51,120
2018,3,Districte III,6,Santa Eulàlia,301,25-34,74,91,165
2018,2,Districte II,5,Collblanc,209,25-34,86,86,172
2018,4,Districte IV,7,la Florida,407,75 i +,79,48,127
2018,1,Districte I,3,Sant Josep,139,00-02,9,6,15
2018,5,Districte V,10,Pubilla Cases,508,16-17,16,11,27
2018,2,Districte II,4,la Torrassa,247,03-11,75,67,142
2018,6,Districte VI,12,Bellvitge,631,00-02,8,12,20
2018,2,Districte II,5,Collblanc,202,18-24,68,83,151
2018,1,Districte I,1,Centre,128,03-11,42,53,95
2018,3,Districte III,6,Santa Eulàlia,314,12-15,36,41,77
2018,5,Districte V,10,Pubilla Cases,514,50-64,131,125,256
2018,5,Districte V,10,Pubilla Cases,530,65-74,58,37,95
2018,3,Districte III,6,Santa Eulàlia,301,16-17,9,8,17
2018,5,Districte V,10,Pubilla Cases,533,35-49,242,262,504
2018,4,Districte IV,7,la Florida,414,50-64,169,142,311
2018,2,Districte II,5,Collblanc,221,03-11,83,88,171
2018,5,Districte V,10,Pubilla Cases,532,75 i +,102,66,168
2018,2,Districte II,4,la Torrassa,246,65-74,35,31,66
2018,2,Districte II,4,la Torrassa,245,65-74,53,35,88
2018,2,Districte II,4,la Torrassa,247,65-74,53,39,92
2018,1,Districte I,1,Centre,102,50-64,149,131,280
2018,1,Districte I,1,Centre,134,75 i +,105,49,154
2018,6,Districte VI,12,Bellvitge,601,65-74,127,92,219
2018,1,Districte I,3,Sant Josep,117,65-74,130,113,243
2018,2,Districte II,4,la Torrassa,217,35-49,191,210,401
2018,1,Districte I,2,Sanfeliu,132,75 i +,111,83,194
2018,1,Districte I,1,Centre,101,12-15,39,39,78
2018,5,Districte V,9,Can Serra,503,16-17,3,7,10
2018,4,Districte IV,8,les Planes,435,65-74,38,29,67
2018,4,Districte IV,7,la Florida,431,25-34,128,140,268
2018,3,Districte III,6,Santa Eulàlia,327,16-17,18,8,26
2018,1,Districte I,1,Centre,105,75 i +,58,47,105
2018,6,Districte VI,12,Bellvitge,612,18-24,29,40,69
2018,1,Districte I,3,Sant Josep,121,35-49,125,125,250
2018,2,Districte II,4,la Torrassa,228,12-15,44,57,101
2018,2,Districte II,5,Collblanc,224,50-64,122,96,218
2018,4,Districte IV,7,la Florida,414,03-11,95,90,185
2018,5,Districte V,10,Pubilla Cases,520,75 i +,63,41,104
2018,3,Districte III,6,Santa Eulàlia,329,65-74,31,40,71
2018,3,Districte III,6,Santa Eulàlia,321,25-34,131,138,269
2018,6,Districte VI,11,el Gornal,608,12-15,26,26,52
2018,1,Districte I,3,Sant Josep,127,65-74,27,23,50
2018,1,Districte I,1,Centre,104,16-17,4,7,11
2018,1,Districte I,3,Sant Josep,139,50-64,80,96,176
2018,2,Districte II,4,la Torrassa,240,03-11,82,60,142
2018,5,Districte V,9,Can Serra,503,25-34,33,44,77
2018,5,Districte V,10,Pubilla Cases,531,00-02,5,17,22
2018,5,Districte V,10,Pubilla Cases,531,35-49,123,134,257
2018,2,Districte II,4,la Torrassa,243,16-17,7,12,19
2018,1,Districte I,3,Sant Josep,136,12-15,22,26,48
2018,4,Districte IV,7,la Florida,430,35-49,144,180,324
2018,1,Districte I,3,Sant Josep,115,25-34,57,96,153
2018,5,Districte V,9,Can Serra,502,00-02,20,13,33
2018,5,Districte V,9,Can Serra,505,50-64,105,102,207
2018,2,Districte II,5,Collblanc,224,18-24,39,44,83
2018,4,Districte IV,7,la Florida,425,16-17,7,10,17
2018,3,Districte III,6,Santa Eulàlia,310,18-24,34,29,63
2018,3,Districte III,6,Santa Eulàlia,324,03-11,64,63,127
2018,2,Districte II,4,la Torrassa,228,65-74,78,51,129
2018,5,Districte V,9,Can Serra,502,75 i +,136,90,226
2018,1,Districte I,1,Centre,128,50-64,82,84,166
2018,2,Districte II,4,la Torrassa,217,12-15,16,26,42
2018,1,Districte I,3,Sant Josep,121,00-02,9,17,26
2018,1,Districte I,2,Sanfeliu,116,00-02,9,12,21
2018,4,Districte IV,7,la Florida,423,03-11,46,45,91
2018,3,Districte III,6,Santa Eulàlia,324,16-17,14,11,25
2018,3,Districte III,6,Santa Eulàlia,314,16-17,14,15,29
2018,1,Districte I,1,Centre,111,03-11,36,19,55
2018,4,Districte IV,8,les Planes,418,75 i +,84,70,154
2018,4,Districte IV,8,les Planes,418,18-24,56,55,111
2018,6,Districte VI,11,el Gornal,626,03-11,34,39,73
2018,1,Districte I,3,Sant Josep,125,35-49,214,213,427
2018,4,Districte IV,7,la Florida,430,16-17,15,8,23
2018,1,Districte I,1,Centre,133,35-49,98,114,212
2018,5,Districte V,10,Pubilla Cases,537,03-11,55,47,102
2018,5,Districte V,9,Can Serra,535,50-64,105,86,191
2018,3,Districte III,6,Santa Eulàlia,305,16-17,16,13,29
2018,5,Districte V,9,Can Serra,521,12-15,11,20,31
2018,6,Districte VI,12,Bellvitge,627,00-02,6,9,15
2018,3,Districte III,6,Santa Eulàlia,321,12-15,43,39,82
2018,1,Districte I,3,Sant Josep,125,16-17,11,13,24
2018,6,Districte VI,12,Bellvitge,623,12-15,21,38,59
2018,4,Districte IV,7,la Florida,425,12-15,17,21,38
2018,1,Districte I,3,Sant Josep,137,16-17,17,17,34
2018,4,Districte IV,7,la Florida,404,18-24,56,70,126
2018,2,Districte II,5,Collblanc,223,16-17,12,10,22
2018,6,Districte VI,12,Bellvitge,607,50-64,105,92,197
2018,2,Districte II,4,la Torrassa,238,12-15,12,16,28
2018,1,Districte I,1,Centre,108,16-17,18,12,30
2018,1,Districte I,3,Sant Josep,137,00-02,16,21,37
2018,1,Districte I,1,Centre,135,16-17,12,13,25
2018,6,Districte VI,12,Bellvitge,612,50-64,73,73,146
2018,5,Districte V,9,Can Serra,504,18-24,28,32,60
2018,4,Districte IV,7,la Florida,421,00-02,16,18,34
2018,2,Districte II,4,la Torrassa,240,75 i +,106,67,173
2018,4,Districte IV,8,les Planes,433,12-15,37,31,68
2018,6,Districte VI,11,el Gornal,608,65-74,72,50,122
2018,1,Districte I,1,Centre,123,00-02,12,14,26
2018,4,Districte IV,7,la Florida,426,03-11,51,50,101
2018,4,Districte IV,7,la Florida,404,12-15,32,25,57
2018,6,Districte VI,12,Bellvitge,613,25-34,48,52,100
2018,4,Districte IV,7,la Florida,431,35-49,214,235,449
2018,1,Districte I,1,Centre,110,75 i +,83,66,149
2018,5,Districte V,9,Can Serra,535,65-74,95,60,155
2018,3,Districte III,6,Santa Eulàlia,304,50-64,130,137,267
2018,2,Districte II,5,Collblanc,202,35-49,236,269,505
2018,2,Districte II,4,la Torrassa,232,00-02,19,16,35
2018,3,Districte III,6,Santa Eulàlia,327,35-49,141,144,285
2018,6,Districte VI,12,Bellvitge,605,03-11,77,66,143
2018,3,Districte III,6,Santa Eulàlia,326,16-17,5,6,11
2018,5,Districte V,9,Can Serra,502,35-49,179,195,374
2018,6,Districte VI,12,Bellvitge,619,65-74,88,77,165
2018,2,Districte II,5,Collblanc,204,50-64,158,140,298
2018,3,Districte III,6,Santa Eulàlia,302,18-24,36,46,82
2018,1,Districte I,3,Sant Josep,114,50-64,153,126,279
2018,3,Districte III,6,Santa Eulàlia,305,65-74,98,84,182
2018,4,Districte IV,7,la Florida,405,12-15,31,21,52
2018,6,Districte VI,11,el Gornal,608,50-64,146,130,276
2018,2,Districte II,5,Collblanc,202,75 i +,81,65,146
2018,5,Districte V,10,Pubilla Cases,525,16-17,16,7,23
2018,5,Districte V,10,Pubilla Cases,525,12-15,21,12,33
2018,2,Districte II,4,la Torrassa,240,18-24,78,79,157
2018,4,Districte IV,8,les Planes,441,50-64,244,199,443
2018,1,Districte I,3,Sant Josep,139,35-49,105,114,219
2018,4,Districte IV,7,la Florida,416,18-24,60,68,128
2018,6,Districte VI,12,Bellvitge,602,35-49,149,139,288
2018,5,Districte V,9,Can Serra,507,25-34,56,69,125
2018,3,Districte III,6,Santa Eulàlia,301,65-74,89,72,161
2018,3,Districte III,6,Santa Eulàlia,323,65-74,129,133,262
2018,4,Districte IV,7,la Florida,411,18-24,42,46,88
2018,2,Districte II,5,Collblanc,205,03-11,40,29,69
2018,1,Districte I,1,Centre,102,18-24,48,50,98
2018,2,Districte II,4,la Torrassa,243,12-15,29,36,65
2018,2,Districte II,5,Collblanc,208,50-64,165,129,294
2018,1,Districte I,1,Centre,124,12-15,19,15,34
2018,5,Districte V,10,Pubilla Cases,538,00-02,23,19,42
2018,2,Districte II,4,la Torrassa,249,50-64,100,97,197
2018,1,Districte I,3,Sant Josep,140,03-11,51,52,103
2018,1,Districte I,3,Sant Josep,119,35-49,116,136,252
2018,2,Districte II,5,Collblanc,220,12-15,36,33,69
2018,2,Districte II,4,la Torrassa,232,18-24,53,53,106
2018,6,Districte VI,12,Bellvitge,610,75 i +,93,92,185
2018,2,Districte II,5,Collblanc,220,75 i +,100,47,147
2018,2,Districte II,4,la Torrassa,229,00-02,30,37,67
2018,5,Districte V,10,Pubilla Cases,514,75 i +,90,60,150
2018,2,Districte II,5,Collblanc,208,35-49,165,154,319
2018,3,Districte III,6,Santa Eulàlia,314,50-64,284,227,511
2018,6,Districte VI,12,Bellvitge,630,03-11,30,44,74
2018,1,Districte I,1,Centre,134,50-64,147,119,266
2018,1,Districte I,3,Sant Josep,127,16-17,8,8,16
2018,1,Districte I,3,Sant Josep,138,18-24,34,17,51
2018,4,Districte IV,8,les Planes,419,16-17,21,22,43
2018,2,Districte II,5,Collblanc,201,65-74,52,31,83
2018,3,Districte III,6,Santa Eulàlia,310,25-34,74,63,137
2018,3,Districte III,6,Santa Eulàlia,323,00-02,20,21,41
2018,5,Districte V,9,Can Serra,535,03-11,32,25,57
2018,5,Districte V,10,Pubilla Cases,525,03-11,47,48,95
2018,6,Districte VI,11,el Gornal,626,50-64,74,74,148
2018,5,Districte V,10,Pubilla Cases,538,50-64,129,118,247
2018,4,Districte IV,8,les Planes,440,35-49,111,110,221
2018,1,Districte I,2,Sanfeliu,132,12-15,39,26,65
2018,3,Districte III,6,Santa Eulàlia,315,35-49,244,253,497
2018,1,Districte I,3,Sant Josep,126,75 i +,81,71,152
2018,5,Districte V,10,Pubilla Cases,532,35-49,180,196,376
2018,1,Districte I,1,Centre,111,35-49,91,93,184
2018,3,Districte III,6,Santa Eulàlia,321,35-49,233,204,437
2018,4,Districte IV,8,les Planes,433,25-34,154,150,304
2018,5,Districte V,10,Pubilla Cases,532,25-34,115,94,209
2018,2,Districte II,5,Collblanc,207,65-74,82,62,144
2018,1,Districte I,1,Centre,103,25-34,53,47,100
2018,4,Districte IV,7,la Florida,427,65-74,49,33,82
2018,2,Districte II,4,la Torrassa,242,18-24,49,42,91
2018,1,Districte I,3,Sant Josep,117,50-64,236,209,445
2018,5,Districte V,10,Pubilla Cases,532,65-74,70,48,118
2018,3,Districte III,6,Santa Eulàlia,304,75 i +,88,48,136
2018,3,Districte III,6,Santa Eulàlia,309,75 i +,50,25,75
2018,2,Districte II,4,la Torrassa,249,18-24,43,47,90
2018,5,Districte V,10,Pubilla Cases,511,25-34,190,163,353
2018,2,Districte II,5,Collblanc,214,25-34,192,194,386
2018,3,Districte III,6,Santa Eulàlia,322,00-02,20,30,50
2018,4,Districte IV,8,les Planes,441,75 i +,115,84,199
2018,4,Districte IV,8,les Planes,435,12-15,19,27,46
2018,2,Districte II,4,la Torrassa,246,25-34,88,99,187
2018,6,Districte VI,12,Bellvitge,623,25-34,58,64,122
2018,3,Districte III,6,Santa Eulàlia,320,18-24,10,9,19
2018,5,Districte V,10,Pubilla Cases,534,35-49,137,127,264
2018,3,Districte III,6,Santa Eulàlia,307,65-74,129,116,245
2018,5,Districte V,10,Pubilla Cases,529,25-34,109,100,209
2018,3,Districte III,6,Santa Eulàlia,301,00-02,20,5,25
2018,5,Districte V,10,Pubilla Cases,508,18-24,65,58,123
2018,2,Districte II,5,Collblanc,204,18-24,69,75,144
2018,6,Districte VI,11,el Gornal,632,03-11,37,46,83
2018,6,Districte VI,12,Bellvitge,609,75 i +,60,56,116
2018,1,Districte I,1,Centre,103,12-15,12,11,23
2018,6,Districte VI,12,Bellvitge,606,75 i +,81,62,143
2018,3,Districte III,6,Santa Eulàlia,317,18-24,44,58,102
2018,1,Districte I,3,Sant Josep,122,35-49,132,132,264
2018,6,Districte VI,12,Bellvitge,606,25-34,61,58,119
2018,1,Districte I,3,Sant Josep,137,25-34,84,75,159
2018,2,Districte II,4,la Torrassa,211,16-17,11,19,30
2018,3,Districte III,13,Granvia Sud,320,00-02,5,13,18
2018,4,Districte IV,7,la Florida,407,16-17,9,15,24
2018,2,Districte II,4,la Torrassa,248,16-17,11,8,19
2018,1,Districte I,3,Sant Josep,137,65-74,97,67,164
2018,3,Districte III,6,Santa Eulàlia,311,75 i +,91,60,151
2018,5,Districte V,10,Pubilla Cases,528,65-74,51,41,92
2018,3,Districte III,6,Santa Eulàlia,311,18-24,57,61,118
2018,4,Districte IV,8,les Planes,435,35-49,119,179,298
2018,1,Districte I,3,Sant Josep,117,75 i +,98,66,164
2018,2,Districte II,4,la Torrassa,242,35-49,144,152,296
2018,4,Districte IV,7,la Florida,432,35-49,141,151,292
2018,6,Districte VI,11,el Gornal,622,75 i +,38,25,63
2018,6,Districte VI,12,Bellvitge,607,65-74,48,23,71
2018,3,Districte III,6,Santa Eulàlia,313,18-24,60,59,119
2018,2,Districte II,4,la Torrassa,233,12-15,8,17,25
2018,4,Districte IV,7,la Florida,402,50-64,102,80,182
2018,1,Districte I,3,Sant Josep,136,16-17,11,12,23
2018,6,Districte VI,12,Bellvitge,627,25-34,38,54,92
2018,2,Districte II,4,la Torrassa,246,12-15,37,20,57
2018,6,Districte VI,12,Bellvitge,627,12-15,11,13,24
2018,5,Districte V,10,Pubilla Cases,513,75 i +,104,63,167
2018,4,Districte IV,8,les Planes,418,16-17,11,17,28
2018,4,Districte IV,7,la Florida,432,50-64,128,106,234
2018,2,Districte II,4,la Torrassa,247,12-15,34,30,64
2018,5,Districte V,9,Can Serra,501,65-74,109,111,220
2018,4,Districte IV,8,les Planes,419,00-02,31,37,68
2018,3,Districte III,6,Santa Eulàlia,308,18-24,84,97,181
2018,5,Districte V,10,Pubilla Cases,528,35-49,163,153,316
2018,6,Districte VI,12,Bellvitge,601,18-24,71,75,146
2018,4,Districte IV,8,les Planes,441,16-17,14,18,32
2018,5,Districte V,10,Pubilla Cases,532,50-64,124,82,206
2018,6,Districte VI,12,Bellvitge,607,35-49,101,128,229
2018,5,Districte V,10,Pubilla Cases,530,75 i +,93,68,161
2018,5,Districte V,9,Can Serra,507,16-17,7,10,17
2018,3,Districte III,6,Santa Eulàlia,310,65-74,47,62,109
2018,4,Districte IV,7,la Florida,432,12-15,21,17,38
2018,3,Districte III,6,Santa Eulàlia,302,35-49,174,186,360
2018,1,Districte I,1,Centre,109,00-02,14,11,25
2018,4,Districte IV,8,les Planes,420,35-49,220,270,490
2018,4,Districte IV,7,la Florida,411,65-74,62,42,104
2018,1,Districte I,3,Sant Josep,122,50-64,64,62,126
2018,1,Districte I,1,Centre,111,75 i +,72,49,121
2018,6,Districte VI,12,Bellvitge,611,50-64,153,157,310
2018,3,Districte III,6,Santa Eulàlia,327,12-15,22,30,52
2018,3,Districte III,6,Santa Eulàlia,317,12-15,21,30,51
2018,1,Districte I,1,Centre,104,25-34,43,42,85
2018,5,Districte V,9,Can Serra,501,12-15,11,20,31
2018,2,Districte II,4,la Torrassa,234,18-24,40,57,97
2018,1,Districte I,1,Centre,104,65-74,43,33,76
2018,4,Districte IV,7,la Florida,406,50-64,139,126,265
2018,1,Districte I,1,Centre,104,12-15,14,19,33
2018,6,Districte VI,12,Bellvitge,609,65-74,73,46,119
2018,3,Districte III,6,Santa Eulàlia,310,35-49,101,123,224
2018,3,Districte III,6,Santa Eulàlia,321,03-11,55,80,135
2018,3,Districte III,6,Santa Eulàlia,305,25-34,135,98,233
2018,3,Districte III,6,Santa Eulàlia,314,65-74,145,129,274
2018,6,Districte VI,12,Bellvitge,601,25-34,107,123,230
2018,1,Districte I,3,Sant Josep,117,03-11,60,73,133
2018,2,Districte II,5,Collblanc,205,18-24,38,43,81
2018,5,Districte V,10,Pubilla Cases,523,65-74,63,43,106
2018,4,Districte IV,8,les Planes,440,75 i +,84,77,161
2018,6,Districte VI,12,Bellvitge,602,25-34,61,68,129
2018,3,Districte III,6,Santa Eulàlia,319,75 i +,47,36,83
2018,2,Districte II,4,la Torrassa,231,65-74,34,26,60
2018,1,Districte I,1,Centre,102,16-17,17,10,27
2018,2,Districte II,5,Collblanc,201,25-34,150,133,283
2018,5,Districte V,10,Pubilla Cases,510,35-49,124,130,254
2018,6,Districte VI,11,el Gornal,617,65-74,66,45,111
2018,6,Districte VI,11,el Gornal,626,65-74,71,55,126
2018,2,Districte II,4,la Torrassa,232,25-34,82,84,166
2018,1,Districte I,1,Centre,111,12-15,9,21,30
2018,2,Districte II,4,la Torrassa,232,12-15,11,19,30
2018,2,Districte II,5,Collblanc,214,00-02,48,42,90
2018,2,Districte II,4,la Torrassa,233,00-02,12,15,27
2018,3,Districte III,6,Santa Eulàlia,318,25-34,39,51,90
2018,6,Districte VI,11,el Gornal,626,16-17,4,10,14
2018,2,Districte II,4,la Torrassa,228,16-17,16,27,43
2018,6,Districte VI,11,el Gornal,622,18-24,20,39,59
2018,2,Districte II,4,la Torrassa,247,35-49,172,160,332
2018,6,Districte VI,11,el Gornal,617,25-34,53,47,100
2018,3,Districte III,6,Santa Eulàlia,329,16-17,13,17,30
2018,3,Districte III,6,Santa Eulàlia,305,75 i +,79,46,125
2018,4,Districte IV,8,les Planes,401,25-34,89,83,172
2018,4,Districte IV,7,la Florida,409,12-15,26,34,60
2018,2,Districte II,5,Collblanc,224,16-17,9,9,18
2018,5,Districte V,10,Pubilla Cases,508,65-74,57,33,90
2018,5,Districte V,9,Can Serra,504,00-02,13,18,31
2018,1,Districte I,1,Centre,130,03-11,46,44,90
2018,1,Districte I,1,Centre,113,35-49,221,196,417
2018,2,Districte II,5,Collblanc,209,16-17,8,8,16
2018,1,Districte I,3,Sant Josep,139,18-24,37,42,79
2018,3,Districte III,6,Santa Eulàlia,306,03-11,58,63,121
2018,1,Districte I,1,Centre,108,25-34,117,97,214
2018,2,Districte II,4,la Torrassa,236,25-34,84,90,174
2018,4,Districte IV,8,les Planes,433,18-24,98,68,166
2018,4,Districte IV,8,les Planes,401,00-02,13,13,26
2018,4,Districte IV,7,la Florida,403,65-74,74,53,127
2018,4,Districte IV,7,la Florida,410,65-74,104,80,184
2018,1,Districte I,2,Sanfeliu,129,16-17,6,18,24
2018,6,Districte VI,11,el Gornal,608,16-17,14,10,24
2018,4,Districte IV,8,les Planes,440,25-34,59,66,125
2018,6,Districte VI,11,el Gornal,626,18-24,29,30,59
2018,2,Districte II,5,Collblanc,204,12-15,22,25,47
2018,5,Districte V,9,Can Serra,501,18-24,36,36,72
2018,5,Districte V,10,Pubilla Cases,520,18-24,31,40,71
2018,4,Districte IV,7,la Florida,410,25-34,100,112,212
2018,1,Districte I,1,Centre,123,12-15,18,20,38
2018,6,Districte VI,12,Bellvitge,627,16-17,7,8,15
2018,3,Districte III,6,Santa Eulàlia,325,12-15,37,30,67
2018,5,Districte V,10,Pubilla Cases,510,75 i +,77,43,120
2018,1,Districte I,1,Centre,101,35-49,215,229,444
2018,1,Districte I,1,Centre,103,16-17,8,8,16
2018,6,Districte VI,11,el Gornal,617,12-15,11,21,32
2018,3,Districte III,6,Santa Eulàlia,314,35-49,277,288,565
2018,4,Districte IV,7,la Florida,403,12-15,22,15,37
2018,4,Districte IV,7,la Florida,422,00-02,20,18,38
2018,3,Districte III,6,Santa Eulàlia,323,25-34,90,86,176
2018,3,Districte III,6,Santa Eulàlia,309,25-34,94,68,162
2018,4,Districte IV,7,la Florida,403,25-34,82,78,160
2018,3,Districte III,6,Santa Eulàlia,304,25-34,166,159,325
2018,1,Districte I,1,Centre,102,75 i +,134,96,230
2018,1,Districte I,1,Centre,103,00-02,14,12,26
2018,2,Districte II,4,la Torrassa,240,50-64,167,147,314
2018,1,Districte I,3,Sant Josep,117,35-49,208,206,414
2018,4,Districte IV,8,les Planes,437,50-64,152,142,294
2018,1,Districte I,1,Centre,133,12-15,15,15,30
2018,2,Districte II,4,la Torrassa,217,75 i +,67,46,113
2018,2,Districte II,5,Collblanc,220,65-74,69,42,111
2018,4,Districte IV,7,la Florida,427,18-24,78,82,160
2018,3,Districte III,6,Santa Eulàlia,308,25-34,97,99,196
2018,2,Districte II,4,la Torrassa,243,00-02,26,17,43
2018,2,Districte II,5,Collblanc,205,25-34,73,81,154
2018,5,Districte V,10,Pubilla Cases,523,50-64,121,123,244
2018,2,Districte II,5,Collblanc,209,75 i +,67,46,113
2018,6,Districte VI,12,Bellvitge,619,00-02,8,13,21
2018,5,Districte V,10,Pubilla Cases,508,35-49,185,186,371
2018,6,Districte VI,11,el Gornal,617,03-11,31,59,90
2018,2,Districte II,5,Collblanc,212,25-34,128,136,264
2018,5,Districte V,10,Pubilla Cases,530,16-17,12,11,23
2018,2,Districte II,4,la Torrassa,234,25-34,98,104,202
2018,1,Districte I,3,Sant Josep,140,12-15,14,25,39
2018,5,Districte V,10,Pubilla Cases,514,18-24,74,71,145
2018,2,Districte II,5,Collblanc,221,65-74,76,67,143
2018,4,Districte IV,7,la Florida,423,12-15,21,20,41
2018,1,Districte I,3,Sant Josep,119,16-17,5,10,15
2018,6,Districte VI,11,el Gornal,632,12-15,23,26,49
2018,4,Districte IV,8,les Planes,436,00-02,25,33,58
2018,2,Districte II,4,la Torrassa,246,35-49,177,191,368
2018,6,Districte VI,12,Bellvitge,612,35-49,111,140,251
2018,6,Districte VI,12,Bellvitge,614,35-49,102,108,210
2018,5,Districte V,10,Pubilla Cases,525,18-24,47,34,81
2018,5,Districte V,10,Pubilla Cases,537,00-02,17,14,31
2018,5,Districte V,10,Pubilla Cases,530,00-02,37,40,77
2018,4,Districte IV,7,la Florida,422,12-15,16,23,39
2018,4,Districte IV,7,la Florida,414,75 i +,88,55,143
2018,6,Districte VI,12,Bellvitge,613,12-15,15,24,39
2018,5,Districte V,10,Pubilla Cases,523,35-49,190,181,371
2018,6,Districte VI,12,Bellvitge,619,16-17,9,6,15
2018,6,Districte VI,12,Bellvitge,609,00-02,14,11,25
2018,1,Districte I,2,Sanfeliu,116,50-64,144,124,268
2018,2,Districte II,4,la Torrassa,246,03-11,62,58,120
2018,4,Districte IV,8,les Planes,418,50-64,123,128,251
2018,2,Districte II,4,la Torrassa,211,65-74,39,39,78
2018,1,Districte I,1,Centre,113,65-74,116,103,219
2018,4,Districte IV,8,les Planes,401,75 i +,88,53,141
2018,3,Districte III,6,Santa Eulàlia,316,65-74,188,177,365
2018,1,Districte I,1,Centre,131,25-34,78,66,144
2018,2,Districte II,4,la Torrassa,211,35-49,182,196,378
2018,5,Districte V,10,Pubilla Cases,513,16-17,8,21,29
2018,2,Districte II,4,la Torrassa,232,50-64,98,100,198
2018,2,Districte II,4,la Torrassa,243,25-34,141,134,275
2018,6,Districte VI,11,el Gornal,632,16-17,14,6,20
2018,6,Districte VI,12,Bellvitge,614,18-24,22,31,53
2018,2,Districte II,5,Collblanc,205,65-74,54,34,88
2018,2,Districte II,5,Collblanc,214,12-15,47,55,102
2018,5,Districte V,10,Pubilla Cases,518,50-64,99,101,200
2018,5,Districte V,10,Pubilla Cases,510,12-15,15,17,32
2018,4,Districte IV,7,la Florida,430,18-24,41,61,102
2018,6,Districte VI,12,Bellvitge,619,25-34,53,67,120
2018,6,Districte VI,12,Bellvitge,610,35-49,131,99,230
2018,1,Districte I,1,Centre,128,25-34,66,75,141
2018,1,Districte I,1,Centre,141,75 i +,12,5,17
2018,4,Districte IV,7,la Florida,404,00-02,17,20,37
2018,4,Districte IV,8,les Planes,419,18-24,86,96,182
2018,3,Districte III,6,Santa Eulàlia,309,12-15,16,34,50
2018,3,Districte III,13,Granvia Sud,312,12-15,23,29,52
2018,3,Districte III,6,Santa Eulàlia,304,18-24,60,47,107
2018,2,Districte II,4,la Torrassa,239,12-15,19,13,32
2018,6,Districte VI,12,Bellvitge,627,18-24,23,20,43
2018,4,Districte IV,8,les Planes,401,18-24,52,61,113
2018,1,Districte I,1,Centre,130,18-24,33,34,67
2018,6,Districte VI,12,Bellvitge,631,65-74,113,73,186
2018,5,Districte V,10,Pubilla Cases,511,18-24,84,116,200
2018,3,Districte III,6,Santa Eulàlia,307,25-34,59,72,131
2018,4,Districte IV,8,les Planes,437,03-11,75,80,155
2018,4,Districte IV,7,la Florida,414,65-74,56,53,109
2018,3,Districte III,6,Santa Eulàlia,322,35-49,199,177,376
2018,1,Districte I,3,Sant Josep,126,25-34,68,48,116
2018,5,Districte V,9,Can Serra,521,18-24,22,20,42
2018,4,Districte IV,7,la Florida,414,16-17,12,12,24
2018,3,Districte III,13,Granvia Sud,312,00-02,27,25,52
2018,1,Districte I,3,Sant Josep,120,50-64,212,188,400
2018,5,Districte V,10,Pubilla Cases,526,65-74,59,47,106
2018,1,Districte I,1,Centre,124,25-34,68,66,134
2018,3,Districte III,6,Santa Eulàlia,317,25-34,83,98,181
2018,2,Districte II,4,la Torrassa,231,03-11,62,64,126
2018,1,Districte I,2,Sanfeliu,118,50-64,169,130,299
2018,4,Districte IV,7,la Florida,402,65-74,31,26,57
2018,3,Districte III,6,Santa Eulàlia,307,75 i +,111,64,175
2018,4,Districte IV,7,la Florida,426,65-74,41,38,79
2018,3,Districte III,6,Santa Eulàlia,321,50-64,270,238,508
2018,1,Districte I,1,Centre,134,18-24,60,57,117
2018,6,Districte VI,12,Bellvitge,618,35-49,121,103,224
2018,1,Districte I,1,Centre,113,12-15,26,35,61
2018,4,Districte IV,8,les Planes,420,00-02,22,40,62
2018,4,Districte IV,8,les Planes,433,50-64,190,165,355
2018,6,Districte VI,12,Bellvitge,618,00-02,10,4,14
2018,6,Districte VI,12,Bellvitge,625,03-11,27,34,61
2018,4,Districte IV,8,les Planes,433,75 i +,63,42,105
2018,2,Districte II,5,Collblanc,209,00-02,10,19,29
2018,3,Districte III,6,Santa Eulàlia,318,65-74,48,50,98
2018,2,Districte II,4,la Torrassa,228,35-49,311,316,627
2018,1,Districte I,1,Centre,128,75 i +,63,41,104
2018,4,Districte IV,7,la Florida,406,00-02,15,25,40
2018,3,Districte III,6,Santa Eulàlia,327,25-34,84,76,160
2018,2,Districte II,4,la Torrassa,247,00-02,18,21,39
2018,4,Districte IV,8,les Planes,435,50-64,87,112,199
2018,4,Districte IV,7,la Florida,425,75 i +,73,44,117
2018,2,Districte II,4,la Torrassa,239,03-11,39,34,73
2018,5,Districte V,9,Can Serra,505,12-15,15,18,33
2018,2,Districte II,4,la Torrassa,228,00-02,34,31,65
2018,5,Districte V,9,Can Serra,503,03-11,16,24,40
2018,4,Districte IV,7,la Florida,407,18-24,52,33,85
2018,5,Districte V,9,Can Serra,503,18-24,21,26,47
2018,1,Districte I,2,Sanfeliu,116,75 i +,102,87,189
2018,5,Districte V,10,Pubilla Cases,523,75 i +,98,69,167
2018,2,Districte II,4,la Torrassa,239,50-64,117,102,219
2018,4,Districte IV,8,les Planes,433,65-74,66,65,131
2018,3,Districte III,6,Santa Eulàlia,315,50-64,195,162,357
2018,2,Districte II,4,la Torrassa,246,75 i +,74,47,121
2018,6,Districte VI,12,Bellvitge,631,35-49,131,122,253
2018,4,Districte IV,7,la Florida,431,16-17,11,21,32
2018,1,Districte I,1,Centre,103,65-74,41,32,73
2018,3,Districte III,6,Santa Eulàlia,323,75 i +,63,47,110
2018,5,Districte V,10,Pubilla Cases,526,25-34,157,147,304
2018,1,Districte I,1,Centre,131,75 i +,80,55,135
2018,4,Districte IV,8,les Planes,441,03-11,89,89,178
2018,2,Districte II,5,Collblanc,210,12-15,22,16,38
2018,1,Districte I,1,Centre,131,00-02,19,18,37
2018,1,Districte I,3,Sant Josep,120,03-11,59,53,112
2018,1,Districte I,3,Sant Josep,114,00-02,19,11,30
2018,5,Districte V,10,Pubilla Cases,531,25-34,73,68,141
2018,4,Districte IV,7,la Florida,422,03-11,63,63,126
2018,4,Districte IV,7,la Florida,427,50-64,143,138,281
2018,4,Districte IV,7,la Florida,432,00-02,18,16,34
2018,1,Districte I,3,Sant Josep,121,50-64,90,94,184
2018,6,Districte VI,12,Bellvitge,612,12-15,20,20,40
2018,5,Districte V,9,Can Serra,504,25-34,72,55,127
2018,4,Districte IV,7,la Florida,422,50-64,110,114,224
2018,5,Districte V,10,Pubilla Cases,529,12-15,27,31,58
2018,1,Districte I,1,Centre,101,00-02,33,30,63
2018,5,Districte V,9,Can Serra,535,18-24,31,34,65
2018,4,Districte IV,7,la Florida,409,18-24,84,78,162
2018,1,Districte I,1,Centre,131,35-49,148,163,311
2018,2,Districte II,5,Collblanc,226,16-17,21,13,34
2018,5,Districte V,10,Pubilla Cases,528,16-17,14,16,30
2018,6,Districte VI,11,el Gornal,622,50-64,86,80,166
2018,5,Districte V,9,Can Serra,504,65-74,84,54,138
2018,2,Districte II,4,la Torrassa,249,03-11,35,45,80
2018,1,Districte I,3,Sant Josep,114,16-17,9,14,23
2018,2,Districte II,5,Collblanc,204,35-49,209,212,421
2018,3,Districte III,6,Santa Eulàlia,308,35-49,250,213,463
2018,6,Districte VI,11,el Gornal,617,35-49,114,119,233
2018,1,Districte I,1,Centre,123,16-17,10,10,20
2018,2,Districte II,5,Collblanc,216,16-17,16,15,31
2018,4,Districte IV,7,la Florida,416,35-49,175,171,346
2018,4,Districte IV,8,les Planes,419,25-34,156,176,332
2018,2,Districte II,4,la Torrassa,239,16-17,9,12,21
2018,2,Districte II,5,Collblanc,213,00-02,18,11,29
2018,1,Districte I,1,Centre,110,03-11,38,37,75
2018,5,Districte V,10,Pubilla Cases,534,00-02,20,20,40
2018,1,Districte I,1,Centre,112,25-34,108,107,215
2018,6,Districte VI,12,Bellvitge,618,16-17,12,14,26
2018,3,Districte III,6,Santa Eulàlia,320,75 i +,1,3,4
2018,1,Districte I,3,Sant Josep,136,18-24,46,45,91
2018,1,Districte I,3,Sant Josep,121,65-74,21,21,42
2018,4,Districte IV,7,la Florida,427,16-17,16,7,23
2018,1,Districte I,3,Sant Josep,127,25-34,51,50,101
2018,3,Districte III,6,Santa Eulàlia,322,18-24,44,50,94
2018,3,Districte III,6,Santa Eulàlia,303,75 i +,157,122,279
2018,1,Districte I,2,Sanfeliu,129,65-74,65,44,109
2018,2,Districte II,5,Collblanc,213,75 i +,54,44,98
2018,5,Districte V,10,Pubilla Cases,525,00-02,18,15,33
2018,1,Districte I,1,Centre,108,65-74,66,59,125
2018,2,Districte II,4,la Torrassa,246,16-17,7,9,16
2018,1,Districte I,3,Sant Josep,120,65-74,108,98,206
2018,6,Districte VI,12,Bellvitge,611,16-17,18,10,28
2018,1,Districte I,1,Centre,111,16-17,4,11,15
2018,4,Districte IV,8,les Planes,436,12-15,28,34,62
2018,4,Districte IV,7,la Florida,409,25-34,148,169,317
2018,5,Districte V,10,Pubilla Cases,534,03-11,47,51,98
2018,5,Districte V,10,Pubilla Cases,518,75 i +,89,51,140
2018,6,Districte VI,12,Bellvitge,614,75 i +,84,58,142
2018,5,Districte V,10,Pubilla Cases,520,65-74,49,38,87
2018,6,Districte VI,12,Bellvitge,605,18-24,56,51,107
2018,4,Districte IV,7,la Florida,423,18-24,46,43,89
2018,2,Districte II,4,la Torrassa,238,50-64,76,70,146
2018,4,Districte IV,8,les Planes,401,65-74,56,51,107
2018,1,Districte I,1,Centre,105,16-17,7,14,21
2018,2,Districte II,5,Collblanc,223,75 i +,63,45,108
2018,5,Districte V,10,Pubilla Cases,518,12-15,18,18,36
2018,4,Districte IV,8,les Planes,420,50-64,213,192,405
2018,3,Districte III,6,Santa Eulàlia,314,18-24,75,70,145
2018,6,Districte VI,12,Bellvitge,618,03-11,27,47,74
2018,3,Districte III,6,Santa Eulàlia,325,18-24,58,53,111
2018,4,Districte IV,7,la Florida,421,75 i +,88,72,160
2018,6,Districte VI,12,Bellvitge,615,65-74,90,46,136
2018,6,Districte VI,11,el Gornal,626,35-49,108,102,210
2018,3,Districte III,6,Santa Eulàlia,326,00-02,40,54,94
2018,4,Districte IV,7,la Florida,416,75 i +,96,51,147
2018,1,Districte I,3,Sant Josep,138,12-15,14,9,23
2018,5,Districte V,10,Pubilla Cases,514,25-34,116,99,215
2018,3,Districte III,6,Santa Eulàlia,319,65-74,90,74,164
2018,3,Districte III,6,Santa Eulàlia,306,00-02,18,31,49
2018,4,Districte IV,8,les Planes,435,75 i +,63,23,86
2018,3,Districte III,6,Santa Eulàlia,329,75 i +,21,14,35
2018,2,Districte II,5,Collblanc,226,75 i +,123,75,198
2018,6,Districte VI,12,Bellvitge,611,25-34,111,112,223
2018,2,Districte II,4,la Torrassa,245,75 i +,68,41,109
2018,3,Districte III,6,Santa Eulàlia,324,00-02,21,8,29
2018,6,Districte VI,12,Bellvitge,625,65-74,117,109,226
2018,6,Districte VI,12,Bellvitge,623,75 i +,97,65,162
2018,1,Districte I,1,Centre,110,00-02,8,13,21
2018,2,Districte II,5,Collblanc,212,03-11,62,64,126
2018,6,Districte VI,11,el Gornal,617,75 i +,69,40,109
2018,6,Districte VI,12,Bellvitge,611,00-02,22,19,41
2018,1,Districte I,1,Centre,110,18-24,24,31,55
2018,2,Districte II,5,Collblanc,204,25-34,134,120,254
2018,1,Districte I,1,Centre,109,03-11,48,43,91
2018,4,Districte IV,7,la Florida,431,75 i +,82,38,120
2018,4,Districte IV,7,la Florida,421,65-74,65,47,112
2018,3,Districte III,6,Santa Eulàlia,303,35-49,199,214,413
2018,3,Districte III,6,Santa Eulàlia,306,65-74,91,77,168
2018,4,Districte IV,7,la Florida,407,50-64,89,80,169
2018,1,Districte I,3,Sant Josep,138,35-49,87,72,159
2018,1,Districte I,3,Sant Josep,140,75 i +,59,48,107
2018,2,Districte II,5,Collblanc,202,12-15,25,35,60
2018,6,Districte VI,12,Bellvitge,607,12-15,17,12,29
2018,1,Districte I,3,Sant Josep,122,75 i +,82,63,145
2018,2,Districte II,5,Collblanc,226,35-49,238,238,476
2018,2,Districte II,5,Collblanc,207,03-11,73,69,142
2018,1,Districte I,1,Centre,141,50-64,64,64,128
2018,1,Districte I,3,Sant Josep,119,18-24,24,34,58
2018,4,Districte IV,7,la Florida,410,75 i +,153,109,262
2018,3,Districte III,13,Granvia Sud,312,18-24,77,58,135
2018,2,Districte II,5,Collblanc,202,16-17,19,14,33
2018,5,Districte V,10,Pubilla Cases,532,18-24,59,58,117
2018,2,Districte II,5,Collblanc,213,12-15,19,20,39
2018,1,Districte I,3,Sant Josep,119,12-15,19,18,37
2018,5,Districte V,9,Can Serra,501,16-17,12,15,27
2018,3,Districte III,6,Santa Eulàlia,313,75 i +,98,74,172
2018,5,Districte V,10,Pubilla Cases,518,35-49,144,151,295
2018,6,Districte VI,12,Bellvitge,627,65-74,101,88,189
2018,1,Districte I,3,Sant Josep,115,75 i +,70,40,110
2018,4,Districte IV,7,la Florida,431,18-24,73,66,139
2018,5,Districte V,10,Pubilla Cases,528,03-11,53,52,105
2018,3,Districte III,6,Santa Eulàlia,321,65-74,196,158,354
2018,2,Districte II,4,la Torrassa,248,03-11,51,65,116
2018,4,Districte IV,7,la Florida,416,65-74,55,48,103
2018,4,Districte IV,7,la Florida,403,35-49,144,149,293
2018,1,Districte I,2,Sanfeliu,116,18-24,60,37,97
2018,2,Districte II,4,la Torrassa,237,75 i +,76,48,124
2018,4,Districte IV,8,les Planes,436,75 i +,72,53,125
2018,5,Districte V,10,Pubilla Cases,511,35-49,277,323,600
2018,6,Districte VI,11,el Gornal,617,16-17,9,6,15
2018,3,Districte III,6,Santa Eulàlia,313,12-15,40,38,78
2018,2,Districte II,5,Collblanc,209,50-64,110,89,199
2018,1,Districte I,3,Sant Josep,117,00-02,27,21,48
2018,4,Districte IV,7,la Florida,422,16-17,11,14,25
2018,4,Districte IV,8,les Planes,441,18-24,88,65,153
2018,1,Districte I,3,Sant Josep,125,65-74,106,84,190
2018,6,Districte VI,12,Bellvitge,606,50-64,88,99,187
2018,5,Districte V,10,Pubilla Cases,511,75 i +,140,94,234
2018,2,Districte II,5,Collblanc,204,00-02,25,18,43
2018,6,Districte VI,12,Bellvitge,610,12-15,27,25,52
2018,6,Districte VI,12,Bellvitge,613,75 i +,106,98,204
2018,2,Districte II,4,la Torrassa,229,16-17,22,16,38
2018,4,Districte IV,8,les Planes,436,50-64,154,139,293
2018,6,Districte VI,12,Bellvitge,627,75 i +,54,49,103
2018,4,Districte IV,7,la Florida,430,25-34,87,99,186
2019,2,Districte II,4,la Torrassa,237,35-49,194,187,381
2019,4,Districte IV,7,la Florida,430,50-64,111,95,206
2019,4,Districte IV,7,la Florida,414,35-49,260,279,539
2019,1,Districte I,3,Sant Josep,122,00-02,17,12,29
2019,4,Districte IV,8,les Planes,436,03-11,72,71,143
2019,5,Districte V,10,Pubilla Cases,537,35-49,168,156,324
2019,6,Districte VI,12,Bellvitge,602,75 i +,102,99,201
2019,6,Districte VI,12,Bellvitge,613,75 i +,124,101,225
2019,3,Districte III,6,Santa Eulàlia,319,18-24,61,64,125
2019,5,Districte V,10,Pubilla Cases,508,50-64,141,143,284
2019,5,Districte V,10,Pubilla Cases,508,00-02,22,34,56
2019,1,Districte I,3,Sant Josep,119,18-24,26,31,57
2019,2,Districte II,5,Collblanc,204,00-02,24,23,47
2019,3,Districte III,6,Santa Eulàlia,318,03-11,24,31,55
2019,3,Districte III,13,Granvia Sud,312,12-15,24,33,57
2019,3,Districte III,6,Santa Eulàlia,324,00-02,18,9,27
2019,4,Districte IV,8,les Planes,437,50-64,159,143,302
2019,2,Districte II,5,Collblanc,221,00-02,34,33,67
2019,2,Districte II,4,la Torrassa,249,03-11,44,47,91
2019,6,Districte VI,12,Bellvitge,625,16-17,15,8,23
2019,3,Districte III,6,Santa Eulàlia,305,65-74,110,97,207
2019,5,Districte V,9,Can Serra,505,00-02,10,10,20
2019,2,Districte II,5,Collblanc,201,65-74,51,33,84
2019,1,Districte I,1,Centre,104,12-15,15,16,31
2019,1,Districte I,1,Centre,109,03-11,48,41,89
2019,6,Districte VI,12,Bellvitge,630,75 i +,49,35,84
2019,1,Districte I,2,Sanfeliu,116,50-64,148,125,273
2019,3,Districte III,6,Santa Eulàlia,304,75 i +,89,48,137
2019,1,Districte I,1,Centre,135,03-11,51,62,113
2019,5,Districte V,10,Pubilla Cases,538,03-11,57,48,105
2019,2,Districte II,4,la Torrassa,238,50-64,85,75,160
2019,2,Districte II,4,la Torrassa,246,65-74,35,31,66
2019,4,Districte IV,7,la Florida,407,00-02,12,19,31
2019,3,Districte III,6,Santa Eulàlia,303,18-24,51,66,117
2019,4,Districte IV,7,la Florida,431,65-74,61,54,115
2019,3,Districte III,6,Santa Eulàlia,328,35-49,297,282,579
2019,4,Districte IV,7,la Florida,412,75 i +,134,95,229
2019,4,Districte IV,8,les Planes,435,12-15,17,35,52
2019,5,Districte V,9,Can Serra,535,50-64,102,94,196
2019,1,Districte I,1,Centre,113,50-64,180,147,327
2019,2,Districte II,5,Collblanc,224,00-02,18,19,37
2019,2,Districte II,4,la Torrassa,233,25-34,95,106,201
2019,4,Districte IV,7,la Florida,402,16-17,9,8,17
2019,1,Districte I,1,Centre,110,75 i +,90,69,159
2019,1,Districte I,2,Sanfeliu,132,16-17,21,9,30
2019,2,Districte II,5,Collblanc,208,65-74,122,88,210
2019,1,Districte I,3,Sant Josep,120,16-17,12,17,29
2019,4,Districte IV,8,les Planes,433,35-49,229,229,458
2019,1,Districte I,1,Centre,108,25-34,116,101,217
2019,1,Districte I,1,Centre,128,16-17,10,8,18
2019,1,Districte I,1,Centre,107,75 i +,117,76,193
2019,1,Districte I,2,Sanfeliu,116,18-24,65,57,122
2019,1,Districte I,3,Sant Josep,106,12-15,23,25,48
2019,4,Districte IV,7,la Florida,411,16-17,9,11,20
2019,2,Districte II,5,Collblanc,221,16-17,20,24,44
2019,3,Districte III,6,Santa Eulàlia,324,18-24,45,49,94
2019,6,Districte VI,12,Bellvitge,621,03-11,48,53,101
2019,4,Districte IV,7,la Florida,425,18-24,52,52,104
2019,6,Districte VI,12,Bellvitge,611,16-17,20,14,34
2019,5,Districte V,10,Pubilla Cases,534,75 i +,71,54,125
2019,2,Districte II,4,la Torrassa,231,00-02,28,27,55
2019,5,Districte V,10,Pubilla Cases,518,75 i +,93,49,142
2019,2,Districte II,4,la Torrassa,248,00-02,17,16,33
2019,4,Districte IV,8,les Planes,418,16-17,13,16,29
2019,2,Districte II,4,la Torrassa,233,18-24,38,57,95
2019,2,Districte II,4,la Torrassa,249,18-24,56,45,101
2019,4,Districte IV,7,la Florida,423,50-64,112,74,186
2019,1,Districte I,2,Sanfeliu,116,03-11,56,54,110
2019,4,Districte IV,7,la Florida,414,03-11,100,92,192
2019,4,Districte IV,7,la Florida,404,25-34,107,92,199
2019,1,Districte I,3,Sant Josep,114,00-02,13,17,30
2019,1,Districte I,1,Centre,130,25-34,67,64,131
2019,1,Districte I,1,Centre,107,65-74,102,77,179
2019,2,Districte II,5,Collblanc,216,16-17,14,19,33
2019,2,Districte II,5,Collblanc,208,75 i +,228,123,351
2019,5,Districte V,9,Can Serra,535,16-17,9,14,23
2019,2,Districte II,4,la Torrassa,242,00-02,15,19,34
2019,5,Districte V,10,Pubilla Cases,511,50-64,218,188,406
2019,1,Districte I,1,Centre,131,65-74,123,113,236
2019,6,Districte VI,12,Bellvitge,623,65-74,125,97,222
2019,6,Districte VI,12,Bellvitge,631,50-64,75,77,152
2019,2,Districte II,5,Collblanc,214,03-11,116,118,234
2019,1,Districte I,1,Centre,131,75 i +,84,57,141
2019,2,Districte II,5,Collblanc,204,16-17,20,11,31
2019,3,Districte III,6,Santa Eulàlia,328,16-17,50,11,61
2019,4,Districte IV,7,la Florida,427,03-11,79,102,181
2019,5,Districte V,10,Pubilla Cases,537,75 i +,92,62,154
2019,2,Districte II,5,Collblanc,220,16-17,19,16,35
2019,1,Districte I,1,Centre,102,00-02,20,14,34
2019,2,Districte II,5,Collblanc,208,18-24,54,63,117
2019,6,Districte VI,11,el Gornal,626,65-74,66,52,118
2019,1,Districte I,1,Centre,128,12-15,19,22,41
2019,4,Districte IV,7,la Florida,426,16-17,6,12,18
2019,4,Districte IV,7,la Florida,432,00-02,23,18,41
2019,1,Districte I,3,Sant Josep,117,75 i +,107,73,180
2019,2,Districte II,5,Collblanc,202,65-74,61,49,110
2019,1,Districte I,1,Centre,124,18-24,22,19,41
2019,5,Districte V,10,Pubilla Cases,514,35-49,194,193,387
2019,6,Districte VI,12,Bellvitge,613,18-24,32,43,75
2019,3,Districte III,6,Santa Eulàlia,308,35-49,228,212,440
2019,1,Districte I,1,Centre,102,35-49,144,167,311
2019,2,Districte II,5,Collblanc,213,65-74,51,36,87
2019,2,Districte II,5,Collblanc,223,65-74,53,31,84
2019,6,Districte VI,12,Bellvitge,601,25-34,114,135,249
2019,2,Districte II,4,la Torrassa,217,50-64,136,146,282
2019,2,Districte II,4,la Torrassa,243,25-34,147,144,291
2019,2,Districte II,5,Collblanc,216,65-74,81,56,137
2019,1,Districte I,1,Centre,108,16-17,15,7,22
2019,1,Districte I,1,Centre,133,12-15,17,20,37
2019,2,Districte II,4,la Torrassa,228,16-17,19,36,55
2019,3,Districte III,6,Santa Eulàlia,322,75 i +,79,42,121
2019,5,Districte V,9,Can Serra,506,65-74,184,119,303
2019,3,Districte III,6,Santa Eulàlia,310,75 i +,47,25,72
2019,6,Districte VI,12,Bellvitge,631,18-24,31,31,62
2019,1,Districte I,1,Centre,135,25-34,104,102,206
2019,2,Districte II,4,la Torrassa,233,00-02,14,15,29
2019,3,Districte III,6,Santa Eulàlia,307,16-17,6,9,15
2019,1,Districte I,3,Sant Josep,121,00-02,5,18,23
2019,2,Districte II,5,Collblanc,223,75 i +,65,46,111
2019,3,Districte III,6,Santa Eulàlia,321,75 i +,135,95,230
2019,1,Districte I,3,Sant Josep,119,03-11,44,38,82
2019,3,Districte III,6,Santa Eulàlia,303,12-15,30,33,63
2019,4,Districte IV,7,la Florida,432,65-74,95,82,177
2019,1,Districte I,1,Centre,112,35-49,214,209,423
2019,3,Districte III,6,Santa Eulàlia,320,50-64,25,35,60
2019,4,Districte IV,8,les Planes,418,00-02,15,21,36
2019,2,Districte II,5,Collblanc,212,50-64,115,116,231
2019,5,Districte V,10,Pubilla Cases,528,18-24,54,51,105
2019,4,Districte IV,8,les Planes,401,18-24,55,60,115
2019,3,Districte III,6,Santa Eulàlia,317,18-24,53,58,111
2019,4,Districte IV,8,les Planes,440,16-17,11,11,22
2019,5,Districte V,10,Pubilla Cases,524,18-24,59,74,133
2019,5,Districte V,9,Can Serra,505,75 i +,118,111,229
2019,2,Districte II,5,Collblanc,214,65-74,74,51,125
2019,2,Districte II,4,la Torrassa,243,65-74,52,50,102
2019,1,Districte I,2,Sanfeliu,132,03-11,92,77,169
2019,3,Districte III,6,Santa Eulàlia,315,00-02,23,25,48
2019,3,Districte III,6,Santa Eulàlia,316,12-15,27,28,55
2019,4,Districte IV,7,la Florida,405,50-64,164,160,324
2019,6,Districte VI,12,Bellvitge,601,18-24,59,69,128
2019,4,Districte IV,7,la Florida,404,75 i +,88,57,145
2019,1,Districte I,1,Centre,105,25-34,71,85,156
2019,4,Districte IV,8,les Planes,435,35-49,134,173,307
2019,6,Districte VI,12,Bellvitge,605,35-49,185,180,365
2019,5,Districte V,10,Pubilla Cases,524,00-02,30,24,54
2019,2,Districte II,5,Collblanc,216,18-24,52,50,102
2019,1,Districte I,3,Sant Josep,119,50-64,126,86,212
2019,1,Districte I,1,Centre,103,35-49,101,108,209
2019,4,Districte IV,8,les Planes,419,16-17,21,25,46
2019,6,Districte VI,12,Bellvitge,602,03-11,57,67,124
2019,3,Districte III,6,Santa Eulàlia,325,00-02,16,18,34
2019,2,Districte II,4,la Torrassa,242,35-49,148,156,304
2019,1,Districte I,1,Centre,134,65-74,67,62,129
2019,2,Districte II,4,la Torrassa,233,35-49,139,136,275
2019,2,Districte II,4,la Torrassa,238,00-02,16,18,34
2019,3,Districte III,6,Santa Eulàlia,313,35-49,224,224,448
2019,3,Districte III,6,Santa Eulàlia,316,16-17,12,14,26
2019,3,Districte III,6,Santa Eulàlia,301,50-64,138,102,240
2019,3,Districte III,6,Santa Eulàlia,315,18-24,55,68,123
2019,5,Districte V,10,Pubilla Cases,532,12-15,24,30,54
2019,1,Districte I,1,Centre,103,50-64,81,73,154
2019,1,Districte I,1,Centre,124,65-74,51,31,82
2019,5,Districte V,10,Pubilla Cases,538,50-64,132,114,246
2019,6,Districte VI,12,Bellvitge,613,65-74,93,35,128
2019,6,Districte VI,11,el Gornal,622,35-49,98,95,193
2019,4,Districte IV,7,la Florida,411,75 i +,101,71,172
2019,3,Districte III,6,Santa Eulàlia,315,25-34,132,129,261
2019,4,Districte IV,7,la Florida,407,65-74,47,26,73
2019,1,Districte I,1,Centre,101,25-34,107,97,204
2019,6,Districte VI,12,Bellvitge,609,50-64,65,65,130
2019,1,Districte I,3,Sant Josep,140,16-17,11,16,27
2019,2,Districte II,5,Collblanc,202,50-64,163,154,317
2019,3,Districte III,6,Santa Eulàlia,326,25-34,95,73,168
2019,1,Districte I,3,Sant Josep,127,03-11,29,28,57
2019,2,Districte II,5,Collblanc,204,12-15,27,25,52
2019,5,Districte V,10,Pubilla Cases,525,65-74,39,38,77
2019,3,Districte III,6,Santa Eulàlia,321,12-15,36,37,73
2019,1,Districte I,3,Sant Josep,125,25-34,85,87,172
2019,3,Districte III,6,Santa Eulàlia,303,75 i +,155,117,272
2019,2,Districte II,4,la Torrassa,249,65-74,40,32,72
2019,3,Districte III,6,Santa Eulàlia,327,50-64,150,129,279
2019,3,Districte III,6,Santa Eulàlia,309,00-02,19,15,34
2019,4,Districte IV,7,la Florida,426,50-64,105,96,201
2019,1,Districte I,3,Sant Josep,125,12-15,45,30,75
2019,1,Districte I,3,Sant Josep,106,25-34,86,102,188
2019,4,Districte IV,7,la Florida,423,75 i +,75,58,133
2019,6,Districte VI,12,Bellvitge,612,00-02,6,10,16
2019,3,Districte III,6,Santa Eulàlia,310,16-17,11,8,19
2019,6,Districte VI,12,Bellvitge,618,75 i +,103,90,193
2019,5,Districte V,10,Pubilla Cases,525,12-15,26,13,39
2019,5,Districte V,10,Pubilla Cases,533,50-64,182,162,344
2019,6,Districte VI,12,Bellvitge,627,16-17,7,7,14
2019,2,Districte II,4,la Torrassa,247,18-24,49,43,92
2019,6,Districte VI,12,Bellvitge,631,65-74,108,63,171
2019,4,Districte IV,7,la Florida,407,25-34,76,77,153
2019,5,Districte V,9,Can Serra,521,00-02,12,8,20
2019,3,Districte III,6,Santa Eulàlia,310,65-74,50,59,109
2019,2,Districte II,4,la Torrassa,217,35-49,193,224,417
2019,1,Districte I,3,Sant Josep,114,12-15,26,26,52
2019,3,Districte III,6,Santa Eulàlia,324,12-15,21,23,44
2019,2,Districte II,4,la Torrassa,237,18-24,55,65,120
2019,2,Districte II,5,Collblanc,214,50-64,212,214,426
2019,5,Districte V,9,Can Serra,506,50-64,161,154,315
2019,1,Districte I,3,Sant Josep,106,16-17,22,14,36
2019,4,Districte IV,7,la Florida,416,25-34,121,111,232
2019,1,Districte I,3,Sant Josep,127,16-17,7,10,17
2019,4,Districte IV,7,la Florida,431,16-17,16,29,45
2019,5,Districte V,10,Pubilla Cases,520,18-24,37,40,77
2019,4,Districte IV,7,la Florida,411,25-34,72,64,136
2019,6,Districte VI,12,Bellvitge,621,75 i +,78,66,144
2019,4,Districte IV,7,la Florida,412,12-15,26,34,60
2019,4,Districte IV,7,la Florida,411,18-24,38,51,89
2019,5,Districte V,10,Pubilla Cases,533,16-17,14,11,25
2019,1,Districte I,1,Centre,102,75 i +,138,112,250
2019,5,Districte V,10,Pubilla Cases,508,16-17,15,12,27
2019,2,Districte II,5,Collblanc,221,50-64,202,179,381
2019,1,Districte I,2,Sanfeliu,116,65-74,122,84,206
2019,5,Districte V,10,Pubilla Cases,531,65-74,41,28,69
2019,2,Districte II,4,la Torrassa,234,65-74,35,23,58
2019,2,Districte II,4,la Torrassa,249,50-64,107,99,206
2019,4,Districte IV,7,la Florida,403,35-49,148,147,295
2019,1,Districte I,3,Sant Josep,139,75 i +,48,38,86
2019,5,Districte V,10,Pubilla Cases,537,12-15,26,19,45
2019,4,Districte IV,7,la Florida,421,00-02,12,12,24
2019,2,Districte II,4,la Torrassa,246,03-11,68,56,124
2019,6,Districte VI,12,Bellvitge,618,18-24,38,62,100
2019,5,Districte V,10,Pubilla Cases,530,16-17,12,17,29
2019,1,Districte I,3,Sant Josep,138,16-17,6,4,10
2019,6,Districte VI,12,Bellvitge,619,25-34,53,68,121
2019,5,Districte V,10,Pubilla Cases,528,16-17,15,16,31
2019,5,Districte V,10,Pubilla Cases,523,25-34,111,114,225
2019,5,Districte V,10,Pubilla Cases,523,50-64,132,128,260
2019,5,Districte V,10,Pubilla Cases,526,12-15,32,47,79
2019,4,Districte IV,7,la Florida,411,12-15,16,18,34
2019,1,Districte I,3,Sant Josep,127,25-34,48,52,100
2019,5,Districte V,10,Pubilla Cases,520,65-74,53,35,88
2019,2,Districte II,5,Collblanc,201,75 i +,63,46,109
2019,2,Districte II,5,Collblanc,201,16-17,11,14,25
2019,1,Districte I,1,Centre,109,16-17,12,2,14
2019,1,Districte I,1,Centre,107,16-17,12,19,31
2019,2,Districte II,5,Collblanc,209,16-17,11,11,22
2019,4,Districte IV,8,les Planes,433,75 i +,68,40,108
2019,1,Districte I,1,Centre,130,75 i +,97,56,153
2019,3,Districte III,6,Santa Eulàlia,325,75 i +,197,112,309
2019,5,Districte V,10,Pubilla Cases,520,50-64,83,72,155
2019,6,Districte VI,12,Bellvitge,612,12-15,25,16,41
2019,6,Districte VI,12,Bellvitge,606,00-02,7,22,29
2019,5,Districte V,10,Pubilla Cases,514,50-64,140,124,264
2019,1,Districte I,1,Centre,112,12-15,34,28,62
2019,4,Districte IV,7,la Florida,402,00-02,17,16,33
2019,2,Districte II,5,Collblanc,223,03-11,58,55,113
2019,1,Districte I,2,Sanfeliu,132,12-15,37,33,70
2019,5,Districte V,10,Pubilla Cases,508,18-24,71,58,129
2019,3,Districte III,6,Santa Eulàlia,308,16-17,16,28,44
2019,1,Districte I,1,Centre,112,65-74,101,106,207
2019,1,Districte I,1,Centre,134,75 i +,108,48,156
2019,4,Districte IV,8,les Planes,401,00-02,16,13,29
2019,6,Districte VI,12,Bellvitge,615,03-11,35,30,65
2019,4,Districte IV,8,les Planes,418,12-15,40,33,73
2019,1,Districte I,1,Centre,131,50-64,126,115,241
2019,5,Districte V,10,Pubilla Cases,523,12-15,22,29,51
2019,6,Districte VI,11,el Gornal,626,12-15,15,12,27
2019,3,Districte III,6,Santa Eulàlia,321,18-24,82,77,159
2019,6,Districte VI,12,Bellvitge,615,12-15,13,12,25
2019,4,Districte IV,7,la Florida,426,75 i +,40,22,62
2019,6,Districte VI,12,Bellvitge,624,35-49,99,125,224
2019,5,Districte V,10,Pubilla Cases,525,18-24,38,27,65
2019,3,Districte III,6,Santa Eulàlia,322,12-15,33,26,59
2019,6,Districte VI,12,Bellvitge,615,35-49,100,99,199
2019,4,Districte IV,7,la Florida,430,25-34,96,99,195
2019,6,Districte VI,11,el Gornal,622,75 i +,41,28,69
2019,3,Districte III,13,Granvia Sud,320,16-17,25,19,44
2019,3,Districte III,6,Santa Eulàlia,301,35-49,169,167,336
2019,6,Districte VI,12,Bellvitge,630,18-24,26,30,56
2019,3,Districte III,6,Santa Eulàlia,323,65-74,133,131,264
2019,5,Districte V,10,Pubilla Cases,523,18-24,50,58,108
2019,1,Districte I,1,Centre,108,12-15,26,22,48
2019,4,Districte IV,7,la Florida,416,35-49,186,168,354
2019,1,Districte I,1,Centre,131,35-49,154,161,315
2019,6,Districte VI,12,Bellvitge,611,12-15,33,56,89
2019,5,Districte V,10,Pubilla Cases,525,00-02,13,14,27
2019,1,Districte I,1,Centre,133,75 i +,65,32,97
2019,5,Districte V,10,Pubilla Cases,533,75 i +,134,67,201
2019,1,Districte I,3,Sant Josep,136,25-34,71,72,143
2019,4,Districte IV,8,les Planes,401,75 i +,93,56,149
2019,1,Districte I,3,Sant Josep,114,75 i +,121,90,211
2019,4,Districte IV,8,les Planes,420,16-17,22,26,48
2019,6,Districte VI,11,el Gornal,617,16-17,10,12,22
2019,2,Districte II,4,la Torrassa,246,35-49,174,201,375
2019,1,Districte I,1,Centre,105,00-02,16,15,31
2019,5,Districte V,10,Pubilla Cases,511,35-49,294,310,604
2019,4,Districte IV,7,la Florida,402,25-34,86,69,155
2019,2,Districte II,4,la Torrassa,232,03-11,51,51,102
2019,4,Districte IV,7,la Florida,403,03-11,47,63,110
2019,5,Districte V,10,Pubilla Cases,511,75 i +,143,100,243
2019,5,Districte V,10,Pubilla Cases,518,03-11,44,45,89
2019,5,Districte V,10,Pubilla Cases,523,03-11,59,59,118
2019,6,Districte VI,12,Bellvitge,625,00-02,11,8,19
2019,4,Districte IV,8,les Planes,420,25-34,171,167,338
2019,4,Districte IV,7,la Florida,427,12-15,36,39,75
2019,1,Districte I,2,Sanfeliu,129,65-74,59,44,103
2019,5,Districte V,9,Can Serra,504,18-24,30,33,63
2019,3,Districte III,6,Santa Eulàlia,328,75 i +,29,12,41
2019,3,Districte III,6,Santa Eulàlia,304,50-64,136,147,283
2019,1,Districte I,1,Centre,112,18-24,51,67,118
2019,2,Districte II,4,la Torrassa,239,65-74,46,28,74
2019,5,Districte V,9,Can Serra,504,65-74,74,50,124
2019,4,Districte IV,7,la Florida,432,12-15,27,22,49
2019,3,Districte III,6,Santa Eulàlia,307,18-24,28,36,64
2019,6,Districte VI,12,Bellvitge,615,18-24,26,24,50
2019,4,Districte IV,7,la Florida,423,65-74,42,34,76
2019,4,Districte IV,7,la Florida,405,35-49,233,245,478
2019,3,Districte III,6,Santa Eulàlia,315,12-15,23,37,60
2019,5,Districte V,9,Can Serra,503,16-17,3,5,8
2019,3,Districte III,6,Santa Eulàlia,321,65-74,205,166,371
2019,4,Districte IV,7,la Florida,430,03-11,59,58,117
2019,5,Districte V,10,Pubilla Cases,526,25-34,161,155,316
2019,5,Districte V,10,Pubilla Cases,525,50-64,67,68,135
2019,2,Districte II,5,Collblanc,208,35-49,167,153,320
2019,3,Districte III,6,Santa Eulàlia,316,25-34,166,149,315
2019,2,Districte II,5,Collblanc,201,50-64,124,100,224
2019,1,Districte I,3,Sant Josep,137,65-74,103,64,167
2019,5,Districte V,9,Can Serra,502,65-74,90,90,180
2019,1,Districte I,3,Sant Josep,136,50-64,120,102,222
2019,2,Districte II,4,la Torrassa,243,50-64,194,165,359
2019,5,Districte V,9,Can Serra,507,03-11,33,33,66
2019,3,Districte III,6,Santa Eulàlia,319,35-49,247,236,483
2019,4,Districte IV,7,la Florida,407,03-11,47,56,103
2019,3,Districte III,6,Santa Eulàlia,329,25-34,77,78,155
2019,5,Districte V,10,Pubilla Cases,517,35-49,261,279,540
2019,3,Districte III,6,Santa Eulàlia,319,00-02,15,26,41
2019,1,Districte I,3,Sant Josep,140,75 i +,60,53,113
2019,1,Districte I,1,Centre,109,35-49,120,122,242
2019,3,Districte III,6,Santa Eulàlia,313,75 i +,102,74,176
2019,5,Districte V,9,Can Serra,502,50-64,141,142,283
2019,6,Districte VI,12,Bellvitge,609,75 i +,62,65,127
2019,5,Districte V,10,Pubilla Cases,518,00-02,21,17,38
2019,3,Districte III,6,Santa Eulàlia,327,25-34,89,71,160
2019,1,Districte I,1,Centre,110,25-34,54,52,106
2019,1,Districte I,3,Sant Josep,125,35-49,211,205,416
2019,1,Districte I,1,Centre,110,35-49,128,131,259
2019,6,Districte VI,12,Bellvitge,624,50-64,81,85,166
2019,2,Districte II,5,Collblanc,213,16-17,7,14,21
2019,2,Districte II,4,la Torrassa,228,35-49,320,319,639
2019,1,Districte I,3,Sant Josep,119,35-49,116,142,258
2019,5,Districte V,9,Can Serra,507,75 i +,52,32,84
2019,1,Districte I,1,Centre,108,03-11,66,73,139
2019,2,Districte II,5,Collblanc,216,75 i +,95,60,155
2019,6,Districte VI,12,Bellvitge,611,65-74,76,50,126
2019,4,Districte IV,8,les Planes,436,18-24,83,98,181
2019,2,Districte II,5,Collblanc,226,00-02,21,21,42
2019,6,Districte VI,12,Bellvitge,615,75 i +,82,60,142
2019,6,Districte VI,12,Bellvitge,618,16-17,14,13,27
2019,3,Districte III,6,Santa Eulàlia,324,03-11,64,60,124
2019,2,Districte II,4,la Torrassa,239,03-11,44,31,75
2019,3,Districte III,6,Santa Eulàlia,304,03-11,89,105,194
2019,3,Districte III,6,Santa Eulàlia,306,00-02,15,33,48
2019,1,Districte I,1,Centre,102,18-24,53,53,106
2019,5,Districte V,10,Pubilla Cases,537,50-64,136,101,237
2019,6,Districte VI,12,Bellvitge,610,35-49,126,105,231
2019,3,Districte III,13,Granvia Sud,320,65-74,85,67,152
2019,3,Districte III,6,Santa Eulàlia,315,35-49,238,252,490
2019,2,Districte II,5,Collblanc,210,00-02,2,7,9
2019,4,Districte IV,8,les Planes,418,50-64,141,146,287
2019,6,Districte VI,12,Bellvitge,618,03-11,29,40,69
2019,1,Districte I,1,Centre,135,65-74,93,88,181
2019,1,Districte I,1,Centre,108,35-49,180,167,347
2019,2,Districte II,4,la Torrassa,229,12-15,30,38,68
2019,1,Districte I,3,Sant Josep,115,65-74,83,74,157
2019,3,Districte III,6,Santa Eulàlia,314,75 i +,97,72,169
2019,4,Districte IV,7,la Florida,421,35-49,164,167,331
2019,2,Districte II,5,Collblanc,214,18-24,106,109,215
2019,2,Districte II,4,la Torrassa,217,65-74,63,62,125
2019,3,Districte III,6,Santa Eulàlia,307,65-74,133,121,254
2019,1,Districte I,3,Sant Josep,136,00-02,11,16,27
2019,6,Districte VI,12,Bellvitge,618,00-02,7,4,11
2019,3,Districte III,6,Santa Eulàlia,326,35-49,310,324,634
2019,4,Districte IV,8,les Planes,418,65-74,53,46,99
2019,3,Districte III,13,Granvia Sud,312,75 i +,119,75,194
2019,1,Districte I,1,Centre,104,65-74,42,33,75
2019,6,Districte VI,12,Bellvitge,630,12-15,13,14,27
2019,2,Districte II,5,Collblanc,216,50-64,116,102,218
2019,1,Districte I,3,Sant Josep,137,12-15,42,32,74
2019,4,Districte IV,7,la Florida,423,16-17,13,15,28
2019,4,Districte IV,8,les Planes,433,65-74,69,69,138
2019,6,Districte VI,11,el Gornal,616,00-02,28,29,57
2019,4,Districte IV,7,la Florida,414,00-02,30,32,62
2019,4,Districte IV,7,la Florida,431,00-02,28,36,64
2019,6,Districte VI,11,el Gornal,617,25-34,58,51,109
2019,6,Districte VI,11,el Gornal,617,35-49,108,115,223
2019,1,Districte I,3,Sant Josep,127,65-74,29,28,57
2019,3,Districte III,6,Santa Eulàlia,325,03-11,53,63,116
2019,3,Districte III,6,Santa Eulàlia,314,16-17,17,22,39
2019,6,Districte VI,12,Bellvitge,610,12-15,22,20,42
2019,1,Districte I,1,Centre,113,03-11,65,83,148
2019,4,Districte IV,7,la Florida,431,12-15,48,37,85
2019,6,Districte VI,12,Bellvitge,602,00-02,10,12,22
2019,5,Districte V,9,Can Serra,506,03-11,52,58,110
2019,2,Districte II,4,la Torrassa,239,00-02,10,13,23
2019,3,Districte III,6,Santa Eulàlia,314,25-34,138,183,321
2019,2,Districte II,4,la Torrassa,243,03-11,58,66,124
2019,1,Districte I,3,Sant Josep,136,35-49,168,154,322
2019,4,Districte IV,7,la Florida,411,65-74,59,38,97
2019,1,Districte I,3,Sant Josep,122,12-15,23,23,46
2019,2,Districte II,5,Collblanc,212,35-49,216,194,410
2019,1,Districte I,3,Sant Josep,120,75 i +,68,53,121
2019,2,Districte II,5,Collblanc,220,03-11,86,68,154
2019,6,Districte VI,12,Bellvitge,613,00-02,14,8,22
2019,2,Districte II,4,la Torrassa,247,35-49,182,160,342
2019,4,Districte IV,8,les Planes,441,00-02,26,25,51
2019,2,Districte II,4,la Torrassa,233,50-64,100,82,182
2019,3,Districte III,13,Granvia Sud,320,50-64,145,132,277
2019,3,Districte III,6,Santa Eulàlia,306,65-74,92,85,177
2019,6,Districte VI,12,Bellvitge,607,75 i +,124,87,211
2019,1,Districte I,1,Centre,131,12-15,19,19,38
2019,4,Districte IV,8,les Planes,436,50-64,157,155,312
2019,6,Districte VI,12,Bellvitge,609,03-11,31,39,70
2019,2,Districte II,5,Collblanc,202,16-17,18,20,38
2019,3,Districte III,6,Santa Eulàlia,328,00-02,43,47,90
2019,1,Districte I,1,Centre,141,00-02,38,37,75
2019,1,Districte I,3,Sant Josep,117,03-11,64,63,127
2019,6,Districte VI,12,Bellvitge,630,16-17,3,6,9
2019,5,Districte V,10,Pubilla Cases,538,12-15,30,39,69
2019,2,Districte II,5,Collblanc,201,00-02,19,56,75
2019,6,Districte VI,12,Bellvitge,606,12-15,25,23,48
2019,1,Districte I,3,Sant Josep,140,00-02,8,14,22
2019,4,Districte IV,7,la Florida,406,03-11,58,53,111
2019,1,Districte I,1,Centre,113,65-74,127,113,240
2019,6,Districte VI,11,el Gornal,617,00-02,8,7,15
2019,1,Districte I,1,Centre,135,16-17,7,12,19
2019,5,Districte V,10,Pubilla Cases,528,35-49,160,159,319
2019,3,Districte III,6,Santa Eulàlia,327,03-11,44,59,103
2019,5,Districte V,9,Can Serra,505,25-34,65,48,113
2019,6,Districte VI,12,Bellvitge,612,03-11,37,26,63
2019,5,Districte V,10,Pubilla Cases,531,00-02,9,18,27
2019,2,Districte II,4,la Torrassa,231,65-74,34,22,56
2019,5,Districte V,10,Pubilla Cases,517,50-64,222,185,407
2019,4,Districte IV,7,la Florida,414,75 i +,87,61,148
2019,6,Districte VI,12,Bellvitge,601,12-15,35,40,75
2019,3,Districte III,6,Santa Eulàlia,303,25-34,100,88,188
2019,6,Districte VI,12,Bellvitge,621,18-24,40,51,91
2019,1,Districte I,1,Centre,102,16-17,13,15,28
2019,2,Districte II,4,la Torrassa,247,25-34,104,108,212
2019,4,Districte IV,8,les Planes,436,25-34,120,122,242
2019,1,Districte I,2,Sanfeliu,132,25-34,158,158,316
2019,2,Districte II,5,Collblanc,213,03-11,52,45,97
2019,6,Districte VI,12,Bellvitge,630,35-49,94,107,201
2019,1,Districte I,3,Sant Josep,127,00-02,8,6,14
2019,5,Districte V,10,Pubilla Cases,529,00-02,20,19,39
2019,1,Districte I,3,Sant Josep,122,18-24,30,35,65
2019,2,Districte II,4,la Torrassa,243,35-49,193,206,399
2019,2,Districte II,4,la Torrassa,228,50-64,194,200,394
2019,6,Districte VI,12,Bellvitge,615,50-64,55,59,114
2019,2,Districte II,5,Collblanc,214,35-49,332,318,650
2019,2,Districte II,5,Collblanc,205,12-15,16,18,34
2019,4,Districte IV,7,la Florida,416,00-02,26,28,54
2019,1,Districte I,3,Sant Josep,121,65-74,20,21,41
2019,2,Districte II,5,Collblanc,207,35-49,282,236,518
2019,1,Districte I,1,Centre,123,16-17,10,11,21
2019,2,Districte II,5,Collblanc,209,75 i +,71,46,117
2019,3,Districte III,13,Granvia Sud,320,00-02,7,17,24
2019,6,Districte VI,12,Bellvitge,601,50-64,192,190,382
2019,3,Districte III,6,Santa Eulàlia,305,35-49,184,208,392
2019,5,Districte V,10,Pubilla Cases,520,16-17,10,10,20
2019,5,Districte V,10,Pubilla Cases,511,18-24,78,118,196
2019,4,Districte IV,7,la Florida,430,12-15,29,25,54
2019,6,Districte VI,12,Bellvitge,607,16-17,14,5,19
2019,1,Districte I,3,Sant Josep,126,18-24,44,32,76
2019,5,Districte V,10,Pubilla Cases,510,18-24,50,41,91
2019,5,Districte V,10,Pubilla Cases,525,75 i +,73,36,109
2019,4,Districte IV,7,la Florida,416,50-64,127,129,256
2019,5,Districte V,9,Can Serra,521,03-11,39,31,70
2019,1,Districte I,2,Sanfeliu,129,03-11,32,50,82
2019,2,Districte II,4,la Torrassa,240,12-15,45,25,70
2019,1,Districte I,1,Centre,134,16-17,6,12,18
2019,6,Districte VI,12,Bellvitge,625,03-11,36,37,73
2019,1,Districte I,1,Centre,141,03-11,140,159,299
2019,2,Districte II,4,la Torrassa,236,35-49,126,137,263
2019,3,Districte III,6,Santa Eulàlia,320,03-11,23,22,45
2019,2,Districte II,4,la Torrassa,233,12-15,12,18,30
2019,3,Districte III,6,Santa Eulàlia,320,35-49,67,89,156
2019,6,Districte VI,12,Bellvitge,619,35-49,131,139,270
2019,2,Districte II,5,Collblanc,213,25-34,69,77,146
2019,4,Districte IV,7,la Florida,425,75 i +,74,42,116
2019,5,Districte V,9,Can Serra,535,12-15,17,12,29
2019,6,Districte VI,12,Bellvitge,609,00-02,12,9,21
2019,2,Districte II,5,Collblanc,204,03-11,60,80,140
2019,6,Districte VI,12,Bellvitge,601,16-17,17,21,38
2019,1,Districte I,1,Centre,112,00-02,24,22,46
2019,4,Districte IV,7,la Florida,423,35-49,137,134,271
2019,1,Districte I,3,Sant Josep,137,18-24,59,59,118
2019,4,Districte IV,7,la Florida,403,25-34,89,83,172
2019,4,Districte IV,7,la Florida,412,00-02,21,28,49
2019,1,Districte I,3,Sant Josep,138,03-11,23,29,52
2019,2,Districte II,5,Collblanc,204,50-64,161,143,304
2019,6,Districte VI,12,Bellvitge,630,65-74,83,62,145
2019,6,Districte VI,12,Bellvitge,630,50-64,79,64,143
2019,5,Districte V,9,Can Serra,505,50-64,108,106,214
2019,5,Districte V,10,Pubilla Cases,529,75 i +,88,63,151
2019,4,Districte IV,7,la Florida,406,25-34,118,102,220
2019,3,Districte III,6,Santa Eulàlia,311,16-17,15,15,30
2019,3,Districte III,6,Santa Eulàlia,314,65-74,144,128,272
2019,4,Districte IV,8,les Planes,435,00-02,23,27,50
2019,3,Districte III,6,Santa Eulàlia,322,35-49,191,185,376
2019,5,Districte V,9,Can Serra,521,25-34,38,35,73
2019,1,Districte I,3,Sant Josep,126,75 i +,86,76,162
2019,1,Districte I,3,Sant Josep,121,18-24,29,37,66
2019,6,Districte VI,12,Bellvitge,613,03-11,39,48,87
2019,5,Districte V,10,Pubilla Cases,513,12-15,29,24,53
2019,1,Districte I,3,Sant Josep,121,25-34,53,57,110
2019,3,Districte III,6,Santa Eulàlia,329,03-11,110,120,230
2019,1,Districte I,1,Centre,112,16-17,22,15,37
2019,2,Districte II,5,Collblanc,207,03-11,75,77,152
2019,6,Districte VI,12,Bellvitge,623,16-17,9,23,32
2019,4,Districte IV,8,les Planes,401,03-11,52,52,104
2019,1,Districte I,1,Centre,130,35-49,132,136,268
2019,1,Districte I,1,Centre,109,25-34,70,68,138
2019,4,Districte IV,7,la Florida,412,03-11,38,54,92
2019,1,Districte I,2,Sanfeliu,116,00-02,14,11,25
2019,6,Districte VI,12,Bellvitge,606,18-24,33,39,72
2019,2,Districte II,4,la Torrassa,229,50-64,183,177,360
2019,3,Districte III,6,Santa Eulàlia,326,75 i +,8,8,16
2019,1,Districte I,1,Centre,101,18-24,57,49,106
2019,5,Districte V,9,Can Serra,504,25-34,73,55,128
2019,1,Districte I,3,Sant Josep,139,00-02,9,10,19
2019,6,Districte VI,12,Bellvitge,615,16-17,11,5,16
2019,3,Districte III,6,Santa Eulàlia,323,16-17,18,16,34
2019,1,Districte I,3,Sant Josep,117,50-64,232,213,445
2019,2,Districte II,4,la Torrassa,211,00-02,21,19,40
2019,4,Districte IV,7,la Florida,425,25-34,106,96,202
2019,2,Districte II,4,la Torrassa,236,18-24,35,40,75
2019,5,Districte V,10,Pubilla Cases,513,35-49,205,200,405
2019,4,Districte IV,7,la Florida,404,12-15,33,21,54
2019,5,Districte V,10,Pubilla Cases,526,35-49,282,283,565
2019,5,Districte V,10,Pubilla Cases,533,18-24,95,82,177
2019,1,Districte I,3,Sant Josep,114,03-11,46,61,107
2019,4,Districte IV,8,les Planes,418,03-11,68,52,120
2019,3,Districte III,6,Santa Eulàlia,305,18-24,63,75,138
2019,2,Districte II,4,la Torrassa,240,18-24,78,76,154
2019,2,Districte II,4,la Torrassa,231,03-11,58,66,124
2019,2,Districte II,4,la Torrassa,234,25-34,106,108,214
2019,3,Districte III,6,Santa Eulàlia,329,00-02,31,37,68
2019,4,Districte IV,7,la Florida,431,35-49,227,252,479
2019,3,Districte III,6,Santa Eulàlia,307,03-11,54,41,95
2019,6,Districte VI,12,Bellvitge,602,18-24,48,55,103
2019,4,Districte IV,8,les Planes,419,75 i +,116,68,184
2019,6,Districte VI,12,Bellvitge,610,25-34,50,66,116
2019,6,Districte VI,11,el Gornal,617,12-15,12,19,31
2019,6,Districte VI,12,Bellvitge,631,75 i +,81,71,152
2019,5,Districte V,9,Can Serra,501,65-74,115,104,219
2019,5,Districte V,10,Pubilla Cases,514,16-17,17,13,30
2019,6,Districte VI,12,Bellvitge,624,18-24,29,34,63
2019,3,Districte III,6,Santa Eulàlia,304,12-15,28,17,45
2019,4,Districte IV,8,les Planes,440,35-49,115,123,238
2019,6,Districte VI,12,Bellvitge,606,25-34,62,59,121
2019,1,Districte I,3,Sant Josep,138,12-15,10,10,20
2019,3,Districte III,6,Santa Eulàlia,305,00-02,17,18,35
2019,1,Districte I,1,Centre,109,18-24,37,41,78
2019,3,Districte III,6,Santa Eulàlia,308,12-15,51,39,90
2019,3,Districte III,6,Santa Eulàlia,314,35-49,282,296,578
2019,4,Districte IV,8,les Planes,435,16-17,16,7,23
2019,1,Districte I,3,Sant Josep,117,35-49,203,203,406
2019,6,Districte VI,12,Bellvitge,602,50-64,108,102,210
2019,5,Districte V,9,Can Serra,535,65-74,88,56,144
2019,1,Districte I,1,Centre,133,25-34,65,60,125
2019,2,Districte II,5,Collblanc,205,35-49,108,105,213
2019,2,Districte II,4,la Torrassa,211,25-34,127,136,263
2019,2,Districte II,5,Collblanc,208,50-64,168,141,309
2019,4,Districte IV,8,les Planes,436,16-17,12,22,34
2019,4,Districte IV,7,la Florida,422,03-11,59,66,125
2019,1,Districte I,3,Sant Josep,120,03-11,64,53,117
2019,5,Districte V,10,Pubilla Cases,530,18-24,61,81,142
2019,4,Districte IV,8,les Planes,435,03-11,67,66,133
2019,5,Districte V,9,Can Serra,507,16-17,3,8,11
2019,3,Districte III,6,Santa Eulàlia,325,16-17,16,30,46
2019,6,Districte VI,11,el Gornal,632,12-15,20,20,40
2019,4,Districte IV,7,la Florida,402,18-24,36,37,73
2019,6,Districte VI,12,Bellvitge,631,16-17,6,7,13
2019,1,Districte I,1,Centre,128,18-24,28,28,56
2019,4,Districte IV,7,la Florida,410,03-11,62,61,123
2019,6,Districte VI,12,Bellvitge,613,12-15,17,24,41
2019,2,Districte II,5,Collblanc,220,75 i +,93,47,140
2019,4,Districte IV,7,la Florida,416,18-24,60,56,116
2019,1,Districte I,1,Centre,108,50-64,145,152,297
2019,6,Districte VI,12,Bellvitge,627,18-24,30,18,48
2019,5,Districte V,9,Can Serra,501,18-24,34,34,68
2019,1,Districte I,3,Sant Josep,139,18-24,39,44,83
2019,3,Districte III,6,Santa Eulàlia,328,50-64,91,108,199
2019,6,Districte VI,11,el Gornal,622,00-02,11,8,19
2019,5,Districte V,10,Pubilla Cases,508,75 i +,89,50,139
2019,4,Districte IV,7,la Florida,425,35-49,130,119,249
2019,5,Districte V,10,Pubilla Cases,524,25-34,113,133,246
2019,5,Districte V,10,Pubilla Cases,528,12-15,19,30,49
2019,1,Districte I,1,Centre,130,12-15,24,19,43
2019,3,Districte III,6,Santa Eulàlia,305,25-34,133,100,233
2019,5,Districte V,9,Can Serra,507,00-02,11,13,24
2019,1,Districte I,2,Sanfeliu,118,16-17,15,7,22
2019,2,Districte II,4,la Torrassa,242,16-17,9,8,17
2019,5,Districte V,9,Can Serra,535,18-24,29,34,63
2019,1,Districte I,3,Sant Josep,136,16-17,11,18,29
2019,6,Districte VI,12,Bellvitge,621,16-17,10,11,21
2019,4,Districte IV,8,les Planes,437,65-74,74,55,129
2019,5,Districte V,10,Pubilla Cases,532,16-17,16,13,29
2019,5,Districte V,9,Can Serra,521,50-64,73,69,142
2019,3,Districte III,6,Santa Eulàlia,310,12-15,16,19,35
2019,3,Districte III,6,Santa Eulàlia,328,18-24,69,44,113
2019,4,Districte IV,7,la Florida,410,00-02,19,11,30
2019,6,Districte VI,11,el Gornal,622,65-74,61,40,101
2019,4,Districte IV,7,la Florida,404,65-74,69,52,121
2019,2,Districte II,5,Collblanc,209,65-74,38,34,72
2019,2,Districte II,5,Collblanc,224,03-11,63,67,130
2019,1,Districte I,1,Centre,107,00-02,21,15,36
2019,2,Districte II,5,Collblanc,205,50-64,104,113,217
2019,5,Districte V,9,Can Serra,501,35-49,102,126,228
2019,4,Districte IV,7,la Florida,422,00-02,25,15,40
2019,1,Districte I,3,Sant Josep,121,03-11,35,48,83
2019,2,Districte II,5,Collblanc,224,16-17,7,14,21
2019,2,Districte II,4,la Torrassa,245,18-24,53,47,100
2019,6,Districte VI,12,Bellvitge,602,12-15,19,25,44
2019,3,Districte III,13,Granvia Sud,312,50-64,173,168,341
2019,2,Districte II,5,Collblanc,224,25-34,110,116,226
2019,3,Districte III,6,Santa Eulàlia,326,12-15,31,30,61
2019,6,Districte VI,12,Bellvitge,609,65-74,71,38,109
2019,1,Districte I,3,Sant Josep,115,18-24,50,51,101
2019,1,Districte I,3,Sant Josep,139,16-17,6,13,19
2019,5,Districte V,9,Can Serra,503,35-49,81,78,159
2019,1,Districte I,3,Sant Josep,122,03-11,49,56,105
2019,3,Districte III,6,Santa Eulàlia,321,03-11,60,83,143
2019,6,Districte VI,12,Bellvitge,614,18-24,28,34,62
2019,2,Districte II,4,la Torrassa,211,03-11,66,64,130
2019,6,Districte VI,12,Bellvitge,627,25-34,37,45,82
2019,2,Districte II,4,la Torrassa,249,25-34,99,93,192
2019,5,Districte V,9,Can Serra,503,25-34,35,43,78
2019,3,Districte III,6,Santa Eulàlia,322,03-11,53,73,126
2019,4,Districte IV,7,la Florida,402,65-74,31,22,53
2019,3,Districte III,6,Santa Eulàlia,301,18-24,29,45,74
2019,4,Districte IV,7,la Florida,403,18-24,36,42,78
2019,6,Districte VI,12,Bellvitge,624,00-02,9,10,19
2019,2,Districte II,5,Collblanc,208,00-02,15,16,31
2019,1,Districte I,1,Centre,111,16-17,6,8,14
2019,1,Districte I,3,Sant Josep,119,65-74,130,107,237
2019,1,Districte I,1,Centre,124,03-11,31,27,58
2019,1,Districte I,1,Centre,109,50-64,143,113,256
2019,4,Districte IV,7,la Florida,405,00-02,27,28,55
2019,1,Districte I,1,Centre,110,12-15,17,11,28
2019,5,Districte V,10,Pubilla Cases,517,12-15,41,37,78
2019,1,Districte I,3,Sant Josep,139,25-34,73,64,137
2019,4,Districte IV,8,les Planes,440,18-24,44,49,93
2019,6,Districte VI,12,Bellvitge,613,16-17,8,8,16
2019,1,Districte I,1,Centre,102,03-11,54,44,98
2019,5,Districte V,9,Can Serra,502,03-11,84,72,156
2019,1,Districte I,1,Centre,104,35-49,111,104,215
2019,1,Districte I,3,Sant Josep,137,75 i +,71,62,133
2019,3,Districte III,6,Santa Eulàlia,315,75 i +,73,62,135
2019,6,Districte VI,11,el Gornal,622,03-11,28,28,56
2019,1,Districte I,1,Centre,135,18-24,60,47,107
2019,2,Districte II,5,Collblanc,212,12-15,25,29,54
2019,4,Districte IV,8,les Planes,419,00-02,26,37,63
2019,2,Districte II,4,la Torrassa,211,12-15,23,22,45
2019,3,Districte III,6,Santa Eulàlia,308,00-02,27,17,44
2019,3,Districte III,6,Santa Eulàlia,306,75 i +,90,56,146
2019,5,Districte V,10,Pubilla Cases,531,50-64,93,87,180
2019,3,Districte III,6,Santa Eulàlia,318,75 i +,56,36,92
2019,2,Districte II,4,la Torrassa,237,25-34,119,112,231
2019,1,Districte I,3,Sant Josep,121,50-64,98,99,197
2019,2,Districte II,5,Collblanc,212,16-17,7,15,22
2019,6,Districte VI,11,el Gornal,616,35-49,271,242,513
2019,2,Districte II,5,Collblanc,209,35-49,139,115,254
2019,3,Districte III,6,Santa Eulàlia,315,50-64,198,165,363
2019,4,Districte IV,7,la Florida,426,25-34,115,92,207
2019,6,Districte VI,12,Bellvitge,623,50-64,120,108,228
2019,2,Districte II,4,la Torrassa,217,03-11,64,64,128
2019,5,Districte V,10,Pubilla Cases,530,12-15,29,39,68
2019,5,Districte V,10,Pubilla Cases,532,75 i +,108,66,174
2019,4,Districte IV,7,la Florida,410,50-64,183,154,337
2019,1,Districte I,3,Sant Josep,138,18-24,28,24,52
2019,2,Districte II,5,Collblanc,205,75 i +,71,47,118
2019,3,Districte III,6,Santa Eulàlia,311,50-64,143,145,288
2019,5,Districte V,9,Can Serra,504,00-02,11,11,22
2019,2,Districte II,5,Collblanc,212,18-24,73,74,147
2019,5,Districte V,10,Pubilla Cases,532,65-74,64,43,107
2019,2,Districte II,5,Collblanc,226,12-15,33,27,60
2019,2,Districte II,4,la Torrassa,239,16-17,13,14,27
2019,1,Districte I,1,Centre,113,00-02,15,18,33
2019,6,Districte VI,12,Bellvitge,623,12-15,29,34,63
2019,4,Districte IV,8,les Planes,420,03-11,93,94,187
2019,1,Districte I,1,Centre,104,50-64,93,95,188
2019,4,Districte IV,7,la Florida,431,50-64,129,116,245
2019,4,Districte IV,8,les Planes,419,18-24,94,103,197
2019,1,Districte I,1,Centre,113,25-34,94,115,209
2019,6,Districte VI,12,Bellvitge,605,12-15,33,29,62
2019,2,Districte II,5,Collblanc,221,65-74,79,66,145
2019,1,Districte I,1,Centre,104,25-34,43,48,91
2019,4,Districte IV,7,la Florida,402,35-49,123,106,229
2019,5,Districte V,10,Pubilla Cases,533,12-15,38,39,77
2019,2,Districte II,4,la Torrassa,248,16-17,14,5,19
2019,1,Districte I,3,Sant Josep,114,16-17,12,15,27
2019,1,Districte I,3,Sant Josep,125,50-64,149,148,297
2019,5,Districte V,9,Can Serra,507,35-49,101,104,205
2019,3,Districte III,6,Santa Eulàlia,308,18-24,88,96,184
2019,5,Districte V,10,Pubilla Cases,517,25-34,185,179,364
2019,3,Districte III,13,Granvia Sud,312,65-74,107,59,166
2019,4,Districte IV,8,les Planes,420,12-15,42,30,72
2019,3,Districte III,6,Santa Eulàlia,328,03-11,140,153,293
2019,6,Districte VI,12,Bellvitge,623,75 i +,104,70,174
2019,1,Districte I,1,Centre,103,25-34,56,46,102
2019,2,Districte II,5,Collblanc,214,00-02,38,31,69
2019,6,Districte VI,11,el Gornal,616,18-24,84,96,180
2019,3,Districte III,13,Granvia Sud,312,18-24,75,66,141
2019,4,Districte IV,7,la Florida,423,00-02,19,17,36
2019,5,Districte V,10,Pubilla Cases,530,03-11,73,105,178
2019,2,Districte II,5,Collblanc,201,18-24,37,59,96
2019,6,Districte VI,12,Bellvitge,615,00-02,7,5,12
2019,6,Districte VI,12,Bellvitge,610,50-64,99,92,191
2019,6,Districte VI,12,Bellvitge,625,65-74,120,118,238
2019,4,Districte IV,7,la Florida,406,18-24,76,68,144
2019,5,Districte V,10,Pubilla Cases,510,35-49,122,134,256
2019,1,Districte I,3,Sant Josep,122,25-34,69,58,127
2019,4,Districte IV,8,les Planes,420,35-49,226,289,515
2019,1,Districte I,1,Centre,101,12-15,36,45,81
2019,5,Districte V,10,Pubilla Cases,525,03-11,42,50,92
2019,1,Districte I,3,Sant Josep,127,50-64,97,83,180
2019,3,Districte III,6,Santa Eulàlia,328,12-15,66,48,114
2019,1,Districte I,1,Centre,133,18-24,24,25,49
2019,1,Districte I,1,Centre,133,50-64,86,80,166
2019,4,Districte IV,7,la Florida,409,35-49,265,266,531
2019,1,Districte I,2,Sanfeliu,118,03-11,55,82,137
2019,5,Districte V,10,Pubilla Cases,537,16-17,17,8,25
2019,1,Districte I,1,Centre,123,12-15,17,22,39
2019,5,Districte V,10,Pubilla Cases,510,16-17,12,7,19
2019,2,Districte II,4,la Torrassa,240,16-17,17,18,35
2019,4,Districte IV,7,la Florida,409,75 i +,116,90,206
2019,5,Districte V,9,Can Serra,506,00-02,13,13,26
2019,6,Districte VI,12,Bellvitge,605,75 i +,163,132,295
2019,2,Districte II,4,la Torrassa,231,50-64,113,114,227
2019,6,Districte VI,12,Bellvitge,606,16-17,8,11,19
2019,1,Districte I,3,Sant Josep,139,65-74,64,50,114
2019,4,Districte IV,8,les Planes,419,35-49,241,274,515
2019,1,Districte I,1,Centre,104,00-02,7,12,19
2019,5,Districte V,9,Can Serra,502,25-34,104,95,199
2019,4,Districte IV,7,la Florida,412,65-74,107,89,196
2019,2,Districte II,4,la Torrassa,231,75 i +,83,38,121
2019,4,Districte IV,7,la Florida,407,75 i +,81,43,124
2019,5,Districte V,10,Pubilla Cases,524,65-74,47,40,87
2019,1,Districte I,3,Sant Josep,119,25-34,58,66,124
2019,6,Districte VI,12,Bellvitge,609,25-34,43,41,84
2019,6,Districte VI,12,Bellvitge,610,75 i +,104,104,208
2019,5,Districte V,10,Pubilla Cases,534,16-17,9,10,19
2019,3,Districte III,6,Santa Eulàlia,323,35-49,227,238,465
2019,3,Districte III,6,Santa Eulàlia,306,35-49,193,177,370
2019,2,Districte II,4,la Torrassa,249,12-15,12,20,32
2019,5,Districte V,9,Can Serra,502,16-17,8,15,23
2019,6,Districte VI,12,Bellvitge,609,16-17,7,8,15
2019,4,Districte IV,7,la Florida,409,16-17,16,19,35
2019,1,Districte I,1,Centre,130,50-64,111,95,206
2019,1,Districte I,2,Sanfeliu,132,35-49,244,272,516
2019,4,Districte IV,8,les Planes,441,16-17,23,18,41
2019,4,Districte IV,7,la Florida,406,35-49,166,164,330
2019,5,Districte V,9,Can Serra,521,16-17,5,12,17
2019,2,Districte II,4,la Torrassa,245,50-64,104,99,203
2019,5,Districte V,9,Can Serra,507,12-15,18,18,36
2019,6,Districte VI,12,Bellvitge,621,65-74,147,125,272
2019,6,Districte VI,12,Bellvitge,612,50-64,80,79,159
2019,1,Districte I,3,Sant Josep,136,18-24,48,48,96
2019,3,Districte III,6,Santa Eulàlia,315,65-74,88,93,181
2019,5,Districte V,9,Can Serra,506,25-34,89,95,184
2019,6,Districte VI,12,Bellvitge,631,12-15,16,14,30
2019,1,Districte I,3,Sant Josep,127,12-15,18,17,35
2019,1,Districte I,1,Centre,128,03-11,40,52,92
2019,4,Districte IV,8,les Planes,433,12-15,42,41,83
2019,3,Districte III,6,Santa Eulàlia,319,25-34,106,95,201
2019,4,Districte IV,8,les Planes,440,50-64,91,93,184
2019,1,Districte I,1,Centre,124,25-34,67,70,137
2019,6,Districte VI,12,Bellvitge,605,25-34,82,74,156
2019,2,Districte II,4,la Torrassa,240,65-74,58,43,101
2019,1,Districte I,3,Sant Josep,137,03-11,72,58,130
2019,4,Districte IV,7,la Florida,402,75 i +,59,44,103
2019,3,Districte III,6,Santa Eulàlia,306,25-34,128,144,272
2019,2,Districte II,5,Collblanc,212,65-74,60,41,101
2019,6,Districte VI,12,Bellvitge,630,00-02,13,9,22
2019,6,Districte VI,12,Bellvitge,627,50-64,92,68,160
2019,1,Districte I,2,Sanfeliu,116,25-34,77,76,153
2019,1,Districte I,3,Sant Josep,139,12-15,16,20,36
2019,6,Districte VI,11,el Gornal,626,25-34,47,46,93
2019,2,Districte II,5,Collblanc,207,18-24,83,78,161
2019,2,Districte II,4,la Torrassa,239,18-24,56,44,100
2019,1,Districte I,1,Centre,134,00-02,12,22,34
2019,1,Districte I,1,Centre,105,65-74,84,69,153
2019,4,Districte IV,7,la Florida,432,25-34,97,106,203
2019,1,Districte I,3,Sant Josep,127,75 i +,42,31,73
2019,2,Districte II,4,la Torrassa,242,50-64,117,116,233
2019,2,Districte II,4,la Torrassa,211,50-64,133,105,238
2019,6,Districte VI,12,Bellvitge,609,12-15,17,16,33
2019,1,Districte I,3,Sant Josep,138,35-49,85,73,158
2019,3,Districte III,13,Granvia Sud,320,35-49,179,194,373
2019,1,Districte I,1,Centre,108,18-24,60,50,110
2019,3,Districte III,6,Santa Eulàlia,321,35-49,224,208,432
2019,1,Districte I,1,Centre,111,35-49,89,90,179
2019,1,Districte I,3,Sant Josep,119,00-02,16,5,21
2019,4,Districte IV,7,la Florida,405,25-34,172,124,296
2019,5,Districte V,10,Pubilla Cases,517,16-17,19,21,40
2019,6,Districte VI,11,el Gornal,626,50-64,79,86,165
2019,3,Districte III,6,Santa Eulàlia,319,65-74,90,73,163
2019,4,Districte IV,7,la Florida,402,03-11,41,52,93
2019,3,Districte III,6,Santa Eulàlia,313,16-17,21,20,41
2019,5,Districte V,10,Pubilla Cases,533,35-49,243,255,498
2019,1,Districte I,1,Centre,105,03-11,47,49,96
2019,6,Districte VI,11,el Gornal,622,12-15,17,14,31
2019,2,Districte II,4,la Torrassa,245,35-49,145,154,299
2019,2,Districte II,4,la Torrassa,232,50-64,102,100,202
2019,3,Districte III,6,Santa Eulàlia,309,18-24,28,51,79
2019,3,Districte III,6,Santa Eulàlia,318,50-64,108,84,192
2019,3,Districte III,6,Santa Eulàlia,313,25-34,125,133,258
2019,6,Districte VI,12,Bellvitge,615,25-34,36,33,69
2019,5,Districte V,10,Pubilla Cases,508,25-34,142,127,269
2019,5,Districte V,9,Can Serra,505,18-24,20,24,44
2019,1,Districte I,1,Centre,110,50-64,112,84,196
2019,1,Districte I,3,Sant Josep,121,75 i +,63,34,97
2019,6,Districte VI,11,el Gornal,608,25-34,59,69,128
2019,6,Districte VI,12,Bellvitge,627,65-74,105,91,196
2019,5,Districte V,9,Can Serra,535,00-02,11,8,19
2019,1,Districte I,3,Sant Josep,119,16-17,8,9,17
2019,4,Districte IV,8,les Planes,435,18-24,42,59,101
2019,5,Districte V,9,Can Serra,521,35-49,96,105,201
2019,5,Districte V,10,Pubilla Cases,538,35-49,166,174,340
2019,2,Districte II,5,Collblanc,202,00-02,29,28,57
2019,1,Districte I,1,Centre,130,03-11,46,46,92
2019,2,Districte II,4,la Torrassa,234,00-02,15,16,31
2019,3,Districte III,6,Santa Eulàlia,327,12-15,22,28,50
2019,1,Districte I,1,Centre,133,03-11,39,25,64
2019,2,Districte II,4,la Torrassa,238,35-49,129,141,270
2019,4,Districte IV,7,la Florida,406,16-17,14,13,27
2019,1,Districte I,3,Sant Josep,122,35-49,139,127,266
2019,1,Districte I,1,Centre,123,35-49,150,126,276
2019,6,Districte VI,11,el Gornal,626,03-11,38,40,78
2019,3,Districte III,6,Santa Eulàlia,303,03-11,64,60,124
2019,5,Districte V,10,Pubilla Cases,524,16-17,17,11,28
2019,1,Districte I,1,Centre,134,03-11,62,62,124
2019,5,Districte V,10,Pubilla Cases,513,75 i +,106,66,172
2019,2,Districte II,5,Collblanc,216,35-49,156,175,331
2019,1,Districte I,3,Sant Josep,125,03-11,57,78,135
2019,5,Districte V,10,Pubilla Cases,529,03-11,51,55,106
2019,6,Districte VI,12,Bellvitge,606,03-11,40,52,92
2019,4,Districte IV,8,les Planes,433,50-64,185,170,355
2019,2,Districte II,4,la Torrassa,245,16-17,8,19,27
2019,6,Districte VI,12,Bellvitge,605,16-17,18,14,32
2019,1,Districte I,1,Centre,124,00-02,10,8,18
2019,1,Districte I,1,Centre,102,25-34,75,74,149
2019,1,Districte I,3,Sant Josep,136,75 i +,81,47,128
2019,1,Districte I,1,Centre,141,65-74,21,19,40
2019,1,Districte I,3,Sant Josep,106,35-49,190,193,383
2019,1,Districte I,2,Sanfeliu,129,75 i +,122,63,185
2019,6,Districte VI,12,Bellvitge,619,16-17,9,9,18
2019,3,Districte III,6,Santa Eulàlia,318,65-74,52,48,100
2019,4,Districte IV,7,la Florida,426,18-24,44,48,92
2019,3,Districte III,6,Santa Eulàlia,301,75 i +,157,106,263
2019,6,Districte VI,11,el Gornal,632,18-24,41,31,72
2019,5,Districte V,10,Pubilla Cases,525,35-49,134,126,260
2019,2,Districte II,4,la Torrassa,239,12-15,15,10,25
2019,3,Districte III,13,Granvia Sud,320,18-24,50,43,93
2019,3,Districte III,6,Santa Eulàlia,317,12-15,19,27,46
2019,2,Districte II,5,Collblanc,221,25-34,179,169,348
2019,6,Districte VI,12,Bellvitge,624,75 i +,77,73,150
2019,5,Districte V,10,Pubilla Cases,513,16-17,7,25,32
2019,3,Districte III,6,Santa Eulàlia,327,35-49,142,137,279
2019,3,Districte III,6,Santa Eulàlia,310,35-49,106,130,236
2019,1,Districte I,1,Centre,101,50-64,191,188,379
2019,3,Districte III,6,Santa Eulàlia,307,12-15,17,17,34
2019,4,Districte IV,8,les Planes,401,50-64,145,117,262
2019,1,Districte I,1,Centre,124,35-49,96,94,190
2019,3,Districte III,6,Santa Eulàlia,306,03-11,54,67,121
2019,6,Districte VI,11,el Gornal,616,65-74,131,121,252
2019,1,Districte I,3,Sant Josep,140,18-24,44,39,83
2019,1,Districte I,1,Centre,133,00-02,12,14,26
2019,1,Districte I,2,Sanfeliu,118,25-34,95,85,180
2019,3,Districte III,6,Santa Eulàlia,326,00-02,42,50,92
2019,3,Districte III,6,Santa Eulàlia,305,03-11,59,67,126
2019,3,Districte III,6,Santa Eulàlia,305,12-15,26,35,61
2019,4,Districte IV,8,les Planes,441,12-15,38,36,74
2019,3,Districte III,6,Santa Eulàlia,317,75 i +,42,26,68
2019,3,Districte III,6,Santa Eulàlia,307,35-49,136,131,267
2019,3,Districte III,6,Santa Eulàlia,322,18-24,62,57,119
2019,1,Districte I,2,Sanfeliu,129,12-15,20,24,44
2019,4,Districte IV,7,la Florida,423,12-15,21,17,38
2019,6,Districte VI,12,Bellvitge,605,00-02,17,27,44
2019,2,Districte II,4,la Torrassa,249,35-49,124,130,254
2019,6,Districte VI,12,Bellvitge,624,65-74,101,74,175
2019,2,Districte II,5,Collblanc,216,03-11,56,64,120
2019,6,Districte VI,12,Bellvitge,607,50-64,110,96,206
2019,2,Districte II,5,Collblanc,226,75 i +,120,81,201
2019,2,Districte II,4,la Torrassa,237,12-15,33,35,68
2019,6,Districte VI,12,Bellvitge,618,65-74,84,58,142
2019,1,Districte I,1,Centre,123,75 i +,93,65,158
2019,3,Districte III,6,Santa Eulàlia,327,65-74,95,83,178
2019,2,Districte II,5,Collblanc,213,12-15,17,22,39
2019,6,Districte VI,12,Bellvitge,605,65-74,113,75,188
2019,5,Districte V,10,Pubilla Cases,513,03-11,76,80,156
2019,5,Districte V,10,Pubilla Cases,510,25-34,75,86,161
2019,2,Districte II,4,la Torrassa,234,75 i +,63,39,102
2019,6,Districte VI,12,Bellvitge,610,18-24,47,54,101
2019,5,Districte V,9,Can Serra,535,03-11,30,25,55
2019,2,Districte II,4,la Torrassa,237,16-17,10,20,30
2019,2,Districte II,5,Collblanc,202,03-11,69,79,148
2019,2,Districte II,5,Collblanc,224,35-49,164,141,305
2019,6,Districte VI,12,Bellvitge,605,50-64,155,129,284
2019,2,Districte II,5,Collblanc,207,65-74,80,65,145
2019,5,Districte V,10,Pubilla Cases,518,12-15,20,21,41
2019,4,Districte IV,8,les Planes,418,25-34,95,125,220
2019,6,Districte VI,12,Bellvitge,621,50-64,128,87,215
2019,2,Districte II,4,la Torrassa,246,12-15,40,21,61
2019,2,Districte II,5,Collblanc,213,00-02,13,13,26
2019,3,Districte III,6,Santa Eulàlia,325,50-64,214,169,383
2019,2,Districte II,4,la Torrassa,232,25-34,95,108,203
2019,1,Districte I,3,Sant Josep,138,75 i +,54,43,97
2019,1,Districte I,1,Centre,109,75 i +,76,53,129
2019,4,Districte IV,7,la Florida,405,03-11,79,82,161
2019,5,Districte V,9,Can Serra,503,00-02,2,6,8
2019,2,Districte II,4,la Torrassa,232,00-02,15,13,28
2019,5,Districte V,10,Pubilla Cases,531,03-11,44,51,95
2019,4,Districte IV,7,la Florida,412,16-17,18,19,37
2019,2,Districte II,5,Collblanc,207,50-64,197,152,349
2019,2,Districte II,5,Collblanc,220,35-49,253,210,463
2019,6,Districte VI,12,Bellvitge,610,03-11,38,46,84
2019,4,Districte IV,7,la Florida,411,00-02,9,10,19
2019,2,Districte II,4,la Torrassa,246,00-02,18,17,35
2019,1,Districte I,1,Centre,102,65-74,119,96,215
2019,4,Districte IV,7,la Florida,430,16-17,16,4,20
2019,2,Districte II,4,la Torrassa,234,35-49,137,154,291
2019,2,Districte II,4,la Torrassa,236,12-15,20,19,39
2019,3,Districte III,6,Santa Eulàlia,311,25-34,125,115,240
2019,2,Districte II,5,Collblanc,202,75 i +,85,65,150
2019,3,Districte III,6,Santa Eulàlia,320,75 i +,2,3,5
2019,1,Districte I,1,Centre,128,65-74,62,39,101
2019,3,Districte III,6,Santa Eulàlia,306,50-64,167,157,324
2019,4,Districte IV,7,la Florida,423,18-24,41,40,81
2019,1,Districte I,3,Sant Josep,137,50-64,168,145,313
2019,4,Districte IV,8,les Planes,418,18-24,60,55,115
2019,3,Districte III,6,Santa Eulàlia,323,75 i +,66,48,114
2019,4,Districte IV,8,les Planes,441,18-24,70,64,134
2019,4,Districte IV,8,les Planes,441,25-34,159,147,306
2019,3,Districte III,6,Santa Eulàlia,316,50-64,292,201,493
2019,6,Districte VI,11,el Gornal,608,35-49,130,168,298
2019,6,Districte VI,12,Bellvitge,625,18-24,32,35,67
2019,5,Districte V,10,Pubilla Cases,531,16-17,13,6,19
2019,2,Districte II,4,la Torrassa,249,75 i +,71,39,110
2019,1,Districte I,1,Centre,104,75 i +,73,40,113
2019,4,Districte IV,7,la Florida,430,18-24,33,63,96
2019,1,Districte I,1,Centre,128,50-64,81,87,168
2019,4,Districte IV,8,les Planes,437,00-02,33,27,60
2019,1,Districte I,1,Centre,113,35-49,204,199,403
2019,2,Districte II,5,Collblanc,212,25-34,119,135,254
2019,3,Districte III,6,Santa Eulàlia,316,35-49,181,207,388
2019,6,Districte VI,12,Bellvitge,627,00-02,7,11,18
2019,1,Districte I,1,Centre,103,65-74,41,34,75
2019,2,Districte II,5,Collblanc,201,12-15,32,36,68
2019,2,Districte II,5,Collblanc,209,50-64,120,98,218
2019,4,Districte IV,7,la Florida,430,65-74,32,23,55
2019,2,Districte II,5,Collblanc,220,25-34,177,169,346
2019,6,Districte VI,12,Bellvitge,623,35-49,154,167,321
2019,5,Districte V,10,Pubilla Cases,513,18-24,68,75,143
2019,1,Districte I,1,Centre,107,18-24,64,52,116
2019,4,Districte IV,7,la Florida,430,75 i +,60,37,97
2019,1,Districte I,3,Sant Josep,136,12-15,21,24,45
2019,2,Districte II,5,Collblanc,221,18-24,89,103,192
2019,4,Districte IV,7,la Florida,407,50-64,94,88,182
2019,2,Districte II,4,la Torrassa,236,03-11,46,54,100
2019,5,Districte V,10,Pubilla Cases,510,75 i +,73,46,119
2019,3,Districte III,6,Santa Eulàlia,321,16-17,22,17,39
2019,2,Districte II,4,la Torrassa,232,16-17,6,10,16
2019,5,Districte V,10,Pubilla Cases,518,50-64,95,96,191
2019,3,Districte III,6,Santa Eulàlia,306,12-15,26,37,63
2019,2,Districte II,4,la Torrassa,228,25-34,212,200,412
2019,3,Districte III,6,Santa Eulàlia,324,16-17,15,12,27
2019,3,Districte III,6,Santa Eulàlia,304,65-74,75,54,129
2019,2,Districte II,5,Collblanc,224,75 i +,69,26,95
2019,2,Districte II,4,la Torrassa,246,18-24,55,60,115
2019,5,Districte V,10,Pubilla Cases,520,03-11,39,39,78
2019,1,Districte I,1,Centre,101,03-11,63,70,133
2019,5,Districte V,10,Pubilla Cases,508,12-15,31,38,69
2019,4,Districte IV,7,la Florida,425,50-64,115,114,229
2019,2,Districte II,4,la Torrassa,242,75 i +,81,61,142
2019,2,Districte II,5,Collblanc,209,03-11,40,44,84
2019,6,Districte VI,11,el Gornal,608,65-74,66,52,118
2019,4,Districte IV,8,les Planes,420,75 i +,133,76,209
2019,3,Districte III,6,Santa Eulàlia,326,65-74,20,28,48
2019,5,Districte V,10,Pubilla Cases,533,03-11,93,89,182
2019,6,Districte VI,11,el Gornal,616,16-17,22,24,46
2019,3,Districte III,6,Santa Eulàlia,316,65-74,196,205,401
2019,1,Districte I,2,Sanfeliu,116,16-17,11,15,26
2019,3,Districte III,6,Santa Eulàlia,310,00-02,16,9,25
2019,3,Districte III,6,Santa Eulàlia,305,16-17,15,8,23
2019,4,Districte IV,7,la Florida,421,75 i +,95,72,167
2019,2,Districte II,4,la Torrassa,240,50-64,175,157,332
2019,6,Districte VI,12,Bellvitge,621,12-15,21,23,44
2019,2,Districte II,5,Collblanc,205,25-34,82,86,168
2019,2,Districte II,5,Collblanc,223,00-02,21,17,38
2019,5,Districte V,10,Pubilla Cases,528,25-34,95,84,179
2019,4,Districte IV,8,les Planes,401,12-15,24,22,46
2019,5,Districte V,10,Pubilla Cases,538,25-34,95,88,183
2019,4,Districte IV,7,la Florida,416,12-15,31,34,65
2019,1,Districte I,1,Centre,107,03-11,67,49,116
2019,2,Districte II,4,la Torrassa,228,65-74,71,53,124
2019,1,Districte I,2,Sanfeliu,132,00-02,28,38,66
2019,5,Districte V,10,Pubilla Cases,526,65-74,65,45,110
2019,6,Districte VI,11,el Gornal,616,12-15,51,47,98
2019,1,Districte I,3,Sant Josep,115,16-17,10,10,20
2019,6,Districte VI,12,Bellvitge,631,35-49,121,114,235
2019,5,Districte V,10,Pubilla Cases,518,16-17,13,9,22
2019,3,Districte III,6,Santa Eulàlia,321,00-02,20,25,45
2019,2,Districte II,4,la Torrassa,238,16-17,9,6,15
2019,1,Districte I,3,Sant Josep,117,16-17,11,14,25
2019,1,Districte I,1,Centre,110,18-24,25,24,49
2019,4,Districte IV,7,la Florida,425,16-17,8,12,20
2019,3,Districte III,6,Santa Eulàlia,309,25-34,90,77,167
2019,6,Districte VI,12,Bellvitge,619,18-24,33,41,74
2019,6,Districte VI,12,Bellvitge,631,00-02,9,10,19
2019,1,Districte I,3,Sant Josep,117,65-74,139,115,254
2019,5,Districte V,10,Pubilla Cases,508,35-49,202,192,394
2019,2,Districte II,5,Collblanc,221,12-15,32,32,64
2019,4,Districte IV,7,la Florida,409,03-11,93,88,181
2019,1,Districte I,1,Centre,107,50-64,153,137,290
2019,3,Districte III,6,Santa Eulàlia,317,50-64,94,89,183
2019,4,Districte IV,8,les Planes,401,65-74,55,50,105
2019,6,Districte VI,11,el Gornal,608,03-11,56,49,105
2019,6,Districte VI,12,Bellvitge,619,75 i +,124,89,213
2019,5,Districte V,9,Can Serra,505,35-49,140,129,269
2019,2,Districte II,4,la Torrassa,245,03-11,49,57,106
2019,3,Districte III,6,Santa Eulàlia,327,18-24,41,46,87
2019,2,Districte II,4,la Torrassa,245,65-74,51,35,86
2019,2,Districte II,4,la Torrassa,211,16-17,11,19,30
2019,4,Districte IV,8,les Planes,433,00-02,30,32,62
2019,5,Districte V,9,Can Serra,521,12-15,14,17,31
2019,3,Districte III,6,Santa Eulàlia,302,50-64,133,111,244
2019,6,Districte VI,11,el Gornal,626,18-24,23,34,57
2019,5,Districte V,9,Can Serra,502,12-15,24,36,60
2019,3,Districte III,6,Santa Eulàlia,309,03-11,60,71,131
2019,2,Districte II,4,la Torrassa,247,75 i +,74,50,124
2019,4,Districte IV,7,la Florida,407,35-49,131,152,283
2019,4,Districte IV,7,la Florida,406,50-64,143,133,276
2019,5,Districte V,9,Can Serra,502,18-24,59,59,118
2019,2,Districte II,5,Collblanc,208,16-17,11,13,24
2019,3,Districte III,6,Santa Eulàlia,311,03-11,64,82,146
2019,5,Districte V,10,Pubilla Cases,514,00-02,21,21,42
2019,1,Districte I,1,Centre,128,25-34,69,74,143
2019,6,Districte VI,11,el Gornal,608,50-64,151,137,288
2019,3,Districte III,6,Santa Eulàlia,308,75 i +,123,94,217
2019,6,Districte VI,12,Bellvitge,625,35-49,126,107,233
2019,6,Districte VI,12,Bellvitge,630,03-11,26,40,66
2019,5,Districte V,10,Pubilla Cases,538,75 i +,101,58,159
2019,4,Districte IV,8,les Planes,419,25-34,155,180,335
2019,2,Districte II,5,Collblanc,220,12-15,35,28,63
2019,4,Districte IV,7,la Florida,404,35-49,171,176,347
2019,2,Districte II,4,la Torrassa,237,65-74,51,41,92
2019,3,Districte III,6,Santa Eulàlia,303,65-74,103,74,177
2019,3,Districte III,6,Santa Eulàlia,329,35-49,283,265,548
2019,2,Districte II,5,Collblanc,212,03-11,66,63,129
2019,2,Districte II,5,Collblanc,204,75 i +,115,59,174
2019,1,Districte I,1,Centre,123,03-11,50,37,87
2019,2,Districte II,4,la Torrassa,245,00-02,19,25,44
2019,2,Districte II,4,la Torrassa,239,25-34,84,99,183
2019,2,Districte II,5,Collblanc,213,18-24,35,49,84
2019,2,Districte II,5,Collblanc,210,12-15,26,14,40
2019,4,Districte IV,7,la Florida,412,35-49,158,209,367
2019,3,Districte III,6,Santa Eulàlia,313,65-74,138,113,251
2019,3,Districte III,6,Santa Eulàlia,301,25-34,87,97,184
2019,5,Districte V,9,Can Serra,506,35-49,181,176,357
2019,6,Districte VI,12,Bellvitge,610,65-74,106,52,158
2019,6,Districte VI,11,el Gornal,632,75 i +,57,39,96
2019,2,Districte II,4,la Torrassa,239,35-49,164,159,323
2019,6,Districte VI,11,el Gornal,632,50-64,96,82,178
2019,5,Districte V,10,Pubilla Cases,532,50-64,127,92,219
2019,1,Districte I,1,Centre,141,50-64,86,96,182
2019,2,Districte II,4,la Torrassa,234,18-24,39,60,99
2019,1,Districte I,1,Centre,113,75 i +,71,54,125
2019,4,Districte IV,8,les Planes,437,75 i +,116,83,199
2019,6,Districte VI,12,Bellvitge,623,00-02,16,15,31
2019,2,Districte II,4,la Torrassa,211,35-49,188,210,398
2019,4,Districte IV,7,la Florida,422,65-74,45,32,77
2019,4,Districte IV,8,les Planes,435,75 i +,58,23,81
2019,5,Districte V,10,Pubilla Cases,528,75 i +,82,54,136
2019,6,Districte VI,12,Bellvitge,614,03-11,31,36,67
2019,5,Districte V,10,Pubilla Cases,526,18-24,87,70,157
2019,1,Districte I,1,Centre,141,18-24,29,32,61
2019,5,Districte V,10,Pubilla Cases,520,00-02,11,10,21
2019,5,Districte V,9,Can Serra,504,16-17,6,4,10
2019,1,Districte I,1,Centre,101,35-49,223,241,464
2019,2,Districte II,5,Collblanc,205,00-02,13,6,19
2019,5,Districte V,9,Can Serra,507,25-34,60,77,137
2019,1,Districte I,3,Sant Josep,127,18-24,23,26,49
2019,3,Districte III,6,Santa Eulàlia,311,12-15,21,25,46
2019,4,Districte IV,7,la Florida,421,25-34,85,83,168
2019,1,Districte I,1,Centre,110,16-17,13,13,26
2019,4,Districte IV,7,la Florida,403,00-02,18,9,27
2019,6,Districte VI,12,Bellvitge,614,00-02,2,8,10
2019,3,Districte III,6,Santa Eulàlia,309,35-49,199,204,403
2019,5,Districte V,9,Can Serra,507,65-74,46,34,80
2019,2,Districte II,5,Collblanc,216,25-34,89,84,173
2019,1,Districte I,3,Sant Josep,122,50-64,69,77,146
2019,5,Districte V,10,Pubilla Cases,532,03-11,52,63,115
2019,5,Districte V,10,Pubilla Cases,534,03-11,52,47,99
2019,6,Districte VI,12,Bellvitge,614,12-15,24,24,48
2019,4,Districte IV,7,la Florida,425,00-02,16,11,27
2019,4,Districte IV,7,la Florida,414,18-24,81,100,181
2019,3,Districte III,6,Santa Eulàlia,324,25-34,84,96,180
2019,6,Districte VI,12,Bellvitge,610,00-02,18,14,32
2019,1,Districte I,3,Sant Josep,140,25-34,75,67,142
2019,3,Districte III,6,Santa Eulàlia,318,00-02,8,5,13
2019,2,Districte II,4,la Torrassa,237,03-11,71,66,137
2019,4,Districte IV,8,les Planes,437,12-15,30,32,62
2019,1,Districte I,3,Sant Josep,140,65-74,57,33,90
2019,2,Districte II,5,Collblanc,221,35-49,247,288,535
2019,1,Districte I,2,Sanfeliu,118,12-15,45,26,71
2019,5,Districte V,10,Pubilla Cases,510,12-15,13,16,29
2019,1,Districte I,2,Sanfeliu,129,00-02,6,17,23
2019,3,Districte III,6,Santa Eulàlia,317,65-74,25,29,54
2019,6,Districte VI,12,Bellvitge,607,35-49,95,113,208
2019,4,Districte IV,7,la Florida,403,50-64,114,109,223
2019,5,Districte V,9,Can Serra,501,12-15,11,17,28
2019,1,Districte I,1,Centre,107,25-34,92,104,196
2019,4,Districte IV,7,la Florida,414,50-64,177,147,324
2019,6,Districte VI,12,Bellvitge,611,50-64,155,166,321
2019,3,Districte III,6,Santa Eulàlia,301,03-11,65,53,118
2019,6,Districte VI,12,Bellvitge,627,12-15,8,13,21
2019,6,Districte VI,11,el Gornal,632,65-74,47,41,88
2019,3,Districte III,6,Santa Eulàlia,323,03-11,75,101,176
2019,4,Districte IV,7,la Florida,411,35-49,118,114,232
2019,5,Districte V,10,Pubilla Cases,528,50-64,127,99,226
2019,2,Districte II,5,Collblanc,207,75 i +,104,55,159
2019,5,Districte V,10,Pubilla Cases,532,18-24,59,57,116
2019,2,Districte II,5,Collblanc,224,18-24,55,55,110
2019,6,Districte VI,12,Bellvitge,623,18-24,43,45,88
2019,3,Districte III,6,Santa Eulàlia,305,50-64,196,163,359
2019,2,Districte II,4,la Torrassa,231,12-15,20,31,51
2019,5,Districte V,10,Pubilla Cases,534,35-49,129,126,255
2019,2,Districte II,4,la Torrassa,249,16-17,8,6,14
2019,1,Districte I,1,Centre,111,03-11,31,18,49
2019,1,Districte I,1,Centre,111,75 i +,74,50,124
2019,6,Districte VI,12,Bellvitge,614,65-74,79,55,134
2019,3,Districte III,6,Santa Eulàlia,321,50-64,275,228,503
2019,2,Districte II,5,Collblanc,216,12-15,32,30,62
2019,1,Districte I,3,Sant Josep,106,18-24,45,55,100
2019,4,Districte IV,7,la Florida,409,18-24,85,91,176
2019,2,Districte II,5,Collblanc,220,00-02,26,33,59
2019,4,Districte IV,7,la Florida,425,12-15,17,25,42
2019,4,Districte IV,7,la Florida,405,65-74,75,52,127
2019,1,Districte I,1,Centre,113,18-24,48,57,105
2019,3,Districte III,6,Santa Eulàlia,322,16-17,12,16,28
2019,6,Districte VI,12,Bellvitge,618,35-49,103,96,199
2019,2,Districte II,5,Collblanc,223,25-34,116,108,224
2019,4,Districte IV,8,les Planes,437,25-34,122,135,257
2019,4,Districte IV,7,la Florida,421,65-74,68,46,114
2019,5,Districte V,10,Pubilla Cases,533,65-74,78,56,134
2019,6,Districte VI,12,Bellvitge,610,16-17,12,10,22
2019,5,Districte V,9,Can Serra,506,12-15,20,37,57
2019,1,Districte I,1,Centre,103,75 i +,54,32,86
2019,5,Districte V,10,Pubilla Cases,533,25-34,146,151,297
2019,5,Districte V,10,Pubilla Cases,532,00-02,21,26,47
2019,1,Districte I,1,Centre,109,65-74,73,67,140
2019,1,Districte I,1,Centre,103,18-24,30,29,59
2019,3,Districte III,6,Santa Eulàlia,304,00-02,39,39,78
2019,5,Districte V,9,Can Serra,503,65-74,75,65,140
2019,5,Districte V,10,Pubilla Cases,526,75 i +,95,62,157
2019,1,Districte I,1,Centre,134,35-49,155,174,329
2019,5,Districte V,10,Pubilla Cases,513,00-02,22,33,55
2019,6,Districte VI,12,Bellvitge,627,35-49,82,104,186
2019,3,Districte III,6,Santa Eulàlia,322,65-74,62,60,122
2019,4,Districte IV,8,les Planes,440,75 i +,87,75,162
2019,5,Districte V,10,Pubilla Cases,517,03-11,100,112,212
2019,6,Districte VI,11,el Gornal,632,35-49,111,128,239
2019,4,Districte IV,7,la Florida,402,12-15,22,19,41
2019,1,Districte I,1,Centre,123,18-24,41,49,90
2019,6,Districte VI,12,Bellvitge,612,35-49,107,125,232
2019,6,Districte VI,12,Bellvitge,627,75 i +,62,55,117
2019,5,Districte V,9,Can Serra,503,18-24,23,27,50
2019,1,Districte I,3,Sant Josep,121,16-17,9,6,15
2019,4,Districte IV,7,la Florida,421,50-64,121,102,223
2019,5,Districte V,10,Pubilla Cases,510,03-11,50,38,88
2019,3,Districte III,6,Santa Eulàlia,306,18-24,75,73,148
2019,4,Districte IV,7,la Florida,422,25-34,103,86,189
2019,1,Districte I,1,Centre,130,16-17,9,7,16
2019,5,Districte V,10,Pubilla Cases,531,12-15,15,19,34
2019,3,Districte III,6,Santa Eulàlia,320,18-24,10,9,19
2019,3,Districte III,6,Santa Eulàlia,325,65-74,145,100,245
2019,5,Districte V,10,Pubilla Cases,510,65-74,64,41,105
2019,1,Districte I,3,Sant Josep,114,35-49,179,174,353
2019,3,Districte III,6,Santa Eulàlia,314,03-11,104,104,208
2019,4,Districte IV,7,la Florida,431,18-24,74,89,163
2019,3,Districte III,6,Santa Eulàlia,316,03-11,50,79,129
2019,6,Districte VI,12,Bellvitge,618,12-15,28,29,57
2019,1,Districte I,1,Centre,128,75 i +,67,45,112
2019,4,Districte IV,7,la Florida,405,16-17,17,20,37
2019,6,Districte VI,11,el Gornal,616,75 i +,73,39,112
2019,4,Districte IV,7,la Florida,430,35-49,136,174,310
2019,1,Districte I,1,Centre,134,50-64,156,117,273
2019,6,Districte VI,11,el Gornal,632,03-11,35,47,82
2019,3,Districte III,6,Santa Eulàlia,301,00-02,13,14,27
2019,4,Districte IV,7,la Florida,412,50-64,163,124,287
2019,3,Districte III,6,Santa Eulàlia,325,12-15,36,29,65
2019,6,Districte VI,12,Bellvitge,615,65-74,79,34,113
2019,4,Districte IV,7,la Florida,427,18-24,73,70,143
2019,5,Districte V,10,Pubilla Cases,530,25-34,145,145,290
2019,1,Districte I,3,Sant Josep,140,12-15,17,25,42
2019,1,Districte I,3,Sant Josep,126,16-17,15,11,26
2019,4,Districte IV,7,la Florida,427,50-64,147,151,298
2019,6,Districte VI,11,el Gornal,632,00-02,7,9,16
2019,3,Districte III,6,Santa Eulàlia,304,35-49,313,287,600
2019,5,Districte V,9,Can Serra,504,03-11,36,45,81
2019,5,Districte V,9,Can Serra,506,18-24,56,69,125
2019,1,Districte I,1,Centre,133,65-74,59,45,104
2019,5,Districte V,9,Can Serra,505,16-17,8,5,13
2019,4,Districte IV,8,les Planes,419,03-11,90,111,201
2019,2,Districte II,4,la Torrassa,242,65-74,51,46,97
2019,4,Districte IV,8,les Planes,420,18-24,100,98,198
2019,2,Districte II,4,la Torrassa,228,03-11,109,98,207
2019,1,Districte I,3,Sant Josep,137,00-02,17,19,36
2019,3,Districte III,6,Santa Eulàlia,319,16-17,14,19,33
2019,5,Districte V,9,Can Serra,504,35-49,134,127,261
2019,5,Districte V,9,Can Serra,501,50-64,103,91,194
2019,3,Districte III,6,Santa Eulàlia,319,03-11,78,98,176
2019,6,Districte VI,12,Bellvitge,621,00-02,13,20,33
2019,6,Districte VI,12,Bellvitge,609,35-49,97,90,187
2019,1,Districte I,3,Sant Josep,106,75 i +,82,62,144
2019,4,Districte IV,7,la Florida,422,35-49,174,177,351
2019,4,Districte IV,7,la Florida,404,00-02,18,21,39
2019,5,Districte V,9,Can Serra,535,75 i +,87,79,166
2019,3,Districte III,6,Santa Eulàlia,303,50-64,121,127,248
2019,2,Districte II,5,Collblanc,208,25-34,120,139,259
2019,4,Districte IV,7,la Florida,407,16-17,11,13,24
2019,3,Districte III,6,Santa Eulàlia,313,12-15,35,38,73
2019,2,Districte II,4,la Torrassa,211,18-24,49,81,130
2019,2,Districte II,4,la Torrassa,231,25-34,110,89,199
2019,3,Districte III,6,Santa Eulàlia,318,35-49,84,78,162
2019,1,Districte I,1,Centre,105,75 i +,62,53,115
2019,1,Districte I,3,Sant Josep,115,35-49,163,159,322
2019,1,Districte I,1,Centre,130,18-24,26,34,60
2019,3,Districte III,6,Santa Eulàlia,316,18-24,57,60,117
2019,1,Districte I,3,Sant Josep,140,03-11,56,51,107
2019,1,Districte I,3,Sant Josep,125,75 i +,75,74,149
2019,3,Districte III,6,Santa Eulàlia,318,25-34,42,50,92
2019,3,Districte III,6,Santa Eulàlia,323,25-34,98,87,185
2019,4,Districte IV,7,la Florida,410,16-17,11,17,28
2019,5,Districte V,9,Can Serra,503,12-15,5,5,10
2019,6,Districte VI,12,Bellvitge,609,18-24,28,34,62
2019,2,Districte II,5,Collblanc,204,35-49,203,200,403
2019,5,Districte V,9,Can Serra,521,65-74,112,75,187
2019,4,Districte IV,7,la Florida,414,25-34,184,171,355
2019,1,Districte I,1,Centre,112,25-34,121,114,235
2019,3,Districte III,6,Santa Eulàlia,325,35-49,196,180,376
2019,3,Districte III,6,Santa Eulàlia,309,16-17,12,18,30
2019,2,Districte II,5,Collblanc,221,03-11,81,96,177
2019,2,Districte II,5,Collblanc,223,12-15,25,33,58
2019,3,Districte III,6,Santa Eulàlia,302,25-34,104,97,201
2019,3,Districte III,6,Santa Eulàlia,302,65-74,128,102,230
2019,2,Districte II,5,Collblanc,216,00-02,13,8,21
2019,2,Districte II,4,la Torrassa,233,75 i +,58,28,86
2019,4,Districte IV,7,la Florida,432,75 i +,80,55,135
2019,4,Districte IV,7,la Florida,426,12-15,21,18,39
2019,2,Districte II,5,Collblanc,202,12-15,30,36,66
2019,1,Districte I,1,Centre,103,00-02,11,13,24
2019,1,Districte I,1,Centre,101,16-17,21,17,38
2019,1,Districte I,3,Sant Josep,139,50-64,79,105,184
2019,4,Districte IV,8,les Planes,437,16-17,17,22,39
2019,1,Districte I,2,Sanfeliu,116,12-15,30,16,46
2019,3,Districte III,6,Santa Eulàlia,306,16-17,22,12,34
2019,1,Districte I,1,Centre,134,25-34,76,84,160
2019,6,Districte VI,12,Bellvitge,601,03-11,67,81,148
2019,2,Districte II,5,Collblanc,223,16-17,10,8,18
2019,6,Districte VI,11,el Gornal,616,50-64,245,215,460
2019,1,Districte I,1,Centre,123,00-02,8,16,24
2019,3,Districte III,6,Santa Eulàlia,303,00-02,18,20,38
2019,2,Districte II,4,la Torrassa,228,12-15,44,48,92
2019,6,Districte VI,12,Bellvitge,605,18-24,59,55,114
2019,4,Districte IV,8,les Planes,433,03-11,107,112,219
2019,4,Districte IV,8,les Planes,435,25-34,109,117,226
2019,2,Districte II,5,Collblanc,226,03-11,85,86,171
2019,3,Districte III,6,Santa Eulàlia,307,50-64,148,97,245
2019,4,Districte IV,7,la Florida,409,25-34,139,175,314
2019,1,Districte I,3,Sant Josep,120,12-15,16,48,64
2019,1,Districte I,3,Sant Josep,120,35-49,182,177,359
2019,6,Districte VI,12,Bellvitge,607,03-11,34,39,73
2019,3,Districte III,6,Santa Eulàlia,318,18-24,32,29,61
2019,1,Districte I,1,Centre,101,65-74,67,75,142
2019,6,Districte VI,12,Bellvitge,602,25-34,60,63,123
2019,3,Districte III,6,Santa Eulàlia,320,00-02,9,7,16
2019,5,Districte V,9,Can Serra,507,50-64,83,80,163
2019,6,Districte VI,11,el Gornal,622,16-17,7,8,15
2019,2,Districte II,4,la Torrassa,228,18-24,98,105,203
2019,2,Districte II,5,Collblanc,201,35-49,273,287,560
2019,1,Districte I,3,Sant Josep,106,50-64,208,148,356
2019,2,Districte II,4,la Torrassa,248,25-34,109,119,228
2019,3,Districte III,6,Santa Eulàlia,310,50-64,109,82,191
2019,3,Districte III,6,Santa Eulàlia,317,03-11,61,61,122
2019,3,Districte III,13,Granvia Sud,312,25-34,164,158,322
2019,1,Districte I,1,Centre,103,12-15,13,6,19
2019,1,Districte I,2,Sanfeliu,118,35-49,184,177,361
2019,2,Districte II,4,la Torrassa,245,12-15,20,22,42
2019,2,Districte II,4,la Torrassa,240,75 i +,106,66,172
2019,3,Districte III,6,Santa Eulàlia,325,25-34,91,99,190
2019,3,Districte III,6,Santa Eulàlia,329,65-74,34,45,79
2019,3,Districte III,6,Santa Eulàlia,308,25-34,106,119,225
2019,1,Districte I,3,Sant Josep,127,35-49,102,81,183
2019,6,Districte VI,12,Bellvitge,614,25-34,48,48,96
2019,4,Districte IV,7,la Florida,427,00-02,25,27,52
2019,4,Districte IV,7,la Florida,425,03-11,43,41,84
2019,6,Districte VI,12,Bellvitge,625,50-64,136,107,243
2019,4,Districte IV,7,la Florida,404,03-11,68,67,135
2019,1,Districte I,1,Centre,131,16-17,5,15,20
2019,1,Districte I,1,Centre,105,35-49,144,140,284
2019,1,Districte I,1,Centre,112,03-11,53,69,122
2019,6,Districte VI,12,Bellvitge,613,50-64,89,98,187
2019,5,Districte V,10,Pubilla Cases,532,35-49,176,184,360
2019,3,Districte III,6,Santa Eulàlia,311,18-24,65,71,136
2019,2,Districte II,5,Collblanc,220,65-74,73,45,118
2019,3,Districte III,6,Santa Eulàlia,322,25-34,111,98,209
2019,2,Districte II,4,la Torrassa,236,00-02,12,13,25
2019,4,Districte IV,7,la Florida,421,16-17,13,9,22
2019,3,Districte III,6,Santa Eulàlia,308,50-64,229,204,433
2019,2,Districte II,4,la Torrassa,237,75 i +,76,50,126
2019,2,Districte II,4,la Torrassa,229,18-24,112,101,213
2019,6,Districte VI,11,el Gornal,626,75 i +,76,41,117
2019,3,Districte III,6,Santa Eulàlia,317,25-34,95,116,211
2019,4,Districte IV,7,la Florida,431,75 i +,78,37,115
2019,2,Districte II,5,Collblanc,210,16-17,7,8,15
2019,4,Districte IV,7,la Florida,416,65-74,56,48,104
2019,6,Districte VI,11,el Gornal,608,16-17,18,11,29
2019,4,Districte IV,7,la Florida,404,16-17,13,11,24
2019,3,Districte III,6,Santa Eulàlia,320,25-34,46,44,90
2019,3,Districte III,6,Santa Eulàlia,317,35-49,147,183,330
2019,6,Districte VI,12,Bellvitge,631,03-11,36,53,89
2019,5,Districte V,10,Pubilla Cases,511,65-74,93,59,152
2019,1,Districte I,3,Sant Josep,121,35-49,116,119,235
2019,6,Districte VI,12,Bellvitge,631,25-34,60,51,111
2019,5,Districte V,10,Pubilla Cases,537,18-24,59,57,116
2019,6,Districte VI,11,el Gornal,617,65-74,60,44,104
2019,2,Districte II,4,la Torrassa,231,35-49,187,189,376
2019,6,Districte VI,12,Bellvitge,619,65-74,83,85,168
2019,6,Districte VI,11,el Gornal,626,16-17,7,9,16
2019,2,Districte II,5,Collblanc,204,65-74,59,57,116
2019,3,Districte III,6,Santa Eulàlia,329,75 i +,23,19,42
2019,2,Districte II,4,la Torrassa,242,03-11,60,53,113
2019,6,Districte VI,12,Bellvitge,612,25-34,56,50,106
2019,2,Districte II,5,Collblanc,226,65-74,84,67,151
2019,2,Districte II,4,la Torrassa,242,12-15,14,23,37
2019,5,Districte V,10,Pubilla Cases,517,18-24,98,128,226
2019,5,Districte V,10,Pubilla Cases,526,03-11,94,102,196
2019,3,Districte III,6,Santa Eulàlia,310,03-11,47,50,97
2019,6,Districte VI,12,Bellvitge,623,03-11,53,56,109
2019,2,Districte II,5,Collblanc,214,75 i +,121,60,181
2019,6,Districte VI,12,Bellvitge,624,12-15,18,23,41
2019,2,Districte II,5,Collblanc,209,18-24,42,40,82
2019,1,Districte I,2,Sanfeliu,129,35-49,127,130,257
2019,3,Districte III,6,Santa Eulàlia,315,16-17,14,17,31
2019,2,Districte II,5,Collblanc,210,18-24,47,37,84
2019,1,Districte I,3,Sant Josep,125,16-17,11,14,25
2019,5,Districte V,10,Pubilla Cases,518,18-24,41,58,99
2019,2,Districte II,5,Collblanc,204,18-24,72,72,144
2019,1,Districte I,3,Sant Josep,125,00-02,14,13,27
2019,6,Districte VI,12,Bellvitge,624,16-17,11,12,23
2019,1,Districte I,1,Centre,131,03-11,68,50,118
2019,1,Districte I,3,Sant Josep,114,65-74,105,82,187
2019,3,Districte III,6,Santa Eulàlia,326,50-64,72,89,161
2019,1,Districte I,2,Sanfeliu,118,65-74,151,140,291
2019,5,Districte V,10,Pubilla Cases,513,50-64,134,136,270
2019,5,Districte V,10,Pubilla Cases,528,65-74,52,42,94
2019,6,Districte VI,12,Bellvitge,611,00-02,14,21,35
2019,1,Districte I,1,Centre,105,50-64,124,90,214
2019,4,Districte IV,7,la Florida,432,03-11,50,59,109
2019,2,Districte II,5,Collblanc,208,12-15,20,19,39
2019,4,Districte IV,7,la Florida,416,16-17,17,22,39
2019,4,Districte IV,7,la Florida,427,16-17,17,14,31
2019,3,Districte III,6,Santa Eulàlia,308,65-74,128,112,240
2019,4,Districte IV,8,les Planes,419,65-74,69,44,113
2019,5,Districte V,10,Pubilla Cases,531,35-49,127,136,263
2019,5,Districte V,10,Pubilla Cases,534,12-15,17,22,39
2019,2,Districte II,4,la Torrassa,246,50-64,109,113,222
2019,2,Districte II,4,la Torrassa,248,75 i +,65,49,114
2019,4,Districte IV,8,les Planes,440,12-15,16,19,35
2019,6,Districte VI,12,Bellvitge,601,35-49,214,254,468
2019,1,Districte I,3,Sant Josep,122,16-17,8,7,15
2019,4,Districte IV,7,la Florida,410,35-49,196,176,372
2019,4,Districte IV,7,la Florida,426,65-74,41,35,76
2019,1,Districte I,1,Centre,111,50-64,92,73,165
2019,4,Districte IV,8,les Planes,441,35-49,224,245,469
2019,1,Districte I,3,Sant Josep,137,16-17,12,11,23
2019,1,Districte I,2,Sanfeliu,118,75 i +,81,71,152
2019,6,Districte VI,12,Bellvitge,619,50-64,138,126,264
2019,1,Districte I,1,Centre,133,35-49,98,110,208
2019,2,Districte II,5,Collblanc,210,25-34,50,48,98
2019,1,Districte I,1,Centre,111,65-74,59,41,100
2019,4,Districte IV,8,les Planes,441,50-64,240,194,434
2019,4,Districte IV,8,les Planes,418,75 i +,86,67,153
2019,5,Districte V,10,Pubilla Cases,530,65-74,58,37,95
2019,6,Districte VI,12,Bellvitge,607,18-24,29,40,69
2019,2,Districte II,4,la Torrassa,234,16-17,14,6,20
2019,1,Districte I,3,Sant Josep,120,50-64,207,197,404
2019,3,Districte III,13,Granvia Sud,320,03-11,56,58,114
2019,4,Districte IV,7,la Florida,403,65-74,78,47,125
2019,2,Districte II,4,la Torrassa,217,16-17,19,16,35
2019,4,Districte IV,7,la Florida,404,50-64,130,128,258
2019,1,Districte I,2,Sanfeliu,132,18-24,60,71,131
2019,6,Districte VI,11,el Gornal,616,03-11,101,100,201
2019,2,Districte II,4,la Torrassa,217,25-34,119,131,250
2019,3,Districte III,6,Santa Eulàlia,316,00-02,20,24,44
2019,1,Districte I,1,Centre,131,00-02,20,19,39
2019,4,Districte IV,8,les Planes,401,35-49,147,125,272
2019,5,Districte V,10,Pubilla Cases,523,35-49,200,186,386
2019,5,Districte V,10,Pubilla Cases,524,03-11,70,81,151
2019,2,Districte II,4,la Torrassa,233,65-74,28,18,46
2019,5,Districte V,9,Can Serra,504,50-64,77,83,160
2019,1,Districte I,3,Sant Josep,137,25-34,91,84,175
2019,6,Districte VI,12,Bellvitge,625,75 i +,85,57,142
2019,1,Districte I,1,Centre,111,18-24,28,30,58
2019,1,Districte I,1,Centre,111,00-02,7,8,15
2019,6,Districte VI,11,el Gornal,608,00-02,16,11,27
2019,5,Districte V,10,Pubilla Cases,525,25-34,67,50,117
2019,1,Districte I,1,Centre,104,16-17,1,9,10
2019,1,Districte I,1,Centre,130,65-74,42,23,65
2019,2,Districte II,4,la Torrassa,238,12-15,16,21,37
2019,2,Districte II,4,la Torrassa,247,16-17,13,13,26
2019,1,Districte I,1,Centre,101,75 i +,61,49,110
2019,6,Districte VI,11,el Gornal,626,00-02,6,12,18
2019,4,Districte IV,7,la Florida,423,03-11,54,50,104
2019,5,Districte V,10,Pubilla Cases,530,35-49,276,275,551
2019,2,Districte II,4,la Torrassa,211,65-74,34,34,68
2019,4,Districte IV,7,la Florida,432,16-17,10,9,19
2019,2,Districte II,4,la Torrassa,229,75 i +,84,43,127
2019,1,Districte I,3,Sant Josep,120,00-02,19,20,39
2019,5,Districte V,9,Can Serra,501,25-34,43,46,89
2019,2,Districte II,4,la Torrassa,234,03-11,42,37,79
2019,3,Districte III,6,Santa Eulàlia,329,12-15,38,49,87
2019,2,Districte II,5,Collblanc,210,50-64,81,83,164
2019,2,Districte II,4,la Torrassa,232,75 i +,73,53,126
2019,6,Districte VI,12,Bellvitge,625,25-34,49,58,107
2019,2,Districte II,4,la Torrassa,229,25-34,163,167,330
2019,4,Districte IV,7,la Florida,427,75 i +,87,36,123
2019,6,Districte VI,12,Bellvitge,612,16-17,5,10,15
2019,3,Districte III,6,Santa Eulàlia,309,12-15,26,28,54
2019,6,Districte VI,11,el Gornal,622,50-64,92,86,178
2019,1,Districte I,1,Centre,105,16-17,12,13,25
2019,1,Districte I,2,Sanfeliu,129,25-34,68,60,128
2019,6,Districte VI,12,Bellvitge,611,75 i +,125,108,233
2019,5,Districte V,9,Can Serra,501,00-02,12,9,21
2019,4,Districte IV,8,les Planes,440,65-74,63,50,113
2019,3,Districte III,6,Santa Eulàlia,320,65-74,3,6,9
2019,4,Districte IV,7,la Florida,405,12-15,32,23,55
2019,4,Districte IV,7,la Florida,421,03-11,57,58,115
2019,2,Districte II,5,Collblanc,207,16-17,16,21,37
2019,2,Districte II,4,la Torrassa,232,18-24,60,54,114
2019,2,Districte II,4,la Torrassa,240,35-49,250,233,483
2019,1,Districte I,1,Centre,110,03-11,36,40,76
2019,5,Districte V,9,Can Serra,504,12-15,13,22,35
2019,1,Districte I,3,Sant Josep,140,35-49,137,130,267
2019,5,Districte V,10,Pubilla Cases,537,65-74,73,53,126
2019,5,Districte V,10,Pubilla Cases,528,00-02,8,21,29
2019,1,Districte I,3,Sant Josep,117,12-15,36,41,77
2019,5,Districte V,10,Pubilla Cases,511,16-17,21,16,37
2019,6,Districte VI,11,el Gornal,617,50-64,83,82,165
2019,3,Districte III,6,Santa Eulàlia,327,75 i +,43,29,72
2019,1,Districte I,1,Centre,141,16-17,11,14,25
2019,2,Districte II,4,la Torrassa,237,50-64,151,119,270
2019,6,Districte VI,12,Bellvitge,613,25-34,55,61,116
2019,2,Districte II,5,Collblanc,224,12-15,22,18,40
2019,1,Districte I,3,Sant Josep,125,65-74,112,81,193
2019,4,Districte IV,7,la Florida,414,12-15,37,35,72
2019,4,Districte IV,8,les Planes,437,35-49,219,209,428
2019,3,Districte III,6,Santa Eulàlia,302,16-17,9,7,16
2019,5,Districte V,10,Pubilla Cases,538,00-02,14,21,35
2019,3,Districte III,6,Santa Eulàlia,303,16-17,9,10,19
2019,5,Districte V,10,Pubilla Cases,517,00-02,30,32,62
2019,1,Districte I,1,Centre,113,16-17,7,13,20
2019,3,Districte III,6,Santa Eulàlia,303,35-49,202,212,414
2019,5,Districte V,10,Pubilla Cases,537,00-02,19,10,29
2019,2,Districte II,5,Collblanc,202,35-49,239,270,509
2019,5,Districte V,10,Pubilla Cases,537,25-34,100,104,204
2019,3,Districte III,6,Santa Eulàlia,311,75 i +,92,56,148
2019,2,Districte II,5,Collblanc,205,18-24,36,51,87
2019,1,Districte I,1,Centre,112,50-64,182,140,322
2019,6,Districte VI,12,Bellvitge,621,25-34,69,67,136
2019,2,Districte II,5,Collblanc,202,18-24,76,86,162
2019,6,Districte VI,11,el Gornal,608,18-24,37,43,80
2019,5,Districte V,10,Pubilla Cases,525,16-17,13,10,23
2019,2,Districte II,5,Collblanc,204,25-34,124,134,258
2019,3,Districte III,6,Santa Eulàlia,321,25-34,132,154,286
2019,4,Districte IV,7,la Florida,426,03-11,57,54,111
2019,5,Districte V,10,Pubilla Cases,514,25-34,126,116,242
2019,5,Districte V,9,Can Serra,505,12-15,19,21,40
2019,1,Districte I,2,Sanfeliu,129,16-17,6,17,23
2019,2,Districte II,4,la Torrassa,247,50-64,121,105,226
2019,2,Districte II,5,Collblanc,207,00-02,19,36,55
2019,1,Districte I,3,Sant Josep,119,12-15,22,17,39
2019,3,Districte III,6,Santa Eulàlia,324,50-64,91,91,182
2019,4,Districte IV,7,la Florida,407,12-15,19,19,38
2019,3,Districte III,6,Santa Eulàlia,308,03-11,73,75,148
2019,1,Districte I,1,Centre,141,35-49,331,321,652
2019,1,Districte I,1,Centre,111,25-34,40,34,74
2019,6,Districte VI,11,el Gornal,616,25-34,103,123,226
2019,4,Districte IV,8,les Planes,419,12-15,35,50,85
2019,5,Districte V,10,Pubilla Cases,517,65-74,66,61,127
2019,2,Districte II,5,Collblanc,214,12-15,44,56,100
2019,4,Districte IV,7,la Florida,416,03-11,64,74,138
2019,1,Districte I,1,Centre,141,75 i +,11,8,19
2019,6,Districte VI,12,Bellvitge,606,65-74,55,26,81
2019,1,Districte I,1,Centre,108,00-02,19,19,38
2019,2,Districte II,5,Collblanc,209,00-02,9,13,22
2019,4,Districte IV,8,les Planes,433,25-34,157,152,309
2019,4,Districte IV,8,les Planes,433,16-17,20,22,42
2019,1,Districte I,1,Centre,134,12-15,27,26,53
2019,3,Districte III,6,Santa Eulàlia,313,18-24,71,77,148
2019,4,Districte IV,8,les Planes,420,00-02,18,43,61
2019,4,Districte IV,7,la Florida,421,12-15,27,19,46
2019,4,Districte IV,7,la Florida,427,35-49,238,245,483
2019,1,Districte I,1,Centre,131,25-34,77,71,148
2019,4,Districte IV,7,la Florida,410,12-15,33,29,62
2019,3,Districte III,13,Granvia Sud,312,16-17,12,13,25
2019,5,Districte V,9,Can Serra,502,75 i +,147,88,235
2019,2,Districte II,4,la Torrassa,248,12-15,34,16,50
2019,4,Districte IV,7,la Florida,427,25-34,156,136,292
2019,4,Districte IV,8,les Planes,436,12-15,24,26,50
2019,5,Districte V,10,Pubilla Cases,533,00-02,34,29,63
2019,5,Districte V,10,Pubilla Cases,520,35-49,103,97,200
2019,2,Districte II,4,la Torrassa,229,00-02,28,31,59
2019,5,Districte V,10,Pubilla Cases,524,75 i +,74,33,107
2019,3,Districte III,6,Santa Eulàlia,326,16-17,11,4,15
2019,1,Districte I,1,Centre,123,50-64,146,129,275
2019,1,Districte I,1,Centre,108,75 i +,88,58,146
2019,1,Districte I,3,Sant Josep,137,35-49,177,155,332
2019,6,Districte VI,12,Bellvitge,607,25-34,62,62,124
2019,6,Districte VI,12,Bellvitge,611,03-11,83,86,169
2019,6,Districte VI,12,Bellvitge,606,35-49,133,116,249
2019,4,Districte IV,7,la Florida,414,65-74,57,44,101
2019,1,Districte I,1,Centre,124,50-64,93,79,172
2019,3,Districte III,6,Santa Eulàlia,329,18-24,38,39,77
2019,2,Districte II,4,la Torrassa,236,16-17,10,11,21
2019,3,Districte III,6,Santa Eulàlia,324,65-74,49,35,84
2019,5,Districte V,10,Pubilla Cases,518,35-49,144,147,291
2019,4,Districte IV,7,la Florida,414,16-17,9,15,24
2019,4,Districte IV,7,la Florida,405,18-24,86,87,173
2019,2,Districte II,5,Collblanc,213,50-64,96,76,172
2019,1,Districte I,3,Sant Josep,114,18-24,55,45,100
2019,3,Districte III,6,Santa Eulàlia,309,75 i +,52,29,81
2019,5,Districte V,10,Pubilla Cases,514,18-24,78,66,144
2019,1,Districte I,3,Sant Josep,138,65-74,60,54,114
2019,5,Districte V,10,Pubilla Cases,514,12-15,31,36,67
2019,3,Districte III,6,Santa Eulàlia,329,50-64,134,135,269
2019,1,Districte I,1,Centre,108,65-74,73,59,132
2019,3,Districte III,6,Santa Eulàlia,319,50-64,182,170,352
2019,6,Districte VI,12,Bellvitge,619,00-02,11,12,23
2019,2,Districte II,5,Collblanc,208,03-11,37,51,88
2019,6,Districte VI,11,el Gornal,608,75 i +,109,63,172
2019,6,Districte VI,12,Bellvitge,618,50-64,127,122,249
2019,5,Districte V,9,Can Serra,504,75 i +,113,85,198
2019,3,Districte III,6,Santa Eulàlia,326,03-11,113,113,226
2019,3,Districte III,6,Santa Eulàlia,301,12-15,23,20,43
2019,3,Districte III,6,Santa Eulàlia,323,00-02,11,21,32
2019,2,Districte II,4,la Torrassa,236,25-34,92,94,186
2019,6,Districte VI,12,Bellvitge,612,65-74,65,36,101
2019,1,Districte I,1,Centre,102,12-15,32,27,59
2019,4,Districte IV,7,la Florida,421,18-24,59,56,115
2019,2,Districte II,4,la Torrassa,247,00-02,26,23,49
2019,1,Districte I,1,Centre,109,12-15,16,21,37
2019,3,Districte III,6,Santa Eulàlia,301,65-74,81,72,153
2019,6,Districte VI,12,Bellvitge,607,65-74,43,26,69
2019,2,Districte II,5,Collblanc,210,35-49,104,88,192
2019,3,Districte III,6,Santa Eulàlia,325,18-24,63,55,118
2019,1,Districte I,2,Sanfeliu,118,18-24,64,50,114
2019,4,Districte IV,7,la Florida,422,18-24,62,54,116
2019,6,Districte VI,12,Bellvitge,625,12-15,13,20,33
2019,1,Districte I,2,Sanfeliu,116,35-49,161,167,328
2019,5,Districte V,10,Pubilla Cases,529,16-17,15,14,29
2019,4,Districte IV,8,les Planes,441,03-11,83,87,170
2019,2,Districte II,4,la Torrassa,243,16-17,11,13,24
2019,6,Districte VI,11,el Gornal,632,16-17,12,12,24
2019,2,Districte II,4,la Torrassa,229,16-17,23,14,37
2019,5,Districte V,10,Pubilla Cases,538,65-74,66,33,99
2019,3,Districte III,13,Granvia Sud,320,25-34,70,68,138
2019,5,Districte V,10,Pubilla Cases,534,50-64,77,80,157
2019,3,Districte III,6,Santa Eulàlia,314,12-15,36,40,76
2019,3,Districte III,6,Santa Eulàlia,313,03-11,80,75,155
2019,5,Districte V,10,Pubilla Cases,523,16-17,15,12,27
2019,6,Districte VI,12,Bellvitge,602,65-74,65,37,102
2019,6,Districte VI,12,Bellvitge,621,35-49,156,171,327
2019,4,Districte IV,8,les Planes,435,50-64,93,118,211
2019,2,Districte II,5,Collblanc,205,03-11,40,30,70
2019,6,Districte VI,12,Bellvitge,614,35-49,101,108,209
2019,2,Districte II,4,la Torrassa,232,35-49,141,152,293
2019,2,Districte II,4,la Torrassa,246,16-17,11,12,23
2019,1,Districte I,3,Sant Josep,115,03-11,54,57,111
2019,4,Districte IV,7,la Florida,406,12-15,17,34,51
2019,4,Districte IV,7,la Florida,422,75 i +,79,40,119
2019,4,Districte IV,7,la Florida,416,75 i +,97,55,152
2019,2,Districte II,5,Collblanc,213,75 i +,56,43,99
2019,1,Districte I,1,Centre,124,12-15,15,23,38
2019,5,Districte V,10,Pubilla Cases,530,75 i +,98,65,163
2019,2,Districte II,4,la Torrassa,236,65-74,51,29,80
2019,2,Districte II,5,Collblanc,214,25-34,197,188,385
2019,1,Districte I,3,Sant Josep,126,03-11,40,38,78
2019,4,Districte IV,7,la Florida,423,25-34,88,75,163
2019,4,Districte IV,7,la Florida,409,65-74,92,64,156
2019,2,Districte II,5,Collblanc,220,50-64,183,155,338
2019,2,Districte II,5,Collblanc,214,16-17,19,25,44
2019,1,Districte I,2,Sanfeliu,129,50-64,101,96,197
2019,5,Districte V,10,Pubilla Cases,513,25-34,125,128,253
2019,4,Districte IV,7,la Florida,412,18-24,56,65,121
2019,2,Districte II,4,la Torrassa,238,25-34,92,108,200
2019,3,Districte III,6,Santa Eulàlia,313,00-02,24,21,45
2019,5,Districte V,10,Pubilla Cases,534,25-34,86,78,164
2019,3,Districte III,6,Santa Eulàlia,314,18-24,69,64,133
2019,5,Districte V,9,Can Serra,502,00-02,24,16,40
2019,3,Districte III,6,Santa Eulàlia,311,65-74,72,43,115
2019,6,Districte VI,12,Bellvitge,601,75 i +,167,126,293
2019,4,Districte IV,7,la Florida,410,18-24,63,94,157
2019,5,Districte V,9,Can Serra,502,35-49,179,177,356
2019,2,Districte II,4,la Torrassa,242,18-24,52,62,114
2019,4,Districte IV,8,les Planes,441,75 i +,113,102,215
2019,4,Districte IV,7,la Florida,411,50-64,94,84,178
2019,3,Districte III,6,Santa Eulàlia,314,00-02,20,32,52
2019,6,Districte VI,11,el Gornal,622,25-34,35,40,75
2019,6,Districte VI,11,el Gornal,622,18-24,19,39,58
2019,5,Districte V,10,Pubilla Cases,529,50-64,126,105,231
2019,4,Districte IV,7,la Florida,406,75 i +,84,62,146
2019,5,Districte V,10,Pubilla Cases,534,18-24,46,37,83
2019,6,Districte VI,12,Bellvitge,601,65-74,115,94,209
2019,5,Districte V,9,Can Serra,503,50-64,95,64,159
2019,2,Districte II,4,la Torrassa,236,75 i +,89,49,138
2019,3,Districte III,6,Santa Eulàlia,327,16-17,17,12,29
2019,2,Districte II,4,la Torrassa,242,25-34,102,102,204
2019,5,Districte V,10,Pubilla Cases,532,25-34,124,93,217
2019,1,Districte I,3,Sant Josep,106,65-74,153,136,289
2019,3,Districte III,13,Granvia Sud,312,03-11,70,69,139
2019,2,Districte II,4,la Torrassa,237,00-02,19,21,40
2019,6,Districte VI,12,Bellvitge,602,16-17,14,14,28
2019,5,Districte V,10,Pubilla Cases,529,65-74,41,32,73
2019,2,Districte II,5,Collblanc,213,35-49,142,131,273
2019,1,Districte I,3,Sant Josep,138,50-64,95,66,161
2019,3,Districte III,6,Santa Eulàlia,317,16-17,11,16,27
2019,6,Districte VI,12,Bellvitge,624,03-11,49,42,91
2019,2,Districte II,4,la Torrassa,232,12-15,13,17,30
2019,2,Districte II,5,Collblanc,223,18-24,57,60,117
2019,3,Districte III,6,Santa Eulàlia,302,35-49,182,174,356
2019,2,Districte II,4,la Torrassa,248,03-11,44,66,110
2019,1,Districte I,1,Centre,128,00-02,16,20,36
2019,4,Districte IV,8,les Planes,437,18-24,72,85,157
2019,1,Districte I,3,Sant Josep,117,18-24,63,61,124
2019,1,Districte I,3,Sant Josep,126,35-49,121,115,236
2019,1,Districte I,1,Centre,109,00-02,12,10,22
2019,1,Districte I,3,Sant Josep,136,03-11,60,52,112
2019,3,Districte III,6,Santa Eulàlia,322,50-64,111,98,209
2019,6,Districte VI,12,Bellvitge,607,12-15,11,13,24
2019,2,Districte II,4,la Torrassa,248,35-49,163,171,334
2019,3,Districte III,6,Santa Eulàlia,323,12-15,42,41,83
2019,1,Districte I,3,Sant Josep,120,65-74,123,101,224
2019,3,Districte III,6,Santa Eulàlia,311,35-49,199,245,444
2019,1,Districte I,3,Sant Josep,106,03-11,52,69,121
2019,6,Districte VI,12,Bellvitge,618,25-34,49,46,95
2019,2,Districte II,5,Collblanc,223,50-64,122,109,231
2019,4,Districte IV,8,les Planes,440,25-34,65,79,144
2019,4,Districte IV,7,la Florida,403,16-17,17,8,25
2019,3,Districte III,6,Santa Eulàlia,329,16-17,21,15,36
2019,5,Districte V,10,Pubilla Cases,520,75 i +,60,43,103
2019,1,Districte I,1,Centre,133,16-17,7,7,14
2019,3,Districte III,6,Santa Eulàlia,320,16-17,1,2,3
2019,1,Districte I,1,Centre,124,16-17,12,6,18
2019,1,Districte I,1,Centre,131,18-24,33,40,73
2019,4,Districte IV,7,la Florida,431,03-11,103,92,195
2019,4,Districte IV,7,la Florida,402,50-64,87,85,172
2019,2,Districte II,4,la Torrassa,229,03-11,84,110,194
2019,4,Districte IV,7,la Florida,410,65-74,108,87,195
2019,2,Districte II,4,la Torrassa,239,75 i +,97,48,145
2019,5,Districte V,10,Pubilla Cases,508,65-74,53,31,84
2019,3,Districte III,6,Santa Eulàlia,326,18-24,30,35,65
2019,1,Districte I,1,Centre,101,00-02,29,30,59
2019,5,Districte V,10,Pubilla Cases,538,18-24,58,63,121
2019,4,Districte IV,7,la Florida,409,00-02,23,28,51
2019,2,Districte II,4,la Torrassa,245,25-34,101,98,199
2019,5,Districte V,10,Pubilla Cases,530,50-64,155,132,287
2019,1,Districte I,3,Sant Josep,121,12-15,15,16,31
2019,4,Districte IV,8,les Planes,436,75 i +,74,51,125
2019,2,Districte II,5,Collblanc,205,16-17,14,16,30
2019,1,Districte I,1,Centre,135,35-49,159,180,339
2019,2,Districte II,4,la Torrassa,228,75 i +,146,87,233
2019,4,Districte IV,7,la Florida,430,00-02,29,17,46
2019,2,Districte II,4,la Torrassa,217,00-02,21,21,42
2019,1,Districte I,3,Sant Josep,115,12-15,21,28,49
2019,5,Districte V,10,Pubilla Cases,511,12-15,47,53,100
2019,6,Districte VI,12,Bellvitge,623,25-34,61,67,128
2019,1,Districte I,2,Sanfeliu,116,75 i +,106,87,193
2019,2,Districte II,5,Collblanc,224,50-64,124,104,228
2019,2,Districte II,4,la Torrassa,238,65-74,41,30,71
2019,3,Districte III,6,Santa Eulàlia,302,75 i +,74,64,138
2019,1,Districte I,1,Centre,104,18-24,34,36,70
2019,2,Districte II,5,Collblanc,226,50-64,198,147,345
2019,1,Districte I,1,Centre,135,75 i +,99,60,159
2019,5,Districte V,10,Pubilla Cases,528,03-11,57,53,110
2019,6,Districte VI,12,Bellvitge,613,35-49,135,145,280
2019,5,Districte V,10,Pubilla Cases,524,35-49,184,176,360
2019,3,Districte III,6,Santa Eulàlia,307,75 i +,117,75,192
2019,4,Districte IV,8,les Planes,436,00-02,25,32,57
2019,3,Districte III,6,Santa Eulàlia,318,16-17,1,9,10
2019,1,Districte I,3,Sant Josep,120,25-34,113,113,226
2019,1,Districte I,1,Centre,110,65-74,117,76,193
2019,5,Districte V,9,Can Serra,507,18-24,29,44,73
2019,5,Districte V,10,Pubilla Cases,520,12-15,18,17,35
2019,4,Districte IV,8,les Planes,441,65-74,144,115,259
2019,2,Districte II,5,Collblanc,212,75 i +,79,47,126
2019,1,Districte I,1,Centre,135,00-02,22,16,38
2019,1,Districte I,3,Sant Josep,138,00-02,4,11,15
2019,2,Districte II,4,la Torrassa,229,35-49,266,265,531
2019,2,Districte II,5,Collblanc,212,00-02,16,19,35
2019,3,Districte III,6,Santa Eulàlia,313,50-64,199,157,356
2019,6,Districte VI,11,el Gornal,617,03-11,36,54,90
2019,2,Districte II,4,la Torrassa,232,65-74,55,33,88
2019,6,Districte VI,12,Bellvitge,611,25-34,100,118,218
2019,6,Districte VI,12,Bellvitge,611,18-24,55,61,116
2019,2,Districte II,4,la Torrassa,236,50-64,103,92,195
2019,4,Districte IV,7,la Florida,425,65-74,37,30,67
2019,2,Districte II,4,la Torrassa,240,00-02,29,31,60
2019,1,Districte I,2,Sanfeliu,118,00-02,21,20,41
2019,5,Districte V,10,Pubilla Cases,526,50-64,166,160,326
2019,4,Districte IV,7,la Florida,406,00-02,18,23,41
2019,2,Districte II,5,Collblanc,210,75 i +,80,44,124
2019,4,Districte IV,8,les Planes,436,35-49,200,221,421
2019,2,Districte II,5,Collblanc,224,65-74,47,41,88
2019,2,Districte II,4,la Torrassa,239,50-64,120,113,233
2019,2,Districte II,4,la Torrassa,238,03-11,48,43,91
2019,1,Districte I,1,Centre,111,12-15,12,21,33
2019,1,Districte I,1,Centre,113,12-15,28,36,64
2019,1,Districte I,3,Sant Josep,125,18-24,46,66,112
2019,3,Districte III,6,Santa Eulàlia,318,12-15,17,17,34
2019,4,Districte IV,7,la Florida,412,25-34,130,94,224
2019,5,Districte V,10,Pubilla Cases,511,25-34,190,184,374
2019,2,Districte II,5,Collblanc,223,35-49,157,173,330
2019,5,Districte V,9,Can Serra,501,03-11,29,33,62
2019,2,Districte II,5,Collblanc,221,75 i +,116,81,197
2019,5,Districte V,10,Pubilla Cases,517,75 i +,95,58,153
2019,2,Districte II,4,la Torrassa,248,18-24,60,67,127
2019,1,Districte I,3,Sant Josep,139,35-49,108,111,219
2019,5,Districte V,10,Pubilla Cases,513,65-74,46,41,87
2019,6,Districte VI,11,el Gornal,626,35-49,106,104,210
2019,1,Districte I,1,Centre,110,00-02,11,10,21
2019,5,Districte V,9,Can Serra,535,35-49,89,85,174
2019,5,Districte V,9,Can Serra,501,75 i +,64,51,115
2019,2,Districte II,4,la Torrassa,248,65-74,49,36,85
2019,1,Districte I,1,Centre,112,75 i +,86,44,130
2019,6,Districte VI,12,Bellvitge,611,35-49,237,257,494
2019,5,Districte V,9,Can Serra,535,25-34,55,64,119
2019,4,Districte IV,7,la Florida,410,25-34,100,118,218
2019,2,Districte II,4,la Torrassa,231,18-24,75,76,151
2019,5,Districte V,10,Pubilla Cases,523,00-02,18,16,34
2019,1,Districte I,3,Sant Josep,119,75 i +,113,82,195
2019,1,Districte I,3,Sant Josep,115,25-34,55,101,156
2019,5,Districte V,10,Pubilla Cases,524,50-64,129,107,236
2019,1,Districte I,3,Sant Josep,140,50-64,114,89,203
2019,1,Districte I,1,Centre,135,12-15,20,21,41
2019,2,Districte II,5,Collblanc,207,12-15,37,28,65
2019,1,Districte I,1,Centre,128,35-49,165,160,325
2019,1,Districte I,3,Sant Josep,115,75 i +,69,45,114
2019,5,Districte V,10,Pubilla Cases,534,00-02,15,19,34
2019,1,Districte I,2,Sanfeliu,132,65-74,139,126,265
2019,3,Districte III,6,Santa Eulàlia,304,25-34,172,163,335
2019,4,Districte IV,8,les Planes,433,18-24,84,78,162
2019,4,Districte IV,7,la Florida,422,16-17,8,22,30
2019,4,Districte IV,8,les Planes,440,03-11,38,46,84
2019,4,Districte IV,8,les Planes,420,50-64,222,190,412
2019,2,Districte II,4,la Torrassa,217,18-24,48,67,115
2019,1,Districte I,1,Centre,123,65-74,61,68,129
2019,6,Districte VI,12,Bellvitge,614,16-17,9,7,16
2019,6,Districte VI,12,Bellvitge,630,25-34,42,38,80
2019,5,Districte V,9,Can Serra,506,16-17,14,13,27
2019,4,Districte IV,7,la Florida,404,18-24,56,78,134
2019,6,Districte VI,12,Bellvitge,606,75 i +,80,62,142
2019,5,Districte V,10,Pubilla Cases,523,65-74,58,41,99
2019,2,Districte II,4,la Torrassa,238,75 i +,46,36,82
2019,5,Districte V,10,Pubilla Cases,510,50-64,108,108,216
2019,3,Districte III,6,Santa Eulàlia,307,00-02,10,7,17
2019,6,Districte VI,12,Bellvitge,627,03-11,23,37,60
2019,5,Districte V,10,Pubilla Cases,534,65-74,50,43,93
2019,1,Districte I,2,Sanfeliu,129,18-24,33,40,73
2019,1,Districte I,1,Centre,124,75 i +,53,38,91
2019,3,Districte III,6,Santa Eulàlia,328,25-34,107,94,201
2019,6,Districte VI,12,Bellvitge,619,12-15,21,19,40
2019,3,Districte III,6,Santa Eulàlia,305,75 i +,74,50,124
2019,4,Districte IV,7,la Florida,432,35-49,148,164,312
2019,2,Districte II,4,la Torrassa,217,12-15,17,21,38
2019,1,Districte I,1,Centre,141,25-34,59,70,129
2019,3,Districte III,6,Santa Eulàlia,322,00-02,14,25,39
2019,2,Districte II,4,la Torrassa,231,16-17,5,18,23
2019,3,Districte III,6,Santa Eulàlia,317,00-02,19,15,34
2019,3,Districte III,6,Santa Eulàlia,314,50-64,280,223,503
2019,1,Districte I,3,Sant Josep,106,00-02,13,15,28
2019,3,Districte III,6,Santa Eulàlia,323,50-64,196,164,360
2019,2,Districte II,5,Collblanc,209,12-15,17,20,37
2019,5,Districte V,10,Pubilla Cases,510,00-02,11,13,24
2019,3,Districte III,6,Santa Eulàlia,310,25-34,82,76,158
2019,2,Districte II,4,la Torrassa,246,25-34,104,113,217
2019,1,Districte I,1,Centre,105,12-15,25,25,50
2019,2,Districte II,4,la Torrassa,243,75 i +,108,62,170
2019,3,Districte III,6,Santa Eulàlia,319,75 i +,51,40,91
2019,1,Districte I,3,Sant Josep,126,65-74,81,60,141
2019,5,Districte V,10,Pubilla Cases,526,00-02,31,28,59
2019,2,Districte II,4,la Torrassa,243,18-24,62,82,144
2019,2,Districte II,5,Collblanc,209,25-34,101,115,216
2019,3,Districte III,6,Santa Eulàlia,309,65-74,54,41,95
2019,5,Districte V,10,Pubilla Cases,529,18-24,54,83,137
2019,1,Districte I,3,Sant Josep,122,75 i +,85,64,149
2019,4,Districte IV,8,les Planes,401,16-17,11,13,24
2019,2,Districte II,5,Collblanc,220,18-24,57,68,125
2019,1,Districte I,3,Sant Josep,126,12-15,14,20,34
2019,6,Districte VI,12,Bellvitge,619,03-11,47,53,100
2019,2,Districte II,5,Collblanc,210,03-11,32,29,61
2019,2,Districte II,4,la Torrassa,247,65-74,54,43,97
2019,4,Districte IV,7,la Florida,409,50-64,176,177,353
2019,1,Districte I,1,Centre,141,12-15,65,72,137
2019,1,Districte I,3,Sant Josep,138,25-34,40,50,90
2019,1,Districte I,3,Sant Josep,117,25-34,110,105,215
2019,3,Districte III,6,Santa Eulàlia,319,12-15,48,52,100
2019,2,Districte II,5,Collblanc,226,25-34,152,167,319
2019,4,Districte IV,7,la Florida,407,18-24,55,38,93
2019,6,Districte VI,12,Bellvitge,624,25-34,60,52,112
2019,4,Districte IV,7,la Florida,426,35-49,124,160,284
2019,4,Districte IV,7,la Florida,403,12-15,18,14,32
2019,4,Districte IV,7,la Florida,422,12-15,26,20,46
2019,3,Districte III,6,Santa Eulàlia,316,75 i +,99,60,159
2019,2,Districte II,5,Collblanc,201,25-34,134,137,271
2019,1,Districte I,1,Centre,130,00-02,15,19,34
2019,2,Districte II,4,la Torrassa,243,12-15,29,33,62
2019,2,Districte II,4,la Torrassa,248,50-64,122,111,233
2019,6,Districte VI,11,el Gornal,617,75 i +,71,45,116
2019,5,Districte V,10,Pubilla Cases,529,35-49,196,174,370
2019,6,Districte VI,12,Bellvitge,606,50-64,102,103,205
2019,5,Districte V,10,Pubilla Cases,531,18-24,46,49,95
2019,4,Districte IV,8,les Planes,419,50-64,185,215,400
2019,5,Districte V,9,Can Serra,521,75 i +,87,81,168
2019,2,Districte II,4,la Torrassa,240,03-11,91,67,158
2019,3,Districte III,13,Granvia Sud,312,35-49,265,274,539
2019,3,Districte III,6,Santa Eulàlia,327,00-02,12,21,33
2019,6,Districte VI,12,Bellvitge,601,00-02,26,19,45
2019,2,Districte II,4,la Torrassa,247,03-11,66,72,138
2019,2,Districte II,4,la Torrassa,249,00-02,11,18,29
2019,4,Districte IV,7,la Florida,405,75 i +,151,87,238
2019,2,Districte II,5,Collblanc,201,03-11,99,96,195
2019,5,Districte V,10,Pubilla Cases,529,25-34,125,108,233
2019,3,Districte III,13,Granvia Sud,320,75 i +,68,59,127
2019,6,Districte VI,11,el Gornal,632,25-34,32,49,81
2019,2,Districte II,5,Collblanc,202,25-34,165,176,341
2019,3,Districte III,6,Santa Eulàlia,304,16-17,13,9,22
2019,4,Districte IV,8,les Planes,436,65-74,58,55,113
2019,3,Districte III,6,Santa Eulàlia,302,00-02,22,17,39
2019,5,Districte V,10,Pubilla Cases,514,03-11,55,67,122
2019,2,Districte II,4,la Torrassa,229,65-74,48,33,81
2019,5,Districte V,10,Pubilla Cases,523,75 i +,100,68,168
2019,5,Districte V,10,Pubilla Cases,514,65-74,44,34,78
2019,6,Districte VI,12,Bellvitge,602,35-49,152,140,292
2019,4,Districte IV,7,la Florida,431,25-34,144,137,281
2019,3,Districte III,13,Granvia Sud,320,12-15,36,36,72
2019,6,Districte VI,12,Bellvitge,605,03-11,81,64,145
2019,5,Districte V,9,Can Serra,501,16-17,6,13,19
2019,4,Districte IV,7,la Florida,411,03-11,43,39,82
2019,5,Districte V,10,Pubilla Cases,511,00-02,26,42,68
2019,2,Districte II,4,la Torrassa,217,75 i +,77,47,124
2019,3,Districte III,6,Santa Eulàlia,315,03-11,88,78,166
2019,3,Districte III,6,Santa Eulàlia,328,65-74,29,19,48
2019,1,Districte I,1,Centre,103,16-17,6,7,13
2019,3,Districte III,13,Granvia Sud,312,00-02,25,22,47
2019,3,Districte III,6,Santa Eulàlia,302,03-11,60,56,116
2019,1,Districte I,1,Centre,135,50-64,167,148,315
2019,6,Districte VI,12,Bellvitge,614,75 i +,91,66,157
2019,1,Districte I,3,Sant Josep,114,25-34,64,80,144
2019,6,Districte VI,12,Bellvitge,612,75 i +,107,86,193
2019,1,Districte I,1,Centre,134,18-24,58,50,108
2019,1,Districte I,3,Sant Josep,114,50-64,161,133,294
2019,4,Districte IV,7,la Florida,406,65-74,65,60,125
2019,2,Districte II,4,la Torrassa,234,50-64,108,102,210
2019,1,Districte I,3,Sant Josep,117,00-02,22,28,50
2019,2,Districte II,5,Collblanc,226,16-17,24,18,42
2019,4,Districte IV,8,les Planes,401,25-34,91,96,187
2019,1,Districte I,1,Centre,107,35-49,194,201,395
2019,5,Districte V,10,Pubilla Cases,511,03-11,107,126,233
2019,2,Districte II,4,la Torrassa,243,00-02,16,17,33
2019,3,Districte III,6,Santa Eulàlia,302,18-24,39,50,89
2019,2,Districte II,5,Collblanc,226,35-49,242,236,478
2019,3,Districte III,6,Santa Eulàlia,311,00-02,18,27,45
2019,6,Districte VI,12,Bellvitge,607,00-02,10,8,18
2019,2,Districte II,4,la Torrassa,234,12-15,9,15,24
2019,6,Districte VI,12,Bellvitge,614,50-64,85,85,170
2019,5,Districte V,9,Can Serra,503,75 i +,45,33,78
2019,4,Districte IV,8,les Planes,418,35-49,172,173,345
2019,6,Districte VI,11,el Gornal,608,12-15,20,25,45
2019,1,Districte I,1,Centre,105,18-24,30,31,61
2019,5,Districte V,9,Can Serra,506,75 i +,130,104,234
2019,2,Districte II,5,Collblanc,210,65-74,53,49,102
2019,4,Districte IV,8,les Planes,420,65-74,87,75,162
2019,5,Districte V,10,Pubilla Cases,529,12-15,27,32,59
2019,5,Districte V,10,Pubilla Cases,518,25-34,76,79,155
2019,1,Districte I,1,Centre,102,50-64,153,136,289
2019,2,Districte II,4,la Torrassa,211,75 i +,86,43,129
2019,5,Districte V,10,Pubilla Cases,531,75 i +,52,33,85
2019,1,Districte I,2,Sanfeliu,132,50-64,246,237,483
2019,3,Districte III,6,Santa Eulàlia,304,18-24,59,52,111
2019,1,Districte I,3,Sant Josep,139,03-11,27,38,65
2019,5,Districte V,10,Pubilla Cases,520,25-34,68,70,138
2019,2,Districte II,5,Collblanc,226,18-24,73,80,153
2019,5,Districte V,9,Can Serra,521,18-24,24,24,48
2019,1,Districte I,3,Sant Josep,126,25-34,61,50,111
2019,3,Districte III,6,Santa Eulàlia,310,18-24,31,31,62
2019,2,Districte II,4,la Torrassa,238,18-24,47,51,98
2019,5,Districte V,9,Can Serra,505,65-74,124,69,193
2019,1,Districte I,3,Sant Josep,126,00-02,12,5,17
2019,2,Districte II,5,Collblanc,207,25-34,152,152,304
2019,5,Districte V,10,Pubilla Cases,538,16-17,10,20,30
2019,3,Districte III,6,Santa Eulàlia,324,35-49,167,177,344
2019,5,Districte V,10,Pubilla Cases,514,75 i +,94,54,148
2019,1,Districte I,1,Centre,104,03-11,33,30,63
2019,3,Districte III,6,Santa Eulàlia,324,75 i +,39,26,65
2019,1,Districte I,3,Sant Josep,115,00-02,11,11,22
2019,5,Districte V,10,Pubilla Cases,537,03-11,57,48,105
2019,5,Districte V,10,Pubilla Cases,530,00-02,39,33,72
2019,2,Districte II,4,la Torrassa,228,00-02,32,31,63
2019,4,Districte IV,8,les Planes,437,03-11,63,80,143
2019,5,Districte V,10,Pubilla Cases,524,12-15,26,32,58
2019,2,Districte II,4,la Torrassa,247,12-15,40,32,72
2019,3,Districte III,6,Santa Eulàlia,323,18-24,72,68,140
2019,3,Districte III,6,Santa Eulàlia,302,12-15,20,16,36
2019,5,Districte V,10,Pubilla Cases,531,25-34,90,85,175
2019,3,Districte III,6,Santa Eulàlia,320,12-15,8,4,12
2019,4,Districte IV,7,la Florida,432,18-24,58,59,117
2019,1,Districte I,2,Sanfeliu,118,50-64,161,131,292
2019,5,Districte V,10,Pubilla Cases,518,65-74,57,39,96
2019,4,Districte IV,8,les Planes,435,65-74,38,35,73
2019,4,Districte IV,7,la Florida,409,12-15,34,45,79
2019,5,Districte V,10,Pubilla Cases,508,03-11,70,74,144
2019,1,Districte I,3,Sant Josep,126,50-64,83,70,153
2019,2,Districte II,4,la Torrassa,240,25-34,167,161,328
2019,3,Districte III,6,Santa Eulàlia,307,25-34,70,85,155
2019,3,Districte III,6,Santa Eulàlia,309,50-64,110,94,204
2019,1,Districte I,3,Sant Josep,122,65-74,47,23,70
2019,1,Districte I,3,Sant Josep,136,65-74,71,68,139
2019,4,Districte IV,7,la Florida,427,65-74,48,38,86
2019,6,Districte VI,12,Bellvitge,612,18-24,29,46,75
2019,2,Districte II,4,la Torrassa,233,03-11,47,61,108
2019,1,Districte I,1,Centre,123,25-34,79,68,147
2019,1,Districte I,3,Sant Josep,115,50-64,126,130,256
2019,6,Districte VI,11,el Gornal,617,18-24,28,32,60
2019,4,Districte IV,8,les Planes,440,00-02,13,12,25
2019,4,Districte IV,7,la Florida,422,50-64,121,110,231
2019,4,Districte IV,7,la Florida,403,75 i +,105,90,195
2019,4,Districte IV,7,la Florida,410,75 i +,155,106,261
2019,3,Districte III,6,Santa Eulàlia,301,16-17,13,13,26
2019,5,Districte V,9,Can Serra,503,03-11,15,24,39
2019,2,Districte II,5,Collblanc,205,65-74,57,36,93
2019,1,Districte I,3,Sant Josep,120,18-24,63,73,136
2019,4,Districte IV,7,la Florida,432,50-64,125,112,237
2019,2,Districte II,4,la Torrassa,245,75 i +,69,44,113
2019,2,Districte II,4,la Torrassa,233,16-17,7,9,16
2019,1,Districte I,1,Centre,107,12-15,26,38,64
2019,1,Districte I,1,Centre,103,03-11,37,34,71
2019,2,Districte II,4,la Torrassa,246,75 i +,80,49,129
2019,1,Districte I,2,Sanfeliu,132,75 i +,119,86,205
2019,5,Districte V,10,Pubilla Cases,526,16-17,19,16,35
2019,5,Districte V,9,Can Serra,505,03-11,38,42,80
2019,4,Districte IV,7,la Florida,426,00-02,19,14,33
2020,6,Districte VI,12,Bellvitge,614,18-24,29,31,60
2020,6,Districte VI,12,Bellvitge,624,16-17,11,6,17
2020,2,Districte II,5,Collblanc,223,18-24,50,51,101
2020,1,Districte I,3,Sant Josep,122,16-17,13,9,22
2020,6,Districte VI,12,Bellvitge,602,00-02,9,14,23
2020,4,Districte IV,7,la Florida,427,25-34,145,130,275
2020,4,Districte IV,7,la Florida,407,50-64,98,100,198
2020,4,Districte IV,8,les Planes,435,16-17,13,6,19
2020,5,Districte V,10,Pubilla Cases,525,18-24,44,28,72
2020,1,Districte I,1,Centre,101,65-74,77,69,146
2020,4,Districte IV,7,la Florida,425,75 i +,70,43,113
2020,4,Districte IV,7,la Florida,411,75 i +,101,69,170
2020,1,Districte I,1,Centre,109,25-34,68,65,133
2020,5,Districte V,10,Pubilla Cases,533,25-34,139,160,299
2020,3,Districte III,6,Santa Eulàlia,308,16-17,26,28,54
2020,5,Districte V,10,Pubilla Cases,529,50-64,128,100,228
2020,6,Districte VI,12,Bellvitge,615,75 i +,90,64,154
2020,6,Districte VI,11,el Gornal,632,50-64,87,79,166
2020,2,Districte II,4,la Torrassa,239,12-15,14,12,26
2020,5,Districte V,10,Pubilla Cases,524,35-49,191,176,367
2020,6,Districte VI,12,Bellvitge,606,18-24,36,44,80
2020,1,Districte I,3,Sant Josep,115,35-49,159,164,323
2020,6,Districte VI,12,Bellvitge,612,18-24,30,41,71
2020,3,Districte III,6,Santa Eulàlia,317,00-02,20,16,36
2020,3,Districte III,6,Santa Eulàlia,328,03-11,138,157,295
2020,5,Districte V,10,Pubilla Cases,514,65-74,44,34,78
2020,6,Districte VI,12,Bellvitge,614,75 i +,89,67,156
2020,1,Districte I,1,Centre,111,75 i +,78,52,130
2020,3,Districte III,6,Santa Eulàlia,304,25-34,170,146,316
2020,5,Districte V,9,Can Serra,506,75 i +,135,104,239
2020,1,Districte I,1,Centre,102,50-64,145,138,283
2020,6,Districte VI,12,Bellvitge,612,03-11,36,22,58
2020,3,Districte III,6,Santa Eulàlia,328,18-24,67,45,112
2020,1,Districte I,3,Sant Josep,117,35-49,200,204,404
2020,5,Districte V,9,Can Serra,521,16-17,6,14,20
2020,4,Districte IV,8,les Planes,420,65-74,95,70,165
2020,5,Districte V,10,Pubilla Cases,529,25-34,112,102,214
2020,6,Districte VI,12,Bellvitge,625,25-34,41,49,90
2020,3,Districte III,6,Santa Eulàlia,313,65-74,134,112,246
2020,2,Districte II,5,Collblanc,214,65-74,72,49,121
2020,6,Districte VI,12,Bellvitge,630,00-02,6,6,12
2020,3,Districte III,6,Santa Eulàlia,306,35-49,178,190,368
2020,6,Districte VI,11,el Gornal,632,16-17,9,17,26
2020,1,Districte I,3,Sant Josep,106,75 i +,80,70,150
2020,1,Districte I,1,Centre,107,75 i +,118,79,197
2020,5,Districte V,10,Pubilla Cases,534,50-64,82,81,163
2020,2,Districte II,4,la Torrassa,228,16-17,25,23,48
2020,1,Districte I,3,Sant Josep,122,12-15,17,20,37
2020,1,Districte I,1,Centre,105,12-15,30,26,56
2020,3,Districte III,6,Santa Eulàlia,320,03-11,24,20,44
2020,6,Districte VI,11,el Gornal,608,00-02,15,10,25
2020,1,Districte I,1,Centre,133,25-34,62,58,120
2020,4,Districte IV,7,la Florida,403,03-11,50,58,108
2020,6,Districte VI,12,Bellvitge,621,35-49,154,171,325
2020,6,Districte VI,12,Bellvitge,605,12-15,36,30,66
2020,1,Districte I,1,Centre,104,00-02,8,14,22
2020,6,Districte VI,12,Bellvitge,605,50-64,173,137,310
2020,2,Districte II,5,Collblanc,226,50-64,190,161,351
2020,1,Districte I,3,Sant Josep,140,25-34,64,65,129
2020,2,Districte II,4,la Torrassa,243,16-17,13,18,31
2020,5,Districte V,10,Pubilla Cases,530,65-74,52,41,93
2020,2,Districte II,5,Collblanc,214,50-64,219,214,433
2020,6,Districte VI,12,Bellvitge,613,18-24,30,39,69
2020,6,Districte VI,12,Bellvitge,614,50-64,84,87,171
2020,6,Districte VI,11,el Gornal,626,75 i +,79,37,116
2020,5,Districte V,10,Pubilla Cases,528,35-49,158,156,314
2020,5,Districte V,10,Pubilla Cases,532,75 i +,102,62,164
2020,5,Districte V,9,Can Serra,505,00-02,9,7,16
2020,6,Districte VI,12,Bellvitge,606,65-74,47,23,70
2020,3,Districte III,6,Santa Eulàlia,310,75 i +,47,25,72
2020,1,Districte I,3,Sant Josep,139,65-74,60,50,110
2020,2,Districte II,5,Collblanc,220,03-11,78,78,156
2020,3,Districte III,6,Santa Eulàlia,304,12-15,29,25,54
2020,5,Districte V,10,Pubilla Cases,524,75 i +,71,30,101
2020,4,Districte IV,7,la Florida,425,18-24,48,48,96
2020,2,Districte II,5,Collblanc,213,00-02,14,17,31
2020,2,Districte II,4,la Torrassa,231,00-02,20,24,44
2020,3,Districte III,6,Santa Eulàlia,307,35-49,132,129,261
2020,1,Districte I,3,Sant Josep,126,50-64,82,72,154
2020,1,Districte I,3,Sant Josep,127,18-24,22,26,48
2020,3,Districte III,6,Santa Eulàlia,319,75 i +,56,45,101
2020,2,Districte II,5,Collblanc,214,18-24,104,97,201
2020,5,Districte V,10,Pubilla Cases,529,00-02,26,21,47
2020,5,Districte V,10,Pubilla Cases,532,65-74,61,39,100
2020,3,Districte III,6,Santa Eulàlia,317,16-17,14,18,32
2020,1,Districte I,1,Centre,133,65-74,58,45,103
2020,3,Districte III,6,Santa Eulàlia,321,35-49,213,206,419
2020,2,Districte II,4,la Torrassa,238,03-11,45,40,85
2020,6,Districte VI,11,el Gornal,616,12-15,61,50,111
2020,1,Districte I,1,Centre,124,75 i +,54,39,93
2020,1,Districte I,1,Centre,133,12-15,17,18,35
2020,4,Districte IV,7,la Florida,410,65-74,99,78,177
2020,3,Districte III,6,Santa Eulàlia,317,35-49,156,169,325
2020,5,Districte V,10,Pubilla Cases,517,18-24,96,124,220
2020,3,Districte III,6,Santa Eulàlia,314,65-74,140,133,273
2020,2,Districte II,4,la Torrassa,233,16-17,5,10,15
2020,6,Districte VI,12,Bellvitge,611,12-15,35,53,88
2020,5,Districte V,10,Pubilla Cases,525,35-49,126,132,258
2020,4,Districte IV,7,la Florida,430,03-11,58,55,113
2020,1,Districte I,1,Centre,101,18-24,62,46,108
2020,3,Districte III,6,Santa Eulàlia,306,25-34,139,132,271
2020,6,Districte VI,12,Bellvitge,631,12-15,19,19,38
2020,4,Districte IV,7,la Florida,404,18-24,61,64,125
2020,3,Districte III,13,Granvia Sud,320,65-74,78,64,142
2020,6,Districte VI,12,Bellvitge,605,16-17,18,17,35
2020,2,Districte II,5,Collblanc,204,16-17,14,10,24
2020,2,Districte II,4,la Torrassa,245,00-02,17,18,35
2020,4,Districte IV,8,les Planes,435,75 i +,52,23,75
2020,3,Districte III,6,Santa Eulàlia,329,16-17,23,15,38
2020,4,Districte IV,8,les Planes,437,12-15,34,36,70
2020,6,Districte VI,11,el Gornal,622,03-11,28,26,54
2020,3,Districte III,6,Santa Eulàlia,308,75 i +,127,90,217
2020,4,Districte IV,7,la Florida,427,50-64,157,162,319
2020,1,Districte I,2,Sanfeliu,132,03-11,92,93,185
2020,5,Districte V,10,Pubilla Cases,537,03-11,57,46,103
2020,2,Districte II,4,la Torrassa,249,50-64,113,107,220
2020,3,Districte III,6,Santa Eulàlia,305,65-74,105,94,199
2020,1,Districte I,2,Sanfeliu,118,35-49,169,169,338
2020,5,Districte V,10,Pubilla Cases,528,75 i +,80,53,133
2020,6,Districte VI,12,Bellvitge,618,18-24,44,57,101
2020,2,Districte II,4,la Torrassa,234,12-15,10,16,26
2020,2,Districte II,5,Collblanc,212,25-34,132,132,264
2020,2,Districte II,4,la Torrassa,237,65-74,52,40,92
2020,5,Districte V,10,Pubilla Cases,533,00-02,32,26,58
2020,4,Districte IV,7,la Florida,407,18-24,64,54,118
2020,5,Districte V,9,Can Serra,502,75 i +,140,91,231
2020,4,Districte IV,7,la Florida,414,65-74,53,41,94
2020,4,Districte IV,7,la Florida,410,03-11,69,60,129
2020,1,Districte I,3,Sant Josep,106,16-17,16,11,27
2020,1,Districte I,2,Sanfeliu,116,35-49,157,161,318
2020,4,Districte IV,7,la Florida,405,50-64,173,169,342
2020,2,Districte II,5,Collblanc,212,12-15,29,31,60
2020,1,Districte I,1,Centre,123,03-11,51,43,94
2020,3,Districte III,6,Santa Eulàlia,315,12-15,29,41,70
2020,5,Districte V,10,Pubilla Cases,517,75 i +,96,53,149
2020,1,Districte I,3,Sant Josep,114,35-49,169,180,349
2020,4,Districte IV,7,la Florida,414,35-49,254,280,534
2020,2,Districte II,4,la Torrassa,240,50-64,175,169,344
2020,1,Districte I,1,Centre,130,12-15,24,20,44
2020,1,Districte I,3,Sant Josep,138,16-17,7,2,9
2020,5,Districte V,10,Pubilla Cases,537,16-17,14,9,23
2020,5,Districte V,10,Pubilla Cases,532,18-24,57,56,113
2020,4,Districte IV,7,la Florida,416,16-17,16,22,38
2020,2,Districte II,4,la Torrassa,238,50-64,87,77,164
2020,1,Districte I,3,Sant Josep,127,75 i +,40,29,69
2020,5,Districte V,9,Can Serra,506,65-74,178,110,288
2020,2,Districte II,4,la Torrassa,248,16-17,12,6,18
2020,3,Districte III,6,Santa Eulàlia,326,00-02,40,46,86
2020,1,Districte I,3,Sant Josep,139,18-24,34,50,84
2020,2,Districte II,5,Collblanc,210,16-17,10,10,20
2020,5,Districte V,10,Pubilla Cases,510,03-11,48,39,87
2020,5,Districte V,10,Pubilla Cases,537,65-74,66,50,116
2020,6,Districte VI,12,Bellvitge,631,16-17,4,10,14
2020,6,Districte VI,12,Bellvitge,605,00-02,15,23,38
2020,4,Districte IV,7,la Florida,406,25-34,105,87,192
2020,1,Districte I,3,Sant Josep,137,16-17,19,9,28
2020,4,Districte IV,7,la Florida,422,50-64,124,116,240
2020,2,Districte II,4,la Torrassa,228,75 i +,144,75,219
2020,5,Districte V,10,Pubilla Cases,513,12-15,31,31,62
2020,5,Districte V,10,Pubilla Cases,523,03-11,61,56,117
2020,1,Districte I,1,Centre,130,35-49,131,138,269
2020,4,Districte IV,8,les Planes,433,03-11,104,116,220
2020,1,Districte I,3,Sant Josep,117,18-24,60,64,124
2020,2,Districte II,4,la Torrassa,240,65-74,71,44,115
2020,4,Districte IV,7,la Florida,410,35-49,189,177,366
2020,2,Districte II,4,la Torrassa,232,00-02,13,14,27
2020,2,Districte II,4,la Torrassa,217,35-49,174,220,394
2020,6,Districte VI,12,Bellvitge,619,75 i +,126,93,219
2020,6,Districte VI,12,Bellvitge,605,65-74,101,65,166
2020,5,Districte V,10,Pubilla Cases,510,16-17,9,7,16
2020,5,Districte V,9,Can Serra,504,00-02,12,8,20
2020,5,Districte V,9,Can Serra,506,50-64,162,157,319
2020,1,Districte I,3,Sant Josep,121,35-49,120,117,237
2020,4,Districte IV,7,la Florida,406,65-74,65,51,116
2020,2,Districte II,4,la Torrassa,238,18-24,38,41,79
2020,5,Districte V,10,Pubilla Cases,529,18-24,50,78,128
2020,2,Districte II,5,Collblanc,204,35-49,208,218,426
2020,4,Districte IV,7,la Florida,432,00-02,16,12,28
2020,3,Districte III,6,Santa Eulàlia,313,18-24,69,75,144
2020,1,Districte I,1,Centre,134,00-02,14,20,34
2020,5,Districte V,9,Can Serra,535,12-15,16,16,32
2020,3,Districte III,6,Santa Eulàlia,307,65-74,134,112,246
2020,1,Districte I,1,Centre,107,50-64,146,130,276
2020,6,Districte VI,12,Bellvitge,630,03-11,27,41,68
2020,4,Districte IV,7,la Florida,403,35-49,150,141,291
2020,5,Districte V,10,Pubilla Cases,517,35-49,256,273,529
2020,2,Districte II,4,la Torrassa,248,25-34,109,122,231
2020,6,Districte VI,12,Bellvitge,609,18-24,26,29,55
2020,5,Districte V,10,Pubilla Cases,534,16-17,9,6,15
2020,1,Districte I,1,Centre,101,00-02,25,24,49
2020,3,Districte III,6,Santa Eulàlia,309,00-02,20,16,36
2020,2,Districte II,4,la Torrassa,211,16-17,9,14,23
2020,4,Districte IV,7,la Florida,422,12-15,26,25,51
2020,6,Districte VI,12,Bellvitge,615,18-24,29,27,56
2020,4,Districte IV,7,la Florida,406,75 i +,85,65,150
2020,5,Districte V,10,Pubilla Cases,520,00-02,12,9,21
2020,1,Districte I,3,Sant Josep,122,65-74,34,25,59
2020,3,Districte III,6,Santa Eulàlia,325,65-74,131,87,218
2020,5,Districte V,9,Can Serra,535,35-49,86,86,172
2020,3,Districte III,6,Santa Eulàlia,305,35-49,186,187,373
2020,5,Districte V,9,Can Serra,502,50-64,144,156,300
2020,5,Districte V,10,Pubilla Cases,528,50-64,120,103,223
2020,5,Districte V,9,Can Serra,535,18-24,24,37,61
2020,4,Districte IV,8,les Planes,418,75 i +,85,62,147
2020,5,Districte V,10,Pubilla Cases,531,50-64,100,92,192
2020,3,Districte III,6,Santa Eulàlia,303,65-74,98,73,171
2020,6,Districte VI,12,Bellvitge,614,03-11,27,36,63
2020,5,Districte V,10,Pubilla Cases,528,18-24,53,53,106
2020,2,Districte II,4,la Torrassa,239,50-64,119,123,242
2020,6,Districte VI,12,Bellvitge,601,50-64,200,200,400
2020,1,Districte I,1,Centre,130,50-64,116,105,221
2020,1,Districte I,3,Sant Josep,114,00-02,10,16,26
2020,1,Districte I,1,Centre,105,35-49,128,139,267
2020,3,Districte III,6,Santa Eulàlia,304,75 i +,90,56,146
2020,2,Districte II,5,Collblanc,224,25-34,104,105,209
2020,2,Districte II,4,la Torrassa,232,03-11,62,48,110
2020,4,Districte IV,7,la Florida,425,03-11,47,42,89
2020,5,Districte V,9,Can Serra,506,35-49,174,170,344
2020,1,Districte I,1,Centre,134,12-15,31,28,59
2020,3,Districte III,6,Santa Eulàlia,324,50-64,90,92,182
2020,5,Districte V,10,Pubilla Cases,538,65-74,60,34,94
2020,5,Districte V,9,Can Serra,502,65-74,84,72,156
2020,3,Districte III,6,Santa Eulàlia,327,16-17,12,10,22
2020,6,Districte VI,12,Bellvitge,601,35-49,213,236,449
2020,6,Districte VI,12,Bellvitge,611,75 i +,127,106,233
2020,3,Districte III,6,Santa Eulàlia,308,03-11,66,77,143
2020,3,Districte III,6,Santa Eulàlia,320,25-34,37,40,77
2020,4,Districte IV,8,les Planes,441,75 i +,113,106,219
2020,4,Districte IV,8,les Planes,419,18-24,90,93,183
2020,1,Districte I,1,Centre,103,03-11,38,37,75
2020,4,Districte IV,7,la Florida,404,03-11,61,76,137
2020,5,Districte V,10,Pubilla Cases,525,65-74,38,34,72
2020,3,Districte III,6,Santa Eulàlia,328,12-15,59,55,114
2020,1,Districte I,3,Sant Josep,119,35-49,115,142,257
2020,6,Districte VI,12,Bellvitge,624,25-34,55,42,97
2020,5,Districte V,9,Can Serra,535,50-64,101,91,192
2020,2,Districte II,4,la Torrassa,245,35-49,137,145,282
2020,1,Districte I,3,Sant Josep,115,25-34,59,101,160
2020,3,Districte III,6,Santa Eulàlia,323,03-11,66,89,155
2020,5,Districte V,9,Can Serra,503,03-11,13,23,36
2020,4,Districte IV,7,la Florida,423,75 i +,70,51,121
2020,2,Districte II,5,Collblanc,226,65-74,93,66,159
2020,1,Districte I,1,Centre,105,18-24,26,37,63
2020,5,Districte V,10,Pubilla Cases,513,00-02,18,29,47
2020,6,Districte VI,12,Bellvitge,621,12-15,16,24,40
2020,3,Districte III,6,Santa Eulàlia,301,35-49,153,158,311
2020,5,Districte V,10,Pubilla Cases,514,16-17,15,22,37
2020,5,Districte V,9,Can Serra,503,75 i +,48,37,85
2020,3,Districte III,6,Santa Eulàlia,329,65-74,38,41,79
2020,1,Districte I,1,Centre,141,75 i +,15,10,25
2020,4,Districte IV,8,les Planes,420,75 i +,122,70,192
2020,4,Districte IV,7,la Florida,402,18-24,32,31,63
2020,4,Districte IV,7,la Florida,426,00-02,19,11,30
2020,4,Districte IV,7,la Florida,405,65-74,67,50,117
2020,2,Districte II,5,Collblanc,213,03-11,50,38,88
2020,4,Districte IV,8,les Planes,401,50-64,137,117,254
2020,2,Districte II,5,Collblanc,212,03-11,60,69,129
2020,5,Districte V,10,Pubilla Cases,514,25-34,120,95,215
2020,5,Districte V,9,Can Serra,504,75 i +,118,80,198
2020,4,Districte IV,8,les Planes,418,16-17,12,16,28
2020,6,Districte VI,12,Bellvitge,609,65-74,58,35,93
2020,4,Districte IV,8,les Planes,420,35-49,233,286,519
2020,2,Districte II,5,Collblanc,213,18-24,33,49,82
2020,5,Districte V,9,Can Serra,507,75 i +,52,33,85
2020,2,Districte II,4,la Torrassa,248,50-64,129,113,242
2020,4,Districte IV,7,la Florida,409,12-15,30,39,69
2020,1,Districte I,1,Centre,104,50-64,94,98,192
2020,6,Districte VI,11,el Gornal,622,16-17,7,5,12
2020,3,Districte III,6,Santa Eulàlia,307,12-15,22,15,37
2020,1,Districte I,1,Centre,103,25-34,53,47,100
2020,1,Districte I,2,Sanfeliu,118,03-11,51,69,120
2020,6,Districte VI,12,Bellvitge,619,25-34,57,66,123
2020,5,Districte V,10,Pubilla Cases,525,50-64,78,78,156
2020,2,Districte II,5,Collblanc,213,35-49,136,125,261
2020,2,Districte II,4,la Torrassa,217,03-11,62,61,123
2020,5,Districte V,9,Can Serra,503,16-17,2,3,5
2020,3,Districte III,6,Santa Eulàlia,328,65-74,29,21,50
2020,3,Districte III,6,Santa Eulàlia,317,12-15,22,27,49
2020,1,Districte I,1,Centre,110,35-49,131,124,255
2020,1,Districte I,1,Centre,108,35-49,181,164,345
2020,4,Districte IV,7,la Florida,430,65-74,33,23,56
2020,2,Districte II,5,Collblanc,224,03-11,57,63,120
2020,4,Districte IV,7,la Florida,409,18-24,82,82,164
2020,1,Districte I,2,Sanfeliu,116,50-64,146,131,277
2020,1,Districte I,2,Sanfeliu,129,12-15,15,23,38
2020,6,Districte VI,12,Bellvitge,605,03-11,77,61,138
2020,2,Districte II,4,la Torrassa,246,50-64,101,103,204
2020,2,Districte II,4,la Torrassa,231,16-17,7,13,20
2020,5,Districte V,10,Pubilla Cases,523,65-74,53,38,91
2020,4,Districte IV,7,la Florida,422,35-49,179,171,350
2020,3,Districte III,6,Santa Eulàlia,301,16-17,14,15,29
2020,6,Districte VI,12,Bellvitge,610,00-02,16,9,25
2020,2,Districte II,5,Collblanc,205,35-49,106,87,193
2020,2,Districte II,5,Collblanc,220,12-15,42,30,72
2020,1,Districte I,3,Sant Josep,122,00-02,14,13,27
2020,6,Districte VI,11,el Gornal,617,35-49,111,114,225
2020,2,Districte II,5,Collblanc,214,16-17,20,25,45
2020,1,Districte I,3,Sant Josep,125,25-34,88,88,176
2020,6,Districte VI,11,el Gornal,617,16-17,6,17,23
2020,5,Districte V,10,Pubilla Cases,518,75 i +,88,48,136
2020,3,Districte III,6,Santa Eulàlia,316,75 i +,104,65,169
2020,3,Districte III,6,Santa Eulàlia,309,25-34,81,81,162
2020,2,Districte II,5,Collblanc,209,18-24,48,46,94
2020,4,Districte IV,7,la Florida,414,50-64,198,154,352
2020,1,Districte I,1,Centre,123,25-34,83,83,166
2020,2,Districte II,4,la Torrassa,239,18-24,52,49,101
2020,6,Districte VI,11,el Gornal,626,50-64,75,88,163
2020,6,Districte VI,12,Bellvitge,631,18-24,36,26,62
2020,1,Districte I,1,Centre,112,12-15,23,29,52
2020,3,Districte III,6,Santa Eulàlia,324,25-34,92,99,191
2020,1,Districte I,2,Sanfeliu,129,65-74,56,41,97
2020,6,Districte VI,12,Bellvitge,614,65-74,75,42,117
2020,6,Districte VI,12,Bellvitge,612,25-34,55,54,109
2020,6,Districte VI,12,Bellvitge,602,65-74,51,37,88
2020,2,Districte II,4,la Torrassa,248,00-02,11,15,26
2020,3,Districte III,6,Santa Eulàlia,318,12-15,13,14,27
2020,4,Districte IV,8,les Planes,436,03-11,67,75,142
2020,2,Districte II,5,Collblanc,202,18-24,76,86,162
2020,1,Districte I,3,Sant Josep,140,50-64,122,98,220
2020,4,Districte IV,8,les Planes,420,16-17,16,18,34
2020,4,Districte IV,7,la Florida,426,65-74,39,33,72
2020,5,Districte V,9,Can Serra,521,25-34,42,36,78
2020,4,Districte IV,8,les Planes,441,03-11,70,81,151
2020,4,Districte IV,8,les Planes,433,25-34,168,162,330
2020,4,Districte IV,8,les Planes,433,12-15,41,40,81
2020,3,Districte III,6,Santa Eulàlia,315,35-49,227,245,472
2020,1,Districte I,1,Centre,124,25-34,71,65,136
2020,4,Districte IV,7,la Florida,412,50-64,166,127,293
2020,4,Districte IV,7,la Florida,405,12-15,40,23,63
2020,5,Districte V,10,Pubilla Cases,534,65-74,47,39,86
2020,5,Districte V,9,Can Serra,504,35-49,126,125,251
2020,4,Districte IV,7,la Florida,423,35-49,133,127,260
2020,1,Districte I,3,Sant Josep,138,25-34,33,45,78
2020,4,Districte IV,8,les Planes,436,18-24,85,92,177
2020,5,Districte V,10,Pubilla Cases,528,12-15,27,34,61
2020,5,Districte V,9,Can Serra,505,75 i +,124,120,244
2020,3,Districte III,6,Santa Eulàlia,321,75 i +,137,100,237
2020,1,Districte I,1,Centre,131,00-02,17,11,28
2020,2,Districte II,5,Collblanc,201,35-49,261,271,532
2020,1,Districte I,1,Centre,124,50-64,94,76,170
2020,1,Districte I,1,Centre,109,75 i +,74,53,127
2020,4,Districte IV,8,les Planes,420,00-02,16,39,55
2020,2,Districte II,5,Collblanc,202,35-49,232,272,504
2020,4,Districte IV,7,la Florida,416,03-11,64,83,147
2020,2,Districte II,4,la Torrassa,229,16-17,16,12,28
2020,2,Districte II,5,Collblanc,223,35-49,166,176,342
2020,6,Districte VI,11,el Gornal,608,25-34,60,78,138
2020,2,Districte II,5,Collblanc,221,00-02,25,32,57
2020,4,Districte IV,8,les Planes,440,03-11,42,43,85
2020,1,Districte I,1,Centre,123,12-15,13,22,35
2020,4,Districte IV,7,la Florida,407,35-49,128,146,274
2020,2,Districte II,4,la Torrassa,232,16-17,9,12,21
2020,4,Districte IV,8,les Planes,433,65-74,72,65,137
2020,1,Districte I,1,Centre,105,75 i +,59,47,106
2020,2,Districte II,5,Collblanc,201,03-11,92,102,194
2020,2,Districte II,5,Collblanc,202,12-15,31,35,66
2020,4,Districte IV,7,la Florida,431,00-02,28,27,55
2020,1,Districte I,1,Centre,108,50-64,147,147,294
2020,2,Districte II,5,Collblanc,216,18-24,56,58,114
2020,4,Districte IV,8,les Planes,435,18-24,46,63,109
2020,3,Districte III,6,Santa Eulàlia,318,65-74,53,47,100
2020,4,Districte IV,8,les Planes,441,65-74,143,126,269
2020,3,Districte III,6,Santa Eulàlia,321,00-02,21,17,38
2020,2,Districte II,4,la Torrassa,243,25-34,137,126,263
2020,3,Districte III,6,Santa Eulàlia,305,25-34,123,104,227
2020,2,Districte II,4,la Torrassa,236,50-64,100,96,196
2020,1,Districte I,3,Sant Josep,140,65-74,52,35,87
2020,2,Districte II,5,Collblanc,224,65-74,48,46,94
2020,6,Districte VI,12,Bellvitge,611,35-49,227,240,467
2020,2,Districte II,4,la Torrassa,247,35-49,175,163,338
2020,1,Districte I,1,Centre,108,18-24,66,54,120
2020,6,Districte VI,12,Bellvitge,630,18-24,23,30,53
2020,5,Districte V,10,Pubilla Cases,508,35-49,205,194,399
2020,4,Districte IV,7,la Florida,404,35-49,174,171,345
2020,4,Districte IV,7,la Florida,405,25-34,154,124,278
2020,3,Districte III,6,Santa Eulàlia,323,25-34,102,87,189
2020,3,Districte III,6,Santa Eulàlia,311,00-02,16,25,41
2020,2,Districte II,4,la Torrassa,217,65-74,64,60,124
2020,3,Districte III,6,Santa Eulàlia,316,00-02,16,21,37
2020,1,Districte I,1,Centre,112,75 i +,91,50,141
2020,3,Districte III,6,Santa Eulàlia,315,00-02,16,28,44
2020,6,Districte VI,12,Bellvitge,618,25-34,45,54,99
2020,6,Districte VI,12,Bellvitge,609,03-11,37,34,71
2020,1,Districte I,2,Sanfeliu,129,00-02,6,12,18
2020,6,Districte VI,11,el Gornal,616,00-02,20,29,49
2020,1,Districte I,1,Centre,101,16-17,21,22,43
2020,1,Districte I,1,Centre,108,16-17,8,6,14
2020,2,Districte II,4,la Torrassa,237,75 i +,77,46,123
2020,5,Districte V,10,Pubilla Cases,517,16-17,13,25,38
2020,1,Districte I,3,Sant Josep,125,00-02,14,15,29
2020,6,Districte VI,12,Bellvitge,607,03-11,38,33,71
2020,4,Districte IV,7,la Florida,422,00-02,25,13,38
2020,4,Districte IV,8,les Planes,418,03-11,73,62,135
2020,6,Districte VI,12,Bellvitge,607,25-34,57,59,116
2020,5,Districte V,10,Pubilla Cases,513,65-74,43,38,81
2020,4,Districte IV,7,la Florida,426,35-49,127,157,284
2020,3,Districte III,6,Santa Eulàlia,327,00-02,14,12,26
2020,6,Districte VI,11,el Gornal,632,03-11,29,41,70
2020,6,Districte VI,11,el Gornal,622,25-34,31,41,72
2020,3,Districte III,6,Santa Eulàlia,329,18-24,39,47,86
2020,2,Districte II,4,la Torrassa,240,35-49,239,224,463
2020,2,Districte II,4,la Torrassa,238,65-74,37,32,69
2020,2,Districte II,5,Collblanc,226,75 i +,118,78,196
2020,6,Districte VI,12,Bellvitge,621,65-74,143,112,255
2020,1,Districte I,1,Centre,131,18-24,27,42,69
2020,2,Districte II,4,la Torrassa,229,03-11,85,102,187
2020,3,Districte III,6,Santa Eulàlia,302,00-02,15,11,26
2020,4,Districte IV,7,la Florida,416,35-49,211,176,387
2020,5,Districte V,10,Pubilla Cases,531,03-11,39,42,81
2020,4,Districte IV,7,la Florida,427,18-24,66,75,141
2020,2,Districte II,5,Collblanc,224,50-64,138,106,244
2020,3,Districte III,6,Santa Eulàlia,316,35-49,185,224,409
2020,6,Districte VI,12,Bellvitge,623,50-64,119,112,231
2020,3,Districte III,6,Santa Eulàlia,307,00-02,11,8,19
2020,1,Districte I,3,Sant Josep,121,75 i +,60,29,89
2020,3,Districte III,6,Santa Eulàlia,327,75 i +,44,33,77
2020,1,Districte I,3,Sant Josep,137,50-64,168,144,312
2020,1,Districte I,3,Sant Josep,106,12-15,24,22,46
2020,1,Districte I,1,Centre,113,18-24,47,54,101
2020,6,Districte VI,12,Bellvitge,605,18-24,49,44,93
2020,3,Districte III,6,Santa Eulàlia,305,03-11,53,56,109
2020,2,Districte II,4,la Torrassa,217,25-34,122,120,242
2020,2,Districte II,4,la Torrassa,249,00-02,8,16,24
2020,1,Districte I,1,Centre,123,75 i +,91,64,155
2020,2,Districte II,5,Collblanc,207,00-02,13,32,45
2020,2,Districte II,5,Collblanc,213,12-15,15,24,39
2020,5,Districte V,10,Pubilla Cases,530,12-15,25,49,74
2020,1,Districte I,3,Sant Josep,119,50-64,117,96,213
2020,1,Districte I,1,Centre,104,16-17,2,12,14
2020,6,Districte VI,12,Bellvitge,613,50-64,98,106,204
2020,5,Districte V,9,Can Serra,501,03-11,24,31,55
2020,6,Districte VI,12,Bellvitge,614,16-17,11,10,21
2020,2,Districte II,5,Collblanc,209,16-17,10,13,23
2020,3,Districte III,6,Santa Eulàlia,321,16-17,19,18,37
2020,1,Districte I,3,Sant Josep,127,35-49,96,82,178
2020,6,Districte VI,12,Bellvitge,609,12-15,14,23,37
2020,6,Districte VI,12,Bellvitge,606,16-17,13,10,23
2020,6,Districte VI,12,Bellvitge,615,12-15,15,14,29
2020,4,Districte IV,7,la Florida,402,75 i +,56,43,99
2020,2,Districte II,5,Collblanc,204,25-34,127,123,250
2020,1,Districte I,1,Centre,128,75 i +,66,41,107
2020,4,Districte IV,7,la Florida,414,18-24,78,99,177
2020,1,Districte I,1,Centre,141,00-02,37,44,81
2020,2,Districte II,5,Collblanc,216,50-64,117,105,222
2020,3,Districte III,6,Santa Eulàlia,302,12-15,23,16,39
2020,3,Districte III,6,Santa Eulàlia,314,03-11,102,106,208
2020,3,Districte III,6,Santa Eulàlia,328,50-64,100,118,218
2020,2,Districte II,5,Collblanc,205,18-24,41,50,91
2020,5,Districte V,10,Pubilla Cases,513,50-64,134,137,271
2020,5,Districte V,10,Pubilla Cases,510,12-15,17,18,35
2020,2,Districte II,5,Collblanc,224,16-17,12,8,20
2020,2,Districte II,5,Collblanc,221,03-11,77,85,162
2020,6,Districte VI,12,Bellvitge,618,75 i +,114,89,203
2020,2,Districte II,4,la Torrassa,240,03-11,93,73,166
2020,1,Districte I,3,Sant Josep,120,25-34,115,113,228
2020,2,Districte II,5,Collblanc,210,35-49,106,88,194
2020,1,Districte I,3,Sant Josep,137,35-49,171,147,318
2020,1,Districte I,1,Centre,112,00-02,18,22,40
2020,2,Districte II,5,Collblanc,213,50-64,99,79,178
2020,2,Districte II,5,Collblanc,207,16-17,15,21,36
2020,4,Districte IV,7,la Florida,423,03-11,58,63,121
2020,5,Districte V,10,Pubilla Cases,537,18-24,61,48,109
2020,1,Districte I,1,Centre,103,65-74,39,37,76
2020,2,Districte II,4,la Torrassa,236,00-02,13,7,20
2020,4,Districte IV,7,la Florida,402,35-49,111,106,217
2020,1,Districte I,1,Centre,113,25-34,109,124,233
2020,3,Districte III,6,Santa Eulàlia,329,12-15,42,55,97
2020,2,Districte II,4,la Torrassa,245,75 i +,69,39,108
2020,1,Districte I,3,Sant Josep,126,25-34,58,48,106
2020,2,Districte II,4,la Torrassa,238,12-15,18,23,41
2020,4,Districte IV,7,la Florida,425,65-74,38,30,68
2020,2,Districte II,5,Collblanc,201,16-17,12,21,33
2020,5,Districte V,10,Pubilla Cases,538,16-17,15,20,35
2020,5,Districte V,10,Pubilla Cases,526,12-15,36,48,84
2020,1,Districte I,3,Sant Josep,125,35-49,193,193,386
2020,2,Districte II,5,Collblanc,210,75 i +,77,43,120
2020,1,Districte I,3,Sant Josep,114,75 i +,124,89,213
2020,2,Districte II,5,Collblanc,204,12-15,31,32,63
2020,6,Districte VI,12,Bellvitge,619,00-02,15,5,20
2020,2,Districte II,5,Collblanc,216,16-17,16,18,34
2020,4,Districte IV,8,les Planes,435,03-11,69,64,133
2020,1,Districte I,1,Centre,135,03-11,50,71,121
2020,3,Districte III,6,Santa Eulàlia,307,25-34,64,77,141
2020,6,Districte VI,12,Bellvitge,631,50-64,80,77,157
2020,1,Districte I,1,Centre,108,75 i +,76,56,132
2020,2,Districte II,5,Collblanc,202,75 i +,82,61,143
2020,3,Districte III,6,Santa Eulàlia,305,18-24,63,69,132
2020,4,Districte IV,8,les Planes,436,12-15,19,23,42
2020,2,Districte II,5,Collblanc,226,35-49,239,223,462
2020,6,Districte VI,12,Bellvitge,609,75 i +,74,69,143
2020,3,Districte III,6,Santa Eulàlia,310,16-17,7,7,14
2020,5,Districte V,10,Pubilla Cases,538,35-49,168,162,330
2020,5,Districte V,9,Can Serra,504,50-64,76,88,164
2020,1,Districte I,1,Centre,124,03-11,32,27,59
2020,1,Districte I,1,Centre,123,65-74,71,67,138
2020,1,Districte I,1,Centre,128,50-64,86,89,175
2020,4,Districte IV,7,la Florida,403,25-34,84,88,172
2020,6,Districte VI,11,el Gornal,626,03-11,31,37,68
2020,5,Districte V,10,Pubilla Cases,525,12-15,26,13,39
2020,2,Districte II,5,Collblanc,221,35-49,235,283,518
2020,3,Districte III,6,Santa Eulàlia,308,12-15,49,34,83
2020,5,Districte V,10,Pubilla Cases,524,12-15,27,29,56
2020,5,Districte V,9,Can Serra,504,65-74,64,44,108
2020,2,Districte II,4,la Torrassa,242,50-64,122,116,238
2020,4,Districte IV,7,la Florida,431,65-74,55,57,112
2020,5,Districte V,10,Pubilla Cases,532,35-49,171,180,351
2020,3,Districte III,6,Santa Eulàlia,322,50-64,113,100,213
2020,2,Districte II,4,la Torrassa,246,25-34,102,104,206
2020,3,Districte III,6,Santa Eulàlia,322,75 i +,80,43,123
2020,3,Districte III,6,Santa Eulàlia,325,35-49,191,184,375
2020,1,Districte I,3,Sant Josep,139,75 i +,52,39,91
2020,2,Districte II,4,la Torrassa,233,25-34,90,98,188
2020,3,Districte III,6,Santa Eulàlia,301,12-15,34,26,60
2020,1,Districte I,1,Centre,104,75 i +,67,40,107
2020,2,Districte II,4,la Torrassa,249,35-49,133,138,271
2020,5,Districte V,10,Pubilla Cases,530,16-17,12,19,31
2020,4,Districte IV,7,la Florida,404,75 i +,90,54,144
2020,4,Districte IV,8,les Planes,418,25-34,111,112,223
2020,3,Districte III,6,Santa Eulàlia,323,00-02,12,18,30
2020,4,Districte IV,8,les Planes,418,35-49,172,177,349
2020,4,Districte IV,8,les Planes,401,12-15,28,29,57
2020,5,Districte V,9,Can Serra,501,50-64,99,102,201
2020,3,Districte III,6,Santa Eulàlia,325,12-15,35,32,67
2020,4,Districte IV,8,les Planes,401,75 i +,84,52,136
2020,3,Districte III,6,Santa Eulàlia,314,12-15,37,43,80
2020,6,Districte VI,12,Bellvitge,624,00-02,7,11,18
2020,5,Districte V,10,Pubilla Cases,523,18-24,58,57,115
2020,5,Districte V,10,Pubilla Cases,513,25-34,117,127,244
2020,2,Districte II,5,Collblanc,205,12-15,16,18,34
2020,4,Districte IV,8,les Planes,440,00-02,7,11,18
2020,3,Districte III,6,Santa Eulàlia,309,03-11,58,67,125
2020,3,Districte III,6,Santa Eulàlia,324,12-15,20,16,36
2020,2,Districte II,5,Collblanc,221,75 i +,122,77,199
2020,3,Districte III,6,Santa Eulàlia,319,03-11,70,90,160
2020,5,Districte V,10,Pubilla Cases,534,00-02,12,15,27
2020,3,Districte III,6,Santa Eulàlia,303,00-02,14,22,36
2020,6,Districte VI,11,el Gornal,617,25-34,57,52,109
2020,6,Districte VI,11,el Gornal,622,12-15,13,15,28
2020,1,Districte I,3,Sant Josep,138,65-74,58,57,115
2020,4,Districte IV,7,la Florida,402,25-34,86,74,160
2020,2,Districte II,5,Collblanc,226,12-15,38,29,67
2020,1,Districte I,3,Sant Josep,125,18-24,43,63,106
2020,5,Districte V,9,Can Serra,505,65-74,112,52,164
2020,1,Districte I,1,Centre,105,25-34,64,78,142
2020,2,Districte II,4,la Torrassa,248,75 i +,67,44,111
2020,6,Districte VI,12,Bellvitge,625,03-11,33,31,64
2020,6,Districte VI,12,Bellvitge,630,75 i +,51,36,87
2020,5,Districte V,10,Pubilla Cases,523,00-02,24,20,44
2020,2,Districte II,4,la Torrassa,239,25-34,82,108,190
2020,2,Districte II,4,la Torrassa,234,03-11,41,40,81
2020,5,Districte V,10,Pubilla Cases,530,35-49,274,265,539
2020,2,Districte II,4,la Torrassa,217,16-17,15,19,34
2020,2,Districte II,5,Collblanc,207,50-64,222,166,388
2020,3,Districte III,6,Santa Eulàlia,318,50-64,108,86,194
2020,4,Districte IV,7,la Florida,411,65-74,51,36,87
2020,6,Districte VI,12,Bellvitge,605,35-49,168,172,340
2020,2,Districte II,4,la Torrassa,237,03-11,68,63,131
2020,1,Districte I,1,Centre,104,35-49,124,115,239
2020,4,Districte IV,8,les Planes,418,12-15,45,31,76
2020,5,Districte V,9,Can Serra,503,18-24,19,21,40
2020,4,Districte IV,7,la Florida,431,25-34,137,143,280
2020,3,Districte III,6,Santa Eulàlia,324,35-49,158,183,341
2020,6,Districte VI,12,Bellvitge,610,12-15,19,18,37
2020,2,Districte II,4,la Torrassa,247,25-34,106,109,215
2020,5,Districte V,10,Pubilla Cases,514,75 i +,98,53,151
2020,5,Districte V,10,Pubilla Cases,525,25-34,73,73,146
2020,5,Districte V,10,Pubilla Cases,510,65-74,60,35,95
2020,3,Districte III,6,Santa Eulàlia,313,25-34,120,123,243
2020,4,Districte IV,7,la Florida,404,50-64,135,128,263
2020,4,Districte IV,7,la Florida,421,75 i +,97,73,170
2020,3,Districte III,6,Santa Eulàlia,320,00-02,6,10,16
2020,5,Districte V,10,Pubilla Cases,524,16-17,14,11,25
2020,2,Districte II,5,Collblanc,213,16-17,14,14,28
2020,4,Districte IV,7,la Florida,421,12-15,25,25,50
2020,6,Districte VI,11,el Gornal,617,12-15,16,20,36
2020,4,Districte IV,7,la Florida,430,00-02,24,14,38
2020,6,Districte VI,12,Bellvitge,621,18-24,35,50,85
2020,5,Districte V,9,Can Serra,507,00-02,13,12,25
2020,6,Districte VI,12,Bellvitge,625,50-64,131,97,228
2020,2,Districte II,5,Collblanc,220,35-49,242,210,452
2020,3,Districte III,6,Santa Eulàlia,324,16-17,16,15,31
2020,3,Districte III,6,Santa Eulàlia,327,25-34,77,72,149
2020,3,Districte III,6,Santa Eulàlia,317,03-11,48,55,103
2020,2,Districte II,5,Collblanc,201,25-34,131,128,259
2020,6,Districte VI,12,Bellvitge,612,50-64,79,82,161
2020,2,Districte II,4,la Torrassa,234,35-49,138,153,291
2020,2,Districte II,5,Collblanc,210,65-74,50,44,94
2020,2,Districte II,4,la Torrassa,234,00-02,12,13,25
2020,3,Districte III,13,Granvia Sud,312,25-34,162,132,294
2020,2,Districte II,5,Collblanc,209,35-49,144,121,265
2020,1,Districte I,1,Centre,135,35-49,158,177,335
2020,5,Districte V,10,Pubilla Cases,537,00-02,14,7,21
2020,2,Districte II,4,la Torrassa,228,12-15,37,58,95
2020,2,Districte II,5,Collblanc,221,16-17,18,21,39
2020,2,Districte II,5,Collblanc,207,03-11,72,74,146
2020,5,Districte V,10,Pubilla Cases,528,00-02,13,20,33
2020,1,Districte I,3,Sant Josep,127,16-17,8,7,15
2020,4,Districte IV,7,la Florida,430,18-24,42,60,102
2020,3,Districte III,6,Santa Eulàlia,307,75 i +,116,74,190
2020,6,Districte VI,12,Bellvitge,623,35-49,151,163,314
2020,3,Districte III,6,Santa Eulàlia,323,18-24,67,70,137
2020,1,Districte I,1,Centre,141,18-24,32,34,66
2020,6,Districte VI,12,Bellvitge,619,18-24,36,42,78
2020,1,Districte I,3,Sant Josep,120,12-15,18,40,58
2020,1,Districte I,1,Centre,105,65-74,87,70,157
2020,1,Districte I,3,Sant Josep,126,35-49,123,115,238
2020,3,Districte III,6,Santa Eulàlia,303,16-17,16,10,26
2020,1,Districte I,1,Centre,102,16-17,17,17,34
2020,5,Districte V,10,Pubilla Cases,533,65-74,74,51,125
2020,3,Districte III,6,Santa Eulàlia,309,65-74,64,40,104
2020,5,Districte V,9,Can Serra,501,00-02,9,6,15
2020,2,Districte II,4,la Torrassa,242,75 i +,75,57,132
2020,3,Districte III,6,Santa Eulàlia,306,50-64,177,151,328
2020,1,Districte I,1,Centre,128,65-74,53,40,93
2020,4,Districte IV,8,les Planes,419,03-11,96,106,202
2020,3,Districte III,6,Santa Eulàlia,322,00-02,16,21,37
2020,4,Districte IV,7,la Florida,406,18-24,71,51,122
2020,1,Districte I,1,Centre,133,50-64,90,84,174
2020,5,Districte V,9,Can Serra,502,00-02,30,15,45
2020,5,Districte V,10,Pubilla Cases,524,65-74,45,42,87
2020,4,Districte IV,8,les Planes,437,03-11,65,94,159
2020,4,Districte IV,7,la Florida,407,00-02,12,14,26
2020,2,Districte II,4,la Torrassa,237,50-64,140,118,258
2020,2,Districte II,4,la Torrassa,239,00-02,14,15,29
2020,3,Districte III,6,Santa Eulàlia,305,75 i +,75,54,129
2020,1,Districte I,3,Sant Josep,106,65-74,165,126,291
2020,1,Districte I,1,Centre,124,35-49,98,92,190
2020,6,Districte VI,12,Bellvitge,618,03-11,30,34,64
2020,6,Districte VI,11,el Gornal,617,00-02,7,7,14
2020,3,Districte III,6,Santa Eulàlia,304,65-74,71,46,117
2020,4,Districte IV,7,la Florida,410,12-15,32,23,55
2020,3,Districte III,6,Santa Eulàlia,301,18-24,30,43,73
2020,5,Districte V,10,Pubilla Cases,534,35-49,130,133,263
2020,4,Districte IV,7,la Florida,427,00-02,27,31,58
2020,2,Districte II,5,Collblanc,220,18-24,57,61,118
2020,4,Districte IV,7,la Florida,430,12-15,33,26,59
2020,2,Districte II,4,la Torrassa,245,18-24,43,51,94
2020,4,Districte IV,7,la Florida,423,16-17,12,10,22
2020,5,Districte V,10,Pubilla Cases,538,12-15,19,30,49
2020,3,Districte III,6,Santa Eulàlia,303,75 i +,158,117,275
2020,4,Districte IV,7,la Florida,432,12-15,31,24,55
2020,5,Districte V,10,Pubilla Cases,520,16-17,5,12,17
2020,1,Districte I,2,Sanfeliu,129,16-17,13,11,24
2020,4,Districte IV,8,les Planes,435,35-49,136,173,309
2020,4,Districte IV,7,la Florida,425,50-64,115,113,228
2020,6,Districte VI,12,Bellvitge,611,16-17,23,19,42
2020,1,Districte I,3,Sant Josep,140,12-15,16,24,40
2020,5,Districte V,10,Pubilla Cases,530,18-24,58,70,128
2020,3,Districte III,6,Santa Eulàlia,329,35-49,273,254,527
2020,2,Districte II,4,la Torrassa,238,35-49,129,140,269
2020,1,Districte I,3,Sant Josep,117,25-34,102,89,191
2020,3,Districte III,13,Granvia Sud,320,00-02,10,16,26
2020,2,Districte II,4,la Torrassa,217,75 i +,71,44,115
2020,5,Districte V,10,Pubilla Cases,523,12-15,24,29,53
2020,3,Districte III,6,Santa Eulàlia,314,35-49,287,297,584
2020,2,Districte II,5,Collblanc,223,50-64,127,110,237
2020,2,Districte II,5,Collblanc,210,03-11,29,31,60
2020,5,Districte V,10,Pubilla Cases,525,00-02,13,12,25
2020,5,Districte V,9,Can Serra,535,00-02,7,6,13
2020,3,Districte III,6,Santa Eulàlia,324,75 i +,44,25,69
2020,4,Districte IV,7,la Florida,404,65-74,64,52,116
2020,4,Districte IV,7,la Florida,422,25-34,98,95,193
2020,5,Districte V,10,Pubilla Cases,532,03-11,54,66,120
2020,2,Districte II,4,la Torrassa,217,18-24,54,65,119
2020,5,Districte V,10,Pubilla Cases,513,18-24,56,73,129
2020,3,Districte III,6,Santa Eulàlia,326,12-15,35,30,65
2020,4,Districte IV,7,la Florida,409,75 i +,118,87,205
2020,4,Districte IV,8,les Planes,420,25-34,170,184,354
2020,2,Districte II,4,la Torrassa,233,35-49,146,144,290
2020,2,Districte II,5,Collblanc,208,75 i +,209,104,313
2020,4,Districte IV,8,les Planes,437,25-34,120,123,243
2020,5,Districte V,10,Pubilla Cases,534,12-15,14,21,35
2020,1,Districte I,3,Sant Josep,138,50-64,98,65,163
2020,2,Districte II,4,la Torrassa,236,18-24,28,40,68
2020,2,Districte II,4,la Torrassa,247,75 i +,73,48,121
2020,5,Districte V,10,Pubilla Cases,510,18-24,45,41,86
2020,1,Districte I,1,Centre,103,16-17,5,5,10
2020,2,Districte II,4,la Torrassa,238,75 i +,52,38,90
2020,6,Districte VI,12,Bellvitge,611,18-24,57,56,113
2020,3,Districte III,6,Santa Eulàlia,302,25-34,102,96,198
2020,6,Districte VI,12,Bellvitge,601,25-34,105,129,234
2020,4,Districte IV,8,les Planes,437,18-24,70,92,162
2020,4,Districte IV,7,la Florida,431,35-49,225,246,471
2020,1,Districte I,3,Sant Josep,127,12-15,17,19,36
2020,5,Districte V,10,Pubilla Cases,529,12-15,26,34,60
2020,4,Districte IV,8,les Planes,440,12-15,15,16,31
2020,4,Districte IV,8,les Planes,433,75 i +,62,40,102
2020,4,Districte IV,7,la Florida,410,25-34,97,107,204
2020,2,Districte II,4,la Torrassa,232,12-15,9,22,31
2020,6,Districte VI,11,el Gornal,616,03-11,94,98,192
2020,5,Districte V,10,Pubilla Cases,513,03-11,78,92,170
2020,3,Districte III,6,Santa Eulàlia,314,75 i +,96,74,170
2020,5,Districte V,10,Pubilla Cases,538,50-64,138,118,256
2020,1,Districte I,3,Sant Josep,140,00-02,11,14,25
2020,5,Districte V,10,Pubilla Cases,510,35-49,114,137,251
2020,5,Districte V,10,Pubilla Cases,513,75 i +,102,64,166
2020,4,Districte IV,7,la Florida,430,25-34,98,94,192
2020,3,Districte III,6,Santa Eulàlia,311,50-64,145,146,291
2020,3,Districte III,6,Santa Eulàlia,325,18-24,59,68,127
2020,2,Districte II,5,Collblanc,213,25-34,75,91,166
2020,5,Districte V,9,Can Serra,507,18-24,23,44,67
2020,1,Districte I,1,Centre,103,12-15,13,9,22
2020,6,Districte VI,11,el Gornal,616,35-49,256,226,482
2020,5,Districte V,9,Can Serra,506,18-24,54,67,121
2020,3,Districte III,6,Santa Eulàlia,315,75 i +,74,58,132
2020,5,Districte V,10,Pubilla Cases,518,12-15,26,22,48
2020,6,Districte VI,12,Bellvitge,624,12-15,22,30,52
2020,1,Districte I,3,Sant Josep,125,50-64,154,160,314
2020,1,Districte I,1,Centre,128,25-34,70,75,145
2020,3,Districte III,6,Santa Eulàlia,310,18-24,34,31,65
2020,6,Districte VI,12,Bellvitge,602,18-24,43,54,97
2020,1,Districte I,3,Sant Josep,138,12-15,8,15,23
2020,6,Districte VI,11,el Gornal,632,35-49,109,125,234
2020,3,Districte III,13,Granvia Sud,312,03-11,69,65,134
2020,2,Districte II,5,Collblanc,208,16-17,10,12,22
2020,2,Districte II,4,la Torrassa,243,00-02,18,19,37
2020,5,Districte V,10,Pubilla Cases,524,25-34,106,129,235
2020,2,Districte II,5,Collblanc,216,25-34,104,91,195
2020,1,Districte I,3,Sant Josep,121,50-64,94,99,193
2020,2,Districte II,4,la Torrassa,242,12-15,12,26,38
2020,6,Districte VI,12,Bellvitge,627,50-64,84,69,153
2020,6,Districte VI,12,Bellvitge,613,65-74,69,28,97
2020,1,Districte I,1,Centre,104,18-24,30,33,63
2020,1,Districte I,1,Centre,102,12-15,31,25,56
2020,6,Districte VI,11,el Gornal,616,50-64,250,223,473
2020,4,Districte IV,7,la Florida,404,12-15,35,21,56
2020,4,Districte IV,7,la Florida,403,65-74,72,42,114
2020,3,Districte III,6,Santa Eulàlia,308,65-74,126,114,240
2020,2,Districte II,5,Collblanc,202,00-02,30,26,56
2020,6,Districte VI,12,Bellvitge,610,18-24,39,50,89
2020,1,Districte I,3,Sant Josep,138,35-49,84,77,161
2020,6,Districte VI,11,el Gornal,616,18-24,84,101,185
2020,3,Districte III,6,Santa Eulàlia,310,65-74,51,57,108
2020,3,Districte III,6,Santa Eulàlia,321,25-34,116,158,274
2020,3,Districte III,13,Granvia Sud,320,18-24,61,50,111
2020,3,Districte III,6,Santa Eulàlia,320,75 i +,3,5,8
2020,4,Districte IV,7,la Florida,406,12-15,16,30,46
2020,2,Districte II,4,la Torrassa,211,75 i +,77,41,118
2020,3,Districte III,6,Santa Eulàlia,304,16-17,17,8,25
2020,5,Districte V,9,Can Serra,503,00-02,3,4,7
2020,4,Districte IV,7,la Florida,411,12-15,14,18,32
2020,3,Districte III,6,Santa Eulàlia,303,35-49,206,205,411
2020,5,Districte V,9,Can Serra,502,25-34,97,87,184
2020,1,Districte I,3,Sant Josep,120,65-74,117,108,225
2020,2,Districte II,4,la Torrassa,237,25-34,112,113,225
2020,2,Districte II,4,la Torrassa,211,65-74,33,31,64
2020,3,Districte III,6,Santa Eulàlia,313,75 i +,107,75,182
2020,3,Districte III,6,Santa Eulàlia,314,00-02,19,30,49
2020,2,Districte II,4,la Torrassa,217,12-15,20,24,44
2020,1,Districte I,3,Sant Josep,115,18-24,50,48,98
2020,6,Districte VI,12,Bellvitge,625,00-02,11,6,17
2020,2,Districte II,4,la Torrassa,231,35-49,184,192,376
2020,4,Districte IV,8,les Planes,436,00-02,24,34,58
2020,5,Districte V,10,Pubilla Cases,511,25-34,187,194,381
2020,5,Districte V,9,Can Serra,505,25-34,68,54,122
2020,2,Districte II,4,la Torrassa,246,65-74,43,35,78
2020,4,Districte IV,7,la Florida,416,18-24,60,61,121
2020,3,Districte III,6,Santa Eulàlia,320,16-17,0,1,1
2020,5,Districte V,10,Pubilla Cases,538,00-02,9,15,24
2020,4,Districte IV,8,les Planes,440,25-34,58,80,138
2020,6,Districte VI,12,Bellvitge,601,03-11,67,87,154
2020,5,Districte V,10,Pubilla Cases,508,12-15,36,40,76
2020,3,Districte III,6,Santa Eulàlia,311,03-11,73,89,162
2020,1,Districte I,2,Sanfeliu,129,18-24,29,52,81
2020,6,Districte VI,12,Bellvitge,611,03-11,74,83,157
2020,1,Districte I,1,Centre,101,35-49,210,231,441
2020,1,Districte I,3,Sant Josep,140,03-11,52,44,96
2020,4,Districte IV,7,la Florida,423,25-34,99,81,180
2020,6,Districte VI,12,Bellvitge,631,35-49,114,108,222
2020,1,Districte I,2,Sanfeliu,129,35-49,129,129,258
2020,6,Districte VI,12,Bellvitge,625,12-15,13,19,32
2020,1,Districte I,1,Centre,124,16-17,10,6,16
2020,1,Districte I,1,Centre,108,03-11,62,67,129
2020,3,Districte III,6,Santa Eulàlia,302,50-64,133,117,250
2020,4,Districte IV,8,les Planes,441,16-17,22,24,46
2020,4,Districte IV,8,les Planes,419,00-02,23,37,60
2020,2,Districte II,5,Collblanc,205,16-17,9,11,20
2020,1,Districte I,3,Sant Josep,125,16-17,13,15,28
2020,3,Districte III,6,Santa Eulàlia,325,03-11,51,67,118
2020,1,Districte I,3,Sant Josep,127,65-74,29,31,60
2020,2,Districte II,4,la Torrassa,242,18-24,49,64,113
2020,1,Districte I,3,Sant Josep,137,75 i +,76,68,144
2020,3,Districte III,6,Santa Eulàlia,317,75 i +,40,24,64
2020,4,Districte IV,7,la Florida,407,25-34,89,89,178
2020,3,Districte III,6,Santa Eulàlia,329,03-11,105,118,223
2020,3,Districte III,6,Santa Eulàlia,311,65-74,69,41,110
2020,4,Districte IV,8,les Planes,401,16-17,15,10,25
2020,4,Districte IV,7,la Florida,414,03-11,97,94,191
2020,6,Districte VI,12,Bellvitge,612,65-74,48,33,81
2020,3,Districte III,6,Santa Eulàlia,313,50-64,208,151,359
2020,6,Districte VI,12,Bellvitge,611,65-74,66,46,112
2020,1,Districte I,1,Centre,110,03-11,39,38,77
2020,4,Districte IV,8,les Planes,435,50-64,96,118,214
2020,5,Districte V,10,Pubilla Cases,524,00-02,25,19,44
2020,5,Districte V,10,Pubilla Cases,528,65-74,49,36,85
2020,2,Districte II,4,la Torrassa,228,25-34,200,188,388
2020,3,Districte III,6,Santa Eulàlia,314,16-17,17,21,38
2020,6,Districte VI,12,Bellvitge,630,16-17,9,8,17
2020,4,Districte IV,8,les Planes,433,35-49,223,225,448
2020,6,Districte VI,11,el Gornal,626,65-74,62,46,108
2020,3,Districte III,6,Santa Eulàlia,304,18-24,45,52,97
2020,5,Districte V,10,Pubilla Cases,529,65-74,41,33,74
2020,6,Districte VI,11,el Gornal,626,35-49,104,101,205
2020,6,Districte VI,12,Bellvitge,601,12-15,42,43,85
2020,3,Districte III,6,Santa Eulàlia,329,75 i +,20,24,44
2020,5,Districte V,10,Pubilla Cases,538,75 i +,98,54,152
2020,1,Districte I,3,Sant Josep,125,65-74,105,77,182
2020,1,Districte I,2,Sanfeliu,116,12-15,32,18,50
2020,6,Districte VI,12,Bellvitge,607,75 i +,122,87,209
2020,1,Districte I,1,Centre,104,65-74,41,30,71
2020,5,Districte V,9,Can Serra,502,12-15,26,24,50
2020,6,Districte VI,12,Bellvitge,623,12-15,33,33,66
2020,4,Districte IV,7,la Florida,416,50-64,127,137,264
2020,5,Districte V,10,Pubilla Cases,518,65-74,49,38,87
2020,4,Districte IV,7,la Florida,405,75 i +,148,87,235
2020,4,Districte IV,7,la Florida,412,12-15,26,31,57
2020,1,Districte I,1,Centre,113,65-74,136,119,255
2020,4,Districte IV,7,la Florida,410,50-64,177,157,334
2020,6,Districte VI,12,Bellvitge,623,75 i +,106,82,188
2020,4,Districte IV,8,les Planes,440,16-17,14,9,23
2020,1,Districte I,2,Sanfeliu,132,35-49,276,306,582
2020,5,Districte V,10,Pubilla Cases,511,65-74,85,50,135
2020,3,Districte III,6,Santa Eulàlia,319,18-24,58,68,126
2020,6,Districte VI,12,Bellvitge,618,50-64,138,119,257
2020,3,Districte III,6,Santa Eulàlia,324,18-24,45,43,88
2020,4,Districte IV,7,la Florida,404,25-34,107,103,210
2020,4,Districte IV,7,la Florida,416,00-02,19,26,45
2020,5,Districte V,10,Pubilla Cases,508,00-02,20,25,45
2020,1,Districte I,3,Sant Josep,115,00-02,10,10,20
2020,6,Districte VI,12,Bellvitge,621,16-17,14,16,30
2020,5,Districte V,9,Can Serra,501,35-49,98,116,214
2020,6,Districte VI,11,el Gornal,626,12-15,14,14,28
2020,1,Districte I,1,Centre,141,25-34,61,65,126
2020,3,Districte III,6,Santa Eulàlia,326,16-17,15,9,24
2020,5,Districte V,9,Can Serra,502,35-49,182,166,348
2020,3,Districte III,6,Santa Eulàlia,327,50-64,144,125,269
2020,4,Districte IV,8,les Planes,419,65-74,65,46,111
2020,2,Districte II,5,Collblanc,221,65-74,80,59,139
2020,5,Districte V,10,Pubilla Cases,508,50-64,143,140,283
2020,5,Districte V,9,Can Serra,501,18-24,40,38,78
2020,1,Districte I,3,Sant Josep,121,03-11,36,45,81
2020,6,Districte VI,11,el Gornal,617,75 i +,66,42,108
2020,1,Districte I,3,Sant Josep,106,35-49,179,183,362
2020,1,Districte I,1,Centre,128,35-49,155,152,307
2020,2,Districte II,4,la Torrassa,229,50-64,184,178,362
2020,5,Districte V,10,Pubilla Cases,531,35-49,121,132,253
2020,6,Districte VI,12,Bellvitge,609,25-34,41,36,77
2020,5,Districte V,10,Pubilla Cases,525,16-17,7,6,13
2020,1,Districte I,1,Centre,131,65-74,114,94,208
2020,6,Districte VI,12,Bellvitge,610,03-11,43,48,91
2020,1,Districte I,3,Sant Josep,121,12-15,12,22,34
2020,1,Districte I,3,Sant Josep,136,16-17,12,13,25
2020,2,Districte II,4,la Torrassa,240,18-24,72,74,146
2020,3,Districte III,6,Santa Eulàlia,319,35-49,245,229,474
2020,4,Districte IV,8,les Planes,437,16-17,15,21,36
2020,2,Districte II,4,la Torrassa,236,35-49,122,124,246
2020,6,Districte VI,12,Bellvitge,618,35-49,84,90,174
2020,5,Districte V,10,Pubilla Cases,518,35-49,141,137,278
2020,6,Districte VI,12,Bellvitge,613,25-34,56,59,115
2020,4,Districte IV,7,la Florida,432,18-24,48,67,115
2020,3,Districte III,6,Santa Eulàlia,326,75 i +,8,9,17
2020,6,Districte VI,11,el Gornal,632,18-24,39,27,66
2020,3,Districte III,6,Santa Eulàlia,323,50-64,191,171,362
2020,1,Districte I,1,Centre,111,12-15,14,18,32
2020,5,Districte V,10,Pubilla Cases,526,35-49,287,292,579
2020,2,Districte II,4,la Torrassa,238,25-34,83,102,185
2020,5,Districte V,10,Pubilla Cases,508,18-24,70,52,122
2020,3,Districte III,6,Santa Eulàlia,301,03-11,53,48,101
2020,1,Districte I,3,Sant Josep,136,00-02,10,14,24
2020,3,Districte III,6,Santa Eulàlia,316,03-11,54,83,137
2020,2,Districte II,5,Collblanc,220,16-17,16,19,35
2020,1,Districte I,3,Sant Josep,115,75 i +,71,52,123
2020,4,Districte IV,8,les Planes,436,65-74,50,56,106
2020,2,Districte II,5,Collblanc,223,00-02,14,15,29
2020,5,Districte V,9,Can Serra,521,00-02,11,11,22
2020,3,Districte III,13,Granvia Sud,320,25-34,68,67,135
2020,5,Districte V,10,Pubilla Cases,511,35-49,296,312,608
2020,3,Districte III,13,Granvia Sud,320,16-17,29,18,47
2020,3,Districte III,6,Santa Eulàlia,318,25-34,38,49,87
2020,5,Districte V,10,Pubilla Cases,526,65-74,58,50,108
2020,2,Districte II,4,la Torrassa,229,65-74,53,33,86
2020,4,Districte IV,8,les Planes,420,12-15,47,35,82
2020,2,Districte II,5,Collblanc,205,75 i +,69,42,111
2020,3,Districte III,6,Santa Eulàlia,303,50-64,131,127,258
2020,5,Districte V,10,Pubilla Cases,520,25-34,58,68,126
2020,1,Districte I,1,Centre,131,50-64,120,112,232
2020,3,Districte III,6,Santa Eulàlia,315,50-64,198,172,370
2020,2,Districte II,5,Collblanc,202,50-64,164,163,327
2020,3,Districte III,6,Santa Eulàlia,310,35-49,108,126,234
2020,3,Districte III,6,Santa Eulàlia,325,16-17,18,15,33
2020,1,Districte I,3,Sant Josep,120,75 i +,67,57,124
2020,5,Districte V,9,Can Serra,503,50-64,94,60,154
2020,3,Districte III,6,Santa Eulàlia,329,00-02,21,30,51
2020,4,Districte IV,7,la Florida,405,16-17,13,13,26
2020,2,Districte II,5,Collblanc,205,00-02,11,5,16
2020,6,Districte VI,12,Bellvitge,621,50-64,124,97,221
2020,6,Districte VI,12,Bellvitge,601,00-02,21,12,33
2020,1,Districte I,3,Sant Josep,127,03-11,27,26,53
2020,1,Districte I,3,Sant Josep,126,18-24,44,37,81
2020,1,Districte I,3,Sant Josep,121,16-17,12,4,16
2020,1,Districte I,3,Sant Josep,139,12-15,14,20,34
2020,5,Districte V,9,Can Serra,507,50-64,77,77,154
2020,2,Districte II,5,Collblanc,221,25-34,166,171,337
2020,5,Districte V,10,Pubilla Cases,532,12-15,24,25,49
2020,6,Districte VI,12,Bellvitge,607,16-17,12,4,16
2020,1,Districte I,1,Centre,113,03-11,75,80,155
2020,4,Districte IV,7,la Florida,411,00-02,10,9,19
2020,1,Districte I,3,Sant Josep,120,03-11,67,53,120
2020,4,Districte IV,7,la Florida,414,00-02,29,26,55
2020,5,Districte V,10,Pubilla Cases,532,25-34,131,100,231
2020,1,Districte I,1,Centre,133,03-11,38,32,70
2020,6,Districte VI,12,Bellvitge,623,16-17,8,21,29
2020,2,Districte II,5,Collblanc,220,25-34,163,157,320
2020,6,Districte VI,12,Bellvitge,619,12-15,19,25,44
2020,4,Districte IV,7,la Florida,423,65-74,41,34,75
2020,4,Districte IV,7,la Florida,426,75 i +,41,24,65
2020,2,Districte II,4,la Torrassa,243,50-64,184,169,353
2020,6,Districte VI,12,Bellvitge,606,12-15,26,20,46
2020,4,Districte IV,7,la Florida,411,16-17,6,14,20
2020,6,Districte VI,12,Bellvitge,619,03-11,49,50,99
2020,2,Districte II,4,la Torrassa,247,03-11,59,72,131
2020,2,Districte II,4,la Torrassa,211,50-64,132,113,245
2020,1,Districte I,3,Sant Josep,114,03-11,44,66,110
2020,6,Districte VI,12,Bellvitge,623,25-34,64,62,126
2020,5,Districte V,9,Can Serra,502,03-11,80,71,151
2020,4,Districte IV,7,la Florida,426,25-34,90,84,174
2020,6,Districte VI,11,el Gornal,632,00-02,3,8,11
2020,5,Districte V,9,Can Serra,505,18-24,22,27,49
2020,4,Districte IV,7,la Florida,425,35-49,136,117,253
2020,4,Districte IV,8,les Planes,441,12-15,33,37,70
2020,5,Districte V,9,Can Serra,505,12-15,22,23,45
2020,5,Districte V,9,Can Serra,521,75 i +,94,87,181
2020,5,Districte V,10,Pubilla Cases,537,75 i +,92,63,155
2020,4,Districte IV,8,les Planes,441,00-02,25,23,48
2020,2,Districte II,4,la Torrassa,228,50-64,189,207,396
2020,1,Districte I,1,Centre,107,35-49,183,201,384
2020,1,Districte I,3,Sant Josep,126,12-15,15,18,33
2020,2,Districte II,4,la Torrassa,231,18-24,68,77,145
2020,2,Districte II,5,Collblanc,204,00-02,20,25,45
2020,2,Districte II,4,la Torrassa,229,12-15,32,54,86
2020,4,Districte IV,7,la Florida,407,03-11,47,59,106
2020,3,Districte III,6,Santa Eulàlia,325,50-64,212,170,382
2020,6,Districte VI,12,Bellvitge,627,00-02,7,10,17
2020,6,Districte VI,12,Bellvitge,613,00-02,15,11,26
2020,6,Districte VI,11,el Gornal,632,65-74,48,38,86
2020,5,Districte V,10,Pubilla Cases,514,03-11,55,60,115
2020,1,Districte I,1,Centre,131,35-49,143,159,302
2020,4,Districte IV,8,les Planes,440,75 i +,85,77,162
2020,4,Districte IV,7,la Florida,405,18-24,91,99,190
2020,1,Districte I,3,Sant Josep,117,50-64,219,206,425
2020,2,Districte II,4,la Torrassa,249,16-17,7,8,15
2020,5,Districte V,10,Pubilla Cases,518,00-02,17,20,37
2020,1,Districte I,1,Centre,128,12-15,19,26,45
2020,5,Districte V,9,Can Serra,504,25-34,69,50,119
2020,1,Districte I,3,Sant Josep,119,12-15,21,20,41
2020,2,Districte II,4,la Torrassa,234,25-34,101,119,220
2020,1,Districte I,1,Centre,109,00-02,10,7,17
2020,2,Districte II,5,Collblanc,210,00-02,6,6,12
2020,2,Districte II,4,la Torrassa,238,00-02,13,15,28
2020,1,Districte I,1,Centre,113,12-15,32,43,75
2020,1,Districte I,1,Centre,131,12-15,21,26,47
2020,1,Districte I,1,Centre,135,18-24,53,42,95
2020,3,Districte III,13,Granvia Sud,312,35-49,259,265,524
2020,5,Districte V,10,Pubilla Cases,513,35-49,202,196,398
2020,6,Districte VI,12,Bellvitge,614,35-49,98,107,205
2020,2,Districte II,4,la Torrassa,246,00-02,15,18,33
2020,4,Districte IV,7,la Florida,402,00-02,15,16,31
2020,1,Districte I,3,Sant Josep,140,16-17,6,15,21
2020,6,Districte VI,12,Bellvitge,606,75 i +,80,54,134
2020,4,Districte IV,7,la Florida,421,50-64,132,117,249
2020,3,Districte III,6,Santa Eulàlia,322,16-17,10,19,29
2020,2,Districte II,5,Collblanc,212,18-24,70,73,143
2020,4,Districte IV,7,la Florida,410,16-17,10,17,27
2020,2,Districte II,4,la Torrassa,246,03-11,64,47,111
2020,6,Districte VI,11,el Gornal,608,03-11,56,49,105
2020,1,Districte I,1,Centre,123,16-17,13,13,26
2020,2,Districte II,5,Collblanc,209,12-15,20,15,35
2020,6,Districte VI,12,Bellvitge,615,03-11,32,29,61
2020,4,Districte IV,7,la Florida,421,16-17,15,6,21
2020,2,Districte II,4,la Torrassa,245,50-64,100,108,208
2020,1,Districte I,1,Centre,124,12-15,17,26,43
2020,4,Districte IV,7,la Florida,407,65-74,41,22,63
2020,1,Districte I,1,Centre,102,75 i +,149,118,267
2020,1,Districte I,1,Centre,111,50-64,94,76,170
2020,2,Districte II,4,la Torrassa,233,00-02,17,10,27
2020,6,Districte VI,12,Bellvitge,605,25-34,78,67,145
2020,2,Districte II,5,Collblanc,224,18-24,52,52,104
2020,6,Districte VI,12,Bellvitge,615,35-49,102,88,190
2020,5,Districte V,10,Pubilla Cases,510,25-34,69,74,143
2020,4,Districte IV,7,la Florida,412,03-11,43,67,110
2020,5,Districte V,10,Pubilla Cases,518,18-24,40,47,87
2020,5,Districte V,9,Can Serra,504,12-15,12,21,33
2020,5,Districte V,10,Pubilla Cases,518,16-17,7,12,19
2020,5,Districte V,10,Pubilla Cases,513,16-17,15,13,28
2020,5,Districte V,9,Can Serra,521,18-24,21,27,48
2020,3,Districte III,6,Santa Eulàlia,306,18-24,60,66,126
2020,2,Districte II,4,la Torrassa,236,65-74,44,30,74
2020,6,Districte VI,11,el Gornal,626,00-02,7,15,22
2020,1,Districte I,3,Sant Josep,121,00-02,6,18,24
2020,1,Districte I,1,Centre,109,16-17,10,7,17
2020,4,Districte IV,7,la Florida,402,50-64,90,79,169
2020,4,Districte IV,8,les Planes,437,35-49,208,206,414
2020,1,Districte I,1,Centre,133,16-17,5,8,13
2020,2,Districte II,4,la Torrassa,231,03-11,68,73,141
2020,1,Districte I,1,Centre,112,35-49,206,192,398
2020,6,Districte VI,12,Bellvitge,601,18-24,57,67,124
2020,1,Districte I,1,Centre,130,75 i +,100,51,151
2020,3,Districte III,6,Santa Eulàlia,322,12-15,39,31,70
2020,1,Districte I,3,Sant Josep,115,16-17,11,13,24
2020,3,Districte III,6,Santa Eulàlia,304,50-64,149,156,305
2020,5,Districte V,10,Pubilla Cases,526,18-24,88,74,162
2020,3,Districte III,6,Santa Eulàlia,329,50-64,150,146,296
2020,2,Districte II,4,la Torrassa,234,75 i +,59,40,99
2020,5,Districte V,10,Pubilla Cases,531,12-15,16,19,35
2020,5,Districte V,10,Pubilla Cases,534,18-24,33,43,76
2020,6,Districte VI,12,Bellvitge,607,50-64,109,98,207
2020,6,Districte VI,11,el Gornal,608,18-24,47,43,90
2020,1,Districte I,3,Sant Josep,119,18-24,27,32,59
2020,4,Districte IV,8,les Planes,436,35-49,191,223,414
2020,4,Districte IV,7,la Florida,403,00-02,13,11,24
2020,3,Districte III,6,Santa Eulàlia,325,00-02,14,13,27
2020,5,Districte V,10,Pubilla Cases,532,00-02,19,18,37
2020,1,Districte I,1,Centre,135,50-64,161,148,309
2020,2,Districte II,5,Collblanc,208,18-24,58,63,121
2020,4,Districte IV,8,les Planes,401,00-02,16,10,26
2020,6,Districte VI,12,Bellvitge,621,03-11,50,55,105
2020,3,Districte III,6,Santa Eulàlia,319,00-02,18,26,44
2020,1,Districte I,1,Centre,105,16-17,15,10,25
2020,4,Districte IV,7,la Florida,416,12-15,27,39,66
2020,6,Districte VI,12,Bellvitge,602,03-11,49,62,111
2020,6,Districte VI,12,Bellvitge,613,35-49,139,132,271
2020,2,Districte II,4,la Torrassa,234,18-24,40,51,91
2020,2,Districte II,5,Collblanc,209,50-64,137,101,238
2020,2,Districte II,4,la Torrassa,237,00-02,21,21,42
2020,1,Districte I,3,Sant Josep,127,50-64,103,85,188
2020,4,Districte IV,7,la Florida,410,75 i +,160,108,268
2020,1,Districte I,3,Sant Josep,125,75 i +,82,72,154
2020,4,Districte IV,8,les Planes,435,00-02,14,22,36
2020,4,Districte IV,7,la Florida,412,75 i +,137,97,234
2020,1,Districte I,3,Sant Josep,115,65-74,84,68,152
2020,1,Districte I,1,Centre,109,03-11,49,40,89
2020,1,Districte I,2,Sanfeliu,116,18-24,60,55,115
2020,6,Districte VI,12,Bellvitge,619,16-17,14,10,24
2020,4,Districte IV,8,les Planes,401,25-34,104,99,203
2020,2,Districte II,5,Collblanc,208,35-49,160,166,326
2020,1,Districte I,1,Centre,111,35-49,82,87,169
2020,2,Districte II,4,la Torrassa,233,75 i +,58,26,84
2020,5,Districte V,9,Can Serra,503,35-49,76,76,152
2020,2,Districte II,5,Collblanc,214,75 i +,112,64,176
2020,2,Districte II,4,la Torrassa,248,65-74,45,40,85
2020,3,Districte III,6,Santa Eulàlia,311,25-34,117,106,223
2020,3,Districte III,6,Santa Eulàlia,325,75 i +,182,109,291
2020,6,Districte VI,12,Bellvitge,612,16-17,7,12,19
2020,4,Districte IV,8,les Planes,419,12-15,36,51,87
2020,1,Districte I,3,Sant Josep,117,12-15,35,38,73
2020,1,Districte I,3,Sant Josep,136,12-15,23,24,47
2020,4,Districte IV,7,la Florida,414,16-17,14,16,30
2020,3,Districte III,6,Santa Eulàlia,323,35-49,215,221,436
2020,6,Districte VI,12,Bellvitge,610,16-17,12,12,24
2020,5,Districte V,10,Pubilla Cases,532,16-17,17,16,33
2020,2,Districte II,4,la Torrassa,228,03-11,115,92,207
2020,1,Districte I,1,Centre,102,18-24,50,52,102
2020,2,Districte II,5,Collblanc,224,75 i +,71,23,94
2020,6,Districte VI,11,el Gornal,626,25-34,45,47,92
2020,4,Districte IV,7,la Florida,406,00-02,19,24,43
2020,4,Districte IV,7,la Florida,414,12-15,47,43,90
2020,4,Districte IV,8,les Planes,436,50-64,164,160,324
2020,2,Districte II,5,Collblanc,212,75 i +,75,45,120
2020,6,Districte VI,12,Bellvitge,610,50-64,106,96,202
2020,4,Districte IV,7,la Florida,411,03-11,39,35,74
2020,1,Districte I,1,Centre,109,18-24,43,37,80
2020,2,Districte II,5,Collblanc,212,50-64,133,121,254
2020,1,Districte I,2,Sanfeliu,129,03-11,33,51,84
2020,1,Districte I,3,Sant Josep,137,25-34,76,76,152
2020,2,Districte II,4,la Torrassa,234,65-74,32,18,50
2020,3,Districte III,6,Santa Eulàlia,322,03-11,47,74,121
2020,2,Districte II,5,Collblanc,214,00-02,35,29,64
2020,2,Districte II,5,Collblanc,216,00-02,7,17,24
2020,5,Districte V,10,Pubilla Cases,510,50-64,113,110,223
2020,6,Districte VI,12,Bellvitge,613,12-15,19,26,45
2020,3,Districte III,6,Santa Eulàlia,315,65-74,93,93,186
2020,4,Districte IV,8,les Planes,435,65-74,39,33,72
2020,1,Districte I,3,Sant Josep,138,03-11,28,28,56
2020,4,Districte IV,7,la Florida,423,50-64,113,85,198
2020,1,Districte I,3,Sant Josep,121,25-34,53,53,106
2020,5,Districte V,10,Pubilla Cases,532,50-64,129,101,230
2020,6,Districte VI,11,el Gornal,622,00-02,11,4,15
2020,2,Districte II,4,la Torrassa,231,50-64,133,122,255
2020,6,Districte VI,11,el Gornal,622,50-64,87,87,174
2020,2,Districte II,4,la Torrassa,232,75 i +,78,51,129
2020,1,Districte I,1,Centre,103,50-64,83,77,160
2020,2,Districte II,4,la Torrassa,229,35-49,261,266,527
2020,1,Districte I,1,Centre,141,16-17,26,19,45
2020,1,Districte I,1,Centre,113,50-64,172,151,323
2020,5,Districte V,10,Pubilla Cases,514,00-02,17,21,38
2020,1,Districte I,3,Sant Josep,114,65-74,100,77,177
2020,3,Districte III,13,Granvia Sud,312,65-74,103,53,156
2020,2,Districte II,5,Collblanc,214,35-49,319,321,640
2020,3,Districte III,6,Santa Eulàlia,316,50-64,258,169,427
2020,4,Districte IV,7,la Florida,409,16-17,16,26,42
2020,4,Districte IV,8,les Planes,419,75 i +,116,62,178
2020,3,Districte III,6,Santa Eulàlia,326,35-49,326,337,663
2020,2,Districte II,4,la Torrassa,211,03-11,68,64,132
2020,3,Districte III,6,Santa Eulàlia,328,16-17,54,15,69
2020,4,Districte IV,8,les Planes,420,50-64,226,208,434
2020,1,Districte I,3,Sant Josep,119,00-02,11,5,16
2020,2,Districte II,5,Collblanc,208,00-02,12,13,25
2020,1,Districte I,1,Centre,104,12-15,23,18,41
2020,6,Districte VI,11,el Gornal,617,03-11,36,52,88
2020,1,Districte I,3,Sant Josep,138,75 i +,57,44,101
2020,1,Districte I,1,Centre,123,00-02,12,10,22
2020,2,Districte II,4,la Torrassa,228,18-24,92,106,198
2020,4,Districte IV,7,la Florida,410,18-24,63,91,154
2020,4,Districte IV,8,les Planes,441,25-34,147,135,282
2020,1,Districte I,3,Sant Josep,119,75 i +,118,82,200
2020,1,Districte I,1,Centre,134,35-49,163,168,331
2020,1,Districte I,3,Sant Josep,119,03-11,41,30,71
2020,1,Districte I,3,Sant Josep,115,50-64,124,122,246
2020,5,Districte V,10,Pubilla Cases,523,16-17,16,16,32
2020,2,Districte II,4,la Torrassa,246,12-15,33,24,57
2020,4,Districte IV,8,les Planes,437,50-64,171,146,317
2020,3,Districte III,6,Santa Eulàlia,308,50-64,222,197,419
2020,2,Districte II,4,la Torrassa,247,18-24,57,49,106
2020,2,Districte II,5,Collblanc,226,03-11,85,83,168
2020,5,Districte V,10,Pubilla Cases,523,35-49,192,194,386
2020,1,Districte I,3,Sant Josep,137,03-11,54,54,108
2020,6,Districte VI,12,Bellvitge,627,03-11,24,34,58
2020,3,Districte III,6,Santa Eulàlia,320,18-24,13,7,20
2020,5,Districte V,10,Pubilla Cases,533,16-17,14,21,35
2020,1,Districte I,1,Centre,105,00-02,13,12,25
2020,1,Districte I,1,Centre,107,12-15,25,28,53
2020,3,Districte III,6,Santa Eulàlia,316,12-15,24,30,54
2020,4,Districte IV,7,la Florida,422,65-74,46,36,82
2020,3,Districte III,6,Santa Eulàlia,323,65-74,138,125,263
2020,1,Districte I,1,Centre,108,00-02,23,15,38
2020,5,Districte V,9,Can Serra,535,25-34,52,61,113
2020,5,Districte V,9,Can Serra,506,25-34,83,96,179
2020,2,Districte II,5,Collblanc,209,00-02,12,12,24
2020,5,Districte V,10,Pubilla Cases,520,75 i +,59,43,102
2020,1,Districte I,1,Centre,112,25-34,118,99,217
2020,6,Districte VI,12,Bellvitge,624,18-24,27,39,66
2020,4,Districte IV,7,la Florida,427,12-15,36,46,82
2020,6,Districte VI,12,Bellvitge,615,00-02,7,8,15
2020,3,Districte III,6,Santa Eulàlia,306,65-74,89,81,170
2020,1,Districte I,3,Sant Josep,137,12-15,41,32,73
2020,6,Districte VI,12,Bellvitge,618,65-74,76,50,126
2020,3,Districte III,6,Santa Eulàlia,313,12-15,34,37,71
2020,2,Districte II,5,Collblanc,224,00-02,14,13,27
2020,6,Districte VI,12,Bellvitge,623,65-74,120,80,200
2020,2,Districte II,4,la Torrassa,247,16-17,17,10,27
2020,1,Districte I,2,Sanfeliu,132,75 i +,123,87,210
2020,2,Districte II,5,Collblanc,224,35-49,164,155,319
2020,3,Districte III,6,Santa Eulàlia,313,16-17,19,20,39
2020,6,Districte VI,12,Bellvitge,601,65-74,107,88,195
2020,1,Districte I,1,Centre,134,65-74,67,58,125
2020,3,Districte III,6,Santa Eulàlia,306,12-15,26,35,61
2020,6,Districte VI,11,el Gornal,608,16-17,16,14,30
2020,5,Districte V,10,Pubilla Cases,529,35-49,190,161,351
2020,6,Districte VI,12,Bellvitge,630,12-15,9,13,22
2020,5,Districte V,10,Pubilla Cases,508,65-74,53,29,82
2020,2,Districte II,5,Collblanc,223,25-34,117,109,226
2020,6,Districte VI,12,Bellvitge,601,75 i +,170,130,300
2020,1,Districte I,1,Centre,124,00-02,13,7,20
2020,4,Districte IV,7,la Florida,422,75 i +,71,36,107
2020,1,Districte I,3,Sant Josep,122,25-34,62,52,114
2020,1,Districte I,2,Sanfeliu,132,25-34,167,176,343
2020,3,Districte III,6,Santa Eulàlia,320,65-74,5,6,11
2020,6,Districte VI,12,Bellvitge,624,03-11,44,38,82
2020,1,Districte I,1,Centre,110,16-17,8,11,19
2020,1,Districte I,2,Sanfeliu,118,50-64,162,126,288
2020,4,Districte IV,7,la Florida,402,65-74,32,24,56
2020,5,Districte V,10,Pubilla Cases,511,50-64,226,197,423
2020,2,Districte II,5,Collblanc,226,00-02,17,18,35
2020,6,Districte VI,11,el Gornal,616,16-17,20,21,41
2020,1,Districte I,1,Centre,110,75 i +,101,66,167
2020,5,Districte V,9,Can Serra,521,12-15,15,12,27
2020,3,Districte III,13,Granvia Sud,320,12-15,28,35,63
2020,1,Districte I,2,Sanfeliu,129,50-64,104,100,204
2020,6,Districte VI,12,Bellvitge,602,50-64,104,103,207
2020,3,Districte III,6,Santa Eulàlia,308,25-34,103,128,231
2020,4,Districte IV,7,la Florida,425,25-34,100,92,192
2020,2,Districte II,5,Collblanc,220,65-74,64,46,110
2020,1,Districte I,3,Sant Josep,106,00-02,9,10,19
2020,1,Districte I,3,Sant Josep,117,03-11,57,65,122
2020,3,Districte III,6,Santa Eulàlia,303,18-24,45,57,102
2020,3,Districte III,6,Santa Eulàlia,318,18-24,29,29,58
2020,3,Districte III,6,Santa Eulàlia,326,50-64,91,100,191
2020,3,Districte III,6,Santa Eulàlia,326,18-24,36,31,67
2020,2,Districte II,5,Collblanc,221,12-15,34,35,69
2020,1,Districte I,1,Centre,133,75 i +,61,33,94
2020,6,Districte VI,12,Bellvitge,607,18-24,32,34,66
2020,1,Districte I,1,Centre,104,03-11,38,46,84
2020,2,Districte II,5,Collblanc,223,65-74,51,36,87
2020,5,Districte V,10,Pubilla Cases,531,18-24,41,42,83
2020,3,Districte III,6,Santa Eulàlia,301,75 i +,160,95,255
2020,2,Districte II,5,Collblanc,207,12-15,34,27,61
2020,3,Districte III,6,Santa Eulàlia,317,50-64,97,98,195
2020,6,Districte VI,12,Bellvitge,613,03-11,46,46,92
2020,3,Districte III,13,Granvia Sud,320,75 i +,73,61,134
2020,3,Districte III,6,Santa Eulàlia,302,18-24,35,50,85
2020,2,Districte II,4,la Torrassa,234,16-17,9,5,14
2020,3,Districte III,13,Granvia Sud,312,50-64,172,171,343
2020,5,Districte V,9,Can Serra,521,65-74,107,62,169
2020,6,Districte VI,11,el Gornal,616,75 i +,83,43,126
2020,1,Districte I,3,Sant Josep,138,00-02,4,12,16
2020,1,Districte I,1,Centre,102,25-34,64,61,125
2020,5,Districte V,10,Pubilla Cases,514,35-49,182,195,377
2020,3,Districte III,6,Santa Eulàlia,304,03-11,103,112,215
2020,3,Districte III,13,Granvia Sud,320,03-11,49,54,103
2020,1,Districte I,3,Sant Josep,117,00-02,26,22,48
2020,5,Districte V,10,Pubilla Cases,529,75 i +,86,59,145
2020,5,Districte V,10,Pubilla Cases,526,00-02,32,25,57
2020,2,Districte II,5,Collblanc,220,75 i +,94,47,141
2020,3,Districte III,6,Santa Eulàlia,305,00-02,12,18,30
2020,2,Districte II,5,Collblanc,209,65-74,35,31,66
2020,2,Districte II,5,Collblanc,204,75 i +,111,52,163
2020,1,Districte I,1,Centre,111,16-17,3,6,9
2020,1,Districte I,1,Centre,111,25-34,43,36,79
2020,4,Districte IV,7,la Florida,403,12-15,17,20,37
2020,6,Districte VI,12,Bellvitge,602,25-34,60,59,119
2020,6,Districte VI,12,Bellvitge,612,75 i +,121,87,208
2020,1,Districte I,2,Sanfeliu,129,25-34,69,56,125
2020,1,Districte I,1,Centre,108,12-15,26,29,55
2020,4,Districte IV,7,la Florida,404,00-02,21,14,35
2020,1,Districte I,1,Centre,135,00-02,17,13,30
2020,6,Districte VI,12,Bellvitge,607,65-74,41,25,66
2020,2,Districte II,4,la Torrassa,242,03-11,57,55,112
2020,5,Districte V,9,Can Serra,505,03-11,34,37,71
2020,5,Districte V,9,Can Serra,501,16-17,7,11,18
2020,5,Districte V,9,Can Serra,501,75 i +,67,57,124
2020,2,Districte II,4,la Torrassa,245,03-11,57,58,115
2020,4,Districte IV,7,la Florida,405,35-49,246,237,483
2020,2,Districte II,4,la Torrassa,249,25-34,90,96,186
2020,3,Districte III,6,Santa Eulàlia,327,12-15,24,30,54
2020,6,Districte VI,12,Bellvitge,623,18-24,43,45,88
2020,3,Districte III,6,Santa Eulàlia,311,12-15,20,33,53
2020,3,Districte III,13,Granvia Sud,312,12-15,26,37,63
2020,3,Districte III,6,Santa Eulàlia,321,18-24,82,77,159
2020,4,Districte IV,7,la Florida,412,65-74,101,79,180
2020,2,Districte II,5,Collblanc,210,12-15,21,12,33
2020,5,Districte V,10,Pubilla Cases,528,16-17,11,11,22
2020,2,Districte II,5,Collblanc,221,18-24,88,96,184
2020,2,Districte II,5,Collblanc,212,65-74,58,45,103
2020,1,Districte I,3,Sant Josep,120,50-64,210,185,395
2020,2,Districte II,5,Collblanc,226,25-34,134,167,301
2020,3,Districte III,6,Santa Eulàlia,313,35-49,213,219,432
2020,6,Districte VI,12,Bellvitge,623,00-02,8,14,22
2020,6,Districte VI,11,el Gornal,622,65-74,60,36,96
2020,1,Districte I,3,Sant Josep,117,65-74,143,111,254
2020,3,Districte III,6,Santa Eulàlia,311,18-24,60,73,133
2020,2,Districte II,4,la Torrassa,246,16-17,20,13,33
2020,2,Districte II,4,la Torrassa,236,75 i +,84,48,132
2020,6,Districte VI,11,el Gornal,608,35-49,126,154,280
2020,2,Districte II,5,Collblanc,226,18-24,71,82,153
2020,2,Districte II,4,la Torrassa,232,65-74,49,41,90
2020,2,Districte II,4,la Torrassa,239,75 i +,97,49,146
2020,3,Districte III,6,Santa Eulàlia,310,12-15,16,25,41
2020,5,Districte V,10,Pubilla Cases,534,75 i +,69,56,125
2020,4,Districte IV,7,la Florida,406,35-49,171,166,337
2020,1,Districte I,1,Centre,141,50-64,96,120,216
2020,2,Districte II,4,la Torrassa,242,16-17,8,8,16
2020,5,Districte V,9,Can Serra,502,16-17,12,17,29
2020,3,Districte III,13,Granvia Sud,320,35-49,167,182,349
2020,3,Districte III,6,Santa Eulàlia,318,75 i +,49,35,84
2020,1,Districte I,3,Sant Josep,106,50-64,197,147,344
2020,1,Districte I,1,Centre,131,16-17,7,8,15
2020,2,Districte II,5,Collblanc,207,35-49,250,241,491
2020,4,Districte IV,7,la Florida,416,65-74,52,44,96
2020,5,Districte V,9,Can Serra,507,12-15,14,17,31
2020,1,Districte I,1,Centre,102,35-49,139,154,293
2020,5,Districte V,10,Pubilla Cases,511,00-02,28,33,61
2020,6,Districte VI,12,Bellvitge,613,75 i +,141,102,243
2020,1,Districte I,3,Sant Josep,139,25-34,59,49,108
2020,6,Districte VI,12,Bellvitge,611,50-64,169,179,348
2020,6,Districte VI,12,Bellvitge,609,16-17,8,4,12
2020,1,Districte I,1,Centre,111,18-24,29,29,58
2020,2,Districte II,5,Collblanc,209,03-11,37,39,76
2020,4,Districte IV,7,la Florida,432,50-64,112,111,223
2020,4,Districte IV,7,la Florida,430,75 i +,61,34,95
2020,5,Districte V,10,Pubilla Cases,511,75 i +,147,95,242
2020,6,Districte VI,12,Bellvitge,618,12-15,21,26,47
2020,6,Districte VI,12,Bellvitge,627,18-24,29,19,48
2020,4,Districte IV,8,les Planes,440,50-64,93,93,186
2020,1,Districte I,1,Centre,135,75 i +,95,59,154
2020,1,Districte I,1,Centre,135,12-15,20,18,38
2020,1,Districte I,1,Centre,133,00-02,12,11,23
2020,1,Districte I,1,Centre,135,65-74,102,85,187
2020,2,Districte II,4,la Torrassa,233,18-24,34,50,84
2020,1,Districte I,1,Centre,107,16-17,18,21,39
2020,6,Districte VI,12,Bellvitge,631,25-34,59,53,112
2020,6,Districte VI,12,Bellvitge,611,00-02,15,14,29
2020,2,Districte II,5,Collblanc,212,00-02,20,18,38
2020,5,Districte V,10,Pubilla Cases,518,03-11,46,47,93
2020,5,Districte V,9,Can Serra,506,12-15,16,34,50
2020,6,Districte VI,12,Bellvitge,631,00-02,9,8,17
2020,1,Districte I,1,Centre,111,65-74,49,38,87
2020,2,Districte II,5,Collblanc,223,03-11,62,59,121
2020,4,Districte IV,7,la Florida,427,75 i +,88,33,121
2020,3,Districte III,6,Santa Eulàlia,301,00-02,9,9,18
2020,5,Districte V,10,Pubilla Cases,530,03-11,83,107,190
2020,2,Districte II,4,la Torrassa,239,35-49,172,152,324
2020,5,Districte V,10,Pubilla Cases,528,03-11,49,51,100
2020,2,Districte II,4,la Torrassa,237,18-24,52,66,118
2020,6,Districte VI,12,Bellvitge,607,12-15,12,19,31
2020,2,Districte II,4,la Torrassa,232,50-64,104,102,206
2020,6,Districte VI,12,Bellvitge,607,35-49,96,116,212
2020,6,Districte VI,11,el Gornal,616,65-74,126,117,243
2020,6,Districte VI,12,Bellvitge,606,00-02,5,19,24
2020,5,Districte V,10,Pubilla Cases,530,75 i +,99,55,154
2020,3,Districte III,6,Santa Eulàlia,321,03-11,53,80,133
2020,2,Districte II,4,la Torrassa,249,03-11,45,39,84
2020,4,Districte IV,7,la Florida,432,35-49,147,163,310
2020,4,Districte IV,7,la Florida,414,75 i +,89,62,151
2020,3,Districte III,6,Santa Eulàlia,301,25-34,80,91,171
2020,2,Districte II,5,Collblanc,210,18-24,37,37,74
2020,4,Districte IV,8,les Planes,441,18-24,67,72,139
2020,5,Districte V,10,Pubilla Cases,514,50-64,139,128,267
2020,1,Districte I,1,Centre,130,65-74,38,23,61
2020,6,Districte VI,12,Bellvitge,606,03-11,34,55,89
2020,5,Districte V,10,Pubilla Cases,511,12-15,48,47,95
2020,5,Districte V,9,Can Serra,507,65-74,42,30,72
2020,3,Districte III,6,Santa Eulàlia,309,35-49,191,200,391
2020,1,Districte I,3,Sant Josep,120,18-24,57,71,128
2020,2,Districte II,4,la Torrassa,240,25-34,165,165,330
2020,4,Districte IV,7,la Florida,431,16-17,20,23,43
2020,6,Districte VI,11,el Gornal,622,18-24,19,37,56
2020,5,Districte V,10,Pubilla Cases,514,18-24,72,66,138
2020,4,Districte IV,7,la Florida,431,50-64,137,119,256
2020,3,Districte III,6,Santa Eulàlia,314,18-24,73,57,130
2020,3,Districte III,6,Santa Eulàlia,302,35-49,179,178,357
2020,2,Districte II,5,Collblanc,204,03-11,60,80,140
2020,3,Districte III,6,Santa Eulàlia,302,65-74,128,93,221
2020,2,Districte II,4,la Torrassa,217,50-64,143,149,292
2020,1,Districte I,3,Sant Josep,119,25-34,54,59,113
2020,4,Districte IV,8,les Planes,440,65-74,59,46,105
2020,5,Districte V,10,Pubilla Cases,537,25-34,87,97,184
2020,2,Districte II,4,la Torrassa,236,16-17,7,5,12
2020,1,Districte I,3,Sant Josep,139,35-49,97,104,201
2020,4,Districte IV,7,la Florida,409,35-49,275,262,537
2020,1,Districte I,2,Sanfeliu,116,65-74,112,79,191
2020,4,Districte IV,7,la Florida,430,50-64,111,91,202
2020,3,Districte III,6,Santa Eulàlia,321,12-15,41,35,76
2020,3,Districte III,13,Granvia Sud,312,16-17,10,9,19
2020,5,Districte V,9,Can Serra,504,18-24,36,34,70
2020,4,Districte IV,7,la Florida,407,75 i +,77,38,115
2020,6,Districte VI,12,Bellvitge,624,65-74,91,58,149
2020,2,Districte II,5,Collblanc,216,65-74,75,53,128
2020,1,Districte I,1,Centre,109,50-64,137,111,248
2020,1,Districte I,1,Centre,101,25-34,97,99,196
2020,5,Districte V,10,Pubilla Cases,517,25-34,157,186,343
2020,2,Districte II,5,Collblanc,207,75 i +,106,50,156
2020,3,Districte III,6,Santa Eulàlia,324,65-74,43,33,76
2020,3,Districte III,6,Santa Eulàlia,314,25-34,133,176,309
2020,4,Districte IV,7,la Florida,431,75 i +,78,38,116
2020,1,Districte I,2,Sanfeliu,118,16-17,17,9,26
2020,2,Districte II,5,Collblanc,205,03-11,36,26,62
2020,4,Districte IV,7,la Florida,423,12-15,21,18,39
2020,1,Districte I,1,Centre,101,75 i +,58,48,106
2020,1,Districte I,1,Centre,112,50-64,173,146,319
2020,1,Districte I,1,Centre,103,75 i +,64,33,97
2020,6,Districte VI,12,Bellvitge,606,50-64,105,103,208
2020,2,Districte II,4,la Torrassa,247,00-02,25,26,51
2020,3,Districte III,13,Granvia Sud,320,50-64,156,139,295
2020,1,Districte I,3,Sant Josep,126,65-74,76,48,124
2020,1,Districte I,1,Centre,133,35-49,102,107,209
2020,1,Districte I,2,Sanfeliu,116,16-17,11,17,28
2020,1,Districte I,3,Sant Josep,140,75 i +,61,48,109
2020,1,Districte I,3,Sant Josep,140,35-49,125,125,250
2020,4,Districte IV,7,la Florida,432,16-17,11,10,21
2020,3,Districte III,6,Santa Eulàlia,310,03-11,52,40,92
2020,1,Districte I,3,Sant Josep,122,75 i +,92,56,148
2020,6,Districte VI,12,Bellvitge,613,16-17,7,9,16
2020,2,Districte II,4,la Torrassa,211,12-15,27,18,45
2020,5,Districte V,9,Can Serra,505,50-64,107,96,203
2020,1,Districte I,3,Sant Josep,125,12-15,42,35,77
2020,1,Districte I,1,Centre,128,16-17,9,6,15
2020,1,Districte I,2,Sanfeliu,118,18-24,56,37,93
2020,3,Districte III,6,Santa Eulàlia,307,18-24,27,36,63
2020,6,Districte VI,12,Bellvitge,630,25-34,41,30,71
2020,2,Districte II,4,la Torrassa,242,65-74,49,42,91
2020,1,Districte I,1,Centre,107,03-11,70,47,117
2020,5,Districte V,10,Pubilla Cases,520,35-49,93,96,189
2020,3,Districte III,6,Santa Eulàlia,321,50-64,264,215,479
2020,2,Districte II,5,Collblanc,208,03-11,38,52,90
2020,5,Districte V,10,Pubilla Cases,537,12-15,24,23,47
2020,5,Districte V,10,Pubilla Cases,533,03-11,95,82,177
2020,4,Districte IV,7,la Florida,411,25-34,70,57,127
2020,2,Districte II,4,la Torrassa,237,35-49,197,177,374
2020,4,Districte IV,7,la Florida,427,16-17,15,14,29
2020,3,Districte III,6,Santa Eulàlia,321,65-74,215,165,380
2020,1,Districte I,3,Sant Josep,137,65-74,100,60,160
2020,1,Districte I,1,Centre,107,25-34,91,94,185
2020,3,Districte III,6,Santa Eulàlia,301,50-64,140,114,254
2020,2,Districte II,4,la Torrassa,243,03-11,60,61,121
2020,1,Districte I,3,Sant Josep,140,18-24,42,43,85
2020,4,Districte IV,7,la Florida,406,50-64,144,133,277
2020,1,Districte I,1,Centre,104,25-34,49,46,95
2020,2,Districte II,5,Collblanc,220,50-64,187,155,342
2020,2,Districte II,4,la Torrassa,232,18-24,53,47,100
2020,4,Districte IV,8,les Planes,420,03-11,84,89,173
2020,5,Districte V,10,Pubilla Cases,508,25-34,137,117,254
2020,1,Districte I,1,Centre,112,16-17,20,14,34
2020,5,Districte V,9,Can Serra,535,16-17,10,8,18
2020,6,Districte VI,12,Bellvitge,625,75 i +,92,62,154
2020,4,Districte IV,7,la Florida,409,50-64,164,173,337
2020,1,Districte I,3,Sant Josep,120,00-02,15,15,30
2020,2,Districte II,4,la Torrassa,240,16-17,16,16,32
2020,2,Districte II,5,Collblanc,201,75 i +,64,48,112
2020,4,Districte IV,7,la Florida,409,65-74,84,62,146
2020,4,Districte IV,7,la Florida,409,00-02,22,27,49
2020,5,Districte V,10,Pubilla Cases,529,16-17,15,13,28
2020,6,Districte VI,12,Bellvitge,618,00-02,6,3,9
2020,6,Districte VI,12,Bellvitge,624,50-64,84,92,176
2020,1,Districte I,3,Sant Josep,121,18-24,37,38,75
2020,6,Districte VI,12,Bellvitge,615,16-17,9,2,11
2020,5,Districte V,10,Pubilla Cases,537,50-64,134,97,231
2020,6,Districte VI,12,Bellvitge,610,25-34,55,78,133
2020,6,Districte VI,12,Bellvitge,606,25-34,55,64,119
2020,1,Districte I,3,Sant Josep,127,00-02,9,4,13
2020,4,Districte IV,8,les Planes,441,35-49,226,230,456
2020,6,Districte VI,11,el Gornal,608,50-64,150,138,288
2020,1,Districte I,1,Centre,102,00-02,21,10,31
2020,2,Districte II,4,la Torrassa,233,03-11,38,62,100
2020,3,Districte III,6,Santa Eulàlia,318,03-11,23,28,51
2020,1,Districte I,1,Centre,128,03-11,38,49,87
2020,4,Districte IV,8,les Planes,440,35-49,110,122,232
2020,1,Districte I,1,Centre,103,35-49,96,106,202
2020,5,Districte V,10,Pubilla Cases,538,18-24,54,70,124
2020,6,Districte VI,11,el Gornal,617,65-74,61,40,101
2020,6,Districte VI,12,Bellvitge,625,16-17,10,9,19
2020,1,Districte I,3,Sant Josep,136,35-49,153,162,315
2020,5,Districte V,10,Pubilla Cases,510,00-02,10,13,23
2020,4,Districte IV,7,la Florida,407,16-17,7,13,20
2020,3,Districte III,6,Santa Eulàlia,307,50-64,141,95,236
2020,1,Districte I,1,Centre,113,00-02,17,15,32
2020,3,Districte III,6,Santa Eulàlia,318,16-17,6,13,19
2020,3,Districte III,6,Santa Eulàlia,328,25-34,90,89,179
2020,1,Districte I,1,Centre,124,65-74,53,37,90
2020,5,Districte V,10,Pubilla Cases,524,50-64,137,116,253
2020,6,Districte VI,12,Bellvitge,619,35-49,131,132,263
2020,4,Districte IV,8,les Planes,437,00-02,34,21,55
2020,6,Districte VI,11,el Gornal,626,16-17,11,9,20
2020,1,Districte I,3,Sant Josep,115,03-11,52,51,103
2020,3,Districte III,6,Santa Eulàlia,322,25-34,108,90,198
2020,2,Districte II,4,la Torrassa,217,00-02,25,23,48
2020,6,Districte VI,12,Bellvitge,619,65-74,89,84,173
2020,2,Districte II,4,la Torrassa,239,03-11,42,30,72
2020,2,Districte II,4,la Torrassa,231,75 i +,74,32,106
2020,4,Districte IV,7,la Florida,407,12-15,25,20,45
2020,2,Districte II,4,la Torrassa,245,25-34,94,95,189
2020,4,Districte IV,8,les Planes,436,75 i +,77,47,124
2020,2,Districte II,5,Collblanc,208,12-15,20,21,41
2020,1,Districte I,1,Centre,103,00-02,10,13,23
2020,2,Districte II,4,la Torrassa,240,12-15,49,26,75
2020,1,Districte I,3,Sant Josep,137,00-02,14,16,30
2020,1,Districte I,1,Centre,101,03-11,64,74,138
2020,5,Districte V,10,Pubilla Cases,537,35-49,162,151,313
2020,4,Districte IV,7,la Florida,402,03-11,41,46,87
2020,2,Districte II,4,la Torrassa,249,65-74,39,32,71
2020,4,Districte IV,8,les Planes,436,16-17,16,17,33
2020,6,Districte VI,12,Bellvitge,601,16-17,19,24,43
2020,3,Districte III,6,Santa Eulàlia,316,25-34,146,128,274
2020,6,Districte VI,12,Bellvitge,605,75 i +,164,136,300
2020,2,Districte II,5,Collblanc,208,65-74,122,87,209
2020,4,Districte IV,7,la Florida,431,18-24,71,84,155
2020,2,Districte II,5,Collblanc,212,35-49,196,191,387
2020,3,Districte III,6,Santa Eulàlia,319,50-64,181,174,355
2020,2,Districte II,5,Collblanc,216,12-15,29,35,64
2020,2,Districte II,5,Collblanc,204,50-64,160,137,297
2020,1,Districte I,3,Sant Josep,117,16-17,12,14,26
2020,4,Districte IV,7,la Florida,432,03-11,52,56,108
2020,5,Districte V,10,Pubilla Cases,526,50-64,178,162,340
2020,1,Districte I,1,Centre,113,35-49,225,208,433
2020,2,Districte II,4,la Torrassa,247,65-74,57,49,106
2020,3,Districte III,6,Santa Eulàlia,305,16-17,13,13,26
2020,1,Districte I,1,Centre,141,35-49,345,336,681
2020,1,Districte I,1,Centre,102,03-11,49,43,92
2020,6,Districte VI,12,Bellvitge,606,35-49,127,113,240
2020,2,Districte II,4,la Torrassa,240,00-02,26,24,50
2020,1,Districte I,3,Sant Josep,127,25-34,49,50,99
2020,2,Districte II,5,Collblanc,208,50-64,175,132,307
2020,1,Districte I,1,Centre,123,35-49,143,122,265
2020,2,Districte II,4,la Torrassa,245,16-17,11,15,26
2020,2,Districte II,5,Collblanc,214,25-34,205,190,395
2020,6,Districte VI,12,Bellvitge,615,25-34,35,32,67
2020,3,Districte III,6,Santa Eulàlia,323,16-17,18,23,41
2020,1,Districte I,3,Sant Josep,136,03-11,53,51,104
2020,6,Districte VI,12,Bellvitge,614,00-02,3,11,14
2020,5,Districte V,9,Can Serra,535,65-74,82,53,135
2020,6,Districte VI,12,Bellvitge,630,35-49,92,98,190
2020,3,Districte III,13,Granvia Sud,312,75 i +,129,85,214
2020,4,Districte IV,7,la Florida,404,16-17,14,11,25
2020,6,Districte VI,12,Bellvitge,610,35-49,117,96,213
2020,6,Districte VI,12,Bellvitge,614,12-15,23,20,43
2020,1,Districte I,1,Centre,101,12-15,38,36,74
2020,1,Districte I,2,Sanfeliu,116,00-02,18,10,28
2020,5,Districte V,10,Pubilla Cases,520,50-64,92,74,166
2020,2,Districte II,5,Collblanc,205,25-34,83,85,168
2020,4,Districte IV,8,les Planes,419,50-64,185,221,406
2020,5,Districte V,10,Pubilla Cases,508,16-17,17,9,26
2020,6,Districte VI,12,Bellvitge,624,75 i +,76,81,157
2020,6,Districte VI,12,Bellvitge,621,25-34,68,56,124
2020,6,Districte VI,12,Bellvitge,609,50-64,64,65,129
2020,2,Districte II,4,la Torrassa,248,35-49,164,164,328
2020,5,Districte V,10,Pubilla Cases,533,35-49,239,249,488
2020,1,Districte I,3,Sant Josep,106,03-11,52,70,122
2020,1,Districte I,1,Centre,130,00-02,13,11,24
2020,4,Districte IV,8,les Planes,401,18-24,45,62,107
2020,4,Districte IV,7,la Florida,402,16-17,10,4,14
2020,5,Districte V,10,Pubilla Cases,538,25-34,89,87,176
2020,4,Districte IV,7,la Florida,403,50-64,111,116,227
2020,3,Districte III,6,Santa Eulàlia,309,50-64,112,103,215
2020,2,Districte II,5,Collblanc,209,25-34,97,99,196
2020,5,Districte V,10,Pubilla Cases,520,18-24,31,39,70
2020,5,Districte V,10,Pubilla Cases,526,25-34,148,145,293
2020,3,Districte III,6,Santa Eulàlia,320,12-15,7,3,10
2020,1,Districte I,3,Sant Josep,126,03-11,38,33,71
2020,1,Districte I,1,Centre,109,35-49,118,119,237
2020,2,Districte II,4,la Torrassa,231,12-15,20,29,49
2020,4,Districte IV,7,la Florida,421,35-49,148,152,300
2020,1,Districte I,1,Centre,105,03-11,40,44,84
2020,2,Districte II,5,Collblanc,202,16-17,12,10,22
2020,4,Districte IV,8,les Planes,435,25-34,94,107,201
2020,6,Districte VI,12,Bellvitge,623,03-11,51,58,109
2020,6,Districte VI,12,Bellvitge,602,16-17,12,13,25
2020,5,Districte V,10,Pubilla Cases,518,50-64,99,98,197
2020,2,Districte II,4,la Torrassa,236,03-11,35,51,86
2020,1,Districte I,2,Sanfeliu,118,25-34,94,88,182
2020,2,Districte II,4,la Torrassa,246,35-49,173,191,364
2020,4,Districte IV,8,les Planes,419,25-34,164,174,338
2020,1,Districte I,1,Centre,107,65-74,105,74,179
2020,1,Districte I,1,Centre,135,25-34,98,93,191
2020,3,Districte III,6,Santa Eulàlia,327,18-24,45,42,87
2020,6,Districte VI,12,Bellvitge,630,50-64,80,66,146
2020,4,Districte IV,7,la Florida,422,03-11,53,66,119
2020,1,Districte I,3,Sant Josep,119,65-74,125,93,218
2020,2,Districte II,4,la Torrassa,249,18-24,52,46,98
2020,1,Districte I,3,Sant Josep,122,50-64,75,82,157
2020,6,Districte VI,12,Bellvitge,612,12-15,27,14,41
2020,2,Districte II,4,la Torrassa,233,65-74,24,17,41
2020,4,Districte IV,7,la Florida,426,12-15,24,21,45
2020,2,Districte II,5,Collblanc,210,25-34,57,51,108
2020,5,Districte V,9,Can Serra,502,18-24,58,58,116
2020,2,Districte II,4,la Torrassa,243,35-49,195,211,406
2020,2,Districte II,4,la Torrassa,236,25-34,89,80,169
2020,1,Districte I,3,Sant Josep,136,25-34,72,66,138
2020,3,Districte III,6,Santa Eulàlia,306,03-11,52,63,115
2020,1,Districte I,1,Centre,141,12-15,61,80,141
2020,2,Districte II,4,la Torrassa,249,75 i +,66,33,99
2020,5,Districte V,9,Can Serra,521,03-11,37,29,66
2020,2,Districte II,5,Collblanc,207,65-74,81,65,146
2020,5,Districte V,9,Can Serra,503,25-34,36,49,85
2020,6,Districte VI,11,el Gornal,617,18-24,27,30,57
2020,6,Districte VI,12,Bellvitge,627,35-49,85,99,184
2020,3,Districte III,6,Santa Eulàlia,324,03-11,60,59,119
2020,4,Districte IV,8,les Planes,401,65-74,59,48,107
2020,3,Districte III,6,Santa Eulàlia,313,03-11,82,71,153
2020,4,Districte IV,7,la Florida,405,03-11,90,75,165
2020,3,Districte III,6,Santa Eulàlia,319,16-17,26,20,46
2020,4,Districte IV,7,la Florida,405,00-02,24,27,51
2020,4,Districte IV,7,la Florida,427,65-74,49,40,89
2020,2,Districte II,5,Collblanc,209,75 i +,70,42,112
2020,4,Districte IV,7,la Florida,411,18-24,36,49,85
2020,2,Districte II,5,Collblanc,207,18-24,79,81,160
2020,4,Districte IV,8,les Planes,418,00-02,15,23,38
2020,2,Districte II,4,la Torrassa,229,25-34,149,172,321
2020,2,Districte II,5,Collblanc,223,16-17,14,12,26
2020,1,Districte I,1,Centre,113,75 i +,78,54,132
2020,1,Districte I,1,Centre,113,16-17,12,17,29
2020,6,Districte VI,12,Bellvitge,612,35-49,112,124,236
2020,1,Districte I,3,Sant Josep,139,03-11,23,28,51
2020,5,Districte V,10,Pubilla Cases,530,25-34,123,144,267
2020,2,Districte II,4,la Torrassa,242,25-34,90,106,196
2020,4,Districte IV,7,la Florida,432,75 i +,79,56,135
2020,4,Districte IV,7,la Florida,421,25-34,89,87,176
2020,5,Districte V,10,Pubilla Cases,518,25-34,75,88,163
2020,1,Districte I,3,Sant Josep,117,75 i +,109,80,189
2020,3,Districte III,6,Santa Eulàlia,328,75 i +,30,10,40
2020,2,Districte II,4,la Torrassa,211,35-49,204,207,411
2020,2,Districte II,4,la Torrassa,228,00-02,27,23,50
2020,2,Districte II,4,la Torrassa,231,65-74,34,30,64
2020,5,Districte V,10,Pubilla Cases,531,65-74,39,30,69
2020,2,Districte II,5,Collblanc,201,50-64,129,105,234
2020,5,Districte V,9,Can Serra,501,12-15,11,15,26
2020,4,Districte IV,7,la Florida,432,25-34,97,102,199
2020,3,Districte III,6,Santa Eulàlia,302,03-11,63,56,119
2020,5,Districte V,10,Pubilla Cases,524,03-11,71,79,150
2020,4,Districte IV,8,les Planes,419,16-17,22,25,47
2020,6,Districte VI,11,el Gornal,622,75 i +,45,28,73
2020,3,Districte III,6,Santa Eulàlia,315,16-17,10,19,29
2020,5,Districte V,10,Pubilla Cases,523,75 i +,96,67,163
2020,1,Districte I,1,Centre,131,25-34,80,62,142
2020,4,Districte IV,7,la Florida,426,16-17,10,11,21
2020,1,Districte I,1,Centre,141,65-74,24,22,46
2020,5,Districte V,9,Can Serra,535,03-11,31,20,51
2020,6,Districte VI,12,Bellvitge,627,25-34,31,44,75
2020,2,Districte II,4,la Torrassa,249,12-15,13,22,35
2020,4,Districte IV,7,la Florida,412,18-24,63,71,134
2020,2,Districte II,4,la Torrassa,229,00-02,29,35,64
2020,1,Districte I,1,Centre,141,03-11,147,158,305
2020,4,Districte IV,7,la Florida,411,50-64,96,85,181
2020,2,Districte II,5,Collblanc,204,65-74,64,56,120
2020,3,Districte III,6,Santa Eulàlia,316,65-74,217,227,444
2020,5,Districte V,10,Pubilla Cases,531,00-02,13,20,33
2020,1,Districte I,3,Sant Josep,122,03-11,48,54,102
2020,3,Districte III,6,Santa Eulàlia,306,16-17,23,10,33
2020,1,Districte I,1,Centre,134,50-64,154,121,275
2020,3,Districte III,6,Santa Eulàlia,310,00-02,16,7,23
2020,6,Districte VI,12,Bellvitge,615,65-74,71,25,96
2020,2,Districte II,4,la Torrassa,211,25-34,113,147,260
2020,3,Districte III,6,Santa Eulàlia,326,65-74,23,28,51
2020,1,Districte I,1,Centre,135,16-17,10,14,24
2020,2,Districte II,4,la Torrassa,242,35-49,150,159,309
2020,6,Districte VI,12,Bellvitge,630,65-74,82,61,143
2020,1,Districte I,1,Centre,130,18-24,34,31,65
2020,3,Districte III,13,Granvia Sud,312,18-24,62,64,126
2020,5,Districte V,10,Pubilla Cases,517,00-02,25,26,51
2020,3,Districte III,6,Santa Eulàlia,320,50-64,23,29,52
2020,4,Districte IV,7,la Florida,425,00-02,15,12,27
2020,1,Districte I,1,Centre,110,12-15,19,14,33
2020,2,Districte II,4,la Torrassa,246,18-24,49,52,101
2020,6,Districte VI,12,Bellvitge,609,00-02,10,6,16
2020,3,Districte III,6,Santa Eulàlia,305,50-64,201,171,372
2020,5,Districte V,10,Pubilla Cases,524,18-24,63,81,144
2020,1,Districte I,1,Centre,124,18-24,23,19,42
2020,2,Districte II,4,la Torrassa,243,75 i +,113,60,173
2020,5,Districte V,9,Can Serra,504,03-11,30,44,74
2020,2,Districte II,5,Collblanc,214,12-15,44,48,92
2020,2,Districte II,4,la Torrassa,245,65-74,48,29,77
2020,1,Districte I,3,Sant Josep,136,75 i +,78,39,117
2020,1,Districte I,1,Centre,103,18-24,30,31,61
2020,2,Districte II,4,la Torrassa,237,12-15,30,34,64
2020,4,Districte IV,7,la Florida,412,25-34,124,96,220
2020,3,Districte III,6,Santa Eulàlia,316,16-17,13,16,29
2020,5,Districte V,10,Pubilla Cases,533,50-64,191,169,360
2020,6,Districte VI,12,Bellvitge,631,03-11,33,46,79
2020,3,Districte III,6,Santa Eulàlia,302,16-17,6,6,12
2020,6,Districte VI,11,el Gornal,608,65-74,69,57,126
2020,6,Districte VI,11,el Gornal,632,75 i +,62,36,98
2020,5,Districte V,10,Pubilla Cases,508,75 i +,82,48,130
2020,6,Districte VI,11,el Gornal,626,18-24,25,34,59
2020,3,Districte III,6,Santa Eulàlia,322,35-49,193,190,383
2020,1,Districte I,1,Centre,131,75 i +,92,62,154
2020,4,Districte IV,8,les Planes,418,18-24,49,59,108
2020,4,Districte IV,7,la Florida,403,16-17,16,6,22
2020,4,Districte IV,8,les Planes,420,18-24,92,112,204
2020,2,Districte II,4,la Torrassa,239,16-17,17,12,29
2020,2,Districte II,5,Collblanc,205,50-64,102,106,208
2020,6,Districte VI,12,Bellvitge,625,65-74,123,120,243
2020,4,Districte IV,8,les Planes,419,35-49,237,269,506
2020,4,Districte IV,7,la Florida,411,35-49,111,115,226
2020,4,Districte IV,7,la Florida,412,35-49,171,203,374
2020,3,Districte III,6,Santa Eulàlia,308,00-02,22,14,36
2020,3,Districte III,6,Santa Eulàlia,304,00-02,36,29,65
2020,1,Districte I,1,Centre,130,16-17,9,7,16
2020,4,Districte IV,8,les Planes,440,18-24,43,48,91
2020,1,Districte I,1,Centre,111,00-02,3,7,10
2020,2,Districte II,5,Collblanc,205,65-74,56,38,94
2020,1,Districte I,3,Sant Josep,126,16-17,12,9,21
2020,4,Districte IV,8,les Planes,433,00-02,33,32,65
2020,5,Districte V,9,Can Serra,507,03-11,37,38,75
2020,5,Districte V,10,Pubilla Cases,530,00-02,28,30,58
2020,5,Districte V,10,Pubilla Cases,520,03-11,35,39,74
2020,2,Districte II,4,la Torrassa,248,03-11,42,63,105
2020,4,Districte IV,7,la Florida,426,18-24,41,41,82
2020,2,Districte II,5,Collblanc,208,25-34,120,131,251
2020,2,Districte II,4,la Torrassa,237,16-17,9,22,31
2020,2,Districte II,5,Collblanc,202,65-74,66,52,118
2020,2,Districte II,4,la Torrassa,211,00-02,26,16,42
2020,3,Districte III,6,Santa Eulàlia,309,16-17,6,17,23
2020,3,Districte III,6,Santa Eulàlia,303,03-11,59,63,122
2020,2,Districte II,4,la Torrassa,242,00-02,12,22,34
2020,4,Districte IV,7,la Florida,422,16-17,9,17,26
2020,6,Districte VI,12,Bellvitge,631,65-74,91,52,143
2020,2,Districte II,4,la Torrassa,246,75 i +,66,41,107
2020,3,Districte III,6,Santa Eulàlia,316,18-24,51,61,112
2020,1,Districte I,1,Centre,128,18-24,28,30,58
2020,5,Districte V,9,Can Serra,501,65-74,114,90,204
2020,6,Districte VI,11,el Gornal,617,50-64,87,85,172
2020,3,Districte III,6,Santa Eulàlia,302,75 i +,72,66,138
2020,3,Districte III,6,Santa Eulàlia,310,50-64,108,81,189
2020,6,Districte VI,12,Bellvitge,627,12-15,11,14,25
2020,1,Districte I,3,Sant Josep,126,75 i +,96,76,172
2020,6,Districte VI,12,Bellvitge,627,65-74,109,83,192
2020,2,Districte II,4,la Torrassa,236,12-15,27,18,45
2020,1,Districte I,1,Centre,131,03-11,56,47,103
2020,3,Districte III,6,Santa Eulàlia,319,25-34,99,94,193
2020,1,Districte I,3,Sant Josep,137,18-24,57,57,114
2020,3,Districte III,6,Santa Eulàlia,304,35-49,308,309,617
2020,5,Districte V,10,Pubilla Cases,538,03-11,62,49,111
2020,3,Districte III,6,Santa Eulàlia,310,25-34,78,73,151
2020,2,Districte II,5,Collblanc,216,35-49,165,183,348
2020,6,Districte VI,12,Bellvitge,625,18-24,36,38,74
2020,5,Districte V,9,Can Serra,506,03-11,53,53,106
2020,2,Districte II,4,la Torrassa,232,25-34,96,111,207
2020,1,Districte I,2,Sanfeliu,132,16-17,17,13,30
2020,1,Districte I,1,Centre,130,03-11,40,50,90
2020,2,Districte II,4,la Torrassa,243,65-74,48,46,94
2020,2,Districte II,5,Collblanc,202,25-34,153,162,315
2020,1,Districte I,1,Centre,130,25-34,58,58,116
2020,4,Districte IV,7,la Florida,432,65-74,99,72,171
2020,3,Districte III,6,Santa Eulàlia,318,00-02,6,5,11
2020,2,Districte II,4,la Torrassa,229,18-24,102,103,205
2020,1,Districte I,3,Sant Josep,114,12-15,20,21,41
2020,1,Districte I,3,Sant Josep,126,00-02,9,6,15
2020,5,Districte V,9,Can Serra,507,35-49,104,105,209
2020,1,Districte I,2,Sanfeliu,118,75 i +,82,74,156
2020,2,Districte II,4,la Torrassa,243,18-24,57,74,131
2020,3,Districte III,6,Santa Eulàlia,313,00-02,17,20,37
2020,1,Districte I,1,Centre,107,18-24,55,56,111
2020,2,Districte II,5,Collblanc,224,12-15,25,32,57
2020,2,Districte II,4,la Torrassa,231,25-34,119,99,218
2020,1,Districte I,3,Sant Josep,120,35-49,172,181,353
2020,1,Districte I,3,Sant Josep,114,16-17,16,13,29
2020,1,Districte I,3,Sant Josep,106,25-34,81,78,159
2020,6,Districte VI,12,Bellvitge,615,50-64,60,67,127
2020,3,Districte III,6,Santa Eulàlia,311,16-17,8,11,19
2020,1,Districte I,1,Centre,108,65-74,78,60,138
2020,2,Districte II,5,Collblanc,210,50-64,77,80,157
2020,3,Districte III,6,Santa Eulàlia,309,18-24,28,48,76
2020,5,Districte V,9,Can Serra,521,35-49,94,95,189
2020,6,Districte VI,12,Bellvitge,614,25-34,45,49,94
2020,3,Districte III,6,Santa Eulàlia,301,65-74,76,61,137
2020,5,Districte V,10,Pubilla Cases,511,16-17,20,24,44
2020,1,Districte I,1,Centre,112,65-74,106,98,204
2020,1,Districte I,1,Centre,112,18-24,61,70,131
2020,4,Districte IV,7,la Florida,416,75 i +,92,49,141
2020,1,Districte I,1,Centre,102,65-74,114,80,194
2020,1,Districte I,1,Centre,110,65-74,107,75,182
2020,5,Districte V,9,Can Serra,501,25-34,43,43,86
2020,5,Districte V,10,Pubilla Cases,530,50-64,161,142,303
2020,1,Districte I,3,Sant Josep,122,18-24,29,33,62
2020,5,Districte V,10,Pubilla Cases,510,75 i +,77,49,126
2020,2,Districte II,4,la Torrassa,234,50-64,110,100,210
2020,4,Districte IV,7,la Florida,409,25-34,142,162,304
2020,1,Districte I,3,Sant Josep,139,00-02,6,9,15
2020,2,Districte II,4,la Torrassa,243,12-15,31,34,65
2020,5,Districte V,9,Can Serra,507,16-17,4,6,10
2020,1,Districte I,1,Centre,134,18-24,50,56,106
2020,5,Districte V,10,Pubilla Cases,531,16-17,11,9,20
2020,4,Districte IV,7,la Florida,410,00-02,21,14,35
2020,1,Districte I,3,Sant Josep,138,18-24,30,23,53
2020,5,Districte V,10,Pubilla Cases,533,12-15,36,38,74
2020,6,Districte VI,12,Bellvitge,625,35-49,120,104,224
2020,3,Districte III,6,Santa Eulàlia,319,12-15,42,60,102
2020,1,Districte I,2,Sanfeliu,118,00-02,16,9,25
2020,1,Districte I,1,Centre,110,25-34,53,58,111
2020,4,Districte IV,7,la Florida,425,12-15,13,21,34
2020,3,Districte III,6,Santa Eulàlia,311,75 i +,90,51,141
2020,4,Districte IV,8,les Planes,433,50-64,194,176,370
2020,5,Districte V,9,Can Serra,506,16-17,11,19,30
2020,3,Districte III,6,Santa Eulàlia,308,18-24,76,91,167
2020,1,Districte I,2,Sanfeliu,118,12-15,45,32,77
2020,1,Districte I,1,Centre,105,50-64,129,85,214
2020,4,Districte IV,7,la Florida,406,03-11,64,51,115
2020,6,Districte VI,12,Bellvitge,610,75 i +,120,108,228
2020,4,Districte IV,7,la Florida,423,18-24,44,47,91
2020,6,Districte VI,12,Bellvitge,602,12-15,25,27,52
2020,3,Districte III,6,Santa Eulàlia,317,65-74,28,33,61
2020,2,Districte II,4,la Torrassa,245,12-15,18,23,41
2020,3,Districte III,6,Santa Eulàlia,328,00-02,34,39,73
2020,5,Districte V,10,Pubilla Cases,514,12-15,38,33,71
2020,4,Districte IV,7,la Florida,421,65-74,58,39,97
2020,6,Districte VI,11,el Gornal,608,12-15,18,21,39
2020,3,Districte III,6,Santa Eulàlia,311,35-49,203,234,437
2020,5,Districte V,9,Can Serra,535,75 i +,91,79,170
2020,5,Districte V,10,Pubilla Cases,528,25-34,93,84,177
2020,2,Districte II,5,Collblanc,221,50-64,191,186,377
2020,1,Districte I,1,Centre,110,00-02,5,17,22
2020,1,Districte I,2,Sanfeliu,116,25-34,76,70,146
2020,2,Districte II,4,la Torrassa,248,12-15,31,18,49
2020,5,Districte V,10,Pubilla Cases,529,03-11,51,51,102
2020,1,Districte I,2,Sanfeliu,132,50-64,249,250,499
2020,6,Districte VI,12,Bellvitge,602,75 i +,113,93,206
2020,1,Districte I,2,Sanfeliu,118,65-74,155,123,278
2020,6,Districte VI,12,Bellvitge,618,16-17,18,13,31
2020,4,Districte IV,7,la Florida,403,18-24,35,51,86
2020,1,Districte I,3,Sant Josep,121,65-74,23,22,45
2020,4,Districte IV,8,les Planes,436,25-34,123,136,259
2020,3,Districte III,6,Santa Eulàlia,327,65-74,101,84,185
2020,1,Districte I,1,Centre,134,75 i +,93,48,141
2020,4,Districte IV,7,la Florida,426,03-11,59,54,113
2020,5,Districte V,10,Pubilla Cases,525,75 i +,68,35,103
2020,4,Districte IV,7,la Florida,427,03-11,86,98,184
2020,5,Districte V,10,Pubilla Cases,517,65-74,62,59,121
2020,4,Districte IV,7,la Florida,430,16-17,10,10,20
2020,1,Districte I,3,Sant Josep,114,50-64,157,138,295
2020,1,Districte I,3,Sant Josep,119,16-17,8,6,14
2020,3,Districte III,6,Santa Eulàlia,326,25-34,96,82,178
2020,1,Districte I,3,Sant Josep,122,35-49,130,116,246
2020,2,Districte II,4,la Torrassa,248,18-24,56,63,119
2020,5,Districte V,9,Can Serra,507,25-34,61,78,139
2020,2,Districte II,5,Collblanc,223,75 i +,66,46,112
2020,2,Districte II,4,la Torrassa,232,35-49,156,156,312
2020,1,Districte I,3,Sant Josep,114,25-34,71,72,143
2020,2,Districte II,5,Collblanc,216,03-11,60,61,121
2020,4,Districte IV,7,la Florida,422,18-24,56,61,117
2020,2,Districte II,5,Collblanc,223,12-15,23,33,56
2020,3,Districte III,6,Santa Eulàlia,306,75 i +,80,53,133
2020,4,Districte IV,7,la Florida,421,18-24,51,57,108
2020,4,Districte IV,7,la Florida,423,00-02,24,17,41
2020,5,Districte V,10,Pubilla Cases,534,25-34,92,83,175
2020,2,Districte II,5,Collblanc,213,75 i +,55,42,97
2020,4,Districte IV,7,la Florida,431,03-11,101,92,193
2020,5,Districte V,9,Can Serra,503,12-15,8,5,13
2020,6,Districte VI,11,el Gornal,608,75 i +,96,56,152
2020,2,Districte II,5,Collblanc,207,25-34,151,144,295
2020,3,Districte III,6,Santa Eulàlia,315,03-11,86,70,156
2020,1,Districte I,3,Sant Josep,136,18-24,38,48,86
2020,4,Districte IV,7,la Florida,416,25-34,110,104,214
2020,2,Districte II,4,la Torrassa,211,18-24,55,82,137
2020,4,Districte IV,8,les Planes,437,65-74,77,55,132
2020,1,Districte I,1,Centre,111,03-11,31,18,49
2020,4,Districte IV,7,la Florida,406,16-17,16,17,33
2020,5,Districte V,10,Pubilla Cases,526,75 i +,90,54,144
2020,3,Districte III,6,Santa Eulàlia,303,25-34,98,74,172
2020,3,Districte III,6,Santa Eulàlia,309,75 i +,53,32,85
2020,4,Districte IV,7,la Florida,402,12-15,16,20,36
2020,3,Districte III,6,Santa Eulàlia,323,75 i +,69,54,123
2020,3,Districte III,6,Santa Eulàlia,319,65-74,89,68,157
2020,6,Districte VI,11,el Gornal,616,25-34,96,114,210
2020,4,Districte IV,7,la Florida,414,25-34,155,158,313
2020,1,Districte I,1,Centre,112,03-11,57,60,117
2020,3,Districte III,6,Santa Eulàlia,327,35-49,141,136,277
2020,6,Districte VI,12,Bellvitge,627,75 i +,60,66,126
2020,4,Districte IV,7,la Florida,430,35-49,135,166,301
2020,4,Districte IV,8,les Planes,433,18-24,77,87,164
2020,2,Districte II,4,la Torrassa,247,12-15,29,38,67
2020,2,Districte II,5,Collblanc,216,75 i +,97,56,153
2020,1,Districte I,1,Centre,134,03-11,62,60,122
2020,1,Districte I,1,Centre,109,65-74,73,71,144
2020,3,Districte III,6,Santa Eulàlia,324,00-02,19,7,26
2020,6,Districte VI,12,Bellvitge,627,16-17,3,4,7
2020,1,Districte I,3,Sant Josep,106,18-24,48,54,102
2020,1,Districte I,2,Sanfeliu,132,18-24,61,67,128
2020,3,Districte III,6,Santa Eulàlia,327,03-11,38,64,102
2020,6,Districte VI,12,Bellvitge,611,25-34,100,127,227
2020,2,Districte II,4,la Torrassa,229,75 i +,77,36,113
2020,4,Districte IV,7,la Florida,403,75 i +,110,83,193
2020,1,Districte I,2,Sanfeliu,132,00-02,26,35,61
2020,5,Districte V,10,Pubilla Cases,520,65-74,54,31,85
2020,2,Districte II,4,la Torrassa,233,50-64,107,73,180
2020,2,Districte II,5,Collblanc,214,03-11,97,113,210
2020,6,Districte VI,11,el Gornal,632,12-15,19,25,44
2020,2,Districte II,4,la Torrassa,239,65-74,39,24,63
2020,1,Districte I,1,Centre,133,18-24,27,28,55
2020,1,Districte I,1,Centre,109,12-15,17,17,34
2020,6,Districte VI,11,el Gornal,622,35-49,98,92,190
2020,4,Districte IV,8,les Planes,401,03-11,51,53,104
2020,4,Districte IV,8,les Planes,433,16-17,24,20,44
2020,1,Districte I,1,Centre,107,00-02,17,20,37
2020,5,Districte V,10,Pubilla Cases,520,12-15,23,12,35
2020,1,Districte I,2,Sanfeliu,116,03-11,56,52,108
2020,3,Districte III,6,Santa Eulàlia,328,35-49,304,277,581
2020,1,Districte I,3,Sant Josep,120,16-17,8,21,29
2020,5,Districte V,10,Pubilla Cases,531,25-34,98,94,192
2020,5,Districte V,10,Pubilla Cases,511,18-24,89,105,194
2020,3,Districte III,6,Santa Eulàlia,326,03-11,130,141,271
2020,4,Districte IV,7,la Florida,431,12-15,44,41,85
2020,5,Districte V,10,Pubilla Cases,517,03-11,99,120,219
2020,5,Districte V,10,Pubilla Cases,531,75 i +,49,31,80
2020,2,Districte II,5,Collblanc,226,16-17,20,18,38
2020,4,Districte IV,7,la Florida,425,16-17,7,14,21
2020,1,Districte I,2,Sanfeliu,129,75 i +,109,55,164
2020,6,Districte VI,12,Bellvitge,621,75 i +,86,65,151
2020,5,Districte V,10,Pubilla Cases,523,50-64,134,128,262
2020,6,Districte VI,12,Bellvitge,607,00-02,13,7,20
2020,1,Districte I,3,Sant Josep,115,12-15,19,28,47
2020,4,Districte IV,8,les Planes,441,50-64,238,190,428
2020,3,Districte III,6,Santa Eulàlia,309,12-15,27,28,55
2020,1,Districte I,3,Sant Josep,139,16-17,7,8,15
2020,4,Districte IV,7,la Florida,409,03-11,92,81,173
2020,4,Districte IV,7,la Florida,427,35-49,251,241,492
2020,3,Districte III,6,Santa Eulàlia,314,50-64,291,207,498
2020,4,Districte IV,7,la Florida,421,00-02,13,9,22
2020,3,Districte III,6,Santa Eulàlia,306,00-02,16,24,40
2020,4,Districte IV,8,les Planes,418,50-64,131,151,282
2020,5,Districte V,10,Pubilla Cases,526,16-17,16,21,37
2020,1,Districte I,1,Centre,134,16-17,11,19,30
2020,5,Districte V,10,Pubilla Cases,523,25-34,116,114,230
2020,1,Districte I,1,Centre,128,00-02,12,14,26
2020,3,Districte III,13,Granvia Sud,312,00-02,20,19,39
2020,1,Districte I,2,Sanfeliu,116,75 i +,116,89,205
2020,1,Districte I,1,Centre,110,18-24,30,31,61
2020,2,Districte II,4,la Torrassa,233,12-15,20,23,43
2020,3,Districte III,6,Santa Eulàlia,317,18-24,41,58,99
2020,1,Districte I,1,Centre,110,50-64,105,84,189
2020,2,Districte II,5,Collblanc,204,18-24,77,70,147
2020,3,Districte III,6,Santa Eulàlia,323,12-15,47,40,87
2020,4,Districte IV,7,la Florida,426,50-64,102,105,207
2020,5,Districte V,10,Pubilla Cases,534,03-11,47,55,102
2020,5,Districte V,9,Can Serra,506,00-02,12,8,20
2020,2,Districte II,5,Collblanc,212,16-17,8,15,23
2020,2,Districte II,5,Collblanc,201,12-15,34,33,67
2020,5,Districte V,9,Can Serra,521,50-64,68,75,143
2020,5,Districte V,10,Pubilla Cases,533,18-24,80,77,157
2020,5,Districte V,10,Pubilla Cases,526,03-11,88,107,195
2020,5,Districte V,10,Pubilla Cases,517,50-64,232,194,426
2020,4,Districte IV,7,la Florida,412,16-17,8,21,29
2020,2,Districte II,4,la Torrassa,247,50-64,116,108,224
2020,6,Districte VI,12,Bellvitge,631,75 i +,91,77,168
2020,4,Districte IV,7,la Florida,412,00-02,20,25,45
2020,4,Districte IV,8,les Planes,401,35-49,147,126,273
2020,4,Districte IV,8,les Planes,418,65-74,55,43,98
2020,1,Districte I,2,Sanfeliu,132,65-74,141,127,268
2020,3,Districte III,6,Santa Eulàlia,307,16-17,4,11,15
2020,5,Districte V,9,Can Serra,505,35-49,127,126,253
2020,3,Districte III,6,Santa Eulàlia,320,35-49,67,83,150
2020,2,Districte II,5,Collblanc,202,03-11,66,85,151
2020,1,Districte I,2,Sanfeliu,132,12-15,47,34,81
2020,2,Districte II,4,la Torrassa,228,35-49,335,314,649
2020,2,Districte II,4,la Torrassa,240,75 i +,98,65,163
2020,3,Districte III,6,Santa Eulàlia,315,18-24,59,68,127
2020,6,Districte VI,12,Bellvitge,602,35-49,148,132,280
2020,3,Districte III,6,Santa Eulàlia,305,12-15,30,35,65
2020,6,Districte VI,11,el Gornal,632,25-34,37,47,84
2020,5,Districte V,10,Pubilla Cases,525,03-11,41,54,95
2020,5,Districte V,10,Pubilla Cases,511,03-11,104,123,227
2020,6,Districte VI,12,Bellvitge,610,65-74,85,44,129
2020,4,Districte IV,8,les Planes,437,75 i +,113,73,186
2020,6,Districte VI,12,Bellvitge,612,00-02,7,10,17
2020,1,Districte I,3,Sant Josep,125,03-11,50,67,117
2020,5,Districte V,9,Can Serra,503,65-74,78,61,139
2020,1,Districte I,3,Sant Josep,136,50-64,117,102,219
2020,2,Districte II,4,la Torrassa,238,16-17,11,7,18
2020,3,Districte III,6,Santa Eulàlia,317,25-34,102,98,200
2020,3,Districte III,6,Santa Eulàlia,308,35-49,223,204,427
2020,1,Districte I,1,Centre,108,25-34,106,95,201
2020,5,Districte V,9,Can Serra,505,16-17,6,7,13
2020,3,Districte III,6,Santa Eulàlia,307,03-11,50,42,92
2020,1,Districte I,3,Sant Josep,114,18-24,50,46,96
2020,5,Districte V,10,Pubilla Cases,508,03-11,67,76,143
2020,2,Districte II,5,Collblanc,220,00-02,20,29,49
2020,6,Districte VI,12,Bellvitge,619,50-64,134,120,254
2020,6,Districte VI,12,Bellvitge,621,00-02,11,15,26
2020,3,Districte III,6,Santa Eulàlia,322,18-24,60,50,110
2020,5,Districte V,10,Pubilla Cases,517,12-15,52,36,88
2020,4,Districte IV,7,la Florida,421,03-11,52,57,109
2020,1,Districte I,1,Centre,101,50-64,199,185,384
2020,2,Districte II,5,Collblanc,201,18-24,36,60,96
2020,1,Districte I,3,Sant Josep,139,50-64,83,104,187
2020,3,Districte III,6,Santa Eulàlia,303,12-15,24,34,58
2020,3,Districte III,6,Santa Eulàlia,329,25-34,77,69,146
2020,1,Districte I,3,Sant Josep,136,65-74,73,67,140
2020,2,Districte II,4,la Torrassa,228,65-74,71,51,122
2020,1,Districte I,1,Centre,134,25-34,79,83,162
2020,5,Districte V,10,Pubilla Cases,533,75 i +,128,66,194
2020,2,Districte II,5,Collblanc,201,65-74,54,37,91
2020,3,Districte III,6,Santa Eulàlia,325,25-34,90,92,182
2020,1,Districte I,1,Centre,123,18-24,40,52,92
2020,4,Districte IV,8,les Planes,435,12-15,21,37,58
2020,1,Districte I,1,Centre,123,50-64,152,137,289
2020,2,Districte II,5,Collblanc,213,65-74,54,34,88
2020,6,Districte VI,12,Bellvitge,609,35-49,100,96,196
2020,5,Districte V,9,Can Serra,504,16-17,6,9,15
2020,3,Districte III,6,Santa Eulàlia,318,35-49,71,74,145
2020,3,Districte III,6,Santa Eulàlia,322,65-74,59,58,117
2020,3,Districte III,6,Santa Eulàlia,315,25-34,108,117,225
2020,2,Districte II,5,Collblanc,201,00-02,19,45,64
2020,6,Districte VI,12,Bellvitge,624,35-49,101,121,222
